,0,1
SCN2A,1.1232382,1.0983058
CHD8,1.1232382,1.0983058
ADNP,1.1232382,1.0983058
SHANK3,1.1232382,1.0983058
PTEN,1.1232382,1.0983058
SYNGAP1,1.1232382,1.0983058
MECP2,1.1232382,1.0983058
KDM5B,1.1232382,1.0983058
FOXP1,1.1232382,1.0983058
ARID1B,1.1232382,1.0983058
POGZ,1.1232382,1.0983058
ASH1L,1.1232382,1.0983058
KMT5B,1.1232382,1.0983058
SLC6A1,1.1232382,1.0983058
GIGYF1,1.1232382,1.0983058
DYRK1A,1.1232382,1.0983058
CHD2,1.1232382,1.0983058
ASXL3,1.1232382,1.0983058
TAOK1,1.1232382,1.0983058
DNMT3A,1.1232382,1.0983058
GRIN2B,1.1232382,1.0983058
BRSK2,1.1232382,1.0983058
KMT2A,1.1232382,1.0983058
NF1,1.1232382,1.0983058
STXBP1,1.1232382,1.0983058
CUL3,1.1232382,1.0983058
MED13L,1.1232382,1.0983058
ANK2,1.1232382,1.0983058
MYT1L,1.1232382,1.0983058
RORB,1.1232382,1.0983058
TBL1XR1,1.1232382,1.0983058
TBR1,1.1232382,1.0983058
DYNC1H1,1.1232382,1.0983058
WAC,1.1232382,1.0983058
PHF21A,1.1232382,1.0983058
KDM6B,1.1232382,1.0983058
DDX3X,1.1232382,1.0983058
CTNNB1,1.1232382,1.0983058
MED13,1.1232382,1.0983058
ANKRD11,1.1232382,1.0983058
CTCF,1.1232382,1.0983058
RFX3,1.1232382,1.0983058
ARHGEF9,1.1232382,1.0983058
SHANK2,1.1232382,1.0983058
DEAF1,1.1232382,1.0983058
SMARCC2,1.1232382,1.0983058
TLK2,1.1232382,1.0983058
TCF20,1.1232382,1.0983058
CNOT3,1.1232382,1.0983058
SYNCRIP,1.1232382,1.0983058
SETD5,1.1232382,1.0983058
NAA15,1.1232382,1.0983058
SCN1A,1.1232382,1.0983058
EHMT1,1.1232382,1.0983058
TCF4,1.1232382,1.0983058
SRPRA,1.1232382,1.0983058
MARK2,1.1232382,1.0983058
KMT2C,1.1232382,1.0983058
MBD5,1.1232382,1.0983058
NRXN1,1.1232382,1.0983058
IRF2BPL,1.1232382,1.0983058
PHIP,1.1232382,1.0983058
NFE2L3,1.1232382,1.0983058
SKI,1.1232382,1.0983058
PSMD12,1.1232382,1.0983058
KCNB1,1.1232382,1.0983058
CSDE1,1.1232382,1.0983058
TSC1,1.1232382,1.0983058
DMWD,1.1232382,1.0983058
CLCN4,1.1232382,1.0983058
MEIS2,1.1232382,1.0983058
PBX1,1.1232382,1.0983058
HNRNPD,1.1232382,1.0983058
BCL11A,1.1232382,1.0983058
TCF7L2,1.1232382,1.0983058
WDFY3,1.1232382,1.0983058
PHF3,1.1232382,1.0983058
SETBP1,1.1232382,1.0983058
TGM1,1.1232382,1.0983058
EBF3,1.1232382,1.0983058
PPP2R5D,1.1232382,1.0983058
TAF4,1.1232382,1.0983058
KCNQ2,1.1232382,1.0983058
CAPRIN1,1.1232382,1.0983058
DSCAM,1.1232382,1.0983058
GABBR2,1.1232382,1.0983058
PRKG2,1.1232382,1.0983058
UBN2,1.1232382,1.0983058
MEF2C,1.1232382,1.0983058
TRIP12,1.1232382,1.0983058
EP300,1.1232382,1.0983058
NR3C2,1.1232382,1.0983058
ARHGEF18,1.1232382,1.0983058
TNPO3,1.1232382,1.0983058
SMAD6,1.1232382,1.0983058
AMOT,1.1232382,1.0983058
AUTS2,1.1232382,1.0983058
NCKAP1,1.1232382,1.0983058
DLG4,1.1232382,1.0983058
ECPAS,1.1232382,1.0983058
PRKAR1B,1.1232382,1.0983058
FUBP3,1.1232382,1.0983058
GRIA2,1.1232382,1.0983058
CCDC40,1.1232382,1.0983058
GABRA1,1.1232382,1.0983058
TSC2,1.1232382,1.0983058
C1orf185,1.1232382,1.0983058
METTL23,1.1232382,1.0983058
HNRNPUL2,1.1232382,1.0983058
PAX5,1.1232382,1.0983058
ATF4,1.1232382,1.0983058
RERE,1.1232382,1.0983058
DHFR2,1.1232382,1.0983058
TMC4,1.1232382,1.0983058
FXYD5,1.1232382,1.0983058
EBAG9,1.1232382,1.0983058
ITGB5,1.1232382,1.0983058
INTS2,1.1232382,1.0983058
RAI1,1.1232382,1.0983058
FOXG1,1.1232382,1.0983058
PLEKHG6,1.1232382,1.0983058
MAVS,1.1232382,1.0983058
C1QC,1.1232382,1.0983058
TMEM116,1.1232382,1.0983058
SIN3A,1.1232382,1.0983058
ANP32A,1.1232382,1.0983058
PRR14L,1.1232382,1.0983058
CSNK2B,1.1232382,1.0983058
PMM2,1.1232382,1.0983058
PFN2,1.1232382,1.0983058
LMTK3,1.1232382,1.0983058
SPRY2,1.1232382,1.0983058
CMPK2,1.1232382,1.0983058
IQSEC2,1.1232382,1.0983058
RIPK1,1.1232382,1.0983058
TPK1,1.1232382,1.0983058
CASZ1,1.1232382,1.0983058
ZBTB45,1.1232382,1.0983058
NUDT17,1.1232382,1.0983058
FANCE,1.1232382,1.0983058
ZNF396,1.1232382,1.0983058
NR4A2,1.1232382,1.0983058
TBCEL,1.1232382,1.0983058
ADAM21,1.1232382,1.0983058
TCF3,1.1232382,1.0983058
AAAS,1.1232382,1.0983058
CELF6,1.1232382,1.0983058
INSC,1.1232382,1.0983058
ZMYND8,1.1232382,1.0983058
CLTC,1.1232382,1.0983058
TCHHL1,1.1232382,1.0983058
CTDSPL2,1.1232382,1.0983058
ZNF292,1.1232382,1.0983058
KCNQ3,1.1232382,1.0983058
RALGAPB,1.1232382,1.0983058
SRCAP,1.1232382,1.0983058
RAB11FIP4,1.1232382,1.0983058
ZNF865,1.1232382,1.0983058
CASKIN1,1.1232382,1.0983058
RANBP17,1.1232382,1.0983058
FBN1,1.1232382,1.0983058
ACTB,1.1232382,1.0983058
CNNM2,1.1232382,1.0983058
TSHZ1,1.1232382,1.0983058
UPF3B,1.1232382,1.0983058
PHF2,1.1232382,1.0983058
FMR1,1.1232382,1.0983058
MIB1,1.1232382,1.0983058
FADS1,1.1232382,1.0983058
FRMD7,1.1232382,1.0983058
LDB1,1.1232382,1.0983058
PCDH19,1.1232382,1.0983058
EIF3G,1.1232382,1.0983058
MYO1E,1.1232382,1.0983058
ZFAND5,1.1232382,1.0983058
CFAP410,1.1232382,1.0983058
BICRA,1.1232382,1.0983058
MYBL2,1.1232382,1.0983058
KIAA1958,1.1232382,1.0983058
GABRG2,1.1232382,1.0983058
SKIDA1,1.1232382,1.0983058
PSMA3,1.1232382,1.0983058
TTC37,1.1232382,1.0983058
PCYT1A,1.1232382,1.0983058
AP1G1,1.1232382,1.0983058
FEZF2,1.1232382,1.0983058
FGF19,1.1232382,1.0983058
MSL3,1.1232382,1.0983058
SON,1.1232382,1.0983058
DNAJC5,1.1232382,1.0983058
FBXO22,1.1232382,1.0983058
TNFRSF8,1.1232382,1.0983058
HDAC11,1.1232382,1.0983058
SSR2,1.1232382,1.0983058
ACTG1,1.1232382,1.0983058
PNN,1.1232382,1.0983058
RUNX1T1,1.1232382,1.0983058
APBB1,1.1232382,1.0983058
CERS4,1.1232382,1.0983058
CELF4,1.1232382,1.0983058
ZBTB14,1.1232382,1.0983058
ATAT1,1.1232382,1.0983058
RBBP5,1.1232382,1.0983058
G3BP1,1.1232382,1.0983058
WNT7B,1.1232382,1.0983058
BDP1,1.1232382,1.0983058
RNF217,1.1232382,1.0983058
CBX4,1.1232382,1.0983058
NME8,1.1232382,1.0983058
DCUN1D3,1.1232382,1.0983058
ENC1,1.1232382,1.0983058
UBB,1.1232382,1.0983058
NEO1,1.1232382,1.0983058
SLC4A10,1.1232382,1.0983058
BRF2,1.1232382,1.0983058
PSMD11,1.1232382,1.0983058
NR2F1,1.1232382,1.0983058
CASK,1.1232382,1.0983058
SARM1,1.1232382,1.0983058
TPST2,1.1232382,1.0983058
FPGS,1.1232382,1.0983058
QRICH1,1.1232382,1.0983058
LRP10,1.1232382,1.0983058
CD101,1.1232382,1.0983058
INTS7,1.1232382,1.0983058
SMAD4,1.1232382,1.0983058
STARD10,1.1232382,1.0983058
CNTNAP3,1.1232382,1.0983058
DHX37,1.1232382,1.0983058
GABRB3,1.1232382,1.0983058
NDNF,1.1232382,1.0983058
FARP2,1.1232382,1.0983058
SLF1,1.1232382,1.0983058
HDAC4,1.1232382,1.0983058
CNGB3,1.1232382,1.0983058
PCDHGA8,1.1232382,1.0983058
TSPAN4,1.1232382,1.0983058
FUK,1.1232382,1.0983058
SULT1A1,1.1232382,1.0983058
NTS,1.1232382,1.0983058
MAN1A1,1.1232382,1.0983058
FAM57B,1.1232382,1.0983058
RFX8,1.1232382,1.0983058
NACC1,1.1232382,1.0983058
ZSWIM4,1.1232382,1.0983058
PPCS,1.1232382,1.0983058
SUSD4,1.1232382,1.0983058
TMEM165,1.1232382,1.0983058
RIMBP2,1.1232382,1.0983058
PSMD6,1.1232382,1.0983058
ITPKA,1.1232382,1.0983058
MSL2,1.1232382,1.0983058
RNF146,1.1232382,1.0983058
NSD2,1.1232382,1.0983058
SOX11,1.1232382,1.0983058
SLC34A1,1.1232382,1.0983058
ADPGK,1.1232382,1.0983058
TCERG1,1.1232382,1.0983058
ZBTB18,1.1232382,1.0983058
TAF6,1.1232382,1.0983058
BCL11B,1.1232382,1.0983058
PPM1M,1.1232382,1.0983058
PUF60,1.1232382,1.0983058
CUX2,1.1232382,1.0983058
GPC5,1.1232382,1.0983058
SERPINI1,1.1232382,1.0983058
SATB2,1.1232382,1.0983058
CRISPLD1,1.1232382,1.0983058
ZMYM2,1.1232382,1.0983058
DBF4,1.1232382,1.0983058
ZMYND11,1.1232382,1.0983058
TNFAIP8L3,1.1232382,1.0983058
PCDHGA12,1.1232382,1.0983058
ARHGEF2,1.1232382,1.0983058
CFAP70,1.1232382,1.0983058
HPS6,1.1232382,1.0983058
JARID2,1.1232382,1.0983058
SNCA,1.1232382,1.0983058
KDM6A,1.1232382,1.0983058
ASB14,1.1232382,1.0983058
CALU,1.1232382,1.0983058
HNRNPL,1.1232382,1.0983058
KLHL25,1.1232382,1.0983058
AHDC1,1.1232382,1.0983058
CTR9,1.1232382,1.0983058
B9D1,1.1232382,1.0983058
SPAST,1.1232382,1.0983058
EIF4G2,1.1232382,1.0983058
LRRFIP1,1.1232382,1.0983058
TUBB2A,1.1232382,1.0983058
GGNBP2,1.1232382,1.0983058
ARHGAP44,1.1232382,1.0983058
CARD14,1.1232382,1.0983058
CIC,1.1232382,1.0983058
DIP2C,1.1232382,1.0983058
RIPOR3,1.1232382,1.0983058
CCNT2,1.1232382,1.0983058
ZC3H14,1.1232382,1.0983058
PER2,1.1232382,1.0983058
DCAF7,1.1232382,1.0983058
MAP2K7,1.1232382,1.0983058
AMOTL1,1.1232382,1.0983058
HBD,1.1232382,1.0983058
PSMC5,1.1232382,1.0983058
FOXP2,1.1232382,1.0983058
DACT1,1.1232382,1.0983058
PAPOLG,1.1232382,1.0983058
FBXW5,1.1232382,1.0983058
POTEH,1.1232382,1.0983058
CTB-186H2.3,1.1232382,1.0983058
FLJ00273,1.1232382,1.0983058
CD93,1.1232382,1.0983058
MFHAS1,1.1232382,1.0983058
BTRC,1.1232382,1.0983058
FBH1,1.1232382,1.0983058
ANO9,1.1232382,1.0983058
SETD1A,1.1232382,1.0983058
WNT9B,1.1232382,1.0983058
LRRC4,1.1232382,1.0983058
NPIPB5,1.1232382,1.0983058
ZNF462,1.1232382,1.0983058
ZMAT5,1.1232382,1.0983058
TLE3,1.1232382,1.0983058
CYP17A1,1.1232382,1.0983058
EFR3A,1.1232382,1.0983058
ULK1,1.1232382,1.0983058
S100G,1.1232382,1.0983058
TRERF1,1.1232382,1.0983058
IFRD2,1.1232382,1.0983058
EIF2A,1.1232382,1.0983058
MOB4,1.1232382,1.0983058
ANKS4B,1.1232382,1.0983058
FAM72A,1.1232382,1.0983058
PARN,1.1232382,1.0983058
GSTM1,1.1232382,1.0983058
DNTT,1.1232382,1.0983058
SNTA1,1.1232382,1.0983058
KRTAP2-2,1.1232382,1.0983058
HECTD4,1.1232382,1.0983058
DEFB128,1.1232382,1.0983058
TGM6,1.1232382,1.0983058
NBPF12,1.1232382,1.0983058
KLHDC10,1.1232382,1.0983058
HTN1,1.1232382,1.0983058
SLC28A1,1.1232382,1.0983058
KATNAL2,1.1232382,1.0983058
ING1,1.1232382,1.0983058
MGRN1,1.1232382,1.0983058
SLC25A46,1.1232382,1.0983058
CHN2,1.1232382,1.0983058
C19orf33,1.1232382,1.0983058
WWC2,1.1232382,1.0983058
TOP3B,1.1232382,1.0983058
PRR12,1.1232382,1.0983058
TTC12,1.1232382,1.0983058
KCNT1,1.1232382,1.0983058
MCPH1,1.1232382,1.0983058
GSS,1.1232382,1.0983058
MOGS,1.1232382,1.0983058
PRAMEF10,1.1232382,1.0983058
HMGN2,1.1232382,1.0983058
KRTAP5-2,1.1232382,1.0983058
EIF2AK1,1.1232382,1.0983058
PPP1R17,1.1232382,1.0983058
ERI1,1.1232382,1.0983058
NRG4,1.1232382,1.0983058
EMSY,1.1232382,1.0983058
TCEAL1,1.1232382,1.0983058
MBNL1,1.1232382,1.0983058
KIAA0232,1.1232382,1.0983058
DUS1L,1.1232382,1.0983058
TMEM140,1.1232382,1.0983058
GRIN1,1.1232382,1.0983058
SLC16A1,1.1232382,1.0983058
IFNA5,1.1232382,1.0983058
HIST1H1A,1.1232382,1.0983058
TCF24,1.1232382,1.0983058
RYBP,1.1232382,1.0983058
HIST1H2BK,1.1232382,1.0983058
RPS6KA3,1.1232382,1.0983058
HIST1H1E,1.1232382,1.0983058
MYH2,1.1232382,1.0983058
TOMM7,1.1232382,1.0983058
TMEM14C,1.1232382,1.0983058
RIPPLY1,1.1232382,1.0983058
SMIM15,1.1232382,1.0983058
TPBGL,1.1232382,1.0983058
BDKRB2,1.1232382,1.0983058
NRSN2,1.1232382,1.0983058
IFITM1,1.1232382,1.0983058
ARF1,1.1232382,1.0983058
MSH2,1.1232382,1.0983058
SCNN1D,1.1232382,1.0983058
RAC3,1.1232382,1.0983058
RPS12,1.1232382,1.0983058
SMIM22,1.1232382,1.0983058
NBPF20,1.1232382,1.0983058
ZNF71,1.1232382,1.0983058
EFCAB9,1.1232382,1.0983058
C2orf72,1.1232382,1.0983058
PTMS,1.1232382,1.0983058
ZNF580,1.1232382,1.0983058
ARF3,1.1232382,1.0983058
MLANA,1.1232382,1.0983058
LLPH,1.1232382,1.0983058
LSM10,1.1232382,1.0983058
GSTA2,1.1232382,1.0983058
C3orf56,1.1232382,1.0983058
BST2,1.1232382,1.0983058
WASHC3,1.1232382,1.0983058
GATC,1.1232382,1.0983058
TGFBR3L,1.1232382,1.0983058
VIP,1.1232382,1.0983058
UBA6,1.1232382,1.0983058
NUDCD2,1.1232382,1.0983058
FCER1G,1.1232382,1.0983058
YWHAZ,1.1232382,1.0983058
MKX,1.1232382,1.0983058
BPIFA1,1.1232382,1.0983058
IL3,1.1232382,1.0983058
VPREB3,1.1232382,1.0983058
ABCC5,1.1232382,1.0983058
MDFI,1.1232382,1.0983058
CA3,1.1232382,1.0983058
CD59,1.1232382,1.0983058
C4orf19,1.1232382,1.0983058
CARHSP1,1.1232382,1.0983058
CDH13,1.1232382,1.0983058
CORO2B,1.1232382,1.0983058
NDUFB6,1.1232382,1.0983058
UMODL1,1.1232382,1.0983058
MRPS28,1.1232382,1.0983058
HHAT,1.1232382,1.0983058
SPP2,1.1232382,1.0983058
ASB17,1.1232382,1.0983058
PLA2G16,1.1232382,1.0983058
SLC6A13,1.1232382,1.0983058
PCDHA8,1.1232382,1.0983058
TMEM179,1.1232382,1.0983058
ZNF781,1.1232382,1.0983058
C11orf24,1.1232382,1.0983058
GALNT18,1.1232382,1.0983058
GADD45G,1.1232382,1.0983058
TLR3,1.1232382,1.0983058
IL27,1.1232382,1.0983058
ISL2,1.1232382,1.0983058
ARHGAP18,1.1232382,1.0983058
NCKAP1L,1.1232382,1.0983058
GLYAT,1.1232382,1.0983058
CST2,1.1232382,1.0983058
GHRL,1.1232382,1.0983058
ZDHHC2,1.1232382,1.0983058
PTPRE,1.1232382,1.0983058
SNAPC4,1.1232382,1.0983058
KRTAP10-6,1.1232382,1.0983058
PRR32,1.1232382,1.0983058
TMEM39B,1.1232382,1.0983058
LYPD4,1.1232382,1.0983058
TMEM249,1.1232382,1.0983058
FPR3,1.1232382,1.0983058
DCDC2B,1.1232382,1.0983058
EBF1,1.1232382,1.0983058
MADCAM1,1.1232382,1.0983058
AMPD1,1.1232382,1.0983058
DOT1L,1.1232382,1.0983058
RNF151,1.1232382,1.0983058
PRDX6,1.1232382,1.0983058
AIF1L,1.1232382,1.0983058
IL20,1.1232382,1.0983058
LSM3,1.1232382,1.0983058
MORN4,1.1232382,1.0983058
FAM168B,1.1232382,1.0983058
GLTP,1.1232382,1.0983058
LDLRAD2,1.1232382,1.0983058
C6orf47,1.1232382,1.0983058
SCARA3,1.1232382,1.0983058
KRIT1,1.1232382,1.0983058
GPR31,1.1232382,1.0983058
PABPC1L,1.1232382,1.0983058
GPX4,1.1232382,1.0983058
ABTB1,1.1232382,1.0983058
SIRPB2,1.1232382,1.0983058
ITSN1,1.1232382,1.0983058
TCF12,1.1232382,1.0983058
PRKD3,1.1232382,1.0983058
KLC1,1.1232382,1.0983058
TPRX1,1.1232382,1.0983058
C2orf40,1.1232382,1.0983058
CHCHD4,1.1232382,1.0983058
UPP1,1.1232382,1.0983058
DESI2,1.1232382,1.0983058
PRR23A,1.1232382,1.0983058
OLFM3,1.1232382,1.0983058
NUDT4,1.1232382,1.0983058
SNX22,1.1232382,1.0983058
TIFA,1.1232382,1.0983058
EPHB1,1.1232382,1.0983058
C11orf68,1.1232382,1.0983058
CACNA1D,1.1232382,1.0983058
KIRREL3,1.1232382,1.0983058
PRR30,1.1232382,1.0983058
ATOH1,1.1232382,1.0983058
NUAK1,1.1232382,1.0983058
GVQW3,1.1232382,1.0983058
TCTE3,1.1232382,1.0983058
GARNL3,1.1232382,1.0983058
CALHM3,1.1232382,1.0983058
EMCN,1.1232382,1.0983058
EFCAB8,1.1232382,1.0983058
FAM177A1,1.1232382,1.0983058
SPRY1,1.1232382,1.0983058
NCAPG,1.1232382,1.0983058
AZGP1,1.1232382,1.0983058
RGS2,1.1232382,1.0983058
ARHGDIB,1.1232382,1.0983058
ADTRP,1.1232382,1.0983058
CD151,1.1232382,1.0983058
G3BP2,1.1232382,1.0983058
CXXC5,1.1232382,1.0983058
RESP18,1.1232382,1.0983058
EOGT,1.1232382,1.0983058
TKT,1.1232382,1.0983058
NT5M,1.1232382,1.0983058
KATNAL1,1.1232382,1.0983058
IFI44L,1.1232382,1.0983058
VGLL2,1.1232382,1.0983058
RWDD2A,1.1232382,1.0983058
MPLKIP,1.1232382,1.0983058
IFNG,1.1232382,1.0983058
EMC9,1.1232382,1.0983058
KIAA0319,1.1232382,1.0983058
BAD,1.1232382,1.0983058
POLRMT,1.1232382,1.0983058
CEACAM19,1.1232382,1.0983058
C20orf173,1.1232382,1.0983058
ARL13A,1.1232382,1.0983058
ASF1A,1.1232382,1.0983058
FAM71F2,1.1232382,1.0983058
MYL12A,1.1232382,1.0983058
NEFM,1.1232382,1.0983058
CELA3A,1.1232382,1.0983058
CDK13,1.1232382,1.0983058
KIF9,1.1232382,1.0983058
HES5,1.1232382,1.0983058
VSIG2,1.1232382,1.0983058
TMEM241,1.1232382,1.0983058
SPIC,1.1232382,1.0983058
NSMCE1,1.1232382,1.0983058
BRF1,1.1232382,1.0983058
TM4SF19,1.1232382,1.0983058
SLC35D2,1.1232382,1.0983058
OVCA2,1.1232382,1.0983058
MTHFS,1.1232382,1.0983058
SOX5,1.1232382,1.0983058
AADACL4,1.1232382,1.0983058
SYT1,1.1232382,1.0983058
CYLC1,1.1232382,1.0983058
ZNF76,1.1232382,1.0983058
EXT1,1.1232382,1.0983058
NALCN,1.1232382,1.0983058
PIN1,1.1232382,1.0983058
RRAGC,1.1232382,1.0983058
EDAR,1.1232382,1.0983058
RPL12,1.1232382,1.0983058
EAF1,1.1232382,1.0983058
LSM1,1.1232382,1.0983058
TMEM91,1.1232382,1.0983058
SPDYC,1.1232382,1.0983058
IFI30,1.1232382,1.0983058
BTBD2,1.1232382,1.0983058
OVOL1,1.1232382,1.0983058
EDF1,1.1232382,1.0983058
ZNF346,1.1232382,1.0983058
TM4SF1,1.1232382,1.0983058
TSSC4,1.1232382,1.0983058
TMEM147,1.1232382,1.0983058
YRDC,1.1232382,1.0983058
WFS1,1.1232382,1.0983058
PSD3,1.1232382,1.0983058
NET1,1.1232382,1.0983058
OBP2A,1.1232382,1.0983058
ORM1,1.1232382,1.0983058
BNIP1,1.1232382,1.0983058
CD163L1,1.1232382,1.0983058
TIGAR,1.1232382,1.0983058
ZC3H8,1.1232382,1.0983058
PDCD1,1.1232382,1.0983058
KAZN,1.1232382,1.0983058
CLEC3A,1.1232382,1.0983058
UBE2J2,1.1232382,1.0983058
DEK,1.1232382,1.0983058
PPP1R3D,1.1232382,1.0983058
HIST1H4F,1.1232382,1.0983058
DCAF11,1.1232382,1.0983058
ADCY5,1.1232382,1.0983058
MYOZ2,1.1232382,1.0983058
HAVCR1,1.1232382,1.0983058
TRAM1L1,1.1232382,1.0983058
RPUSD1,1.1232382,1.0983058
KIR2DL3,1.1232382,1.0983058
LYPD5,1.1232382,1.0983058
ACBD6,1.1232382,1.0983058
SYT7,1.1232382,1.0983058
APOL4,1.1232382,1.0983058
NKIRAS1,1.1232382,1.0983058
LRRC4C,1.1232382,1.0983058
KDM1B,1.1232382,1.0983058
NCCRP1,1.1232382,1.0983058
MRPL52,1.1232382,1.0983058
MRPL14,1.1232382,1.0983058
GCNT7,1.1232382,1.0983058
CPD,1.1232382,1.0983058
PRPS1L1,1.1232382,1.0983058
TMBIM6,1.1232382,1.0983058
METTL26,1.1232382,1.0983058
RNASEH2A,1.1232382,1.0983058
NECAP1,1.1232382,1.0983058
BPIFB3,1.1232382,1.0983058
ZFP36L2,1.1232382,1.0983058
ABHD12B,1.1232382,1.0983058
EFCAB2,1.1232382,1.0983058
CCNO,1.1232382,1.0983058
PAFAH1B3,1.1232382,1.0983058
ASCL4,1.1232382,1.0983058
RSC1A1,1.1232382,1.0983058
CCT7,1.1232382,1.0983058
TMEM82,1.1232382,1.0983058
NPBWR1,1.1232382,1.0983058
IGFBP2,1.1232382,1.0983058
CDC42EP4,1.1232382,1.0983058
DTYMK,1.1232382,1.0983058
STAP1,1.1232382,1.0983058
GNB2,1.1232382,1.0983058
MFSD3,1.1232382,1.0983058
PAK1IP1,1.1232382,1.0983058
RPL15,1.1232382,1.0983058
LRRC14,1.1232382,1.0983058
DSCAML1,1.1232382,1.0983058
EEF2,1.1232382,1.0983058
N4BP2L1,1.1232382,1.0983058
ITGB1BP1,1.1232382,1.0983058
PCGF3,1.1232382,1.0983058
FERMT2,1.1232382,1.0983058
TRIML1,1.1232382,1.0983058
EIF4E3,1.1232382,1.0983058
CADM2,1.1232382,1.0983058
RTL3,1.1232382,1.0983058
PPP4R2,1.1232382,1.0983058
GRIK2,1.1232382,1.0983058
MCHR2,1.1232382,1.0983058
TUSC1,1.1232382,1.0983058
GPR171,1.1232382,1.0983058
VWA7,1.1232382,1.0983058
IGF2,1.1232382,1.0983058
H3F3B,1.1232382,1.0983058
SLC35A5,1.1232382,1.0983058
PDGFC,1.1232382,1.0983058
ARHGEF7,1.1232382,1.0983058
IDH3G,1.1232382,1.0983058
SPC25,1.1232382,1.0983058
NIFK,1.1232382,1.0983058
SULT1B1,1.1232382,1.0983058
CRIP2,1.1232382,1.0983058
XXYLT1,1.1232382,1.0983058
TMEM45A,1.1232382,1.0983058
CACNA2D3,1.1232382,1.0983058
RASGEF1B,1.1232382,1.0983058
SCGN,1.1232382,1.0983058
FAS,1.1232382,1.0983058
PPA2,1.1232382,1.0983058
THEGL,1.1232382,1.0983058
C6orf106,1.1232382,1.0983058
PCDHB4,1.1232382,1.0983058
SORD,1.1232382,1.0983058
THOC7,1.1232382,1.0983058
PLVAP,1.1232382,1.0983058
XKR3,1.1232382,1.0983058
CDH10,1.1232382,1.0983058
APH1A,1.1232382,1.0983058
GTF2I,1.1232382,1.0983058
SLC35G1,1.1232382,1.0983058
IPP,1.1232382,1.0983058
ASPN,1.1232382,1.0983058
PDCD2,1.1232382,1.0983058
RTRAF,1.1232382,1.0983058
C18orf54,1.1232382,1.0983058
LIPI,1.1232382,1.0983058
LIN7B,1.1232382,1.0983058
HYKK,1.1232382,1.0983058
KLRG2,1.1232382,1.0983058
GFY,1.1232382,1.0983058
GALNT14,1.1232382,1.0983058
SLC36A4,1.1232382,1.0983058
OSR2,1.1232382,1.0983058
CAB39,1.1232382,1.0983058
PSD,1.1232382,1.0983058
RAB2A,1.1232382,1.0983058
ARRDC1,1.1232382,1.0983058
CBX1,1.1232382,1.0983058
GNB5,1.1232382,1.0983058
MMD,1.1232382,1.0983058
ZNF578,1.1232382,1.0983058
FAM217B,1.1232382,1.0983058
DBR1,1.1232382,1.0983058
LRTM2,1.1232382,1.0983058
SARAF,1.1232382,1.0983058
C1QL3,1.1232382,1.0983058
POPDC2,1.1232382,1.0983058
GPR152,1.1232382,1.0983058
OSER1,1.1232382,1.0983058
PYHIN1,1.1232382,1.0983058
FSCB,1.1232382,1.0983058
CCR7,1.1232382,1.0983058
TOR1AIP2,1.1232382,1.0983058
ZNF362,1.1232382,1.0983058
FOXD3,1.1232382,1.0983058
ENTR1,1.1232382,1.0983058
HELZ2,1.1232382,1.0983058
CCDC115,1.1232382,1.0983058
GDPD4,1.1232382,1.0983058
HNRNPU,1.1232382,1.0983058
NXPE4,1.1232382,1.0983058
VCL,1.1232382,1.0983058
PLIN2,1.1232382,1.0983058
ZNF697,1.1232382,1.0983058
AXIN2,1.1232382,1.0983058
PNPLA7,1.1232382,1.0983058
ST3GAL6,1.1232382,1.0983058
PLIN4,1.1232382,1.0983058
SCAMP2,1.1232382,1.0983058
ZNF517,1.1232382,1.0983058
LRRC74A,1.1232382,1.0983058
TANC2,1.1232382,1.0983058
RETREG2,1.1232382,1.0983058
TP53I13,1.1232382,1.0983058
HIBADH,1.1232382,1.0983058
CD63,1.1232382,1.0983058
AMD1,1.1232382,1.0983058
GABRB1,1.1232382,1.0983058
TNFRSF19,1.1232382,1.0983058
CCIN,1.1232382,1.0983058
DBX2,1.1232382,1.0983058
CACNG3,1.1232382,1.0983058
STMN4,1.1232382,1.0983058
TDO2,1.1232382,1.0983058
STN1,1.1232382,1.0983058
FCRL6,1.1232382,1.0983058
NME9,1.1232382,1.0983058
PSMB5,1.1232382,1.0983058
NOXO1,1.1232382,1.0983058
TMEM102,1.1232382,1.0983058
FGF14,1.1232382,1.0983058
CRAMP1,1.1232382,1.0983058
ICE1,1.1232382,1.0983058
PRSS38,1.1232382,1.0983058
BTNL8,1.1232382,1.0983058
RPL11,1.1232382,1.0983058
STPG2,1.1232382,1.0983058
SYCE1,1.1232382,1.0983058
RNF220,1.1232382,1.0983058
GALR2,1.1232382,1.0983058
OSBPL7,1.1232382,1.0983058
FAM200A,1.1232382,1.0983058
TRIM38,1.1232382,1.0983058
TLDC1,1.1232382,1.0983058
RPGRIP1L,1.1232382,1.0983058
HSPA13,1.1232382,1.0983058
SEC11A,1.1232382,1.0983058
ST6GALNAC2,1.1232382,1.0983058
PRDM16,1.1232382,1.0983058
PAFAH1B2,1.1232382,1.0983058
ING2,1.1232382,1.0983058
SLC24A1,1.1232382,1.0983058
PIP4K2B,1.1232382,1.0983058
BTBD16,1.1232382,1.0983058
NAA40,1.1232382,1.0983058
GSDMC,1.1232382,1.0983058
SMAP2,1.1232382,1.0983058
PEX11B,1.1232382,1.0983058
LRRIQ1,1.1232382,1.0983058
FOS,1.1232382,1.0983058
E2F6,1.1232382,1.0983058
NFIL3,1.1232382,1.0983058
CYBRD1,1.1232382,1.0983058
PPP1R7,1.1232382,1.0983058
SLC35A3,1.1232382,1.0983058
SRPK2,1.1232382,1.0983058
PRPF4B,1.1232382,1.0983058
POC5,1.1232382,1.0983058
RNF212B,1.1232382,1.0983058
ELOVL2,1.1232382,1.0983058
CDK18,1.1232382,1.0983058
INSIG1,1.1232382,1.0983058
MKS1,1.1232382,1.0983058
FAM200B,1.1232382,1.0983058
GPR26,1.1232382,1.0983058
HIC2,1.1232382,1.0983058
RAB40B,1.1232382,1.0983058
ADAR,1.1232382,1.0983058
LRRC17,1.1232382,1.0983058
BTN1A1,1.1232382,1.0983058
PRRT1,1.1232382,1.0983058
NAXE,1.1232382,1.0983058
FANCL,1.1232382,1.0983058
BTBD19,1.1232382,1.0983058
ELAVL2,1.1232382,1.0983058
RHOV,1.1232382,1.0983058
SERPINE3,1.1232382,1.0983058
PSG9,1.1232382,1.0983058
UNC93B1,1.1232382,1.0983058
MIDN,1.1232382,1.0983058
HCRTR1,1.1232382,1.0983058
ASB4,1.1232382,1.0983058
CDH12,1.1232382,1.0983058
HOXD1,1.1232382,1.0983058
SIGLEC8,1.1232382,1.0983058
SLC35A2,1.1232382,1.0983058
ZNF548,1.1232382,1.0983058
DOCK8,1.1232382,1.0983058
TBPL2,1.1232382,1.0983058
CORO1C,1.1232382,1.0983058
DNAJC8,1.1232382,1.0983058
CLPTM1,1.1232382,1.0983058
ANP32D,1.1232382,1.0983058
ANKEF1,1.1232382,1.0983058
SCNM1,1.1232382,1.0983058
NUDT6,1.1232382,1.0983058
OSBPL3,1.1232382,1.0983058
GNG11,1.1232382,1.0983058
PLEKHO1,1.1232382,1.0983058
ETV2,1.1232382,1.0983058
EPCAM,1.1232382,1.0983058
CTAGE1,1.1232382,1.0983058
THBS4,1.1232382,1.0983058
YBX1,1.1232382,1.0983058
HRAS,1.1232382,1.0983058
ZNF26,1.1232382,1.0983058
TBL3,1.1232382,1.0983058
ITPRIPL1,1.1232382,1.0983058
ZNF813,1.1232382,1.0983058
YIF1B,1.1232382,1.0983058
GNAI1,1.1232382,1.0983058
VSTM2L,1.1232382,1.0983058
OASL,1.1232382,1.0983058
KREMEN1,1.1232382,1.0983058
ZNF286A,1.1232382,1.0983058
ADCY7,1.1232382,1.0983058
ZNF211,1.1232382,1.0983058
ZNF488,1.1232382,1.0983058
DCP1A,1.1232382,1.0983058
SHISA9,1.1232382,1.0983058
MEX3B,1.1232382,1.0983058
CHAMP1,1.1232382,1.0983058
C3orf58,1.1232382,1.0983058
PPP6C,1.1232382,1.0983058
WDR26,1.1232382,1.0983058
PRDM5,1.1232382,1.0983058
RFTN1,1.1232382,1.0983058
PACRG,1.1232382,1.0983058
DERA,1.1232382,1.0983058
MAZ,1.1232382,1.0983058
KIAA0825,1.1232382,1.0983058
PCOLCE,1.1232382,1.0983058
LMAN1L,1.1232382,1.0983058
KLHDC2,1.1232382,1.0983058
CRHBP,1.1232382,1.0983058
HAPLN3,1.1232382,1.0983058
UQCRC2,1.1232382,1.0983058
MRE11,1.1232382,1.0983058
RASSF2,1.1232382,1.0983058
NHLRC4,1.1232382,1.0983058
CUEDC1,1.1232382,1.0983058
ANKRD53,1.1232382,1.0983058
TRIM73,1.1232382,1.0983058
TAPBP,1.1232382,1.0983058
TMEM151A,1.1232382,1.0983058
HIST1H2BH,1.1232382,1.0983058
ZNF354C,1.1232382,1.0983058
ANTXR2,1.1232382,1.0983058
PHF23,1.1232382,1.0983058
DENND2C,1.1232382,1.0983058
ZIC2,1.1232382,1.0983058
CCDC43,1.1232382,1.0983058
MSTN,1.1232382,1.0983058
GIMAP8,1.1232382,1.0983058
SLC25A30,1.1232382,1.0983058
CCDC125,1.1232382,1.0983058
L1TD1,1.1232382,1.0983058
HRASLS2,1.1232382,1.0983058
CACTIN,1.1232382,1.0983058
IL11RA,1.1232382,1.0983058
HAUS3,1.1232382,1.0983058
ODF3B,1.1232382,1.0983058
ZNF689,1.1232382,1.0983058
TCF15,1.1232382,1.0983058
KIAA0754,1.1232382,1.0983058
RUNDC3B,1.1232382,1.0983058
SLC30A2,1.1232382,1.0983058
PRKD1,1.1232382,1.0983058
PHF12,1.1232382,1.0983058
RASSF7,1.1232382,1.0983058
ACE,1.1232382,1.0983058
BLCAP,1.1232382,1.0983058
TWF2,1.1232382,1.0983058
DDX60,1.1232382,1.0983058
PHF24,1.1232382,1.0983058
CNPPD1,1.1232382,1.0983058
MOS,1.1232382,1.0983058
TRIM17,1.1232382,1.0983058
CHRM4,1.1232382,1.0983058
RAB6B,1.1232382,1.0983058
RAPH1,1.1232382,1.0983058
SYP,1.1232382,1.0983058
PHF7,1.1232382,1.0983058
ADRM1,1.1232382,1.0983058
FLCN,1.1232382,1.0983058
ZNF559,1.1232382,1.0983058
ZNF710,1.1232382,1.0983058
CCDC113,1.1232382,1.0983058
CCDC87,1.1232382,1.0983058
CYP27C1,1.1232382,1.0983058
METTL17,1.1232382,1.0983058
ZNF490,1.1232382,1.0983058
GPRIN1,1.1232382,1.0983058
LRRC37A3,1.1232382,1.0983058
ZFYVE9,1.1232382,1.0983058
RTN4RL2,1.1232382,1.0983058
USP29,1.1232382,1.0983058
TUBA3C,1.1232382,1.0983058
P2RX5,1.1232382,1.0983058
AMBP,1.1232382,1.0983058
GRK7,1.1232382,1.0983058
ZNF699,1.1232382,1.0983058
ZWILCH,1.1232382,1.0983058
CDKN2AIP,1.1232382,1.0983058
FXYD7,1.1232382,1.0983058
STAM,1.1232382,1.0983058
SATB1,1.1232382,1.0983058
BARX2,1.1232382,1.0983058
MCM6,1.1232382,1.0983058
ENTPD2,1.1232382,1.0983058
TERF2,1.1232382,1.0983058
CYP1A1,1.1232382,1.0983058
MMP27,1.1232382,1.0983058
TUB,1.1232382,1.0983058
LMNTD1,1.1232382,1.0983058
TSNARE1,1.1232382,1.0983058
LZTS3,1.1232382,1.0983058
SDR42E1,1.1232382,1.0983058
PPP5C,1.1232382,1.0983058
SETD7,1.1232382,1.0983058
MANEA,1.1232382,1.0983058
FOSB,1.1232382,1.0983058
MOCS3,1.1232382,1.0983058
OPN5,1.1232382,1.0983058
ZFP14,1.1232382,1.0983058
DPYSL2,1.1232382,1.0983058
LRFN4,1.1232382,1.0983058
SLC6A8,1.1232382,1.0983058
CSTF2T,1.1232382,1.0983058
IRX5,1.1232382,1.0983058
TYW5,1.1232382,1.0983058
ZNF454,1.1232382,1.0983058
GPBP1,1.1232382,1.0983058
GRAMD2B,1.1232382,1.0983058
DNTTIP2,1.1232382,1.0983058
MRPS5,1.1232382,1.0983058
ERF,1.1232382,1.0983058
ZDHHC14,1.1232382,1.0983058
FOXH1,1.1232382,1.0983058
ECSIT,1.1232382,1.0983058
MAPKAPK3,1.1232382,1.0983058
MAST1,1.1232382,1.0983058
DGUOK,1.1232382,1.0983058
PARPBP,1.1232382,1.0983058
COIL,1.1232382,1.0983058
ZNF638,1.1232382,1.0983058
TACC3,1.1232382,1.0983058
ENTPD6,1.1232382,1.0983058
EIF6,1.1232382,1.0983058
NFE2L2,1.1232382,1.0983058
C10orf90,1.1232382,1.0983058
DOCK6,1.1232382,1.0983058
PLD4,1.1232382,1.0983058
SMARCE1,1.1232382,1.0983058
CHST14,1.1232382,1.0983058
SLC47A2,1.1232382,1.0983058
PCBP4,1.1232382,1.0983058
SPARCL1,1.1232382,1.0983058
STKLD1,1.1232382,1.0983058
ADSS,1.1232382,1.0983058
LRRTM2,1.1232382,1.0983058
FABP4,1.1232382,1.0983058
IPPK,1.1232382,1.0983058
MRS2,1.1232382,1.0983058
SLC38A7,1.1232382,1.0983058
MYO5A,1.1232382,1.0983058
MRTFB,1.1232382,1.0983058
ZBTB7A,1.1232382,1.0983058
SMYD2,1.1232382,1.0983058
GALNT2,1.1232382,1.0983058
CLHC1,1.1232382,1.0983058
SLC22A14,1.1232382,1.0983058
ZNF821,1.1232382,1.0983058
BBOX1,1.1232382,1.0983058
PGAM5,1.1232382,1.0983058
ZNF438,1.1232382,1.0983058
DBF4B,1.1232382,1.0983058
MRGPRX1,1.1232382,1.0983058
CLTRN,1.1232382,1.0983058
CHRFAM7A,1.1232382,1.0983058
SDSL,1.1232382,1.0983058
HJURP,1.1232382,1.0983058
JPH3,1.1232382,1.0983058
RXYLT1,1.1232382,1.0983058
RTN1,1.1232382,1.0983058
SLC35E2A,1.1232382,1.0983058
CILP,1.1232382,1.0983058
NDUFB2,1.1232382,1.0983058
USP4,1.1232382,1.0983058
BSDC1,1.1232382,1.0983058
MEST,1.1232382,1.0983058
AVPR1A,1.1232382,1.0983058
DIP2A,1.1232382,1.0983058
SLC4A9,1.1232382,1.0983058
RRAGA,1.1232382,1.0983058
BTBD17,1.1232382,1.0983058
CCM2L,1.1232382,1.0983058
THAP5,1.1232382,1.0983058
DELE1,1.1232382,1.0983058
BIRC3,1.1232382,1.0983058
COCH,1.1232382,1.0983058
RCOR3,1.1232382,1.0983058
C7orf43,1.1232382,1.0983058
HIST1H2AA,1.1232382,1.0983058
ZNF229,1.1232382,1.0983058
PGLYRP2,1.1232382,1.0983058
NKAPL,1.1232382,1.0983058
MTMR12,1.1232382,1.0983058
BRD3,1.1232382,1.0983058
GALNT3,1.1232382,1.0983058
TIGD7,1.1232382,1.0983058
SHE,1.1232382,1.0983058
HAP1,1.1232382,1.0983058
PHAX,1.1232382,1.0983058
BZW1,1.1232382,1.0983058
CDK15,1.1232382,1.0983058
INAVA,1.1232382,1.0983058
PTPRA,1.1232382,1.0983058
PNP,1.1232382,1.0983058
ANAPC2,1.1232382,1.0983058
DMBX1,1.1232382,1.0983058
SNRNP35,1.1232382,1.0983058
GRIA1,1.1232382,1.0983058
TSKS,1.1232382,1.0983058
BCHE,1.1232382,1.0983058
REM1,1.1232382,1.0983058
MEMO1,1.1232382,1.0983058
GPC1,1.1232382,1.0983058
LILRB2,1.1232382,1.0983058
ADGB,1.1232382,1.0983058
ZNF107,1.1232382,1.0983058
ZNF805,1.1232382,1.0983058
DHX57,1.1232382,1.0983058
DUOXA1,1.1232382,1.0983058
NAXD,1.1232382,1.0983058
ZNF143,1.1232382,1.0983058
ANGPTL1,1.1232382,1.0983058
PMEL,1.1232382,1.0983058
PICALM,1.1232382,1.0983058
CHRNA9,1.1232382,1.0983058
E2F7,1.1232382,1.0983058
TTYH2,1.1232382,1.0983058
LGALS3,1.1232382,1.0983058
FDX1,1.1232382,1.0983058
CABP4,1.1232382,1.0983058
SAP30,1.1232382,1.0983058
FLRT2,1.1232382,1.0983058
CRYBA4,1.1232382,1.0983058
PLEK2,1.1232382,1.0983058
OTOP2,1.1232382,1.0983058
RGS1,1.1232382,1.0983058
ALOX5AP,1.1232382,1.0983058
APMAP,1.1232382,1.0983058
LPXN,1.1232382,1.0983058
PITPNA,1.1232382,1.0983058
RGS14,1.1232382,1.0983058
LRRC30,1.1232382,1.0983058
CD6,1.1232382,1.0983058
LRFN2,1.1232382,1.0983058
ZAP70,1.1232382,1.0983058
DOK1,1.1232382,1.0983058
SMG9,1.1232382,1.0983058
MCRS1,1.1232382,1.0983058
TPI1,1.1232382,1.0983058
SEC61A1,1.1232382,1.0983058
BMP7,1.1232382,1.0983058
ATP1B1,1.1232382,1.0983058
KYAT3,1.1232382,1.0983058
HID1,1.1232382,1.0983058
XKRX,1.1232382,1.0983058
PRELID3B,1.1232382,1.0983058
PTGER4,1.1232382,1.0983058
SF3B5,1.1232382,1.0983058
ZFP2,1.1232382,1.0983058
CD248,1.1232382,1.0983058
ZNF251,1.1232382,1.0983058
GAB3,1.1232382,1.0983058
ARRDC2,1.1232382,1.0983058
EIF2B1,1.1232382,1.0983058
MVK,1.1232382,1.0983058
CCDC144A,1.1232382,1.0983058
KYNU,1.1232382,1.0983058
ZNF605,1.1232382,1.0983058
GPRC5B,1.1232382,1.0983058
CBL,1.1232382,1.0983058
TRIM24,1.1232382,1.0983058
SERINC5,1.1232382,1.0983058
CBX5,1.1232382,1.0983058
FAU,1.1232382,1.0983058
SLC39A12,1.1232382,1.0983058
CNOT2,1.1232382,1.0983058
SMCR8,1.1232382,1.0983058
P2RX7,1.1232382,1.0983058
POLI,1.1232382,1.0983058
PTK2B,1.1232382,1.0983058
IDI2,1.1232382,1.0983058
LFNG,1.1232382,1.0983058
ZNF687,1.1232382,1.0983058
FCRL3,1.1232382,1.0983058
FMN2,1.1232382,1.0983058
CCS,1.1232382,1.0983058
FAM111B,1.1232382,1.0983058
HCRTR2,1.1232382,1.0983058
PLA1A,1.1232382,1.0983058
ZFPM1,1.1232382,1.0983058
MFRP,1.1232382,1.0983058
PCGF2,1.1232382,1.0983058
LPGAT1,1.1232382,1.0983058
LRRC19,1.1232382,1.0983058
MTFMT,1.1232382,1.0983058
ZNF366,1.1232382,1.0983058
LHX2,1.1232382,1.0983058
MAFB,1.1232382,1.0983058
USF2,1.1232382,1.0983058
ETFB,1.1232382,1.0983058
RPL21,1.1232382,1.0983058
TPPP,1.1232382,1.0983058
DENR,1.1232382,1.0983058
CELF2,1.1232382,1.0983058
BLK,1.1232382,1.0983058
POLR3D,1.1232382,1.0983058
HIST2H3D,1.1232382,1.0983058
NBPF3,1.1232382,1.0983058
LEMD3,1.1232382,1.0983058
DPP6,1.1232382,1.0983058
MYCBP2,1.1232382,1.0983058
LINGO3,1.1232382,1.0983058
RUNDC1,1.1232382,1.0983058
POU2AF1,1.1232382,1.0983058
FAM169A,1.1232382,1.0983058
GPSM1,1.1232382,1.0983058
COPS8,1.1232382,1.0983058
MPP6,1.1232382,1.0983058
ARMC2,1.1232382,1.0983058
KRT26,1.1232382,1.0983058
MAP1S,1.1232382,1.0983058
TINF2,1.1232382,1.0983058
DCDC2,1.1232382,1.0983058
CPNE3,1.1232382,1.0983058
PGM2L1,1.1232382,1.0983058
LBR,1.1232382,1.0983058
GADD45B,1.1232382,1.0983058
TMEM128,1.1232382,1.0983058
PAXIP1,1.1232382,1.0983058
COP1,1.1232382,1.0983058
ENOSF1,1.1232382,1.0983058
DNA2,1.1232382,1.0983058
UBTD2,1.1232382,1.0983058
TRAPPC6B,1.1232382,1.0983058
CPE,1.1232382,1.0983058
NFATC1,1.1232382,1.0983058
ZNF234,1.1232382,1.0983058
RNF25,1.1232382,1.0983058
TMPRSS5,1.1232382,1.0983058
CYBC1,1.1232382,1.0983058
CDON,1.1232382,1.0983058
KCNG3,1.1232382,1.0983058
ECM2,1.1232382,1.0983058
HIST1H4E,1.1232382,1.0983058
PDHB,1.1232382,1.0983058
SGK3,1.1232382,1.0983058
CIB1,1.1232382,1.0983058
CDK19,1.1232382,1.0983058
EIF2AK2,1.1232382,1.0983058
KIAA1522,1.1232382,1.0983058
EEF1G,1.1232382,1.0983058
DISP1,1.1232382,1.0983058
ARL4A,1.1232382,1.0983058
CCPG1,1.1232382,1.0983058
RIF1,1.1232382,1.0983058
NEUROD2,1.1232382,1.0983058
CEP128,1.1232382,1.0983058
WDR45,1.1232382,1.0983058
BTBD10,1.1232382,1.0983058
PRDX4,1.1232382,1.0983058
FKBP14,1.1232382,1.0983058
CHML,1.1232382,1.0983058
ORMDL2,1.1232382,1.0983058
UVSSA,1.1232382,1.0983058
UBE2V1,1.1232382,1.0983058
ZBTB20,1.1232382,1.0983058
VEGFB,1.1232382,1.0983058
OAF,1.1232382,1.0983058
SETD2,1.1232382,1.0983058
HSF1,1.1232382,1.0983058
CRTC2,1.1232382,1.0983058
RAD21L1,1.1232382,1.0983058
MICU2,1.1232382,1.0983058
MMP15,1.1232382,1.0983058
CRYBG3,1.1232382,1.0983058
HCAR2,1.1232382,1.0983058
CHRNA2,1.1232382,1.0983058
CCDC138,1.1232382,1.0983058
NOBOX,1.1232382,1.0983058
TBC1D23,1.1232382,1.0983058
MRRF,1.1232382,1.0983058
GALNT9,1.1232382,1.0983058
SPOUT1,1.1232382,1.0983058
HIST1H4J,1.1232382,1.0983058
ATP8B1,1.1232382,1.0983058
SLCO1B3,1.1232382,1.0983058
DCDC1,1.1232382,1.0983058
LPAR4,1.1232382,1.0983058
CNDP1,1.1232382,1.0983058
ARPC1A,1.1232382,1.0983058
PTGR1,1.1232382,1.0983058
SUCLG2,1.1232382,1.0983058
FAM149A,1.1232382,1.0983058
HSPA14,1.1232382,1.0983058
CAMK2A,1.1232382,1.0983058
WTIP,1.1232382,1.0983058
HBB,1.1232382,1.0983058
FGFRL1,1.1232382,1.0983058
SCUBE2,1.1232382,1.0983058
NFKBIL1,1.1232382,1.0983058
FAM117B,1.1232382,1.0983058
AFG1L,1.1232382,1.0983058
LRRTM3,1.1232382,1.0983058
SRP54,1.1232382,1.0983058
CD53,1.1232382,1.0983058
IGF2BP2,1.1232382,1.0983058
MRPS22,1.1232382,1.0983058
APOBEC2,1.1232382,1.0983058
CASP8,1.1232382,1.0983058
CAMLG,1.1232382,1.0983058
AHRR,1.1232382,1.0983058
KCNK6,1.1232382,1.0983058
PRMT2,1.1232382,1.0983058
CMKLR1,1.1232382,1.0983058
CNPY2,1.1232382,1.0983058
SHQ1,1.1232382,1.0983058
FAM210A,1.1232382,1.0983058
EIF5A,1.1232382,1.0983058
AVL9,1.1232382,1.0983058
PELI3,1.1232382,1.0983058
SLC25A39,1.1232382,1.0983058
ATP2B2,1.1232382,1.0983058
CCDC73,1.1232382,1.0983058
SH3BP1,1.1232382,1.0983058
SCP2,1.1232382,1.0983058
PERP,1.1232382,1.0983058
CORO6,1.1232382,1.0983058
SHD,1.1232382,1.0983058
HDAC7,1.1232382,1.0983058
HIST1H2AE,1.1232382,1.0983058
TFAP4,1.1232382,1.0983058
JDP2,1.1232382,1.0983058
RELN,1.1232382,1.0983058
SPRED3,1.1232382,1.0983058
PRDM1,1.1232382,1.0983058
POR,1.1232382,1.0983058
ZNF99,1.1232382,1.0983058
CHAF1A,1.1232382,1.0983058
GEMIN8,1.1232382,1.0983058
BANK1,1.1232382,1.0983058
AP2S1,1.1232382,1.0983058
CYP2D6,1.1232382,1.0983058
CENPV,1.1232382,1.0983058
MXD4,1.1232382,1.0983058
CACFD1,1.1232382,1.0983058
PITHD1,1.1232382,1.0983058
H2AFV,1.1232382,1.0983058
PRPF39,1.1232382,1.0983058
SGSM3,1.1232382,1.0983058
KLHL36,1.1232382,1.0983058
ASNS,1.1232382,1.0983058
INSYN1,1.1232382,1.0983058
SOCS7,1.1232382,1.0983058
SMEK2,1.1232382,1.0983058
MBD6,1.1232382,1.0983058
VWC2,1.1232382,1.0983058
PNKP,1.1232382,1.0983058
GGA3,1.1232382,1.0983058
AKR1C2,1.1232382,1.0983058
ENAM,1.1232382,1.0983058
SCIN,1.1232382,1.0983058
TTC31,1.1232382,1.0983058
LRRC27,1.1232382,1.0983058
DNAJB5,1.1232382,1.0983058
TOB1,1.1232382,1.0983058
USPL1,1.1232382,1.0983058
NKAIN1,1.1232382,1.0983058
ZNF326,1.1232382,1.0983058
SCN2B,1.1232382,1.0983058
AP1M1,1.1232382,1.0983058
DTX4,1.1232382,1.0983058
SYT3,1.1232382,1.0983058
BMX,1.1232382,1.0983058
HIST1H3B,1.1232382,1.0983058
GPR21,1.1232382,1.0983058
AP1S3,1.1232382,1.0983058
FGB,1.1232382,1.0983058
RAD51AP2,1.1232382,1.0983058
RHPN1,1.1232382,1.0983058
HIST1H4L,1.1232382,1.0983058
CCNJL,1.1232382,1.0983058
KCNMA1,1.1232382,1.0983058
PIK3CA,1.1232382,1.0983058
PIK3IP1,1.1232382,1.0983058
HHIP,1.1232382,1.0983058
CATSPER1,1.1232382,1.0983058
UBC,1.1232382,1.0983058
ADAM7,1.1232382,1.0983058
LGSN,1.1232382,1.0983058
OGFR,1.1232382,1.0983058
BHLHA9,1.1232382,1.0983058
AMER3,1.1232382,1.0983058
POLR3F,1.1232382,1.0983058
ATP23,1.1232382,1.0983058
PRMT9,1.1232382,1.0983058
SH3RF3,1.1232382,1.0983058
TNRC6B,1.1232382,1.0983058
TTC30A,1.1232382,1.0983058
TLR10,1.1232382,1.0983058
KCNH7,1.1232382,1.0983058
PDF,1.1232382,1.0983058
SNAP91,1.1232382,1.0983058
RAP1A,1.1232382,1.0983058
AKAP10,1.1232382,1.0983058
CSNK1G3,1.1232382,1.0983058
HCN2,1.1232382,1.0983058
FSHR,1.1232382,1.0983058
SPO11,1.1232382,1.0983058
INSIG2,1.1232382,1.0983058
COLEC10,1.1232382,1.0983058
TSPAN17,1.1232382,1.0983058
UBE2H,1.1232382,1.0983058
IMPACT,1.1232382,1.0983058
DLX4,1.1232382,1.0983058
ELL2,1.1232382,1.0983058
CEP85L,1.1232382,1.0983058
SIX2,1.1232382,1.0983058
EMC4,1.1232382,1.0983058
GABRB2,1.1232382,1.0983058
MAK,1.1232382,1.0983058
TAOK2,1.1232382,1.0983058
CRYGS,1.1232382,1.0983058
DNASE1L3,1.1232382,1.0983058
PDCD6,1.1232382,1.0983058
ADA,1.1232382,1.0983058
MTMR2,1.1232382,1.0983058
GPR1,1.1232382,1.0983058
LGALS8,1.1232382,1.0983058
WDR20,1.1232382,1.0983058
ALOXE3,1.1232382,1.0983058
PRKRA,1.1232382,1.0983058
AP4M1,1.1232382,1.0983058
SRRM2,1.1232382,1.0983058
UCKL1,1.1232382,1.0983058
SCN3B,1.1232382,1.0983058
PSMB10,1.1232382,1.0983058
REEP5,1.1232382,1.0983058
DYRK1B,1.1232382,1.0983058
NXNL1,1.1232382,1.0983058
ZNF790,1.1232382,1.0983058
KCTD2,1.1232382,1.0983058
ADCY9,1.1232382,1.0983058
CLIP1,1.1232382,1.0983058
HPF1,1.1232382,1.0983058
TRIP11,1.1232382,1.0983058
ADAMTS15,1.1232382,1.0983058
DTWD1,1.1232382,1.0983058
DCTN5,1.1232382,1.0983058
SLCO3A1,1.1232382,1.0983058
LARP4B,1.1232382,1.0983058
DOC2B,1.1232382,1.0983058
CD74,1.1232382,1.0983058
KCNS3,1.1232382,1.0983058
CCSER1,1.1232382,1.0983058
TMEM169,1.1232382,1.0983058
ORC3,1.1232382,1.0983058
STMN2,1.1232382,1.0983058
ITCH,1.1232382,1.0983058
RTKN,1.1232382,1.0983058
ZNF91,1.1232382,1.0983058
CDC40,1.1232382,1.0983058
CROCC2,1.1232382,1.0983058
ZNF555,1.1232382,1.0983058
PTPRR,1.1232382,1.0983058
HMGB1,1.1232382,1.0983058
C1orf127,1.1232382,1.0983058
TPD52L1,1.1232382,1.0983058
ZNF385D,1.1232382,1.0983058
B4GALNT1,1.1232382,1.0983058
HCN3,1.1232382,1.0983058
NECTIN1,1.1232382,1.0983058
SLC25A1,1.1232382,1.0983058
CALM3,1.1232382,1.0983058
NR0B2,1.1232382,1.0983058
PNLIPRP1,1.1232382,1.0983058
MAPK8IP2,1.1232382,1.0983058
TNRC6A,1.1232382,1.0983058
MPHOSPH8,1.1232382,1.0983058
NAPRT,1.1232382,1.0983058
HUNK,1.1232382,1.0983058
MRPL19,1.1232382,1.0983058
COX11,1.1232382,1.0983058
KCNN4,1.1232382,1.0983058
RNF152,1.1232382,1.0983058
DUT,1.1232382,1.0983058
SLC22A7,1.1232382,1.0983058
DDAH2,1.1232382,1.0983058
FNBP1,1.1232382,1.0983058
SLC4A5,1.1232382,1.0983058
RNF38,1.1232382,1.0983058
PEMT,1.1232382,1.0983058
SCRIB,1.1232382,1.0983058
TTC1,1.1232382,1.0983058
TFAP2C,1.1232382,1.0983058
TBX21,1.1232382,1.0983058
FGF6,1.1232382,1.0983058
NOL4L,1.1232382,1.0983058
C10orf12,1.1232382,1.0983058
LIN7A,1.1232382,1.0983058
ZBTB21,1.1232382,1.0983058
FMNL3,1.1232382,1.0983058
HMCN2,1.1232382,1.0983058
ZP4,1.1232382,1.0983058
PHACTR1,1.1232382,1.0983058
CCNB1,1.1232382,1.0983058
SLC51A,1.1232382,1.0983058
RIN2,1.1232382,1.0983058
CDC23,1.1232382,1.0983058
ELAVL3,1.1232382,1.0983058
TMEM260,1.1232382,1.0983058
RGSL1,1.1232382,1.0983058
LMO3,1.1232382,1.0983058
ASCL2,1.1232382,1.0983058
C1QL4,1.1232382,1.0983058
FAXC,1.1232382,1.0983058
PLAUR,1.1232382,1.0983058
C1R,1.1232382,1.0983058
SAMD11,1.1232382,1.0983058
MAATS1,1.1232382,1.0983058
FXN,1.1232382,1.0983058
RBM38,1.1232382,1.0983058
LRRIQ4,1.1232382,1.0983058
SENP2,1.1232382,1.0983058
ARHGAP22,1.1232382,1.0983058
TOR1B,1.1232382,1.0983058
FAAH,1.1232382,1.0983058
ZNF560,1.1232382,1.0983058
INTS14,1.1232382,1.0983058
PXN,1.1232382,1.0983058
TGM3,1.1232382,1.0983058
PSMA1,1.1232382,1.0983058
AFF3,1.1232382,1.0983058
SRSF11,1.1232382,1.0983058
RNF128,1.1232382,1.0983058
PDE11A,1.1232382,1.0983058
PLPPR4,1.1232382,1.0983058
PLPBP,1.1232382,1.0983058
HIST1H2AD,1.1232382,1.0983058
ADIPOQ,1.1232382,1.0983058
RSPH4A,1.1232382,1.0983058
ABHD17C,1.1232382,1.0983058
GABRA4,1.1232382,1.0983058
YY1,1.1232382,1.0983058
XYLB,1.1232382,1.0983058
PTDSS2,1.1232382,1.0983058
UTP6,1.1232382,1.0983058
PDE4DIP,1.1232382,1.0983058
ARL5B,1.1232382,1.0983058
EPB41L4B,1.1232382,1.0983058
SNAP29,1.1232382,1.0983058
CHRNA7,1.1232382,1.0983058
STC1,1.1232382,1.0983058
IZUMO1,1.1232382,1.0983058
CLRN1,1.1232382,1.0983058
ADAD2,1.1232382,1.0983058
CLEC14A,1.1232382,1.0983058
KCND2,1.1232382,1.0983058
PLCB1,1.1232382,1.0983058
CPSF7,1.1232382,1.0983058
ZNF226,1.1232382,1.0983058
KPNA5,1.1232382,1.0983058
VWC2L,1.1232382,1.0983058
TNFAIP3,1.1232382,1.0983058
PAF1,1.1232382,1.0983058
SGPP2,1.1232382,1.0983058
C1QTNF8,1.1232382,1.0983058
CDK7,1.1232382,1.0983058
FCHO2,1.1232382,1.0983058
ATP6V1H,1.1232382,1.0983058
GRTP1,1.1232382,1.0983058
PCTP,1.1232382,1.0983058
FOXN4,1.1232382,1.0983058
USP45,1.1232382,1.0983058
ACSM3,1.1232382,1.0983058
PTGS1,1.1232382,1.0983058
RAB14,1.1232382,1.0983058
SPRED2,1.1232382,1.0983058
AJUBA,1.1232382,1.0983058
SGK1,1.1232382,1.0983058
RECQL,1.1232382,1.0983058
ASNA1,1.1232382,1.0983058
RNF5,1.1232382,1.0983058
TLE4,1.1232382,1.0983058
MAD1L1,1.1232382,1.0983058
CDX2,1.1232382,1.0983058
NHLRC2,1.1232382,1.0983058
SP140,1.1232382,1.0983058
TMEM33,1.1232382,1.0983058
DCLK1,1.1232382,1.0983058
MOGAT3,1.1232382,1.0983058
THAP2,1.1232382,1.0983058
KDM1A,1.1232382,1.0983058
LGR5,1.1232382,1.0983058
LZTS1,1.1232382,1.0983058
MAPK15,1.1232382,1.0983058
PSMA8,1.1232382,1.0983058
DVL3,1.1232382,1.0983058
ACER2,1.1232382,1.0983058
GRIK3,1.1232382,1.0983058
SIPA1,1.1232382,1.0983058
NTN3,1.1232382,1.0983058
KLF6,1.1232382,1.0983058
MRAS,1.1232382,1.0983058
KMT2E,1.1232382,1.0983058
PBX4,1.1232382,1.0983058
PRDM6,1.1232382,1.0983058
NRROS,1.1232382,1.0983058
GIGYF2,1.1232382,1.0983058
WRAP53,1.1232382,1.0983058
BCAN,1.1232382,1.0983058
AKT1,1.1232382,1.0983058
CRLS1,1.1232382,1.0983058
ALDH3A2,1.1232382,1.0983058
MARCH8,1.1232382,1.0983058
KCTD19,1.1232382,1.0983058
NUDCD3,1.1232382,1.0983058
DNAJC2,1.1232382,1.0983058
PGAP3,1.1232382,1.0983058
REPIN1,1.1232382,1.0983058
SYTL3,1.1232382,1.0983058
FAM81B,1.1232382,1.0983058
LLGL2,1.1232382,1.0983058
STAU1,1.1232382,1.0983058
GLYR1,1.1232382,1.0983058
WDR88,1.1232382,1.0983058
KLHL14,1.1232382,1.0983058
RCBTB1,1.1232382,1.0983058
ZC3H11A,1.1232382,1.0983058
TRPC1,1.1232382,1.0983058
GSC2,1.1232382,1.0983058
MLXIP,1.1232382,1.0983058
IL7R,1.1232382,1.0983058
AGGF1,1.1232382,1.0983058
C3,1.1232382,1.0983058
GSK3B,1.1232382,1.0983058
SALL3,1.1232382,1.0983058
GRB7,1.1232382,1.0983058
OPRD1,1.1232382,1.0983058
CAPN8,1.1232382,1.0983058
PSMC4,1.1232382,1.0983058
L3MBTL3,1.1232382,1.0983058
ALDH2,1.1232382,1.0983058
HEPACAM,1.1232382,1.0983058
SUFU,1.1232382,1.0983058
ZNHIT6,1.1232382,1.0983058
PCDHA6,1.1232382,1.0983058
RAB2B,1.1232382,1.0983058
SGTA,1.1232382,1.0983058
CKAP4,1.1232382,1.0983058
CDC42,1.1232382,1.0983058
PTCH1,1.1232382,1.0983058
COPS7B,1.1232382,1.0983058
GPN2,1.1232382,1.0983058
ATF1,1.1232382,1.0983058
RAN,1.1232382,1.0983058
DDX43,1.1232382,1.0983058
IWS1,1.1232382,1.0983058
PRRG2,1.1232382,1.0983058
RALA,1.1232382,1.0983058
CAPN13,1.1232382,1.0983058
PLEKHM1,1.1232382,1.0983058
PPP4R4,1.1232382,1.0983058
NR2F6,1.1232382,1.0983058
ATIC,1.1232382,1.0983058
CLPX,1.1232382,1.0983058
USHBP1,1.1232382,1.0983058
CDKL3,1.1232382,1.0983058
ADAM8,1.1232382,1.0983058
CHM,1.1232382,1.0983058
TRA2A,1.1232382,1.0983058
ICE2,1.1232382,1.0983058
EIF4E,1.1232382,1.0983058
SERPINA9,1.1232382,1.0983058
HSP90AB1,1.1232382,1.0983058
SCN7A,1.1232382,1.0983058
JKAMP,1.1232382,1.0983058
LEO1,1.1232382,1.0983058
ACOX2,1.1232382,1.0983058
HECW2,1.1232382,1.0983058
MAPK9,1.1232382,1.0983058
PINK1,1.1232382,1.0983058
COL28A1,1.1232382,1.0983058
CD79A,1.1232382,1.0983058
TRMT61A,1.1232382,1.0983058
SCAF1,1.1232382,1.0983058
C4orf54,1.1232382,1.0983058
MTSS1L,1.1232382,1.0983058
ASAH2,1.1232382,1.0983058
COX15,1.1232382,1.0983058
TRAPPC11,1.1232382,1.0983058
HAND1,1.1232382,1.0983058
ZNF853,1.1232382,1.0983058
ANKRD1,1.1232382,1.0983058
RGMA,1.1232382,1.0983058
SH2B1,1.1232382,1.0983058
SERPINB4,1.1232382,1.0983058
HSPB6,1.1232382,1.0983058
CD81,1.1232382,1.0983058
BAAT,1.1232382,1.0983058
SLC7A7,1.1232382,1.0983058
EDC3,1.1232382,1.0983058
MYOC,1.1232382,1.0983058
VPS26A,1.1232382,1.0983058
MIEF1,1.1232382,1.0983058
VEGFC,1.1232382,1.0983058
OPRL1,1.1232382,1.0983058
SPPL3,1.1232382,1.0983058
P4HA2,1.1232382,1.0983058
KDM4B,1.1232382,1.0983058
KCNAB3,1.1232382,1.0983058
DNMT3L,1.1232382,1.0983058
BTBD6,1.1232382,1.0983058
MPP5,1.1232382,1.0983058
B4GALT7,1.1232382,1.0983058
CLDN1,1.1232382,1.0983058
TRMT1L,1.1232382,1.0983058
ASPHD2,1.1232382,1.0983058
FBXL2,1.1232382,1.0983058
BCAT1,1.1232382,1.0983058
FAM45A,1.1232382,1.0983058
LRRCC1,1.1232382,1.0983058
SF3B1,1.1232382,1.0983058
FGF2,1.1232382,1.0983058
SLC6A7,1.1232382,1.0983058
KIF5C,1.1232382,1.0983058
ATP8B3,1.1232382,1.0983058
NMT1,1.1232382,1.0983058
SCD5,1.1232382,1.0983058
PLA2G7,1.1232382,1.0983058
RAB32,1.1232382,1.0983058
TECR,1.1232382,1.0983058
CEPT1,1.1232382,1.0983058
CCSER2,1.1232382,1.0983058
RALB,1.1232382,1.0983058
PPM1D,1.1232382,1.0983058
ARID5A,1.1232382,1.0983058
SRP68,1.1232382,1.0983058
RBM12,1.1232382,1.0983058
SPON2,1.1232382,1.0983058
SH3D19,1.1232382,1.0983058
CHRNG,1.1232382,1.0983058
COMTD1,1.1232382,1.0983058
ME3,1.1232382,1.0983058
DGCR8,1.1232382,1.0983058
HSPD1,1.1232382,1.0983058
RAD23B,1.1232382,1.0983058
STK16,1.1232382,1.0983058
IL10RA,1.1232382,1.0983058
ZC2HC1C,1.1232382,1.0983058
DUS3L,1.1232382,1.0983058
NME6,1.1232382,1.0983058
HS3ST3A1,1.1232382,1.0983058
PIM1,1.1232382,1.0983058
LONP1,1.1232382,1.0983058
CA5A,1.1232382,1.0983058
PEX2,1.1232382,1.0983058
SH3YL1,1.1232382,1.0983058
LRRC70,1.1232382,1.0983058
KIF21A,1.1232382,1.0983058
ASZ1,1.1232382,1.0983058
ZNF583,1.1232382,1.0983058
DCAF1,1.1232382,1.0983058
TBCC,1.1232382,1.0983058
ANKRD13A,1.1232382,1.0983058
INHA,1.1232382,1.0983058
RBBP8,1.1232382,1.0983058
CDH7,1.1232382,1.0983058
LNX2,1.1232382,1.0983058
CNKSR1,1.1232382,1.0983058
ME2,1.1232382,1.0983058
SLC27A3,1.1232382,1.0983058
RMND5A,1.1232382,1.0983058
PLEKHF1,1.1232382,1.0983058
GLIS3,1.1232382,1.0983058
AGPAT4,1.1232382,1.0983058
FBXO42,1.1232382,1.0983058
DGKE,1.1232382,1.0983058
CA12,1.1232382,1.0983058
C9orf3,1.1232382,1.0983058
RBM48,1.1232382,1.0983058
ESCO1,1.1232382,1.0983058
SPOCK3,1.1232382,1.0983058
DXO,1.1232382,1.0983058
PPP1R3A,1.1232382,1.0983058
MROH8,1.1232382,1.0983058
CTSV,1.1232382,1.0983058
ENDOG,1.1232382,1.0983058
TSSK2,1.1232382,1.0983058
PM20D1,1.1232382,1.0983058
THRB,1.1232382,1.0983058
ARHGAP30,1.1232382,1.0983058
BEGAIN,1.1232382,1.0983058
NEDD9,1.1232382,1.0983058
RHOB,1.1232382,1.0983058
ECE1,1.1232382,1.0983058
ERP44,1.1232382,1.0983058
REXO1,1.1232382,1.0983058
PDSS2,1.1232382,1.0983058
ANOS1,1.1232382,1.0983058
SEC62,1.1232382,1.0983058
PEPD,1.1232382,1.0983058
MRVI1,1.1232382,1.0983058
RAB11FIP2,1.1232382,1.0983058
FKBPL,1.1232382,1.0983058
FOXO3,1.1232382,1.0983058
E2F2,1.1232382,1.0983058
ARHGAP20,1.1232382,1.0983058
ACD,1.1232382,1.0983058
BEST3,1.1232382,1.0983058
SYDE1,1.1232382,1.0983058
PSMD3,1.1232382,1.0983058
SLC22A11,1.1232382,1.0983058
NT5C3A,1.1232382,1.0983058
LIPT2,1.1232382,1.0983058
TANGO2,1.1232382,1.0983058
SCO2,1.1232382,1.0983058
NAPB,1.1232382,1.0983058
TRAPPC13,1.1232382,1.0983058
SUPV3L1,1.1232382,1.0983058
SPR,1.1232382,1.0983058
HEATR1,1.1232382,1.0983058
YWHAG,1.1232382,1.0983058
JAKMIP1,1.1232382,1.0983058
NOP53,1.1232382,1.0983058
MTAP,1.1232382,1.0983058
ALDH6A1,1.1232382,1.0983058
CSNK2A1,1.1232382,1.0983058
SIRT6,1.1232382,1.0983058
NLGN2,1.1232382,1.0983058
MMP8,1.1232382,1.0983058
MORC1,1.1232382,1.0983058
PRKACB,1.1232382,1.0983058
DRD1,1.1232382,1.0983058
AGMO,1.1232382,1.0983058
CCAR2,1.1232382,1.0983058
LMBRD2,1.1232382,1.0983058
FBXW10,1.1232382,1.0983058
CFAP298,1.1232382,1.0983058
IST1,1.1232382,1.0983058
DARS,1.1232382,1.0983058
PDS5A,1.1232382,1.0983058
BCAR1,1.1232382,1.0983058
MSX2,1.1232382,1.0983058
ETS2,1.1232382,1.0983058
ESS2,1.1232382,1.0983058
OGA,1.1232382,1.0983058
OTOP1,1.1232382,1.0983058
GGT1,1.1232382,1.0983058
LPAR2,1.1232382,1.0983058
MAU2,1.1232382,1.0983058
DUSP27,1.1232382,1.0983058
UGT2B15,1.1232382,1.0983058
ZBTB7C,1.1232382,1.0983058
EPHA10,1.1232382,1.0983058
STARD7,1.1232382,1.0983058
PQLC1,1.1232382,1.0983058
MLX,1.1232382,1.0983058
FST,1.1232382,1.0983058
TPST1,1.1232382,1.0983058
ZKSCAN1,1.1232382,1.0983058
CHRND,1.1232382,1.0983058
KBTBD2,1.1232382,1.0983058
PLPPR1,1.1232382,1.0983058
TXNRD1,1.1232382,1.0983058
ARID5B,1.1232382,1.0983058
PKDCC,1.1232382,1.0983058
RDH16,1.1232382,1.0983058
MORC4,1.1232382,1.0983058
C16orf72,1.1232382,1.0983058
MLEC,1.1232382,1.0983058
FGL1,1.1232382,1.0983058
TRIM5,1.1232382,1.0983058
NPAT,1.1232382,1.0983058
SPSB1,1.1232382,1.0983058
OVCH1,1.1232382,1.0983058
GLCCI1,1.1232382,1.0983058
CLCA2,1.1232382,1.0983058
CAPN14,1.1232382,1.0983058
TUBGCP4,1.1232382,1.0983058
CDHR3,1.1232382,1.0983058
LSAMP,1.1232382,1.0983058
SLC6A2,1.1232382,1.0983058
EFTUD2,1.1232382,1.0983058
NFIB,1.1232382,1.0983058
ZBTB2,1.1232382,1.0983058
VEZF1,1.1232382,1.0983058
GIPC3,1.1232382,1.0983058
SSTR3,1.1232382,1.0983058
FAM117A,1.1232382,1.0983058
ETHE1,1.1232382,1.0983058
CPT1B,1.1232382,1.0983058
ZNF618,1.1232382,1.0983058
PREP,1.1232382,1.0983058
RND2,1.1232382,1.0983058
BMP3,1.1232382,1.0983058
BRINP3,1.1232382,1.0983058
MED25,1.1232382,1.0983058
SGCG,1.1232382,1.0983058
TMEM266,1.1232382,1.0983058
MYRFL,1.1232382,1.0983058
CPA1,1.1232382,1.0983058
RORC,1.1232382,1.0983058
NIPAL2,1.1232382,1.0983058
PWWP2B,1.1232382,1.0983058
ATP6V1C1,1.1232382,1.0983058
ITGB3,1.1232382,1.0983058
TECTB,1.1232382,1.0983058
CACNA1H,1.1232382,1.0983058
PDIA6,1.1232382,1.0983058
PCDHGA6,1.1232382,1.0983058
CDK16,1.1232382,1.0983058
PTPN11,1.1232382,1.0983058
PCDHA13,1.1232382,1.0983058
IMMT,1.1232382,1.0983058
SEC24C,1.1232382,1.0983058
CEP295,1.1232382,1.0983058
CEP41,1.1232382,1.0983058
PFKFB2,1.1232382,1.0983058
AK8,1.1232382,1.0983058
HNRNPK,1.1232382,1.0983058
CFI,1.1232382,1.0983058
TWF1,1.1232382,1.0983058
GOLGA6L2,1.1232382,1.0983058
LRIT3,1.1232382,1.0983058
CKM,1.1232382,1.0983058
HIBCH,1.1232382,1.0983058
SEPT7,1.1232382,1.0983058
NKIRAS2,1.1232382,1.0983058
PIGG,1.1232382,1.0983058
PLA2G4F,1.1232382,1.0983058
ANKMY1,1.1232382,1.0983058
BCL9,1.1232382,1.0983058
KIF1BP,1.1232382,1.0983058
ONECUT1,1.1232382,1.0983058
CA14,1.1232382,1.0983058
GATA4,1.1232382,1.0983058
SYT2,1.1232382,1.0983058
PAX2,1.1232382,1.0983058
ATP2A1,1.1232382,1.0983058
PRDM14,1.1232382,1.0983058
SMARCD1,1.1232382,1.0983058
TET2,1.1232382,1.0983058
CUL4B,1.1232382,1.0983058
CAMK1D,1.1232382,1.0983058
AARSD1,1.1232382,1.0983058
MX1,1.1232382,1.0983058
TRIM27,1.1232382,1.0983058
AGPAT2,1.1232382,1.0983058
ATP1A3,1.1232382,1.0983058
REEP4,1.1232382,1.0983058
ATG9A,1.1232382,1.0983058
TSPAN5,1.1232382,1.0983058
PDGFD,1.1232382,1.0983058
SLC26A4,1.1232382,1.0983058
EFR3B,1.1232382,1.0983058
HEYL,1.1232382,1.0983058
ZNF423,1.1232382,1.0983058
PUS1,1.1232382,1.0983058
BPNT1,1.1232382,1.0983058
SEMA6A,1.1232382,1.0983058
OFD1,1.1232382,1.0983058
VILL,1.1232382,1.0983058
ADAM18,1.1232382,1.0983058
VPS8,1.1232382,1.0983058
SLC25A26,1.1232382,1.0983058
PDE4C,1.1232382,1.0983058
SRGAP3,1.1232382,1.0983058
CUL1,1.1232382,1.0983058
ARHGAP26,1.1232382,1.0983058
EPOR,1.1232382,1.0983058
ZBTB39,1.1232382,1.0983058
ARNTL,1.1232382,1.0983058
WDFY1,1.1232382,1.0983058
NFKB1,1.1232382,1.0983058
PAX8,1.1232382,1.0983058
SDR39U1,1.1232382,1.0983058
RAB11FIP5,1.1232382,1.0983058
DNAJC10,1.1232382,1.0983058
TSPAN14,1.1232382,1.0983058
CMTR2,1.1232382,1.0983058
PSMC2,1.1232382,1.0983058
GALNS,1.1232382,1.0983058
ACVR1B,1.1232382,1.0983058
CADM1,1.1232382,1.0983058
MMADHC,1.1232382,1.0983058
GALNT5,1.1232382,1.0983058
EXD1,1.1232382,1.0983058
EPHX1,1.1232382,1.0983058
PLEKHA1,1.1232382,1.0983058
TRIB2,1.1232382,1.0983058
TLR2,1.1232382,1.0983058
CLDN19,1.1232382,1.0983058
HSP90AA1,1.1232382,1.0983058
ZC3H18,1.1232382,1.0983058
NR1H3,1.1232382,1.0983058
RUNX2,1.1232382,1.0983058
NHLRC1,1.1232382,1.0983058
CDK9,1.1232382,1.0983058
MTCH1,1.1232382,1.0983058
COG5,1.1232382,1.0983058
MAK16,1.1232382,1.0983058
TRPV5,1.1232382,1.0983058
CORO1A,1.1232382,1.0983058
MAB21L1,1.1232382,1.0983058
MSANTD2,1.1232382,1.0983058
ZNRF3,1.1232382,1.0983058
RHBDL3,1.1232382,1.0983058
IFT80,1.1232382,1.0983058
CDKL5,1.1232382,1.0983058
CTPS1,1.1232382,1.0983058
GDF10,1.1232382,1.0983058
CC2D1A,1.1232382,1.0983058
RBM19,1.1232382,1.0983058
C16orf70,1.1232382,1.0983058
UBA7,1.1232382,1.0983058
DSG3,1.1232382,1.0983058
CHST2,1.1232382,1.0983058
POU6F1,1.1232382,1.0983058
RACGAP1,1.1232382,1.0983058
SERPINE2,1.1232382,1.0983058
CEP131,1.1232382,1.0983058
TRIM55,1.1232382,1.0983058
MYH14,1.1232382,1.0983058
STK40,1.1232382,1.0983058
OTOL1,1.1232382,1.0983058
ZNF224,1.1232382,1.0983058
SH3GL1,1.1232382,1.0983058
FAM214B,1.1232382,1.0983058
NEXMIF,1.1232382,1.0983058
NCBP1,1.1232382,1.0983058
ASB15,1.1232382,1.0983058
CDT1,1.1232382,1.0983058
PCDHGA11,1.1232382,1.0983058
TBX10,1.1232382,1.0983058
SEMA5B,1.1232382,1.0983058
SMOC2,1.1232382,1.0983058
IQCC,1.1232382,1.0983058
IFT88,1.1232382,1.0983058
ONECUT2,1.1232382,1.0983058
ANGPTL7,1.1232382,1.0983058
UPF1,1.1232382,1.0983058
POFUT2,1.1232382,1.0983058
AHR,1.1232382,1.0983058
FBXW11,1.1232382,1.0983058
RFC5,1.1232382,1.0983058
FLVCR1,1.1232382,1.0983058
AGBL2,1.1232382,1.0983058
ST13,1.1232382,1.0983058
KIAA0930,1.1232382,1.0983058
FILIP1L,1.1232382,1.0983058
SLC26A7,1.1232382,1.0983058
TM7SF3,1.1232382,1.0983058
SLC6A5,1.1232382,1.0983058
CEP162,1.1232382,1.0983058
FOXO1,1.1232382,1.0983058
SHCBP1,1.1232382,1.0983058
ZNF596,1.1232382,1.0983058
CA10,1.1232382,1.0983058
HMGCS2,1.1232382,1.0983058
KLHDC3,1.1232382,1.0983058
GNB4,1.1232382,1.0983058
ZNF879,1.1232382,1.0983058
TTC34,1.1232382,1.0983058
CRYBB3,1.1232382,1.0983058
SLC25A15,1.1232382,1.0983058
NPL,1.1232382,1.0983058
KIAA1107,1.1232382,1.0983058
RCCD1,1.1232382,1.0983058
PPP2R1A,1.1232382,1.0983058
GNB1,1.1232382,1.0983058
INPP5B,1.1232382,1.0983058
CNOT11,1.1232382,1.0983058
MAN1B1,1.1232382,1.0983058
ASXL2,1.1232382,1.0983058
LIFR,1.1232382,1.0983058
WDR34,1.1232382,1.0983058
ADAM23,1.1232382,1.0983058
LMNB1,1.1232382,1.0983058
ZEB1,1.1232382,1.0983058
R3HDM2,1.1232382,1.0983058
PYROXD1,1.1232382,1.0983058
NCK2,1.1232382,1.0983058
FAM129B,1.1232382,1.0983058
AASDH,1.1232382,1.0983058
SIRT5,1.1232382,1.0983058
ZBTB37,1.1232382,1.0983058
MORC3,1.1232382,1.0983058
SMARCD2,1.1232382,1.0983058
XPC,1.1232382,1.0983058
ACSS2,1.1232382,1.0983058
GPHN,1.1232382,1.0983058
CDK5R1,1.1232382,1.0983058
HS3ST1,1.1232382,1.0983058
CTNNA3,1.1232382,1.0983058
RP1L1,1.1232382,1.0983058
HEY1,1.1232382,1.0983058
AFAP1L1,1.1232382,1.0983058
PRNP,1.1232382,1.0983058
HADH,1.1232382,1.0983058
ZC3H3,1.1232382,1.0983058
STK38L,1.1232382,1.0983058
SLC25A38,1.1232382,1.0983058
TIMP3,1.1232382,1.0983058
KCNJ15,1.1232382,1.0983058
ADAM33,1.1232382,1.0983058
DSC1,1.1232382,1.0983058
NUDCD1,1.1232382,1.0983058
TOP2B,1.1232382,1.0983058
SGCD,1.1232382,1.0983058
DTX1,1.1232382,1.0983058
ISM2,1.1232382,1.0983058
RUBCN,1.1232382,1.0983058
UBE3C,1.1232382,1.0983058
KCTD9,1.1232382,1.0983058
VCPIP1,1.1232382,1.0983058
HMGCL,1.1232382,1.0983058
AGPS,1.1232382,1.0983058
ANKFN1,1.1232382,1.0983058
SLC7A5,1.1232382,1.0983058
NPAS1,1.1232382,1.0983058
NDUFV1,1.1232382,1.0983058
EXOC6,1.1232382,1.0983058
TEKT3,1.1232382,1.0983058
AP4E1,1.1232382,1.0983058
CHST9,1.1232382,1.0983058
GMIP,1.1232382,1.0983058
MYO1D,1.1232382,1.0983058
RAF1,1.1232382,1.0983058
CORO1B,1.1232382,1.0983058
NDRG4,1.1232382,1.0983058
ARHGEF37,1.1232382,1.0983058
RDH8,1.1232382,1.0983058
EXOC7,1.1232382,1.0983058
TRAF2,1.1232382,1.0983058
PKD2L1,1.1232382,1.0983058
PDIA4,1.1232382,1.0983058
ATG4B,1.1232382,1.0983058
WISP1,1.1232382,1.0983058
DNAJA2,1.1232382,1.0983058
TTK,1.1232382,1.0983058
KHK,1.1232382,1.0983058
ZNF608,1.1232382,1.0983058
PLEKHA8,1.1232382,1.0983058
TRAM2,1.1232382,1.0983058
DPP3,1.1232382,1.0983058
ZNF667,1.1232382,1.0983058
APBB3,1.1232382,1.0983058
RFX7,1.1232382,1.0983058
BRSK1,1.1232382,1.0983058
HOMER2,1.1232382,1.0983058
DPP4,1.1232382,1.0983058
DLX3,1.1232382,1.0983058
GATA2,1.1232382,1.0983058
UNC80,1.1232382,1.0983058
HNRNPA3,1.1232382,1.0983058
MAP2K5,1.1232382,1.0983058
OTOP3,1.1232382,1.0983058
C20orf194,1.1232382,1.0983058
EPS15L1,1.1232382,1.0983058
ADAMTSL5,1.1232382,1.0983058
PLCD4,1.1232382,1.0983058
TKFC,1.1232382,1.0983058
CERK,1.1232382,1.0983058
WNT16,1.1232382,1.0983058
NTN1,1.1232382,1.0983058
RCC2,1.1232382,1.0983058
WDR27,1.1232382,1.0983058
RARA,1.1232382,1.0983058
PUM1,1.1232382,1.0983058
AR,1.1232382,1.0983058
TTLL1,1.1232382,1.0983058
MRPL2,1.1232382,1.0983058
CSNK2A2,1.1232382,1.0983058
ECT2,1.1232382,1.0983058
LDLRAD3,1.1232382,1.0983058
MMP25,1.1232382,1.0983058
CHD3,1.1232382,1.0983058
MYO19,1.1232382,1.0983058
ITFG2,1.1232382,1.0983058
TMTC2,1.1232382,1.0983058
PDK2,1.1232382,1.0983058
AGPAT5,1.1232382,1.0983058
SLC22A8,1.1232382,1.0983058
IRF1,1.1232382,1.0983058
PHF21B,1.1232382,1.0983058
TMEM201,1.1232382,1.0983058
SIPA1L2,1.1232382,1.0983058
GHDC,1.1232382,1.0983058
LAMB1,1.1232382,1.0983058
DLGAP4,1.1232382,1.0983058
TRIM23,1.1232382,1.0983058
HNRNPR,1.1232382,1.0983058
AMHR2,1.1232382,1.0983058
PKNOX2,1.1232382,1.0983058
WDHD1,1.1232382,1.0983058
RASSF8,1.1232382,1.0983058
IGF2R,1.1232382,1.0983058
TRIT1,1.1232382,1.0983058
HOXD9,1.1232382,1.0983058
PPP4R3A,1.1232382,1.0983058
OPTN,1.1232382,1.0983058
GPCPD1,1.1232382,1.0983058
LDB2,1.1232382,1.0983058
C2,1.1232382,1.0983058
ACY1,1.1232382,1.0983058
SLC6A19,1.1232382,1.0983058
SH3KBP1,1.1232382,1.0983058
LRP6,1.1232382,1.0983058
MFSD10,1.1232382,1.0983058
EFNB3,1.1232382,1.0983058
RRBP1,1.1232382,1.0983058
LVRN,1.1232382,1.0983058
CDC73,1.1232382,1.0983058
TAPT1,1.1232382,1.0983058
KDM3B,1.1232382,1.0983058
IQUB,1.1232382,1.0983058
ACO2,1.1232382,1.0983058
FAM91A1,1.1232382,1.0983058
VPS39,1.1232382,1.0983058
LINGO2,1.1232382,1.0983058
AGO3,1.1232382,1.0983058
SEC14L1,1.1232382,1.0983058
KIF2C,1.1232382,1.0983058
PTDSS1,1.1232382,1.0983058
KIF3C,1.1232382,1.0983058
TUT1,1.1232382,1.0983058
PRKAR2A,1.1232382,1.0983058
GDAP2,1.1232382,1.0983058
PAXIP1-AS2,1.1232382,1.0983058
PPIAL4G,1.1232382,1.0983058
PRAMEF8,1.1232382,1.0983058
GAGE13,1.1232382,1.0983058
SPDYE2B,1.1232382,1.0983058
DEFB105A,1.1232382,1.0983058
PABPC1L2B,1.1232382,1.0983058
DEFB106B,1.1232382,1.0983058
RIMBP3C,1.1232382,1.0983058
DMRTC1B,1.1232382,1.0983058
SSX2,1.1232382,1.0983058
GAGE2E,1.1232382,1.0983058
DEFB104B,1.1232382,1.0983058
CFC1B,1.1232382,1.0983058
SLX1B,1.1232382,1.0983058
DEFB106A,1.1232382,1.0983058
GATD3A,1.1232382,1.0983058
PPP3CA,1.1232382,1.0983058
PNMA6A,1.1232382,1.0983058
CT45A3,1.1232382,1.0983058
PABPC1L2A,1.1232382,1.0983058
EIF3CL,1.1232382,1.0983058
GOLGA5,1.1232382,1.0983058
NPIPA8,1.1232382,1.0983058
UBE2Q2L,1.1232382,1.0983058
U2AF1,1.1232382,1.0983058
DEFB104A,1.1232382,1.0983058
DEFB4B,1.1232382,1.0983058
MRPL23,1.1232382,1.0983058
AL627171.2,1.1232382,1.0983058
F8A1,1.1232382,1.0983058
NPIPA2,1.1232382,1.0983058
SQSTM1,1.1232382,1.0983058
GRID2IP,1.1232382,1.0983058
SSX4B,1.1232382,1.0983058
SPANXA2,1.1232382,1.0983058
BHLHE22,1.1232382,1.0983058
SIK1,1.1232382,1.0983058
VARS,1.1232382,1.0983058
ADCY3,1.1232382,1.0983058
CT47A6,1.1232382,1.0983058
HDAC5,1.1232382,1.0983058
PKNOX1,1.1232382,1.0983058
AMY1B,1.1232382,1.0983058
CT45A6,1.1232382,1.0983058
RIMBP3B,1.1232382,1.0983058
ZNF705D,1.1232382,1.0983058
PRODH,1.1232382,1.0983058
PRCP,1.1232382,1.0983058
RP11-849H4.2,1.1232382,1.0983058
AL603965.1,1.1232382,1.0983058
GOLGA6L4,1.1232382,1.0983058
UBAP2,1.1232382,1.0983058
HOGA1,1.1232382,1.0983058
CPA6,1.1232382,1.0983058
TBC1D3C,1.1232382,1.0983058
AC010441.1,1.1232382,1.0983058
GSTT2,1.1232382,1.0983058
PRAMEF11,1.1232382,1.0983058
DMRTC1,1.1232382,1.0983058
CEBPZOS,1.1232382,1.0983058
PWP2,1.1232382,1.0983058
ST3GAL3,1.1232382,1.0983058
AP002956.1,1.1232382,1.0983058
GAGE12H,1.1232382,1.0983058
TBX22,1.1232382,1.0983058
MTRNR2L5,1.1232382,1.0983058
ARL17A,1.1232382,1.0983058
RP11-279O9.4,1.1232382,1.0983058
DPH1,1.1232382,1.0983058
AC073569.1,1.1232382,1.0983058
PRPF40A,1.1232382,1.0983058
AL162424.1,1.1232382,1.0983058
C16orf47,1.1232382,1.0983058
AL591684.1,1.1232382,1.0983058
NOTCH2NL,1.1232382,1.0983058
AC020922.1,1.1232382,1.0983058
MIRLET7BHG,1.1232382,1.0983058
RP11-131H24.4,1.1232382,1.0983058
SPATA31A7,1.1232382,1.0983058
ZNF595,1.1232382,1.0983058
RGPD5,1.1232382,1.0983058
H2AFB1,1.1232382,1.0983058
CRYAA,1.1232382,1.0983058
AC137932.1,1.1232382,1.0983058
ARVCF,1.1232382,1.0983058
ME1,1.1232382,1.0983058
UBAP2L,1.1232382,1.0983058
DNAH10OS,1.1232382,1.0983058
SULT1A4,1.1232382,1.0983058
ELOA3,1.1232382,1.0983058
NBPF9,1.1232382,1.0983058
FLJ20306,1.1232382,1.0983058
AC009802.1,1.1232382,1.0983058
STRIP1,1.1232382,1.0983058
HSFX2,1.1232382,1.0983058
NPIPB3,1.1232382,1.0983058
IRAK2,1.1232382,1.0983058
NCAPH,1.1232382,1.0983058
DEFA3,1.1232382,1.0983058
PRDM9,1.1232382,1.0983058
PRAMEF9,1.1232382,1.0983058
AC018816.3,1.1232382,1.0983058
AP1B1,1.1232382,1.0983058
CTBP2,1.1232382,1.0983058
NXF2B,1.1232382,1.0983058
AC026310.1,1.1232382,1.0983058
KIAA1551,1.1232382,1.0983058
MTRNR2L7,1.1232382,1.0983058
AL583828.1,1.1232382,1.0983058
AC121757.1,1.1232382,1.0983058
FAM25G,1.1232382,1.0983058
C14orf132,1.1232382,1.0983058
DEFB4A,1.1232382,1.0983058
ZNF705B,1.1232382,1.0983058
SLC7A8,1.1232382,1.0983058
AL035406.1,1.1232382,1.0983058
AC090616.2,1.1232382,1.0983058
RGPD6,1.1232382,1.0983058
AL161645.2,1.1232382,1.0983058
CBS,1.1232382,1.0983058
ERVMER34-1,1.1232382,1.0983058
KCNE1,1.1232382,1.0983058
ATN1,1.1232382,1.0983058
MPO,1.1232382,1.0983058
AL035588.1,1.1232382,1.0983058
HSFX1,1.1232382,1.0983058
ERVV-1,1.1232382,1.0983058
BTBD9,1.1232382,1.0983058
RP11-712L6.5,1.1232382,1.0983058
CDK10,1.1232382,1.0983058
AC004466.1,1.1232382,1.0983058
MNT,1.1232382,1.0983058
AC011308.1,1.1232382,1.0983058
CT45A1,1.1232382,1.0983058
KRT6C,1.1232382,1.0983058
CTAGE4,1.1232382,1.0983058
TCEB3CL,1.1232382,1.0983058
NBPF14,1.1232382,1.0983058
TBC1D1,1.1232382,1.0983058
TCEB3CL2,1.1232382,1.0983058
C1orf147,1.1232382,1.0983058
ARIH1,1.1232382,1.0983058
POLR2J2,1.1232382,1.0983058
RP11-144F15.1,1.1232382,1.0983058
GOLGA8B,1.1232382,1.0983058
USP33,1.1232382,1.0983058
SPDYE2,1.1232382,1.0983058
RP11-321M21.3,1.1232382,1.0983058
ANKRD20A2,1.1232382,1.0983058
EZR,1.1232382,1.0983058
NBPF16,1.1232382,1.0983058
LRRC37A,1.1232382,1.0983058
BCLAF1,1.1232382,1.0983058
LCE3C,1.1232382,1.0983058
AP1G2,1.1232382,1.0983058
AC018867.2,1.1232382,1.0983058
RFPL3S,1.1232382,1.0983058
SMN2,1.1232382,1.0983058
OPN1MW,1.1232382,1.0983058
AC103801.2,1.1232382,1.0983058
GOLGA8N,1.1232382,1.0983058
AMY1A,1.1232382,1.0983058
NEBL,1.1232382,1.0983058
AL590714.1,1.1232382,1.0983058
DYRK3,1.1232382,1.0983058
SULT1A3,1.1232382,1.0983058
DDTL,1.1232382,1.0983058
KRT80,1.1232382,1.0983058
JADE2,1.1232382,1.0983058
DNAH17-AS1,1.1232382,1.0983058
AL589765.1,1.1232382,1.0983058
RP11-1055B8.6,1.1232382,1.0983058
TUBAL3,1.1232382,1.0983058
NPIPB9,1.1232382,1.0983058
LGALS7,1.1232382,1.0983058
RP11-156E8.1,1.1232382,1.0983058
AC037199.1,1.1232382,1.0983058
FGF8,1.1232382,1.0983058
CTD-2215E18.1,1.1232382,1.0983058
RP11-80A15.1,1.1232382,1.0983058
ABCE1,1.1232382,1.0983058
ANKRD20A1,1.1232382,1.0983058
PPIAL4B,1.1232382,1.0983058
FBXO10,1.1232382,1.0983058
MTRNR2L4,1.1232382,1.0983058
GOLGA6L10,1.1232382,1.0983058
EFCAB10,1.1232382,1.0983058
OSBPL8,1.1232382,1.0983058
DDX39B,1.1232382,1.0983058
TBC1D3,1.1232382,1.0983058
ZRANB2,1.1232382,1.0983058
AC112205.1,1.1232382,1.0983058
FAM25C,1.1232382,1.0983058
AL136376.1,1.1232382,1.0983058
ACTR5,1.1232382,1.0983058
FLJ00418,1.1232382,1.0983058
EEF1A1,1.1232382,1.0983058
AC073342.1,1.1232382,1.0983058
FNBP4,1.1232382,1.0983058
CTAGE8,1.1232382,1.0983058
ARMC4,1.1232382,1.0983058
AL360181.1,1.1232382,1.0983058
GOLGA8O,1.1232382,1.0983058
POTEB,1.1232382,1.0983058
SCGB1C1,1.1232382,1.0983058
RHOXF2B,1.1232382,1.0983058
RP11-1055B8.7,1.1232382,1.0983058
BEND3,1.1232382,1.0983058
KRTAP21-3,1.1232382,1.0983058
MICU3,1.1232382,1.0983058
IGIP,1.1232382,1.0983058
NPIPA1,1.1232382,1.0983058
CAPN15,1.1232382,1.0983058
AC022400.2,1.1232382,1.0983058
GAGE12I,1.1232382,1.0983058
HDGFL2,1.1232382,1.0983058
AC079210.1,1.1232382,1.0983058
SLN,1.1232382,1.0983058
FADS3,1.1232382,1.0983058
SMIM3,1.1232382,1.0983058
OST4,1.1232382,1.0983058
RBL1,1.1232382,1.0983058
SPANXC,1.1232382,1.0983058
SPHAR,1.1232382,1.0983058
ARID4B,1.1232382,1.0983058
SLX1A,1.1232382,1.0983058
KRT81,1.1232382,1.0983058
GTF2H2C,1.1232382,1.0983058
SSX4,1.1232382,1.0983058
KRTAP22-2,1.1232382,1.0983058
RP11-867G23.8,1.1232382,1.0983058
AL022328.1,1.1232382,1.0983058
UPK3BL1,1.1232382,1.0983058
C17orf77,1.1232382,1.0983058
HILPDA,1.1232382,1.0983058
AC012123.1,1.1232382,1.0983058
ATP12A,1.1232382,1.0983058
AC061992.1,1.1232382,1.0983058
PRAMEF7,1.1232382,1.0983058
KCNU1,1.1232382,1.0983058
ST20,1.1232382,1.0983058
KDM4C,1.1232382,1.0983058
AC093157.1,1.1232382,1.0983058
AP000758.1,1.1232382,1.0983058
ALOX12-AS1,1.1232382,1.0983058
GAGE1,1.1232382,1.0983058
SMN1,1.1232382,1.0983058
AL161784.1,1.1232382,1.0983058
DDT,1.1232382,1.0983058
COX8C,1.1232382,1.0983058
OCLM,1.1232382,1.0983058
RASA4B,1.1232382,1.0983058
VCX3B,1.1232382,1.0983058
ERVV-2,1.1232382,1.0983058
TCP11X2,1.1232382,1.0983058
LCE3B,1.1232382,1.0983058
DEFB108B,1.1232382,1.0983058
CHTF8,1.1232382,1.0983058
LGALS7B,1.1232382,1.0983058
TPRX2P,1.1232382,1.0983058
STEAP3,1.1232382,1.0983058
BRCA1,1.1232382,1.0983058
CLK2,1.1232382,1.0983058
FAM72D,1.1232382,1.0983058
FSD2,1.1232382,1.0983058
LUZP6,1.1232382,1.0983058
PGA3,1.1232382,1.0983058
CCDC66,1.1232382,1.0983058
GAPVD1,1.1232382,1.0983058
UNK,1.1232382,1.0983058
NPEPL1,1.1232382,1.0983058
KRT35,1.1232382,1.0983058
RPL39,1.1232382,1.0983058
EIF5AL1,1.1232382,1.0983058
HMHB1,1.1232382,1.0983058
PRAMEF5,1.1232382,1.0983058
RGPD1,1.1232382,1.0983058
AC174470.1,1.1232382,1.0983058
ACSF3,1.1232382,1.0983058
EIF5,1.1232382,1.0983058
DDC,1.1232382,1.0983058
MPEG1,1.1232382,1.0983058
POTED,1.1232382,1.0983058
VCX3A,1.1232382,1.0983058
GOLGA6L1,1.1232382,1.0983058
LRFN5,1.1232382,1.0983058
CD52,1.1232382,1.0983058
FBXO24,1.1232382,1.0983058
CRELD1,1.1232382,1.0983058
KRTAP23-1,1.1232382,1.0983058
ARHGEF35,1.1232382,1.0983058
KRTAP20-3,1.1232382,1.0983058
ZC3H12A,1.1232382,1.0983058
HECTD2,1.1232382,1.0983058
RBM45,1.1232382,1.0983058
MSC-AS1,1.1232382,1.0983058
COX8A,1.1232382,1.0983058
STMP1,1.1232382,1.0983058
NPY4R,1.1232382,1.0983058
SCGB3A2,1.1232382,1.0983058
AC114494.1,1.1232382,1.0983058
XKR6,1.1232382,1.0983058
GOLGA8A,1.1232382,1.0983058
C8orf59,1.1232382,1.0983058
CSNK1E,1.1232382,1.0983058
GTF2H2,1.1232382,1.0983058
USO1,1.1232382,1.0983058
LZTR1,1.1232382,1.0983058
SPACA5B,1.1232382,1.0983058
SMIM10,1.1232382,1.0983058
AC026407.1,1.1232382,1.0983058
KBTBD4,1.1232382,1.0983058
FZD8,1.1232382,1.0983058
C2orf48,1.1232382,1.0983058
PODN,1.1232382,1.0983058
KCNA10,1.1232382,1.0983058
TP53TG3D,1.1232382,1.0983058
DAO,1.1232382,1.0983058
OXR1,1.1232382,1.0983058
GAGE12J,1.1232382,1.0983058
MYRF,1.1232382,1.0983058
PPIAL4A,1.1232382,1.0983058
UMODL1-AS1,1.1232382,1.0983058
KRTAP22-1,1.1232382,1.0983058
ZZZ3,1.1232382,1.0983058
TNFRSF21,1.1232382,1.0983058
MT1HL1,1.1232382,1.0983058
SLC45A1,1.1232382,1.0983058
ZNF263,1.1232382,1.0983058
AXL,1.1232382,1.0983058
SPANXN5,1.1232382,1.0983058
FOXF1,1.1232382,1.0983058
UQCRC1,1.1232382,1.0983058
KRTAP19-2,1.1232382,1.0983058
FAM13C,1.1232382,1.0983058
ENHO,1.1232382,1.0983058
KRTAP19-6,1.1232382,1.0983058
CRHR1,1.1232382,1.0983058
KRTAP8-1,1.1232382,1.0983058
C15orf65,1.1232382,1.0983058
VCX2,1.1232382,1.0983058
PHGR1,1.1232382,1.0983058
ICOSLG,1.1232382,1.0983058
AC110615.1,1.1232382,1.0983058
KAAG1,1.1232382,1.0983058
RGPD2,1.1232382,1.0983058
SFTA2,1.1232382,1.0983058
SYT15,1.1232382,1.0983058
TMSB15A,1.1232382,1.0983058
SLC2A10,1.1232382,1.0983058
ACTR6,1.1232382,1.0983058
DEFB114,1.1232382,1.0983058
SPANXN1,1.1232382,1.0983058
GAS2L1,1.1232382,1.0983058
KRTAP3-1,1.1232382,1.0983058
AP001362.1,1.1232382,1.0983058
BEX5,1.1232382,1.0983058
TRIM74,1.1232382,1.0983058
RASGRP3,1.1232382,1.0983058
S100A7,1.1232382,1.0983058
S100A7L2,1.1232382,1.0983058
AC011997.1,1.1232382,1.0983058
SCGB3A1,1.1232382,1.0983058
FAM24A,1.1232382,1.0983058
KRTAP3-2,1.1232382,1.0983058
C6orf48,1.1232382,1.0983058
FAM86B2,1.1232382,1.0983058
C19orf73,1.1232382,1.0983058
PUS7,1.1232382,1.0983058
RP11-998D10.1,1.1232382,1.0983058
DEFB131A,1.1232382,1.0983058
NPS,1.1232382,1.0983058
CDK5RAP1,1.1232382,1.0983058
PYDC1,1.1232382,1.0983058
CGB8,1.1232382,1.0983058
SMR3B,1.1232382,1.0983058
MMP23B,1.1232382,1.0983058
CYP4F12,1.1232382,1.0983058
KRTAP21-1,1.1232382,1.0983058
GOLGA6D,1.1232382,1.0983058
MT1M,1.1232382,1.0983058
ITPR1,1.1232382,1.0983058
POLR2J3,1.1232382,1.0983058
KRTAP25-1,1.1232382,1.0983058
S100A7A,1.1232382,1.0983058
SMIM6,1.1232382,1.0983058
OCA2,1.1232382,1.0983058
SRSF7,1.1232382,1.0983058
PIGY,1.1232382,1.0983058
EID2B,1.1232382,1.0983058
PRR21,1.1232382,1.0983058
KRTAP6-1,1.1232382,1.0983058
GUCY2D,1.1232382,1.0983058
METTL16,1.1232382,1.0983058
PYDC2,1.1232382,1.0983058
KRTAP20-2,1.1232382,1.0983058
C5orf58,1.1232382,1.0983058
PTH2,1.1232382,1.0983058
CT45A5,1.1232382,1.0983058
FBXO3,1.1232382,1.0983058
PLA2G10,1.1232382,1.0983058
KRTAP20-1,1.1232382,1.0983058
DEFB136,1.1232382,1.0983058
LCE1D,1.1232382,1.0983058
INPP5K,1.1232382,1.0983058
TMSB10,1.1232382,1.0983058
SPIN2A,1.1232382,1.0983058
CHPF2,1.1232382,1.0983058
COX7B2,1.1232382,1.0983058
AGAP9,1.1232382,1.0983058
GTF2IRD2,1.1232382,1.0983058
LCE3A,1.1232382,1.0983058
SEPT10,1.1232382,1.0983058
MTHFR,1.1232382,1.0983058
SCGB2B2,1.1232382,1.0983058
EIF3C,1.1232382,1.0983058
CNOT6,1.1232382,1.0983058
MEX3C,1.1232382,1.0983058
PAGE2,1.1232382,1.0983058
S100A12,1.1232382,1.0983058
PRM3,1.1232382,1.0983058
DEFB134,1.1232382,1.0983058
AC093677.1,1.1232382,1.0983058
KRTAP19-7,1.1232382,1.0983058
FAM229B,1.1232382,1.0983058
TCEAL7,1.1232382,1.0983058
EDDM13,1.1232382,1.0983058
DIRC1,1.1232382,1.0983058
C2orf66,1.1232382,1.0983058
TOMM6,1.1232382,1.0983058
TMEM257,1.1232382,1.0983058
KRT25,1.1232382,1.0983058
GGT2,1.1232382,1.0983058
SCGB1A1,1.1232382,1.0983058
CBWD6,1.1232382,1.0983058
KRTAP19-4,1.1232382,1.0983058
MT1A,1.1232382,1.0983058
MINK1,1.1232382,1.0983058
SPIN2B,1.1232382,1.0983058
CAMK2N1,1.1232382,1.0983058
GON7,1.1232382,1.0983058
DEFB1,1.1232382,1.0983058
SPRR2B,1.1232382,1.0983058
CTAGE15,1.1232382,1.0983058
C8orf34-AS1,1.1232382,1.0983058
LCE2C,1.1232382,1.0983058
LCE2B,1.1232382,1.0983058
MT1X,1.1232382,1.0983058
LYPD8,1.1232382,1.0983058
AP000349.1,1.1232382,1.0983058
TOGARAM2,1.1232382,1.0983058
KRTAP12-4,1.1232382,1.0983058
KRTAP12-3,1.1232382,1.0983058
LCE2D,1.1232382,1.0983058
NUTM2A,1.1232382,1.0983058
NACA,1.1232382,1.0983058
SMIM1,1.1232382,1.0983058
C5orf66,1.1232382,1.0983058
EML2-AS1,1.1232382,1.0983058
GOLGA8K,1.1232382,1.0983058
FAM229A,1.1232382,1.0983058
S100A10,1.1232382,1.0983058
C16orf74,1.1232382,1.0983058
FAM25A,1.1232382,1.0983058
GNG4,1.1232382,1.0983058
USP14,1.1232382,1.0983058
KRTAP12-1,1.1232382,1.0983058
DEFA6,1.1232382,1.0983058
DEFB121,1.1232382,1.0983058
CCL13,1.1232382,1.0983058
SLMAP,1.1232382,1.0983058
SCGB1D1,1.1232382,1.0983058
DEFB115,1.1232382,1.0983058
TNPO2,1.1232382,1.0983058
COX7C,1.1232382,1.0983058
C6orf226,1.1232382,1.0983058
MIF-AS1,1.1232382,1.0983058
TMEM133,1.1232382,1.0983058
KIAA0040,1.1232382,1.0983058
RP11-467N20.5,1.1232382,1.0983058
ANGPT2,1.1232382,1.0983058
SMIM5,1.1232382,1.0983058
FAM24B,1.1232382,1.0983058
PF4V1,1.1232382,1.0983058
SHC2,1.1232382,1.0983058
TMSB4X,1.1232382,1.0983058
RP1-127H14.3,1.1232382,1.0983058
VCX,1.1232382,1.0983058
ASAH2B,1.1232382,1.0983058
PF4,1.1232382,1.0983058
SPATA31A6,1.1232382,1.0983058
S100A6,1.1232382,1.0983058
MLLT11,1.1232382,1.0983058
COPS2,1.1232382,1.0983058
KRTAP5-6,1.1232382,1.0983058
TRIM61,1.1232382,1.0983058
HEPN1,1.1232382,1.0983058
S100A8,1.1232382,1.0983058
LCE4A,1.1232382,1.0983058
MALL,1.1232382,1.0983058
NPIPB4,1.1232382,1.0983058
DEFB124,1.1232382,1.0983058
FOXD4L5,1.1232382,1.0983058
NBPF6,1.1232382,1.0983058
JMJD6,1.1232382,1.0983058
ANXA8L2,1.1232382,1.0983058
GNG8,1.1232382,1.0983058
MTRNR2L10,1.1232382,1.0983058
DEC1,1.1232382,1.0983058
PCDH10,1.1232382,1.0983058
SMIM20,1.1232382,1.0983058
PAGE2B,1.1232382,1.0983058
CCL8,1.1232382,1.0983058
TYMSOS,1.1232382,1.0983058
CCL2,1.1232382,1.0983058
LCE1A,1.1232382,1.0983058
SERTM1,1.1232382,1.0983058
FARP1,1.1232382,1.0983058
S100A11,1.1232382,1.0983058
GNG7,1.1232382,1.0983058
LCE1B,1.1232382,1.0983058
KAT2B,1.1232382,1.0983058
C14orf178,1.1232382,1.0983058
HSBP1L1,1.1232382,1.0983058
LCE1C,1.1232382,1.0983058
SCGB2A1,1.1232382,1.0983058
GNG5,1.1232382,1.0983058
BTAF1,1.1232382,1.0983058
MTRNR2L3,1.1232382,1.0983058
SMIM2,1.1232382,1.0983058
AC131097.4,1.1232382,1.0983058
CFAP74,1.1232382,1.0983058
S100A13,1.1232382,1.0983058
C5orf46,1.1232382,1.0983058
CCDC179,1.1232382,1.0983058
LCE6A,1.1232382,1.0983058
FARSB,1.1232382,1.0983058
S100A5,1.1232382,1.0983058
FAM153A,1.1232382,1.0983058
AL645608.1,1.1232382,1.0983058
CGB5,1.1232382,1.0983058
KRTAP6-2,1.1232382,1.0983058
SPRR2E,1.1232382,1.0983058
KNCN,1.1232382,1.0983058
SPRR2G,1.1232382,1.0983058
ABCB6,1.1232382,1.0983058
ADIRF,1.1232382,1.0983058
LCE1E,1.1232382,1.0983058
SPRR2A,1.1232382,1.0983058
TBC1D3B,1.1232382,1.0983058
CHRM5,1.1232382,1.0983058
AC010327.2,1.1232382,1.0983058
NRG3,1.1232382,1.0983058
PPBP,1.1232382,1.0983058
SMR3A,1.1232382,1.0983058
MT4,1.1232382,1.0983058
C12orf75,1.1232382,1.0983058
NBPF15,1.1232382,1.0983058
IFI27L2,1.1232382,1.0983058
TIMM23B,1.1232382,1.0983058
AC135048.1,1.1232382,1.0983058
SPRR2F,1.1232382,1.0983058
GNG2,1.1232382,1.0983058
CREBBP,1.1232382,1.0983058
CXCL10,1.1232382,1.0983058
SLC26A1,1.1232382,1.0983058
SMCO4,1.1232382,1.0983058
S100A4,1.1232382,1.0983058
PRAMEF6,1.1232382,1.0983058
CXCL6,1.1232382,1.0983058
SPRR2D,1.1232382,1.0983058
SMLR1,1.1232382,1.0983058
HIST1H2BA,1.1232382,1.0983058
NUPR2,1.1232382,1.0983058
HTN3,1.1232382,1.0983058
KRT33A,1.1232382,1.0983058
LCE1F,1.1232382,1.0983058
DEFB133,1.1232382,1.0983058
ANKDD1A,1.1232382,1.0983058
SMIM18,1.1232382,1.0983058
TACC1,1.1232382,1.0983058
TFF1,1.1232382,1.0983058
CXCL8,1.1232382,1.0983058
HBG1,1.1232382,1.0983058
C3orf36,1.1232382,1.0983058
CLLU1OS,1.1232382,1.0983058
C9orf153,1.1232382,1.0983058
CCL18,1.1232382,1.0983058
CTXN1,1.1232382,1.0983058
S100A14,1.1232382,1.0983058
DEFB127,1.1232382,1.0983058
HCST,1.1232382,1.0983058
KRTAP4-1,1.1232382,1.0983058
SVIP,1.1232382,1.0983058
UGGT1,1.1232382,1.0983058
SLC17A7,1.1232382,1.0983058
DLL1,1.1232382,1.0983058
CNPY1,1.1232382,1.0983058
COX17,1.1232382,1.0983058
TCEAL8,1.1232382,1.0983058
SPANXD,1.1232382,1.0983058
CXCL3,1.1232382,1.0983058
C2orf88,1.1232382,1.0983058
DEFB113,1.1232382,1.0983058
CCL20,1.1232382,1.0983058
SMIM17,1.1232382,1.0983058
KRTAP6-3,1.1232382,1.0983058
ATP5ME,1.1232382,1.0983058
SVBP,1.1232382,1.0983058
TEX46,1.1232382,1.0983058
PRR15L,1.1232382,1.0983058
ENTPD4,1.1232382,1.0983058
MYLK3,1.1232382,1.0983058
C19orf48,1.1232382,1.0983058
SYCE3,1.1232382,1.0983058
DEFB126,1.1232382,1.0983058
LEAP2,1.1232382,1.0983058
KCNA3,1.1232382,1.0983058
LY6D,1.1232382,1.0983058
C18orf32,1.1232382,1.0983058
CNTNAP3B,1.1232382,1.0983058
VMAC,1.1232382,1.0983058
CCL1,1.1232382,1.0983058
PRAC1,1.1232382,1.0983058
GNGT2,1.1232382,1.0983058
TP53RK,1.1232382,1.0983058
TMEM72,1.1232382,1.0983058
RASA4,1.1232382,1.0983058
IFI27,1.1232382,1.0983058
HRCT1,1.1232382,1.0983058
KRTAP9-6,1.1232382,1.0983058
SMPX,1.1232382,1.0983058
SMIM13,1.1232382,1.0983058
KRT16,1.1232382,1.0983058
DEFB132,1.1232382,1.0983058
UAP1,1.1232382,1.0983058
TMEM88B,1.1232382,1.0983058
VPS52,1.1232382,1.0983058
ATP5MD,1.1232382,1.0983058
RAP1GAP2,1.1232382,1.0983058
SPRR1A,1.1232382,1.0983058
TEAD1,1.1232382,1.0983058
FSIP2,1.1232382,1.0983058
KRTAP19-3,1.1232382,1.0983058
UQCC3,1.1232382,1.0983058
C19orf53,1.1232382,1.0983058
MT1H,1.1232382,1.0983058
KRTAP15-1,1.1232382,1.0983058
MILR1,1.1232382,1.0983058
SEC61G,1.1232382,1.0983058
CGB3,1.1232382,1.0983058
IAPP,1.1232382,1.0983058
CXCL2,1.1232382,1.0983058
PIWIL4,1.1232382,1.0983058
HIST1H2BO,1.1232382,1.0983058
LELP1,1.1232382,1.0983058
KRTAP12-2,1.1232382,1.0983058
ZNF322,1.1232382,1.0983058
PCOTHP1,1.1232382,1.0983058
SEMA4A,1.1232382,1.0983058
RETNLB,1.1232382,1.0983058
GATB,1.1232382,1.0983058
KIF11,1.1232382,1.0983058
ATL2,1.1232382,1.0983058
ATXN7L3B,1.1232382,1.0983058
TGFB1,1.1232382,1.0983058
FAM86B1,1.1232382,1.0983058
KRTAP1-4,1.1232382,1.0983058
TNP2,1.1232382,1.0983058
SPRN,1.1232382,1.0983058
FLYWCH2,1.1232382,1.0983058
C9orf129,1.1232382,1.0983058
KRTAP5-11,1.1232382,1.0983058
SCRG1,1.1232382,1.0983058
CCL19,1.1232382,1.0983058
CYP4F3,1.1232382,1.0983058
WFDC12,1.1232382,1.0983058
WFDC13,1.1232382,1.0983058
UQCR11,1.1232382,1.0983058
MRPS36,1.1232382,1.0983058
MRPL57,1.1232382,1.0983058
SMKR1,1.1232382,1.0983058
CCL22,1.1232382,1.0983058
HMGN4,1.1232382,1.0983058
CEP104,1.1232382,1.0983058
TRIM39,1.1232382,1.0983058
MT1B,1.1232382,1.0983058
LENEP,1.1232382,1.0983058
C9orf92,1.1232382,1.0983058
GAGE2A,1.1232382,1.0983058
CXCL5,1.1232382,1.0983058
FOXD4L3,1.1232382,1.0983058
HIST1H1B,1.1232382,1.0983058
MZT1,1.1232382,1.0983058
WFDC6,1.1232382,1.0983058
SLC51B,1.1232382,1.0983058
PIRT,1.1232382,1.0983058
TMEM262,1.1232382,1.0983058
GNG10,1.1232382,1.0983058
BOD1L2,1.1232382,1.0983058
DEFB123,1.1232382,1.0983058
AQP12B,1.1232382,1.0983058
C9orf16,1.1232382,1.0983058
CCL15,1.1232382,1.0983058
TNKS1BP1,1.1232382,1.0983058
C14orf177,1.1232382,1.0983058
CCDC167,1.1232382,1.0983058
KRTAP3-3,1.1232382,1.0983058
TMEM114,1.1232382,1.0983058
PET117,1.1232382,1.0983058
SCYL3,1.1232382,1.0983058
HRK,1.1232382,1.0983058
CT83,1.1232382,1.0983058
PAGE5,1.1232382,1.0983058
RPL39L,1.1232382,1.0983058
GNG12,1.1232382,1.0983058
TRIAP1,1.1232382,1.0983058
DMAC1,1.1232382,1.0983058
TMEM155,1.1232382,1.0983058
PI3,1.1232382,1.0983058
KRTAP4-3,1.1232382,1.0983058
MT1G,1.1232382,1.0983058
S100B,1.1232382,1.0983058
UQCR10,1.1232382,1.0983058
NCMAP,1.1232382,1.0983058
KRTAP4-2,1.1232382,1.0983058
TNP1,1.1232382,1.0983058
ARMS2,1.1232382,1.0983058
GOLGA6C,1.1232382,1.0983058
SNORC,1.1232382,1.0983058
HIST1H1D,1.1232382,1.0983058
RPL41,1.1232382,1.0983058
KRTAP19-5,1.1232382,1.0983058
KRTAP5-7,1.1232382,1.0983058
SFTA3,1.1232382,1.0983058
MFN1,1.1232382,1.0983058
S100P,1.1232382,1.0983058
SNX13,1.1232382,1.0983058
CARD18,1.1232382,1.0983058
NT5C2,1.1232382,1.0983058
GNG3,1.1232382,1.0983058
NDUFA1,1.1232382,1.0983058
CMC4,1.1232382,1.0983058
UCN3,1.1232382,1.0983058
CDRT4,1.1232382,1.0983058
SPAG11A,1.1232382,1.0983058
SPRR1B,1.1232382,1.0983058
MRPL53,1.1232382,1.0983058
TMEM238,1.1232382,1.0983058
CCL4,1.1232382,1.0983058
MAP2K1,1.1232382,1.0983058
SNAPC5,1.1232382,1.0983058
C8orf44,1.1232382,1.0983058
SMAGP,1.1232382,1.0983058
TBC1D3G,1.1232382,1.0983058
FAM184A,1.1232382,1.0983058
SPINK9,1.1232382,1.0983058
GTPBP3,1.1232382,1.0983058
SERP2,1.1232382,1.0983058
C11orf45,1.1232382,1.0983058
GNG13,1.1232382,1.0983058
DAAM1,1.1232382,1.0983058
ZNF131,1.1232382,1.0983058
CLPS,1.1232382,1.0983058
BMP5,1.1232382,1.0983058
STH,1.1232382,1.0983058
STATH,1.1232382,1.0983058
BLID,1.1232382,1.0983058
PRLH,1.1232382,1.0983058
PYROXD2,1.1232382,1.0983058
SPRR4,1.1232382,1.0983058
OLFML2B,1.1232382,1.0983058
WFDC9,1.1232382,1.0983058
PYURF,1.1232382,1.0983058
FABP9,1.1232382,1.0983058
BLOC1S3,1.1232382,1.0983058
MTR,1.1232382,1.0983058
HIST1H2BN,1.1232382,1.0983058
VAMP5,1.1232382,1.0983058
SCGB2A2,1.1232382,1.0983058
CCT6B,1.1232382,1.0983058
NRGN,1.1232382,1.0983058
ABHD5,1.1232382,1.0983058
KRTAP13-3,1.1232382,1.0983058
POLR2K,1.1232382,1.0983058
KRTAP17-1,1.1232382,1.0983058
C17orf100,1.1232382,1.0983058
TMEM210,1.1232382,1.0983058
PCP4L1,1.1232382,1.0983058
SNTN,1.1232382,1.0983058
ANXA8,1.1232382,1.0983058
CSN3,1.1232382,1.0983058
KRTAP2-3,1.1232382,1.0983058
RTL8B,1.1232382,1.0983058
CEND1,1.1232382,1.0983058
SMIM9,1.1232382,1.0983058
C20orf144,1.1232382,1.0983058
RHOXF2,1.1232382,1.0983058
TAS2R43,1.1232382,1.0983058
ECSCR,1.1232382,1.0983058
HNF4G,1.1232382,1.0983058
S100A3,1.1232382,1.0983058
AC129492.6,1.1232382,1.0983058
CYB5R3,1.1232382,1.0983058
NLRP13,1.1232382,1.0983058
C4orf48,1.1232382,1.0983058
PPY,1.1232382,1.0983058
SS18L2,1.1232382,1.0983058
CTSC,1.1232382,1.0983058
PPP2R2D,1.1232382,1.0983058
FZR1,1.1232382,1.0983058
PRR27,1.1232382,1.0983058
MRFAP1,1.1232382,1.0983058
CRIM1,1.1232382,1.0983058
PDE6H,1.1232382,1.0983058
KRTAP2-1,1.1232382,1.0983058
SPINK14,1.1232382,1.0983058
SPINT4,1.1232382,1.0983058
C10orf55,1.1232382,1.0983058
TRIM45,1.1232382,1.0983058
TMA7,1.1232382,1.0983058
C10orf105,1.1232382,1.0983058
CSNK1D,1.1232382,1.0983058
SPINK1,1.1232382,1.0983058
ATP5MPL,1.1232382,1.0983058
ATP5MGL,1.1232382,1.0983058
SPANXN4,1.1232382,1.0983058
GLRA2,1.1232382,1.0983058
TCEAL9,1.1232382,1.0983058
KRTAP19-1,1.1232382,1.0983058
CALCB,1.1232382,1.0983058
S100A16,1.1232382,1.0983058
HIST1H2BD,1.1232382,1.0983058
POLR2L,1.1232382,1.0983058
PYCARD-AS1,1.1232382,1.0983058
C4orf36,1.1232382,1.0983058
HIST1H2BI,1.1232382,1.0983058
AGAP4,1.1232382,1.0983058
KRTAP2-4,1.1232382,1.0983058
PLXNA2,1.1232382,1.0983058
KRTAP9-7,1.1232382,1.0983058
MS4A6E,1.1232382,1.0983058
SMPDL3B,1.1232382,1.0983058
C8orf88,1.1232382,1.0983058
HMGN3,1.1232382,1.0983058
OBSCN-AS1,1.1232382,1.0983058
RMI2,1.1232382,1.0983058
PRPF38B,1.1232382,1.0983058
PSMG3,1.1232382,1.0983058
C1orf61,1.1232382,1.0983058
SPINK6,1.1232382,1.0983058
AL441883.1,1.1232382,1.0983058
LCE3E,1.1232382,1.0983058
SPANXN3,1.1232382,1.0983058
SLC1A6,1.1232382,1.0983058
GRK4,1.1232382,1.0983058
HSBP1,1.1232382,1.0983058
MT2A,1.1232382,1.0983058
MARCKSL1,1.1232382,1.0983058
SMCO3,1.1232382,1.0983058
BBIP1,1.1232382,1.0983058
SPANXB1,1.1232382,1.0983058
C20orf141,1.1232382,1.0983058
NOL6,1.1232382,1.0983058
KRTAP9-8,1.1232382,1.0983058
OFCC1,1.1232382,1.0983058
C7orf76,1.1232382,1.0983058
C10orf113,1.1232382,1.0983058
APOA2,1.1232382,1.0983058
TPD52L3,1.1232382,1.0983058
TMEM92,1.1232382,1.0983058
DEFB129,1.1232382,1.0983058
GYPC,1.1232382,1.0983058
NPIPA5,1.1232382,1.0983058
POU4F3,1.1232382,1.0983058
SCP2D1,1.1232382,1.0983058
HIST1H1C,1.1232382,1.0983058
CMC2,1.1232382,1.0983058
PCSK6,1.1232382,1.0983058
MBOAT2,1.1232382,1.0983058
C20ORF135,1.1232382,1.0983058
CT62,1.1232382,1.0983058
BIK,1.1232382,1.0983058
CTXN3,1.1232382,1.0983058
APLN,1.1232382,1.0983058
SPATA45,1.1232382,1.0983058
IL9,1.1232382,1.0983058
SPINK7,1.1232382,1.0983058
SUMO4,1.1232382,1.0983058
ANKRD20A4,1.1232382,1.0983058
GNAT2,1.1232382,1.0983058
TMEM167B,1.1232382,1.0983058
C4orf46,1.1232382,1.0983058
PRR15,1.1232382,1.0983058
CST8,1.1232382,1.0983058
IFNW1,1.1232382,1.0983058
LMO7DN,1.1232382,1.0983058
DEFA5,1.1232382,1.0983058
KRT2,1.1232382,1.0983058
TMEM35B,1.1232382,1.0983058
CCL28,1.1232382,1.0983058
GYPE,1.1232382,1.0983058
KRTAP9-4,1.1232382,1.0983058
RTL8A,1.1232382,1.0983058
UCN2,1.1232382,1.0983058
ALDH1A1,1.1232382,1.0983058
HIST1H2BL,1.1232382,1.0983058
GUCA2A,1.1232382,1.0983058
LCE3D,1.1232382,1.0983058
SMIM24,1.1232382,1.0983058
TCHH,1.1232382,1.0983058
PAGE4,1.1232382,1.0983058
ATG7,1.1232382,1.0983058
MORN2,1.1232382,1.0983058
IFNA14,1.1232382,1.0983058
AC103809.2,1.1232382,1.0983058
CLLU1,1.1232382,1.0983058
PKIG,1.1232382,1.0983058
GAGE10,1.1232382,1.0983058
TXN,1.1232382,1.0983058
IFNA16,1.1232382,1.0983058
SUMF2,1.1232382,1.0983058
LLCFC1,1.1232382,1.0983058
LYRM7,1.1232382,1.0983058
HIST1H2BF,1.1232382,1.0983058
DEFA4,1.1232382,1.0983058
MARVELD1,1.1232382,1.0983058
XCL2,1.1232382,1.0983058
COX19,1.1232382,1.0983058
KRTAP9-3,1.1232382,1.0983058
KRTAP5-4,1.1232382,1.0983058
MTRNR2L6,1.1232382,1.0983058
LCE2A,1.1232382,1.0983058
TMEM100,1.1232382,1.0983058
TBC1D22B,1.1232382,1.0983058
DPH3,1.1232382,1.0983058
CLECL1,1.1232382,1.0983058
SMIM8,1.1232382,1.0983058
IFNA7,1.1232382,1.0983058
SYCN,1.1232382,1.0983058
BET1,1.1232382,1.0983058
CRCT1,1.1232382,1.0983058
ATOX1,1.1232382,1.0983058
PIP,1.1232382,1.0983058
ZFP41,1.1232382,1.0983058
SPINK8,1.1232382,1.0983058
PLA2G2A,1.1232382,1.0983058
KRTAP13-2,1.1232382,1.0983058
RNASE8,1.1232382,1.0983058
MT3,1.1232382,1.0983058
SHISA8,1.1232382,1.0983058
LGALS9B,1.1232382,1.0983058
ASPH,1.1232382,1.0983058
SMCP,1.1232382,1.0983058
CST9L,1.1232382,1.0983058
C10orf99,1.1232382,1.0983058
OXSR1,1.1232382,1.0983058
CARD17,1.1232382,1.0983058
ADIG,1.1232382,1.0983058
ASIC1,1.1232382,1.0983058
PATE1,1.1232382,1.0983058
KRTAP5-9,1.1232382,1.0983058
IFNA2,1.1232382,1.0983058
C12orf60,1.1232382,1.0983058
KRTAP5-8,1.1232382,1.0983058
DEFB135,1.1232382,1.0983058
DEXI,1.1232382,1.0983058
HYPM,1.1232382,1.0983058
CLPSL1,1.1232382,1.0983058
IFNA17,1.1232382,1.0983058
CHRAC1,1.1232382,1.0983058
FGD4,1.1232382,1.0983058
FXYD4,1.1232382,1.0983058
CCL11,1.1232382,1.0983058
IFI6,1.1232382,1.0983058
MLN,1.1232382,1.0983058
SLC22A1,1.1232382,1.0983058
ATP6V0E1,1.1232382,1.0983058
SMDT1,1.1232382,1.0983058
CFC1,1.1232382,1.0983058
CDC5L,1.1232382,1.0983058
TMEM203,1.1232382,1.0983058
KRTAP13-1,1.1232382,1.0983058
GDAP1L1,1.1232382,1.0983058
C5orf49,1.1232382,1.0983058
SNRPF,1.1232382,1.0983058
ZNF576,1.1232382,1.0983058
IL2,1.1232382,1.0983058
LACRT,1.1232382,1.0983058
UBASH3A,1.1232382,1.0983058
CCL5,1.1232382,1.0983058
WFDC11,1.1232382,1.0983058
C16orf92,1.1232382,1.0983058
ACBD7,1.1232382,1.0983058
RNF187,1.1232382,1.0983058
SAA4,1.1232382,1.0983058
SPATA12,1.1232382,1.0983058
COX7B,1.1232382,1.0983058
C6orf201,1.1232382,1.0983058
IFNA21,1.1232382,1.0983058
KLF16,1.1232382,1.0983058
XCL1,1.1232382,1.0983058
S100A9,1.1232382,1.0983058
IFNA6,1.1232382,1.0983058
FCGBP,1.1232382,1.0983058
CCL17,1.1232382,1.0983058
RBP7,1.1232382,1.0983058
CGB2,1.1232382,1.0983058
LGALS2,1.1232382,1.0983058
G0S2,1.1232382,1.0983058
CDNF,1.1232382,1.0983058
IGFL2,1.1232382,1.0983058
PATE3,1.1232382,1.0983058
EPN2,1.1232382,1.0983058
KRTAP19-8,1.1232382,1.0983058
KRTAP9-9,1.1232382,1.0983058
IGFL4,1.1232382,1.0983058
C10orf62,1.1232382,1.0983058
SPRR3,1.1232382,1.0983058
MANBAL,1.1232382,1.0983058
STK39,1.1232382,1.0983058
C12orf73,1.1232382,1.0983058
BRD4,1.1232382,1.0983058
CCDC182,1.1232382,1.0983058
IL18,1.1232382,1.0983058
IFNA4,1.1232382,1.0983058
AC040977.1,1.1232382,1.0983058
COX6C,1.1232382,1.0983058
GGTLC2,1.1232382,1.0983058
PARD3B,1.1232382,1.0983058
GOLGA8J,1.1232382,1.0983058
OSTN,1.1232382,1.0983058
SPTSSA,1.1232382,1.0983058
HTRA3,1.1232382,1.0983058
ALKAL1,1.1232382,1.0983058
C2orf76,1.1232382,1.0983058
NRARP,1.1232382,1.0983058
BRK1,1.1232382,1.0983058
C5orf47,1.1232382,1.0983058
AC096677.1,1.1232382,1.0983058
CLPSL2,1.1232382,1.0983058
PBOV1,1.1232382,1.0983058
CMC1,1.1232382,1.0983058
CAMP,1.1232382,1.0983058
C1orf210,1.1232382,1.0983058
HIST1H2BE,1.1232382,1.0983058
KRTAP5-5,1.1232382,1.0983058
QRFP,1.1232382,1.0983058
CCL21,1.1232382,1.0983058
SLC18A2,1.1232382,1.0983058
NPB,1.1232382,1.0983058
CXCL1,1.1232382,1.0983058
TBC1D16,1.1232382,1.0983058
PCP4,1.1232382,1.0983058
KRTAP27-1,1.1232382,1.0983058
SNN,1.1232382,1.0983058
SMIM14,1.1232382,1.0983058
APOBEC3A,1.1232382,1.0983058
IRGM,1.1232382,1.0983058
KRTAP13-4,1.1232382,1.0983058
PKIB,1.1232382,1.0983058
KRTAP26-1,1.1232382,1.0983058
CTXN2,1.1232382,1.0983058
FDCSP,1.1232382,1.0983058
BASP1,1.1232382,1.0983058
TAS2R1,1.1232382,1.0983058
POMP,1.1232382,1.0983058
NPFF,1.1232382,1.0983058
TMEM244,1.1232382,1.0983058
RPS27L,1.1232382,1.0983058
SELENOH,1.1232382,1.0983058
C1orf21,1.1232382,1.0983058
MUCL1,1.1232382,1.0983058
OOSP2,1.1232382,1.0983058
SCGB1D2,1.1232382,1.0983058
GUCA2B,1.1232382,1.0983058
SMPD3,1.1232382,1.0983058
FABP3,1.1232382,1.0983058
APOC1,1.1232382,1.0983058
RIIAD1,1.1232382,1.0983058
CCL24,1.1232382,1.0983058
TAS2R4,1.1232382,1.0983058
KRTAP21-2,1.1232382,1.0983058
LSM5,1.1232382,1.0983058
GML,1.1232382,1.0983058
NPVF,1.1232382,1.0983058
HBA1,1.1232382,1.0983058
CSF2,1.1232382,1.0983058
TRIM66,1.1232382,1.0983058
HSPB9,1.1232382,1.0983058
TEX22,1.1232382,1.0983058
PNRC2,1.1232382,1.0983058
UFSP1,1.1232382,1.0983058
SLIRP,1.1232382,1.0983058
PATE4,1.1232382,1.0983058
TMEM89,1.1232382,1.0983058
MT1F,1.1232382,1.0983058
KRTAP4-4,1.1232382,1.0983058
CORT,1.1232382,1.0983058
HUS1B,1.1232382,1.0983058
ZNF706,1.1232382,1.0983058
GYPB,1.1232382,1.0983058
INIP,1.1232382,1.0983058
KRTAP9-2,1.1232382,1.0983058
MYCBP,1.1232382,1.0983058
MSH4,1.1232382,1.0983058
C11orf21,1.1232382,1.0983058
ELOC,1.1232382,1.0983058
NUPR1,1.1232382,1.0983058
KRTAP1-3,1.1232382,1.0983058
CST1,1.1232382,1.0983058
IL21,1.1232382,1.0983058
MEIG1,1.1232382,1.0983058
PCSK2,1.1232382,1.0983058
H1F0,1.1232382,1.0983058
FAM32A,1.1232382,1.0983058
PLN,1.1232382,1.0983058
BTBD11,1.1232382,1.0983058
SPACA4,1.1232382,1.0983058
ATP5F1E,1.1232382,1.0983058
CXCL13,1.1232382,1.0983058
TSACC,1.1232382,1.0983058
ITGB3BP,1.1232382,1.0983058
GNGT1,1.1232382,1.0983058
RNASE6,1.1232382,1.0983058
RNASE1,1.1232382,1.0983058
WFDC10A,1.1232382,1.0983058
UBE2NL,1.1232382,1.0983058
CABS1,1.1232382,1.0983058
C10orf131,1.1232382,1.0983058
DSCR4,1.1232382,1.0983058
TMEM167A,1.1232382,1.0983058
SRARP,1.1232382,1.0983058
CCDC184,1.1232382,1.0983058
PYY,1.1232382,1.0983058
ANAPC16,1.1232382,1.0983058
SPAG11B,1.1232382,1.0983058
H1FX,1.1232382,1.0983058
ATP5MF,1.1232382,1.0983058
KRTAP5-1,1.1232382,1.0983058
NDUFAF8,1.1232382,1.0983058
KRTAP5-3,1.1232382,1.0983058
SMIM12,1.1232382,1.0983058
PTTG1,1.1232382,1.0983058
MZT2A,1.1232382,1.0983058
DEFB110,1.1232382,1.0983058
SSX7,1.1232382,1.0983058
LAIR2,1.1232382,1.0983058
KRTAP1-5,1.1232382,1.0983058
C11orf52,1.1232382,1.0983058
CISD2,1.1232382,1.0983058
C2orf15,1.1232382,1.0983058
C17orf67,1.1232382,1.0983058
C2orf83,1.1232382,1.0983058
FABP1,1.1232382,1.0983058
PPP1R1C,1.1232382,1.0983058
COX6A2,1.1232382,1.0983058
CYSTM1,1.1232382,1.0983058
CYS1,1.1232382,1.0983058
PET100,1.1232382,1.0983058
UCN,1.1232382,1.0983058
DEFB116,1.1232382,1.0983058
IFNA1,1.1232382,1.0983058
PNPLA2,1.1232382,1.0983058
KRTAP1-1,1.1232382,1.0983058
CEP120,1.1232382,1.0983058
MINOS1,1.1232382,1.0983058
AC019171.1,1.1232382,1.0983058
RSPH10B2,1.1232382,1.0983058
CCL27,1.1232382,1.0983058
SCAND1,1.1232382,1.0983058
DCD,1.1232382,1.0983058
TEX37,1.1232382,1.0983058
NBPF4,1.1232382,1.0983058
CYTL1,1.1232382,1.0983058
RGCC,1.1232382,1.0983058
PRR9,1.1232382,1.0983058
HIST1H2BJ,1.1232382,1.0983058
APOC4,1.1232382,1.0983058
PRPF19,1.1232382,1.0983058
EID1,1.1232382,1.0983058
IL22,1.1232382,1.0983058
KBTBD6,1.1232382,1.0983058
HSPA1A,1.1232382,1.0983058
TMEM211,1.1232382,1.0983058
CLEC18A,1.1232382,1.0983058
C12orf45,1.1232382,1.0983058
C7orf33,1.1232382,1.0983058
CLEC18C,1.1232382,1.0983058
S100Z,1.1232382,1.0983058
CCL16,1.1232382,1.0983058
MAOA,1.1232382,1.0983058
LTA4H,1.1232382,1.0983058
TMEM105,1.1232382,1.0983058
CCL7,1.1232382,1.0983058
IFNA13,1.1232382,1.0983058
TEX12,1.1232382,1.0983058
INSL4,1.1232382,1.0983058
PDZK1IP1,1.1232382,1.0983058
RPL36AL,1.1232382,1.0983058
COA4,1.1232382,1.0983058
GSTT2B,1.1232382,1.0983058
CALCA,1.1232382,1.0983058
HIST1H2BG,1.1232382,1.0983058
ZBED6CL,1.1232382,1.0983058
LDOC1,1.1232382,1.0983058
CYSRT1,1.1232382,1.0983058
PINLYP,1.1232382,1.0983058
SPINK13,1.1232382,1.0983058
SCGB1D4,1.1232382,1.0983058
PRR18,1.1232382,1.0983058
MYBBP1A,1.1232382,1.0983058
KRTAP5-10,1.1232382,1.0983058
LETM1,1.1232382,1.0983058
NPIPB6,1.1232382,1.0983058
GMNN,1.1232382,1.0983058
SFT2D3,1.1232382,1.0983058
COLEC12,1.1232382,1.0983058
RARRES3,1.1232382,1.0983058
BORCS7,1.1232382,1.0983058
MTPN,1.1232382,1.0983058
TMEM258,1.1232382,1.0983058
CXCL11,1.1232382,1.0983058
BEX1,1.1232382,1.0983058
COA5,1.1232382,1.0983058
TCTA,1.1232382,1.0983058
ZCCHC3,1.1232382,1.0983058
PKIA,1.1232382,1.0983058
GLRX,1.1232382,1.0983058
ASIP,1.1232382,1.0983058
TIAF1,1.1232382,1.0983058
LEUTX,1.1232382,1.0983058
HSPA1B,1.1232382,1.0983058
MRPL33,1.1232382,1.0983058
AHSP,1.1232382,1.0983058
CTH,1.1232382,1.0983058
NLRP12,1.1232382,1.0983058
THEM6,1.1232382,1.0983058
HIST1H4G,1.1232382,1.0983058
VN1R4,1.1232382,1.0983058
C11orf94,1.1232382,1.0983058
INSL5,1.1232382,1.0983058
TIGD1,1.1232382,1.0983058
HIST1H2BC,1.1232382,1.0983058
FAM180A,1.1232382,1.0983058
RAB3GAP1,1.1232382,1.0983058
SLPI,1.1232382,1.0983058
BTC,1.1232382,1.0983058
TREH,1.1232382,1.0983058
SRGN,1.1232382,1.0983058
MBD2,1.1232382,1.0983058
THRSP,1.1232382,1.0983058
TBC1D29,1.1232382,1.0983058
XAGE3,1.1232382,1.0983058
TMEM141,1.1232382,1.0983058
TFF3,1.1232382,1.0983058
C9orf116,1.1232382,1.0983058
MAP1LC3C,1.1232382,1.0983058
ERICH4,1.1232382,1.0983058
GOT2,1.1232382,1.0983058
SMCO1,1.1232382,1.0983058
POMZP3,1.1232382,1.0983058
C11orf87,1.1232382,1.0983058
COX6A1,1.1232382,1.0983058
CCDC71L,1.1232382,1.0983058
MRFAP1L1,1.1232382,1.0983058
EIF1B,1.1232382,1.0983058
HIST3H2BB,1.1232382,1.0983058
HMGA2,1.1232382,1.0983058
GOLGA6A,1.1232382,1.0983058
FNDC10,1.1232382,1.0983058
LY86,1.1232382,1.0983058
CHTF18,1.1232382,1.0983058
GNRH1,1.1232382,1.0983058
SPTSSB,1.1232382,1.0983058
CGB1,1.1232382,1.0983058
TMEM159,1.1232382,1.0983058
CDKN2AIPNL,1.1232382,1.0983058
CXCL9,1.1232382,1.0983058
CCL4L1,1.1232382,1.0983058
DYNLRB2,1.1232382,1.0983058
COA1,1.1232382,1.0983058
LRRC18,1.1232382,1.0983058
C2orf91,1.1232382,1.0983058
AVPI1,1.1232382,1.0983058
NDUFC2,1.1232382,1.0983058
LTO1,1.1232382,1.0983058
PCDH11X,1.1232382,1.0983058
IFITM3,1.1232382,1.0983058
PXT1,1.1232382,1.0983058
TGIF2LX,1.1232382,1.0983058
TMEM263,1.1232382,1.0983058
SMIM29,1.1232382,1.0983058
WFDC10B,1.1232382,1.0983058
ATP6V1G1,1.1232382,1.0983058
URAD,1.1232382,1.0983058
TRIQK,1.1232382,1.0983058
TOMM20L,1.1232382,1.0983058
GYPA,1.1232382,1.0983058
PPP1R11,1.1232382,1.0983058
AQP12A,1.1232382,1.0983058
IL1F10,1.1232382,1.0983058
SUMO1,1.1232382,1.0983058
SHLD1,1.1232382,1.0983058
KRTAP4-7,1.1232382,1.0983058
PPDPFL,1.1232382,1.0983058
CYP1B1,1.1232382,1.0983058
MGARP,1.1232382,1.0983058
GALNT17,1.1232382,1.0983058
UPK2,1.1232382,1.0983058
PATE2,1.1232382,1.0983058
DYNAP,1.1232382,1.0983058
GSPT1,1.1232382,1.0983058
TAS2R3,1.1232382,1.0983058
POTEJ,1.1232382,1.0983058
FAM135B,1.1232382,1.0983058
INTS4,1.1232382,1.0983058
BPIFA2,1.1232382,1.0983058
RAMP3,1.1232382,1.0983058
MBD3L1,1.1232382,1.0983058
CDC42EP5,1.1232382,1.0983058
EIF1,1.1232382,1.0983058
C10orf53,1.1232382,1.0983058
KRTAP10-3,1.1232382,1.0983058
CST5,1.1232382,1.0983058
GAD2,1.1232382,1.0983058
RAB42,1.1232382,1.0983058
C11orf40,1.1232382,1.0983058
VPREB1,1.1232382,1.0983058
FAAP20,1.1232382,1.0983058
PRR13,1.1232382,1.0983058
TNFAIP8L1,1.1232382,1.0983058
EEF1A2,1.1232382,1.0983058
ZBED3,1.1232382,1.0983058
DAPL1,1.1232382,1.0983058
TAX1BP3,1.1232382,1.0983058
C9orf57,1.1232382,1.0983058
PLAC9,1.1232382,1.0983058
CDK8,1.1232382,1.0983058
FOXD4L2,1.1232382,1.0983058
COX14,1.1232382,1.0983058
DPAGT1,1.1232382,1.0983058
COX20,1.1232382,1.0983058
CRB3,1.1232382,1.0983058
XAGE2,1.1232382,1.0983058
PSCA,1.1232382,1.0983058
RFLNB,1.1232382,1.0983058
GSK3A,1.1232382,1.0983058
TARS2,1.1232382,1.0983058
KRT6A,1.1232382,1.0983058
NUP62CL,1.1232382,1.0983058
CXCL17,1.1232382,1.0983058
FXYD2,1.1232382,1.0983058
PPP1R14B,1.1232382,1.0983058
MCCD1,1.1232382,1.0983058
SNRPG,1.1232382,1.0983058
LALBA,1.1232382,1.0983058
PPDPF,1.1232382,1.0983058
NANOS2,1.1232382,1.0983058
ANKRD27,1.1232382,1.0983058
CT55,1.1232382,1.0983058
TXNDC8,1.1232382,1.0983058
KRBOX1,1.1232382,1.0983058
LCN8,1.1232382,1.0983058
GOLT1B,1.1232382,1.0983058
TAS2R38,1.1232382,1.0983058
UBL4B,1.1232382,1.0983058
FGFBP1,1.1232382,1.0983058
CDKAL1,1.1232382,1.0983058
HBG2,1.1232382,1.0983058
TCAF1,1.1232382,1.0983058
IGFL1,1.1232382,1.0983058
MSMB,1.1232382,1.0983058
CCL26,1.1232382,1.0983058
TNFRSF17,1.1232382,1.0983058
CST3,1.1232382,1.0983058
GAL3ST4,1.1232382,1.0983058
SIRPD,1.1232382,1.0983058
POLE3,1.1232382,1.0983058
COMMD1,1.1232382,1.0983058
BCL2L2,1.1232382,1.0983058
GTF2H5,1.1232382,1.0983058
FTHL17,1.1232382,1.0983058
NXT1,1.1232382,1.0983058
RTL8C,1.1232382,1.0983058
CST6,1.1232382,1.0983058
MT1E,1.1232382,1.0983058
MAPK1IP1L,1.1232382,1.0983058
EIF4EBP1,1.1232382,1.0983058
IL13,1.1232382,1.0983058
KIAA1143,1.1232382,1.0983058
CSAG1,1.1232382,1.0983058
SCT,1.1232382,1.0983058
TBX20,1.1232382,1.0983058
RPS27,1.1232382,1.0983058
DCDC2C,1.1232382,1.0983058
CMTM7,1.1232382,1.0983058
CALML5,1.1232382,1.0983058
C11orf74,1.1232382,1.0983058
CKLF,1.1232382,1.0983058
COX7A2,1.1232382,1.0983058
IL15,1.1232382,1.0983058
ZFP64,1.1232382,1.0983058
ENY2,1.1232382,1.0983058
BRD8,1.1232382,1.0983058
TRIM43,1.1232382,1.0983058
ATP5MC1,1.1232382,1.0983058
RPP14,1.1232382,1.0983058
HIST2H2BE,1.1232382,1.0983058
MRPS21,1.1232382,1.0983058
HIST1H2BB,1.1232382,1.0983058
MRPS17,1.1232382,1.0983058
SPINK2,1.1232382,1.0983058
TMEM14A,1.1232382,1.0983058
C9orf40,1.1232382,1.0983058
NDUFAB1,1.1232382,1.0983058
SERP1,1.1232382,1.0983058
RPLP1,1.1232382,1.0983058
CFAP97D1,1.1232382,1.0983058
C3orf18,1.1232382,1.0983058
FANCD2OS,1.1232382,1.0983058
CCL3,1.1232382,1.0983058
PMAIP1,1.1232382,1.0983058
ACAA2,1.1232382,1.0983058
GGTLC1,1.1232382,1.0983058
BLOC1S4,1.1232382,1.0983058
C1orf162,1.1232382,1.0983058
HBEGF,1.1232382,1.0983058
CISD3,1.1232382,1.0983058
TMEM256,1.1232382,1.0983058
NPPA,1.1232382,1.0983058
TMEM42,1.1232382,1.0983058
TMEM250,1.1232382,1.0983058
TRIM49C,1.1232382,1.0983058
TXNRD3,1.1232382,1.0983058
MS4A13,1.1232382,1.0983058
RETN,1.1232382,1.0983058
HIGD1C,1.1232382,1.0983058
SF3B2,1.1232382,1.0983058
SPATA33,1.1232382,1.0983058
PAIP2,1.1232382,1.0983058
GAPT,1.1232382,1.0983058
DYNLT3,1.1232382,1.0983058
FABP7,1.1232382,1.0983058
REP15,1.1232382,1.0983058
NDUFA3,1.1232382,1.0983058
SPATA24,1.1232382,1.0983058
BANF2,1.1232382,1.0983058
SLURP1,1.1232382,1.0983058
TXNRD3NB,1.1232382,1.0983058
LSMEM1,1.1232382,1.0983058
CTNNBL1,1.1232382,1.0983058
PRM1,1.1232382,1.0983058
PSORS1C1,1.1232382,1.0983058
RPA3,1.1232382,1.0983058
MRPS18C,1.1232382,1.0983058
CSTB,1.1232382,1.0983058
TEX19,1.1232382,1.0983058
USP15,1.1232382,1.0983058
VN1R1,1.1232382,1.0983058
CLEC5A,1.1232382,1.0983058
MZT2B,1.1232382,1.0983058
C11orf71,1.1232382,1.0983058
TAS2R50,1.1232382,1.0983058
IL5,1.1232382,1.0983058
H3F3C,1.1232382,1.0983058
TMEM60,1.1232382,1.0983058
PAGE1,1.1232382,1.0983058
PHLDA3,1.1232382,1.0983058
AHSA2P,1.1232382,1.0983058
MERTK,1.1232382,1.0983058
RNASE9,1.1232382,1.0983058
RIPPLY2,1.1232382,1.0983058
GCK,1.1232382,1.0983058
PKP1,1.1232382,1.0983058
RPL36,1.1232382,1.0983058
MBD4,1.1232382,1.0983058
LY6G6C,1.1232382,1.0983058
PIH1D3,1.1232382,1.0983058
JCHAIN,1.1232382,1.0983058
OPALIN,1.1232382,1.0983058
TMEM154,1.1232382,1.0983058
SPINK4,1.1232382,1.0983058
SIDT1,1.1232382,1.0983058
C15orf40,1.1232382,1.0983058
TET3,1.1232382,1.0983058
PLA2G2E,1.1232382,1.0983058
HBZ,1.1232382,1.0983058
NDUFB3,1.1232382,1.0983058
CDK2AP2,1.1232382,1.0983058
TAS2R30,1.1232382,1.0983058
POLG2,1.1232382,1.0983058
IGLL1,1.1232382,1.0983058
NKX6-3,1.1232382,1.0983058
DEFB118,1.1232382,1.0983058
MSMP,1.1232382,1.0983058
CST9,1.1232382,1.0983058
OCM2,1.1232382,1.0983058
GHRH,1.1232382,1.0983058
TPRKB,1.1232382,1.0983058
CMTM3,1.1232382,1.0983058
HBM,1.1232382,1.0983058
TMEM215,1.1232382,1.0983058
TAS2R8,1.1232382,1.0983058
ZG16B,1.1232382,1.0983058
TMEM52,1.1232382,1.0983058
B2M,1.1232382,1.0983058
SMIM19,1.1232382,1.0983058
TMEM119,1.1232382,1.0983058
LCN15,1.1232382,1.0983058
NPPB,1.1232382,1.0983058
CLEC19A,1.1232382,1.0983058
CDC42SE1,1.1232382,1.0983058
C3orf22,1.1232382,1.0983058
HIGD1B,1.1232382,1.0983058
DNAJC24,1.1232382,1.0983058
CDPF1,1.1232382,1.0983058
SSX1,1.1232382,1.0983058
TMEM126B,1.1232382,1.0983058
PTTG2,1.1232382,1.0983058
FAM163B,1.1232382,1.0983058
IFNA8,1.1232382,1.0983058
TMEM125,1.1232382,1.0983058
NPW,1.1232382,1.0983058
N6AMT1,1.1232382,1.0983058
C17orf103,1.1232382,1.0983058
OTOR,1.1232382,1.0983058
OTOS,1.1232382,1.0983058
RAMP1,1.1232382,1.0983058
OSM,1.1232382,1.0983058
RNASE11,1.1232382,1.0983058
TEN1,1.1232382,1.0983058
SERTAD3,1.1232382,1.0983058
IL23A,1.1232382,1.0983058
PYCARD,1.1232382,1.0983058
C15orf53,1.1232382,1.0983058
CRIPT,1.1232382,1.0983058
INTS6,1.1232382,1.0983058
SEM1,1.1232382,1.0983058
SHISAL2A,1.1232382,1.0983058
CGA,1.1232382,1.0983058
TCEAL3,1.1232382,1.0983058
IFRG15,1.1232382,1.0983058
TAC1,1.1232382,1.0983058
NDUFB1,1.1232382,1.0983058
SMIM21,1.1232382,1.0983058
AL049829.1,1.1232382,1.0983058
RNASE3,1.1232382,1.0983058
ANKRD37,1.1232382,1.0983058
KISS1,1.1232382,1.0983058
OIP5,1.1232382,1.0983058
PTH,1.1232382,1.0983058
CST4,1.1232382,1.0983058
IL36A,1.1232382,1.0983058
RNASE13,1.1232382,1.0983058
C1orf54,1.1232382,1.0983058
C15orf61,1.1232382,1.0983058
FAM9C,1.1232382,1.0983058
PPIL3,1.1232382,1.0983058
HIST1H2BM,1.1232382,1.0983058
ISCA1,1.1232382,1.0983058
TAC4,1.1232382,1.0983058
KRTAP4-5,1.1232382,1.0983058
C1orf186,1.1232382,1.0983058
LARS2,1.1232382,1.0983058
C9orf85,1.1232382,1.0983058
SUB1,1.1232382,1.0983058
CER1,1.1232382,1.0983058
CERS6,1.1232382,1.0983058
FGF16,1.1232382,1.0983058
GSTA1,1.1232382,1.0983058
TSTD1,1.1232382,1.0983058
ISG15,1.1232382,1.0983058
H2BFWT,1.1232382,1.0983058
SOX17,1.1232382,1.0983058
MRPL36,1.1232382,1.0983058
CYCS,1.1232382,1.0983058
CSTA,1.1232382,1.0983058
IFNA10,1.1232382,1.0983058
CYYR1,1.1232382,1.0983058
ANAPC13,1.1232382,1.0983058
SST,1.1232382,1.0983058
MFGE8,1.1232382,1.0983058
COLCA2,1.1232382,1.0983058
WDR83OS,1.1232382,1.0983058
MRPL30,1.1232382,1.0983058
GTF2A2,1.1232382,1.0983058
APOM,1.1232382,1.0983058
MTTP,1.1232382,1.0983058
C1orf189,1.1232382,1.0983058
C5orf15,1.1232382,1.0983058
LAGE3,1.1232382,1.0983058
SELENOK,1.1232382,1.0983058
POLD4,1.1232382,1.0983058
CENPX,1.1232382,1.0983058
PAEP,1.1232382,1.0983058
CT47B1,1.1232382,1.0983058
HMGA1,1.1232382,1.0983058
LY6L,1.1232382,1.0983058
HBA2,1.1232382,1.0983058
INAFM1,1.1232382,1.0983058
MLH1,1.1232382,1.0983058
GTSF1L,1.1232382,1.0983058
CST7,1.1232382,1.0983058
AC022532.1,1.1232382,1.0983058
NDUFB7,1.1232382,1.0983058
ATP6V1F,1.1232382,1.0983058
ACOT6,1.1232382,1.0983058
NAT14,1.1232382,1.0983058
TMEM207,1.1232382,1.0983058
TAS2R31,1.1232382,1.0983058
FAM167A,1.1232382,1.0983058
ERICH2,1.1232382,1.0983058
KLRC4,1.1232382,1.0983058
MS4A5,1.1232382,1.0983058
NUTM2B,1.1232382,1.0983058
ARMCX6,1.1232382,1.0983058
LCE5A,1.1232382,1.0983058
LY6G6D,1.1232382,1.0983058
AGR3,1.1232382,1.0983058
SAP25,1.1232382,1.0983058
RPRML,1.1232382,1.0983058
MAL,1.1232382,1.0983058
CDKN2D,1.1232382,1.0983058
RBP2,1.1232382,1.0983058
TIMM10,1.1232382,1.0983058
IL7,1.1232382,1.0983058
KCNE4,1.1232382,1.0983058
IL4,1.1232382,1.0983058
ICOS,1.1232382,1.0983058
CPLX4,1.1232382,1.0983058
PIN4,1.1232382,1.0983058
HAUS2,1.1232382,1.0983058
C16orf91,1.1232382,1.0983058
MRPL27,1.1232382,1.0983058
FAM163A,1.1232382,1.0983058
PVALB,1.1232382,1.0983058
RP11-211G3.3,1.1232382,1.0983058
GOLGA6B,1.1232382,1.0983058
UCMA,1.1232382,1.0983058
SNRPE,1.1232382,1.0983058
TMEM225,1.1232382,1.0983058
RPLP2,1.1232382,1.0983058
UBD,1.1232382,1.0983058
CDC42SE2,1.1232382,1.0983058
HIGD1A,1.1232382,1.0983058
KRTAP10-10,1.1232382,1.0983058
DEFB112,1.1232382,1.0983058
RP11-508N12.4,1.1232382,1.0983058
IFNL3,1.1232382,1.0983058
USP49,1.1232382,1.0983058
IFNB1,1.1232382,1.0983058
C12orf71,1.1232382,1.0983058
EVA1A,1.1232382,1.0983058
ZNHIT3,1.1232382,1.0983058
CDC26,1.1232382,1.0983058
DPPA3,1.1232382,1.0983058
AKAP9,1.1232382,1.0983058
NINL,1.1232382,1.0983058
C4orf45,1.1232382,1.0983058
GLUL,1.1232382,1.0983058
PPP1R14A,1.1232382,1.0983058
SPATA3,1.1232382,1.0983058
TCIM,1.1232382,1.0983058
KCNE5,1.1232382,1.0983058
OXLD1,1.1232382,1.0983058
PQLC2L,1.1232382,1.0983058
IGSF3,1.1232382,1.0983058
ARHGAP11B,1.1232382,1.0983058
RAET1L,1.1232382,1.0983058
ARPP19,1.1232382,1.0983058
CRH,1.1232382,1.0983058
TNFAIP8L2,1.1232382,1.0983058
NRN1,1.1232382,1.0983058
HIST2H2BF,1.1232382,1.0983058
ARHGAP33,1.1232382,1.0983058
STUM,1.1232382,1.0983058
AC087645.1,1.1232382,1.0983058
IL37,1.1232382,1.0983058
SLC2A2,1.1232382,1.0983058
CLEC2A,1.1232382,1.0983058
TMEM158,1.1232382,1.0983058
TMEM220,1.1232382,1.0983058
RNASE12,1.1232382,1.0983058
REG1A,1.1232382,1.0983058
PRIMA1,1.1232382,1.0983058
BCL2,1.1232382,1.0983058
CCDC140,1.1232382,1.0983058
C1D,1.1232382,1.0983058
SRGAP1,1.1232382,1.0983058
REG3G,1.1232382,1.0983058
IGSF23,1.1232382,1.0983058
FABP12,1.1232382,1.0983058
CITED4,1.1232382,1.0983058
KRTAP4-12,1.1232382,1.0983058
SELENOM,1.1232382,1.0983058
PITX1,1.1232382,1.0983058
TAL2,1.1232382,1.0983058
C19orf70,1.1232382,1.0983058
TLR7,1.1232382,1.0983058
C3orf35,1.1232382,1.0983058
POLR3K,1.1232382,1.0983058
KRTAP4-6,1.1232382,1.0983058
SERHL2,1.1232382,1.0983058
SPATA25,1.1232382,1.0983058
AARD,1.1232382,1.0983058
TMEM139,1.1232382,1.0983058
LARP1B,1.1232382,1.0983058
NDUFC1,1.1232382,1.0983058
C10orf126,1.1232382,1.0983058
ZRSR2P1,1.1232382,1.0983058
KRTAP4-8,1.1232382,1.0983058
MS4A12,1.1232382,1.0983058
GABRA2,1.1232382,1.0983058
C11orf91,1.1232382,1.0983058
GLIPR2,1.1232382,1.0983058
BEX2,1.1232382,1.0983058
C2CD6,1.1232382,1.0983058
FAM9B,1.1232382,1.0983058
CXorf66,1.1232382,1.0983058
POTEG,1.1232382,1.0983058
INO80C,1.1232382,1.0983058
TMEM247,1.1232382,1.0983058
NOMO3,1.1232382,1.0983058
LHB,1.1232382,1.0983058
KLRC3,1.1232382,1.0983058
H1FOO,1.1232382,1.0983058
GALP,1.1232382,1.0983058
LAMTOR4,1.1232382,1.0983058
LRRC20,1.1232382,1.0983058
BGLAP,1.1232382,1.0983058
KLRF2,1.1232382,1.0983058
CDC42EP2,1.1232382,1.0983058
KCNE3,1.1232382,1.0983058
FAM174A,1.1232382,1.0983058
AP2M1,1.1232382,1.0983058
FAM241B,1.1232382,1.0983058
FBXO48,1.1232382,1.0983058
PLAC8L1,1.1232382,1.0983058
TEX43,1.1232382,1.0983058
PDE6G,1.1232382,1.0983058
TSHB,1.1232382,1.0983058
C5orf24,1.1232382,1.0983058
TP53AIP1,1.1232382,1.0983058
OVOL3,1.1232382,1.0983058
GIP,1.1232382,1.0983058
TAS2R16,1.1232382,1.0983058
MIF,1.1232382,1.0983058
C1orf52,1.1232382,1.0983058
GSTA5,1.1232382,1.0983058
TTC32,1.1232382,1.0983058
NDUFA5,1.1232382,1.0983058
IFNL1,1.1232382,1.0983058
MAGEA8,1.1232382,1.0983058
PIGP,1.1232382,1.0983058
SIT1,1.1232382,1.0983058
MS4A2,1.1232382,1.0983058
RNF183,1.1232382,1.0983058
STT3B,1.1232382,1.0983058
ILF3,1.1232382,1.0983058
IGFL3,1.1232382,1.0983058
FABP5,1.1232382,1.0983058
C1orf122,1.1232382,1.0983058
SMIM23,1.1232382,1.0983058
C10orf82,1.1232382,1.0983058
ATP5MG,1.1232382,1.0983058
MUSTN1,1.1232382,1.0983058
METTL14,1.1232382,1.0983058
MS4A3,1.1232382,1.0983058
HEBP1,1.1232382,1.0983058
C12orf42,1.1232382,1.0983058
TAS2R9,1.1232382,1.0983058
REG3A,1.1232382,1.0983058
RAB6C,1.1232382,1.0983058
PDRG1,1.1232382,1.0983058
MS4A15,1.1232382,1.0983058
LPCAT2,1.1232382,1.0983058
GIMAP7,1.1232382,1.0983058
THOC3,1.1232382,1.0983058
C2CD4D,1.1232382,1.0983058
GCSAML,1.1232382,1.0983058
UGDH,1.1232382,1.0983058
NAT8,1.1232382,1.0983058
CMTM6,1.1232382,1.0983058
ANXA2R,1.1232382,1.0983058
IL31,1.1232382,1.0983058
NDUFA4,1.1232382,1.0983058
ZNF581,1.1232382,1.0983058
PLET1,1.1232382,1.0983058
UBALD2,1.1232382,1.0983058
HYPK,1.1232382,1.0983058
RPRM,1.1232382,1.0983058
EMC6,1.1232382,1.0983058
CST11,1.1232382,1.0983058
PFDN4,1.1232382,1.0983058
IFNL2,1.1232382,1.0983058
TEX29,1.1232382,1.0983058
TEX44,1.1232382,1.0983058
MRPL54,1.1232382,1.0983058
DSTN,1.1232382,1.0983058
TMEM174,1.1232382,1.0983058
CARNS1,1.1232382,1.0983058
SRP14,1.1232382,1.0983058
LOR,1.1232382,1.0983058
FCGR3B,1.1232382,1.0983058
TTC26,1.1232382,1.0983058
FAM153B,1.1232382,1.0983058
FRG2,1.1232382,1.0983058
FMC1,1.1232382,1.0983058
UFM1,1.1232382,1.0983058
ZNF705A,1.1232382,1.0983058
EID2,1.1232382,1.0983058
PLAC8,1.1232382,1.0983058
FAM104B,1.1232382,1.0983058
C16orf90,1.1232382,1.0983058
TMEM170B,1.1232382,1.0983058
AC009065.1,1.1232382,1.0983058
MED9,1.1232382,1.0983058
CSN2,1.1232382,1.0983058
LCNL1,1.1232382,1.0983058
RPL22,1.1232382,1.0983058
HSPE1,1.1232382,1.0983058
TOMM5,1.1232382,1.0983058
KRTAP4-9,1.1232382,1.0983058
SPANXN2,1.1232382,1.0983058
TMEM61,1.1232382,1.0983058
CD302,1.1232382,1.0983058
SAMD5,1.1232382,1.0983058
SELENOW,1.1232382,1.0983058
ZBED2,1.1232382,1.0983058
PANK3,1.1232382,1.0983058
FKBP15,1.1232382,1.0983058
CDA,1.1232382,1.0983058
GTF2IRD2B,1.1232382,1.0983058
TIMM8A,1.1232382,1.0983058
FAM241A,1.1232382,1.0983058
C17orf98,1.1232382,1.0983058
ARL9,1.1232382,1.0983058
SIGLEC14,1.1232382,1.0983058
SORCS3,1.1232382,1.0983058
TNFRSF13C,1.1232382,1.0983058
AKAIN1,1.1232382,1.0983058
PRCD,1.1232382,1.0983058
CCDC144NL,1.1232382,1.0983058
RARRES2,1.1232382,1.0983058
RNASE7,1.1232382,1.0983058
RPEL1,1.1232382,1.0983058
CBWD2,1.1232382,1.0983058
MRGPRX4,1.1232382,1.0983058
CLC,1.1232382,1.0983058
IPO11,1.1232382,1.0983058
MARK1,1.1232382,1.0983058
TCL1B,1.1232382,1.0983058
NCOA5,1.1232382,1.0983058
KCNJ6,1.1232382,1.0983058
ZNF428,1.1232382,1.0983058
TEDDM1,1.1232382,1.0983058
SF3B6,1.1232382,1.0983058
FABP6,1.1232382,1.0983058
GPX5,1.1232382,1.0983058
SEC61B,1.1232382,1.0983058
CMTM8,1.1232382,1.0983058
GGACT,1.1232382,1.0983058
CXCL14,1.1232382,1.0983058
GCHFR,1.1232382,1.0983058
CTAGE6,1.1232382,1.0983058
NINJ1,1.1232382,1.0983058
PPP1R14D,1.1232382,1.0983058
RPL30,1.1232382,1.0983058
NNMT,1.1232382,1.0983058
KRTAP10-2,1.1232382,1.0983058
TIMM8B,1.1232382,1.0983058
PSORS1C2,1.1232382,1.0983058
CXCL16,1.1232382,1.0983058
GNPNAT1,1.1232382,1.0983058
LBH,1.1232382,1.0983058
DTD2,1.1232382,1.0983058
TMEM253,1.1232382,1.0983058
EBF4,1.1232382,1.0983058
GRP,1.1232382,1.0983058
MAGEA3,1.1232382,1.0983058
PPIA,1.1232382,1.0983058
FUOM,1.1232382,1.0983058
SNU13,1.1232382,1.0983058
CD7,1.1232382,1.0983058
ZNF524,1.1232382,1.0983058
ACOT13,1.1232382,1.0983058
TAS2R46,1.1232382,1.0983058
C20orf27,1.1232382,1.0983058
MAGEA6,1.1232382,1.0983058
TSPO2,1.1232382,1.0983058
NNAT,1.1232382,1.0983058
FOXL2NB,1.1232382,1.0983058
ZDBF2,1.1232382,1.0983058
AP5S1,1.1232382,1.0983058
SPCS3,1.1232382,1.0983058
HTR5A-AS1,1.1232382,1.0983058
PLAC1,1.1232382,1.0983058
TMEM99,1.1232382,1.0983058
TAS2R42,1.1232382,1.0983058
ANAPC4,1.1232382,1.0983058
COX16,1.1232382,1.0983058
MRPL42,1.1232382,1.0983058
SMAD1,1.1232382,1.0983058
NUDT15,1.1232382,1.0983058
FAM218A,1.1232382,1.0983058
C21orf62,1.1232382,1.0983058
TMEM14B,1.1232382,1.0983058
VMA21,1.1232382,1.0983058
KHDC1L,1.1232382,1.0983058
TAS2R40,1.1232382,1.0983058
DCANP1,1.1232382,1.0983058
GLOD5,1.1232382,1.0983058
UCP2,1.1232382,1.0983058
KIAA1024L,1.1232382,1.0983058
RNF224,1.1232382,1.0983058
C12orf54,1.1232382,1.0983058
AMTN,1.1232382,1.0983058
TOMM22,1.1232382,1.0983058
KLRD1,1.1232382,1.0983058
IFT20,1.1232382,1.0983058
RIDA,1.1232382,1.0983058
RPS25,1.1232382,1.0983058
COMMD10,1.1232382,1.0983058
FKBP1B,1.1232382,1.0983058
TPPP2,1.1232382,1.0983058
S100A1,1.1232382,1.0983058
VAMP4,1.1232382,1.0983058
DLEU7,1.1232382,1.0983058
SSPN,1.1232382,1.0983058
SUZ12,1.1232382,1.0983058
TSEN15,1.1232382,1.0983058
RNF225,1.1232382,1.0983058
LAMTOR5,1.1232382,1.0983058
HMGN5,1.1232382,1.0983058
ZHX1,1.1232382,1.0983058
XRN1,1.1232382,1.0983058
HS6ST3,1.1232382,1.0983058
CDC42BPB,1.1232382,1.0983058
SERTAD1,1.1232382,1.0983058
C3orf14,1.1232382,1.0983058
RFPL4AL1,1.1232382,1.0983058
UTF1,1.1232382,1.0983058
IL12A,1.1232382,1.0983058
LYZL6,1.1232382,1.0983058
CTF1,1.1232382,1.0983058
TAC3,1.1232382,1.0983058
PARM1,1.1232382,1.0983058
PMM1,1.1232382,1.0983058
EBLN1,1.1232382,1.0983058
MRPS16,1.1232382,1.0983058
C11orf53,1.1232382,1.0983058
TMEM81,1.1232382,1.0983058
FRG2B,1.1232382,1.0983058
SPN,1.1232382,1.0983058
MAGEC2,1.1232382,1.0983058
LHX4,1.1232382,1.0983058
MAP6D1,1.1232382,1.0983058
LYPD2,1.1232382,1.0983058
CRCP,1.1232382,1.0983058
ACKR1,1.1232382,1.0983058
TMEM221,1.1232382,1.0983058
CGB7,1.1232382,1.0983058
CXorf40B,1.1232382,1.0983058
AGRP,1.1232382,1.0983058
FAM216B,1.1232382,1.0983058
CCDC160,1.1232382,1.0983058
ODF4,1.1232382,1.0983058
PTGES3L,1.1232382,1.0983058
IMP3,1.1232382,1.0983058
CKS2,1.1232382,1.0983058
C5orf63,1.1232382,1.0983058
PRAMEF3,1.1232382,1.0983058
ROPN1,1.1232382,1.0983058
ITM2A,1.1232382,1.0983058
PLP2,1.1232382,1.0983058
C2orf50,1.1232382,1.0983058
ARL6IP6,1.1232382,1.0983058
EBLN2,1.1232382,1.0983058
MIEN1,1.1232382,1.0983058
CHCHD7,1.1232382,1.0983058
C19orf18,1.1232382,1.0983058
CD47,1.1232382,1.0983058
STAT6,1.1232382,1.0983058
PMCH,1.1232382,1.0983058
TCEAL6,1.1232382,1.0983058
CCDC126,1.1232382,1.0983058
TSHZ2,1.1232382,1.0983058
TEX38,1.1232382,1.0983058
C1orf158,1.1232382,1.0983058
FTO,1.1232382,1.0983058
TMEM252,1.1232382,1.0983058
TMEM273,1.1232382,1.0983058
TCAF2,1.1232382,1.0983058
CBY1,1.1232382,1.0983058
MMP14,1.1232382,1.0983058
ANAPC15,1.1232382,1.0983058
LYSMD2,1.1232382,1.0983058
ARMCX3,1.1232382,1.0983058
TREML4,1.1232382,1.0983058
SAMD13,1.1232382,1.0983058
IL15RA,1.1232382,1.0983058
LIME1,1.1232382,1.0983058
RNASE10,1.1232382,1.0983058
MS4A8,1.1232382,1.0983058
ZC3H4,1.1232382,1.0983058
CRABP1,1.1232382,1.0983058
C17orf99,1.1232382,1.0983058
EIF4EBP3,1.1232382,1.0983058
TIFAB,1.1232382,1.0983058
KRBOX4,1.1232382,1.0983058
CMTM2,1.1232382,1.0983058
ZDHHC11B,1.1232382,1.0983058
NDUFA11,1.1232382,1.0983058
CNTF,1.1232382,1.0983058
TMEM86B,1.1232382,1.0983058
TMEM187,1.1232382,1.0983058
C15orf48,1.1232382,1.0983058
FCGR2B,1.1232382,1.0983058
HS6ST1,1.1232382,1.0983058
NBL1,1.1232382,1.0983058
NBPF10,1.1232382,1.0983058
TPGS1,1.1232382,1.0983058
RNF7,1.1232382,1.0983058
IL33,1.1232382,1.0983058
NPM3,1.1232382,1.0983058
FABP2,1.1232382,1.0983058
NDUFA2,1.1232382,1.0983058
UBQLN4,1.1232382,1.0983058
EQTN,1.1232382,1.0983058
LSM7,1.1232382,1.0983058
ULBP2,1.1232382,1.0983058
PCLAF,1.1232382,1.0983058
MTCP1,1.1232382,1.0983058
IKBKG,1.1232382,1.0983058
LPL,1.1232382,1.0983058
IL36G,1.1232382,1.0983058
PLA2G2C,1.1232382,1.0983058
NACA2,1.1232382,1.0983058
KRTAP10-1,1.1232382,1.0983058
ENO3,1.1232382,1.0983058
BOK,1.1232382,1.0983058
SNHG28,1.1232382,1.0983058
TNFSF4,1.1232382,1.0983058
RFPL4A,1.1232382,1.0983058
MCRIP2,1.1232382,1.0983058
DAD1,1.1232382,1.0983058
LCN1,1.1232382,1.0983058
LGALS16,1.1232382,1.0983058
NPIPB11,1.1232382,1.0983058
TMEM69,1.1232382,1.0983058
NUDT8,1.1232382,1.0983058
IL26,1.1232382,1.0983058
EDDM3A,1.1232382,1.0983058
VAMP8,1.1232382,1.0983058
SLC2A8,1.1232382,1.0983058
LIN52,1.1232382,1.0983058
FXYD6,1.1232382,1.0983058
GATS,1.1232382,1.0983058
BET1L,1.1232382,1.0983058
HCFC1R1,1.1232382,1.0983058
PPP1R1B,1.1232382,1.0983058
SLC7A11,1.1232382,1.0983058
MSGN1,1.1232382,1.0983058
EIF1AX,1.1232382,1.0983058
SAA2,1.1232382,1.0983058
ASPRV1,1.1232382,1.0983058
SLC30A5,1.1232382,1.0983058
RPS29,1.1232382,1.0983058
CEBPD,1.1232382,1.0983058
C12orf74,1.1232382,1.0983058
OBP2B,1.1232382,1.0983058
DIO3,1.1232382,1.0983058
TNFAIP8,1.1232382,1.0983058
VHLL,1.1232382,1.0983058
AC011484.1,1.1232382,1.0983058
MAGEB18,1.1232382,1.0983058
SCARA5,1.1232382,1.0983058
CNIH1,1.1232382,1.0983058
C3orf80,1.1232382,1.0983058
FAM86C1,1.1232382,1.0983058
ABRACL,1.1232382,1.0983058
KRTAP10-11,1.1232382,1.0983058
BEX3,1.1232382,1.0983058
GP9,1.1232382,1.0983058
INTS1,1.1232382,1.0983058
MTURN,1.1232382,1.0983058
SMIM4,1.1232382,1.0983058
HTRA2,1.1232382,1.0983058
SELENOV,1.1232382,1.0983058
RPP38,1.1232382,1.0983058
TRNP1,1.1232382,1.0983058
RPA4,1.1232382,1.0983058
FAM183A,1.1232382,1.0983058
AURKAIP1,1.1232382,1.0983058
EIF1AD,1.1232382,1.0983058
TIMM9,1.1232382,1.0983058
FFAR3,1.1232382,1.0983058
C4B,1.1232382,1.0983058
KLRG1,1.1232382,1.0983058
RELL1,1.1232382,1.0983058
DUS2,1.1232382,1.0983058
MFSD6,1.1232382,1.0983058
RGS13,1.1232382,1.0983058
UBE2V2,1.1232382,1.0983058
ACYP1,1.1232382,1.0983058
TCEAL5,1.1232382,1.0983058
PPP1R27,1.1232382,1.0983058
NUDT2,1.1232382,1.0983058
CRIP1,1.1232382,1.0983058
PNMA8A,1.1232382,1.0983058
HIGD2A,1.1232382,1.0983058
ANO6,1.1232382,1.0983058
ULBP3,1.1232382,1.0983058
SECTM1,1.1232382,1.0983058
PLLP,1.1232382,1.0983058
RPS19BP1,1.1232382,1.0983058
MCTS1,1.1232382,1.0983058
MRGPRX3,1.1232382,1.0983058
C17orf97,1.1232382,1.0983058
C1orf194,1.1232382,1.0983058
BORCS8,1.1232382,1.0983058
TBCA,1.1232382,1.0983058
PRM2,1.1232382,1.0983058
BANF1,1.1232382,1.0983058
TXNL4B,1.1232382,1.0983058
POTEM,1.1232382,1.0983058
CDR1,1.1232382,1.0983058
BOP1,1.1232382,1.0983058
THEM5,1.1232382,1.0983058
GAST,1.1232382,1.0983058
BTF3L4,1.1232382,1.0983058
SHISAL2B,1.1232382,1.0983058
SYNJ2BP,1.1232382,1.0983058
ANKRD66,1.1232382,1.0983058
SDHAF3,1.1232382,1.0983058
EIF4A1,1.1232382,1.0983058
RBP1,1.1232382,1.0983058
IL17B,1.1232382,1.0983058
CKS1B,1.1232382,1.0983058
C17orf49,1.1232382,1.0983058
OPTC,1.1232382,1.0983058
TMEM233,1.1232382,1.0983058
CSF3,1.1232382,1.0983058
COX7A1,1.1232382,1.0983058
MORF4L2,1.1232382,1.0983058
PLGRKT,1.1232382,1.0983058
DYDC2,1.1232382,1.0983058
TCEAL2,1.1232382,1.0983058
GSKIP,1.1232382,1.0983058
PFDN5,1.1232382,1.0983058
POLR2I,1.1232382,1.0983058
CYREN,1.1232382,1.0983058
NSMCE2,1.1232382,1.0983058
LSM2,1.1232382,1.0983058
TMEM219,1.1232382,1.0983058
LY6G5B,1.1232382,1.0983058
CXorf21,1.1232382,1.0983058
MGST1,1.1232382,1.0983058
TUSC2,1.1232382,1.0983058
KRTCAP3,1.1232382,1.0983058
ASXL1,1.1232382,1.0983058
MB,1.1232382,1.0983058
TAF10,1.1232382,1.0983058
GPX8,1.1232382,1.0983058
S100A2,1.1232382,1.0983058
TM4SF18,1.1232382,1.0983058
COMMD5,1.1232382,1.0983058
SLC31A2,1.1232382,1.0983058
TMEM37,1.1232382,1.0983058
PLA2G1B,1.1232382,1.0983058
CCL23,1.1232382,1.0983058
FAM9A,1.1232382,1.0983058
KLLN,1.1232382,1.0983058
SIAH3,1.1232382,1.0983058
VAMP2,1.1232382,1.0983058
IFITM2,1.1232382,1.0983058
KLRC2,1.1232382,1.0983058
CHCHD5,1.1232382,1.0983058
KRTAP9-1,1.1232382,1.0983058
ID4,1.1232382,1.0983058
KRTDAP,1.1232382,1.0983058
LYZL4,1.1232382,1.0983058
ID2,1.1232382,1.0983058
TRIM49,1.1232382,1.0983058
PDCD1LG2,1.1232382,1.0983058
VSTM5,1.1232382,1.0983058
NUDT14,1.1232382,1.0983058
KRTAP10-12,1.1232382,1.0983058
DNAJB8,1.1232382,1.0983058
RTP2,1.1232382,1.0983058
KRTAP10-8,1.1232382,1.0983058
PTPRCAP,1.1232382,1.0983058
GOLT1A,1.1232382,1.0983058
REG1B,1.1232382,1.0983058
LCN9,1.1232382,1.0983058
SCOC,1.1232382,1.0983058
FAM209B,1.1232382,1.0983058
TCTEX1D2,1.1232382,1.0983058
UTP14A,1.1232382,1.0983058
GABBR1,1.1232382,1.0983058
KAT8,1.1232382,1.0983058
FAM210B,1.1232382,1.0983058
C20orf85,1.1232382,1.0983058
C9orf152,1.1232382,1.0983058
HHLA3,1.1232382,1.0983058
MMP28,1.1232382,1.0983058
CCL25,1.1232382,1.0983058
NUP88,1.1232382,1.0983058
SLC23A2,1.1232382,1.0983058
LZIC,1.1232382,1.0983058
SNX12,1.1232382,1.0983058
C10orf67,1.1232382,1.0983058
NAP1L5,1.1232382,1.0983058
PDZD11,1.1232382,1.0983058
RPS21,1.1232382,1.0983058
ZNF705G,1.1232382,1.0983058
AIF1,1.1232382,1.0983058
UQCRH,1.1232382,1.0983058
RPL36A,1.1232382,1.0983058
KCNMB4,1.1232382,1.0983058
ARL14EPL,1.1232382,1.0983058
POTEI,1.1232382,1.0983058
CD58,1.1232382,1.0983058
TMEM156,1.1232382,1.0983058
VXN,1.1232382,1.0983058
ERFE,1.1232382,1.0983058
DPY30,1.1232382,1.0983058
MS4A4A,1.1232382,1.0983058
PRAMEF4,1.1232382,1.0983058
DEPDC4,1.1232382,1.0983058
GKN1,1.1232382,1.0983058
SENP8,1.1232382,1.0983058
SAA1,1.1232382,1.0983058
SSX3,1.1232382,1.0983058
CXorf40A,1.1232382,1.0983058
PCSK1N,1.1232382,1.0983058
SLC15A2,1.1232382,1.0983058
ACYP2,1.1232382,1.0983058
BCL2L15,1.1232382,1.0983058
C6orf52,1.1232382,1.0983058
C17orf96,1.1232382,1.0983058
FAM71C,1.1232382,1.0983058
PIGH,1.1232382,1.0983058
TAS2R7,1.1232382,1.0983058
MS4A7,1.1232382,1.0983058
ZNRD1,1.1232382,1.0983058
RNF222,1.1232382,1.0983058
PLA2G2D,1.1232382,1.0983058
GPX1,1.1232382,1.0983058
FAM174B,1.1232382,1.0983058
DIRAS3,1.1232382,1.0983058
C3orf62,1.1232382,1.0983058
INMT,1.1232382,1.0983058
TNFSF18,1.1232382,1.0983058
MEA1,1.1232382,1.0983058
C4A,1.1232382,1.0983058
COX7A2L,1.1232382,1.0983058
CCDC152,1.1232382,1.0983058
ULBP1,1.1232382,1.0983058
PGPEP1L,1.1232382,1.0983058
LRRC10,1.1232382,1.0983058
NINJ2,1.1232382,1.0983058
PIFO,1.1232382,1.0983058
SCIMP,1.1232382,1.0983058
CCZ1B,1.1232382,1.0983058
MAGEB4,1.1232382,1.0983058
PAIP2B,1.1232382,1.0983058
LYRM9,1.1232382,1.0983058
CCL14,1.1232382,1.0983058
IL17F,1.1232382,1.0983058
LRRC37A2,1.1232382,1.0983058
PRR23B,1.1232382,1.0983058
CSTL1,1.1232382,1.0983058
PFDN6,1.1232382,1.0983058
TMEM218,1.1232382,1.0983058
MAGEB2,1.1232382,1.0983058
CROT,1.1232382,1.0983058
CAMK2N2,1.1232382,1.0983058
APOL6,1.1232382,1.0983058
CAMSAP1,1.1232382,1.0983058
MAS1L,1.1232382,1.0983058
MARCKS,1.1232382,1.0983058
GSTA3,1.1232382,1.0983058
ARMH2,1.1232382,1.0983058
SRPX2,1.1232382,1.0983058
RNF24,1.1232382,1.0983058
MAGEB5,1.1232382,1.0983058
TMEM107,1.1232382,1.0983058
FAM180B,1.1232382,1.0983058
DAOA,1.1232382,1.0983058
CHCHD1,1.1232382,1.0983058
FNDC8,1.1232382,1.0983058
CDK2AP1,1.1232382,1.0983058
MAGEB3,1.1232382,1.0983058
SPATA9,1.1232382,1.0983058
TSPAN16,1.1232382,1.0983058
RLN1,1.1232382,1.0983058
EVA1B,1.1232382,1.0983058
DDX5,1.1232382,1.0983058
ORC1,1.1232382,1.0983058
ALAD,1.1232382,1.0983058
NEDD8,1.1232382,1.0983058
TMEM126A,1.1232382,1.0983058
JPT2,1.1232382,1.0983058
AMY1C,1.1232382,1.0983058
ASCL5,1.1232382,1.0983058
SNRPC,1.1232382,1.0983058
SLC6A9,1.1232382,1.0983058
TM4SF20,1.1232382,1.0983058
KRTAP4-11,1.1232382,1.0983058
HEG1,1.1232382,1.0983058
LURAP1L,1.1232382,1.0983058
RGS21,1.1232382,1.0983058
RNF11,1.1232382,1.0983058
CCDC188,1.1232382,1.0983058
CALY,1.1232382,1.0983058
GPX2,1.1232382,1.0983058
PPP1R14C,1.1232382,1.0983058
TMEM213,1.1232382,1.0983058
FAM209A,1.1232382,1.0983058
IQCF6,1.1232382,1.0983058
CFAP126,1.1232382,1.0983058
TAS2R10,1.1232382,1.0983058
SHISA4,1.1232382,1.0983058
CLEC4E,1.1232382,1.0983058
C1orf226,1.1232382,1.0983058
C11orf88,1.1232382,1.0983058
MS4A4E,1.1232382,1.0983058
GM2A,1.1232382,1.0983058
C5orf52,1.1232382,1.0983058
TAS2R39,1.1232382,1.0983058
AGO1,1.1232382,1.0983058
HIST1H1T,1.1232382,1.0983058
TSLP,1.1232382,1.0983058
NUP107,1.1232382,1.0983058
GEMIN7,1.1232382,1.0983058
RNASE4,1.1232382,1.0983058
GPIHBP1,1.1232382,1.0983058
C10orf95,1.1232382,1.0983058
KLRF1,1.1232382,1.0983058
SNRPA,1.1232382,1.0983058
COX5B,1.1232382,1.0983058
TMEM65,1.1232382,1.0983058
CALML6,1.1232382,1.0983058
MS4A6A,1.1232382,1.0983058
ANG,1.1232382,1.0983058
DYNLL2,1.1232382,1.0983058
LECT2,1.1232382,1.0983058
PDCL2,1.1232382,1.0983058
CDV3,1.1232382,1.0983058
TCTEX1D1,1.1232382,1.0983058
TNFSF8,1.1232382,1.0983058
EDDM3B,1.1232382,1.0983058
LCN12,1.1232382,1.0983058
CD300LD,1.1232382,1.0983058
RLN2,1.1232382,1.0983058
CASC10,1.1232382,1.0983058
GPR141,1.1232382,1.0983058
IGSF6,1.1232382,1.0983058
SPINK5,1.1232382,1.0983058
DEPP1,1.1232382,1.0983058
TSR2,1.1232382,1.0983058
LTA,1.1232382,1.0983058
RD3,1.1232382,1.0983058
GRK5,1.1232382,1.0983058
ARRDC5,1.1232382,1.0983058
BEX4,1.1232382,1.0983058
SNURF,1.1232382,1.0983058
CLEC12A,1.1232382,1.0983058
TMEM123,1.1232382,1.0983058
IRF3,1.1232382,1.0983058
GCSAM,1.1232382,1.0983058
ERP27,1.1232382,1.0983058
NSG1,1.1232382,1.0983058
DNAJC15,1.1232382,1.0983058
CCDC85B,1.1232382,1.0983058
KRTAP10-9,1.1232382,1.0983058
KRTCAP2,1.1232382,1.0983058
ATP6V1G3,1.1232382,1.0983058
FXYD1,1.1232382,1.0983058
OMP,1.1232382,1.0983058
CTAG2,1.1232382,1.0983058
CCRL2,1.1232382,1.0983058
PSMD10,1.1232382,1.0983058
COMMD2,1.1232382,1.0983058
DPPA5,1.1232382,1.0983058
OTUD6A,1.1232382,1.0983058
FAM169B,1.1232382,1.0983058
RPL32,1.1232382,1.0983058
SRP9,1.1232382,1.0983058
LCN10,1.1232382,1.0983058
KIAA0895,1.1232382,1.0983058
CHCHD10,1.1232382,1.0983058
CCDC171,1.1232382,1.0983058
TAS2R60,1.1232382,1.0983058
HSPB11,1.1232382,1.0983058
SPACA7,1.1232382,1.0983058
B4GALNT3,1.1232382,1.0983058
LAMTOR1,1.1232382,1.0983058
MBL2,1.1232382,1.0983058
HIST3H3,1.1232382,1.0983058
PRAP1,1.1232382,1.0983058
METTL3,1.1232382,1.0983058
SLC22A18AS,1.1232382,1.0983058
CBWD1,1.1232382,1.0983058
GLRX2,1.1232382,1.0983058
SNX3,1.1232382,1.0983058
APOC3,1.1232382,1.0983058
NANOGNB,1.1232382,1.0983058
IL25,1.1232382,1.0983058
BAALC,1.1232382,1.0983058
CARD16,1.1232382,1.0983058
OCM,1.1232382,1.0983058
CEBPG,1.1232382,1.0983058
C1orf105,1.1232382,1.0983058
ATP5PF,1.1232382,1.0983058
PRND,1.1232382,1.0983058
MAGEA12,1.1232382,1.0983058
MAGEA10,1.1232382,1.0983058
IL1RN,1.1232382,1.0983058
VGLL1,1.1232382,1.0983058
PHLDA2,1.1232382,1.0983058
CNTD2,1.1232382,1.0983058
IL24,1.1232382,1.0983058
ACVR2A,1.1232382,1.0983058
ELOB,1.1232382,1.0983058
BATF,1.1232382,1.0983058
POLR3G,1.1232382,1.0983058
DYNLL1,1.1232382,1.0983058
JUND,1.1232382,1.0983058
CD160,1.1232382,1.0983058
FAM207A,1.1232382,1.0983058
APOD,1.1232382,1.0983058
LYRM2,1.1232382,1.0983058
IMMP2L,1.1232382,1.0983058
CISD1,1.1232382,1.0983058
AC005841.1,1.1232382,1.0983058
RRP15,1.1232382,1.0983058
LGALS9C,1.1232382,1.0983058
DRAP1,1.1232382,1.0983058
OPRPN,1.1232382,1.0983058
MS4A1,1.1232382,1.0983058
UTS2B,1.1232382,1.0983058
APOOL,1.1232382,1.0983058
CLRN3,1.1232382,1.0983058
ZNF444,1.1232382,1.0983058
CMTM1,1.1232382,1.0983058
MCEE,1.1232382,1.0983058
BOLA3,1.1232382,1.0983058
PMP2,1.1232382,1.0983058
TNFSF9,1.1232382,1.0983058
TEX47,1.1232382,1.0983058
DYDC1,1.1232382,1.0983058
OCIAD2,1.1232382,1.0983058
AL121963.1,1.1232382,1.0983058
C14orf119,1.1232382,1.0983058
DNAL1,1.1232382,1.0983058
TSKU,1.1232382,1.0983058
SPATA46,1.1232382,1.0983058
CCDC28B,1.1232382,1.0983058
MANSC4,1.1232382,1.0983058
BCAS4,1.1232382,1.0983058
PRXL2C,1.1232382,1.0983058
SSC4D,1.1232382,1.0983058
MS4A10,1.1232382,1.0983058
TEX30,1.1232382,1.0983058
UBL5,1.1232382,1.0983058
CGGBP1,1.1232382,1.0983058
SIGLECL1,1.1232382,1.0983058
TMEM170A,1.1232382,1.0983058
SSX5,1.1232382,1.0983058
LYRM4,1.1232382,1.0983058
TMEM17,1.1232382,1.0983058
EPGN,1.1232382,1.0983058
PIGF,1.1232382,1.0983058
LCN6,1.1232382,1.0983058
MIS18A,1.1232382,1.0983058
C2orf74,1.1232382,1.0983058
ARL16,1.1232382,1.0983058
DCAF16,1.1232382,1.0983058
BID,1.1232382,1.0983058
TMUB1,1.1232382,1.0983058
XG,1.1232382,1.0983058
ARHGEF6,1.1232382,1.0983058
RSPH10B,1.1232382,1.0983058
TAS2R19,1.1232382,1.0983058
CCL3L3,1.1232382,1.0983058
GEMIN6,1.1232382,1.0983058
TMED2,1.1232382,1.0983058
MRGPRX2,1.1232382,1.0983058
HARS2,1.1232382,1.0983058
C12orf76,1.1232382,1.0983058
SYNGR4,1.1232382,1.0983058
FCER1A,1.1232382,1.0983058
TIMM22,1.1232382,1.0983058
VSTM1,1.1232382,1.0983058
MPHOSPH6,1.1232382,1.0983058
PTGES,1.1232382,1.0983058
SH2D1B,1.1232382,1.0983058
C22orf42,1.1232382,1.0983058
TMEM179B,1.1232382,1.0983058
TP53INP2,1.1232382,1.0983058
TBC1D28,1.1232382,1.0983058
H2BFM,1.1232382,1.0983058
CD164L2,1.1232382,1.0983058
ZNF720,1.1232382,1.0983058
EIF4EBP2,1.1232382,1.0983058
C8orf82,1.1232382,1.0983058
CBWD3,1.1232382,1.0983058
SMIM7,1.1232382,1.0983058
NOMO2,1.1232382,1.0983058
ORMDL1,1.1232382,1.0983058
JPT1,1.1232382,1.0983058
FPR1,1.1232382,1.0983058
PAXX,1.1232382,1.0983058
SKA2,1.1232382,1.0983058
PRH1,1.1232382,1.0983058
BOLA1,1.1232382,1.0983058
PFDN1,1.1232382,1.0983058
SAT2,1.1232382,1.0983058
NKAIN4,1.1232382,1.0983058
CDKN2C,1.1232382,1.0983058
RGS9BP,1.1232382,1.0983058
C2orf49,1.1232382,1.0983058
LEPROT,1.1232382,1.0983058
TCP10L,1.1232382,1.0983058
EEF1E1,1.1232382,1.0983058
CIAO2B,1.1232382,1.0983058
PRH2,1.1232382,1.0983058
CYLC2,1.1232382,1.0983058
MED28,1.1232382,1.0983058
CNFN,1.1232382,1.0983058
TMEM254,1.1232382,1.0983058
LRRC26,1.1232382,1.0983058
CRABP2,1.1232382,1.0983058
ZC3HAV1L,1.1232382,1.0983058
RNF223,1.1232382,1.0983058
HPGDS,1.1232382,1.0983058
CARTPT,1.1232382,1.0983058
MCOLN3,1.1232382,1.0983058
AKIP1,1.1232382,1.0983058
IL1A,1.1232382,1.0983058
MAL2,1.1232382,1.0983058
ATP5F1D,1.1232382,1.0983058
GOLGA8H,1.1232382,1.0983058
GPS1,1.1232382,1.0983058
KCNRG,1.1232382,1.0983058
NAT2,1.1232382,1.0983058
SNRPD2,1.1232382,1.0983058
KRTAP11-1,1.1232382,1.0983058
NSG2,1.1232382,1.0983058
ZG16,1.1232382,1.0983058
COPRS,1.1232382,1.0983058
ETFRF1,1.1232382,1.0983058
C6orf120,1.1232382,1.0983058
CYP27B1,1.1232382,1.0983058
MAP1LC3B2,1.1232382,1.0983058
RNF186,1.1232382,1.0983058
FAM162A,1.1232382,1.0983058
KCNQ5,1.1232382,1.0983058
FAM228A,1.1232382,1.0983058
LST1,1.1232382,1.0983058
C1orf53,1.1232382,1.0983058
CD200R1L,1.1232382,1.0983058
RWDD3,1.1232382,1.0983058
ZFAND2A,1.1232382,1.0983058
SPIN3,1.1232382,1.0983058
MEF2D,1.1232382,1.0983058
LMNB2,1.1232382,1.0983058
LSMEM2,1.1232382,1.0983058
IQCF1,1.1232382,1.0983058
C19orf84,1.1232382,1.0983058
SLC35G5,1.1232382,1.0983058
PPP5D1,1.1232382,1.0983058
ODF3,1.1232382,1.0983058
C22orf46,1.1232382,1.0983058
DAP,1.1232382,1.0983058
TAS2R20,1.1232382,1.0983058
GNLY,1.1232382,1.0983058
ROMO1,1.1232382,1.0983058
C8orf74,1.1232382,1.0983058
ALKAL2,1.1232382,1.0983058
LRRC10B,1.1232382,1.0983058
LGALS13,1.1232382,1.0983058
SNRPD1,1.1232382,1.0983058
CXorf30,1.1232382,1.0983058
CNIH2,1.1232382,1.0983058
MTIF2,1.1232382,1.0983058
PPP3R2,1.1232382,1.0983058
RNF208,1.1232382,1.0983058
RRM2,1.1232382,1.0983058
FAM120AOS,1.1232382,1.0983058
GTF3C6,1.1232382,1.0983058
LAPTM5,1.1232382,1.0983058
IL19,1.1232382,1.0983058
FAM89A,1.1232382,1.0983058
C20orf202,1.1232382,1.0983058
POLR2J,1.1232382,1.0983058
CTNNBIP1,1.1232382,1.0983058
SAT1,1.1232382,1.0983058
LCAT,1.1232382,1.0983058
TIMM13,1.1232382,1.0983058
ZCCHC10,1.1232382,1.0983058
FAM3C,1.1232382,1.0983058
AC026202.1,1.1232382,1.0983058
EREG,1.1232382,1.0983058
LY6H,1.1232382,1.0983058
TMEM31,1.1232382,1.0983058
C8orf33,1.1232382,1.0983058
ZNF124,1.1232382,1.0983058
TMEM54,1.1232382,1.0983058
OSR1,1.1232382,1.0983058
TMEM52B,1.1232382,1.0983058
AWAT1,1.1232382,1.0983058
KNDC1,1.1232382,1.0983058
GPR160,1.1232382,1.0983058
COTL1,1.1232382,1.0983058
LEP,1.1232382,1.0983058
NRM,1.1232382,1.0983058
CABCOCO1,1.1232382,1.0983058
DAB2IP,1.1232382,1.0983058
TRIM46,1.1232382,1.0983058
TDGF1,1.1232382,1.0983058
THEM4,1.1232382,1.0983058
SPINT3,1.1232382,1.0983058
NXNL2,1.1232382,1.0983058
RAB41,1.1232382,1.0983058
SPATA8,1.1232382,1.0983058
TMEM190,1.1232382,1.0983058
ERH,1.1232382,1.0983058
FGFBP3,1.1232382,1.0983058
LAMTOR2,1.1232382,1.0983058
KRTAP10-5,1.1232382,1.0983058
LY96,1.1232382,1.0983058
CATSPER2,1.1232382,1.0983058
NXT2,1.1232382,1.0983058
HNRNPA1L2,1.1232382,1.0983058
RPL22L1,1.1232382,1.0983058
CLEC4D,1.1232382,1.0983058
DUSP21,1.1232382,1.0983058
FAM122A,1.1232382,1.0983058
SH3BGRL,1.1232382,1.0983058
MMAA,1.1232382,1.0983058
FBXL15,1.1232382,1.0983058
C8B,1.1232382,1.0983058
PRR34,1.1232382,1.0983058
DUSP19,1.1232382,1.0983058
RFLNA,1.1232382,1.0983058
TCTEX1D4,1.1232382,1.0983058
POP7,1.1232382,1.0983058
C15orf62,1.1232382,1.0983058
GOLGA6L9,1.1232382,1.0983058
SH3BGRL2,1.1232382,1.0983058
CIART,1.1232382,1.0983058
EBF2,1.1232382,1.0983058
GMPPB,1.1232382,1.0983058
CNIH4,1.1232382,1.0983058
ECHDC3,1.1232382,1.0983058
CRP,1.1232382,1.0983058
STAU2,1.1232382,1.0983058
PDXP,1.1232382,1.0983058
BRI3,1.1232382,1.0983058
BTG2,1.1232382,1.0983058
RFPL4B,1.1232382,1.0983058
ZCCHC18,1.1232382,1.0983058
ARIH2OS,1.1232382,1.0983058
MRPS12,1.1232382,1.0983058
ALG1,1.1232382,1.0983058
C17orf58,1.1232382,1.0983058
DEFB125,1.1232382,1.0983058
PRR29,1.1232382,1.0983058
SLC48A1,1.1232382,1.0983058
FADD,1.1232382,1.0983058
DNLZ,1.1232382,1.0983058
LRRC73,1.1232382,1.0983058
CLEC2B,1.1232382,1.0983058
SLC35G3,1.1232382,1.0983058
BIRC8,1.1232382,1.0983058
SCRT1,1.1232382,1.0983058
HIKESHI,1.1232382,1.0983058
PRR22,1.1232382,1.0983058
IFITM5,1.1232382,1.0983058
KRTAP24-1,1.1232382,1.0983058
CLEC2D,1.1232382,1.0983058
CD80,1.1232382,1.0983058
TGFA,1.1232382,1.0983058
TMEM217,1.1232382,1.0983058
BCL2A1,1.1232382,1.0983058
HACD4,1.1232382,1.0983058
IL17A,1.1232382,1.0983058
SRXN1,1.1232382,1.0983058
FIBIN,1.1232382,1.0983058
PTRHD1,1.1232382,1.0983058
CLEC6A,1.1232382,1.0983058
EPB41L1,1.1232382,1.0983058
C16orf54,1.1232382,1.0983058
TFF2,1.1232382,1.0983058
SORBS3,1.1232382,1.0983058
VN1R2,1.1232382,1.0983058
IL17C,1.1232382,1.0983058
C4orf17,1.1232382,1.0983058
FMR1NB,1.1232382,1.0983058
RBP5,1.1232382,1.0983058
CCDC117,1.1232382,1.0983058
CTLA4,1.1232382,1.0983058
MRGPRG,1.1232382,1.0983058
IFNE,1.1232382,1.0983058
RNF122,1.1232382,1.0983058
ARPC5L,1.1232382,1.0983058
C17orf107,1.1232382,1.0983058
C16orf45,1.1232382,1.0983058
FCGR2A,1.1232382,1.0983058
TRAT1,1.1232382,1.0983058
JOSD2,1.1232382,1.0983058
SUMO2,1.1232382,1.0983058
GAL,1.1232382,1.0983058
SPACA1,1.1232382,1.0983058
C1orf131,1.1232382,1.0983058
FANCF,1.1232382,1.0983058
ADM5,1.1232382,1.0983058
WFDC5,1.1232382,1.0983058
BAG2,1.1232382,1.0983058
NDUFB5,1.1232382,1.0983058
TMCO2,1.1232382,1.0983058
DNAJB7,1.1232382,1.0983058
TCL1A,1.1232382,1.0983058
POM121L12,1.1232382,1.0983058
DNAJC6,1.1232382,1.0983058
CACNA1E,1.1232382,1.0983058
GABARAPL1,1.1232382,1.0983058
RAMAC,1.1232382,1.0983058
FAM133A,1.1232382,1.0983058
FAM170B,1.1232382,1.0983058
CPLX3,1.1232382,1.0983058
TMEM251,1.1232382,1.0983058
SLC10A5,1.1232382,1.0983058
LYNX1,1.1232382,1.0983058
TLNRD1,1.1232382,1.0983058
THBS2,1.1232382,1.0983058
PUDP,1.1232382,1.0983058
C1orf68,1.1232382,1.0983058
TERB2,1.1232382,1.0983058
PDCD5,1.1232382,1.0983058
PCBP1,1.1232382,1.0983058
ROPN1B,1.1232382,1.0983058
HINT3,1.1232382,1.0983058
LCN2,1.1232382,1.0983058
C3orf70,1.1232382,1.0983058
MYDGF,1.1232382,1.0983058
REX1BD,1.1232382,1.0983058
RDM1,1.1232382,1.0983058
ESM1,1.1232382,1.0983058
ERP29,1.1232382,1.0983058
ARPC3,1.1232382,1.0983058
KLHL40,1.1232382,1.0983058
DNAL4,1.1232382,1.0983058
GPR82,1.1232382,1.0983058
ARL2BP,1.1232382,1.0983058
FAM177B,1.1232382,1.0983058
TXNDC17,1.1232382,1.0983058
COMMD4,1.1232382,1.0983058
GPR148,1.1232382,1.0983058
FTL,1.1232382,1.0983058
TXNDC12,1.1232382,1.0983058
COX6B2,1.1232382,1.0983058
C19orf81,1.1232382,1.0983058
DEFB119,1.1232382,1.0983058
GIMAP1,1.1232382,1.0983058
HIP1,1.1232382,1.0983058
SDHAF4,1.1232382,1.0983058
CLEC3B,1.1232382,1.0983058
PGA4,1.1232382,1.0983058
POLR2D,1.1232382,1.0983058
RPH3A,1.1232382,1.0983058
SNAI3,1.1232382,1.0983058
THY1,1.1232382,1.0983058
SNRPB2,1.1232382,1.0983058
NICN1,1.1232382,1.0983058
RAET1G,1.1232382,1.0983058
MYL7,1.1232382,1.0983058
CCDC54,1.1232382,1.0983058
UBE2QL1,1.1232382,1.0983058
CETN1,1.1232382,1.0983058
HSPA6,1.1232382,1.0983058
TRAPPC5,1.1232382,1.0983058
SLAMF1,1.1232382,1.0983058
LGALS14,1.1232382,1.0983058
GIMAP4,1.1232382,1.0983058
TRAPPC6A,1.1232382,1.0983058
LGALS1,1.1232382,1.0983058
ERG28,1.1232382,1.0983058
TMEM230,1.1232382,1.0983058
PGLYRP1,1.1232382,1.0983058
AIM2,1.1232382,1.0983058
NDUFS6,1.1232382,1.0983058
SREK1IP1,1.1232382,1.0983058
ARL5C,1.1232382,1.0983058
GREM2,1.1232382,1.0983058
USP17L2,1.1232382,1.0983058
RWDD1,1.1232382,1.0983058
DR1,1.1232382,1.0983058
CD8B,1.1232382,1.0983058
DDIT3,1.1232382,1.0983058
C19orf38,1.1232382,1.0983058
PSMG4,1.1232382,1.0983058
RTP3,1.1232382,1.0983058
TFDP3,1.1232382,1.0983058
IL36B,1.1232382,1.0983058
HBE1,1.1232382,1.0983058
PCBD1,1.1232382,1.0983058
GSTO1,1.1232382,1.0983058
SPX,1.1232382,1.0983058
FNDC9,1.1232382,1.0983058
SPCS1,1.1232382,1.0983058
COMMD6,1.1232382,1.0983058
CPLX1,1.1232382,1.0983058
PRSS46P,1.1232382,1.0983058
CEMP1,1.1232382,1.0983058
KLF14,1.1232382,1.0983058
CCZ1,1.1232382,1.0983058
MRGPRD,1.1232382,1.0983058
PXDC1,1.1232382,1.0983058
UBE2U,1.1232382,1.0983058
SKIL,1.1232382,1.0983058
SHLD3,1.1232382,1.0983058
CLDN34,1.1232382,1.0983058
DYNLT1,1.1232382,1.0983058
CPLX2,1.1232382,1.0983058
TBC1D4,1.1232382,1.0983058
GLYATL2,1.1232382,1.0983058
LYPLAL1,1.1232382,1.0983058
TMIGD2,1.1232382,1.0983058
SPA17,1.1232382,1.0983058
AKAP14,1.1232382,1.0983058
EIF2B5,1.1232382,1.0983058
C6orf223,1.1232382,1.0983058
ID1,1.1232382,1.0983058
ARMCX2,1.1232382,1.0983058
PRDX1,1.1232382,1.0983058
ZNF547,1.1232382,1.0983058
MOBP,1.1232382,1.0983058
RFPL1,1.1232382,1.0983058
FUNDC1,1.1232382,1.0983058
HAVCR2,1.1232382,1.0983058
ATP6AP2,1.1232382,1.0983058
TAT,1.1232382,1.0983058
DRAM1,1.1232382,1.0983058
NUTF2,1.1232382,1.0983058
AKAP5,1.1232382,1.0983058
MRGPRE,1.1232382,1.0983058
IL11,1.1232382,1.0983058
CD48,1.1232382,1.0983058
MKRN2OS,1.1232382,1.0983058
DDIT4L,1.1232382,1.0983058
HDHD2,1.1232382,1.0983058
KCND3,1.1232382,1.0983058
HIST1H3H,1.1232382,1.0983058
CCK,1.1232382,1.0983058
SDC4,1.1232382,1.0983058
SSR4,1.1232382,1.0983058
SV2B,1.1232382,1.0983058
NPIPB15,1.1232382,1.0983058
ARMC7,1.1232382,1.0983058
CD69,1.1232382,1.0983058
GAP43,1.1232382,1.0983058
NREP,1.1232382,1.0983058
LRRC3,1.1232382,1.0983058
PGM2,1.1232382,1.0983058
DNAJC5G,1.1232382,1.0983058
ZNF552,1.1232382,1.0983058
PGF,1.1232382,1.0983058
ATP5PD,1.1232382,1.0983058
KHDC3L,1.1232382,1.0983058
VAMP3,1.1232382,1.0983058
PFDN2,1.1232382,1.0983058
RGS16,1.1232382,1.0983058
TAS2R5,1.1232382,1.0983058
GPR89B,1.1232382,1.0983058
HBQ1,1.1232382,1.0983058
NANOS1,1.1232382,1.0983058
NUDT3,1.1232382,1.0983058
NPPC,1.1232382,1.0983058
ZNF615,1.1232382,1.0983058
IL6,1.1232382,1.0983058
FAM19A5,1.1232382,1.0983058
SSNA1,1.1232382,1.0983058
CYB5A,1.1232382,1.0983058
SZRD1,1.1232382,1.0983058
CSN1S1,1.1232382,1.0983058
PLD6,1.1232382,1.0983058
ARMCX5,1.1232382,1.0983058
FSHB,1.1232382,1.0983058
GPSM3,1.1232382,1.0983058
NME5,1.1232382,1.0983058
PHF5A,1.1232382,1.0983058
IL17D,1.1232382,1.0983058
SERBP1,1.1232382,1.0983058
MDK,1.1232382,1.0983058
RWDD4,1.1232382,1.0983058
PRKX,1.1232382,1.0983058
ARPC5,1.1232382,1.0983058
ZC3H12B,1.1232382,1.0983058
ATP5MC3,1.1232382,1.0983058
MAP1LC3A,1.1232382,1.0983058
PTTG1IP,1.1232382,1.0983058
CENPM,1.1232382,1.0983058
C17orf51,1.1232382,1.0983058
NDN,1.1232382,1.0983058
MCFD2,1.1232382,1.0983058
EHD3,1.1232382,1.0983058
TVP23B,1.1232382,1.0983058
FAM167B,1.1232382,1.0983058
EFHD1,1.1232382,1.0983058
SNX29,1.1232382,1.0983058
GPR89A,1.1232382,1.0983058
PAM16,1.1232382,1.0983058
GSTM4,1.1232382,1.0983058
DNAJC19,1.1232382,1.0983058
MAGEB10,1.1232382,1.0983058
CANT1,1.1232382,1.0983058
FKBP1A,1.1232382,1.0983058
C11orf58,1.1232382,1.0983058
CDSN,1.1232382,1.0983058
TMC6,1.1232382,1.0983058
RGPD8,1.1232382,1.0983058
ISG20,1.1232382,1.0983058
NPM2,1.1232382,1.0983058
TAAR8,1.1232382,1.0983058
RD3L,1.1232382,1.0983058
RBM43,1.1232382,1.0983058
NDUFA7,1.1232382,1.0983058
GPBAR1,1.1232382,1.0983058
TMEM50B,1.1232382,1.0983058
HMSD,1.1232382,1.0983058
ARHGAP39,1.1232382,1.0983058
PDZK1,1.1232382,1.0983058
GLIPR1L1,1.1232382,1.0983058
RTL6,1.1232382,1.0983058
TAOK3,1.1232382,1.0983058
MAGEF1,1.1232382,1.0983058
MYEOV,1.1232382,1.0983058
MSANTD1,1.1232382,1.0983058
PER1,1.1232382,1.0983058
GCSH,1.1232382,1.0983058
RGS10,1.1232382,1.0983058
CLEC7A,1.1232382,1.0983058
VBP1,1.1232382,1.0983058
GADD45A,1.1232382,1.0983058
CLEC1B,1.1232382,1.0983058
ROPN1L,1.1232382,1.0983058
KRT75,1.1232382,1.0983058
BLOC1S2,1.1232382,1.0983058
HAMP,1.1232382,1.0983058
CDC42EP3,1.1232382,1.0983058
CACNG6,1.1232382,1.0983058
PCSK5,1.1232382,1.0983058
NANOG,1.1232382,1.0983058
TBX4,1.1232382,1.0983058
SDC2,1.1232382,1.0983058
RTP1,1.1232382,1.0983058
RPS28,1.1232382,1.0983058
PROK2,1.1232382,1.0983058
CCER2,1.1232382,1.0983058
MCF2L2,1.1232382,1.0983058
RPL29,1.1232382,1.0983058
ITGB2,1.1232382,1.0983058
KLF8,1.1232382,1.0983058
NUDT11,1.1232382,1.0983058
NKAPD1,1.1232382,1.0983058
SUSD3,1.1232382,1.0983058
RIPPLY3,1.1232382,1.0983058
NHP2,1.1232382,1.0983058
SPP1,1.1232382,1.0983058
MAGEB1,1.1232382,1.0983058
HIST1H2AK,1.1232382,1.0983058
TPPP3,1.1232382,1.0983058
INSL6,1.1232382,1.0983058
CPXCR1,1.1232382,1.0983058
SELPLG,1.1232382,1.0983058
MAGEB17,1.1232382,1.0983058
PTPN20B,1.1232382,1.0983058
TRARG1,1.1232382,1.0983058
DMPK,1.1232382,1.0983058
ARL11,1.1232382,1.0983058
CSPP1,1.1232382,1.0983058
PEA15,1.1232382,1.0983058
UQCC2,1.1232382,1.0983058
NFYB,1.1232382,1.0983058
TALDO1,1.1232382,1.0983058
FAM219B,1.1232382,1.0983058
IFT22,1.1232382,1.0983058
CWC15,1.1232382,1.0983058
LSM6,1.1232382,1.0983058
GSTA4,1.1232382,1.0983058
DPY19L3,1.1232382,1.0983058
RELL2,1.1232382,1.0983058
FAM71E1,1.1232382,1.0983058
BTG4,1.1232382,1.0983058
FAM220A,1.1232382,1.0983058
IQCJ,1.1232382,1.0983058
APCS,1.1232382,1.0983058
TEX13B,1.1232382,1.0983058
CBY3,1.1232382,1.0983058
CXorf56,1.1232382,1.0983058
ARL6IP5,1.1232382,1.0983058
ANGPTL8,1.1232382,1.0983058
MED10,1.1232382,1.0983058
EIF5A2,1.1232382,1.0983058
SFT2D1,1.1232382,1.0983058
FBXO36,1.1232382,1.0983058
RFXAP,1.1232382,1.0983058
BSPH1,1.1232382,1.0983058
MIS12,1.1232382,1.0983058
RNASEK,1.1232382,1.0983058
KCNMB3,1.1232382,1.0983058
TPT1,1.1232382,1.0983058
CCDC190,1.1232382,1.0983058
ART4,1.1232382,1.0983058
LAMTOR3,1.1232382,1.0983058
CMTM4,1.1232382,1.0983058
XAF1,1.1232382,1.0983058
COL25A1,1.1232382,1.0983058
SMCO2,1.1232382,1.0983058
TXN2,1.1232382,1.0983058
GOLGA8M,1.1232382,1.0983058
MYL5,1.1232382,1.0983058
SDHAF1,1.1232382,1.0983058
KRT5,1.1232382,1.0983058
CREG1,1.1232382,1.0983058
LRRC61,1.1232382,1.0983058
CITED1,1.1232382,1.0983058
MED11,1.1232382,1.0983058
PHPT1,1.1232382,1.0983058
ZSWIM7,1.1232382,1.0983058
CDCA5,1.1232382,1.0983058
SNAPIN,1.1232382,1.0983058
NANP,1.1232382,1.0983058
HEBP2,1.1232382,1.0983058
ELOF1,1.1232382,1.0983058
CAVIN3,1.1232382,1.0983058
NDST4,1.1232382,1.0983058
FRG1,1.1232382,1.0983058
OOEP,1.1232382,1.0983058
RFK,1.1232382,1.0983058
KLHL32,1.1232382,1.0983058
COA3,1.1232382,1.0983058
TMEM176A,1.1232382,1.0983058
TRAF7,1.1232382,1.0983058
CCDC124,1.1232382,1.0983058
LYZL1,1.1232382,1.0983058
CKMT1A,1.1232382,1.0983058
RFPL3,1.1232382,1.0983058
HIST1H3A,1.1232382,1.0983058
IFNK,1.1232382,1.0983058
IQCF3,1.1232382,1.0983058
SPART,1.1232382,1.0983058
SFT2D2,1.1232382,1.0983058
HSPA9,1.1232382,1.0983058
COA7,1.1232382,1.0983058
DPM3,1.1232382,1.0983058
RASAL2,1.1232382,1.0983058
TMEM35A,1.1232382,1.0983058
GIMAP5,1.1232382,1.0983058
RASSF3,1.1232382,1.0983058
CALHM2,1.1232382,1.0983058
GSTP1,1.1232382,1.0983058
LYSMD4,1.1232382,1.0983058
SPCS2,1.1232382,1.0983058
BIRC5,1.1232382,1.0983058
PIR,1.1232382,1.0983058
GPHA2,1.1232382,1.0983058
C1orf56,1.1232382,1.0983058
C19orf25,1.1232382,1.0983058
CATSPERZ,1.1232382,1.0983058
OXER1,1.1232382,1.0983058
RAP2C,1.1232382,1.0983058
UBALD1,1.1232382,1.0983058
RBPMS2,1.1232382,1.0983058
CCDC172,1.1232382,1.0983058
AP3S1,1.1232382,1.0983058
FGFBP2,1.1232382,1.0983058
UQCRQ,1.1232382,1.0983058
C6orf203,1.1232382,1.0983058
C9orf135,1.1232382,1.0983058
C1orf141,1.1232382,1.0983058
KIR3DL3,1.1232382,1.0983058
TRIM37,1.1232382,1.0983058
PLK5,1.1232382,1.0983058
JTB,1.1232382,1.0983058
NAIF1,1.1232382,1.0983058
CYSLTR2,1.1232382,1.0983058
C18orf21,1.1232382,1.0983058
SPACA9,1.1232382,1.0983058
YBEY,1.1232382,1.0983058
EVI2A,1.1232382,1.0983058
POLE4,1.1232382,1.0983058
PPP1R1A,1.1232382,1.0983058
CFL1,1.1232382,1.0983058
SERTAD2,1.1232382,1.0983058
AGAP5,1.1232382,1.0983058
PPIH,1.1232382,1.0983058
NAA80,1.1232382,1.0983058
MED21,1.1232382,1.0983058
TOB2,1.1232382,1.0983058
C17orf78,1.1232382,1.0983058
KLF13,1.1232382,1.0983058
GLT6D1,1.1232382,1.0983058
HES3,1.1232382,1.0983058
CCDC89,1.1232382,1.0983058
TIGIT,1.1232382,1.0983058
CHAC2,1.1232382,1.0983058
HMGN1,1.1232382,1.0983058
AGR2,1.1232382,1.0983058
FAM19A4,1.1232382,1.0983058
WFDC2,1.1232382,1.0983058
MID1IP1,1.1232382,1.0983058
STPG4,1.1232382,1.0983058
UBE2D4,1.1232382,1.0983058
TMEM242,1.1232382,1.0983058
CNRIP1,1.1232382,1.0983058
C19orf12,1.1232382,1.0983058
CRADD,1.1232382,1.0983058
CFAP299,1.1232382,1.0983058
PROSER2,1.1232382,1.0983058
PAGR1,1.1232382,1.0983058
METTL7A,1.1232382,1.0983058
UBE2L3,1.1232382,1.0983058
PRADC1,1.1232382,1.0983058
AKR1B15,1.1232382,1.0983058
LNP1,1.1232382,1.0983058
EEF1AKMT1,1.1232382,1.0983058
LIN28A,1.1232382,1.0983058
C8orf48,1.1232382,1.0983058
KRTAP10-7,1.1232382,1.0983058
PHOSPHO2,1.1232382,1.0983058
MPC2,1.1232382,1.0983058
KCNE2,1.1232382,1.0983058
PRKACG,1.1232382,1.0983058
RAI2,1.1232382,1.0983058
PLA2G4E,1.1232382,1.0983058
LILRA5,1.1232382,1.0983058
MRAP2,1.1232382,1.0983058
FREM3,1.1232382,1.0983058
ABCG5,1.1232382,1.0983058
SIM2,1.1232382,1.0983058
TMEM160,1.1232382,1.0983058
PRAMEF20,1.1232382,1.0983058
ASB9,1.1232382,1.0983058
CRISP1,1.1232382,1.0983058
IQCK,1.1232382,1.0983058
BTN3A2,1.1232382,1.0983058
TREML1,1.1232382,1.0983058
LTB4R,1.1232382,1.0983058
BLOC1S6,1.1232382,1.0983058
COX5A,1.1232382,1.0983058
SFR1,1.1232382,1.0983058
AAMDC,1.1232382,1.0983058
WRB,1.1232382,1.0983058
PRRG1,1.1232382,1.0983058
ADH4,1.1232382,1.0983058
C22orf39,1.1232382,1.0983058
CSDC2,1.1232382,1.0983058
ZNF22,1.1232382,1.0983058
TNFRSF10C,1.1232382,1.0983058
ATG10,1.1232382,1.0983058
LAIR1,1.1232382,1.0983058
RPL37A,1.1232382,1.0983058
RPL27,1.1232382,1.0983058
LGI1,1.1232382,1.0983058
FATE1,1.1232382,1.0983058
SCAMP1,1.1232382,1.0983058
MAGEB16,1.1232382,1.0983058
C3orf52,1.1232382,1.0983058
FAM228B,1.1232382,1.0983058
GMFB,1.1232382,1.0983058
UBE2D1,1.1232382,1.0983058
NAA50,1.1232382,1.0983058
CACYBP,1.1232382,1.0983058
BATF3,1.1232382,1.0983058
NMRK1,1.1232382,1.0983058
PRR19,1.1232382,1.0983058
RNF113B,1.1232382,1.0983058
CFHR3,1.1232382,1.0983058
TAS2R14,1.1232382,1.0983058
PRAF2,1.1232382,1.0983058
TYROBP,1.1232382,1.0983058
C2orf73,1.1232382,1.0983058
KITLG,1.1232382,1.0983058
CD300LB,1.1232382,1.0983058
LYZL2,1.1232382,1.0983058
C5orf60,1.1232382,1.0983058
MPC1,1.1232382,1.0983058
TAF11,1.1232382,1.0983058
RUFY1,1.1232382,1.0983058
C1orf115,1.1232382,1.0983058
DYNLRB1,1.1232382,1.0983058
DDA1,1.1232382,1.0983058
BPIFA3,1.1232382,1.0983058
C1orf146,1.1232382,1.0983058
NPBWR2,1.1232382,1.0983058
ANO5,1.1232382,1.0983058
XAGE5,1.1232382,1.0983058
C3orf84,1.1232382,1.0983058
BHLHB9,1.1232382,1.0983058
MAGEA4,1.1232382,1.0983058
MYMK,1.1232382,1.0983058
SELENOT,1.1232382,1.0983058
MRPS10,1.1232382,1.0983058
NELFCD,1.1232382,1.0983058
MAGEA1,1.1232382,1.0983058
FBXL22,1.1232382,1.0983058
MALSU1,1.1232382,1.0983058
FAM181B,1.1232382,1.0983058
C4orf3,1.1232382,1.0983058
CTU1,1.1232382,1.0983058
CHCHD2,1.1232382,1.0983058
AADACL3,1.1232382,1.0983058
RNF13,1.1232382,1.0983058
CD300E,1.1232382,1.0983058
SAYSD1,1.1232382,1.0983058
MAGEH1,1.1232382,1.0983058
VAMP1,1.1232382,1.0983058
FFAR1,1.1232382,1.0983058
GRAP,1.1232382,1.0983058
HNMT,1.1232382,1.0983058
UBL4A,1.1232382,1.0983058
C2orf80,1.1232382,1.0983058
ABT1,1.1232382,1.0983058
MZB1,1.1232382,1.0983058
SDHAF2,1.1232382,1.0983058
RGS5,1.1232382,1.0983058
IL18BP,1.1232382,1.0983058
FDX2,1.1232382,1.0983058
RPL38,1.1232382,1.0983058
NUDT7,1.1232382,1.0983058
UBXN2A,1.1232382,1.0983058
PCBD2,1.1232382,1.0983058
FMNL1,1.1232382,1.0983058
FAM122C,1.1232382,1.0983058
ADH6,1.1232382,1.0983058
PIMREG,1.1232382,1.0983058
CLEC4A,1.1232382,1.0983058
CD2,1.1232382,1.0983058
ZNF668,1.1232382,1.0983058
ZNF688,1.1232382,1.0983058
NMI,1.1232382,1.0983058
TRMT112,1.1232382,1.0983058
DKKL1,1.1232382,1.0983058
ATXN3L,1.1232382,1.0983058
IER3IP1,1.1232382,1.0983058
APOPT1,1.1232382,1.0983058
TMEM243,1.1232382,1.0983058
GNAZ,1.1232382,1.0983058
PPIC,1.1232382,1.0983058
EFHD2,1.1232382,1.0983058
TREM1,1.1232382,1.0983058
BTLA,1.1232382,1.0983058
DPM2,1.1232382,1.0983058
UXT,1.1232382,1.0983058
GREM1,1.1232382,1.0983058
C7orf50,1.1232382,1.0983058
NFRKB,1.1232382,1.0983058
CMTM5,1.1232382,1.0983058
MRPL41,1.1232382,1.0983058
JSRP1,1.1232382,1.0983058
PDCL3,1.1232382,1.0983058
PRR7,1.1232382,1.0983058
ZNF98,1.1232382,1.0983058
CENPW,1.1232382,1.0983058
FAM90A1,1.1232382,1.0983058
CEACAM7,1.1232382,1.0983058
FAM89B,1.1232382,1.0983058
MMP26,1.1232382,1.0983058
BLOC1S5,1.1232382,1.0983058
MRGBP,1.1232382,1.0983058
DBNDD1,1.1232382,1.0983058
CENPK,1.1232382,1.0983058
TP53INP1,1.1232382,1.0983058
FSBP,1.1232382,1.0983058
MORN5,1.1232382,1.0983058
TMC7,1.1232382,1.0983058
CD33,1.1232382,1.0983058
CPTP,1.1232382,1.0983058
RPL37,1.1232382,1.0983058
TMEM212,1.1232382,1.0983058
YPEL3,1.1232382,1.0983058
MRPS33,1.1232382,1.0983058
SHISA5,1.1232382,1.0983058
HCRT,1.1232382,1.0983058
TFIP11,1.1232382,1.0983058
LSM8,1.1232382,1.0983058
FLII,1.1232382,1.0983058
C16orf86,1.1232382,1.0983058
H3F3A,1.1232382,1.0983058
TSSK3,1.1232382,1.0983058
ANKRD45,1.1232382,1.0983058
NUDT10,1.1232382,1.0983058
ARMCX1,1.1232382,1.0983058
TMCO5A,1.1232382,1.0983058
CENPQ,1.1232382,1.0983058
ENKUR,1.1232382,1.0983058
ACADL,1.1232382,1.0983058
CD274,1.1232382,1.0983058
FAM19A2,1.1232382,1.0983058
NSMCE3,1.1232382,1.0983058
SLC45A4,1.1232382,1.0983058
PRAMEF15,1.1232382,1.0983058
GNRH2,1.1232382,1.0983058
NAIP,1.1232382,1.0983058
CLEC2L,1.1232382,1.0983058
LEMD1,1.1232382,1.0983058
PAWR,1.1232382,1.0983058
CXorf65,1.1232382,1.0983058
CD83,1.1232382,1.0983058
MANF,1.1232382,1.0983058
WRNIP1,1.1232382,1.0983058
NF2,1.1232382,1.0983058
KLK2,1.1232382,1.0983058
AANAT,1.1232382,1.0983058
MME,1.1232382,1.0983058
MAGEB6,1.1232382,1.0983058
PIP5K1C,1.1232382,1.0983058
TMEM171,1.1232382,1.0983058
CYP26C1,1.1232382,1.0983058
TMIGD1,1.1232382,1.0983058
TMEM18,1.1232382,1.0983058
IGSF5,1.1232382,1.0983058
LYPD1,1.1232382,1.0983058
NSD1,1.1232382,1.0983058
PTRH2,1.1232382,1.0983058
FLT3LG,1.1232382,1.0983058
POLH,1.1232382,1.0983058
ASCL3,1.1232382,1.0983058
CXCL12,1.1232382,1.0983058
OVOL2,1.1232382,1.0983058
MRPL12,1.1232382,1.0983058
NR2C2AP,1.1232382,1.0983058
KLRB1,1.1232382,1.0983058
CYFIP2,1.1232382,1.0983058
KIAA2026,1.1232382,1.0983058
PNRC1,1.1232382,1.0983058
CD226,1.1232382,1.0983058
LIMD2,1.1232382,1.0983058
LRRC3B,1.1232382,1.0983058
TMEM86A,1.1232382,1.0983058
KRCC1,1.1232382,1.0983058
ORMDL3,1.1232382,1.0983058
DPPA4,1.1232382,1.0983058
RNF182,1.1232382,1.0983058
ACAD11,1.1232382,1.0983058
SPATC1L,1.1232382,1.0983058
SPACA3,1.1232382,1.0983058
SAMD10,1.1232382,1.0983058
BNIP3,1.1232382,1.0983058
C5orf30,1.1232382,1.0983058
CSH1,1.1232382,1.0983058
ZNF664,1.1232382,1.0983058
EVI2B,1.1232382,1.0983058
COL10A1,1.1232382,1.0983058
NUS1,1.1232382,1.0983058
CDRT15,1.1232382,1.0983058
GLRX5,1.1232382,1.0983058
CLDND2,1.1232382,1.0983058
PCP2,1.1232382,1.0983058
CD200,1.1232382,1.0983058
RP11-192H23.4,1.1232382,1.0983058
IQCF5,1.1232382,1.0983058
KRTAP29-1,1.1232382,1.0983058
TXNDC9,1.1232382,1.0983058
MYADML2,1.1232382,1.0983058
RNASE2,1.1232382,1.0983058
IER2,1.1232382,1.0983058
GUCA1C,1.1232382,1.0983058
LYSMD1,1.1232382,1.0983058
RPS15A,1.1232382,1.0983058
TNFRSF4,1.1232382,1.0983058
SOWAHD,1.1232382,1.0983058
RASAL1,1.1232382,1.0983058
TAS2R13,1.1232382,1.0983058
ACKR4,1.1232382,1.0983058
SCYL2,1.1232382,1.0983058
ERAS,1.1232382,1.0983058
FAM216A,1.1232382,1.0983058
FRG2C,1.1232382,1.0983058
SLC35G6,1.1232382,1.0983058
LEPROTL1,1.1232382,1.0983058
PSMD9,1.1232382,1.0983058
SH3BGR,1.1232382,1.0983058
CAAP1,1.1232382,1.0983058
PNMT,1.1232382,1.0983058
C1orf123,1.1232382,1.0983058
ACOT1,1.1232382,1.0983058
BOD1,1.1232382,1.0983058
C5AR2,1.1232382,1.0983058
SBK3,1.1232382,1.0983058
ACKR2,1.1232382,1.0983058
IMMP1L,1.1232382,1.0983058
ARL14EP,1.1232382,1.0983058
MAP3K7CL,1.1232382,1.0983058
TXNL4A,1.1232382,1.0983058
MRPL49,1.1232382,1.0983058
IL36RN,1.1232382,1.0983058
MDC1,1.1232382,1.0983058
C1orf74,1.1232382,1.0983058
FAM136A,1.1232382,1.0983058
IER3,1.1232382,1.0983058
C12orf49,1.1232382,1.0983058
PSMG2,1.1232382,1.0983058
RASA3,1.1232382,1.0983058
NKG7,1.1232382,1.0983058
TPM2,1.1232382,1.0983058
ABHD14B,1.1232382,1.0983058
GSTM5,1.1232382,1.0983058
PRPF6,1.1232382,1.0983058
METTL7B,1.1232382,1.0983058
TFPI2,1.1232382,1.0983058
CTRB1,1.1232382,1.0983058
TEX261,1.1232382,1.0983058
C14orf180,1.1232382,1.0983058
C1orf216,1.1232382,1.0983058
RP11-248J23.6,1.1232382,1.0983058
COMMD3,1.1232382,1.0983058
PROK1,1.1232382,1.0983058
SPATS1,1.1232382,1.0983058
ISCA2,1.1232382,1.0983058
SDC3,1.1232382,1.0983058
AHSG,1.1232382,1.0983058
WDR43,1.1232382,1.0983058
GUSB,1.1232382,1.0983058
ELOVL3,1.1232382,1.0983058
CFHR2,1.1232382,1.0983058
GPR27,1.1232382,1.0983058
PRDX5,1.1232382,1.0983058
FAAP24,1.1232382,1.0983058
CFAP161,1.1232382,1.0983058
NDUFA4L2,1.1232382,1.0983058
LYG2,1.1232382,1.0983058
C12orf57,1.1232382,1.0983058
RPAIN,1.1232382,1.0983058
CDC34,1.1232382,1.0983058
FAM43B,1.1232382,1.0983058
NPY,1.1232382,1.0983058
ATP5MC2,1.1232382,1.0983058
KCNMB2,1.1232382,1.0983058
RSPH14,1.1232382,1.0983058
HIST1H3E,1.1232382,1.0983058
TBC1D2,1.1232382,1.0983058
MEI4,1.1232382,1.0983058
IZUMO2,1.1232382,1.0983058
REC114,1.1232382,1.0983058
FAM166B,1.1232382,1.0983058
TREM2,1.1232382,1.0983058
LY6E,1.1232382,1.0983058
IGDCC4,1.1232382,1.0983058
TSPYL6,1.1232382,1.0983058
C19orf71,1.1232382,1.0983058
RAMP2,1.1232382,1.0983058
SYPL1,1.1232382,1.0983058
HIST3H2A,1.1232382,1.0983058
VTCN1,1.1232382,1.0983058
GFER,1.1232382,1.0983058
CARMIL1,1.1232382,1.0983058
IER5,1.1232382,1.0983058
C6orf15,1.1232382,1.0983058
EAF2,1.1232382,1.0983058
KPNA1,1.1232382,1.0983058
GIMAP2,1.1232382,1.0983058
CLEC1A,1.1232382,1.0983058
SHISA3,1.1232382,1.0983058
GPR62,1.1232382,1.0983058
P4HTM,1.1232382,1.0983058
MC1R,1.1232382,1.0983058
NMS,1.1232382,1.0983058
DCTD,1.1232382,1.0983058
KXD1,1.1232382,1.0983058
ZDHHC22,1.1232382,1.0983058
CRISP2,1.1232382,1.0983058
FAM58A,1.1232382,1.0983058
HCAR3,1.1232382,1.0983058
CLEC9A,1.1232382,1.0983058
FAM181A,1.1232382,1.0983058
FAM19A1,1.1232382,1.0983058
PLA2G2F,1.1232382,1.0983058
TSGA13,1.1232382,1.0983058
HMGB3,1.1232382,1.0983058
ABI2,1.1232382,1.0983058
C12orf65,1.1232382,1.0983058
VENTX,1.1232382,1.0983058
LY6K,1.1232382,1.0983058
SDCBP,1.1232382,1.0983058
RNF125,1.1232382,1.0983058
PDZD9,1.1232382,1.0983058
ARPIN,1.1232382,1.0983058
HACD1,1.1232382,1.0983058
ZFAND6,1.1232382,1.0983058
HIST1H3D,1.1232382,1.0983058
BLOC1S1,1.1232382,1.0983058
ELP6,1.1232382,1.0983058
BCL7B,1.1232382,1.0983058
MYL12B,1.1232382,1.0983058
KCTD21,1.1232382,1.0983058
CNTNAP2,1.1232382,1.0983058
APOC2,1.1232382,1.0983058
CDRT15L2,1.1232382,1.0983058
ARL14,1.1232382,1.0983058
ATP6V1G2,1.1232382,1.0983058
PCNP,1.1232382,1.0983058
CX3CR1,1.1232382,1.0983058
ALDH3A1,1.1232382,1.0983058
RTN4RL1,1.1232382,1.0983058
GPR35,1.1232382,1.0983058
PRAMEF14,1.1232382,1.0983058
NABP1,1.1232382,1.0983058
PRDX2,1.1232382,1.0983058
LKAAEAR1,1.1232382,1.0983058
ANKRD22,1.1232382,1.0983058
PDGFRB,1.1232382,1.0983058
ATG101,1.1232382,1.0983058
FUNDC2,1.1232382,1.0983058
SLC10A1,1.1232382,1.0983058
CDX4,1.1232382,1.0983058
ATG12,1.1232382,1.0983058
SH3BGRL3,1.1232382,1.0983058
VGLL3,1.1232382,1.0983058
FAM84B,1.1232382,1.0983058
IL34,1.1232382,1.0983058
KCNJ2,1.1232382,1.0983058
CITED2,1.1232382,1.0983058
RBX1,1.1232382,1.0983058
APOBEC4,1.1232382,1.0983058
ERICH5,1.1232382,1.0983058
CNIH3,1.1232382,1.0983058
BATF2,1.1232382,1.0983058
MESDC2,1.1232382,1.0983058
NDUFA6,1.1232382,1.0983058
C17orf64,1.1232382,1.0983058
TNFRSF12A,1.1232382,1.0983058
TMEM177,1.1232382,1.0983058
UBE2F,1.1232382,1.0983058
ENSA,1.1232382,1.0983058
TMEM121,1.1232382,1.0983058
RBBP9,1.1232382,1.0983058
UQCRFS1,1.1232382,1.0983058
TIMM10B,1.1232382,1.0983058
TEX36,1.1232382,1.0983058
TXNDC2,1.1232382,1.0983058
HIST1H2AI,1.1232382,1.0983058
NRXN3,1.1232382,1.0983058
PDPN,1.1232382,1.0983058
NUDT16,1.1232382,1.0983058
CEBPA,1.1232382,1.0983058
MARCH3,1.1232382,1.0983058
BCL2L1,1.1232382,1.0983058
FPR2,1.1232382,1.0983058
SPZ1,1.1232382,1.0983058
C11orf86,1.1232382,1.0983058
C1GALT1C1,1.1232382,1.0983058
RABAC1,1.1232382,1.0983058
MC2R,1.1232382,1.0983058
GPX6,1.1232382,1.0983058
LAT2,1.1232382,1.0983058
CCDC106,1.1232382,1.0983058
P2RY14,1.1232382,1.0983058
MGST2,1.1232382,1.0983058
PTMA,1.1232382,1.0983058
MOAP1,1.1232382,1.0983058
TREX2,1.1232382,1.0983058
HIST4H4,1.1232382,1.0983058
GPR32,1.1232382,1.0983058
COX6B1,1.1232382,1.0983058
METTL21C,1.1232382,1.0983058
NDUFB11,1.1232382,1.0983058
SCRT2,1.1232382,1.0983058
LY6G5C,1.1232382,1.0983058
CREBZF,1.1232382,1.0983058
SP9,1.1232382,1.0983058
ZNF501,1.1232382,1.0983058
TIRAP,1.1232382,1.0983058
CLIC2,1.1232382,1.0983058
MRPL34,1.1232382,1.0983058
SLC2A4RG,1.1232382,1.0983058
PTGES3,1.1232382,1.0983058
TMEM51,1.1232382,1.0983058
TMBIM4,1.1232382,1.0983058
HIST1H4K,1.1232382,1.0983058
RHOXF1,1.1232382,1.0983058
APOLD1,1.1232382,1.0983058
TMEM50A,1.1232382,1.0983058
NUDT1,1.1232382,1.0983058
PAQR4,1.1232382,1.0983058
CD3G,1.1232382,1.0983058
GPR78,1.1232382,1.0983058
GCG,1.1232382,1.0983058
MED19,1.1232382,1.0983058
C16orf95,1.1232382,1.0983058
ADCYAP1,1.1232382,1.0983058
ZNF736,1.1232382,1.0983058
OLAH,1.1232382,1.0983058
SYCE2,1.1232382,1.0983058
SPINDOC,1.1232382,1.0983058
HIST1H2AG,1.1232382,1.0983058
FAIM,1.1232382,1.0983058
CD40LG,1.1232382,1.0983058
TAAR1,1.1232382,1.0983058
TEX264,1.1232382,1.0983058
NUDT19,1.1232382,1.0983058
ZFP42,1.1232382,1.0983058
LYG1,1.1232382,1.0983058
MRPL11,1.1232382,1.0983058
TBPL1,1.1232382,1.0983058
NCR3LG1,1.1232382,1.0983058
SLC39A1,1.1232382,1.0983058
INO80E,1.1232382,1.0983058
ADH1B,1.1232382,1.0983058
CTNND1,1.1232382,1.0983058
KCNK7,1.1232382,1.0983058
YIPF6,1.1232382,1.0983058
PRELID3A,1.1232382,1.0983058
TMEM150B,1.1232382,1.0983058
SKP1,1.1232382,1.0983058
RGS19,1.1232382,1.0983058
CEBPB,1.1232382,1.0983058
TCTN2,1.1232382,1.0983058
R3HDM4,1.1232382,1.0983058
C8orf37,1.1232382,1.0983058
TMA16,1.1232382,1.0983058
FAM151B,1.1232382,1.0983058
ZNHIT1,1.1232382,1.0983058
BRINP2,1.1232382,1.0983058
CRISP3,1.1232382,1.0983058
NDUFS5,1.1232382,1.0983058
MFAP3,1.1232382,1.0983058
C16orf87,1.1232382,1.0983058
FRAT2,1.1232382,1.0983058
SLC25A29,1.1232382,1.0983058
PLA2G5,1.1232382,1.0983058
ARHGDIG,1.1232382,1.0983058
APOBEC3C,1.1232382,1.0983058
LUZP4,1.1232382,1.0983058
NFAM1,1.1232382,1.0983058
SOCS3,1.1232382,1.0983058
TMEM186,1.1232382,1.0983058
KCNMB1,1.1232382,1.0983058
YPEL5,1.1232382,1.0983058
REG4,1.1232382,1.0983058
NAA20,1.1232382,1.0983058
P2RY13,1.1232382,1.0983058
ACRV1,1.1232382,1.0983058
ACADM,1.1232382,1.0983058
GKN2,1.1232382,1.0983058
VSIR,1.1232382,1.0983058
SH2D6,1.1232382,1.0983058
ZNF492,1.1232382,1.0983058
OCEL1,1.1232382,1.0983058
CCDC12,1.1232382,1.0983058
MOSMO,1.1232382,1.0983058
EGR3,1.1232382,1.0983058
CD200R1,1.1232382,1.0983058
TMEM11,1.1232382,1.0983058
ALDH9A1,1.1232382,1.0983058
TMEM176B,1.1232382,1.0983058
LSM12,1.1232382,1.0983058
NCF1,1.1232382,1.0983058
CD86,1.1232382,1.0983058
PSMF1,1.1232382,1.0983058
HSF2BP,1.1232382,1.0983058
SLC4A1,1.1232382,1.0983058
FOXD1,1.1232382,1.0983058
IL2RA,1.1232382,1.0983058
TGOLN2,1.1232382,1.0983058
USP27X,1.1232382,1.0983058
ACAP3,1.1232382,1.0983058
LXN,1.1232382,1.0983058
COMMD7,1.1232382,1.0983058
CFL2,1.1232382,1.0983058
PRAMEF17,1.1232382,1.0983058
CMBL,1.1232382,1.0983058
GTSF1,1.1232382,1.0983058
TMEM74,1.1232382,1.0983058
CD300C,1.1232382,1.0983058
NAA11,1.1232382,1.0983058
CD14,1.1232382,1.0983058
FNDC5,1.1232382,1.0983058
NUPL2,1.1232382,1.0983058
TAF12,1.1232382,1.0983058
UTP23,1.1232382,1.0983058
CALHM4,1.1232382,1.0983058
IZUMO4,1.1232382,1.0983058
RBM3,1.1232382,1.0983058
CYB5B,1.1232382,1.0983058
HORMAD2,1.1232382,1.0983058
RTP5,1.1232382,1.0983058
IFI27L1,1.1232382,1.0983058
HINT1,1.1232382,1.0983058
PACRGL,1.1232382,1.0983058
CASTOR1,1.1232382,1.0983058
CD300LG,1.1232382,1.0983058
CCDC68,1.1232382,1.0983058
TBC1D26,1.1232382,1.0983058
RAB31,1.1232382,1.0983058
PFN4,1.1232382,1.0983058
PRELID2,1.1232382,1.0983058
TTLL3,1.1232382,1.0983058
TMEM97,1.1232382,1.0983058
PGAM4,1.1232382,1.0983058
SH2D1A,1.1232382,1.0983058
LRG1,1.1232382,1.0983058
YPEL4,1.1232382,1.0983058
CENPH,1.1232382,1.0983058
FEV,1.1232382,1.0983058
SLAMF7,1.1232382,1.0983058
NMB,1.1232382,1.0983058
CTRB2,1.1232382,1.0983058
COMMD8,1.1232382,1.0983058
COA6,1.1232382,1.0983058
DNAJC12,1.1232382,1.0983058
CYSLTR1,1.1232382,1.0983058
CSH2,1.1232382,1.0983058
AP1S2,1.1232382,1.0983058
KIFC1,1.1232382,1.0983058
BRI3BP,1.1232382,1.0983058
HOPX,1.1232382,1.0983058
HAUS1,1.1232382,1.0983058
SLC5A2,1.1232382,1.0983058
MED29,1.1232382,1.0983058
YTHDC1,1.1232382,1.0983058
LRRC29,1.1232382,1.0983058
KIR2DL1,1.1232382,1.0983058
CARD19,1.1232382,1.0983058
CIAO2A,1.1232382,1.0983058
LRAT,1.1232382,1.0983058
EXO5,1.1232382,1.0983058
C4orf33,1.1232382,1.0983058
SCML1,1.1232382,1.0983058
DNAJC22,1.1232382,1.0983058
GDI1,1.1232382,1.0983058
HNRNPCL1,1.1232382,1.0983058
TPD52L2,1.1232382,1.0983058
C1orf174,1.1232382,1.0983058
CDKN2B,1.1232382,1.0983058
CIPC,1.1232382,1.0983058
CALML4,1.1232382,1.0983058
C1QTNF12,1.1232382,1.0983058
MXRA7,1.1232382,1.0983058
ZNF75A,1.1232382,1.0983058
RGS18,1.1232382,1.0983058
LYZ,1.1232382,1.0983058
KLB,1.1232382,1.0983058
LUM,1.1232382,1.0983058
COMMD9,1.1232382,1.0983058
HIST1H3F,1.1232382,1.0983058
CSKMT,1.1232382,1.0983058
PRAMEF2,1.1232382,1.0983058
CCDC28A,1.1232382,1.0983058
UBE2C,1.1232382,1.0983058
OTUB2,1.1232382,1.0983058
BUD31,1.1232382,1.0983058
LAMP2,1.1232382,1.0983058
TSC22D3,1.1232382,1.0983058
FAM3A,1.1232382,1.0983058
WDYHV1,1.1232382,1.0983058
CDO1,1.1232382,1.0983058
SPDYE3,1.1232382,1.0983058
LRRN4CL,1.1232382,1.0983058
CCDC58,1.1232382,1.0983058
MEDAG,1.1232382,1.0983058
VSIG4,1.1232382,1.0983058
HIST1H3C,1.1232382,1.0983058
RANBP10,1.1232382,1.0983058
ODAM,1.1232382,1.0983058
YEATS4,1.1232382,1.0983058
TMEM240,1.1232382,1.0983058
UBE2N,1.1232382,1.0983058
ZNF787,1.1232382,1.0983058
CCDC70,1.1232382,1.0983058
TMEM106A,1.1232382,1.0983058
ID3,1.1232382,1.0983058
ZNRF2,1.1232382,1.0983058
CGRRF1,1.1232382,1.0983058
PSMB11,1.1232382,1.0983058
DCUN1D2,1.1232382,1.0983058
RPP25L,1.1232382,1.0983058
GTPBP8,1.1232382,1.0983058
DAZAP2,1.1232382,1.0983058
ZNF740,1.1232382,1.0983058
C4BPB,1.1232382,1.0983058
MCUB,1.1232382,1.0983058
FOPNL,1.1232382,1.0983058
TMEM229B,1.1232382,1.0983058
PRRG4,1.1232382,1.0983058
RHD,1.1232382,1.0983058
MC5R,1.1232382,1.0983058
PEBP4,1.1232382,1.0983058
CD247,1.1232382,1.0983058
MMGT1,1.1232382,1.0983058
LRRC52,1.1232382,1.0983058
TEX101,1.1232382,1.0983058
MRPL58,1.1232382,1.0983058
TAAR6,1.1232382,1.0983058
ATL3,1.1232382,1.0983058
OAZ2,1.1232382,1.0983058
RAD51AP1,1.1232382,1.0983058
MOSPD1,1.1232382,1.0983058
CLEC4G,1.1232382,1.0983058
TNFRSF6B,1.1232382,1.0983058
PRAMEF1,1.1232382,1.0983058
ZNF626,1.1232382,1.0983058
TAF1D,1.1232382,1.0983058
TAAR5,1.1232382,1.0983058
CTNNA2,1.1232382,1.0983058
OSTC,1.1232382,1.0983058
EMC8,1.1232382,1.0983058
LYVE1,1.1232382,1.0983058
GRPEL1,1.1232382,1.0983058
TMEM98,1.1232382,1.0983058
NKAIN3,1.1232382,1.0983058
ZNRF1,1.1232382,1.0983058
TEX33,1.1232382,1.0983058
TMEM74B,1.1232382,1.0983058
ZNF486,1.1232382,1.0983058
PPP3R1,1.1232382,1.0983058
LURAP1,1.1232382,1.0983058
RPL34,1.1232382,1.0983058
NDUFB4,1.1232382,1.0983058
MAGOHB,1.1232382,1.0983058
TREML2,1.1232382,1.0983058
NRN1L,1.1232382,1.0983058
ICAM2,1.1232382,1.0983058
TMED5,1.1232382,1.0983058
PCED1B,1.1232382,1.0983058
GCLM,1.1232382,1.0983058
FCGR1A,1.1232382,1.0983058
SHISA2,1.1232382,1.0983058
DAND5,1.1232382,1.0983058
HIST1H2AL,1.1232382,1.0983058
ADH1A,1.1232382,1.0983058
TMEM196,1.1232382,1.0983058
SSMEM1,1.1232382,1.0983058
LAMP3,1.1232382,1.0983058
PSMC3IP,1.1232382,1.0983058
RHBDL2,1.1232382,1.0983058
MANSC1,1.1232382,1.0983058
APOBEC3H,1.1232382,1.0983058
TMEM121B,1.1232382,1.0983058
MTX2,1.1232382,1.0983058
R3HDML,1.1232382,1.0983058
HNRNPF,1.1232382,1.0983058
FGF7,1.1232382,1.0983058
UBE2A,1.1232382,1.0983058
RPL27A,1.1232382,1.0983058
PARD6B,1.1232382,1.0983058
GABARAPL2,1.1232382,1.0983058
IBTK,1.1232382,1.0983058
MTHFD1L,1.1232382,1.0983058
USP18,1.1232382,1.0983058
FAM107A,1.1232382,1.0983058
ZNF784,1.1232382,1.0983058
CIB4,1.1232382,1.0983058
VSTM4,1.1232382,1.0983058
LYRM1,1.1232382,1.0983058
TM4SF5,1.1232382,1.0983058
FCGR3A,1.1232382,1.0983058
NOP10,1.1232382,1.0983058
EMD,1.1232382,1.0983058
CENPBD1,1.1232382,1.0983058
PRB3,1.1232382,1.0983058
SHISAL1,1.1232382,1.0983058
TSC22D4,1.1232382,1.0983058
CEACAM6,1.1232382,1.0983058
MYADM,1.1232382,1.0983058
UBL3,1.1232382,1.0983058
NGB,1.1232382,1.0983058
ZNF506,1.1232382,1.0983058
INCA1,1.1232382,1.0983058
ORAI3,1.1232382,1.0983058
PPCDC,1.1232382,1.0983058
TRIM48,1.1232382,1.0983058
TRIM71,1.1232382,1.0983058
FAM122B,1.1232382,1.0983058
KLRC1,1.1232382,1.0983058
RTP4,1.1232382,1.0983058
ZNF138,1.1232382,1.0983058
MMRN1,1.1232382,1.0983058
CREG2,1.1232382,1.0983058
CIB3,1.1232382,1.0983058
SEC11C,1.1232382,1.0983058
STX19,1.1232382,1.0983058
BTG1,1.1232382,1.0983058
GPX3,1.1232382,1.0983058
LGALS12,1.1232382,1.0983058
C6orf163,1.1232382,1.0983058
CCNI,1.1232382,1.0983058
C16orf46,1.1232382,1.0983058
LYPLA1,1.1232382,1.0983058
GINM1,1.1232382,1.0983058
PTGDR2,1.1232382,1.0983058
KRTAP10-4,1.1232382,1.0983058
TYRP1,1.1232382,1.0983058
RHOT2,1.1232382,1.0983058
PSMB7,1.1232382,1.0983058
RBM7,1.1232382,1.0983058
ATF5,1.1232382,1.0983058
FAM222A,1.1232382,1.0983058
NTPCR,1.1232382,1.0983058
VMO1,1.1232382,1.0983058
ZNF146,1.1232382,1.0983058
RTN4R,1.1232382,1.0983058
METTL27,1.1232382,1.0983058
SRP19,1.1232382,1.0983058
SRA1,1.1232382,1.0983058
CDIP1,1.1232382,1.0983058
SLC39A3,1.1232382,1.0983058
RABIF,1.1232382,1.0983058
ARMC10,1.1232382,1.0983058
SMURF1,1.1232382,1.0983058
PGA5,1.1232382,1.0983058
RP13-996F3.4,1.1232382,1.0983058
YIPF4,1.1232382,1.0983058
CD28,1.1232382,1.0983058
FAM187B,1.1232382,1.0983058
RPL31,1.1232382,1.0983058
MED20,1.1232382,1.0983058
TMEM185B,1.1232382,1.0983058
LRRC38,1.1232382,1.0983058
ATP6V0C,1.1232382,1.0983058
SELENOF,1.1232382,1.0983058
LAMP5,1.1232382,1.0983058
CCND1,1.1232382,1.0983058
CLDN20,1.1232382,1.0983058
EPO,1.1232382,1.0983058
QPRT,1.1232382,1.0983058
GULP1,1.1232382,1.0983058
LRRC7,1.1232382,1.0983058
COPS9,1.1232382,1.0983058
INSL3,1.1232382,1.0983058
PLEKHJ1,1.1232382,1.0983058
GPR55,1.1232382,1.0983058
TBC1D21,1.1232382,1.0983058
METTL24,1.1232382,1.0983058
CLDN8,1.1232382,1.0983058
NDFIP1,1.1232382,1.0983058
CINP,1.1232382,1.0983058
BNIP3L,1.1232382,1.0983058
PEBP1,1.1232382,1.0983058
GPR15,1.1232382,1.0983058
INKA1,1.1232382,1.0983058
SDHA,1.1232382,1.0983058
GABARAP,1.1232382,1.0983058
RHBDD2,1.1232382,1.0983058
TLDC2,1.1232382,1.0983058
CCNI2,1.1232382,1.0983058
XCR1,1.1232382,1.0983058
PDC,1.1232382,1.0983058
UBE2L6,1.1232382,1.0983058
FADS6,1.1232382,1.0983058
SAMD1,1.1232382,1.0983058
NME4,1.1232382,1.0983058
MTA3,1.1232382,1.0983058
HDDC3,1.1232382,1.0983058
RAD9A,1.1232382,1.0983058
METTL18,1.1232382,1.0983058
PNMA1,1.1232382,1.0983058
ALG1L,1.1232382,1.0983058
SNAI2,1.1232382,1.0983058
RAB9B,1.1232382,1.0983058
CETN2,1.1232382,1.0983058
EBI3,1.1232382,1.0983058
POP5,1.1232382,1.0983058
RPSA,1.1232382,1.0983058
UQCRB,1.1232382,1.0983058
HDHD3,1.1232382,1.0983058
IQCF2,1.1232382,1.0983058
METTL11B,1.1232382,1.0983058
EXOSC5,1.1232382,1.0983058
MAGEA11,1.1232382,1.0983058
C19orf24,1.1232382,1.0983058
CALM2,1.1232382,1.0983058
EFCAB11,1.1232382,1.0983058
PPIF,1.1232382,1.0983058
TOR4A,1.1232382,1.0983058
CD3E,1.1232382,1.0983058
COL13A1,1.1232382,1.0983058
GGH,1.1232382,1.0983058
CHIC1,1.1232382,1.0983058
METTL5,1.1232382,1.0983058
MED18,1.1232382,1.0983058
UBE2M,1.1232382,1.0983058
C22orf15,1.1232382,1.0983058
ZNF114,1.1232382,1.0983058
CD70,1.1232382,1.0983058
FAM110D,1.1232382,1.0983058
ZADH2,1.1232382,1.0983058
TMEM134,1.1232382,1.0983058
HDGFL1,1.1232382,1.0983058
CD38,1.1232382,1.0983058
BCAP29,1.1232382,1.0983058
NPDC1,1.1232382,1.0983058
TPRG1,1.1232382,1.0983058
CCT8,1.1232382,1.0983058
CLDN25,1.1232382,1.0983058
BSND,1.1232382,1.0983058
GINS3,1.1232382,1.0983058
BCL2L10,1.1232382,1.0983058
TRIM64B,1.1232382,1.0983058
NCR3,1.1232382,1.0983058
STT3A,1.1232382,1.0983058
PTN,1.1232382,1.0983058
EYA3,1.1232382,1.0983058
PAK1,1.1232382,1.0983058
SNRPA1,1.1232382,1.0983058
KIR2DL4,1.1232382,1.0983058
NPM1,1.1232382,1.0983058
KCTD11,1.1232382,1.0983058
PIH1D2,1.1232382,1.0983058
SIKE1,1.1232382,1.0983058
HMBS,1.1232382,1.0983058
PNOC,1.1232382,1.0983058
NANOS3,1.1232382,1.0983058
GAS1,1.1232382,1.0983058
MAB21L4,1.1232382,1.0983058
ZNF691,1.1232382,1.0983058
RILPL2,1.1232382,1.0983058
SP6,1.1232382,1.0983058
HDGFL3,1.1232382,1.0983058
CXXC4,1.1232382,1.0983058
PIH1D1,1.1232382,1.0983058
TRIR,1.1232382,1.0983058
INS,1.1232382,1.0983058
PDE6D,1.1232382,1.0983058
CCDC92,1.1232382,1.0983058
TBATA,1.1232382,1.0983058
KCTD14,1.1232382,1.0983058
PMVK,1.1232382,1.0983058
U2SURP,1.1232382,1.0983058
ZNF684,1.1232382,1.0983058
NRIP3,1.1232382,1.0983058
KLK1,1.1232382,1.0983058
WFDC3,1.1232382,1.0983058
RFPL2,1.1232382,1.0983058
FAM84A,1.1232382,1.0983058
VGLL4,1.1232382,1.0983058
SYCE1L,1.1232382,1.0983058
MSRB2,1.1232382,1.0983058
LRRC69,1.1232382,1.0983058
C10orf88,1.1232382,1.0983058
ATP5PO,1.1232382,1.0983058
TSPAN19,1.1232382,1.0983058
AIMP2,1.1232382,1.0983058
HESX1,1.1232382,1.0983058
MRAP,1.1232382,1.0983058
APOO,1.1232382,1.0983058
HRASLS5,1.1232382,1.0983058
AMN1,1.1232382,1.0983058
TMEM204,1.1232382,1.0983058
ZCCHC12,1.1232382,1.0983058
HIST1H4I,1.1232382,1.0983058
C8orf86,1.1232382,1.0983058
FURIN,1.1232382,1.0983058
KATNBL1,1.1232382,1.0983058
SPRYD4,1.1232382,1.0983058
ODAPH,1.1232382,1.0983058
ITM2B,1.1232382,1.0983058
ADH7,1.1232382,1.0983058
PSMA5,1.1232382,1.0983058
RB1CC1,1.1232382,1.0983058
MOB1A,1.1232382,1.0983058
MRPL50,1.1232382,1.0983058
TAF9B,1.1232382,1.0983058
IRGC,1.1232382,1.0983058
RPP25,1.1232382,1.0983058
ZNF670,1.1232382,1.0983058
TCEANC2,1.1232382,1.0983058
CEACAM18,1.1232382,1.0983058
NAT8L,1.1232382,1.0983058
TRABD2B,1.1232382,1.0983058
PPIL1,1.1232382,1.0983058
CLEC12B,1.1232382,1.0983058
HIST1H4A,1.1232382,1.0983058
ASB12,1.1232382,1.0983058
PTGDS,1.1232382,1.0983058
LRRC2,1.1232382,1.0983058
ORM2,1.1232382,1.0983058
ZDHHC11,1.1232382,1.0983058
GLTPD2,1.1232382,1.0983058
SPAG7,1.1232382,1.0983058
PLA2G12B,1.1232382,1.0983058
CCDC74A,1.1232382,1.0983058
NQO2,1.1232382,1.0983058
CEP19,1.1232382,1.0983058
RSPRY1,1.1232382,1.0983058
AP3S2,1.1232382,1.0983058
PGP,1.1232382,1.0983058
YIPF7,1.1232382,1.0983058
NUCKS1,1.1232382,1.0983058
FXYD3,1.1232382,1.0983058
NENF,1.1232382,1.0983058
GOLGA7,1.1232382,1.0983058
DIO1,1.1232382,1.0983058
ORC6,1.1232382,1.0983058
CXorf58,1.1232382,1.0983058
FCRLA,1.1232382,1.0983058
RAET1E,1.1232382,1.0983058
NDUFS4,1.1232382,1.0983058
RNF138,1.1232382,1.0983058
MOB1B,1.1232382,1.0983058
DCAKD,1.1232382,1.0983058
MGP,1.1232382,1.0983058
RNF148,1.1232382,1.0983058
DPPA2,1.1232382,1.0983058
VOPP1,1.1232382,1.0983058
TMED6,1.1232382,1.0983058
FAM104A,1.1232382,1.0983058
MRM1,1.1232382,1.0983058
LYPD3,1.1232382,1.0983058
LYPD6B,1.1232382,1.0983058
GRIK1,1.1232382,1.0983058
A3GALT2,1.1232382,1.0983058
DMRT1,1.1232382,1.0983058
ISLR,1.1232382,1.0983058
VAV3,1.1232382,1.0983058
DHRS2,1.1232382,1.0983058
NAP1L2,1.1232382,1.0983058
ZMAT4,1.1232382,1.0983058
MARCH2,1.1232382,1.0983058
MRPS26,1.1232382,1.0983058
CLBA1,1.1232382,1.0983058
NDUFA12,1.1232382,1.0983058
ARV1,1.1232382,1.0983058
TTC16,1.1232382,1.0983058
TRIM13,1.1232382,1.0983058
NDUFAF2,1.1232382,1.0983058
PBDC1,1.1232382,1.0983058
TEX35,1.1232382,1.0983058
NTMT1,1.1232382,1.0983058
PRAMEF19,1.1232382,1.0983058
PRSS58,1.1232382,1.0983058
TBK1,1.1232382,1.0983058
ZNF385C,1.1232382,1.0983058
PTCRA,1.1232382,1.0983058
RPL10A,1.1232382,1.0983058
HIST1H3G,1.1232382,1.0983058
CBX3,1.1232382,1.0983058
ZGLP1,1.1232382,1.0983058
TPSAB1,1.1232382,1.0983058
NBPF1,1.1232382,1.0983058
MRPS34,1.1232382,1.0983058
YY2,1.1232382,1.0983058
TMEM270,1.1232382,1.0983058
COX4I2,1.1232382,1.0983058
C7orf61,1.1232382,1.0983058
GAL3ST2,1.1232382,1.0983058
PLSCR4,1.1232382,1.0983058
IFITM10,1.1232382,1.0983058
CMA1,1.1232382,1.0983058
AUNIP,1.1232382,1.0983058
PSME2,1.1232382,1.0983058
GGT6,1.1232382,1.0983058
KIF2A,1.1232382,1.0983058
FIS1,1.1232382,1.0983058
PPIB,1.1232382,1.0983058
MIXL1,1.1232382,1.0983058
GMNC,1.1232382,1.0983058
UBE2R2,1.1232382,1.0983058
GATSL1,1.1232382,1.0983058
DHFR,1.1232382,1.0983058
FBXL8,1.1232382,1.0983058
MRPL17,1.1232382,1.0983058
IL12B,1.1232382,1.0983058
DNAJB9,1.1232382,1.0983058
WBP2,1.1232382,1.0983058
HSCB,1.1232382,1.0983058
PRKCI,1.1232382,1.0983058
TMEM223,1.1232382,1.0983058
TTC9B,1.1232382,1.0983058
PHLPP2,1.1232382,1.0983058
FIGLA,1.1232382,1.0983058
URM1,1.1232382,1.0983058
NACC2,1.1232382,1.0983058
SAPCD1,1.1232382,1.0983058
FKBP3,1.1232382,1.0983058
SULT1C3,1.1232382,1.0983058
CABP5,1.1232382,1.0983058
ASGR2,1.1232382,1.0983058
CALHM5,1.1232382,1.0983058
SDC1,1.1232382,1.0983058
CCR4,1.1232382,1.0983058
APOBEC1,1.1232382,1.0983058
HACD2,1.1232382,1.0983058
CHI3L2,1.1232382,1.0983058
TCP10,1.1232382,1.0983058
TMEM40,1.1232382,1.0983058
TM4SF4,1.1232382,1.0983058
TMEM208,1.1232382,1.0983058
PID1,1.1232382,1.0983058
TMEM150C,1.1232382,1.0983058
NUDT21,1.1232382,1.0983058
TMEM164,1.1232382,1.0983058
RNF4,1.1232382,1.0983058
TIMM29,1.1232382,1.0983058
HTATIP2,1.1232382,1.0983058
TMIE,1.1232382,1.0983058
YPEL1,1.1232382,1.0983058
CDCA4,1.1232382,1.0983058
SPRYD7,1.1232382,1.0983058
RPL26L1,1.1232382,1.0983058
DMP1,1.1232382,1.0983058
C9orf66,1.1232382,1.0983058
CHAD,1.1232382,1.0983058
LAPTM4A,1.1232382,1.0983058
CNEP1R1,1.1232382,1.0983058
TWISTNB,1.1232382,1.0983058
HIST1H2AB,1.1232382,1.0983058
CMSS1,1.1232382,1.0983058
SNRPN,1.1232382,1.0983058
SLC9A1,1.1232382,1.0983058
ZNF358,1.1232382,1.0983058
SLC10A3,1.1232382,1.0983058
AS3MT,1.1232382,1.0983058
AKIRIN1,1.1232382,1.0983058
TRAPPC2,1.1232382,1.0983058
TMEM95,1.1232382,1.0983058
PLSCR2,1.1232382,1.0983058
SOX10,1.1232382,1.0983058
ADAT2,1.1232382,1.0983058
TEX26,1.1232382,1.0983058
PMEPA1,1.1232382,1.0983058
FHIT,1.1232382,1.0983058
GNPDA2,1.1232382,1.0983058
CTAGE9,1.1232382,1.0983058
TMEM138,1.1232382,1.0983058
TMEM88,1.1232382,1.0983058
AREG,1.1232382,1.0983058
NUDT16L1,1.1232382,1.0983058
BCL10,1.1232382,1.0983058
PRG3,1.1232382,1.0983058
CPLANE2,1.1232382,1.0983058
YLPM1,1.1232382,1.0983058
SARNP,1.1232382,1.0983058
BPIFB2,1.1232382,1.0983058
TSPAN6,1.1232382,1.0983058
RARRES1,1.1232382,1.0983058
ESAM,1.1232382,1.0983058
SSU72,1.1232382,1.0983058
PRR3,1.1232382,1.0983058
KCTD4,1.1232382,1.0983058
RTL4,1.1232382,1.0983058
TPBG,1.1232382,1.0983058
RPS15,1.1232382,1.0983058
METRN,1.1232382,1.0983058
MSTO1,1.1232382,1.0983058
MRPL10,1.1232382,1.0983058
SNX10,1.1232382,1.0983058
MED31,1.1232382,1.0983058
AKR7A3,1.1232382,1.0983058
EEF2KMT,1.1232382,1.0983058
CTD-2267D19.3,1.1232382,1.0983058
SIAH2,1.1232382,1.0983058
ACER1,1.1232382,1.0983058
RABL2A,1.1232382,1.0983058
CD3EAP,1.1232382,1.0983058
F2RL2,1.1232382,1.0983058
CD3D,1.1232382,1.0983058
SCN4B,1.1232382,1.0983058
CASP14,1.1232382,1.0983058
ERMN,1.1232382,1.0983058
SLC35A4,1.1232382,1.0983058
CKMT1B,1.1232382,1.0983058
BEND6,1.1232382,1.0983058
FRAT1,1.1232382,1.0983058
CEACAM21,1.1232382,1.0983058
CENPA,1.1232382,1.0983058
PRG2,1.1232382,1.0983058
TAS2R41,1.1232382,1.0983058
FAM204A,1.1232382,1.0983058
SYCP3,1.1232382,1.0983058
MRPL13,1.1232382,1.0983058
P2RY12,1.1232382,1.0983058
PPP1R42,1.1232382,1.0983058
MICB,1.1232382,1.0983058
SNRPD3,1.1232382,1.0983058
SPIN4,1.1232382,1.0983058
USP50,1.1232382,1.0983058
MFAP2,1.1232382,1.0983058
OXT,1.1232382,1.0983058
CEACAM3,1.1232382,1.0983058
ANKRD61,1.1232382,1.0983058
LHFPL1,1.1232382,1.0983058
CLSTN2,1.1232382,1.0983058
MAS1,1.1232382,1.0983058
FAM110C,1.1232382,1.0983058
PEX19,1.1232382,1.0983058
IGFBP7,1.1232382,1.0983058
C11orf65,1.1232382,1.0983058
BABAM1,1.1232382,1.0983058
KLF3,1.1232382,1.0983058
GZMH,1.1232382,1.0983058
TEF,1.1232382,1.0983058
ZNF121,1.1232382,1.0983058
GNAQ,1.1232382,1.0983058
TRIM44,1.1232382,1.0983058
DCTPP1,1.1232382,1.0983058
MCEMP1,1.1232382,1.0983058
TIGD6,1.1232382,1.0983058
GPALPP1,1.1232382,1.0983058
CREBL2,1.1232382,1.0983058
EIF3J,1.1232382,1.0983058
CPSF2,1.1232382,1.0983058
LIN7C,1.1232382,1.0983058
UTS2,1.1232382,1.0983058
MRPL1,1.1232382,1.0983058
FCGRT,1.1232382,1.0983058
RTL10,1.1232382,1.0983058
CHD1L,1.1232382,1.0983058
C1orf159,1.1232382,1.0983058
STXBP6,1.1232382,1.0983058
AKR1B10,1.1232382,1.0983058
DPRX,1.1232382,1.0983058
DMRTB1,1.1232382,1.0983058
ANKRD49,1.1232382,1.0983058
GDNF,1.1232382,1.0983058
STARD3NL,1.1232382,1.0983058
NAP1L3,1.1232382,1.0983058
LAPTM4B,1.1232382,1.0983058
ZFP36,1.1232382,1.0983058
MRPS18A,1.1232382,1.0983058
AWAT2,1.1232382,1.0983058
NPC2,1.1232382,1.0983058
CTDNEP1,1.1232382,1.0983058
TMED4,1.1232382,1.0983058
KRT85,1.1232382,1.0983058
RGN,1.1232382,1.0983058
NRBF2,1.1232382,1.0983058
DESI1,1.1232382,1.0983058
SOCS1,1.1232382,1.0983058
SLAMF9,1.1232382,1.0983058
SAP18,1.1232382,1.0983058
TMED10,1.1232382,1.0983058
MAP1LC3B,1.1232382,1.0983058
SLC10A6,1.1232382,1.0983058
EEF1AKMT3,1.1232382,1.0983058
CD164,1.1232382,1.0983058
ZDHHC19,1.1232382,1.0983058
SPSB2,1.1232382,1.0983058
AKT1S1,1.1232382,1.0983058
ZNF80,1.1232382,1.0983058
SPIN1,1.1232382,1.0983058
RBPMS,1.1232382,1.0983058
BCAP31,1.1232382,1.0983058
GOLGA7B,1.1232382,1.0983058
PRB1,1.1232382,1.0983058
CXCR6,1.1232382,1.0983058
ARGFX,1.1232382,1.0983058
DBH,1.1232382,1.0983058
PON2,1.1232382,1.0983058
CYB561D1,1.1232382,1.0983058
DUSP18,1.1232382,1.0983058
COX4I1,1.1232382,1.0983058
TRPV2,1.1232382,1.0983058
TMEM47,1.1232382,1.0983058
PAQR9,1.1232382,1.0983058
MCIDAS,1.1232382,1.0983058
GSTO2,1.1232382,1.0983058
TMEM106B,1.1232382,1.0983058
ZNRF4,1.1232382,1.0983058
NMRK2,1.1232382,1.0983058
IZUMO3,1.1232382,1.0983058
DUSP22,1.1232382,1.0983058
PILRB,1.1232382,1.0983058
DCTN3,1.1232382,1.0983058
PIGX,1.1232382,1.0983058
CCDC134,1.1232382,1.0983058
TPGS2,1.1232382,1.0983058
C12orf29,1.1232382,1.0983058
RPS9,1.1232382,1.0983058
ADM2,1.1232382,1.0983058
SPATA4,1.1232382,1.0983058
ZNF785,1.1232382,1.0983058
PPP1R35,1.1232382,1.0983058
TNFRSF9,1.1232382,1.0983058
SNX16,1.1232382,1.0983058
SYNGR3,1.1232382,1.0983058
HIST1H3I,1.1232382,1.0983058
C11orf1,1.1232382,1.0983058
NIPSNAP3B,1.1232382,1.0983058
CCNG1,1.1232382,1.0983058
UBE2I,1.1232382,1.0983058
RAP1B,1.1232382,1.0983058
LIMA1,1.1232382,1.0983058
SPC24,1.1232382,1.0983058
AGTR2,1.1232382,1.0983058
KIAA0355,1.1232382,1.0983058
CAVIN4,1.1232382,1.0983058
TMEM178B,1.1232382,1.0983058
EPPIN,1.1232382,1.0983058
YEATS2,1.1232382,1.0983058
TESC,1.1232382,1.0983058
CBLN4,1.1232382,1.0983058
NUBP2,1.1232382,1.0983058
CALML3,1.1232382,1.0983058
PTPN4,1.1232382,1.0983058
BTG3,1.1232382,1.0983058
H1FNT,1.1232382,1.0983058
CHCHD6,1.1232382,1.0983058
RPP21,1.1232382,1.0983058
TENT5D,1.1232382,1.0983058
HCAR1,1.1232382,1.0983058
GPR20,1.1232382,1.0983058
MNDA,1.1232382,1.0983058
SUSD6,1.1232382,1.0983058
PLAGL1,1.1232382,1.0983058
FKBP2,1.1232382,1.0983058
HIST1H3J,1.1232382,1.0983058
XPO4,1.1232382,1.0983058
ZCCHC13,1.1232382,1.0983058
PFN1,1.1232382,1.0983058
TRIM31,1.1232382,1.0983058
ZNF679,1.1232382,1.0983058
KCNK18,1.1232382,1.0983058
LBHD1,1.1232382,1.0983058
SNAP23,1.1232382,1.0983058
CHURC1,1.1232382,1.0983058
HRASLS,1.1232382,1.0983058
UBE2E1,1.1232382,1.0983058
DBP,1.1232382,1.0983058
MYL9,1.1232382,1.0983058
FGF23,1.1232382,1.0983058
PFN3,1.1232382,1.0983058
TLCD2,1.1232382,1.0983058
FGF1,1.1232382,1.0983058
PLEKHB1,1.1232382,1.0983058
SPTBN1,1.1232382,1.0983058
BCL2L14,1.1232382,1.0983058
OSTF1,1.1232382,1.0983058
GRAMD1B,1.1232382,1.0983058
CD1A,1.1232382,1.0983058
PGRMC1,1.1232382,1.0983058
MSANTD3,1.1232382,1.0983058
FAM110A,1.1232382,1.0983058
FGF20,1.1232382,1.0983058
PRR16,1.1232382,1.0983058
ISOC2,1.1232382,1.0983058
SPATA19,1.1232382,1.0983058
PPIP5K1,1.1232382,1.0983058
OMG,1.1232382,1.0983058
CCDC59,1.1232382,1.0983058
OAZ3,1.1232382,1.0983058
HMGB4,1.1232382,1.0983058
SIVA1,1.1232382,1.0983058
DRICH1,1.1232382,1.0983058
LHPP,1.1232382,1.0983058
SPATA32,1.1232382,1.0983058
GSTK1,1.1232382,1.0983058
SINHCAF,1.1232382,1.0983058
MTERF2,1.1232382,1.0983058
GSTM2,1.1232382,1.0983058
DNAI1,1.1232382,1.0983058
LRRC75B,1.1232382,1.0983058
ATP6V0E2,1.1232382,1.0983058
CLDN2,1.1232382,1.0983058
HIST1H2AM,1.1232382,1.0983058
FTMT,1.1232382,1.0983058
SLC31A1,1.1232382,1.0983058
TAF13,1.1232382,1.0983058
GPR65,1.1232382,1.0983058
MTG1,1.1232382,1.0983058
CEACAM8,1.1232382,1.0983058
SPEF1,1.1232382,1.0983058
MICA,1.1232382,1.0983058
CAPS,1.1232382,1.0983058
RPS7,1.1232382,1.0983058
GOLGA6L6,1.1232382,1.0983058
MYL10,1.1232382,1.0983058
PON3,1.1232382,1.0983058
CCDC166,1.1232382,1.0983058
TRAPPC1,1.1232382,1.0983058
MRPL51,1.1232382,1.0983058
IL32,1.1232382,1.0983058
UBAP1L,1.1232382,1.0983058
RGS17,1.1232382,1.0983058
TMC3,1.1232382,1.0983058
SPEM1,1.1232382,1.0983058
MRPS2,1.1232382,1.0983058
TRAPPC3,1.1232382,1.0983058
SKA3,1.1232382,1.0983058
NUTM2F,1.1232382,1.0983058
RPL28,1.1232382,1.0983058
PAPOLA,1.1232382,1.0983058
TNNC2,1.1232382,1.0983058
ZNF708,1.1232382,1.0983058
TGIF2,1.1232382,1.0983058
PAX9,1.1232382,1.0983058
RABL2B,1.1232382,1.0983058
TMEM150A,1.1232382,1.0983058
BCL7C,1.1232382,1.0983058
ZNF141,1.1232382,1.0983058
ANKRD7,1.1232382,1.0983058
MCUR1,1.1232382,1.0983058
RPL23A,1.1232382,1.0983058
CPSF4L,1.1232382,1.0983058
NAT16,1.1232382,1.0983058
STMN3,1.1232382,1.0983058
FAM162B,1.1232382,1.0983058
ZNF90,1.1232382,1.0983058
CCDC153,1.1232382,1.0983058
PRSS45,1.1232382,1.0983058
MRGPRF,1.1232382,1.0983058
PSENEN,1.1232382,1.0983058
ANAPC10,1.1232382,1.0983058
LYPD6,1.1232382,1.0983058
CCDC32,1.1232382,1.0983058
ZNF558,1.1232382,1.0983058
RPL9,1.1232382,1.0983058
RAB18,1.1232382,1.0983058
NXPH3,1.1232382,1.0983058
RXFP4,1.1232382,1.0983058
CIB2,1.1232382,1.0983058
TYW3,1.1232382,1.0983058
TMEM182,1.1232382,1.0983058
FASLG,1.1232382,1.0983058
MC4R,1.1232382,1.0983058
ELP5,1.1232382,1.0983058
IFI35,1.1232382,1.0983058
NEURL2,1.1232382,1.0983058
NCOA1,1.1232382,1.0983058
MED30,1.1232382,1.0983058
FRMPD4,1.1232382,1.0983058
SCHIP1,1.1232382,1.0983058
NOXRED1,1.1232382,1.0983058
EMB,1.1232382,1.0983058
GZMM,1.1232382,1.0983058
C19orf66,1.1232382,1.0983058
UBE2D2,1.1232382,1.0983058
CXCR1,1.1232382,1.0983058
CAPNS2,1.1232382,1.0983058
NUDT5,1.1232382,1.0983058
DTX3,1.1232382,1.0983058
SUPT4H1,1.1232382,1.0983058
STX11,1.1232382,1.0983058
AL354898.1,1.1232382,1.0983058
ZBTB11,1.1232382,1.0983058
SUMO3,1.1232382,1.0983058
TWSG1,1.1232382,1.0983058
LGALSL,1.1232382,1.0983058
EDN1,1.1232382,1.0983058
RSL24D1,1.1232382,1.0983058
SLC10A4,1.1232382,1.0983058
CTDSP2,1.1232382,1.0983058
HUS1,1.1232382,1.0983058
GP1BB,1.1232382,1.0983058
KCNC1,1.1232382,1.0983058
HMGB2,1.1232382,1.0983058
PGLYRP4,1.1232382,1.0983058
TPD52,1.1232382,1.0983058
ZNF593,1.1232382,1.0983058
RBM18,1.1232382,1.0983058
SCN8A,1.1232382,1.0983058
CLK3,1.1232382,1.0983058
HIST1H4D,1.1232382,1.0983058
C9orf47,1.1232382,1.0983058
EGR2,1.1232382,1.0983058
RPP40,1.1232382,1.0983058
NTNG1,1.1232382,1.0983058
DBI,1.1232382,1.0983058
TINAG,1.1232382,1.0983058
PROS1,1.1232382,1.0983058
LIN28B,1.1232382,1.0983058
ATP6V0B,1.1232382,1.0983058
TMED8,1.1232382,1.0983058
PEG10,1.1232382,1.0983058
TMEM185A,1.1232382,1.0983058
INSM1,1.1232382,1.0983058
SOCS2,1.1232382,1.0983058
C8G,1.1232382,1.0983058
MCRIP1,1.1232382,1.0983058
TCP10L2,1.1232382,1.0983058
DPCD,1.1232382,1.0983058
VSTM2B,1.1232382,1.0983058
ALKBH2,1.1232382,1.0983058
SYS1,1.1232382,1.0983058
PRR4,1.1232382,1.0983058
TCEANC,1.1232382,1.0983058
HSD11B1,1.1232382,1.0983058
LMO4,1.1232382,1.0983058
RHBDD3,1.1232382,1.0983058
CHD1,1.1232382,1.0983058
GPR132,1.1232382,1.0983058
CDC42EP1,1.1232382,1.0983058
PLA2G12A,1.1232382,1.0983058
ANKRD60,1.1232382,1.0983058
EEF1B2,1.1232382,1.0983058
CCDC169,1.1232382,1.0983058
ADO,1.1232382,1.0983058
LRRC3C,1.1232382,1.0983058
TRUB2,1.1232382,1.0983058
TMEM255B,1.1232382,1.0983058
ARL6IP1,1.1232382,1.0983058
DPT,1.1232382,1.0983058
LRMDA,1.1232382,1.0983058
HIST2H2AB,1.1232382,1.0983058
ODF3L1,1.1232382,1.0983058
MPZL1,1.1232382,1.0983058
TNF,1.1232382,1.0983058
TTR,1.1232382,1.0983058
GLRA1,1.1232382,1.0983058
CFH,1.1232382,1.0983058
ZNF707,1.1232382,1.0983058
H2AFZ,1.1232382,1.0983058
POLR2G,1.1232382,1.0983058
TSPO,1.1232382,1.0983058
ZSCAN4,1.1232382,1.0983058
DUSP3,1.1232382,1.0983058
TRIM77,1.1232382,1.0983058
ORAI2,1.1232382,1.0983058
ATP4B,1.1232382,1.0983058
CCDC3,1.1232382,1.0983058
RHNO1,1.1232382,1.0983058
FUT5,1.1232382,1.0983058
STEAP1B,1.1232382,1.0983058
HIST2H2AC,1.1232382,1.0983058
CHP2,1.1232382,1.0983058
SNX24,1.1232382,1.0983058
TMEM163,1.1232382,1.0983058
NKAIN2,1.1232382,1.0983058
TRIM40,1.1232382,1.0983058
LACTBL1,1.1232382,1.0983058
RFESD,1.1232382,1.0983058
SFTPA2,1.1232382,1.0983058
NPY5R,1.1232382,1.0983058
USB1,1.1232382,1.0983058
MYCT1,1.1232382,1.0983058
SLAMF6,1.1232382,1.0983058
EDARADD,1.1232382,1.0983058
DDX11,1.1232382,1.0983058
IAH1,1.1232382,1.0983058
RNF115,1.1232382,1.0983058
SUSD2,1.1232382,1.0983058
PPP1R3B,1.1232382,1.0983058
NXPH2,1.1232382,1.0983058
THYN1,1.1232382,1.0983058
WFDC8,1.1232382,1.0983058
YPEL2,1.1232382,1.0983058
EAPP,1.1232382,1.0983058
C1QBP,1.1232382,1.0983058
C3orf33,1.1232382,1.0983058
DCUN1D5,1.1232382,1.0983058
TMEM38B,1.1232382,1.0983058
PHETA2,1.1232382,1.0983058
CBLN2,1.1232382,1.0983058
GABRD,1.1232382,1.0983058
NEIL2,1.1232382,1.0983058
FBXO38,1.1232382,1.0983058
LYAR,1.1232382,1.0983058
PDGFA,1.1232382,1.0983058
NAA38,1.1232382,1.0983058
JOSD1,1.1232382,1.0983058
IGFBP1,1.1232382,1.0983058
MYPOP,1.1232382,1.0983058
TMEM268,1.1232382,1.0983058
PHYHIPL,1.1232382,1.0983058
KDELR3,1.1232382,1.0983058
FETUB,1.1232382,1.0983058
RSU1,1.1232382,1.0983058
FAM221A,1.1232382,1.0983058
EMP2,1.1232382,1.0983058
RPS19,1.1232382,1.0983058
IL1R2,1.1232382,1.0983058
ATP1A1,1.1232382,1.0983058
FNDC4,1.1232382,1.0983058
ITLN2,1.1232382,1.0983058
FAM124B,1.1232382,1.0983058
TBX1,1.1232382,1.0983058
P2RY10,1.1232382,1.0983058
ZNF32,1.1232382,1.0983058
CLEC18B,1.1232382,1.0983058
KLRK1,1.1232382,1.0983058
NMRAL1,1.1232382,1.0983058
MAMSTR,1.1232382,1.0983058
MIA,1.1232382,1.0983058
PSMB3,1.1232382,1.0983058
MREG,1.1232382,1.0983058
NME1,1.1232382,1.0983058
GPR119,1.1232382,1.0983058
PCDHGA5,1.1232382,1.0983058
YIPF5,1.1232382,1.0983058
C9orf78,1.1232382,1.0983058
APOF,1.1232382,1.0983058
TMEM267,1.1232382,1.0983058
NCALD,1.1232382,1.0983058
SIRPG,1.1232382,1.0983058
LITAF,1.1232382,1.0983058
ASGR1,1.1232382,1.0983058
PIK3CG,1.1232382,1.0983058
EMC7,1.1232382,1.0983058
ZNF682,1.1232382,1.0983058
C1QB,1.1232382,1.0983058
DNPH1,1.1232382,1.0983058
PSME3,1.1232382,1.0983058
DAZL,1.1232382,1.0983058
RHEBL1,1.1232382,1.0983058
SAXO2,1.1232382,1.0983058
SLC22A31,1.1232382,1.0983058
YAF2,1.1232382,1.0983058
GLO1,1.1232382,1.0983058
DFFA,1.1232382,1.0983058
AMIGO1,1.1232382,1.0983058
TCN1,1.1232382,1.0983058
CETN3,1.1232382,1.0983058
TMEM130,1.1232382,1.0983058
KLK3,1.1232382,1.0983058
DUSP28,1.1232382,1.0983058
AC010336.1,1.1232382,1.0983058
NCR2,1.1232382,1.0983058
POP4,1.1232382,1.0983058
CCDC34,1.1232382,1.0983058
HES2,1.1232382,1.0983058
RIC1,1.1232382,1.0983058
PEAK3,1.1232382,1.0983058
BEAN1,1.1232382,1.0983058
NFU1,1.1232382,1.0983058
LUZP2,1.1232382,1.0983058
PAQR5,1.1232382,1.0983058
EML5,1.1232382,1.0983058
TNFRSF14,1.1232382,1.0983058
ADAT3,1.1232382,1.0983058
APIP,1.1232382,1.0983058
ANP32B,1.1232382,1.0983058
RABL3,1.1232382,1.0983058
DCTN6,1.1232382,1.0983058
ABCA6,1.1232382,1.0983058
SPINT2,1.1232382,1.0983058
SERPINA7,1.1232382,1.0983058
NXPH4,1.1232382,1.0983058
ATP6AP1L,1.1232382,1.0983058
IDNK,1.1232382,1.0983058
KRTAP16-1,1.1232382,1.0983058
PTP4A1,1.1232382,1.0983058
PLSCR5,1.1232382,1.0983058
GJB7,1.1232382,1.0983058
PVRIG,1.1232382,1.0983058
TMEM45B,1.1232382,1.0983058
ZAR1L,1.1232382,1.0983058
TPSD1,1.1232382,1.0983058
CAPZA3,1.1232382,1.0983058
PDCL,1.1232382,1.0983058
ZBTB8OS,1.1232382,1.0983058
NDUFB10,1.1232382,1.0983058
FNDC11,1.1232382,1.0983058
PRR23C,1.1232382,1.0983058
MRPS11,1.1232382,1.0983058
FAM92B,1.1232382,1.0983058
ARF4,1.1232382,1.0983058
CD84,1.1232382,1.0983058
SIRPB1,1.1232382,1.0983058
ZIM3,1.1232382,1.0983058
CDCA3,1.1232382,1.0983058
CLCF1,1.1232382,1.0983058
CCR8,1.1232382,1.0983058
BAK1,1.1232382,1.0983058
MSRB3,1.1232382,1.0983058
SSTR4,1.1232382,1.0983058
C22orf31,1.1232382,1.0983058
ZNF658,1.1232382,1.0983058
ACTR3C,1.1232382,1.0983058
FAM3B,1.1232382,1.0983058
FOXR2,1.1232382,1.0983058
JUNB,1.1232382,1.0983058
FAM118A,1.1232382,1.0983058
CLDN12,1.1232382,1.0983058
SOD1,1.1232382,1.0983058
FFAR2,1.1232382,1.0983058
MOB2,1.1232382,1.0983058
THAP8,1.1232382,1.0983058
KCTD6,1.1232382,1.0983058
BCL7A,1.1232382,1.0983058
PROCA1,1.1232382,1.0983058
CASP6,1.1232382,1.0983058
IQCD,1.1232382,1.0983058
COPZ2,1.1232382,1.0983058
CALHM6,1.1232382,1.0983058
MARC2,1.1232382,1.0983058
UPK3A,1.1232382,1.0983058
NAT10,1.1232382,1.0983058
PRR25,1.1232382,1.0983058
CHIC2,1.1232382,1.0983058
SP8,1.1232382,1.0983058
RPL35A,1.1232382,1.0983058
GPR85,1.1232382,1.0983058
GCAT,1.1232382,1.0983058
MRTO4,1.1232382,1.0983058
PRXL2A,1.1232382,1.0983058
METTL21A,1.1232382,1.0983058
LTC4S,1.1232382,1.0983058
MRPL55,1.1232382,1.0983058
RALY,1.1232382,1.0983058
AMELX,1.1232382,1.0983058
NPTXR,1.1232382,1.0983058
TMEM173,1.1232382,1.0983058
SNAPC2,1.1232382,1.0983058
PCGF6,1.1232382,1.0983058
ARID2,1.1232382,1.0983058
ACKR3,1.1232382,1.0983058
DNAJC30,1.1232382,1.0983058
TIPIN,1.1232382,1.0983058
BIRC7,1.1232382,1.0983058
CLDN24,1.1232382,1.0983058
CTDSPL,1.1232382,1.0983058
METRNL,1.1232382,1.0983058
ST8SIA6,1.1232382,1.0983058
LIG3,1.1232382,1.0983058
NMU,1.1232382,1.0983058
PKN1,1.1232382,1.0983058
MARS,1.1232382,1.0983058
TMED3,1.1232382,1.0983058
ABHD14A,1.1232382,1.0983058
ORAI1,1.1232382,1.0983058
VPS29,1.1232382,1.0983058
FAM3D,1.1232382,1.0983058
RAX2,1.1232382,1.0983058
INO80B,1.1232382,1.0983058
MAGIX,1.1232382,1.0983058
TRIM51,1.1232382,1.0983058
FCAR,1.1232382,1.0983058
SLC50A1,1.1232382,1.0983058
CEP44,1.1232382,1.0983058
PROCR,1.1232382,1.0983058
UBXN10,1.1232382,1.0983058
DNAJC5B,1.1232382,1.0983058
HPCA,1.1232382,1.0983058
LRRC57,1.1232382,1.0983058
UBE2G2,1.1232382,1.0983058
BHLHA15,1.1232382,1.0983058
FIZ1,1.1232382,1.0983058
GIMAP6,1.1232382,1.0983058
NUTM2G,1.1232382,1.0983058
UGT2B17,1.1232382,1.0983058
SNRNP25,1.1232382,1.0983058
EFCAB1,1.1232382,1.0983058
ZNF280B,1.1232382,1.0983058
SPERT,1.1232382,1.0983058
NSL1,1.1232382,1.0983058
SLC39A2,1.1232382,1.0983058
UBXN2B,1.1232382,1.0983058
C6orf62,1.1232382,1.0983058
LRRC55,1.1232382,1.0983058
SYF2,1.1232382,1.0983058
GMFG,1.1232382,1.0983058
HIST1H4C,1.1232382,1.0983058
ACP1,1.1232382,1.0983058
GMPS,1.1232382,1.0983058
MOCS2,1.1232382,1.0983058
PPP1R2,1.1232382,1.0983058
MRPL48,1.1232382,1.0983058
GPER1,1.1232382,1.0983058
CEACAM4,1.1232382,1.0983058
HES4,1.1232382,1.0983058
ZDHHC4,1.1232382,1.0983058
DCXR,1.1232382,1.0983058
DUSP14,1.1232382,1.0983058
CLDN22,1.1232382,1.0983058
AKR7A2,1.1232382,1.0983058
RPL35,1.1232382,1.0983058
MRO,1.1232382,1.0983058
AQP11,1.1232382,1.0983058
ABCA3,1.1232382,1.0983058
CLIC4,1.1232382,1.0983058
CDKN3,1.1232382,1.0983058
FBXO39,1.1232382,1.0983058
TMED1,1.1232382,1.0983058
SLC22A23,1.1232382,1.0983058
MRPS7,1.1232382,1.0983058
NAT1,1.1232382,1.0983058
RAD18,1.1232382,1.0983058
PPP1R8,1.1232382,1.0983058
ISX,1.1232382,1.0983058
POLR3H,1.1232382,1.0983058
FGF21,1.1232382,1.0983058
FBXO2,1.1232382,1.0983058
ING4,1.1232382,1.0983058
PROKR1,1.1232382,1.0983058
RPS23,1.1232382,1.0983058
HSPB3,1.1232382,1.0983058
ABCB8,1.1232382,1.0983058
HIST1H4H,1.1232382,1.0983058
CHRNB4,1.1232382,1.0983058
FAM173A,1.1232382,1.0983058
AP4S1,1.1232382,1.0983058
SET,1.1232382,1.0983058
FAM185A,1.1232382,1.0983058
SLA2,1.1232382,1.0983058
ZNHIT2,1.1232382,1.0983058
SLFNL1,1.1232382,1.0983058
USP41,1.1232382,1.0983058
FERD3L,1.1232382,1.0983058
IFT46,1.1232382,1.0983058
GFRAL,1.1232382,1.0983058
OXGR1,1.1232382,1.0983058
TOMM20,1.1232382,1.0983058
GPRIN2,1.1232382,1.0983058
RNF141,1.1232382,1.0983058
CNTNAP1,1.1232382,1.0983058
SRRD,1.1232382,1.0983058
CNPY3,1.1232382,1.0983058
GSTM3,1.1232382,1.0983058
KLF15,1.1232382,1.0983058
PSMB1,1.1232382,1.0983058
KLF2,1.1232382,1.0983058
LGALS9,1.1232382,1.0983058
RPS27A,1.1232382,1.0983058
CCDC42,1.1232382,1.0983058
HSPB8,1.1232382,1.0983058
TCEAL4,1.1232382,1.0983058
ANKRD39,1.1232382,1.0983058
MGMT,1.1232382,1.0983058
RGS7BP,1.1232382,1.0983058
FAM199X,1.1232382,1.0983058
EIF3D,1.1232382,1.0983058
TTC33,1.1232382,1.0983058
PIGC,1.1232382,1.0983058
CDKN1B,1.1232382,1.0983058
FAM78B,1.1232382,1.0983058
LRRC59,1.1232382,1.0983058
ANAPC11,1.1232382,1.0983058
ZNF479,1.1232382,1.0983058
RHEB,1.1232382,1.0983058
NIP7,1.1232382,1.0983058
PSME1,1.1232382,1.0983058
SPATA13,1.1232382,1.0983058
TMEM9B,1.1232382,1.0983058
FAM110B,1.1232382,1.0983058
HIST1H2AC,1.1232382,1.0983058
LRRC25,1.1232382,1.0983058
ZNF575,1.1232382,1.0983058
BTBD8,1.1232382,1.0983058
ATP6V1E1,1.1232382,1.0983058
PRSS48,1.1232382,1.0983058
FAM47B,1.1232382,1.0983058
TCAP,1.1232382,1.0983058
CCR3,1.1232382,1.0983058
CPN2,1.1232382,1.0983058
TMEM71,1.1232382,1.0983058
NAA60,1.1232382,1.0983058
CD2BP2,1.1232382,1.0983058
ALDH3B1,1.1232382,1.0983058
CIDEA,1.1232382,1.0983058
DLGAP1,1.1232382,1.0983058
VPS37D,1.1232382,1.0983058
C4orf47,1.1232382,1.0983058
ZNF727,1.1232382,1.0983058
TIMD4,1.1232382,1.0983058
HORMAD1,1.1232382,1.0983058
NMBR,1.1232382,1.0983058
C16orf89,1.1232382,1.0983058
EPHB6,1.1232382,1.0983058
GP5,1.1232382,1.0983058
GNE,1.1232382,1.0983058
PNMA5,1.1232382,1.0983058
AMBN,1.1232382,1.0983058
ZNF716,1.1232382,1.0983058
NOL3,1.1232382,1.0983058
SNCB,1.1232382,1.0983058
DNAJC17,1.1232382,1.0983058
ALKBH7,1.1232382,1.0983058
AFF4,1.1232382,1.0983058
OTULINL,1.1232382,1.0983058
PNMA2,1.1232382,1.0983058
WDR53,1.1232382,1.0983058
CD300A,1.1232382,1.0983058
EXOSC8,1.1232382,1.0983058
TRIM16L,1.1232382,1.0983058
NIPSNAP3A,1.1232382,1.0983058
ERICH1,1.1232382,1.0983058
C2orf68,1.1232382,1.0983058
PTAFR,1.1232382,1.0983058
GDPGP1,1.1232382,1.0983058
FAM131C,1.1232382,1.0983058
SFTPA1,1.1232382,1.0983058
ATRAID,1.1232382,1.0983058
STMND1,1.1232382,1.0983058
C11orf42,1.1232382,1.0983058
NAA10,1.1232382,1.0983058
TNFAIP6,1.1232382,1.0983058
HPS5,1.1232382,1.0983058
PTS,1.1232382,1.0983058
PTCD2,1.1232382,1.0983058
TNFSF13B,1.1232382,1.0983058
YKT6,1.1232382,1.0983058
SKA1,1.1232382,1.0983058
PHYHIP,1.1232382,1.0983058
CLEC4C,1.1232382,1.0983058
SEMA4G,1.1232382,1.0983058
SYNDIG1L,1.1232382,1.0983058
HENMT1,1.1232382,1.0983058
IL10RB,1.1232382,1.0983058
ZNF93,1.1232382,1.0983058
TRPC4,1.1232382,1.0983058
ZNF557,1.1232382,1.0983058
ZNF367,1.1232382,1.0983058
CLNS1A,1.1232382,1.0983058
LHFPL2,1.1232382,1.0983058
ZFYVE21,1.1232382,1.0983058
AAR2,1.1232382,1.0983058
MC3R,1.1232382,1.0983058
NABP2,1.1232382,1.0983058
EDA2R,1.1232382,1.0983058
NAT9,1.1232382,1.0983058
MXD1,1.1232382,1.0983058
DEDD2,1.1232382,1.0983058
GPR183,1.1232382,1.0983058
SPRY4,1.1232382,1.0983058
CYB561D2,1.1232382,1.0983058
HIST1H4B,1.1232382,1.0983058
ECM1,1.1232382,1.0983058
MRPL16,1.1232382,1.0983058
GP1BA,1.1232382,1.0983058
RGS8,1.1232382,1.0983058
C11orf16,1.1232382,1.0983058
ZCCHC17,1.1232382,1.0983058
XKR9,1.1232382,1.0983058
MYBPC1,1.1232382,1.0983058
FOXJ3,1.1232382,1.0983058
MSH6,1.1232382,1.0983058
PALM,1.1232382,1.0983058
RBM24,1.1232382,1.0983058
ATOH7,1.1232382,1.0983058
MAD2L1,1.1232382,1.0983058
SRPRB,1.1232382,1.0983058
GDF5OS,1.1232382,1.0983058
ZNF562,1.1232382,1.0983058
CAVIN1,1.1232382,1.0983058
AMY2A,1.1232382,1.0983058
ZNF474,1.1232382,1.0983058
UBE2E3,1.1232382,1.0983058
PABPC4L,1.1232382,1.0983058
EMG1,1.1232382,1.0983058
KCNIP4,1.1232382,1.0983058
CABP7,1.1232382,1.0983058
ARL3,1.1232382,1.0983058
OPN1LW,1.1232382,1.0983058
NME3,1.1232382,1.0983058
TFPT,1.1232382,1.0983058
MAF1,1.1232382,1.0983058
EFL1,1.1232382,1.0983058
RAB10,1.1232382,1.0983058
C2orf70,1.1232382,1.0983058
KLHL28,1.1232382,1.0983058
MRPL9,1.1232382,1.0983058
FUT3,1.1232382,1.0983058
PRAMEF12,1.1232382,1.0983058
NFATC2IP,1.1232382,1.0983058
ATF3,1.1232382,1.0983058
SHKBP1,1.1232382,1.0983058
GINS2,1.1232382,1.0983058
C6orf141,1.1232382,1.0983058
COQ3,1.1232382,1.0983058
CDC37L1,1.1232382,1.0983058
RNASET2,1.1232382,1.0983058
FKBP7,1.1232382,1.0983058
MRPL40,1.1232382,1.0983058
TMEM222,1.1232382,1.0983058
KNOP1,1.1232382,1.0983058
NDFIP2,1.1232382,1.0983058
HPCAL4,1.1232382,1.0983058
MRM2,1.1232382,1.0983058
JAGN1,1.1232382,1.0983058
ARHGAP5,1.1232382,1.0983058
NQO1,1.1232382,1.0983058
CALHM1,1.1232382,1.0983058
KIAA1257,1.1232382,1.0983058
IL17REL,1.1232382,1.0983058
LHFPL6,1.1232382,1.0983058
PAK6,1.1232382,1.0983058
ITPRIPL2,1.1232382,1.0983058
EID3,1.1232382,1.0983058
PRKAB2,1.1232382,1.0983058
ZC2HC1B,1.1232382,1.0983058
KLF9,1.1232382,1.0983058
COPZ1,1.1232382,1.0983058
FAM206A,1.1232382,1.0983058
PHF11,1.1232382,1.0983058
RAD1,1.1232382,1.0983058
VDR,1.1232382,1.0983058
PLCXD3,1.1232382,1.0983058
MRPL28,1.1232382,1.0983058
ARNT,1.1232382,1.0983058
NDP,1.1232382,1.0983058
USP19,1.1232382,1.0983058
PRR35,1.1232382,1.0983058
MTIF3,1.1232382,1.0983058
RPL26,1.1232382,1.0983058
ELK1,1.1232382,1.0983058
ZNF764,1.1232382,1.0983058
EGFR,1.1232382,1.0983058
YDJC,1.1232382,1.0983058
SPATA31A1,1.1232382,1.0983058
GUCA1B,1.1232382,1.0983058
MOB3A,1.1232382,1.0983058
OARD1,1.1232382,1.0983058
ROGDI,1.1232382,1.0983058
PGLS,1.1232382,1.0983058
PEX11G,1.1232382,1.0983058
RAB5IF,1.1232382,1.0983058
SLC25A10,1.1232382,1.0983058
HINT2,1.1232382,1.0983058
HTR6,1.1232382,1.0983058
PLSCR1,1.1232382,1.0983058
SPESP1,1.1232382,1.0983058
LENG9,1.1232382,1.0983058
NRIP2,1.1232382,1.0983058
MAIP1,1.1232382,1.0983058
SLC9C1,1.1232382,1.0983058
KLF10,1.1232382,1.0983058
EXOSC6,1.1232382,1.0983058
MRPL35,1.1232382,1.0983058
HAUS7,1.1232382,1.0983058
ZCRB1,1.1232382,1.0983058
ODF3L2,1.1232382,1.0983058
STYXL1,1.1232382,1.0983058
TRAK1,1.1232382,1.0983058
ATP5IF1,1.1232382,1.0983058
TRIML2,1.1232382,1.0983058
HS1BP3,1.1232382,1.0983058
ZNF763,1.1232382,1.0983058
SYPL2,1.1232382,1.0983058
CXCR2,1.1232382,1.0983058
MRPS24,1.1232382,1.0983058
RPL14,1.1232382,1.0983058
PI15,1.1232382,1.0983058
SPATA48,1.1232382,1.0983058
HAX1,1.1232382,1.0983058
RGL4,1.1232382,1.0983058
BLVRB,1.1232382,1.0983058
ZNF660,1.1232382,1.0983058
RAB21,1.1232382,1.0983058
TMEM202,1.1232382,1.0983058
UBE2G1,1.1232382,1.0983058
MFAP5,1.1232382,1.0983058
FAM71F1,1.1232382,1.0983058
PSMA6,1.1232382,1.0983058
NEUROG1,1.1232382,1.0983058
SWI5,1.1232382,1.0983058
C21orf91,1.1232382,1.0983058
BORCS5,1.1232382,1.0983058
CSNK1A1L,1.1232382,1.0983058
CD79B,1.1232382,1.0983058
TACO1,1.1232382,1.0983058
FAM168A,1.1232382,1.0983058
ZNF280A,1.1232382,1.0983058
FAM219A,1.1232382,1.0983058
RBM8A,1.1232382,1.0983058
NRSN1,1.1232382,1.0983058
RAB20,1.1232382,1.0983058
LRRC46,1.1232382,1.0983058
AGAP2-AS1,1.1232382,1.0983058
PENK,1.1232382,1.0983058
LPAR3,1.1232382,1.0983058
EFNA1,1.1232382,1.0983058
MTERF3,1.1232382,1.0983058
COQ7,1.1232382,1.0983058
LHX1,1.1232382,1.0983058
SLC7A6OS,1.1232382,1.0983058
FITM2,1.1232382,1.0983058
IFT27,1.1232382,1.0983058
MEPE,1.1232382,1.0983058
DNM1L,1.1232382,1.0983058
MDFIC,1.1232382,1.0983058
BGN,1.1232382,1.0983058
ELSPBP1,1.1232382,1.0983058
ZCCHC9,1.1232382,1.0983058
CTSA,1.1232382,1.0983058
DGAT1,1.1232382,1.0983058
DRAM2,1.1232382,1.0983058
PRIM2,1.1232382,1.0983058
RAB40AL,1.1232382,1.0983058
AADAC,1.1232382,1.0983058
CNBP,1.1232382,1.0983058
VAPA,1.1232382,1.0983058
SIGLEC9,1.1232382,1.0983058
PPA1,1.1232382,1.0983058
WDR5B,1.1232382,1.0983058
FITM1,1.1232382,1.0983058
TMEM41A,1.1232382,1.0983058
HLF,1.1232382,1.0983058
ANO7,1.1232382,1.0983058
PBK,1.1232382,1.0983058
MOB3B,1.1232382,1.0983058
SYNPO2,1.1232382,1.0983058
NXPH1,1.1232382,1.0983058
PHF13,1.1232382,1.0983058
TRIM49B,1.1232382,1.0983058
TPSG1,1.1232382,1.0983058
CLEC10A,1.1232382,1.0983058
C1orf50,1.1232382,1.0983058
SAR1A,1.1232382,1.0983058
TMEM205,1.1232382,1.0983058
ZDHHC21,1.1232382,1.0983058
SLC9A3R1,1.1232382,1.0983058
DKK4,1.1232382,1.0983058
UBE2B,1.1232382,1.0983058
ANKRD34C,1.1232382,1.0983058
CCDC25,1.1232382,1.0983058
CACNA1I,1.1232382,1.0983058
IGFBP5,1.1232382,1.0983058
ISCU,1.1232382,1.0983058
EMP1,1.1232382,1.0983058
PPARD,1.1232382,1.0983058
C1orf35,1.1232382,1.0983058
SLC52A1,1.1232382,1.0983058
POTEC,1.1232382,1.0983058
SGF29,1.1232382,1.0983058
GPR3,1.1232382,1.0983058
UBA52,1.1232382,1.0983058
CENPL,1.1232382,1.0983058
GAB4,1.1232382,1.0983058
IMPDH2,1.1232382,1.0983058
BOLL,1.1232382,1.0983058
CCNG2,1.1232382,1.0983058
BDH2,1.1232382,1.0983058
CLSTN3,1.1232382,1.0983058
ZFP36L1,1.1232382,1.0983058
KIFAP3,1.1232382,1.0983058
PI16,1.1232382,1.0983058
NDUFA8,1.1232382,1.0983058
CXCR3,1.1232382,1.0983058
NGF,1.1232382,1.0983058
RPL7A,1.1232382,1.0983058
MTX3,1.1232382,1.0983058
SCAMP5,1.1232382,1.0983058
ZNF730,1.1232382,1.0983058
LDLRAP1,1.1232382,1.0983058
YOD1,1.1232382,1.0983058
CHMP4A,1.1232382,1.0983058
SFPQ,1.1232382,1.0983058
CD244,1.1232382,1.0983058
ZNF83,1.1232382,1.0983058
RIC3,1.1232382,1.0983058
CBX6,1.1232382,1.0983058
LILRB4,1.1232382,1.0983058
GIF,1.1232382,1.0983058
ACER3,1.1232382,1.0983058
TRAPPC3L,1.1232382,1.0983058
ARL6,1.1232382,1.0983058
PSMG1,1.1232382,1.0983058
PLEKHF2,1.1232382,1.0983058
KLK7,1.1232382,1.0983058
CCNC,1.1232382,1.0983058
ZSCAN16,1.1232382,1.0983058
CBR3,1.1232382,1.0983058
ZNF92,1.1232382,1.0983058
ZNF597,1.1232382,1.0983058
CCDC90B,1.1232382,1.0983058
ART3,1.1232382,1.0983058
TDRP,1.1232382,1.0983058
NT5C,1.1232382,1.0983058
STPG1,1.1232382,1.0983058
LYPLA2,1.1232382,1.0983058
IL20RB,1.1232382,1.0983058
ZSWIM1,1.1232382,1.0983058
C16orf78,1.1232382,1.0983058
ANKRD46,1.1232382,1.0983058
KCNA7,1.1232382,1.0983058
FSIP1,1.1232382,1.0983058
ENKD1,1.1232382,1.0983058
IER5L,1.1232382,1.0983058
ZBTB12,1.1232382,1.0983058
EXTL1,1.1232382,1.0983058
RHOA,1.1232382,1.0983058
ART5,1.1232382,1.0983058
PCDH12,1.1232382,1.0983058
C12orf43,1.1232382,1.0983058
GADD45GIP1,1.1232382,1.0983058
DUXA,1.1232382,1.0983058
SURF2,1.1232382,1.0983058
MANBA,1.1232382,1.0983058
TMEM200A,1.1232382,1.0983058
IGF1,1.1232382,1.0983058
SULT2A1,1.1232382,1.0983058
CPO,1.1232382,1.0983058
ADI1,1.1232382,1.0983058
CD40,1.1232382,1.0983058
RITA1,1.1232382,1.0983058
RAB40A,1.1232382,1.0983058
RNF133,1.1232382,1.0983058
C7orf57,1.1232382,1.0983058
CLUL1,1.1232382,1.0983058
C4orf51,1.1232382,1.0983058
CD68,1.1232382,1.0983058
SP7,1.1232382,1.0983058
FAM133B,1.1232382,1.0983058
BLVRA,1.1232382,1.0983058
ZBTB9,1.1232382,1.0983058
ZMAT3,1.1232382,1.0983058
ZNF732,1.1232382,1.0983058
KLK15,1.1232382,1.0983058
PRTN3,1.1232382,1.0983058
TMEM144,1.1232382,1.0983058
GPR182,1.1232382,1.0983058
SYMPK,1.1232382,1.0983058
RGS4,1.1232382,1.0983058
TAAR2,1.1232382,1.0983058
TMEM80,1.1232382,1.0983058
HDDC2,1.1232382,1.0983058
KCNK12,1.1232382,1.0983058
AURKC,1.1232382,1.0983058
TMEM200B,1.1232382,1.0983058
STX12,1.1232382,1.0983058
IRF2BP2,1.1232382,1.0983058
CCDC103,1.1232382,1.0983058
ADM,1.1232382,1.0983058
ANKH,1.1232382,1.0983058
IGFBPL1,1.1232382,1.0983058
STMN1,1.1232382,1.0983058
MOSPD3,1.1232382,1.0983058
MCOLN1,1.1232382,1.0983058
C6orf58,1.1232382,1.0983058
FAM187A,1.1232382,1.0983058
KTI12,1.1232382,1.0983058
TMEM41B,1.1232382,1.0983058
ERCC6L,1.1232382,1.0983058
UBE2E2,1.1232382,1.0983058
AP1S1,1.1232382,1.0983058
PSG11,1.1232382,1.0983058
APOL3,1.1232382,1.0983058
CCT8L2,1.1232382,1.0983058
CD300LF,1.1232382,1.0983058
LDHAL6B,1.1232382,1.0983058
NOTO,1.1232382,1.0983058
CDK11B,1.1232382,1.0983058
NCKAP5,1.1232382,1.0983058
GPR88,1.1232382,1.0983058
LILRA2,1.1232382,1.0983058
PDYN,1.1232382,1.0983058
CFHR1,1.1232382,1.0983058
RPF2,1.1232382,1.0983058
FAM47E,1.1232382,1.0983058
SLC36A3,1.1232382,1.0983058
GNAT1,1.1232382,1.0983058
MAGOH,1.1232382,1.0983058
ALKBH4,1.1232382,1.0983058
CASP3,1.1232382,1.0983058
PSG2,1.1232382,1.0983058
SPDYA,1.1232382,1.0983058
GPR139,1.1232382,1.0983058
CCDC122,1.1232382,1.0983058
MYL1,1.1232382,1.0983058
FAM47E-STBD1,1.1232382,1.0983058
PTX3,1.1232382,1.0983058
RPL17,1.1232382,1.0983058
BPIFB1,1.1232382,1.0983058
PDGFRL,1.1232382,1.0983058
COMT,1.1232382,1.0983058
CDKN1A,1.1232382,1.0983058
PYM1,1.1232382,1.0983058
POLR3GL,1.1232382,1.0983058
GRXCR2,1.1232382,1.0983058
MBLAC1,1.1232382,1.0983058
HIST1H2AH,1.1232382,1.0983058
PRXL2B,1.1232382,1.0983058
GCA,1.1232382,1.0983058
PGLYRP3,1.1232382,1.0983058
ARL15,1.1232382,1.0983058
RALYL,1.1232382,1.0983058
MRPS25,1.1232382,1.0983058
LTB,1.1232382,1.0983058
COQ10B,1.1232382,1.0983058
STX17,1.1232382,1.0983058
DCLRE1A,1.1232382,1.0983058
MAB21L3,1.1232382,1.0983058
SLX4IP,1.1232382,1.0983058
VSTM2A,1.1232382,1.0983058
VDAC3,1.1232382,1.0983058
TMEM200C,1.1232382,1.0983058
LRRC72,1.1232382,1.0983058
CS,1.1232382,1.0983058
KCNK9,1.1232382,1.0983058
F12,1.1232382,1.0983058
TMED7,1.1232382,1.0983058
VAT1,1.1232382,1.0983058
UTS2R,1.1232382,1.0983058
COPB2,1.1232382,1.0983058
SEMA3G,1.1232382,1.0983058
SIGLEC15,1.1232382,1.0983058
IL10,1.1232382,1.0983058
NUP188,1.1232382,1.0983058
MRPL21,1.1232382,1.0983058
UBTD1,1.1232382,1.0983058
TNNC1,1.1232382,1.0983058
ZNF260,1.1232382,1.0983058
CSPG5,1.1232382,1.0983058
AVP,1.1232382,1.0983058
AES,1.1232382,1.0983058
VAPB,1.1232382,1.0983058
RPP30,1.1232382,1.0983058
ASF1B,1.1232382,1.0983058
ST6GAL1,1.1232382,1.0983058
RNF166,1.1232382,1.0983058
APLNR,1.1232382,1.0983058
FMOD,1.1232382,1.0983058
SCG5,1.1232382,1.0983058
CCDC107,1.1232382,1.0983058
CEP164,1.1232382,1.0983058
PXMP4,1.1232382,1.0983058
LETMD1,1.1232382,1.0983058
EHD2,1.1232382,1.0983058
FGF10,1.1232382,1.0983058
BCCIP,1.1232382,1.0983058
ZNF696,1.1232382,1.0983058
BEND2,1.1232382,1.0983058
STIP1,1.1232382,1.0983058
UPB1,1.1232382,1.0983058
ELK4,1.1232382,1.0983058
MIF4GD,1.1232382,1.0983058
PACS1,1.1232382,1.0983058
CHSY1,1.1232382,1.0983058
C8orf58,1.1232382,1.0983058
TST,1.1232382,1.0983058
ZNF772,1.1232382,1.0983058
TMEM216,1.1232382,1.0983058
CCDC116,1.1232382,1.0983058
TMX4,1.1232382,1.0983058
ZWINT,1.1232382,1.0983058
CD320,1.1232382,1.0983058
SUCNR1,1.1232382,1.0983058
ZNF713,1.1232382,1.0983058
MR1,1.1232382,1.0983058
BMF,1.1232382,1.0983058
INPP1,1.1232382,1.0983058
C1QTNF6,1.1232382,1.0983058
SP5,1.1232382,1.0983058
MPZL2,1.1232382,1.0983058
NGRN,1.1232382,1.0983058
CRYAB,1.1232382,1.0983058
EDEM2,1.1232382,1.0983058
NFIA,1.1232382,1.0983058
CCR6,1.1232382,1.0983058
ACVRL1,1.1232382,1.0983058
ASB11,1.1232382,1.0983058
ZNF273,1.1232382,1.0983058
TRUB1,1.1232382,1.0983058
BTF3,1.1232382,1.0983058
AIG1,1.1232382,1.0983058
ZNF230,1.1232382,1.0983058
B3GNT4,1.1232382,1.0983058
LAX1,1.1232382,1.0983058
SLC35E4,1.1232382,1.0983058
POLR2H,1.1232382,1.0983058
DNASE1L1,1.1232382,1.0983058
EDN3,1.1232382,1.0983058
CFAP20,1.1232382,1.0983058
TSSK1B,1.1232382,1.0983058
ARL5A,1.1232382,1.0983058
FAM19A3,1.1232382,1.0983058
RIPK4,1.1232382,1.0983058
KCNJ4,1.1232382,1.0983058
AGFG2,1.1232382,1.0983058
PARK7,1.1232382,1.0983058
MYLPF,1.1232382,1.0983058
FAHD1,1.1232382,1.0983058
SELENOS,1.1232382,1.0983058
LAMP1,1.1232382,1.0983058
CENPU,1.1232382,1.0983058
CALM1,1.1232382,1.0983058
TMEM248,1.1232382,1.0983058
FCRL1,1.1232382,1.0983058
TARM1,1.1232382,1.0983058
RIBC2,1.1232382,1.0983058
RNPS1,1.1232382,1.0983058
STX7,1.1232382,1.0983058
UCHL3,1.1232382,1.0983058
RHOD,1.1232382,1.0983058
BTNL3,1.1232382,1.0983058
ZNF771,1.1232382,1.0983058
MRPL18,1.1232382,1.0983058
PAG1,1.1232382,1.0983058
RAB27A,1.1232382,1.0983058
MAST3,1.1232382,1.0983058
JUN,1.1232382,1.0983058
BCL2L11,1.1232382,1.0983058
DHDH,1.1232382,1.0983058
ADH5,1.1232382,1.0983058
CEACAM16,1.1232382,1.0983058
SBSN,1.1232382,1.0983058
REEP6,1.1232382,1.0983058
CDIPT,1.1232382,1.0983058
SOD2,1.1232382,1.0983058
TMEM64,1.1232382,1.0983058
TECRL,1.1232382,1.0983058
RAB17,1.1232382,1.0983058
TMEM235,1.1232382,1.0983058
TM2D2,1.1232382,1.0983058
ZNF117,1.1232382,1.0983058
IL1B,1.1232382,1.0983058
SOSTDC1,1.1232382,1.0983058
OMD,1.1232382,1.0983058
CNR2,1.1232382,1.0983058
SEL1L3,1.1232382,1.0983058
CCDC198,1.1232382,1.0983058
EIF4E1B,1.1232382,1.0983058
PDCD2L,1.1232382,1.0983058
ETFBKMT,1.1232382,1.0983058
IKZF5,1.1232382,1.0983058
CASP4,1.1232382,1.0983058
GPR101,1.1232382,1.0983058
GZMK,1.1232382,1.0983058
AQP10,1.1232382,1.0983058
ANKRD34B,1.1232382,1.0983058
TEPP,1.1232382,1.0983058
C6orf89,1.1232382,1.0983058
SCXB,1.1232382,1.0983058
C1orf109,1.1232382,1.0983058
MRPL44,1.1232382,1.0983058
EDN2,1.1232382,1.0983058
P2RY11,1.1232382,1.0983058
RNF135,1.1232382,1.0983058
NXPE1,1.1232382,1.0983058
TP53I11,1.1232382,1.0983058
DPP8,1.1232382,1.0983058
ZFP92,1.1232382,1.0983058
RIMBP3,1.1232382,1.0983058
DKK1,1.1232382,1.0983058
RAD51B,1.1232382,1.0983058
KCNK16,1.1232382,1.0983058
ITLN1,1.1232382,1.0983058
CLIC1,1.1232382,1.0983058
RAB28,1.1232382,1.0983058
CCDC83,1.1232382,1.0983058
TSSK6,1.1232382,1.0983058
KIR3DL2,1.1232382,1.0983058
DSPP,1.1232382,1.0983058
LARGE1,1.1232382,1.0983058
LRPAP1,1.1232382,1.0983058
FAM107B,1.1232382,1.0983058
ALAS2,1.1232382,1.0983058
GAN,1.1232382,1.0983058
STXBP5,1.1232382,1.0983058
ZNF519,1.1232382,1.0983058
PPIL6,1.1232382,1.0983058
RPS18,1.1232382,1.0983058
RAB27B,1.1232382,1.0983058
PHOSPHO1,1.1232382,1.0983058
PARP8,1.1232382,1.0983058
HPRT1,1.1232382,1.0983058
CCNH,1.1232382,1.0983058
BCAS1,1.1232382,1.0983058
TSPAN31,1.1232382,1.0983058
ZSCAN23,1.1232382,1.0983058
GATAD1,1.1232382,1.0983058
FAM189A1,1.1232382,1.0983058
ZMAT2,1.1232382,1.0983058
TM2D3,1.1232382,1.0983058
NDUFAF4,1.1232382,1.0983058
DBNDD2,1.1232382,1.0983058
RCVRN,1.1232382,1.0983058
RANBP1,1.1232382,1.0983058
DCAF12L1,1.1232382,1.0983058
MESP1,1.1232382,1.0983058
TNFRSF10D,1.1232382,1.0983058
HHLA2,1.1232382,1.0983058
DUS4L,1.1232382,1.0983058
ESD,1.1232382,1.0983058
SIGLEC5,1.1232382,1.0983058
MLYCD,1.1232382,1.0983058
RPS20,1.1232382,1.0983058
SIGMAR1,1.1232382,1.0983058
B3GNT3,1.1232382,1.0983058
ZNF19,1.1232382,1.0983058
CDK1,1.1232382,1.0983058
OTULIN,1.1232382,1.0983058
NXF5,1.1232382,1.0983058
PABPC5,1.1232382,1.0983058
ATP5PB,1.1232382,1.0983058
MTNR1A,1.1232382,1.0983058
C1orf198,1.1232382,1.0983058
ZNF253,1.1232382,1.0983058
PPP1R3G,1.1232382,1.0983058
F3,1.1232382,1.0983058
ANKDD1B,1.1232382,1.0983058
TMEM56,1.1232382,1.0983058
OAZ1,1.1232382,1.0983058
EIF3B,1.1232382,1.0983058
SLAMF8,1.1232382,1.0983058
SLC38A11,1.1232382,1.0983058
RAPGEF3,1.1232382,1.0983058
ZNF680,1.1232382,1.0983058
SIM1,1.1232382,1.0983058
SOWAHA,1.1232382,1.0983058
AZU1,1.1232382,1.0983058
SRSF9,1.1232382,1.0983058
TTC9,1.1232382,1.0983058
AMIGO2,1.1232382,1.0983058
PUSL1,1.1232382,1.0983058
JAZF1,1.1232382,1.0983058
TADA1,1.1232382,1.0983058
NDUFV2,1.1232382,1.0983058
CRTAM,1.1232382,1.0983058
MCL1,1.1232382,1.0983058
FAM166A,1.1232382,1.0983058
INTS13,1.1232382,1.0983058
ZNF610,1.1232382,1.0983058
MYL4,1.1232382,1.0983058
GLYATL3,1.1232382,1.0983058
TRAF1,1.1232382,1.0983058
BRICD5,1.1232382,1.0983058
LIPT1,1.1232382,1.0983058
RBM42,1.1232382,1.0983058
PDE1B,1.1232382,1.0983058
RHOG,1.1232382,1.0983058
ZCWPW2,1.1232382,1.0983058
SSR3,1.1232382,1.0983058
LPAR6,1.1232382,1.0983058
FAM71A,1.1232382,1.0983058
KRBA2,1.1232382,1.0983058
ZDHHC24,1.1232382,1.0983058
MYL3,1.1232382,1.0983058
ZNF639,1.1232382,1.0983058
FBXL14,1.1232382,1.0983058
IFNAR2,1.1232382,1.0983058
MPIG6B,1.1232382,1.0983058
TNFRSF13B,1.1232382,1.0983058
STRA8,1.1232382,1.0983058
TMUB2,1.1232382,1.0983058
TMEM9,1.1232382,1.0983058
TMX1,1.1232382,1.0983058
SYNGR1,1.1232382,1.0983058
TTLL2,1.1232382,1.0983058
ZIK1,1.1232382,1.0983058
EPC2,1.1232382,1.0983058
SLC25A52,1.1232382,1.0983058
MACROD1,1.1232382,1.0983058
C2CD4A,1.1232382,1.0983058
CFAP97,1.1232382,1.0983058
EEF1AKMT2,1.1232382,1.0983058
TUBGCP6,1.1232382,1.0983058
BRIX1,1.1232382,1.0983058
IDO1,1.1232382,1.0983058
LMO1,1.1232382,1.0983058
APOL1,1.1232382,1.0983058
USF3,1.1232382,1.0983058
NTSR2,1.1232382,1.0983058
CAV2,1.1232382,1.0983058
TNFSF15,1.1232382,1.0983058
RNF126,1.1232382,1.0983058
DRD4,1.1232382,1.0983058
RCAN2,1.1232382,1.0983058
FBXO11,1.1232382,1.0983058
ELOVL7,1.1232382,1.0983058
ENOPH1,1.1232382,1.0983058
RNF149,1.1232382,1.0983058
PCGF1,1.1232382,1.0983058
LBP,1.1232382,1.0983058
GGCT,1.1232382,1.0983058
AIDA,1.1232382,1.0983058
GPS2,1.1232382,1.0983058
THAP10,1.1232382,1.0983058
POU6F2,1.1232382,1.0983058
MYOZ1,1.1232382,1.0983058
METTL6,1.1232382,1.0983058
GPR25,1.1232382,1.0983058
RPS14,1.1232382,1.0983058
IRAK1BP1,1.1232382,1.0983058
GRPR,1.1232382,1.0983058
RPTOR,1.1232382,1.0983058
CSF1,1.1232382,1.0983058
APH1B,1.1232382,1.0983058
GSTZ1,1.1232382,1.0983058
CCR5,1.1232382,1.0983058
APOA1,1.1232382,1.0983058
NOL7,1.1232382,1.0983058
PTGDR,1.1232382,1.0983058
CXCR5,1.1232382,1.0983058
FSTL3,1.1232382,1.0983058
NCS1,1.1232382,1.0983058
LDLRAD4,1.1232382,1.0983058
AIMP1,1.1232382,1.0983058
SULT1E1,1.1232382,1.0983058
MTFR1L,1.1232382,1.0983058
SCAMP4,1.1232382,1.0983058
PDAP1,1.1232382,1.0983058
KHDC1,1.1232382,1.0983058
UBE2T,1.1232382,1.0983058
STX4,1.1232382,1.0983058
CASP1,1.1232382,1.0983058
TSPAN8,1.1232382,1.0983058
TACSTD2,1.1232382,1.0983058
CCND2,1.1232382,1.0983058
IQCG,1.1232382,1.0983058
UPF2,1.1232382,1.0983058
RPUSD3,1.1232382,1.0983058
FCER2,1.1232382,1.0983058
SULT6B1,1.1232382,1.0983058
SLC35B3,1.1232382,1.0983058
CATIP,1.1232382,1.0983058
SIRT4,1.1232382,1.0983058
ZNF177,1.1232382,1.0983058
RBMX2,1.1232382,1.0983058
YIF1A,1.1232382,1.0983058
BPIFB6,1.1232382,1.0983058
SDCBP2,1.1232382,1.0983058
MPZL3,1.1232382,1.0983058
CD207,1.1232382,1.0983058
DNAJC4,1.1232382,1.0983058
SETDB2,1.1232382,1.0983058
TOMM40L,1.1232382,1.0983058
NRP1,1.1232382,1.0983058
ZNF891,1.1232382,1.0983058
LILRA1,1.1232382,1.0983058
S1PR3,1.1232382,1.0983058
HSD17B11,1.1232382,1.0983058
NT5DC1,1.1232382,1.0983058
RPL7L1,1.1232382,1.0983058
SSSCA1,1.1232382,1.0983058
CGAS,1.1232382,1.0983058
SUPT7L,1.1232382,1.0983058
MRPL20,1.1232382,1.0983058
B3GALT6,1.1232382,1.0983058
RAB12,1.1232382,1.0983058
PRKAB1,1.1232382,1.0983058
DTD1,1.1232382,1.0983058
SNCG,1.1232382,1.0983058
MCHR1,1.1232382,1.0983058
KERA,1.1232382,1.0983058
PDCD10,1.1232382,1.0983058
IL22RA2,1.1232382,1.0983058
CACNG1,1.1232382,1.0983058
CAPZA1,1.1232382,1.0983058
MRPS18B,1.1232382,1.0983058
OXNAD1,1.1232382,1.0983058
CD8A,1.1232382,1.0983058
CCDC127,1.1232382,1.0983058
LIPJ,1.1232382,1.0983058
CMPK1,1.1232382,1.0983058
ZNF485,1.1232382,1.0983058
C1GALT1,1.1232382,1.0983058
MRPS14,1.1232382,1.0983058
PTK7,1.1232382,1.0983058
PSMA7,1.1232382,1.0983058
YIPF2,1.1232382,1.0983058
FUT6,1.1232382,1.0983058
TRH,1.1232382,1.0983058
ZNF843,1.1232382,1.0983058
RRP7A,1.1232382,1.0983058
LSM4,1.1232382,1.0983058
SNAI1,1.1232382,1.0983058
THAP6,1.1232382,1.0983058
MOGAT1,1.1232382,1.0983058
FAM76A,1.1232382,1.0983058
RNF114,1.1232382,1.0983058
ZNF677,1.1232382,1.0983058
ZNF600,1.1232382,1.0983058
OLR1,1.1232382,1.0983058
P2RY6,1.1232382,1.0983058
ZBTB43,1.1232382,1.0983058
SSB,1.1232382,1.0983058
GPR6,1.1232382,1.0983058
ANHX,1.1232382,1.0983058
MFSD12,1.1232382,1.0983058
GLI4,1.1232382,1.0983058
PAPSS2,1.1232382,1.0983058
CLEC4M,1.1232382,1.0983058
ABHD13,1.1232382,1.0983058
ZNF630,1.1232382,1.0983058
TAGLN3,1.1232382,1.0983058
RIMS1,1.1232382,1.0983058
UCHL1,1.1232382,1.0983058
BIN3,1.1232382,1.0983058
SPATA2L,1.1232382,1.0983058
CNPY4,1.1232382,1.0983058
LGALS4,1.1232382,1.0983058
SBK1,1.1232382,1.0983058
HVCN1,1.1232382,1.0983058
SMC3,1.1232382,1.0983058
PDLIM4,1.1232382,1.0983058
BORCS6,1.1232382,1.0983058
GALR1,1.1232382,1.0983058
BAG1,1.1232382,1.0983058
TMEM101,1.1232382,1.0983058
CLDN11,1.1232382,1.0983058
CFAP77,1.1232382,1.0983058
CEBPE,1.1232382,1.0983058
A1BG,1.1232382,1.0983058
IGFBP6,1.1232382,1.0983058
ZFP57,1.1232382,1.0983058
TM6SF2,1.1232382,1.0983058
C22orf23,1.1232382,1.0983058
HIST1H2AJ,1.1232382,1.0983058
UBE2S,1.1232382,1.0983058
VPS37C,1.1232382,1.0983058
TEKT1,1.1232382,1.0983058
EXOC3L2,1.1232382,1.0983058
ZNF765,1.1232382,1.0983058
S1PR4,1.1232382,1.0983058
TMEM115,1.1232382,1.0983058
SMNDC1,1.1232382,1.0983058
RAB1A,1.1232382,1.0983058
PCED1A,1.1232382,1.0983058
CCDC24,1.1232382,1.0983058
KLK4,1.1232382,1.0983058
SGTB,1.1232382,1.0983058
SNX20,1.1232382,1.0983058
SLC35E2B,1.1232382,1.0983058
NHLH2,1.1232382,1.0983058
FKBP11,1.1232382,1.0983058
SUSD5,1.1232382,1.0983058
RHCE,1.1232382,1.0983058
GPR50,1.1232382,1.0983058
WDR38,1.1232382,1.0983058
LDLRAD1,1.1232382,1.0983058
PAQR8,1.1232382,1.0983058
PHLDA1,1.1232382,1.0983058
SYNDIG1,1.1232382,1.0983058
GPR157,1.1232382,1.0983058
AKR1B1,1.1232382,1.0983058
MRPL47,1.1232382,1.0983058
SYNPR,1.1232382,1.0983058
CA2,1.1232382,1.0983058
HAUS4,1.1232382,1.0983058
OXCT2,1.1232382,1.0983058
UBE2K,1.1232382,1.0983058
ZC4H2,1.1232382,1.0983058
PMF1,1.1232382,1.0983058
RWDD2B,1.1232382,1.0983058
PYGO2,1.1232382,1.0983058
CDCP2,1.1232382,1.0983058
ELK3,1.1232382,1.0983058
NUDT18,1.1232382,1.0983058
ARC,1.1232382,1.0983058
RASSF6,1.1232382,1.0983058
TMEM255A,1.1232382,1.0983058
UBE3D,1.1232382,1.0983058
LIX1,1.1232382,1.0983058
VPS25,1.1232382,1.0983058
CYP2C19,1.1232382,1.0983058
TNKS,1.1232382,1.0983058
CXCR4,1.1232382,1.0983058
PSMB2,1.1232382,1.0983058
CD27,1.1232382,1.0983058
STX6,1.1232382,1.0983058
SSTR5,1.1232382,1.0983058
PLAGL2,1.1232382,1.0983058
SERPINA6,1.1232382,1.0983058
KDF1,1.1232382,1.0983058
SUN3,1.1232382,1.0983058
ANKRA2,1.1232382,1.0983058
TMEM109,1.1232382,1.0983058
ATPAF1,1.1232382,1.0983058
CLCN3,1.1232382,1.0983058
ZNF561,1.1232382,1.0983058
ZNF654,1.1232382,1.0983058
GINS4,1.1232382,1.0983058
OTUB1,1.1232382,1.0983058
HES7,1.1232382,1.0983058
ARPC4,1.1232382,1.0983058
RASA1,1.1232382,1.0983058
ZNF302,1.1232382,1.0983058
BCL2L13,1.1232382,1.0983058
TP53I3,1.1232382,1.0983058
NPC1L1,1.1232382,1.0983058
SWSAP1,1.1232382,1.0983058
GTF3A,1.1232382,1.0983058
IFT43,1.1232382,1.0983058
P2RY4,1.1232382,1.0983058
TMEM246,1.1232382,1.0983058
PSMB6,1.1232382,1.0983058
NUP62,1.1232382,1.0983058
GDE1,1.1232382,1.0983058
BSG,1.1232382,1.0983058
CREB3L4,1.1232382,1.0983058
S1PR2,1.1232382,1.0983058
GUCA1A,1.1232382,1.0983058
SAC3D1,1.1232382,1.0983058
HPS3,1.1232382,1.0983058
NRK,1.1232382,1.0983058
TIMM17A,1.1232382,1.0983058
ATP1B3,1.1232382,1.0983058
SLC10A2,1.1232382,1.0983058
BAX,1.1232382,1.0983058
GPR87,1.1232382,1.0983058
STARD4,1.1232382,1.0983058
TAF7L,1.1232382,1.0983058
ZMYND19,1.1232382,1.0983058
GPR180,1.1232382,1.0983058
TTC13,1.1232382,1.0983058
RHBDD1,1.1232382,1.0983058
KCNK13,1.1232382,1.0983058
CDKN1C,1.1232382,1.0983058
MYL2,1.1232382,1.0983058
CAV3,1.1232382,1.0983058
TEX45,1.1232382,1.0983058
RAB23,1.1232382,1.0983058
MTUS1,1.1232382,1.0983058
ZNF695,1.1232382,1.0983058
SYAP1,1.1232382,1.0983058
ITPA,1.1232382,1.0983058
SHISA7,1.1232382,1.0983058
ANP32E,1.1232382,1.0983058
DYNC2LI1,1.1232382,1.0983058
ICAM4,1.1232382,1.0983058
SPDEF,1.1232382,1.0983058
THEG,1.1232382,1.0983058
DAPP1,1.1232382,1.0983058
CRYGC,1.1232382,1.0983058
ASPDH,1.1232382,1.0983058
PRB4,1.1232382,1.0983058
SERPINA12,1.1232382,1.0983058
RAB3B,1.1232382,1.0983058
ZNF737,1.1232382,1.0983058
TNFSF10,1.1232382,1.0983058
MAD2L2,1.1232382,1.0983058
ZNF468,1.1232382,1.0983058
PSMD14,1.1232382,1.0983058
RNASEH1,1.1232382,1.0983058
JMJD8,1.1232382,1.0983058
GZMA,1.1232382,1.0983058
DUSP2,1.1232382,1.0983058
AKR1C4,1.1232382,1.0983058
DGKD,1.1232382,1.0983058
CFDP1,1.1232382,1.0983058
CASP12,1.1232382,1.0983058
RAB19,1.1232382,1.0983058
AEN,1.1232382,1.0983058
AQP9,1.1232382,1.0983058
SLC39A9,1.1232382,1.0983058
PBLD,1.1232382,1.0983058
MRPS23,1.1232382,1.0983058
FYCO1,1.1232382,1.0983058
TRMT10C,1.1232382,1.0983058
TSSK4,1.1232382,1.0983058
PDIA2,1.1232382,1.0983058
OPN1SW,1.1232382,1.0983058
CCER1,1.1232382,1.0983058
LARP6,1.1232382,1.0983058
SPIB,1.1232382,1.0983058
MSC,1.1232382,1.0983058
ANTXR1,1.1232382,1.0983058
UPK3B,1.1232382,1.0983058
B3GALT5,1.1232382,1.0983058
MRPL39,1.1232382,1.0983058
TTC36,1.1232382,1.0983058
UBAP1,1.1232382,1.0983058
NEUROG2,1.1232382,1.0983058
OLIG1,1.1232382,1.0983058
SPI1,1.1232382,1.0983058
CRYGB,1.1232382,1.0983058
HSH2D,1.1232382,1.0983058
BCAS2,1.1232382,1.0983058
SFN,1.1232382,1.0983058
STAP2,1.1232382,1.0983058
VCPKMT,1.1232382,1.0983058
GEMIN2,1.1232382,1.0983058
MED7,1.1232382,1.0983058
FAM102B,1.1232382,1.0983058
SEC22C,1.1232382,1.0983058
MED4,1.1232382,1.0983058
FBXO27,1.1232382,1.0983058
MYOG,1.1232382,1.0983058
CAPSL,1.1232382,1.0983058
PQLC3,1.1232382,1.0983058
ANXA2,1.1232382,1.0983058
SPATA6L,1.1232382,1.0983058
CA6,1.1232382,1.0983058
VPS37B,1.1232382,1.0983058
CCNDBP1,1.1232382,1.0983058
GJC3,1.1232382,1.0983058
TAF7,1.1232382,1.0983058
C1QA,1.1232382,1.0983058
CD1D,1.1232382,1.0983058
TUBB8,1.1232382,1.0983058
DENND5A,1.1232382,1.0983058
GYG2,1.1232382,1.0983058
BRS3,1.1232382,1.0983058
HDGF,1.1232382,1.0983058
OSTM1,1.1232382,1.0983058
FAM47C,1.1232382,1.0983058
CSRP3,1.1232382,1.0983058
CHI3L1,1.1232382,1.0983058
DUPD1,1.1232382,1.0983058
ICAM1,1.1232382,1.0983058
SNAP47,1.1232382,1.0983058
METTL9,1.1232382,1.0983058
FEZ2,1.1232382,1.0983058
ARF6,1.1232382,1.0983058
DKK3,1.1232382,1.0983058
EFNA5,1.1232382,1.0983058
SRD5A3,1.1232382,1.0983058
WBP2NL,1.1232382,1.0983058
ESX1,1.1232382,1.0983058
TMED9,1.1232382,1.0983058
ADORA1,1.1232382,1.0983058
KPNA6,1.1232382,1.0983058
HELT,1.1232382,1.0983058
LRFN3,1.1232382,1.0983058
NUP35,1.1232382,1.0983058
NHLH1,1.1232382,1.0983058
INKA2,1.1232382,1.0983058
LRRC58,1.1232382,1.0983058
GPA33,1.1232382,1.0983058
GTF2A1,1.1232382,1.0983058
PEX11A,1.1232382,1.0983058
C7orf26,1.1232382,1.0983058
ECI2,1.1232382,1.0983058
KHDRBS1,1.1232382,1.0983058
FGFR1OP,1.1232382,1.0983058
PRUNE1,1.1232382,1.0983058
TCF23,1.1232382,1.0983058
GPR68,1.1232382,1.0983058
GTPBP10,1.1232382,1.0983058
UBXN1,1.1232382,1.0983058
CYB561A3,1.1232382,1.0983058
SPARC,1.1232382,1.0983058
COL9A2,1.1232382,1.0983058
S1PR5,1.1232382,1.0983058
HPCAL1,1.1232382,1.0983058
ZNF621,1.1232382,1.0983058
EML3,1.1232382,1.0983058
TMEM53,1.1232382,1.0983058
ZNF703,1.1232382,1.0983058
TVP23A,1.1232382,1.0983058
EGLN3,1.1232382,1.0983058
NFATC4,1.1232382,1.0983058
C19orf54,1.1232382,1.0983058
TTC9C,1.1232382,1.0983058
KCNK1,1.1232382,1.0983058
GSDMB,1.1232382,1.0983058
OLIG2,1.1232382,1.0983058
UBAC1,1.1232382,1.0983058
MMP10,1.1232382,1.0983058
FBXO8,1.1232382,1.0983058
SLC36A2,1.1232382,1.0983058
ABCF3,1.1232382,1.0983058
SRSF10,1.1232382,1.0983058
ZNF37A,1.1232382,1.0983058
CDX1,1.1232382,1.0983058
TSPAN3,1.1232382,1.0983058
EHD1,1.1232382,1.0983058
CHAC1,1.1232382,1.0983058
RAB43,1.1232382,1.0983058
PIM3,1.1232382,1.0983058
BBS2,1.1232382,1.0983058
FERMT1,1.1232382,1.0983058
TPRN,1.1232382,1.0983058
PLCXD2,1.1232382,1.0983058
NXPE2,1.1232382,1.0983058
TMEM136,1.1232382,1.0983058
YAE1,1.1232382,1.0983058
SEC14L6,1.1232382,1.0983058
CIDEB,1.1232382,1.0983058
TRPM5,1.1232382,1.0983058
ZNF728,1.1232382,1.0983058
AMMECR1,1.1232382,1.0983058
SEC22A,1.1232382,1.0983058
DUOXA2,1.1232382,1.0983058
YTHDF3,1.1232382,1.0983058
SALL1,1.1232382,1.0983058
POPDC3,1.1232382,1.0983058
ALKBH5,1.1232382,1.0983058
U2AF1L4,1.1232382,1.0983058
SSBP1,1.1232382,1.0983058
POTEE,1.1232382,1.0983058
NRAS,1.1232382,1.0983058
MB21D2,1.1232382,1.0983058
BAMBI,1.1232382,1.0983058
CCDC8,1.1232382,1.0983058
DPH6,1.1232382,1.0983058
FTSJ1,1.1232382,1.0983058
ZNF747,1.1232382,1.0983058
TRMT10B,1.1232382,1.0983058
SMAD7,1.1232382,1.0983058
IMPAD1,1.1232382,1.0983058
ACTRT1,1.1232382,1.0983058
RBFA,1.1232382,1.0983058
ZNF678,1.1232382,1.0983058
ZFAND3,1.1232382,1.0983058
KCNF1,1.1232382,1.0983058
ART1,1.1232382,1.0983058
CDH8,1.1232382,1.0983058
C2orf69,1.1232382,1.0983058
RPL13,1.1232382,1.0983058
MGST3,1.1232382,1.0983058
PCMT1,1.1232382,1.0983058
SURF6,1.1232382,1.0983058
BORA,1.1232382,1.0983058
SDF4,1.1232382,1.0983058
UBL7,1.1232382,1.0983058
CHORDC1,1.1232382,1.0983058
LY6G6F,1.1232382,1.0983058
PROKR2,1.1232382,1.0983058
LRRC14B,1.1232382,1.0983058
GPR150,1.1232382,1.0983058
RNF215,1.1232382,1.0983058
TSPAN1,1.1232382,1.0983058
CYP2C9,1.1232382,1.0983058
PNO1,1.1232382,1.0983058
FCN3,1.1232382,1.0983058
CNTD1,1.1232382,1.0983058
CLIC3,1.1232382,1.0983058
SFRP2,1.1232382,1.0983058
THAP1,1.1232382,1.0983058
HMOX1,1.1232382,1.0983058
GPR34,1.1232382,1.0983058
LRIT2,1.1232382,1.0983058
CCDC159,1.1232382,1.0983058
PLIN3,1.1232382,1.0983058
CD1C,1.1232382,1.0983058
TMEM38A,1.1232382,1.0983058
OGN,1.1232382,1.0983058
ZSCAN5A,1.1232382,1.0983058
GPR137C,1.1232382,1.0983058
GGPS1,1.1232382,1.0983058
F11R,1.1232382,1.0983058
ZNF17,1.1232382,1.0983058
PRR5,1.1232382,1.0983058
AK4,1.1232382,1.0983058
FAM221B,1.1232382,1.0983058
PTGER1,1.1232382,1.0983058
ASB13,1.1232382,1.0983058
CEACAM1,1.1232382,1.0983058
CD72,1.1232382,1.0983058
TAF8,1.1232382,1.0983058
HDAC1,1.1232382,1.0983058
MND1,1.1232382,1.0983058
EGR4,1.1232382,1.0983058
KLF12,1.1232382,1.0983058
EPDR1,1.1232382,1.0983058
CHMP1B,1.1232382,1.0983058
ZNF572,1.1232382,1.0983058
UBLCP1,1.1232382,1.0983058
APP,1.1232382,1.0983058
EPSTI1,1.1232382,1.0983058
CD99L2,1.1232382,1.0983058
CCR1,1.1232382,1.0983058
HEXIM2,1.1232382,1.0983058
ATAD2B,1.1232382,1.0983058
CARD8,1.1232382,1.0983058
PAQR7,1.1232382,1.0983058
TDRD10,1.1232382,1.0983058
ECHDC1,1.1232382,1.0983058
KCNIP3,1.1232382,1.0983058
CA5B,1.1232382,1.0983058
PGRMC2,1.1232382,1.0983058
MRPL24,1.1232382,1.0983058
RHOJ,1.1232382,1.0983058
NUP37,1.1232382,1.0983058
MSMO1,1.1232382,1.0983058
POLR1D,1.1232382,1.0983058
CIDEC,1.1232382,1.0983058
TWIST1,1.1232382,1.0983058
CPSF4,1.1232382,1.0983058
CD4,1.1232382,1.0983058
DUSP23,1.1232382,1.0983058
B3GNT5,1.1232382,1.0983058
XRCC2,1.1232382,1.0983058
PGPEP1,1.1232382,1.0983058
SIGLEC6,1.1232382,1.0983058
CUTA,1.1232382,1.0983058
POLB,1.1232382,1.0983058
CXorf36,1.1232382,1.0983058
FRA10AC1,1.1232382,1.0983058
SLC37A4,1.1232382,1.0983058
HRG,1.1232382,1.0983058
CHMP4B,1.1232382,1.0983058
HNRNPH2,1.1232382,1.0983058
TVP23C,1.1232382,1.0983058
CGREF1,1.1232382,1.0983058
ZNF460,1.1232382,1.0983058
CFAP300,1.1232382,1.0983058
WDR73,1.1232382,1.0983058
MAJIN,1.1232382,1.0983058
ACSM6,1.1232382,1.0983058
SRSF3,1.1232382,1.0983058
ZNF844,1.1232382,1.0983058
RSRP1,1.1232382,1.0983058
TPMT,1.1232382,1.0983058
RPS24,1.1232382,1.0983058
CRKL,1.1232382,1.0983058
SV2C,1.1232382,1.0983058
ADPRHL2,1.1232382,1.0983058
STEAP1,1.1232382,1.0983058
CYB5D1,1.1232382,1.0983058
MARC1,1.1232382,1.0983058
MTERF4,1.1232382,1.0983058
GCNA,1.1232382,1.0983058
PECR,1.1232382,1.0983058
ZNF773,1.1232382,1.0983058
DDIT4,1.1232382,1.0983058
CTSO,1.1232382,1.0983058
MRPL32,1.1232382,1.0983058
ARL4D,1.1232382,1.0983058
ZNF586,1.1232382,1.0983058
RAB9A,1.1232382,1.0983058
RRAS2,1.1232382,1.0983058
HSD17B7,1.1232382,1.0983058
CLDN6,1.1232382,1.0983058
MNAT1,1.1232382,1.0983058
ZNF232,1.1232382,1.0983058
KANSL1,1.1232382,1.0983058
RFNG,1.1232382,1.0983058
SDR16C5,1.1232382,1.0983058
CD34,1.1232382,1.0983058
HEMGN,1.1232382,1.0983058
DOHH,1.1232382,1.0983058
ASPHD1,1.1232382,1.0983058
FGF9,1.1232382,1.0983058
CTB-133G6.1,1.1232382,1.0983058
RSPH9,1.1232382,1.0983058
HRH4,1.1232382,1.0983058
LAD1,1.1232382,1.0983058
CH25H,1.1232382,1.0983058
MTNR1B,1.1232382,1.0983058
NKX3-1,1.1232382,1.0983058
TMEM229A,1.1232382,1.0983058
SPHK1,1.1232382,1.0983058
AGAP6,1.1232382,1.0983058
IFNGR1,1.1232382,1.0983058
KLHL12,1.1232382,1.0983058
LACC1,1.1232382,1.0983058
PRELID1,1.1232382,1.0983058
CHMP6,1.1232382,1.0983058
VPS26C,1.1232382,1.0983058
CAVIN2,1.1232382,1.0983058
SPDYE1,1.1232382,1.0983058
SERF2,1.1232382,1.0983058
CNMD,1.1232382,1.0983058
C11orf54,1.1232382,1.0983058
PROP1,1.1232382,1.0983058
SHARPIN,1.1232382,1.0983058
RHOH,1.1232382,1.0983058
SERPINA5,1.1232382,1.0983058
ARF5,1.1232382,1.0983058
ZNF623,1.1232382,1.0983058
C10orf120,1.1232382,1.0983058
PRKAG2,1.1232382,1.0983058
RPS17,1.1232382,1.0983058
CCDC91,1.1232382,1.0983058
LRRC34,1.1232382,1.0983058
RPS13,1.1232382,1.0983058
AAGAB,1.1232382,1.0983058
TAGLN,1.1232382,1.0983058
TMEM236,1.1232382,1.0983058
ZNF414,1.1232382,1.0983058
DMRTA2,1.1232382,1.0983058
RNF167,1.1232382,1.0983058
CLRN2,1.1232382,1.0983058
KCNK3,1.1232382,1.0983058
DEPTOR,1.1232382,1.0983058
HHLA1,1.1232382,1.0983058
VDAC1,1.1232382,1.0983058
FBXO45,1.1232382,1.0983058
FSTL1,1.1232382,1.0983058
GPR17,1.1232382,1.0983058
CD180,1.1232382,1.0983058
EVPLL,1.1232382,1.0983058
LRP11,1.1232382,1.0983058
MMP7,1.1232382,1.0983058
MUL1,1.1232382,1.0983058
ANXA5,1.1232382,1.0983058
RAB3C,1.1232382,1.0983058
C2CD4B,1.1232382,1.0983058
EME2,1.1232382,1.0983058
RCN1,1.1232382,1.0983058
DFFB,1.1232382,1.0983058
CXorf38,1.1232382,1.0983058
PNPLA4,1.1232382,1.0983058
GTF2A1L,1.1232382,1.0983058
JAML,1.1232382,1.0983058
SNRPB,1.1232382,1.0983058
CLDN17,1.1232382,1.0983058
ITGB1BP2,1.1232382,1.0983058
CA1,1.1232382,1.0983058
KHDRBS2,1.1232382,1.0983058
TP53TG5,1.1232382,1.0983058
BPIFC,1.1232382,1.0983058
CHPT1,1.1232382,1.0983058
SLC35G2,1.1232382,1.0983058
ERCC1,1.1232382,1.0983058
NDUFB8,1.1232382,1.0983058
CFAP73,1.1232382,1.0983058
ZNF296,1.1232382,1.0983058
MITD1,1.1232382,1.0983058
DERL2,1.1232382,1.0983058
RRAGB,1.1232382,1.0983058
TERF2IP,1.1232382,1.0983058
CAV1,1.1232382,1.0983058
PSPH,1.1232382,1.0983058
DLG1,1.1232382,1.0983058
FOLR3,1.1232382,1.0983058
APOH,1.1232382,1.0983058
SIRPA,1.1232382,1.0983058
HGF,1.1232382,1.0983058
RCN2,1.1232382,1.0983058
UBE2D3,1.1232382,1.0983058
SPATA31A3,1.1232382,1.0983058
MRPL22,1.1232382,1.0983058
QPCTL,1.1232382,1.0983058
TAGLN2,1.1232382,1.0983058
ARHGDIA,1.1232382,1.0983058
GLUD1,1.1232382,1.0983058
S100PBP,1.1232382,1.0983058
AKR1E2,1.1232382,1.0983058
LILRA4,1.1232382,1.0983058
ZNF681,1.1232382,1.0983058
AMER2,1.1232382,1.0983058
C19orf44,1.1232382,1.0983058
GPR4,1.1232382,1.0983058
SLC9B1,1.1232382,1.0983058
TMEM70,1.1232382,1.0983058
SERPINB7,1.1232382,1.0983058
UNC119B,1.1232382,1.0983058
POMK,1.1232382,1.0983058
KDELR1,1.1232382,1.0983058
NCBP2,1.1232382,1.0983058
C6orf118,1.1232382,1.0983058
CLTA,1.1232382,1.0983058
CYTIP,1.1232382,1.0983058
IZUMO1R,1.1232382,1.0983058
VTA1,1.1232382,1.0983058
DMRTC2,1.1232382,1.0983058
ZNF683,1.1232382,1.0983058
NPY1R,1.1232382,1.0983058
PDPK1,1.1232382,1.0983058
KNSTRN,1.1232382,1.0983058
AMZ2,1.1232382,1.0983058
GOSR2,1.1232382,1.0983058
STX1B,1.1232382,1.0983058
MAPRE3,1.1232382,1.0983058
ZNF830,1.1232382,1.0983058
TESMIN,1.1232382,1.0983058
SAAL1,1.1232382,1.0983058
RAD9B,1.1232382,1.0983058
C12orf66,1.1232382,1.0983058
NOP16,1.1232382,1.0983058
AMIGO3,1.1232382,1.0983058
LRTM1,1.1232382,1.0983058
REXO2,1.1232382,1.0983058
ANXA10,1.1232382,1.0983058
RLN3,1.1232382,1.0983058
NSA2,1.1232382,1.0983058
F2RL1,1.1232382,1.0983058
YBX3,1.1232382,1.0983058
FBXL16,1.1232382,1.0983058
RPS6,1.1232382,1.0983058
PRPF18,1.1232382,1.0983058
TIPRL,1.1232382,1.0983058
MTRF1L,1.1232382,1.0983058
TIMM17B,1.1232382,1.0983058
TMC5,1.1232382,1.0983058
PILRA,1.1232382,1.0983058
GRK2,1.1232382,1.0983058
C5AR1,1.1232382,1.0983058
PLIN5,1.1232382,1.0983058
BEND5,1.1232382,1.0983058
C19orf67,1.1232382,1.0983058
ERBIN,1.1232382,1.0983058
FAM69A,1.1232382,1.0983058
CCDC97,1.1232382,1.0983058
TIMM23,1.1232382,1.0983058
ADORA2B,1.1232382,1.0983058
OCSTAMP,1.1232382,1.0983058
SPDYE4,1.1232382,1.0983058
CHDC2,1.1232382,1.0983058
SULT1C4,1.1232382,1.0983058
IGBP1,1.1232382,1.0983058
ZNF676,1.1232382,1.0983058
ZNF304,1.1232382,1.0983058
MED15,1.1232382,1.0983058
KLF17,1.1232382,1.0983058
LIPF,1.1232382,1.0983058
CTBS,1.1232382,1.0983058
SETD9,1.1232382,1.0983058
ZNF649,1.1232382,1.0983058
RASL12,1.1232382,1.0983058
CCDC85C,1.1232382,1.0983058
IDO2,1.1232382,1.0983058
TEFM,1.1232382,1.0983058
AP1AR,1.1232382,1.0983058
GUCD1,1.1232382,1.0983058
ZNF577,1.1232382,1.0983058
ZP3,1.1232382,1.0983058
ZXDB,1.1232382,1.0983058
TBC1D7,1.1232382,1.0983058
TNFRSF18,1.1232382,1.0983058
OCIAD1,1.1232382,1.0983058
MKLN1,1.1232382,1.0983058
VPS4A,1.1232382,1.0983058
WDTC1,1.1232382,1.0983058
P2RY1,1.1232382,1.0983058
TIMP1,1.1232382,1.0983058
AIFM2,1.1232382,1.0983058
KLHDC8B,1.1232382,1.0983058
ZNF155,1.1232382,1.0983058
AZIN1,1.1232382,1.0983058
TSPYL5,1.1232382,1.0983058
TRNAU1AP,1.1232382,1.0983058
EHHADH,1.1232382,1.0983058
PSG8,1.1232382,1.0983058
RHOU,1.1232382,1.0983058
RNF185,1.1232382,1.0983058
EVA1C,1.1232382,1.0983058
PSG4,1.1232382,1.0983058
TEKT4,1.1232382,1.0983058
NOX4,1.1232382,1.0983058
NUP50,1.1232382,1.0983058
RPL24,1.1232382,1.0983058
PIGO,1.1232382,1.0983058
RND3,1.1232382,1.0983058
RPS11,1.1232382,1.0983058
C12orf56,1.1232382,1.0983058
PRR11,1.1232382,1.0983058
COL4A3BP,1.1232382,1.0983058
IFNGR2,1.1232382,1.0983058
CYHR1,1.1232382,1.0983058
CCDC69,1.1232382,1.0983058
ZXDA,1.1232382,1.0983058
CHODL,1.1232382,1.0983058
ETV3L,1.1232382,1.0983058
KSR2,1.1232382,1.0983058
TMEM206,1.1232382,1.0983058
IGFLR1,1.1232382,1.0983058
FAM69C,1.1232382,1.0983058
MGLL,1.1232382,1.0983058
PDLIM1,1.1232382,1.0983058
CREB3,1.1232382,1.0983058
RPF1,1.1232382,1.0983058
ASB8,1.1232382,1.0983058
ELF5,1.1232382,1.0983058
NPY2R,1.1232382,1.0983058
ZNF556,1.1232382,1.0983058
KLHL42,1.1232382,1.0983058
PSMA4,1.1232382,1.0983058
PPM1K,1.1232382,1.0983058
TNFSF14,1.1232382,1.0983058
PRCC,1.1232382,1.0983058
TMEM199,1.1232382,1.0983058
C1orf100,1.1232382,1.0983058
CLTB,1.1232382,1.0983058
CFD,1.1232382,1.0983058
ANXA3,1.1232382,1.0983058
GDF15,1.1232382,1.0983058
HTR1E,1.1232382,1.0983058
SLC35C1,1.1232382,1.0983058
TACR2,1.1232382,1.0983058
RNASEH2B,1.1232382,1.0983058
C15orf41,1.1232382,1.0983058
ELOVL6,1.1232382,1.0983058
SLC38A8,1.1232382,1.0983058
RAB5A,1.1232382,1.0983058
GLIPR1L2,1.1232382,1.0983058
POU5F2,1.1232382,1.0983058
CCSAP,1.1232382,1.0983058
ZBP1,1.1232382,1.0983058
LSP1,1.1232382,1.0983058
IL6R,1.1232382,1.0983058
RRH,1.1232382,1.0983058
RASL11A,1.1232382,1.0983058
SYT13,1.1232382,1.0983058
STX8,1.1232382,1.0983058
MAT2B,1.1232382,1.0983058
ANKRD23,1.1232382,1.0983058
SBSPON,1.1232382,1.0983058
NCOA6,1.1232382,1.0983058
AJAP1,1.1232382,1.0983058
ZSCAN1,1.1232382,1.0983058
GNB1L,1.1232382,1.0983058
ARR3,1.1232382,1.0983058
RAB8B,1.1232382,1.0983058
HTR1D,1.1232382,1.0983058
CTRL,1.1232382,1.0983058
TCP11,1.1232382,1.0983058
BSPRY,1.1232382,1.0983058
C18orf25,1.1232382,1.0983058
DEGS1,1.1232382,1.0983058
YIPF1,1.1232382,1.0983058
DGCR6L,1.1232382,1.0983058
SDR9C7,1.1232382,1.0983058
GCNT1,1.1232382,1.0983058
APOL2,1.1232382,1.0983058
KCNK17,1.1232382,1.0983058
CD96,1.1232382,1.0983058
BST1,1.1232382,1.0983058
PRDM12,1.1232382,1.0983058
KLF7,1.1232382,1.0983058
RAB7A,1.1232382,1.0983058
IFIT3,1.1232382,1.0983058
SAMD12,1.1232382,1.0983058
ODR4,1.1232382,1.0983058
SLC6A12,1.1232382,1.0983058
ZNF749,1.1232382,1.0983058
SUGT1,1.1232382,1.0983058
PAK4,1.1232382,1.0983058
DSN1,1.1232382,1.0983058
RDH14,1.1232382,1.0983058
PALM2,1.1232382,1.0983058
TRPT1,1.1232382,1.0983058
FCRL2,1.1232382,1.0983058
SCG3,1.1232382,1.0983058
HS3ST5,1.1232382,1.0983058
DND1,1.1232382,1.0983058
PEX5L,1.1232382,1.0983058
RBM41,1.1232382,1.0983058
CCDC74B,1.1232382,1.0983058
MED22,1.1232382,1.0983058
IL18R1,1.1232382,1.0983058
FAM50B,1.1232382,1.0983058
ELAC1,1.1232382,1.0983058
INSM2,1.1232382,1.0983058
SPPL2C,1.1232382,1.0983058
SYNGR2,1.1232382,1.0983058
CRYGD,1.1232382,1.0983058
GPX7,1.1232382,1.0983058
HES1,1.1232382,1.0983058
SLC16A11,1.1232382,1.0983058
TNFRSF10B,1.1232382,1.0983058
TGM7,1.1232382,1.0983058
GPR52,1.1232382,1.0983058
ACHE,1.1232382,1.0983058
SKAP2,1.1232382,1.0983058
SIGLEC7,1.1232382,1.0983058
FAM170A,1.1232382,1.0983058
CCR2,1.1232382,1.0983058
CLDN23,1.1232382,1.0983058
GPR39,1.1232382,1.0983058
INHBC,1.1232382,1.0983058
DCAF4L1,1.1232382,1.0983058
HNRNPC,1.1232382,1.0983058
GFOD2,1.1232382,1.0983058
ZFPM2,1.1232382,1.0983058
ANXA1,1.1232382,1.0983058
MRPL46,1.1232382,1.0983058
ZIC5,1.1232382,1.0983058
RAB38,1.1232382,1.0983058
FAM76B,1.1232382,1.0983058
NPTX1,1.1232382,1.0983058
WDR77,1.1232382,1.0983058
C21orf58,1.1232382,1.0983058
SH2D5,1.1232382,1.0983058
AGTR1,1.1232382,1.0983058
TUT7,1.1232382,1.0983058
MPV17L,1.1232382,1.0983058
ALDH5A1,1.1232382,1.0983058
RILP,1.1232382,1.0983058
CNTFR,1.1232382,1.0983058
ST6GALNAC3,1.1232382,1.0983058
PCNA,1.1232382,1.0983058
SFTPD,1.1232382,1.0983058
TMEM234,1.1232382,1.0983058
RAB22A,1.1232382,1.0983058
LZTFL1,1.1232382,1.0983058
MTFP1,1.1232382,1.0983058
SLC7A10,1.1232382,1.0983058
SIRT3,1.1232382,1.0983058
CLDND1,1.1232382,1.0983058
BPGM,1.1232382,1.0983058
PSMC3,1.1232382,1.0983058
CASP5,1.1232382,1.0983058
DCSTAMP,1.1232382,1.0983058
NTAN1,1.1232382,1.0983058
MSRA,1.1232382,1.0983058
SERPINB1,1.1232382,1.0983058
CRYBG1,1.1232382,1.0983058
ZBTB26,1.1232382,1.0983058
PSG5,1.1232382,1.0983058
COPG1,1.1232382,1.0983058
GPR45,1.1232382,1.0983058
VDAC2,1.1232382,1.0983058
KLK13,1.1232382,1.0983058
KCNK15,1.1232382,1.0983058
IFNAR1,1.1232382,1.0983058
MTFR1,1.1232382,1.0983058
GATD1,1.1232382,1.0983058
ADPRH,1.1232382,1.0983058
GNPDA1,1.1232382,1.0983058
DNASE2,1.1232382,1.0983058
BCL2L12,1.1232382,1.0983058
CRYGN,1.1232382,1.0983058
GID4,1.1232382,1.0983058
ACTL10,1.1232382,1.0983058
MTX1,1.1232382,1.0983058
MLNR,1.1232382,1.0983058
RSL1D1,1.1232382,1.0983058
PARD6G,1.1232382,1.0983058
BRCC3,1.1232382,1.0983058
NCF4,1.1232382,1.0983058
CLDN9,1.1232382,1.0983058
DTWD2,1.1232382,1.0983058
ISOC1,1.1232382,1.0983058
CRIP3,1.1232382,1.0983058
GH2,1.1232382,1.0983058
ZNF174,1.1232382,1.0983058
SLC35D3,1.1232382,1.0983058
ARTN,1.1232382,1.0983058
WDR55,1.1232382,1.0983058
EXOSC1,1.1232382,1.0983058
HPGD,1.1232382,1.0983058
HOXD8,1.1232382,1.0983058
PSMB9,1.1232382,1.0983058
GPANK1,1.1232382,1.0983058
FAM118B,1.1232382,1.0983058
TSPAN12,1.1232382,1.0983058
SAP30BP,1.1232382,1.0983058
POTEF,1.1232382,1.0983058
NCR1,1.1232382,1.0983058
TBX18,1.1232382,1.0983058
SEC24B,1.1232382,1.0983058
POLR2E,1.1232382,1.0983058
TXNL1,1.1232382,1.0983058
TSNAX,1.1232382,1.0983058
RANGRF,1.1232382,1.0983058
CDH22,1.1232382,1.0983058
LENG1,1.1232382,1.0983058
PROC,1.1232382,1.0983058
PSPN,1.1232382,1.0983058
APLF,1.1232382,1.0983058
ABCG2,1.1232382,1.0983058
PUM2,1.1232382,1.0983058
ZNF382,1.1232382,1.0983058
PRSS37,1.1232382,1.0983058
FBXO4,1.1232382,1.0983058
AKR1C1,1.1232382,1.0983058
TPP1,1.1232382,1.0983058
MAP9,1.1232382,1.0983058
DNALI1,1.1232382,1.0983058
CTSL,1.1232382,1.0983058
ZPBP2,1.1232382,1.0983058
PALMD,1.1232382,1.0983058
CD1B,1.1232382,1.0983058
CTBP1,1.1232382,1.0983058
CFAP43,1.1232382,1.0983058
ISG20L2,1.1232382,1.0983058
RIMS3,1.1232382,1.0983058
ZNF878,1.1232382,1.0983058
CCR9,1.1232382,1.0983058
ZNF430,1.1232382,1.0983058
MORN3,1.1232382,1.0983058
ZNF25,1.1232382,1.0983058
TMEM192,1.1232382,1.0983058
EGR1,1.1232382,1.0983058
GIN1,1.1232382,1.0983058
CNBD1,1.1232382,1.0983058
KLK5,1.1232382,1.0983058
CBX7,1.1232382,1.0983058
CCT5,1.1232382,1.0983058
GPR63,1.1232382,1.0983058
WDR31,1.1232382,1.0983058
GPR135,1.1232382,1.0983058
ZNF692,1.1232382,1.0983058
PPEF1,1.1232382,1.0983058
TSPYL1,1.1232382,1.0983058
KIR3DL1,1.1232382,1.0983058
PSMD4,1.1232382,1.0983058
UBQLNL,1.1232382,1.0983058
BHMT2,1.1232382,1.0983058
ADRB2,1.1232382,1.0983058
AQP7,1.1232382,1.0983058
ZNF514,1.1232382,1.0983058
FGF5,1.1232382,1.0983058
YIPF3,1.1232382,1.0983058
RNF181,1.1232382,1.0983058
LDHAL6A,1.1232382,1.0983058
RANBP9,1.1232382,1.0983058
ZNF587B,1.1232382,1.0983058
ZNF550,1.1232382,1.0983058
VSNL1,1.1232382,1.0983058
SRSF12,1.1232382,1.0983058
MRPL15,1.1232382,1.0983058
MOGAT2,1.1232382,1.0983058
RASSF4,1.1232382,1.0983058
ACP7,1.1232382,1.0983058
ZBTB32,1.1232382,1.0983058
NTF4,1.1232382,1.0983058
CCDC189,1.1232382,1.0983058
SLC35B1,1.1232382,1.0983058
TPRG1L,1.1232382,1.0983058
BRMS1,1.1232382,1.0983058
ZC2HC1A,1.1232382,1.0983058
TRMO,1.1232382,1.0983058
KCNK5,1.1232382,1.0983058
MPZ,1.1232382,1.0983058
TMX2,1.1232382,1.0983058
R3HCC1,1.1232382,1.0983058
SLC35D1,1.1232382,1.0983058
LRRC15,1.1232382,1.0983058
VSIG8,1.1232382,1.0983058
CLU,1.1232382,1.0983058
PLPP6,1.1232382,1.0983058
ZNF154,1.1232382,1.0983058
NOVA2,1.1232382,1.0983058
TSR3,1.1232382,1.0983058
HOXD11,1.1232382,1.0983058
C6orf136,1.1232382,1.0983058
EFNA2,1.1232382,1.0983058
PTRH1,1.1232382,1.0983058
THUMPD1,1.1232382,1.0983058
CENPO,1.1232382,1.0983058
RBM34,1.1232382,1.0983058
CACUL1,1.1232382,1.0983058
PSMA2,1.1232382,1.0983058
ASB1,1.1232382,1.0983058
ERMAP,1.1232382,1.0983058
LIF,1.1232382,1.0983058
ALG14,1.1232382,1.0983058
SLC35E3,1.1232382,1.0983058
NUSAP1,1.1232382,1.0983058
SNRNP27,1.1232382,1.0983058
DPH5,1.1232382,1.0983058
RNH1,1.1232382,1.0983058
ZNF701,1.1232382,1.0983058
FAM83A,1.1232382,1.0983058
RERGL,1.1232382,1.0983058
TMEM25,1.1232382,1.0983058
COPG2,1.1232382,1.0983058
KAZALD1,1.1232382,1.0983058
MRPS31,1.1232382,1.0983058
PPTC7,1.1232382,1.0983058
HEMK1,1.1232382,1.0983058
DIRAS2,1.1232382,1.0983058
SAMD7,1.1232382,1.0983058
TOR3A,1.1232382,1.0983058
E2F5,1.1232382,1.0983058
MRPL3,1.1232382,1.0983058
YWHAB,1.1232382,1.0983058
C3AR1,1.1232382,1.0983058
CTDP1,1.1232382,1.0983058
GPR18,1.1232382,1.0983058
TIMP4,1.1232382,1.0983058
TRIM52,1.1232382,1.0983058
EFS,1.1232382,1.0983058
STC2,1.1232382,1.0983058
TUBG1,1.1232382,1.0983058
MAPRE1,1.1232382,1.0983058
ZFP3,1.1232382,1.0983058
SOD3,1.1232382,1.0983058
C3orf30,1.1232382,1.0983058
MAFK,1.1232382,1.0983058
GPR174,1.1232382,1.0983058
DHRS4L2,1.1232382,1.0983058
C1QTNF7,1.1232382,1.0983058
YWHAE,1.1232382,1.0983058
ZNF3,1.1232382,1.0983058
NFE2,1.1232382,1.0983058
EPYC,1.1232382,1.0983058
DIO2,1.1232382,1.0983058
SLBP,1.1232382,1.0983058
UHMK1,1.1232382,1.0983058
GPR151,1.1232382,1.0983058
SCCPDH,1.1232382,1.0983058
KHDRBS3,1.1232382,1.0983058
THTPA,1.1232382,1.0983058
PLPP5,1.1232382,1.0983058
C14orf93,1.1232382,1.0983058
CBLN1,1.1232382,1.0983058
FN3KRP,1.1232382,1.0983058
PODXL2,1.1232382,1.0983058
TOMM40,1.1232382,1.0983058
TIGD5,1.1232382,1.0983058
SLC35A1,1.1232382,1.0983058
C2CD4C,1.1232382,1.0983058
SSTR1,1.1232382,1.0983058
AKAP7,1.1232382,1.0983058
UPP2,1.1232382,1.0983058
ATP6V1E2,1.1232382,1.0983058
POLR2M,1.1232382,1.0983058
CCM2,1.1232382,1.0983058
SBK2,1.1232382,1.0983058
WBP1,1.1232382,1.0983058
NUCB2,1.1232382,1.0983058
PHETA1,1.1232382,1.0983058
EXOSC3,1.1232382,1.0983058
ZNF860,1.1232382,1.0983058
CCDC183,1.1232382,1.0983058
LINS1,1.1232382,1.0983058
XRCC4,1.1232382,1.0983058
HABP4,1.1232382,1.0983058
STYX,1.1232382,1.0983058
SPPL2A,1.1232382,1.0983058
DIMT1,1.1232382,1.0983058
BCDIN3D,1.1232382,1.0983058
FAM53B,1.1232382,1.0983058
ERGIC2,1.1232382,1.0983058
F2R,1.1232382,1.0983058
GLOD4,1.1232382,1.0983058
PTP4A3,1.1232382,1.0983058
AMY2B,1.1232382,1.0983058
WDR74,1.1232382,1.0983058
JAM2,1.1232382,1.0983058
FLRT1,1.1232382,1.0983058
PRAME,1.1232382,1.0983058
MEAF6,1.1232382,1.0983058
MED24,1.1232382,1.0983058
CYP2C18,1.1232382,1.0983058
HOXA7,1.1232382,1.0983058
NSUN3,1.1232382,1.0983058
WASHC4,1.1232382,1.0983058
C7,1.1232382,1.0983058
STX2,1.1232382,1.0983058
YWHAH,1.1232382,1.0983058
PELO,1.1232382,1.0983058
ZNF587,1.1232382,1.0983058
RSPO4,1.1232382,1.0983058
DHRS4,1.1232382,1.0983058
RP11-159G9.5,1.1232382,1.0983058
MARCH11,1.1232382,1.0983058
ERI3,1.1232382,1.0983058
IBSP,1.1232382,1.0983058
ZNF100,1.1232382,1.0983058
C3orf38,1.1232382,1.0983058
FAM71B,1.1232382,1.0983058
TRMT9B,1.1232382,1.0983058
TSPYL4,1.1232382,1.0983058
PRSS55,1.1232382,1.0983058
CNN3,1.1232382,1.0983058
ZC3H10,1.1232382,1.0983058
KISS1R,1.1232382,1.0983058
ZC3H15,1.1232382,1.0983058
TBC1D20,1.1232382,1.0983058
DRAXIN,1.1232382,1.0983058
DUSP9,1.1232382,1.0983058
RNF26,1.1232382,1.0983058
CFAP157,1.1232382,1.0983058
OLIG3,1.1232382,1.0983058
DIRAS1,1.1232382,1.0983058
AVPR2,1.1232382,1.0983058
ZNF419,1.1232382,1.0983058
ZNF320,1.1232382,1.0983058
LHFPL5,1.1232382,1.0983058
ATP1B4,1.1232382,1.0983058
VPS28,1.1232382,1.0983058
CTHRC1,1.1232382,1.0983058
CASP9,1.1232382,1.0983058
BNIPL,1.1232382,1.0983058
GAPDH,1.1232382,1.0983058
GRAMD2A,1.1232382,1.0983058
DCAF4L2,1.1232382,1.0983058
UFC1,1.1232382,1.0983058
HRH2,1.1232382,1.0983058
ANKRD40,1.1232382,1.0983058
B9D2,1.1232382,1.0983058
FBXO6,1.1232382,1.0983058
PURB,1.1232382,1.0983058
STK26,1.1232382,1.0983058
MED8,1.1232382,1.0983058
ZNF404,1.1232382,1.0983058
GPATCH4,1.1232382,1.0983058
ZNF285,1.1232382,1.0983058
TSPAN7,1.1232382,1.0983058
P2RX1,1.1232382,1.0983058
MMD2,1.1232382,1.0983058
EPHB2,1.1232382,1.0983058
OC90,1.1232382,1.0983058
ELOVL1,1.1232382,1.0983058
BPI,1.1232382,1.0983058
FRZB,1.1232382,1.0983058
RSPH1,1.1232382,1.0983058
NTM,1.1232382,1.0983058
STX5,1.1232382,1.0983058
ZNF566,1.1232382,1.0983058
CCNY,1.1232382,1.0983058
FFAR4,1.1232382,1.0983058
ST3GAL1,1.1232382,1.0983058
RETREG1,1.1232382,1.0983058
RPA2,1.1232382,1.0983058
SYT8,1.1232382,1.0983058
P2RX4,1.1232382,1.0983058
EIF4H,1.1232382,1.0983058
TOR1A,1.1232382,1.0983058
CENPP,1.1232382,1.0983058
ORC5,1.1232382,1.0983058
MEIOB,1.1232382,1.0983058
CCR10,1.1232382,1.0983058
FBXL18,1.1232382,1.0983058
OTUD6B,1.1232382,1.0983058
SDHC,1.1232382,1.0983058
PSKH2,1.1232382,1.0983058
VASH1,1.1232382,1.0983058
ARL2,1.1232382,1.0983058
SPG21,1.1232382,1.0983058
GPR75,1.1232382,1.0983058
RPS4X,1.1232382,1.0983058
ZNF286B,1.1232382,1.0983058
FAM69B,1.1232382,1.0983058
WDR18,1.1232382,1.0983058
HEPACAM2,1.1232382,1.0983058
KDELR2,1.1232382,1.0983058
RPRD1A,1.1232382,1.0983058
EGFL7,1.1232382,1.0983058
ALKBH6,1.1232382,1.0983058
PSAPL1,1.1232382,1.0983058
CLDN15,1.1232382,1.0983058
TMEM106C,1.1232382,1.0983058
TMBIM1,1.1232382,1.0983058
ELMOD1,1.1232382,1.0983058
TSPAN13,1.1232382,1.0983058
C1QL1,1.1232382,1.0983058
AKR1D1,1.1232382,1.0983058
SERPINB9,1.1232382,1.0983058
TRIM64C,1.1232382,1.0983058
LPAR1,1.1232382,1.0983058
GALM,1.1232382,1.0983058
PLEKHA3,1.1232382,1.0983058
SULT2B1,1.1232382,1.0983058
XPA,1.1232382,1.0983058
SAP30L,1.1232382,1.0983058
NUP205,1.1232382,1.0983058
ASIC5,1.1232382,1.0983058
KCNIP1,1.1232382,1.0983058
STXBP5L,1.1232382,1.0983058
FANCD2,1.1232382,1.0983058
RAC2,1.1232382,1.0983058
TMEM19,1.1232382,1.0983058
EIF3F,1.1232382,1.0983058
IL5RA,1.1232382,1.0983058
RGR,1.1232382,1.0983058
ZNF417,1.1232382,1.0983058
PRRT2,1.1232382,1.0983058
SNAPC1,1.1232382,1.0983058
C9orf72,1.1232382,1.0983058
BVES,1.1232382,1.0983058
WIPF1,1.1232382,1.0983058
RPS8,1.1232382,1.0983058
ILKAP,1.1232382,1.0983058
PIP4K2A,1.1232382,1.0983058
PVR,1.1232382,1.0983058
ZNF69,1.1232382,1.0983058
HSDL2,1.1232382,1.0983058
CDKL4,1.1232382,1.0983058
ZNF669,1.1232382,1.0983058
TMPPE,1.1232382,1.0983058
SAR1B,1.1232382,1.0983058
ZNF429,1.1232382,1.0983058
ZNF497,1.1232382,1.0983058
ZNF439,1.1232382,1.0983058
GH1,1.1232382,1.0983058
ALS2CR12,1.1232382,1.0983058
NOL12,1.1232382,1.0983058
ARMC1,1.1232382,1.0983058
ZDHHC15,1.1232382,1.0983058
GSDME,1.1232382,1.0983058
ZNF134,1.1232382,1.0983058
CCNYL1,1.1232382,1.0983058
GPR173,1.1232382,1.0983058
B3GALNT1,1.1232382,1.0983058
FBXO16,1.1232382,1.0983058
PGBD4,1.1232382,1.0983058
GNRHR,1.1232382,1.0983058
TMPRSS12,1.1232382,1.0983058
NANS,1.1232382,1.0983058
FGFR1,1.1232382,1.0983058
RBKS,1.1232382,1.0983058
SDHD,1.1232382,1.0983058
EMP3,1.1232382,1.0983058
HTR5A,1.1232382,1.0983058
MTERF1,1.1232382,1.0983058
PANX3,1.1232382,1.0983058
TTL,1.1232382,1.0983058
GPRIN3,1.1232382,1.0983058
PTER,1.1232382,1.0983058
CCDC36,1.1232382,1.0983058
ZNF793,1.1232382,1.0983058
STRN4,1.1232382,1.0983058
PIGU,1.1232382,1.0983058
TCF19,1.1232382,1.0983058
GPR12,1.1232382,1.0983058
GHITM,1.1232382,1.0983058
RBM11,1.1232382,1.0983058
HSD17B12,1.1232382,1.0983058
KLF1,1.1232382,1.0983058
ZNF212,1.1232382,1.0983058
FAHD2B,1.1232382,1.0983058
LAYN,1.1232382,1.0983058
NEUROD4,1.1232382,1.0983058
TLK1,1.1232382,1.0983058
ANGPTL5,1.1232382,1.0983058
SERTAD4,1.1232382,1.0983058
PYGO1,1.1232382,1.0983058
HEXIM1,1.1232382,1.0983058
ZNF239,1.1232382,1.0983058
RPL19,1.1232382,1.0983058
TREX1,1.1232382,1.0983058
F2RL3,1.1232382,1.0983058
PPP1R3F,1.1232382,1.0983058
ZNF611,1.1232382,1.0983058
RNF112,1.1232382,1.0983058
ECHS1,1.1232382,1.0983058
ZNF579,1.1232382,1.0983058
IDI1,1.1232382,1.0983058
ZFAND2B,1.1232382,1.0983058
TMEM59,1.1232382,1.0983058
TTC4,1.1232382,1.0983058
TLCD1,1.1232382,1.0983058
DTNBP1,1.1232382,1.0983058
CHIA,1.1232382,1.0983058
CD46,1.1232382,1.0983058
HEY2,1.1232382,1.0983058
METTL8,1.1232382,1.0983058
ARID3C,1.1232382,1.0983058
GGN,1.1232382,1.0983058
NFKBIB,1.1232382,1.0983058
ATP5S,1.1232382,1.0983058
TMEM178A,1.1232382,1.0983058
INSYN2,1.1232382,1.0983058
HPDL,1.1232382,1.0983058
ARL4C,1.1232382,1.0983058
APOL5,1.1232382,1.0983058
CPT2,1.1232382,1.0983058
HP1BP3,1.1232382,1.0983058
TEKT5,1.1232382,1.0983058
CRY2,1.1232382,1.0983058
EIF3K,1.1232382,1.0983058
C1orf87,1.1232382,1.0983058
AICDA,1.1232382,1.0983058
PIANP,1.1232382,1.0983058
ZFP69B,1.1232382,1.0983058
ABI3,1.1232382,1.0983058
CA4,1.1232382,1.0983058
SNX30,1.1232382,1.0983058
RMDN1,1.1232382,1.0983058
NKX1-2,1.1232382,1.0983058
VSIG1,1.1232382,1.0983058
SRI,1.1232382,1.0983058
CECR2,1.1232382,1.0983058
MYL6B,1.1232382,1.0983058
LDHC,1.1232382,1.0983058
SERPINB3,1.1232382,1.0983058
SELENOP,1.1232382,1.0983058
ODF1,1.1232382,1.0983058
C14orf28,1.1232382,1.0983058
COX18,1.1232382,1.0983058
RIT2,1.1232382,1.0983058
LIM2,1.1232382,1.0983058
BTN3A1,1.1232382,1.0983058
FANCB,1.1232382,1.0983058
TRIM15,1.1232382,1.0983058
PSG1,1.1232382,1.0983058
RASD2,1.1232382,1.0983058
AKR1A1,1.1232382,1.0983058
TOM1L1,1.1232382,1.0983058
CRNN,1.1232382,1.0983058
BTNL2,1.1232382,1.0983058
ZNF529,1.1232382,1.0983058
SOHLH1,1.1232382,1.0983058
SOCS6,1.1232382,1.0983058
TMEM143,1.1232382,1.0983058
TFPI,1.1232382,1.0983058
PLEK,1.1232382,1.0983058
FBXO15,1.1232382,1.0983058
RHOQ,1.1232382,1.0983058
FAM111A,1.1232382,1.0983058
CCNB1IP1,1.1232382,1.0983058
PANX1,1.1232382,1.0983058
TIMELESS,1.1232382,1.0983058
DKK2,1.1232382,1.0983058
OSCAR,1.1232382,1.0983058
HSD17B2,1.1232382,1.0983058
SFXN4,1.1232382,1.0983058
CHCHD3,1.1232382,1.0983058
GDPD3,1.1232382,1.0983058
SLC30A8,1.1232382,1.0983058
STARD6,1.1232382,1.0983058
SLC10A7,1.1232382,1.0983058
FAM192A,1.1232382,1.0983058
PTGR2,1.1232382,1.0983058
COPS7A,1.1232382,1.0983058
FAM81A,1.1232382,1.0983058
CABP2,1.1232382,1.0983058
STIMATE,1.1232382,1.0983058
GLRX3,1.1232382,1.0983058
PSEN1,1.1232382,1.0983058
GTSE1,1.1232382,1.0983058
LDHD,1.1232382,1.0983058
TRAPPC2L,1.1232382,1.0983058
SRRM1,1.1232382,1.0983058
XRCC3,1.1232382,1.0983058
ATP13A3,1.1232382,1.0983058
C19orf47,1.1232382,1.0983058
RASL10A,1.1232382,1.0983058
PPP2R3C,1.1232382,1.0983058
WDR82,1.1232382,1.0983058
FAIM2,1.1232382,1.0983058
GPKOW,1.1232382,1.0983058
SH3GLB1,1.1232382,1.0983058
COLEC11,1.1232382,1.0983058
RUNDC3A,1.1232382,1.0983058
NUDT12,1.1232382,1.0983058
EIF3H,1.1232382,1.0983058
ST8SIA1,1.1232382,1.0983058
TIMMDC1,1.1232382,1.0983058
RAB39B,1.1232382,1.0983058
CCDC105,1.1232382,1.0983058
LIN37,1.1232382,1.0983058
PRAM1,1.1232382,1.0983058
ZNF200,1.1232382,1.0983058
MED6,1.1232382,1.0983058
DUSP12,1.1232382,1.0983058
PRKRIP1,1.1232382,1.0983058
RASL11B,1.1232382,1.0983058
IPMK,1.1232382,1.0983058
TRIM54,1.1232382,1.0983058
TXNDC15,1.1232382,1.0983058
ZNF85,1.1232382,1.0983058
ITM2C,1.1232382,1.0983058
TEX13A,1.1232382,1.0983058
CAT,1.1232382,1.0983058
VIL1,1.1232382,1.0983058
CSRP2,1.1232382,1.0983058
LRRC63,1.1232382,1.0983058
SNAPC3,1.1232382,1.0983058
TRHR,1.1232382,1.0983058
EMC10,1.1232382,1.0983058
CD1E,1.1232382,1.0983058
TMEM59L,1.1232382,1.0983058
ARL10,1.1232382,1.0983058
FOXE3,1.1232382,1.0983058
RAPGEF4,1.1232382,1.0983058
CSRP1,1.1232382,1.0983058
CD5L,1.1232382,1.0983058
TM2D1,1.1232382,1.0983058
DCAF12L2,1.1232382,1.0983058
ARMH1,1.1232382,1.0983058
PRDX3,1.1232382,1.0983058
C9orf24,1.1232382,1.0983058
TUBA1A,1.1232382,1.0983058
SFRP5,1.1232382,1.0983058
NCEH1,1.1232382,1.0983058
NOV,1.1232382,1.0983058
TFAP2B,1.1232382,1.0983058
TTC23L,1.1232382,1.0983058
NELL2,1.1232382,1.0983058
WBP11,1.1232382,1.0983058
ZBTB6,1.1232382,1.0983058
AVPR1B,1.1232382,1.0983058
CAB39L,1.1232382,1.0983058
FRRS1L,1.1232382,1.0983058
ALYREF,1.1232382,1.0983058
RAB29,1.1232382,1.0983058
C20orf96,1.1232382,1.0983058
ZNF75D,1.1232382,1.0983058
MFF,1.1232382,1.0983058
ZNF584,1.1232382,1.0983058
SLC38A1,1.1232382,1.0983058
RNF150,1.1232382,1.0983058
MMP20,1.1232382,1.0983058
PLEKHM2,1.1232382,1.0983058
FUT9,1.1232382,1.0983058
CBLL2,1.1232382,1.0983058
IFI44,1.1232382,1.0983058
DERL3,1.1232382,1.0983058
PDILT,1.1232382,1.0983058
TIGD2,1.1232382,1.0983058
SERPINA3,1.1232382,1.0983058
RCSD1,1.1232382,1.0983058
CBR4,1.1232382,1.0983058
CACNG5,1.1232382,1.0983058
ZNF20,1.1232382,1.0983058
MBNL2,1.1232382,1.0983058
A4GNT,1.1232382,1.0983058
TRIM11,1.1232382,1.0983058
CLDN4,1.1232382,1.0983058
CSTF3,1.1232382,1.0983058
GTF2F2,1.1232382,1.0983058
RHOF,1.1232382,1.0983058
LTB4R2,1.1232382,1.0983058
ZSCAN30,1.1232382,1.0983058
TIGD3,1.1232382,1.0983058
FOXL1,1.1232382,1.0983058
PRSS50,1.1232382,1.0983058
H2AFY,1.1232382,1.0983058
EPHX3,1.1232382,1.0983058
CD9,1.1232382,1.0983058
LRP2BP,1.1232382,1.0983058
TRIM63,1.1232382,1.0983058
ST8SIA3,1.1232382,1.0983058
LSM11,1.1232382,1.0983058
P2RY2,1.1232382,1.0983058
HMOX2,1.1232382,1.0983058
ST8SIA2,1.1232382,1.0983058
RNF41,1.1232382,1.0983058
CLEC17A,1.1232382,1.0983058
GPR19,1.1232382,1.0983058
LACTB2,1.1232382,1.0983058
SLC17A1,1.1232382,1.0983058
ACOD1,1.1232382,1.0983058
MAFG,1.1232382,1.0983058
PIGL,1.1232382,1.0983058
TAF1A,1.1232382,1.0983058
SERPINA10,1.1232382,1.0983058
MTFR2,1.1232382,1.0983058
DPYS,1.1232382,1.0983058
PSD4,1.1232382,1.0983058
ZNF10,1.1232382,1.0983058
VPS72,1.1232382,1.0983058
RCE1,1.1232382,1.0983058
RPL8,1.1232382,1.0983058
CBR1,1.1232382,1.0983058
ZNF222,1.1232382,1.0983058
ZNF594,1.1232382,1.0983058
APOBEC3G,1.1232382,1.0983058
SNX15,1.1232382,1.0983058
SCRN3,1.1232382,1.0983058
NPFFR1,1.1232382,1.0983058
NPAP1,1.1232382,1.0983058
CDCA8,1.1232382,1.0983058
FGF4,1.1232382,1.0983058
ADAMDEC1,1.1232382,1.0983058
ALG10B,1.1232382,1.0983058
PTGER2,1.1232382,1.0983058
RIMKLA,1.1232382,1.0983058
FAM217A,1.1232382,1.0983058
CDR2L,1.1232382,1.0983058
THG1L,1.1232382,1.0983058
PP2D1,1.1232382,1.0983058
SLFN12L,1.1232382,1.0983058
DRG1,1.1232382,1.0983058
MOG,1.1232382,1.0983058
WFDC1,1.1232382,1.0983058
IGFBP3,1.1232382,1.0983058
USE1,1.1232382,1.0983058
CALCOCO2,1.1232382,1.0983058
RABGAP1,1.1232382,1.0983058
LYL1,1.1232382,1.0983058
FUT8,1.1232382,1.0983058
PLEKHS1,1.1232382,1.0983058
FBXW2,1.1232382,1.0983058
UGT3A1,1.1232382,1.0983058
ZNF165,1.1232382,1.0983058
IP6K3,1.1232382,1.0983058
RAB13,1.1232382,1.0983058
ZNF500,1.1232382,1.0983058
TRIM72,1.1232382,1.0983058
CHMP2B,1.1232382,1.0983058
CRYZ,1.1232382,1.0983058
MXD3,1.1232382,1.0983058
ZNF835,1.1232382,1.0983058
SNX7,1.1232382,1.0983058
ZNF440,1.1232382,1.0983058
TSEN34,1.1232382,1.0983058
ARHGEF5,1.1232382,1.0983058
CISH,1.1232382,1.0983058
IGFBP4,1.1232382,1.0983058
EXOG,1.1232382,1.0983058
PRELP,1.1232382,1.0983058
TNFRSF10A,1.1232382,1.0983058
MTHFD2L,1.1232382,1.0983058
OPN3,1.1232382,1.0983058
CHST1,1.1232382,1.0983058
ZNF70,1.1232382,1.0983058
FAXDC2,1.1232382,1.0983058
PLCL2,1.1232382,1.0983058
C5orf22,1.1232382,1.0983058
GSDMD,1.1232382,1.0983058
MMP3,1.1232382,1.0983058
POF1B,1.1232382,1.0983058
IL13RA1,1.1232382,1.0983058
TIMP2,1.1232382,1.0983058
SERPINA4,1.1232382,1.0983058
INSYN2B,1.1232382,1.0983058
SIL1,1.1232382,1.0983058
TENT5C,1.1232382,1.0983058
HTR1F,1.1232382,1.0983058
RPE,1.1232382,1.0983058
ENTHD1,1.1232382,1.0983058
ZNF714,1.1232382,1.0983058
PCBP2,1.1232382,1.0983058
CEP295NL,1.1232382,1.0983058
ST6GALNAC4,1.1232382,1.0983058
PTP4A2,1.1232382,1.0983058
ETV3,1.1232382,1.0983058
CFAP36,1.1232382,1.0983058
SLC8A2,1.1232382,1.0983058
RHBDL1,1.1232382,1.0983058
PARP11,1.1232382,1.0983058
TMEFF1,1.1232382,1.0983058
TSPAN32,1.1232382,1.0983058
PSTK,1.1232382,1.0983058
CCND3,1.1232382,1.0983058
SERPINA1,1.1232382,1.0983058
UPK1B,1.1232382,1.0983058
PDIK1L,1.1232382,1.0983058
AK3,1.1232382,1.0983058
CHMP5,1.1232382,1.0983058
MAP3K20,1.1232382,1.0983058
ZNF223,1.1232382,1.0983058
COPS6,1.1232382,1.0983058
MMP1,1.1232382,1.0983058
SLC30A7,1.1232382,1.0983058
ATXN7L3,1.1232382,1.0983058
PTAR1,1.1232382,1.0983058
ENDOD1,1.1232382,1.0983058
CHST7,1.1232382,1.0983058
HAUS8,1.1232382,1.0983058
SLC38A5,1.1232382,1.0983058
ZSWIM9,1.1232382,1.0983058
AASDHPPT,1.1232382,1.0983058
DHX29,1.1232382,1.0983058
CCNE2,1.1232382,1.0983058
BCO1,1.1232382,1.0983058
RIMS4,1.1232382,1.0983058
SLC39A7,1.1232382,1.0983058
FANK1,1.1232382,1.0983058
PDCD7,1.1232382,1.0983058
RHOBTB1,1.1232382,1.0983058
OTUD1,1.1232382,1.0983058
GUK1,1.1232382,1.0983058
GRPEL2,1.1232382,1.0983058
CPM,1.1232382,1.0983058
HGH1,1.1232382,1.0983058
SLC35F4,1.1232382,1.0983058
RPS5,1.1232382,1.0983058
GDF3,1.1232382,1.0983058
FAM155B,1.1232382,1.0983058
CBFB,1.1232382,1.0983058
ADGRG5,1.1232382,1.0983058
ELMOD2,1.1232382,1.0983058
EIF2S1,1.1232382,1.0983058
GLMP,1.1232382,1.0983058
UROS,1.1232382,1.0983058
UNC119,1.1232382,1.0983058
CRIPAK,1.1232382,1.0983058
P2RX6,1.1232382,1.0983058
RPS16,1.1232382,1.0983058
CHMP2A,1.1232382,1.0983058
EXOSC7,1.1232382,1.0983058
PARVG,1.1232382,1.0983058
ST6GALNAC5,1.1232382,1.0983058
RAP2A,1.1232382,1.0983058
THAP11,1.1232382,1.0983058
ST8SIA4,1.1232382,1.0983058
MDP1,1.1232382,1.0983058
SPSB3,1.1232382,1.0983058
HCCS,1.1232382,1.0983058
GLIS2,1.1232382,1.0983058
MVB12A,1.1232382,1.0983058
IRX3,1.1232382,1.0983058
HOXA13,1.1232382,1.0983058
WDCP,1.1232382,1.0983058
RFXANK,1.1232382,1.0983058
NUF2,1.1232382,1.0983058
RHOBTB2,1.1232382,1.0983058
ZSCAN5B,1.1232382,1.0983058
FOXM1,1.1232382,1.0983058
RAD51C,1.1232382,1.0983058
GFOD1,1.1232382,1.0983058
GOLPH3,1.1232382,1.0983058
GORASP1,1.1232382,1.0983058
F11,1.1232382,1.0983058
UBE3B,1.1232382,1.0983058
PODNL1,1.1232382,1.0983058
GTPBP1,1.1232382,1.0983058
ELAVL4,1.1232382,1.0983058
GRXCR1,1.1232382,1.0983058
GID8,1.1232382,1.0983058
MRNIP,1.1232382,1.0983058
FBXO17,1.1232382,1.0983058
MACROD2,1.1232382,1.0983058
SLC29A3,1.1232382,1.0983058
DMAC2,1.1232382,1.0983058
CRYBA2,1.1232382,1.0983058
TCEA3,1.1232382,1.0983058
EMC2,1.1232382,1.0983058
GBA,1.1232382,1.0983058
CHRM2,1.1232382,1.0983058
TFB2M,1.1232382,1.0983058
CDC37,1.1232382,1.0983058
STARD5,1.1232382,1.0983058
CCKAR,1.1232382,1.0983058
RCHY1,1.1232382,1.0983058
PSMB8,1.1232382,1.0983058
KLC2,1.1232382,1.0983058
ZNF674,1.1232382,1.0983058
ZNF589,1.1232382,1.0983058
C1QTNF9,1.1232382,1.0983058
DNTTIP1,1.1232382,1.0983058
SNAP25,1.1232382,1.0983058
UBXN6,1.1232382,1.0983058
DDX50,1.1232382,1.0983058
FYTTD1,1.1232382,1.0983058
GYS1,1.1232382,1.0983058
THEMIS2,1.1232382,1.0983058
OCLN,1.1232382,1.0983058
INTS12,1.1232382,1.0983058
FBXO47,1.1232382,1.0983058
ARL8B,1.1232382,1.0983058
TNC,1.1232382,1.0983058
PDCD4,1.1232382,1.0983058
ZFYVE1,1.1232382,1.0983058
SPATC1,1.1232382,1.0983058
PRSS8,1.1232382,1.0983058
ALG10,1.1232382,1.0983058
ICMT,1.1232382,1.0983058
C5orf51,1.1232382,1.0983058
RAB30,1.1232382,1.0983058
FTH1,1.1232382,1.0983058
AQP5,1.1232382,1.0983058
ZNF410,1.1232382,1.0983058
PCDHB13,1.1232382,1.0983058
IMPA2,1.1232382,1.0983058
FGF11,1.1232382,1.0983058
TNNI2,1.1232382,1.0983058
NUDT22,1.1232382,1.0983058
APOA4,1.1232382,1.0983058
BDKRB1,1.1232382,1.0983058
CA13,1.1232382,1.0983058
C1orf116,1.1232382,1.0983058
PM20D2,1.1232382,1.0983058
WDR4,1.1232382,1.0983058
WDR54,1.1232382,1.0983058
ITPRIP,1.1232382,1.0983058
GLIPR1,1.1232382,1.0983058
ZNF79,1.1232382,1.0983058
PDGFB,1.1232382,1.0983058
MAGT1,1.1232382,1.0983058
PURA,1.1232382,1.0983058
BPHL,1.1232382,1.0983058
NOVA1,1.1232382,1.0983058
CRYZL1,1.1232382,1.0983058
ERCC8,1.1232382,1.0983058
IFIT2,1.1232382,1.0983058
MRPS15,1.1232382,1.0983058
HERPUD1,1.1232382,1.0983058
ZNF2,1.1232382,1.0983058
ATG3,1.1232382,1.0983058
DSCC1,1.1232382,1.0983058
GRINA,1.1232382,1.0983058
GCNT4,1.1232382,1.0983058
C1orf94,1.1232382,1.0983058
PSMD5,1.1232382,1.0983058
SLC4A11,1.1232382,1.0983058
SCRN1,1.1232382,1.0983058
SLFN12,1.1232382,1.0983058
FGF18,1.1232382,1.0983058
ELL3,1.1232382,1.0983058
C14orf39,1.1232382,1.0983058
PEF1,1.1232382,1.0983058
C12orf40,1.1232382,1.0983058
CLPP,1.1232382,1.0983058
CD209,1.1232382,1.0983058
SAXO1,1.1232382,1.0983058
C8orf76,1.1232382,1.0983058
LAT,1.1232382,1.0983058
TNMD,1.1232382,1.0983058
KLF5,1.1232382,1.0983058
B3GNT2,1.1232382,1.0983058
SIRT7,1.1232382,1.0983058
SPATA2,1.1232382,1.0983058
AP5M1,1.1232382,1.0983058
RABL6,1.1232382,1.0983058
PDK3,1.1232382,1.0983058
UGT2B4,1.1232382,1.0983058
TMPRSS11B,1.1232382,1.0983058
CHERP,1.1232382,1.0983058
NUBPL,1.1232382,1.0983058
CLEC4F,1.1232382,1.0983058
VTI1B,1.1232382,1.0983058
PON1,1.1232382,1.0983058
TIGD4,1.1232382,1.0983058
RXFP3,1.1232382,1.0983058
NKX2-8,1.1232382,1.0983058
LPAR5,1.1232382,1.0983058
ZNF284,1.1232382,1.0983058
DOLPP1,1.1232382,1.0983058
UBE2Z,1.1232382,1.0983058
PERM1,1.1232382,1.0983058
PTHLH,1.1232382,1.0983058
SNX21,1.1232382,1.0983058
PLTP,1.1232382,1.0983058
FAM53A,1.1232382,1.0983058
GMEB1,1.1232382,1.0983058
SNX8,1.1232382,1.0983058
GFI1,1.1232382,1.0983058
PITPNB,1.1232382,1.0983058
BMP8A,1.1232382,1.0983058
MAFF,1.1232382,1.0983058
NECAB1,1.1232382,1.0983058
ZFYVE26,1.1232382,1.0983058
ADRB3,1.1232382,1.0983058
NPTX2,1.1232382,1.0983058
VASH2,1.1232382,1.0983058
FKBP8,1.1232382,1.0983058
H2AFX,1.1232382,1.0983058
CCNJ,1.1232382,1.0983058
TUFT1,1.1232382,1.0983058
RBBP8NL,1.1232382,1.0983058
C1QTNF3,1.1232382,1.0983058
YJU2,1.1232382,1.0983058
RAB3D,1.1232382,1.0983058
FHL5,1.1232382,1.0983058
RPS3,1.1232382,1.0983058
PIGM,1.1232382,1.0983058
MKRN3,1.1232382,1.0983058
CLN8,1.1232382,1.0983058
PRSS57,1.1232382,1.0983058
EYA2,1.1232382,1.0983058
ZNF280C,1.1232382,1.0983058
TATDN3,1.1232382,1.0983058
CELA1,1.1232382,1.0983058
BMI1,1.1232382,1.0983058
SPEM2,1.1232382,1.0983058
SAMD15,1.1232382,1.0983058
GPD1,1.1232382,1.0983058
ANKRD29,1.1232382,1.0983058
SC5D,1.1232382,1.0983058
TONSL,1.1232382,1.0983058
MTA1,1.1232382,1.0983058
GPRC5A,1.1232382,1.0983058
ARL1,1.1232382,1.0983058
CCNA2,1.1232382,1.0983058
SLC30A4,1.1232382,1.0983058
POLDIP2,1.1232382,1.0983058
ZNF431,1.1232382,1.0983058
OSGEPL1,1.1232382,1.0983058
JUP,1.1232382,1.0983058
ZMYND12,1.1232382,1.0983058
ABHD17A,1.1232382,1.0983058
NMNAT1,1.1232382,1.0983058
SYNE4,1.1232382,1.0983058
TM9SF1,1.1232382,1.0983058
UGT2B28,1.1232382,1.0983058
IFIT1B,1.1232382,1.0983058
TRIM69,1.1232382,1.0983058
B3GNT9,1.1232382,1.0983058
AZI2,1.1232382,1.0983058
ATCAY,1.1232382,1.0983058
KCTD17,1.1232382,1.0983058
ASB18,1.1232382,1.0983058
PDLIM3,1.1232382,1.0983058
CAPG,1.1232382,1.0983058
BTN2A1,1.1232382,1.0983058
SLC38A9,1.1232382,1.0983058
TMEM44,1.1232382,1.0983058
ZDHHC12,1.1232382,1.0983058
NUFIP1,1.1232382,1.0983058
ZNF195,1.1232382,1.0983058
ATXN7L2,1.1232382,1.0983058
FEZ1,1.1232382,1.0983058
CEP68,1.1232382,1.0983058
KCTD16,1.1232382,1.0983058
MAGEC1,1.1232382,1.0983058
SLC35B4,1.1232382,1.0983058
C4orf50,1.1232382,1.0983058
C1orf43,1.1232382,1.0983058
KLK10,1.1232382,1.0983058
CNOT7,1.1232382,1.0983058
ZNF416,1.1232382,1.0983058
LRRC32,1.1232382,1.0983058
FOLR2,1.1232382,1.0983058
SEPHS1,1.1232382,1.0983058
RRAS,1.1232382,1.0983058
MPPED2,1.1232382,1.0983058
WBP4,1.1232382,1.0983058
HPX,1.1232382,1.0983058
TK1,1.1232382,1.0983058
KRAS,1.1232382,1.0983058
EIF3M,1.1232382,1.0983058
GFI1B,1.1232382,1.0983058
ANXA9,1.1232382,1.0983058
GOSR1,1.1232382,1.0983058
DNAJC27,1.1232382,1.0983058
ZNF28,1.1232382,1.0983058
PIGK,1.1232382,1.0983058
DNAJC9,1.1232382,1.0983058
STK17B,1.1232382,1.0983058
FCF1,1.1232382,1.0983058
TMEM129,1.1232382,1.0983058
RNASEH2C,1.1232382,1.0983058
LEFTY1,1.1232382,1.0983058
AURKA,1.1232382,1.0983058
PPP1R3C,1.1232382,1.0983058
RFTN2,1.1232382,1.0983058
IMPA1,1.1232382,1.0983058
DMTN,1.1232382,1.0983058
ANXA13,1.1232382,1.0983058
THPO,1.1232382,1.0983058
C18orf63,1.1232382,1.0983058
PYCR2,1.1232382,1.0983058
ADARB1,1.1232382,1.0983058
OPCML,1.1232382,1.0983058
CIAPIN1,1.1232382,1.0983058
COPE,1.1232382,1.0983058
SSUH2,1.1232382,1.0983058
CYB5D2,1.1232382,1.0983058
MARCH5,1.1232382,1.0983058
HSD17B1,1.1232382,1.0983058
NEUROG3,1.1232382,1.0983058
ARMH4,1.1232382,1.0983058
MROH2B,1.1232382,1.0983058
UNC50,1.1232382,1.0983058
TEPSIN,1.1232382,1.0983058
GHSR,1.1232382,1.0983058
SIAH1,1.1232382,1.0983058
DPEP2,1.1232382,1.0983058
STPG3,1.1232382,1.0983058
NDUFAF1,1.1232382,1.0983058
GTF2E2,1.1232382,1.0983058
ALKBH1,1.1232382,1.0983058
SURF4,1.1232382,1.0983058
ELMOD3,1.1232382,1.0983058
ARRDC4,1.1232382,1.0983058
ABRAXAS2,1.1232382,1.0983058
ZNF846,1.1232382,1.0983058
AKIRIN2,1.1232382,1.0983058
SYT4,1.1232382,1.0983058
HM13,1.1232382,1.0983058
AK1,1.1232382,1.0983058
PRLHR,1.1232382,1.0983058
PIM2,1.1232382,1.0983058
SLC12A3,1.1232382,1.0983058
ARHGEF39,1.1232382,1.0983058
STX10,1.1232382,1.0983058
TMEM108,1.1232382,1.0983058
DUSP6,1.1232382,1.0983058
RTL5,1.1232382,1.0983058
HTR3C,1.1232382,1.0983058
NEMP2,1.1232382,1.0983058
POM121L2,1.1232382,1.0983058
PTGFR,1.1232382,1.0983058
PAPSS1,1.1232382,1.0983058
RPL6,1.1232382,1.0983058
RLF,1.1232382,1.0983058
ZPBP,1.1232382,1.0983058
JMJD7,1.1232382,1.0983058
SERPINA11,1.1232382,1.0983058
PLPP7,1.1232382,1.0983058
UBE2W,1.1232382,1.0983058
NMUR2,1.1232382,1.0983058
GAR1,1.1232382,1.0983058
C19orf57,1.1232382,1.0983058
CHIT1,1.1232382,1.0983058
CDR2,1.1232382,1.0983058
GLYATL1,1.1232382,1.0983058
YWHAQ,1.1232382,1.0983058
SSR1,1.1232382,1.0983058
FHOD1,1.1232382,1.0983058
DUSP26,1.1232382,1.0983058
H2AFJ,1.1232382,1.0983058
NAF1,1.1232382,1.0983058
DHRS12,1.1232382,1.0983058
KCTD15,1.1232382,1.0983058
SLC39A11,1.1232382,1.0983058
PLAG1,1.1232382,1.0983058
ZNF792,1.1232382,1.0983058
CAPZA2,1.1232382,1.0983058
MIA2,1.1232382,1.0983058
WBP1L,1.1232382,1.0983058
RAB33A,1.1232382,1.0983058
TATDN1,1.1232382,1.0983058
FAM83E,1.1232382,1.0983058
QKI,1.1232382,1.0983058
SH2D7,1.1232382,1.0983058
APOBEC3B,1.1232382,1.0983058
HSPB7,1.1232382,1.0983058
SELL,1.1232382,1.0983058
HIC1,1.1232382,1.0983058
ZNF768,1.1232382,1.0983058
LRRC42,1.1232382,1.0983058
POLR2B,1.1232382,1.0983058
RNFT1,1.1232382,1.0983058
FOXI2,1.1232382,1.0983058
STRADB,1.1232382,1.0983058
WIPF3,1.1232382,1.0983058
RTF2,1.1232382,1.0983058
PIGN,1.1232382,1.0983058
FAM47A,1.1232382,1.0983058
FGFR2,1.1232382,1.0983058
PRSS54,1.1232382,1.0983058
FOXA3,1.1232382,1.0983058
TERF1,1.1232382,1.0983058
DAP3,1.1232382,1.0983058
CKAP5,1.1232382,1.0983058
ZNF205,1.1232382,1.0983058
BHLHE40,1.1232382,1.0983058
ZNF329,1.1232382,1.0983058
PPID,1.1232382,1.0983058
DIABLO,1.1232382,1.0983058
SOWAHC,1.1232382,1.0983058
ZNF266,1.1232382,1.0983058
RPS3A,1.1232382,1.0983058
E2F1,1.1232382,1.0983058
CRYGA,1.1232382,1.0983058
NEPRO,1.1232382,1.0983058
NEIL3,1.1232382,1.0983058
CTSZ,1.1232382,1.0983058
NOX3,1.1232382,1.0983058
DOK2,1.1232382,1.0983058
GINS1,1.1232382,1.0983058
PGC,1.1232382,1.0983058
MFAP4,1.1232382,1.0983058
RGS20,1.1232382,1.0983058
HS3ST3B1,1.1232382,1.0983058
PSG6,1.1232382,1.0983058
LCMT1,1.1232382,1.0983058
FBXL3,1.1232382,1.0983058
TIMM21,1.1232382,1.0983058
ARMC12,1.1232382,1.0983058
PARP16,1.1232382,1.0983058
TNFAIP1,1.1232382,1.0983058
PAQR3,1.1232382,1.0983058
CNOT8,1.1232382,1.0983058
CENPI,1.1232382,1.0983058
DCN,1.1232382,1.0983058
MISP,1.1232382,1.0983058
CLNK,1.1232382,1.0983058
SLC22A25,1.1232382,1.0983058
CRYM,1.1232382,1.0983058
SELENOI,1.1232382,1.0983058
NFKBID,1.1232382,1.0983058
HSD17B13,1.1232382,1.0983058
CPA2,1.1232382,1.0983058
AKAP3,1.1232382,1.0983058
CNN1,1.1232382,1.0983058
APCDD1L,1.1232382,1.0983058
PEX14,1.1232382,1.0983058
TRIM29,1.1232382,1.0983058
THAP3,1.1232382,1.0983058
TM9SF4,1.1232382,1.0983058
ABHD17B,1.1232382,1.0983058
IL1R1,1.1232382,1.0983058
RPL13A,1.1232382,1.0983058
UBQLN3,1.1232382,1.0983058
NGDN,1.1232382,1.0983058
RSPO1,1.1232382,1.0983058
CHID1,1.1232382,1.0983058
LHFPL3,1.1232382,1.0983058
LRR1,1.1232382,1.0983058
MMAB,1.1232382,1.0983058
FCMR,1.1232382,1.0983058
SLC16A6,1.1232382,1.0983058
RAB4A,1.1232382,1.0983058
WDR61,1.1232382,1.0983058
GPATCH11,1.1232382,1.0983058
L3HYPDH,1.1232382,1.0983058
NFKBIA,1.1232382,1.0983058
ZDHHC20,1.1232382,1.0983058
PRSS1,1.1232382,1.0983058
PLEKHG7,1.1232382,1.0983058
CDH24,1.1232382,1.0983058
SSTR2,1.1232382,1.0983058
ZNF256,1.1232382,1.0983058
REEP1,1.1232382,1.0983058
OTUD3,1.1232382,1.0983058
SIGLEC11,1.1232382,1.0983058
PRIM1,1.1232382,1.0983058
AGFG1,1.1232382,1.0983058
CTSG,1.1232382,1.0983058
ZSCAN22,1.1232382,1.0983058
M6PR,1.1232382,1.0983058
USP46,1.1232382,1.0983058
AKR1C3,1.1232382,1.0983058
SOX15,1.1232382,1.0983058
MIPOL1,1.1232382,1.0983058
CDC25C,1.1232382,1.0983058
PURG,1.1232382,1.0983058
LANCL3,1.1232382,1.0983058
DCUN1D1,1.1232382,1.0983058
GIPC2,1.1232382,1.0983058
TRIM34,1.1232382,1.0983058
BSX,1.1232382,1.0983058
CCDC121,1.1232382,1.0983058
TRIM59,1.1232382,1.0983058
CHMP3,1.1232382,1.0983058
ZNF385B,1.1232382,1.0983058
BARX1,1.1232382,1.0983058
GSG1,1.1232382,1.0983058
SHLD2,1.1232382,1.0983058
NHEJ1,1.1232382,1.0983058
PRRX2,1.1232382,1.0983058
SFTPC,1.1232382,1.0983058
SMTNL1,1.1232382,1.0983058
PSPC1,1.1232382,1.0983058
TMEM127,1.1232382,1.0983058
AHNAK,1.1232382,1.0983058
MORF4L1,1.1232382,1.0983058
RRS1,1.1232382,1.0983058
PRR5L,1.1232382,1.0983058
LRRC66,1.1232382,1.0983058
CRYBB2,1.1232382,1.0983058
CHRM1,1.1232382,1.0983058
RAC1,1.1232382,1.0983058
ZBED8,1.1232382,1.0983058
RASGEF1C,1.1232382,1.0983058
ITPK1,1.1232382,1.0983058
ANKRD63,1.1232382,1.0983058
CD19,1.1232382,1.0983058
HTR3E,1.1232382,1.0983058
ZNF157,1.1232382,1.0983058
ZNF101,1.1232382,1.0983058
FGF22,1.1232382,1.0983058
EOMES,1.1232382,1.0983058
ENTPD8,1.1232382,1.0983058
MAD2L1BP,1.1232382,1.0983058
HSPA1L,1.1232382,1.0983058
SOST,1.1232382,1.0983058
CYC1,1.1232382,1.0983058
ZNF837,1.1232382,1.0983058
NUBP1,1.1232382,1.0983058
DECR1,1.1232382,1.0983058
ZBTB5,1.1232382,1.0983058
FAM173B,1.1232382,1.0983058
TMEM30B,1.1232382,1.0983058
FBXW12,1.1232382,1.0983058
PRSS22,1.1232382,1.0983058
TCF21,1.1232382,1.0983058
HP,1.1232382,1.0983058
N4BP3,1.1232382,1.0983058
SULT1A2,1.1232382,1.0983058
IFNLR1,1.1232382,1.0983058
PLP1,1.1232382,1.0983058
TOMM34,1.1232382,1.0983058
PPP1R36,1.1232382,1.0983058
ARHGAP36,1.1232382,1.0983058
RABGGTB,1.1232382,1.0983058
NUP58,1.1232382,1.0983058
XPNPEP3,1.1232382,1.0983058
CCDC130,1.1232382,1.0983058
KCTD1,1.1232382,1.0983058
ZNF775,1.1232382,1.0983058
SCD,1.1232382,1.0983058
KCNN2,1.1232382,1.0983058
WDR25,1.1232382,1.0983058
JAM3,1.1232382,1.0983058
PIP4K2C,1.1232382,1.0983058
RPUSD4,1.1232382,1.0983058
RNF144A,1.1232382,1.0983058
MSS51,1.1232382,1.0983058
ST3GAL4,1.1232382,1.0983058
GFRA4,1.1232382,1.0983058
SCML4,1.1232382,1.0983058
ARMT1,1.1232382,1.0983058
ZNF391,1.1232382,1.0983058
PRSS42,1.1232382,1.0983058
LRRC56,1.1232382,1.0983058
PLD2,1.1232382,1.0983058
ACP6,1.1232382,1.0983058
KCMF1,1.1232382,1.0983058
PMP22,1.1232382,1.0983058
THEMIS,1.1232382,1.0983058
TRIM14,1.1232382,1.0983058
VNN3,1.1232382,1.0983058
ZNF57,1.1232382,1.0983058
S1PR1,1.1232382,1.0983058
GKAP1,1.1232382,1.0983058
CSRNP1,1.1232382,1.0983058
VPS37A,1.1232382,1.0983058
MRPL45,1.1232382,1.0983058
NUDT13,1.1232382,1.0983058
RPL18,1.1232382,1.0983058
SERPINB2,1.1232382,1.0983058
INHBA,1.1232382,1.0983058
OGFOD3,1.1232382,1.0983058
ATG5,1.1232382,1.0983058
GNL3L,1.1232382,1.0983058
SGPP1,1.1232382,1.0983058
ZNF181,1.1232382,1.0983058
FGFR1OP2,1.1232382,1.0983058
NAGK,1.1232382,1.0983058
SLC39A8,1.1232382,1.0983058
VAT1L,1.1232382,1.0983058
ASPA,1.1232382,1.0983058
ZNF213,1.1232382,1.0983058
LRRC47,1.1232382,1.0983058
DUSP5,1.1232382,1.0983058
CBLN3,1.1232382,1.0983058
TMEM256-PLSCR3,1.1232382,1.0983058
SLC38A6,1.1232382,1.0983058
METAP1D,1.1232382,1.0983058
RBM22,1.1232382,1.0983058
CX3CL1,1.1232382,1.0983058
ABHD10,1.1232382,1.0983058
GPR84,1.1232382,1.0983058
SFXN3,1.1232382,1.0983058
ACOT7,1.1232382,1.0983058
LHFPL4,1.1232382,1.0983058
WWTR1,1.1232382,1.0983058
ZNF18,1.1232382,1.0983058
LEFTY2,1.1232382,1.0983058
RND1,1.1232382,1.0983058
SLC25A2,1.1232382,1.0983058
AGTRAP,1.1232382,1.0983058
AQP8,1.1232382,1.0983058
COQ10A,1.1232382,1.0983058
CDS1,1.1232382,1.0983058
NOMO1,1.1232382,1.0983058
ATG4A,1.1232382,1.0983058
CEACAM5,1.1232382,1.0983058
ZNF443,1.1232382,1.0983058
ZNF799,1.1232382,1.0983058
DUSP15,1.1232382,1.0983058
SFRP1,1.1232382,1.0983058
WTAP,1.1232382,1.0983058
TMC1,1.1232382,1.0983058
GRB2,1.1232382,1.0983058
CALN1,1.1232382,1.0983058
ZNF250,1.1232382,1.0983058
SERPINB10,1.1232382,1.0983058
SPSB4,1.1232382,1.0983058
ARFRP1,1.1232382,1.0983058
BLZF1,1.1232382,1.0983058
STX16,1.1232382,1.0983058
DUSP11,1.1232382,1.0983058
TOX2,1.1232382,1.0983058
DCTN2,1.1232382,1.0983058
RP2,1.1232382,1.0983058
B4GALT1,1.1232382,1.0983058
HOXB7,1.1232382,1.0983058
DNAJB2,1.1232382,1.0983058
HARBI1,1.1232382,1.0983058
UGT2B11,1.1232382,1.0983058
PYGL,1.1232382,1.0983058
TWIST2,1.1232382,1.0983058
ATP1B2,1.1232382,1.0983058
EXOC4,1.1232382,1.0983058
CSHL1,1.1232382,1.0983058
PDE4B,1.1232382,1.0983058
ZNF852,1.1232382,1.0983058
SLC25A53,1.1232382,1.0983058
LRRC39,1.1232382,1.0983058
CHRNA10,1.1232382,1.0983058
HFE,1.1232382,1.0983058
SULT1C2,1.1232382,1.0983058
TMEM26,1.1232382,1.0983058
B3GNT8,1.1232382,1.0983058
NOB1,1.1232382,1.0983058
ARRDC3,1.1232382,1.0983058
EGFL8,1.1232382,1.0983058
KIAA0513,1.1232382,1.0983058
CLDN14,1.1232382,1.0983058
TRIM21,1.1232382,1.0983058
CA7,1.1232382,1.0983058
AVEN,1.1232382,1.0983058
CUEDC2,1.1232382,1.0983058
ZNF467,1.1232382,1.0983058
MINDY3,1.1232382,1.0983058
PROSER1,1.1232382,1.0983058
ZNF8,1.1232382,1.0983058
ANKRD2,1.1232382,1.0983058
C1QL2,1.1232382,1.0983058
UBAC2,1.1232382,1.0983058
GSC,1.1232382,1.0983058
IL1RL1,1.1232382,1.0983058
RPLP0,1.1232382,1.0983058
RBMS2,1.1232382,1.0983058
TSPAN9,1.1232382,1.0983058
ZFAND1,1.1232382,1.0983058
CHP1,1.1232382,1.0983058
TXNIP,1.1232382,1.0983058
MEGF9,1.1232382,1.0983058
ARPC2,1.1232382,1.0983058
HSPBP1,1.1232382,1.0983058
PIP4P1,1.1232382,1.0983058
WARS2,1.1232382,1.0983058
SLC35F2,1.1232382,1.0983058
HOXC5,1.1232382,1.0983058
IFIT1,1.1232382,1.0983058
RNF113A,1.1232382,1.0983058
HOXC8,1.1232382,1.0983058
CAPN10,1.1232382,1.0983058
ZNF345,1.1232382,1.0983058
SCAMP3,1.1232382,1.0983058
ITK,1.1232382,1.0983058
DUSP8,1.1232382,1.0983058
RAB3A,1.1232382,1.0983058
KLK6,1.1232382,1.0983058
BCL9L,1.1232382,1.0983058
SLC15A5,1.1232382,1.0983058
KIAA1191,1.1232382,1.0983058
IL17RB,1.1232382,1.0983058
SERPINB13,1.1232382,1.0983058
DDAH1,1.1232382,1.0983058
DAAM2,1.1232382,1.0983058
SMAD2,1.1232382,1.0983058
AFMID,1.1232382,1.0983058
EBP,1.1232382,1.0983058
RPL23,1.1232382,1.0983058
CYB561,1.1232382,1.0983058
WDR17,1.1232382,1.0983058
DNAJB6,1.1232382,1.0983058
TRNT1,1.1232382,1.0983058
DPEP1,1.1232382,1.0983058
ZMYM4,1.1232382,1.0983058
EFCAB12,1.1232382,1.0983058
IL13RA2,1.1232382,1.0983058
FOXS1,1.1232382,1.0983058
C12orf50,1.1232382,1.0983058
FCN2,1.1232382,1.0983058
UCK2,1.1232382,1.0983058
ADAM20,1.1232382,1.0983058
FAR2,1.1232382,1.0983058
GOLM1,1.1232382,1.0983058
HSD17B3,1.1232382,1.0983058
CYP2A13,1.1232382,1.0983058
MLF2,1.1232382,1.0983058
GAL3ST1,1.1232382,1.0983058
GTF2E1,1.1232382,1.0983058
PSG3,1.1232382,1.0983058
ASS1,1.1232382,1.0983058
AKTIP,1.1232382,1.0983058
NKX2-3,1.1232382,1.0983058
AQP6,1.1232382,1.0983058
COQ4,1.1232382,1.0983058
BMP8B,1.1232382,1.0983058
FUZ,1.1232382,1.0983058
ETV7,1.1232382,1.0983058
ACTL8,1.1232382,1.0983058
SRD5A1,1.1232382,1.0983058
LRRC75A,1.1232382,1.0983058
FGF12,1.1232382,1.0983058
KCTD10,1.1232382,1.0983058
FAM53C,1.1232382,1.0983058
ZNF140,1.1232382,1.0983058
FAM102A,1.1232382,1.0983058
OAS1,1.1232382,1.0983058
UBOX5,1.1232382,1.0983058
KLK14,1.1232382,1.0983058
CCDC114,1.1232382,1.0983058
PEX26,1.1232382,1.0983058
PCDHB11,1.1232382,1.0983058
CCDC112,1.1232382,1.0983058
SSRP1,1.1232382,1.0983058
ZSCAN18,1.1232382,1.0983058
SERPINB5,1.1232382,1.0983058
BTN3A3,1.1232382,1.0983058
GPBP1L1,1.1232382,1.0983058
CHGA,1.1232382,1.0983058
LDAH,1.1232382,1.0983058
BBOF1,1.1232382,1.0983058
CENPB,1.1232382,1.0983058
MLLT1,1.1232382,1.0983058
ANTXRL,1.1232382,1.0983058
DENND1B,1.1232382,1.0983058
DHRS7C,1.1232382,1.0983058
ERRFI1,1.1232382,1.0983058
CHRDL1,1.1232382,1.0983058
PXMP2,1.1232382,1.0983058
NCK1,1.1232382,1.0983058
TNFRSF1B,1.1232382,1.0983058
SERPINI2,1.1232382,1.0983058
SLA,1.1232382,1.0983058
DERL1,1.1232382,1.0983058
ZFP1,1.1232382,1.0983058
HAND2,1.1232382,1.0983058
ZNF331,1.1232382,1.0983058
PANX2,1.1232382,1.0983058
RHOC,1.1232382,1.0983058
IPCEF1,1.1232382,1.0983058
LMO2,1.1232382,1.0983058
UPK1A,1.1232382,1.0983058
DNAJB13,1.1232382,1.0983058
CD276,1.1232382,1.0983058
SDF2,1.1232382,1.0983058
NXF3,1.1232382,1.0983058
ELFN1,1.1232382,1.0983058
ELAVL1,1.1232382,1.0983058
KLK12,1.1232382,1.0983058
PPM1N,1.1232382,1.0983058
CCDC38,1.1232382,1.0983058
NEGR1,1.1232382,1.0983058
B3GALT4,1.1232382,1.0983058
DHRS9,1.1232382,1.0983058
RASA2,1.1232382,1.0983058
GLT8D2,1.1232382,1.0983058
TBL2,1.1232382,1.0983058
BHLHE41,1.1232382,1.0983058
TLR1,1.1232382,1.0983058
FOSL2,1.1232382,1.0983058
PSMD7,1.1232382,1.0983058
ZDHHC18,1.1232382,1.0983058
ANKRD10,1.1232382,1.0983058
CYB5R2,1.1232382,1.0983058
VEGFD,1.1232382,1.0983058
KCTD12,1.1232382,1.0983058
SF3A2,1.1232382,1.0983058
TCN2,1.1232382,1.0983058
KLF11,1.1232382,1.0983058
GORAB,1.1232382,1.0983058
CYGB,1.1232382,1.0983058
RCAN3,1.1232382,1.0983058
SLC16A12,1.1232382,1.0983058
FCN1,1.1232382,1.0983058
CDADC1,1.1232382,1.0983058
MSRB1,1.1232382,1.0983058
MAPK12,1.1232382,1.0983058
GPR37L1,1.1232382,1.0983058
CABLES2,1.1232382,1.0983058
DCUN1D4,1.1232382,1.0983058
LCA5L,1.1232382,1.0983058
ZNF275,1.1232382,1.0983058
ELOVL4,1.1232382,1.0983058
SNRNP48,1.1232382,1.0983058
SPATA16,1.1232382,1.0983058
SNUPN,1.1232382,1.0983058
NRTN,1.1232382,1.0983058
ZNF551,1.1232382,1.0983058
B4GAT1,1.1232382,1.0983058
ASTL,1.1232382,1.0983058
IK,1.1232382,1.0983058
P2RX3,1.1232382,1.0983058
FBXO25,1.1232382,1.0983058
ZNF625,1.1232382,1.0983058
DPH7,1.1232382,1.0983058
SLC32A1,1.1232382,1.0983058
EFNA4,1.1232382,1.0983058
AKAP4,1.1232382,1.0983058
CDC20B,1.1232382,1.0983058
WDR89,1.1232382,1.0983058
TRABD,1.1232382,1.0983058
DCAF8L2,1.1232382,1.0983058
ZNF571,1.1232382,1.0983058
SERPINB12,1.1232382,1.0983058
MOSPD2,1.1232382,1.0983058
RCN3,1.1232382,1.0983058
ZNF543,1.1232382,1.0983058
CELA2B,1.1232382,1.0983058
TSPAN11,1.1232382,1.0983058
ACPP,1.1232382,1.0983058
PQLC2,1.1232382,1.0983058
TJAP1,1.1232382,1.0983058
MEOX2,1.1232382,1.0983058
PRSS21,1.1232382,1.0983058
CRX,1.1232382,1.0983058
KCNK2,1.1232382,1.0983058
ABHD16B,1.1232382,1.0983058
HECA,1.1232382,1.0983058
PTPMT1,1.1232382,1.0983058
RNF10,1.1232382,1.0983058
TFDP1,1.1232382,1.0983058
ADORA3,1.1232382,1.0983058
ZNF43,1.1232382,1.0983058
BBX,1.1232382,1.0983058
SRFBP1,1.1232382,1.0983058
ZDHHC9,1.1232382,1.0983058
CNR1,1.1232382,1.0983058
PODXL,1.1232382,1.0983058
CA8,1.1232382,1.0983058
ASB6,1.1232382,1.0983058
QPCT,1.1232382,1.0983058
RASSF9,1.1232382,1.0983058
MAGEE2,1.1232382,1.0983058
USP8,1.1232382,1.0983058
MCAT,1.1232382,1.0983058
NTSR1,1.1232382,1.0983058
SCG2,1.1232382,1.0983058
GTDC1,1.1232382,1.0983058
C16orf71,1.1232382,1.0983058
RAB24,1.1232382,1.0983058
ABRAXAS1,1.1232382,1.0983058
TTPA,1.1232382,1.0983058
ADGRG3,1.1232382,1.0983058
TSFM,1.1232382,1.0983058
GOT1L1,1.1232382,1.0983058
KRT37,1.1232382,1.0983058
MYLK4,1.1232382,1.0983058
CDK3,1.1232382,1.0983058
MAPK11,1.1232382,1.0983058
CYP2A7,1.1232382,1.0983058
GPR153,1.1232382,1.0983058
RER1,1.1232382,1.0983058
ANGPTL3,1.1232382,1.0983058
TSPYL2,1.1232382,1.0983058
PNMA8B,1.1232382,1.0983058
GTF2H3,1.1232382,1.0983058
GDPD1,1.1232382,1.0983058
PCDH1,1.1232382,1.0983058
GPN1,1.1232382,1.0983058
LDHB,1.1232382,1.0983058
TNFSF13,1.1232382,1.0983058
PI4K2A,1.1232382,1.0983058
NSFL1C,1.1232382,1.0983058
ANKRD9,1.1232382,1.0983058
ZNF496,1.1232382,1.0983058
FAM172A,1.1232382,1.0983058
RNF130,1.1232382,1.0983058
ADPRHL1,1.1232382,1.0983058
CYP2A6,1.1232382,1.0983058
STAM2,1.1232382,1.0983058
PTGIR,1.1232382,1.0983058
ZFYVE27,1.1232382,1.0983058
DHH,1.1232382,1.0983058
SLC30A10,1.1232382,1.0983058
PYCR1,1.1232382,1.0983058
ZNF461,1.1232382,1.0983058
FAM151A,1.1232382,1.0983058
FAM78A,1.1232382,1.0983058
EXOSC2,1.1232382,1.0983058
UFD1,1.1232382,1.0983058
HAO1,1.1232382,1.0983058
WISP3,1.1232382,1.0983058
GFRA3,1.1232382,1.0983058
ZNF549,1.1232382,1.0983058
JMJD4,1.1232382,1.0983058
DCAF17,1.1232382,1.0983058
PTX4,1.1232382,1.0983058
KRT34,1.1232382,1.0983058
MPND,1.1232382,1.0983058
ZNF330,1.1232382,1.0983058
RIOX2,1.1232382,1.0983058
SLC22A9,1.1232382,1.0983058
STRIP2,1.1232382,1.0983058
ENTPD3,1.1232382,1.0983058
PSME4,1.1232382,1.0983058
PALM3,1.1232382,1.0983058
PGBD5,1.1232382,1.0983058
LRRC31,1.1232382,1.0983058
SLC25A19,1.1232382,1.0983058
MLLT3,1.1232382,1.0983058
MLF1,1.1232382,1.0983058
ODF2L,1.1232382,1.0983058
ZNF383,1.1232382,1.0983058
TMEM175,1.1232382,1.0983058
USP51,1.1232382,1.0983058
PARD6A,1.1232382,1.0983058
LRRC28,1.1232382,1.0983058
ACTRT3,1.1232382,1.0983058
RP9,1.1232382,1.0983058
PRDM11,1.1232382,1.0983058
HOXB4,1.1232382,1.0983058
POLR2A,1.1232382,1.0983058
POLR1A,1.1232382,1.0983058
SNX32,1.1232382,1.0983058
DPEP3,1.1232382,1.0983058
IFT52,1.1232382,1.0983058
SYT12,1.1232382,1.0983058
GPRC5D,1.1232382,1.0983058
SLC22A18,1.1232382,1.0983058
MAGEL2,1.1232382,1.0983058
EFCC1,1.1232382,1.0983058
METTL2B,1.1232382,1.0983058
KCTD18,1.1232382,1.0983058
L1CAM,1.1232382,1.0983058
TLR6,1.1232382,1.0983058
PLIN1,1.1232382,1.0983058
U2AF2,1.1232382,1.0983058
ZNF620,1.1232382,1.0983058
ZNF248,1.1232382,1.0983058
USP12,1.1232382,1.0983058
ZBTB8B,1.1232382,1.0983058
LYSMD3,1.1232382,1.0983058
MPV17L2,1.1232382,1.0983058
CHD7,1.1232382,1.0983058
GPR176,1.1232382,1.0983058
CD55,1.1232382,1.0983058
RNF165,1.1232382,1.0983058
TNFSF11,1.1232382,1.0983058
ATXN3,1.1232382,1.0983058
MBIP,1.1232382,1.0983058
PDP2,1.1232382,1.0983058
CBX2,1.1232382,1.0983058
SLC9A3R2,1.1232382,1.0983058
ANGPT1,1.1232382,1.0983058
BBC3,1.1232382,1.0983058
C9orf50,1.1232382,1.0983058
CYP4Z1,1.1232382,1.0983058
FASTKD3,1.1232382,1.0983058
PAFAH2,1.1232382,1.0983058
MPPE1,1.1232382,1.0983058
TSPAN2,1.1232382,1.0983058
AAMP,1.1232382,1.0983058
GPR83,1.1232382,1.0983058
RERG,1.1232382,1.0983058
LCOR,1.1232382,1.0983058
ZNF324B,1.1232382,1.0983058
PCGF5,1.1232382,1.0983058
SNF8,1.1232382,1.0983058
GCLC,1.1232382,1.0983058
ZNF511,1.1232382,1.0983058
A4GALT,1.1232382,1.0983058
SEPHS2,1.1232382,1.0983058
CCNE1,1.1232382,1.0983058
IYD,1.1232382,1.0983058
C2orf81,1.1232382,1.0983058
TMLHE,1.1232382,1.0983058
CYP8B1,1.1232382,1.0983058
THUMPD2,1.1232382,1.0983058
AADAT,1.1232382,1.0983058
MDH1B,1.1232382,1.0983058
COL21A1,1.1232382,1.0983058
C10orf68,1.1232382,1.0983058
ZNF783,1.1232382,1.0983058
FYB2,1.1232382,1.0983058
C9orf64,1.1232382,1.0983058
ABHD6,1.1232382,1.0983058
GRASP,1.1232382,1.0983058
ZNF257,1.1232382,1.0983058
KRT222,1.1232382,1.0983058
PAAF1,1.1232382,1.0983058
PFKL,1.1232382,1.0983058
MYCN,1.1232382,1.0983058
ELF4,1.1232382,1.0983058
ABHD1,1.1232382,1.0983058
XBP1,1.1232382,1.0983058
LRP5L,1.1232382,1.0983058
HTR3D,1.1232382,1.0983058
ADAL,1.1232382,1.0983058
HOXD4,1.1232382,1.0983058
ZFP69,1.1232382,1.0983058
MYBPHL,1.1232382,1.0983058
GDF9,1.1232382,1.0983058
CYP21A2,1.1232382,1.0983058
HAAO,1.1232382,1.0983058
ERVFRD-1,1.1232382,1.0983058
EPHX4,1.1232382,1.0983058
ZNF726,1.1232382,1.0983058
RTBDN,1.1232382,1.0983058
PCMTD2,1.1232382,1.0983058
SF3B4,1.1232382,1.0983058
USP25,1.1232382,1.0983058
SAG,1.1232382,1.0983058
ZIC3,1.1232382,1.0983058
CAMKMT,1.1232382,1.0983058
DGLUCY,1.1232382,1.0983058
ODC1,1.1232382,1.0983058
ZNF717,1.1232382,1.0983058
PTPN14,1.1232382,1.0983058
MBLAC2,1.1232382,1.0983058
HSPB2,1.1232382,1.0983058
GNMT,1.1232382,1.0983058
VAX2,1.1232382,1.0983058
PNLIPRP3,1.1232382,1.0983058
TBC1D13,1.1232382,1.0983058
AQP4,1.1232382,1.0983058
STX1A,1.1232382,1.0983058
ZBTB7B,1.1232382,1.0983058
NDRG3,1.1232382,1.0983058
TMEM135,1.1232382,1.0983058
SLC14A1,1.1232382,1.0983058
H2AFY2,1.1232382,1.0983058
TM6SF1,1.1232382,1.0983058
ZMAT1,1.1232382,1.0983058
SMPD1,1.1232382,1.0983058
MIP,1.1232382,1.0983058
EBPL,1.1232382,1.0983058
SP2,1.1232382,1.0983058
LRIF1,1.1232382,1.0983058
TRIM60,1.1232382,1.0983058
LIPN,1.1232382,1.0983058
STRN3,1.1232382,1.0983058
ZNF34,1.1232382,1.0983058
TSPAN33,1.1232382,1.0983058
DPM1,1.1232382,1.0983058
GPD1L,1.1232382,1.0983058
AADACL2,1.1232382,1.0983058
DUSP7,1.1232382,1.0983058
PRL,1.1232382,1.0983058
TRMT61B,1.1232382,1.0983058
FAM131B,1.1232382,1.0983058
MRPS35,1.1232382,1.0983058
NDUFV3,1.1232382,1.0983058
ZNF789,1.1232382,1.0983058
CTTNBP2,1.1232382,1.0983058
UBFD1,1.1232382,1.0983058
SAMSN1,1.1232382,1.0983058
MTHFD2,1.1232382,1.0983058
B3GALT1,1.1232382,1.0983058
B3GNT7,1.1232382,1.0983058
GJB4,1.1232382,1.0983058
ENTPD1,1.1232382,1.0983058
PDZD3,1.1232382,1.0983058
GDF1,1.1232382,1.0983058
ZNF619,1.1232382,1.0983058
ACP4,1.1232382,1.0983058
SGO1,1.1232382,1.0983058
ANKRD65,1.1232382,1.0983058
PRMT6,1.1232382,1.0983058
SLC9B2,1.1232382,1.0983058
GJB2,1.1232382,1.0983058
PGBD2,1.1232382,1.0983058
GALR3,1.1232382,1.0983058
ZNF510,1.1232382,1.0983058
ATF7IP2,1.1232382,1.0983058
SUDS3,1.1232382,1.0983058
TMEM184B,1.1232382,1.0983058
CELA3B,1.1232382,1.0983058
PPP1R32,1.1232382,1.0983058
MYL6,1.1232382,1.0983058
CRACR2B,1.1232382,1.0983058
KLK9,1.1232382,1.0983058
HDHD5,1.1232382,1.0983058
ZNF554,1.1232382,1.0983058
USP54,1.1232382,1.0983058
ICAM3,1.1232382,1.0983058
PLPP3,1.1232382,1.0983058
SLC22A24,1.1232382,1.0983058
SHCBP1L,1.1232382,1.0983058
ZNF81,1.1232382,1.0983058
FOXQ1,1.1232382,1.0983058
LEXM,1.1232382,1.0983058
CCDC84,1.1232382,1.0983058
NLRP10,1.1232382,1.0983058
VSIG10,1.1232382,1.0983058
DRC3,1.1232382,1.0983058
PPP1R37,1.1232382,1.0983058
DNASE1,1.1232382,1.0983058
CCDC96,1.1232382,1.0983058
CBARP,1.1232382,1.0983058
PPM1L,1.1232382,1.0983058
PIP5KL1,1.1232382,1.0983058
TMPRSS11D,1.1232382,1.0983058
ZNF491,1.1232382,1.0983058
SERPINB8,1.1232382,1.0983058
TRAPPC10,1.1232382,1.0983058
JRKL,1.1232382,1.0983058
WISP2,1.1232382,1.0983058
UNG,1.1232382,1.0983058
DCP1B,1.1232382,1.0983058
MPPED1,1.1232382,1.0983058
COQ9,1.1232382,1.0983058
GSDMA,1.1232382,1.0983058
PINX1,1.1232382,1.0983058
RPS10,1.1232382,1.0983058
PQBP1,1.1232382,1.0983058
PPM1H,1.1232382,1.0983058
BRMS1L,1.1232382,1.0983058
HOXA11,1.1232382,1.0983058
VGF,1.1232382,1.0983058
ATG13,1.1232382,1.0983058
STX18,1.1232382,1.0983058
BMP15,1.1232382,1.0983058
TTC29,1.1232382,1.0983058
BCL3,1.1232382,1.0983058
TMEM43,1.1232382,1.0983058
TMOD3,1.1232382,1.0983058
FJX1,1.1232382,1.0983058
ACOT9,1.1232382,1.0983058
SPATA22,1.1232382,1.0983058
DECR2,1.1232382,1.0983058
TNFAIP2,1.1232382,1.0983058
MBNL3,1.1232382,1.0983058
RAP2B,1.1232382,1.0983058
TTC22,1.1232382,1.0983058
MRPS27,1.1232382,1.0983058
PTGES2,1.1232382,1.0983058
ENDOU,1.1232382,1.0983058
PARL,1.1232382,1.0983058
REXO4,1.1232382,1.0983058
NDUFAF3,1.1232382,1.0983058
ALKBH3,1.1232382,1.0983058
ZNF503,1.1232382,1.0983058
CAMK4,1.1232382,1.0983058
SEMG2,1.1232382,1.0983058
ADIPOR1,1.1232382,1.0983058
FAM57A,1.1232382,1.0983058
MSLN,1.1232382,1.0983058
TRIM56,1.1232382,1.0983058
RNF212,1.1232382,1.0983058
SCO1,1.1232382,1.0983058
PCDHB12,1.1232382,1.0983058
RPS26,1.1232382,1.0983058
SEPT14,1.1232382,1.0983058
ZNF436,1.1232382,1.0983058
ACOT2,1.1232382,1.0983058
ZNF513,1.1232382,1.0983058
CADM4,1.1232382,1.0983058
SAGE1,1.1232382,1.0983058
RHAG,1.1232382,1.0983058
C11orf80,1.1232382,1.0983058
TRIB1,1.1232382,1.0983058
MAGEE1,1.1232382,1.0983058
AHSA1,1.1232382,1.0983058
GTF2F1,1.1232382,1.0983058
PRRC1,1.1232382,1.0983058
TAL1,1.1232382,1.0983058
FAM114A2,1.1232382,1.0983058
STK33,1.1232382,1.0983058
CALB1,1.1232382,1.0983058
SLC52A2,1.1232382,1.0983058
ALX3,1.1232382,1.0983058
TSPAN18,1.1232382,1.0983058
NTHL1,1.1232382,1.0983058
PTCHD1,1.1232382,1.0983058
KCNC2,1.1232382,1.0983058
DNAJB1,1.1232382,1.0983058
RANBP3L,1.1232382,1.0983058
CCDC71,1.1232382,1.0983058
VASP,1.1232382,1.0983058
GLT8D1,1.1232382,1.0983058
SLC5A5,1.1232382,1.0983058
RTN4IP1,1.1232382,1.0983058
MSANTD4,1.1232382,1.0983058
ZNF502,1.1232382,1.0983058
SHISA6,1.1232382,1.0983058
PABPN1,1.1232382,1.0983058
SPAM1,1.1232382,1.0983058
ZBTB33,1.1232382,1.0983058
C17orf80,1.1232382,1.0983058
ABR,1.1232382,1.0983058
HOXC11,1.1232382,1.0983058
TADA2B,1.1232382,1.0983058
GORASP2,1.1232382,1.0983058
MPDU1,1.1232382,1.0983058
FGL2,1.1232382,1.0983058
HSD3B2,1.1232382,1.0983058
FCAMR,1.1232382,1.0983058
SYT17,1.1232382,1.0983058
CABYR,1.1232382,1.0983058
MED27,1.1232382,1.0983058
TNFRSF11A,1.1232382,1.0983058
MFNG,1.1232382,1.0983058
LILRA6,1.1232382,1.0983058
RPAP2,1.1232382,1.0983058
FAM114A1,1.1232382,1.0983058
CTTNBP2NL,1.1232382,1.0983058
FOLR1,1.1232382,1.0983058
IKBIP,1.1232382,1.0983058
ADRB1,1.1232382,1.0983058
FEZF1,1.1232382,1.0983058
SAPCD2,1.1232382,1.0983058
TOX,1.1232382,1.0983058
ZBED6,1.1232382,1.0983058
SFXN2,1.1232382,1.0983058
C5orf38,1.1232382,1.0983058
RAB1B,1.1232382,1.0983058
TICAM2,1.1232382,1.0983058
ZNF721,1.1232382,1.0983058
LTBR,1.1232382,1.0983058
FBXO43,1.1232382,1.0983058
HOXD12,1.1232382,1.0983058
TDRKH,1.1232382,1.0983058
PAIP1,1.1232382,1.0983058
ALCAM,1.1232382,1.0983058
RCAN1,1.1232382,1.0983058
SNX31,1.1232382,1.0983058
HYAL1,1.1232382,1.0983058
ADRA1B,1.1232382,1.0983058
DHRS7B,1.1232382,1.0983058
UBR5,1.1232382,1.0983058
PRSS27,1.1232382,1.0983058
KLF4,1.1232382,1.0983058
DDRGK1,1.1232382,1.0983058
ATP6V0D2,1.1232382,1.0983058
SLC16A13,1.1232382,1.0983058
TMCO1,1.1232382,1.0983058
FGF17,1.1232382,1.0983058
ZBTB34,1.1232382,1.0983058
IL22RA1,1.1232382,1.0983058
BLM,1.1232382,1.0983058
PUS7L,1.1232382,1.0983058
ZNF350,1.1232382,1.0983058
UTP3,1.1232382,1.0983058
ATMIN,1.1232382,1.0983058
SNX11,1.1232382,1.0983058
SHH,1.1232382,1.0983058
MFSD4B,1.1232382,1.0983058
GUCY1A1,1.1232382,1.0983058
HTR1B,1.1232382,1.0983058
CDKL1,1.1232382,1.0983058
HSDL1,1.1232382,1.0983058
ANKUB1,1.1232382,1.0983058
ERGIC1,1.1232382,1.0983058
EFCAB3,1.1232382,1.0983058
SLC26A5,1.1232382,1.0983058
CHMP4C,1.1232382,1.0983058
MBP,1.1232382,1.0983058
FAM189A2,1.1232382,1.0983058
CPA4,1.1232382,1.0983058
BFAR,1.1232382,1.0983058
ARID3B,1.1232382,1.0983058
FOXD4L1,1.1232382,1.0983058
NAA30,1.1232382,1.0983058
PTK2,1.1232382,1.0983058
CNN2,1.1232382,1.0983058
SFTPB,1.1232382,1.0983058
GAS8,1.1232382,1.0983058
GMEB2,1.1232382,1.0983058
PRSS3,1.1232382,1.0983058
HPR,1.1232382,1.0983058
EME1,1.1232382,1.0983058
TTC23,1.1232382,1.0983058
FBXL12,1.1232382,1.0983058
TRA2B,1.1232382,1.0983058
GCNT3,1.1232382,1.0983058
CEP57L1,1.1232382,1.0983058
ATP5F1C,1.1232382,1.0983058
PYCR3,1.1232382,1.0983058
PCBP3,1.1232382,1.0983058
MUCL3,1.1232382,1.0983058
SSBP2,1.1232382,1.0983058
RFX1,1.1232382,1.0983058
RBFOX3,1.1232382,1.0983058
EDIL3,1.1232382,1.0983058
PCNX2,1.1232382,1.0983058
TGIF1,1.1232382,1.0983058
CIRBP,1.1232382,1.0983058
UGT8,1.1232382,1.0983058
C5,1.1232382,1.0983058
ABHD11,1.1232382,1.0983058
CLDN7,1.1232382,1.0983058
NUDT9,1.1232382,1.0983058
IL2RG,1.1232382,1.0983058
TADA3,1.1232382,1.0983058
ZFP37,1.1232382,1.0983058
MX2,1.1232382,1.0983058
IL21R,1.1232382,1.0983058
TRIM22,1.1232382,1.0983058
EN1,1.1232382,1.0983058
UNC5CL,1.1232382,1.0983058
C17orf75,1.1232382,1.0983058
NODAL,1.1232382,1.0983058
FBXO32,1.1232382,1.0983058
ADPRM,1.1232382,1.0983058
DNAJB4,1.1232382,1.0983058
ZNF662,1.1232382,1.0983058
MIEF2,1.1232382,1.0983058
BEND7,1.1232382,1.0983058
SMUG1,1.1232382,1.0983058
DGAT2L6,1.1232382,1.0983058
EIF4E2,1.1232382,1.0983058
CLDN3,1.1232382,1.0983058
PCMTD1,1.1232382,1.0983058
BAZ1B,1.1232382,1.0983058
CALB2,1.1232382,1.0983058
OVGP1,1.1232382,1.0983058
SS18,1.1232382,1.0983058
CPQ,1.1232382,1.0983058
IL20RA,1.1232382,1.0983058
SMYD1,1.1232382,1.0983058
SSC5D,1.1232382,1.0983058
DACT3,1.1232382,1.0983058
ZNF214,1.1232382,1.0983058
ANKRD33B,1.1232382,1.0983058
ZNF641,1.1232382,1.0983058
RNF32,1.1232382,1.0983058
FKBP6,1.1232382,1.0983058
CKAP2,1.1232382,1.0983058
HDX,1.1232382,1.0983058
CREB3L1,1.1232382,1.0983058
ATOH8,1.1232382,1.0983058
TFAM,1.1232382,1.0983058
C7orf25,1.1232382,1.0983058
RAB33B,1.1232382,1.0983058
NME7,1.1232382,1.0983058
MYF5,1.1232382,1.0983058
TOX3,1.1232382,1.0983058
MYZAP,1.1232382,1.0983058
VTI1A,1.1232382,1.0983058
PPM1F,1.1232382,1.0983058
ZNF415,1.1232382,1.0983058
PHOX2B,1.1232382,1.0983058
NAP1L4,1.1232382,1.0983058
CA9,1.1232382,1.0983058
SLC15A3,1.1232382,1.0983058
SULT4A1,1.1232382,1.0983058
FRMD5,1.1232382,1.0983058
THRAP3,1.1232382,1.0983058
SMYD3,1.1232382,1.0983058
SLC7A13,1.1232382,1.0983058
PCYOX1L,1.1232382,1.0983058
RNF144B,1.1232382,1.0983058
HERPUD2,1.1232382,1.0983058
LGMN,1.1232382,1.0983058
SKP2,1.1232382,1.0983058
ZAR1,1.1232382,1.0983058
DUSP10,1.1232382,1.0983058
SLC17A4,1.1232382,1.0983058
MS4A14,1.1232382,1.0983058
PPIE,1.1232382,1.0983058
IGSF21,1.1232382,1.0983058
LEKR1,1.1232382,1.0983058
GJB5,1.1232382,1.0983058
KDM8,1.1232382,1.0983058
CCT3,1.1232382,1.0983058
RBM4B,1.1232382,1.0983058
MARCH9,1.1232382,1.0983058
MKRN2,1.1232382,1.0983058
MIER2,1.1232382,1.0983058
TCEA1,1.1232382,1.0983058
TBXA2R,1.1232382,1.0983058
BMP10,1.1232382,1.0983058
PABPN1L,1.1232382,1.0983058
NAP1L1,1.1232382,1.0983058
LNPK,1.1232382,1.0983058
HYAL4,1.1232382,1.0983058
NMUR1,1.1232382,1.0983058
POLR1E,1.1232382,1.0983058
MYF6,1.1232382,1.0983058
PJVK,1.1232382,1.0983058
RASL10B,1.1232382,1.0983058
SLC38A2,1.1232382,1.0983058
RMI1,1.1232382,1.0983058
UGT3A2,1.1232382,1.0983058
DNAAF2,1.1232382,1.0983058
UGT2B7,1.1232382,1.0983058
ANXA4,1.1232382,1.0983058
RAD23A,1.1232382,1.0983058
PSMB4,1.1232382,1.0983058
MAP3K8,1.1232382,1.0983058
APRT,1.1232382,1.0983058
CAPZB,1.1232382,1.0983058
DLK1,1.1232382,1.0983058
CCDC65,1.1232382,1.0983058
NAPSA,1.1232382,1.0983058
DNASE1L2,1.1232382,1.0983058
ADORA2A,1.1232382,1.0983058
ZNF254,1.1232382,1.0983058
SLC25A45,1.1232382,1.0983058
PJA2,1.1232382,1.0983058
GRK1,1.1232382,1.0983058
IFIT5,1.1232382,1.0983058
CTDSP1,1.1232382,1.0983058
NUFIP2,1.1232382,1.0983058
RNLS,1.1232382,1.0983058
DGKQ,1.1232382,1.0983058
RAB4B,1.1232382,1.0983058
PSTPIP1,1.1232382,1.0983058
CACNG7,1.1232382,1.0983058
GSX2,1.1232382,1.0983058
RNF39,1.1232382,1.0983058
SLCO6A1,1.1232382,1.0983058
ZIM2,1.1232382,1.0983058
PPP2CB,1.1232382,1.0983058
TRIM50,1.1232382,1.0983058
SLC35E1,1.1232382,1.0983058
ADAM29,1.1232382,1.0983058
ZNF776,1.1232382,1.0983058
ZNF319,1.1232382,1.0983058
SFRP4,1.1232382,1.0983058
CRYBA1,1.1232382,1.0983058
LRRC24,1.1232382,1.0983058
ZNF398,1.1232382,1.0983058
ZNF30,1.1232382,1.0983058
MVB12B,1.1232382,1.0983058
DTX2,1.1232382,1.0983058
TRIM65,1.1232382,1.0983058
FAAH2,1.1232382,1.0983058
ZBTB25,1.1232382,1.0983058
CETP,1.1232382,1.0983058
SLC39A4,1.1232382,1.0983058
SLC17A3,1.1232382,1.0983058
DEDD,1.1232382,1.0983058
LRRN4,1.1232382,1.0983058
CDK5,1.1232382,1.0983058
G6PC2,1.1232382,1.0983058
APOBEC3D,1.1232382,1.0983058
SOX12,1.1232382,1.0983058
TFB1M,1.1232382,1.0983058
ADCY1,1.1232382,1.0983058
HSD17B8,1.1232382,1.0983058
LRRC23,1.1232382,1.0983058
ST3GAL5,1.1232382,1.0983058
RFC3,1.1232382,1.0983058
METTL2A,1.1232382,1.0983058
ACY3,1.1232382,1.0983058
SVOP,1.1232382,1.0983058
SLC39A13,1.1232382,1.0983058
NIPSNAP2,1.1232382,1.0983058
ROM1,1.1232382,1.0983058
RAB8A,1.1232382,1.0983058
ST8SIA5,1.1232382,1.0983058
TMEM198,1.1232382,1.0983058
RMND1,1.1232382,1.0983058
ZNF652,1.1232382,1.0983058
MAGED2,1.1232382,1.0983058
TRMT2B,1.1232382,1.0983058
VKORC1L1,1.1232382,1.0983058
GDF2,1.1232382,1.0983058
IFT57,1.1232382,1.0983058
FOXD2,1.1232382,1.0983058
TSG101,1.1232382,1.0983058
ARHGAP1,1.1232382,1.0983058
CKAP2L,1.1232382,1.0983058
POT1,1.1232382,1.0983058
OLA1,1.1232382,1.0983058
SDF2L1,1.1232382,1.0983058
NPFFR2,1.1232382,1.0983058
DNASE2B,1.1232382,1.0983058
DEGS2,1.1232382,1.0983058
KRR1,1.1232382,1.0983058
ZNF35,1.1232382,1.0983058
HAPLN2,1.1232382,1.0983058
RS1,1.1232382,1.0983058
CENPN,1.1232382,1.0983058
ZSCAN25,1.1232382,1.0983058
EFNA3,1.1232382,1.0983058
RBMS3,1.1232382,1.0983058
TESPA1,1.1232382,1.0983058
TENT5B,1.1232382,1.0983058
BTN2A2,1.1232382,1.0983058
CARNMT1,1.1232382,1.0983058
UTP11,1.1232382,1.0983058
APOA5,1.1232382,1.0983058
NDE1,1.1232382,1.0983058
SLC46A1,1.1232382,1.0983058
ZNF23,1.1232382,1.0983058
CSNK1A1,1.1232382,1.0983058
RABEPK,1.1232382,1.0983058
TBC1D32,1.1232382,1.0983058
CD5,1.1232382,1.0983058
TRABD2A,1.1232382,1.0983058
RRP8,1.1232382,1.0983058
E2F3,1.1232382,1.0983058
ABHD8,1.1232382,1.0983058
TCTE1,1.1232382,1.0983058
SPAG4,1.1232382,1.0983058
HOXB8,1.1232382,1.0983058
CLYBL,1.1232382,1.0983058
BCL6B,1.1232382,1.0983058
IGLON5,1.1232382,1.0983058
RAB5B,1.1232382,1.0983058
AASS,1.1232382,1.0983058
SFXN5,1.1232382,1.0983058
DMRTA1,1.1232382,1.0983058
CALR,1.1232382,1.0983058
CSNK1G2,1.1232382,1.0983058
DUSP4,1.1232382,1.0983058
PDIA3,1.1232382,1.0983058
PACSIN1,1.1232382,1.0983058
ANKRD33,1.1232382,1.0983058
GTF2B,1.1232382,1.0983058
NPTN,1.1232382,1.0983058
TBC1D22A,1.1232382,1.0983058
SCTR,1.1232382,1.0983058
ZDHHC3,1.1232382,1.0983058
NECAB3,1.1232382,1.0983058
SLC25A51,1.1232382,1.0983058
ARL8A,1.1232382,1.0983058
GAK,1.1232382,1.0983058
STK19,1.1232382,1.0983058
MYOZ3,1.1232382,1.0983058
ZNF540,1.1232382,1.0983058
ZNF233,1.1232382,1.0983058
POLR2F,1.1232382,1.0983058
EMC3,1.1232382,1.0983058
SHBG,1.1232382,1.0983058
WDR47,1.1232382,1.0983058
TLE6,1.1232382,1.0983058
SUPT3H,1.1232382,1.0983058
ARFIP1,1.1232382,1.0983058
SNPH,1.1232382,1.0983058
C9orf43,1.1232382,1.0983058
MAPK1,1.1232382,1.0983058
ZNF300,1.1232382,1.0983058
B3GAT2,1.1232382,1.0983058
CPA5,1.1232382,1.0983058
KDM4E,1.1232382,1.0983058
SH2D2A,1.1232382,1.0983058
ZFPL1,1.1232382,1.0983058
HOXB13,1.1232382,1.0983058
FAM83C,1.1232382,1.0983058
CYBA,1.1232382,1.0983058
ABRA,1.1232382,1.0983058
SERINC3,1.1232382,1.0983058
BACE2,1.1232382,1.0983058
KPRP,1.1232382,1.0983058
TNIP3,1.1232382,1.0983058
WDR92,1.1232382,1.0983058
OPRK1,1.1232382,1.0983058
GLMN,1.1232382,1.0983058
AGT,1.1232382,1.0983058
SMAP1,1.1232382,1.0983058
GCH1,1.1232382,1.0983058
ZSCAN21,1.1232382,1.0983058
RRAGD,1.1232382,1.0983058
USP9X,1.1232382,1.0983058
POMC,1.1232382,1.0983058
C11orf96,1.1232382,1.0983058
ADGRB1,1.1232382,1.0983058
ZNF526,1.1232382,1.0983058
SLC30A3,1.1232382,1.0983058
PRMT3,1.1232382,1.0983058
CCDC86,1.1232382,1.0983058
UBE2J1,1.1232382,1.0983058
SOX21,1.1232382,1.0983058
C8orf34,1.1232382,1.0983058
B4GALT5,1.1232382,1.0983058
CCDC137,1.1232382,1.0983058
NHLRC3,1.1232382,1.0983058
SERPINE1,1.1232382,1.0983058
CREB3L2,1.1232382,1.0983058
ST3GAL2,1.1232382,1.0983058
PCYT1B,1.1232382,1.0983058
ASB5,1.1232382,1.0983058
POU5F1B,1.1232382,1.0983058
NECAP2,1.1232382,1.0983058
RBP4,1.1232382,1.0983058
MPV17,1.1232382,1.0983058
GAS2,1.1232382,1.0983058
GABPB2,1.1232382,1.0983058
RPL18A,1.1232382,1.0983058
OGFRL1,1.1232382,1.0983058
FAM124A,1.1232382,1.0983058
COQ5,1.1232382,1.0983058
GZMB,1.1232382,1.0983058
IL23R,1.1232382,1.0983058
AGK,1.1232382,1.0983058
SLC46A2,1.1232382,1.0983058
NPHS1,1.1232382,1.0983058
PCDHB8,1.1232382,1.0983058
ZNF648,1.1232382,1.0983058
CLUAP1,1.1232382,1.0983058
KBTBD13,1.1232382,1.0983058
SLC16A2,1.1232382,1.0983058
PGGT1B,1.1232382,1.0983058
PSMD8,1.1232382,1.0983058
WIPF2,1.1232382,1.0983058
MFSD9,1.1232382,1.0983058
THOC6,1.1232382,1.0983058
EXTL2,1.1232382,1.0983058
CWC27,1.1232382,1.0983058
ADK,1.1232382,1.0983058
B4GALT6,1.1232382,1.0983058
CAP2,1.1232382,1.0983058
CERS1,1.1232382,1.0983058
LANCL1,1.1232382,1.0983058
VWA1,1.1232382,1.0983058
REEP3,1.1232382,1.0983058
DIRC2,1.1232382,1.0983058
TMOD2,1.1232382,1.0983058
GPR142,1.1232382,1.0983058
STAC,1.1232382,1.0983058
TAB1,1.1232382,1.0983058
PNMA3,1.1232382,1.0983058
GNPTG,1.1232382,1.0983058
PAQR6,1.1232382,1.0983058
C11orf49,1.1232382,1.0983058
SKAP1,1.1232382,1.0983058
TCEA2,1.1232382,1.0983058
FBXO44,1.1232382,1.0983058
GAL3ST3,1.1232382,1.0983058
SASH3,1.1232382,1.0983058
ATXN10,1.1232382,1.0983058
LACTB,1.1232382,1.0983058
SFXN1,1.1232382,1.0983058
PEX3,1.1232382,1.0983058
FBXO28,1.1232382,1.0983058
IRX1,1.1232382,1.0983058
GPR137B,1.1232382,1.0983058
ARG1,1.1232382,1.0983058
RNF219,1.1232382,1.0983058
TEX9,1.1232382,1.0983058
P4HB,1.1232382,1.0983058
ANKRD54,1.1232382,1.0983058
CDC7,1.1232382,1.0983058
LPO,1.1232382,1.0983058
TRAPPC4,1.1232382,1.0983058
ZNF836,1.1232382,1.0983058
SMS,1.1232382,1.0983058
CALCRL,1.1232382,1.0983058
TRMT11,1.1232382,1.0983058
SRSF2,1.1232382,1.0983058
IKZF3,1.1232382,1.0983058
ZKSCAN4,1.1232382,1.0983058
ZBTB22,1.1232382,1.0983058
GBGT1,1.1232382,1.0983058
TRIM58,1.1232382,1.0983058
PLOD2,1.1232382,1.0983058
KCTD8,1.1232382,1.0983058
CIAO1,1.1232382,1.0983058
AGA,1.1232382,1.0983058
ADAM2,1.1232382,1.0983058
RFC2,1.1232382,1.0983058
MBOAT4,1.1232382,1.0983058
SMYD5,1.1232382,1.0983058
ST6GALNAC6,1.1232382,1.0983058
STK17A,1.1232382,1.0983058
SLC8A1,1.1232382,1.0983058
SPATA6,1.1232382,1.0983058
RPL10L,1.1232382,1.0983058
ZNF573,1.1232382,1.0983058
FGF3,1.1232382,1.0983058
RDH11,1.1232382,1.0983058
ZNF385A,1.1232382,1.0983058
DUSP1,1.1232382,1.0983058
CUTC,1.1232382,1.0983058
SYT11,1.1232382,1.0983058
SDE2,1.1232382,1.0983058
FICD,1.1232382,1.0983058
B4GALT4,1.1232382,1.0983058
ITGA5,1.1232382,1.0983058
PPP2CA,1.1232382,1.0983058
SLC39A14,1.1232382,1.0983058
SLC16A3,1.1232382,1.0983058
FAM83F,1.1232382,1.0983058
PRKCB,1.1232382,1.0983058
CCDC120,1.1232382,1.0983058
NT5C3B,1.1232382,1.0983058
NECAB2,1.1232382,1.0983058
POU1F1,1.1232382,1.0983058
PRKACA,1.1232382,1.0983058
SIRT2,1.1232382,1.0983058
NR1H2,1.1232382,1.0983058
HSPB1,1.1232382,1.0983058
INPP5D,1.1232382,1.0983058
NSUN6,1.1232382,1.0983058
SLC16A9,1.1232382,1.0983058
AP5B1,1.1232382,1.0983058
SNX5,1.1232382,1.0983058
ECH1,1.1232382,1.0983058
MYLK2,1.1232382,1.0983058
NKX2-4,1.1232382,1.0983058
TRADD,1.1232382,1.0983058
FAM98C,1.1232382,1.0983058
HOXA5,1.1232382,1.0983058
GRSF1,1.1232382,1.0983058
NOSIP,1.1232382,1.0983058
RIOK1,1.1232382,1.0983058
PIP4P2,1.1232382,1.0983058
MROH1,1.1232382,1.0983058
GJD4,1.1232382,1.0983058
HMX2,1.1232382,1.0983058
EFCAB14,1.1232382,1.0983058
SERPING1,1.1232382,1.0983058
PROZ,1.1232382,1.0983058
FCRL4,1.1232382,1.0983058
DDI1,1.1232382,1.0983058
UGT2B10,1.1232382,1.0983058
CCDC82,1.1232382,1.0983058
PRTFDC1,1.1232382,1.0983058
ZNF671,1.1232382,1.0983058
VCAM1,1.1232382,1.0983058
SCAP,1.1232382,1.0983058
UBXN4,1.1232382,1.0983058
BTBD18,1.1232382,1.0983058
TNFRSF11B,1.1232382,1.0983058
CEP72,1.1232382,1.0983058
IRGQ,1.1232382,1.0983058
LIPA,1.1232382,1.0983058
TSN,1.1232382,1.0983058
TEKT2,1.1232382,1.0983058
ZSWIM3,1.1232382,1.0983058
FAM155A,1.1232382,1.0983058
DOCK5,1.1232382,1.0983058
FAM131A,1.1232382,1.0983058
ASRGL1,1.1232382,1.0983058
NIF3L1,1.1232382,1.0983058
FBXL7,1.1232382,1.0983058
HOXA1,1.1232382,1.0983058
KCTD13,1.1232382,1.0983058
TRIM10,1.1232382,1.0983058
GSX1,1.1232382,1.0983058
DCPS,1.1232382,1.0983058
ACOT4,1.1232382,1.0983058
KIAA1328,1.1232382,1.0983058
PLPPR5,1.1232382,1.0983058
TEDC2,1.1232382,1.0983058
TMEFF2,1.1232382,1.0983058
METTL1,1.1232382,1.0983058
HSD17B14,1.1232382,1.0983058
STAR,1.1232382,1.0983058
WWC3,1.1232382,1.0983058
CD82,1.1232382,1.0983058
PARVB,1.1232382,1.0983058
UTP18,1.1232382,1.0983058
TC2N,1.1232382,1.0983058
SLC6A17,1.1232382,1.0983058
CYP2F1,1.1232382,1.0983058
ACIN1,1.1232382,1.0983058
CRTC1,1.1232382,1.0983058
ING5,1.1232382,1.0983058
SLC41A2,1.1232382,1.0983058
XKR8,1.1232382,1.0983058
CCDC60,1.1232382,1.0983058
TAF5,1.1232382,1.0983058
BHMT,1.1232382,1.0983058
PEX16,1.1232382,1.0983058
C1QTNF1,1.1232382,1.0983058
SERPINB6,1.1232382,1.0983058
MAP6,1.1232382,1.0983058
FAM49B,1.1232382,1.0983058
FOXE1,1.1232382,1.0983058
KCNIP2,1.1232382,1.0983058
ZDHHC1,1.1232382,1.0983058
CEP78,1.1232382,1.0983058
MGME1,1.1232382,1.0983058
HOXA2,1.1232382,1.0983058
SGK494,1.1232382,1.0983058
RUSC2,1.1232382,1.0983058
RSPO2,1.1232382,1.0983058
ZBTB3,1.1232382,1.0983058
NELFA,1.1232382,1.0983058
LILRB5,1.1232382,1.0983058
DMRT3,1.1232382,1.0983058
HTR7,1.1232382,1.0983058
HYLS1,1.1232382,1.0983058
WSB2,1.1232382,1.0983058
DHRS7,1.1232382,1.0983058
TGDS,1.1232382,1.0983058
RNPEPL1,1.1232382,1.0983058
ZNF782,1.1232382,1.0983058
SLC35F6,1.1232382,1.0983058
DMRT2,1.1232382,1.0983058
HMG20B,1.1232382,1.0983058
ERG,1.1232382,1.0983058
OXTR,1.1232382,1.0983058
SLC24A5,1.1232382,1.0983058
DENND3,1.1232382,1.0983058
SLC36A1,1.1232382,1.0983058
NAMPT,1.1232382,1.0983058
HSPBAP1,1.1232382,1.0983058
SRR,1.1232382,1.0983058
CATSPER3,1.1232382,1.0983058
INHBE,1.1232382,1.0983058
ARRB1,1.1232382,1.0983058
PSKH1,1.1232382,1.0983058
FOXR1,1.1232382,1.0983058
RNF175,1.1232382,1.0983058
SLC16A4,1.1232382,1.0983058
OPHN1,1.1232382,1.0983058
TENT5A,1.1232382,1.0983058
GATA1,1.1232382,1.0983058
PLEKHO2,1.1232382,1.0983058
MIER3,1.1232382,1.0983058
REPS2,1.1232382,1.0983058
RIMKLB,1.1232382,1.0983058
TSPAN15,1.1232382,1.0983058
C1QTNF2,1.1232382,1.0983058
PLPP1,1.1232382,1.0983058
SAE1,1.1232382,1.0983058
DAW1,1.1232382,1.0983058
FEN1,1.1232382,1.0983058
STK32A,1.1232382,1.0983058
STXBP4,1.1232382,1.0983058
BTNL9,1.1232382,1.0983058
SERINC1,1.1232382,1.0983058
ASCC1,1.1232382,1.0983058
LOXHD1,1.1232382,1.0983058
G6PC3,1.1232382,1.0983058
MOB3C,1.1232382,1.0983058
ATP6V0D1,1.1232382,1.0983058
UBXN7,1.1232382,1.0983058
DRD3,1.1232382,1.0983058
DYNC1LI2,1.1232382,1.0983058
BRD1,1.1232382,1.0983058
PCDHB3,1.1232382,1.0983058
HHEX,1.1232382,1.0983058
CREB5,1.1232382,1.0983058
CELF5,1.1232382,1.0983058
NEUROD6,1.1232382,1.0983058
ENPP1,1.1232382,1.0983058
FRYL,1.1232382,1.0983058
ZNF264,1.1232382,1.0983058
SLC30A1,1.1232382,1.0983058
ST6GAL2,1.1232382,1.0983058
HAPLN1,1.1232382,1.0983058
SAMD14,1.1232382,1.0983058
ENPP4,1.1232382,1.0983058
P3H4,1.1232382,1.0983058
MAP7D3,1.1232382,1.0983058
STAC3,1.1232382,1.0983058
ZNF527,1.1232382,1.0983058
EMX1,1.1232382,1.0983058
SH3D21,1.1232382,1.0983058
RGPD4,1.1232382,1.0983058
MTCH2,1.1232382,1.0983058
CTSE,1.1232382,1.0983058
ZNF277,1.1232382,1.0983058
TRIM4,1.1232382,1.0983058
RPAP1,1.1232382,1.0983058
VHL,1.1232382,1.0983058
AZIN2,1.1232382,1.0983058
RAB11A,1.1232382,1.0983058
ARSB,1.1232382,1.0983058
TTC21B,1.1232382,1.0983058
ZNF132,1.1232382,1.0983058
TAF9,1.1232382,1.0983058
GALNTL5,1.1232382,1.0983058
B3GNT6,1.1232382,1.0983058
NXPE3,1.1232382,1.0983058
UNC93A,1.1232382,1.0983058
SPATA7,1.1232382,1.0983058
METTL22,1.1232382,1.0983058
DRGX,1.1232382,1.0983058
KIF25,1.1232382,1.0983058
GCM1,1.1232382,1.0983058
TCERG1L,1.1232382,1.0983058
RPS2,1.1232382,1.0983058
MYCL,1.1232382,1.0983058
MAN2A1,1.1232382,1.0983058
LIG1,1.1232382,1.0983058
ZNF675,1.1232382,1.0983058
APOE,1.1232382,1.0983058
NDUFA13,1.1232382,1.0983058
LINGO4,1.1232382,1.0983058
CACNG2,1.1232382,1.0983058
RASSF1,1.1232382,1.0983058
ZNF829,1.1232382,1.0983058
CDK20,1.1232382,1.0983058
POLE2,1.1232382,1.0983058
UBE2Q2,1.1232382,1.0983058
IKZF4,1.1232382,1.0983058
HOXC10,1.1232382,1.0983058
RNF2,1.1232382,1.0983058
TXNDC16,1.1232382,1.0983058
NKPD1,1.1232382,1.0983058
HSF5,1.1232382,1.0983058
VRK3,1.1232382,1.0983058
ZNF33B,1.1232382,1.0983058
HOXB1,1.1232382,1.0983058
NMNAT3,1.1232382,1.0983058
ENPP5,1.1232382,1.0983058
DAB1,1.1232382,1.0983058
GFAP,1.1232382,1.0983058
OGFOD2,1.1232382,1.0983058
CADM3,1.1232382,1.0983058
MECR,1.1232382,1.0983058
DDB2,1.1232382,1.0983058
BCKDK,1.1232382,1.0983058
PDE5A,1.1232382,1.0983058
FIBP,1.1232382,1.0983058
CELA2A,1.1232382,1.0983058
GBX1,1.1232382,1.0983058
TOR2A,1.1232382,1.0983058
RAD51D,1.1232382,1.0983058
GRWD1,1.1232382,1.0983058
SLC25A21,1.1232382,1.0983058
TBP,1.1232382,1.0983058
RAB39A,1.1232382,1.0983058
ABHD12,1.1232382,1.0983058
PRSS35,1.1232382,1.0983058
VIT,1.1232382,1.0983058
RETREG3,1.1232382,1.0983058
SPOCK1,1.1232382,1.0983058
VMP1,1.1232382,1.0983058
USP20,1.1232382,1.0983058
PLEKHA2,1.1232382,1.0983058
UST,1.1232382,1.0983058
CTSS,1.1232382,1.0983058
TUBB6,1.1232382,1.0983058
STX3,1.1232382,1.0983058
SSBP4,1.1232382,1.0983058
DRD5,1.1232382,1.0983058
HRC,1.1232382,1.0983058
KDELC2,1.1232382,1.0983058
ZNF613,1.1232382,1.0983058
C2orf78,1.1232382,1.0983058
PIGS,1.1232382,1.0983058
KLHDC9,1.1232382,1.0983058
FOXD4,1.1232382,1.0983058
CASC4,1.1232382,1.0983058
GOPC,1.1232382,1.0983058
CRELD2,1.1232382,1.0983058
C7orf31,1.1232382,1.0983058
PRDM7,1.1232382,1.0983058
NFKBIE,1.1232382,1.0983058
CYFIP1,1.1232382,1.0983058
EI24,1.1232382,1.0983058
PPM1A,1.1232382,1.0983058
ABHD2,1.1232382,1.0983058
DLX6,1.1232382,1.0983058
UFSP2,1.1232382,1.0983058
EFNB2,1.1232382,1.0983058
VRK1,1.1232382,1.0983058
ZNF471,1.1232382,1.0983058
FBXL6,1.1232382,1.0983058
NSDHL,1.1232382,1.0983058
CTD-3088G3.8,1.1232382,1.0983058
REEP2,1.1232382,1.0983058
GPR61,1.1232382,1.0983058
CNOT9,1.1232382,1.0983058
ANKRD16,1.1232382,1.0983058
METTL4,1.1232382,1.0983058
NKX6-2,1.1232382,1.0983058
EHF,1.1232382,1.0983058
CTSW,1.1232382,1.0983058
RAPGEFL1,1.1232382,1.0983058
TACR3,1.1232382,1.0983058
PPP1R15B,1.1232382,1.0983058
ZNF766,1.1232382,1.0983058
MTG2,1.1232382,1.0983058
MMP21,1.1232382,1.0983058
ATP6AP1,1.1232382,1.0983058
WDSUB1,1.1232382,1.0983058
LMAN2,1.1232382,1.0983058
UGT2A3,1.1232382,1.0983058
RP11-723O4.6,1.1232382,1.0983058
IFI16,1.1232382,1.0983058
FSD1,1.1232382,1.0983058
TRIM47,1.1232382,1.0983058
FMO2,1.1232382,1.0983058
CDC6,1.1232382,1.0983058
RNPC3,1.1232382,1.0983058
C1QTNF9B,1.1232382,1.0983058
ZNF449,1.1232382,1.0983058
GABPB1,1.1232382,1.0983058
BOC,1.1232382,1.0983058
TMCO6,1.1232382,1.0983058
RNMT,1.1232382,1.0983058
MPST,1.1232382,1.0983058
FAM92A,1.1232382,1.0983058
ATF7,1.1232382,1.0983058
PROSER3,1.1232382,1.0983058
HOXB2,1.1232382,1.0983058
FN3K,1.1232382,1.0983058
GSG1L,1.1232382,1.0983058
MRM3,1.1232382,1.0983058
ZNF324,1.1232382,1.0983058
RIT1,1.1232382,1.0983058
CYP20A1,1.1232382,1.0983058
TANK,1.1232382,1.0983058
CAMK1G,1.1232382,1.0983058
MYH11,1.1232382,1.0983058
AFM,1.1232382,1.0983058
GPN3,1.1232382,1.0983058
GPRASP2,1.1232382,1.0983058
HMCES,1.1232382,1.0983058
CSRNP2,1.1232382,1.0983058
DDX53,1.1232382,1.0983058
NAPG,1.1232382,1.0983058
SH3GLB2,1.1232382,1.0983058
ABHD3,1.1232382,1.0983058
FDPS,1.1232382,1.0983058
RPL7,1.1232382,1.0983058
CFHR4,1.1232382,1.0983058
ACTRT2,1.1232382,1.0983058
CPN1,1.1232382,1.0983058
HOMER1,1.1232382,1.0983058
FASTKD2,1.1232382,1.0983058
MCMDC2,1.1232382,1.0983058
RIBC1,1.1232382,1.0983058
DNAAF4,1.1232382,1.0983058
SIGIRR,1.1232382,1.0983058
AKAP8,1.1232382,1.0983058
ANGPTL4,1.1232382,1.0983058
UGP2,1.1232382,1.0983058
PRPS1,1.1232382,1.0983058
RFFL,1.1232382,1.0983058
ZNF746,1.1232382,1.0983058
GET4,1.1232382,1.0983058
MARCH1,1.1232382,1.0983058
KIAA1586,1.1232382,1.0983058
BBS1,1.1232382,1.0983058
MED26,1.1232382,1.0983058
TRPV6,1.1232382,1.0983058
PARP3,1.1232382,1.0983058
GPR108,1.1232382,1.0983058
CYP7A1,1.1232382,1.0983058
PITPNM3,1.1232382,1.0983058
MEX3A,1.1232382,1.0983058
SHOC2,1.1232382,1.0983058
CEP152,1.1232382,1.0983058
FAM198A,1.1232382,1.0983058
SMPD2,1.1232382,1.0983058
CPB1,1.1232382,1.0983058
PSTPIP2,1.1232382,1.0983058
TBRG1,1.1232382,1.0983058
TTLL10,1.1232382,1.0983058
KDM4D,1.1232382,1.0983058
CWC25,1.1232382,1.0983058
MUM1L1,1.1232382,1.0983058
SRSF5,1.1232382,1.0983058
TMEM237,1.1232382,1.0983058
POGK,1.1232382,1.0983058
ACBD5,1.1232382,1.0983058
WASF3,1.1232382,1.0983058
GFRA1,1.1232382,1.0983058
TMEM184C,1.1232382,1.0983058
DBT,1.1232382,1.0983058
POFUT1,1.1232382,1.0983058
ATPAF2,1.1232382,1.0983058
PDK4,1.1232382,1.0983058
MIIP,1.1232382,1.0983058
TCAIM,1.1232382,1.0983058
RAB11B,1.1232382,1.0983058
TMEM231,1.1232382,1.0983058
LGALS3BP,1.1232382,1.0983058
CAPNS1,1.1232382,1.0983058
EIF2S2,1.1232382,1.0983058
PIGW,1.1232382,1.0983058
FBXO34,1.1232382,1.0983058
ZNF567,1.1232382,1.0983058
AMDHD1,1.1232382,1.0983058
ATG4D,1.1232382,1.0983058
TNNI1,1.1232382,1.0983058
C17orf47,1.1232382,1.0983058
THBD,1.1232382,1.0983058
UTP14C,1.1232382,1.0983058
OXSM,1.1232382,1.0983058
SLX4,1.1232382,1.0983058
NIPSNAP1,1.1232382,1.0983058
LMBRD1,1.1232382,1.0983058
AMN,1.1232382,1.0983058
LRRTM1,1.1232382,1.0983058
SLC25A40,1.1232382,1.0983058
SLC25A33,1.1232382,1.0983058
PRPSAP2,1.1232382,1.0983058
NKX3-2,1.1232382,1.0983058
HTR2A,1.1232382,1.0983058
PRDM4,1.1232382,1.0983058
TMEM79,1.1232382,1.0983058
ZNF786,1.1232382,1.0983058
MTDH,1.1232382,1.0983058
TMPRSS11E,1.1232382,1.0983058
ZSCAN31,1.1232382,1.0983058
HYI,1.1232382,1.0983058
DNAJC18,1.1232382,1.0983058
MCM3AP,1.1232382,1.0983058
TRIB3,1.1232382,1.0983058
LRRD1,1.1232382,1.0983058
FAM50A,1.1232382,1.0983058
PI4K2B,1.1232382,1.0983058
CASP2,1.1232382,1.0983058
MVD,1.1232382,1.0983058
ZBED5,1.1232382,1.0983058
STK32B,1.1232382,1.0983058
NAPA,1.1232382,1.0983058
TRMT13,1.1232382,1.0983058
CES1,1.1232382,1.0983058
DAB2,1.1232382,1.0983058
ZNF808,1.1232382,1.0983058
OPN4,1.1232382,1.0983058
GPR149,1.1232382,1.0983058
FOXI1,1.1232382,1.0983058
PCDHB16,1.1232382,1.0983058
CD36,1.1232382,1.0983058
RAB6A,1.1232382,1.0983058
WIF1,1.1232382,1.0983058
RNF180,1.1232382,1.0983058
GABPA,1.1232382,1.0983058
MLIP,1.1232382,1.0983058
SYT6,1.1232382,1.0983058
HOXA10,1.1232382,1.0983058
B3GALT2,1.1232382,1.0983058
TICAM1,1.1232382,1.0983058
SLC39A5,1.1232382,1.0983058
CACNG8,1.1232382,1.0983058
NIPAL1,1.1232382,1.0983058
ZNF653,1.1232382,1.0983058
RELT,1.1232382,1.0983058
FHOD3,1.1232382,1.0983058
CCDC102B,1.1232382,1.0983058
SASS6,1.1232382,1.0983058
CHMP7,1.1232382,1.0983058
FBXO46,1.1232382,1.0983058
RPRD1B,1.1232382,1.0983058
PCDHB10,1.1232382,1.0983058
ACAT2,1.1232382,1.0983058
CARD9,1.1232382,1.0983058
B3GNTL1,1.1232382,1.0983058
MMP13,1.1232382,1.0983058
ZNF77,1.1232382,1.0983058
NDRG2,1.1232382,1.0983058
HOXB9,1.1232382,1.0983058
RAB5C,1.1232382,1.0983058
HRH3,1.1232382,1.0983058
HTR1A,1.1232382,1.0983058
FAM227B,1.1232382,1.0983058
CENPT,1.1232382,1.0983058
IP6K1,1.1232382,1.0983058
CTSH,1.1232382,1.0983058
STAG1,1.1232382,1.0983058
CRK,1.1232382,1.0983058
TACR1,1.1232382,1.0983058
KM-PA-2,1.1232382,1.0983058
HSD11B1L,1.1232382,1.0983058
FUT7,1.1232382,1.0983058
GFRA2,1.1232382,1.0983058
TMEM120B,1.1232382,1.0983058
GLYCTK,1.1232382,1.0983058
PTPN3,1.1232382,1.0983058
TFG,1.1232382,1.0983058
NLRP1,1.1232382,1.0983058
CDC25A,1.1232382,1.0983058
SH3GL2,1.1232382,1.0983058
GADL1,1.1232382,1.0983058
RSRC1,1.1232382,1.0983058
CLDN16,1.1232382,1.0983058
SEPT2,1.1232382,1.0983058
CYLD,1.1232382,1.0983058
HACD3,1.1232382,1.0983058
PIK3R6,1.1232382,1.0983058
LAG3,1.1232382,1.0983058
ZNF207,1.1232382,1.0983058
RNF170,1.1232382,1.0983058
CAGE1,1.1232382,1.0983058
ZNF672,1.1232382,1.0983058
CCDC62,1.1232382,1.0983058
RAB15,1.1232382,1.0983058
CERKL,1.1232382,1.0983058
HIF1AN,1.1232382,1.0983058
LRIT1,1.1232382,1.0983058
NBEA,1.1232382,1.0983058
SLC46A3,1.1232382,1.0983058
ZDHHC23,1.1232382,1.0983058
AURKB,1.1232382,1.0983058
GJB6,1.1232382,1.0983058
ZKSCAN3,1.1232382,1.0983058
ISLR2,1.1232382,1.0983058
PIGZ,1.1232382,1.0983058
RAB26,1.1232382,1.0983058
SLC13A5,1.1232382,1.0983058
TCP11L2,1.1232382,1.0983058
FAHD2A,1.1232382,1.0983058
RAB25,1.1232382,1.0983058
RRP36,1.1232382,1.0983058
EPHX2,1.1232382,1.0983058
METTL25,1.1232382,1.0983058
PXYLP1,1.1232382,1.0983058
AGMAT,1.1232382,1.0983058
PSMD13,1.1232382,1.0983058
STAG3,1.1232382,1.0983058
PPP1CC,1.1232382,1.0983058
SCRN2,1.1232382,1.0983058
PPP1R15A,1.1232382,1.0983058
SLC16A5,1.1232382,1.0983058
PCYOX1,1.1232382,1.0983058
DPYSL3,1.1232382,1.0983058
NTF3,1.1232382,1.0983058
PNPO,1.1232382,1.0983058
ELF2,1.1232382,1.0983058
XK,1.1232382,1.0983058
TNIP2,1.1232382,1.0983058
DLX5,1.1232382,1.0983058
AQP3,1.1232382,1.0983058
RDH10,1.1232382,1.0983058
FAM49A,1.1232382,1.0983058
ARAF,1.1232382,1.0983058
ATP9A,1.1232382,1.0983058
PASD1,1.1232382,1.0983058
ZNF582,1.1232382,1.0983058
HTATSF1,1.1232382,1.0983058
RINL,1.1232382,1.0983058
TRMT5,1.1232382,1.0983058
KIAA2012,1.1232382,1.0983058
SMC6,1.1232382,1.0983058
PIAS4,1.1232382,1.0983058
LSM14A,1.1232382,1.0983058
FSCN1,1.1232382,1.0983058
CASS4,1.1232382,1.0983058
REXO5,1.1232382,1.0983058
ZNF365,1.1232382,1.0983058
SLC16A8,1.1232382,1.0983058
HAO2,1.1232382,1.0983058
IL1RAPL2,1.1232382,1.0983058
MYOT,1.1232382,1.0983058
DCAF8L1,1.1232382,1.0983058
CLVS2,1.1232382,1.0983058
ENO4,1.1232382,1.0983058
WEE2,1.1232382,1.0983058
BHLHE23,1.1232382,1.0983058
ARHGAP40,1.1232382,1.0983058
NIPA1,1.1232382,1.0983058
MTHFSD,1.1232382,1.0983058
SYNC,1.1232382,1.0983058
GBP5,1.1232382,1.0983058
EDNRA,1.1232382,1.0983058
APOBEC3F,1.1232382,1.0983058
ZNF704,1.1232382,1.0983058
CLIC5,1.1232382,1.0983058
BAIAP2L2,1.1232382,1.0983058
UBIAD1,1.1232382,1.0983058
LRRC43,1.1232382,1.0983058
CAST,1.1232382,1.0983058
ZNF24,1.1232382,1.0983058
PRMT1,1.1232382,1.0983058
FBXO5,1.1232382,1.0983058
GBP4,1.1232382,1.0983058
ELF3,1.1232382,1.0983058
R3HCC1L,1.1232382,1.0983058
SCN1B,1.1232382,1.0983058
PLEKHB2,1.1232382,1.0983058
ZNF397,1.1232382,1.0983058
ATP6V1A,1.1232382,1.0983058
DSEL,1.1232382,1.0983058
SMOC1,1.1232382,1.0983058
SEMA6C,1.1232382,1.0983058
UCP1,1.1232382,1.0983058
GP6,1.1232382,1.0983058
ASAP2,1.1232382,1.0983058
MYD88,1.1232382,1.0983058
RBMS1,1.1232382,1.0983058
NYX,1.1232382,1.0983058
CCDC185,1.1232382,1.0983058
PITPNC1,1.1232382,1.0983058
CACNB2,1.1232382,1.0983058
LASP1,1.1232382,1.0983058
BROX,1.1232382,1.0983058
RAE1,1.1232382,1.0983058
HAPLN4,1.1232382,1.0983058
ZNF283,1.1232382,1.0983058
SHB,1.1232382,1.0983058
ANGPT4,1.1232382,1.0983058
NOC4L,1.1232382,1.0983058
STRN,1.1232382,1.0983058
TRAM1,1.1232382,1.0983058
ZNF665,1.1232382,1.0983058
TAPBPL,1.1232382,1.0983058
GJD3,1.1232382,1.0983058
EIF3E,1.1232382,1.0983058
ERICH6,1.1232382,1.0983058
LMOD3,1.1232382,1.0983058
CYP3A7,1.1232382,1.0983058
RHO,1.1232382,1.0983058
DBNL,1.1232382,1.0983058
ATP6V1D,1.1232382,1.0983058
IRAK3,1.1232382,1.0983058
FAM222B,1.1232382,1.0983058
ZNF394,1.1232382,1.0983058
UBR1,1.1232382,1.0983058
EHBP1L1,1.1232382,1.0983058
WAPL,1.1232382,1.0983058
KLHDC7B,1.1232382,1.0983058
HOXA4,1.1232382,1.0983058
HIRIP3,1.1232382,1.0983058
ZNF750,1.1232382,1.0983058
GDF7,1.1232382,1.0983058
ACP5,1.1232382,1.0983058
RHBG,1.1232382,1.0983058
PARP15,1.1232382,1.0983058
CHST10,1.1232382,1.0983058
SLC6A3,1.1232382,1.0983058
TRIM16,1.1232382,1.0983058
RSAD1,1.1232382,1.0983058
ETNK2,1.1232382,1.0983058
FCRL5,1.1232382,1.0983058
NDUFAF6,1.1232382,1.0983058
VSX1,1.1232382,1.0983058
SNRNP40,1.1232382,1.0983058
DHPS,1.1232382,1.0983058
SEPT3,1.1232382,1.0983058
NDUFAF5,1.1232382,1.0983058
MORN1,1.1232382,1.0983058
MMP11,1.1232382,1.0983058
NBEAL2,1.1232382,1.0983058
RMDN2,1.1232382,1.0983058
TSC22D2,1.1232382,1.0983058
ST6GALNAC1,1.1232382,1.0983058
CRTAP,1.1232382,1.0983058
MAP2K3,1.1232382,1.0983058
CDC123,1.1232382,1.0983058
ARAP3,1.1232382,1.0983058
SLC8A3,1.1232382,1.0983058
EYA1,1.1232382,1.0983058
RBAK,1.1232382,1.0983058
SH2B2,1.1232382,1.0983058
RIPK3,1.1232382,1.0983058
TDG,1.1232382,1.0983058
LRIG3,1.1232382,1.0983058
TRAIP,1.1232382,1.0983058
NOG,1.1232382,1.0983058
DNAJC28,1.1232382,1.0983058
CCDC155,1.1232382,1.0983058
ALLC,1.1232382,1.0983058
TRMT12,1.1232382,1.0983058
PGAM1,1.1232382,1.0983058
SBDS,1.1232382,1.0983058
SNX33,1.1232382,1.0983058
SURF1,1.1232382,1.0983058
FAM43A,1.1232382,1.0983058
TMEM184A,1.1232382,1.0983058
PSRC1,1.1232382,1.0983058
SH3GL3,1.1232382,1.0983058
DLX2,1.1232382,1.0983058
NEUROD1,1.1232382,1.0983058
SPATS2L,1.1232382,1.0983058
SQOR,1.1232382,1.0983058
RNF214,1.1232382,1.0983058
TPRA1,1.1232382,1.0983058
SLC18B1,1.1232382,1.0983058
ZACN,1.1232382,1.0983058
ILF2,1.1232382,1.0983058
AQP2,1.1232382,1.0983058
IRAK4,1.1232382,1.0983058
HTR4,1.1232382,1.0983058
M1AP,1.1232382,1.0983058
MARCH4,1.1232382,1.0983058
C6orf222,1.1232382,1.0983058
PDXK,1.1232382,1.0983058
IVL,1.1232382,1.0983058
ECI1,1.1232382,1.0983058
SLC25A36,1.1232382,1.0983058
POLD3,1.1232382,1.0983058
OSGEP,1.1232382,1.0983058
UBR7,1.1232382,1.0983058
CNST,1.1232382,1.0983058
IFRD1,1.1232382,1.0983058
GRM7,1.1232382,1.0983058
ZNF148,1.1232382,1.0983058
ZNF565,1.1232382,1.0983058
MLST8,1.1232382,1.0983058
AP3B1,1.1232382,1.0983058
ZNF614,1.1232382,1.0983058
GLT1D1,1.1232382,1.0983058
ERICH6B,1.1232382,1.0983058
PAX6,1.1232382,1.0983058
MRPL43,1.1232382,1.0983058
SLCO1A2,1.1232382,1.0983058
FOSL1,1.1232382,1.0983058
CD37,1.1232382,1.0983058
CELF1,1.1232382,1.0983058
MDH2,1.1232382,1.0983058
EPM2AIP1,1.1232382,1.0983058
RNF121,1.1232382,1.0983058
QRFPR,1.1232382,1.0983058
CPA3,1.1232382,1.0983058
ZNF607,1.1232382,1.0983058
PCDHB2,1.1232382,1.0983058
NSMCE4A,1.1232382,1.0983058
FUT1,1.1232382,1.0983058
METTL15,1.1232382,1.0983058
ANKRD34A,1.1232382,1.0983058
GRIN3A,1.1232382,1.0983058
FUT11,1.1232382,1.0983058
CLDN10,1.1232382,1.0983058
TEDC1,1.1232382,1.0983058
PACSIN3,1.1232382,1.0983058
ADRA2A,1.1232382,1.0983058
WDFY2,1.1232382,1.0983058
ZNF564,1.1232382,1.0983058
TIAL1,1.1232382,1.0983058
NDUFS3,1.1232382,1.0983058
ADRA2B,1.1232382,1.0983058
GPC3,1.1232382,1.0983058
DCK,1.1232382,1.0983058
WASF2,1.1232382,1.0983058
CRBN,1.1232382,1.0983058
FHL1,1.1232382,1.0983058
RIPK2,1.1232382,1.0983058
GPR137,1.1232382,1.0983058
CYP2C8,1.1232382,1.0983058
GAMT,1.1232382,1.0983058
MCU,1.1232382,1.0983058
CYP39A1,1.1232382,1.0983058
ZNF41,1.1232382,1.0983058
RTCA,1.1232382,1.0983058
ZNF569,1.1232382,1.0983058
SPTAN1,1.1232382,1.0983058
PTGER3,1.1232382,1.0983058
FOXK2,1.1232382,1.0983058
MXRA8,1.1232382,1.0983058
SERINC2,1.1232382,1.0983058
ZNF616,1.1232382,1.0983058
RBM46,1.1232382,1.0983058
ZDHHC6,1.1232382,1.0983058
CLCC1,1.1232382,1.0983058
NAGPA,1.1232382,1.0983058
ZNF528,1.1232382,1.0983058
MRPS30,1.1232382,1.0983058
PTBP1,1.1232382,1.0983058
FLI1,1.1232382,1.0983058
SIGLEC12,1.1232382,1.0983058
TBC1D24,1.1232382,1.0983058
PEX13,1.1232382,1.0983058
POLDIP3,1.1232382,1.0983058
SLC16A7,1.1232382,1.0983058
C17orf53,1.1232382,1.0983058
RIOK2,1.1232382,1.0983058
POLD2,1.1232382,1.0983058
FSD1L,1.1232382,1.0983058
SETD4,1.1232382,1.0983058
CTSD,1.1232382,1.0983058
LILRB3,1.1232382,1.0983058
RAVER1,1.1232382,1.0983058
CCDC141,1.1232382,1.0983058
CHADL,1.1232382,1.0983058
AUH,1.1232382,1.0983058
SLC16A10,1.1232382,1.0983058
SLC28A2,1.1232382,1.0983058
SLC22A10,1.1232382,1.0983058
VPS26B,1.1232382,1.0983058
ITGAL,1.1232382,1.0983058
CHST12,1.1232382,1.0983058
CREB1,1.1232382,1.0983058
TBCB,1.1232382,1.0983058
ADRA1D,1.1232382,1.0983058
YTHDF2,1.1232382,1.0983058
NUDC,1.1232382,1.0983058
KIAA0391,1.1232382,1.0983058
SPOP,1.1232382,1.0983058
MYBPC3,1.1232382,1.0983058
LRRIQ3,1.1232382,1.0983058
ACCSL,1.1232382,1.0983058
CYP3A4,1.1232382,1.0983058
ABLIM3,1.1232382,1.0983058
HRH1,1.1232382,1.0983058
LOXL2,1.1232382,1.0983058
CRYBB1,1.1232382,1.0983058
PRKCE,1.1232382,1.0983058
WNT8A,1.1232382,1.0983058
PRPH2,1.1232382,1.0983058
TMX3,1.1232382,1.0983058
RBM4,1.1232382,1.0983058
CARF,1.1232382,1.0983058
TOX4,1.1232382,1.0983058
EXOSC4,1.1232382,1.0983058
MGAT4C,1.1232382,1.0983058
BAG4,1.1232382,1.0983058
SLC25A4,1.1232382,1.0983058
COL23A1,1.1232382,1.0983058
MNS1,1.1232382,1.0983058
KSR1,1.1232382,1.0983058
RGP1,1.1232382,1.0983058
NUP43,1.1232382,1.0983058
NKX6-1,1.1232382,1.0983058
RBMXL1,1.1232382,1.0983058
CCDC51,1.1232382,1.0983058
PRSS33,1.1232382,1.0983058
ZNF225,1.1232382,1.0983058
SLC25A32,1.1232382,1.0983058
MNX1,1.1232382,1.0983058
ETNK1,1.1232382,1.0983058
NIT2,1.1232382,1.0983058
DGAT2,1.1232382,1.0983058
TRAFD1,1.1232382,1.0983058
GIT2,1.1232382,1.0983058
SS18L1,1.1232382,1.0983058
CLVS1,1.1232382,1.0983058
RASSF5,1.1232382,1.0983058
TCFL5,1.1232382,1.0983058
CDK11A,1.1232382,1.0983058
BMT2,1.1232382,1.0983058
ELANE,1.1232382,1.0983058
HNRNPA2B1,1.1232382,1.0983058
AK2,1.1232382,1.0983058
CCDC85A,1.1232382,1.0983058
HOXA6,1.1232382,1.0983058
SERPINF1,1.1232382,1.0983058
ZNF84,1.1232382,1.0983058
ASCL1,1.1232382,1.0983058
CCDC7,1.1232382,1.0983058
FDXACB1,1.1232382,1.0983058
B3GAT3,1.1232382,1.0983058
ACMSD,1.1232382,1.0983058
TENT4A,1.1232382,1.0983058
PELI1,1.1232382,1.0983058
CCDC148,1.1232382,1.0983058
DAPK3,1.1232382,1.0983058
TMEM39A,1.1232382,1.0983058
HSD17B10,1.1232382,1.0983058
DMC1,1.1232382,1.0983058
ERLIN1,1.1232382,1.0983058
EGLN2,1.1232382,1.0983058
NTN5,1.1232382,1.0983058
CLIC6,1.1232382,1.0983058
GC,1.1232382,1.0983058
ACP2,1.1232382,1.0983058
PPME1,1.1232382,1.0983058
SRRM3,1.1232382,1.0983058
ZSCAN2,1.1232382,1.0983058
CDK14,1.1232382,1.0983058
KMO,1.1232382,1.0983058
ASPG,1.1232382,1.0983058
VRK2,1.1232382,1.0983058
ZNF774,1.1232382,1.0983058
SH2D4B,1.1232382,1.0983058
LTN1,1.1232382,1.0983058
LARP7,1.1232382,1.0983058
PEX12,1.1232382,1.0983058
LBX2,1.1232382,1.0983058
HOXD10,1.1232382,1.0983058
NSUN7,1.1232382,1.0983058
NAB1,1.1232382,1.0983058
EMILIN3,1.1232382,1.0983058
ZBTB42,1.1232382,1.0983058
KRT20,1.1232382,1.0983058
TEAD4,1.1232382,1.0983058
UCHL5,1.1232382,1.0983058
PDZD7,1.1232382,1.0983058
PNPLA1,1.1232382,1.0983058
NCOA2,1.1232382,1.0983058
ZBTB8A,1.1232382,1.0983058
SLC1A4,1.1232382,1.0983058
NRL,1.1232382,1.0983058
NOSTRIN,1.1232382,1.0983058
RPIA,1.1232382,1.0983058
HOXC13,1.1232382,1.0983058
STK24,1.1232382,1.0983058
VIRMA,1.1232382,1.0983058
KLK11,1.1232382,1.0983058
CHST13,1.1232382,1.0983058
MEX3D,1.1232382,1.0983058
DYNC1LI1,1.1232382,1.0983058
RPL10,1.1232382,1.0983058
HOMER3,1.1232382,1.0983058
ABCD2,1.1232382,1.0983058
VRTN,1.1232382,1.0983058
MKKS,1.1232382,1.0983058
CARS2,1.1232382,1.0983058
CPPED1,1.1232382,1.0983058
SPRYD3,1.1232382,1.0983058
ELFN2,1.1232382,1.0983058
POU4F1,1.1232382,1.0983058
CDK6,1.1232382,1.0983058
FBLIM1,1.1232382,1.0983058
LRRC40,1.1232382,1.0983058
KLHDC1,1.1232382,1.0983058
LOX,1.1232382,1.0983058
PBXIP1,1.1232382,1.0983058
FBXW4,1.1232382,1.0983058
NEK7,1.1232382,1.0983058
KIN,1.1232382,1.0983058
SGCB,1.1232382,1.0983058
WIPI1,1.1232382,1.0983058
ZNF334,1.1232382,1.0983058
FMO3,1.1232382,1.0983058
HMX1,1.1232382,1.0983058
WDR5,1.1232382,1.0983058
CCDC110,1.1232382,1.0983058
ZNF189,1.1232382,1.0983058
UCP3,1.1232382,1.0983058
CTU2,1.1232382,1.0983058
PCDHB14,1.1232382,1.0983058
RRN3,1.1232382,1.0983058
PKMYT1,1.1232382,1.0983058
ITGAM,1.1232382,1.0983058
PREB,1.1232382,1.0983058
TOE1,1.1232382,1.0983058
CYP19A1,1.1232382,1.0983058
SERINC4,1.1232382,1.0983058
CREBRF,1.1232382,1.0983058
CFAP47,1.1232382,1.0983058
ASAP1,1.1232382,1.0983058
KRT86,1.1232382,1.0983058
NFYA,1.1232382,1.0983058
ZNF470,1.1232382,1.0983058
EPM2A,1.1232382,1.0983058
STOM,1.1232382,1.0983058
MSX1,1.1232382,1.0983058
COPS5,1.1232382,1.0983058
LSM14B,1.1232382,1.0983058
CBLL1,1.1232382,1.0983058
HLX,1.1232382,1.0983058
ERLIN2,1.1232382,1.0983058
IGSF11,1.1232382,1.0983058
DNAJB12,1.1232382,1.0983058
KIF24,1.1232382,1.0983058
ARL6IP4,1.1232382,1.0983058
APEX2,1.1232382,1.0983058
FBP1,1.1232382,1.0983058
VSIG10L,1.1232382,1.0983058
ASB10,1.1232382,1.0983058
CYP2B6,1.1232382,1.0983058
ZNF816,1.1232382,1.0983058
ORC4,1.1232382,1.0983058
TNNI3,1.1232382,1.0983058
ZNF347,1.1232382,1.0983058
ELOVL5,1.1232382,1.0983058
CRYL1,1.1232382,1.0983058
PHOX2A,1.1232382,1.0983058
HOXA9,1.1232382,1.0983058
PTOV1,1.1232382,1.0983058
PRMT8,1.1232382,1.0983058
CLCNKA,1.1232382,1.0983058
RRP1,1.1232382,1.0983058
GNL3,1.1232382,1.0983058
ADGRF2,1.1232382,1.0983058
FOXB2,1.1232382,1.0983058
CASQ2,1.1232382,1.0983058
ZNF442,1.1232382,1.0983058
DCP2,1.1232382,1.0983058
DLX1,1.1232382,1.0983058
MAGEC3,1.1232382,1.0983058
RAB36,1.1232382,1.0983058
SRSF1,1.1232382,1.0983058
PPP4C,1.1232382,1.0983058
TMEM68,1.1232382,1.0983058
LRRC6,1.1232382,1.0983058
PPP1CB,1.1232382,1.0983058
KRT38,1.1232382,1.0983058
TRAF3IP2,1.1232382,1.0983058
ELP4,1.1232382,1.0983058
ZNF317,1.1232382,1.0983058
KRT40,1.1232382,1.0983058
CYP3A5,1.1232382,1.0983058
EIF3I,1.1232382,1.0983058
UPRT,1.1232382,1.0983058
FAM227A,1.1232382,1.0983058
PTPA,1.1232382,1.0983058
PPP1CA,1.1232382,1.0983058
PNPLA5,1.1232382,1.0983058
RRM1,1.1232382,1.0983058
CHD5,1.1232382,1.0983058
SMPDL3A,1.1232382,1.0983058
SCEL,1.1232382,1.0983058
CYP2E1,1.1232382,1.0983058
CTRC,1.1232382,1.0983058
SLC16A14,1.1232382,1.0983058
ZNF281,1.1232382,1.0983058
ZCCHC14,1.1232382,1.0983058
SHC3,1.1232382,1.0983058
ENTPD5,1.1232382,1.0983058
TP53BP2,1.1232382,1.0983058
SEPT12,1.1232382,1.0983058
RAD54B,1.1232382,1.0983058
BAIAP2,1.1232382,1.0983058
FLVCR2,1.1232382,1.0983058
PPM1B,1.1232382,1.0983058
RGS12,1.1232382,1.0983058
ISM1,1.1232382,1.0983058
ASPSCR1,1.1232382,1.0983058
CCDC78,1.1232382,1.0983058
GGA2,1.1232382,1.0983058
PRSS56,1.1232382,1.0983058
C1QTNF4,1.1232382,1.0983058
SLC25A17,1.1232382,1.0983058
CEP55,1.1232382,1.0983058
ZNF426,1.1232382,1.0983058
ZGPAT,1.1232382,1.0983058
SMTNL2,1.1232382,1.0983058
TTLL8,1.1232382,1.0983058
KDM5C,1.1232382,1.0983058
PLEKHM3,1.1232382,1.0983058
BAZ1A,1.1232382,1.0983058
HNRNPH1,1.1232382,1.0983058
ADIPOR2,1.1232382,1.0983058
ADGRB2,1.1232382,1.0983058
PSAT1,1.1232382,1.0983058
DNAJB14,1.1232382,1.0983058
ISPD,1.1232382,1.0983058
ZNF48,1.1232382,1.0983058
ZDHHC7,1.1232382,1.0983058
MAPK14,1.1232382,1.0983058
RASGEF1A,1.1232382,1.0983058
FGF13,1.1232382,1.0983058
TYMS,1.1232382,1.0983058
ORC2,1.1232382,1.0983058
CDK2,1.1232382,1.0983058
ADGRE3,1.1232382,1.0983058
ENDOV,1.1232382,1.0983058
ROS1,1.1232382,1.0983058
ARSG,1.1232382,1.0983058
ATG4C,1.1232382,1.0983058
GPM6A,1.1232382,1.0983058
PLEKHD1,1.1232382,1.0983058
BDNF,1.1232382,1.0983058
KIAA1211L,1.1232382,1.0983058
IL18RAP,1.1232382,1.0983058
LY9,1.1232382,1.0983058
MAEL,1.1232382,1.0983058
ATP11C,1.1232382,1.0983058
ZFP82,1.1232382,1.0983058
DLST,1.1232382,1.0983058
FRMD1,1.1232382,1.0983058
TTLL11,1.1232382,1.0983058
OXA1L,1.1232382,1.0983058
CCDC17,1.1232382,1.0983058
SLC35C2,1.1232382,1.0983058
GYG1,1.1232382,1.0983058
IL2RB,1.1232382,1.0983058
C4BPA,1.1232382,1.0983058
FAM71E2,1.1232382,1.0983058
TIMM50,1.1232382,1.0983058
C5orf34,1.1232382,1.0983058
ZNF770,1.1232382,1.0983058
TRAF4,1.1232382,1.0983058
CNGA2,1.1232382,1.0983058
ZNF518B,1.1232382,1.0983058
PAPOLB,1.1232382,1.0983058
LSS,1.1232382,1.0983058
TMEM181,1.1232382,1.0983058
NOCT,1.1232382,1.0983058
TFEC,1.1232382,1.0983058
RBMXL2,1.1232382,1.0983058
HMMR,1.1232382,1.0983058
ZNF563,1.1232382,1.0983058
TMCC3,1.1232382,1.0983058
CNP,1.1232382,1.0983058
ADGRF4,1.1232382,1.0983058
RNF168,1.1232382,1.0983058
FOXA1,1.1232382,1.0983058
SOX18,1.1232382,1.0983058
ZNF839,1.1232382,1.0983058
RNFT2,1.1232382,1.0983058
ADGRL4,1.1232382,1.0983058
MYNN,1.1232382,1.0983058
GPATCH2,1.1232382,1.0983058
KLK8,1.1232382,1.0983058
IRX2,1.1232382,1.0983058
SPNS1,1.1232382,1.0983058
TTYH3,1.1232382,1.0983058
SOX14,1.1232382,1.0983058
SP1,1.1232382,1.0983058
HNRNPH3,1.1232382,1.0983058
GNB3,1.1232382,1.0983058
PRB2,1.1232382,1.0983058
ZNF236,1.1232382,1.0983058
NDEL1,1.1232382,1.0983058
RASD1,1.1232382,1.0983058
SUN5,1.1232382,1.0983058
B4GALNT2,1.1232382,1.0983058
ANXA7,1.1232382,1.0983058
INHBB,1.1232382,1.0983058
HSD17B6,1.1232382,1.0983058
DNAJC25,1.1232382,1.0983058
E2F4,1.1232382,1.0983058
ZNF384,1.1232382,1.0983058
NARF,1.1232382,1.0983058
CWF19L1,1.1232382,1.0983058
DLK2,1.1232382,1.0983058
YTHDF1,1.1232382,1.0983058
HOXD13,1.1232382,1.0983058
MSI2,1.1232382,1.0983058
EN2,1.1232382,1.0983058
LHX8,1.1232382,1.0983058
ADGRG7,1.1232382,1.0983058
ZNF880,1.1232382,1.0983058
CYR61,1.1232382,1.0983058
RABEP2,1.1232382,1.0983058
CALR3,1.1232382,1.0983058
TRIM7,1.1232382,1.0983058
MAP2K4,1.1232382,1.0983058
SLTM,1.1232382,1.0983058
PRIMPOL,1.1232382,1.0983058
ZNF221,1.1232382,1.0983058
CATSPERE,1.1232382,1.0983058
TUSC3,1.1232382,1.0983058
ZSCAN32,1.1232382,1.0983058
TRPM6,1.1232382,1.0983058
RDH13,1.1232382,1.0983058
CR1L,1.1232382,1.0983058
MRPL37,1.1232382,1.0983058
CXADR,1.1232382,1.0983058
HS3ST4,1.1232382,1.0983058
PLPP4,1.1232382,1.0983058
PGBD1,1.1232382,1.0983058
EIF2AK3,1.1232382,1.0983058
HS3ST6,1.1232382,1.0983058
HTR2B,1.1232382,1.0983058
PHF6,1.1232382,1.0983058
NECTIN4,1.1232382,1.0983058
ZNF175,1.1232382,1.0983058
ACTL9,1.1232382,1.0983058
PNCK,1.1232382,1.0983058
TK2,1.1232382,1.0983058
SLC25A18,1.1232382,1.0983058
CHMP1A,1.1232382,1.0983058
UBA5,1.1232382,1.0983058
GOLPH3L,1.1232382,1.0983058
SPAG8,1.1232382,1.0983058
WSB1,1.1232382,1.0983058
GXYLT2,1.1232382,1.0983058
TBKBP1,1.1232382,1.0983058
FNTA,1.1232382,1.0983058
SLC38A4,1.1232382,1.0983058
PRG4,1.1232382,1.0983058
ZNF433,1.1232382,1.0983058
RGPD3,1.1232382,1.0983058
ZNF446,1.1232382,1.0983058
DMKN,1.1232382,1.0983058
CRTC3,1.1232382,1.0983058
PAICS,1.1232382,1.0983058
SP140L,1.1232382,1.0983058
ZNF530,1.1232382,1.0983058
AMACR,1.1232382,1.0983058
MAPRE2,1.1232382,1.0983058
PEX7,1.1232382,1.0983058
NKD2,1.1232382,1.0983058
NPAS4,1.1232382,1.0983058
ATAD3B,1.1232382,1.0983058
PPP2R2A,1.1232382,1.0983058
LAMB4,1.1232382,1.0983058
SOBP,1.1232382,1.0983058
RNASEL,1.1232382,1.0983058
BUB3,1.1232382,1.0983058
PTPN18,1.1232382,1.0983058
RMDN3,1.1232382,1.0983058
PSIP1,1.1232382,1.0983058
ZNF182,1.1232382,1.0983058
WASF1,1.1232382,1.0983058
DHRS11,1.1232382,1.0983058
ARL13B,1.1232382,1.0983058
NMD3,1.1232382,1.0983058
ARG2,1.1232382,1.0983058
GJB1,1.1232382,1.0983058
PRRG3,1.1232382,1.0983058
PDP1,1.1232382,1.0983058
ADRA1A,1.1232382,1.0983058
EIF4A2,1.1232382,1.0983058
GPATCH8,1.1232382,1.0983058
LRRTM4,1.1232382,1.0983058
RTL9,1.1232382,1.0983058
RBM17,1.1232382,1.0983058
FAM171A2,1.1232382,1.0983058
SLC52A3,1.1232382,1.0983058
DTX3L,1.1232382,1.0983058
NSUN4,1.1232382,1.0983058
ERLEC1,1.1232382,1.0983058
PGAM2,1.1232382,1.0983058
ARNTL2,1.1232382,1.0983058
MDH1,1.1232382,1.0983058
GNAT3,1.1232382,1.0983058
SCML2,1.1232382,1.0983058
CCNA1,1.1232382,1.0983058
KRT74,1.1232382,1.0983058
NEDD1,1.1232382,1.0983058
G6PC,1.1232382,1.0983058
PRSS16,1.1232382,1.0983058
AP3M1,1.1232382,1.0983058
POC1A,1.1232382,1.0983058
ZNF778,1.1232382,1.0983058
SLC7A14,1.1232382,1.0983058
UGCG,1.1232382,1.0983058
GZF1,1.1232382,1.0983058
FYB1,1.1232382,1.0983058
HIVEP2,1.1232382,1.0983058
SLC25A14,1.1232382,1.0983058
RABGEF1,1.1232382,1.0983058
ZNF777,1.1232382,1.0983058
CNNM3,1.1232382,1.0983058
QTRT2,1.1232382,1.0983058
DHRS3,1.1232382,1.0983058
CDCA7,1.1232382,1.0983058
SNX17,1.1232382,1.0983058
SGK2,1.1232382,1.0983058
ZNF700,1.1232382,1.0983058
TDP2,1.1232382,1.0983058
ZMYM5,1.1232382,1.0983058
FAAP100,1.1232382,1.0983058
UCK1,1.1232382,1.0983058
CPB2,1.1232382,1.0983058
KLHDC4,1.1232382,1.0983058
FAM135A,1.1232382,1.0983058
LIPK,1.1232382,1.0983058
ALX1,1.1232382,1.0983058
C17orf50,1.1232382,1.0983058
BCAT2,1.1232382,1.0983058
MPG,1.1232382,1.0983058
FBXO7,1.1232382,1.0983058
MTMR9,1.1232382,1.0983058
PCOLCE2,1.1232382,1.0983058
HOXB5,1.1232382,1.0983058
BAIAP2L1,1.1232382,1.0983058
ASTE1,1.1232382,1.0983058
WIPI2,1.1232382,1.0983058
CLDN18,1.1232382,1.0983058
ZNF7,1.1232382,1.0983058
NAAA,1.1232382,1.0983058
PADI3,1.1232382,1.0983058
RSAD2,1.1232382,1.0983058
VASN,1.1232382,1.0983058
ZIC4,1.1232382,1.0983058
GPATCH3,1.1232382,1.0983058
ZNF274,1.1232382,1.0983058
NDUFS8,1.1232382,1.0983058
ARHGAP19,1.1232382,1.0983058
WDR12,1.1232382,1.0983058
SLC25A34,1.1232382,1.0983058
UQCC1,1.1232382,1.0983058
SHPK,1.1232382,1.0983058
MDM2,1.1232382,1.0983058
SLC17A2,1.1232382,1.0983058
CD2AP,1.1232382,1.0983058
HOXC4,1.1232382,1.0983058
SUGP1,1.1232382,1.0983058
GCC1,1.1232382,1.0983058
BARHL2,1.1232382,1.0983058
SNTG2,1.1232382,1.0983058
NEIL1,1.1232382,1.0983058
ZNF169,1.1232382,1.0983058
LIPM,1.1232382,1.0983058
SGMS2,1.1232382,1.0983058
CLMP,1.1232382,1.0983058
ASAH1,1.1232382,1.0983058
LRRC8E,1.1232382,1.0983058
CA11,1.1232382,1.0983058
BBS9,1.1232382,1.0983058
ARID3A,1.1232382,1.0983058
SOCS4,1.1232382,1.0983058
RBBP7,1.1232382,1.0983058
BEST2,1.1232382,1.0983058
B4GALNT4,1.1232382,1.0983058
RPS6KB2,1.1232382,1.0983058
DCLK3,1.1232382,1.0983058
PTF1A,1.1232382,1.0983058
CDH6,1.1232382,1.0983058
PDX1,1.1232382,1.0983058
CDHR5,1.1232382,1.0983058
DHRS1,1.1232382,1.0983058
CYP2S1,1.1232382,1.0983058
BECN1,1.1232382,1.0983058
C16orf58,1.1232382,1.0983058
ADAM30,1.1232382,1.0983058
GBP2,1.1232382,1.0983058
TMPRSS4,1.1232382,1.0983058
GLIS1,1.1232382,1.0983058
FBXW9,1.1232382,1.0983058
DDIAS,1.1232382,1.0983058
MAPKAPK2,1.1232382,1.0983058
DYRK4,1.1232382,1.0983058
COPS4,1.1232382,1.0983058
HPSE,1.1232382,1.0983058
PPP2R2C,1.1232382,1.0983058
RANGAP1,1.1232382,1.0983058
NEU2,1.1232382,1.0983058
NNT,1.1232382,1.0983058
LDHA,1.1232382,1.0983058
EXOSC9,1.1232382,1.0983058
ATP6V1C2,1.1232382,1.0983058
CCDC151,1.1232382,1.0983058
MSL1,1.1232382,1.0983058
NPRL2,1.1232382,1.0983058
BZW2,1.1232382,1.0983058
FANCG,1.1232382,1.0983058
ARMC9,1.1232382,1.0983058
CDK5R2,1.1232382,1.0983058
DZIP1L,1.1232382,1.0983058
SLC17A5,1.1232382,1.0983058
RLBP1,1.1232382,1.0983058
MESP2,1.1232382,1.0983058
TOLLIP,1.1232382,1.0983058
ADAMTS6,1.1232382,1.0983058
MICALCL,1.1232382,1.0983058
HACL1,1.1232382,1.0983058
CFHR5,1.1232382,1.0983058
GPR22,1.1232382,1.0983058
KIAA1147,1.1232382,1.0983058
RAB3IP,1.1232382,1.0983058
RBM44,1.1232382,1.0983058
RAB40C,1.1232382,1.0983058
SEH1L,1.1232382,1.0983058
DNAJA1,1.1232382,1.0983058
CATSPERD,1.1232382,1.0983058
HOXC12,1.1232382,1.0983058
OGFOD1,1.1232382,1.0983058
CASP10,1.1232382,1.0983058
OLFM4,1.1232382,1.0983058
SHROOM1,1.1232382,1.0983058
IBA57,1.1232382,1.0983058
EMX2,1.1232382,1.0983058
ZNF484,1.1232382,1.0983058
BPIFB4,1.1232382,1.0983058
DNAJB11,1.1232382,1.0983058
PCDHGA4,1.1232382,1.0983058
RBFOX2,1.1232382,1.0983058
LMOD1,1.1232382,1.0983058
WFIKKN1,1.1232382,1.0983058
TMEM168,1.1232382,1.0983058
ZNF354B,1.1232382,1.0983058
RRAD,1.1232382,1.0983058
HMGCLL1,1.1232382,1.0983058
GPR162,1.1232382,1.0983058
FAM234A,1.1232382,1.0983058
MAGED1,1.1232382,1.0983058
WDR3,1.1232382,1.0983058
ICA1L,1.1232382,1.0983058
TRMT10A,1.1232382,1.0983058
PLA2G4C,1.1232382,1.0983058
CAMKV,1.1232382,1.0983058
SLC27A6,1.1232382,1.0983058
DENND2D,1.1232382,1.0983058
CEP170,1.1232382,1.0983058
GPRC5C,1.1232382,1.0983058
CAMK1,1.1232382,1.0983058
FBP2,1.1232382,1.0983058
ZNF267,1.1232382,1.0983058
HADHA,1.1232382,1.0983058
MIOX,1.1232382,1.0983058
ZNF627,1.1232382,1.0983058
ZNF12,1.1232382,1.0983058
RAB34,1.1232382,1.0983058
BCLAF3,1.1232382,1.0983058
MRPL4,1.1232382,1.0983058
THRA,1.1232382,1.0983058
IGFALS,1.1232382,1.0983058
RNF44,1.1232382,1.0983058
TTI2,1.1232382,1.0983058
EXOC3,1.1232382,1.0983058
ATXN1L,1.1232382,1.0983058
PIGA,1.1232382,1.0983058
TMEM183A,1.1232382,1.0983058
TCP11L1,1.1232382,1.0983058
ZIC1,1.1232382,1.0983058
HAT1,1.1232382,1.0983058
GABRR2,1.1232382,1.0983058
STUB1,1.1232382,1.0983058
SLC5A1,1.1232382,1.0983058
ARFGAP3,1.1232382,1.0983058
SLC35F3,1.1232382,1.0983058
NSMF,1.1232382,1.0983058
TRIM42,1.1232382,1.0983058
GAS2L3,1.1232382,1.0983058
SLC41A3,1.1232382,1.0983058
TAMM41,1.1232382,1.0983058
FAM8A1,1.1232382,1.0983058
ARPC1B,1.1232382,1.0983058
XRRA1,1.1232382,1.0983058
PLPP2,1.1232382,1.0983058
PRKCZ,1.1232382,1.0983058
RET,1.1232382,1.0983058
LIMS1,1.1232382,1.0983058
DNAJA4,1.1232382,1.0983058
AGO2,1.1232382,1.0983058
GALNT8,1.1232382,1.0983058
MBTPS2,1.1232382,1.0983058
CLN5,1.1232382,1.0983058
CLEC11A,1.1232382,1.0983058
CYB5RL,1.1232382,1.0983058
PGK2,1.1232382,1.0983058
PRKAR2B,1.1232382,1.0983058
SLC25A48,1.1232382,1.0983058
A2ML1,1.1232382,1.0983058
FASTK,1.1232382,1.0983058
CXorf57,1.1232382,1.0983058
DOK3,1.1232382,1.0983058
CCDC61,1.1232382,1.0983058
SDCCAG8,1.1232382,1.0983058
CEP63,1.1232382,1.0983058
CCDC9B,1.1232382,1.0983058
RMND5B,1.1232382,1.0983058
ZNF570,1.1232382,1.0983058
MDM4,1.1232382,1.0983058
UPF3A,1.1232382,1.0983058
ZNF202,1.1232382,1.0983058
KRT78,1.1232382,1.0983058
PRRX1,1.1232382,1.0983058
YBX2,1.1232382,1.0983058
TRIM68,1.1232382,1.0983058
CABLES1,1.1232382,1.0983058
PAK2,1.1232382,1.0983058
PPM1E,1.1232382,1.0983058
CCDC154,1.1232382,1.0983058
ATRIP,1.1232382,1.0983058
PABPC3,1.1232382,1.0983058
RGS11,1.1232382,1.0983058
ALDH3B2,1.1232382,1.0983058
PTPRZ1,1.1232382,1.0983058
GPR75-ASB3,1.1232382,1.0983058
SPATA21,1.1232382,1.0983058
NOL11,1.1232382,1.0983058
E4F1,1.1232382,1.0983058
GAREM2,1.1232382,1.0983058
GIPC1,1.1232382,1.0983058
ZFYVE16,1.1232382,1.0983058
STON2,1.1232382,1.0983058
PCDHB6,1.1232382,1.0983058
C2CD2L,1.1232382,1.0983058
CDS2,1.1232382,1.0983058
RIC8A,1.1232382,1.0983058
SNTG1,1.1232382,1.0983058
FBXL17,1.1232382,1.0983058
ACR,1.1232382,1.0983058
ACBD4,1.1232382,1.0983058
DCLK2,1.1232382,1.0983058
RCOR1,1.1232382,1.0983058
RBM26,1.1232382,1.0983058
PLD3,1.1232382,1.0983058
PLPPR3,1.1232382,1.0983058
PPP1R18,1.1232382,1.0983058
ACACB,1.1232382,1.0983058
PNPLA3,1.1232382,1.0983058
GRHL3,1.1232382,1.0983058
HSD3B1,1.1232382,1.0983058
FKBP5,1.1232382,1.0983058
CFAP206,1.1232382,1.0983058
PARP9,1.1232382,1.0983058
ADAP2,1.1232382,1.0983058
TMEM131,1.1232382,1.0983058
ABCG1,1.1232382,1.0983058
GAS7,1.1232382,1.0983058
DNMBP,1.1232382,1.0983058
BCAM,1.1232382,1.0983058
CCDC102A,1.1232382,1.0983058
HSD11B2,1.1232382,1.0983058
DGKB,1.1232382,1.0983058
NPSR1,1.1232382,1.0983058
CSGALNACT1,1.1232382,1.0983058
LRRN2,1.1232382,1.0983058
PEX10,1.1232382,1.0983058
HIPK4,1.1232382,1.0983058
CPNE8,1.1232382,1.0983058
IKZF2,1.1232382,1.0983058
COPS3,1.1232382,1.0983058
LILRB1,1.1232382,1.0983058
PHYKPL,1.1232382,1.0983058
DDX39A,1.1232382,1.0983058
GABRE,1.1232382,1.0983058
MYLIP,1.1232382,1.0983058
SYT14,1.1232382,1.0983058
CYTH3,1.1232382,1.0983058
RAB3IL1,1.1232382,1.0983058
PROX2,1.1232382,1.0983058
CCNB2,1.1232382,1.0983058
ACTL7B,1.1232382,1.0983058
VLDLR,1.1232382,1.0983058
CDC25B,1.1232382,1.0983058
NSRP1,1.1232382,1.0983058
NDUFB9,1.1232382,1.0983058
SLC41A1,1.1232382,1.0983058
MAP3K10,1.1232382,1.0983058
THADA,1.1232382,1.0983058
CSE1L,1.1232382,1.0983058
EIF2S3,1.1232382,1.0983058
RASGRF1,1.1232382,1.0983058
GPC6,1.1232382,1.0983058
EFNB1,1.1232382,1.0983058
SLAIN2,1.1232382,1.0983058
LRRC8B,1.1232382,1.0983058
NEMP1,1.1232382,1.0983058
CTSK,1.1232382,1.0983058
TMOD4,1.1232382,1.0983058
LBX1,1.1232382,1.0983058
TSEN2,1.1232382,1.0983058
IFT140,1.1232382,1.0983058
RAP1GDS1,1.1232382,1.0983058
PCDHB1,1.1232382,1.0983058
DACH1,1.1232382,1.0983058
PDLIM2,1.1232382,1.0983058
CASP7,1.1232382,1.0983058
TAGAP,1.1232382,1.0983058
SLC43A3,1.1232382,1.0983058
BANP,1.1232382,1.0983058
LMBR1L,1.1232382,1.0983058
HIF3A,1.1232382,1.0983058
NDRG1,1.1232382,1.0983058
FAM189B,1.1232382,1.0983058
CHST11,1.1232382,1.0983058
ATF2,1.1232382,1.0983058
USP3,1.1232382,1.0983058
HNRNPA0,1.1232382,1.0983058
POGLUT1,1.1232382,1.0983058
ZXDC,1.1232382,1.0983058
DOK4,1.1232382,1.0983058
STYK1,1.1232382,1.0983058
CHEK1,1.1232382,1.0983058
CYP4X1,1.1232382,1.0983058
ALG11,1.1232382,1.0983058
BIVM,1.1232382,1.0983058
PCDHB5,1.1232382,1.0983058
REN,1.1232382,1.0983058
MAFA,1.1232382,1.0983058
CUZD1,1.1232382,1.0983058
POC1B,1.1232382,1.0983058
BRD9,1.1232382,1.0983058
THUMPD3,1.1232382,1.0983058
THSD1,1.1232382,1.0983058
TATDN2,1.1232382,1.0983058
FOXL2,1.1232382,1.0983058
ZNF215,1.1232382,1.0983058
CYB5R4,1.1232382,1.0983058
LRRC71,1.1232382,1.0983058
FAM198B,1.1232382,1.0983058
RILPL1,1.1232382,1.0983058
MYBPH,1.1232382,1.0983058
HOXC6,1.1232382,1.0983058
KCNJ13,1.1232382,1.0983058
MMP17,1.1232382,1.0983058
SNX2,1.1232382,1.0983058
BIN2,1.1232382,1.0983058
PDE3B,1.1232382,1.0983058
KDSR,1.1232382,1.0983058
AFTPH,1.1232382,1.0983058
UBE2Q1,1.1232382,1.0983058
SLC17A9,1.1232382,1.0983058
PIGR,1.1232382,1.0983058
KPTN,1.1232382,1.0983058
SETD6,1.1232382,1.0983058
IL1RL2,1.1232382,1.0983058
RNPEP,1.1232382,1.0983058
RAB37,1.1232382,1.0983058
ZNF534,1.1232382,1.0983058
PDK1,1.1232382,1.0983058
PREPL,1.1232382,1.0983058
ZEB2,1.1232382,1.0983058
ERI2,1.1232382,1.0983058
TFE3,1.1232382,1.0983058
XIAP,1.1232382,1.0983058
CES3,1.1232382,1.0983058
POLR3C,1.1232382,1.0983058
GDPD5,1.1232382,1.0983058
VPS9D1,1.1232382,1.0983058
SYT5,1.1232382,1.0983058
MPP1,1.1232382,1.0983058
FBXW8,1.1232382,1.0983058
TTC21A,1.1232382,1.0983058
SESN3,1.1232382,1.0983058
LEMD2,1.1232382,1.0983058
BUD23,1.1232382,1.0983058
HMGXB4,1.1232382,1.0983058
MEFV,1.1232382,1.0983058
ADRA2C,1.1232382,1.0983058
B4GALT2,1.1232382,1.0983058
TLX3,1.1232382,1.0983058
MRPL38,1.1232382,1.0983058
CHKA,1.1232382,1.0983058
FAM98B,1.1232382,1.0983058
ZCCHC7,1.1232382,1.0983058
CWH43,1.1232382,1.0983058
ROBO1,1.1232382,1.0983058
TARBP2,1.1232382,1.0983058
DNAAF1,1.1232382,1.0983058
PGAP2,1.1232382,1.0983058
CTGF,1.1232382,1.0983058
KDR,1.1232382,1.0983058
KCNJ1,1.1232382,1.0983058
PUM3,1.1232382,1.0983058
PRICKLE4,1.1232382,1.0983058
HEATR3,1.1232382,1.0983058
POM121C,1.1232382,1.0983058
SENP5,1.1232382,1.0983058
FOXN3,1.1232382,1.0983058
BNIP2,1.1232382,1.0983058
SHC1,1.1232382,1.0983058
PAPPA2,1.1232382,1.0983058
PPT1,1.1232382,1.0983058
CYB5R1,1.1232382,1.0983058
STOML1,1.1232382,1.0983058
HIVEP3,1.1232382,1.0983058
NUB1,1.1232382,1.0983058
NDC1,1.1232382,1.0983058
RNF34,1.1232382,1.0983058
NOP9,1.1232382,1.0983058
MCCC2,1.1232382,1.0983058
YAP1,1.1232382,1.0983058
DCAF12,1.1232382,1.0983058
VEGFA,1.1232382,1.0983058
GRM5,1.1232382,1.0983058
MAPK4,1.1232382,1.0983058
NIPA2,1.1232382,1.0983058
ZNF33A,1.1232382,1.0983058
RPH3AL,1.1232382,1.0983058
CSNK2A3,1.1232382,1.0983058
DOK6,1.1232382,1.0983058
TLR5,1.1232382,1.0983058
MYH15,1.1232382,1.0983058
GDPD2,1.1232382,1.0983058
KNG1,1.1232382,1.0983058
SLC27A2,1.1232382,1.0983058
IRF2BP1,1.1232382,1.0983058
KDELC1,1.1232382,1.0983058
AEBP2,1.1232382,1.0983058
FEM1B,1.1232382,1.0983058
TRMT6,1.1232382,1.0983058
C2CD2,1.1232382,1.0983058
OMA1,1.1232382,1.0983058
CLDN5,1.1232382,1.0983058
PA2G4,1.1232382,1.0983058
PLBD1,1.1232382,1.0983058
HSF2,1.1232382,1.0983058
LRRN1,1.1232382,1.0983058
AOC1,1.1232382,1.0983058
DHX58,1.1232382,1.0983058
VWA5A,1.1232382,1.0983058
AMZ1,1.1232382,1.0983058
CYP4B1,1.1232382,1.0983058
RHCG,1.1232382,1.0983058
LRRC49,1.1232382,1.0983058
SESN1,1.1232382,1.0983058
RORA,1.1232382,1.0983058
ARMC6,1.1232382,1.0983058
GDF11,1.1232382,1.0983058
TSTD2,1.1232382,1.0983058
BUD13,1.1232382,1.0983058
DTHD1,1.1232382,1.0983058
ZNF606,1.1232382,1.0983058
CERS3,1.1232382,1.0983058
RBBP4,1.1232382,1.0983058
NOL9,1.1232382,1.0983058
PDIA5,1.1232382,1.0983058
PHB,1.1232382,1.0983058
PPT2,1.1232382,1.0983058
MELK,1.1232382,1.0983058
CCDC77,1.1232382,1.0983058
SLC35B2,1.1232382,1.0983058
UAP1L1,1.1232382,1.0983058
NKAP,1.1232382,1.0983058
CCDC50,1.1232382,1.0983058
PRDM13,1.1232382,1.0983058
CHRDL2,1.1232382,1.0983058
USP26,1.1232382,1.0983058
TTYH1,1.1232382,1.0983058
CRLF3,1.1232382,1.0983058
KDM3A,1.1232382,1.0983058
WDR93,1.1232382,1.0983058
APTX,1.1232382,1.0983058
CYP4F2,1.1232382,1.0983058
SLC9A7,1.1232382,1.0983058
SERPINF2,1.1232382,1.0983058
SLC35F5,1.1232382,1.0983058
MEOX1,1.1232382,1.0983058
TXLNG,1.1232382,1.0983058
PTBP2,1.1232382,1.0983058
CDK4,1.1232382,1.0983058
ZUP1,1.1232382,1.0983058
CSF1R,1.1232382,1.0983058
SORBS1,1.1232382,1.0983058
NSF,1.1232382,1.0983058
RRNAD1,1.1232382,1.0983058
MCAM,1.1232382,1.0983058
PJA1,1.1232382,1.0983058
KIAA0408,1.1232382,1.0983058
TLX2,1.1232382,1.0983058
SAV1,1.1232382,1.0983058
GIPR,1.1232382,1.0983058
ETS1,1.1232382,1.0983058
PCDHB7,1.1232382,1.0983058
SLC13A1,1.1232382,1.0983058
KIAA2013,1.1232382,1.0983058
TRO,1.1232382,1.0983058
TROVE2,1.1232382,1.0983058
ACOT8,1.1232382,1.0983058
SEMG1,1.1232382,1.0983058
NOXA1,1.1232382,1.0983058
ASL,1.1232382,1.0983058
SAMD3,1.1232382,1.0983058
GPNMB,1.1232382,1.0983058
TUBB4A,1.1232382,1.0983058
ZNF655,1.1232382,1.0983058
SYVN1,1.1232382,1.0983058
LIPH,1.1232382,1.0983058
SEMA7A,1.1232382,1.0983058
ADAP1,1.1232382,1.0983058
TRIM26,1.1232382,1.0983058
SUGCT,1.1232382,1.0983058
MKNK1,1.1232382,1.0983058
LIX1L,1.1232382,1.0983058
CEP70,1.1232382,1.0983058
MFAP3L,1.1232382,1.0983058
ZNF599,1.1232382,1.0983058
MFSD4A,1.1232382,1.0983058
ETV1,1.1232382,1.0983058
PRLR,1.1232382,1.0983058
SRMS,1.1232382,1.0983058
THAP7,1.1232382,1.0983058
ATF6,1.1232382,1.0983058
RAX,1.1232382,1.0983058
HPS4,1.1232382,1.0983058
AMMECR1L,1.1232382,1.0983058
CCNK,1.1232382,1.0983058
PATJ,1.1232382,1.0983058
DOC2A,1.1232382,1.0983058
KIAA0895L,1.1232382,1.0983058
TAF1B,1.1232382,1.0983058
HS2ST1,1.1232382,1.0983058
HTR3B,1.1232382,1.0983058
STK3,1.1232382,1.0983058
TGFB3,1.1232382,1.0983058
SUCLG1,1.1232382,1.0983058
SPNS3,1.1232382,1.0983058
RAD51,1.1232382,1.0983058
CCDC181,1.1232382,1.0983058
MAP2K6,1.1232382,1.0983058
SESN2,1.1232382,1.0983058
HNRNPLL,1.1232382,1.0983058
MSR1,1.1232382,1.0983058
PPP2R5A,1.1232382,1.0983058
ANXA11,1.1232382,1.0983058
SPOCK2,1.1232382,1.0983058
SLC34A3,1.1232382,1.0983058
ST14,1.1232382,1.0983058
AKNAD1,1.1232382,1.0983058
C1RL,1.1232382,1.0983058
RSPO3,1.1232382,1.0983058
C15orf39,1.1232382,1.0983058
FAM83D,1.1232382,1.0983058
OTX2,1.1232382,1.0983058
TRIM2,1.1232382,1.0983058
RBM14,1.1232382,1.0983058
RIN1,1.1232382,1.0983058
PLAU,1.1232382,1.0983058
PLPPR2,1.1232382,1.0983058
SNX6,1.1232382,1.0983058
RIOK3,1.1232382,1.0983058
LRRN3,1.1232382,1.0983058
UBXN11,1.1232382,1.0983058
ENG,1.1232382,1.0983058
WDR41,1.1232382,1.0983058
WHRN,1.1232382,1.0983058
ABHD15,1.1232382,1.0983058
NEK6,1.1232382,1.0983058
PPFIA2,1.1232382,1.0983058
MKRN1,1.1232382,1.0983058
BAG5,1.1232382,1.0983058
TGFB2,1.1232382,1.0983058
UGT2A2,1.1232382,1.0983058
C6orf132,1.1232382,1.0983058
PRDM8,1.1232382,1.0983058
CHAF1B,1.1232382,1.0983058
MFSD14B,1.1232382,1.0983058
GXYLT1,1.1232382,1.0983058
UEVLD,1.1232382,1.0983058
BABAM2,1.1232382,1.0983058
ACAT1,1.1232382,1.0983058
ZMYND10,1.1232382,1.0983058
TRIM62,1.1232382,1.0983058
SLC15A4,1.1232382,1.0983058
PLEKHN1,1.1232382,1.0983058
B3GALNT2,1.1232382,1.0983058
SAMM50,1.1232382,1.0983058
STK32C,1.1232382,1.0983058
HTRA4,1.1232382,1.0983058
ADCY4,1.1232382,1.0983058
LOXL1,1.1232382,1.0983058
SEPT1,1.1232382,1.0983058
BRD7,1.1232382,1.0983058
YJEFN3,1.1232382,1.0983058
DNAH5,1.1232382,1.0983058
ARRB2,1.1232382,1.0983058
NEK8,1.1232382,1.0983058
PTGIS,1.1232382,1.0983058
AP1M2,1.1232382,1.0983058
CCDC157,1.1232382,1.0983058
LRMP,1.1232382,1.0983058
SLFN13,1.1232382,1.0983058
ELOA2,1.1232382,1.0983058
TSEN54,1.1232382,1.0983058
ENOX2,1.1232382,1.0983058
AFP,1.1232382,1.0983058
RRM2B,1.1232382,1.0983058
ZKSCAN8,1.1232382,1.0983058
GJA4,1.1232382,1.0983058
SOX1,1.1232382,1.0983058
B3GLCT,1.1232382,1.0983058
TRAF5,1.1232382,1.0983058
ZNF841,1.1232382,1.0983058
CCDC170,1.1232382,1.0983058
CAP1,1.1232382,1.0983058
ITFG1,1.1232382,1.0983058
WDR83,1.1232382,1.0983058
APOBR,1.1232382,1.0983058
ERGIC3,1.1232382,1.0983058
SDS,1.1232382,1.0983058
UGT2A1,1.1232382,1.0983058
TMEM87B,1.1232382,1.0983058
VPS33B,1.1232382,1.0983058
SCLT1,1.1232382,1.0983058
NCAPD2,1.1232382,1.0983058
SLCO1B1,1.1232382,1.0983058
HAS1,1.1232382,1.0983058
DHRS13,1.1232382,1.0983058
TMCO3,1.1232382,1.0983058
CALCR,1.1232382,1.0983058
CCDC63,1.1232382,1.0983058
PLD5,1.1232382,1.0983058
REL,1.1232382,1.0983058
SPATA17,1.1232382,1.0983058
IL4R,1.1232382,1.0983058
KIF2B,1.1232382,1.0983058
ZNF44,1.1232382,1.0983058
GLUD2,1.1232382,1.0983058
GYS2,1.1232382,1.0983058
STOML3,1.1232382,1.0983058
WDR45B,1.1232382,1.0983058
TOGARAM1,1.1232382,1.0983058
KIF3B,1.1232382,1.0983058
APBB1IP,1.1232382,1.0983058
STAMBPL1,1.1232382,1.0983058
FHL3,1.1232382,1.0983058
SLC29A1,1.1232382,1.0983058
ZFP30,1.1232382,1.0983058
SLC39A10,1.1232382,1.0983058
MAB21L2,1.1232382,1.0983058
ZNF441,1.1232382,1.0983058
STAMBP,1.1232382,1.0983058
KRT6B,1.1232382,1.0983058
SLC19A3,1.1232382,1.0983058
CHKB,1.1232382,1.0983058
DACT2,1.1232382,1.0983058
TMOD1,1.1232382,1.0983058
NAPEPLD,1.1232382,1.0983058
ZNF425,1.1232382,1.0983058
NIT1,1.1232382,1.0983058
GPR143,1.1232382,1.0983058
SEC13,1.1232382,1.0983058
ENPP7,1.1232382,1.0983058
LETM2,1.1232382,1.0983058
ZNF16,1.1232382,1.0983058
GPR161,1.1232382,1.0983058
OTC,1.1232382,1.0983058
TFDP2,1.1232382,1.0983058
ZNF282,1.1232382,1.0983058
MADD,1.1232382,1.0983058
CELF3,1.1232382,1.0983058
MLPH,1.1232382,1.0983058
ACSBG2,1.1232382,1.0983058
SLC25A16,1.1232382,1.0983058
TERB1,1.1232382,1.0983058
FADS2,1.1232382,1.0983058
STON1,1.1232382,1.0983058
RHOBTB3,1.1232382,1.0983058
CTIF,1.1232382,1.0983058
WDR36,1.1232382,1.0983058
MLKL,1.1232382,1.0983058
EBNA1BP2,1.1232382,1.0983058
HASPIN,1.1232382,1.0983058
ETNPPL,1.1232382,1.0983058
UBQLN2,1.1232382,1.0983058
STK36,1.1232382,1.0983058
GJA3,1.1232382,1.0983058
PPP1R9B,1.1232382,1.0983058
RPN2,1.1232382,1.0983058
FMO4,1.1232382,1.0983058
AGER,1.1232382,1.0983058
MARCH10,1.1232382,1.0983058
FUT4,1.1232382,1.0983058
TBC1D10A,1.1232382,1.0983058
TMEM62,1.1232382,1.0983058
RAVER2,1.1232382,1.0983058
VNN1,1.1232382,1.0983058
FRS2,1.1232382,1.0983058
PPIL2,1.1232382,1.0983058
BBS10,1.1232382,1.0983058
NEU3,1.1232382,1.0983058
ANKRD13D,1.1232382,1.0983058
CASQ1,1.1232382,1.0983058
ACSM4,1.1232382,1.0983058
TBCE,1.1232382,1.0983058
RPL3,1.1232382,1.0983058
KCTD20,1.1232382,1.0983058
FOXB1,1.1232382,1.0983058
RNF123,1.1232382,1.0983058
RPL3L,1.1232382,1.0983058
CYP11B2,1.1232382,1.0983058
SPINT1,1.1232382,1.0983058
MTF2,1.1232382,1.0983058
RING1,1.1232382,1.0983058
PADI4,1.1232382,1.0983058
EXOC3L4,1.1232382,1.0983058
NT5C1A,1.1232382,1.0983058
BMP2,1.1232382,1.0983058
RAD52,1.1232382,1.0983058
SAMHD1,1.1232382,1.0983058
GLCE,1.1232382,1.0983058
PTH2R,1.1232382,1.0983058
PNLDC1,1.1232382,1.0983058
SH2B3,1.1232382,1.0983058
ZCCHC4,1.1232382,1.0983058
DBX1,1.1232382,1.0983058
IRF2,1.1232382,1.0983058
OLFML1,1.1232382,1.0983058
LCP2,1.1232382,1.0983058
CHGB,1.1232382,1.0983058
C9orf131,1.1232382,1.0983058
PARS2,1.1232382,1.0983058
FSCN2,1.1232382,1.0983058
TMEM30A,1.1232382,1.0983058
ATP6V1B2,1.1232382,1.0983058
OS9,1.1232382,1.0983058
TLR4,1.1232382,1.0983058
CDKL2,1.1232382,1.0983058
TYSND1,1.1232382,1.0983058
BLMH,1.1232382,1.0983058
FAM234B,1.1232382,1.0983058
NAB2,1.1232382,1.0983058
ZFAND4,1.1232382,1.0983058
TBX19,1.1232382,1.0983058
GBP7,1.1232382,1.0983058
SPAG17,1.1232382,1.0983058
SLC35F1,1.1232382,1.0983058
ELF1,1.1232382,1.0983058
OSCP1,1.1232382,1.0983058
NSUN5,1.1232382,1.0983058
ANKMY2,1.1232382,1.0983058
CACNG4,1.1232382,1.0983058
ILDR2,1.1232382,1.0983058
KREMEN2,1.1232382,1.0983058
ENPP6,1.1232382,1.0983058
LONRF2,1.1232382,1.0983058
NEK3,1.1232382,1.0983058
DDI2,1.1232382,1.0983058
NEURL1B,1.1232382,1.0983058
MAPKAPK5,1.1232382,1.0983058
RPL5,1.1232382,1.0983058
SWAP70,1.1232382,1.0983058
IMP4,1.1232382,1.0983058
HSPA5,1.1232382,1.0983058
KRT32,1.1232382,1.0983058
RANBP3,1.1232382,1.0983058
ADHFE1,1.1232382,1.0983058
MPHOSPH10,1.1232382,1.0983058
PCSK1,1.1232382,1.0983058
MINDY1,1.1232382,1.0983058
MARVELD2,1.1232382,1.0983058
CKB,1.1232382,1.0983058
TXNDC5,1.1232382,1.0983058
SPECC1L,1.1232382,1.0983058
STRAP,1.1232382,1.0983058
ZFX,1.1232382,1.0983058
FPGT,1.1232382,1.0983058
PDHX,1.1232382,1.0983058
TRIM35,1.1232382,1.0983058
CAMKK1,1.1232382,1.0983058
HPSE2,1.1232382,1.0983058
ADA2,1.1232382,1.0983058
ADCK2,1.1232382,1.0983058
RPUSD2,1.1232382,1.0983058
ZDHHC16,1.1232382,1.0983058
EIF4A3,1.1232382,1.0983058
MAX,1.1232382,1.0983058
CPNE1,1.1232382,1.0983058
TMEM104,1.1232382,1.0983058
ZNF480,1.1232382,1.0983058
ATP8B2,1.1232382,1.0983058
ETFA,1.1232382,1.0983058
EIF2AK4,1.1232382,1.0983058
PSAP,1.1232382,1.0983058
CCDC27,1.1232382,1.0983058
PTPN22,1.1232382,1.0983058
CCBE1,1.1232382,1.0983058
ST5,1.1232382,1.0983058
CARM1,1.1232382,1.0983058
LSR,1.1232382,1.0983058
GPR107,1.1232382,1.0983058
OAS2,1.1232382,1.0983058
TMEM8B,1.1232382,1.0983058
GBP3,1.1232382,1.0983058
NDUFAF7,1.1232382,1.0983058
ZNF408,1.1232382,1.0983058
LMAN2L,1.1232382,1.0983058
TTC19,1.1232382,1.0983058
MAP10,1.1232382,1.0983058
HSPA2,1.1232382,1.0983058
FOXK1,1.1232382,1.0983058
DYTN,1.1232382,1.0983058
GRHPR,1.1232382,1.0983058
RAB44,1.1232382,1.0983058
HCLS1,1.1232382,1.0983058
SNTB2,1.1232382,1.0983058
POLR2C,1.1232382,1.0983058
IL17RE,1.1232382,1.0983058
RENBP,1.1232382,1.0983058
ESCO2,1.1232382,1.0983058
CCDC9,1.1232382,1.0983058
COQ2,1.1232382,1.0983058
FAM178B,1.1232382,1.0983058
CYTH4,1.1232382,1.0983058
PUS3,1.1232382,1.0983058
PRODH2,1.1232382,1.0983058
KRT9,1.1232382,1.0983058
PSMD2,1.1232382,1.0983058
SEC24D,1.1232382,1.0983058
ZNF823,1.1232382,1.0983058
SLC29A2,1.1232382,1.0983058
CYP3A43,1.1232382,1.0983058
SRM,1.1232382,1.0983058
GHRHR,1.1232382,1.0983058
HINFP,1.1232382,1.0983058
GK2,1.1232382,1.0983058
LAS1L,1.1232382,1.0983058
DDX19B,1.1232382,1.0983058
ETAA1,1.1232382,1.0983058
NOS1AP,1.1232382,1.0983058
N4BP1,1.1232382,1.0983058
CSGALNACT2,1.1232382,1.0983058
ATXN7L1,1.1232382,1.0983058
MYOD1,1.1232382,1.0983058
TTPAL,1.1232382,1.0983058
PHYHD1,1.1232382,1.0983058
SEC14L2,1.1232382,1.0983058
UBP1,1.1232382,1.0983058
BACE1,1.1232382,1.0983058
RUFY4,1.1232382,1.0983058
SLFN5,1.1232382,1.0983058
LRRC4B,1.1232382,1.0983058
CTSB,1.1232382,1.0983058
LRRC37B,1.1232382,1.0983058
MYC,1.1232382,1.0983058
NIPAL4,1.1232382,1.0983058
ITGB1,1.1232382,1.0983058
ZNF219,1.1232382,1.0983058
IREB2,1.1232382,1.0983058
ZNF845,1.1232382,1.0983058
ZCCHC24,1.1232382,1.0983058
APBA3,1.1232382,1.0983058
TDRD9,1.1232382,1.0983058
NR0B1,1.1232382,1.0983058
DHX32,1.1232382,1.0983058
STAT4,1.1232382,1.0983058
MOK,1.1232382,1.0983058
DCAF15,1.1232382,1.0983058
NDUFS7,1.1232382,1.0983058
STAC2,1.1232382,1.0983058
SPRTN,1.1232382,1.0983058
FLRT3,1.1232382,1.0983058
RNF169,1.1232382,1.0983058
EMID1,1.1232382,1.0983058
DICER1,1.1232382,1.0983058
SELE,1.1232382,1.0983058
SLC22A12,1.1232382,1.0983058
PGK1,1.1232382,1.0983058
GJA9,1.1232382,1.0983058
PPP3CB,1.1232382,1.0983058
HYAL2,1.1232382,1.0983058
ZFP91,1.1232382,1.0983058
METAP1,1.1232382,1.0983058
VPS36,1.1232382,1.0983058
WRAP73,1.1232382,1.0983058
SHF,1.1232382,1.0983058
BARHL1,1.1232382,1.0983058
GABRG1,1.1232382,1.0983058
CCDC178,1.1232382,1.0983058
COQ6,1.1232382,1.0983058
MINPP1,1.1232382,1.0983058
WDR62,1.1232382,1.0983058
LANCL2,1.1232382,1.0983058
APCDD1,1.1232382,1.0983058
FBRSL1,1.1232382,1.0983058
PPP2R5B,1.1232382,1.0983058
TIPARP,1.1232382,1.0983058
CLPTM1L,1.1232382,1.0983058
EPS15,1.1232382,1.0983058
PITX3,1.1232382,1.0983058
PTCHD4,1.1232382,1.0983058
TTC5,1.1232382,1.0983058
GTF2H1,1.1232382,1.0983058
AKAP8L,1.1232382,1.0983058
APEX1,1.1232382,1.0983058
KRT23,1.1232382,1.0983058
ELN,1.1232382,1.0983058
XKR7,1.1232382,1.0983058
ZNF493,1.1232382,1.0983058
HOMEZ,1.1232382,1.0983058
IGF2BP3,1.1232382,1.0983058
VNN2,1.1232382,1.0983058
TMEM232,1.1232382,1.0983058
B3GAT1,1.1232382,1.0983058
TRIM25,1.1232382,1.0983058
KRT13,1.1232382,1.0983058
PPP2R5E,1.1232382,1.0983058
CIP2A,1.1232382,1.0983058
ASB7,1.1232382,1.0983058
YY1AP1,1.1232382,1.0983058
PLA2G4D,1.1232382,1.0983058
SWT1,1.1232382,1.0983058
RPS6KL1,1.1232382,1.0983058
RSRC2,1.1232382,1.0983058
MAPT,1.1232382,1.0983058
FOXF2,1.1232382,1.0983058
SP3,1.1232382,1.0983058
UTP15,1.1232382,1.0983058
MANEAL,1.1232382,1.0983058
MINDY4,1.1232382,1.0983058
CLCN7,1.1232382,1.0983058
GPC4,1.1232382,1.0983058
NFYC,1.1232382,1.0983058
GPR37,1.1232382,1.0983058
GLP2R,1.1232382,1.0983058
WHAMM,1.1232382,1.0983058
SLC25A41,1.1232382,1.0983058
MROH6,1.1232382,1.0983058
PAK3,1.1232382,1.0983058
SRF,1.1232382,1.0983058
CLN6,1.1232382,1.0983058
SLC13A4,1.1232382,1.0983058
NDC80,1.1232382,1.0983058
SLC25A35,1.1232382,1.0983058
SOWAHB,1.1232382,1.0983058
EDA,1.1232382,1.0983058
ZNF628,1.1232382,1.0983058
PDE6C,1.1232382,1.0983058
PCID2,1.1232382,1.0983058
GTF3C4,1.1232382,1.0983058
HKR1,1.1232382,1.0983058
CFAP53,1.1232382,1.0983058
FAM126A,1.1232382,1.0983058
PHYH,1.1232382,1.0983058
PIP5K1B,1.1232382,1.0983058
LRP3,1.1232382,1.0983058
ETV6,1.1232382,1.0983058
REC8,1.1232382,1.0983058
SGCZ,1.1232382,1.0983058
RAG2,1.1232382,1.0983058
NUMB,1.1232382,1.0983058
PTPRC,1.1232382,1.0983058
LCLAT1,1.1232382,1.0983058
USH1G,1.1232382,1.0983058
PTCD3,1.1232382,1.0983058
CCDC149,1.1232382,1.0983058
EPN1,1.1232382,1.0983058
ARHGAP15,1.1232382,1.0983058
CYP2J2,1.1232382,1.0983058
ENO1,1.1232382,1.0983058
FAM171B,1.1232382,1.0983058
CHEK2,1.1232382,1.0983058
SLC43A1,1.1232382,1.0983058
PIAS3,1.1232382,1.0983058
RELB,1.1232382,1.0983058
SNTB1,1.1232382,1.0983058
JPH1,1.1232382,1.0983058
TLX1,1.1232382,1.0983058
ZNF354A,1.1232382,1.0983058
TMPO,1.1232382,1.0983058
NBN,1.1232382,1.0983058
HOXB6,1.1232382,1.0983058
IL27RA,1.1232382,1.0983058
GPAM,1.1232382,1.0983058
CBX8,1.1232382,1.0983058
DCLRE1B,1.1232382,1.0983058
POU3F2,1.1232382,1.0983058
ATG14,1.1232382,1.0983058
ZNF483,1.1232382,1.0983058
KIAA0100,1.1232382,1.0983058
SOAT1,1.1232382,1.0983058
ZBTB24,1.1232382,1.0983058
AP3M2,1.1232382,1.0983058
FAM193B,1.1232382,1.0983058
FAM161B,1.1232382,1.0983058
BICDL2,1.1232382,1.0983058
PLA2G3,1.1232382,1.0983058
LRRC45,1.1232382,1.0983058
FRS3,1.1232382,1.0983058
VKORC1,1.1232382,1.0983058
EARS2,1.1232382,1.0983058
GJA10,1.1232382,1.0983058
NCF2,1.1232382,1.0983058
UNCX,1.1232382,1.0983058
ACCS,1.1232382,1.0983058
HTR2C,1.1232382,1.0983058
EGLN1,1.1232382,1.0983058
MXI1,1.1232382,1.0983058
ERN2,1.1232382,1.0983058
ALDH8A1,1.1232382,1.0983058
BLNK,1.1232382,1.0983058
GDF6,1.1232382,1.0983058
TRRAP,1.1232382,1.0983058
IRX4,1.1232382,1.0983058
FOXA2,1.1232382,1.0983058
ERAL1,1.1232382,1.0983058
GCFC2,1.1232382,1.0983058
MFSD11,1.1232382,1.0983058
AGPAT1,1.1232382,1.0983058
CDC45,1.1232382,1.0983058
NKX2-2,1.1232382,1.0983058
PRR14,1.1232382,1.0983058
ZSCAN12,1.1232382,1.0983058
WARS,1.1232382,1.0983058
ZNF629,1.1232382,1.0983058
FBXO21,1.1232382,1.0983058
NT5DC3,1.1232382,1.0983058
DCAF4,1.1232382,1.0983058
RCOR2,1.1232382,1.0983058
GCGR,1.1232382,1.0983058
CHN1,1.1232382,1.0983058
FBXO31,1.1232382,1.0983058
CLGN,1.1232382,1.0983058
NARS,1.1232382,1.0983058
TMEM259,1.1232382,1.0983058
PTK6,1.1232382,1.0983058
BBS4,1.1232382,1.0983058
SLC9A8,1.1232382,1.0983058
RIC8B,1.1232382,1.0983058
SYN1,1.1232382,1.0983058
SNX1,1.1232382,1.0983058
GAS6,1.1232382,1.0983058
RALBP1,1.1232382,1.0983058
SLC8B1,1.1232382,1.0983058
PRKAA1,1.1232382,1.0983058
ACADSB,1.1232382,1.0983058
FBXL20,1.1232382,1.0983058
ZNF814,1.1232382,1.0983058
KRT76,1.1232382,1.0983058
UIMC1,1.1232382,1.0983058
FUT10,1.1232382,1.0983058
PARVA,1.1232382,1.0983058
DRD2,1.1232382,1.0983058
SPAG6,1.1232382,1.0983058
RNF14,1.1232382,1.0983058
CTSF,1.1232382,1.0983058
HMG20A,1.1232382,1.0983058
RPAP3,1.1232382,1.0983058
LTV1,1.1232382,1.0983058
SLC25A43,1.1232382,1.0983058
SH2D3A,1.1232382,1.0983058
FASTKD5,1.1232382,1.0983058
KRT3,1.1232382,1.0983058
EXOC5,1.1232382,1.0983058
KCNAB1,1.1232382,1.0983058
NIM1K,1.1232382,1.0983058
SVOPL,1.1232382,1.0983058
NONO,1.1232382,1.0983058
ZNF473,1.1232382,1.0983058
BIRC2,1.1232382,1.0983058
USP35,1.1232382,1.0983058
SLC22A13,1.1232382,1.0983058
MEIOC,1.1232382,1.0983058
ONECUT3,1.1232382,1.0983058
LRRC8A,1.1232382,1.0983058
MAML1,1.1232382,1.0983058
FAR1,1.1232382,1.0983058
POU2F3,1.1232382,1.0983058
SOCS5,1.1232382,1.0983058
POU3F3,1.1232382,1.0983058
HNRNPDL,1.1232382,1.0983058
ZNF622,1.1232382,1.0983058
SLC13A2,1.1232382,1.0983058
TFEB,1.1232382,1.0983058
QDPR,1.1232382,1.0983058
TTC30B,1.1232382,1.0983058
STK38,1.1232382,1.0983058
FBXL5,1.1232382,1.0983058
POU5F1,1.1232382,1.0983058
HSD3B7,1.1232382,1.0983058
SGMS1,1.1232382,1.0983058
CCNL2,1.1232382,1.0983058
FAM149B1,1.1232382,1.0983058
NUP54,1.1232382,1.0983058
UVRAG,1.1232382,1.0983058
CYP51A1,1.1232382,1.0983058
KRT33B,1.1232382,1.0983058
OTX1,1.1232382,1.0983058
CFAP100,1.1232382,1.0983058
SP4,1.1232382,1.0983058
KRBA1,1.1232382,1.0983058
ZNF180,1.1232382,1.0983058
LIAS,1.1232382,1.0983058
ADAM32,1.1232382,1.0983058
SNIP1,1.1232382,1.0983058
CLCA4,1.1232382,1.0983058
TNFRSF25,1.1232382,1.0983058
ZW10,1.1232382,1.0983058
TES,1.1232382,1.0983058
LMNTD2,1.1232382,1.0983058
SPHK2,1.1232382,1.0983058
CRMP1,1.1232382,1.0983058
LCMT2,1.1232382,1.0983058
SLC44A3,1.1232382,1.0983058
SLC2A9,1.1232382,1.0983058
CLK1,1.1232382,1.0983058
OSGIN1,1.1232382,1.0983058
GUCY2F,1.1232382,1.0983058
CIR1,1.1232382,1.0983058
TEAD3,1.1232382,1.0983058
KPNA3,1.1232382,1.0983058
CYP4A22,1.1232382,1.0983058
GPC2,1.1232382,1.0983058
PRSS23,1.1232382,1.0983058
TAF6L,1.1232382,1.0983058
DAPK2,1.1232382,1.0983058
FOXJ1,1.1232382,1.0983058
FRRS1,1.1232382,1.0983058
CYP46A1,1.1232382,1.0983058
FZD2,1.1232382,1.0983058
DOK5,1.1232382,1.0983058
CCNT1,1.1232382,1.0983058
DIS3,1.1232382,1.0983058
PRPSAP1,1.1232382,1.0983058
JHY,1.1232382,1.0983058
INTS9,1.1232382,1.0983058
UMPS,1.1232382,1.0983058
ALG12,1.1232382,1.0983058
STAT2,1.1232382,1.0983058
PATZ1,1.1232382,1.0983058
POU4F2,1.1232382,1.0983058
EIF2B2,1.1232382,1.0983058
MINDY2,1.1232382,1.0983058
FMO5,1.1232382,1.0983058
THOP1,1.1232382,1.0983058
PACSIN2,1.1232382,1.0983058
C17orf66,1.1232382,1.0983058
ZNF136,1.1232382,1.0983058
RBM23,1.1232382,1.0983058
WFIKKN2,1.1232382,1.0983058
FBXL4,1.1232382,1.0983058
GSPT2,1.1232382,1.0983058
THNSL2,1.1232382,1.0983058
PPHLN1,1.1232382,1.0983058
MFSD1,1.1232382,1.0983058
ZSCAN10,1.1232382,1.0983058
TMEM145,1.1232382,1.0983058
IL17RA,1.1232382,1.0983058
FUCA1,1.1232382,1.0983058
PTBP3,1.1232382,1.0983058
SLC25A28,1.1232382,1.0983058
KCNJ10,1.1232382,1.0983058
TUBD1,1.1232382,1.0983058
IQCE,1.1232382,1.0983058
ETV4,1.1232382,1.0983058
CHST15,1.1232382,1.0983058
GBP6,1.1232382,1.0983058
CSAD,1.1232382,1.0983058
MACC1,1.1232382,1.0983058
SLC1A5,1.1232382,1.0983058
DALRD3,1.1232382,1.0983058
CEP57,1.1232382,1.0983058
TOM1,1.1232382,1.0983058
SGO2,1.1232382,1.0983058
SLC25A5,1.1232382,1.0983058
POU3F4,1.1232382,1.0983058
TRAF3,1.1232382,1.0983058
CDCP1,1.1232382,1.0983058
EFCAB13,1.1232382,1.0983058
CDYL,1.1232382,1.0983058
TBRG4,1.1232382,1.0983058
LAP3,1.1232382,1.0983058
CHST8,1.1232382,1.0983058
CNDP2,1.1232382,1.0983058
TFCP2,1.1232382,1.0983058
MTPAP,1.1232382,1.0983058
TXLNA,1.1232382,1.0983058
CHRNA6,1.1232382,1.0983058
MAPK3,1.1232382,1.0983058
NCOA4,1.1232382,1.0983058
FANCC,1.1232382,1.0983058
NASP,1.1232382,1.0983058
UACA,1.1232382,1.0983058
FARS2,1.1232382,1.0983058
SLC1A7,1.1232382,1.0983058
MARCH6,1.1232382,1.0983058
FZD4,1.1232382,1.0983058
TNIP1,1.1232382,1.0983058
UBA2,1.1232382,1.0983058
TOP1MT,1.1232382,1.0983058
ZBTB48,1.1232382,1.0983058
CTCFL,1.1232382,1.0983058
KPNA2,1.1232382,1.0983058
NFKBIZ,1.1232382,1.0983058
MMACHC,1.1232382,1.0983058
PMPCB,1.1232382,1.0983058
SLC25A47,1.1232382,1.0983058
PIAS2,1.1232382,1.0983058
CCDC173,1.1232382,1.0983058
MZF1,1.1232382,1.0983058
RDH12,1.1232382,1.0983058
SOX4,1.1232382,1.0983058
CDC14B,1.1232382,1.0983058
BNC1,1.1232382,1.0983058
RTN3,1.1232382,1.0983058
UGT1A6,1.1232382,1.0983058
SLC18A3,1.1232382,1.0983058
KRT7,1.1232382,1.0983058
DDO,1.1232382,1.0983058
CMAS,1.1232382,1.0983058
CYP1A2,1.1232382,1.0983058
SLC23A3,1.1232382,1.0983058
PBX3,1.1232382,1.0983058
PLXDC1,1.1232382,1.0983058
TEAD2,1.1232382,1.0983058
CC2D2B,1.1232382,1.0983058
TTC14,1.1232382,1.0983058
USP1,1.1232382,1.0983058
SLC9A6,1.1232382,1.0983058
FBRS,1.1232382,1.0983058
SRPK3,1.1232382,1.0983058
SERPIND1,1.1232382,1.0983058
TMPRSS2,1.1232382,1.0983058
ARGLU1,1.1232382,1.0983058
ZBTB1,1.1232382,1.0983058
VANGL2,1.1232382,1.0983058
TSTA3,1.1232382,1.0983058
ZNF235,1.1232382,1.0983058
SLAIN1,1.1232382,1.0983058
ZBTB16,1.1232382,1.0983058
BIN1,1.1232382,1.0983058
AC005358.1,1.1232382,1.0983058
KIAA1024,1.1232382,1.0983058
ANAPC7,1.1232382,1.0983058
CES2,1.1232382,1.0983058
BEND4,1.1232382,1.0983058
CDHR4,1.1232382,1.0983058
DPYSL4,1.1232382,1.0983058
SLC49A3,1.1232382,1.0983058
AHI1,1.1232382,1.0983058
SPATA18,1.1232382,1.0983058
POLM,1.1232382,1.0983058
ZNF780A,1.1232382,1.0983058
VCP,1.1232382,1.0983058
C6orf10,1.1232382,1.0983058
DHDDS,1.1232382,1.0983058
MFSD6L,1.1232382,1.0983058
FLYWCH1,1.1232382,1.0983058
CNBD2,1.1232382,1.0983058
TENT2,1.1232382,1.0983058
IPO9,1.1232382,1.0983058
ZMPSTE24,1.1232382,1.0983058
ZPR1,1.1232382,1.0983058
MLC1,1.1232382,1.0983058
CTNS,1.1232382,1.0983058
LMOD2,1.1232382,1.0983058
DNAAF3,1.1232382,1.0983058
IL1RAPL1,1.1232382,1.0983058
MRI1,1.1232382,1.0983058
BTD,1.1232382,1.0983058
RSPH3,1.1232382,1.0983058
OTUD5,1.1232382,1.0983058
CYP26B1,1.1232382,1.0983058
DDX20,1.1232382,1.0983058
SLITRK6,1.1232382,1.0983058
SPATS2,1.1232382,1.0983058
DCX,1.1232382,1.0983058
HNRNPA1,1.1232382,1.0983058
FGG,1.1232382,1.0983058
PLCZ1,1.1232382,1.0983058
DRC1,1.1232382,1.0983058
PPP1R16B,1.1232382,1.0983058
SGPL1,1.1232382,1.0983058
FOXN2,1.1232382,1.0983058
MKNK2,1.1232382,1.0983058
TTC38,1.1232382,1.0983058
TH,1.1232382,1.0983058
ZBED4,1.1232382,1.0983058
CNOT4,1.1232382,1.0983058
CPVL,1.1232382,1.0983058
KPNA4,1.1232382,1.0983058
NOM1,1.1232382,1.0983058
KLHL38,1.1232382,1.0983058
CNTN1,1.1232382,1.0983058
SLC25A31,1.1232382,1.0983058
TRDMT1,1.1232382,1.0983058
AMH,1.1232382,1.0983058
DDX56,1.1232382,1.0983058
PWWP2A,1.1232382,1.0983058
ANGPTL6,1.1232382,1.0983058
PLD1,1.1232382,1.0983058
SMU1,1.1232382,1.0983058
IL17RD,1.1232382,1.0983058
POM121,1.1232382,1.0983058
CD44,1.1232382,1.0983058
ZNF112,1.1232382,1.0983058
GCM2,1.1232382,1.0983058
STK35,1.1232382,1.0983058
GJA5,1.1232382,1.0983058
CYP11B1,1.1232382,1.0983058
HOXC9,1.1232382,1.0983058
KCTD5,1.1232382,1.0983058
CYP2W1,1.1232382,1.0983058
ITPKB,1.1232382,1.0983058
AIP,1.1232382,1.0983058
TNNT3,1.1232382,1.0983058
FBXL13,1.1232382,1.0983058
RAD50,1.1232382,1.0983058
AOC3,1.1232382,1.0983058
SYBU,1.1232382,1.0983058
FAM205A,1.1232382,1.0983058
ZNF729,1.1232382,1.0983058
EDNRB,1.1232382,1.0983058
COG8,1.1232382,1.0983058
SLC1A1,1.1232382,1.0983058
ZNF574,1.1232382,1.0983058
HDAC8,1.1232382,1.0983058
TFCP2L1,1.1232382,1.0983058
ARHGAP25,1.1232382,1.0983058
PAX3,1.1232382,1.0983058
LMBR1,1.1232382,1.0983058
PATL2,1.1232382,1.0983058
PRTG,1.1232382,1.0983058
NPRL3,1.1232382,1.0983058
FBXO33,1.1232382,1.0983058
KRT31,1.1232382,1.0983058
CEL,1.1232382,1.0983058
ERO1A,1.1232382,1.0983058
THBS1,1.1232382,1.0983058
MIGA1,1.1232382,1.0983058
CLP1,1.1232382,1.0983058
CLK4,1.1232382,1.0983058
VSX2,1.1232382,1.0983058
SLC33A1,1.1232382,1.0983058
ANXA6,1.1232382,1.0983058
STRC,1.1232382,1.0983058
RACK1,1.1232382,1.0983058
IGSF8,1.1232382,1.0983058
MBOAT7,1.1232382,1.0983058
USP30,1.1232382,1.0983058
COG6,1.1232382,1.0983058
TBC1D19,1.1232382,1.0983058
KRT36,1.1232382,1.0983058
EEFSEC,1.1232382,1.0983058
SRRM4,1.1232382,1.0983058
UGT1A10,1.1232382,1.0983058
LRRC8D,1.1232382,1.0983058
ZSCAN29,1.1232382,1.0983058
MAPK6,1.1232382,1.0983058
STK25,1.1232382,1.0983058
PLA2G4A,1.1232382,1.0983058
B4GALT3,1.1232382,1.0983058
SNX18,1.1232382,1.0983058
ZNF135,1.1232382,1.0983058
PIK3AP1,1.1232382,1.0983058
FOXN1,1.1232382,1.0983058
CPZ,1.1232382,1.0983058
ATP6V1B1,1.1232382,1.0983058
SYN3,1.1232382,1.0983058
QRSL1,1.1232382,1.0983058
GPAT2,1.1232382,1.0983058
GDAP1,1.1232382,1.0983058
PELI2,1.1232382,1.0983058
DEUP1,1.1232382,1.0983058
SLC23A1,1.1232382,1.0983058
MARCO,1.1232382,1.0983058
F13B,1.1232382,1.0983058
CDAN1,1.1232382,1.0983058
PROB1,1.1232382,1.0983058
DCTN4,1.1232382,1.0983058
DYRK2,1.1232382,1.0983058
FUCA2,1.1232382,1.0983058
C3orf20,1.1232382,1.0983058
ZNF160,1.1232382,1.0983058
SLC25A44,1.1232382,1.0983058
PRPS2,1.1232382,1.0983058
PPIL4,1.1232382,1.0983058
NOLC1,1.1232382,1.0983058
RGS7,1.1232382,1.0983058
WNT2,1.1232382,1.0983058
TARDBP,1.1232382,1.0983058
GGT7,1.1232382,1.0983058
PPM1G,1.1232382,1.0983058
KLHDC8A,1.1232382,1.0983058
AATF,1.1232382,1.0983058
MAP1B,1.1232382,1.0983058
DDX19A,1.1232382,1.0983058
OTP,1.1232382,1.0983058
MCOLN2,1.1232382,1.0983058
FBXO40,1.1232382,1.0983058
MYOM3,1.1232382,1.0983058
SATL1,1.1232382,1.0983058
GEM,1.1232382,1.0983058
HERC3,1.1232382,1.0983058
TFRC,1.1232382,1.0983058
SNX4,1.1232382,1.0983058
NKX2-5,1.1232382,1.0983058
GMCL1,1.1232382,1.0983058
ANKK1,1.1232382,1.0983058
LIMCH1,1.1232382,1.0983058
RAB35,1.1232382,1.0983058
JADE3,1.1232382,1.0983058
TF,1.1232382,1.0983058
PRF1,1.1232382,1.0983058
NEURL1,1.1232382,1.0983058
FUT2,1.1232382,1.0983058
FBLN7,1.1232382,1.0983058
TTC24,1.1232382,1.0983058
PARP2,1.1232382,1.0983058
ACOT12,1.1232382,1.0983058
REM2,1.1232382,1.0983058
SPDL1,1.1232382,1.0983058
HMX3,1.1232382,1.0983058
NADK2,1.1232382,1.0983058
SEL1L2,1.1232382,1.0983058
DPY19L2,1.1232382,1.0983058
KRT39,1.1232382,1.0983058
IL1RAP,1.1232382,1.0983058
RYR3,1.1232382,1.0983058
SQLE,1.1232382,1.0983058
NLRC4,1.1232382,1.0983058
NKX2-6,1.1232382,1.0983058
PPARG,1.1232382,1.0983058
ALPG,1.1232382,1.0983058
CCDC177,1.1232382,1.0983058
FDFT1,1.1232382,1.0983058
ZNF184,1.1232382,1.0983058
NUTM1,1.1232382,1.0983058
SLFN14,1.1232382,1.0983058
TMEM117,1.1232382,1.0983058
LTK,1.1232382,1.0983058
ACSM5,1.1232382,1.0983058
SLC6A14,1.1232382,1.0983058
WASHC2A,1.1232382,1.0983058
GHR,1.1232382,1.0983058
BAP1,1.1232382,1.0983058
IDH3A,1.1232382,1.0983058
STEAP4,1.1232382,1.0983058
GAPDHS,1.1232382,1.0983058
TIA1,1.1232382,1.0983058
ZKSCAN7,1.1232382,1.0983058
SLC2A7,1.1232382,1.0983058
CARD6,1.1232382,1.0983058
IDH3B,1.1232382,1.0983058
ATRN,1.1232382,1.0983058
FAM186B,1.1232382,1.0983058
LRRC36,1.1232382,1.0983058
HEPHL1,1.1232382,1.0983058
CCNB3,1.1232382,1.0983058
ZBTB44,1.1232382,1.0983058
AGBL4,1.1232382,1.0983058
KLHL41,1.1232382,1.0983058
ALDH1B1,1.1232382,1.0983058
ZSCAN9,1.1232382,1.0983058
CES4A,1.1232382,1.0983058
MAF,1.1232382,1.0983058
KCNAB2,1.1232382,1.0983058
SLC29A4,1.1232382,1.0983058
NAALADL2,1.1232382,1.0983058
RFC4,1.1232382,1.0983058
SLC12A8,1.1232382,1.0983058
IQGAP2,1.1232382,1.0983058
BYSL,1.1232382,1.0983058
SLC25A11,1.1232382,1.0983058
SREK1,1.1232382,1.0983058
SLC25A20,1.1232382,1.0983058
SLC1A2,1.1232382,1.0983058
CYP7B1,1.1232382,1.0983058
POU3F1,1.1232382,1.0983058
ATAD3C,1.1232382,1.0983058
IFT172,1.1232382,1.0983058
GJB3,1.1232382,1.0983058
ZFP62,1.1232382,1.0983058
BDH1,1.1232382,1.0983058
ILDR1,1.1232382,1.0983058
KLHL23,1.1232382,1.0983058
ADGRF1,1.1232382,1.0983058
ZNF311,1.1232382,1.0983058
CDRT1,1.1232382,1.0983058
MYEF2,1.1232382,1.0983058
PRR36,1.1232382,1.0983058
ALG9,1.1232382,1.0983058
RPN1,1.1232382,1.0983058
HOXB3,1.1232382,1.0983058
MAPK13,1.1232382,1.0983058
ACRBP,1.1232382,1.0983058
RAD21,1.1232382,1.0983058
PLXNC1,1.1232382,1.0983058
GLP1R,1.1232382,1.0983058
GTF2H4,1.1232382,1.0983058
ASB16,1.1232382,1.0983058
CRHR2,1.1232382,1.0983058
RUSC1,1.1232382,1.0983058
STRADA,1.1232382,1.0983058
XRCC6,1.1232382,1.0983058
CDH19,1.1232382,1.0983058
WDR13,1.1232382,1.0983058
CCDC174,1.1232382,1.0983058
ZNF185,1.1232382,1.0983058
SLC25A3,1.1232382,1.0983058
PADI1,1.1232382,1.0983058
DAXX,1.1232382,1.0983058
ARFGAP2,1.1232382,1.0983058
DDX28,1.1232382,1.0983058
TADA2A,1.1232382,1.0983058
ZNF585B,1.1232382,1.0983058
NEU4,1.1232382,1.0983058
USP22,1.1232382,1.0983058
ALDOB,1.1232382,1.0983058
CTPS2,1.1232382,1.0983058
ANKRD42,1.1232382,1.0983058
ZSWIM2,1.1232382,1.0983058
ZBBX,1.1232382,1.0983058
PUS10,1.1232382,1.0983058
TUBE1,1.1232382,1.0983058
REPS1,1.1232382,1.0983058
REST,1.1232382,1.0983058
UBQLN1,1.1232382,1.0983058
KCNC3,1.1232382,1.0983058
SLC6A16,1.1232382,1.0983058
DDX6,1.1232382,1.0983058
NECTIN2,1.1232382,1.0983058
CYTH2,1.1232382,1.0983058
WLS,1.1232382,1.0983058
SHC4,1.1232382,1.0983058
CNTN4,1.1232382,1.0983058
TGS1,1.1232382,1.0983058
KBTBD3,1.1232382,1.0983058
RAD17,1.1232382,1.0983058
PRRT3,1.1232382,1.0983058
TSC22D1,1.1232382,1.0983058
KCNK10,1.1232382,1.0983058
SDHB,1.1232382,1.0983058
GSTCD,1.1232382,1.0983058
DISC1,1.1232382,1.0983058
ZNF516,1.1232382,1.0983058
ZNF624,1.1232382,1.0983058
MARCH7,1.1232382,1.0983058
SCARB2,1.1232382,1.0983058
CDKN2A,1.1232382,1.0983058
EED,1.1232382,1.0983058
EVL,1.1232382,1.0983058
SSX2IP,1.1232382,1.0983058
SH3RF2,1.1232382,1.0983058
IFT74,1.1232382,1.0983058
ACSM1,1.1232382,1.0983058
C9,1.1232382,1.0983058
PPM1J,1.1232382,1.0983058
SLC18A1,1.1232382,1.0983058
RDH5,1.1232382,1.0983058
DEPDC1B,1.1232382,1.0983058
CFAP45,1.1232382,1.0983058
FAM83G,1.1232382,1.0983058
RGMB,1.1232382,1.0983058
RNF139,1.1232382,1.0983058
SLC39A6,1.1232382,1.0983058
HPD,1.1232382,1.0983058
ITPKC,1.1232382,1.0983058
TMEM209,1.1232382,1.0983058
MFSD14A,1.1232382,1.0983058
ZNF395,1.1232382,1.0983058
HAUS6,1.1232382,1.0983058
SYT9,1.1232382,1.0983058
KRT27,1.1232382,1.0983058
PEX1,1.1232382,1.0983058
CHRNA5,1.1232382,1.0983058
ASCC2,1.1232382,1.0983058
RTN4,1.1232382,1.0983058
DRG2,1.1232382,1.0983058
ZNF544,1.1232382,1.0983058
TMPRSS11A,1.1232382,1.0983058
MGAT2,1.1232382,1.0983058
VIPR1,1.1232382,1.0983058
ZPLD1,1.1232382,1.0983058
GJC1,1.1232382,1.0983058
ITIH6,1.1232382,1.0983058
KLHL34,1.1232382,1.0983058
KLHL33,1.1232382,1.0983058
TP53BP1,1.1232382,1.0983058
HOXA3,1.1232382,1.0983058
ACTL7A,1.1232382,1.0983058
GGT5,1.1232382,1.0983058
ZNF133,1.1232382,1.0983058
URI1,1.1232382,1.0983058
COX10,1.1232382,1.0983058
KRT24,1.1232382,1.0983058
PCDHGB3,1.1232382,1.0983058
OSBPL2,1.1232382,1.0983058
CCDC47,1.1232382,1.0983058
DEPDC7,1.1232382,1.0983058
NHSL2,1.1232382,1.0983058
SLCO4C1,1.1232382,1.0983058
FUBP1,1.1232382,1.0983058
RSPH6A,1.1232382,1.0983058
GPAA1,1.1232382,1.0983058
SLC22A15,1.1232382,1.0983058
MOV10L1,1.1232382,1.0983058
NKRF,1.1232382,1.0983058
ADAM28,1.1232382,1.0983058
RHPN2,1.1232382,1.0983058
MAEA,1.1232382,1.0983058
MTRF1,1.1232382,1.0983058
LMCD1,1.1232382,1.0983058
PCDHA1,1.1232382,1.0983058
SSH2,1.1232382,1.0983058
HES6,1.1232382,1.0983058
EGF,1.1232382,1.0983058
SLC22A3,1.1232382,1.0983058
EIF2D,1.1232382,1.0983058
L3MBTL4,1.1232382,1.0983058
CYP24A1,1.1232382,1.0983058
KBTBD11,1.1232382,1.0983058
THSD7A,1.1232382,1.0983058
SRL,1.1232382,1.0983058
MGAT3,1.1232382,1.0983058
ALKBH8,1.1232382,1.0983058
ZNF791,1.1232382,1.0983058
NLRP4,1.1232382,1.0983058
SCPEP1,1.1232382,1.0983058
PAX4,1.1232382,1.0983058
ATP10B,1.1232382,1.0983058
GPR156,1.1232382,1.0983058
TRIM41,1.1232382,1.0983058
CACNA2D1,1.1232382,1.0983058
MRPS9,1.1232382,1.0983058
TGM4,1.1232382,1.0983058
KRT79,1.1232382,1.0983058
AMT,1.1232382,1.0983058
PWP1,1.1232382,1.0983058
NRIP1,1.1232382,1.0983058
DENND1C,1.1232382,1.0983058
NETO1,1.1232382,1.0983058
MTF1,1.1232382,1.0983058
GSAP,1.1232382,1.0983058
ZNF598,1.1232382,1.0983058
BAG3,1.1232382,1.0983058
GATAD2B,1.1232382,1.0983058
FAM98A,1.1232382,1.0983058
PDHA2,1.1232382,1.0983058
PCDHGA1,1.1232382,1.0983058
PRSS53,1.1232382,1.0983058
TMCC1,1.1232382,1.0983058
ZNF287,1.1232382,1.0983058
ZFYVE19,1.1232382,1.0983058
SECISBP2L,1.1232382,1.0983058
DNAJC3,1.1232382,1.0983058
TRIP6,1.1232382,1.0983058
ZKSCAN5,1.1232382,1.0983058
KHDC4,1.1232382,1.0983058
SERGEF,1.1232382,1.0983058
SLC22A16,1.1232382,1.0983058
SLC25A42,1.1232382,1.0983058
SLC2A3,1.1232382,1.0983058
ASNSD1,1.1232382,1.0983058
TRAF3IP3,1.1232382,1.0983058
GABRP,1.1232382,1.0983058
ACTR3B,1.1232382,1.0983058
SOX2,1.1232382,1.0983058
PISD,1.1232382,1.0983058
CANX,1.1232382,1.0983058
TAZ,1.1232382,1.0983058
NR1I2,1.1232382,1.0983058
SH3BP5,1.1232382,1.0983058
TENT4B,1.1232382,1.0983058
ADGRG1,1.1232382,1.0983058
ALG6,1.1232382,1.0983058
ZER1,1.1232382,1.0983058
FKBP4,1.1232382,1.0983058
LUC7L,1.1232382,1.0983058
RBFOX1,1.1232382,1.0983058
DNAJA3,1.1232382,1.0983058
TBC1D17,1.1232382,1.0983058
DZIP1,1.1232382,1.0983058
CAMTA1,1.1232382,1.0983058
C2CD3,1.1232382,1.0983058
SLC28A3,1.1232382,1.0983058
DLAT,1.1232382,1.0983058
KMT5A,1.1232382,1.0983058
SLC30A6,1.1232382,1.0983058
KIRREL2,1.1232382,1.0983058
SLC22A2,1.1232382,1.0983058
SYT10,1.1232382,1.0983058
QSOX2,1.1232382,1.0983058
GABRA6,1.1232382,1.0983058
ZNF276,1.1232382,1.0983058
HAGH,1.1232382,1.0983058
SLC2A14,1.1232382,1.0983058
APPL2,1.1232382,1.0983058
CNKSR3,1.1232382,1.0983058
ZNF208,1.1232382,1.0983058
CCDC81,1.1232382,1.0983058
KRT71,1.1232382,1.0983058
TRAPPC12,1.1232382,1.0983058
EIPR1,1.1232382,1.0983058
RELA,1.1232382,1.0983058
KRT72,1.1232382,1.0983058
SRPX,1.1232382,1.0983058
GRID1,1.1232382,1.0983058
MYBL1,1.1232382,1.0983058
ANKRD18B,1.1232382,1.0983058
ZNF585A,1.1232382,1.0983058
LAMB3,1.1232382,1.0983058
PTPN7,1.1232382,1.0983058
FSCN3,1.1232382,1.0983058
ERMARD,1.1232382,1.0983058
WASHC2C,1.1232382,1.0983058
TBX6,1.1232382,1.0983058
CHUK,1.1232382,1.0983058
NLRP11,1.1232382,1.0983058
DACH2,1.1232382,1.0983058
PHACTR4,1.1232382,1.0983058
FOLH1,1.1232382,1.0983058
HSPA8,1.1232382,1.0983058
KPNA7,1.1232382,1.0983058
CYP2U1,1.1232382,1.0983058
CBFA2T3,1.1232382,1.0983058
INPP5A,1.1232382,1.0983058
NCAPH2,1.1232382,1.0983058
HAS2,1.1232382,1.0983058
GRB14,1.1232382,1.0983058
ENPP2,1.1232382,1.0983058
CPNE7,1.1232382,1.0983058
TNNT1,1.1232382,1.0983058
MGAT4A,1.1232382,1.0983058
SAMD8,1.1232382,1.0983058
THAP12,1.1232382,1.0983058
OPA3,1.1232382,1.0983058
ILVBL,1.1232382,1.0983058
SLC2A12,1.1232382,1.0983058
PHC2,1.1232382,1.0983058
BACH2,1.1232382,1.0983058
ENO2,1.1232382,1.0983058
SPOPL,1.1232382,1.0983058
DVL2,1.1232382,1.0983058
ANKRD55,1.1232382,1.0983058
ZBTB49,1.1232382,1.0983058
PDZD8,1.1232382,1.0983058
GDA,1.1232382,1.0983058
RTN2,1.1232382,1.0983058
HOOK1,1.1232382,1.0983058
TMCC2,1.1232382,1.0983058
SEPT6,1.1232382,1.0983058
KRT28,1.1232382,1.0983058
ZNF800,1.1232382,1.0983058
MATN3,1.1232382,1.0983058
AUP1,1.1232382,1.0983058
CBFA2T2,1.1232382,1.0983058
SLCO1B7,1.1232382,1.0983058
SLC19A2,1.1232382,1.0983058
SLC17A8,1.1232382,1.0983058
KY,1.1232382,1.0983058
HNRNPAB,1.1232382,1.0983058
MMP19,1.1232382,1.0983058
BCKDHB,1.1232382,1.0983058
SIX1,1.1232382,1.0983058
MAPK8,1.1232382,1.0983058
AKT2,1.1232382,1.0983058
DCAF10,1.1232382,1.0983058
SEC14L4,1.1232382,1.0983058
SNRK,1.1232382,1.0983058
CCDC13,1.1232382,1.0983058
CWF19L2,1.1232382,1.0983058
KHNYN,1.1232382,1.0983058
RLIM,1.1232382,1.0983058
GRAP2,1.1232382,1.0983058
HSF4,1.1232382,1.0983058
CHRM3,1.1232382,1.0983058
WSCD2,1.1232382,1.0983058
NOA1,1.1232382,1.0983058
LMAN1,1.1232382,1.0983058
FNTB,1.1232382,1.0983058
NLE1,1.1232382,1.0983058
SLC9A9,1.1232382,1.0983058
SPATA5L1,1.1232382,1.0983058
IQCA1,1.1232382,1.0983058
TOR1AIP1,1.1232382,1.0983058
ADAMTSL2,1.1232382,1.0983058
ECHDC2,1.1232382,1.0983058
THOC2,1.1232382,1.0983058
DDX18,1.1232382,1.0983058
EFHC2,1.1232382,1.0983058
FES,1.1232382,1.0983058
ACSBG1,1.1232382,1.0983058
PABPC4,1.1232382,1.0983058
CFLAR,1.1232382,1.0983058
GJD2,1.1232382,1.0983058
PRRT4,1.1232382,1.0983058
WNT11,1.1232382,1.0983058
TBX5,1.1232382,1.0983058
ATXN7,1.1232382,1.0983058
NLRP8,1.1232382,1.0983058
AOAH,1.1232382,1.0983058
AGXT2,1.1232382,1.0983058
SLC2A11,1.1232382,1.0983058
LCORL,1.1232382,1.0983058
EIF2B3,1.1232382,1.0983058
EFCAB7,1.1232382,1.0983058
FAM83H,1.1232382,1.0983058
HS3ST2,1.1232382,1.0983058
TRIM6,1.1232382,1.0983058
TEX11,1.1232382,1.0983058
KLHDC7A,1.1232382,1.0983058
AOC2,1.1232382,1.0983058
CAPS2,1.1232382,1.0983058
DNAJC21,1.1232382,1.0983058
SYTL4,1.1232382,1.0983058
WNT8B,1.1232382,1.0983058
CTAGE5,1.1232382,1.0983058
BFSP1,1.1232382,1.0983058
NLK,1.1232382,1.0983058
PTPN2,1.1232382,1.0983058
SPNS2,1.1232382,1.0983058
ZYG11A,1.1232382,1.0983058
SIX3,1.1232382,1.0983058
NEK5,1.1232382,1.0983058
ZNF711,1.1232382,1.0983058
GABRA3,1.1232382,1.0983058
PFKP,1.1232382,1.0983058
PALB2,1.1232382,1.0983058
NYAP1,1.1232382,1.0983058
ATAD1,1.1232382,1.0983058
GBP1,1.1232382,1.0983058
BICRAL,1.1232382,1.0983058
FLOT1,1.1232382,1.0983058
SUCLA2,1.1232382,1.0983058
IGF2BP1,1.1232382,1.0983058
KRT84,1.1232382,1.0983058
LRRC1,1.1232382,1.0983058
TRIM8,1.1232382,1.0983058
OSGIN2,1.1232382,1.0983058
RETSAT,1.1232382,1.0983058
TBXAS1,1.1232382,1.0983058
BBS12,1.1232382,1.0983058
SLC45A3,1.1232382,1.0983058
FMO1,1.1232382,1.0983058
GATM,1.1232382,1.0983058
TOMM70,1.1232382,1.0983058
NKD1,1.1232382,1.0983058
SH3BP4,1.1232382,1.0983058
USP16,1.1232382,1.0983058
KCNS2,1.1232382,1.0983058
DVL1,1.1232382,1.0983058
RPS6KA6,1.1232382,1.0983058
TRIM28,1.1232382,1.0983058
MIS18BP1,1.1232382,1.0983058
KCNJ11,1.1232382,1.0983058
UHRF2,1.1232382,1.0983058
GMPR2,1.1232382,1.0983058
PGAP1,1.1232382,1.0983058
SEPT11,1.1232382,1.0983058
QTRT1,1.1232382,1.0983058
ADNP2,1.1232382,1.0983058
MMRN2,1.1232382,1.0983058
RAB11FIP3,1.1232382,1.0983058
SENP3,1.1232382,1.0983058
HNRNPM,1.1232382,1.0983058
CPNE4,1.1232382,1.0983058
ST7L,1.1232382,1.0983058
SH3BP5L,1.1232382,1.0983058
MAMDC2,1.1232382,1.0983058
ACSL4,1.1232382,1.0983058
KANK3,1.1232382,1.0983058
PCDHB15,1.1232382,1.0983058
MROH9,1.1232382,1.0983058
BACH1,1.1232382,1.0983058
ASIC4,1.1232382,1.0983058
CDCA2,1.1232382,1.0983058
CDHR1,1.1232382,1.0983058
NFKB2,1.1232382,1.0983058
PRPF38A,1.1232382,1.0983058
SALL2,1.1232382,1.0983058
IL12RB2,1.1232382,1.0983058
BMP4,1.1232382,1.0983058
ARFIP2,1.1232382,1.0983058
MBOAT1,1.1232382,1.0983058
DPP7,1.1232382,1.0983058
NGFR,1.1232382,1.0983058
ZCCHC8,1.1232382,1.0983058
PBX2,1.1232382,1.0983058
PCDHA10,1.1232382,1.0983058
CALCOCO1,1.1232382,1.0983058
LCTL,1.1232382,1.0983058
CTNNAL1,1.1232382,1.0983058
GNA15,1.1232382,1.0983058
TTF1,1.1232382,1.0983058
SHTN1,1.1232382,1.0983058
FAF2,1.1232382,1.0983058
NFIC,1.1232382,1.0983058
SLFN11,1.1232382,1.0983058
TRAF3IP1,1.1232382,1.0983058
PHF1,1.1232382,1.0983058
TARS,1.1232382,1.0983058
ATAD3A,1.1232382,1.0983058
ZNF862,1.1232382,1.0983058
CFAP221,1.1232382,1.0983058
RRP1B,1.1232382,1.0983058
ALG5,1.1232382,1.0983058
INTU,1.1232382,1.0983058
PHACTR3,1.1232382,1.0983058
SLC47A1,1.1232382,1.0983058
CDYL2,1.1232382,1.0983058
GJA8,1.1232382,1.0983058
SLC17A6,1.1232382,1.0983058
DUSP16,1.1232382,1.0983058
MFSD5,1.1232382,1.0983058
PNLIP,1.1232382,1.0983058
RNF8,1.1232382,1.0983058
ALG2,1.1232382,1.0983058
WDR37,1.1232382,1.0983058
PIGB,1.1232382,1.0983058
MSI1,1.1232382,1.0983058
IKZF1,1.1232382,1.0983058
LRGUK,1.1232382,1.0983058
SLC9A4,1.1232382,1.0983058
MMP24,1.1232382,1.0983058
ROCK1,1.1232382,1.0983058
TKTL2,1.1232382,1.0983058
RCL1,1.1232382,1.0983058
MPP7,1.1232382,1.0983058
SCMH1,1.1232382,1.0983058
HSPA12A,1.1232382,1.0983058
WNT9A,1.1232382,1.0983058
GRAMD4,1.1232382,1.0983058
DHODH,1.1232382,1.0983058
ARFGAP1,1.1232382,1.0983058
DNAJC1,1.1232382,1.0983058
ARSH,1.1232382,1.0983058
ANKRD13C,1.1232382,1.0983058
MAPKAP1,1.1232382,1.0983058
SLC25A22,1.1232382,1.0983058
FBXO9,1.1232382,1.0983058
PARG,1.1232382,1.0983058
MEF2A,1.1232382,1.0983058
LMF1,1.1232382,1.0983058
PIGV,1.1232382,1.0983058
PIAS1,1.1232382,1.0983058
NRF1,1.1232382,1.0983058
SLC2A6,1.1232382,1.0983058
KRT18,1.1232382,1.0983058
MEF2B,1.1232382,1.0983058
PRKD2,1.1232382,1.0983058
RFX5,1.1232382,1.0983058
ZC3H12D,1.1232382,1.0983058
PMPCA,1.1232382,1.0983058
AKT3,1.1232382,1.0983058
IRF9,1.1232382,1.0983058
CDC16,1.1232382,1.0983058
AQP1,1.1232382,1.0983058
GGA1,1.1232382,1.0983058
TGFBRAP1,1.1232382,1.0983058
SLITRK5,1.1232382,1.0983058
TAF4B,1.1232382,1.0983058
ATF6B,1.1232382,1.0983058
PHKG2,1.1232382,1.0983058
LRWD1,1.1232382,1.0983058
MEIS1,1.1232382,1.0983058
API5,1.1232382,1.0983058
LIN54,1.1232382,1.0983058
MAG,1.1232382,1.0983058
NEK2,1.1232382,1.0983058
C3orf67,1.1232382,1.0983058
PLBD2,1.1232382,1.0983058
SCFD2,1.1232382,1.0983058
ZNF217,1.1232382,1.0983058
POLR1C,1.1232382,1.0983058
AFAP1L2,1.1232382,1.0983058
CSRNP3,1.1232382,1.0983058
RNF103,1.1232382,1.0983058
CDCA7L,1.1232382,1.0983058
ZDHHC13,1.1232382,1.0983058
ZFP90,1.1232382,1.0983058
TOM1L2,1.1232382,1.0983058
TTC8,1.1232382,1.0983058
UTP4,1.1232382,1.0983058
TRMT2A,1.1232382,1.0983058
PLXDC2,1.1232382,1.0983058
MUM1,1.1232382,1.0983058
GLDC,1.1232382,1.0983058
CAMK2D,1.1232382,1.0983058
ADGRE5,1.1232382,1.0983058
KCNJ16,1.1232382,1.0983058
LIMD1,1.1232382,1.0983058
WDR1,1.1232382,1.0983058
PTCHD3,1.1232382,1.0983058
SEPT4,1.1232382,1.0983058
USF1,1.1232382,1.0983058
CEP85,1.1232382,1.0983058
SLC22A17,1.1232382,1.0983058
SLC1A3,1.1232382,1.0983058
HABP2,1.1232382,1.0983058
DSC3,1.1232382,1.0983058
PLCH1,1.1232382,1.0983058
KRT77,1.1232382,1.0983058
ZNF74,1.1232382,1.0983058
DNAJC14,1.1232382,1.0983058
LRFN1,1.1232382,1.0983058
NUAK2,1.1232382,1.0983058
IL31RA,1.1232382,1.0983058
MID1,1.1232382,1.0983058
QSOX1,1.1232382,1.0983058
EPS8L3,1.1232382,1.0983058
TMEM132A,1.1232382,1.0983058
PPP3CC,1.1232382,1.0983058
ZNF333,1.1232382,1.0983058
CEP83,1.1232382,1.0983058
RBM28,1.1232382,1.0983058
CCT6A,1.1232382,1.0983058
FASTKD1,1.1232382,1.0983058
PHC1,1.1232382,1.0983058
C2orf42,1.1232382,1.0983058
PGD,1.1232382,1.0983058
TROAP,1.1232382,1.0983058
TNFRSF1A,1.1232382,1.0983058
LRRC8C,1.1232382,1.0983058
CDK5RAP3,1.1232382,1.0983058
CIAO3,1.1232382,1.0983058
LPCAT3,1.1232382,1.0983058
PRKAA2,1.1232382,1.0983058
PDZD4,1.1232382,1.0983058
F2,1.1232382,1.0983058
TMEM161A,1.1232382,1.0983058
SMARCD3,1.1232382,1.0983058
EEPD1,1.1232382,1.0983058
ADCK1,1.1232382,1.0983058
TUBB2B,1.1232382,1.0983058
ZBTB47,1.1232382,1.0983058
TRIM32,1.1232382,1.0983058
NYAP2,1.1232382,1.0983058
TMEM63C,1.1232382,1.0983058
HDAC2,1.1232382,1.0983058
MDM1,1.1232382,1.0983058
PCDHA9,1.1232382,1.0983058
AJM1,1.1232382,1.0983058
KLHL17,1.1232382,1.0983058
ABHD4,1.1232382,1.0983058
MASTL,1.1232382,1.0983058
STEAP2,1.1232382,1.0983058
NELFE,1.1232382,1.0983058
NLRP9,1.1232382,1.0983058
DOK7,1.1232382,1.0983058
PSMC6,1.1232382,1.0983058
CLINT1,1.1232382,1.0983058
MIER1,1.1232382,1.0983058
GPM6B,1.1232382,1.0983058
EPS8L2,1.1232382,1.0983058
NUCB1,1.1232382,1.0983058
C10orf71,1.1232382,1.0983058
RALGPS2,1.1232382,1.0983058
GDI2,1.1232382,1.0983058
GABRQ,1.1232382,1.0983058
ZNF45,1.1232382,1.0983058
WDR76,1.1232382,1.0983058
IRF7,1.1232382,1.0983058
HSPA12B,1.1232382,1.0983058
CHST5,1.1232382,1.0983058
CSTF1,1.1232382,1.0983058
CREM,1.1232382,1.0983058
DNM2,1.1232382,1.0983058
NDUFA9,1.1232382,1.0983058
FEM1C,1.1232382,1.0983058
UBA3,1.1232382,1.0983058
PHF10,1.1232382,1.0983058
EGFL6,1.1232382,1.0983058
PRKAG3,1.1232382,1.0983058
SCUBE1,1.1232382,1.0983058
CRLF1,1.1232382,1.0983058
A2M,1.1232382,1.0983058
TXNDC11,1.1232382,1.0983058
URGCP,1.1232382,1.0983058
CCDC33,1.1232382,1.0983058
MAT2A,1.1232382,1.0983058
MPI,1.1232382,1.0983058
AGPAT3,1.1232382,1.0983058
DDX52,1.1232382,1.0983058
PRKAG1,1.1232382,1.0983058
TSNAXIP1,1.1232382,1.0983058
PCDHGA9,1.1232382,1.0983058
NADK,1.1232382,1.0983058
GK5,1.1232382,1.0983058
KRT82,1.1232382,1.0983058
PPARGC1A,1.1232382,1.0983058
DMAP1,1.1232382,1.0983058
ZC3H6,1.1232382,1.0983058
SCLY,1.1232382,1.0983058
GMPR,1.1232382,1.0983058
PDSS1,1.1232382,1.0983058
CHST4,1.1232382,1.0983058
EP400,1.1232382,1.0983058
CHRNB3,1.1232382,1.0983058
GEN1,1.1232382,1.0983058
JPH2,1.1232382,1.0983058
CAPN5,1.1232382,1.0983058
GLRB,1.1232382,1.0983058
APEH,1.1232382,1.0983058
ACBD3,1.1232382,1.0983058
AIPL1,1.1232382,1.0983058
FHL2,1.1232382,1.0983058
PPP1R26,1.1232382,1.0983058
PRICKLE2,1.1232382,1.0983058
GALK1,1.1232382,1.0983058
HELB,1.1232382,1.0983058
ISL1,1.1232382,1.0983058
CDH17,1.1232382,1.0983058
DPH2,1.1232382,1.0983058
HPS1,1.1232382,1.0983058
NDUFA10,1.1232382,1.0983058
KDM2A,1.1232382,1.0983058
PIPOX,1.1232382,1.0983058
SIRT1,1.1232382,1.0983058
DHX40,1.1232382,1.0983058
BRD2,1.1232382,1.0983058
EXD3,1.1232382,1.0983058
LCA5,1.1232382,1.0983058
MID2,1.1232382,1.0983058
TBC1D10C,1.1232382,1.0983058
FOXP3,1.1232382,1.0983058
SYCP2L,1.1232382,1.0983058
SLC25A37,1.1232382,1.0983058
PCDHA12,1.1232382,1.0983058
SCNN1B,1.1232382,1.0983058
SMARCAD1,1.1232382,1.0983058
KLHL35,1.1232382,1.0983058
DCST1,1.1232382,1.0983058
ANO10,1.1232382,1.0983058
ESRRA,1.1232382,1.0983058
MPP2,1.1232382,1.0983058
NLRP7,1.1232382,1.0983058
PLK2,1.1232382,1.0983058
GPAT3,1.1232382,1.0983058
IRAK1,1.1232382,1.0983058
PDE12,1.1232382,1.0983058
NDST1,1.1232382,1.0983058
P4HA3,1.1232382,1.0983058
TTLL9,1.1232382,1.0983058
FKTN,1.1232382,1.0983058
ATXN1,1.1232382,1.0983058
TTC39B,1.1232382,1.0983058
SEC14L3,1.1232382,1.0983058
NOP58,1.1232382,1.0983058
ZNF343,1.1232382,1.0983058
TLR8,1.1232382,1.0983058
TSHZ3,1.1232382,1.0983058
FOXRED2,1.1232382,1.0983058
STAT5A,1.1232382,1.0983058
MASP1,1.1232382,1.0983058
NMNAT2,1.1232382,1.0983058
SSBP3,1.1232382,1.0983058
SUMF1,1.1232382,1.0983058
LRTOMT,1.1232382,1.0983058
NCLN,1.1232382,1.0983058
FA2H,1.1232382,1.0983058
PXK,1.1232382,1.0983058
ARHGEF25,1.1232382,1.0983058
NCDN,1.1232382,1.0983058
BFSP2,1.1232382,1.0983058
SF1,1.1232382,1.0983058
ERAP2,1.1232382,1.0983058
NRBP1,1.1232382,1.0983058
MFSD8,1.1232382,1.0983058
GNAI2,1.1232382,1.0983058
GJA1,1.1232382,1.0983058
SELENBP1,1.1232382,1.0983058
KCNH4,1.1232382,1.0983058
MORC2,1.1232382,1.0983058
DZANK1,1.1232382,1.0983058
MBD3,1.1232382,1.0983058
FOXO4,1.1232382,1.0983058
TMPRSS3,1.1232382,1.0983058
ZNF512,1.1232382,1.0983058
PPAT,1.1232382,1.0983058
ALDH1A2,1.1232382,1.0983058
HHATL,1.1232382,1.0983058
AGRN,1.1232382,1.0983058
TMEM132E,1.1232382,1.0983058
RASGRP2,1.1232382,1.0983058
VEZT,1.1232382,1.0983058
ALB,1.1232382,1.0983058
PDE7B,1.1232382,1.0983058
DLD,1.1232382,1.0983058
MEIS3,1.1232382,1.0983058
PARP6,1.1232382,1.0983058
ADGRG2,1.1232382,1.0983058
MEPCE,1.1232382,1.0983058
NFIX,1.1232382,1.0983058
SLC13A3,1.1232382,1.0983058
TBXT,1.1232382,1.0983058
EVX2,1.1232382,1.0983058
HMGCS1,1.1232382,1.0983058
FAF1,1.1232382,1.0983058
KRT19,1.1232382,1.0983058
ZNF536,1.1232382,1.0983058
ANKRD62,1.1232382,1.0983058
CCNL1,1.1232382,1.0983058
KRT73,1.1232382,1.0983058
TMEM8A,1.1232382,1.0983058
MUS81,1.1232382,1.0983058
TPM4,1.1232382,1.0983058
SEPT8,1.1232382,1.0983058
ELL,1.1232382,1.0983058
FAM161A,1.1232382,1.0983058
DDX55,1.1232382,1.0983058
GALE,1.1232382,1.0983058
TRMU,1.1232382,1.0983058
CDC14A,1.1232382,1.0983058
PLK1,1.1232382,1.0983058
SMARCA4,1.1232382,1.0983058
FAM160B2,1.1232382,1.0983058
NCBP3,1.1232382,1.0983058
DTL,1.1232382,1.0983058
GLRA4,1.1232382,1.0983058
GNAI3,1.1232382,1.0983058
ERO1B,1.1232382,1.0983058
SLITRK2,1.1232382,1.0983058
ABCB9,1.1232382,1.0983058
FBL,1.1232382,1.0983058
NAALAD2,1.1232382,1.0983058
SLC37A1,1.1232382,1.0983058
MMP16,1.1232382,1.0983058
SH2D4A,1.1232382,1.0983058
GK,1.1232382,1.0983058
SIGLEC10,1.1232382,1.0983058
DENND6B,1.1232382,1.0983058
FOXC1,1.1232382,1.0983058
KRI1,1.1232382,1.0983058
CYP4F11,1.1232382,1.0983058
KNTC1,1.1232382,1.0983058
SOX3,1.1232382,1.0983058
ITGA1,1.1232382,1.0983058
INCENP,1.1232382,1.0983058
BRPF1,1.1232382,1.0983058
TMPRSS13,1.1232382,1.0983058
MICAL2,1.1232382,1.0983058
CDC20,1.1232382,1.0983058
SPOCD1,1.1232382,1.0983058
THOC1,1.1232382,1.0983058
SCNN1G,1.1232382,1.0983058
FLOT2,1.1232382,1.0983058
TMPRSS11F,1.1232382,1.0983058
RRP9,1.1232382,1.0983058
TDP1,1.1232382,1.0983058
SLC27A5,1.1232382,1.0983058
STK11,1.1232382,1.0983058
EPPK1,1.1232382,1.0983058
FIBCD1,1.1232382,1.0983058
PCDHA7,1.1232382,1.0983058
HJV,1.1232382,1.0983058
TCTN1,1.1232382,1.0983058
USP39,1.1232382,1.0983058
ALOX15,1.1232382,1.0983058
SLC45A2,1.1232382,1.0983058
FAM129A,1.1232382,1.0983058
OTUD7A,1.1232382,1.0983058
PCK1,1.1232382,1.0983058
C16orf96,1.1232382,1.0983058
RTCB,1.1232382,1.0983058
DDX59,1.1232382,1.0983058
ING3,1.1232382,1.0983058
GTF3C5,1.1232382,1.0983058
TMC8,1.1232382,1.0983058
SRSF4,1.1232382,1.0983058
SLC37A2,1.1232382,1.0983058
ADAD1,1.1232382,1.0983058
ADCYAP1R1,1.1232382,1.0983058
SLC2A5,1.1232382,1.0983058
TMEM161B,1.1232382,1.0983058
GSR,1.1232382,1.0983058
FNDC7,1.1232382,1.0983058
TRIP13,1.1232382,1.0983058
MTBP,1.1232382,1.0983058
NT5DC2,1.1232382,1.0983058
SYTL5,1.1232382,1.0983058
MAPK8IP3,1.1232382,1.0983058
CYTH1,1.1232382,1.0983058
KANK4,1.1232382,1.0983058
PPEF2,1.1232382,1.0983058
ARHGEF33,1.1232382,1.0983058
LMX1A,1.1232382,1.0983058
SERPINC1,1.1232382,1.0983058
MAOB,1.1232382,1.0983058
ACAN,1.1232382,1.0983058
PARP10,1.1232382,1.0983058
ZC3HC1,1.1232382,1.0983058
C7orf55-LUC7L2,1.1232382,1.0983058
PCDHA4,1.1232382,1.0983058
OTOA,1.1232382,1.0983058
APBA2,1.1232382,1.0983058
IQCB1,1.1232382,1.0983058
FAM160A1,1.1232382,1.0983058
MFSD2B,1.1232382,1.0983058
EXD2,1.1232382,1.0983058
ALDH1A3,1.1232382,1.0983058
SLITRK4,1.1232382,1.0983058
DMTF1,1.1232382,1.0983058
TRMT44,1.1232382,1.0983058
HERC5,1.1232382,1.0983058
RARS2,1.1232382,1.0983058
KLHL10,1.1232382,1.0983058
F10,1.1232382,1.0983058
ZC3HAV1,1.1232382,1.0983058
TBCCD1,1.1232382,1.0983058
KHSRP,1.1232382,1.0983058
IL17RC,1.1232382,1.0983058
MAP3K2,1.1232382,1.0983058
DDN,1.1232382,1.0983058
DGCR2,1.1232382,1.0983058
SEPT9,1.1232382,1.0983058
LIN9,1.1232382,1.0983058
SLC24A3,1.1232382,1.0983058
CCDC175,1.1232382,1.0983058
ACTL6A,1.1232382,1.0983058
METAP2,1.1232382,1.0983058
GRIPAP1,1.1232382,1.0983058
TENM2,1.1232382,1.0983058
MALT1,1.1232382,1.0983058
PPP2R2B,1.1232382,1.0983058
KCNN1,1.1232382,1.0983058
ZYX,1.1232382,1.0983058
BTBD1,1.1232382,1.0983058
PPP2R5C,1.1232382,1.0983058
ASIC3,1.1232382,1.0983058
SIGLEC1,1.1232382,1.0983058
PIP5K1A,1.1232382,1.0983058
EXOC3L1,1.1232382,1.0983058
APAF1,1.1232382,1.0983058
DCST2,1.1232382,1.0983058
NR2E1,1.1232382,1.0983058
ACSL5,1.1232382,1.0983058
ADCK5,1.1232382,1.0983058
CRACR2A,1.1232382,1.0983058
GNAS,1.1232382,1.0983058
MLXIPL,1.1232382,1.0983058
AFAP1,1.1232382,1.0983058
GALNT12,1.1232382,1.0983058
SMYD4,1.1232382,1.0983058
GALNT15,1.1232382,1.0983058
ICAM5,1.1232382,1.0983058
OLFML3,1.1232382,1.0983058
CERS5,1.1232382,1.0983058
PLK3,1.1232382,1.0983058
TRPM2,1.1232382,1.0983058
PHB2,1.1232382,1.0983058
ULK3,1.1232382,1.0983058
C12orf10,1.1232382,1.0983058
KCNJ12,1.1232382,1.0983058
SLCO4A1,1.1232382,1.0983058
CCKBR,1.1232382,1.0983058
GATAD2A,1.1232382,1.0983058
PHACTR2,1.1232382,1.0983058
RASIP1,1.1232382,1.0983058
PTH1R,1.1232382,1.0983058
CSF2RB,1.1232382,1.0983058
RNF19B,1.1232382,1.0983058
AKAP1,1.1232382,1.0983058
NIPAL3,1.1232382,1.0983058
NECTIN3,1.1232382,1.0983058
SLITRK1,1.1232382,1.0983058
GALK2,1.1232382,1.0983058
GCNT2,1.1232382,1.0983058
NXN,1.1232382,1.0983058
RBM47,1.1232382,1.0983058
CCDC6,1.1232382,1.0983058
PPP6R1,1.1232382,1.0983058
IMPG1,1.1232382,1.0983058
FOXC2,1.1232382,1.0983058
RXFP2,1.1232382,1.0983058
MON1A,1.1232382,1.0983058
SPEN,1.1232382,1.0983058
SUSD1,1.1232382,1.0983058
PIGQ,1.1232382,1.0983058
C1S,1.1232382,1.0983058
WNT7A,1.1232382,1.0983058
SUV39H2,1.1232382,1.0983058
CTNND2,1.1232382,1.0983058
PARP12,1.1232382,1.0983058
ARHGAP6,1.1232382,1.0983058
N4BP2L2,1.1232382,1.0983058
DNPEP,1.1232382,1.0983058
EPN3,1.1232382,1.0983058
ARHGEF16,1.1232382,1.0983058
AMFR,1.1232382,1.0983058
PDE7A,1.1232382,1.0983058
BTBD3,1.1232382,1.0983058
COG7,1.1232382,1.0983058
KLHL4,1.1232382,1.0983058
PCARE,1.1232382,1.0983058
OSBP,1.1232382,1.0983058
CNOT6L,1.1232382,1.0983058
KMT5C,1.1232382,1.0983058
KIAA1841,1.1232382,1.0983058
SRSF6,1.1232382,1.0983058
FBXO30,1.1232382,1.0983058
NPHS2,1.1232382,1.0983058
ZBTB4,1.1232382,1.0983058
NAE1,1.1232382,1.0983058
MTSS1,1.1232382,1.0983058
AGXT,1.1232382,1.0983058
NCAM2,1.1232382,1.0983058
LYN,1.1232382,1.0983058
CYP4V2,1.1232382,1.0983058
TRAF6,1.1232382,1.0983058
CYP26A1,1.1232382,1.0983058
SLCO1C1,1.1232382,1.0983058
PROM1,1.1232382,1.0983058
C12orf4,1.1232382,1.0983058
DDX49,1.1232382,1.0983058
PTPN9,1.1232382,1.0983058
THOC5,1.1232382,1.0983058
DDX51,1.1232382,1.0983058
GP2,1.1232382,1.0983058
SMAD5,1.1232382,1.0983058
NEK11,1.1232382,1.0983058
KIF21B,1.1232382,1.0983058
TAX1BP1,1.1232382,1.0983058
IP6K2,1.1232382,1.0983058
GAB2,1.1232382,1.0983058
RNF43,1.1232382,1.0983058
ACTBL2,1.1232382,1.0983058
GPT,1.1232382,1.0983058
HAUS5,1.1232382,1.0983058
SYTL1,1.1232382,1.0983058
BARD1,1.1232382,1.0983058
SGCA,1.1232382,1.0983058
C1orf112,1.1232382,1.0983058
PGM3,1.1232382,1.0983058
ACE2,1.1232382,1.0983058
PROM2,1.1232382,1.0983058
HSPA4L,1.1232382,1.0983058
FBXO41,1.1232382,1.0983058
PLS3,1.1232382,1.0983058
SLC22A6,1.1232382,1.0983058
SMARCA2,1.1232382,1.0983058
KMT2B,1.1232382,1.0983058
IL4I1,1.1232382,1.0983058
ECD,1.1232382,1.0983058
CDH18,1.1232382,1.0983058
ZBTB46,1.1232382,1.0983058
NR1I3,1.1232382,1.0983058
TBC1D30,1.1232382,1.0983058
CSTF2,1.1232382,1.0983058
OPRM1,1.1232382,1.0983058
PTPN12,1.1232382,1.0983058
TMEM63A,1.1232382,1.0983058
COL18A1,1.1232382,1.0983058
TNK1,1.1232382,1.0983058
TULP3,1.1232382,1.0983058
ACTR3,1.1232382,1.0983058
CDH16,1.1232382,1.0983058
SPICE1,1.1232382,1.0983058
ZNF804A,1.1232382,1.0983058
PTPN5,1.1232382,1.0983058
ZNF420,1.1232382,1.0983058
TFAP2D,1.1232382,1.0983058
RXFP1,1.1232382,1.0983058
CATSPERB,1.1232382,1.0983058
ANKRD18A,1.1232382,1.0983058
PRMT7,1.1232382,1.0983058
TUBA3D,1.1232382,1.0983058
KIAA1614,1.1232382,1.0983058
ARHGAP28,1.1232382,1.0983058
LRCH4,1.1232382,1.0983058
HAGHL,1.1232382,1.0983058
MFSD13A,1.1232382,1.0983058
MGAT4B,1.1232382,1.0983058
DDX25,1.1232382,1.0983058
CPEB1,1.1232382,1.0983058
KAT5,1.1232382,1.0983058
JAKMIP3,1.1232382,1.0983058
NACAD,1.1232382,1.0983058
PXDNL,1.1232382,1.0983058
CEP97,1.1232382,1.0983058
PICK1,1.1232382,1.0983058
MATN1,1.1232382,1.0983058
EMILIN2,1.1232382,1.0983058
BBS5,1.1232382,1.0983058
ACSM2A,1.1232382,1.0983058
IGDCC3,1.1232382,1.0983058
DDX47,1.1232382,1.0983058
ZP1,1.1232382,1.0983058
CFAP69,1.1232382,1.0983058
NT5E,1.1232382,1.0983058
ZNF592,1.1232382,1.0983058
PDLIM7,1.1232382,1.0983058
ETV5,1.1232382,1.0983058
PGS1,1.1232382,1.0983058
PLEKHG2,1.1232382,1.0983058
PAK5,1.1232382,1.0983058
HPN,1.1232382,1.0983058
SIX6,1.1232382,1.0983058
RUBCNL,1.1232382,1.0983058
CYP4A11,1.1232382,1.0983058
ZYG11B,1.1232382,1.0983058
MAPK8IP1,1.1232382,1.0983058
CATSPER4,1.1232382,1.0983058
FCRLB,1.1232382,1.0983058
MON1B,1.1232382,1.0983058
EPHA6,1.1232382,1.0983058
PTGFRN,1.1232382,1.0983058
SLC25A24,1.1232382,1.0983058
DUSP13,1.1232382,1.0983058
ADAT1,1.1232382,1.0983058
FAM193A,1.1232382,1.0983058
ANKRD30A,1.1232382,1.0983058
CPNE6,1.1232382,1.0983058
MTUS2,1.1232382,1.0983058
TCP1,1.1232382,1.0983058
YARS2,1.1232382,1.0983058
GJC2,1.1232382,1.0983058
SLC25A27,1.1232382,1.0983058
CHAT,1.1232382,1.0983058
CFAP52,1.1232382,1.0983058
NPR3,1.1232382,1.0983058
FAM129C,1.1232382,1.0983058
CEP126,1.1232382,1.0983058
MAMLD1,1.1232382,1.0983058
BCL6,1.1232382,1.0983058
ABHD18,1.1232382,1.0983058
VAX1,1.1232382,1.0983058
BRDT,1.1232382,1.0983058
ABI1,1.1232382,1.0983058
L2HGDH,1.1232382,1.0983058
WDPCP,1.1232382,1.0983058
KCNJ5,1.1232382,1.0983058
SRRM5,1.1232382,1.0983058
GOLGA1,1.1232382,1.0983058
KRT17,1.1232382,1.0983058
DET1,1.1232382,1.0983058
NMT2,1.1232382,1.0983058
KANK2,1.1232382,1.0983058
ABL1,1.1232382,1.0983058
PEAR1,1.1232382,1.0983058
UNC79,1.1232382,1.0983058
FAM20B,1.1232382,1.0983058
GBX2,1.1232382,1.0983058
MARS2,1.1232382,1.0983058
KRT8,1.1232382,1.0983058
SEC61A2,1.1232382,1.0983058
CLASP2,1.1232382,1.0983058
SYCP1,1.1232382,1.0983058
CABP1,1.1232382,1.0983058
IL12RB1,1.1232382,1.0983058
ZP2,1.1232382,1.0983058
SLC44A1,1.1232382,1.0983058
SHMT1,1.1232382,1.0983058
KAT14,1.1232382,1.0983058
OSBPL11,1.1232382,1.0983058
NETO2,1.1232382,1.0983058
CDH26,1.1232382,1.0983058
PCYT2,1.1232382,1.0983058
NARS2,1.1232382,1.0983058
ZCWPW1,1.1232382,1.0983058
TESK1,1.1232382,1.0983058
TTLL12,1.1232382,1.0983058
ADD3,1.1232382,1.0983058
ESF1,1.1232382,1.0983058
GEMIN4,1.1232382,1.0983058
CORO2A,1.1232382,1.0983058
GATA5,1.1232382,1.0983058
DDOST,1.1232382,1.0983058
P4HA1,1.1232382,1.0983058
CHTOP,1.1232382,1.0983058
ZDHHC17,1.1232382,1.0983058
GPAT4,1.1232382,1.0983058
SLC24A2,1.1232382,1.0983058
RBCK1,1.1232382,1.0983058
TCHP,1.1232382,1.0983058
MAP3K11,1.1232382,1.0983058
CMIP,1.1232382,1.0983058
CXXC1,1.1232382,1.0983058
RNF111,1.1232382,1.0983058
IDH1,1.1232382,1.0983058
GLA,1.1232382,1.0983058
HDAC10,1.1232382,1.0983058
PCDHA5,1.1232382,1.0983058
PCDHA2,1.1232382,1.0983058
FRMPD2,1.1232382,1.0983058
PHGDH,1.1232382,1.0983058
VIPR2,1.1232382,1.0983058
DHX9,1.1232382,1.0983058
BICDL1,1.1232382,1.0983058
CENPC,1.1232382,1.0983058
CCP110,1.1232382,1.0983058
CEP89,1.1232382,1.0983058
MICU1,1.1232382,1.0983058
WNT4,1.1232382,1.0983058
TNFSF12,1.1232382,1.0983058
SNX19,1.1232382,1.0983058
SPAG1,1.1232382,1.0983058
KYAT1,1.1232382,1.0983058
ZBTB17,1.1232382,1.0983058
TUBA3E,1.1232382,1.0983058
MAP4,1.1232382,1.0983058
GAD1,1.1232382,1.0983058
COL3A1,1.1232382,1.0983058
LPP,1.1232382,1.0983058
PPIG,1.1232382,1.0983058
FCHO1,1.1232382,1.0983058
CASC1,1.1232382,1.0983058
RCC1,1.1232382,1.0983058
TNN,1.1232382,1.0983058
GNA14,1.1232382,1.0983058
OGG1,1.1232382,1.0983058
LMTK2,1.1232382,1.0983058
TLR9,1.1232382,1.0983058
LZTS2,1.1232382,1.0983058
GOT1,1.1232382,1.0983058
ALDOC,1.1232382,1.0983058
TASP1,1.1232382,1.0983058
TTC39C,1.1232382,1.0983058
NLRC5,1.1232382,1.0983058
PCDHGA7,1.1232382,1.0983058
SERPINH1,1.1232382,1.0983058
ACSM2B,1.1232382,1.0983058
SOX7,1.1232382,1.0983058
BRAP,1.1232382,1.0983058
SLC26A2,1.1232382,1.0983058
RNF207,1.1232382,1.0983058
STS,1.1232382,1.0983058
CNOT10,1.1232382,1.0983058
BMP6,1.1232382,1.0983058
SEMA4F,1.1232382,1.0983058
CKMT2,1.1232382,1.0983058
GAB1,1.1232382,1.0983058
TTC39A,1.1232382,1.0983058
SLC7A6,1.1232382,1.0983058
CPOX,1.1232382,1.0983058
DSC2,1.1232382,1.0983058
SLC44A5,1.1232382,1.0983058
NAALADL1,1.1232382,1.0983058
TBC1D25,1.1232382,1.0983058
COASY,1.1232382,1.0983058
SLC4A1AP,1.1232382,1.0983058
ITIH3,1.1232382,1.0983058
TNS4,1.1232382,1.0983058
MASP2,1.1232382,1.0983058
PHKG1,1.1232382,1.0983058
ZNF546,1.1232382,1.0983058
NAGA,1.1232382,1.0983058
SHOX2,1.1232382,1.0983058
TGFBR2,1.1232382,1.0983058
PTPRS,1.1232382,1.0983058
SESTD1,1.1232382,1.0983058
CPNE9,1.1232382,1.0983058
PPP1R12C,1.1232382,1.0983058
CES5A,1.1232382,1.0983058
ANKS3,1.1232382,1.0983058
KANSL3,1.1232382,1.0983058
PPP1R16A,1.1232382,1.0983058
TGFBR3,1.1232382,1.0983058
ARHGAP35,1.1232382,1.0983058
MAPK10,1.1232382,1.0983058
CCDC15,1.1232382,1.0983058
ITPRID1,1.1232382,1.0983058
COG2,1.1232382,1.0983058
TRDN,1.1232382,1.0983058
CHFR,1.1232382,1.0983058
YARS,1.1232382,1.0983058
ALX4,1.1232382,1.0983058
GALNT13,1.1232382,1.0983058
CBLC,1.1232382,1.0983058
SACM1L,1.1232382,1.0983058
KBTBD8,1.1232382,1.0983058
DAGLB,1.1232382,1.0983058
IFFO1,1.1232382,1.0983058
PTPN1,1.1232382,1.0983058
LIMS2,1.1232382,1.0983058
GRAMD1C,1.1232382,1.0983058
MAPK7,1.1232382,1.0983058
TCTN3,1.1232382,1.0983058
KRT14,1.1232382,1.0983058
CCDC14,1.1232382,1.0983058
ITGAV,1.1232382,1.0983058
TYMP,1.1232382,1.0983058
NKX2-1,1.1232382,1.0983058
ZCCHC2,1.1232382,1.0983058
RNF157,1.1232382,1.0983058
SOX8,1.1232382,1.0983058
JPH4,1.1232382,1.0983058
ACTR10,1.1232382,1.0983058
IQCN,1.1232382,1.0983058
CAMKK2,1.1232382,1.0983058
HK1,1.1232382,1.0983058
CLN3,1.1232382,1.0983058
LIPC,1.1232382,1.0983058
PPP6R2,1.1232382,1.0983058
ANGPTL2,1.1232382,1.0983058
MSH3,1.1232382,1.0983058
XRCC5,1.1232382,1.0983058
ZMYM1,1.1232382,1.0983058
SIMC1,1.1232382,1.0983058
ARNT2,1.1232382,1.0983058
KRT83,1.1232382,1.0983058
GNA11,1.1232382,1.0983058
KRT12,1.1232382,1.0983058
PAOX,1.1232382,1.0983058
DPY19L1,1.1232382,1.0983058
IL6ST,1.1232382,1.0983058
RPS6KB1,1.1232382,1.0983058
WNT3,1.1232382,1.0983058
KRT10,1.1232382,1.0983058
ZNF780B,1.1232382,1.0983058
TSPEAR,1.1232382,1.0983058
RBM15B,1.1232382,1.0983058
LGI2,1.1232382,1.0983058
INTS10,1.1232382,1.0983058
GNL1,1.1232382,1.0983058
GAS2L2,1.1232382,1.0983058
PLAA,1.1232382,1.0983058
TBC1D15,1.1232382,1.0983058
COL2A1,1.1232382,1.0983058
PDLIM5,1.1232382,1.0983058
AGAP1,1.1232382,1.0983058
IDH2,1.1232382,1.0983058
PDHA1,1.1232382,1.0983058
KANSL2,1.1232382,1.0983058
MATR3,1.1232382,1.0983058
DBN1,1.1232382,1.0983058
LNX1,1.1232382,1.0983058
CRTAC1,1.1232382,1.0983058
SNX9,1.1232382,1.0983058
CHRNA1,1.1232382,1.0983058
TNRC18,1.1232382,1.0983058
DMGDH,1.1232382,1.0983058
SLC37A3,1.1232382,1.0983058
GNA13,1.1232382,1.0983058
CPSF3,1.1232382,1.0983058
SCARB1,1.1232382,1.0983058
ARMH3,1.1232382,1.0983058
GDF5,1.1232382,1.0983058
GPR155,1.1232382,1.0983058
VEPH1,1.1232382,1.0983058
POLA2,1.1232382,1.0983058
SEMA4C,1.1232382,1.0983058
KRT15,1.1232382,1.0983058
FDXR,1.1232382,1.0983058
HOXD3,1.1232382,1.0983058
ATP8A1,1.1232382,1.0983058
HGD,1.1232382,1.0983058
CPNE5,1.1232382,1.0983058
ISY1,1.1232382,1.0983058
APPL1,1.1232382,1.0983058
TUFM,1.1232382,1.0983058
CFP,1.1232382,1.0983058
RTKN2,1.1232382,1.0983058
SPATA31E1,1.1232382,1.0983058
PLRG1,1.1232382,1.0983058
TPTE2,1.1232382,1.0983058
P2RX2,1.1232382,1.0983058
PTCD1,1.1232382,1.0983058
PPP1R13L,1.1232382,1.0983058
ETF1,1.1232382,1.0983058
CASD1,1.1232382,1.0983058
DOLK,1.1232382,1.0983058
TAF5L,1.1232382,1.0983058
SIAE,1.1232382,1.0983058
KLHL30,1.1232382,1.0983058
SPIRE1,1.1232382,1.0983058
WDR33,1.1232382,1.0983058
ATE1,1.1232382,1.0983058
MAT1A,1.1232382,1.0983058
SLC7A9,1.1232382,1.0983058
RNF19A,1.1232382,1.0983058
LTF,1.1232382,1.0983058
SLC30A9,1.1232382,1.0983058
CLIP4,1.1232382,1.0983058
EIF3L,1.1232382,1.0983058
SLC22A4,1.1232382,1.0983058
CPNE2,1.1232382,1.0983058
PSMC1,1.1232382,1.0983058
DDX58,1.1232382,1.0983058
USP47,1.1232382,1.0983058
BICD2,1.1232382,1.0983058
ANKRD13B,1.1232382,1.0983058
ZNF227,1.1232382,1.0983058
RYK,1.1232382,1.0983058
FXR1,1.1232382,1.0983058
PCDH20,1.1232382,1.0983058
NT5C1B,1.1232382,1.0983058
SYNE3,1.1232382,1.0983058
CCT2,1.1232382,1.0983058
NEU1,1.1232382,1.0983058
GPT2,1.1232382,1.0983058
CPEB3,1.1232382,1.0983058
MOXD1,1.1232382,1.0983058
SELENOO,1.1232382,1.0983058
TPX2,1.1232382,1.0983058
PDZD2,1.1232382,1.0983058
ALG3,1.1232382,1.0983058
TMEM132D,1.1232382,1.0983058
PPP2R1B,1.1232382,1.0983058
DONSON,1.1232382,1.0983058
FNBP1L,1.1232382,1.0983058
ADD1,1.1232382,1.0983058
ANGEL2,1.1232382,1.0983058
ARHGEF12,1.1232382,1.0983058
TXK,1.1232382,1.0983058
SEC23A,1.1232382,1.0983058
RAB11FIP1,1.1232382,1.0983058
POMGNT2,1.1232382,1.0983058
SNX25,1.1232382,1.0983058
CYP11A1,1.1232382,1.0983058
GPATCH2L,1.1232382,1.0983058
PTGS2,1.1232382,1.0983058
NUGGC,1.1232382,1.0983058
PROX1,1.1232382,1.0983058
PAN3,1.1232382,1.0983058
SALL4,1.1232382,1.0983058
RAP1GAP,1.1232382,1.0983058
TMCO4,1.1232382,1.0983058
MAP7D1,1.1232382,1.0983058
ZNF197,1.1232382,1.0983058
MGAT1,1.1232382,1.0983058
SORT1,1.1232382,1.0983058
RBMX,1.1232382,1.0983058
ELMO3,1.1232382,1.0983058
SLC27A4,1.1232382,1.0983058
DSG2,1.1232382,1.0983058
SLC27A1,1.1232382,1.0983058
SH3RF1,1.1232382,1.0983058
GLDN,1.1232382,1.0983058
TGFB1I1,1.1232382,1.0983058
TNNT2,1.1232382,1.0983058
STK4,1.1232382,1.0983058
ARHGAP17,1.1232382,1.0983058
CYP2R1,1.1232382,1.0983058
FAM126B,1.1232382,1.0983058
LHX9,1.1232382,1.0983058
SLC12A6,1.1232382,1.0983058
SPIRE2,1.1232382,1.0983058
OSMR,1.1232382,1.0983058
MED17,1.1232382,1.0983058
F9,1.1232382,1.0983058
LARP4,1.1232382,1.0983058
DEF6,1.1232382,1.0983058
CCDC22,1.1232382,1.0983058
PAN2,1.1232382,1.0983058
KBTBD7,1.1232382,1.0983058
KIDINS220,1.1232382,1.0983058
DEF8,1.1232382,1.0983058
GANC,1.1232382,1.0983058
KDM4A,1.1232382,1.0983058
FIGNL1,1.1232382,1.0983058
TMEM151B,1.1232382,1.0983058
DDX1,1.1232382,1.0983058
HDAC3,1.1232382,1.0983058
DEPDC1,1.1232382,1.0983058
TMEM214,1.1232382,1.0983058
POLN,1.1232382,1.0983058
HOOK3,1.1232382,1.0983058
PCDHAC1,1.1232382,1.0983058
USP10,1.1232382,1.0983058
PHF19,1.1232382,1.0983058
AMPH,1.1232382,1.0983058
WDR46,1.1232382,1.0983058
TFAP2E,1.1232382,1.0983058
MEP1A,1.1232382,1.0983058
A1CF,1.1232382,1.0983058
SLC15A1,1.1232382,1.0983058
FLAD1,1.1232382,1.0983058
SETD3,1.1232382,1.0983058
IFFO2,1.1232382,1.0983058
RUVBL1,1.1232382,1.0983058
SPTY2D1,1.1232382,1.0983058
SMC1A,1.1232382,1.0983058
ZNF804B,1.1232382,1.0983058
OTUD7B,1.1232382,1.0983058
DCLRE1C,1.1232382,1.0983058
WDR75,1.1232382,1.0983058
EEF1D,1.1232382,1.0983058
TMEM132C,1.1232382,1.0983058
GNPAT,1.1232382,1.0983058
MICALL1,1.1232382,1.0983058
SYT16,1.1232382,1.0983058
DAZAP1,1.1232382,1.0983058
MYCBPAP,1.1232382,1.0983058
NRBP2,1.1232382,1.0983058
PPAN,1.1232382,1.0983058
TMEM245,1.1232382,1.0983058
PIDD1,1.1232382,1.0983058
DDX23,1.1232382,1.0983058
ARCN1,1.1232382,1.0983058
ROBO4,1.1232382,1.0983058
CLCA1,1.1232382,1.0983058
ESRP2,1.1232382,1.0983058
HHIPL2,1.1232382,1.0983058
CSF3R,1.1232382,1.0983058
GAREM1,1.1232382,1.0983058
LINGO1,1.1232382,1.0983058
EFHB,1.1232382,1.0983058
TUBGCP2,1.1232382,1.0983058
GMDS,1.1232382,1.0983058
MLLT6,1.1232382,1.0983058
GALNT1,1.1232382,1.0983058
FEM1A,1.1232382,1.0983058
ZFC3H1,1.1232382,1.0983058
ANKRD6,1.1232382,1.0983058
GRK3,1.1232382,1.0983058
GRHL1,1.1232382,1.0983058
GRHL2,1.1232382,1.0983058
FHDC1,1.1232382,1.0983058
SRPK1,1.1232382,1.0983058
EZH2,1.1232382,1.0983058
SCFD1,1.1232382,1.0983058
PAPLN,1.1232382,1.0983058
SPAG16,1.1232382,1.0983058
DNAJC11,1.1232382,1.0983058
NUMBL,1.1232382,1.0983058
PELP1,1.1232382,1.0983058
PCDHGB4,1.1232382,1.0983058
WEE1,1.1232382,1.0983058
CDK17,1.1232382,1.0983058
ADSSL1,1.1232382,1.0983058
GABRA5,1.1232382,1.0983058
MCMBP,1.1232382,1.0983058
OBSL1,1.1232382,1.0983058
CHRNB1,1.1232382,1.0983058
ZFP28,1.1232382,1.0983058
EXO1,1.1232382,1.0983058
ATP10D,1.1232382,1.0983058
HHIPL1,1.1232382,1.0983058
NCL,1.1232382,1.0983058
RAI14,1.1232382,1.0983058
THNSL1,1.1232382,1.0983058
TRIP10,1.1232382,1.0983058
SGIP1,1.1232382,1.0983058
SAFB,1.1232382,1.0983058
SAFB2,1.1232382,1.0983058
ALDOA,1.1232382,1.0983058
IRF6,1.1232382,1.0983058
SH3BP2,1.1232382,1.0983058
PTPRD,1.1232382,1.0983058
KLHL15,1.1232382,1.0983058
ADGRE2,1.1232382,1.0983058
KIAA1755,1.1232382,1.0983058
PTPRT,1.1232382,1.0983058
TIMM44,1.1232382,1.0983058
CRISPLD2,1.1232382,1.0983058
ARMC3,1.1232382,1.0983058
RUVBL2,1.1232382,1.0983058
TMEM87A,1.1232382,1.0983058
ARPP21,1.1232382,1.0983058
ARHGEF15,1.1232382,1.0983058
SAMD4B,1.1232382,1.0983058
AIRE,1.1232382,1.0983058
MYB,1.1232382,1.0983058
PGM5,1.1232382,1.0983058
LIPG,1.1232382,1.0983058
KRT1,1.1232382,1.0983058
CSNK1G1,1.1232382,1.0983058
PKD2L2,1.1232382,1.0983058
ZNF827,1.1232382,1.0983058
LRRC41,1.1232382,1.0983058
ZNF532,1.1232382,1.0983058
CHRNA3,1.1232382,1.0983058
AXDND1,1.1232382,1.0983058
ANKLE1,1.1232382,1.0983058
CASC3,1.1232382,1.0983058
IGSF10,1.1232382,1.0983058
ZNF445,1.1232382,1.0983058
FGD3,1.1232382,1.0983058
COQ8A,1.1232382,1.0983058
KBTBD12,1.1232382,1.0983058
PRKCSH,1.1232382,1.0983058
FOCAD,1.1232382,1.0983058
INTS3,1.1232382,1.0983058
ESPNL,1.1232382,1.0983058
NOX1,1.1232382,1.0983058
DUOX1,1.1232382,1.0983058
TDRD7,1.1232382,1.0983058
NLRP14,1.1232382,1.0983058
SETD1B,1.1232382,1.0983058
WDR24,1.1232382,1.0983058
TM9SF2,1.1232382,1.0983058
TAF3,1.1232382,1.0983058
LMF2,1.1232382,1.0983058
MAP2K2,1.1232382,1.0983058
NGEF,1.1232382,1.0983058
MN1,1.1232382,1.0983058
CYP4F22,1.1232382,1.0983058
RAPSN,1.1232382,1.0983058
TGM5,1.1232382,1.0983058
NELFB,1.1232382,1.0983058
LGR4,1.1232382,1.0983058
SOGA3,1.1232382,1.0983058
CPSF6,1.1232382,1.0983058
WWOX,1.1232382,1.0983058
RXRA,1.1232382,1.0983058
RBPJL,1.1232382,1.0983058
EPS8,1.1232382,1.0983058
PSD2,1.1232382,1.0983058
SH3TC1,1.1232382,1.0983058
WIZ,1.1232382,1.0983058
CEBPZ,1.1232382,1.0983058
OAT,1.1232382,1.0983058
ARHGEF10,1.1232382,1.0983058
CCDC80,1.1232382,1.0983058
UROD,1.1232382,1.0983058
NOTUM,1.1232382,1.0983058
TPH1,1.1232382,1.0983058
NCKIPSD,1.1232382,1.0983058
ANKLE2,1.1232382,1.0983058
KCNV1,1.1232382,1.0983058
TAF1C,1.1232382,1.0983058
NLRP6,1.1232382,1.0983058
AIFM3,1.1232382,1.0983058
SFSWAP,1.1232382,1.0983058
FAM160B1,1.1232382,1.0983058
ACTC1,1.1232382,1.0983058
TBC1D14,1.1232382,1.0983058
OLFM2,1.1232382,1.0983058
TKTL1,1.1232382,1.0983058
SLC4A2,1.1232382,1.0983058
TXLNB,1.1232382,1.0983058
PCDHA3,1.1232382,1.0983058
SLCO2A1,1.1232382,1.0983058
ZNF341,1.1232382,1.0983058
CERS2,1.1232382,1.0983058
NEXN,1.1232382,1.0983058
IRX6,1.1232382,1.0983058
RBM12B,1.1232382,1.0983058
LRCH2,1.1232382,1.0983058
KLHL24,1.1232382,1.0983058
CYP27A1,1.1232382,1.0983058
CPEB4,1.1232382,1.0983058
MED16,1.1232382,1.0983058
G2E3,1.1232382,1.0983058
MITF,1.1232382,1.0983058
AK5,1.1232382,1.0983058
WNT3A,1.1232382,1.0983058
ZNF432,1.1232382,1.0983058
THAP4,1.1232382,1.0983058
NR1H4,1.1232382,1.0983058
DPY19L4,1.1232382,1.0983058
SLC44A4,1.1232382,1.0983058
RGL2,1.1232382,1.0983058
SLF2,1.1232382,1.0983058
ZFYVE28,1.1232382,1.0983058
TUBA1B,1.1232382,1.0983058
PGGHG,1.1232382,1.0983058
FIGN,1.1232382,1.0983058
ARHGAP4,1.1232382,1.0983058
SLC34A2,1.1232382,1.0983058
NPNT,1.1232382,1.0983058
TAB2,1.1232382,1.0983058
HARS,1.1232382,1.0983058
NR1D2,1.1232382,1.0983058
LUZP1,1.1232382,1.0983058
C8A,1.1232382,1.0983058
ZBED9,1.1232382,1.0983058
ACTG2,1.1232382,1.0983058
PGBD3,1.1232382,1.0983058
RIN3,1.1232382,1.0983058
SLC7A4,1.1232382,1.0983058
AGAP2,1.1232382,1.0983058
ATP5F1B,1.1232382,1.0983058
PDXDC1,1.1232382,1.0983058
CORIN,1.1232382,1.0983058
USP42,1.1232382,1.0983058
HGS,1.1232382,1.0983058
SNRNP70,1.1232382,1.0983058
XPO1,1.1232382,1.0983058
RASGRP4,1.1232382,1.0983058
RABEP1,1.1232382,1.0983058
F7,1.1232382,1.0983058
PHTF2,1.1232382,1.0983058
KCNJ8,1.1232382,1.0983058
PHLDB3,1.1232382,1.0983058
ARMC5,1.1232382,1.0983058
SP110,1.1232382,1.0983058
ASIC2,1.1232382,1.0983058
ARX,1.1232382,1.0983058
CCHCR1,1.1232382,1.0983058
MAP7,1.1232382,1.0983058
PRMT5,1.1232382,1.0983058
GABRG3,1.1232382,1.0983058
ZNF507,1.1232382,1.0983058
TM9SF3,1.1232382,1.0983058
PPARA,1.1232382,1.0983058
SCAPER,1.1232382,1.0983058
CCDC30,1.1232382,1.0983058
SLC7A3,1.1232382,1.0983058
DNAJC7,1.1232382,1.0983058
RABGGTA,1.1232382,1.0983058
WNT6,1.1232382,1.0983058
PCSK9,1.1232382,1.0983058
FAM20A,1.1232382,1.0983058
WNT10B,1.1232382,1.0983058
XPO5,1.1232382,1.0983058
KCNJ14,1.1232382,1.0983058
PADI2,1.1232382,1.0983058
SLITRK3,1.1232382,1.0983058
SPRED1,1.1232382,1.0983058
AP4B1,1.1232382,1.0983058
ARHGAP11A,1.1232382,1.0983058
PPARGC1B,1.1232382,1.0983058
PTPDC1,1.1232382,1.0983058
ARID1A,1.1232382,1.0983058
IFT81,1.1232382,1.0983058
GCKR,1.1232382,1.0983058
RGL1,1.1232382,1.0983058
RFWD3,1.1232382,1.0983058
UTP25,1.1232382,1.0983058
JADE1,1.1232382,1.0983058
CHDH,1.1232382,1.0983058
CCDC191,1.1232382,1.0983058
BRAT1,1.1232382,1.0983058
CAMK2B,1.1232382,1.0983058
EPB42,1.1232382,1.0983058
COL8A1,1.1232382,1.0983058
PIWIL3,1.1232382,1.0983058
SLC3A2,1.1232382,1.0983058
EVI5,1.1232382,1.0983058
ABCG8,1.1232382,1.0983058
HDC,1.1232382,1.0983058
COL4A4,1.1232382,1.0983058
EVX1,1.1232382,1.0983058
SYNPO2L,1.1232382,1.0983058
MFSD2A,1.1232382,1.0983058
ZRSR2,1.1232382,1.0983058
ATG16L1,1.1232382,1.0983058
VPS11,1.1232382,1.0983058
CEP95,1.1232382,1.0983058
HTR3A,1.1232382,1.0983058
PDCD6IP,1.1232382,1.0983058
ZNF280D,1.1232382,1.0983058
NOL8,1.1232382,1.0983058
XKR4,1.1232382,1.0983058
ASB2,1.1232382,1.0983058
INO80D,1.1232382,1.0983058
PRKN,1.1232382,1.0983058
ACOXL,1.1232382,1.0983058
TESK2,1.1232382,1.0983058
ATL1,1.1232382,1.0983058
ANKS6,1.1232382,1.0983058
ZSCAN20,1.1232382,1.0983058
PDE1A,1.1232382,1.0983058
HOOK2,1.1232382,1.0983058
SYNJ2,1.1232382,1.0983058
NOC3L,1.1232382,1.0983058
FKBP9,1.1232382,1.0983058
CDH11,1.1232382,1.0983058
WASL,1.1232382,1.0983058
GNS,1.1232382,1.0983058
HEATR4,1.1232382,1.0983058
ARHGAP19-SLIT1,1.1232382,1.0983058
SEMA6B,1.1232382,1.0983058
SEPSECS,1.1232382,1.0983058
MPP3,1.1232382,1.0983058
ISYNA1,1.1232382,1.0983058
KLHL13,1.1232382,1.0983058
MELTF,1.1232382,1.0983058
BUB1,1.1232382,1.0983058
MCF2,1.1232382,1.0983058
UFL1,1.1232382,1.0983058
PIGT,1.1232382,1.0983058
ARHGEF17,1.1232382,1.0983058
BRINP1,1.1232382,1.0983058
FRMD3,1.1232382,1.0983058
PPFIA1,1.1232382,1.0983058
FECH,1.1232382,1.0983058
FAM171A1,1.1232382,1.0983058
DAG1,1.1232382,1.0983058
SLC9C2,1.1232382,1.0983058
MIGA2,1.1232382,1.0983058
HEXB,1.1232382,1.0983058
FAH,1.1232382,1.0983058
WNT5B,1.1232382,1.0983058
RALGPS1,1.1232382,1.0983058
GRIK5,1.1232382,1.0983058
RPL4,1.1232382,1.0983058
GALNT4,1.1232382,1.0983058
PAFAH1B1,1.1232382,1.0983058
EPAS1,1.1232382,1.0983058
KCNG4,1.1232382,1.0983058
POU2F2,1.1232382,1.0983058
MMP2,1.1232382,1.0983058
ZMYND15,1.1232382,1.0983058
TUBA8,1.1232382,1.0983058
STK31,1.1232382,1.0983058
NR5A1,1.1232382,1.0983058
LMLN,1.1232382,1.0983058
DDX24,1.1232382,1.0983058
EMILIN1,1.1232382,1.0983058
ZNF14,1.1232382,1.0983058
EVI5L,1.1232382,1.0983058
FRK,1.1232382,1.0983058
EPS8L1,1.1232382,1.0983058
IDS,1.1232382,1.0983058
DDHD2,1.1232382,1.0983058
ALDH18A1,1.1232382,1.0983058
KLHL9,1.1232382,1.0983058
LHX6,1.1232382,1.0983058
ADGRF5,1.1232382,1.0983058
MAP3K4,1.1232382,1.0983058
DLL3,1.1232382,1.0983058
ZNF709,1.1232382,1.0983058
RADIL,1.1232382,1.0983058
SOAT2,1.1232382,1.0983058
SETMAR,1.1232382,1.0983058
HBP1,1.1232382,1.0983058
CCDC39,1.1232382,1.0983058
FGGY,1.1232382,1.0983058
TULP2,1.1232382,1.0983058
SLU7,1.1232382,1.0983058
SYNPO,1.1232382,1.0983058
SSH3,1.1232382,1.0983058
NPHP1,1.1232382,1.0983058
SEZ6L2,1.1232382,1.0983058
UBTF,1.1232382,1.0983058
E2F8,1.1232382,1.0983058
SEPT5,1.1232382,1.0983058
CCDC142,1.1232382,1.0983058
ANKRD50,1.1232382,1.0983058
HS6ST2,1.1232382,1.0983058
ZBTB38,1.1232382,1.0983058
STRBP,1.1232382,1.0983058
SENP1,1.1232382,1.0983058
AP5Z1,1.1232382,1.0983058
PLXNB1,1.1232382,1.0983058
ZNF512B,1.1232382,1.0983058
DDB1,1.1232382,1.0983058
WASHC5,1.1232382,1.0983058
TMEM132B,1.1232382,1.0983058
TWNK,1.1232382,1.0983058
WDR44,1.1232382,1.0983058
AMOTL2,1.1232382,1.0983058
ENOX1,1.1232382,1.0983058
TP53,1.1232382,1.0983058
CHPF,1.1232382,1.0983058
NLN,1.1232382,1.0983058
VPS4B,1.1232382,1.0983058
ACSF2,1.1232382,1.0983058
KCNA4,1.1232382,1.0983058
CTTN,1.1232382,1.0983058
AHCY,1.1232382,1.0983058
RGS6,1.1232382,1.0983058
PCDHGB2,1.1232382,1.0983058
CACNB3,1.1232382,1.0983058
VTN,1.1232382,1.0983058
PER3,1.1232382,1.0983058
ITGB7,1.1232382,1.0983058
PLCD3,1.1232382,1.0983058
MAP7D2,1.1232382,1.0983058
KLHL31,1.1232382,1.0983058
DCBLD2,1.1232382,1.0983058
PIK3R2,1.1232382,1.0983058
TUBB1,1.1232382,1.0983058
ACSS3,1.1232382,1.0983058
RUFY2,1.1232382,1.0983058
DSE,1.1232382,1.0983058
SF3A1,1.1232382,1.0983058
RXRG,1.1232382,1.0983058
ANAPC5,1.1232382,1.0983058
ALPP,1.1232382,1.0983058
KLHL11,1.1232382,1.0983058
GLI1,1.1232382,1.0983058
TUBB4B,1.1232382,1.0983058
RINT1,1.1232382,1.0983058
ERMP1,1.1232382,1.0983058
ITGBL1,1.1232382,1.0983058
GSE1,1.1232382,1.0983058
SLCO5A1,1.1232382,1.0983058
ZFR2,1.1232382,1.0983058
ZNF337,1.1232382,1.0983058
GRK6,1.1232382,1.0983058
KAT7,1.1232382,1.0983058
FGFR3,1.1232382,1.0983058
APBA1,1.1232382,1.0983058
SFMBT1,1.1232382,1.0983058
SELP,1.1232382,1.0983058
CNTROB,1.1232382,1.0983058
RSBN1L,1.1232382,1.0983058
SKIV2L,1.1232382,1.0983058
LGI3,1.1232382,1.0983058
KLC4,1.1232382,1.0983058
MIPEP,1.1232382,1.0983058
LNPEP,1.1232382,1.0983058
FGR,1.1232382,1.0983058
DLGAP5,1.1232382,1.0983058
GNA12,1.1232382,1.0983058
PNKD,1.1232382,1.0983058
NAGLU,1.1232382,1.0983058
USP2,1.1232382,1.0983058
TPM3,1.1232382,1.0983058
RGL3,1.1232382,1.0983058
ARHGAP24,1.1232382,1.0983058
MOCOS,1.1232382,1.0983058
ANKFY1,1.1232382,1.0983058
ARHGAP32,1.1232382,1.0983058
TRIP4,1.1232382,1.0983058
NLRP2,1.1232382,1.0983058
PLK4,1.1232382,1.0983058
TAB3,1.1232382,1.0983058
NAGS,1.1232382,1.0983058
ASH2L,1.1232382,1.0983058
RPS6KC1,1.1232382,1.0983058
HTRA1,1.1232382,1.0983058
PLA2G15,1.1232382,1.0983058
LRSAM1,1.1232382,1.0983058
ADGRE1,1.1232382,1.0983058
ABCG4,1.1232382,1.0983058
EVC,1.1232382,1.0983058
BMPR1B,1.1232382,1.0983058
KLC3,1.1232382,1.0983058
PFKFB4,1.1232382,1.0983058
KLKB1,1.1232382,1.0983058
MMP9,1.1232382,1.0983058
LIPE,1.1232382,1.0983058
ADGRD1,1.1232382,1.0983058
RCBTB2,1.1232382,1.0983058
PRKAR1A,1.1232382,1.0983058
ARHGEF3,1.1232382,1.0983058
MPP4,1.1232382,1.0983058
PCDHGA3,1.1232382,1.0983058
PRX,1.1232382,1.0983058
RUFY3,1.1232382,1.0983058
PABPC1,1.1232382,1.0983058
KLHL22,1.1232382,1.0983058
ARHGAP10,1.1232382,1.0983058
SUPT20H,1.1232382,1.0983058
BSCL2,1.1232382,1.0983058
OSBPL10,1.1232382,1.0983058
UBN1,1.1232382,1.0983058
PCDHGC5,1.1232382,1.0983058
CALD1,1.1232382,1.0983058
MYSM1,1.1232382,1.0983058
COL4A2,1.1232382,1.0983058
PRC1,1.1232382,1.0983058
ACTA2,1.1232382,1.0983058
NOD1,1.1232382,1.0983058
PRPF4,1.1232382,1.0983058
RPTN,1.1232382,1.0983058
GRN,1.1232382,1.0983058
ANAPC1,1.1232382,1.0983058
PES1,1.1232382,1.0983058
TBC1D2B,1.1232382,1.0983058
SLC38A10,1.1232382,1.0983058
SH3PXD2B,1.1232382,1.0983058
TBC1D12,1.1232382,1.0983058
RUNX3,1.1232382,1.0983058
SUN2,1.1232382,1.0983058
ITPRID2,1.1232382,1.0983058
MBTD1,1.1232382,1.0983058
SF3A3,1.1232382,1.0983058
COG3,1.1232382,1.0983058
STOX2,1.1232382,1.0983058
COQ8B,1.1232382,1.0983058
KATNB1,1.1232382,1.0983058
PORCN,1.1232382,1.0983058
FOXRED1,1.1232382,1.0983058
SLC6A15,1.1232382,1.0983058
OAS3,1.1232382,1.0983058
POLR3E,1.1232382,1.0983058
DNAJC16,1.1232382,1.0983058
CCNF,1.1232382,1.0983058
LRCH1,1.1232382,1.0983058
TBC1D5,1.1232382,1.0983058
IRF5,1.1232382,1.0983058
SLC11A2,1.1232382,1.0983058
WBSCR16,1.1232382,1.0983058
MEP1B,1.1232382,1.0983058
SPATA31D1,1.1232382,1.0983058
SYDE2,1.1232382,1.0983058
CYBB,1.1232382,1.0983058
IVD,1.1232382,1.0983058
WSCD1,1.1232382,1.0983058
GLS2,1.1232382,1.0983058
RASEF,1.1232382,1.0983058
WNT1,1.1232382,1.0983058
EXT2,1.1232382,1.0983058
ZBTB41,1.1232382,1.0983058
TUBA4A,1.1232382,1.0983058
MAP3K7,1.1232382,1.0983058
SLC5A8,1.1232382,1.0983058
CCT4,1.1232382,1.0983058
FKBP10,1.1232382,1.0983058
STIL,1.1232382,1.0983058
TELO2,1.1232382,1.0983058
CPED1,1.1232382,1.0983058
KLHL6,1.1232382,1.0983058
RFT1,1.1232382,1.0983058
FRMD6,1.1232382,1.0983058
CREB3L3,1.1232382,1.0983058
MOCS1,1.1232382,1.0983058
HDAC9,1.1232382,1.0983058
PKP2,1.1232382,1.0983058
SMO,1.1232382,1.0983058
MYOCD,1.1232382,1.0983058
D2HGDH,1.1232382,1.0983058
RPS6KA5,1.1232382,1.0983058
ADAMTS19,1.1232382,1.0983058
TRIM36,1.1232382,1.0983058
UBASH3B,1.1232382,1.0983058
NR4A1,1.1232382,1.0983058
SRP72,1.1232382,1.0983058
ZMIZ2,1.1232382,1.0983058
SUOX,1.1232382,1.0983058
FSTL5,1.1232382,1.0983058
TPTE,1.1232382,1.0983058
CHST3,1.1232382,1.0983058
ALG13,1.1232382,1.0983058
SPTLC1,1.1232382,1.0983058
DNAAF5,1.1232382,1.0983058
ACVR1,1.1232382,1.0983058
SLC2A1,1.1232382,1.0983058
LEF1,1.1232382,1.0983058
TTC7A,1.1232382,1.0983058
NPEPPS,1.1232382,1.0983058
CCDC93,1.1232382,1.0983058
GTPBP4,1.1232382,1.0983058
WDR70,1.1232382,1.0983058
GRAMD1A,1.1232382,1.0983058
CLIP3,1.1232382,1.0983058
SLC43A2,1.1232382,1.0983058
KIF14,1.1232382,1.0983058
KCNA1,1.1232382,1.0983058
ARSK,1.1232382,1.0983058
JCAD,1.1232382,1.0983058
ACVR1C,1.1232382,1.0983058
CAPN6,1.1232382,1.0983058
ZRANB1,1.1232382,1.0983058
FAM13B,1.1232382,1.0983058
L3MBTL2,1.1232382,1.0983058
LSG1,1.1232382,1.0983058
RPA1,1.1232382,1.0983058
TLE1,1.1232382,1.0983058
RNGTT,1.1232382,1.0983058
MTRR,1.1232382,1.0983058
WDR91,1.1232382,1.0983058
SLCO2B1,1.1232382,1.0983058
PDZRN3,1.1232382,1.0983058
ATP7A,1.1232382,1.0983058
XRCC1,1.1232382,1.0983058
WNT5A,1.1232382,1.0983058
FMNL2,1.1232382,1.0983058
DDX10,1.1232382,1.0983058
PSEN2,1.1232382,1.0983058
GOLGA4,1.1232382,1.0983058
SELENON,1.1232382,1.0983058
ABCB7,1.1232382,1.0983058
PDE2A,1.1232382,1.0983058
VPS51,1.1232382,1.0983058
GALNT6,1.1232382,1.0983058
SLC2A13,1.1232382,1.0983058
SEMA4B,1.1232382,1.0983058
UBA1,1.1232382,1.0983058
CDH15,1.1232382,1.0983058
KIF12,1.1232382,1.0983058
SLC25A23,1.1232382,1.0983058
EFHC1,1.1232382,1.0983058
PACS2,1.1232382,1.0983058
DLGAP3,1.1232382,1.0983058
KCNJ9,1.1232382,1.0983058
KIAA0319L,1.1232382,1.0983058
GABRR1,1.1232382,1.0983058
RFX2,1.1232382,1.0983058
AMDHD2,1.1232382,1.0983058
KCNK4,1.1232382,1.0983058
RARS,1.1232382,1.0983058
TRPM8,1.1232382,1.0983058
SLC14A2,1.1232382,1.0983058
PCDHGA2,1.1232382,1.0983058
COL5A3,1.1232382,1.0983058
GMPPA,1.1232382,1.0983058
CDH9,1.1232382,1.0983058
GOLIM4,1.1232382,1.0983058
ZKSCAN2,1.1232382,1.0983058
LGR6,1.1232382,1.0983058
SLC2A4,1.1232382,1.0983058
NOC2L,1.1232382,1.0983058
HCN1,1.1232382,1.0983058
GSN,1.1232382,1.0983058
IKBKE,1.1232382,1.0983058
AKAP12,1.1232382,1.0983058
SHMT2,1.1232382,1.0983058
GOLGA2,1.1232382,1.0983058
SART1,1.1232382,1.0983058
ANO3,1.1232382,1.0983058
PGR,1.1232382,1.0983058
ARSJ,1.1232382,1.0983058
TGFBR1,1.1232382,1.0983058
LGI4,1.1232382,1.0983058
TSHR,1.1232382,1.0983058
STOML2,1.1232382,1.0983058
LIG4,1.1232382,1.0983058
TMTC4,1.1232382,1.0983058
ENGASE,1.1232382,1.0983058
MCM10,1.1232382,1.0983058
ANGEL1,1.1232382,1.0983058
BAHD1,1.1232382,1.0983058
TYR,1.1232382,1.0983058
ICA1,1.1232382,1.0983058
RASGRP1,1.1232382,1.0983058
YES1,1.1232382,1.0983058
SLC5A7,1.1232382,1.0983058
G6PD,1.1232382,1.0983058
USP44,1.1232382,1.0983058
GPRASP1,1.1232382,1.0983058
TXNRD2,1.1232382,1.0983058
WDR86,1.1232382,1.0983058
FOXP4,1.1232382,1.0983058
TRMT1,1.1232382,1.0983058
IFIH1,1.1232382,1.0983058
RUNX1,1.1232382,1.0983058
PCDH18,1.1232382,1.0983058
MATK,1.1232382,1.0983058
PALD1,1.1232382,1.0983058
SPIDR,1.1232382,1.0983058
DIXDC1,1.1232382,1.0983058
AIFM1,1.1232382,1.0983058
SCAI,1.1232382,1.0983058
ALG8,1.1232382,1.0983058
IL16,1.1232382,1.0983058
LONRF1,1.1232382,1.0983058
FCHSD1,1.1232382,1.0983058
COBL,1.1232382,1.0983058
INTS5,1.1232382,1.0983058
SIX4,1.1232382,1.0983058
TDRD12,1.1232382,1.0983058
ERAP1,1.1232382,1.0983058
SLC26A11,1.1232382,1.0983058
SMARCA1,1.1232382,1.0983058
ACOT11,1.1232382,1.0983058
WDR49,1.1232382,1.0983058
SCARF2,1.1232382,1.0983058
ACSS1,1.1232382,1.0983058
ST7,1.1232382,1.0983058
ACAA1,1.1232382,1.0983058
ADAM17,1.1232382,1.0983058
VANGL1,1.1232382,1.0983058
USP6NL,1.1232382,1.0983058
DAGLA,1.1232382,1.0983058
SNX14,1.1232382,1.0983058
SMAD9,1.1232382,1.0983058
ZNF418,1.1232382,1.0983058
DQX1,1.1232382,1.0983058
FCHSD2,1.1232382,1.0983058
SOX13,1.1232382,1.0983058
SAP130,1.1232382,1.0983058
NBR1,1.1232382,1.0983058
ACADS,1.1232382,1.0983058
MCM7,1.1232382,1.0983058
SLC44A2,1.1232382,1.0983058
GLS,1.1232382,1.0983058
SNCAIP,1.1232382,1.0983058
STON1-GTF2A1L,1.1232382,1.0983058
PML,1.1232382,1.0983058
TUBA1C,1.1232382,1.0983058
SDAD1,1.1232382,1.0983058
BMP1,1.1232382,1.0983058
NPAS3,1.1232382,1.0983058
HELQ,1.1232382,1.0983058
TCF7,1.1232382,1.0983058
IRF8,1.1232382,1.0983058
SPTLC3,1.1232382,1.0983058
DNAI2,1.1232382,1.0983058
BCAR3,1.1232382,1.0983058
IHH,1.1232382,1.0983058
FRMD8,1.1232382,1.0983058
SLC22A5,1.1232382,1.0983058
FARSA,1.1232382,1.0983058
FZD9,1.1232382,1.0983058
EFEMP2,1.1232382,1.0983058
NLGN4X,1.1232382,1.0983058
GEMIN5,1.1232382,1.0983058
AACS,1.1232382,1.0983058
NCAPG2,1.1232382,1.0983058
SIPA1L3,1.1232382,1.0983058
NTNG2,1.1232382,1.0983058
PHC3,1.1232382,1.0983058
SLC19A1,1.1232382,1.0983058
ENTPD7,1.1232382,1.0983058
PCDHGB1,1.1232382,1.0983058
P3H2,1.1232382,1.0983058
POU2F1,1.1232382,1.0983058
ALPK1,1.1232382,1.0983058
SUGP2,1.1232382,1.0983058
GLE1,1.1232382,1.0983058
ARHGAP12,1.1232382,1.0983058
KANSL1L,1.1232382,1.0983058
AGBL3,1.1232382,1.0983058
MAN2C1,1.1232382,1.0983058
IQCH,1.1232382,1.0983058
RPRD2,1.1232382,1.0983058
ARMC8,1.1232382,1.0983058
TINAGL1,1.1232382,1.0983058
SLC12A7,1.1232382,1.0983058
PCDHA11,1.1232382,1.0983058
HIF1A,1.1232382,1.0983058
TDRD1,1.1232382,1.0983058
ZBTB10,1.1232382,1.0983058
PCDH9,1.1232382,1.0983058
SNX27,1.1232382,1.0983058
CATSPERG,1.1232382,1.0983058
TM7SF2,1.1232382,1.0983058
CERCAM,1.1232382,1.0983058
METTL13,1.1232382,1.0983058
SYNRG,1.1232382,1.0983058
MYRIP,1.1232382,1.0983058
NFS1,1.1232382,1.0983058
SPAG5,1.1232382,1.0983058
SNW1,1.1232382,1.0983058
DPF3,1.1232382,1.0983058
SLC26A10,1.1232382,1.0983058
TTLL6,1.1232382,1.0983058
HEXDC,1.1232382,1.0983058
MCM9,1.1232382,1.0983058
SMARCB1,1.1232382,1.0983058
CHST6,1.1232382,1.0983058
PHF20,1.1232382,1.0983058
CFAP58,1.1232382,1.0983058
UXS1,1.1232382,1.0983058
SLC40A1,1.1232382,1.0983058
PGM1,1.1232382,1.0983058
APBB2,1.1232382,1.0983058
VWA2,1.1232382,1.0983058
CSK,1.1232382,1.0983058
RARB,1.1232382,1.0983058
CCDC136,1.1232382,1.0983058
ARSE,1.1232382,1.0983058
MFAP1,1.1232382,1.0983058
CHRNB2,1.1232382,1.0983058
EEF2K,1.1232382,1.0983058
MARK4,1.1232382,1.0983058
ESPN,1.1232382,1.0983058
COG1,1.1232382,1.0983058
CPSF1,1.1232382,1.0983058
ADAMTS16,1.1232382,1.0983058
IMPG2,1.1232382,1.0983058
USP31,1.1232382,1.0983058
VIPAS39,1.1232382,1.0983058
TSR1,1.1232382,1.0983058
WT1,1.1232382,1.0983058
ARSD,1.1232382,1.0983058
BBS7,1.1232382,1.0983058
GNL2,1.1232382,1.0983058
NTN4,1.1232382,1.0983058
DENND4A,1.1232382,1.0983058
NSUN2,1.1232382,1.0983058
HADHB,1.1232382,1.0983058
STXBP3,1.1232382,1.0983058
POLL,1.1232382,1.0983058
SEC63,1.1232382,1.0983058
PCDHAC2,1.1232382,1.0983058
PFKFB1,1.1232382,1.0983058
SLC5A3,1.1232382,1.0983058
ACSL3,1.1232382,1.0983058
ADGRF3,1.1232382,1.0983058
USP37,1.1232382,1.0983058
STIM1,1.1232382,1.0983058
PPP2R3A,1.1232382,1.0983058
NRG2,1.1232382,1.0983058
KRT4,1.1232382,1.0983058
GTPBP2,1.1232382,1.0983058
TBCK,1.1232382,1.0983058
OSBPL9,1.1232382,1.0983058
PMFBP1,1.1232382,1.0983058
WNT10A,1.1232382,1.0983058
FH,1.1232382,1.0983058
TLE2,1.1232382,1.0983058
HAS3,1.1232382,1.0983058
BMPER,1.1232382,1.0983058
BNC2,1.1232382,1.0983058
GALNT16,1.1232382,1.0983058
HERC6,1.1232382,1.0983058
CFAP54,1.1232382,1.0983058
PKP3,1.1232382,1.0983058
SECISBP2,1.1232382,1.0983058
PPOX,1.1232382,1.0983058
FAM120B,1.1232382,1.0983058
KCNT2,1.1232382,1.0983058
TTI1,1.1232382,1.0983058
LDB3,1.1232382,1.0983058
FGD2,1.1232382,1.0983058
MCC,1.1232382,1.0983058
TFR2,1.1232382,1.0983058
OTUD4,1.1232382,1.0983058
ACTR2,1.1232382,1.0983058
VPS54,1.1232382,1.0983058
ESRP1,1.1232382,1.0983058
TBX15,1.1232382,1.0983058
KCNG1,1.1232382,1.0983058
HMBOX1,1.1232382,1.0983058
PIF1,1.1232382,1.0983058
PNISR,1.1232382,1.0983058
MCM5,1.1232382,1.0983058
TMEM63B,1.1232382,1.0983058
HCFC2,1.1232382,1.0983058
RPE65,1.1232382,1.0983058
MICAL3,1.1232382,1.0983058
KIAA0586,1.1232382,1.0983058
ARHGEF19,1.1232382,1.0983058
EHD4,1.1232382,1.0983058
KLHL7,1.1232382,1.0983058
PLAT,1.1232382,1.0983058
SLC4A4,1.1232382,1.0983058
R3HDM1,1.1232382,1.0983058
SCARF1,1.1232382,1.0983058
LHCGR,1.1232382,1.0983058
PRICKLE3,1.1232382,1.0983058
AOX1,1.1232382,1.0983058
KIF3A,1.1232382,1.0983058
ARSF,1.1232382,1.0983058
RECQL4,1.1232382,1.0983058
GALNTL6,1.1232382,1.0983058
ZNF268,1.1232382,1.0983058
ESR2,1.1232382,1.0983058
MAP4K2,1.1232382,1.0983058
WNT2B,1.1232382,1.0983058
SRRT,1.1232382,1.0983058
ESR1,1.1232382,1.0983058
OXCT1,1.1232382,1.0983058
LPCAT1,1.1232382,1.0983058
ABHD16A,1.1232382,1.0983058
HLCS,1.1232382,1.0983058
NPLOC4,1.1232382,1.0983058
KCNA5,1.1232382,1.0983058
BCO2,1.1232382,1.0983058
NOS2,1.1232382,1.0983058
RARG,1.1232382,1.0983058
WDR72,1.1232382,1.0983058
FGA,1.1232382,1.0983058
HSPH1,1.1232382,1.0983058
FAM120A,1.1232382,1.0983058
NDOR1,1.1232382,1.0983058
DPP10,1.1232382,1.0983058
MICALL2,1.1232382,1.0983058
CAMTA2,1.1232382,1.0983058
LRBA,1.1232382,1.0983058
LPCAT4,1.1232382,1.0983058
CLCN1,1.1232382,1.0983058
CPAMD8,1.1232382,1.0983058
ITIH2,1.1232382,1.0983058
LHX5,1.1232382,1.0983058
RANBP6,1.1232382,1.0983058
AAK1,1.1232382,1.0983058
DDX21,1.1232382,1.0983058
KAT2A,1.1232382,1.0983058
INTS8,1.1232382,1.0983058
PCLO,1.1232382,1.0983058
KCNG2,1.1232382,1.0983058
PPP1R21,1.1232382,1.0983058
SEMA3E,1.1232382,1.0983058
PHEX,1.1232382,1.0983058
CARS,1.1232382,1.0983058
SLC25A25,1.1232382,1.0983058
ITIH4,1.1232382,1.0983058
ESRRG,1.1232382,1.0983058
CP,1.1232382,1.0983058
AMER1,1.1232382,1.0983058
KCNA2,1.1232382,1.0983058
DCBLD1,1.1232382,1.0983058
NR2F2,1.1232382,1.0983058
COL8A2,1.1232382,1.0983058
OLFML2A,1.1232382,1.0983058
LRRK1,1.1232382,1.0983058
KIAA1324L,1.1232382,1.0983058
POLK,1.1232382,1.0983058
CCDC146,1.1232382,1.0983058
MIB2,1.1232382,1.0983058
LEPR,1.1232382,1.0983058
LARGE2,1.1232382,1.0983058
ZDHHC5,1.1232382,1.0983058
ADAMTS3,1.1232382,1.0983058
PHTF1,1.1232382,1.0983058
TRPS1,1.1232382,1.0983058
DDX31,1.1232382,1.0983058
CDH20,1.1232382,1.0983058
HSD17B4,1.1232382,1.0983058
BICC1,1.1232382,1.0983058
DGKG,1.1232382,1.0983058
COLQ,1.1232382,1.0983058
FLT1,1.1232382,1.0983058
SRC,1.1232382,1.0983058
ETFDH,1.1232382,1.0983058
ESRRB,1.1232382,1.0983058
KCTD3,1.1232382,1.0983058
ERICH3,1.1232382,1.0983058
NAA16,1.1232382,1.0983058
COG4,1.1232382,1.0983058
MARVELD3,1.1232382,1.0983058
SEL1L,1.1232382,1.0983058
MED1,1.1232382,1.0983058
RMC1,1.1232382,1.0983058
ALOX12,1.1232382,1.0983058
WAS,1.1232382,1.0983058
MGAT5B,1.1232382,1.0983058
STARD8,1.1232382,1.0983058
TBC1D10B,1.1232382,1.0983058
KDM7A,1.1232382,1.0983058
USP43,1.1232382,1.0983058
MTMR6,1.1232382,1.0983058
TRPV4,1.1232382,1.0983058
PLS1,1.1232382,1.0983058
ZDHHC8,1.1232382,1.0983058
DRC7,1.1232382,1.0983058
NAA35,1.1232382,1.0983058
SLC11A1,1.1232382,1.0983058
RAPGEF5,1.1232382,1.0983058
MECOM,1.1232382,1.0983058
CAMK2G,1.1232382,1.0983058
ALS2CL,1.1232382,1.0983058
CHSY3,1.1232382,1.0983058
SREBF1,1.1232382,1.0983058
INPP4B,1.1232382,1.0983058
COL4A1,1.1232382,1.0983058
HGFAC,1.1232382,1.0983058
PANK2,1.1232382,1.0983058
ZBTB40,1.1232382,1.0983058
SIX5,1.1232382,1.0983058
MGAT5,1.1232382,1.0983058
KIRREL1,1.1232382,1.0983058
GATA3,1.1232382,1.0983058
MAP4K5,1.1232382,1.0983058
GRIN3B,1.1232382,1.0983058
USP21,1.1232382,1.0983058
KLHL26,1.1232382,1.0983058
CPEB2,1.1232382,1.0983058
PCDHGA10,1.1232382,1.0983058
RNF216,1.1232382,1.0983058
CCDC158,1.1232382,1.0983058
DENND6A,1.1232382,1.0983058
CDH5,1.1232382,1.0983058
KCNA6,1.1232382,1.0983058
RFX6,1.1232382,1.0983058
MACO1,1.1232382,1.0983058
SAMD4A,1.1232382,1.0983058
PANK1,1.1232382,1.0983058
MTMR1,1.1232382,1.0983058
PATL1,1.1232382,1.0983058
CLPB,1.1232382,1.0983058
CAPN12,1.1232382,1.0983058
MTMR8,1.1232382,1.0983058
CNTNAP4,1.1232382,1.0983058
SLC6A6,1.1232382,1.0983058
PRPF40B,1.1232382,1.0983058
FANCM,1.1232382,1.0983058
TCOF1,1.1232382,1.0983058
CLOCK,1.1232382,1.0983058
NCKAP5L,1.1232382,1.0983058
UNKL,1.1232382,1.0983058
ZHX2,1.1232382,1.0983058
FBXL19,1.1232382,1.0983058
JAKMIP2,1.1232382,1.0983058
SLC6A18,1.1232382,1.0983058
MCM4,1.1232382,1.0983058
MAN1A2,1.1232382,1.0983058
NLRP5,1.1232382,1.0983058
ROR1,1.1232382,1.0983058
SLC7A1,1.1232382,1.0983058
GLI3,1.1232382,1.0983058
WDR63,1.1232382,1.0983058
PPP4R1,1.1232382,1.0983058
DENND1A,1.1232382,1.0983058
TRIM9,1.1232382,1.0983058
PPWD1,1.1232382,1.0983058
MAP3K3,1.1232382,1.0983058
KIAA1211,1.1232382,1.0983058
UNC5A,1.1232382,1.0983058
PRKG1,1.1232382,1.0983058
LOXL4,1.1232382,1.0983058
GRB10,1.1232382,1.0983058
PIBF1,1.1232382,1.0983058
RPGR,1.1232382,1.0983058
PCNX4,1.1232382,1.0983058
CDH1,1.1232382,1.0983058
GUCY1B1,1.1232382,1.0983058
SLC5A6,1.1232382,1.0983058
CPT1C,1.1232382,1.0983058
TUBB,1.1232382,1.0983058
WDR66,1.1232382,1.0983058
STXBP2,1.1232382,1.0983058
IRF4,1.1232382,1.0983058
MRTFA,1.1232382,1.0983058
GLRA3,1.1232382,1.0983058
DHCR7,1.1232382,1.0983058
RNF145,1.1232382,1.0983058
GTF3C3,1.1232382,1.0983058
DHX33,1.1232382,1.0983058
FNIP2,1.1232382,1.0983058
ALOX15B,1.1232382,1.0983058
DKC1,1.1232382,1.0983058
DZIP3,1.1232382,1.0983058
MDGA1,1.1232382,1.0983058
MTA2,1.1232382,1.0983058
C9orf84,1.1232382,1.0983058
CD22,1.1232382,1.0983058
CCDC57,1.1232382,1.0983058
SLC9A3,1.1232382,1.0983058
UBR3,1.1232382,1.0983058
UROC1,1.1232382,1.0983058
MEI1,1.1232382,1.0983058
PLA2G4B,1.1232382,1.0983058
ADAMTS4,1.1232382,1.0983058
MUTYH,1.1232382,1.0983058
FOXJ2,1.1232382,1.0983058
VIM,1.1232382,1.0983058
VWA3A,1.1232382,1.0983058
SLC24A4,1.1232382,1.0983058
POLR3A,1.1232382,1.0983058
ANKRD36,1.1232382,1.0983058
LMX1B,1.1232382,1.0983058
FAM184B,1.1232382,1.0983058
TDRD5,1.1232382,1.0983058
SEMA3C,1.1232382,1.0983058
RTF1,1.1232382,1.0983058
ADAM9,1.1232382,1.0983058
ENPEP,1.1232382,1.0983058
RBM39,1.1232382,1.0983058
OIT3,1.1232382,1.0983058
ADAM10,1.1232382,1.0983058
CHRNE,1.1232382,1.0983058
SUV39H1,1.1232382,1.0983058
TSGA10,1.1232382,1.0983058
NGLY1,1.1232382,1.0983058
LCK,1.1232382,1.0983058
MARK3,1.1232382,1.0983058
TRPC4AP,1.1232382,1.0983058
NR2C2,1.1232382,1.0983058
ZNF831,1.1232382,1.0983058
COLGALT2,1.1232382,1.0983058
MPL,1.1232382,1.0983058
ITGA4,1.1232382,1.0983058
TPH2,1.1232382,1.0983058
CDH3,1.1232382,1.0983058
AKNA,1.1232382,1.0983058
ARHGEF28,1.1232382,1.0983058
ACTN1,1.1232382,1.0983058
NLGN1,1.1232382,1.0983058
AFF2,1.1232382,1.0983058
SIDT2,1.1232382,1.0983058
SEMA4D,1.1232382,1.0983058
ARIH2,1.1232382,1.0983058
BMP2K,1.1232382,1.0983058
NXF1,1.1232382,1.0983058
ACAD8,1.1232382,1.0983058
SLC6A20,1.1232382,1.0983058
ATF7IP,1.1232382,1.0983058
STOX1,1.1232382,1.0983058
RNF6,1.1232382,1.0983058
NOD2,1.1232382,1.0983058
CC2D1B,1.1232382,1.0983058
NPAS2,1.1232382,1.0983058
ANKRD30B,1.1232382,1.0983058
N4BP2,1.1232382,1.0983058
KIF18B,1.1232382,1.0983058
ATG16L2,1.1232382,1.0983058
NR6A1,1.1232382,1.0983058
TFAP2A,1.1232382,1.0983058
TMPRSS7,1.1232382,1.0983058
RPS6KA1,1.1232382,1.0983058
GUF1,1.1232382,1.0983058
DCAF13,1.1232382,1.0983058
NR4A3,1.1232382,1.0983058
FAM83B,1.1232382,1.0983058
VPS33A,1.1232382,1.0983058
CCDC186,1.1232382,1.0983058
GALT,1.1232382,1.0983058
IGHMBP2,1.1232382,1.0983058
SPECC1,1.1232382,1.0983058
RBP3,1.1232382,1.0983058
BEST4,1.1232382,1.0983058
DDX41,1.1232382,1.0983058
MVP,1.1232382,1.0983058
DYNC1I1,1.1232382,1.0983058
PTPRN,1.1232382,1.0983058
PLEKHG4B,1.1232382,1.0983058
AK7,1.1232382,1.0983058
CLASRP,1.1232382,1.0983058
GCDH,1.1232382,1.0983058
SPTLC2,1.1232382,1.0983058
ZC3H12C,1.1232382,1.0983058
MYH7,1.1232382,1.0983058
CNKSR2,1.1232382,1.0983058
ELP3,1.1232382,1.0983058
KLHL21,1.1232382,1.0983058
TAS1R2,1.1232382,1.0983058
FAP,1.1232382,1.0983058
NISCH,1.1232382,1.0983058
THAP9,1.1232382,1.0983058
TPM1,1.1232382,1.0983058
ANPEP,1.1232382,1.0983058
ICK,1.1232382,1.0983058
LMNA,1.1232382,1.0983058
INA,1.1232382,1.0983058
ELMSAN1,1.1232382,1.0983058
HEXA,1.1232382,1.0983058
ODF2,1.1232382,1.0983058
RBSN,1.1232382,1.0983058
MAML3,1.1232382,1.0983058
CDC27,1.1232382,1.0983058
ZC3H7B,1.1232382,1.0983058
PPP6R3,1.1232382,1.0983058
USP36,1.1232382,1.0983058
GNAO1,1.1232382,1.0983058
ALPI,1.1232382,1.0983058
PLEKHA4,1.1232382,1.0983058
RTL1,1.1232382,1.0983058
KCNJ3,1.1232382,1.0983058
TAS1R1,1.1232382,1.0983058
RECK,1.1232382,1.0983058
NOP56,1.1232382,1.0983058
WDR78,1.1232382,1.0983058
LATS2,1.1232382,1.0983058
KCTD7,1.1232382,1.0983058
KIAA0753,1.1232382,1.0983058
KARS,1.1232382,1.0983058
HGSNAT,1.1232382,1.0983058
ATXN2L,1.1232382,1.0983058
XYLT2,1.1232382,1.0983058
TUBG2,1.1232382,1.0983058
HYOU1,1.1232382,1.0983058
ANKAR,1.1232382,1.0983058
ZHX3,1.1232382,1.0983058
RREB1,1.1232382,1.0983058
TTC27,1.1232382,1.0983058
JMY,1.1232382,1.0983058
HSP90B1,1.1232382,1.0983058
SUN1,1.1232382,1.0983058
EML2,1.1232382,1.0983058
ECT2L,1.1232382,1.0983058
VAC14,1.1232382,1.0983058
ANO4,1.1232382,1.0983058
BTK,1.1232382,1.0983058
MTM1,1.1232382,1.0983058
PFKFB3,1.1232382,1.0983058
AP2B1,1.1232382,1.0983058
DENND2A,1.1232382,1.0983058
MAP4K3,1.1232382,1.0983058
DCHS2,1.1232382,1.0983058
PCDH7,1.1232382,1.0983058
KCNS1,1.1232382,1.0983058
SERAC1,1.1232382,1.0983058
SMOX,1.1232382,1.0983058
KLHL18,1.1232382,1.0983058
PTPRO,1.1232382,1.0983058
KCNV2,1.1232382,1.0983058
FSTL4,1.1232382,1.0983058
RHOT1,1.1232382,1.0983058
ITIH5,1.1232382,1.0983058
SH2D3C,1.1232382,1.0983058
DSG4,1.1232382,1.0983058
APPBP2,1.1232382,1.0983058
ARSA,1.1232382,1.0983058
FAM160A2,1.1232382,1.0983058
ADD2,1.1232382,1.0983058
PCDHGB6,1.1232382,1.0983058
FBLN5,1.1232382,1.0983058
MYO3A,1.1232382,1.0983058
NOX5,1.1232382,1.0983058
FZD6,1.1232382,1.0983058
LHX3,1.1232382,1.0983058
SMPD4,1.1232382,1.0983058
PRKCD,1.1232382,1.0983058
FBF1,1.1232382,1.0983058
PCDH8,1.1232382,1.0983058
PCDHGB7,1.1232382,1.0983058
PLXNA3,1.1232382,1.0983058
BICD1,1.1232382,1.0983058
DCAF6,1.1232382,1.0983058
ZNF644,1.1232382,1.0983058
SLC5A12,1.1232382,1.0983058
GATA6,1.1232382,1.0983058
DPYD,1.1232382,1.0983058
DCAF5,1.1232382,1.0983058
DDX17,1.1232382,1.0983058
ACTR1B,1.1232382,1.0983058
MROH7,1.1232382,1.0983058
ADGRL2,1.1232382,1.0983058
FXR2,1.1232382,1.0983058
HIVEP1,1.1232382,1.0983058
HACE1,1.1232382,1.0983058
ELMO1,1.1232382,1.0983058
INTS6L,1.1232382,1.0983058
KLHL2,1.1232382,1.0983058
NFE2L1,1.1232382,1.0983058
ARMCX4,1.1232382,1.0983058
KIF22,1.1232382,1.0983058
NR3C1,1.1232382,1.0983058
CACNB4,1.1232382,1.0983058
KIAA1324,1.1232382,1.0983058
ARAP2,1.1232382,1.0983058
GALNT7,1.1232382,1.0983058
SEC14L5,1.1232382,1.0983058
LONRF3,1.1232382,1.0983058
ACTR1A,1.1232382,1.0983058
INPP5E,1.1232382,1.0983058
NUP85,1.1232382,1.0983058
EFEMP1,1.1232382,1.0983058
PCIF1,1.1232382,1.0983058
TULP1,1.1232382,1.0983058
ANKRD24,1.1232382,1.0983058
URB2,1.1232382,1.0983058
KL,1.1232382,1.0983058
KLHL8,1.1232382,1.0983058
SEMA3D,1.1232382,1.0983058
ENAH,1.1232382,1.0983058
EIF4B,1.1232382,1.0983058
CIZ1,1.1232382,1.0983058
CPXM1,1.1232382,1.0983058
IGSF22,1.1232382,1.0983058
ELAC2,1.1232382,1.0983058
HSPA4,1.1232382,1.0983058
GPD2,1.1232382,1.0983058
ITGB8,1.1232382,1.0983058
USH1C,1.1232382,1.0983058
SH3PXD2A,1.1232382,1.0983058
KIF18A,1.1232382,1.0983058
GPRC6A,1.1232382,1.0983058
GNAL,1.1232382,1.0983058
GFM2,1.1232382,1.0983058
PTPRN2,1.1232382,1.0983058
SLC6A4,1.1232382,1.0983058
TOPORS,1.1232382,1.0983058
ABAT,1.1232382,1.0983058
PHF8,1.1232382,1.0983058
STARD3,1.1232382,1.0983058
ABCD3,1.1232382,1.0983058
BMPR1A,1.1232382,1.0983058
RBM5,1.1232382,1.0983058
ACVR2B,1.1232382,1.0983058
RHBDF2,1.1232382,1.0983058
EYA4,1.1232382,1.0983058
PIWIL2,1.1232382,1.0983058
HNF4A,1.1232382,1.0983058
PAX1,1.1232382,1.0983058
FAM20C,1.1232382,1.0983058
MCM8,1.1232382,1.0983058
ZNF318,1.1232382,1.0983058
USP38,1.1232382,1.0983058
USP53,1.1232382,1.0983058
SLC9A2,1.1232382,1.0983058
CIITA,1.1232382,1.0983058
GRIN2C,1.1232382,1.0983058
GBE1,1.1232382,1.0983058
DCT,1.1232382,1.0983058
TRAK2,1.1232382,1.0983058
IPO4,1.1232382,1.0983058
HCK,1.1232382,1.0983058
PLEKHH2,1.1232382,1.0983058
PITX2,1.1232382,1.0983058
PIK3R3,1.1232382,1.0983058
SYNJ1,1.1232382,1.0983058
ANKRD35,1.1232382,1.0983058
RIPOR2,1.1232382,1.0983058
RXRB,1.1232382,1.0983058
ARHGAP31,1.1232382,1.0983058
TUBGCP5,1.1232382,1.0983058
TRPA1,1.1232382,1.0983058
ATP2B4,1.1232382,1.0983058
KIFC2,1.1232382,1.0983058
ITGAE,1.1232382,1.0983058
PPL,1.1232382,1.0983058
NOP14,1.1232382,1.0983058
GTF2IRD1,1.1232382,1.0983058
BAG6,1.1232382,1.0983058
PTPRJ,1.1232382,1.0983058
TBX3,1.1232382,1.0983058
WDR48,1.1232382,1.0983058
ATXN2,1.1232382,1.0983058
TCF7L1,1.1232382,1.0983058
STK11IP,1.1232382,1.0983058
ILK,1.1232382,1.0983058
PTPRG,1.1232382,1.0983058
ITIH1,1.1232382,1.0983058
FIG4,1.1232382,1.0983058
MCTP2,1.1232382,1.0983058
KANK1,1.1232382,1.0983058
ALDH4A1,1.1232382,1.0983058
XPNPEP2,1.1232382,1.0983058
PLEKHA6,1.1232382,1.0983058
SLC9A5,1.1232382,1.0983058
TANGO6,1.1232382,1.0983058
ATP11B,1.1232382,1.0983058
TEC,1.1232382,1.0983058
MTMR10,1.1232382,1.0983058
UNC5D,1.1232382,1.0983058
MAP4K1,1.1232382,1.0983058
CTNNA1,1.1232382,1.0983058
NR2C1,1.1232382,1.0983058
SGK223,1.1232382,1.0983058
LCP1,1.1232382,1.0983058
CD163,1.1232382,1.0983058
PNPLA8,1.1232382,1.0983058
PRPF31,1.1232382,1.0983058
AREL1,1.1232382,1.0983058
XPNPEP1,1.1232382,1.0983058
TRIM67,1.1232382,1.0983058
AC018470.1,1.1232382,1.0983058
AP2A1,1.1232382,1.0983058
ZFAT,1.1232382,1.0983058
SOX30,1.1232382,1.0983058
PLEKHH3,1.1232382,1.0983058
ADAMTS2,1.1232382,1.0983058
SEMA3A,1.1232382,1.0983058
TUBB3,1.1232382,1.0983058
FKRP,1.1232382,1.0983058
COL9A3,1.1232382,1.0983058
CARD10,1.1232382,1.0983058
SEZ6L,1.1232382,1.0983058
CEMIP,1.1232382,1.0983058
CAMSAP3,1.1232382,1.0983058
PNPT1,1.1232382,1.0983058
LIMK1,1.1232382,1.0983058
GALNT11,1.1232382,1.0983058
NR5A2,1.1232382,1.0983058
KIAA1671,1.1232382,1.0983058
RFX4,1.1232382,1.0983058
SGCE,1.1232382,1.0983058
ZRANB3,1.1232382,1.0983058
COBLL1,1.1232382,1.0983058
CNGA4,1.1232382,1.0983058
P3H1,1.1232382,1.0983058
DPF1,1.1232382,1.0983058
ARHGEF26,1.1232382,1.0983058
KLHL1,1.1232382,1.0983058
SCYL1,1.1232382,1.0983058
ACOX1,1.1232382,1.0983058
TBL1X,1.1232382,1.0983058
NUP153,1.1232382,1.0983058
DNER,1.1232382,1.0983058
TMTC3,1.1232382,1.0983058
DLGAP2,1.1232382,1.0983058
ACAP1,1.1232382,1.0983058
ABCB10,1.1232382,1.0983058
ANKRD31,1.1232382,1.0983058
LUC7L3,1.1232382,1.0983058
DYNC1I2,1.1232382,1.0983058
NDST3,1.1232382,1.0983058
ASAP3,1.1232382,1.0983058
IRS2,1.1232382,1.0983058
KLHL29,1.1232382,1.0983058
RBPJ,1.1232382,1.0983058
ZNF335,1.1232382,1.0983058
SYK,1.1232382,1.0983058
GPATCH1,1.1232382,1.0983058
TAS1R3,1.1232382,1.0983058
IDE,1.1232382,1.0983058
RECQL5,1.1232382,1.0983058
PLCD1,1.1232382,1.0983058
CAPN11,1.1232382,1.0983058
STIM2,1.1232382,1.0983058
BRCA2,1.1232382,1.0983058
BAZ2B,1.1232382,1.0983058
NCSTN,1.1232382,1.0983058
PAM,1.1232382,1.0983058
SAMD9,1.1232382,1.0983058
SLC6A11,1.1232382,1.0983058
ELMO2,1.1232382,1.0983058
TRPC7,1.1232382,1.0983058
PAH,1.1232382,1.0983058
ACSL6,1.1232382,1.0983058
PHF20L1,1.1232382,1.0983058
CUL7,1.1232382,1.0983058
MYO9B,1.1232382,1.0983058
RGS9,1.1232382,1.0983058
SLC3A1,1.1232382,1.0983058
JMJD1C,1.1232382,1.0983058
RIMS2,1.1232382,1.0983058
DDX4,1.1232382,1.0983058
LRCH3,1.1232382,1.0983058
IRS4,1.1232382,1.0983058
DPYSL5,1.1232382,1.0983058
PCSK7,1.1232382,1.0983058
NOL10,1.1232382,1.0983058
SMAD3,1.1232382,1.0983058
KLHL5,1.1232382,1.0983058
SOX9,1.1232382,1.0983058
ADAMTS5,1.1232382,1.0983058
GLB1L3,1.1232382,1.0983058
SCNN1A,1.1232382,1.0983058
MCM2,1.1232382,1.0983058
ESYT2,1.1232382,1.0983058
NEK4,1.1232382,1.0983058
FUS,1.1232382,1.0983058
ACAD10,1.1232382,1.0983058
SARS,1.1232382,1.0983058
STRA6,1.1232382,1.0983058
PKD1,1.1232382,1.0983058
ATP6V0A1,1.1232382,1.0983058
ADAMTS8,1.1232382,1.0983058
KCNN3,1.1232382,1.0983058
SV2A,1.1232382,1.0983058
CEMIP2,1.1232382,1.0983058
KCNQ1,1.1232382,1.0983058
SPHKAP,1.1232382,1.0983058
ATP2C2,1.1232382,1.0983058
ADAMTS9,1.1232382,1.0983058
CLSTN1,1.1232382,1.0983058
CHRNA4,1.1232382,1.0983058
PCK2,1.1232382,1.0983058
MAP3K19,1.1232382,1.0983058
IVNS1ABP,1.1232382,1.0983058
ARHGAP9,1.1232382,1.0983058
MYORG,1.1232382,1.0983058
RGS22,1.1232382,1.0983058
NCOA7,1.1232382,1.0983058
COL19A1,1.1232382,1.0983058
DSG1,1.1232382,1.0983058
MAML2,1.1232382,1.0983058
SMG5,1.1232382,1.0983058
ALDH7A1,1.1232382,1.0983058
AKAP11,1.1232382,1.0983058
SENP7,1.1232382,1.0983058
DHX35,1.1232382,1.0983058
LIMK2,1.1232382,1.0983058
PKN3,1.1232382,1.0983058
KEL,1.1232382,1.0983058
CNNM4,1.1232382,1.0983058
OLFM1,1.1232382,1.0983058
SP100,1.1232382,1.0983058
NRG1,1.1232382,1.0983058
PEG3,1.1232382,1.0983058
L3MBTL1,1.1232382,1.0983058
PPFIBP2,1.1232382,1.0983058
NAV3,1.1232382,1.0983058
NOL4,1.1232382,1.0983058
GLB1L2,1.1232382,1.0983058
DPF2,1.1232382,1.0983058
PCDHGC4,1.1232382,1.0983058
IGSF1,1.1232382,1.0983058
CPXM2,1.1232382,1.0983058
DLL4,1.1232382,1.0983058
SEZ6,1.1232382,1.0983058
GALNT10,1.1232382,1.0983058
TMF1,1.1232382,1.0983058
CHL1,1.1232382,1.0983058
SLC26A3,1.1232382,1.0983058
USP5,1.1232382,1.0983058
ADAMTS13,1.1232382,1.0983058
EIF2B4,1.1232382,1.0983058
MRC2,1.1232382,1.0983058
AP2A2,1.1232382,1.0983058
SRBD1,1.1232382,1.0983058
ADGRA1,1.1232382,1.0983058
ELOA,1.1232382,1.0983058
ACOX3,1.1232382,1.0983058
INTS11,1.1232382,1.0983058
VWA5B2,1.1232382,1.0983058
RSBN1,1.1232382,1.0983058
KLHL3,1.1232382,1.0983058
SCAF11,1.1232382,1.0983058
DTNB,1.1232382,1.0983058
SPG7,1.1232382,1.0983058
APLP1,1.1232382,1.0983058
MMS19,1.1232382,1.0983058
MDGA2,1.1232382,1.0983058
EXOC2,1.1232382,1.0983058
VPS35L,1.1232382,1.0983058
ALPL,1.1232382,1.0983058
MCCC1,1.1232382,1.0983058
NOP2,1.1232382,1.0983058
PPP1R12A,1.1232382,1.0983058
COLGALT1,1.1232382,1.0983058
SLC5A4,1.1232382,1.0983058
UBE3A,1.1232382,1.0983058
ADAM11,1.1232382,1.0983058
FYN,1.1232382,1.0983058
LENG8,1.1232382,1.0983058
FZD7,1.1232382,1.0983058
CRY1,1.1232382,1.0983058
SEC16B,1.1232382,1.0983058
VPS45,1.1232382,1.0983058
FER,1.1232382,1.0983058
XYLT1,1.1232382,1.0983058
ADGRG6,1.1232382,1.0983058
TYK2,1.1232382,1.0983058
HECTD3,1.1232382,1.0983058
DARS2,1.1232382,1.0983058
UNC45B,1.1232382,1.0983058
SART3,1.1232382,1.0983058
PDE3A,1.1232382,1.0983058
SACS,1.1232382,1.0983058
CEP112,1.1232382,1.0983058
SLC5A11,1.1232382,1.0983058
ZMYM6,1.1232382,1.0983058
MPHOSPH9,1.1232382,1.0983058
DHX16,1.1232382,1.0983058
PPP1R10,1.1232382,1.0983058
CMYA5,1.1232382,1.0983058
HMGXB3,1.1232382,1.0983058
RBM33,1.1232382,1.0983058
SLC20A1,1.1232382,1.0983058
TRHDE,1.1232382,1.0983058
MSN,1.1232382,1.0983058
TTLL13P,1.1232382,1.0983058
FTCD,1.1232382,1.0983058
PTPRH,1.1232382,1.0983058
TECTA,1.1232382,1.0983058
ULK2,1.1232382,1.0983058
PNPLA6,1.1232382,1.0983058
BCAS3,1.1232382,1.0983058
CLEC16A,1.1232382,1.0983058
TYW1,1.1232382,1.0983058
OSBPL5,1.1232382,1.0983058
VPS41,1.1232382,1.0983058
KIT,1.1232382,1.0983058
LAMC3,1.1232382,1.0983058
RNF17,1.1232382,1.0983058
ANKZF1,1.1232382,1.0983058
SSH1,1.1232382,1.0983058
ADAMTS1,1.1232382,1.0983058
VPS50,1.1232382,1.0983058
CUL4A,1.1232382,1.0983058
LTBP3,1.1232382,1.0983058
TGM2,1.1232382,1.0983058
PCDH17,1.1232382,1.0983058
ARHGAP27,1.1232382,1.0983058
SEC23IP,1.1232382,1.0983058
VPS53,1.1232382,1.0983058
XPOT,1.1232382,1.0983058
CD109,1.1232382,1.0983058
SENP6,1.1232382,1.0983058
FAM120C,1.1232382,1.0983058
ZNF541,1.1232382,1.0983058
DHCR24,1.1232382,1.0983058
ANKRD44,1.1232382,1.0983058
ANKS1A,1.1232382,1.0983058
CCDC150,1.1232382,1.0983058
GPLD1,1.1232382,1.0983058
ZC3H7A,1.1232382,1.0983058
NLRX1,1.1232382,1.0983058
ATP5F1A,1.1232382,1.0983058
PCDHGC3,1.1232382,1.0983058
UNC45A,1.1232382,1.0983058
SREBF2,1.1232382,1.0983058
SGSM2,1.1232382,1.0983058
DCAF8,1.1232382,1.0983058
SVIL,1.1232382,1.0983058
CACHD1,1.1232382,1.0983058
FANCA,1.1232382,1.0983058
FZD5,1.1232382,1.0983058
NEK10,1.1232382,1.0983058
ULK4,1.1232382,1.0983058
WDR64,1.1232382,1.0983058
FERMT3,1.1232382,1.0983058
ST18,1.1232382,1.0983058
ACSL1,1.1232382,1.0983058
SPATA20,1.1232382,1.0983058
NPR1,1.1232382,1.0983058
CAPRIN2,1.1232382,1.0983058
PKN2,1.1232382,1.0983058
AXIN1,1.1232382,1.0983058
KATNA1,1.1232382,1.0983058
TYRO3,1.1232382,1.0983058
FZD3,1.1232382,1.0983058
EXOC1,1.1232382,1.0983058
SLC4A8,1.1232382,1.0983058
TMPRSS15,1.1232382,1.0983058
UMOD,1.1232382,1.0983058
ADAM15,1.1232382,1.0983058
RBM10,1.1232382,1.0983058
ERCC4,1.1232382,1.0983058
SHROOM4,1.1232382,1.0983058
ERCC5,1.1232382,1.0983058
YTHDC2,1.1232382,1.0983058
RPS6KA4,1.1232382,1.0983058
KIAA1210,1.1232382,1.0983058
TBC1D8B,1.1232382,1.0983058
ADGRB3,1.1232382,1.0983058
PMS2,1.1232382,1.0983058
HIP1R,1.1232382,1.0983058
ACTA1,1.1232382,1.0983058
PZP,1.1232382,1.0983058
GUCY1A2,1.1232382,1.0983058
UNC5C,1.1232382,1.0983058
MEGF11,1.1232382,1.0983058
ATP8A2,1.1232382,1.0983058
MTMR7,1.1232382,1.0983058
PIWIL1,1.1232382,1.0983058
MTMR14,1.1232382,1.0983058
VPS18,1.1232382,1.0983058
MMS22L,1.1232382,1.0983058
PLEKHG3,1.1232382,1.0983058
AHCYL2,1.1232382,1.0983058
CNTN3,1.1232382,1.0983058
RBM15,1.1232382,1.0983058
SIN3B,1.1232382,1.0983058
AARS,1.1232382,1.0983058
FOXO6,1.1232382,1.0983058
SFMBT2,1.1232382,1.0983058
GLB1L,1.1232382,1.0983058
PRPH,1.1232382,1.0983058
KIF1C,1.1232382,1.0983058
PRKCQ,1.1232382,1.0983058
NRDE2,1.1232382,1.0983058
DDR1,1.1232382,1.0983058
TRAP1,1.1232382,1.0983058
HAL,1.1232382,1.0983058
FAM13A,1.1232382,1.0983058
TAF2,1.1232382,1.0983058
MIOS,1.1232382,1.0983058
F13A1,1.1232382,1.0983058
XPR1,1.1232382,1.0983058
LONP2,1.1232382,1.0983058
ACAD9,1.1232382,1.0983058
SLC26A8,1.1232382,1.0983058
ITGA9,1.1232382,1.0983058
PDE10A,1.1232382,1.0983058
CRAT,1.1232382,1.0983058
PRSS36,1.1232382,1.0983058
RBM20,1.1232382,1.0983058
SLC25A12,1.1232382,1.0983058
ARHGAP23,1.1232382,1.0983058
PMS1,1.1232382,1.0983058
CPS1,1.1232382,1.0983058
PLG,1.1232382,1.0983058
VPS16,1.1232382,1.0983058
NR1D1,1.1232382,1.0983058
LTBP2,1.1232382,1.0983058
CNGA1,1.1232382,1.0983058
ARHGAP42,1.1232382,1.0983058
NLGN3,1.1232382,1.0983058
CNTN6,1.1232382,1.0983058
SORCS2,1.1232382,1.0983058
ERCC6L2,1.1232382,1.0983058
ADAM12,1.1232382,1.0983058
VWA3B,1.1232382,1.0983058
PIEZO1,1.1232382,1.0983058
ACAP2,1.1232382,1.0983058
EXOC8,1.1232382,1.0983058
CLMN,1.1232382,1.0983058
CEP76,1.1232382,1.0983058
SYCP2,1.1232382,1.0983058
MAN1C1,1.1232382,1.0983058
TMEM94,1.1232382,1.0983058
NUP93,1.1232382,1.0983058
WDR35,1.1232382,1.0983058
NRDC,1.1232382,1.0983058
EWSR1,1.1232382,1.0983058
PRKCA,1.1232382,1.0983058
USP13,1.1232382,1.0983058
FTSJ3,1.1232382,1.0983058
LRPPRC,1.1232382,1.0983058
SASH1,1.1232382,1.0983058
BUB1B,1.1232382,1.0983058
ANLN,1.1232382,1.0983058
GART,1.1232382,1.0983058
PSMD1,1.1232382,1.0983058
PITRM1,1.1232382,1.0983058
DGKA,1.1232382,1.0983058
DYM,1.1232382,1.0983058
AVIL,1.1232382,1.0983058
SLC7A2,1.1232382,1.0983058
THSD4,1.1232382,1.0983058
FLT3,1.1232382,1.0983058
KCND1,1.1232382,1.0983058
POSTN,1.1232382,1.0983058
DPP9,1.1232382,1.0983058
INPP4A,1.1232382,1.0983058
MAMDC4,1.1232382,1.0983058
TRPV3,1.1232382,1.0983058
AHCYL1,1.1232382,1.0983058
AGBL1,1.1232382,1.0983058
IPO7,1.1232382,1.0983058
PRICKLE1,1.1232382,1.0983058
SEC31B,1.1232382,1.0983058
RPS6KA2,1.1232382,1.0983058
PDZRN4,1.1232382,1.0983058
CNGA3,1.1232382,1.0983058
USP11,1.1232382,1.0983058
ZMIZ1,1.1232382,1.0983058
TEX10,1.1232382,1.0983058
APLP2,1.1232382,1.0983058
TTBK2,1.1232382,1.0983058
PCCA,1.1232382,1.0983058
ADSL,1.1232382,1.0983058
ABLIM2,1.1232382,1.0983058
ALOX12B,1.1232382,1.0983058
EDEM1,1.1232382,1.0983058
ADAMTS7,1.1232382,1.0983058
KIF6,1.1232382,1.0983058
PITPNM2,1.1232382,1.0983058
TTC7B,1.1232382,1.0983058
PLCL1,1.1232382,1.0983058
ITGB6,1.1232382,1.0983058
TAF15,1.1232382,1.0983058
BCS1L,1.1232382,1.0983058
UNC5B,1.1232382,1.0983058
ALPK2,1.1232382,1.0983058
CORO7,1.1232382,1.0983058
LRIG2,1.1232382,1.0983058
ENPP3,1.1232382,1.0983058
TARSL2,1.1232382,1.0983058
TBX2,1.1232382,1.0983058
ANKIB1,1.1232382,1.0983058
PEX5,1.1232382,1.0983058
CAPN9,1.1232382,1.0983058
DYSF,1.1232382,1.0983058
TCF25,1.1232382,1.0983058
PARP14,1.1232382,1.0983058
TUBGCP3,1.1232382,1.0983058
KNL1,1.1232382,1.0983058
DDHD1,1.1232382,1.0983058
ZNF609,1.1232382,1.0983058
CMTR1,1.1232382,1.0983058
EML1,1.1232382,1.0983058
KLHL20,1.1232382,1.0983058
XAB2,1.1232382,1.0983058
ALAS1,1.1232382,1.0983058
ADAM22,1.1232382,1.0983058
INVS,1.1232382,1.0983058
VWA5B1,1.1232382,1.0983058
RAPGEF1,1.1232382,1.0983058
BCR,1.1232382,1.0983058
GPSM2,1.1232382,1.0983058
SLC26A6,1.1232382,1.0983058
POLR1B,1.1232382,1.0983058
MEGF6,1.1232382,1.0983058
ZNF568,1.1232382,1.0983058
NAA25,1.1232382,1.0983058
TAP2,1.1232382,1.0983058
SEMA6D,1.1232382,1.0983058
TRIM33,1.1232382,1.0983058
TJP3,1.1232382,1.0983058
GPI,1.1232382,1.0983058
NFATC3,1.1232382,1.0983058
TRIM3,1.1232382,1.0983058
NEFH,1.1232382,1.0983058
ACTL6B,1.1232382,1.0983058
NAV1,1.1232382,1.0983058
VPS35,1.1232382,1.0983058
EPB41L4A,1.1232382,1.0983058
ANKRD36C,1.1232382,1.0983058
LDLR,1.1232382,1.0983058
HFM1,1.1232382,1.0983058
NSMAF,1.1232382,1.0983058
TGFBI,1.1232382,1.0983058
MAP2,1.1232382,1.0983058
FGD5,1.1232382,1.0983058
RBMXL3,1.1232382,1.0983058
TDRD3,1.1232382,1.0983058
CASKIN2,1.1232382,1.0983058
EXPH5,1.1232382,1.0983058
DLG3,1.1232382,1.0983058
CLSPN,1.1232382,1.0983058
LOXL3,1.1232382,1.0983058
PDE9A,1.1232382,1.0983058
PDE8A,1.1232382,1.0983058
GNPTAB,1.1232382,1.0983058
ESYT3,1.1232382,1.0983058
CFAP61,1.1232382,1.0983058
TEX2,1.1232382,1.0983058
C2CD5,1.1232382,1.0983058
MYBPC2,1.1232382,1.0983058
FGD1,1.1232382,1.0983058
CUBN,1.1232382,1.0983058
ARHGAP29,1.1232382,1.0983058
ADGRA2,1.1232382,1.0983058
ATG9B,1.1232382,1.0983058
CCDC18,1.1232382,1.0983058
LPIN3,1.1232382,1.0983058
PPP1R9A,1.1232382,1.0983058
NID1,1.1232382,1.0983058
EIF4ENIF1,1.1232382,1.0983058
CACNB1,1.1232382,1.0983058
MTHFD1,1.1232382,1.0983058
MATN4,1.1232382,1.0983058
USP48,1.1232382,1.0983058
ADGRG4,1.1232382,1.0983058
AGO4,1.1232382,1.0983058
TAP1,1.1232382,1.0983058
KPNB1,1.1232382,1.0983058
DTNA,1.1232382,1.0983058
TTLL7,1.1232382,1.0983058
ALDH16A1,1.1232382,1.0983058
SRCIN1,1.1232382,1.0983058
DDX27,1.1232382,1.0983058
STAT1,1.1232382,1.0983058
SORBS2,1.1232382,1.0983058
SGSM1,1.1232382,1.0983058
LLGL1,1.1232382,1.0983058
CDH2,1.1232382,1.0983058
USP40,1.1232382,1.0983058
ABCC8,1.1232382,1.0983058
ASTN1,1.1232382,1.0983058
BIRC6,1.1232382,1.0983058
ELP2,1.1232382,1.0983058
VAV2,1.1232382,1.0983058
UHRF1BP1L,1.1232382,1.0983058
BCKDHA,1.1232382,1.0983058
KTN1,1.1232382,1.0983058
TTLL4,1.1232382,1.0983058
NDUFS2,1.1232382,1.0983058
H6PD,1.1232382,1.0983058
KIF26B,1.1232382,1.0983058
RABGAP1L,1.1232382,1.0983058
CNTLN,1.1232382,1.0983058
ITGAD,1.1232382,1.0983058
C6,1.1232382,1.0983058
GIT1,1.1232382,1.0983058
HIPK1,1.1232382,1.0983058
QARS,1.1232382,1.0983058
COL17A1,1.1232382,1.0983058
IKBKB,1.1232382,1.0983058
BRWD1,1.1232382,1.0983058
ZNF521,1.1232382,1.0983058
FNIP1,1.1232382,1.0983058
AP3D1,1.1232382,1.0983058
GLB1,1.1232382,1.0983058
PTPN6,1.1232382,1.0983058
CRYBG2,1.1232382,1.0983058
POP1,1.1232382,1.0983058
SCAF4,1.1232382,1.0983058
DDX42,1.1232382,1.0983058
ABCD4,1.1232382,1.0983058
FMN1,1.1232382,1.0983058
CDHR2,1.1232382,1.0983058
HERC4,1.1232382,1.0983058
ANKRD17,1.1232382,1.0983058
QSER1,1.1232382,1.0983058
HIPK2,1.1232382,1.0983058
FBXW7,1.1232382,1.0983058
ADARB2,1.1232382,1.0983058
DHX30,1.1232382,1.0983058
SAMD9L,1.1232382,1.0983058
PTPN13,1.1232382,1.0983058
MCM3,1.1232382,1.0983058
QRICH2,1.1232382,1.0983058
ACADVL,1.1232382,1.0983058
EIF3A,1.1232382,1.0983058
MCTP1,1.1232382,1.0983058
HLTF,1.1232382,1.0983058
NUP133,1.1232382,1.0983058
TARBP1,1.1232382,1.0983058
PPFIA3,1.1232382,1.0983058
RIPOR1,1.1232382,1.0983058
GRM6,1.1232382,1.0983058
SEMA3F,1.1232382,1.0983058
KIF4B,1.1232382,1.0983058
AP3B2,1.1232382,1.0983058
CACNA1C,1.1232382,1.0983058
PKP4,1.1232382,1.0983058
CUL5,1.1232382,1.0983058
RFC1,1.1232382,1.0983058
OSBP2,1.1232382,1.0983058
IPO13,1.1232382,1.0983058
RGS3,1.1232382,1.0983058
CAND2,1.1232382,1.0983058
OPLAH,1.1232382,1.0983058
NDST2,1.1232382,1.0983058
SIK2,1.1232382,1.0983058
WDR7,1.1232382,1.0983058
GALC,1.1232382,1.0983058
DIS3L2,1.1232382,1.0983058
TMC2,1.1232382,1.0983058
OSBPL6,1.1232382,1.0983058
MUSK,1.1232382,1.0983058
ERN1,1.1232382,1.0983058
PPP1R12B,1.1232382,1.0983058
HIPK3,1.1232382,1.0983058
PDE8B,1.1232382,1.0983058
CAPN7,1.1232382,1.0983058
CHRD,1.1232382,1.0983058
SLC20A2,1.1232382,1.0983058
TECPR2,1.1232382,1.0983058
TNIK,1.1232382,1.0983058
DES,1.1232382,1.0983058
OSBPL1A,1.1232382,1.0983058
PRKCH,1.1232382,1.0983058
ARHGAP45,1.1232382,1.0983058
SHROOM2,1.1232382,1.0983058
CENPE,1.1232382,1.0983058
AFF1,1.1232382,1.0983058
IQSEC1,1.1232382,1.0983058
PRRC2A,1.1232382,1.0983058
LARP1,1.1232382,1.0983058
XIRP1,1.1232382,1.0983058
TTC17,1.1232382,1.0983058
IRS1,1.1232382,1.0983058
AGBL5,1.1232382,1.0983058
PPFIBP1,1.1232382,1.0983058
NWD1,1.1232382,1.0983058
PCCB,1.1232382,1.0983058
PLA2G6,1.1232382,1.0983058
SMARCAL1,1.1232382,1.0983058
FHAD1,1.1232382,1.0983058
ATAD5,1.1232382,1.0983058
PAXBP1,1.1232382,1.0983058
TNPO1,1.1232382,1.0983058
MPRIP,1.1232382,1.0983058
TRIO,1.1232382,1.0983058
HMGCR,1.1232382,1.0983058
TMEM131L,1.1232382,1.0983058
LRRFIP2,1.1232382,1.0983058
LRIG1,1.1232382,1.0983058
TAF1L,1.1232382,1.0983058
CARD11,1.1232382,1.0983058
SMG8,1.1232382,1.0983058
CWC22,1.1232382,1.0983058
EFCAB5,1.1232382,1.0983058
GARS,1.1232382,1.0983058
ARID4A,1.1232382,1.0983058
ABLIM1,1.1232382,1.0983058
HEATR6,1.1232382,1.0983058
CR2,1.1232382,1.0983058
CLIP2,1.1232382,1.0983058
GOLGB1,1.1232382,1.0983058
EPC1,1.1232382,1.0983058
ANKRD52,1.1232382,1.0983058
POLD1,1.1232382,1.0983058
GREB1L,1.1232382,1.0983058
SLC26A9,1.1232382,1.0983058
REV1,1.1232382,1.0983058
SKOR2,1.1232382,1.0983058
NHSL1,1.1232382,1.0983058
KCNH8,1.1232382,1.0983058
LRP12,1.1232382,1.0983058
PDE1C,1.1232382,1.0983058
POMT2,1.1232382,1.0983058
KIF20A,1.1232382,1.0983058
PLEKHG5,1.1232382,1.0983058
FER1L6,1.1232382,1.0983058
NYNRIN,1.1232382,1.0983058
DNAH2,1.1232382,1.0983058
DISP2,1.1232382,1.0983058
ZNF451,1.1232382,1.0983058
EXOC6B,1.1232382,1.0983058
NOTCH4,1.1232382,1.0983058
ASTN2,1.1232382,1.0983058
OCRL,1.1232382,1.0983058
ANKRD28,1.1232382,1.0983058
MICAL1,1.1232382,1.0983058
SGSH,1.1232382,1.0983058
XPO6,1.1232382,1.0983058
PAX7,1.1232382,1.0983058
BCORL1,1.1232382,1.0983058
EMC1,1.1232382,1.0983058
RC3H1,1.1232382,1.0983058
NCAN,1.1232382,1.0983058
SOGA1,1.1232382,1.0983058
NDUFS1,1.1232382,1.0983058
PLEKHG4,1.1232382,1.0983058
PHF14,1.1232382,1.0983058
CLCNKB,1.1232382,1.0983058
RDX,1.1232382,1.0983058
NFXL1,1.1232382,1.0983058
PPRC1,1.1232382,1.0983058
ADAM19,1.1232382,1.0983058
MROH2A,1.1232382,1.0983058
EPRS,1.1232382,1.0983058
DHX15,1.1232382,1.0983058
BTBD7,1.1232382,1.0983058
PTPRM,1.1232382,1.0983058
DHX34,1.1232382,1.0983058
CILP2,1.1232382,1.0983058
ITGAX,1.1232382,1.0983058
ABCF2,1.1232382,1.0983058
MTMR11,1.1232382,1.0983058
MAP3K12,1.1232382,1.0983058
C2orf16,1.1232382,1.0983058
ANKRD26,1.1232382,1.0983058
RP1,1.1232382,1.0983058
FAM214A,1.1232382,1.0983058
FZD1,1.1232382,1.0983058
RELCH,1.1232382,1.0983058
KIF17,1.1232382,1.0983058
ERC2,1.1232382,1.0983058
ZNF646,1.1232382,1.0983058
NLRP3,1.1232382,1.0983058
FRMD4A,1.1232382,1.0983058
MON2,1.1232382,1.0983058
NOTCH2,1.1232382,1.0983058
NADSYN1,1.1232382,1.0983058
NCAM1,1.1232382,1.0983058
MTMR3,1.1232382,1.0983058
MALRD1,1.1232382,1.0983058
NFATC2,1.1232382,1.0983058
UBE4A,1.1232382,1.0983058
KCNB2,1.1232382,1.0983058
GFPT1,1.1232382,1.0983058
FNDC3A,1.1232382,1.0983058
TMTC1,1.1232382,1.0983058
EFCAB6,1.1232382,1.0983058
IPO8,1.1232382,1.0983058
GFPT2,1.1232382,1.0983058
SLC5A9,1.1232382,1.0983058
FILIP1,1.1232382,1.0983058
WDR6,1.1232382,1.0983058
BMS1,1.1232382,1.0983058
SCN11A,1.1232382,1.0983058
MLLT10,1.1232382,1.0983058
KCNC4,1.1232382,1.0983058
ZNF850,1.1232382,1.0983058
WDR60,1.1232382,1.0983058
WNK4,1.1232382,1.0983058
EDEM3,1.1232382,1.0983058
TOP1,1.1232382,1.0983058
EPHA5,1.1232382,1.0983058
DDX54,1.1232382,1.0983058
PDGFRA,1.1232382,1.0983058
STK10,1.1232382,1.0983058
ZSWIM6,1.1232382,1.0983058
HNF1B,1.1232382,1.0983058
KEAP1,1.1232382,1.0983058
PLCB2,1.1232382,1.0983058
MAP3K1,1.1232382,1.0983058
TRPC5,1.1232382,1.0983058
LATS1,1.1232382,1.0983058
ZSWIM8,1.1232382,1.0983058
SUCO,1.1232382,1.0983058
FRMPD1,1.1232382,1.0983058
PLEKHG1,1.1232382,1.0983058
PARP1,1.1232382,1.0983058
FAN1,1.1232382,1.0983058
PLOD1,1.1232382,1.0983058
HK2,1.1232382,1.0983058
CEP170B,1.1232382,1.0983058
NTRK1,1.1232382,1.0983058
COPB1,1.1232382,1.0983058
IMPDH1,1.1232382,1.0983058
ALPK3,1.1232382,1.0983058
EML4,1.1232382,1.0983058
PRDM10,1.1232382,1.0983058
SEC24A,1.1232382,1.0983058
PHLDB2,1.1232382,1.0983058
EXOSC10,1.1232382,1.0983058
TDRD6,1.1232382,1.0983058
TOPAZ1,1.1232382,1.0983058
KCNH5,1.1232382,1.0983058
SLC25A13,1.1232382,1.0983058
PRKCG,1.1232382,1.0983058
PKLR,1.1232382,1.0983058
TRPC6,1.1232382,1.0983058
PARP4,1.1232382,1.0983058
THBS3,1.1232382,1.0983058
KIF5A,1.1232382,1.0983058
IARS2,1.1232382,1.0983058
IQSEC3,1.1232382,1.0983058
SND1,1.1232382,1.0983058
HBS1L,1.1232382,1.0983058
RASAL3,1.1232382,1.0983058
SCAF8,1.1232382,1.0983058
PASK,1.1232382,1.0983058
PANK4,1.1232382,1.0983058
ABCA5,1.1232382,1.0983058
ARHGEF10L,1.1232382,1.0983058
SLC12A2,1.1232382,1.0983058
ITGA8,1.1232382,1.0983058
SPG11,1.1232382,1.0983058
DOP1B,1.1232382,1.0983058
PTPRU,1.1232382,1.0983058
GRM1,1.1232382,1.0983058
GRIP1,1.1232382,1.0983058
PEX6,1.1232382,1.0983058
PIK3R1,1.1232382,1.0983058
PDE6A,1.1232382,1.0983058
EML6,1.1232382,1.0983058
DCTN1,1.1232382,1.0983058
AGAP3,1.1232382,1.0983058
CAND1,1.1232382,1.0983058
GRIK4,1.1232382,1.0983058
TTBK1,1.1232382,1.0983058
SMARCC1,1.1232382,1.0983058
CDH4,1.1232382,1.0983058
PHLPP1,1.1232382,1.0983058
MYT1,1.1232382,1.0983058
PAMR1,1.1232382,1.0983058
NELL1,1.1232382,1.0983058
HR,1.1232382,1.0983058
PIK3R5,1.1232382,1.0983058
DIS3L,1.1232382,1.0983058
LAMA4,1.1232382,1.0983058
EPHA7,1.1232382,1.0983058
ZNF142,1.1232382,1.0983058
ALDH1L2,1.1232382,1.0983058
EPX,1.1232382,1.0983058
HNF1A,1.1232382,1.0983058
NFX1,1.1232382,1.0983058
DGKI,1.1232382,1.0983058
CUL2,1.1232382,1.0983058
RBM6,1.1232382,1.0983058
ANKRD12,1.1232382,1.0983058
PPP1R13B,1.1232382,1.0983058
ADAMTSL4,1.1232382,1.0983058
CASR,1.1232382,1.0983058
GFM1,1.1232382,1.0983058
DDX60L,1.1232382,1.0983058
PI4KB,1.1232382,1.0983058
ATP7B,1.1232382,1.0983058
KAT6A,1.1232382,1.0983058
RNF40,1.1232382,1.0983058
OGDH,1.1232382,1.0983058
SLC5A10,1.1232382,1.0983058
ITGA2,1.1232382,1.0983058
LAMC2,1.1232382,1.0983058
RBM27,1.1232382,1.0983058
CRNKL1,1.1232382,1.0983058
DENND5B,1.1232382,1.0983058
PCSK4,1.1232382,1.0983058
BCOR,1.1232382,1.0983058
MTO1,1.1232382,1.0983058
OGT,1.1232382,1.0983058
PRSS12,1.1232382,1.0983058
HDAC6,1.1232382,1.0983058
EPB41L5,1.1232382,1.0983058
ARSI,1.1232382,1.0983058
ERBB4,1.1232382,1.0983058
TNRC6C,1.1232382,1.0983058
TBC1D31,1.1232382,1.0983058
CCDC168,1.1232382,1.0983058
DGKZ,1.1232382,1.0983058
FGD6,1.1232382,1.0983058
MAP3K21,1.1232382,1.0983058
FZD10,1.1232382,1.0983058
COL6A6,1.1232382,1.0983058
CENPJ,1.1232382,1.0983058
RAD54L,1.1232382,1.0983058
MAP3K6,1.1232382,1.0983058
PLA2R1,1.1232382,1.0983058
EPHA1,1.1232382,1.0983058
VAV1,1.1232382,1.0983058
KIF19,1.1232382,1.0983058
EVC2,1.1232382,1.0983058
YME1L1,1.1232382,1.0983058
MTREX,1.1232382,1.0983058
TMPRSS6,1.1232382,1.0983058
MED14,1.1232382,1.0983058
DENND4B,1.1232382,1.0983058
SMC5,1.1232382,1.0983058
HDLBP,1.1232382,1.0983058
ZMYM3,1.1232382,1.0983058
LRP5,1.1232382,1.0983058
RBL2,1.1232382,1.0983058
USP28,1.1232382,1.0983058
NHS,1.1232382,1.0983058
UHRF1BP1,1.1232382,1.0983058
POLA1,1.1232382,1.0983058
PLCG2,1.1232382,1.0983058
CACNA1A,1.1232382,1.0983058
MIA3,1.1232382,1.0983058
WWC1,1.1232382,1.0983058
DDR2,1.1232382,1.0983058
NEMF,1.1232382,1.0983058
ERCC3,1.1232382,1.0983058
AFDN,1.1232382,1.0983058
EDC4,1.1232382,1.0983058
TEP1,1.1232382,1.0983058
RNF20,1.1232382,1.0983058
STAT5B,1.1232382,1.0983058
SLC12A5,1.1232382,1.0983058
GRIN2D,1.1232382,1.0983058
IGSF9,1.1232382,1.0983058
MBD1,1.1232382,1.0983058
PLOD3,1.1232382,1.0983058
SEMA5A,1.1232382,1.0983058
KIAA1217,1.1232382,1.0983058
CEP135,1.1232382,1.0983058
KIFC3,1.1232382,1.0983058
MAP4K4,1.1232382,1.0983058
BRIP1,1.1232382,1.0983058
ATP2A2,1.1232382,1.0983058
CNNM1,1.1232382,1.0983058
ATP1A4,1.1232382,1.0983058
COL20A1,1.1232382,1.0983058
NTRK3,1.1232382,1.0983058
XRN2,1.1232382,1.0983058
SMARCA5,1.1232382,1.0983058
CLCN5,1.1232382,1.0983058
BRPF3,1.1232382,1.0983058
RHBDF1,1.1232382,1.0983058
PPFIA4,1.1232382,1.0983058
IDUA,1.1232382,1.0983058
PIK3C3,1.1232382,1.0983058
TBC1D9,1.1232382,1.0983058
NTRK2,1.1232382,1.0983058
ACTR8,1.1232382,1.0983058
SIK3,1.1232382,1.0983058
ATP13A4,1.1232382,1.0983058
EPHA2,1.1232382,1.0983058
SH3TC2,1.1232382,1.0983058
CAPN2,1.1232382,1.0983058
COL15A1,1.1232382,1.0983058
KIF4A,1.1232382,1.0983058
CGNL1,1.1232382,1.0983058
ABTB2,1.1232382,1.0983058
RAG1,1.1232382,1.0983058
MST1,1.1232382,1.0983058
MYH1,1.1232382,1.0983058
CARMIL2,1.1232382,1.0983058
NEK1,1.1232382,1.0983058
GOLGA3,1.1232382,1.0983058
WNK3,1.1232382,1.0983058
SMTN,1.1232382,1.0983058
TNS2,1.1232382,1.0983058
GCC2,1.1232382,1.0983058
TOP3A,1.1232382,1.0983058
USP6,1.1232382,1.0983058
STAG2,1.1232382,1.0983058
SPATA5,1.1232382,1.0983058
TRAPPC9,1.1232382,1.0983058
USP34,1.1232382,1.0983058
IPO5,1.1232382,1.0983058
EPB41L2,1.1232382,1.0983058
ELP1,1.1232382,1.0983058
AMPD3,1.1232382,1.0983058
GRIN2A,1.1232382,1.0983058
STARD13,1.1232382,1.0983058
PYGM,1.1232382,1.0983058
MST1R,1.1232382,1.0983058
TRPC3,1.1232382,1.0983058
PRDM2,1.1232382,1.0983058
ARHGEF1,1.1232382,1.0983058
GGCX,1.1232382,1.0983058
ALOX5,1.1232382,1.0983058
SMG6,1.1232382,1.0983058
PIK3C2G,1.1232382,1.0983058
CARMIL3,1.1232382,1.0983058
PKM,1.1232382,1.0983058
RAB3GAP2,1.1232382,1.0983058
PDPR,1.1232382,1.0983058
ADAMTS18,1.1232382,1.0983058
MBTPS1,1.1232382,1.0983058
PRPF3,1.1232382,1.0983058
TNK2,1.1232382,1.0983058
ALDH1L1,1.1232382,1.0983058
SEC31A,1.1232382,1.0983058
FNDC3B,1.1232382,1.0983058
OPA1,1.1232382,1.0983058
TBC1D8,1.1232382,1.0983058
ARHGEF4,1.1232382,1.0983058
ZNF407,1.1232382,1.0983058
INSRR,1.1232382,1.0983058
ATP6V0A2,1.1232382,1.0983058
KIAA1549L,1.1232382,1.0983058
SORCS1,1.1232382,1.0983058
CUX1,1.1232382,1.0983058
SBNO2,1.1232382,1.0983058
ANKS1B,1.1232382,1.0983058
AATK,1.1232382,1.0983058
VWCE,1.1232382,1.0983058
CABIN1,1.1232382,1.0983058
ACO1,1.1232382,1.0983058
ITGA11,1.1232382,1.0983058
EPB41,1.1232382,1.0983058
MYH10,1.1232382,1.0983058
RNF31,1.1232382,1.0983058
CACNA1S,1.1232382,1.0983058
TPO,1.1232382,1.0983058
SHROOM3,1.1232382,1.0983058
CFAP57,1.1232382,1.0983058
WWP1,1.1232382,1.0983058
DHTKD1,1.1232382,1.0983058
GTF3C2,1.1232382,1.0983058
EGFLAM,1.1232382,1.0983058
TTC6,1.1232382,1.0983058
NPHP4,1.1232382,1.0983058
EDRF1,1.1232382,1.0983058
ZFR,1.1232382,1.0983058
BRWD3,1.1232382,1.0983058
MUT,1.1232382,1.0983058
GRIA3,1.1232382,1.0983058
SDK1,1.1232382,1.0983058
DIAPH3,1.1232382,1.0983058
AGTPBP1,1.1232382,1.0983058
ACTN2,1.1232382,1.0983058
CAMSAP2,1.1232382,1.0983058
EIF5B,1.1232382,1.0983058
NEK9,1.1232382,1.0983058
PHLDB1,1.1232382,1.0983058
SMG7,1.1232382,1.0983058
DRP2,1.1232382,1.0983058
LPIN2,1.1232382,1.0983058
DAPK1,1.1232382,1.0983058
POMGNT1,1.1232382,1.0983058
C1orf167,1.1232382,1.0983058
BEST1,1.1232382,1.0983058
ALS2,1.1232382,1.0983058
DSTYK,1.1232382,1.0983058
TLN2,1.1232382,1.0983058
STAT3,1.1232382,1.0983058
MLH3,1.1232382,1.0983058
SMC2,1.1232382,1.0983058
RANBP2,1.1232382,1.0983058
ATP4A,1.1232382,1.0983058
OGDHL,1.1232382,1.0983058
WRN,1.1232382,1.0983058
TLL2,1.1232382,1.0983058
CNTN5,1.1232382,1.0983058
PTPN23,1.1232382,1.0983058
MYOM1,1.1232382,1.0983058
BRAF,1.1232382,1.0983058
NCOA3,1.1232382,1.0983058
ACTN4,1.1232382,1.0983058
HNRNPUL1,1.1232382,1.0983058
TRPM4,1.1232382,1.0983058
CNOT1,1.1232382,1.0983058
MAST4,1.1232382,1.0983058
POLQ,1.1232382,1.0983058
MYH9,1.1232382,1.0983058
ABCD1,1.1232382,1.0983058
KIAA1549,1.1232382,1.0983058
NUP210,1.1232382,1.0983058
GBA2,1.1232382,1.0983058
PLEKHA5,1.1232382,1.0983058
ABCB11,1.1232382,1.0983058
CACNA2D4,1.1232382,1.0983058
SLK,1.1232382,1.0983058
ATP2B1,1.1232382,1.0983058
ADGRL3,1.1232382,1.0983058
COL5A2,1.1232382,1.0983058
KIF5B,1.1232382,1.0983058
FANCI,1.1232382,1.0983058
CNTN2,1.1232382,1.0983058
CLTCL1,1.1232382,1.0983058
MAN2B2,1.1232382,1.0983058
STARD9,1.1232382,1.0983058
MATN2,1.1232382,1.0983058
HELLS,1.1232382,1.0983058
MEN1,1.1232382,1.0983058
ARAP1,1.1232382,1.0983058
PPIP5K2,1.1232382,1.0983058
ANO8,1.1232382,1.0983058
EPHA8,1.1232382,1.0983058
CDK5RAP2,1.1232382,1.0983058
CADPS,1.1232382,1.0983058
FNDC1,1.1232382,1.0983058
FREM2,1.1232382,1.0983058
INPP5J,1.1232382,1.0983058
DLEC1,1.1232382,1.0983058
ACLY,1.1232382,1.0983058
ABCC12,1.1232382,1.0983058
SNED1,1.1232382,1.0983058
BMPR2,1.1232382,1.0983058
NES,1.1232382,1.0983058
OTOG,1.1232382,1.0983058
ITGA3,1.1232382,1.0983058
CCAR1,1.1232382,1.0983058
NRCAM,1.1232382,1.0983058
MAP3K13,1.1232382,1.0983058
UGGT2,1.1232382,1.0983058
EZH1,1.1232382,1.0983058
LPIN1,1.1232382,1.0983058
WNK2,1.1232382,1.0983058
ATP11A,1.1232382,1.0983058
TEX14,1.1232382,1.0983058
MYPN,1.1232382,1.0983058
PLXNA1,1.1232382,1.0983058
DLG5,1.1232382,1.0983058
ADGRA3,1.1232382,1.0983058
WDR59,1.1232382,1.0983058
MAGI2,1.1232382,1.0983058
ABCB1,1.1232382,1.0983058
TEX15,1.1232382,1.0983058
FAM208B,1.1232382,1.0983058
HECTD1,1.1232382,1.0983058
ANO2,1.1232382,1.0983058
DHX36,1.1232382,1.0983058
TPCN2,1.1232382,1.0983058
GRIA4,1.1232382,1.0983058
FBLN1,1.1232382,1.0983058
TICRR,1.1232382,1.0983058
PIK3R4,1.1232382,1.0983058
PKDREJ,1.1232382,1.0983058
WWP2,1.1232382,1.0983058
FAM208A,1.1232382,1.0983058
BAIAP3,1.1232382,1.0983058
TJP2,1.1232382,1.0983058
PLCB3,1.1232382,1.0983058
EEA1,1.1232382,1.0983058
TEK,1.1232382,1.0983058
MAP3K9,1.1232382,1.0983058
HIRA,1.1232382,1.0983058
SPTBN4,1.1232382,1.0983058
ITGA6,1.1232382,1.0983058
INPP5F,1.1232382,1.0983058
TBCD,1.1232382,1.0983058
PDE6B,1.1232382,1.0983058
PRDM15,1.1232382,1.0983058
UGT1A1,1.1232382,1.0983058
PLB1,1.1232382,1.0983058
EPHA3,1.1232382,1.0983058
MARF1,1.1232382,1.0983058
ABCC4,1.1232382,1.0983058
CCDC88B,1.1232382,1.0983058
PDE4A,1.1232382,1.0983058
WDR90,1.1232382,1.0983058
ABCB5,1.1232382,1.0983058
KCNQ4,1.1232382,1.0983058
PTPRB,1.1232382,1.0983058
MSH5,1.1232382,1.0983058
TRPV1,1.1232382,1.0983058
PHRF1,1.1232382,1.0983058
ABCA10,1.1232382,1.0983058
GRM2,1.1232382,1.0983058
HYDIN,1.1232382,1.0983058
DUOX2,1.1232382,1.0983058
PLCG1,1.1232382,1.0983058
GON4L,1.1232382,1.0983058
ATP2C1,1.1232382,1.0983058
ATP13A5,1.1232382,1.0983058
ERCC6,1.1232382,1.0983058
TMEM67,1.1232382,1.0983058
UNC13D,1.1232382,1.0983058
ERC1,1.1232382,1.0983058
PDE4D,1.1232382,1.0983058
INF2,1.1232382,1.0983058
ERCC2,1.1232382,1.0983058
SYTL2,1.1232382,1.0983058
SLC12A9,1.1232382,1.0983058
TP73,1.1232382,1.0983058
SMURF2,1.1232382,1.0983058
PITPNM1,1.1232382,1.0983058
MFN2,1.1232382,1.0983058
FRY,1.1232382,1.0983058
NCAPD3,1.1232382,1.0983058
TCIRG1,1.1232382,1.0983058
GUCY2C,1.1232382,1.0983058
UBE2O,1.1232382,1.0983058
PXDN,1.1232382,1.0983058
XDH,1.1232382,1.0983058
COL24A1,1.1232382,1.0983058
UBE4B,1.1232382,1.0983058
MAGI3,1.1232382,1.0983058
PLCB4,1.1232382,1.0983058
ANO1,1.1232382,1.0983058
DIAPH2,1.1232382,1.0983058
ATP8B4,1.1232382,1.0983058
PLCH2,1.1232382,1.0983058
TET1,1.1232382,1.0983058
MYH4,1.1232382,1.0983058
KIAA0556,1.1232382,1.0983058
RBM25,1.1232382,1.0983058
ITGA7,1.1232382,1.0983058
AMPD2,1.1232382,1.0983058
MAP3K5,1.1232382,1.0983058
KIF15,1.1232382,1.0983058
EPHB3,1.1232382,1.0983058
PCF11,1.1232382,1.0983058
MAP3K15,1.1232382,1.0983058
ABL2,1.1232382,1.0983058
CFAP65,1.1232382,1.0983058
CAPN1,1.1232382,1.0983058
NFAT5,1.1232382,1.0983058
ABCF1,1.1232382,1.0983058
MOV10,1.1232382,1.0983058
CR1,1.1232382,1.0983058
PALLD,1.1232382,1.0983058
LARS,1.1232382,1.0983058
TLL1,1.1232382,1.0983058
SPAG9,1.1232382,1.0983058
TBC1D9B,1.1232382,1.0983058
NUP210L,1.1232382,1.0983058
JAK1,1.1232382,1.0983058
LRP2,1.1232382,1.0983058
ADCY10,1.1232382,1.0983058
RBBP6,1.1232382,1.0983058
MCF2L,1.1232382,1.0983058
TRAPPC8,1.1232382,1.0983058
MED12L,1.1232382,1.0983058
SUPT5H,1.1232382,1.0983058
RB1,1.1232382,1.0983058
AFG3L2,1.1232382,1.0983058
ROR2,1.1232382,1.0983058
ITGA10,1.1232382,1.0983058
SOX6,1.1232382,1.0983058
ABCC2,1.1232382,1.0983058
NOS1,1.1232382,1.0983058
MYO5C,1.1232382,1.0983058
HK3,1.1232382,1.0983058
SKOR1,1.1232382,1.0983058
CRB1,1.1232382,1.0983058
EHBP1,1.1232382,1.0983058
TIE1,1.1232382,1.0983058
NRP2,1.1232382,1.0983058
NEDD4L,1.1232382,1.0983058
ITGA2B,1.1232382,1.0983058
RPGRIP1,1.1232382,1.0983058
MYO6,1.1232382,1.0983058
TTF2,1.1232382,1.0983058
TNKS2,1.1232382,1.0983058
TPP2,1.1232382,1.0983058
DLG2,1.1232382,1.0983058
KIF27,1.1232382,1.0983058
ATP6V0A4,1.1232382,1.0983058
CCDC180,1.1232382,1.0983058
CACNA1G,1.1232382,1.0983058
COL9A1,1.1232382,1.0983058
IFT122,1.1232382,1.0983058
VWDE,1.1232382,1.0983058
RRP12,1.1232382,1.0983058
PFKM,1.1232382,1.0983058
AKAP6,1.1232382,1.0983058
NUP160,1.1232382,1.0983058
DNM3,1.1232382,1.0983058
HCFC1,1.1232382,1.0983058
PKD2,1.1232382,1.0983058
PREX2,1.1232382,1.0983058
BOD1L1,1.1232382,1.0983058
FRMPD3,1.1232382,1.0983058
GLI2,1.1232382,1.0983058
ZSWIM5,1.1232382,1.0983058
CBLB,1.1232382,1.0983058
EPHA4,1.1232382,1.0983058
NOTCH1,1.1232382,1.0983058
TRPM7,1.1232382,1.0983058
CTC1,1.1232382,1.0983058
ATRNL1,1.1232382,1.0983058
TMPRSS9,1.1232382,1.0983058
COMP,1.1232382,1.0983058
SFI1,1.1232382,1.0983058
POMT1,1.1232382,1.0983058
DIAPH1,1.1232382,1.0983058
ABCC11,1.1232382,1.0983058
TIAM1,1.1232382,1.0983058
TULP4,1.1232382,1.0983058
PIK3CD,1.1232382,1.0983058
MEGF10,1.1232382,1.0983058
CSPG4,1.1232382,1.0983058
FIP1L1,1.1232382,1.0983058
DDX46,1.1232382,1.0983058
NKTR,1.1232382,1.0983058
FLG,1.1232382,1.0983058
EPHB4,1.1232382,1.0983058
AARS2,1.1232382,1.0983058
RAPGEF6,1.1232382,1.0983058
PDS5B,1.1232382,1.0983058
LMO7,1.1232382,1.0983058
CNGB1,1.1232382,1.0983058
SLIT2,1.1232382,1.0983058
ANKHD1,1.1232382,1.0983058
TP63,1.1232382,1.0983058
HEATR5B,1.1232382,1.0983058
GAA,1.1232382,1.0983058
ADAMTS10,1.1232382,1.0983058
TOPBP1,1.1232382,1.0983058
JAK2,1.1232382,1.0983058
INO80,1.1232382,1.0983058
GPR158,1.1232382,1.0983058
SMC4,1.1232382,1.0983058
ADCY2,1.1232382,1.0983058
NVL,1.1232382,1.0983058
ECE2,1.1232382,1.0983058
POLE,1.1232382,1.0983058
PIEZO2,1.1232382,1.0983058
SUPT16H,1.1232382,1.0983058
MMEL1,1.1232382,1.0983058
CDK12,1.1232382,1.0983058
SCN10A,1.1232382,1.0983058
OTOGL,1.1232382,1.0983058
SEC23B,1.1232382,1.0983058
ECEL1,1.1232382,1.0983058
TACC2,1.1232382,1.0983058
CCDC88C,1.1232382,1.0983058
PLEKHA7,1.1232382,1.0983058
HCN4,1.1232382,1.0983058
TPCN1,1.1232382,1.0983058
PARD3,1.1232382,1.0983058
SPEF2,1.1232382,1.0983058
FREM1,1.1232382,1.0983058
FLG2,1.1232382,1.0983058
PLXNA4,1.1232382,1.0983058
ARHGEF40,1.1232382,1.0983058
RC3H2,1.1232382,1.0983058
NRAP,1.1232382,1.0983058
NID2,1.1232382,1.0983058
KCNH1,1.1232382,1.0983058
PFAS,1.1232382,1.0983058
CACNA2D2,1.1232382,1.0983058
HRNR,1.1232382,1.0983058
FAM186A,1.1232382,1.0983058
FBLN2,1.1232382,1.0983058
KDM2B,1.1232382,1.0983058
DOCK10,1.1232382,1.0983058
ATM,1.1232382,1.0983058
SULF1,1.1232382,1.0983058
AMBRA1,1.1232382,1.0983058
FGFR4,1.1232382,1.0983058
TTLL5,1.1232382,1.0983058
NSD3,1.1232382,1.0983058
MYH6,1.1232382,1.0983058
PYGB,1.1232382,1.0983058
ADCY6,1.1232382,1.0983058
TTC3,1.1232382,1.0983058
AEBP1,1.1232382,1.0983058
CAPN3,1.1232382,1.0983058
PIK3CB,1.1232382,1.0983058
NWD2,1.1232382,1.0983058
FRMD4B,1.1232382,1.0983058
UTP20,1.1232382,1.0983058
MAPKBP1,1.1232382,1.0983058
XPO7,1.1232382,1.0983058
COL1A2,1.1232382,1.0983058
PTPRF,1.1232382,1.0983058
GRM3,1.1232382,1.0983058
SMC1B,1.1232382,1.0983058
VARS2,1.1232382,1.0983058
ZGRF1,1.1232382,1.0983058
TSPOAP1,1.1232382,1.0983058
ABCA8,1.1232382,1.0983058
SOS2,1.1232382,1.0983058
RAPGEF2,1.1232382,1.0983058
CPT1A,1.1232382,1.0983058
TIAM2,1.1232382,1.0983058
CDC42BPG,1.1232382,1.0983058
CCDC88A,1.1232382,1.0983058
RSF1,1.1232382,1.0983058
GRID2,1.1232382,1.0983058
USP7,1.1232382,1.0983058
IGSF9B,1.1232382,1.0983058
IARS,1.1232382,1.0983058
MET,1.1232382,1.0983058
TRANK1,1.1232382,1.0983058
PLEKHH1,1.1232382,1.0983058
JAK3,1.1232382,1.0983058
CFAP46,1.1232382,1.0983058
ADAMTS14,1.1232382,1.0983058
LRP8,1.1232382,1.0983058
LAMB2,1.1232382,1.0983058
ADGRL1,1.1232382,1.0983058
ATR,1.1232382,1.0983058
CPLANE1,1.1232382,1.0983058
ROBO3,1.1232382,1.0983058
SYNM,1.1232382,1.0983058
AK9,1.1232382,1.0983058
KIF23,1.1232382,1.0983058
PTPN21,1.1232382,1.0983058
DENND4C,1.1232382,1.0983058
ATG2A,1.1232382,1.0983058
ADAMTS12,1.1232382,1.0983058
RASGRF2,1.1232382,1.0983058
MYO1H,1.1232382,1.0983058
MYO1G,1.1232382,1.0983058
TOP2A,1.1232382,1.0983058
FASN,1.1232382,1.0983058
EXTL3,1.1232382,1.0983058
SUPT6H,1.1232382,1.0983058
HEPH,1.1232382,1.0983058
LPA,1.1232382,1.0983058
MYO9A,1.1232382,1.0983058
CFTR,1.1232382,1.0983058
SLC12A1,1.1232382,1.0983058
ABI3BP,1.1232382,1.0983058
EIF4G3,1.1232382,1.0983058
MTCL1,1.1232382,1.0983058
MKI67,1.1232382,1.0983058
SEC16A,1.1232382,1.0983058
ROCK2,1.1232382,1.0983058
NUP98,1.1232382,1.0983058
PEAK1,1.1232382,1.0983058
SULF2,1.1232382,1.0983058
DHX8,1.1232382,1.0983058
SCUBE3,1.1232382,1.0983058
GRM8,1.1232382,1.0983058
DLC1,1.1232382,1.0983058
ADAMTS17,1.1232382,1.0983058
TNS3,1.1232382,1.0983058
MXRA5,1.1232382,1.0983058
SF3B3,1.1232382,1.0983058
UNC13C,1.1232382,1.0983058
PCM1,1.1232382,1.0983058
ESYT1,1.1232382,1.0983058
CRB2,1.1232382,1.0983058
SLC4A7,1.1232382,1.0983058
NUMA1,1.1232382,1.0983058
PDCD11,1.1232382,1.0983058
CC2D2A,1.1232382,1.0983058
CIT,1.1232382,1.0983058
KIF16B,1.1232382,1.0983058
PREX1,1.1232382,1.0983058
ZC3H13,1.1232382,1.0983058
MYO1C,1.1232382,1.0983058
ADCY8,1.1232382,1.0983058
NUP155,1.1232382,1.0983058
EPB41L3,1.1232382,1.0983058
ZNF469,1.1232382,1.0983058
FN1,1.1232382,1.0983058
MAP1A,1.1232382,1.0983058
DNMT1,1.1232382,1.0983058
CUL9,1.1232382,1.0983058
GLG1,1.1232382,1.0983058
NEDD4,1.1232382,1.0983058
LY75,1.1232382,1.0983058
NOTCH3,1.1232382,1.0983058
NUP214,1.1232382,1.0983058
ATP2A3,1.1232382,1.0983058
CLCN2,1.1232382,1.0983058
TNR,1.1232382,1.0983058
SBF2,1.1232382,1.0983058
PC,1.1232382,1.0983058
NEURL4,1.1232382,1.0983058
HKDC1,1.1232382,1.0983058
MYO1F,1.1232382,1.0983058
DOCK11,1.1232382,1.0983058
WDR11,1.1232382,1.0983058
ATP13A2,1.1232382,1.0983058
KCNH6,1.1232382,1.0983058
TERT,1.1232382,1.0983058
CFAP44,1.1232382,1.0983058
MYO5B,1.1232382,1.0983058
ZFHX4,1.1232382,1.0983058
CADPS2,1.1232382,1.0983058
ARFGEF3,1.1232382,1.0983058
DHX38,1.1232382,1.0983058
CLCN6,1.1232382,1.0983058
TNS1,1.1232382,1.0983058
PTPRQ,1.1232382,1.0983058
MAGI1,1.1232382,1.0983058
TECPR1,1.1232382,1.0983058
MAN2A2,1.1232382,1.0983058
NOS3,1.1232382,1.0983058
CROCC,1.1232382,1.0983058
EHMT2,1.1232382,1.0983058
PLXNB3,1.1232382,1.0983058
MAN2B1,1.1232382,1.0983058
MTMR4,1.1232382,1.0983058
PLXNB2,1.1232382,1.0983058
TUT4,1.1232382,1.0983058
DNAH17,1.1232382,1.0983058
MYO1A,1.1232382,1.0983058
ARFGEF2,1.1232382,1.0983058
ROBO2,1.1232382,1.0983058
NPR2,1.1232382,1.0983058
INSR,1.1232382,1.0983058
KIF7,1.1232382,1.0983058
WDR81,1.1232382,1.0983058
ATP9B,1.1232382,1.0983058
PCNX3,1.1232382,1.0983058
PLXND1,1.1232382,1.0983058
PCNX1,1.1232382,1.0983058
PTCH2,1.1232382,1.0983058
ARHGEF11,1.1232382,1.0983058
PHKB,1.1232382,1.0983058
CNTNAP5,1.1232382,1.0983058
PAPPA,1.1232382,1.0983058
INPPL1,1.1232382,1.0983058
SHANK1,1.1232382,1.0983058
ABCA9,1.1232382,1.0983058
COPA,1.1232382,1.0983058
AHNAK2,1.1232382,1.0983058
DNAJC13,1.1232382,1.0983058
MYO18A,1.1232382,1.0983058
SI,1.1232382,1.0983058
DNMT3B,1.1232382,1.0983058
DIDO1,1.1232382,1.0983058
ESPL1,1.1232382,1.0983058
USH2A,1.1232382,1.0983058
DGKH,1.1232382,1.0983058
DCC,1.1232382,1.0983058
PRUNE2,1.1232382,1.0983058
HERC1,1.1232382,1.0983058
SLC4A3,1.1232382,1.0983058
TJP1,1.1232382,1.0983058
MYLK,1.1232382,1.0983058
GREB1,1.1232382,1.0983058
ALK,1.1232382,1.0983058
APC2,1.1232382,1.0983058
LTBP1,1.1232382,1.0983058
DNM1,1.1232382,1.0983058
KIF20B,1.1232382,1.0983058
ARHGAP21,1.1232382,1.0983058
AHCTF1,1.1232382,1.0983058
WDR19,1.1232382,1.0983058
SARDH,1.1232382,1.0983058
CEP192,1.1232382,1.0983058
SETDB1,1.1232382,1.0983058
LCT,1.1232382,1.0983058
KCNH3,1.1232382,1.0983058
COL6A1,1.1232382,1.0983058
DIP2B,1.1232382,1.0983058
SBNO1,1.1232382,1.0983058
RTEL1,1.1232382,1.0983058
LAMC1,1.1232382,1.0983058
ABCA7,1.1232382,1.0983058
PTPRK,1.1232382,1.0983058
PHKA2,1.1232382,1.0983058
GRM4,1.1232382,1.0983058
USP32,1.1232382,1.0983058
NIN,1.1232382,1.0983058
NFASC,1.1232382,1.0983058
ANK3,1.1232382,1.0983058
EVPL,1.1232382,1.0983058
SMCHD1,1.1232382,1.0983058
RTTN,1.1232382,1.0983058
ERBB3,1.1232382,1.0983058
ADGRV1,1.1232382,1.0983058
RAD54L2,1.1232382,1.0983058
MYO1B,1.1232382,1.0983058
ADAMTSL3,1.1232382,1.0983058
NPHP3,1.1232382,1.0983058
TG,1.1232382,1.0983058
CGN,1.1232382,1.0983058
MYH13,1.1232382,1.0983058
MYH7B,1.1232382,1.0983058
SBF1,1.1232382,1.0983058
ATAD2,1.1232382,1.0983058
MYO3B,1.1232382,1.0983058
TANC1,1.1232382,1.0983058
ERBB2,1.1232382,1.0983058
GPR179,1.1232382,1.0983058
ATG2B,1.1232382,1.0983058
SOS1,1.1232382,1.0983058
PHKA1,1.1232382,1.0983058
MAST2,1.1232382,1.0983058
COL4A5,1.1232382,1.0983058
SMG1,1.1232382,1.0983058
ABCB4,1.1232382,1.0983058
MYOM2,1.1232382,1.0983058
CDC42BPA,1.1232382,1.0983058
ATP13A1,1.1232382,1.0983058
MED12,1.1232382,1.0983058
NPC1,1.1232382,1.0983058
SCN4A,1.1232382,1.0983058
GTF3C1,1.1232382,1.0983058
URB1,1.1232382,1.0983058
COL22A1,1.1232382,1.0983058
DOCK2,1.1232382,1.0983058
SNRNP200,1.1232382,1.0983058
ITGB4,1.1232382,1.0983058
ATP1A2,1.1232382,1.0983058
LAMA3,1.1232382,1.0983058
MED23,1.1232382,1.0983058
EIF4G1,1.1232382,1.0983058
COL16A1,1.1232382,1.0983058
GANAB,1.1232382,1.0983058
LRP4,1.1232382,1.0983058
ATP10A,1.1232382,1.0983058
ABCC1,1.1232382,1.0983058
MGAM,1.1232382,1.0983058
ITSN2,1.1232382,1.0983058
PCDH15,1.1232382,1.0983058
CLASP1,1.1232382,1.0983058
MYO7B,1.1232382,1.0983058
PIK3C2A,1.1232382,1.0983058
RICTOR,1.1232382,1.0983058
NRXN2,1.1232382,1.0983058
COL27A1,1.1232382,1.0983058
MYO16,1.1232382,1.0983058
ADAMTSL1,1.1232382,1.0983058
JAG1,1.1232382,1.0983058
POLR3B,1.1232382,1.0983058
ZZEF1,1.1232382,1.0983058
FLT4,1.1232382,1.0983058
NCOR2,1.1232382,1.0983058
TENM4,1.1232382,1.0983058
CSMD2,1.1232382,1.0983058
COL6A2,1.1232382,1.0983058
FAT1,1.1232382,1.0983058
MPDZ,1.1232382,1.0983058
WDR87,1.1232382,1.0983058
SETX,1.1232382,1.0983058
ZNF106,1.1232382,1.0983058
SCN3A,1.1232382,1.0983058
CNTRL,1.1232382,1.0983058
IGFN1,1.1232382,1.0983058
LAMA1,1.1232382,1.0983058
PRRC2B,1.1232382,1.0983058
NAV2,1.1232382,1.0983058
ATP2B3,1.1232382,1.0983058
FAT2,1.1232382,1.0983058
JAG2,1.1232382,1.0983058
TAF1,1.1232382,1.0983058
CENPF,1.1232382,1.0983058
SDK2,1.1232382,1.0983058
STAB2,1.1232382,1.0983058
DROSHA,1.1232382,1.0983058
KIF1B,1.1232382,1.0983058
DMXL1,1.1232382,1.0983058
LRRK2,1.1232382,1.0983058
DOCK7,1.1232382,1.0983058
PBRM1,1.1232382,1.0983058
IQGAP3,1.1232382,1.0983058
COL4A6,1.1232382,1.0983058
ABCC6,1.1232382,1.0983058
ZFHX2,1.1232382,1.0983058
HEATR5A,1.1232382,1.0983058
SLC12A4,1.1232382,1.0983058
ARFGEF1,1.1232382,1.0983058
DEPDC5,1.1232382,1.0983058
AKAP13,1.1232382,1.0983058
THSD7B,1.1232382,1.0983058
IGF1R,1.1232382,1.0983058
CEP290,1.1232382,1.0983058
UBR2,1.1232382,1.0983058
TRPM1,1.1232382,1.0983058
SIPA1L1,1.1232382,1.0983058
KIF26A,1.1232382,1.0983058
VCAN,1.1232382,1.0983058
DMBT1,1.1232382,1.0983058
BAZ2A,1.1232382,1.0983058
PKD1L1,1.1232382,1.0983058
PRPF8,1.1232382,1.0983058
IQGAP1,1.1232382,1.0983058
DISP3,1.1232382,1.0983058
OTOF,1.1232382,1.0983058
COL11A2,1.1232382,1.0983058
SLIT1,1.1232382,1.0983058
PIK3C2B,1.1232382,1.0983058
COL4A3,1.1232382,1.0983058
UNC13A,1.1232382,1.0983058
TPR,1.1232382,1.0983058
POLG,1.1232382,1.0983058
ABCC3,1.1232382,1.0983058
USP24,1.1232382,1.0983058
NBAS,1.1232382,1.0983058
KIF13A,1.1232382,1.0983058
CDH23,1.1232382,1.0983058
HECW1,1.1232382,1.0983058
VWA8,1.1232382,1.0983058
HSPG2,1.1232382,1.0983058
AGL,1.1232382,1.0983058
GBF1,1.1232382,1.0983058
CLUH,1.1232382,1.0983058
ABCC10,1.1232382,1.0983058
PI4KA,1.1232382,1.0983058
COL11A1,1.1232382,1.0983058
KAT6B,1.1232382,1.0983058
CEP250,1.1232382,1.0983058
RALGAPA1,1.1232382,1.0983058
MTOR,1.1232382,1.0983058
DOCK4,1.1232382,1.0983058
EYS,1.1232382,1.0983058
DOCK3,1.1232382,1.0983058
ADAMTS20,1.1232382,1.0983058
TRPM3,1.1232382,1.0983058
KIF1A,1.1232382,1.0983058
COL12A1,1.1232382,1.0983058
COL14A1,1.1232382,1.0983058
DOCK9,1.1232382,1.0983058
KDM5A,1.1232382,1.0983058
DOP1A,1.1232382,1.0983058
SHPRH,1.1232382,1.0983058
ABCC9,1.1232382,1.0983058
LAMA2,1.1232382,1.0983058
SYNE2,1.1232382,1.0983058
BSN,1.1232382,1.0983058
SPTBN2,1.1232382,1.0983058
MYO15A,1.1232382,1.0983058
DOCK1,1.1232382,1.0983058
EPG5,1.1232382,1.0983058
PCNT,1.1232382,1.0983058
ALMS1,1.1232382,1.0983058
ZFHX3,1.1232382,1.0983058
AQR,1.1232382,1.0983058
COL6A5,1.1232382,1.0983058
KCNH2,1.1232382,1.0983058
COL1A1,1.1232382,1.0983058
CHD4,1.1232382,1.0983058
LTBP4,1.1232382,1.0983058
RALGAPA2,1.1232382,1.0983058
TRIOBP,1.1232382,1.0983058
FAT4,1.1232382,1.0983058
PIKFYVE,1.1232382,1.0983058
PRRC2C,1.1232382,1.0983058
SLIT3,1.1232382,1.0983058
HELZ,1.1232382,1.0983058
F5,1.1232382,1.0983058
NCOR1,1.1232382,1.0983058
DNAH7,1.1232382,1.0983058
ATRX,1.1232382,1.0983058
ZNFX1,1.1232382,1.0983058
ANK1,1.1232382,1.0983058
CSMD3,1.1232382,1.0983058
PLCE1,1.1232382,1.0983058
MYH8,1.1232382,1.0983058
SPTA1,1.1232382,1.0983058
SCN5A,1.1232382,1.0983058
REV3L,1.1232382,1.0983058
RNF213,1.1232382,1.0983058
XIRP2,1.1232382,1.0983058
CELSR1,1.1232382,1.0983058
F8,1.1232382,1.0983058
VWF,1.1232382,1.0983058
SPEG,1.1232382,1.0983058
ITPR3,1.1232382,1.0983058
UNC13B,1.1232382,1.0983058
TNXB,1.1232382,1.0983058
APOB,1.1232382,1.0983058
WDFY4,1.1232382,1.0983058
CEP350,1.1232382,1.0983058
SPTB,1.1232382,1.0983058
LYST,1.1232382,1.0983058
ABCA2,1.1232382,1.0983058
CHD9,1.1232382,1.0983058
GCN1,1.1232382,1.0983058
MYO10,1.1232382,1.0983058
VPS13D,1.1232382,1.0983058
FBN2,1.1232382,1.0983058
MDN1,1.1232382,1.0983058
SCN9A,1.1232382,1.0983058
KIAA1109,1.1232382,1.0983058
WNK1,1.1232382,1.0983058
MEGF8,1.1232382,1.0983058
KIF13B,1.1232382,1.0983058
TENM3,1.1232382,1.0983058
UTRN,1.1232382,1.0983058
DSP,1.1232382,1.0983058
PKHD1,1.1232382,1.0983058
VPS13A,1.1232382,1.0983058
CACNA1F,1.1232382,1.0983058
HUWE1,1.1232382,1.0983058
ABCA1,1.1232382,1.0983058
MGA,1.1232382,1.0983058
BPTF,1.1232382,1.0983058
HTT,1.1232382,1.0983058
CACNA1B,1.1232382,1.0983058
MYOF,1.1232382,1.0983058
LRP1,1.1232382,1.0983058
DCHS1,1.1232382,1.0983058
DNAH10,1.1232382,1.0983058
MYO18B,1.1232382,1.0983058
PLEC,1.1232382,1.0983058
ASCC3,1.1232382,1.0983058
CHD6,1.1232382,1.0983058
PRKDC,1.1232382,1.0983058
COL5A1,1.1232382,1.0983058
DNAH1,1.1232382,1.0983058
DNAH12,1.1232382,1.0983058
SORL1,1.1232382,1.0983058
KALRN,1.1232382,1.0983058
NBEAL1,1.1232382,1.0983058
FAT3,1.1232382,1.0983058
DMXL2,1.1232382,1.0983058
MYO7A,1.1232382,1.0983058
COL6A3,1.1232382,1.0983058
RYR2,1.1232382,1.0983058
MYH3,1.1232382,1.0983058
CELSR3,1.1232382,1.0983058
ITPR2,1.1232382,1.0983058
CELSR2,1.1232382,1.0983058
ABCA12,1.1232382,1.0983058
TLN1,1.1232382,1.0983058
CAD,1.1232382,1.0983058
APC,1.1232382,1.0983058
FLNA,1.1232382,1.0983058
FLNC,1.1232382,1.0983058
FLNB,1.1232382,1.0983058
STAB1,1.1232382,1.0983058
ABCA4,1.1232382,1.0983058
VPS13C,1.1232382,1.0983058
PKHD1L1,1.1232382,1.0983058
DNAH14,1.1232382,1.0983058
DNAH8,1.1232382,1.0983058
TENM1,1.1232382,1.0983058
CSMD1,1.1232382,1.0983058
ABCA13,1.1232382,1.0983058
SPTBN5,1.1232382,1.0983058
TTC28,1.1232382,1.0983058
DNAH6,1.1232382,1.0983058
LAMA5,1.1232382,1.0983058
ASPM,1.1232382,1.0983058
SZT2,1.1232382,1.0983058
DNAH3,1.1232382,1.0983058
FRAS1,1.1232381,1.0983061
ACACA,1.1232381,1.0983061
FBN3,1.1232381,1.0983061
HERC2,1.1232381,1.0983061
DNHD1,1.1232381,1.0983061
DYNC2H1,1.1232381,1.0983061
SVEP1,1.1232381,1.0983061
KMT2D,1.1232381,1.0983061
DMD,1.1232381,1.0983061
NIPBL,1.1232381,1.0983061
UBR4,1.1232381,1.0983061
RYR1,1.1232381,1.0983061
VPS13B,1.1232381,1.0983061
LRP1B,1.1232381,1.0983061
DNAH11,1.1232381,1.0983061
COL7A1,1.1232381,1.0983061
DNAH9,1.1232381,1.0983061
NEB,1.1232381,1.0983061
OBSCN,1.1232381,1.0983061
HMCN1,1.1232381,1.0983061
SYNE1,1.1232381,1.0983061
DST,1.1232381,1.0983061
MACF1,1.1232381,1.0983061
TTN,1.1232381,1.0983061
