,0,1
SCN2A,1.2332383,1.1781291
CHD8,1.2332383,1.1781291
ADNP,1.2332383,1.1781291
SHANK3,1.2332383,1.1781291
PTEN,1.2332383,1.1781291
SYNGAP1,1.2332383,1.1781291
MECP2,1.2332383,1.1781291
KDM5B,1.2332383,1.1781291
FOXP1,1.2332383,1.1781291
ARID1B,1.2332383,1.1781291
POGZ,1.2332383,1.1781291
ASH1L,1.2332383,1.1781291
KMT5B,1.2332383,1.1781291
SLC6A1,1.2332383,1.1781291
GIGYF1,1.2332383,1.1781291
DYRK1A,1.2332383,1.1781291
CHD2,1.2332383,1.1781291
ASXL3,1.2332383,1.1781291
TAOK1,1.2332383,1.1781291
DNMT3A,1.2332383,1.1781291
GRIN2B,1.2332383,1.1781291
BRSK2,1.2332383,1.1781291
KMT2A,1.2332383,1.1781291
NF1,1.2332383,1.1781291
STXBP1,1.2332383,1.1781291
CUL3,1.2332383,1.1781291
MED13L,1.2332383,1.1781291
ANK2,1.2332383,1.1781291
MYT1L,1.2332383,1.1781291
RORB,1.2332383,1.1781291
TBL1XR1,1.2332383,1.1781291
TBR1,1.2332383,1.1781291
DYNC1H1,1.2332383,1.1781291
WAC,1.2332383,1.1781291
PHF21A,1.2332383,1.1781291
KDM6B,1.2332383,1.1781291
DDX3X,1.2332383,1.1781291
CTNNB1,1.2332383,1.1781291
MED13,1.2332383,1.1781291
ANKRD11,1.2332383,1.1781291
CTCF,1.2332383,1.1781291
RFX3,1.2332383,1.1781291
ARHGEF9,1.2332383,1.1781291
SHANK2,1.2332383,1.1781291
DEAF1,1.2332383,1.1781291
SMARCC2,1.2332383,1.1781291
TLK2,1.2332383,1.1781291
TCF20,1.2332383,1.1781291
CNOT3,1.2332383,1.1781291
SYNCRIP,1.2332383,1.1781291
SETD5,1.2332383,1.1781291
NAA15,1.2332383,1.1781291
SCN1A,1.2332383,1.1781291
EHMT1,1.2332383,1.1781291
TCF4,1.2332383,1.1781291
SRPRA,1.2332383,1.1781291
MARK2,1.2332383,1.1781291
KMT2C,1.2332383,1.1781291
MBD5,1.2332383,1.1781291
NRXN1,1.2332383,1.1781291
IRF2BPL,1.2332383,1.1781291
PHIP,1.2332383,1.1781291
NFE2L3,1.2332383,1.1781291
SKI,1.2332383,1.1781291
PSMD12,1.2332383,1.1781291
KCNB1,1.2332383,1.1781291
CSDE1,1.2332383,1.1781291
TSC1,1.2332383,1.1781291
DMWD,1.2332383,1.1781291
CLCN4,1.2332383,1.1781291
MEIS2,1.2332383,1.1781291
PBX1,1.2332383,1.1781291
HNRNPD,1.2332383,1.1781291
BCL11A,1.2332383,1.1781291
TCF7L2,1.2332383,1.1781291
WDFY3,1.2332383,1.1781291
PHF3,1.2332383,1.1781291
SETBP1,1.2332383,1.1781291
TGM1,1.2332383,1.1781291
EBF3,1.2332383,1.1781291
PPP2R5D,1.2332383,1.1781291
TAF4,1.2332383,1.1781291
KCNQ2,1.2332383,1.1781291
CAPRIN1,1.2332383,1.1781291
DSCAM,1.2332383,1.1781291
GABBR2,1.2332383,1.1781291
PRKG2,1.2332383,1.1781291
UBN2,1.2332383,1.1781291
MEF2C,1.2332383,1.1781291
TRIP12,1.2332383,1.1781291
EP300,1.2332383,1.1781291
NR3C2,1.2332383,1.1781291
ARHGEF18,1.2332383,1.1781291
TNPO3,1.2332383,1.1781291
SMAD6,1.2332383,1.1781291
AMOT,1.2332383,1.1781291
AUTS2,1.2332383,1.1781291
NCKAP1,1.2332383,1.1781291
DLG4,1.2332383,1.1781291
ECPAS,1.2332383,1.1781291
PRKAR1B,1.2332383,1.1781291
FUBP3,1.2332383,1.1781291
GRIA2,1.2332383,1.1781291
CCDC40,1.2332383,1.1781291
GABRA1,1.2332383,1.1781291
TSC2,1.2332383,1.1781291
C1orf185,1.2332383,1.1781291
METTL23,1.2332383,1.1781291
HNRNPUL2,1.2332383,1.1781291
PAX5,1.2332383,1.1781291
ATF4,1.2332383,1.1781291
RERE,1.2332383,1.1781291
DHFR2,1.2332383,1.1781291
TMC4,1.2332383,1.1781291
FXYD5,1.2332383,1.1781291
EBAG9,1.2332383,1.1781291
ITGB5,1.2332383,1.1781291
INTS2,1.2332383,1.1781291
RAI1,1.2332383,1.1781291
FOXG1,1.2332383,1.1781291
PLEKHG6,1.2332383,1.1781291
MAVS,1.2332383,1.1781291
C1QC,1.2332383,1.1781291
TMEM116,1.2332383,1.1781291
SIN3A,1.2332383,1.1781291
ANP32A,1.2332383,1.1781291
PRR14L,1.2332383,1.1781291
CSNK2B,1.2332383,1.1781291
PMM2,1.2332383,1.1781291
PFN2,1.2332383,1.1781291
LMTK3,1.2332383,1.1781291
SPRY2,1.2332383,1.1781291
CMPK2,1.2332383,1.1781291
IQSEC2,1.2332383,1.1781291
RIPK1,1.2332383,1.1781291
TPK1,1.2332383,1.1781291
CASZ1,1.2332383,1.1781291
ZBTB45,1.2332383,1.1781291
NUDT17,1.2332383,1.1781291
FANCE,1.2332383,1.1781291
ZNF396,1.2332383,1.1781291
NR4A2,1.2332383,1.1781291
TBCEL,1.2332383,1.1781291
ADAM21,1.2332383,1.1781291
TCF3,1.2332383,1.1781291
AAAS,1.2332383,1.1781291
CELF6,1.2332383,1.1781291
INSC,1.2332383,1.1781291
ZMYND8,1.2332383,1.1781291
CLTC,1.2332383,1.1781291
TCHHL1,1.2332383,1.1781291
CTDSPL2,1.2332383,1.1781291
ZNF292,1.2332383,1.1781291
KCNQ3,1.2332383,1.1781291
RALGAPB,1.2332383,1.1781291
SRCAP,1.2332383,1.1781291
RAB11FIP4,1.2332383,1.1781291
ZNF865,1.2332383,1.1781291
CASKIN1,1.2332383,1.1781291
RANBP17,1.2332383,1.1781291
FBN1,1.2332383,1.1781291
ACTB,1.2332383,1.1781291
CNNM2,1.2332383,1.1781291
TSHZ1,1.2332383,1.1781291
UPF3B,1.2332383,1.1781291
PHF2,1.2332383,1.1781291
FMR1,1.2332383,1.1781291
MIB1,1.2332383,1.1781291
FADS1,1.2332383,1.1781291
FRMD7,1.2332383,1.1781291
LDB1,1.2332383,1.1781291
PCDH19,1.2332383,1.1781291
EIF3G,1.2332383,1.1781291
MYO1E,1.2332383,1.1781291
ZFAND5,1.2332383,1.1781291
CFAP410,1.2332383,1.1781291
BICRA,1.2332383,1.1781291
MYBL2,1.2332383,1.1781291
KIAA1958,1.2332383,1.1781291
GABRG2,1.2332383,1.1781291
SKIDA1,1.2332383,1.1781291
PSMA3,1.2332383,1.1781291
TTC37,1.2332383,1.1781291
PCYT1A,1.2332383,1.1781291
AP1G1,1.2332383,1.1781291
FEZF2,1.2332383,1.1781291
FGF19,1.2332383,1.1781291
MSL3,1.2332383,1.1781291
SON,1.2332383,1.1781291
DNAJC5,1.2332383,1.1781291
FBXO22,1.2332383,1.1781291
TNFRSF8,1.2332383,1.1781291
HDAC11,1.2332383,1.1781291
SSR2,1.2332383,1.1781291
ACTG1,1.2332383,1.1781291
PNN,1.2332383,1.1781291
RUNX1T1,1.2332383,1.1781291
APBB1,1.2332383,1.1781291
CERS4,1.2332383,1.1781291
CELF4,1.2332383,1.1781291
ZBTB14,1.2332383,1.1781291
ATAT1,1.2332383,1.1781291
RBBP5,1.2332383,1.1781291
G3BP1,1.2332383,1.1781291
WNT7B,1.2332383,1.1781291
BDP1,1.2332383,1.1781291
RNF217,1.2332383,1.1781291
CBX4,1.2332383,1.1781291
NME8,1.2332383,1.1781291
DCUN1D3,1.2332383,1.1781291
ENC1,1.2332383,1.1781291
UBB,1.2332383,1.1781291
NEO1,1.2332383,1.1781291
SLC4A10,1.2332383,1.1781291
BRF2,1.2332383,1.1781291
PSMD11,1.2332383,1.1781291
NR2F1,1.2332383,1.1781291
CASK,1.2332383,1.1781291
SARM1,1.2332383,1.1781291
TPST2,1.2332383,1.1781291
FPGS,1.2332383,1.1781291
QRICH1,1.2332383,1.1781291
LRP10,1.2332383,1.1781291
CD101,1.2332383,1.1781291
INTS7,1.2332383,1.1781291
SMAD4,1.2332383,1.1781291
STARD10,1.2332383,1.1781291
CNTNAP3,1.2332383,1.1781291
DHX37,1.2332383,1.1781291
GABRB3,1.2332383,1.1781291
NDNF,1.2332383,1.1781291
FARP2,1.2332383,1.1781291
SLF1,1.2332383,1.1781291
HDAC4,1.2332383,1.1781291
CNGB3,1.2332383,1.1781291
PCDHGA8,1.2332383,1.1781291
TSPAN4,1.2332383,1.1781291
FUK,1.2332383,1.1781291
SULT1A1,1.2332383,1.1781291
NTS,1.2332383,1.1781291
MAN1A1,1.2332383,1.1781291
FAM57B,1.2332383,1.1781291
RFX8,1.2332383,1.1781291
NACC1,1.2332383,1.1781291
ZSWIM4,1.2332383,1.1781291
PPCS,1.2332383,1.1781291
SUSD4,1.2332383,1.1781291
TMEM165,1.2332383,1.1781291
RIMBP2,1.2332383,1.1781291
PSMD6,1.2332383,1.1781291
ITPKA,1.2332383,1.1781291
MSL2,1.2332383,1.1781291
RNF146,1.2332383,1.1781291
NSD2,1.2332383,1.1781291
SOX11,1.2332383,1.1781291
SLC34A1,1.2332383,1.1781291
ADPGK,1.2332383,1.1781291
TCERG1,1.2332383,1.1781291
ZBTB18,1.2332383,1.1781291
TAF6,1.2332383,1.1781291
BCL11B,1.2332383,1.1781291
PPM1M,1.2332383,1.1781291
PUF60,1.2332383,1.1781291
CUX2,1.2332383,1.1781291
GPC5,1.2332383,1.1781291
SERPINI1,1.2332383,1.1781291
SATB2,1.2332383,1.1781291
CRISPLD1,1.2332383,1.1781291
ZMYM2,1.2332383,1.1781291
DBF4,1.2332383,1.1781291
ZMYND11,1.2332383,1.1781291
TNFAIP8L3,1.2332383,1.1781291
PCDHGA12,1.2332383,1.1781291
ARHGEF2,1.2332383,1.1781291
CFAP70,1.2332383,1.1781291
HPS6,1.2332383,1.1781291
JARID2,1.2332383,1.1781291
SNCA,1.2332383,1.1781291
KDM6A,1.2332383,1.1781291
ASB14,1.2332383,1.1781291
CALU,1.2332383,1.1781291
HNRNPL,1.2332383,1.1781291
KLHL25,1.2332383,1.1781291
AHDC1,1.2332383,1.1781291
CTR9,1.2332383,1.1781291
B9D1,1.2332383,1.1781291
SPAST,1.2332383,1.1781291
EIF4G2,1.2332383,1.1781291
LRRFIP1,1.2332383,1.1781291
TUBB2A,1.2332383,1.1781291
GGNBP2,1.2332383,1.1781291
ARHGAP44,1.2332383,1.1781291
CARD14,1.2332383,1.1781291
CIC,1.2332383,1.1781291
DIP2C,1.2332383,1.1781291
RIPOR3,1.2332383,1.1781291
CCNT2,1.2332383,1.1781291
ZC3H14,1.2332383,1.1781291
PER2,1.2332383,1.1781291
DCAF7,1.2332383,1.1781291
MAP2K7,1.2332383,1.1781291
AMOTL1,1.2332383,1.1781291
HBD,1.2332383,1.1781291
PSMC5,1.2332383,1.1781291
FOXP2,1.2332383,1.1781291
DACT1,1.2332383,1.1781291
PAPOLG,1.2332383,1.1781291
FBXW5,1.2332383,1.1781291
POTEH,1.2332383,1.1781291
CTB-186H2.3,1.2332383,1.1781291
FLJ00273,1.2332383,1.1781291
CD93,1.2332383,1.1781291
MFHAS1,1.2332383,1.1781291
BTRC,1.2332383,1.1781291
FBH1,1.2332383,1.1781291
ANO9,1.2332383,1.1781291
SETD1A,1.2332383,1.1781291
WNT9B,1.2332383,1.1781291
LRRC4,1.2332383,1.1781291
NPIPB5,1.2332383,1.1781291
ZNF462,1.2332383,1.1781291
ZMAT5,1.2332383,1.1781291
TLE3,1.2332383,1.1781291
CYP17A1,1.2332383,1.1781291
EFR3A,1.2332383,1.1781291
ULK1,1.2332383,1.1781291
S100G,1.2332383,1.1781291
TRERF1,1.2332383,1.1781291
IFRD2,1.2332383,1.1781291
EIF2A,1.2332383,1.1781291
MOB4,1.2332383,1.1781291
ANKS4B,1.2332383,1.1781291
FAM72A,1.2332383,1.1781291
PARN,1.2332383,1.1781291
GSTM1,1.2332383,1.1781291
DNTT,1.2332383,1.1781291
SNTA1,1.2332383,1.1781291
KRTAP2-2,1.2332383,1.1781291
HECTD4,1.2332383,1.1781291
DEFB128,1.2332383,1.1781291
TGM6,1.2332383,1.1781291
NBPF12,1.2332383,1.1781291
KLHDC10,1.2332383,1.1781291
HTN1,1.2332383,1.1781291
SLC28A1,1.2332383,1.1781291
KATNAL2,1.2332383,1.1781291
ING1,1.2332383,1.1781291
MGRN1,1.2332383,1.1781291
SLC25A46,1.2332383,1.1781291
CHN2,1.2332383,1.1781291
C19orf33,1.2332383,1.1781291
WWC2,1.2332383,1.1781291
TOP3B,1.2332383,1.1781291
PRR12,1.2332383,1.1781291
TTC12,1.2332383,1.1781291
KCNT1,1.2332383,1.1781291
MCPH1,1.2332383,1.1781291
GSS,1.2332383,1.1781291
MOGS,1.2332383,1.1781291
PRAMEF10,1.2332383,1.1781291
HMGN2,1.2332383,1.1781291
KRTAP5-2,1.2332383,1.1781291
EIF2AK1,1.2332383,1.1781291
PPP1R17,1.2332383,1.1781291
ERI1,1.2332383,1.1781291
NRG4,1.2332383,1.1781291
EMSY,1.2332383,1.1781291
TCEAL1,1.2332383,1.1781291
MBNL1,1.2332383,1.1781291
KIAA0232,1.2332383,1.1781291
DUS1L,1.2332383,1.1781291
TMEM140,1.2332383,1.1781291
GRIN1,1.2332383,1.1781291
SLC16A1,1.2332383,1.1781291
IFNA5,1.2332383,1.1781291
HIST1H1A,1.2332383,1.1781291
TCF24,1.2332383,1.1781291
RYBP,1.2332383,1.1781291
HIST1H2BK,1.2332383,1.1781291
RPS6KA3,1.2332383,1.1781291
HIST1H1E,1.2332383,1.1781291
MYH2,1.2332383,1.1781291
TOMM7,1.2332383,1.1781291
TMEM14C,1.2332383,1.1781291
RIPPLY1,1.2332383,1.1781291
SMIM15,1.2332383,1.1781291
TPBGL,1.2332383,1.1781291
BDKRB2,1.2332383,1.1781291
NRSN2,1.2332383,1.1781291
IFITM1,1.2332383,1.1781291
ARF1,1.2332383,1.1781291
MSH2,1.2332383,1.1781291
SCNN1D,1.2332383,1.1781291
RAC3,1.2332383,1.1781291
RPS12,1.2332383,1.1781291
SMIM22,1.2332383,1.1781291
NBPF20,1.2332383,1.1781291
ZNF71,1.2332383,1.1781291
EFCAB9,1.2332383,1.1781291
C2orf72,1.2332383,1.1781291
PTMS,1.2332383,1.1781291
ZNF580,1.2332383,1.1781291
ARF3,1.2332383,1.1781291
MLANA,1.2332383,1.1781291
LLPH,1.2332383,1.1781291
LSM10,1.2332383,1.1781291
GSTA2,1.2332383,1.1781291
C3orf56,1.2332383,1.1781291
BST2,1.2332383,1.1781291
WASHC3,1.2332383,1.1781291
GATC,1.2332383,1.1781291
TGFBR3L,1.2332383,1.1781291
VIP,1.2332383,1.1781291
UBA6,1.2332383,1.1781291
NUDCD2,1.2332383,1.1781291
FCER1G,1.2332383,1.1781291
YWHAZ,1.2332383,1.1781291
MKX,1.2332383,1.1781291
BPIFA1,1.2332383,1.1781291
IL3,1.2332383,1.1781291
VPREB3,1.2332383,1.1781291
ABCC5,1.2332383,1.1781291
MDFI,1.2332383,1.1781291
CA3,1.2332383,1.1781291
CD59,1.2332383,1.1781291
C4orf19,1.2332383,1.1781291
CARHSP1,1.2332383,1.1781291
CDH13,1.2332383,1.1781291
CORO2B,1.2332383,1.1781291
NDUFB6,1.2332383,1.1781291
UMODL1,1.2332383,1.1781291
MRPS28,1.2332383,1.1781291
HHAT,1.2332383,1.1781291
SPP2,1.2332383,1.1781291
ASB17,1.2332383,1.1781291
PLA2G16,1.2332383,1.1781291
SLC6A13,1.2332383,1.1781291
PCDHA8,1.2332383,1.1781291
TMEM179,1.2332383,1.1781291
ZNF781,1.2332383,1.1781291
C11orf24,1.2332383,1.1781291
GALNT18,1.2332383,1.1781291
GADD45G,1.2332383,1.1781291
TLR3,1.2332383,1.1781291
IL27,1.2332383,1.1781291
ISL2,1.2332383,1.1781291
ARHGAP18,1.2332383,1.1781291
NCKAP1L,1.2332383,1.1781291
GLYAT,1.2332383,1.1781291
CST2,1.2332383,1.1781291
GHRL,1.2332383,1.1781291
ZDHHC2,1.2332383,1.1781291
PTPRE,1.2332383,1.1781291
SNAPC4,1.2332383,1.1781291
KRTAP10-6,1.2332383,1.1781291
PRR32,1.2332383,1.1781291
TMEM39B,1.2332383,1.1781291
LYPD4,1.2332383,1.1781291
TMEM249,1.2332383,1.1781291
FPR3,1.2332383,1.1781291
DCDC2B,1.2332383,1.1781291
EBF1,1.2332383,1.1781291
MADCAM1,1.2332383,1.1781291
AMPD1,1.2332383,1.1781291
DOT1L,1.2332383,1.1781291
RNF151,1.2332383,1.1781291
PRDX6,1.2332383,1.1781291
AIF1L,1.2332383,1.1781291
IL20,1.2332383,1.1781291
LSM3,1.2332383,1.1781291
MORN4,1.2332383,1.1781291
FAM168B,1.2332383,1.1781291
GLTP,1.2332383,1.1781291
LDLRAD2,1.2332383,1.1781291
C6orf47,1.2332383,1.1781291
SCARA3,1.2332383,1.1781291
KRIT1,1.2332383,1.1781291
GPR31,1.2332383,1.1781291
PABPC1L,1.2332383,1.1781291
GPX4,1.2332383,1.1781291
ABTB1,1.2332383,1.1781291
SIRPB2,1.2332383,1.1781291
ITSN1,1.2332383,1.1781291
TCF12,1.2332383,1.1781291
PRKD3,1.2332383,1.1781291
KLC1,1.2332383,1.1781291
TPRX1,1.2332383,1.1781291
C2orf40,1.2332383,1.1781291
CHCHD4,1.2332383,1.1781291
UPP1,1.2332383,1.1781291
DESI2,1.2332383,1.1781291
PRR23A,1.2332383,1.1781291
OLFM3,1.2332383,1.1781291
NUDT4,1.2332383,1.1781291
SNX22,1.2332383,1.1781291
TIFA,1.2332383,1.1781291
EPHB1,1.2332383,1.1781291
C11orf68,1.2332383,1.1781291
CACNA1D,1.2332383,1.1781291
KIRREL3,1.2332383,1.1781291
PRR30,1.2332383,1.1781291
ATOH1,1.2332383,1.1781291
NUAK1,1.2332383,1.1781291
GVQW3,1.2332383,1.1781291
TCTE3,1.2332383,1.1781291
GARNL3,1.2332383,1.1781291
CALHM3,1.2332383,1.1781291
EMCN,1.2332383,1.1781291
EFCAB8,1.2332383,1.1781291
FAM177A1,1.2332383,1.1781291
SPRY1,1.2332383,1.1781291
NCAPG,1.2332383,1.1781291
AZGP1,1.2332383,1.1781291
RGS2,1.2332383,1.1781291
ARHGDIB,1.2332383,1.1781291
ADTRP,1.2332383,1.1781291
CD151,1.2332383,1.1781291
G3BP2,1.2332383,1.1781291
CXXC5,1.2332383,1.1781291
RESP18,1.2332383,1.1781291
EOGT,1.2332383,1.1781291
TKT,1.2332383,1.1781291
NT5M,1.2332383,1.1781291
KATNAL1,1.2332383,1.1781291
IFI44L,1.2332383,1.1781291
VGLL2,1.2332383,1.1781291
RWDD2A,1.2332383,1.1781291
MPLKIP,1.2332383,1.1781291
IFNG,1.2332383,1.1781291
EMC9,1.2332383,1.1781291
KIAA0319,1.2332383,1.1781291
BAD,1.2332383,1.1781291
POLRMT,1.2332383,1.1781291
CEACAM19,1.2332383,1.1781291
C20orf173,1.2332383,1.1781291
ARL13A,1.2332383,1.1781291
ASF1A,1.2332383,1.1781291
FAM71F2,1.2332383,1.1781291
MYL12A,1.2332383,1.1781291
NEFM,1.2332383,1.1781291
CELA3A,1.2332383,1.1781291
CDK13,1.2332383,1.1781291
KIF9,1.2332383,1.1781291
HES5,1.2332383,1.1781291
VSIG2,1.2332383,1.1781291
TMEM241,1.2332383,1.1781291
SPIC,1.2332383,1.1781291
NSMCE1,1.2332383,1.1781291
BRF1,1.2332383,1.1781291
TM4SF19,1.2332383,1.1781291
SLC35D2,1.2332383,1.1781291
OVCA2,1.2332383,1.1781291
MTHFS,1.2332383,1.1781291
SOX5,1.2332383,1.1781291
AADACL4,1.2332383,1.1781291
SYT1,1.2332383,1.1781291
CYLC1,1.2332383,1.1781291
ZNF76,1.2332383,1.1781291
EXT1,1.2332383,1.1781291
NALCN,1.2332383,1.1781291
PIN1,1.2332383,1.1781291
RRAGC,1.2332383,1.1781291
EDAR,1.2332383,1.1781291
RPL12,1.2332383,1.1781291
EAF1,1.2332383,1.1781291
LSM1,1.2332383,1.1781291
TMEM91,1.2332383,1.1781291
SPDYC,1.2332383,1.1781291
IFI30,1.2332383,1.1781291
BTBD2,1.2332383,1.1781291
OVOL1,1.2332383,1.1781291
EDF1,1.2332383,1.1781291
ZNF346,1.2332383,1.1781291
TM4SF1,1.2332383,1.1781291
TSSC4,1.2332383,1.1781291
TMEM147,1.2332383,1.1781291
YRDC,1.2332383,1.1781291
WFS1,1.2332383,1.1781291
PSD3,1.2332383,1.1781291
NET1,1.2332383,1.1781291
OBP2A,1.2332383,1.1781291
ORM1,1.2332383,1.1781291
BNIP1,1.2332383,1.1781291
CD163L1,1.2332383,1.1781291
TIGAR,1.2332383,1.1781291
ZC3H8,1.2332383,1.1781291
PDCD1,1.2332383,1.1781291
KAZN,1.2332383,1.1781291
CLEC3A,1.2332383,1.1781291
UBE2J2,1.2332383,1.1781291
DEK,1.2332383,1.1781291
PPP1R3D,1.2332383,1.1781291
HIST1H4F,1.2332383,1.1781291
DCAF11,1.2332383,1.1781291
ADCY5,1.2332383,1.1781291
MYOZ2,1.2332383,1.1781291
HAVCR1,1.2332383,1.1781291
TRAM1L1,1.2332383,1.1781291
RPUSD1,1.2332383,1.1781291
KIR2DL3,1.2332383,1.1781291
LYPD5,1.2332383,1.1781291
ACBD6,1.2332383,1.1781291
SYT7,1.2332383,1.1781291
APOL4,1.2332383,1.1781291
NKIRAS1,1.2332383,1.1781291
LRRC4C,1.2332383,1.1781291
KDM1B,1.2332383,1.1781291
NCCRP1,1.2332383,1.1781291
MRPL52,1.2332383,1.1781291
MRPL14,1.2332383,1.1781291
GCNT7,1.2332383,1.1781291
CPD,1.2332383,1.1781291
PRPS1L1,1.2332383,1.1781291
TMBIM6,1.2332383,1.1781291
METTL26,1.2332383,1.1781291
RNASEH2A,1.2332383,1.1781291
NECAP1,1.2332383,1.1781291
BPIFB3,1.2332383,1.1781291
ZFP36L2,1.2332383,1.1781291
ABHD12B,1.2332383,1.1781291
EFCAB2,1.2332383,1.1781291
CCNO,1.2332383,1.1781291
PAFAH1B3,1.2332383,1.1781291
ASCL4,1.2332383,1.1781291
RSC1A1,1.2332383,1.1781291
CCT7,1.2332383,1.1781291
TMEM82,1.2332383,1.1781291
NPBWR1,1.2332383,1.1781291
IGFBP2,1.2332383,1.1781291
CDC42EP4,1.2332383,1.1781291
DTYMK,1.2332383,1.1781291
STAP1,1.2332383,1.1781291
GNB2,1.2332383,1.1781291
MFSD3,1.2332383,1.1781291
PAK1IP1,1.2332383,1.1781291
RPL15,1.2332383,1.1781291
LRRC14,1.2332383,1.1781291
DSCAML1,1.2332383,1.1781291
EEF2,1.2332383,1.1781291
N4BP2L1,1.2332383,1.1781291
ITGB1BP1,1.2332383,1.1781291
PCGF3,1.2332383,1.1781291
FERMT2,1.2332383,1.1781291
TRIML1,1.2332383,1.1781291
EIF4E3,1.2332383,1.1781291
CADM2,1.2332383,1.1781291
RTL3,1.2332383,1.1781291
PPP4R2,1.2332383,1.1781291
GRIK2,1.2332383,1.1781291
MCHR2,1.2332383,1.1781291
TUSC1,1.2332383,1.1781291
GPR171,1.2332383,1.1781291
VWA7,1.2332383,1.1781291
IGF2,1.2332383,1.1781291
H3F3B,1.2332383,1.1781291
SLC35A5,1.2332383,1.1781291
PDGFC,1.2332383,1.1781291
ARHGEF7,1.2332383,1.1781291
IDH3G,1.2332383,1.1781291
SPC25,1.2332383,1.1781291
NIFK,1.2332383,1.1781291
SULT1B1,1.2332383,1.1781291
CRIP2,1.2332383,1.1781291
XXYLT1,1.2332383,1.1781291
TMEM45A,1.2332383,1.1781291
CACNA2D3,1.2332383,1.1781291
RASGEF1B,1.2332383,1.1781291
SCGN,1.2332383,1.1781291
FAS,1.2332383,1.1781291
PPA2,1.2332383,1.1781291
THEGL,1.2332383,1.1781291
C6orf106,1.2332383,1.1781291
PCDHB4,1.2332383,1.1781291
SORD,1.2332383,1.1781291
THOC7,1.2332383,1.1781291
PLVAP,1.2332383,1.1781291
XKR3,1.2332383,1.1781291
CDH10,1.2332383,1.1781291
APH1A,1.2332383,1.1781291
GTF2I,1.2332383,1.1781291
SLC35G1,1.2332383,1.1781291
IPP,1.2332383,1.1781291
ASPN,1.2332383,1.1781291
PDCD2,1.2332383,1.1781291
RTRAF,1.2332383,1.1781291
C18orf54,1.2332383,1.1781291
LIPI,1.2332383,1.1781291
LIN7B,1.2332383,1.1781291
HYKK,1.2332383,1.1781291
KLRG2,1.2332383,1.1781291
GFY,1.2332383,1.1781291
GALNT14,1.2332383,1.1781291
SLC36A4,1.2332383,1.1781291
OSR2,1.2332383,1.1781291
CAB39,1.2332383,1.1781291
PSD,1.2332383,1.1781291
RAB2A,1.2332383,1.1781291
ARRDC1,1.2332383,1.1781291
CBX1,1.2332383,1.1781291
GNB5,1.2332383,1.1781291
MMD,1.2332383,1.1781291
ZNF578,1.2332383,1.1781291
FAM217B,1.2332383,1.1781291
DBR1,1.2332383,1.1781291
LRTM2,1.2332383,1.1781291
SARAF,1.2332383,1.1781291
C1QL3,1.2332383,1.1781291
POPDC2,1.2332383,1.1781291
GPR152,1.2332383,1.1781291
OSER1,1.2332383,1.1781291
PYHIN1,1.2332383,1.1781291
FSCB,1.2332383,1.1781291
CCR7,1.2332383,1.1781291
TOR1AIP2,1.2332383,1.1781291
ZNF362,1.2332383,1.1781291
FOXD3,1.2332383,1.1781291
ENTR1,1.2332383,1.1781291
HELZ2,1.2332383,1.1781291
CCDC115,1.2332383,1.1781291
GDPD4,1.2332383,1.1781291
HNRNPU,1.2332383,1.1781291
NXPE4,1.2332383,1.1781291
VCL,1.2332383,1.1781291
PLIN2,1.2332383,1.1781291
ZNF697,1.2332383,1.1781291
AXIN2,1.2332383,1.1781291
PNPLA7,1.2332383,1.1781291
ST3GAL6,1.2332383,1.1781291
PLIN4,1.2332383,1.1781291
SCAMP2,1.2332383,1.1781291
ZNF517,1.2332383,1.1781291
LRRC74A,1.2332383,1.1781291
TANC2,1.2332383,1.1781291
RETREG2,1.2332383,1.1781291
TP53I13,1.2332383,1.1781291
HIBADH,1.2332383,1.1781291
CD63,1.2332383,1.1781291
AMD1,1.2332383,1.1781291
GABRB1,1.2332383,1.1781291
TNFRSF19,1.2332383,1.1781291
CCIN,1.2332383,1.1781291
DBX2,1.2332383,1.1781291
CACNG3,1.2332383,1.1781291
STMN4,1.2332383,1.1781291
TDO2,1.2332383,1.1781291
STN1,1.2332383,1.1781291
FCRL6,1.2332383,1.1781291
NME9,1.2332383,1.1781291
PSMB5,1.2332383,1.1781291
NOXO1,1.2332383,1.1781291
TMEM102,1.2332383,1.1781291
FGF14,1.2332383,1.1781291
CRAMP1,1.2332383,1.1781291
ICE1,1.2332383,1.1781291
PRSS38,1.2332383,1.1781291
BTNL8,1.2332383,1.1781291
RPL11,1.2332383,1.1781291
STPG2,1.2332383,1.1781291
SYCE1,1.2332383,1.1781291
RNF220,1.2332383,1.1781291
GALR2,1.2332383,1.1781291
OSBPL7,1.2332383,1.1781291
FAM200A,1.2332383,1.1781291
TRIM38,1.2332383,1.1781291
TLDC1,1.2332383,1.1781291
RPGRIP1L,1.2332383,1.1781291
HSPA13,1.2332383,1.1781291
SEC11A,1.2332383,1.1781291
ST6GALNAC2,1.2332383,1.1781291
PRDM16,1.2332383,1.1781291
PAFAH1B2,1.2332383,1.1781291
ING2,1.2332383,1.1781291
SLC24A1,1.2332383,1.1781291
PIP4K2B,1.2332383,1.1781291
BTBD16,1.2332383,1.1781291
NAA40,1.2332383,1.1781291
GSDMC,1.2332383,1.1781291
SMAP2,1.2332383,1.1781291
PEX11B,1.2332383,1.1781291
LRRIQ1,1.2332383,1.1781291
FOS,1.2332383,1.1781291
E2F6,1.2332383,1.1781291
NFIL3,1.2332383,1.1781291
CYBRD1,1.2332383,1.1781291
PPP1R7,1.2332383,1.1781291
SLC35A3,1.2332383,1.1781291
SRPK2,1.2332383,1.1781291
PRPF4B,1.2332383,1.1781291
POC5,1.2332383,1.1781291
RNF212B,1.2332383,1.1781291
ELOVL2,1.2332383,1.1781291
CDK18,1.2332383,1.1781291
INSIG1,1.2332383,1.1781291
MKS1,1.2332383,1.1781291
FAM200B,1.2332383,1.1781291
GPR26,1.2332383,1.1781291
HIC2,1.2332383,1.1781291
RAB40B,1.2332383,1.1781291
ADAR,1.2332383,1.1781291
LRRC17,1.2332383,1.1781291
BTN1A1,1.2332383,1.1781291
PRRT1,1.2332383,1.1781291
NAXE,1.2332383,1.1781291
FANCL,1.2332383,1.1781291
BTBD19,1.2332383,1.1781291
ELAVL2,1.2332383,1.1781291
RHOV,1.2332383,1.1781291
SERPINE3,1.2332383,1.1781291
PSG9,1.2332383,1.1781291
UNC93B1,1.2332383,1.1781291
MIDN,1.2332383,1.1781291
HCRTR1,1.2332383,1.1781291
ASB4,1.2332383,1.1781291
CDH12,1.2332383,1.1781291
HOXD1,1.2332383,1.1781291
SIGLEC8,1.2332383,1.1781291
SLC35A2,1.2332383,1.1781291
ZNF548,1.2332383,1.1781291
DOCK8,1.2332383,1.1781291
TBPL2,1.2332383,1.1781291
CORO1C,1.2332383,1.1781291
DNAJC8,1.2332383,1.1781291
CLPTM1,1.2332383,1.1781291
ANP32D,1.2332383,1.1781291
ANKEF1,1.2332383,1.1781291
SCNM1,1.2332383,1.1781291
NUDT6,1.2332383,1.1781291
OSBPL3,1.2332383,1.1781291
GNG11,1.2332383,1.1781291
PLEKHO1,1.2332383,1.1781291
ETV2,1.2332383,1.1781291
EPCAM,1.2332383,1.1781291
CTAGE1,1.2332383,1.1781291
THBS4,1.2332383,1.1781291
YBX1,1.2332383,1.1781291
HRAS,1.2332383,1.1781291
ZNF26,1.2332383,1.1781291
TBL3,1.2332383,1.1781291
ITPRIPL1,1.2332383,1.1781291
ZNF813,1.2332383,1.1781291
YIF1B,1.2332383,1.1781291
GNAI1,1.2332383,1.1781291
VSTM2L,1.2332383,1.1781291
OASL,1.2332383,1.1781291
KREMEN1,1.2332383,1.1781291
ZNF286A,1.2332383,1.1781291
ADCY7,1.2332383,1.1781291
ZNF211,1.2332383,1.1781291
ZNF488,1.2332383,1.1781291
DCP1A,1.2332383,1.1781291
SHISA9,1.2332383,1.1781291
MEX3B,1.2332383,1.1781291
CHAMP1,1.2332383,1.1781291
C3orf58,1.2332383,1.1781291
PPP6C,1.2332383,1.1781291
WDR26,1.2332383,1.1781291
PRDM5,1.2332383,1.1781291
RFTN1,1.2332383,1.1781291
PACRG,1.2332383,1.1781291
DERA,1.2332383,1.1781291
MAZ,1.2332383,1.1781291
KIAA0825,1.2332383,1.1781291
PCOLCE,1.2332383,1.1781291
LMAN1L,1.2332383,1.1781291
KLHDC2,1.2332383,1.1781291
CRHBP,1.2332383,1.1781291
HAPLN3,1.2332383,1.1781291
UQCRC2,1.2332383,1.1781291
MRE11,1.2332383,1.1781291
RASSF2,1.2332383,1.1781291
NHLRC4,1.2332383,1.1781291
CUEDC1,1.2332383,1.1781291
ANKRD53,1.2332383,1.1781291
TRIM73,1.2332383,1.1781291
TAPBP,1.2332383,1.1781291
TMEM151A,1.2332383,1.1781291
HIST1H2BH,1.2332383,1.1781291
ZNF354C,1.2332383,1.1781291
ANTXR2,1.2332383,1.1781291
PHF23,1.2332383,1.1781291
DENND2C,1.2332383,1.1781291
ZIC2,1.2332383,1.1781291
CCDC43,1.2332383,1.1781291
MSTN,1.2332383,1.1781291
GIMAP8,1.2332383,1.1781291
SLC25A30,1.2332383,1.1781291
CCDC125,1.2332383,1.1781291
L1TD1,1.2332383,1.1781291
HRASLS2,1.2332383,1.1781291
CACTIN,1.2332383,1.1781291
IL11RA,1.2332383,1.1781291
HAUS3,1.2332383,1.1781291
ODF3B,1.2332383,1.1781291
ZNF689,1.2332383,1.1781291
TCF15,1.2332383,1.1781291
KIAA0754,1.2332383,1.1781291
RUNDC3B,1.2332383,1.1781291
SLC30A2,1.2332383,1.1781291
PRKD1,1.2332383,1.1781291
PHF12,1.2332383,1.1781291
RASSF7,1.2332383,1.1781291
ACE,1.2332383,1.1781291
BLCAP,1.2332383,1.1781291
TWF2,1.2332383,1.1781291
DDX60,1.2332383,1.1781291
PHF24,1.2332383,1.1781291
CNPPD1,1.2332383,1.1781291
MOS,1.2332383,1.1781291
TRIM17,1.2332383,1.1781291
CHRM4,1.2332383,1.1781291
RAB6B,1.2332383,1.1781291
RAPH1,1.2332383,1.1781291
SYP,1.2332383,1.1781291
PHF7,1.2332383,1.1781291
ADRM1,1.2332383,1.1781291
FLCN,1.2332383,1.1781291
ZNF559,1.2332383,1.1781291
ZNF710,1.2332383,1.1781291
CCDC113,1.2332383,1.1781291
CCDC87,1.2332383,1.1781291
CYP27C1,1.2332383,1.1781291
METTL17,1.2332383,1.1781291
ZNF490,1.2332383,1.1781291
GPRIN1,1.2332383,1.1781291
LRRC37A3,1.2332383,1.1781291
ZFYVE9,1.2332383,1.1781291
RTN4RL2,1.2332383,1.1781291
USP29,1.2332383,1.1781291
TUBA3C,1.2332383,1.1781291
P2RX5,1.2332383,1.1781291
AMBP,1.2332383,1.1781291
GRK7,1.2332383,1.1781291
ZNF699,1.2332383,1.1781291
ZWILCH,1.2332383,1.1781291
CDKN2AIP,1.2332383,1.1781291
FXYD7,1.2332383,1.1781291
STAM,1.2332383,1.1781291
SATB1,1.2332383,1.1781291
BARX2,1.2332383,1.1781291
MCM6,1.2332383,1.1781291
ENTPD2,1.2332383,1.1781291
TERF2,1.2332383,1.1781291
CYP1A1,1.2332383,1.1781291
MMP27,1.2332383,1.1781291
TUB,1.2332383,1.1781291
LMNTD1,1.2332383,1.1781291
TSNARE1,1.2332383,1.1781291
LZTS3,1.2332383,1.1781291
SDR42E1,1.2332383,1.1781291
PPP5C,1.2332383,1.1781291
SETD7,1.2332383,1.1781291
MANEA,1.2332383,1.1781291
FOSB,1.2332383,1.1781291
MOCS3,1.2332383,1.1781291
OPN5,1.2332383,1.1781291
ZFP14,1.2332383,1.1781291
DPYSL2,1.2332383,1.1781291
LRFN4,1.2332383,1.1781291
SLC6A8,1.2332383,1.1781291
CSTF2T,1.2332383,1.1781291
IRX5,1.2332383,1.1781291
TYW5,1.2332383,1.1781291
ZNF454,1.2332383,1.1781291
GPBP1,1.2332383,1.1781291
GRAMD2B,1.2332383,1.1781291
DNTTIP2,1.2332383,1.1781291
MRPS5,1.2332383,1.1781291
ERF,1.2332383,1.1781291
ZDHHC14,1.2332383,1.1781291
FOXH1,1.2332383,1.1781291
ECSIT,1.2332383,1.1781291
MAPKAPK3,1.2332383,1.1781291
MAST1,1.2332383,1.1781291
DGUOK,1.2332383,1.1781291
PARPBP,1.2332383,1.1781291
COIL,1.2332383,1.1781291
ZNF638,1.2332383,1.1781291
TACC3,1.2332383,1.1781291
ENTPD6,1.2332383,1.1781291
EIF6,1.2332383,1.1781291
NFE2L2,1.2332383,1.1781291
C10orf90,1.2332383,1.1781291
DOCK6,1.2332383,1.1781291
PLD4,1.2332383,1.1781291
SMARCE1,1.2332383,1.1781291
CHST14,1.2332383,1.1781291
SLC47A2,1.2332383,1.1781291
PCBP4,1.2332383,1.1781291
SPARCL1,1.2332383,1.1781291
STKLD1,1.2332383,1.1781291
ADSS,1.2332383,1.1781291
LRRTM2,1.2332383,1.1781291
FABP4,1.2332383,1.1781291
IPPK,1.2332383,1.1781291
MRS2,1.2332383,1.1781291
SLC38A7,1.2332383,1.1781291
MYO5A,1.2332383,1.1781291
MRTFB,1.2332383,1.1781291
ZBTB7A,1.2332383,1.1781291
SMYD2,1.2332383,1.1781291
GALNT2,1.2332383,1.1781291
CLHC1,1.2332383,1.1781291
SLC22A14,1.2332383,1.1781291
ZNF821,1.2332383,1.1781291
BBOX1,1.2332383,1.1781291
PGAM5,1.2332383,1.1781291
ZNF438,1.2332383,1.1781291
DBF4B,1.2332383,1.1781291
MRGPRX1,1.2332383,1.1781291
CLTRN,1.2332383,1.1781291
CHRFAM7A,1.2332383,1.1781291
SDSL,1.2332383,1.1781291
HJURP,1.2332383,1.1781291
JPH3,1.2332383,1.1781291
RXYLT1,1.2332383,1.1781291
RTN1,1.2332383,1.1781291
SLC35E2A,1.2332383,1.1781291
CILP,1.2332383,1.1781291
NDUFB2,1.2332383,1.1781291
USP4,1.2332383,1.1781291
BSDC1,1.2332383,1.1781291
MEST,1.2332383,1.1781291
AVPR1A,1.2332383,1.1781291
DIP2A,1.2332383,1.1781291
SLC4A9,1.2332383,1.1781291
RRAGA,1.2332383,1.1781291
BTBD17,1.2332383,1.1781291
CCM2L,1.2332383,1.1781291
THAP5,1.2332383,1.1781291
DELE1,1.2332383,1.1781291
BIRC3,1.2332383,1.1781291
COCH,1.2332383,1.1781291
RCOR3,1.2332383,1.1781291
C7orf43,1.2332383,1.1781291
HIST1H2AA,1.2332383,1.1781291
ZNF229,1.2332383,1.1781291
PGLYRP2,1.2332383,1.1781291
NKAPL,1.2332383,1.1781291
MTMR12,1.2332383,1.1781291
BRD3,1.2332383,1.1781291
GALNT3,1.2332383,1.1781291
TIGD7,1.2332383,1.1781291
SHE,1.2332383,1.1781291
HAP1,1.2332383,1.1781291
PHAX,1.2332383,1.1781291
BZW1,1.2332383,1.1781291
CDK15,1.2332383,1.1781291
INAVA,1.2332383,1.1781291
PTPRA,1.2332383,1.1781291
PNP,1.2332383,1.1781291
ANAPC2,1.2332383,1.1781291
DMBX1,1.2332383,1.1781291
SNRNP35,1.2332383,1.1781291
GRIA1,1.2332383,1.1781291
TSKS,1.2332383,1.1781291
BCHE,1.2332383,1.1781291
REM1,1.2332383,1.1781291
MEMO1,1.2332383,1.1781291
GPC1,1.2332383,1.1781291
LILRB2,1.2332383,1.1781291
ADGB,1.2332383,1.1781291
ZNF107,1.2332383,1.1781291
ZNF805,1.2332383,1.1781291
DHX57,1.2332383,1.1781291
DUOXA1,1.2332383,1.1781291
NAXD,1.2332383,1.1781291
ZNF143,1.2332383,1.1781291
ANGPTL1,1.2332383,1.1781291
PMEL,1.2332383,1.1781291
PICALM,1.2332383,1.1781291
CHRNA9,1.2332383,1.1781291
E2F7,1.2332383,1.1781291
TTYH2,1.2332383,1.1781291
LGALS3,1.2332383,1.1781291
FDX1,1.2332383,1.1781291
CABP4,1.2332383,1.1781291
SAP30,1.2332383,1.1781291
FLRT2,1.2332383,1.1781291
CRYBA4,1.2332383,1.1781291
PLEK2,1.2332383,1.1781291
OTOP2,1.2332383,1.1781291
RGS1,1.2332383,1.1781291
ALOX5AP,1.2332383,1.1781291
APMAP,1.2332383,1.1781291
LPXN,1.2332383,1.1781291
PITPNA,1.2332383,1.1781291
RGS14,1.2332383,1.1781291
LRRC30,1.2332383,1.1781291
CD6,1.2332383,1.1781291
LRFN2,1.2332383,1.1781291
ZAP70,1.2332383,1.1781291
DOK1,1.2332383,1.1781291
SMG9,1.2332383,1.1781291
MCRS1,1.2332383,1.1781291
TPI1,1.2332383,1.1781291
SEC61A1,1.2332383,1.1781291
BMP7,1.2332383,1.1781291
ATP1B1,1.2332383,1.1781291
KYAT3,1.2332383,1.1781291
HID1,1.2332383,1.1781291
XKRX,1.2332383,1.1781291
PRELID3B,1.2332383,1.1781291
PTGER4,1.2332383,1.1781291
SF3B5,1.2332383,1.1781291
ZFP2,1.2332383,1.1781291
CD248,1.2332383,1.1781291
ZNF251,1.2332383,1.1781291
GAB3,1.2332383,1.1781291
ARRDC2,1.2332383,1.1781291
EIF2B1,1.2332383,1.1781291
MVK,1.2332383,1.1781291
CCDC144A,1.2332383,1.1781291
KYNU,1.2332383,1.1781291
ZNF605,1.2332383,1.1781291
GPRC5B,1.2332383,1.1781291
CBL,1.2332383,1.1781291
TRIM24,1.2332383,1.1781291
SERINC5,1.2332383,1.1781291
CBX5,1.2332383,1.1781291
FAU,1.2332383,1.1781291
SLC39A12,1.2332383,1.1781291
CNOT2,1.2332383,1.1781291
SMCR8,1.2332383,1.1781291
P2RX7,1.2332383,1.1781291
POLI,1.2332383,1.1781291
PTK2B,1.2332383,1.1781291
IDI2,1.2332383,1.1781291
LFNG,1.2332383,1.1781291
ZNF687,1.2332383,1.1781291
FCRL3,1.2332383,1.1781291
FMN2,1.2332383,1.1781291
CCS,1.2332383,1.1781291
FAM111B,1.2332383,1.1781291
HCRTR2,1.2332383,1.1781291
PLA1A,1.2332383,1.1781291
ZFPM1,1.2332383,1.1781291
MFRP,1.2332383,1.1781291
PCGF2,1.2332383,1.1781291
LPGAT1,1.2332383,1.1781291
LRRC19,1.2332383,1.1781291
MTFMT,1.2332383,1.1781291
ZNF366,1.2332383,1.1781291
LHX2,1.2332383,1.1781291
MAFB,1.2332383,1.1781291
USF2,1.2332383,1.1781291
ETFB,1.2332383,1.1781291
RPL21,1.2332383,1.1781291
TPPP,1.2332383,1.1781291
DENR,1.2332383,1.1781291
CELF2,1.2332383,1.1781291
BLK,1.2332383,1.1781291
POLR3D,1.2332383,1.1781291
HIST2H3D,1.2332383,1.1781291
NBPF3,1.2332383,1.1781291
LEMD3,1.2332383,1.1781291
DPP6,1.2332383,1.1781291
MYCBP2,1.2332383,1.1781291
LINGO3,1.2332383,1.1781291
RUNDC1,1.2332383,1.1781291
POU2AF1,1.2332383,1.1781291
FAM169A,1.2332383,1.1781291
GPSM1,1.2332383,1.1781291
COPS8,1.2332383,1.1781291
MPP6,1.2332383,1.1781291
ARMC2,1.2332383,1.1781291
KRT26,1.2332383,1.1781291
MAP1S,1.2332383,1.1781291
TINF2,1.2332383,1.1781291
DCDC2,1.2332383,1.1781291
CPNE3,1.2332383,1.1781291
PGM2L1,1.2332383,1.1781291
LBR,1.2332383,1.1781291
GADD45B,1.2332383,1.1781291
TMEM128,1.2332383,1.1781291
PAXIP1,1.2332383,1.1781291
COP1,1.2332383,1.1781291
ENOSF1,1.2332383,1.1781291
DNA2,1.2332383,1.1781291
UBTD2,1.2332383,1.1781291
TRAPPC6B,1.2332383,1.1781291
CPE,1.2332383,1.1781291
NFATC1,1.2332383,1.1781291
ZNF234,1.2332383,1.1781291
RNF25,1.2332383,1.1781291
TMPRSS5,1.2332383,1.1781291
CYBC1,1.2332383,1.1781291
CDON,1.2332383,1.1781291
KCNG3,1.2332383,1.1781291
ECM2,1.2332383,1.1781291
HIST1H4E,1.2332383,1.1781291
PDHB,1.2332383,1.1781291
SGK3,1.2332383,1.1781291
CIB1,1.2332383,1.1781291
CDK19,1.2332383,1.1781291
EIF2AK2,1.2332383,1.1781291
KIAA1522,1.2332383,1.1781291
EEF1G,1.2332383,1.1781291
DISP1,1.2332383,1.1781291
ARL4A,1.2332383,1.1781291
CCPG1,1.2332383,1.1781291
RIF1,1.2332383,1.1781291
NEUROD2,1.2332383,1.1781291
CEP128,1.2332383,1.1781291
WDR45,1.2332383,1.1781291
BTBD10,1.2332383,1.1781291
PRDX4,1.2332383,1.1781291
FKBP14,1.2332383,1.1781291
CHML,1.2332383,1.1781291
ORMDL2,1.2332383,1.1781291
UVSSA,1.2332383,1.1781291
UBE2V1,1.2332383,1.1781291
ZBTB20,1.2332383,1.1781291
VEGFB,1.2332383,1.1781291
OAF,1.2332383,1.1781291
SETD2,1.2332383,1.1781291
HSF1,1.2332383,1.1781291
CRTC2,1.2332383,1.1781291
RAD21L1,1.2332383,1.1781291
MICU2,1.2332383,1.1781291
MMP15,1.2332383,1.1781291
CRYBG3,1.2332383,1.1781291
HCAR2,1.2332383,1.1781291
CHRNA2,1.2332383,1.1781291
CCDC138,1.2332383,1.1781291
NOBOX,1.2332383,1.1781291
TBC1D23,1.2332383,1.1781291
MRRF,1.2332383,1.1781291
GALNT9,1.2332383,1.1781291
SPOUT1,1.2332383,1.1781291
HIST1H4J,1.2332383,1.1781291
ATP8B1,1.2332383,1.1781291
SLCO1B3,1.2332383,1.1781291
DCDC1,1.2332383,1.1781291
LPAR4,1.2332383,1.1781291
CNDP1,1.2332383,1.1781291
ARPC1A,1.2332383,1.1781291
PTGR1,1.2332383,1.1781291
SUCLG2,1.2332383,1.1781291
FAM149A,1.2332383,1.1781291
HSPA14,1.2332383,1.1781291
CAMK2A,1.2332383,1.1781291
WTIP,1.2332383,1.1781291
HBB,1.2332383,1.1781291
FGFRL1,1.2332383,1.1781291
SCUBE2,1.2332383,1.1781291
NFKBIL1,1.2332383,1.1781291
FAM117B,1.2332383,1.1781291
AFG1L,1.2332383,1.1781291
LRRTM3,1.2332383,1.1781291
SRP54,1.2332383,1.1781291
CD53,1.2332383,1.1781291
IGF2BP2,1.2332383,1.1781291
MRPS22,1.2332383,1.1781291
APOBEC2,1.2332383,1.1781291
CASP8,1.2332383,1.1781291
CAMLG,1.2332383,1.1781291
AHRR,1.2332383,1.1781291
KCNK6,1.2332383,1.1781291
PRMT2,1.2332383,1.1781291
CMKLR1,1.2332383,1.1781291
CNPY2,1.2332383,1.1781291
SHQ1,1.2332383,1.1781291
FAM210A,1.2332383,1.1781291
EIF5A,1.2332383,1.1781291
AVL9,1.2332383,1.1781291
PELI3,1.2332383,1.1781291
SLC25A39,1.2332383,1.1781291
ATP2B2,1.2332383,1.1781291
CCDC73,1.2332383,1.1781291
SH3BP1,1.2332383,1.1781291
SCP2,1.2332383,1.1781291
PERP,1.2332383,1.1781291
CORO6,1.2332383,1.1781291
SHD,1.2332383,1.1781291
HDAC7,1.2332383,1.1781291
HIST1H2AE,1.2332383,1.1781291
TFAP4,1.2332383,1.1781291
JDP2,1.2332383,1.1781291
RELN,1.2332383,1.1781291
SPRED3,1.2332383,1.1781291
PRDM1,1.2332383,1.1781291
POR,1.2332383,1.1781291
ZNF99,1.2332383,1.1781291
CHAF1A,1.2332383,1.1781291
GEMIN8,1.2332383,1.1781291
BANK1,1.2332383,1.1781291
AP2S1,1.2332383,1.1781291
CYP2D6,1.2332383,1.1781291
CENPV,1.2332383,1.1781291
MXD4,1.2332383,1.1781291
CACFD1,1.2332383,1.1781291
PITHD1,1.2332383,1.1781291
H2AFV,1.2332383,1.1781291
PRPF39,1.2332383,1.1781291
SGSM3,1.2332383,1.1781291
KLHL36,1.2332383,1.1781291
ASNS,1.2332383,1.1781291
INSYN1,1.2332383,1.1781291
SOCS7,1.2332383,1.1781291
SMEK2,1.2332383,1.1781291
MBD6,1.2332383,1.1781291
VWC2,1.2332383,1.1781291
PNKP,1.2332383,1.1781291
GGA3,1.2332383,1.1781291
AKR1C2,1.2332383,1.1781291
ENAM,1.2332383,1.1781291
SCIN,1.2332383,1.1781291
TTC31,1.2332383,1.1781291
LRRC27,1.2332383,1.1781291
DNAJB5,1.2332383,1.1781291
TOB1,1.2332383,1.1781291
USPL1,1.2332383,1.1781291
NKAIN1,1.2332383,1.1781291
ZNF326,1.2332383,1.1781291
SCN2B,1.2332383,1.1781291
AP1M1,1.2332383,1.1781291
DTX4,1.2332383,1.1781291
SYT3,1.2332383,1.1781291
BMX,1.2332383,1.1781291
HIST1H3B,1.2332383,1.1781291
GPR21,1.2332383,1.1781291
AP1S3,1.2332383,1.1781291
FGB,1.2332383,1.1781291
RAD51AP2,1.2332383,1.1781291
RHPN1,1.2332383,1.1781291
HIST1H4L,1.2332383,1.1781291
CCNJL,1.2332383,1.1781291
KCNMA1,1.2332383,1.1781291
PIK3CA,1.2332383,1.1781291
PIK3IP1,1.2332383,1.1781291
HHIP,1.2332383,1.1781291
CATSPER1,1.2332383,1.1781291
UBC,1.2332383,1.1781291
ADAM7,1.2332383,1.1781291
LGSN,1.2332383,1.1781291
OGFR,1.2332383,1.1781291
BHLHA9,1.2332383,1.1781291
AMER3,1.2332383,1.1781291
POLR3F,1.2332383,1.1781291
ATP23,1.2332383,1.1781291
PRMT9,1.2332383,1.1781291
SH3RF3,1.2332383,1.1781291
TNRC6B,1.2332383,1.1781291
TTC30A,1.2332383,1.1781291
TLR10,1.2332383,1.1781291
KCNH7,1.2332383,1.1781291
PDF,1.2332383,1.1781291
SNAP91,1.2332383,1.1781291
RAP1A,1.2332383,1.1781291
AKAP10,1.2332383,1.1781291
CSNK1G3,1.2332383,1.1781291
HCN2,1.2332383,1.1781291
FSHR,1.2332383,1.1781291
SPO11,1.2332383,1.1781291
INSIG2,1.2332383,1.1781291
COLEC10,1.2332383,1.1781291
TSPAN17,1.2332383,1.1781291
UBE2H,1.2332383,1.1781291
IMPACT,1.2332383,1.1781291
DLX4,1.2332383,1.1781291
ELL2,1.2332383,1.1781291
CEP85L,1.2332383,1.1781291
SIX2,1.2332383,1.1781291
EMC4,1.2332383,1.1781291
GABRB2,1.2332383,1.1781291
MAK,1.2332383,1.1781291
TAOK2,1.2332383,1.1781291
CRYGS,1.2332383,1.1781291
DNASE1L3,1.2332383,1.1781291
PDCD6,1.2332383,1.1781291
ADA,1.2332383,1.1781291
MTMR2,1.2332383,1.1781291
GPR1,1.2332383,1.1781291
LGALS8,1.2332383,1.1781291
WDR20,1.2332383,1.1781291
ALOXE3,1.2332383,1.1781291
PRKRA,1.2332383,1.1781291
AP4M1,1.2332383,1.1781291
SRRM2,1.2332383,1.1781291
UCKL1,1.2332383,1.1781291
SCN3B,1.2332383,1.1781291
PSMB10,1.2332383,1.1781291
REEP5,1.2332383,1.1781291
DYRK1B,1.2332383,1.1781291
NXNL1,1.2332383,1.1781291
ZNF790,1.2332383,1.1781291
KCTD2,1.2332383,1.1781291
ADCY9,1.2332383,1.1781291
CLIP1,1.2332383,1.1781291
HPF1,1.2332383,1.1781291
TRIP11,1.2332383,1.1781291
ADAMTS15,1.2332383,1.1781291
DTWD1,1.2332383,1.1781291
DCTN5,1.2332383,1.1781291
SLCO3A1,1.2332383,1.1781291
LARP4B,1.2332383,1.1781291
DOC2B,1.2332383,1.1781291
CD74,1.2332383,1.1781291
KCNS3,1.2332383,1.1781291
CCSER1,1.2332383,1.1781291
TMEM169,1.2332383,1.1781291
ORC3,1.2332383,1.1781291
STMN2,1.2332383,1.1781291
ITCH,1.2332383,1.1781291
RTKN,1.2332383,1.1781291
ZNF91,1.2332383,1.1781291
CDC40,1.2332383,1.1781291
CROCC2,1.2332383,1.1781291
ZNF555,1.2332383,1.1781291
PTPRR,1.2332383,1.1781291
HMGB1,1.2332383,1.1781291
C1orf127,1.2332383,1.1781291
TPD52L1,1.2332383,1.1781291
ZNF385D,1.2332383,1.1781291
B4GALNT1,1.2332383,1.1781291
HCN3,1.2332383,1.1781291
NECTIN1,1.2332383,1.1781291
SLC25A1,1.2332383,1.1781291
CALM3,1.2332383,1.1781291
NR0B2,1.2332383,1.1781291
PNLIPRP1,1.2332383,1.1781291
MAPK8IP2,1.2332383,1.1781291
TNRC6A,1.2332383,1.1781291
MPHOSPH8,1.2332383,1.1781291
NAPRT,1.2332383,1.1781291
HUNK,1.2332383,1.1781291
MRPL19,1.2332383,1.1781291
COX11,1.2332383,1.1781291
KCNN4,1.2332383,1.1781291
RNF152,1.2332383,1.1781291
DUT,1.2332383,1.1781291
SLC22A7,1.2332383,1.1781291
DDAH2,1.2332383,1.1781291
FNBP1,1.2332383,1.1781291
SLC4A5,1.2332383,1.1781291
RNF38,1.2332383,1.1781291
PEMT,1.2332383,1.1781291
SCRIB,1.2332383,1.1781291
TTC1,1.2332383,1.1781291
TFAP2C,1.2332383,1.1781291
TBX21,1.2332383,1.1781291
FGF6,1.2332383,1.1781291
NOL4L,1.2332383,1.1781291
C10orf12,1.2332383,1.1781291
LIN7A,1.2332383,1.1781291
ZBTB21,1.2332383,1.1781291
FMNL3,1.2332383,1.1781291
HMCN2,1.2332383,1.1781291
ZP4,1.2332383,1.1781291
PHACTR1,1.2332383,1.1781291
CCNB1,1.2332383,1.1781291
SLC51A,1.2332383,1.1781291
RIN2,1.2332383,1.1781291
CDC23,1.2332383,1.1781291
ELAVL3,1.2332383,1.1781291
TMEM260,1.2332383,1.1781291
RGSL1,1.2332383,1.1781291
LMO3,1.2332383,1.1781291
ASCL2,1.2332383,1.1781291
C1QL4,1.2332383,1.1781291
FAXC,1.2332383,1.1781291
PLAUR,1.2332383,1.1781291
C1R,1.2332383,1.1781291
SAMD11,1.2332383,1.1781291
MAATS1,1.2332383,1.1781291
FXN,1.2332383,1.1781291
RBM38,1.2332383,1.1781291
LRRIQ4,1.2332383,1.1781291
SENP2,1.2332383,1.1781291
ARHGAP22,1.2332383,1.1781291
TOR1B,1.2332383,1.1781291
FAAH,1.2332383,1.1781291
ZNF560,1.2332383,1.1781291
INTS14,1.2332383,1.1781291
PXN,1.2332383,1.1781291
TGM3,1.2332383,1.1781291
PSMA1,1.2332383,1.1781291
AFF3,1.2332383,1.1781291
SRSF11,1.2332383,1.1781291
RNF128,1.2332383,1.1781291
PDE11A,1.2332383,1.1781291
PLPPR4,1.2332383,1.1781291
PLPBP,1.2332383,1.1781291
HIST1H2AD,1.2332383,1.1781291
ADIPOQ,1.2332383,1.1781291
RSPH4A,1.2332383,1.1781291
ABHD17C,1.2332383,1.1781291
GABRA4,1.2332383,1.1781291
YY1,1.2332383,1.1781291
XYLB,1.2332383,1.1781291
PTDSS2,1.2332383,1.1781291
UTP6,1.2332383,1.1781291
PDE4DIP,1.2332383,1.1781291
ARL5B,1.2332383,1.1781291
EPB41L4B,1.2332383,1.1781291
SNAP29,1.2332383,1.1781291
CHRNA7,1.2332383,1.1781291
STC1,1.2332383,1.1781291
IZUMO1,1.2332383,1.1781291
CLRN1,1.2332383,1.1781291
ADAD2,1.2332383,1.1781291
CLEC14A,1.2332383,1.1781291
KCND2,1.2332383,1.1781291
PLCB1,1.2332383,1.1781291
CPSF7,1.2332383,1.1781291
ZNF226,1.2332383,1.1781291
KPNA5,1.2332383,1.1781291
VWC2L,1.2332383,1.1781291
TNFAIP3,1.2332383,1.1781291
PAF1,1.2332383,1.1781291
SGPP2,1.2332383,1.1781291
C1QTNF8,1.2332383,1.1781291
CDK7,1.2332383,1.1781291
FCHO2,1.2332383,1.1781291
ATP6V1H,1.2332383,1.1781291
GRTP1,1.2332383,1.1781291
PCTP,1.2332383,1.1781291
FOXN4,1.2332383,1.1781291
USP45,1.2332383,1.1781291
ACSM3,1.2332383,1.1781291
PTGS1,1.2332383,1.1781291
RAB14,1.2332383,1.1781291
SPRED2,1.2332383,1.1781291
AJUBA,1.2332383,1.1781291
SGK1,1.2332383,1.1781291
RECQL,1.2332383,1.1781291
ASNA1,1.2332383,1.1781291
RNF5,1.2332383,1.1781291
TLE4,1.2332383,1.1781291
MAD1L1,1.2332383,1.1781291
CDX2,1.2332383,1.1781291
NHLRC2,1.2332383,1.1781291
SP140,1.2332383,1.1781291
TMEM33,1.2332383,1.1781291
DCLK1,1.2332383,1.1781291
MOGAT3,1.2332383,1.1781291
THAP2,1.2332383,1.1781291
KDM1A,1.2332383,1.1781291
LGR5,1.2332383,1.1781291
LZTS1,1.2332383,1.1781291
MAPK15,1.2332383,1.1781291
PSMA8,1.2332383,1.1781291
DVL3,1.2332383,1.1781291
ACER2,1.2332383,1.1781291
GRIK3,1.2332383,1.1781291
SIPA1,1.2332383,1.1781291
NTN3,1.2332383,1.1781291
KLF6,1.2332383,1.1781291
MRAS,1.2332383,1.1781291
KMT2E,1.2332383,1.1781291
PBX4,1.2332383,1.1781291
PRDM6,1.2332383,1.1781291
NRROS,1.2332383,1.1781291
GIGYF2,1.2332383,1.1781291
WRAP53,1.2332383,1.1781291
BCAN,1.2332383,1.1781291
AKT1,1.2332383,1.1781291
CRLS1,1.2332383,1.1781291
ALDH3A2,1.2332383,1.1781291
MARCH8,1.2332383,1.1781291
KCTD19,1.2332383,1.1781291
NUDCD3,1.2332383,1.1781291
DNAJC2,1.2332383,1.1781291
PGAP3,1.2332383,1.1781291
REPIN1,1.2332383,1.1781291
SYTL3,1.2332383,1.1781291
FAM81B,1.2332383,1.1781291
LLGL2,1.2332383,1.1781291
STAU1,1.2332383,1.1781291
GLYR1,1.2332383,1.1781291
WDR88,1.2332383,1.1781291
KLHL14,1.2332383,1.1781291
RCBTB1,1.2332383,1.1781291
ZC3H11A,1.2332383,1.1781291
TRPC1,1.2332383,1.1781291
GSC2,1.2332383,1.1781291
MLXIP,1.2332383,1.1781291
IL7R,1.2332383,1.1781291
AGGF1,1.2332383,1.1781291
C3,1.2332383,1.1781291
GSK3B,1.2332383,1.1781291
SALL3,1.2332383,1.1781291
GRB7,1.2332383,1.1781291
OPRD1,1.2332383,1.1781291
CAPN8,1.2332383,1.1781291
PSMC4,1.2332383,1.1781291
L3MBTL3,1.2332383,1.1781291
ALDH2,1.2332383,1.1781291
HEPACAM,1.2332383,1.1781291
SUFU,1.2332383,1.1781291
ZNHIT6,1.2332383,1.1781291
PCDHA6,1.2332383,1.1781291
RAB2B,1.2332383,1.1781291
SGTA,1.2332383,1.1781291
CKAP4,1.2332383,1.1781291
CDC42,1.2332383,1.1781291
PTCH1,1.2332383,1.1781291
COPS7B,1.2332383,1.1781291
GPN2,1.2332383,1.1781291
ATF1,1.2332383,1.1781291
RAN,1.2332383,1.1781291
DDX43,1.2332383,1.1781291
IWS1,1.2332383,1.1781291
PRRG2,1.2332383,1.1781291
RALA,1.2332383,1.1781291
CAPN13,1.2332383,1.1781291
PLEKHM1,1.2332383,1.1781291
PPP4R4,1.2332383,1.1781291
NR2F6,1.2332383,1.1781291
ATIC,1.2332383,1.1781291
CLPX,1.2332383,1.1781291
USHBP1,1.2332383,1.1781291
CDKL3,1.2332383,1.1781291
ADAM8,1.2332383,1.1781291
CHM,1.2332383,1.1781291
TRA2A,1.2332383,1.1781291
ICE2,1.2332383,1.1781291
EIF4E,1.2332383,1.1781291
SERPINA9,1.2332383,1.1781291
HSP90AB1,1.2332383,1.1781291
SCN7A,1.2332383,1.1781291
JKAMP,1.2332383,1.1781291
LEO1,1.2332383,1.1781291
ACOX2,1.2332383,1.1781291
HECW2,1.2332383,1.1781291
MAPK9,1.2332383,1.1781291
PINK1,1.2332383,1.1781291
COL28A1,1.2332383,1.1781291
CD79A,1.2332383,1.1781291
TRMT61A,1.2332383,1.1781291
SCAF1,1.2332383,1.1781291
C4orf54,1.2332383,1.1781291
MTSS1L,1.2332383,1.1781291
ASAH2,1.2332383,1.1781291
COX15,1.2332383,1.1781291
TRAPPC11,1.2332383,1.1781291
HAND1,1.2332383,1.1781291
ZNF853,1.2332383,1.1781291
ANKRD1,1.2332383,1.1781291
RGMA,1.2332383,1.1781291
SH2B1,1.2332383,1.1781291
SERPINB4,1.2332383,1.1781291
HSPB6,1.2332383,1.1781291
CD81,1.2332383,1.1781291
BAAT,1.2332383,1.1781291
SLC7A7,1.2332383,1.1781291
EDC3,1.2332383,1.1781291
MYOC,1.2332383,1.1781291
VPS26A,1.2332383,1.1781291
MIEF1,1.2332383,1.1781291
VEGFC,1.2332383,1.1781291
OPRL1,1.2332383,1.1781291
SPPL3,1.2332383,1.1781291
P4HA2,1.2332383,1.1781291
KDM4B,1.2332383,1.1781291
KCNAB3,1.2332383,1.1781291
DNMT3L,1.2332383,1.1781291
BTBD6,1.2332383,1.1781291
MPP5,1.2332383,1.1781291
B4GALT7,1.2332383,1.1781291
CLDN1,1.2332383,1.1781291
TRMT1L,1.2332383,1.1781291
ASPHD2,1.2332383,1.1781291
FBXL2,1.2332383,1.1781291
BCAT1,1.2332383,1.1781291
FAM45A,1.2332383,1.1781291
LRRCC1,1.2332383,1.1781291
SF3B1,1.2332383,1.1781291
FGF2,1.2332383,1.1781291
SLC6A7,1.2332383,1.1781291
KIF5C,1.2332383,1.1781291
ATP8B3,1.2332383,1.1781291
NMT1,1.2332383,1.1781291
SCD5,1.2332383,1.1781291
PLA2G7,1.2332383,1.1781291
RAB32,1.2332383,1.1781291
TECR,1.2332383,1.1781291
CEPT1,1.2332383,1.1781291
CCSER2,1.2332383,1.1781291
RALB,1.2332383,1.1781291
PPM1D,1.2332383,1.1781291
ARID5A,1.2332383,1.1781291
SRP68,1.2332383,1.1781291
RBM12,1.2332383,1.1781291
SPON2,1.2332383,1.1781291
SH3D19,1.2332383,1.1781291
CHRNG,1.2332383,1.1781291
COMTD1,1.2332383,1.1781291
ME3,1.2332383,1.1781291
DGCR8,1.2332383,1.1781291
HSPD1,1.2332383,1.1781291
RAD23B,1.2332383,1.1781291
STK16,1.2332383,1.1781291
IL10RA,1.2332383,1.1781291
ZC2HC1C,1.2332383,1.1781291
DUS3L,1.2332383,1.1781291
NME6,1.2332383,1.1781291
HS3ST3A1,1.2332383,1.1781291
PIM1,1.2332383,1.1781291
LONP1,1.2332383,1.1781291
CA5A,1.2332383,1.1781291
PEX2,1.2332383,1.1781291
SH3YL1,1.2332383,1.1781291
LRRC70,1.2332383,1.1781291
KIF21A,1.2332383,1.1781291
ASZ1,1.2332383,1.1781291
ZNF583,1.2332383,1.1781291
DCAF1,1.2332383,1.1781291
TBCC,1.2332383,1.1781291
ANKRD13A,1.2332383,1.1781291
INHA,1.2332383,1.1781291
RBBP8,1.2332383,1.1781291
CDH7,1.2332383,1.1781291
LNX2,1.2332383,1.1781291
CNKSR1,1.2332383,1.1781291
ME2,1.2332383,1.1781291
SLC27A3,1.2332383,1.1781291
RMND5A,1.2332383,1.1781291
PLEKHF1,1.2332383,1.1781291
GLIS3,1.2332383,1.1781291
AGPAT4,1.2332383,1.1781291
FBXO42,1.2332383,1.1781291
DGKE,1.2332383,1.1781291
CA12,1.2332383,1.1781291
C9orf3,1.2332383,1.1781291
RBM48,1.2332383,1.1781291
ESCO1,1.2332383,1.1781291
SPOCK3,1.2332383,1.1781291
DXO,1.2332383,1.1781291
PPP1R3A,1.2332383,1.1781291
MROH8,1.2332383,1.1781291
CTSV,1.2332383,1.1781291
ENDOG,1.2332383,1.1781291
TSSK2,1.2332383,1.1781291
PM20D1,1.2332383,1.1781291
THRB,1.2332383,1.1781291
ARHGAP30,1.2332383,1.1781291
BEGAIN,1.2332383,1.1781291
NEDD9,1.2332383,1.1781291
RHOB,1.2332383,1.1781291
ECE1,1.2332383,1.1781291
ERP44,1.2332383,1.1781291
REXO1,1.2332383,1.1781291
PDSS2,1.2332383,1.1781291
ANOS1,1.2332383,1.1781291
SEC62,1.2332383,1.1781291
PEPD,1.2332383,1.1781291
MRVI1,1.2332383,1.1781291
RAB11FIP2,1.2332383,1.1781291
FKBPL,1.2332383,1.1781291
FOXO3,1.2332383,1.1781291
E2F2,1.2332383,1.1781291
ARHGAP20,1.2332383,1.1781291
ACD,1.2332383,1.1781291
BEST3,1.2332383,1.1781291
SYDE1,1.2332383,1.1781291
PSMD3,1.2332383,1.1781291
SLC22A11,1.2332383,1.1781291
NT5C3A,1.2332383,1.1781291
LIPT2,1.2332383,1.1781291
TANGO2,1.2332383,1.1781291
SCO2,1.2332383,1.1781291
NAPB,1.2332383,1.1781291
TRAPPC13,1.2332383,1.1781291
SUPV3L1,1.2332383,1.1781291
SPR,1.2332383,1.1781291
HEATR1,1.2332383,1.1781291
YWHAG,1.2332383,1.1781291
JAKMIP1,1.2332383,1.1781291
NOP53,1.2332383,1.1781291
MTAP,1.2332383,1.1781291
ALDH6A1,1.2332383,1.1781291
CSNK2A1,1.2332383,1.1781291
SIRT6,1.2332383,1.1781291
NLGN2,1.2332383,1.1781291
MMP8,1.2332383,1.1781291
MORC1,1.2332383,1.1781291
PRKACB,1.2332383,1.1781291
DRD1,1.2332383,1.1781291
AGMO,1.2332383,1.1781291
CCAR2,1.2332383,1.1781291
LMBRD2,1.2332383,1.1781291
FBXW10,1.2332383,1.1781291
CFAP298,1.2332383,1.1781291
IST1,1.2332383,1.1781291
DARS,1.2332383,1.1781291
PDS5A,1.2332383,1.1781291
BCAR1,1.2332383,1.1781291
MSX2,1.2332383,1.1781291
ETS2,1.2332383,1.1781291
ESS2,1.2332383,1.1781291
OGA,1.2332383,1.1781291
OTOP1,1.2332383,1.1781291
GGT1,1.2332383,1.1781291
LPAR2,1.2332383,1.1781291
MAU2,1.2332383,1.1781291
DUSP27,1.2332383,1.1781291
UGT2B15,1.2332383,1.1781291
ZBTB7C,1.2332383,1.1781291
EPHA10,1.2332383,1.1781291
STARD7,1.2332383,1.1781291
PQLC1,1.2332383,1.1781291
MLX,1.2332383,1.1781291
FST,1.2332383,1.1781291
TPST1,1.2332383,1.1781291
ZKSCAN1,1.2332383,1.1781291
CHRND,1.2332383,1.1781291
KBTBD2,1.2332383,1.1781291
PLPPR1,1.2332383,1.1781291
TXNRD1,1.2332383,1.1781291
ARID5B,1.2332383,1.1781291
PKDCC,1.2332383,1.1781291
RDH16,1.2332383,1.1781291
MORC4,1.2332383,1.1781291
C16orf72,1.2332383,1.1781291
MLEC,1.2332383,1.1781291
FGL1,1.2332383,1.1781291
TRIM5,1.2332383,1.1781291
NPAT,1.2332383,1.1781291
SPSB1,1.2332383,1.1781291
OVCH1,1.2332383,1.1781291
GLCCI1,1.2332383,1.1781291
CLCA2,1.2332383,1.1781291
CAPN14,1.2332383,1.1781291
TUBGCP4,1.2332383,1.1781291
CDHR3,1.2332383,1.1781291
LSAMP,1.2332383,1.1781291
SLC6A2,1.2332383,1.1781291
EFTUD2,1.2332383,1.1781291
NFIB,1.2332383,1.1781291
ZBTB2,1.2332383,1.1781291
VEZF1,1.2332383,1.1781291
GIPC3,1.2332383,1.1781291
SSTR3,1.2332383,1.1781291
FAM117A,1.2332383,1.1781291
ETHE1,1.2332383,1.1781291
CPT1B,1.2332383,1.1781291
ZNF618,1.2332383,1.1781291
PREP,1.2332383,1.1781291
RND2,1.2332383,1.1781291
BMP3,1.2332383,1.1781291
BRINP3,1.2332383,1.1781291
MED25,1.2332383,1.1781291
SGCG,1.2332383,1.1781291
TMEM266,1.2332383,1.1781291
MYRFL,1.2332383,1.1781291
CPA1,1.2332383,1.1781291
RORC,1.2332383,1.1781291
NIPAL2,1.2332383,1.1781291
PWWP2B,1.2332383,1.1781291
ATP6V1C1,1.2332383,1.1781291
ITGB3,1.2332383,1.1781291
TECTB,1.2332383,1.1781291
CACNA1H,1.2332383,1.1781291
PDIA6,1.2332383,1.1781291
PCDHGA6,1.2332383,1.1781291
CDK16,1.2332383,1.1781291
PTPN11,1.2332383,1.1781291
PCDHA13,1.2332383,1.1781291
IMMT,1.2332383,1.1781291
SEC24C,1.2332383,1.1781291
CEP295,1.2332383,1.1781291
CEP41,1.2332383,1.1781291
PFKFB2,1.2332383,1.1781291
AK8,1.2332383,1.1781291
HNRNPK,1.2332383,1.1781291
CFI,1.2332383,1.1781291
TWF1,1.2332383,1.1781291
GOLGA6L2,1.2332383,1.1781291
LRIT3,1.2332383,1.1781291
CKM,1.2332383,1.1781291
HIBCH,1.2332383,1.1781291
SEPT7,1.2332383,1.1781291
NKIRAS2,1.2332383,1.1781291
PIGG,1.2332383,1.1781291
PLA2G4F,1.2332383,1.1781291
ANKMY1,1.2332383,1.1781291
BCL9,1.2332383,1.1781291
KIF1BP,1.2332383,1.1781291
ONECUT1,1.2332383,1.1781291
CA14,1.2332383,1.1781291
GATA4,1.2332383,1.1781291
SYT2,1.2332383,1.1781291
PAX2,1.2332383,1.1781291
ATP2A1,1.2332383,1.1781291
PRDM14,1.2332383,1.1781291
SMARCD1,1.2332383,1.1781291
TET2,1.2332383,1.1781291
CUL4B,1.2332383,1.1781291
CAMK1D,1.2332383,1.1781291
AARSD1,1.2332383,1.1781291
MX1,1.2332383,1.1781291
TRIM27,1.2332383,1.1781291
AGPAT2,1.2332383,1.1781291
ATP1A3,1.2332383,1.1781291
REEP4,1.2332383,1.1781291
ATG9A,1.2332383,1.1781291
TSPAN5,1.2332383,1.1781291
PDGFD,1.2332383,1.1781291
SLC26A4,1.2332383,1.1781291
EFR3B,1.2332383,1.1781291
HEYL,1.2332383,1.1781291
ZNF423,1.2332383,1.1781291
PUS1,1.2332383,1.1781291
BPNT1,1.2332383,1.1781291
SEMA6A,1.2332383,1.1781291
OFD1,1.2332383,1.1781291
VILL,1.2332383,1.1781291
ADAM18,1.2332383,1.1781291
VPS8,1.2332383,1.1781291
SLC25A26,1.2332383,1.1781291
PDE4C,1.2332383,1.1781291
SRGAP3,1.2332383,1.1781291
CUL1,1.2332383,1.1781291
ARHGAP26,1.2332383,1.1781291
EPOR,1.2332383,1.1781291
ZBTB39,1.2332383,1.1781291
ARNTL,1.2332383,1.1781291
WDFY1,1.2332383,1.1781291
NFKB1,1.2332383,1.1781291
PAX8,1.2332383,1.1781291
SDR39U1,1.2332383,1.1781291
RAB11FIP5,1.2332383,1.1781291
DNAJC10,1.2332383,1.1781291
TSPAN14,1.2332383,1.1781291
CMTR2,1.2332383,1.1781291
PSMC2,1.2332383,1.1781291
GALNS,1.2332383,1.1781291
ACVR1B,1.2332383,1.1781291
CADM1,1.2332383,1.1781291
MMADHC,1.2332383,1.1781291
GALNT5,1.2332383,1.1781291
EXD1,1.2332383,1.1781291
EPHX1,1.2332383,1.1781291
PLEKHA1,1.2332383,1.1781291
TRIB2,1.2332383,1.1781291
TLR2,1.2332383,1.1781291
CLDN19,1.2332383,1.1781291
HSP90AA1,1.2332383,1.1781291
ZC3H18,1.2332383,1.1781291
NR1H3,1.2332383,1.1781291
RUNX2,1.2332383,1.1781291
NHLRC1,1.2332383,1.1781291
CDK9,1.2332383,1.1781291
MTCH1,1.2332383,1.1781291
COG5,1.2332383,1.1781291
MAK16,1.2332383,1.1781291
TRPV5,1.2332383,1.1781291
CORO1A,1.2332383,1.1781291
MAB21L1,1.2332383,1.1781291
MSANTD2,1.2332383,1.1781291
ZNRF3,1.2332383,1.1781291
RHBDL3,1.2332383,1.1781291
IFT80,1.2332383,1.1781291
CDKL5,1.2332383,1.1781291
CTPS1,1.2332383,1.1781291
GDF10,1.2332383,1.1781291
CC2D1A,1.2332383,1.1781291
RBM19,1.2332383,1.1781291
C16orf70,1.2332383,1.1781291
UBA7,1.2332383,1.1781291
DSG3,1.2332383,1.1781291
CHST2,1.2332383,1.1781291
POU6F1,1.2332383,1.1781291
RACGAP1,1.2332383,1.1781291
SERPINE2,1.2332383,1.1781291
CEP131,1.2332383,1.1781291
TRIM55,1.2332383,1.1781291
MYH14,1.2332383,1.1781291
STK40,1.2332383,1.1781291
OTOL1,1.2332383,1.1781291
ZNF224,1.2332383,1.1781291
SH3GL1,1.2332383,1.1781291
FAM214B,1.2332383,1.1781291
NEXMIF,1.2332383,1.1781291
NCBP1,1.2332383,1.1781291
ASB15,1.2332383,1.1781291
CDT1,1.2332383,1.1781291
PCDHGA11,1.2332383,1.1781291
TBX10,1.2332383,1.1781291
SEMA5B,1.2332383,1.1781291
SMOC2,1.2332383,1.1781291
IQCC,1.2332383,1.1781291
IFT88,1.2332383,1.1781291
ONECUT2,1.2332383,1.1781291
ANGPTL7,1.2332383,1.1781291
UPF1,1.2332383,1.1781291
POFUT2,1.2332383,1.1781291
AHR,1.2332383,1.1781291
FBXW11,1.2332383,1.1781291
RFC5,1.2332383,1.1781291
FLVCR1,1.2332383,1.1781291
AGBL2,1.2332383,1.1781291
ST13,1.2332383,1.1781291
KIAA0930,1.2332383,1.1781291
FILIP1L,1.2332383,1.1781291
SLC26A7,1.2332383,1.1781291
TM7SF3,1.2332383,1.1781291
SLC6A5,1.2332383,1.1781291
CEP162,1.2332383,1.1781291
FOXO1,1.2332383,1.1781291
SHCBP1,1.2332383,1.1781291
ZNF596,1.2332383,1.1781291
CA10,1.2332383,1.1781291
HMGCS2,1.2332383,1.1781291
KLHDC3,1.2332383,1.1781291
GNB4,1.2332383,1.1781291
ZNF879,1.2332383,1.1781291
TTC34,1.2332383,1.1781291
CRYBB3,1.2332383,1.1781291
SLC25A15,1.2332383,1.1781291
NPL,1.2332383,1.1781291
KIAA1107,1.2332383,1.1781291
RCCD1,1.2332383,1.1781291
PPP2R1A,1.2332383,1.1781291
GNB1,1.2332383,1.1781291
INPP5B,1.2332383,1.1781291
CNOT11,1.2332383,1.1781291
MAN1B1,1.2332383,1.1781291
ASXL2,1.2332383,1.1781291
LIFR,1.2332383,1.1781291
WDR34,1.2332383,1.1781291
ADAM23,1.2332383,1.1781291
LMNB1,1.2332383,1.1781291
ZEB1,1.2332383,1.1781291
R3HDM2,1.2332383,1.1781291
PYROXD1,1.2332383,1.1781291
NCK2,1.2332383,1.1781291
FAM129B,1.2332383,1.1781291
AASDH,1.2332383,1.1781291
SIRT5,1.2332383,1.1781291
ZBTB37,1.2332383,1.1781291
MORC3,1.2332383,1.1781291
SMARCD2,1.2332383,1.1781291
XPC,1.2332383,1.1781291
ACSS2,1.2332383,1.1781291
GPHN,1.2332383,1.1781291
CDK5R1,1.2332383,1.1781291
HS3ST1,1.2332383,1.1781291
CTNNA3,1.2332383,1.1781291
RP1L1,1.2332383,1.1781291
HEY1,1.2332383,1.1781291
AFAP1L1,1.2332383,1.1781291
PRNP,1.2332383,1.1781291
HADH,1.2332383,1.1781291
ZC3H3,1.2332383,1.1781291
STK38L,1.2332383,1.1781291
SLC25A38,1.2332383,1.1781291
TIMP3,1.2332383,1.1781291
KCNJ15,1.2332383,1.1781291
ADAM33,1.2332383,1.1781291
DSC1,1.2332383,1.1781291
NUDCD1,1.2332383,1.1781291
TOP2B,1.2332383,1.1781291
SGCD,1.2332383,1.1781291
DTX1,1.2332383,1.1781291
ISM2,1.2332383,1.1781291
RUBCN,1.2332383,1.1781291
UBE3C,1.2332383,1.1781291
KCTD9,1.2332383,1.1781291
VCPIP1,1.2332383,1.1781291
HMGCL,1.2332383,1.1781291
AGPS,1.2332383,1.1781291
ANKFN1,1.2332383,1.1781291
SLC7A5,1.2332383,1.1781291
NPAS1,1.2332383,1.1781291
NDUFV1,1.2332383,1.1781291
EXOC6,1.2332383,1.1781291
TEKT3,1.2332383,1.1781291
AP4E1,1.2332383,1.1781291
CHST9,1.2332383,1.1781291
GMIP,1.2332383,1.1781291
MYO1D,1.2332383,1.1781291
RAF1,1.2332383,1.1781291
CORO1B,1.2332383,1.1781291
NDRG4,1.2332383,1.1781291
ARHGEF37,1.2332383,1.1781291
RDH8,1.2332383,1.1781291
EXOC7,1.2332383,1.1781291
TRAF2,1.2332383,1.1781291
PKD2L1,1.2332383,1.1781291
PDIA4,1.2332383,1.1781291
ATG4B,1.2332383,1.1781291
WISP1,1.2332383,1.1781291
DNAJA2,1.2332383,1.1781291
TTK,1.2332383,1.1781291
KHK,1.2332383,1.1781291
ZNF608,1.2332383,1.1781291
PLEKHA8,1.2332383,1.1781291
TRAM2,1.2332383,1.1781291
DPP3,1.2332383,1.1781291
ZNF667,1.2332383,1.1781291
APBB3,1.2332383,1.1781291
RFX7,1.2332383,1.1781291
BRSK1,1.2332383,1.1781291
HOMER2,1.2332383,1.1781291
DPP4,1.2332383,1.1781291
DLX3,1.2332383,1.1781291
GATA2,1.2332383,1.1781291
UNC80,1.2332383,1.1781291
HNRNPA3,1.2332383,1.1781291
MAP2K5,1.2332383,1.1781291
OTOP3,1.2332383,1.1781291
C20orf194,1.2332383,1.1781291
EPS15L1,1.2332383,1.1781291
ADAMTSL5,1.2332383,1.1781291
PLCD4,1.2332383,1.1781291
TKFC,1.2332383,1.1781291
CERK,1.2332383,1.1781291
WNT16,1.2332383,1.1781291
NTN1,1.2332383,1.1781291
RCC2,1.2332383,1.1781291
WDR27,1.2332383,1.1781291
RARA,1.2332383,1.1781291
PUM1,1.2332383,1.1781291
AR,1.2332383,1.1781291
TTLL1,1.2332383,1.1781291
MRPL2,1.2332383,1.1781291
CSNK2A2,1.2332383,1.1781291
ECT2,1.2332383,1.1781291
LDLRAD3,1.2332383,1.1781291
MMP25,1.2332383,1.1781291
CHD3,1.2332383,1.1781291
MYO19,1.2332383,1.1781291
ITFG2,1.2332383,1.1781291
TMTC2,1.2332383,1.1781291
PDK2,1.2332383,1.1781291
AGPAT5,1.2332383,1.1781291
SLC22A8,1.2332383,1.1781291
IRF1,1.2332383,1.1781291
PHF21B,1.2332383,1.1781291
TMEM201,1.2332383,1.1781291
SIPA1L2,1.2332383,1.1781291
GHDC,1.2332383,1.1781291
LAMB1,1.2332383,1.1781291
DLGAP4,1.2332383,1.1781291
TRIM23,1.2332383,1.1781291
HNRNPR,1.2332383,1.1781291
AMHR2,1.2332383,1.1781291
PKNOX2,1.2332383,1.1781291
WDHD1,1.2332383,1.1781291
RASSF8,1.2332383,1.1781291
IGF2R,1.2332383,1.1781291
TRIT1,1.2332383,1.1781291
HOXD9,1.2332383,1.1781291
PPP4R3A,1.2332383,1.1781291
OPTN,1.2332383,1.1781291
GPCPD1,1.2332383,1.1781291
LDB2,1.2332383,1.1781291
C2,1.2332383,1.1781291
ACY1,1.2332383,1.1781291
SLC6A19,1.2332383,1.1781291
SH3KBP1,1.2332383,1.1781291
LRP6,1.2332383,1.1781291
MFSD10,1.2332383,1.1781291
EFNB3,1.2332383,1.1781291
RRBP1,1.2332383,1.1781291
LVRN,1.2332383,1.1781291
CDC73,1.2332383,1.1781291
TAPT1,1.2332383,1.1781291
KDM3B,1.2332383,1.1781291
IQUB,1.2332383,1.1781291
ACO2,1.2332383,1.1781291
FAM91A1,1.2332383,1.1781291
VPS39,1.2332383,1.1781291
LINGO2,1.2332383,1.1781291
AGO3,1.2332383,1.1781291
SEC14L1,1.2332383,1.1781291
KIF2C,1.2332383,1.1781291
PTDSS1,1.2332383,1.1781291
KIF3C,1.2332383,1.1781291
TUT1,1.2332383,1.1781291
PRKAR2A,1.2332383,1.1781291
GDAP2,1.2332383,1.1781291
PAXIP1-AS2,1.2332383,1.1781291
PPIAL4G,1.2332383,1.1781291
PRAMEF8,1.2332383,1.1781291
GAGE13,1.2332383,1.1781291
SPDYE2B,1.2332383,1.1781291
DEFB105A,1.2332383,1.1781291
PABPC1L2B,1.2332383,1.1781291
DEFB106B,1.2332383,1.1781291
RIMBP3C,1.2332383,1.1781291
DMRTC1B,1.2332383,1.1781291
SSX2,1.2332383,1.1781291
GAGE2E,1.2332383,1.1781291
DEFB104B,1.2332383,1.1781291
CFC1B,1.2332383,1.1781291
SLX1B,1.2332383,1.1781291
DEFB106A,1.2332383,1.1781291
GATD3A,1.2332383,1.1781291
PPP3CA,1.2332383,1.1781291
PNMA6A,1.2332383,1.1781291
CT45A3,1.2332383,1.1781291
PABPC1L2A,1.2332383,1.1781291
EIF3CL,1.2332383,1.1781291
GOLGA5,1.2332383,1.1781291
NPIPA8,1.2332383,1.1781291
UBE2Q2L,1.2332383,1.1781291
U2AF1,1.2332383,1.1781291
DEFB104A,1.2332383,1.1781291
DEFB4B,1.2332383,1.1781291
MRPL23,1.2332383,1.1781291
AL627171.2,1.2332383,1.1781291
F8A1,1.2332383,1.1781291
NPIPA2,1.2332383,1.1781291
SQSTM1,1.2332383,1.1781291
GRID2IP,1.2332383,1.1781291
SSX4B,1.2332383,1.1781291
SPANXA2,1.2332383,1.1781291
BHLHE22,1.2332383,1.1781291
SIK1,1.2332383,1.1781291
VARS,1.2332383,1.1781291
ADCY3,1.2332383,1.1781291
CT47A6,1.2332383,1.1781291
HDAC5,1.2332383,1.1781291
PKNOX1,1.2332383,1.1781291
AMY1B,1.2332383,1.1781291
CT45A6,1.2332383,1.1781291
RIMBP3B,1.2332383,1.1781291
ZNF705D,1.2332383,1.1781291
PRODH,1.2332383,1.1781291
PRCP,1.2332383,1.1781291
RP11-849H4.2,1.2332383,1.1781291
AL603965.1,1.2332383,1.1781291
GOLGA6L4,1.2332383,1.1781291
UBAP2,1.2332383,1.1781291
HOGA1,1.2332383,1.1781291
CPA6,1.2332383,1.1781291
TBC1D3C,1.2332383,1.1781291
AC010441.1,1.2332383,1.1781291
GSTT2,1.2332383,1.1781291
PRAMEF11,1.2332383,1.1781291
DMRTC1,1.2332383,1.1781291
CEBPZOS,1.2332383,1.1781291
PWP2,1.2332383,1.1781291
ST3GAL3,1.2332383,1.1781291
AP002956.1,1.2332383,1.1781291
GAGE12H,1.2332383,1.1781291
TBX22,1.2332383,1.1781291
MTRNR2L5,1.2332383,1.1781291
ARL17A,1.2332383,1.1781291
RP11-279O9.4,1.2332383,1.1781291
DPH1,1.2332383,1.1781291
AC073569.1,1.2332383,1.1781291
PRPF40A,1.2332383,1.1781291
AL162424.1,1.2332383,1.1781291
C16orf47,1.2332383,1.1781291
AL591684.1,1.2332383,1.1781291
NOTCH2NL,1.2332383,1.1781291
AC020922.1,1.2332383,1.1781291
MIRLET7BHG,1.2332383,1.1781291
RP11-131H24.4,1.2332383,1.1781291
SPATA31A7,1.2332383,1.1781291
ZNF595,1.2332383,1.1781291
RGPD5,1.2332383,1.1781291
H2AFB1,1.2332383,1.1781291
CRYAA,1.2332383,1.1781291
AC137932.1,1.2332383,1.1781291
ARVCF,1.2332383,1.1781291
ME1,1.2332383,1.1781291
UBAP2L,1.2332383,1.1781291
DNAH10OS,1.2332383,1.1781291
SULT1A4,1.2332383,1.1781291
ELOA3,1.2332383,1.1781291
NBPF9,1.2332383,1.1781291
FLJ20306,1.2332383,1.1781291
AC009802.1,1.2332383,1.1781291
STRIP1,1.2332383,1.1781291
HSFX2,1.2332383,1.1781291
NPIPB3,1.2332383,1.1781291
IRAK2,1.2332383,1.1781291
NCAPH,1.2332383,1.1781291
DEFA3,1.2332383,1.1781291
PRDM9,1.2332383,1.1781291
PRAMEF9,1.2332383,1.1781291
AC018816.3,1.2332383,1.1781291
AP1B1,1.2332383,1.1781291
CTBP2,1.2332383,1.1781291
NXF2B,1.2332383,1.1781291
AC026310.1,1.2332383,1.1781291
KIAA1551,1.2332383,1.1781291
MTRNR2L7,1.2332383,1.1781291
AL583828.1,1.2332383,1.1781291
AC121757.1,1.2332383,1.1781291
FAM25G,1.2332383,1.1781291
C14orf132,1.2332383,1.1781291
DEFB4A,1.2332383,1.1781291
ZNF705B,1.2332383,1.1781291
SLC7A8,1.2332383,1.1781291
AL035406.1,1.2332383,1.1781291
AC090616.2,1.2332383,1.1781291
RGPD6,1.2332383,1.1781291
AL161645.2,1.2332383,1.1781291
CBS,1.2332383,1.1781291
ERVMER34-1,1.2332383,1.1781291
KCNE1,1.2332383,1.1781291
ATN1,1.2332383,1.1781291
MPO,1.2332383,1.1781291
AL035588.1,1.2332383,1.1781291
HSFX1,1.2332383,1.1781291
ERVV-1,1.2332383,1.1781291
BTBD9,1.2332383,1.1781291
RP11-712L6.5,1.2332383,1.1781291
CDK10,1.2332383,1.1781291
AC004466.1,1.2332383,1.1781291
MNT,1.2332383,1.1781291
AC011308.1,1.2332383,1.1781291
CT45A1,1.2332383,1.1781291
KRT6C,1.2332383,1.1781291
CTAGE4,1.2332383,1.1781291
TCEB3CL,1.2332383,1.1781291
NBPF14,1.2332383,1.1781291
TBC1D1,1.2332383,1.1781291
TCEB3CL2,1.2332383,1.1781291
C1orf147,1.2332383,1.1781291
ARIH1,1.2332383,1.1781291
POLR2J2,1.2332383,1.1781291
RP11-144F15.1,1.2332383,1.1781291
GOLGA8B,1.2332383,1.1781291
USP33,1.2332383,1.1781291
SPDYE2,1.2332383,1.1781291
RP11-321M21.3,1.2332383,1.1781291
ANKRD20A2,1.2332383,1.1781291
EZR,1.2332383,1.1781291
NBPF16,1.2332383,1.1781291
LRRC37A,1.2332383,1.1781291
BCLAF1,1.2332383,1.1781291
LCE3C,1.2332383,1.1781291
AP1G2,1.2332383,1.1781291
AC018867.2,1.2332383,1.1781291
RFPL3S,1.2332383,1.1781291
SMN2,1.2332383,1.1781291
OPN1MW,1.2332383,1.1781291
AC103801.2,1.2332383,1.1781291
GOLGA8N,1.2332383,1.1781291
AMY1A,1.2332383,1.1781291
NEBL,1.2332383,1.1781291
AL590714.1,1.2332383,1.1781291
DYRK3,1.2332383,1.1781291
SULT1A3,1.2332383,1.1781291
DDTL,1.2332383,1.1781291
KRT80,1.2332383,1.1781291
JADE2,1.2332383,1.1781291
DNAH17-AS1,1.2332383,1.1781291
AL589765.1,1.2332383,1.1781291
RP11-1055B8.6,1.2332383,1.1781291
TUBAL3,1.2332383,1.1781291
NPIPB9,1.2332383,1.1781291
LGALS7,1.2332383,1.1781291
RP11-156E8.1,1.2332383,1.1781291
AC037199.1,1.2332383,1.1781291
FGF8,1.2332383,1.1781291
CTD-2215E18.1,1.2332383,1.1781291
RP11-80A15.1,1.2332383,1.1781291
ABCE1,1.2332383,1.1781291
ANKRD20A1,1.2332383,1.1781291
PPIAL4B,1.2332383,1.1781291
FBXO10,1.2332383,1.1781291
MTRNR2L4,1.2332383,1.1781291
GOLGA6L10,1.2332383,1.1781291
EFCAB10,1.2332383,1.1781291
OSBPL8,1.2332383,1.1781291
DDX39B,1.2332383,1.1781291
TBC1D3,1.2332383,1.1781291
ZRANB2,1.2332383,1.1781291
AC112205.1,1.2332383,1.1781291
FAM25C,1.2332383,1.1781291
AL136376.1,1.2332383,1.1781291
ACTR5,1.2332383,1.1781291
FLJ00418,1.2332383,1.1781291
EEF1A1,1.2332383,1.1781291
AC073342.1,1.2332383,1.1781291
FNBP4,1.2332383,1.1781291
CTAGE8,1.2332383,1.1781291
ARMC4,1.2332383,1.1781291
AL360181.1,1.2332383,1.1781291
GOLGA8O,1.2332383,1.1781291
POTEB,1.2332383,1.1781291
SCGB1C1,1.2332383,1.1781291
RHOXF2B,1.2332383,1.1781291
RP11-1055B8.7,1.2332383,1.1781291
BEND3,1.2332383,1.1781291
KRTAP21-3,1.2332383,1.1781291
MICU3,1.2332383,1.1781291
IGIP,1.2332383,1.1781291
NPIPA1,1.2332383,1.1781291
CAPN15,1.2332383,1.1781291
AC022400.2,1.2332383,1.1781291
GAGE12I,1.2332383,1.1781291
HDGFL2,1.2332383,1.1781291
AC079210.1,1.2332383,1.1781291
SLN,1.2332383,1.1781291
FADS3,1.2332383,1.1781291
SMIM3,1.2332383,1.1781291
OST4,1.2332383,1.1781291
RBL1,1.2332383,1.1781291
SPANXC,1.2332383,1.1781291
SPHAR,1.2332383,1.1781291
ARID4B,1.2332383,1.1781291
SLX1A,1.2332383,1.1781291
KRT81,1.2332383,1.1781291
GTF2H2C,1.2332383,1.1781291
SSX4,1.2332383,1.1781291
KRTAP22-2,1.2332383,1.1781291
RP11-867G23.8,1.2332383,1.1781291
AL022328.1,1.2332383,1.1781291
UPK3BL1,1.2332383,1.1781291
C17orf77,1.2332383,1.1781291
HILPDA,1.2332383,1.1781291
AC012123.1,1.2332383,1.1781291
ATP12A,1.2332383,1.1781291
AC061992.1,1.2332383,1.1781291
PRAMEF7,1.2332383,1.1781291
KCNU1,1.2332383,1.1781291
ST20,1.2332383,1.1781291
KDM4C,1.2332383,1.1781291
AC093157.1,1.2332383,1.1781291
AP000758.1,1.2332383,1.1781291
ALOX12-AS1,1.2332383,1.1781291
GAGE1,1.2332383,1.1781291
SMN1,1.2332383,1.1781291
AL161784.1,1.2332383,1.1781291
DDT,1.2332383,1.1781291
COX8C,1.2332383,1.1781291
OCLM,1.2332383,1.1781291
RASA4B,1.2332383,1.1781291
VCX3B,1.2332383,1.1781291
ERVV-2,1.2332383,1.1781291
TCP11X2,1.2332383,1.1781291
LCE3B,1.2332383,1.1781291
DEFB108B,1.2332383,1.1781291
CHTF8,1.2332383,1.1781291
LGALS7B,1.2332383,1.1781291
TPRX2P,1.2332383,1.1781291
STEAP3,1.2332383,1.1781291
BRCA1,1.2332383,1.1781291
CLK2,1.2332383,1.1781291
FAM72D,1.2332383,1.1781291
FSD2,1.2332383,1.1781291
LUZP6,1.2332383,1.1781291
PGA3,1.2332383,1.1781291
CCDC66,1.2332383,1.1781291
GAPVD1,1.2332383,1.1781291
UNK,1.2332383,1.1781291
NPEPL1,1.2332383,1.1781291
KRT35,1.2332383,1.1781291
RPL39,1.2332383,1.1781291
EIF5AL1,1.2332383,1.1781291
HMHB1,1.2332383,1.1781291
PRAMEF5,1.2332383,1.1781291
RGPD1,1.2332383,1.1781291
AC174470.1,1.2332383,1.1781291
ACSF3,1.2332383,1.1781291
EIF5,1.2332383,1.1781291
DDC,1.2332383,1.1781291
MPEG1,1.2332383,1.1781291
POTED,1.2332383,1.1781291
VCX3A,1.2332383,1.1781291
GOLGA6L1,1.2332383,1.1781291
LRFN5,1.2332383,1.1781291
CD52,1.2332383,1.1781291
FBXO24,1.2332383,1.1781291
CRELD1,1.2332383,1.1781291
KRTAP23-1,1.2332383,1.1781291
ARHGEF35,1.2332383,1.1781291
KRTAP20-3,1.2332383,1.1781291
ZC3H12A,1.2332383,1.1781291
HECTD2,1.2332383,1.1781291
RBM45,1.2332383,1.1781291
MSC-AS1,1.2332383,1.1781291
COX8A,1.2332383,1.1781291
STMP1,1.2332383,1.1781291
NPY4R,1.2332383,1.1781291
SCGB3A2,1.2332383,1.1781291
AC114494.1,1.2332383,1.1781291
XKR6,1.2332383,1.1781291
GOLGA8A,1.2332383,1.1781291
C8orf59,1.2332383,1.1781291
CSNK1E,1.2332383,1.1781291
GTF2H2,1.2332383,1.1781291
USO1,1.2332383,1.1781291
LZTR1,1.2332383,1.1781291
SPACA5B,1.2332383,1.1781291
SMIM10,1.2332383,1.1781291
AC026407.1,1.2332383,1.1781291
KBTBD4,1.2332383,1.1781291
FZD8,1.2332383,1.1781291
C2orf48,1.2332383,1.1781291
PODN,1.2332383,1.1781291
KCNA10,1.2332383,1.1781291
TP53TG3D,1.2332383,1.1781291
DAO,1.2332383,1.1781291
OXR1,1.2332383,1.1781291
GAGE12J,1.2332383,1.1781291
MYRF,1.2332383,1.1781291
PPIAL4A,1.2332383,1.1781291
UMODL1-AS1,1.2332383,1.1781291
KRTAP22-1,1.2332383,1.1781291
ZZZ3,1.2332383,1.1781291
TNFRSF21,1.2332383,1.1781291
MT1HL1,1.2332383,1.1781291
SLC45A1,1.2332383,1.1781291
ZNF263,1.2332383,1.1781291
AXL,1.2332383,1.1781291
SPANXN5,1.2332383,1.1781291
FOXF1,1.2332383,1.1781291
UQCRC1,1.2332383,1.1781291
KRTAP19-2,1.2332383,1.1781291
FAM13C,1.2332383,1.1781291
ENHO,1.2332383,1.1781291
KRTAP19-6,1.2332383,1.1781291
CRHR1,1.2332383,1.1781291
KRTAP8-1,1.2332383,1.1781291
C15orf65,1.2332383,1.1781291
VCX2,1.2332383,1.1781291
PHGR1,1.2332383,1.1781291
ICOSLG,1.2332383,1.1781291
AC110615.1,1.2332383,1.1781291
KAAG1,1.2332383,1.1781291
RGPD2,1.2332383,1.1781291
SFTA2,1.2332383,1.1781291
SYT15,1.2332383,1.1781291
TMSB15A,1.2332383,1.1781291
SLC2A10,1.2332383,1.1781291
ACTR6,1.2332383,1.1781291
DEFB114,1.2332383,1.1781291
SPANXN1,1.2332383,1.1781291
GAS2L1,1.2332383,1.1781291
KRTAP3-1,1.2332383,1.1781291
AP001362.1,1.2332383,1.1781291
BEX5,1.2332383,1.1781291
TRIM74,1.2332383,1.1781291
RASGRP3,1.2332383,1.1781291
S100A7,1.2332383,1.1781291
S100A7L2,1.2332383,1.1781291
AC011997.1,1.2332383,1.1781291
SCGB3A1,1.2332383,1.1781291
FAM24A,1.2332383,1.1781291
KRTAP3-2,1.2332383,1.1781291
C6orf48,1.2332383,1.1781291
FAM86B2,1.2332383,1.1781291
C19orf73,1.2332383,1.1781291
PUS7,1.2332383,1.1781291
RP11-998D10.1,1.2332383,1.1781291
DEFB131A,1.2332383,1.1781291
NPS,1.2332383,1.1781291
CDK5RAP1,1.2332383,1.1781291
PYDC1,1.2332383,1.1781291
CGB8,1.2332383,1.1781291
SMR3B,1.2332383,1.1781291
MMP23B,1.2332383,1.1781291
CYP4F12,1.2332383,1.1781291
KRTAP21-1,1.2332383,1.1781291
GOLGA6D,1.2332383,1.1781291
MT1M,1.2332383,1.1781291
ITPR1,1.2332383,1.1781291
POLR2J3,1.2332383,1.1781291
KRTAP25-1,1.2332383,1.1781291
S100A7A,1.2332383,1.1781291
SMIM6,1.2332383,1.1781291
OCA2,1.2332383,1.1781291
SRSF7,1.2332383,1.1781291
PIGY,1.2332383,1.1781291
EID2B,1.2332383,1.1781291
PRR21,1.2332383,1.1781291
KRTAP6-1,1.2332383,1.1781291
GUCY2D,1.2332383,1.1781291
METTL16,1.2332383,1.1781291
PYDC2,1.2332383,1.1781291
KRTAP20-2,1.2332383,1.1781291
C5orf58,1.2332383,1.1781291
PTH2,1.2332383,1.1781291
CT45A5,1.2332383,1.1781291
FBXO3,1.2332383,1.1781291
PLA2G10,1.2332383,1.1781291
KRTAP20-1,1.2332383,1.1781291
DEFB136,1.2332383,1.1781291
LCE1D,1.2332383,1.1781291
INPP5K,1.2332383,1.1781291
TMSB10,1.2332383,1.1781291
SPIN2A,1.2332383,1.1781291
CHPF2,1.2332383,1.1781291
COX7B2,1.2332383,1.1781291
AGAP9,1.2332383,1.1781291
GTF2IRD2,1.2332383,1.1781291
LCE3A,1.2332383,1.1781291
SEPT10,1.2332383,1.1781291
MTHFR,1.2332383,1.1781291
SCGB2B2,1.2332383,1.1781291
EIF3C,1.2332383,1.1781291
CNOT6,1.2332383,1.1781291
MEX3C,1.2332383,1.1781291
PAGE2,1.2332383,1.1781291
S100A12,1.2332383,1.1781291
PRM3,1.2332383,1.1781291
DEFB134,1.2332383,1.1781291
AC093677.1,1.2332383,1.1781291
KRTAP19-7,1.2332383,1.1781291
FAM229B,1.2332383,1.1781291
TCEAL7,1.2332383,1.1781291
EDDM13,1.2332383,1.1781291
DIRC1,1.2332383,1.1781291
C2orf66,1.2332383,1.1781291
TOMM6,1.2332383,1.1781291
TMEM257,1.2332383,1.1781291
KRT25,1.2332383,1.1781291
GGT2,1.2332383,1.1781291
SCGB1A1,1.2332383,1.1781291
CBWD6,1.2332383,1.1781291
KRTAP19-4,1.2332383,1.1781291
MT1A,1.2332383,1.1781291
MINK1,1.2332383,1.1781291
SPIN2B,1.2332383,1.1781291
CAMK2N1,1.2332383,1.1781291
GON7,1.2332383,1.1781291
DEFB1,1.2332383,1.1781291
SPRR2B,1.2332383,1.1781291
CTAGE15,1.2332383,1.1781291
C8orf34-AS1,1.2332383,1.1781291
LCE2C,1.2332383,1.1781291
LCE2B,1.2332383,1.1781291
MT1X,1.2332383,1.1781291
LYPD8,1.2332383,1.1781291
AP000349.1,1.2332383,1.1781291
TOGARAM2,1.2332383,1.1781291
KRTAP12-4,1.2332383,1.1781291
KRTAP12-3,1.2332383,1.1781291
LCE2D,1.2332383,1.1781291
NUTM2A,1.2332383,1.1781291
NACA,1.2332383,1.1781291
SMIM1,1.2332383,1.1781291
C5orf66,1.2332383,1.1781291
EML2-AS1,1.2332383,1.1781291
GOLGA8K,1.2332383,1.1781291
FAM229A,1.2332383,1.1781291
S100A10,1.2332383,1.1781291
C16orf74,1.2332383,1.1781291
FAM25A,1.2332383,1.1781291
GNG4,1.2332383,1.1781291
USP14,1.2332383,1.1781291
KRTAP12-1,1.2332383,1.1781291
DEFA6,1.2332383,1.1781291
DEFB121,1.2332383,1.1781291
CCL13,1.2332383,1.1781291
SLMAP,1.2332383,1.1781291
SCGB1D1,1.2332383,1.1781291
DEFB115,1.2332383,1.1781291
TNPO2,1.2332383,1.1781291
COX7C,1.2332383,1.1781291
C6orf226,1.2332383,1.1781291
MIF-AS1,1.2332383,1.1781291
TMEM133,1.2332383,1.1781291
KIAA0040,1.2332383,1.1781291
RP11-467N20.5,1.2332383,1.1781291
ANGPT2,1.2332383,1.1781291
SMIM5,1.2332383,1.1781291
FAM24B,1.2332383,1.1781291
PF4V1,1.2332383,1.1781291
SHC2,1.2332383,1.1781291
TMSB4X,1.2332383,1.1781291
RP1-127H14.3,1.2332383,1.1781291
VCX,1.2332383,1.1781291
ASAH2B,1.2332383,1.1781291
PF4,1.2332383,1.1781291
SPATA31A6,1.2332383,1.1781291
S100A6,1.2332383,1.1781291
MLLT11,1.2332383,1.1781291
COPS2,1.2332383,1.1781291
KRTAP5-6,1.2332383,1.1781291
TRIM61,1.2332383,1.1781291
HEPN1,1.2332383,1.1781291
S100A8,1.2332383,1.1781291
LCE4A,1.2332383,1.1781291
MALL,1.2332383,1.1781291
NPIPB4,1.2332383,1.1781291
DEFB124,1.2332383,1.1781291
FOXD4L5,1.2332383,1.1781291
NBPF6,1.2332383,1.1781291
JMJD6,1.2332383,1.1781291
ANXA8L2,1.2332383,1.1781291
GNG8,1.2332383,1.1781291
MTRNR2L10,1.2332383,1.1781291
DEC1,1.2332383,1.1781291
PCDH10,1.2332383,1.1781291
SMIM20,1.2332383,1.1781291
PAGE2B,1.2332383,1.1781291
CCL8,1.2332383,1.1781291
TYMSOS,1.2332383,1.1781291
CCL2,1.2332383,1.1781291
LCE1A,1.2332383,1.1781291
SERTM1,1.2332383,1.1781291
FARP1,1.2332383,1.1781291
S100A11,1.2332383,1.1781291
GNG7,1.2332383,1.1781291
LCE1B,1.2332383,1.1781291
KAT2B,1.2332383,1.1781291
C14orf178,1.2332383,1.1781291
HSBP1L1,1.2332383,1.1781291
LCE1C,1.2332383,1.1781291
SCGB2A1,1.2332383,1.1781291
GNG5,1.2332383,1.1781291
BTAF1,1.2332383,1.1781291
MTRNR2L3,1.2332383,1.1781291
SMIM2,1.2332383,1.1781291
AC131097.4,1.2332383,1.1781291
CFAP74,1.2332383,1.1781291
S100A13,1.2332383,1.1781291
C5orf46,1.2332383,1.1781291
CCDC179,1.2332383,1.1781291
LCE6A,1.2332383,1.1781291
FARSB,1.2332383,1.1781291
S100A5,1.2332383,1.1781291
FAM153A,1.2332383,1.1781291
AL645608.1,1.2332383,1.1781291
CGB5,1.2332383,1.1781291
KRTAP6-2,1.2332383,1.1781291
SPRR2E,1.2332383,1.1781291
KNCN,1.2332383,1.1781291
SPRR2G,1.2332383,1.1781291
ABCB6,1.2332383,1.1781291
ADIRF,1.2332383,1.1781291
LCE1E,1.2332383,1.1781291
SPRR2A,1.2332383,1.1781291
TBC1D3B,1.2332383,1.1781291
CHRM5,1.2332383,1.1781291
AC010327.2,1.2332383,1.1781291
NRG3,1.2332383,1.1781291
PPBP,1.2332383,1.1781291
SMR3A,1.2332383,1.1781291
MT4,1.2332383,1.1781291
C12orf75,1.2332383,1.1781291
NBPF15,1.2332383,1.1781291
IFI27L2,1.2332383,1.1781291
TIMM23B,1.2332383,1.1781291
AC135048.1,1.2332383,1.1781291
SPRR2F,1.2332383,1.1781291
GNG2,1.2332383,1.1781291
CREBBP,1.2332383,1.1781291
CXCL10,1.2332383,1.1781291
SLC26A1,1.2332383,1.1781291
SMCO4,1.2332383,1.1781291
S100A4,1.2332383,1.1781291
PRAMEF6,1.2332383,1.1781291
CXCL6,1.2332383,1.1781291
SPRR2D,1.2332383,1.1781291
SMLR1,1.2332383,1.1781291
HIST1H2BA,1.2332383,1.1781291
NUPR2,1.2332383,1.1781291
HTN3,1.2332383,1.1781291
KRT33A,1.2332383,1.1781291
LCE1F,1.2332383,1.1781291
DEFB133,1.2332383,1.1781291
ANKDD1A,1.2332383,1.1781291
SMIM18,1.2332383,1.1781291
TACC1,1.2332383,1.1781291
TFF1,1.2332383,1.1781291
CXCL8,1.2332383,1.1781291
HBG1,1.2332383,1.1781291
C3orf36,1.2332383,1.1781291
CLLU1OS,1.2332383,1.1781291
C9orf153,1.2332383,1.1781291
CCL18,1.2332383,1.1781291
CTXN1,1.2332383,1.1781291
S100A14,1.2332383,1.1781291
DEFB127,1.2332383,1.1781291
HCST,1.2332383,1.1781291
KRTAP4-1,1.2332383,1.1781291
SVIP,1.2332383,1.1781291
UGGT1,1.2332383,1.1781291
SLC17A7,1.2332383,1.1781291
DLL1,1.2332383,1.1781291
CNPY1,1.2332383,1.1781291
COX17,1.2332383,1.1781291
TCEAL8,1.2332383,1.1781291
SPANXD,1.2332383,1.1781291
CXCL3,1.2332383,1.1781291
C2orf88,1.2332383,1.1781291
DEFB113,1.2332383,1.1781291
CCL20,1.2332383,1.1781291
SMIM17,1.2332383,1.1781291
KRTAP6-3,1.2332383,1.1781291
ATP5ME,1.2332383,1.1781291
SVBP,1.2332383,1.1781291
TEX46,1.2332383,1.1781291
PRR15L,1.2332383,1.1781291
ENTPD4,1.2332383,1.1781291
MYLK3,1.2332383,1.1781291
C19orf48,1.2332383,1.1781291
SYCE3,1.2332383,1.1781291
DEFB126,1.2332383,1.1781291
LEAP2,1.2332383,1.1781291
KCNA3,1.2332383,1.1781291
LY6D,1.2332383,1.1781291
C18orf32,1.2332383,1.1781291
CNTNAP3B,1.2332383,1.1781291
VMAC,1.2332383,1.1781291
CCL1,1.2332383,1.1781291
PRAC1,1.2332383,1.1781291
GNGT2,1.2332383,1.1781291
TP53RK,1.2332383,1.1781291
TMEM72,1.2332383,1.1781291
RASA4,1.2332383,1.1781291
IFI27,1.2332383,1.1781291
HRCT1,1.2332383,1.1781291
KRTAP9-6,1.2332383,1.1781291
SMPX,1.2332383,1.1781291
SMIM13,1.2332383,1.1781291
KRT16,1.2332383,1.1781291
DEFB132,1.2332383,1.1781291
UAP1,1.2332383,1.1781291
TMEM88B,1.2332383,1.1781291
VPS52,1.2332383,1.1781291
ATP5MD,1.2332383,1.1781291
RAP1GAP2,1.2332383,1.1781291
SPRR1A,1.2332383,1.1781291
TEAD1,1.2332383,1.1781291
FSIP2,1.2332383,1.1781291
KRTAP19-3,1.2332383,1.1781291
UQCC3,1.2332383,1.1781291
C19orf53,1.2332383,1.1781291
MT1H,1.2332383,1.1781291
KRTAP15-1,1.2332383,1.1781291
MILR1,1.2332383,1.1781291
SEC61G,1.2332383,1.1781291
CGB3,1.2332383,1.1781291
IAPP,1.2332383,1.1781291
CXCL2,1.2332383,1.1781291
PIWIL4,1.2332383,1.1781291
HIST1H2BO,1.2332383,1.1781291
LELP1,1.2332383,1.1781291
KRTAP12-2,1.2332383,1.1781291
ZNF322,1.2332383,1.1781291
PCOTHP1,1.2332383,1.1781291
SEMA4A,1.2332383,1.1781291
RETNLB,1.2332383,1.1781291
GATB,1.2332383,1.1781291
KIF11,1.2332383,1.1781291
ATL2,1.2332383,1.1781291
ATXN7L3B,1.2332383,1.1781291
TGFB1,1.2332383,1.1781291
FAM86B1,1.2332383,1.1781291
KRTAP1-4,1.2332383,1.1781291
TNP2,1.2332383,1.1781291
SPRN,1.2332383,1.1781291
FLYWCH2,1.2332383,1.1781291
C9orf129,1.2332383,1.1781291
KRTAP5-11,1.2332383,1.1781291
SCRG1,1.2332383,1.1781291
CCL19,1.2332383,1.1781291
CYP4F3,1.2332383,1.1781291
WFDC12,1.2332383,1.1781291
WFDC13,1.2332383,1.1781291
UQCR11,1.2332383,1.1781291
MRPS36,1.2332383,1.1781291
MRPL57,1.2332383,1.1781291
SMKR1,1.2332383,1.1781291
CCL22,1.2332383,1.1781291
HMGN4,1.2332383,1.1781291
CEP104,1.2332383,1.1781291
TRIM39,1.2332383,1.1781291
MT1B,1.2332383,1.1781291
LENEP,1.2332383,1.1781291
C9orf92,1.2332383,1.1781291
GAGE2A,1.2332383,1.1781291
CXCL5,1.2332383,1.1781291
FOXD4L3,1.2332383,1.1781291
HIST1H1B,1.2332383,1.1781291
MZT1,1.2332383,1.1781291
WFDC6,1.2332383,1.1781291
SLC51B,1.2332383,1.1781291
PIRT,1.2332383,1.1781291
TMEM262,1.2332383,1.1781291
GNG10,1.2332383,1.1781291
BOD1L2,1.2332383,1.1781291
DEFB123,1.2332383,1.1781291
AQP12B,1.2332383,1.1781291
C9orf16,1.2332383,1.1781291
CCL15,1.2332383,1.1781291
TNKS1BP1,1.2332383,1.1781291
C14orf177,1.2332383,1.1781291
CCDC167,1.2332383,1.1781291
KRTAP3-3,1.2332383,1.1781291
TMEM114,1.2332383,1.1781291
PET117,1.2332383,1.1781291
SCYL3,1.2332383,1.1781291
HRK,1.2332383,1.1781291
CT83,1.2332383,1.1781291
PAGE5,1.2332383,1.1781291
RPL39L,1.2332383,1.1781291
GNG12,1.2332383,1.1781291
TRIAP1,1.2332383,1.1781291
DMAC1,1.2332383,1.1781291
TMEM155,1.2332383,1.1781291
PI3,1.2332383,1.1781291
KRTAP4-3,1.2332383,1.1781291
MT1G,1.2332383,1.1781291
S100B,1.2332383,1.1781291
UQCR10,1.2332383,1.1781291
NCMAP,1.2332383,1.1781291
KRTAP4-2,1.2332383,1.1781291
TNP1,1.2332383,1.1781291
ARMS2,1.2332383,1.1781291
GOLGA6C,1.2332383,1.1781291
SNORC,1.2332383,1.1781291
HIST1H1D,1.2332383,1.1781291
RPL41,1.2332383,1.1781291
KRTAP19-5,1.2332383,1.1781291
KRTAP5-7,1.2332383,1.1781291
SFTA3,1.2332383,1.1781291
MFN1,1.2332383,1.1781291
S100P,1.2332383,1.1781291
SNX13,1.2332383,1.1781291
CARD18,1.2332383,1.1781291
NT5C2,1.2332383,1.1781291
GNG3,1.2332383,1.1781291
NDUFA1,1.2332383,1.1781291
CMC4,1.2332383,1.1781291
UCN3,1.2332383,1.1781291
CDRT4,1.2332383,1.1781291
SPAG11A,1.2332383,1.1781291
SPRR1B,1.2332383,1.1781291
MRPL53,1.2332383,1.1781291
TMEM238,1.2332383,1.1781291
CCL4,1.2332383,1.1781291
MAP2K1,1.2332383,1.1781291
SNAPC5,1.2332383,1.1781291
C8orf44,1.2332383,1.1781291
SMAGP,1.2332383,1.1781291
TBC1D3G,1.2332383,1.1781291
FAM184A,1.2332383,1.1781291
SPINK9,1.2332383,1.1781291
GTPBP3,1.2332383,1.1781291
SERP2,1.2332383,1.1781291
C11orf45,1.2332383,1.1781291
GNG13,1.2332383,1.1781291
DAAM1,1.2332383,1.1781291
ZNF131,1.2332383,1.1781291
CLPS,1.2332383,1.1781291
BMP5,1.2332383,1.1781291
STH,1.2332383,1.1781291
STATH,1.2332383,1.1781291
BLID,1.2332383,1.1781291
PRLH,1.2332383,1.1781291
PYROXD2,1.2332383,1.1781291
SPRR4,1.2332383,1.1781291
OLFML2B,1.2332383,1.1781291
WFDC9,1.2332383,1.1781291
PYURF,1.2332383,1.1781291
FABP9,1.2332383,1.1781291
BLOC1S3,1.2332383,1.1781291
MTR,1.2332383,1.1781291
HIST1H2BN,1.2332383,1.1781291
VAMP5,1.2332383,1.1781291
SCGB2A2,1.2332383,1.1781291
CCT6B,1.2332383,1.1781291
NRGN,1.2332383,1.1781291
ABHD5,1.2332383,1.1781291
KRTAP13-3,1.2332383,1.1781291
POLR2K,1.2332383,1.1781291
KRTAP17-1,1.2332383,1.1781291
C17orf100,1.2332383,1.1781291
TMEM210,1.2332383,1.1781291
PCP4L1,1.2332383,1.1781291
SNTN,1.2332383,1.1781291
ANXA8,1.2332383,1.1781291
CSN3,1.2332383,1.1781291
KRTAP2-3,1.2332383,1.1781291
RTL8B,1.2332383,1.1781291
CEND1,1.2332383,1.1781291
SMIM9,1.2332383,1.1781291
C20orf144,1.2332383,1.1781291
RHOXF2,1.2332383,1.1781291
TAS2R43,1.2332383,1.1781291
ECSCR,1.2332383,1.1781291
HNF4G,1.2332383,1.1781291
S100A3,1.2332383,1.1781291
AC129492.6,1.2332383,1.1781291
CYB5R3,1.2332383,1.1781291
NLRP13,1.2332383,1.1781291
C4orf48,1.2332383,1.1781291
PPY,1.2332383,1.1781291
SS18L2,1.2332383,1.1781291
CTSC,1.2332383,1.1781291
PPP2R2D,1.2332383,1.1781291
FZR1,1.2332383,1.1781291
PRR27,1.2332383,1.1781291
MRFAP1,1.2332383,1.1781291
CRIM1,1.2332383,1.1781291
PDE6H,1.2332383,1.1781291
KRTAP2-1,1.2332383,1.1781291
SPINK14,1.2332383,1.1781291
SPINT4,1.2332383,1.1781291
C10orf55,1.2332383,1.1781291
TRIM45,1.2332383,1.1781291
TMA7,1.2332383,1.1781291
C10orf105,1.2332383,1.1781291
CSNK1D,1.2332383,1.1781291
SPINK1,1.2332383,1.1781291
ATP5MPL,1.2332383,1.1781291
ATP5MGL,1.2332383,1.1781291
SPANXN4,1.2332383,1.1781291
GLRA2,1.2332383,1.1781291
TCEAL9,1.2332383,1.1781291
KRTAP19-1,1.2332383,1.1781291
CALCB,1.2332383,1.1781291
S100A16,1.2332383,1.1781291
HIST1H2BD,1.2332383,1.1781291
POLR2L,1.2332383,1.1781291
PYCARD-AS1,1.2332383,1.1781291
C4orf36,1.2332383,1.1781291
HIST1H2BI,1.2332383,1.1781291
AGAP4,1.2332383,1.1781291
KRTAP2-4,1.2332383,1.1781291
PLXNA2,1.2332383,1.1781291
KRTAP9-7,1.2332383,1.1781291
MS4A6E,1.2332383,1.1781291
SMPDL3B,1.2332383,1.1781291
C8orf88,1.2332383,1.1781291
HMGN3,1.2332383,1.1781291
OBSCN-AS1,1.2332383,1.1781291
RMI2,1.2332383,1.1781291
PRPF38B,1.2332383,1.1781291
PSMG3,1.2332383,1.1781291
C1orf61,1.2332383,1.1781291
SPINK6,1.2332383,1.1781291
AL441883.1,1.2332383,1.1781291
LCE3E,1.2332383,1.1781291
SPANXN3,1.2332383,1.1781291
SLC1A6,1.2332383,1.1781291
GRK4,1.2332383,1.1781291
HSBP1,1.2332383,1.1781291
MT2A,1.2332383,1.1781291
MARCKSL1,1.2332383,1.1781291
SMCO3,1.2332383,1.1781291
BBIP1,1.2332383,1.1781291
SPANXB1,1.2332383,1.1781291
C20orf141,1.2332383,1.1781291
NOL6,1.2332383,1.1781291
KRTAP9-8,1.2332383,1.1781291
OFCC1,1.2332383,1.1781291
C7orf76,1.2332383,1.1781291
C10orf113,1.2332383,1.1781291
APOA2,1.2332383,1.1781291
TPD52L3,1.2332383,1.1781291
TMEM92,1.2332383,1.1781291
DEFB129,1.2332383,1.1781291
GYPC,1.2332383,1.1781291
NPIPA5,1.2332383,1.1781291
POU4F3,1.2332383,1.1781291
SCP2D1,1.2332383,1.1781291
HIST1H1C,1.2332383,1.1781291
CMC2,1.2332383,1.1781291
PCSK6,1.2332383,1.1781291
MBOAT2,1.2332383,1.1781291
C20ORF135,1.2332383,1.1781291
CT62,1.2332383,1.1781291
BIK,1.2332383,1.1781291
CTXN3,1.2332383,1.1781291
APLN,1.2332383,1.1781291
SPATA45,1.2332383,1.1781291
IL9,1.2332383,1.1781291
SPINK7,1.2332383,1.1781291
SUMO4,1.2332383,1.1781291
ANKRD20A4,1.2332383,1.1781291
GNAT2,1.2332383,1.1781291
TMEM167B,1.2332383,1.1781291
C4orf46,1.2332383,1.1781291
PRR15,1.2332383,1.1781291
CST8,1.2332383,1.1781291
IFNW1,1.2332383,1.1781291
LMO7DN,1.2332383,1.1781291
DEFA5,1.2332383,1.1781291
KRT2,1.2332383,1.1781291
TMEM35B,1.2332383,1.1781291
CCL28,1.2332383,1.1781291
GYPE,1.2332383,1.1781291
KRTAP9-4,1.2332383,1.1781291
RTL8A,1.2332383,1.1781291
UCN2,1.2332383,1.1781291
ALDH1A1,1.2332383,1.1781291
HIST1H2BL,1.2332383,1.1781291
GUCA2A,1.2332383,1.1781291
LCE3D,1.2332383,1.1781291
SMIM24,1.2332383,1.1781291
TCHH,1.2332383,1.1781291
PAGE4,1.2332383,1.1781291
ATG7,1.2332383,1.1781291
MORN2,1.2332383,1.1781291
IFNA14,1.2332383,1.1781291
AC103809.2,1.2332383,1.1781291
CLLU1,1.2332383,1.1781291
PKIG,1.2332383,1.1781291
GAGE10,1.2332383,1.1781291
TXN,1.2332383,1.1781291
IFNA16,1.2332383,1.1781291
SUMF2,1.2332383,1.1781291
LLCFC1,1.2332383,1.1781291
LYRM7,1.2332383,1.1781291
HIST1H2BF,1.2332383,1.1781291
DEFA4,1.2332383,1.1781291
MARVELD1,1.2332383,1.1781291
XCL2,1.2332383,1.1781291
COX19,1.2332383,1.1781291
KRTAP9-3,1.2332383,1.1781291
KRTAP5-4,1.2332383,1.1781291
MTRNR2L6,1.2332383,1.1781291
LCE2A,1.2332383,1.1781291
TMEM100,1.2332383,1.1781291
TBC1D22B,1.2332383,1.1781291
DPH3,1.2332383,1.1781291
CLECL1,1.2332383,1.1781291
SMIM8,1.2332383,1.1781291
IFNA7,1.2332383,1.1781291
SYCN,1.2332383,1.1781291
BET1,1.2332383,1.1781291
CRCT1,1.2332383,1.1781291
ATOX1,1.2332383,1.1781291
PIP,1.2332383,1.1781291
ZFP41,1.2332383,1.1781291
SPINK8,1.2332383,1.1781291
PLA2G2A,1.2332383,1.1781291
KRTAP13-2,1.2332383,1.1781291
RNASE8,1.2332383,1.1781291
MT3,1.2332383,1.1781291
SHISA8,1.2332383,1.1781291
LGALS9B,1.2332383,1.1781291
ASPH,1.2332383,1.1781291
SMCP,1.2332383,1.1781291
CST9L,1.2332383,1.1781291
C10orf99,1.2332383,1.1781291
OXSR1,1.2332383,1.1781291
CARD17,1.2332383,1.1781291
ADIG,1.2332383,1.1781291
ASIC1,1.2332383,1.1781291
PATE1,1.2332383,1.1781291
KRTAP5-9,1.2332383,1.1781291
IFNA2,1.2332383,1.1781291
C12orf60,1.2332383,1.1781291
KRTAP5-8,1.2332383,1.1781291
DEFB135,1.2332383,1.1781291
DEXI,1.2332383,1.1781291
HYPM,1.2332383,1.1781291
CLPSL1,1.2332383,1.1781291
IFNA17,1.2332383,1.1781291
CHRAC1,1.2332383,1.1781291
FGD4,1.2332383,1.1781291
FXYD4,1.2332383,1.1781291
CCL11,1.2332383,1.1781291
IFI6,1.2332383,1.1781291
MLN,1.2332383,1.1781291
SLC22A1,1.2332383,1.1781291
ATP6V0E1,1.2332383,1.1781291
SMDT1,1.2332383,1.1781291
CFC1,1.2332383,1.1781291
CDC5L,1.2332383,1.1781291
TMEM203,1.2332383,1.1781291
KRTAP13-1,1.2332383,1.1781291
GDAP1L1,1.2332383,1.1781291
C5orf49,1.2332383,1.1781291
SNRPF,1.2332383,1.1781291
ZNF576,1.2332383,1.1781291
IL2,1.2332383,1.1781291
LACRT,1.2332383,1.1781291
UBASH3A,1.2332383,1.1781291
CCL5,1.2332383,1.1781291
WFDC11,1.2332383,1.1781291
C16orf92,1.2332383,1.1781291
ACBD7,1.2332383,1.1781291
RNF187,1.2332383,1.1781291
SAA4,1.2332383,1.1781291
SPATA12,1.2332383,1.1781291
COX7B,1.2332383,1.1781291
C6orf201,1.2332383,1.1781291
IFNA21,1.2332383,1.1781291
KLF16,1.2332383,1.1781291
XCL1,1.2332383,1.1781291
S100A9,1.2332383,1.1781291
IFNA6,1.2332383,1.1781291
FCGBP,1.2332383,1.1781291
CCL17,1.2332383,1.1781291
RBP7,1.2332383,1.1781291
CGB2,1.2332383,1.1781291
LGALS2,1.2332383,1.1781291
G0S2,1.2332383,1.1781291
CDNF,1.2332383,1.1781291
IGFL2,1.2332383,1.1781291
PATE3,1.2332383,1.1781291
EPN2,1.2332383,1.1781291
KRTAP19-8,1.2332383,1.1781291
KRTAP9-9,1.2332383,1.1781291
IGFL4,1.2332383,1.1781291
C10orf62,1.2332383,1.1781291
SPRR3,1.2332383,1.1781291
MANBAL,1.2332383,1.1781291
STK39,1.2332383,1.1781291
C12orf73,1.2332383,1.1781291
BRD4,1.2332383,1.1781291
CCDC182,1.2332383,1.1781291
IL18,1.2332383,1.1781291
IFNA4,1.2332383,1.1781291
AC040977.1,1.2332383,1.1781291
COX6C,1.2332383,1.1781291
GGTLC2,1.2332383,1.1781291
PARD3B,1.2332383,1.1781291
GOLGA8J,1.2332383,1.1781291
OSTN,1.2332383,1.1781291
SPTSSA,1.2332383,1.1781291
HTRA3,1.2332383,1.1781291
ALKAL1,1.2332383,1.1781291
C2orf76,1.2332383,1.1781291
NRARP,1.2332383,1.1781291
BRK1,1.2332383,1.1781291
C5orf47,1.2332383,1.1781291
AC096677.1,1.2332383,1.1781291
CLPSL2,1.2332383,1.1781291
PBOV1,1.2332383,1.1781291
CMC1,1.2332383,1.1781291
CAMP,1.2332383,1.1781291
C1orf210,1.2332383,1.1781291
HIST1H2BE,1.2332383,1.1781291
KRTAP5-5,1.2332383,1.1781291
QRFP,1.2332383,1.1781291
CCL21,1.2332383,1.1781291
SLC18A2,1.2332383,1.1781291
NPB,1.2332383,1.1781291
CXCL1,1.2332383,1.1781291
TBC1D16,1.2332383,1.1781291
PCP4,1.2332383,1.1781291
KRTAP27-1,1.2332383,1.1781291
SNN,1.2332383,1.1781291
SMIM14,1.2332383,1.1781291
APOBEC3A,1.2332383,1.1781291
IRGM,1.2332383,1.1781291
KRTAP13-4,1.2332383,1.1781291
PKIB,1.2332383,1.1781291
KRTAP26-1,1.2332383,1.1781291
CTXN2,1.2332383,1.1781291
FDCSP,1.2332383,1.1781291
BASP1,1.2332383,1.1781291
TAS2R1,1.2332383,1.1781291
POMP,1.2332383,1.1781291
NPFF,1.2332383,1.1781291
TMEM244,1.2332383,1.1781291
RPS27L,1.2332383,1.1781291
SELENOH,1.2332383,1.1781291
C1orf21,1.2332383,1.1781291
MUCL1,1.2332383,1.1781291
OOSP2,1.2332383,1.1781291
SCGB1D2,1.2332383,1.1781291
GUCA2B,1.2332383,1.1781291
SMPD3,1.2332383,1.1781291
FABP3,1.2332383,1.1781291
APOC1,1.2332383,1.1781291
RIIAD1,1.2332383,1.1781291
CCL24,1.2332383,1.1781291
TAS2R4,1.2332383,1.1781291
KRTAP21-2,1.2332383,1.1781291
LSM5,1.2332383,1.1781291
GML,1.2332383,1.1781291
NPVF,1.2332383,1.1781291
HBA1,1.2332383,1.1781291
CSF2,1.2332383,1.1781291
TRIM66,1.2332383,1.1781291
HSPB9,1.2332383,1.1781291
TEX22,1.2332383,1.1781291
PNRC2,1.2332383,1.1781291
UFSP1,1.2332383,1.1781291
SLIRP,1.2332383,1.1781291
PATE4,1.2332383,1.1781291
TMEM89,1.2332383,1.1781291
MT1F,1.2332383,1.1781291
KRTAP4-4,1.2332383,1.1781291
CORT,1.2332383,1.1781291
HUS1B,1.2332383,1.1781291
ZNF706,1.2332383,1.1781291
GYPB,1.2332383,1.1781291
INIP,1.2332383,1.1781291
KRTAP9-2,1.2332383,1.1781291
MYCBP,1.2332383,1.1781291
MSH4,1.2332383,1.1781291
C11orf21,1.2332383,1.1781291
ELOC,1.2332383,1.1781291
NUPR1,1.2332383,1.1781291
KRTAP1-3,1.2332383,1.1781291
CST1,1.2332383,1.1781291
IL21,1.2332383,1.1781291
MEIG1,1.2332383,1.1781291
PCSK2,1.2332383,1.1781291
H1F0,1.2332383,1.1781291
FAM32A,1.2332383,1.1781291
PLN,1.2332383,1.1781291
BTBD11,1.2332383,1.1781291
SPACA4,1.2332383,1.1781291
ATP5F1E,1.2332383,1.1781291
CXCL13,1.2332383,1.1781291
TSACC,1.2332383,1.1781291
ITGB3BP,1.2332383,1.1781291
GNGT1,1.2332383,1.1781291
RNASE6,1.2332383,1.1781291
RNASE1,1.2332383,1.1781291
WFDC10A,1.2332383,1.1781291
UBE2NL,1.2332383,1.1781291
CABS1,1.2332383,1.1781291
C10orf131,1.2332383,1.1781291
DSCR4,1.2332383,1.1781291
TMEM167A,1.2332383,1.1781291
SRARP,1.2332383,1.1781291
CCDC184,1.2332383,1.1781291
PYY,1.2332383,1.1781291
ANAPC16,1.2332383,1.1781291
SPAG11B,1.2332383,1.1781291
H1FX,1.2332383,1.1781291
ATP5MF,1.2332383,1.1781291
KRTAP5-1,1.2332383,1.1781291
NDUFAF8,1.2332383,1.1781291
KRTAP5-3,1.2332383,1.1781291
SMIM12,1.2332383,1.1781291
PTTG1,1.2332383,1.1781291
MZT2A,1.2332383,1.1781291
DEFB110,1.2332383,1.1781291
SSX7,1.2332383,1.1781291
LAIR2,1.2332383,1.1781291
KRTAP1-5,1.2332383,1.1781291
C11orf52,1.2332383,1.1781291
CISD2,1.2332383,1.1781291
C2orf15,1.2332383,1.1781291
C17orf67,1.2332383,1.1781291
C2orf83,1.2332383,1.1781291
FABP1,1.2332383,1.1781291
PPP1R1C,1.2332383,1.1781291
COX6A2,1.2332383,1.1781291
CYSTM1,1.2332383,1.1781291
CYS1,1.2332383,1.1781291
PET100,1.2332383,1.1781291
UCN,1.2332383,1.1781291
DEFB116,1.2332383,1.1781291
IFNA1,1.2332383,1.1781291
PNPLA2,1.2332383,1.1781291
KRTAP1-1,1.2332383,1.1781291
CEP120,1.2332383,1.1781291
MINOS1,1.2332383,1.1781291
AC019171.1,1.2332383,1.1781291
RSPH10B2,1.2332383,1.1781291
CCL27,1.2332383,1.1781291
SCAND1,1.2332383,1.1781291
DCD,1.2332383,1.1781291
TEX37,1.2332383,1.1781291
NBPF4,1.2332383,1.1781291
CYTL1,1.2332383,1.1781291
RGCC,1.2332383,1.1781291
PRR9,1.2332383,1.1781291
HIST1H2BJ,1.2332383,1.1781291
APOC4,1.2332383,1.1781291
PRPF19,1.2332383,1.1781291
EID1,1.2332383,1.1781291
IL22,1.2332383,1.1781291
KBTBD6,1.2332383,1.1781291
HSPA1A,1.2332383,1.1781291
TMEM211,1.2332383,1.1781291
CLEC18A,1.2332383,1.1781291
C12orf45,1.2332383,1.1781291
C7orf33,1.2332383,1.1781291
CLEC18C,1.2332383,1.1781291
S100Z,1.2332383,1.1781291
CCL16,1.2332383,1.1781291
MAOA,1.2332383,1.1781291
LTA4H,1.2332383,1.1781291
TMEM105,1.2332383,1.1781291
CCL7,1.2332383,1.1781291
IFNA13,1.2332383,1.1781291
TEX12,1.2332383,1.1781291
INSL4,1.2332383,1.1781291
PDZK1IP1,1.2332383,1.1781291
RPL36AL,1.2332383,1.1781291
COA4,1.2332383,1.1781291
GSTT2B,1.2332383,1.1781291
CALCA,1.2332383,1.1781291
HIST1H2BG,1.2332383,1.1781291
ZBED6CL,1.2332383,1.1781291
LDOC1,1.2332383,1.1781291
CYSRT1,1.2332383,1.1781291
PINLYP,1.2332383,1.1781291
SPINK13,1.2332383,1.1781291
SCGB1D4,1.2332383,1.1781291
PRR18,1.2332383,1.1781291
MYBBP1A,1.2332383,1.1781291
KRTAP5-10,1.2332383,1.1781291
LETM1,1.2332383,1.1781291
NPIPB6,1.2332383,1.1781291
GMNN,1.2332383,1.1781291
SFT2D3,1.2332383,1.1781291
COLEC12,1.2332383,1.1781291
RARRES3,1.2332383,1.1781291
BORCS7,1.2332383,1.1781291
MTPN,1.2332383,1.1781291
TMEM258,1.2332383,1.1781291
CXCL11,1.2332383,1.1781291
BEX1,1.2332383,1.1781291
COA5,1.2332383,1.1781291
TCTA,1.2332383,1.1781291
ZCCHC3,1.2332383,1.1781291
PKIA,1.2332383,1.1781291
GLRX,1.2332383,1.1781291
ASIP,1.2332383,1.1781291
TIAF1,1.2332383,1.1781291
LEUTX,1.2332383,1.1781291
HSPA1B,1.2332383,1.1781291
MRPL33,1.2332383,1.1781291
AHSP,1.2332383,1.1781291
CTH,1.2332383,1.1781291
NLRP12,1.2332383,1.1781291
THEM6,1.2332383,1.1781291
HIST1H4G,1.2332383,1.1781291
VN1R4,1.2332383,1.1781291
C11orf94,1.2332383,1.1781291
INSL5,1.2332383,1.1781291
TIGD1,1.2332383,1.1781291
HIST1H2BC,1.2332383,1.1781291
FAM180A,1.2332383,1.1781291
RAB3GAP1,1.2332383,1.1781291
SLPI,1.2332383,1.1781291
BTC,1.2332383,1.1781291
TREH,1.2332383,1.1781291
SRGN,1.2332383,1.1781291
MBD2,1.2332383,1.1781291
THRSP,1.2332383,1.1781291
TBC1D29,1.2332383,1.1781291
XAGE3,1.2332383,1.1781291
TMEM141,1.2332383,1.1781291
TFF3,1.2332383,1.1781291
C9orf116,1.2332383,1.1781291
MAP1LC3C,1.2332383,1.1781291
ERICH4,1.2332383,1.1781291
GOT2,1.2332383,1.1781291
SMCO1,1.2332383,1.1781291
POMZP3,1.2332383,1.1781291
C11orf87,1.2332383,1.1781291
COX6A1,1.2332383,1.1781291
CCDC71L,1.2332383,1.1781291
MRFAP1L1,1.2332383,1.1781291
EIF1B,1.2332383,1.1781291
HIST3H2BB,1.2332383,1.1781291
HMGA2,1.2332383,1.1781291
GOLGA6A,1.2332383,1.1781291
FNDC10,1.2332383,1.1781291
LY86,1.2332383,1.1781291
CHTF18,1.2332383,1.1781291
GNRH1,1.2332383,1.1781291
SPTSSB,1.2332383,1.1781291
CGB1,1.2332383,1.1781291
TMEM159,1.2332383,1.1781291
CDKN2AIPNL,1.2332383,1.1781291
CXCL9,1.2332383,1.1781291
CCL4L1,1.2332383,1.1781291
DYNLRB2,1.2332383,1.1781291
COA1,1.2332383,1.1781291
LRRC18,1.2332383,1.1781291
C2orf91,1.2332383,1.1781291
AVPI1,1.2332383,1.1781291
NDUFC2,1.2332383,1.1781291
LTO1,1.2332383,1.1781291
PCDH11X,1.2332383,1.1781291
IFITM3,1.2332383,1.1781291
PXT1,1.2332383,1.1781291
TGIF2LX,1.2332383,1.1781291
TMEM263,1.2332383,1.1781291
SMIM29,1.2332383,1.1781291
WFDC10B,1.2332383,1.1781291
ATP6V1G1,1.2332383,1.1781291
URAD,1.2332383,1.1781291
TRIQK,1.2332383,1.1781291
TOMM20L,1.2332383,1.1781291
GYPA,1.2332383,1.1781291
PPP1R11,1.2332383,1.1781291
AQP12A,1.2332383,1.1781291
IL1F10,1.2332383,1.1781291
SUMO1,1.2332383,1.1781291
SHLD1,1.2332383,1.1781291
KRTAP4-7,1.2332383,1.1781291
PPDPFL,1.2332383,1.1781291
CYP1B1,1.2332383,1.1781291
MGARP,1.2332383,1.1781291
GALNT17,1.2332383,1.1781291
UPK2,1.2332383,1.1781291
PATE2,1.2332383,1.1781291
DYNAP,1.2332383,1.1781291
GSPT1,1.2332383,1.1781291
TAS2R3,1.2332383,1.1781291
POTEJ,1.2332383,1.1781291
FAM135B,1.2332383,1.1781291
INTS4,1.2332383,1.1781291
BPIFA2,1.2332383,1.1781291
RAMP3,1.2332383,1.1781291
MBD3L1,1.2332383,1.1781291
CDC42EP5,1.2332383,1.1781291
EIF1,1.2332383,1.1781291
C10orf53,1.2332383,1.1781291
KRTAP10-3,1.2332383,1.1781291
CST5,1.2332383,1.1781291
GAD2,1.2332383,1.1781291
RAB42,1.2332383,1.1781291
C11orf40,1.2332383,1.1781291
VPREB1,1.2332383,1.1781291
FAAP20,1.2332383,1.1781291
PRR13,1.2332383,1.1781291
TNFAIP8L1,1.2332383,1.1781291
EEF1A2,1.2332383,1.1781291
ZBED3,1.2332383,1.1781291
DAPL1,1.2332383,1.1781291
TAX1BP3,1.2332383,1.1781291
C9orf57,1.2332383,1.1781291
PLAC9,1.2332383,1.1781291
CDK8,1.2332383,1.1781291
FOXD4L2,1.2332383,1.1781291
COX14,1.2332383,1.1781291
DPAGT1,1.2332383,1.1781291
COX20,1.2332383,1.1781291
CRB3,1.2332383,1.1781291
XAGE2,1.2332383,1.1781291
PSCA,1.2332383,1.1781291
RFLNB,1.2332383,1.1781291
GSK3A,1.2332383,1.1781291
TARS2,1.2332383,1.1781291
KRT6A,1.2332383,1.1781291
NUP62CL,1.2332383,1.1781291
CXCL17,1.2332383,1.1781291
FXYD2,1.2332383,1.1781291
PPP1R14B,1.2332383,1.1781291
MCCD1,1.2332383,1.1781291
SNRPG,1.2332383,1.1781291
LALBA,1.2332383,1.1781291
PPDPF,1.2332383,1.1781291
NANOS2,1.2332383,1.1781291
ANKRD27,1.2332383,1.1781291
CT55,1.2332383,1.1781291
TXNDC8,1.2332383,1.1781291
KRBOX1,1.2332383,1.1781291
LCN8,1.2332383,1.1781291
GOLT1B,1.2332383,1.1781291
TAS2R38,1.2332383,1.1781291
UBL4B,1.2332383,1.1781291
FGFBP1,1.2332383,1.1781291
CDKAL1,1.2332383,1.1781291
HBG2,1.2332383,1.1781291
TCAF1,1.2332383,1.1781291
IGFL1,1.2332383,1.1781291
MSMB,1.2332383,1.1781291
CCL26,1.2332383,1.1781291
TNFRSF17,1.2332383,1.1781291
CST3,1.2332383,1.1781291
GAL3ST4,1.2332383,1.1781291
SIRPD,1.2332383,1.1781291
POLE3,1.2332383,1.1781291
COMMD1,1.2332383,1.1781291
BCL2L2,1.2332383,1.1781291
GTF2H5,1.2332383,1.1781291
FTHL17,1.2332383,1.1781291
NXT1,1.2332383,1.1781291
RTL8C,1.2332383,1.1781291
CST6,1.2332383,1.1781291
MT1E,1.2332383,1.1781291
MAPK1IP1L,1.2332383,1.1781291
EIF4EBP1,1.2332383,1.1781291
IL13,1.2332383,1.1781291
KIAA1143,1.2332383,1.1781291
CSAG1,1.2332383,1.1781291
SCT,1.2332383,1.1781291
TBX20,1.2332383,1.1781291
RPS27,1.2332383,1.1781291
DCDC2C,1.2332383,1.1781291
CMTM7,1.2332383,1.1781291
CALML5,1.2332383,1.1781291
C11orf74,1.2332383,1.1781291
CKLF,1.2332383,1.1781291
COX7A2,1.2332383,1.1781291
IL15,1.2332383,1.1781291
ZFP64,1.2332383,1.1781291
ENY2,1.2332383,1.1781291
BRD8,1.2332383,1.1781291
TRIM43,1.2332383,1.1781291
ATP5MC1,1.2332383,1.1781291
RPP14,1.2332383,1.1781291
HIST2H2BE,1.2332383,1.1781291
MRPS21,1.2332383,1.1781291
HIST1H2BB,1.2332383,1.1781291
MRPS17,1.2332383,1.1781291
SPINK2,1.2332383,1.1781291
TMEM14A,1.2332383,1.1781291
C9orf40,1.2332383,1.1781291
NDUFAB1,1.2332383,1.1781291
SERP1,1.2332383,1.1781291
RPLP1,1.2332383,1.1781291
CFAP97D1,1.2332383,1.1781291
C3orf18,1.2332383,1.1781291
FANCD2OS,1.2332383,1.1781291
CCL3,1.2332383,1.1781291
PMAIP1,1.2332383,1.1781291
ACAA2,1.2332383,1.1781291
GGTLC1,1.2332383,1.1781291
BLOC1S4,1.2332383,1.1781291
C1orf162,1.2332383,1.1781291
HBEGF,1.2332383,1.1781291
CISD3,1.2332383,1.1781291
TMEM256,1.2332383,1.1781291
NPPA,1.2332383,1.1781291
TMEM42,1.2332383,1.1781291
TMEM250,1.2332383,1.1781291
TRIM49C,1.2332383,1.1781291
TXNRD3,1.2332383,1.1781291
MS4A13,1.2332383,1.1781291
RETN,1.2332383,1.1781291
HIGD1C,1.2332383,1.1781291
SF3B2,1.2332383,1.1781291
SPATA33,1.2332383,1.1781291
PAIP2,1.2332383,1.1781291
GAPT,1.2332383,1.1781291
DYNLT3,1.2332383,1.1781291
FABP7,1.2332383,1.1781291
REP15,1.2332383,1.1781291
NDUFA3,1.2332383,1.1781291
SPATA24,1.2332383,1.1781291
BANF2,1.2332383,1.1781291
SLURP1,1.2332383,1.1781291
TXNRD3NB,1.2332383,1.1781291
LSMEM1,1.2332383,1.1781291
CTNNBL1,1.2332383,1.1781291
PRM1,1.2332383,1.1781291
PSORS1C1,1.2332383,1.1781291
RPA3,1.2332383,1.1781291
MRPS18C,1.2332383,1.1781291
CSTB,1.2332383,1.1781291
TEX19,1.2332383,1.1781291
USP15,1.2332383,1.1781291
VN1R1,1.2332383,1.1781291
CLEC5A,1.2332383,1.1781291
MZT2B,1.2332383,1.1781291
C11orf71,1.2332383,1.1781291
TAS2R50,1.2332383,1.1781291
IL5,1.2332383,1.1781291
H3F3C,1.2332383,1.1781291
TMEM60,1.2332383,1.1781291
PAGE1,1.2332383,1.1781291
PHLDA3,1.2332383,1.1781291
AHSA2P,1.2332383,1.1781291
MERTK,1.2332383,1.1781291
RNASE9,1.2332383,1.1781291
RIPPLY2,1.2332383,1.1781291
GCK,1.2332383,1.1781291
PKP1,1.2332383,1.1781291
RPL36,1.2332383,1.1781291
MBD4,1.2332383,1.1781291
LY6G6C,1.2332383,1.1781291
PIH1D3,1.2332383,1.1781291
JCHAIN,1.2332383,1.1781291
OPALIN,1.2332383,1.1781291
TMEM154,1.2332383,1.1781291
SPINK4,1.2332383,1.1781291
SIDT1,1.2332383,1.1781291
C15orf40,1.2332383,1.1781291
TET3,1.2332383,1.1781291
PLA2G2E,1.2332383,1.1781291
HBZ,1.2332383,1.1781291
NDUFB3,1.2332383,1.1781291
CDK2AP2,1.2332383,1.1781291
TAS2R30,1.2332383,1.1781291
POLG2,1.2332383,1.1781291
IGLL1,1.2332383,1.1781291
NKX6-3,1.2332383,1.1781291
DEFB118,1.2332383,1.1781291
MSMP,1.2332383,1.1781291
CST9,1.2332383,1.1781291
OCM2,1.2332383,1.1781291
GHRH,1.2332383,1.1781291
TPRKB,1.2332383,1.1781291
CMTM3,1.2332383,1.1781291
HBM,1.2332383,1.1781291
TMEM215,1.2332383,1.1781291
TAS2R8,1.2332383,1.1781291
ZG16B,1.2332383,1.1781291
TMEM52,1.2332383,1.1781291
B2M,1.2332383,1.1781291
SMIM19,1.2332383,1.1781291
TMEM119,1.2332383,1.1781291
LCN15,1.2332383,1.1781291
NPPB,1.2332383,1.1781291
CLEC19A,1.2332383,1.1781291
CDC42SE1,1.2332383,1.1781291
C3orf22,1.2332383,1.1781291
HIGD1B,1.2332383,1.1781291
DNAJC24,1.2332383,1.1781291
CDPF1,1.2332383,1.1781291
SSX1,1.2332383,1.1781291
TMEM126B,1.2332383,1.1781291
PTTG2,1.2332383,1.1781291
FAM163B,1.2332383,1.1781291
IFNA8,1.2332383,1.1781291
TMEM125,1.2332383,1.1781291
NPW,1.2332383,1.1781291
N6AMT1,1.2332383,1.1781291
C17orf103,1.2332383,1.1781291
OTOR,1.2332383,1.1781291
OTOS,1.2332383,1.1781291
RAMP1,1.2332383,1.1781291
OSM,1.2332383,1.1781291
RNASE11,1.2332383,1.1781291
TEN1,1.2332383,1.1781291
SERTAD3,1.2332383,1.1781291
IL23A,1.2332383,1.1781291
PYCARD,1.2332383,1.1781291
C15orf53,1.2332383,1.1781291
CRIPT,1.2332383,1.1781291
INTS6,1.2332383,1.1781291
SEM1,1.2332383,1.1781291
SHISAL2A,1.2332383,1.1781291
CGA,1.2332383,1.1781291
TCEAL3,1.2332383,1.1781291
IFRG15,1.2332383,1.1781291
TAC1,1.2332383,1.1781291
NDUFB1,1.2332383,1.1781291
SMIM21,1.2332383,1.1781291
AL049829.1,1.2332383,1.1781291
RNASE3,1.2332383,1.1781291
ANKRD37,1.2332383,1.1781291
KISS1,1.2332383,1.1781291
OIP5,1.2332383,1.1781291
PTH,1.2332383,1.1781291
CST4,1.2332383,1.1781291
IL36A,1.2332383,1.1781291
RNASE13,1.2332383,1.1781291
C1orf54,1.2332383,1.1781291
C15orf61,1.2332383,1.1781291
FAM9C,1.2332383,1.1781291
PPIL3,1.2332383,1.1781291
HIST1H2BM,1.2332383,1.1781291
ISCA1,1.2332383,1.1781291
TAC4,1.2332383,1.1781291
KRTAP4-5,1.2332383,1.1781291
C1orf186,1.2332383,1.1781291
LARS2,1.2332383,1.1781291
C9orf85,1.2332383,1.1781291
SUB1,1.2332383,1.1781291
CER1,1.2332383,1.1781291
CERS6,1.2332383,1.1781291
FGF16,1.2332383,1.1781291
GSTA1,1.2332383,1.1781291
TSTD1,1.2332383,1.1781291
ISG15,1.2332383,1.1781291
H2BFWT,1.2332383,1.1781291
SOX17,1.2332383,1.1781291
MRPL36,1.2332383,1.1781291
CYCS,1.2332383,1.1781291
CSTA,1.2332383,1.1781291
IFNA10,1.2332383,1.1781291
CYYR1,1.2332383,1.1781291
ANAPC13,1.2332383,1.1781291
SST,1.2332383,1.1781291
MFGE8,1.2332383,1.1781291
COLCA2,1.2332383,1.1781291
WDR83OS,1.2332383,1.1781291
MRPL30,1.2332383,1.1781291
GTF2A2,1.2332383,1.1781291
APOM,1.2332383,1.1781291
MTTP,1.2332383,1.1781291
C1orf189,1.2332383,1.1781291
C5orf15,1.2332383,1.1781291
LAGE3,1.2332383,1.1781291
SELENOK,1.2332383,1.1781291
POLD4,1.2332383,1.1781291
CENPX,1.2332383,1.1781291
PAEP,1.2332383,1.1781291
CT47B1,1.2332383,1.1781291
HMGA1,1.2332383,1.1781291
LY6L,1.2332383,1.1781291
HBA2,1.2332383,1.1781291
INAFM1,1.2332383,1.1781291
MLH1,1.2332383,1.1781291
GTSF1L,1.2332383,1.1781291
CST7,1.2332383,1.1781291
AC022532.1,1.2332383,1.1781291
NDUFB7,1.2332383,1.1781291
ATP6V1F,1.2332383,1.1781291
ACOT6,1.2332383,1.1781291
NAT14,1.2332383,1.1781291
TMEM207,1.2332383,1.1781291
TAS2R31,1.2332383,1.1781291
FAM167A,1.2332383,1.1781291
ERICH2,1.2332383,1.1781291
KLRC4,1.2332383,1.1781291
MS4A5,1.2332383,1.1781291
NUTM2B,1.2332383,1.1781291
ARMCX6,1.2332383,1.1781291
LCE5A,1.2332383,1.1781291
LY6G6D,1.2332383,1.1781291
AGR3,1.2332383,1.1781291
SAP25,1.2332383,1.1781291
RPRML,1.2332383,1.1781291
MAL,1.2332383,1.1781291
CDKN2D,1.2332383,1.1781291
RBP2,1.2332383,1.1781291
TIMM10,1.2332383,1.1781291
IL7,1.2332383,1.1781291
KCNE4,1.2332383,1.1781291
IL4,1.2332383,1.1781291
ICOS,1.2332383,1.1781291
CPLX4,1.2332383,1.1781291
PIN4,1.2332383,1.1781291
HAUS2,1.2332383,1.1781291
C16orf91,1.2332383,1.1781291
MRPL27,1.2332383,1.1781291
FAM163A,1.2332383,1.1781291
PVALB,1.2332383,1.1781291
RP11-211G3.3,1.2332383,1.1781291
GOLGA6B,1.2332383,1.1781291
UCMA,1.2332383,1.1781291
SNRPE,1.2332383,1.1781291
TMEM225,1.2332383,1.1781291
RPLP2,1.2332383,1.1781291
UBD,1.2332383,1.1781291
CDC42SE2,1.2332383,1.1781291
HIGD1A,1.2332383,1.1781291
KRTAP10-10,1.2332383,1.1781291
DEFB112,1.2332383,1.1781291
RP11-508N12.4,1.2332383,1.1781291
IFNL3,1.2332383,1.1781291
USP49,1.2332383,1.1781291
IFNB1,1.2332383,1.1781291
C12orf71,1.2332383,1.1781291
EVA1A,1.2332383,1.1781291
ZNHIT3,1.2332383,1.1781291
CDC26,1.2332383,1.1781291
DPPA3,1.2332383,1.1781291
AKAP9,1.2332383,1.1781291
NINL,1.2332383,1.1781291
C4orf45,1.2332383,1.1781291
GLUL,1.2332383,1.1781291
PPP1R14A,1.2332383,1.1781291
SPATA3,1.2332383,1.1781291
TCIM,1.2332383,1.1781291
KCNE5,1.2332383,1.1781291
OXLD1,1.2332383,1.1781291
PQLC2L,1.2332383,1.1781291
IGSF3,1.2332383,1.1781291
ARHGAP11B,1.2332383,1.1781291
RAET1L,1.2332383,1.1781291
ARPP19,1.2332383,1.1781291
CRH,1.2332383,1.1781291
TNFAIP8L2,1.2332383,1.1781291
NRN1,1.2332383,1.1781291
HIST2H2BF,1.2332383,1.1781291
ARHGAP33,1.2332383,1.1781291
STUM,1.2332383,1.1781291
AC087645.1,1.2332383,1.1781291
IL37,1.2332383,1.1781291
SLC2A2,1.2332383,1.1781291
CLEC2A,1.2332383,1.1781291
TMEM158,1.2332383,1.1781291
TMEM220,1.2332383,1.1781291
RNASE12,1.2332383,1.1781291
REG1A,1.2332383,1.1781291
PRIMA1,1.2332383,1.1781291
BCL2,1.2332383,1.1781291
CCDC140,1.2332383,1.1781291
C1D,1.2332383,1.1781291
SRGAP1,1.2332383,1.1781291
REG3G,1.2332383,1.1781291
IGSF23,1.2332383,1.1781291
FABP12,1.2332383,1.1781291
CITED4,1.2332383,1.1781291
KRTAP4-12,1.2332383,1.1781291
SELENOM,1.2332383,1.1781291
PITX1,1.2332383,1.1781291
TAL2,1.2332383,1.1781291
C19orf70,1.2332383,1.1781291
TLR7,1.2332383,1.1781291
C3orf35,1.2332383,1.1781291
POLR3K,1.2332383,1.1781291
KRTAP4-6,1.2332383,1.1781291
SERHL2,1.2332383,1.1781291
SPATA25,1.2332383,1.1781291
AARD,1.2332383,1.1781291
TMEM139,1.2332383,1.1781291
LARP1B,1.2332383,1.1781291
NDUFC1,1.2332383,1.1781291
C10orf126,1.2332383,1.1781291
ZRSR2P1,1.2332383,1.1781291
KRTAP4-8,1.2332383,1.1781291
MS4A12,1.2332383,1.1781291
GABRA2,1.2332383,1.1781291
C11orf91,1.2332383,1.1781291
GLIPR2,1.2332383,1.1781291
BEX2,1.2332383,1.1781291
C2CD6,1.2332383,1.1781291
FAM9B,1.2332383,1.1781291
CXorf66,1.2332383,1.1781291
POTEG,1.2332383,1.1781291
INO80C,1.2332383,1.1781291
TMEM247,1.2332383,1.1781291
NOMO3,1.2332383,1.1781291
LHB,1.2332383,1.1781291
KLRC3,1.2332383,1.1781291
H1FOO,1.2332383,1.1781291
GALP,1.2332383,1.1781291
LAMTOR4,1.2332383,1.1781291
LRRC20,1.2332383,1.1781291
BGLAP,1.2332383,1.1781291
KLRF2,1.2332383,1.1781291
CDC42EP2,1.2332383,1.1781291
KCNE3,1.2332383,1.1781291
FAM174A,1.2332383,1.1781291
AP2M1,1.2332383,1.1781291
FAM241B,1.2332383,1.1781291
FBXO48,1.2332383,1.1781291
PLAC8L1,1.2332383,1.1781291
TEX43,1.2332383,1.1781291
PDE6G,1.2332383,1.1781291
TSHB,1.2332383,1.1781291
C5orf24,1.2332383,1.1781291
TP53AIP1,1.2332383,1.1781291
OVOL3,1.2332383,1.1781291
GIP,1.2332383,1.1781291
TAS2R16,1.2332383,1.1781291
MIF,1.2332383,1.1781291
C1orf52,1.2332383,1.1781291
GSTA5,1.2332383,1.1781291
TTC32,1.2332383,1.1781291
NDUFA5,1.2332383,1.1781291
IFNL1,1.2332383,1.1781291
MAGEA8,1.2332383,1.1781291
PIGP,1.2332383,1.1781291
SIT1,1.2332383,1.1781291
MS4A2,1.2332383,1.1781291
RNF183,1.2332383,1.1781291
STT3B,1.2332383,1.1781291
ILF3,1.2332383,1.1781291
IGFL3,1.2332383,1.1781291
FABP5,1.2332383,1.1781291
C1orf122,1.2332383,1.1781291
SMIM23,1.2332383,1.1781291
C10orf82,1.2332383,1.1781291
ATP5MG,1.2332383,1.1781291
MUSTN1,1.2332383,1.1781291
METTL14,1.2332383,1.1781291
MS4A3,1.2332383,1.1781291
HEBP1,1.2332383,1.1781291
C12orf42,1.2332383,1.1781291
TAS2R9,1.2332383,1.1781291
REG3A,1.2332383,1.1781291
RAB6C,1.2332383,1.1781291
PDRG1,1.2332383,1.1781291
MS4A15,1.2332383,1.1781291
LPCAT2,1.2332383,1.1781291
GIMAP7,1.2332383,1.1781291
THOC3,1.2332383,1.1781291
C2CD4D,1.2332383,1.1781291
GCSAML,1.2332383,1.1781291
UGDH,1.2332383,1.1781291
NAT8,1.2332383,1.1781291
CMTM6,1.2332383,1.1781291
ANXA2R,1.2332383,1.1781291
IL31,1.2332383,1.1781291
NDUFA4,1.2332383,1.1781291
ZNF581,1.2332383,1.1781291
PLET1,1.2332383,1.1781291
UBALD2,1.2332383,1.1781291
HYPK,1.2332383,1.1781291
RPRM,1.2332383,1.1781291
EMC6,1.2332383,1.1781291
CST11,1.2332383,1.1781291
PFDN4,1.2332383,1.1781291
IFNL2,1.2332383,1.1781291
TEX29,1.2332383,1.1781291
TEX44,1.2332383,1.1781291
MRPL54,1.2332383,1.1781291
DSTN,1.2332383,1.1781291
TMEM174,1.2332383,1.1781291
CARNS1,1.2332383,1.1781291
SRP14,1.2332383,1.1781291
LOR,1.2332383,1.1781291
FCGR3B,1.2332383,1.1781291
TTC26,1.2332383,1.1781291
FAM153B,1.2332383,1.1781291
FRG2,1.2332383,1.1781291
FMC1,1.2332383,1.1781291
UFM1,1.2332383,1.1781291
ZNF705A,1.2332383,1.1781291
EID2,1.2332383,1.1781291
PLAC8,1.2332383,1.1781291
FAM104B,1.2332383,1.1781291
C16orf90,1.2332383,1.1781291
TMEM170B,1.2332383,1.1781291
AC009065.1,1.2332383,1.1781291
MED9,1.2332383,1.1781291
CSN2,1.2332383,1.1781291
LCNL1,1.2332383,1.1781291
RPL22,1.2332383,1.1781291
HSPE1,1.2332383,1.1781291
TOMM5,1.2332383,1.1781291
KRTAP4-9,1.2332383,1.1781291
SPANXN2,1.2332383,1.1781291
TMEM61,1.2332383,1.1781291
CD302,1.2332383,1.1781291
SAMD5,1.2332383,1.1781291
SELENOW,1.2332383,1.1781291
ZBED2,1.2332383,1.1781291
PANK3,1.2332383,1.1781291
FKBP15,1.2332383,1.1781291
CDA,1.2332383,1.1781291
GTF2IRD2B,1.2332383,1.1781291
TIMM8A,1.2332383,1.1781291
FAM241A,1.2332383,1.1781291
C17orf98,1.2332383,1.1781291
ARL9,1.2332383,1.1781291
SIGLEC14,1.2332383,1.1781291
SORCS3,1.2332383,1.1781291
TNFRSF13C,1.2332383,1.1781291
AKAIN1,1.2332383,1.1781291
PRCD,1.2332383,1.1781291
CCDC144NL,1.2332383,1.1781291
RARRES2,1.2332383,1.1781291
RNASE7,1.2332383,1.1781291
RPEL1,1.2332383,1.1781291
CBWD2,1.2332383,1.1781291
MRGPRX4,1.2332383,1.1781291
CLC,1.2332383,1.1781291
IPO11,1.2332383,1.1781291
MARK1,1.2332383,1.1781291
TCL1B,1.2332383,1.1781291
NCOA5,1.2332383,1.1781291
KCNJ6,1.2332383,1.1781291
ZNF428,1.2332383,1.1781291
TEDDM1,1.2332383,1.1781291
SF3B6,1.2332383,1.1781291
FABP6,1.2332383,1.1781291
GPX5,1.2332383,1.1781291
SEC61B,1.2332383,1.1781291
CMTM8,1.2332383,1.1781291
GGACT,1.2332383,1.1781291
CXCL14,1.2332383,1.1781291
GCHFR,1.2332383,1.1781291
CTAGE6,1.2332383,1.1781291
NINJ1,1.2332383,1.1781291
PPP1R14D,1.2332383,1.1781291
RPL30,1.2332383,1.1781291
NNMT,1.2332383,1.1781291
KRTAP10-2,1.2332383,1.1781291
TIMM8B,1.2332383,1.1781291
PSORS1C2,1.2332383,1.1781291
CXCL16,1.2332383,1.1781291
GNPNAT1,1.2332383,1.1781291
LBH,1.2332383,1.1781291
DTD2,1.2332383,1.1781291
TMEM253,1.2332383,1.1781291
EBF4,1.2332383,1.1781291
GRP,1.2332383,1.1781291
MAGEA3,1.2332383,1.1781291
PPIA,1.2332383,1.1781291
FUOM,1.2332383,1.1781291
SNU13,1.2332383,1.1781291
CD7,1.2332383,1.1781291
ZNF524,1.2332383,1.1781291
ACOT13,1.2332383,1.1781291
TAS2R46,1.2332383,1.1781291
C20orf27,1.2332383,1.1781291
MAGEA6,1.2332383,1.1781291
TSPO2,1.2332383,1.1781291
NNAT,1.2332383,1.1781291
FOXL2NB,1.2332383,1.1781291
ZDBF2,1.2332383,1.1781291
AP5S1,1.2332383,1.1781291
SPCS3,1.2332383,1.1781291
HTR5A-AS1,1.2332383,1.1781291
PLAC1,1.2332383,1.1781291
TMEM99,1.2332383,1.1781291
TAS2R42,1.2332383,1.1781291
ANAPC4,1.2332383,1.1781291
COX16,1.2332383,1.1781291
MRPL42,1.2332383,1.1781291
SMAD1,1.2332383,1.1781291
NUDT15,1.2332383,1.1781291
FAM218A,1.2332383,1.1781291
C21orf62,1.2332383,1.1781291
TMEM14B,1.2332383,1.1781291
VMA21,1.2332383,1.1781291
KHDC1L,1.2332383,1.1781291
TAS2R40,1.2332383,1.1781291
DCANP1,1.2332383,1.1781291
GLOD5,1.2332383,1.1781291
UCP2,1.2332383,1.1781291
KIAA1024L,1.2332383,1.1781291
RNF224,1.2332383,1.1781291
C12orf54,1.2332383,1.1781291
AMTN,1.2332383,1.1781291
TOMM22,1.2332383,1.1781291
KLRD1,1.2332383,1.1781291
IFT20,1.2332383,1.1781291
RIDA,1.2332383,1.1781291
RPS25,1.2332383,1.1781291
COMMD10,1.2332383,1.1781291
FKBP1B,1.2332383,1.1781291
TPPP2,1.2332383,1.1781291
S100A1,1.2332383,1.1781291
VAMP4,1.2332383,1.1781291
DLEU7,1.2332383,1.1781291
SSPN,1.2332383,1.1781291
SUZ12,1.2332383,1.1781291
TSEN15,1.2332383,1.1781291
RNF225,1.2332383,1.1781291
LAMTOR5,1.2332383,1.1781291
HMGN5,1.2332383,1.1781291
ZHX1,1.2332383,1.1781291
XRN1,1.2332383,1.1781291
HS6ST3,1.2332383,1.1781291
CDC42BPB,1.2332383,1.1781291
SERTAD1,1.2332383,1.1781291
C3orf14,1.2332383,1.1781291
RFPL4AL1,1.2332383,1.1781291
UTF1,1.2332383,1.1781291
IL12A,1.2332383,1.1781291
LYZL6,1.2332383,1.1781291
CTF1,1.2332383,1.1781291
TAC3,1.2332383,1.1781291
PARM1,1.2332383,1.1781291
PMM1,1.2332383,1.1781291
EBLN1,1.2332383,1.1781291
MRPS16,1.2332383,1.1781291
C11orf53,1.2332383,1.1781291
TMEM81,1.2332383,1.1781291
FRG2B,1.2332383,1.1781291
SPN,1.2332383,1.1781291
MAGEC2,1.2332383,1.1781291
LHX4,1.2332383,1.1781291
MAP6D1,1.2332383,1.1781291
LYPD2,1.2332383,1.1781291
CRCP,1.2332383,1.1781291
ACKR1,1.2332383,1.1781291
TMEM221,1.2332383,1.1781291
CGB7,1.2332383,1.1781291
CXorf40B,1.2332383,1.1781291
AGRP,1.2332383,1.1781291
FAM216B,1.2332383,1.1781291
CCDC160,1.2332383,1.1781291
ODF4,1.2332383,1.1781291
PTGES3L,1.2332383,1.1781291
IMP3,1.2332383,1.1781291
CKS2,1.2332383,1.1781291
C5orf63,1.2332383,1.1781291
PRAMEF3,1.2332383,1.1781291
ROPN1,1.2332383,1.1781291
ITM2A,1.2332383,1.1781291
PLP2,1.2332383,1.1781291
C2orf50,1.2332383,1.1781291
ARL6IP6,1.2332383,1.1781291
EBLN2,1.2332383,1.1781291
MIEN1,1.2332383,1.1781291
CHCHD7,1.2332383,1.1781291
C19orf18,1.2332383,1.1781291
CD47,1.2332383,1.1781291
STAT6,1.2332383,1.1781291
PMCH,1.2332383,1.1781291
TCEAL6,1.2332383,1.1781291
CCDC126,1.2332383,1.1781291
TSHZ2,1.2332383,1.1781291
TEX38,1.2332383,1.1781291
C1orf158,1.2332383,1.1781291
FTO,1.2332383,1.1781291
TMEM252,1.2332383,1.1781291
TMEM273,1.2332383,1.1781291
TCAF2,1.2332383,1.1781291
CBY1,1.2332383,1.1781291
MMP14,1.2332383,1.1781291
ANAPC15,1.2332383,1.1781291
LYSMD2,1.2332383,1.1781291
ARMCX3,1.2332383,1.1781291
TREML4,1.2332383,1.1781291
SAMD13,1.2332383,1.1781291
IL15RA,1.2332383,1.1781291
LIME1,1.2332383,1.1781291
RNASE10,1.2332383,1.1781291
MS4A8,1.2332383,1.1781291
ZC3H4,1.2332383,1.1781291
CRABP1,1.2332383,1.1781291
C17orf99,1.2332383,1.1781291
EIF4EBP3,1.2332383,1.1781291
TIFAB,1.2332383,1.1781291
KRBOX4,1.2332383,1.1781291
CMTM2,1.2332383,1.1781291
ZDHHC11B,1.2332383,1.1781291
NDUFA11,1.2332383,1.1781291
CNTF,1.2332383,1.1781291
TMEM86B,1.2332383,1.1781291
TMEM187,1.2332383,1.1781291
C15orf48,1.2332383,1.1781291
FCGR2B,1.2332383,1.1781291
HS6ST1,1.2332383,1.1781291
NBL1,1.2332383,1.1781291
NBPF10,1.2332383,1.1781291
TPGS1,1.2332383,1.1781291
RNF7,1.2332383,1.1781291
IL33,1.2332383,1.1781291
NPM3,1.2332383,1.1781291
FABP2,1.2332383,1.1781291
NDUFA2,1.2332383,1.1781291
UBQLN4,1.2332383,1.1781291
EQTN,1.2332383,1.1781291
LSM7,1.2332383,1.1781291
ULBP2,1.2332383,1.1781291
PCLAF,1.2332383,1.1781291
MTCP1,1.2332383,1.1781291
IKBKG,1.2332383,1.1781291
LPL,1.2332383,1.1781291
IL36G,1.2332383,1.1781291
PLA2G2C,1.2332383,1.1781291
NACA2,1.2332383,1.1781291
KRTAP10-1,1.2332383,1.1781291
ENO3,1.2332383,1.1781291
BOK,1.2332383,1.1781291
SNHG28,1.2332383,1.1781291
TNFSF4,1.2332383,1.1781291
RFPL4A,1.2332383,1.1781291
MCRIP2,1.2332383,1.1781291
DAD1,1.2332383,1.1781291
LCN1,1.2332383,1.1781291
LGALS16,1.2332383,1.1781291
NPIPB11,1.2332383,1.1781291
TMEM69,1.2332383,1.1781291
NUDT8,1.2332383,1.1781291
IL26,1.2332383,1.1781291
EDDM3A,1.2332383,1.1781291
VAMP8,1.2332383,1.1781291
SLC2A8,1.2332383,1.1781291
LIN52,1.2332383,1.1781291
FXYD6,1.2332383,1.1781291
GATS,1.2332383,1.1781291
BET1L,1.2332383,1.1781291
HCFC1R1,1.2332383,1.1781291
PPP1R1B,1.2332383,1.1781291
SLC7A11,1.2332383,1.1781291
MSGN1,1.2332383,1.1781291
EIF1AX,1.2332383,1.1781291
SAA2,1.2332383,1.1781291
ASPRV1,1.2332383,1.1781291
SLC30A5,1.2332383,1.1781291
RPS29,1.2332383,1.1781291
CEBPD,1.2332383,1.1781291
C12orf74,1.2332383,1.1781291
OBP2B,1.2332383,1.1781291
DIO3,1.2332383,1.1781291
TNFAIP8,1.2332383,1.1781291
VHLL,1.2332383,1.1781291
AC011484.1,1.2332383,1.1781291
MAGEB18,1.2332383,1.1781291
SCARA5,1.2332383,1.1781291
CNIH1,1.2332383,1.1781291
C3orf80,1.2332383,1.1781291
FAM86C1,1.2332383,1.1781291
ABRACL,1.2332383,1.1781291
KRTAP10-11,1.2332383,1.1781291
BEX3,1.2332383,1.1781291
GP9,1.2332383,1.1781291
INTS1,1.2332383,1.1781291
MTURN,1.2332383,1.1781291
SMIM4,1.2332383,1.1781291
HTRA2,1.2332383,1.1781291
SELENOV,1.2332383,1.1781291
RPP38,1.2332383,1.1781291
TRNP1,1.2332383,1.1781291
RPA4,1.2332383,1.1781291
FAM183A,1.2332383,1.1781291
AURKAIP1,1.2332383,1.1781291
EIF1AD,1.2332383,1.1781291
TIMM9,1.2332383,1.1781291
FFAR3,1.2332383,1.1781291
C4B,1.2332383,1.1781291
KLRG1,1.2332383,1.1781291
RELL1,1.2332383,1.1781291
DUS2,1.2332383,1.1781291
MFSD6,1.2332383,1.1781291
RGS13,1.2332383,1.1781291
UBE2V2,1.2332383,1.1781291
ACYP1,1.2332383,1.1781291
TCEAL5,1.2332383,1.1781291
PPP1R27,1.2332383,1.1781291
NUDT2,1.2332383,1.1781291
CRIP1,1.2332383,1.1781291
PNMA8A,1.2332383,1.1781291
HIGD2A,1.2332383,1.1781291
ANO6,1.2332383,1.1781291
ULBP3,1.2332383,1.1781291
SECTM1,1.2332383,1.1781291
PLLP,1.2332383,1.1781291
RPS19BP1,1.2332383,1.1781291
MCTS1,1.2332383,1.1781291
MRGPRX3,1.2332383,1.1781291
C17orf97,1.2332383,1.1781291
C1orf194,1.2332383,1.1781291
BORCS8,1.2332383,1.1781291
TBCA,1.2332383,1.1781291
PRM2,1.2332383,1.1781291
BANF1,1.2332383,1.1781291
TXNL4B,1.2332383,1.1781291
POTEM,1.2332383,1.1781291
CDR1,1.2332383,1.1781291
BOP1,1.2332383,1.1781291
THEM5,1.2332383,1.1781291
GAST,1.2332383,1.1781291
BTF3L4,1.2332383,1.1781291
SHISAL2B,1.2332383,1.1781291
SYNJ2BP,1.2332383,1.1781291
ANKRD66,1.2332383,1.1781291
SDHAF3,1.2332383,1.1781291
EIF4A1,1.2332383,1.1781291
RBP1,1.2332383,1.1781291
IL17B,1.2332383,1.1781291
CKS1B,1.2332383,1.1781291
C17orf49,1.2332383,1.1781291
OPTC,1.2332383,1.1781291
TMEM233,1.2332383,1.1781291
CSF3,1.2332383,1.1781291
COX7A1,1.2332383,1.1781291
MORF4L2,1.2332383,1.1781291
PLGRKT,1.2332383,1.1781291
DYDC2,1.2332383,1.1781291
TCEAL2,1.2332383,1.1781291
GSKIP,1.2332383,1.1781291
PFDN5,1.2332383,1.1781291
POLR2I,1.2332383,1.1781291
CYREN,1.2332383,1.1781291
NSMCE2,1.2332383,1.1781291
LSM2,1.2332383,1.1781291
TMEM219,1.2332383,1.1781291
LY6G5B,1.2332383,1.1781291
CXorf21,1.2332383,1.1781291
MGST1,1.2332383,1.1781291
TUSC2,1.2332383,1.1781291
KRTCAP3,1.2332383,1.1781291
ASXL1,1.2332383,1.1781291
MB,1.2332383,1.1781291
TAF10,1.2332383,1.1781291
GPX8,1.2332383,1.1781291
S100A2,1.2332383,1.1781291
TM4SF18,1.2332383,1.1781291
COMMD5,1.2332383,1.1781291
SLC31A2,1.2332383,1.1781291
TMEM37,1.2332383,1.1781291
PLA2G1B,1.2332383,1.1781291
CCL23,1.2332383,1.1781291
FAM9A,1.2332383,1.1781291
KLLN,1.2332383,1.1781291
SIAH3,1.2332383,1.1781291
VAMP2,1.2332383,1.1781291
IFITM2,1.2332383,1.1781291
KLRC2,1.2332383,1.1781291
CHCHD5,1.2332383,1.1781291
KRTAP9-1,1.2332383,1.1781291
ID4,1.2332383,1.1781291
KRTDAP,1.2332383,1.1781291
LYZL4,1.2332383,1.1781291
ID2,1.2332383,1.1781291
TRIM49,1.2332383,1.1781291
PDCD1LG2,1.2332383,1.1781291
VSTM5,1.2332383,1.1781291
NUDT14,1.2332383,1.1781291
KRTAP10-12,1.2332383,1.1781291
DNAJB8,1.2332383,1.1781291
RTP2,1.2332383,1.1781291
KRTAP10-8,1.2332383,1.1781291
PTPRCAP,1.2332383,1.1781291
GOLT1A,1.2332383,1.1781291
REG1B,1.2332383,1.1781291
LCN9,1.2332383,1.1781291
SCOC,1.2332383,1.1781291
FAM209B,1.2332383,1.1781291
TCTEX1D2,1.2332383,1.1781291
UTP14A,1.2332383,1.1781291
GABBR1,1.2332383,1.1781291
KAT8,1.2332383,1.1781291
FAM210B,1.2332383,1.1781291
C20orf85,1.2332383,1.1781291
C9orf152,1.2332383,1.1781291
HHLA3,1.2332383,1.1781291
MMP28,1.2332383,1.1781291
CCL25,1.2332383,1.1781291
NUP88,1.2332383,1.1781291
SLC23A2,1.2332383,1.1781291
LZIC,1.2332383,1.1781291
SNX12,1.2332383,1.1781291
C10orf67,1.2332383,1.1781291
NAP1L5,1.2332383,1.1781291
PDZD11,1.2332383,1.1781291
RPS21,1.2332383,1.1781291
ZNF705G,1.2332383,1.1781291
AIF1,1.2332383,1.1781291
UQCRH,1.2332383,1.1781291
RPL36A,1.2332383,1.1781291
KCNMB4,1.2332383,1.1781291
ARL14EPL,1.2332383,1.1781291
POTEI,1.2332383,1.1781291
CD58,1.2332383,1.1781291
TMEM156,1.2332383,1.1781291
VXN,1.2332383,1.1781291
ERFE,1.2332383,1.1781291
DPY30,1.2332383,1.1781291
MS4A4A,1.2332383,1.1781291
PRAMEF4,1.2332383,1.1781291
DEPDC4,1.2332383,1.1781291
GKN1,1.2332383,1.1781291
SENP8,1.2332383,1.1781291
SAA1,1.2332383,1.1781291
SSX3,1.2332383,1.1781291
CXorf40A,1.2332383,1.1781291
PCSK1N,1.2332383,1.1781291
SLC15A2,1.2332383,1.1781291
ACYP2,1.2332383,1.1781291
BCL2L15,1.2332383,1.1781291
C6orf52,1.2332383,1.1781291
C17orf96,1.2332383,1.1781291
FAM71C,1.2332383,1.1781291
PIGH,1.2332383,1.1781291
TAS2R7,1.2332383,1.1781291
MS4A7,1.2332383,1.1781291
ZNRD1,1.2332383,1.1781291
RNF222,1.2332383,1.1781291
PLA2G2D,1.2332383,1.1781291
GPX1,1.2332383,1.1781291
FAM174B,1.2332383,1.1781291
DIRAS3,1.2332383,1.1781291
C3orf62,1.2332383,1.1781291
INMT,1.2332383,1.1781291
TNFSF18,1.2332383,1.1781291
MEA1,1.2332383,1.1781291
C4A,1.2332383,1.1781291
COX7A2L,1.2332383,1.1781291
CCDC152,1.2332383,1.1781291
ULBP1,1.2332383,1.1781291
PGPEP1L,1.2332383,1.1781291
LRRC10,1.2332383,1.1781291
NINJ2,1.2332383,1.1781291
PIFO,1.2332383,1.1781291
SCIMP,1.2332383,1.1781291
CCZ1B,1.2332383,1.1781291
MAGEB4,1.2332383,1.1781291
PAIP2B,1.2332383,1.1781291
LYRM9,1.2332383,1.1781291
CCL14,1.2332383,1.1781291
IL17F,1.2332383,1.1781291
LRRC37A2,1.2332383,1.1781291
PRR23B,1.2332383,1.1781291
CSTL1,1.2332383,1.1781291
PFDN6,1.2332383,1.1781291
TMEM218,1.2332383,1.1781291
MAGEB2,1.2332383,1.1781291
CROT,1.2332383,1.1781291
CAMK2N2,1.2332383,1.1781291
APOL6,1.2332383,1.1781291
CAMSAP1,1.2332383,1.1781291
MAS1L,1.2332383,1.1781291
MARCKS,1.2332383,1.1781291
GSTA3,1.2332383,1.1781291
ARMH2,1.2332383,1.1781291
SRPX2,1.2332383,1.1781291
RNF24,1.2332383,1.1781291
MAGEB5,1.2332383,1.1781291
TMEM107,1.2332383,1.1781291
FAM180B,1.2332383,1.1781291
DAOA,1.2332383,1.1781291
CHCHD1,1.2332383,1.1781291
FNDC8,1.2332383,1.1781291
CDK2AP1,1.2332383,1.1781291
MAGEB3,1.2332383,1.1781291
SPATA9,1.2332383,1.1781291
TSPAN16,1.2332383,1.1781291
RLN1,1.2332383,1.1781291
EVA1B,1.2332383,1.1781291
DDX5,1.2332383,1.1781291
ORC1,1.2332383,1.1781291
ALAD,1.2332383,1.1781291
NEDD8,1.2332383,1.1781291
TMEM126A,1.2332383,1.1781291
JPT2,1.2332383,1.1781291
AMY1C,1.2332383,1.1781291
ASCL5,1.2332383,1.1781291
SNRPC,1.2332383,1.1781291
SLC6A9,1.2332383,1.1781291
TM4SF20,1.2332383,1.1781291
KRTAP4-11,1.2332383,1.1781291
HEG1,1.2332383,1.1781291
LURAP1L,1.2332383,1.1781291
RGS21,1.2332383,1.1781291
RNF11,1.2332383,1.1781291
CCDC188,1.2332383,1.1781291
CALY,1.2332383,1.1781291
GPX2,1.2332383,1.1781291
PPP1R14C,1.2332383,1.1781291
TMEM213,1.2332383,1.1781291
FAM209A,1.2332383,1.1781291
IQCF6,1.2332383,1.1781291
CFAP126,1.2332383,1.1781291
TAS2R10,1.2332383,1.1781291
SHISA4,1.2332383,1.1781291
CLEC4E,1.2332383,1.1781291
C1orf226,1.2332383,1.1781291
C11orf88,1.2332383,1.1781291
MS4A4E,1.2332383,1.1781291
GM2A,1.2332383,1.1781291
C5orf52,1.2332383,1.1781291
TAS2R39,1.2332383,1.1781291
AGO1,1.2332383,1.1781291
HIST1H1T,1.2332383,1.1781291
TSLP,1.2332383,1.1781291
NUP107,1.2332383,1.1781291
GEMIN7,1.2332383,1.1781291
RNASE4,1.2332383,1.1781291
GPIHBP1,1.2332383,1.1781291
C10orf95,1.2332383,1.1781291
KLRF1,1.2332383,1.1781291
SNRPA,1.2332383,1.1781291
COX5B,1.2332383,1.1781291
TMEM65,1.2332383,1.1781291
CALML6,1.2332383,1.1781291
MS4A6A,1.2332383,1.1781291
ANG,1.2332383,1.1781291
DYNLL2,1.2332383,1.1781291
LECT2,1.2332383,1.1781291
PDCL2,1.2332383,1.1781291
CDV3,1.2332383,1.1781291
TCTEX1D1,1.2332383,1.1781291
TNFSF8,1.2332383,1.1781291
EDDM3B,1.2332383,1.1781291
LCN12,1.2332383,1.1781291
CD300LD,1.2332383,1.1781291
RLN2,1.2332383,1.1781291
CASC10,1.2332383,1.1781291
GPR141,1.2332383,1.1781291
IGSF6,1.2332383,1.1781291
SPINK5,1.2332383,1.1781291
DEPP1,1.2332383,1.1781291
TSR2,1.2332383,1.1781291
LTA,1.2332383,1.1781291
RD3,1.2332383,1.1781291
GRK5,1.2332383,1.1781291
ARRDC5,1.2332383,1.1781291
BEX4,1.2332383,1.1781291
SNURF,1.2332383,1.1781291
CLEC12A,1.2332383,1.1781291
TMEM123,1.2332383,1.1781291
IRF3,1.2332383,1.1781291
GCSAM,1.2332383,1.1781291
ERP27,1.2332383,1.1781291
NSG1,1.2332383,1.1781291
DNAJC15,1.2332383,1.1781291
CCDC85B,1.2332383,1.1781291
KRTAP10-9,1.2332383,1.1781291
KRTCAP2,1.2332383,1.1781291
ATP6V1G3,1.2332383,1.1781291
FXYD1,1.2332383,1.1781291
OMP,1.2332383,1.1781291
CTAG2,1.2332383,1.1781291
CCRL2,1.2332383,1.1781291
PSMD10,1.2332383,1.1781291
COMMD2,1.2332383,1.1781291
DPPA5,1.2332383,1.1781291
OTUD6A,1.2332383,1.1781291
FAM169B,1.2332383,1.1781291
RPL32,1.2332383,1.1781291
SRP9,1.2332383,1.1781291
LCN10,1.2332383,1.1781291
KIAA0895,1.2332383,1.1781291
CHCHD10,1.2332383,1.1781291
CCDC171,1.2332383,1.1781291
TAS2R60,1.2332383,1.1781291
HSPB11,1.2332383,1.1781291
SPACA7,1.2332383,1.1781291
B4GALNT3,1.2332383,1.1781291
LAMTOR1,1.2332383,1.1781291
MBL2,1.2332383,1.1781291
HIST3H3,1.2332383,1.1781291
PRAP1,1.2332383,1.1781291
METTL3,1.2332383,1.1781291
SLC22A18AS,1.2332383,1.1781291
CBWD1,1.2332383,1.1781291
GLRX2,1.2332383,1.1781291
SNX3,1.2332383,1.1781291
APOC3,1.2332383,1.1781291
NANOGNB,1.2332383,1.1781291
IL25,1.2332383,1.1781291
BAALC,1.2332383,1.1781291
CARD16,1.2332383,1.1781291
OCM,1.2332383,1.1781291
CEBPG,1.2332383,1.1781291
C1orf105,1.2332383,1.1781291
ATP5PF,1.2332383,1.1781291
PRND,1.2332383,1.1781291
MAGEA12,1.2332383,1.1781291
MAGEA10,1.2332383,1.1781291
IL1RN,1.2332383,1.1781291
VGLL1,1.2332383,1.1781291
PHLDA2,1.2332383,1.1781291
CNTD2,1.2332383,1.1781291
IL24,1.2332383,1.1781291
ACVR2A,1.2332383,1.1781291
ELOB,1.2332383,1.1781291
BATF,1.2332383,1.1781291
POLR3G,1.2332383,1.1781291
DYNLL1,1.2332383,1.1781291
JUND,1.2332383,1.1781291
CD160,1.2332383,1.1781291
FAM207A,1.2332383,1.1781291
APOD,1.2332383,1.1781291
LYRM2,1.2332383,1.1781291
IMMP2L,1.2332383,1.1781291
CISD1,1.2332383,1.1781291
AC005841.1,1.2332383,1.1781291
RRP15,1.2332383,1.1781291
LGALS9C,1.2332383,1.1781291
DRAP1,1.2332383,1.1781291
OPRPN,1.2332383,1.1781291
MS4A1,1.2332383,1.1781291
UTS2B,1.2332383,1.1781291
APOOL,1.2332383,1.1781291
CLRN3,1.2332383,1.1781291
ZNF444,1.2332383,1.1781291
CMTM1,1.2332383,1.1781291
MCEE,1.2332383,1.1781291
BOLA3,1.2332383,1.1781291
PMP2,1.2332383,1.1781291
TNFSF9,1.2332383,1.1781291
TEX47,1.2332383,1.1781291
DYDC1,1.2332383,1.1781291
OCIAD2,1.2332383,1.1781291
AL121963.1,1.2332383,1.1781291
C14orf119,1.2332383,1.1781291
DNAL1,1.2332383,1.1781291
TSKU,1.2332383,1.1781291
SPATA46,1.2332383,1.1781291
CCDC28B,1.2332383,1.1781291
MANSC4,1.2332383,1.1781291
BCAS4,1.2332383,1.1781291
PRXL2C,1.2332383,1.1781291
SSC4D,1.2332383,1.1781291
MS4A10,1.2332383,1.1781291
TEX30,1.2332383,1.1781291
UBL5,1.2332383,1.1781291
CGGBP1,1.2332383,1.1781291
SIGLECL1,1.2332383,1.1781291
TMEM170A,1.2332383,1.1781291
SSX5,1.2332383,1.1781291
LYRM4,1.2332383,1.1781291
TMEM17,1.2332383,1.1781291
EPGN,1.2332383,1.1781291
PIGF,1.2332383,1.1781291
LCN6,1.2332383,1.1781291
MIS18A,1.2332383,1.1781291
C2orf74,1.2332383,1.1781291
ARL16,1.2332383,1.1781291
DCAF16,1.2332383,1.1781291
BID,1.2332383,1.1781291
TMUB1,1.2332383,1.1781291
XG,1.2332383,1.1781291
ARHGEF6,1.2332383,1.1781291
RSPH10B,1.2332383,1.1781291
TAS2R19,1.2332383,1.1781291
CCL3L3,1.2332383,1.1781291
GEMIN6,1.2332383,1.1781291
TMED2,1.2332383,1.1781291
MRGPRX2,1.2332383,1.1781291
HARS2,1.2332383,1.1781291
C12orf76,1.2332383,1.1781291
SYNGR4,1.2332383,1.1781291
FCER1A,1.2332383,1.1781291
TIMM22,1.2332383,1.1781291
VSTM1,1.2332383,1.1781291
MPHOSPH6,1.2332383,1.1781291
PTGES,1.2332383,1.1781291
SH2D1B,1.2332383,1.1781291
C22orf42,1.2332383,1.1781291
TMEM179B,1.2332383,1.1781291
TP53INP2,1.2332383,1.1781291
TBC1D28,1.2332383,1.1781291
H2BFM,1.2332383,1.1781291
CD164L2,1.2332383,1.1781291
ZNF720,1.2332383,1.1781291
EIF4EBP2,1.2332383,1.1781291
C8orf82,1.2332383,1.1781291
CBWD3,1.2332383,1.1781291
SMIM7,1.2332383,1.1781291
NOMO2,1.2332383,1.1781291
ORMDL1,1.2332383,1.1781291
JPT1,1.2332383,1.1781291
FPR1,1.2332383,1.1781291
PAXX,1.2332383,1.1781291
SKA2,1.2332383,1.1781291
PRH1,1.2332383,1.1781291
BOLA1,1.2332383,1.1781291
PFDN1,1.2332383,1.1781291
SAT2,1.2332383,1.1781291
NKAIN4,1.2332383,1.1781291
CDKN2C,1.2332383,1.1781291
RGS9BP,1.2332383,1.1781291
C2orf49,1.2332383,1.1781291
LEPROT,1.2332383,1.1781291
TCP10L,1.2332383,1.1781291
EEF1E1,1.2332383,1.1781291
CIAO2B,1.2332383,1.1781291
PRH2,1.2332383,1.1781291
CYLC2,1.2332383,1.1781291
MED28,1.2332383,1.1781291
CNFN,1.2332383,1.1781291
TMEM254,1.2332383,1.1781291
LRRC26,1.2332383,1.1781291
CRABP2,1.2332383,1.1781291
ZC3HAV1L,1.2332383,1.1781291
RNF223,1.2332383,1.1781291
HPGDS,1.2332383,1.1781291
CARTPT,1.2332383,1.1781291
MCOLN3,1.2332383,1.1781291
AKIP1,1.2332383,1.1781291
IL1A,1.2332383,1.1781291
MAL2,1.2332383,1.1781291
ATP5F1D,1.2332383,1.1781291
GOLGA8H,1.2332383,1.1781291
GPS1,1.2332383,1.1781291
KCNRG,1.2332383,1.1781291
NAT2,1.2332383,1.1781291
SNRPD2,1.2332383,1.1781291
KRTAP11-1,1.2332383,1.1781291
NSG2,1.2332383,1.1781291
ZG16,1.2332383,1.1781291
COPRS,1.2332383,1.1781291
ETFRF1,1.2332383,1.1781291
C6orf120,1.2332383,1.1781291
CYP27B1,1.2332383,1.1781291
MAP1LC3B2,1.2332383,1.1781291
RNF186,1.2332383,1.1781291
FAM162A,1.2332383,1.1781291
KCNQ5,1.2332383,1.1781291
FAM228A,1.2332383,1.1781291
LST1,1.2332383,1.1781291
C1orf53,1.2332383,1.1781291
CD200R1L,1.2332383,1.1781291
RWDD3,1.2332383,1.1781291
ZFAND2A,1.2332383,1.1781291
SPIN3,1.2332383,1.1781291
MEF2D,1.2332383,1.1781291
LMNB2,1.2332383,1.1781291
LSMEM2,1.2332383,1.1781291
IQCF1,1.2332383,1.1781291
C19orf84,1.2332383,1.1781291
SLC35G5,1.2332383,1.1781291
PPP5D1,1.2332383,1.1781291
ODF3,1.2332383,1.1781291
C22orf46,1.2332383,1.1781291
DAP,1.2332383,1.1781291
TAS2R20,1.2332383,1.1781291
GNLY,1.2332383,1.1781291
ROMO1,1.2332383,1.1781291
C8orf74,1.2332383,1.1781291
ALKAL2,1.2332383,1.1781291
LRRC10B,1.2332383,1.1781291
LGALS13,1.2332383,1.1781291
SNRPD1,1.2332383,1.1781291
CXorf30,1.2332383,1.1781291
CNIH2,1.2332383,1.1781291
MTIF2,1.2332383,1.1781291
PPP3R2,1.2332383,1.1781291
RNF208,1.2332383,1.1781291
RRM2,1.2332383,1.1781291
FAM120AOS,1.2332383,1.1781291
GTF3C6,1.2332383,1.1781291
LAPTM5,1.2332383,1.1781291
IL19,1.2332383,1.1781291
FAM89A,1.2332383,1.1781291
C20orf202,1.2332383,1.1781291
POLR2J,1.2332383,1.1781291
CTNNBIP1,1.2332383,1.1781291
SAT1,1.2332383,1.1781291
LCAT,1.2332383,1.1781291
TIMM13,1.2332383,1.1781291
ZCCHC10,1.2332383,1.1781291
FAM3C,1.2332383,1.1781291
AC026202.1,1.2332383,1.1781291
EREG,1.2332383,1.1781291
LY6H,1.2332383,1.1781291
TMEM31,1.2332383,1.1781291
C8orf33,1.2332383,1.1781291
ZNF124,1.2332383,1.1781291
TMEM54,1.2332383,1.1781291
OSR1,1.2332383,1.1781291
TMEM52B,1.2332383,1.1781291
AWAT1,1.2332383,1.1781291
KNDC1,1.2332383,1.1781291
GPR160,1.2332383,1.1781291
COTL1,1.2332383,1.1781291
LEP,1.2332383,1.1781291
NRM,1.2332383,1.1781291
CABCOCO1,1.2332383,1.1781291
DAB2IP,1.2332383,1.1781291
TRIM46,1.2332383,1.1781291
TDGF1,1.2332383,1.1781291
THEM4,1.2332383,1.1781291
SPINT3,1.2332383,1.1781291
NXNL2,1.2332383,1.1781291
RAB41,1.2332383,1.1781291
SPATA8,1.2332383,1.1781291
TMEM190,1.2332383,1.1781291
ERH,1.2332383,1.1781291
FGFBP3,1.2332383,1.1781291
LAMTOR2,1.2332383,1.1781291
KRTAP10-5,1.2332383,1.1781291
LY96,1.2332383,1.1781291
CATSPER2,1.2332383,1.1781291
NXT2,1.2332383,1.1781291
HNRNPA1L2,1.2332383,1.1781291
RPL22L1,1.2332383,1.1781291
CLEC4D,1.2332383,1.1781291
DUSP21,1.2332383,1.1781291
FAM122A,1.2332383,1.1781291
SH3BGRL,1.2332383,1.1781291
MMAA,1.2332383,1.1781291
FBXL15,1.2332383,1.1781291
C8B,1.2332383,1.1781291
PRR34,1.2332383,1.1781291
DUSP19,1.2332383,1.1781291
RFLNA,1.2332383,1.1781291
TCTEX1D4,1.2332383,1.1781291
POP7,1.2332383,1.1781291
C15orf62,1.2332383,1.1781291
GOLGA6L9,1.2332383,1.1781291
SH3BGRL2,1.2332383,1.1781291
CIART,1.2332383,1.1781291
EBF2,1.2332383,1.1781291
GMPPB,1.2332383,1.1781291
CNIH4,1.2332383,1.1781291
ECHDC3,1.2332383,1.1781291
CRP,1.2332383,1.1781291
STAU2,1.2332383,1.1781291
PDXP,1.2332383,1.1781291
BRI3,1.2332383,1.1781291
BTG2,1.2332383,1.1781291
RFPL4B,1.2332383,1.1781291
ZCCHC18,1.2332383,1.1781291
ARIH2OS,1.2332383,1.1781291
MRPS12,1.2332383,1.1781291
ALG1,1.2332383,1.1781291
C17orf58,1.2332383,1.1781291
DEFB125,1.2332383,1.1781291
PRR29,1.2332383,1.1781291
SLC48A1,1.2332383,1.1781291
FADD,1.2332383,1.1781291
DNLZ,1.2332383,1.1781291
LRRC73,1.2332383,1.1781291
CLEC2B,1.2332383,1.1781291
SLC35G3,1.2332383,1.1781291
BIRC8,1.2332383,1.1781291
SCRT1,1.2332383,1.1781291
HIKESHI,1.2332383,1.1781291
PRR22,1.2332383,1.1781291
IFITM5,1.2332383,1.1781291
KRTAP24-1,1.2332383,1.1781291
CLEC2D,1.2332383,1.1781291
CD80,1.2332383,1.1781291
TGFA,1.2332383,1.1781291
TMEM217,1.2332383,1.1781291
BCL2A1,1.2332383,1.1781291
HACD4,1.2332383,1.1781291
IL17A,1.2332383,1.1781291
SRXN1,1.2332383,1.1781291
FIBIN,1.2332383,1.1781291
PTRHD1,1.2332383,1.1781291
CLEC6A,1.2332383,1.1781291
EPB41L1,1.2332383,1.1781291
C16orf54,1.2332383,1.1781291
TFF2,1.2332383,1.1781291
SORBS3,1.2332383,1.1781291
VN1R2,1.2332383,1.1781291
IL17C,1.2332383,1.1781291
C4orf17,1.2332383,1.1781291
FMR1NB,1.2332383,1.1781291
RBP5,1.2332383,1.1781291
CCDC117,1.2332383,1.1781291
CTLA4,1.2332383,1.1781291
MRGPRG,1.2332383,1.1781291
IFNE,1.2332383,1.1781291
RNF122,1.2332383,1.1781291
ARPC5L,1.2332383,1.1781291
C17orf107,1.2332383,1.1781291
C16orf45,1.2332383,1.1781291
FCGR2A,1.2332383,1.1781291
TRAT1,1.2332383,1.1781291
JOSD2,1.2332383,1.1781291
SUMO2,1.2332383,1.1781291
GAL,1.2332383,1.1781291
SPACA1,1.2332383,1.1781291
C1orf131,1.2332383,1.1781291
FANCF,1.2332383,1.1781291
ADM5,1.2332383,1.1781291
WFDC5,1.2332383,1.1781291
BAG2,1.2332383,1.1781291
NDUFB5,1.2332383,1.1781291
TMCO2,1.2332383,1.1781291
DNAJB7,1.2332383,1.1781291
TCL1A,1.2332383,1.1781291
POM121L12,1.2332383,1.1781291
DNAJC6,1.2332383,1.1781291
CACNA1E,1.2332383,1.1781291
GABARAPL1,1.2332383,1.1781291
RAMAC,1.2332383,1.1781291
FAM133A,1.2332383,1.1781291
FAM170B,1.2332383,1.1781291
CPLX3,1.2332383,1.1781291
TMEM251,1.2332383,1.1781291
SLC10A5,1.2332383,1.1781291
LYNX1,1.2332383,1.1781291
TLNRD1,1.2332383,1.1781291
THBS2,1.2332383,1.1781291
PUDP,1.2332383,1.1781291
C1orf68,1.2332383,1.1781291
TERB2,1.2332383,1.1781291
PDCD5,1.2332383,1.1781291
PCBP1,1.2332383,1.1781291
ROPN1B,1.2332383,1.1781291
HINT3,1.2332383,1.1781291
LCN2,1.2332383,1.1781291
C3orf70,1.2332383,1.1781291
MYDGF,1.2332383,1.1781291
REX1BD,1.2332383,1.1781291
RDM1,1.2332383,1.1781291
ESM1,1.2332383,1.1781291
ERP29,1.2332383,1.1781291
ARPC3,1.2332383,1.1781291
KLHL40,1.2332383,1.1781291
DNAL4,1.2332383,1.1781291
GPR82,1.2332383,1.1781291
ARL2BP,1.2332383,1.1781291
FAM177B,1.2332383,1.1781291
TXNDC17,1.2332383,1.1781291
COMMD4,1.2332383,1.1781291
GPR148,1.2332383,1.1781291
FTL,1.2332383,1.1781291
TXNDC12,1.2332383,1.1781291
COX6B2,1.2332383,1.1781291
C19orf81,1.2332383,1.1781291
DEFB119,1.2332383,1.1781291
GIMAP1,1.2332383,1.1781291
HIP1,1.2332383,1.1781291
SDHAF4,1.2332383,1.1781291
CLEC3B,1.2332383,1.1781291
PGA4,1.2332383,1.1781291
POLR2D,1.2332383,1.1781291
RPH3A,1.2332383,1.1781291
SNAI3,1.2332383,1.1781291
THY1,1.2332383,1.1781291
SNRPB2,1.2332383,1.1781291
NICN1,1.2332383,1.1781291
RAET1G,1.2332383,1.1781291
MYL7,1.2332383,1.1781291
CCDC54,1.2332383,1.1781291
UBE2QL1,1.2332383,1.1781291
CETN1,1.2332383,1.1781291
HSPA6,1.2332383,1.1781291
TRAPPC5,1.2332383,1.1781291
SLAMF1,1.2332383,1.1781291
LGALS14,1.2332383,1.1781291
GIMAP4,1.2332383,1.1781291
TRAPPC6A,1.2332383,1.1781291
LGALS1,1.2332383,1.1781291
ERG28,1.2332383,1.1781291
TMEM230,1.2332383,1.1781291
PGLYRP1,1.2332383,1.1781291
AIM2,1.2332383,1.1781291
NDUFS6,1.2332383,1.1781291
SREK1IP1,1.2332383,1.1781291
ARL5C,1.2332383,1.1781291
GREM2,1.2332383,1.1781291
USP17L2,1.2332383,1.1781291
RWDD1,1.2332383,1.1781291
DR1,1.2332383,1.1781291
CD8B,1.2332383,1.1781291
DDIT3,1.2332383,1.1781291
C19orf38,1.2332383,1.1781291
PSMG4,1.2332383,1.1781291
RTP3,1.2332383,1.1781291
TFDP3,1.2332383,1.1781291
IL36B,1.2332383,1.1781291
HBE1,1.2332383,1.1781291
PCBD1,1.2332383,1.1781291
GSTO1,1.2332383,1.1781291
SPX,1.2332383,1.1781291
FNDC9,1.2332383,1.1781291
SPCS1,1.2332383,1.1781291
COMMD6,1.2332383,1.1781291
CPLX1,1.2332383,1.1781291
PRSS46P,1.2332383,1.1781291
CEMP1,1.2332383,1.1781291
KLF14,1.2332383,1.1781291
CCZ1,1.2332383,1.1781291
MRGPRD,1.2332383,1.1781291
PXDC1,1.2332383,1.1781291
UBE2U,1.2332383,1.1781291
SKIL,1.2332383,1.1781291
SHLD3,1.2332383,1.1781291
CLDN34,1.2332383,1.1781291
DYNLT1,1.2332383,1.1781291
CPLX2,1.2332383,1.1781291
TBC1D4,1.2332383,1.1781291
GLYATL2,1.2332383,1.1781291
LYPLAL1,1.2332383,1.1781291
TMIGD2,1.2332383,1.1781291
SPA17,1.2332383,1.1781291
AKAP14,1.2332383,1.1781291
EIF2B5,1.2332383,1.1781291
C6orf223,1.2332383,1.1781291
ID1,1.2332383,1.1781291
ARMCX2,1.2332383,1.1781291
PRDX1,1.2332383,1.1781291
ZNF547,1.2332383,1.1781291
MOBP,1.2332383,1.1781291
RFPL1,1.2332383,1.1781291
FUNDC1,1.2332383,1.1781291
HAVCR2,1.2332383,1.1781291
ATP6AP2,1.2332383,1.1781291
TAT,1.2332383,1.1781291
DRAM1,1.2332383,1.1781291
NUTF2,1.2332383,1.1781291
AKAP5,1.2332383,1.1781291
MRGPRE,1.2332383,1.1781291
IL11,1.2332383,1.1781291
CD48,1.2332383,1.1781291
MKRN2OS,1.2332383,1.1781291
DDIT4L,1.2332383,1.1781291
HDHD2,1.2332383,1.1781291
KCND3,1.2332383,1.1781291
HIST1H3H,1.2332383,1.1781291
CCK,1.2332383,1.1781291
SDC4,1.2332383,1.1781291
SSR4,1.2332383,1.1781291
SV2B,1.2332383,1.1781291
NPIPB15,1.2332383,1.1781291
ARMC7,1.2332383,1.1781291
CD69,1.2332383,1.1781291
GAP43,1.2332383,1.1781291
NREP,1.2332383,1.1781291
LRRC3,1.2332383,1.1781291
PGM2,1.2332383,1.1781291
DNAJC5G,1.2332383,1.1781291
ZNF552,1.2332383,1.1781291
PGF,1.2332383,1.1781291
ATP5PD,1.2332383,1.1781291
KHDC3L,1.2332383,1.1781291
VAMP3,1.2332383,1.1781291
PFDN2,1.2332383,1.1781291
RGS16,1.2332383,1.1781291
TAS2R5,1.2332383,1.1781291
GPR89B,1.2332383,1.1781291
HBQ1,1.2332383,1.1781291
NANOS1,1.2332383,1.1781291
NUDT3,1.2332383,1.1781291
NPPC,1.2332383,1.1781291
ZNF615,1.2332383,1.1781291
IL6,1.2332383,1.1781291
FAM19A5,1.2332383,1.1781291
SSNA1,1.2332383,1.1781291
CYB5A,1.2332383,1.1781291
SZRD1,1.2332383,1.1781291
CSN1S1,1.2332383,1.1781291
PLD6,1.2332383,1.1781291
ARMCX5,1.2332383,1.1781291
FSHB,1.2332383,1.1781291
GPSM3,1.2332383,1.1781291
NME5,1.2332383,1.1781291
PHF5A,1.2332383,1.1781291
IL17D,1.2332383,1.1781291
SERBP1,1.2332383,1.1781291
MDK,1.2332383,1.1781291
RWDD4,1.2332383,1.1781291
PRKX,1.2332383,1.1781291
ARPC5,1.2332383,1.1781291
ZC3H12B,1.2332383,1.1781291
ATP5MC3,1.2332383,1.1781291
MAP1LC3A,1.2332383,1.1781291
PTTG1IP,1.2332383,1.1781291
CENPM,1.2332383,1.1781291
C17orf51,1.2332383,1.1781291
NDN,1.2332383,1.1781291
MCFD2,1.2332383,1.1781291
EHD3,1.2332383,1.1781291
TVP23B,1.2332383,1.1781291
FAM167B,1.2332383,1.1781291
EFHD1,1.2332383,1.1781291
SNX29,1.2332383,1.1781291
GPR89A,1.2332383,1.1781291
PAM16,1.2332383,1.1781291
GSTM4,1.2332383,1.1781291
DNAJC19,1.2332383,1.1781291
MAGEB10,1.2332383,1.1781291
CANT1,1.2332383,1.1781291
FKBP1A,1.2332383,1.1781291
C11orf58,1.2332383,1.1781291
CDSN,1.2332383,1.1781291
TMC6,1.2332383,1.1781291
RGPD8,1.2332383,1.1781291
ISG20,1.2332383,1.1781291
NPM2,1.2332383,1.1781291
TAAR8,1.2332383,1.1781291
RD3L,1.2332383,1.1781291
RBM43,1.2332383,1.1781291
NDUFA7,1.2332383,1.1781291
GPBAR1,1.2332383,1.1781291
TMEM50B,1.2332383,1.1781291
HMSD,1.2332383,1.1781291
ARHGAP39,1.2332383,1.1781291
PDZK1,1.2332383,1.1781291
GLIPR1L1,1.2332383,1.1781291
RTL6,1.2332383,1.1781291
TAOK3,1.2332383,1.1781291
MAGEF1,1.2332383,1.1781291
MYEOV,1.2332383,1.1781291
MSANTD1,1.2332383,1.1781291
PER1,1.2332383,1.1781291
GCSH,1.2332383,1.1781291
RGS10,1.2332383,1.1781291
CLEC7A,1.2332383,1.1781291
VBP1,1.2332383,1.1781291
GADD45A,1.2332383,1.1781291
CLEC1B,1.2332383,1.1781291
ROPN1L,1.2332383,1.1781291
KRT75,1.2332383,1.1781291
BLOC1S2,1.2332383,1.1781291
HAMP,1.2332383,1.1781291
CDC42EP3,1.2332383,1.1781291
CACNG6,1.2332383,1.1781291
PCSK5,1.2332383,1.1781291
NANOG,1.2332383,1.1781291
TBX4,1.2332383,1.1781291
SDC2,1.2332383,1.1781291
RTP1,1.2332383,1.1781291
RPS28,1.2332383,1.1781291
PROK2,1.2332383,1.1781291
CCER2,1.2332383,1.1781291
MCF2L2,1.2332383,1.1781291
RPL29,1.2332383,1.1781291
ITGB2,1.2332383,1.1781291
KLF8,1.2332383,1.1781291
NUDT11,1.2332383,1.1781291
NKAPD1,1.2332383,1.1781291
SUSD3,1.2332383,1.1781291
RIPPLY3,1.2332383,1.1781291
NHP2,1.2332383,1.1781291
SPP1,1.2332383,1.1781291
MAGEB1,1.2332383,1.1781291
HIST1H2AK,1.2332383,1.1781291
TPPP3,1.2332383,1.1781291
INSL6,1.2332383,1.1781291
CPXCR1,1.2332383,1.1781291
SELPLG,1.2332383,1.1781291
MAGEB17,1.2332383,1.1781291
PTPN20B,1.2332383,1.1781291
TRARG1,1.2332383,1.1781291
DMPK,1.2332383,1.1781291
ARL11,1.2332383,1.1781291
CSPP1,1.2332383,1.1781291
PEA15,1.2332383,1.1781291
UQCC2,1.2332383,1.1781291
NFYB,1.2332383,1.1781291
TALDO1,1.2332383,1.1781291
FAM219B,1.2332383,1.1781291
IFT22,1.2332383,1.1781291
CWC15,1.2332383,1.1781291
LSM6,1.2332383,1.1781291
GSTA4,1.2332383,1.1781291
DPY19L3,1.2332383,1.1781291
RELL2,1.2332383,1.1781291
FAM71E1,1.2332383,1.1781291
BTG4,1.2332383,1.1781291
FAM220A,1.2332383,1.1781291
IQCJ,1.2332383,1.1781291
APCS,1.2332383,1.1781291
TEX13B,1.2332383,1.1781291
CBY3,1.2332383,1.1781291
CXorf56,1.2332383,1.1781291
ARL6IP5,1.2332383,1.1781291
ANGPTL8,1.2332383,1.1781291
MED10,1.2332383,1.1781291
EIF5A2,1.2332383,1.1781291
SFT2D1,1.2332383,1.1781291
FBXO36,1.2332383,1.1781291
RFXAP,1.2332383,1.1781291
BSPH1,1.2332383,1.1781291
MIS12,1.2332383,1.1781291
RNASEK,1.2332383,1.1781291
KCNMB3,1.2332383,1.1781291
TPT1,1.2332383,1.1781291
CCDC190,1.2332383,1.1781291
ART4,1.2332383,1.1781291
LAMTOR3,1.2332383,1.1781291
CMTM4,1.2332383,1.1781291
XAF1,1.2332383,1.1781291
COL25A1,1.2332383,1.1781291
SMCO2,1.2332383,1.1781291
TXN2,1.2332383,1.1781291
GOLGA8M,1.2332383,1.1781291
MYL5,1.2332383,1.1781291
SDHAF1,1.2332383,1.1781291
KRT5,1.2332383,1.1781291
CREG1,1.2332383,1.1781291
LRRC61,1.2332383,1.1781291
CITED1,1.2332383,1.1781291
MED11,1.2332383,1.1781291
PHPT1,1.2332383,1.1781291
ZSWIM7,1.2332383,1.1781291
CDCA5,1.2332383,1.1781291
SNAPIN,1.2332383,1.1781291
NANP,1.2332383,1.1781291
HEBP2,1.2332383,1.1781291
ELOF1,1.2332383,1.1781291
CAVIN3,1.2332383,1.1781291
NDST4,1.2332383,1.1781291
FRG1,1.2332383,1.1781291
OOEP,1.2332383,1.1781291
RFK,1.2332383,1.1781291
KLHL32,1.2332383,1.1781291
COA3,1.2332383,1.1781291
TMEM176A,1.2332383,1.1781291
TRAF7,1.2332383,1.1781291
CCDC124,1.2332383,1.1781291
LYZL1,1.2332383,1.1781291
CKMT1A,1.2332383,1.1781291
RFPL3,1.2332383,1.1781291
HIST1H3A,1.2332383,1.1781291
IFNK,1.2332383,1.1781291
IQCF3,1.2332383,1.1781291
SPART,1.2332383,1.1781291
SFT2D2,1.2332383,1.1781291
HSPA9,1.2332383,1.1781291
COA7,1.2332383,1.1781291
DPM3,1.2332383,1.1781291
RASAL2,1.2332383,1.1781291
TMEM35A,1.2332383,1.1781291
GIMAP5,1.2332383,1.1781291
RASSF3,1.2332383,1.1781291
CALHM2,1.2332383,1.1781291
GSTP1,1.2332383,1.1781291
LYSMD4,1.2332383,1.1781291
SPCS2,1.2332383,1.1781291
BIRC5,1.2332383,1.1781291
PIR,1.2332383,1.1781291
GPHA2,1.2332383,1.1781291
C1orf56,1.2332383,1.1781291
C19orf25,1.2332383,1.1781291
CATSPERZ,1.2332383,1.1781291
OXER1,1.2332383,1.1781291
RAP2C,1.2332383,1.1781291
UBALD1,1.2332383,1.1781291
RBPMS2,1.2332383,1.1781291
CCDC172,1.2332383,1.1781291
AP3S1,1.2332383,1.1781291
FGFBP2,1.2332383,1.1781291
UQCRQ,1.2332383,1.1781291
C6orf203,1.2332383,1.1781291
C9orf135,1.2332383,1.1781291
C1orf141,1.2332383,1.1781291
KIR3DL3,1.2332383,1.1781291
TRIM37,1.2332383,1.1781291
PLK5,1.2332383,1.1781291
JTB,1.2332383,1.1781291
NAIF1,1.2332383,1.1781291
CYSLTR2,1.2332383,1.1781291
C18orf21,1.2332383,1.1781291
SPACA9,1.2332383,1.1781291
YBEY,1.2332383,1.1781291
EVI2A,1.2332383,1.1781291
POLE4,1.2332383,1.1781291
PPP1R1A,1.2332383,1.1781291
CFL1,1.2332383,1.1781291
SERTAD2,1.2332383,1.1781291
AGAP5,1.2332383,1.1781291
PPIH,1.2332383,1.1781291
NAA80,1.2332383,1.1781291
MED21,1.2332383,1.1781291
TOB2,1.2332383,1.1781291
C17orf78,1.2332383,1.1781291
KLF13,1.2332383,1.1781291
GLT6D1,1.2332383,1.1781291
HES3,1.2332383,1.1781291
CCDC89,1.2332383,1.1781291
TIGIT,1.2332383,1.1781291
CHAC2,1.2332383,1.1781291
HMGN1,1.2332383,1.1781291
AGR2,1.2332383,1.1781291
FAM19A4,1.2332383,1.1781291
WFDC2,1.2332383,1.1781291
MID1IP1,1.2332383,1.1781291
STPG4,1.2332383,1.1781291
UBE2D4,1.2332383,1.1781291
TMEM242,1.2332383,1.1781291
CNRIP1,1.2332383,1.1781291
C19orf12,1.2332383,1.1781291
CRADD,1.2332383,1.1781291
CFAP299,1.2332383,1.1781291
PROSER2,1.2332383,1.1781291
PAGR1,1.2332383,1.1781291
METTL7A,1.2332383,1.1781291
UBE2L3,1.2332383,1.1781291
PRADC1,1.2332383,1.1781291
AKR1B15,1.2332383,1.1781291
LNP1,1.2332383,1.1781291
EEF1AKMT1,1.2332383,1.1781291
LIN28A,1.2332383,1.1781291
C8orf48,1.2332383,1.1781291
KRTAP10-7,1.2332383,1.1781291
PHOSPHO2,1.2332383,1.1781291
MPC2,1.2332383,1.1781291
KCNE2,1.2332383,1.1781291
PRKACG,1.2332383,1.1781291
RAI2,1.2332383,1.1781291
PLA2G4E,1.2332383,1.1781291
LILRA5,1.2332383,1.1781291
MRAP2,1.2332383,1.1781291
FREM3,1.2332383,1.1781291
ABCG5,1.2332383,1.1781291
SIM2,1.2332383,1.1781291
TMEM160,1.2332383,1.1781291
PRAMEF20,1.2332383,1.1781291
ASB9,1.2332383,1.1781291
CRISP1,1.2332383,1.1781291
IQCK,1.2332383,1.1781291
BTN3A2,1.2332383,1.1781291
TREML1,1.2332383,1.1781291
LTB4R,1.2332383,1.1781291
BLOC1S6,1.2332383,1.1781291
COX5A,1.2332383,1.1781291
SFR1,1.2332383,1.1781291
AAMDC,1.2332383,1.1781291
WRB,1.2332383,1.1781291
PRRG1,1.2332383,1.1781291
ADH4,1.2332383,1.1781291
C22orf39,1.2332383,1.1781291
CSDC2,1.2332383,1.1781291
ZNF22,1.2332383,1.1781291
TNFRSF10C,1.2332383,1.1781291
ATG10,1.2332383,1.1781291
LAIR1,1.2332383,1.1781291
RPL37A,1.2332383,1.1781291
RPL27,1.2332383,1.1781291
LGI1,1.2332383,1.1781291
FATE1,1.2332383,1.1781291
SCAMP1,1.2332383,1.1781291
MAGEB16,1.2332383,1.1781291
C3orf52,1.2332383,1.1781291
FAM228B,1.2332383,1.1781291
GMFB,1.2332383,1.1781291
UBE2D1,1.2332383,1.1781291
NAA50,1.2332383,1.1781291
CACYBP,1.2332383,1.1781291
BATF3,1.2332383,1.1781291
NMRK1,1.2332383,1.1781291
PRR19,1.2332383,1.1781291
RNF113B,1.2332383,1.1781291
CFHR3,1.2332383,1.1781291
TAS2R14,1.2332383,1.1781291
PRAF2,1.2332383,1.1781291
TYROBP,1.2332383,1.1781291
C2orf73,1.2332383,1.1781291
KITLG,1.2332383,1.1781291
CD300LB,1.2332383,1.1781291
LYZL2,1.2332383,1.1781291
C5orf60,1.2332383,1.1781291
MPC1,1.2332383,1.1781291
TAF11,1.2332383,1.1781291
RUFY1,1.2332383,1.1781291
C1orf115,1.2332383,1.1781291
DYNLRB1,1.2332383,1.1781291
DDA1,1.2332383,1.1781291
BPIFA3,1.2332383,1.1781291
C1orf146,1.2332383,1.1781291
NPBWR2,1.2332383,1.1781291
ANO5,1.2332383,1.1781291
XAGE5,1.2332383,1.1781291
C3orf84,1.2332383,1.1781291
BHLHB9,1.2332383,1.1781291
MAGEA4,1.2332383,1.1781291
MYMK,1.2332383,1.1781291
SELENOT,1.2332383,1.1781291
MRPS10,1.2332383,1.1781291
NELFCD,1.2332383,1.1781291
MAGEA1,1.2332383,1.1781291
FBXL22,1.2332383,1.1781291
MALSU1,1.2332383,1.1781291
FAM181B,1.2332383,1.1781291
C4orf3,1.2332383,1.1781291
CTU1,1.2332383,1.1781291
CHCHD2,1.2332383,1.1781291
AADACL3,1.2332383,1.1781291
RNF13,1.2332383,1.1781291
CD300E,1.2332383,1.1781291
SAYSD1,1.2332383,1.1781291
MAGEH1,1.2332383,1.1781291
VAMP1,1.2332383,1.1781291
FFAR1,1.2332383,1.1781291
GRAP,1.2332383,1.1781291
HNMT,1.2332383,1.1781291
UBL4A,1.2332383,1.1781291
C2orf80,1.2332383,1.1781291
ABT1,1.2332383,1.1781291
MZB1,1.2332383,1.1781291
SDHAF2,1.2332383,1.1781291
RGS5,1.2332383,1.1781291
IL18BP,1.2332383,1.1781291
FDX2,1.2332383,1.1781291
RPL38,1.2332383,1.1781291
NUDT7,1.2332383,1.1781291
UBXN2A,1.2332383,1.1781291
PCBD2,1.2332383,1.1781291
FMNL1,1.2332383,1.1781291
FAM122C,1.2332383,1.1781291
ADH6,1.2332383,1.1781291
PIMREG,1.2332383,1.1781291
CLEC4A,1.2332383,1.1781291
CD2,1.2332383,1.1781291
ZNF668,1.2332383,1.1781291
ZNF688,1.2332383,1.1781291
NMI,1.2332383,1.1781291
TRMT112,1.2332383,1.1781291
DKKL1,1.2332383,1.1781291
ATXN3L,1.2332383,1.1781291
IER3IP1,1.2332383,1.1781291
APOPT1,1.2332383,1.1781291
TMEM243,1.2332383,1.1781291
GNAZ,1.2332383,1.1781291
PPIC,1.2332383,1.1781291
EFHD2,1.2332383,1.1781291
TREM1,1.2332383,1.1781291
BTLA,1.2332383,1.1781291
DPM2,1.2332383,1.1781291
UXT,1.2332383,1.1781291
GREM1,1.2332383,1.1781291
C7orf50,1.2332383,1.1781291
NFRKB,1.2332383,1.1781291
CMTM5,1.2332383,1.1781291
MRPL41,1.2332383,1.1781291
JSRP1,1.2332383,1.1781291
PDCL3,1.2332383,1.1781291
PRR7,1.2332383,1.1781291
ZNF98,1.2332383,1.1781291
CENPW,1.2332383,1.1781291
FAM90A1,1.2332383,1.1781291
CEACAM7,1.2332383,1.1781291
FAM89B,1.2332383,1.1781291
MMP26,1.2332383,1.1781291
BLOC1S5,1.2332383,1.1781291
MRGBP,1.2332383,1.1781291
DBNDD1,1.2332383,1.1781291
CENPK,1.2332383,1.1781291
TP53INP1,1.2332383,1.1781291
FSBP,1.2332383,1.1781291
MORN5,1.2332383,1.1781291
TMC7,1.2332383,1.1781291
CD33,1.2332383,1.1781291
CPTP,1.2332383,1.1781291
RPL37,1.2332383,1.1781291
TMEM212,1.2332383,1.1781291
YPEL3,1.2332383,1.1781291
MRPS33,1.2332383,1.1781291
SHISA5,1.2332383,1.1781291
HCRT,1.2332383,1.1781291
TFIP11,1.2332383,1.1781291
LSM8,1.2332383,1.1781291
FLII,1.2332383,1.1781291
C16orf86,1.2332383,1.1781291
H3F3A,1.2332383,1.1781291
TSSK3,1.2332383,1.1781291
ANKRD45,1.2332383,1.1781291
NUDT10,1.2332383,1.1781291
ARMCX1,1.2332383,1.1781291
TMCO5A,1.2332383,1.1781291
CENPQ,1.2332383,1.1781291
ENKUR,1.2332383,1.1781291
ACADL,1.2332383,1.1781291
CD274,1.2332383,1.1781291
FAM19A2,1.2332383,1.1781291
NSMCE3,1.2332383,1.1781291
SLC45A4,1.2332383,1.1781291
PRAMEF15,1.2332383,1.1781291
GNRH2,1.2332383,1.1781291
NAIP,1.2332383,1.1781291
CLEC2L,1.2332383,1.1781291
LEMD1,1.2332383,1.1781291
PAWR,1.2332383,1.1781291
CXorf65,1.2332383,1.1781291
CD83,1.2332383,1.1781291
MANF,1.2332383,1.1781291
WRNIP1,1.2332383,1.1781291
NF2,1.2332383,1.1781291
KLK2,1.2332383,1.1781291
AANAT,1.2332383,1.1781291
MME,1.2332383,1.1781291
MAGEB6,1.2332383,1.1781291
PIP5K1C,1.2332383,1.1781291
TMEM171,1.2332383,1.1781291
CYP26C1,1.2332383,1.1781291
TMIGD1,1.2332383,1.1781291
TMEM18,1.2332383,1.1781291
IGSF5,1.2332383,1.1781291
LYPD1,1.2332383,1.1781291
NSD1,1.2332383,1.1781291
PTRH2,1.2332383,1.1781291
FLT3LG,1.2332383,1.1781291
POLH,1.2332383,1.1781291
ASCL3,1.2332383,1.1781291
CXCL12,1.2332383,1.1781291
OVOL2,1.2332383,1.1781291
MRPL12,1.2332383,1.1781291
NR2C2AP,1.2332383,1.1781291
KLRB1,1.2332383,1.1781291
CYFIP2,1.2332383,1.1781291
KIAA2026,1.2332383,1.1781291
PNRC1,1.2332383,1.1781291
CD226,1.2332383,1.1781291
LIMD2,1.2332383,1.1781291
LRRC3B,1.2332383,1.1781291
TMEM86A,1.2332383,1.1781291
KRCC1,1.2332383,1.1781291
ORMDL3,1.2332383,1.1781291
DPPA4,1.2332383,1.1781291
RNF182,1.2332383,1.1781291
ACAD11,1.2332383,1.1781291
SPATC1L,1.2332383,1.1781291
SPACA3,1.2332383,1.1781291
SAMD10,1.2332383,1.1781291
BNIP3,1.2332383,1.1781291
C5orf30,1.2332383,1.1781291
CSH1,1.2332383,1.1781291
ZNF664,1.2332383,1.1781291
EVI2B,1.2332383,1.1781291
COL10A1,1.2332383,1.1781291
NUS1,1.2332383,1.1781291
CDRT15,1.2332383,1.1781291
GLRX5,1.2332383,1.1781291
CLDND2,1.2332383,1.1781291
PCP2,1.2332383,1.1781291
CD200,1.2332383,1.1781291
RP11-192H23.4,1.2332383,1.1781291
IQCF5,1.2332383,1.1781291
KRTAP29-1,1.2332383,1.1781291
TXNDC9,1.2332383,1.1781291
MYADML2,1.2332383,1.1781291
RNASE2,1.2332383,1.1781291
IER2,1.2332383,1.1781291
GUCA1C,1.2332383,1.1781291
LYSMD1,1.2332383,1.1781291
RPS15A,1.2332383,1.1781291
TNFRSF4,1.2332383,1.1781291
SOWAHD,1.2332383,1.1781291
RASAL1,1.2332383,1.1781291
TAS2R13,1.2332383,1.1781291
ACKR4,1.2332383,1.1781291
SCYL2,1.2332383,1.1781291
ERAS,1.2332383,1.1781291
FAM216A,1.2332383,1.1781291
FRG2C,1.2332383,1.1781291
SLC35G6,1.2332383,1.1781291
LEPROTL1,1.2332383,1.1781291
PSMD9,1.2332383,1.1781291
SH3BGR,1.2332383,1.1781291
CAAP1,1.2332383,1.1781291
PNMT,1.2332383,1.1781291
C1orf123,1.2332383,1.1781291
ACOT1,1.2332383,1.1781291
BOD1,1.2332383,1.1781291
C5AR2,1.2332383,1.1781291
SBK3,1.2332383,1.1781291
ACKR2,1.2332383,1.1781291
IMMP1L,1.2332383,1.1781291
ARL14EP,1.2332383,1.1781291
MAP3K7CL,1.2332383,1.1781291
TXNL4A,1.2332383,1.1781291
MRPL49,1.2332383,1.1781291
IL36RN,1.2332383,1.1781291
MDC1,1.2332383,1.1781291
C1orf74,1.2332383,1.1781291
FAM136A,1.2332383,1.1781291
IER3,1.2332383,1.1781291
C12orf49,1.2332383,1.1781291
PSMG2,1.2332383,1.1781291
RASA3,1.2332383,1.1781291
NKG7,1.2332383,1.1781291
TPM2,1.2332383,1.1781291
ABHD14B,1.2332383,1.1781291
GSTM5,1.2332383,1.1781291
PRPF6,1.2332383,1.1781291
METTL7B,1.2332383,1.1781291
TFPI2,1.2332383,1.1781291
CTRB1,1.2332383,1.1781291
TEX261,1.2332383,1.1781291
C14orf180,1.2332383,1.1781291
C1orf216,1.2332383,1.1781291
RP11-248J23.6,1.2332383,1.1781291
COMMD3,1.2332383,1.1781291
PROK1,1.2332383,1.1781291
SPATS1,1.2332383,1.1781291
ISCA2,1.2332383,1.1781291
SDC3,1.2332383,1.1781291
AHSG,1.2332383,1.1781291
WDR43,1.2332383,1.1781291
GUSB,1.2332383,1.1781291
ELOVL3,1.2332383,1.1781291
CFHR2,1.2332383,1.1781291
GPR27,1.2332383,1.1781291
PRDX5,1.2332383,1.1781291
FAAP24,1.2332383,1.1781291
CFAP161,1.2332383,1.1781291
NDUFA4L2,1.2332383,1.1781291
LYG2,1.2332383,1.1781291
C12orf57,1.2332383,1.1781291
RPAIN,1.2332383,1.1781291
CDC34,1.2332383,1.1781291
FAM43B,1.2332383,1.1781291
NPY,1.2332383,1.1781291
ATP5MC2,1.2332383,1.1781291
KCNMB2,1.2332383,1.1781291
RSPH14,1.2332383,1.1781291
HIST1H3E,1.2332383,1.1781291
TBC1D2,1.2332383,1.1781291
MEI4,1.2332383,1.1781291
IZUMO2,1.2332383,1.1781291
REC114,1.2332383,1.1781291
FAM166B,1.2332383,1.1781291
TREM2,1.2332383,1.1781291
LY6E,1.2332383,1.1781291
IGDCC4,1.2332383,1.1781291
TSPYL6,1.2332383,1.1781291
C19orf71,1.2332383,1.1781291
RAMP2,1.2332383,1.1781291
SYPL1,1.2332383,1.1781291
HIST3H2A,1.2332383,1.1781291
VTCN1,1.2332383,1.1781291
GFER,1.2332383,1.1781291
CARMIL1,1.2332383,1.1781291
IER5,1.2332383,1.1781291
C6orf15,1.2332383,1.1781291
EAF2,1.2332383,1.1781291
KPNA1,1.2332383,1.1781291
GIMAP2,1.2332383,1.1781291
CLEC1A,1.2332383,1.1781291
SHISA3,1.2332383,1.1781291
GPR62,1.2332383,1.1781291
P4HTM,1.2332383,1.1781291
MC1R,1.2332383,1.1781291
NMS,1.2332383,1.1781291
DCTD,1.2332383,1.1781291
KXD1,1.2332383,1.1781291
ZDHHC22,1.2332383,1.1781291
CRISP2,1.2332383,1.1781291
FAM58A,1.2332383,1.1781291
HCAR3,1.2332383,1.1781291
CLEC9A,1.2332383,1.1781291
FAM181A,1.2332383,1.1781291
FAM19A1,1.2332383,1.1781291
PLA2G2F,1.2332383,1.1781291
TSGA13,1.2332383,1.1781291
HMGB3,1.2332383,1.1781291
ABI2,1.2332383,1.1781291
C12orf65,1.2332383,1.1781291
VENTX,1.2332383,1.1781291
LY6K,1.2332383,1.1781291
SDCBP,1.2332383,1.1781291
RNF125,1.2332383,1.1781291
PDZD9,1.2332383,1.1781291
ARPIN,1.2332383,1.1781291
HACD1,1.2332383,1.1781291
ZFAND6,1.2332383,1.1781291
HIST1H3D,1.2332383,1.1781291
BLOC1S1,1.2332383,1.1781291
ELP6,1.2332383,1.1781291
BCL7B,1.2332383,1.1781291
MYL12B,1.2332383,1.1781291
KCTD21,1.2332383,1.1781291
CNTNAP2,1.2332383,1.1781291
APOC2,1.2332383,1.1781291
CDRT15L2,1.2332383,1.1781291
ARL14,1.2332383,1.1781291
ATP6V1G2,1.2332383,1.1781291
PCNP,1.2332383,1.1781291
CX3CR1,1.2332383,1.1781291
ALDH3A1,1.2332383,1.1781291
RTN4RL1,1.2332383,1.1781291
GPR35,1.2332383,1.1781291
PRAMEF14,1.2332383,1.1781291
NABP1,1.2332383,1.1781291
PRDX2,1.2332383,1.1781291
LKAAEAR1,1.2332383,1.1781291
ANKRD22,1.2332383,1.1781291
PDGFRB,1.2332383,1.1781291
ATG101,1.2332383,1.1781291
FUNDC2,1.2332383,1.1781291
SLC10A1,1.2332383,1.1781291
CDX4,1.2332383,1.1781291
ATG12,1.2332383,1.1781291
SH3BGRL3,1.2332383,1.1781291
VGLL3,1.2332383,1.1781291
FAM84B,1.2332383,1.1781291
IL34,1.2332383,1.1781291
KCNJ2,1.2332383,1.1781291
CITED2,1.2332383,1.1781291
RBX1,1.2332383,1.1781291
APOBEC4,1.2332383,1.1781291
ERICH5,1.2332383,1.1781291
CNIH3,1.2332383,1.1781291
BATF2,1.2332383,1.1781291
MESDC2,1.2332383,1.1781291
NDUFA6,1.2332383,1.1781291
C17orf64,1.2332383,1.1781291
TNFRSF12A,1.2332383,1.1781291
TMEM177,1.2332383,1.1781291
UBE2F,1.2332383,1.1781291
ENSA,1.2332383,1.1781291
TMEM121,1.2332383,1.1781291
RBBP9,1.2332383,1.1781291
UQCRFS1,1.2332383,1.1781291
TIMM10B,1.2332383,1.1781291
TEX36,1.2332383,1.1781291
TXNDC2,1.2332383,1.1781291
HIST1H2AI,1.2332383,1.1781291
NRXN3,1.2332383,1.1781291
PDPN,1.2332383,1.1781291
NUDT16,1.2332383,1.1781291
CEBPA,1.2332383,1.1781291
MARCH3,1.2332383,1.1781291
BCL2L1,1.2332383,1.1781291
FPR2,1.2332383,1.1781291
SPZ1,1.2332383,1.1781291
C11orf86,1.2332383,1.1781291
C1GALT1C1,1.2332383,1.1781291
RABAC1,1.2332383,1.1781291
MC2R,1.2332383,1.1781291
GPX6,1.2332383,1.1781291
LAT2,1.2332383,1.1781291
CCDC106,1.2332383,1.1781291
P2RY14,1.2332383,1.1781291
MGST2,1.2332383,1.1781291
PTMA,1.2332383,1.1781291
MOAP1,1.2332383,1.1781291
TREX2,1.2332383,1.1781291
HIST4H4,1.2332383,1.1781291
GPR32,1.2332383,1.1781291
COX6B1,1.2332383,1.1781291
METTL21C,1.2332383,1.1781291
NDUFB11,1.2332383,1.1781291
SCRT2,1.2332383,1.1781291
LY6G5C,1.2332383,1.1781291
CREBZF,1.2332383,1.1781291
SP9,1.2332383,1.1781291
ZNF501,1.2332383,1.1781291
TIRAP,1.2332383,1.1781291
CLIC2,1.2332383,1.1781291
MRPL34,1.2332383,1.1781291
SLC2A4RG,1.2332383,1.1781291
PTGES3,1.2332383,1.1781291
TMEM51,1.2332383,1.1781291
TMBIM4,1.2332383,1.1781291
HIST1H4K,1.2332383,1.1781291
RHOXF1,1.2332383,1.1781291
APOLD1,1.2332383,1.1781291
TMEM50A,1.2332383,1.1781291
NUDT1,1.2332383,1.1781291
PAQR4,1.2332383,1.1781291
CD3G,1.2332383,1.1781291
GPR78,1.2332383,1.1781291
GCG,1.2332383,1.1781291
MED19,1.2332383,1.1781291
C16orf95,1.2332383,1.1781291
ADCYAP1,1.2332383,1.1781291
ZNF736,1.2332383,1.1781291
OLAH,1.2332383,1.1781291
SYCE2,1.2332383,1.1781291
SPINDOC,1.2332383,1.1781291
HIST1H2AG,1.2332383,1.1781291
FAIM,1.2332383,1.1781291
CD40LG,1.2332383,1.1781291
TAAR1,1.2332383,1.1781291
TEX264,1.2332383,1.1781291
NUDT19,1.2332383,1.1781291
ZFP42,1.2332383,1.1781291
LYG1,1.2332383,1.1781291
MRPL11,1.2332383,1.1781291
TBPL1,1.2332383,1.1781291
NCR3LG1,1.2332383,1.1781291
SLC39A1,1.2332383,1.1781291
INO80E,1.2332383,1.1781291
ADH1B,1.2332383,1.1781291
CTNND1,1.2332383,1.1781291
KCNK7,1.2332383,1.1781291
YIPF6,1.2332383,1.1781291
PRELID3A,1.2332383,1.1781291
TMEM150B,1.2332383,1.1781291
SKP1,1.2332383,1.1781291
RGS19,1.2332383,1.1781291
CEBPB,1.2332383,1.1781291
TCTN2,1.2332383,1.1781291
R3HDM4,1.2332383,1.1781291
C8orf37,1.2332383,1.1781291
TMA16,1.2332383,1.1781291
FAM151B,1.2332383,1.1781291
ZNHIT1,1.2332383,1.1781291
BRINP2,1.2332383,1.1781291
CRISP3,1.2332383,1.1781291
NDUFS5,1.2332383,1.1781291
MFAP3,1.2332383,1.1781291
C16orf87,1.2332383,1.1781291
FRAT2,1.2332383,1.1781291
SLC25A29,1.2332383,1.1781291
PLA2G5,1.2332383,1.1781291
ARHGDIG,1.2332383,1.1781291
APOBEC3C,1.2332383,1.1781291
LUZP4,1.2332383,1.1781291
NFAM1,1.2332383,1.1781291
SOCS3,1.2332383,1.1781291
TMEM186,1.2332383,1.1781291
KCNMB1,1.2332383,1.1781291
YPEL5,1.2332383,1.1781291
REG4,1.2332383,1.1781291
NAA20,1.2332383,1.1781291
P2RY13,1.2332383,1.1781291
ACRV1,1.2332383,1.1781291
ACADM,1.2332383,1.1781291
GKN2,1.2332383,1.1781291
VSIR,1.2332383,1.1781291
SH2D6,1.2332383,1.1781291
ZNF492,1.2332383,1.1781291
OCEL1,1.2332383,1.1781291
CCDC12,1.2332383,1.1781291
MOSMO,1.2332383,1.1781291
EGR3,1.2332383,1.1781291
CD200R1,1.2332383,1.1781291
TMEM11,1.2332383,1.1781291
ALDH9A1,1.2332383,1.1781291
TMEM176B,1.2332383,1.1781291
LSM12,1.2332383,1.1781291
NCF1,1.2332383,1.1781291
CD86,1.2332383,1.1781291
PSMF1,1.2332383,1.1781291
HSF2BP,1.2332383,1.1781291
SLC4A1,1.2332383,1.1781291
FOXD1,1.2332383,1.1781291
IL2RA,1.2332383,1.1781291
TGOLN2,1.2332383,1.1781291
USP27X,1.2332383,1.1781291
ACAP3,1.2332383,1.1781291
LXN,1.2332383,1.1781291
COMMD7,1.2332383,1.1781291
CFL2,1.2332383,1.1781291
PRAMEF17,1.2332383,1.1781291
CMBL,1.2332383,1.1781291
GTSF1,1.2332383,1.1781291
TMEM74,1.2332383,1.1781291
CD300C,1.2332383,1.1781291
NAA11,1.2332383,1.1781291
CD14,1.2332383,1.1781291
FNDC5,1.2332383,1.1781291
NUPL2,1.2332383,1.1781291
TAF12,1.2332383,1.1781291
UTP23,1.2332383,1.1781291
CALHM4,1.2332383,1.1781291
IZUMO4,1.2332383,1.1781291
RBM3,1.2332383,1.1781291
CYB5B,1.2332383,1.1781291
HORMAD2,1.2332383,1.1781291
RTP5,1.2332383,1.1781291
IFI27L1,1.2332383,1.1781291
HINT1,1.2332383,1.1781291
PACRGL,1.2332383,1.1781291
CASTOR1,1.2332383,1.1781291
CD300LG,1.2332383,1.1781291
CCDC68,1.2332383,1.1781291
TBC1D26,1.2332383,1.1781291
RAB31,1.2332383,1.1781291
PFN4,1.2332383,1.1781291
PRELID2,1.2332383,1.1781291
TTLL3,1.2332383,1.1781291
TMEM97,1.2332383,1.1781291
PGAM4,1.2332383,1.1781291
SH2D1A,1.2332383,1.1781291
LRG1,1.2332383,1.1781291
YPEL4,1.2332383,1.1781291
CENPH,1.2332383,1.1781291
FEV,1.2332383,1.1781291
SLAMF7,1.2332383,1.1781291
NMB,1.2332383,1.1781291
CTRB2,1.2332383,1.1781291
COMMD8,1.2332383,1.1781291
COA6,1.2332383,1.1781291
DNAJC12,1.2332383,1.1781291
CYSLTR1,1.2332383,1.1781291
CSH2,1.2332383,1.1781291
AP1S2,1.2332383,1.1781291
KIFC1,1.2332383,1.1781291
BRI3BP,1.2332383,1.1781291
HOPX,1.2332383,1.1781291
HAUS1,1.2332383,1.1781291
SLC5A2,1.2332383,1.1781291
MED29,1.2332383,1.1781291
YTHDC1,1.2332383,1.1781291
LRRC29,1.2332383,1.1781291
KIR2DL1,1.2332383,1.1781291
CARD19,1.2332383,1.1781291
CIAO2A,1.2332383,1.1781291
LRAT,1.2332383,1.1781291
EXO5,1.2332383,1.1781291
C4orf33,1.2332383,1.1781291
SCML1,1.2332383,1.1781291
DNAJC22,1.2332383,1.1781291
GDI1,1.2332383,1.1781291
HNRNPCL1,1.2332383,1.1781291
TPD52L2,1.2332383,1.1781291
C1orf174,1.2332383,1.1781291
CDKN2B,1.2332383,1.1781291
CIPC,1.2332383,1.1781291
CALML4,1.2332383,1.1781291
C1QTNF12,1.2332383,1.1781291
MXRA7,1.2332383,1.1781291
ZNF75A,1.2332383,1.1781291
RGS18,1.2332383,1.1781291
LYZ,1.2332383,1.1781291
KLB,1.2332383,1.1781291
LUM,1.2332383,1.1781291
COMMD9,1.2332383,1.1781291
HIST1H3F,1.2332383,1.1781291
CSKMT,1.2332383,1.1781291
PRAMEF2,1.2332383,1.1781291
CCDC28A,1.2332383,1.1781291
UBE2C,1.2332383,1.1781291
OTUB2,1.2332383,1.1781291
BUD31,1.2332383,1.1781291
LAMP2,1.2332383,1.1781291
TSC22D3,1.2332383,1.1781291
FAM3A,1.2332383,1.1781291
WDYHV1,1.2332383,1.1781291
CDO1,1.2332383,1.1781291
SPDYE3,1.2332383,1.1781291
LRRN4CL,1.2332383,1.1781291
CCDC58,1.2332383,1.1781291
MEDAG,1.2332383,1.1781291
VSIG4,1.2332383,1.1781291
HIST1H3C,1.2332383,1.1781291
RANBP10,1.2332383,1.1781291
ODAM,1.2332383,1.1781291
YEATS4,1.2332383,1.1781291
TMEM240,1.2332383,1.1781291
UBE2N,1.2332383,1.1781291
ZNF787,1.2332383,1.1781291
CCDC70,1.2332383,1.1781291
TMEM106A,1.2332383,1.1781291
ID3,1.2332383,1.1781291
ZNRF2,1.2332383,1.1781291
CGRRF1,1.2332383,1.1781291
PSMB11,1.2332383,1.1781291
DCUN1D2,1.2332383,1.1781291
RPP25L,1.2332383,1.1781291
GTPBP8,1.2332383,1.1781291
DAZAP2,1.2332383,1.1781291
ZNF740,1.2332383,1.1781291
C4BPB,1.2332383,1.1781291
MCUB,1.2332383,1.1781291
FOPNL,1.2332383,1.1781291
TMEM229B,1.2332383,1.1781291
PRRG4,1.2332383,1.1781291
RHD,1.2332383,1.1781291
MC5R,1.2332383,1.1781291
PEBP4,1.2332383,1.1781291
CD247,1.2332383,1.1781291
MMGT1,1.2332383,1.1781291
LRRC52,1.2332383,1.1781291
TEX101,1.2332383,1.1781291
MRPL58,1.2332383,1.1781291
TAAR6,1.2332383,1.1781291
ATL3,1.2332383,1.1781291
OAZ2,1.2332383,1.1781291
RAD51AP1,1.2332383,1.1781291
MOSPD1,1.2332383,1.1781291
CLEC4G,1.2332383,1.1781291
TNFRSF6B,1.2332383,1.1781291
PRAMEF1,1.2332383,1.1781291
ZNF626,1.2332383,1.1781291
TAF1D,1.2332383,1.1781291
TAAR5,1.2332383,1.1781291
CTNNA2,1.2332383,1.1781291
OSTC,1.2332383,1.1781291
EMC8,1.2332383,1.1781291
LYVE1,1.2332383,1.1781291
GRPEL1,1.2332383,1.1781291
TMEM98,1.2332383,1.1781291
NKAIN3,1.2332383,1.1781291
ZNRF1,1.2332383,1.1781291
TEX33,1.2332383,1.1781291
TMEM74B,1.2332383,1.1781291
ZNF486,1.2332383,1.1781291
PPP3R1,1.2332383,1.1781291
LURAP1,1.2332383,1.1781291
RPL34,1.2332383,1.1781291
NDUFB4,1.2332383,1.1781291
MAGOHB,1.2332383,1.1781291
TREML2,1.2332383,1.1781291
NRN1L,1.2332383,1.1781291
ICAM2,1.2332383,1.1781291
TMED5,1.2332383,1.1781291
PCED1B,1.2332383,1.1781291
GCLM,1.2332383,1.1781291
FCGR1A,1.2332383,1.1781291
SHISA2,1.2332383,1.1781291
DAND5,1.2332383,1.1781291
HIST1H2AL,1.2332383,1.1781291
ADH1A,1.2332383,1.1781291
TMEM196,1.2332383,1.1781291
SSMEM1,1.2332383,1.1781291
LAMP3,1.2332383,1.1781291
PSMC3IP,1.2332383,1.1781291
RHBDL2,1.2332383,1.1781291
MANSC1,1.2332383,1.1781291
APOBEC3H,1.2332383,1.1781291
TMEM121B,1.2332383,1.1781291
MTX2,1.2332383,1.1781291
R3HDML,1.2332383,1.1781291
HNRNPF,1.2332383,1.1781291
FGF7,1.2332383,1.1781291
UBE2A,1.2332383,1.1781291
RPL27A,1.2332383,1.1781291
PARD6B,1.2332383,1.1781291
GABARAPL2,1.2332383,1.1781291
IBTK,1.2332383,1.1781291
MTHFD1L,1.2332383,1.1781291
USP18,1.2332383,1.1781291
FAM107A,1.2332383,1.1781291
ZNF784,1.2332383,1.1781291
CIB4,1.2332383,1.1781291
VSTM4,1.2332383,1.1781291
LYRM1,1.2332383,1.1781291
TM4SF5,1.2332383,1.1781291
FCGR3A,1.2332383,1.1781291
NOP10,1.2332383,1.1781291
EMD,1.2332383,1.1781291
CENPBD1,1.2332383,1.1781291
PRB3,1.2332383,1.1781291
SHISAL1,1.2332383,1.1781291
TSC22D4,1.2332383,1.1781291
CEACAM6,1.2332383,1.1781291
MYADM,1.2332383,1.1781291
UBL3,1.2332383,1.1781291
NGB,1.2332383,1.1781291
ZNF506,1.2332383,1.1781291
INCA1,1.2332383,1.1781291
ORAI3,1.2332383,1.1781291
PPCDC,1.2332383,1.1781291
TRIM48,1.2332383,1.1781291
TRIM71,1.2332383,1.1781291
FAM122B,1.2332383,1.1781291
KLRC1,1.2332383,1.1781291
RTP4,1.2332383,1.1781291
ZNF138,1.2332383,1.1781291
MMRN1,1.2332383,1.1781291
CREG2,1.2332383,1.1781291
CIB3,1.2332383,1.1781291
SEC11C,1.2332383,1.1781291
STX19,1.2332383,1.1781291
BTG1,1.2332383,1.1781291
GPX3,1.2332383,1.1781291
LGALS12,1.2332383,1.1781291
C6orf163,1.2332383,1.1781291
CCNI,1.2332383,1.1781291
C16orf46,1.2332383,1.1781291
LYPLA1,1.2332383,1.1781291
GINM1,1.2332383,1.1781291
PTGDR2,1.2332383,1.1781291
KRTAP10-4,1.2332383,1.1781291
TYRP1,1.2332383,1.1781291
RHOT2,1.2332383,1.1781291
PSMB7,1.2332383,1.1781291
RBM7,1.2332383,1.1781291
ATF5,1.2332383,1.1781291
FAM222A,1.2332383,1.1781291
NTPCR,1.2332383,1.1781291
VMO1,1.2332383,1.1781291
ZNF146,1.2332383,1.1781291
RTN4R,1.2332383,1.1781291
METTL27,1.2332383,1.1781291
SRP19,1.2332383,1.1781291
SRA1,1.2332383,1.1781291
CDIP1,1.2332383,1.1781291
SLC39A3,1.2332383,1.1781291
RABIF,1.2332383,1.1781291
ARMC10,1.2332383,1.1781291
SMURF1,1.2332383,1.1781291
PGA5,1.2332383,1.1781291
RP13-996F3.4,1.2332383,1.1781291
YIPF4,1.2332383,1.1781291
CD28,1.2332383,1.1781291
FAM187B,1.2332383,1.1781291
RPL31,1.2332383,1.1781291
MED20,1.2332383,1.1781291
TMEM185B,1.2332383,1.1781291
LRRC38,1.2332383,1.1781291
ATP6V0C,1.2332383,1.1781291
SELENOF,1.2332383,1.1781291
LAMP5,1.2332383,1.1781291
CCND1,1.2332383,1.1781291
CLDN20,1.2332383,1.1781291
EPO,1.2332383,1.1781291
QPRT,1.2332383,1.1781291
GULP1,1.2332383,1.1781291
LRRC7,1.2332383,1.1781291
COPS9,1.2332383,1.1781291
INSL3,1.2332383,1.1781291
PLEKHJ1,1.2332383,1.1781291
GPR55,1.2332383,1.1781291
TBC1D21,1.2332383,1.1781291
METTL24,1.2332383,1.1781291
CLDN8,1.2332383,1.1781291
NDFIP1,1.2332383,1.1781291
CINP,1.2332383,1.1781291
BNIP3L,1.2332383,1.1781291
PEBP1,1.2332383,1.1781291
GPR15,1.2332383,1.1781291
INKA1,1.2332383,1.1781291
SDHA,1.2332383,1.1781291
GABARAP,1.2332383,1.1781291
RHBDD2,1.2332383,1.1781291
TLDC2,1.2332383,1.1781291
CCNI2,1.2332383,1.1781291
XCR1,1.2332383,1.1781291
PDC,1.2332383,1.1781291
UBE2L6,1.2332383,1.1781291
FADS6,1.2332383,1.1781291
SAMD1,1.2332383,1.1781291
NME4,1.2332383,1.1781291
MTA3,1.2332383,1.1781291
HDDC3,1.2332383,1.1781291
RAD9A,1.2332383,1.1781291
METTL18,1.2332383,1.1781291
PNMA1,1.2332383,1.1781291
ALG1L,1.2332383,1.1781291
SNAI2,1.2332383,1.1781291
RAB9B,1.2332383,1.1781291
CETN2,1.2332383,1.1781291
EBI3,1.2332383,1.1781291
POP5,1.2332383,1.1781291
RPSA,1.2332383,1.1781291
UQCRB,1.2332383,1.1781291
HDHD3,1.2332383,1.1781291
IQCF2,1.2332383,1.1781291
METTL11B,1.2332383,1.1781291
EXOSC5,1.2332383,1.1781291
MAGEA11,1.2332383,1.1781291
C19orf24,1.2332383,1.1781291
CALM2,1.2332383,1.1781291
EFCAB11,1.2332383,1.1781291
PPIF,1.2332383,1.1781291
TOR4A,1.2332383,1.1781291
CD3E,1.2332383,1.1781291
COL13A1,1.2332383,1.1781291
GGH,1.2332383,1.1781291
CHIC1,1.2332383,1.1781291
METTL5,1.2332383,1.1781291
MED18,1.2332383,1.1781291
UBE2M,1.2332383,1.1781291
C22orf15,1.2332383,1.1781291
ZNF114,1.2332383,1.1781291
CD70,1.2332383,1.1781291
FAM110D,1.2332383,1.1781291
ZADH2,1.2332383,1.1781291
TMEM134,1.2332383,1.1781291
HDGFL1,1.2332383,1.1781291
CD38,1.2332383,1.1781291
BCAP29,1.2332383,1.1781291
NPDC1,1.2332383,1.1781291
TPRG1,1.2332383,1.1781291
CCT8,1.2332383,1.1781291
CLDN25,1.2332383,1.1781291
BSND,1.2332383,1.1781291
GINS3,1.2332383,1.1781291
BCL2L10,1.2332383,1.1781291
TRIM64B,1.2332383,1.1781291
NCR3,1.2332383,1.1781291
STT3A,1.2332383,1.1781291
PTN,1.2332383,1.1781291
EYA3,1.2332383,1.1781291
PAK1,1.2332383,1.1781291
SNRPA1,1.2332383,1.1781291
KIR2DL4,1.2332383,1.1781291
NPM1,1.2332383,1.1781291
KCTD11,1.2332383,1.1781291
PIH1D2,1.2332383,1.1781291
SIKE1,1.2332383,1.1781291
HMBS,1.2332383,1.1781291
PNOC,1.2332383,1.1781291
NANOS3,1.2332383,1.1781291
GAS1,1.2332383,1.1781291
MAB21L4,1.2332383,1.1781291
ZNF691,1.2332383,1.1781291
RILPL2,1.2332383,1.1781291
SP6,1.2332383,1.1781291
HDGFL3,1.2332383,1.1781291
CXXC4,1.2332383,1.1781291
PIH1D1,1.2332383,1.1781291
TRIR,1.2332383,1.1781291
INS,1.2332383,1.1781291
PDE6D,1.2332383,1.1781291
CCDC92,1.2332383,1.1781291
TBATA,1.2332383,1.1781291
KCTD14,1.2332383,1.1781291
PMVK,1.2332383,1.1781291
U2SURP,1.2332383,1.1781291
ZNF684,1.2332383,1.1781291
NRIP3,1.2332383,1.1781291
KLK1,1.2332383,1.1781291
WFDC3,1.2332383,1.1781291
RFPL2,1.2332383,1.1781291
FAM84A,1.2332383,1.1781291
VGLL4,1.2332383,1.1781291
SYCE1L,1.2332383,1.1781291
MSRB2,1.2332383,1.1781291
LRRC69,1.2332383,1.1781291
C10orf88,1.2332383,1.1781291
ATP5PO,1.2332383,1.1781291
TSPAN19,1.2332383,1.1781291
AIMP2,1.2332383,1.1781291
HESX1,1.2332383,1.1781291
MRAP,1.2332383,1.1781291
APOO,1.2332383,1.1781291
HRASLS5,1.2332383,1.1781291
AMN1,1.2332383,1.1781291
TMEM204,1.2332383,1.1781291
ZCCHC12,1.2332383,1.1781291
HIST1H4I,1.2332383,1.1781291
C8orf86,1.2332383,1.1781291
FURIN,1.2332383,1.1781291
KATNBL1,1.2332383,1.1781291
SPRYD4,1.2332383,1.1781291
ODAPH,1.2332383,1.1781291
ITM2B,1.2332383,1.1781291
ADH7,1.2332383,1.1781291
PSMA5,1.2332383,1.1781291
RB1CC1,1.2332383,1.1781291
MOB1A,1.2332383,1.1781291
MRPL50,1.2332383,1.1781291
TAF9B,1.2332383,1.1781291
IRGC,1.2332383,1.1781291
RPP25,1.2332383,1.1781291
ZNF670,1.2332383,1.1781291
TCEANC2,1.2332383,1.1781291
CEACAM18,1.2332383,1.1781291
NAT8L,1.2332383,1.1781291
TRABD2B,1.2332383,1.1781291
PPIL1,1.2332383,1.1781291
CLEC12B,1.2332383,1.1781291
HIST1H4A,1.2332383,1.1781291
ASB12,1.2332383,1.1781291
PTGDS,1.2332383,1.1781291
LRRC2,1.2332383,1.1781291
ORM2,1.2332383,1.1781291
ZDHHC11,1.2332383,1.1781291
GLTPD2,1.2332383,1.1781291
SPAG7,1.2332383,1.1781291
PLA2G12B,1.2332383,1.1781291
CCDC74A,1.2332383,1.1781291
NQO2,1.2332383,1.1781291
CEP19,1.2332383,1.1781291
RSPRY1,1.2332383,1.1781291
AP3S2,1.2332383,1.1781291
PGP,1.2332383,1.1781291
YIPF7,1.2332383,1.1781291
NUCKS1,1.2332383,1.1781291
FXYD3,1.2332383,1.1781291
NENF,1.2332383,1.1781291
GOLGA7,1.2332383,1.1781291
DIO1,1.2332383,1.1781291
ORC6,1.2332383,1.1781291
CXorf58,1.2332383,1.1781291
FCRLA,1.2332383,1.1781291
RAET1E,1.2332383,1.1781291
NDUFS4,1.2332383,1.1781291
RNF138,1.2332383,1.1781291
MOB1B,1.2332383,1.1781291
DCAKD,1.2332383,1.1781291
MGP,1.2332383,1.1781291
RNF148,1.2332383,1.1781291
DPPA2,1.2332383,1.1781291
VOPP1,1.2332383,1.1781291
TMED6,1.2332383,1.1781291
FAM104A,1.2332383,1.1781291
MRM1,1.2332383,1.1781291
LYPD3,1.2332383,1.1781291
LYPD6B,1.2332383,1.1781291
GRIK1,1.2332383,1.1781291
A3GALT2,1.2332383,1.1781291
DMRT1,1.2332383,1.1781291
ISLR,1.2332383,1.1781291
VAV3,1.2332383,1.1781291
DHRS2,1.2332383,1.1781291
NAP1L2,1.2332383,1.1781291
ZMAT4,1.2332383,1.1781291
MARCH2,1.2332383,1.1781291
MRPS26,1.2332383,1.1781291
CLBA1,1.2332383,1.1781291
NDUFA12,1.2332383,1.1781291
ARV1,1.2332383,1.1781291
TTC16,1.2332383,1.1781291
TRIM13,1.2332383,1.1781291
NDUFAF2,1.2332383,1.1781291
PBDC1,1.2332383,1.1781291
TEX35,1.2332383,1.1781291
NTMT1,1.2332383,1.1781291
PRAMEF19,1.2332383,1.1781291
PRSS58,1.2332383,1.1781291
TBK1,1.2332383,1.1781291
ZNF385C,1.2332383,1.1781291
PTCRA,1.2332383,1.1781291
RPL10A,1.2332383,1.1781291
HIST1H3G,1.2332383,1.1781291
CBX3,1.2332383,1.1781291
ZGLP1,1.2332383,1.1781291
TPSAB1,1.2332383,1.1781291
NBPF1,1.2332383,1.1781291
MRPS34,1.2332383,1.1781291
YY2,1.2332383,1.1781291
TMEM270,1.2332383,1.1781291
COX4I2,1.2332383,1.1781291
C7orf61,1.2332383,1.1781291
GAL3ST2,1.2332383,1.1781291
PLSCR4,1.2332383,1.1781291
IFITM10,1.2332383,1.1781291
CMA1,1.2332383,1.1781291
AUNIP,1.2332383,1.1781291
PSME2,1.2332383,1.1781291
GGT6,1.2332383,1.1781291
KIF2A,1.2332383,1.1781291
FIS1,1.2332383,1.1781291
PPIB,1.2332383,1.1781291
MIXL1,1.2332383,1.1781291
GMNC,1.2332383,1.1781291
UBE2R2,1.2332383,1.1781291
GATSL1,1.2332383,1.1781291
DHFR,1.2332383,1.1781291
FBXL8,1.2332383,1.1781291
MRPL17,1.2332383,1.1781291
IL12B,1.2332383,1.1781291
DNAJB9,1.2332383,1.1781291
WBP2,1.2332383,1.1781291
HSCB,1.2332383,1.1781291
PRKCI,1.2332383,1.1781291
TMEM223,1.2332383,1.1781291
TTC9B,1.2332383,1.1781291
PHLPP2,1.2332383,1.1781291
FIGLA,1.2332383,1.1781291
URM1,1.2332383,1.1781291
NACC2,1.2332383,1.1781291
SAPCD1,1.2332383,1.1781291
FKBP3,1.2332383,1.1781291
SULT1C3,1.2332383,1.1781291
CABP5,1.2332383,1.1781291
ASGR2,1.2332383,1.1781291
CALHM5,1.2332383,1.1781291
SDC1,1.2332383,1.1781291
CCR4,1.2332383,1.1781291
APOBEC1,1.2332383,1.1781291
HACD2,1.2332383,1.1781291
CHI3L2,1.2332383,1.1781291
TCP10,1.2332383,1.1781291
TMEM40,1.2332383,1.1781291
TM4SF4,1.2332383,1.1781291
TMEM208,1.2332383,1.1781291
PID1,1.2332383,1.1781291
TMEM150C,1.2332383,1.1781291
NUDT21,1.2332383,1.1781291
TMEM164,1.2332383,1.1781291
RNF4,1.2332383,1.1781291
TIMM29,1.2332383,1.1781291
HTATIP2,1.2332383,1.1781291
TMIE,1.2332383,1.1781291
YPEL1,1.2332383,1.1781291
CDCA4,1.2332383,1.1781291
SPRYD7,1.2332383,1.1781291
RPL26L1,1.2332383,1.1781291
DMP1,1.2332383,1.1781291
C9orf66,1.2332383,1.1781291
CHAD,1.2332383,1.1781291
LAPTM4A,1.2332383,1.1781291
CNEP1R1,1.2332383,1.1781291
TWISTNB,1.2332383,1.1781291
HIST1H2AB,1.2332383,1.1781291
CMSS1,1.2332383,1.1781291
SNRPN,1.2332383,1.1781291
SLC9A1,1.2332383,1.1781291
ZNF358,1.2332383,1.1781291
SLC10A3,1.2332383,1.1781291
AS3MT,1.2332383,1.1781291
AKIRIN1,1.2332383,1.1781291
TRAPPC2,1.2332383,1.1781291
TMEM95,1.2332383,1.1781291
PLSCR2,1.2332383,1.1781291
SOX10,1.2332383,1.1781291
ADAT2,1.2332383,1.1781291
TEX26,1.2332383,1.1781291
PMEPA1,1.2332383,1.1781291
FHIT,1.2332383,1.1781291
GNPDA2,1.2332383,1.1781291
CTAGE9,1.2332383,1.1781291
TMEM138,1.2332383,1.1781291
TMEM88,1.2332383,1.1781291
AREG,1.2332383,1.1781291
NUDT16L1,1.2332383,1.1781291
BCL10,1.2332383,1.1781291
PRG3,1.2332383,1.1781291
CPLANE2,1.2332383,1.1781291
YLPM1,1.2332383,1.1781291
SARNP,1.2332383,1.1781291
BPIFB2,1.2332383,1.1781291
TSPAN6,1.2332383,1.1781291
RARRES1,1.2332383,1.1781291
ESAM,1.2332383,1.1781291
SSU72,1.2332383,1.1781291
PRR3,1.2332383,1.1781291
KCTD4,1.2332383,1.1781291
RTL4,1.2332383,1.1781291
TPBG,1.2332383,1.1781291
RPS15,1.2332383,1.1781291
METRN,1.2332383,1.1781291
MSTO1,1.2332383,1.1781291
MRPL10,1.2332383,1.1781291
SNX10,1.2332383,1.1781291
MED31,1.2332383,1.1781291
AKR7A3,1.2332383,1.1781291
EEF2KMT,1.2332383,1.1781291
CTD-2267D19.3,1.2332383,1.1781291
SIAH2,1.2332383,1.1781291
ACER1,1.2332383,1.1781291
RABL2A,1.2332383,1.1781291
CD3EAP,1.2332383,1.1781291
F2RL2,1.2332383,1.1781291
CD3D,1.2332383,1.1781291
SCN4B,1.2332383,1.1781291
CASP14,1.2332383,1.1781291
ERMN,1.2332383,1.1781291
SLC35A4,1.2332383,1.1781291
CKMT1B,1.2332383,1.1781291
BEND6,1.2332383,1.1781291
FRAT1,1.2332383,1.1781291
CEACAM21,1.2332383,1.1781291
CENPA,1.2332383,1.1781291
PRG2,1.2332383,1.1781291
TAS2R41,1.2332383,1.1781291
FAM204A,1.2332383,1.1781291
SYCP3,1.2332383,1.1781291
MRPL13,1.2332383,1.1781291
P2RY12,1.2332383,1.1781291
PPP1R42,1.2332383,1.1781291
MICB,1.2332383,1.1781291
SNRPD3,1.2332383,1.1781291
SPIN4,1.2332383,1.1781291
USP50,1.2332383,1.1781291
MFAP2,1.2332383,1.1781291
OXT,1.2332383,1.1781291
CEACAM3,1.2332383,1.1781291
ANKRD61,1.2332383,1.1781291
LHFPL1,1.2332383,1.1781291
CLSTN2,1.2332383,1.1781291
MAS1,1.2332383,1.1781291
FAM110C,1.2332383,1.1781291
PEX19,1.2332383,1.1781291
IGFBP7,1.2332383,1.1781291
C11orf65,1.2332383,1.1781291
BABAM1,1.2332383,1.1781291
KLF3,1.2332383,1.1781291
GZMH,1.2332383,1.1781291
TEF,1.2332383,1.1781291
ZNF121,1.2332383,1.1781291
GNAQ,1.2332383,1.1781291
TRIM44,1.2332383,1.1781291
DCTPP1,1.2332383,1.1781291
MCEMP1,1.2332383,1.1781291
TIGD6,1.2332383,1.1781291
GPALPP1,1.2332383,1.1781291
CREBL2,1.2332383,1.1781291
EIF3J,1.2332383,1.1781291
CPSF2,1.2332383,1.1781291
LIN7C,1.2332383,1.1781291
UTS2,1.2332383,1.1781291
MRPL1,1.2332383,1.1781291
FCGRT,1.2332383,1.1781291
RTL10,1.2332383,1.1781291
CHD1L,1.2332383,1.1781291
C1orf159,1.2332383,1.1781291
STXBP6,1.2332383,1.1781291
AKR1B10,1.2332383,1.1781291
DPRX,1.2332383,1.1781291
DMRTB1,1.2332383,1.1781291
ANKRD49,1.2332383,1.1781291
GDNF,1.2332383,1.1781291
STARD3NL,1.2332383,1.1781291
NAP1L3,1.2332383,1.1781291
LAPTM4B,1.2332383,1.1781291
ZFP36,1.2332383,1.1781291
MRPS18A,1.2332383,1.1781291
AWAT2,1.2332383,1.1781291
NPC2,1.2332383,1.1781291
CTDNEP1,1.2332383,1.1781291
TMED4,1.2332383,1.1781291
KRT85,1.2332383,1.1781291
RGN,1.2332383,1.1781291
NRBF2,1.2332383,1.1781291
DESI1,1.2332383,1.1781291
SOCS1,1.2332383,1.1781291
SLAMF9,1.2332383,1.1781291
SAP18,1.2332383,1.1781291
TMED10,1.2332383,1.1781291
MAP1LC3B,1.2332383,1.1781291
SLC10A6,1.2332383,1.1781291
EEF1AKMT3,1.2332383,1.1781291
CD164,1.2332383,1.1781291
ZDHHC19,1.2332383,1.1781291
SPSB2,1.2332383,1.1781291
AKT1S1,1.2332383,1.1781291
ZNF80,1.2332383,1.1781291
SPIN1,1.2332383,1.1781291
RBPMS,1.2332383,1.1781291
BCAP31,1.2332383,1.1781291
GOLGA7B,1.2332383,1.1781291
PRB1,1.2332383,1.1781291
CXCR6,1.2332383,1.1781291
ARGFX,1.2332383,1.1781291
DBH,1.2332383,1.1781291
PON2,1.2332383,1.1781291
CYB561D1,1.2332383,1.1781291
DUSP18,1.2332383,1.1781291
COX4I1,1.2332383,1.1781291
TRPV2,1.2332383,1.1781291
TMEM47,1.2332383,1.1781291
PAQR9,1.2332383,1.1781291
MCIDAS,1.2332383,1.1781291
GSTO2,1.2332383,1.1781291
TMEM106B,1.2332383,1.1781291
ZNRF4,1.2332383,1.1781291
NMRK2,1.2332383,1.1781291
IZUMO3,1.2332383,1.1781291
DUSP22,1.2332383,1.1781291
PILRB,1.2332383,1.1781291
DCTN3,1.2332383,1.1781291
PIGX,1.2332383,1.1781291
CCDC134,1.2332383,1.1781291
TPGS2,1.2332383,1.1781291
C12orf29,1.2332383,1.1781291
RPS9,1.2332383,1.1781291
ADM2,1.2332383,1.1781291
SPATA4,1.2332383,1.1781291
ZNF785,1.2332383,1.1781291
PPP1R35,1.2332383,1.1781291
TNFRSF9,1.2332383,1.1781291
SNX16,1.2332383,1.1781291
SYNGR3,1.2332383,1.1781291
HIST1H3I,1.2332383,1.1781291
C11orf1,1.2332383,1.1781291
NIPSNAP3B,1.2332383,1.1781291
CCNG1,1.2332383,1.1781291
UBE2I,1.2332383,1.1781291
RAP1B,1.2332383,1.1781291
LIMA1,1.2332383,1.1781291
SPC24,1.2332383,1.1781291
AGTR2,1.2332383,1.1781291
KIAA0355,1.2332383,1.1781291
CAVIN4,1.2332383,1.1781291
TMEM178B,1.2332383,1.1781291
EPPIN,1.2332383,1.1781291
YEATS2,1.2332383,1.1781291
TESC,1.2332383,1.1781291
CBLN4,1.2332383,1.1781291
NUBP2,1.2332383,1.1781291
CALML3,1.2332383,1.1781291
PTPN4,1.2332383,1.1781291
BTG3,1.2332383,1.1781291
H1FNT,1.2332383,1.1781291
CHCHD6,1.2332383,1.1781291
RPP21,1.2332383,1.1781291
TENT5D,1.2332383,1.1781291
HCAR1,1.2332383,1.1781291
GPR20,1.2332383,1.1781291
MNDA,1.2332383,1.1781291
SUSD6,1.2332383,1.1781291
PLAGL1,1.2332383,1.1781291
FKBP2,1.2332383,1.1781291
HIST1H3J,1.2332383,1.1781291
XPO4,1.2332383,1.1781291
ZCCHC13,1.2332383,1.1781291
PFN1,1.2332383,1.1781291
TRIM31,1.2332383,1.1781291
ZNF679,1.2332383,1.1781291
KCNK18,1.2332383,1.1781291
LBHD1,1.2332383,1.1781291
SNAP23,1.2332383,1.1781291
CHURC1,1.2332383,1.1781291
HRASLS,1.2332383,1.1781291
UBE2E1,1.2332383,1.1781291
DBP,1.2332383,1.1781291
MYL9,1.2332383,1.1781291
FGF23,1.2332383,1.1781291
PFN3,1.2332383,1.1781291
TLCD2,1.2332383,1.1781291
FGF1,1.2332383,1.1781291
PLEKHB1,1.2332383,1.1781291
SPTBN1,1.2332383,1.1781291
BCL2L14,1.2332383,1.1781291
OSTF1,1.2332383,1.1781291
GRAMD1B,1.2332383,1.1781291
CD1A,1.2332383,1.1781291
PGRMC1,1.2332383,1.1781291
MSANTD3,1.2332383,1.1781291
FAM110A,1.2332383,1.1781291
FGF20,1.2332383,1.1781291
PRR16,1.2332383,1.1781291
ISOC2,1.2332383,1.1781291
SPATA19,1.2332383,1.1781291
PPIP5K1,1.2332383,1.1781291
OMG,1.2332383,1.1781291
CCDC59,1.2332383,1.1781291
OAZ3,1.2332383,1.1781291
HMGB4,1.2332383,1.1781291
SIVA1,1.2332383,1.1781291
DRICH1,1.2332383,1.1781291
LHPP,1.2332383,1.1781291
SPATA32,1.2332383,1.1781291
GSTK1,1.2332383,1.1781291
SINHCAF,1.2332383,1.1781291
MTERF2,1.2332383,1.1781291
GSTM2,1.2332383,1.1781291
DNAI1,1.2332383,1.1781291
LRRC75B,1.2332383,1.1781291
ATP6V0E2,1.2332383,1.1781291
CLDN2,1.2332383,1.1781291
HIST1H2AM,1.2332383,1.1781291
FTMT,1.2332383,1.1781291
SLC31A1,1.2332383,1.1781291
TAF13,1.2332383,1.1781291
GPR65,1.2332383,1.1781291
MTG1,1.2332383,1.1781291
CEACAM8,1.2332383,1.1781291
SPEF1,1.2332383,1.1781291
MICA,1.2332383,1.1781291
CAPS,1.2332383,1.1781291
RPS7,1.2332383,1.1781291
GOLGA6L6,1.2332383,1.1781291
MYL10,1.2332383,1.1781291
PON3,1.2332383,1.1781291
CCDC166,1.2332383,1.1781291
TRAPPC1,1.2332383,1.1781291
MRPL51,1.2332383,1.1781291
IL32,1.2332383,1.1781291
UBAP1L,1.2332383,1.1781291
RGS17,1.2332383,1.1781291
TMC3,1.2332383,1.1781291
SPEM1,1.2332383,1.1781291
MRPS2,1.2332383,1.1781291
TRAPPC3,1.2332383,1.1781291
SKA3,1.2332383,1.1781291
NUTM2F,1.2332383,1.1781291
RPL28,1.2332383,1.1781291
PAPOLA,1.2332383,1.1781291
TNNC2,1.2332383,1.1781291
ZNF708,1.2332383,1.1781291
TGIF2,1.2332383,1.1781291
PAX9,1.2332383,1.1781291
RABL2B,1.2332383,1.1781291
TMEM150A,1.2332383,1.1781291
BCL7C,1.2332383,1.1781291
ZNF141,1.2332383,1.1781291
ANKRD7,1.2332383,1.1781291
MCUR1,1.2332383,1.1781291
RPL23A,1.2332383,1.1781291
CPSF4L,1.2332383,1.1781291
NAT16,1.2332383,1.1781291
STMN3,1.2332383,1.1781291
FAM162B,1.2332383,1.1781291
ZNF90,1.2332383,1.1781291
CCDC153,1.2332383,1.1781291
PRSS45,1.2332383,1.1781291
MRGPRF,1.2332383,1.1781291
PSENEN,1.2332383,1.1781291
ANAPC10,1.2332383,1.1781291
LYPD6,1.2332383,1.1781291
CCDC32,1.2332383,1.1781291
ZNF558,1.2332383,1.1781291
RPL9,1.2332383,1.1781291
RAB18,1.2332383,1.1781291
NXPH3,1.2332383,1.1781291
RXFP4,1.2332383,1.1781291
CIB2,1.2332383,1.1781291
TYW3,1.2332383,1.1781291
TMEM182,1.2332383,1.1781291
FASLG,1.2332383,1.1781291
MC4R,1.2332383,1.1781291
ELP5,1.2332383,1.1781291
IFI35,1.2332383,1.1781291
NEURL2,1.2332383,1.1781291
NCOA1,1.2332383,1.1781291
MED30,1.2332383,1.1781291
FRMPD4,1.2332383,1.1781291
SCHIP1,1.2332383,1.1781291
NOXRED1,1.2332383,1.1781291
EMB,1.2332383,1.1781291
GZMM,1.2332383,1.1781291
C19orf66,1.2332383,1.1781291
UBE2D2,1.2332383,1.1781291
CXCR1,1.2332383,1.1781291
CAPNS2,1.2332383,1.1781291
NUDT5,1.2332383,1.1781291
DTX3,1.2332383,1.1781291
SUPT4H1,1.2332383,1.1781291
STX11,1.2332383,1.1781291
AL354898.1,1.2332383,1.1781291
ZBTB11,1.2332383,1.1781291
SUMO3,1.2332383,1.1781291
TWSG1,1.2332383,1.1781291
LGALSL,1.2332383,1.1781291
EDN1,1.2332383,1.1781291
RSL24D1,1.2332383,1.1781291
SLC10A4,1.2332383,1.1781291
CTDSP2,1.2332383,1.1781291
HUS1,1.2332383,1.1781291
GP1BB,1.2332383,1.1781291
KCNC1,1.2332383,1.1781291
HMGB2,1.2332383,1.1781291
PGLYRP4,1.2332383,1.1781291
TPD52,1.2332383,1.1781291
ZNF593,1.2332383,1.1781291
RBM18,1.2332383,1.1781291
SCN8A,1.2332383,1.1781291
CLK3,1.2332383,1.1781291
HIST1H4D,1.2332383,1.1781291
C9orf47,1.2332383,1.1781291
EGR2,1.2332383,1.1781291
RPP40,1.2332383,1.1781291
NTNG1,1.2332383,1.1781291
DBI,1.2332383,1.1781291
TINAG,1.2332383,1.1781291
PROS1,1.2332383,1.1781291
LIN28B,1.2332383,1.1781291
ATP6V0B,1.2332383,1.1781291
TMED8,1.2332383,1.1781291
PEG10,1.2332383,1.1781291
TMEM185A,1.2332383,1.1781291
INSM1,1.2332383,1.1781291
SOCS2,1.2332383,1.1781291
C8G,1.2332383,1.1781291
MCRIP1,1.2332383,1.1781291
TCP10L2,1.2332383,1.1781291
DPCD,1.2332383,1.1781291
VSTM2B,1.2332383,1.1781291
ALKBH2,1.2332383,1.1781291
SYS1,1.2332383,1.1781291
PRR4,1.2332383,1.1781291
TCEANC,1.2332383,1.1781291
HSD11B1,1.2332383,1.1781291
LMO4,1.2332383,1.1781291
RHBDD3,1.2332383,1.1781291
CHD1,1.2332383,1.1781291
GPR132,1.2332383,1.1781291
CDC42EP1,1.2332383,1.1781291
PLA2G12A,1.2332383,1.1781291
ANKRD60,1.2332383,1.1781291
EEF1B2,1.2332383,1.1781291
CCDC169,1.2332383,1.1781291
ADO,1.2332383,1.1781291
LRRC3C,1.2332383,1.1781291
TRUB2,1.2332383,1.1781291
TMEM255B,1.2332383,1.1781291
ARL6IP1,1.2332383,1.1781291
DPT,1.2332383,1.1781291
LRMDA,1.2332383,1.1781291
HIST2H2AB,1.2332383,1.1781291
ODF3L1,1.2332383,1.1781291
MPZL1,1.2332383,1.1781291
TNF,1.2332383,1.1781291
TTR,1.2332383,1.1781291
GLRA1,1.2332383,1.1781291
CFH,1.2332383,1.1781291
ZNF707,1.2332383,1.1781291
H2AFZ,1.2332383,1.1781291
POLR2G,1.2332383,1.1781291
TSPO,1.2332383,1.1781291
ZSCAN4,1.2332383,1.1781291
DUSP3,1.2332383,1.1781291
TRIM77,1.2332383,1.1781291
ORAI2,1.2332383,1.1781291
ATP4B,1.2332383,1.1781291
CCDC3,1.2332383,1.1781291
RHNO1,1.2332383,1.1781291
FUT5,1.2332383,1.1781291
STEAP1B,1.2332383,1.1781291
HIST2H2AC,1.2332383,1.1781291
CHP2,1.2332383,1.1781291
SNX24,1.2332383,1.1781291
TMEM163,1.2332383,1.1781291
NKAIN2,1.2332383,1.1781291
TRIM40,1.2332383,1.1781291
LACTBL1,1.2332383,1.1781291
RFESD,1.2332383,1.1781291
SFTPA2,1.2332383,1.1781291
NPY5R,1.2332383,1.1781291
USB1,1.2332383,1.1781291
MYCT1,1.2332383,1.1781291
SLAMF6,1.2332383,1.1781291
EDARADD,1.2332383,1.1781291
DDX11,1.2332383,1.1781291
IAH1,1.2332383,1.1781291
RNF115,1.2332383,1.1781291
SUSD2,1.2332383,1.1781291
PPP1R3B,1.2332383,1.1781291
NXPH2,1.2332383,1.1781291
THYN1,1.2332383,1.1781291
WFDC8,1.2332383,1.1781291
YPEL2,1.2332383,1.1781291
EAPP,1.2332383,1.1781291
C1QBP,1.2332383,1.1781291
C3orf33,1.2332383,1.1781291
DCUN1D5,1.2332383,1.1781291
TMEM38B,1.2332383,1.1781291
PHETA2,1.2332383,1.1781291
CBLN2,1.2332383,1.1781291
GABRD,1.2332383,1.1781291
NEIL2,1.2332383,1.1781291
FBXO38,1.2332383,1.1781291
LYAR,1.2332383,1.1781291
PDGFA,1.2332383,1.1781291
NAA38,1.2332383,1.1781291
JOSD1,1.2332383,1.1781291
IGFBP1,1.2332383,1.1781291
MYPOP,1.2332383,1.1781291
TMEM268,1.2332383,1.1781291
PHYHIPL,1.2332383,1.1781291
KDELR3,1.2332383,1.1781291
FETUB,1.2332383,1.1781291
RSU1,1.2332383,1.1781291
FAM221A,1.2332383,1.1781291
EMP2,1.2332383,1.1781291
RPS19,1.2332383,1.1781291
IL1R2,1.2332383,1.1781291
ATP1A1,1.2332383,1.1781291
FNDC4,1.2332383,1.1781291
ITLN2,1.2332383,1.1781291
FAM124B,1.2332383,1.1781291
TBX1,1.2332383,1.1781291
P2RY10,1.2332383,1.1781291
ZNF32,1.2332383,1.1781291
CLEC18B,1.2332383,1.1781291
KLRK1,1.2332383,1.1781291
NMRAL1,1.2332383,1.1781291
MAMSTR,1.2332383,1.1781291
MIA,1.2332383,1.1781291
PSMB3,1.2332383,1.1781291
MREG,1.2332383,1.1781291
NME1,1.2332383,1.1781291
GPR119,1.2332383,1.1781291
PCDHGA5,1.2332383,1.1781291
YIPF5,1.2332383,1.1781291
C9orf78,1.2332383,1.1781291
APOF,1.2332383,1.1781291
TMEM267,1.2332383,1.1781291
NCALD,1.2332383,1.1781291
SIRPG,1.2332383,1.1781291
LITAF,1.2332383,1.1781291
ASGR1,1.2332383,1.1781291
PIK3CG,1.2332383,1.1781291
EMC7,1.2332383,1.1781291
ZNF682,1.2332383,1.1781291
C1QB,1.2332383,1.1781291
DNPH1,1.2332383,1.1781291
PSME3,1.2332383,1.1781291
DAZL,1.2332383,1.1781291
RHEBL1,1.2332383,1.1781291
SAXO2,1.2332383,1.1781291
SLC22A31,1.2332383,1.1781291
YAF2,1.2332383,1.1781291
GLO1,1.2332383,1.1781291
DFFA,1.2332383,1.1781291
AMIGO1,1.2332383,1.1781291
TCN1,1.2332383,1.1781291
CETN3,1.2332383,1.1781291
TMEM130,1.2332383,1.1781291
KLK3,1.2332383,1.1781291
DUSP28,1.2332383,1.1781291
AC010336.1,1.2332383,1.1781291
NCR2,1.2332383,1.1781291
POP4,1.2332383,1.1781291
CCDC34,1.2332383,1.1781291
HES2,1.2332383,1.1781291
RIC1,1.2332383,1.1781291
PEAK3,1.2332383,1.1781291
BEAN1,1.2332383,1.1781291
NFU1,1.2332383,1.1781291
LUZP2,1.2332383,1.1781291
PAQR5,1.2332383,1.1781291
EML5,1.2332383,1.1781291
TNFRSF14,1.2332383,1.1781291
ADAT3,1.2332383,1.1781291
APIP,1.2332383,1.1781291
ANP32B,1.2332383,1.1781291
RABL3,1.2332383,1.1781291
DCTN6,1.2332383,1.1781291
ABCA6,1.2332383,1.1781291
SPINT2,1.2332383,1.1781291
SERPINA7,1.2332383,1.1781291
NXPH4,1.2332383,1.1781291
ATP6AP1L,1.2332383,1.1781291
IDNK,1.2332383,1.1781291
KRTAP16-1,1.2332383,1.1781291
PTP4A1,1.2332383,1.1781291
PLSCR5,1.2332383,1.1781291
GJB7,1.2332383,1.1781291
PVRIG,1.2332383,1.1781291
TMEM45B,1.2332383,1.1781291
ZAR1L,1.2332383,1.1781291
TPSD1,1.2332383,1.1781291
CAPZA3,1.2332383,1.1781291
PDCL,1.2332383,1.1781291
ZBTB8OS,1.2332383,1.1781291
NDUFB10,1.2332383,1.1781291
FNDC11,1.2332383,1.1781291
PRR23C,1.2332383,1.1781291
MRPS11,1.2332383,1.1781291
FAM92B,1.2332383,1.1781291
ARF4,1.2332383,1.1781291
CD84,1.2332383,1.1781291
SIRPB1,1.2332383,1.1781291
ZIM3,1.2332383,1.1781291
CDCA3,1.2332383,1.1781291
CLCF1,1.2332383,1.1781291
CCR8,1.2332383,1.1781291
BAK1,1.2332383,1.1781291
MSRB3,1.2332383,1.1781291
SSTR4,1.2332383,1.1781291
C22orf31,1.2332383,1.1781291
ZNF658,1.2332383,1.1781291
ACTR3C,1.2332383,1.1781291
FAM3B,1.2332383,1.1781291
FOXR2,1.2332383,1.1781291
JUNB,1.2332383,1.1781291
FAM118A,1.2332383,1.1781291
CLDN12,1.2332383,1.1781291
SOD1,1.2332383,1.1781291
FFAR2,1.2332383,1.1781291
MOB2,1.2332383,1.1781291
THAP8,1.2332383,1.1781291
KCTD6,1.2332383,1.1781291
BCL7A,1.2332383,1.1781291
PROCA1,1.2332383,1.1781291
CASP6,1.2332383,1.1781291
IQCD,1.2332383,1.1781291
COPZ2,1.2332383,1.1781291
CALHM6,1.2332383,1.1781291
MARC2,1.2332383,1.1781291
UPK3A,1.2332383,1.1781291
NAT10,1.2332383,1.1781291
PRR25,1.2332383,1.1781291
CHIC2,1.2332383,1.1781291
SP8,1.2332383,1.1781291
RPL35A,1.2332383,1.1781291
GPR85,1.2332383,1.1781291
GCAT,1.2332383,1.1781291
MRTO4,1.2332383,1.1781291
PRXL2A,1.2332383,1.1781291
METTL21A,1.2332383,1.1781291
LTC4S,1.2332383,1.1781291
MRPL55,1.2332383,1.1781291
RALY,1.2332383,1.1781291
AMELX,1.2332383,1.1781291
NPTXR,1.2332383,1.1781291
TMEM173,1.2332383,1.1781291
SNAPC2,1.2332383,1.1781291
PCGF6,1.2332383,1.1781291
ARID2,1.2332383,1.1781291
ACKR3,1.2332383,1.1781291
DNAJC30,1.2332383,1.1781291
TIPIN,1.2332383,1.1781291
BIRC7,1.2332383,1.1781291
CLDN24,1.2332383,1.1781291
CTDSPL,1.2332383,1.1781291
METRNL,1.2332383,1.1781291
ST8SIA6,1.2332383,1.1781291
LIG3,1.2332383,1.1781291
NMU,1.2332383,1.1781291
PKN1,1.2332383,1.1781291
MARS,1.2332383,1.1781291
TMED3,1.2332383,1.1781291
ABHD14A,1.2332383,1.1781291
ORAI1,1.2332383,1.1781291
VPS29,1.2332383,1.1781291
FAM3D,1.2332383,1.1781291
RAX2,1.2332383,1.1781291
INO80B,1.2332383,1.1781291
MAGIX,1.2332383,1.1781291
TRIM51,1.2332383,1.1781291
FCAR,1.2332383,1.1781291
SLC50A1,1.2332383,1.1781291
CEP44,1.2332383,1.1781291
PROCR,1.2332383,1.1781291
UBXN10,1.2332383,1.1781291
DNAJC5B,1.2332383,1.1781291
HPCA,1.2332383,1.1781291
LRRC57,1.2332383,1.1781291
UBE2G2,1.2332383,1.1781291
BHLHA15,1.2332383,1.1781291
FIZ1,1.2332383,1.1781291
GIMAP6,1.2332383,1.1781291
NUTM2G,1.2332383,1.1781291
UGT2B17,1.2332383,1.1781291
SNRNP25,1.2332383,1.1781291
EFCAB1,1.2332383,1.1781291
ZNF280B,1.2332383,1.1781291
SPERT,1.2332383,1.1781291
NSL1,1.2332383,1.1781291
SLC39A2,1.2332383,1.1781291
UBXN2B,1.2332383,1.1781291
C6orf62,1.2332383,1.1781291
LRRC55,1.2332383,1.1781291
SYF2,1.2332383,1.1781291
GMFG,1.2332383,1.1781291
HIST1H4C,1.2332383,1.1781291
ACP1,1.2332383,1.1781291
GMPS,1.2332383,1.1781291
MOCS2,1.2332383,1.1781291
PPP1R2,1.2332383,1.1781291
MRPL48,1.2332383,1.1781291
GPER1,1.2332383,1.1781291
CEACAM4,1.2332383,1.1781291
HES4,1.2332383,1.1781291
ZDHHC4,1.2332383,1.1781291
DCXR,1.2332383,1.1781291
DUSP14,1.2332383,1.1781291
CLDN22,1.2332383,1.1781291
AKR7A2,1.2332383,1.1781291
RPL35,1.2332383,1.1781291
MRO,1.2332383,1.1781291
AQP11,1.2332383,1.1781291
ABCA3,1.2332383,1.1781291
CLIC4,1.2332383,1.1781291
CDKN3,1.2332383,1.1781291
FBXO39,1.2332383,1.1781291
TMED1,1.2332383,1.1781291
SLC22A23,1.2332383,1.1781291
MRPS7,1.2332383,1.1781291
NAT1,1.2332383,1.1781291
RAD18,1.2332383,1.1781291
PPP1R8,1.2332383,1.1781291
ISX,1.2332383,1.1781291
POLR3H,1.2332383,1.1781291
FGF21,1.2332383,1.1781291
FBXO2,1.2332383,1.1781291
ING4,1.2332383,1.1781291
PROKR1,1.2332383,1.1781291
RPS23,1.2332383,1.1781291
HSPB3,1.2332383,1.1781291
ABCB8,1.2332383,1.1781291
HIST1H4H,1.2332383,1.1781291
CHRNB4,1.2332383,1.1781291
FAM173A,1.2332383,1.1781291
AP4S1,1.2332383,1.1781291
SET,1.2332383,1.1781291
FAM185A,1.2332383,1.1781291
SLA2,1.2332383,1.1781291
ZNHIT2,1.2332383,1.1781291
SLFNL1,1.2332383,1.1781291
USP41,1.2332383,1.1781291
FERD3L,1.2332383,1.1781291
IFT46,1.2332383,1.1781291
GFRAL,1.2332383,1.1781291
OXGR1,1.2332383,1.1781291
TOMM20,1.2332383,1.1781291
GPRIN2,1.2332383,1.1781291
RNF141,1.2332383,1.1781291
CNTNAP1,1.2332383,1.1781291
SRRD,1.2332383,1.1781291
CNPY3,1.2332383,1.1781291
GSTM3,1.2332383,1.1781291
KLF15,1.2332383,1.1781291
PSMB1,1.2332383,1.1781291
KLF2,1.2332383,1.1781291
LGALS9,1.2332383,1.1781291
RPS27A,1.2332383,1.1781291
CCDC42,1.2332383,1.1781291
HSPB8,1.2332383,1.1781291
TCEAL4,1.2332383,1.1781291
ANKRD39,1.2332383,1.1781291
MGMT,1.2332383,1.1781291
RGS7BP,1.2332383,1.1781291
FAM199X,1.2332383,1.1781291
EIF3D,1.2332383,1.1781291
TTC33,1.2332383,1.1781291
PIGC,1.2332383,1.1781291
CDKN1B,1.2332383,1.1781291
FAM78B,1.2332383,1.1781291
LRRC59,1.2332383,1.1781291
ANAPC11,1.2332383,1.1781291
ZNF479,1.2332383,1.1781291
RHEB,1.2332383,1.1781291
NIP7,1.2332383,1.1781291
PSME1,1.2332383,1.1781291
SPATA13,1.2332383,1.1781291
TMEM9B,1.2332383,1.1781291
FAM110B,1.2332383,1.1781291
HIST1H2AC,1.2332383,1.1781291
LRRC25,1.2332383,1.1781291
ZNF575,1.2332383,1.1781291
BTBD8,1.2332383,1.1781291
ATP6V1E1,1.2332383,1.1781291
PRSS48,1.2332383,1.1781291
FAM47B,1.2332383,1.1781291
TCAP,1.2332383,1.1781291
CCR3,1.2332383,1.1781291
CPN2,1.2332383,1.1781291
TMEM71,1.2332383,1.1781291
NAA60,1.2332383,1.1781291
CD2BP2,1.2332383,1.1781291
ALDH3B1,1.2332383,1.1781291
CIDEA,1.2332383,1.1781291
DLGAP1,1.2332383,1.1781291
VPS37D,1.2332383,1.1781291
C4orf47,1.2332383,1.1781291
ZNF727,1.2332383,1.1781291
TIMD4,1.2332383,1.1781291
HORMAD1,1.2332383,1.1781291
NMBR,1.2332383,1.1781291
C16orf89,1.2332383,1.1781291
EPHB6,1.2332383,1.1781291
GP5,1.2332383,1.1781291
GNE,1.2332383,1.1781291
PNMA5,1.2332383,1.1781291
AMBN,1.2332383,1.1781291
ZNF716,1.2332383,1.1781291
NOL3,1.2332383,1.1781291
SNCB,1.2332383,1.1781291
DNAJC17,1.2332383,1.1781291
ALKBH7,1.2332383,1.1781291
AFF4,1.2332383,1.1781291
OTULINL,1.2332383,1.1781291
PNMA2,1.2332383,1.1781291
WDR53,1.2332383,1.1781291
CD300A,1.2332383,1.1781291
EXOSC8,1.2332383,1.1781291
TRIM16L,1.2332383,1.1781291
NIPSNAP3A,1.2332383,1.1781291
ERICH1,1.2332383,1.1781291
C2orf68,1.2332383,1.1781291
PTAFR,1.2332383,1.1781291
GDPGP1,1.2332383,1.1781291
FAM131C,1.2332383,1.1781291
SFTPA1,1.2332383,1.1781291
ATRAID,1.2332383,1.1781291
STMND1,1.2332383,1.1781291
C11orf42,1.2332383,1.1781291
NAA10,1.2332383,1.1781291
TNFAIP6,1.2332383,1.1781291
HPS5,1.2332383,1.1781291
PTS,1.2332383,1.1781291
PTCD2,1.2332383,1.1781291
TNFSF13B,1.2332383,1.1781291
YKT6,1.2332383,1.1781291
SKA1,1.2332383,1.1781291
PHYHIP,1.2332383,1.1781291
CLEC4C,1.2332383,1.1781291
SEMA4G,1.2332383,1.1781291
SYNDIG1L,1.2332383,1.1781291
HENMT1,1.2332383,1.1781291
IL10RB,1.2332383,1.1781291
ZNF93,1.2332383,1.1781291
TRPC4,1.2332383,1.1781291
ZNF557,1.2332383,1.1781291
ZNF367,1.2332383,1.1781291
CLNS1A,1.2332383,1.1781291
LHFPL2,1.2332383,1.1781291
ZFYVE21,1.2332383,1.1781291
AAR2,1.2332383,1.1781291
MC3R,1.2332383,1.1781291
NABP2,1.2332383,1.1781291
EDA2R,1.2332383,1.1781291
NAT9,1.2332383,1.1781291
MXD1,1.2332383,1.1781291
DEDD2,1.2332383,1.1781291
GPR183,1.2332383,1.1781291
SPRY4,1.2332383,1.1781291
CYB561D2,1.2332383,1.1781291
HIST1H4B,1.2332383,1.1781291
ECM1,1.2332383,1.1781291
MRPL16,1.2332383,1.1781291
GP1BA,1.2332383,1.1781291
RGS8,1.2332383,1.1781291
C11orf16,1.2332383,1.1781291
ZCCHC17,1.2332383,1.1781291
XKR9,1.2332383,1.1781291
MYBPC1,1.2332383,1.1781291
FOXJ3,1.2332383,1.1781291
MSH6,1.2332383,1.1781291
PALM,1.2332383,1.1781291
RBM24,1.2332383,1.1781291
ATOH7,1.2332383,1.1781291
MAD2L1,1.2332383,1.1781291
SRPRB,1.2332383,1.1781291
GDF5OS,1.2332383,1.1781291
ZNF562,1.2332383,1.1781291
CAVIN1,1.2332383,1.1781291
AMY2A,1.2332383,1.1781291
ZNF474,1.2332383,1.1781291
UBE2E3,1.2332383,1.1781291
PABPC4L,1.2332383,1.1781291
EMG1,1.2332383,1.1781291
KCNIP4,1.2332383,1.1781291
CABP7,1.2332383,1.1781291
ARL3,1.2332383,1.1781291
OPN1LW,1.2332383,1.1781291
NME3,1.2332383,1.1781291
TFPT,1.2332383,1.1781291
MAF1,1.2332383,1.1781291
EFL1,1.2332383,1.1781291
RAB10,1.2332383,1.1781291
C2orf70,1.2332383,1.1781291
KLHL28,1.2332383,1.1781291
MRPL9,1.2332383,1.1781291
FUT3,1.2332383,1.1781291
PRAMEF12,1.2332383,1.1781291
NFATC2IP,1.2332383,1.1781291
ATF3,1.2332383,1.1781291
SHKBP1,1.2332383,1.1781291
GINS2,1.2332383,1.1781291
C6orf141,1.2332383,1.1781291
COQ3,1.2332383,1.1781291
CDC37L1,1.2332383,1.1781291
RNASET2,1.2332383,1.1781291
FKBP7,1.2332383,1.1781291
MRPL40,1.2332383,1.1781291
TMEM222,1.2332383,1.1781291
KNOP1,1.2332383,1.1781291
NDFIP2,1.2332383,1.1781291
HPCAL4,1.2332383,1.1781291
MRM2,1.2332383,1.1781291
JAGN1,1.2332383,1.1781291
ARHGAP5,1.2332383,1.1781291
NQO1,1.2332383,1.1781291
CALHM1,1.2332383,1.1781291
KIAA1257,1.2332383,1.1781291
IL17REL,1.2332383,1.1781291
LHFPL6,1.2332383,1.1781291
PAK6,1.2332383,1.1781291
ITPRIPL2,1.2332383,1.1781291
EID3,1.2332383,1.1781291
PRKAB2,1.2332383,1.1781291
ZC2HC1B,1.2332383,1.1781291
KLF9,1.2332383,1.1781291
COPZ1,1.2332383,1.1781291
FAM206A,1.2332383,1.1781291
PHF11,1.2332383,1.1781291
RAD1,1.2332383,1.1781291
VDR,1.2332383,1.1781291
PLCXD3,1.2332383,1.1781291
MRPL28,1.2332383,1.1781291
ARNT,1.2332383,1.1781291
NDP,1.2332383,1.1781291
USP19,1.2332383,1.1781291
PRR35,1.2332383,1.1781291
MTIF3,1.2332383,1.1781291
RPL26,1.2332383,1.1781291
ELK1,1.2332383,1.1781291
ZNF764,1.2332383,1.1781291
EGFR,1.2332383,1.1781291
YDJC,1.2332383,1.1781291
SPATA31A1,1.2332383,1.1781291
GUCA1B,1.2332383,1.1781291
MOB3A,1.2332383,1.1781291
OARD1,1.2332383,1.1781291
ROGDI,1.2332383,1.1781291
PGLS,1.2332383,1.1781291
PEX11G,1.2332383,1.1781291
RAB5IF,1.2332383,1.1781291
SLC25A10,1.2332383,1.1781291
HINT2,1.2332383,1.1781291
HTR6,1.2332383,1.1781291
PLSCR1,1.2332383,1.1781291
SPESP1,1.2332383,1.1781291
LENG9,1.2332383,1.1781291
NRIP2,1.2332383,1.1781291
MAIP1,1.2332383,1.1781291
SLC9C1,1.2332383,1.1781291
KLF10,1.2332383,1.1781291
EXOSC6,1.2332383,1.1781291
MRPL35,1.2332383,1.1781291
HAUS7,1.2332383,1.1781291
ZCRB1,1.2332383,1.1781291
ODF3L2,1.2332383,1.1781291
STYXL1,1.2332383,1.1781291
TRAK1,1.2332383,1.1781291
ATP5IF1,1.2332383,1.1781291
TRIML2,1.2332383,1.1781291
HS1BP3,1.2332383,1.1781291
ZNF763,1.2332383,1.1781291
SYPL2,1.2332383,1.1781291
CXCR2,1.2332383,1.1781291
MRPS24,1.2332383,1.1781291
RPL14,1.2332383,1.1781291
PI15,1.2332383,1.1781291
SPATA48,1.2332383,1.1781291
HAX1,1.2332383,1.1781291
RGL4,1.2332383,1.1781291
BLVRB,1.2332383,1.1781291
ZNF660,1.2332383,1.1781291
RAB21,1.2332383,1.1781291
TMEM202,1.2332383,1.1781291
UBE2G1,1.2332383,1.1781291
MFAP5,1.2332383,1.1781291
FAM71F1,1.2332383,1.1781291
PSMA6,1.2332383,1.1781291
NEUROG1,1.2332383,1.1781291
SWI5,1.2332383,1.1781291
C21orf91,1.2332383,1.1781291
BORCS5,1.2332383,1.1781291
CSNK1A1L,1.2332383,1.1781291
CD79B,1.2332383,1.1781291
TACO1,1.2332383,1.1781291
FAM168A,1.2332383,1.1781291
ZNF280A,1.2332383,1.1781291
FAM219A,1.2332383,1.1781291
RBM8A,1.2332383,1.1781291
NRSN1,1.2332383,1.1781291
RAB20,1.2332383,1.1781291
LRRC46,1.2332383,1.1781291
AGAP2-AS1,1.2332383,1.1781291
PENK,1.2332383,1.1781291
LPAR3,1.2332383,1.1781291
EFNA1,1.2332383,1.1781291
MTERF3,1.2332383,1.1781291
COQ7,1.2332383,1.1781291
LHX1,1.2332383,1.1781291
SLC7A6OS,1.2332383,1.1781291
FITM2,1.2332383,1.1781291
IFT27,1.2332383,1.1781291
MEPE,1.2332383,1.1781291
DNM1L,1.2332383,1.1781291
MDFIC,1.2332383,1.1781291
BGN,1.2332383,1.1781291
ELSPBP1,1.2332383,1.1781291
ZCCHC9,1.2332383,1.1781291
CTSA,1.2332383,1.1781291
DGAT1,1.2332383,1.1781291
DRAM2,1.2332383,1.1781291
PRIM2,1.2332383,1.1781291
RAB40AL,1.2332383,1.1781291
AADAC,1.2332383,1.1781291
CNBP,1.2332383,1.1781291
VAPA,1.2332383,1.1781291
SIGLEC9,1.2332383,1.1781291
PPA1,1.2332383,1.1781291
WDR5B,1.2332383,1.1781291
FITM1,1.2332383,1.1781291
TMEM41A,1.2332383,1.1781291
HLF,1.2332383,1.1781291
ANO7,1.2332383,1.1781291
PBK,1.2332383,1.1781291
MOB3B,1.2332383,1.1781291
SYNPO2,1.2332383,1.1781291
NXPH1,1.2332383,1.1781291
PHF13,1.2332383,1.1781291
TRIM49B,1.2332383,1.1781291
TPSG1,1.2332383,1.1781291
CLEC10A,1.2332383,1.1781291
C1orf50,1.2332383,1.1781291
SAR1A,1.2332383,1.1781291
TMEM205,1.2332383,1.1781291
ZDHHC21,1.2332383,1.1781291
SLC9A3R1,1.2332383,1.1781291
DKK4,1.2332383,1.1781291
UBE2B,1.2332383,1.1781291
ANKRD34C,1.2332383,1.1781291
CCDC25,1.2332383,1.1781291
CACNA1I,1.2332383,1.1781291
IGFBP5,1.2332383,1.1781291
ISCU,1.2332383,1.1781291
EMP1,1.2332383,1.1781291
PPARD,1.2332383,1.1781291
C1orf35,1.2332383,1.1781291
SLC52A1,1.2332383,1.1781291
POTEC,1.2332383,1.1781291
SGF29,1.2332383,1.1781291
GPR3,1.2332383,1.1781291
UBA52,1.2332383,1.1781291
CENPL,1.2332383,1.1781291
GAB4,1.2332383,1.1781291
IMPDH2,1.2332383,1.1781291
BOLL,1.2332383,1.1781291
CCNG2,1.2332383,1.1781291
BDH2,1.2332383,1.1781291
CLSTN3,1.2332383,1.1781291
ZFP36L1,1.2332383,1.1781291
KIFAP3,1.2332383,1.1781291
PI16,1.2332383,1.1781291
NDUFA8,1.2332383,1.1781291
CXCR3,1.2332383,1.1781291
NGF,1.2332383,1.1781291
RPL7A,1.2332383,1.1781291
MTX3,1.2332383,1.1781291
SCAMP5,1.2332383,1.1781291
ZNF730,1.2332383,1.1781291
LDLRAP1,1.2332383,1.1781291
YOD1,1.2332383,1.1781291
CHMP4A,1.2332383,1.1781291
SFPQ,1.2332383,1.1781291
CD244,1.2332383,1.1781291
ZNF83,1.2332383,1.1781291
RIC3,1.2332383,1.1781291
CBX6,1.2332383,1.1781291
LILRB4,1.2332383,1.1781291
GIF,1.2332383,1.1781291
ACER3,1.2332383,1.1781291
TRAPPC3L,1.2332383,1.1781291
ARL6,1.2332383,1.1781291
PSMG1,1.2332383,1.1781291
PLEKHF2,1.2332383,1.1781291
KLK7,1.2332383,1.1781291
CCNC,1.2332383,1.1781291
ZSCAN16,1.2332383,1.1781291
CBR3,1.2332383,1.1781291
ZNF92,1.2332383,1.1781291
ZNF597,1.2332383,1.1781291
CCDC90B,1.2332383,1.1781291
ART3,1.2332383,1.1781291
TDRP,1.2332383,1.1781291
NT5C,1.2332383,1.1781291
STPG1,1.2332383,1.1781291
LYPLA2,1.2332383,1.1781291
IL20RB,1.2332383,1.1781291
ZSWIM1,1.2332383,1.1781291
C16orf78,1.2332383,1.1781291
ANKRD46,1.2332383,1.1781291
KCNA7,1.2332383,1.1781291
FSIP1,1.2332383,1.1781291
ENKD1,1.2332383,1.1781291
IER5L,1.2332383,1.1781291
ZBTB12,1.2332383,1.1781291
EXTL1,1.2332383,1.1781291
RHOA,1.2332383,1.1781291
ART5,1.2332383,1.1781291
PCDH12,1.2332383,1.1781291
C12orf43,1.2332383,1.1781291
GADD45GIP1,1.2332383,1.1781291
DUXA,1.2332383,1.1781291
SURF2,1.2332383,1.1781291
MANBA,1.2332383,1.1781291
TMEM200A,1.2332383,1.1781291
IGF1,1.2332383,1.1781291
SULT2A1,1.2332383,1.1781291
CPO,1.2332383,1.1781291
ADI1,1.2332383,1.1781291
CD40,1.2332383,1.1781291
RITA1,1.2332383,1.1781291
RAB40A,1.2332383,1.1781291
RNF133,1.2332383,1.1781291
C7orf57,1.2332383,1.1781291
CLUL1,1.2332383,1.1781291
C4orf51,1.2332383,1.1781291
CD68,1.2332383,1.1781291
SP7,1.2332383,1.1781291
FAM133B,1.2332383,1.1781291
BLVRA,1.2332383,1.1781291
ZBTB9,1.2332383,1.1781291
ZMAT3,1.2332383,1.1781291
ZNF732,1.2332383,1.1781291
KLK15,1.2332383,1.1781291
PRTN3,1.2332383,1.1781291
TMEM144,1.2332383,1.1781291
GPR182,1.2332383,1.1781291
SYMPK,1.2332383,1.1781291
RGS4,1.2332383,1.1781291
TAAR2,1.2332383,1.1781291
TMEM80,1.2332383,1.1781291
HDDC2,1.2332383,1.1781291
KCNK12,1.2332383,1.1781291
AURKC,1.2332383,1.1781291
TMEM200B,1.2332383,1.1781291
STX12,1.2332383,1.1781291
IRF2BP2,1.2332383,1.1781291
CCDC103,1.2332383,1.1781291
ADM,1.2332383,1.1781291
ANKH,1.2332383,1.1781291
IGFBPL1,1.2332383,1.1781291
STMN1,1.2332383,1.1781291
MOSPD3,1.2332383,1.1781291
MCOLN1,1.2332383,1.1781291
C6orf58,1.2332383,1.1781291
FAM187A,1.2332383,1.1781291
KTI12,1.2332383,1.1781291
TMEM41B,1.2332383,1.1781291
ERCC6L,1.2332383,1.1781291
UBE2E2,1.2332383,1.1781291
AP1S1,1.2332383,1.1781291
PSG11,1.2332383,1.1781291
APOL3,1.2332383,1.1781291
CCT8L2,1.2332383,1.1781291
CD300LF,1.2332383,1.1781291
LDHAL6B,1.2332383,1.1781291
NOTO,1.2332383,1.1781291
CDK11B,1.2332383,1.1781291
NCKAP5,1.2332383,1.1781291
GPR88,1.2332383,1.1781291
LILRA2,1.2332383,1.1781291
PDYN,1.2332383,1.1781291
CFHR1,1.2332383,1.1781291
RPF2,1.2332383,1.1781291
FAM47E,1.2332383,1.1781291
SLC36A3,1.2332383,1.1781291
GNAT1,1.2332383,1.1781291
MAGOH,1.2332383,1.1781291
ALKBH4,1.2332383,1.1781291
CASP3,1.2332383,1.1781291
PSG2,1.2332383,1.1781291
SPDYA,1.2332383,1.1781291
GPR139,1.2332383,1.1781291
CCDC122,1.2332383,1.1781291
MYL1,1.2332383,1.1781291
FAM47E-STBD1,1.2332383,1.1781291
PTX3,1.2332383,1.1781291
RPL17,1.2332383,1.1781291
BPIFB1,1.2332383,1.1781291
PDGFRL,1.2332383,1.1781291
COMT,1.2332383,1.1781291
CDKN1A,1.2332383,1.1781291
PYM1,1.2332383,1.1781291
POLR3GL,1.2332383,1.1781291
GRXCR2,1.2332383,1.1781291
MBLAC1,1.2332383,1.1781291
HIST1H2AH,1.2332383,1.1781291
PRXL2B,1.2332383,1.1781291
GCA,1.2332383,1.1781291
PGLYRP3,1.2332383,1.1781291
ARL15,1.2332383,1.1781291
RALYL,1.2332383,1.1781291
MRPS25,1.2332383,1.1781291
LTB,1.2332383,1.1781291
COQ10B,1.2332383,1.1781291
STX17,1.2332383,1.1781291
DCLRE1A,1.2332383,1.1781291
MAB21L3,1.2332383,1.1781291
SLX4IP,1.2332383,1.1781291
VSTM2A,1.2332383,1.1781291
VDAC3,1.2332383,1.1781291
TMEM200C,1.2332383,1.1781291
LRRC72,1.2332383,1.1781291
CS,1.2332383,1.1781291
KCNK9,1.2332383,1.1781291
F12,1.2332383,1.1781291
TMED7,1.2332383,1.1781291
VAT1,1.2332383,1.1781291
UTS2R,1.2332383,1.1781291
COPB2,1.2332383,1.1781291
SEMA3G,1.2332383,1.1781291
SIGLEC15,1.2332383,1.1781291
IL10,1.2332383,1.1781291
NUP188,1.2332383,1.1781291
MRPL21,1.2332383,1.1781291
UBTD1,1.2332383,1.1781291
TNNC1,1.2332383,1.1781291
ZNF260,1.2332383,1.1781291
CSPG5,1.2332383,1.1781291
AVP,1.2332383,1.1781291
AES,1.2332383,1.1781291
VAPB,1.2332383,1.1781291
RPP30,1.2332383,1.1781291
ASF1B,1.2332383,1.1781291
ST6GAL1,1.2332383,1.1781291
RNF166,1.2332383,1.1781291
APLNR,1.2332383,1.1781291
FMOD,1.2332383,1.1781291
SCG5,1.2332383,1.1781291
CCDC107,1.2332383,1.1781291
CEP164,1.2332383,1.1781291
PXMP4,1.2332383,1.1781291
LETMD1,1.2332383,1.1781291
EHD2,1.2332383,1.1781291
FGF10,1.2332383,1.1781291
BCCIP,1.2332383,1.1781291
ZNF696,1.2332383,1.1781291
BEND2,1.2332383,1.1781291
STIP1,1.2332383,1.1781291
UPB1,1.2332383,1.1781291
ELK4,1.2332383,1.1781291
MIF4GD,1.2332383,1.1781291
PACS1,1.2332383,1.1781291
CHSY1,1.2332383,1.1781291
C8orf58,1.2332383,1.1781291
TST,1.2332383,1.1781291
ZNF772,1.2332383,1.1781291
TMEM216,1.2332383,1.1781291
CCDC116,1.2332383,1.1781291
TMX4,1.2332383,1.1781291
ZWINT,1.2332383,1.1781291
CD320,1.2332383,1.1781291
SUCNR1,1.2332383,1.1781291
ZNF713,1.2332383,1.1781291
MR1,1.2332383,1.1781291
BMF,1.2332383,1.1781291
INPP1,1.2332383,1.1781291
C1QTNF6,1.2332383,1.1781291
SP5,1.2332383,1.1781291
MPZL2,1.2332383,1.1781291
NGRN,1.2332383,1.1781291
CRYAB,1.2332383,1.1781291
EDEM2,1.2332383,1.1781291
NFIA,1.2332383,1.1781291
CCR6,1.2332383,1.1781291
ACVRL1,1.2332383,1.1781291
ASB11,1.2332383,1.1781291
ZNF273,1.2332383,1.1781291
TRUB1,1.2332383,1.1781291
BTF3,1.2332383,1.1781291
AIG1,1.2332383,1.1781291
ZNF230,1.2332383,1.1781291
B3GNT4,1.2332383,1.1781291
LAX1,1.2332383,1.1781291
SLC35E4,1.2332383,1.1781291
POLR2H,1.2332383,1.1781291
DNASE1L1,1.2332383,1.1781291
EDN3,1.2332383,1.1781291
CFAP20,1.2332383,1.1781291
TSSK1B,1.2332383,1.1781291
ARL5A,1.2332383,1.1781291
FAM19A3,1.2332383,1.1781291
RIPK4,1.2332383,1.1781291
KCNJ4,1.2332383,1.1781291
AGFG2,1.2332383,1.1781291
PARK7,1.2332383,1.1781291
MYLPF,1.2332383,1.1781291
FAHD1,1.2332383,1.1781291
SELENOS,1.2332383,1.1781291
LAMP1,1.2332383,1.1781291
CENPU,1.2332383,1.1781291
CALM1,1.2332383,1.1781291
TMEM248,1.2332383,1.1781291
FCRL1,1.2332383,1.1781291
TARM1,1.2332383,1.1781291
RIBC2,1.2332383,1.1781291
RNPS1,1.2332383,1.1781291
STX7,1.2332383,1.1781291
UCHL3,1.2332383,1.1781291
RHOD,1.2332383,1.1781291
BTNL3,1.2332383,1.1781291
ZNF771,1.2332383,1.1781291
MRPL18,1.2332383,1.1781291
PAG1,1.2332383,1.1781291
RAB27A,1.2332383,1.1781291
MAST3,1.2332383,1.1781291
JUN,1.2332383,1.1781291
BCL2L11,1.2332383,1.1781291
DHDH,1.2332383,1.1781291
ADH5,1.2332383,1.1781291
CEACAM16,1.2332383,1.1781291
SBSN,1.2332383,1.1781291
REEP6,1.2332383,1.1781291
CDIPT,1.2332383,1.1781291
SOD2,1.2332383,1.1781291
TMEM64,1.2332383,1.1781291
TECRL,1.2332383,1.1781291
RAB17,1.2332383,1.1781291
TMEM235,1.2332383,1.1781291
TM2D2,1.2332383,1.1781291
ZNF117,1.2332383,1.1781291
IL1B,1.2332383,1.1781291
SOSTDC1,1.2332383,1.1781291
OMD,1.2332383,1.1781291
CNR2,1.2332383,1.1781291
SEL1L3,1.2332383,1.1781291
CCDC198,1.2332383,1.1781291
EIF4E1B,1.2332383,1.1781291
PDCD2L,1.2332383,1.1781291
ETFBKMT,1.2332383,1.1781291
IKZF5,1.2332383,1.1781291
CASP4,1.2332383,1.1781291
GPR101,1.2332383,1.1781291
GZMK,1.2332383,1.1781291
AQP10,1.2332383,1.1781291
ANKRD34B,1.2332383,1.1781291
TEPP,1.2332383,1.1781291
C6orf89,1.2332383,1.1781291
SCXB,1.2332383,1.1781291
C1orf109,1.2332383,1.1781291
MRPL44,1.2332383,1.1781291
EDN2,1.2332383,1.1781291
P2RY11,1.2332383,1.1781291
RNF135,1.2332383,1.1781291
NXPE1,1.2332383,1.1781291
TP53I11,1.2332383,1.1781291
DPP8,1.2332383,1.1781291
ZFP92,1.2332383,1.1781291
RIMBP3,1.2332383,1.1781291
DKK1,1.2332383,1.1781291
RAD51B,1.2332383,1.1781291
KCNK16,1.2332383,1.1781291
ITLN1,1.2332383,1.1781291
CLIC1,1.2332383,1.1781291
RAB28,1.2332383,1.1781291
CCDC83,1.2332383,1.1781291
TSSK6,1.2332383,1.1781291
KIR3DL2,1.2332383,1.1781291
DSPP,1.2332383,1.1781291
LARGE1,1.2332383,1.1781291
LRPAP1,1.2332383,1.1781291
FAM107B,1.2332383,1.1781291
ALAS2,1.2332383,1.1781291
GAN,1.2332383,1.1781291
STXBP5,1.2332383,1.1781291
ZNF519,1.2332383,1.1781291
PPIL6,1.2332383,1.1781291
RPS18,1.2332383,1.1781291
RAB27B,1.2332383,1.1781291
PHOSPHO1,1.2332383,1.1781291
PARP8,1.2332383,1.1781291
HPRT1,1.2332383,1.1781291
CCNH,1.2332383,1.1781291
BCAS1,1.2332383,1.1781291
TSPAN31,1.2332383,1.1781291
ZSCAN23,1.2332383,1.1781291
GATAD1,1.2332383,1.1781291
FAM189A1,1.2332383,1.1781291
ZMAT2,1.2332383,1.1781291
TM2D3,1.2332383,1.1781291
NDUFAF4,1.2332383,1.1781291
DBNDD2,1.2332383,1.1781291
RCVRN,1.2332383,1.1781291
RANBP1,1.2332383,1.1781291
DCAF12L1,1.2332383,1.1781291
MESP1,1.2332383,1.1781291
TNFRSF10D,1.2332383,1.1781291
HHLA2,1.2332383,1.1781291
DUS4L,1.2332383,1.1781291
ESD,1.2332383,1.1781291
SIGLEC5,1.2332383,1.1781291
MLYCD,1.2332383,1.1781291
RPS20,1.2332383,1.1781291
SIGMAR1,1.2332383,1.1781291
B3GNT3,1.2332383,1.1781291
ZNF19,1.2332383,1.1781291
CDK1,1.2332383,1.1781291
OTULIN,1.2332383,1.1781291
NXF5,1.2332383,1.1781291
PABPC5,1.2332383,1.1781291
ATP5PB,1.2332383,1.1781291
MTNR1A,1.2332383,1.1781291
C1orf198,1.2332383,1.1781291
ZNF253,1.2332383,1.1781291
PPP1R3G,1.2332383,1.1781291
F3,1.2332383,1.1781291
ANKDD1B,1.2332383,1.1781291
TMEM56,1.2332383,1.1781291
OAZ1,1.2332383,1.1781291
EIF3B,1.2332383,1.1781291
SLAMF8,1.2332383,1.1781291
SLC38A11,1.2332383,1.1781291
RAPGEF3,1.2332383,1.1781291
ZNF680,1.2332383,1.1781291
SIM1,1.2332383,1.1781291
SOWAHA,1.2332383,1.1781291
AZU1,1.2332383,1.1781291
SRSF9,1.2332383,1.1781291
TTC9,1.2332383,1.1781291
AMIGO2,1.2332383,1.1781291
PUSL1,1.2332383,1.1781291
JAZF1,1.2332383,1.1781291
TADA1,1.2332383,1.1781291
NDUFV2,1.2332383,1.1781291
CRTAM,1.2332383,1.1781291
MCL1,1.2332383,1.1781291
FAM166A,1.2332383,1.1781291
INTS13,1.2332383,1.1781291
ZNF610,1.2332383,1.1781291
MYL4,1.2332383,1.1781291
GLYATL3,1.2332383,1.1781291
TRAF1,1.2332383,1.1781291
BRICD5,1.2332383,1.1781291
LIPT1,1.2332383,1.1781291
RBM42,1.2332383,1.1781291
PDE1B,1.2332383,1.1781291
RHOG,1.2332383,1.1781291
ZCWPW2,1.2332383,1.1781291
SSR3,1.2332383,1.1781291
LPAR6,1.2332383,1.1781291
FAM71A,1.2332383,1.1781291
KRBA2,1.2332383,1.1781291
ZDHHC24,1.2332383,1.1781291
MYL3,1.2332383,1.1781291
ZNF639,1.2332383,1.1781291
FBXL14,1.2332383,1.1781291
IFNAR2,1.2332383,1.1781291
MPIG6B,1.2332383,1.1781291
TNFRSF13B,1.2332383,1.1781291
STRA8,1.2332383,1.1781291
TMUB2,1.2332383,1.1781291
TMEM9,1.2332383,1.1781291
TMX1,1.2332383,1.1781291
SYNGR1,1.2332383,1.1781291
TTLL2,1.2332383,1.1781291
ZIK1,1.2332383,1.1781291
EPC2,1.2332383,1.1781291
SLC25A52,1.2332383,1.1781291
MACROD1,1.2332383,1.1781291
C2CD4A,1.2332383,1.1781291
CFAP97,1.2332383,1.1781291
EEF1AKMT2,1.2332383,1.1781291
TUBGCP6,1.2332383,1.1781291
BRIX1,1.2332383,1.1781291
IDO1,1.2332383,1.1781291
LMO1,1.2332383,1.1781291
APOL1,1.2332383,1.1781291
USF3,1.2332383,1.1781291
NTSR2,1.2332383,1.1781291
CAV2,1.2332383,1.1781291
TNFSF15,1.2332383,1.1781291
RNF126,1.2332383,1.1781291
DRD4,1.2332383,1.1781291
RCAN2,1.2332383,1.1781291
FBXO11,1.2332383,1.1781291
ELOVL7,1.2332383,1.1781291
ENOPH1,1.2332383,1.1781291
RNF149,1.2332383,1.1781291
PCGF1,1.2332383,1.1781291
LBP,1.2332383,1.1781291
GGCT,1.2332383,1.1781291
AIDA,1.2332383,1.1781291
GPS2,1.2332383,1.1781291
THAP10,1.2332383,1.1781291
POU6F2,1.2332383,1.1781291
MYOZ1,1.2332383,1.1781291
METTL6,1.2332383,1.1781291
GPR25,1.2332383,1.1781291
RPS14,1.2332383,1.1781291
IRAK1BP1,1.2332383,1.1781291
GRPR,1.2332383,1.1781291
RPTOR,1.2332383,1.1781291
CSF1,1.2332383,1.1781291
APH1B,1.2332383,1.1781291
GSTZ1,1.2332383,1.1781291
CCR5,1.2332383,1.1781291
APOA1,1.2332383,1.1781291
NOL7,1.2332383,1.1781291
PTGDR,1.2332383,1.1781291
CXCR5,1.2332383,1.1781291
FSTL3,1.2332383,1.1781291
NCS1,1.2332383,1.1781291
LDLRAD4,1.2332383,1.1781291
AIMP1,1.2332383,1.1781291
SULT1E1,1.2332383,1.1781291
MTFR1L,1.2332383,1.1781291
SCAMP4,1.2332383,1.1781291
PDAP1,1.2332383,1.1781291
KHDC1,1.2332383,1.1781291
UBE2T,1.2332383,1.1781291
STX4,1.2332383,1.1781291
CASP1,1.2332383,1.1781291
TSPAN8,1.2332383,1.1781291
TACSTD2,1.2332383,1.1781291
CCND2,1.2332383,1.1781291
IQCG,1.2332383,1.1781291
UPF2,1.2332383,1.1781291
RPUSD3,1.2332383,1.1781291
FCER2,1.2332383,1.1781291
SULT6B1,1.2332383,1.1781291
SLC35B3,1.2332383,1.1781291
CATIP,1.2332383,1.1781291
SIRT4,1.2332383,1.1781291
ZNF177,1.2332383,1.1781291
RBMX2,1.2332383,1.1781291
YIF1A,1.2332383,1.1781291
BPIFB6,1.2332383,1.1781291
SDCBP2,1.2332383,1.1781291
MPZL3,1.2332383,1.1781291
CD207,1.2332383,1.1781291
DNAJC4,1.2332383,1.1781291
SETDB2,1.2332383,1.1781291
TOMM40L,1.2332383,1.1781291
NRP1,1.2332383,1.1781291
ZNF891,1.2332383,1.1781291
LILRA1,1.2332383,1.1781291
S1PR3,1.2332383,1.1781291
HSD17B11,1.2332383,1.1781291
NT5DC1,1.2332383,1.1781291
RPL7L1,1.2332383,1.1781291
SSSCA1,1.2332383,1.1781291
CGAS,1.2332383,1.1781291
SUPT7L,1.2332383,1.1781291
MRPL20,1.2332383,1.1781291
B3GALT6,1.2332383,1.1781291
RAB12,1.2332383,1.1781291
PRKAB1,1.2332383,1.1781291
DTD1,1.2332383,1.1781291
SNCG,1.2332383,1.1781291
MCHR1,1.2332383,1.1781291
KERA,1.2332383,1.1781291
PDCD10,1.2332383,1.1781291
IL22RA2,1.2332383,1.1781291
CACNG1,1.2332383,1.1781291
CAPZA1,1.2332383,1.1781291
MRPS18B,1.2332383,1.1781291
OXNAD1,1.2332383,1.1781291
CD8A,1.2332383,1.1781291
CCDC127,1.2332383,1.1781291
LIPJ,1.2332383,1.1781291
CMPK1,1.2332383,1.1781291
ZNF485,1.2332383,1.1781291
C1GALT1,1.2332383,1.1781291
MRPS14,1.2332383,1.1781291
PTK7,1.2332383,1.1781291
PSMA7,1.2332383,1.1781291
YIPF2,1.2332383,1.1781291
FUT6,1.2332383,1.1781291
TRH,1.2332383,1.1781291
ZNF843,1.2332383,1.1781291
RRP7A,1.2332383,1.1781291
LSM4,1.2332383,1.1781291
SNAI1,1.2332383,1.1781291
THAP6,1.2332383,1.1781291
MOGAT1,1.2332383,1.1781291
FAM76A,1.2332383,1.1781291
RNF114,1.2332383,1.1781291
ZNF677,1.2332383,1.1781291
ZNF600,1.2332383,1.1781291
OLR1,1.2332383,1.1781291
P2RY6,1.2332383,1.1781291
ZBTB43,1.2332383,1.1781291
SSB,1.2332383,1.1781291
GPR6,1.2332383,1.1781291
ANHX,1.2332383,1.1781291
MFSD12,1.2332383,1.1781291
GLI4,1.2332383,1.1781291
PAPSS2,1.2332383,1.1781291
CLEC4M,1.2332383,1.1781291
ABHD13,1.2332383,1.1781291
ZNF630,1.2332383,1.1781291
TAGLN3,1.2332383,1.1781291
RIMS1,1.2332383,1.1781291
UCHL1,1.2332383,1.1781291
BIN3,1.2332383,1.1781291
SPATA2L,1.2332383,1.1781291
CNPY4,1.2332383,1.1781291
LGALS4,1.2332383,1.1781291
SBK1,1.2332383,1.1781291
HVCN1,1.2332383,1.1781291
SMC3,1.2332383,1.1781291
PDLIM4,1.2332383,1.1781291
BORCS6,1.2332383,1.1781291
GALR1,1.2332383,1.1781291
BAG1,1.2332383,1.1781291
TMEM101,1.2332383,1.1781291
CLDN11,1.2332383,1.1781291
CFAP77,1.2332383,1.1781291
CEBPE,1.2332383,1.1781291
A1BG,1.2332383,1.1781291
IGFBP6,1.2332383,1.1781291
ZFP57,1.2332383,1.1781291
TM6SF2,1.2332383,1.1781291
C22orf23,1.2332383,1.1781291
HIST1H2AJ,1.2332383,1.1781291
UBE2S,1.2332383,1.1781291
VPS37C,1.2332383,1.1781291
TEKT1,1.2332383,1.1781291
EXOC3L2,1.2332383,1.1781291
ZNF765,1.2332383,1.1781291
S1PR4,1.2332383,1.1781291
TMEM115,1.2332383,1.1781291
SMNDC1,1.2332383,1.1781291
RAB1A,1.2332383,1.1781291
PCED1A,1.2332383,1.1781291
CCDC24,1.2332383,1.1781291
KLK4,1.2332383,1.1781291
SGTB,1.2332383,1.1781291
SNX20,1.2332383,1.1781291
SLC35E2B,1.2332383,1.1781291
NHLH2,1.2332383,1.1781291
FKBP11,1.2332383,1.1781291
SUSD5,1.2332383,1.1781291
RHCE,1.2332383,1.1781291
GPR50,1.2332383,1.1781291
WDR38,1.2332383,1.1781291
LDLRAD1,1.2332383,1.1781291
PAQR8,1.2332383,1.1781291
PHLDA1,1.2332383,1.1781291
SYNDIG1,1.2332383,1.1781291
GPR157,1.2332383,1.1781291
AKR1B1,1.2332383,1.1781291
MRPL47,1.2332383,1.1781291
SYNPR,1.2332383,1.1781291
CA2,1.2332383,1.1781291
HAUS4,1.2332383,1.1781291
OXCT2,1.2332383,1.1781291
UBE2K,1.2332383,1.1781291
ZC4H2,1.2332383,1.1781291
PMF1,1.2332383,1.1781291
RWDD2B,1.2332383,1.1781291
PYGO2,1.2332383,1.1781291
CDCP2,1.2332383,1.1781291
ELK3,1.2332383,1.1781291
NUDT18,1.2332383,1.1781291
ARC,1.2332383,1.1781291
RASSF6,1.2332383,1.1781291
TMEM255A,1.2332383,1.1781291
UBE3D,1.2332383,1.1781291
LIX1,1.2332383,1.1781291
VPS25,1.2332383,1.1781291
CYP2C19,1.2332383,1.1781291
TNKS,1.2332383,1.1781291
CXCR4,1.2332383,1.1781291
PSMB2,1.2332383,1.1781291
CD27,1.2332383,1.1781291
STX6,1.2332383,1.1781291
SSTR5,1.2332383,1.1781291
PLAGL2,1.2332383,1.1781291
SERPINA6,1.2332383,1.1781291
KDF1,1.2332383,1.1781291
SUN3,1.2332383,1.1781291
ANKRA2,1.2332383,1.1781291
TMEM109,1.2332383,1.1781291
ATPAF1,1.2332383,1.1781291
CLCN3,1.2332383,1.1781291
ZNF561,1.2332383,1.1781291
ZNF654,1.2332383,1.1781291
GINS4,1.2332383,1.1781291
OTUB1,1.2332383,1.1781291
HES7,1.2332383,1.1781291
ARPC4,1.2332383,1.1781291
RASA1,1.2332383,1.1781291
ZNF302,1.2332383,1.1781291
BCL2L13,1.2332383,1.1781291
TP53I3,1.2332383,1.1781291
NPC1L1,1.2332383,1.1781291
SWSAP1,1.2332383,1.1781291
GTF3A,1.2332383,1.1781291
IFT43,1.2332383,1.1781291
P2RY4,1.2332383,1.1781291
TMEM246,1.2332383,1.1781291
PSMB6,1.2332383,1.1781291
NUP62,1.2332383,1.1781291
GDE1,1.2332383,1.1781291
BSG,1.2332383,1.1781291
CREB3L4,1.2332383,1.1781291
S1PR2,1.2332383,1.1781291
GUCA1A,1.2332383,1.1781291
SAC3D1,1.2332383,1.1781291
HPS3,1.2332383,1.1781291
NRK,1.2332383,1.1781291
TIMM17A,1.2332383,1.1781291
ATP1B3,1.2332383,1.1781291
SLC10A2,1.2332383,1.1781291
BAX,1.2332383,1.1781291
GPR87,1.2332383,1.1781291
STARD4,1.2332383,1.1781291
TAF7L,1.2332383,1.1781291
ZMYND19,1.2332383,1.1781291
GPR180,1.2332383,1.1781291
TTC13,1.2332383,1.1781291
RHBDD1,1.2332383,1.1781291
KCNK13,1.2332383,1.1781291
CDKN1C,1.2332383,1.1781291
MYL2,1.2332383,1.1781291
CAV3,1.2332383,1.1781291
TEX45,1.2332383,1.1781291
RAB23,1.2332383,1.1781291
MTUS1,1.2332383,1.1781291
ZNF695,1.2332383,1.1781291
SYAP1,1.2332383,1.1781291
ITPA,1.2332383,1.1781291
SHISA7,1.2332383,1.1781291
ANP32E,1.2332383,1.1781291
DYNC2LI1,1.2332383,1.1781291
ICAM4,1.2332383,1.1781291
SPDEF,1.2332383,1.1781291
THEG,1.2332383,1.1781291
DAPP1,1.2332383,1.1781291
CRYGC,1.2332383,1.1781291
ASPDH,1.2332383,1.1781291
PRB4,1.2332383,1.1781291
SERPINA12,1.2332383,1.1781291
RAB3B,1.2332383,1.1781291
ZNF737,1.2332383,1.1781291
TNFSF10,1.2332383,1.1781291
MAD2L2,1.2332383,1.1781291
ZNF468,1.2332383,1.1781291
PSMD14,1.2332383,1.1781291
RNASEH1,1.2332383,1.1781291
JMJD8,1.2332383,1.1781291
GZMA,1.2332383,1.1781291
DUSP2,1.2332383,1.1781291
AKR1C4,1.2332383,1.1781291
DGKD,1.2332383,1.1781291
CFDP1,1.2332383,1.1781291
CASP12,1.2332383,1.1781291
RAB19,1.2332383,1.1781291
AEN,1.2332383,1.1781291
AQP9,1.2332383,1.1781291
SLC39A9,1.2332383,1.1781291
PBLD,1.2332383,1.1781291
MRPS23,1.2332383,1.1781291
FYCO1,1.2332383,1.1781291
TRMT10C,1.2332383,1.1781291
TSSK4,1.2332383,1.1781291
PDIA2,1.2332383,1.1781291
OPN1SW,1.2332383,1.1781291
CCER1,1.2332383,1.1781291
LARP6,1.2332383,1.1781291
SPIB,1.2332383,1.1781291
MSC,1.2332383,1.1781291
ANTXR1,1.2332383,1.1781291
UPK3B,1.2332383,1.1781291
B3GALT5,1.2332383,1.1781291
MRPL39,1.2332383,1.1781291
TTC36,1.2332383,1.1781291
UBAP1,1.2332383,1.1781291
NEUROG2,1.2332383,1.1781291
OLIG1,1.2332383,1.1781291
SPI1,1.2332383,1.1781291
CRYGB,1.2332383,1.1781291
HSH2D,1.2332383,1.1781291
BCAS2,1.2332383,1.1781291
SFN,1.2332383,1.1781291
STAP2,1.2332383,1.1781291
VCPKMT,1.2332383,1.1781291
GEMIN2,1.2332383,1.1781291
MED7,1.2332383,1.1781291
FAM102B,1.2332383,1.1781291
SEC22C,1.2332383,1.1781291
MED4,1.2332383,1.1781291
FBXO27,1.2332383,1.1781291
MYOG,1.2332383,1.1781291
CAPSL,1.2332383,1.1781291
PQLC3,1.2332383,1.1781291
ANXA2,1.2332383,1.1781291
SPATA6L,1.2332383,1.1781291
CA6,1.2332383,1.1781291
VPS37B,1.2332383,1.1781291
CCNDBP1,1.2332383,1.1781291
GJC3,1.2332383,1.1781291
TAF7,1.2332383,1.1781291
C1QA,1.2332383,1.1781291
CD1D,1.2332383,1.1781291
TUBB8,1.2332383,1.1781291
DENND5A,1.2332383,1.1781291
GYG2,1.2332383,1.1781291
BRS3,1.2332383,1.1781291
HDGF,1.2332383,1.1781291
OSTM1,1.2332383,1.1781291
FAM47C,1.2332383,1.1781291
CSRP3,1.2332383,1.1781291
CHI3L1,1.2332383,1.1781291
DUPD1,1.2332383,1.1781291
ICAM1,1.2332383,1.1781291
SNAP47,1.2332383,1.1781291
METTL9,1.2332383,1.1781291
FEZ2,1.2332383,1.1781291
ARF6,1.2332383,1.1781291
DKK3,1.2332383,1.1781291
EFNA5,1.2332383,1.1781291
SRD5A3,1.2332383,1.1781291
WBP2NL,1.2332383,1.1781291
ESX1,1.2332383,1.1781291
TMED9,1.2332383,1.1781291
ADORA1,1.2332383,1.1781291
KPNA6,1.2332383,1.1781291
HELT,1.2332383,1.1781291
LRFN3,1.2332383,1.1781291
NUP35,1.2332383,1.1781291
NHLH1,1.2332383,1.1781291
INKA2,1.2332383,1.1781291
LRRC58,1.2332383,1.1781291
GPA33,1.2332383,1.1781291
GTF2A1,1.2332383,1.1781291
PEX11A,1.2332383,1.1781291
C7orf26,1.2332383,1.1781291
ECI2,1.2332383,1.1781291
KHDRBS1,1.2332383,1.1781291
FGFR1OP,1.2332383,1.1781291
PRUNE1,1.2332383,1.1781291
TCF23,1.2332383,1.1781291
GPR68,1.2332383,1.1781291
GTPBP10,1.2332383,1.1781291
UBXN1,1.2332383,1.1781291
CYB561A3,1.2332383,1.1781291
SPARC,1.2332383,1.1781291
COL9A2,1.2332383,1.1781291
S1PR5,1.2332383,1.1781291
HPCAL1,1.2332383,1.1781291
ZNF621,1.2332383,1.1781291
EML3,1.2332383,1.1781291
TMEM53,1.2332383,1.1781291
ZNF703,1.2332383,1.1781291
TVP23A,1.2332383,1.1781291
EGLN3,1.2332383,1.1781291
NFATC4,1.2332383,1.1781291
C19orf54,1.2332383,1.1781291
TTC9C,1.2332383,1.1781291
KCNK1,1.2332383,1.1781291
GSDMB,1.2332383,1.1781291
OLIG2,1.2332383,1.1781291
UBAC1,1.2332383,1.1781291
MMP10,1.2332383,1.1781291
FBXO8,1.2332383,1.1781291
SLC36A2,1.2332383,1.1781291
ABCF3,1.2332383,1.1781291
SRSF10,1.2332383,1.1781291
ZNF37A,1.2332383,1.1781291
CDX1,1.2332383,1.1781291
TSPAN3,1.2332383,1.1781291
EHD1,1.2332383,1.1781291
CHAC1,1.2332383,1.1781291
RAB43,1.2332383,1.1781291
PIM3,1.2332383,1.1781291
BBS2,1.2332383,1.1781291
FERMT1,1.2332383,1.1781291
TPRN,1.2332383,1.1781291
PLCXD2,1.2332383,1.1781291
NXPE2,1.2332383,1.1781291
TMEM136,1.2332383,1.1781291
YAE1,1.2332383,1.1781291
SEC14L6,1.2332383,1.1781291
CIDEB,1.2332383,1.1781291
TRPM5,1.2332383,1.1781291
ZNF728,1.2332383,1.1781291
AMMECR1,1.2332383,1.1781291
SEC22A,1.2332383,1.1781291
DUOXA2,1.2332383,1.1781291
YTHDF3,1.2332383,1.1781291
SALL1,1.2332383,1.1781291
POPDC3,1.2332383,1.1781291
ALKBH5,1.2332383,1.1781291
U2AF1L4,1.2332383,1.1781291
SSBP1,1.2332383,1.1781291
POTEE,1.2332383,1.1781291
NRAS,1.2332383,1.1781291
MB21D2,1.2332383,1.1781291
BAMBI,1.2332383,1.1781291
CCDC8,1.2332383,1.1781291
DPH6,1.2332383,1.1781291
FTSJ1,1.2332383,1.1781291
ZNF747,1.2332383,1.1781291
TRMT10B,1.2332383,1.1781291
SMAD7,1.2332383,1.1781291
IMPAD1,1.2332383,1.1781291
ACTRT1,1.2332383,1.1781291
RBFA,1.2332383,1.1781291
ZNF678,1.2332383,1.1781291
ZFAND3,1.2332383,1.1781291
KCNF1,1.2332383,1.1781291
ART1,1.2332383,1.1781291
CDH8,1.2332383,1.1781291
C2orf69,1.2332383,1.1781291
RPL13,1.2332383,1.1781291
MGST3,1.2332383,1.1781291
PCMT1,1.2332383,1.1781291
SURF6,1.2332383,1.1781291
BORA,1.2332383,1.1781291
SDF4,1.2332383,1.1781291
UBL7,1.2332383,1.1781291
CHORDC1,1.2332383,1.1781291
LY6G6F,1.2332383,1.1781291
PROKR2,1.2332383,1.1781291
LRRC14B,1.2332383,1.1781291
GPR150,1.2332383,1.1781291
RNF215,1.2332383,1.1781291
TSPAN1,1.2332383,1.1781291
CYP2C9,1.2332383,1.1781291
PNO1,1.2332383,1.1781291
FCN3,1.2332383,1.1781291
CNTD1,1.2332383,1.1781291
CLIC3,1.2332383,1.1781291
SFRP2,1.2332383,1.1781291
THAP1,1.2332383,1.1781291
HMOX1,1.2332383,1.1781291
GPR34,1.2332383,1.1781291
LRIT2,1.2332383,1.1781291
CCDC159,1.2332383,1.1781291
PLIN3,1.2332383,1.1781291
CD1C,1.2332383,1.1781291
TMEM38A,1.2332383,1.1781291
OGN,1.2332383,1.1781291
ZSCAN5A,1.2332383,1.1781291
GPR137C,1.2332383,1.1781291
GGPS1,1.2332383,1.1781291
F11R,1.2332383,1.1781291
ZNF17,1.2332383,1.1781291
PRR5,1.2332383,1.1781291
AK4,1.2332383,1.1781291
FAM221B,1.2332383,1.1781291
PTGER1,1.2332383,1.1781291
ASB13,1.2332383,1.1781291
CEACAM1,1.2332383,1.1781291
CD72,1.2332383,1.1781291
TAF8,1.2332383,1.1781291
HDAC1,1.2332383,1.1781291
MND1,1.2332383,1.1781291
EGR4,1.2332383,1.1781291
KLF12,1.2332383,1.1781291
EPDR1,1.2332383,1.1781291
CHMP1B,1.2332383,1.1781291
ZNF572,1.2332383,1.1781291
UBLCP1,1.2332383,1.1781291
APP,1.2332383,1.1781291
EPSTI1,1.2332383,1.1781291
CD99L2,1.2332383,1.1781291
CCR1,1.2332383,1.1781291
HEXIM2,1.2332383,1.1781291
ATAD2B,1.2332383,1.1781291
CARD8,1.2332383,1.1781291
PAQR7,1.2332383,1.1781291
TDRD10,1.2332383,1.1781291
ECHDC1,1.2332383,1.1781291
KCNIP3,1.2332383,1.1781291
CA5B,1.2332383,1.1781291
PGRMC2,1.2332383,1.1781291
MRPL24,1.2332383,1.1781291
RHOJ,1.2332383,1.1781291
NUP37,1.2332383,1.1781291
MSMO1,1.2332383,1.1781291
POLR1D,1.2332383,1.1781291
CIDEC,1.2332383,1.1781291
TWIST1,1.2332383,1.1781291
CPSF4,1.2332383,1.1781291
CD4,1.2332383,1.1781291
DUSP23,1.2332383,1.1781291
B3GNT5,1.2332383,1.1781291
XRCC2,1.2332383,1.1781291
PGPEP1,1.2332383,1.1781291
SIGLEC6,1.2332383,1.1781291
CUTA,1.2332383,1.1781291
POLB,1.2332383,1.1781291
CXorf36,1.2332383,1.1781291
FRA10AC1,1.2332383,1.1781291
SLC37A4,1.2332383,1.1781291
HRG,1.2332383,1.1781291
CHMP4B,1.2332383,1.1781291
HNRNPH2,1.2332383,1.1781291
TVP23C,1.2332383,1.1781291
CGREF1,1.2332383,1.1781291
ZNF460,1.2332383,1.1781291
CFAP300,1.2332383,1.1781291
WDR73,1.2332383,1.1781291
MAJIN,1.2332383,1.1781291
ACSM6,1.2332383,1.1781291
SRSF3,1.2332383,1.1781291
ZNF844,1.2332383,1.1781291
RSRP1,1.2332383,1.1781291
TPMT,1.2332383,1.1781291
RPS24,1.2332383,1.1781291
CRKL,1.2332383,1.1781291
SV2C,1.2332383,1.1781291
ADPRHL2,1.2332383,1.1781291
STEAP1,1.2332383,1.1781291
CYB5D1,1.2332383,1.1781291
MARC1,1.2332383,1.1781291
MTERF4,1.2332383,1.1781291
GCNA,1.2332383,1.1781291
PECR,1.2332383,1.1781291
ZNF773,1.2332383,1.1781291
DDIT4,1.2332383,1.1781291
CTSO,1.2332383,1.1781291
MRPL32,1.2332383,1.1781291
ARL4D,1.2332383,1.1781291
ZNF586,1.2332383,1.1781291
RAB9A,1.2332383,1.1781291
RRAS2,1.2332383,1.1781291
HSD17B7,1.2332383,1.1781291
CLDN6,1.2332383,1.1781291
MNAT1,1.2332383,1.1781291
ZNF232,1.2332383,1.1781291
KANSL1,1.2332383,1.1781291
RFNG,1.2332383,1.1781291
SDR16C5,1.2332383,1.1781291
CD34,1.2332383,1.1781291
HEMGN,1.2332383,1.1781291
DOHH,1.2332383,1.1781291
ASPHD1,1.2332383,1.1781291
FGF9,1.2332383,1.1781291
CTB-133G6.1,1.2332383,1.1781291
RSPH9,1.2332383,1.1781291
HRH4,1.2332383,1.1781291
LAD1,1.2332383,1.1781291
CH25H,1.2332383,1.1781291
MTNR1B,1.2332383,1.1781291
NKX3-1,1.2332383,1.1781291
TMEM229A,1.2332383,1.1781291
SPHK1,1.2332383,1.1781291
AGAP6,1.2332383,1.1781291
IFNGR1,1.2332383,1.1781291
KLHL12,1.2332383,1.1781291
LACC1,1.2332383,1.1781291
PRELID1,1.2332383,1.1781291
CHMP6,1.2332383,1.1781291
VPS26C,1.2332383,1.1781291
CAVIN2,1.2332383,1.1781291
SPDYE1,1.2332383,1.1781291
SERF2,1.2332383,1.1781291
CNMD,1.2332383,1.1781291
C11orf54,1.2332383,1.1781291
PROP1,1.2332383,1.1781291
SHARPIN,1.2332383,1.1781291
RHOH,1.2332383,1.1781291
SERPINA5,1.2332383,1.1781291
ARF5,1.2332383,1.1781291
ZNF623,1.2332383,1.1781291
C10orf120,1.2332383,1.1781291
PRKAG2,1.2332383,1.1781291
RPS17,1.2332383,1.1781291
CCDC91,1.2332383,1.1781291
LRRC34,1.2332383,1.1781291
RPS13,1.2332383,1.1781291
AAGAB,1.2332383,1.1781291
TAGLN,1.2332383,1.1781291
TMEM236,1.2332383,1.1781291
ZNF414,1.2332383,1.1781291
DMRTA2,1.2332383,1.1781291
RNF167,1.2332383,1.1781291
CLRN2,1.2332383,1.1781291
KCNK3,1.2332383,1.1781291
DEPTOR,1.2332383,1.1781291
HHLA1,1.2332383,1.1781291
VDAC1,1.2332383,1.1781291
FBXO45,1.2332383,1.1781291
FSTL1,1.2332383,1.1781291
GPR17,1.2332383,1.1781291
CD180,1.2332383,1.1781291
EVPLL,1.2332383,1.1781291
LRP11,1.2332383,1.1781291
MMP7,1.2332383,1.1781291
MUL1,1.2332383,1.1781291
ANXA5,1.2332383,1.1781291
RAB3C,1.2332383,1.1781291
C2CD4B,1.2332383,1.1781291
EME2,1.2332383,1.1781291
RCN1,1.2332383,1.1781291
DFFB,1.2332383,1.1781291
CXorf38,1.2332383,1.1781291
PNPLA4,1.2332383,1.1781291
GTF2A1L,1.2332383,1.1781291
JAML,1.2332383,1.1781291
SNRPB,1.2332383,1.1781291
CLDN17,1.2332383,1.1781291
ITGB1BP2,1.2332383,1.1781291
CA1,1.2332383,1.1781291
KHDRBS2,1.2332383,1.1781291
TP53TG5,1.2332383,1.1781291
BPIFC,1.2332383,1.1781291
CHPT1,1.2332383,1.1781291
SLC35G2,1.2332383,1.1781291
ERCC1,1.2332383,1.1781291
NDUFB8,1.2332383,1.1781291
CFAP73,1.2332383,1.1781291
ZNF296,1.2332383,1.1781291
MITD1,1.2332383,1.1781291
DERL2,1.2332383,1.1781291
RRAGB,1.2332383,1.1781291
TERF2IP,1.2332383,1.1781291
CAV1,1.2332383,1.1781291
PSPH,1.2332383,1.1781291
DLG1,1.2332383,1.1781291
FOLR3,1.2332383,1.1781291
APOH,1.2332383,1.1781291
SIRPA,1.2332383,1.1781291
HGF,1.2332383,1.1781291
RCN2,1.2332383,1.1781291
UBE2D3,1.2332383,1.1781291
SPATA31A3,1.2332383,1.1781291
MRPL22,1.2332383,1.1781291
QPCTL,1.2332383,1.1781291
TAGLN2,1.2332383,1.1781291
ARHGDIA,1.2332383,1.1781291
GLUD1,1.2332383,1.1781291
S100PBP,1.2332383,1.1781291
AKR1E2,1.2332383,1.1781291
LILRA4,1.2332383,1.1781291
ZNF681,1.2332383,1.1781291
AMER2,1.2332383,1.1781291
C19orf44,1.2332383,1.1781291
GPR4,1.2332383,1.1781291
SLC9B1,1.2332383,1.1781291
TMEM70,1.2332383,1.1781291
SERPINB7,1.2332383,1.1781291
UNC119B,1.2332383,1.1781291
POMK,1.2332383,1.1781291
KDELR1,1.2332383,1.1781291
NCBP2,1.2332383,1.1781291
C6orf118,1.2332383,1.1781291
CLTA,1.2332383,1.1781291
CYTIP,1.2332383,1.1781291
IZUMO1R,1.2332383,1.1781291
VTA1,1.2332383,1.1781291
DMRTC2,1.2332383,1.1781291
ZNF683,1.2332383,1.1781291
NPY1R,1.2332383,1.1781291
PDPK1,1.2332383,1.1781291
KNSTRN,1.2332383,1.1781291
AMZ2,1.2332383,1.1781291
GOSR2,1.2332383,1.1781291
STX1B,1.2332383,1.1781291
MAPRE3,1.2332383,1.1781291
ZNF830,1.2332383,1.1781291
TESMIN,1.2332383,1.1781291
SAAL1,1.2332383,1.1781291
RAD9B,1.2332383,1.1781291
C12orf66,1.2332383,1.1781291
NOP16,1.2332383,1.1781291
AMIGO3,1.2332383,1.1781291
LRTM1,1.2332383,1.1781291
REXO2,1.2332383,1.1781291
ANXA10,1.2332383,1.1781291
RLN3,1.2332383,1.1781291
NSA2,1.2332383,1.1781291
F2RL1,1.2332383,1.1781291
YBX3,1.2332383,1.1781291
FBXL16,1.2332383,1.1781291
RPS6,1.2332383,1.1781291
PRPF18,1.2332383,1.1781291
TIPRL,1.2332383,1.1781291
MTRF1L,1.2332383,1.1781291
TIMM17B,1.2332383,1.1781291
TMC5,1.2332383,1.1781291
PILRA,1.2332383,1.1781291
GRK2,1.2332383,1.1781291
C5AR1,1.2332383,1.1781291
PLIN5,1.2332383,1.1781291
BEND5,1.2332383,1.1781291
C19orf67,1.2332383,1.1781291
ERBIN,1.2332383,1.1781291
FAM69A,1.2332383,1.1781291
CCDC97,1.2332383,1.1781291
TIMM23,1.2332383,1.1781291
ADORA2B,1.2332383,1.1781291
OCSTAMP,1.2332383,1.1781291
SPDYE4,1.2332383,1.1781291
CHDC2,1.2332383,1.1781291
SULT1C4,1.2332383,1.1781291
IGBP1,1.2332383,1.1781291
ZNF676,1.2332383,1.1781291
ZNF304,1.2332383,1.1781291
MED15,1.2332383,1.1781291
KLF17,1.2332383,1.1781291
LIPF,1.2332383,1.1781291
CTBS,1.2332383,1.1781291
SETD9,1.2332383,1.1781291
ZNF649,1.2332383,1.1781291
RASL12,1.2332383,1.1781291
CCDC85C,1.2332383,1.1781291
IDO2,1.2332383,1.1781291
TEFM,1.2332383,1.1781291
AP1AR,1.2332383,1.1781291
GUCD1,1.2332383,1.1781291
ZNF577,1.2332383,1.1781291
ZP3,1.2332383,1.1781291
ZXDB,1.2332383,1.1781291
TBC1D7,1.2332383,1.1781291
TNFRSF18,1.2332383,1.1781291
OCIAD1,1.2332383,1.1781291
MKLN1,1.2332383,1.1781291
VPS4A,1.2332383,1.1781291
WDTC1,1.2332383,1.1781291
P2RY1,1.2332383,1.1781291
TIMP1,1.2332383,1.1781291
AIFM2,1.2332383,1.1781291
KLHDC8B,1.2332383,1.1781291
ZNF155,1.2332383,1.1781291
AZIN1,1.2332383,1.1781291
TSPYL5,1.2332383,1.1781291
TRNAU1AP,1.2332383,1.1781291
EHHADH,1.2332383,1.1781291
PSG8,1.2332383,1.1781291
RHOU,1.2332383,1.1781291
RNF185,1.2332383,1.1781291
EVA1C,1.2332383,1.1781291
PSG4,1.2332383,1.1781291
TEKT4,1.2332383,1.1781291
NOX4,1.2332383,1.1781291
NUP50,1.2332383,1.1781291
RPL24,1.2332383,1.1781291
PIGO,1.2332383,1.1781291
RND3,1.2332383,1.1781291
RPS11,1.2332383,1.1781291
C12orf56,1.2332383,1.1781291
PRR11,1.2332383,1.1781291
COL4A3BP,1.2332383,1.1781291
IFNGR2,1.2332383,1.1781291
CYHR1,1.2332383,1.1781291
CCDC69,1.2332383,1.1781291
ZXDA,1.2332383,1.1781291
CHODL,1.2332383,1.1781291
ETV3L,1.2332383,1.1781291
KSR2,1.2332383,1.1781291
TMEM206,1.2332383,1.1781291
IGFLR1,1.2332383,1.1781291
FAM69C,1.2332383,1.1781291
MGLL,1.2332383,1.1781291
PDLIM1,1.2332383,1.1781291
CREB3,1.2332383,1.1781291
RPF1,1.2332383,1.1781291
ASB8,1.2332383,1.1781291
ELF5,1.2332383,1.1781291
NPY2R,1.2332383,1.1781291
ZNF556,1.2332383,1.1781291
KLHL42,1.2332383,1.1781291
PSMA4,1.2332383,1.1781291
PPM1K,1.2332383,1.1781291
TNFSF14,1.2332383,1.1781291
PRCC,1.2332383,1.1781291
TMEM199,1.2332383,1.1781291
C1orf100,1.2332383,1.1781291
CLTB,1.2332383,1.1781291
CFD,1.2332383,1.1781291
ANXA3,1.2332383,1.1781291
GDF15,1.2332383,1.1781291
HTR1E,1.2332383,1.1781291
SLC35C1,1.2332383,1.1781291
TACR2,1.2332383,1.1781291
RNASEH2B,1.2332383,1.1781291
C15orf41,1.2332383,1.1781291
ELOVL6,1.2332383,1.1781291
SLC38A8,1.2332383,1.1781291
RAB5A,1.2332383,1.1781291
GLIPR1L2,1.2332383,1.1781291
POU5F2,1.2332383,1.1781291
CCSAP,1.2332383,1.1781291
ZBP1,1.2332383,1.1781291
LSP1,1.2332383,1.1781291
IL6R,1.2332383,1.1781291
RRH,1.2332383,1.1781291
RASL11A,1.2332383,1.1781291
SYT13,1.2332383,1.1781291
STX8,1.2332383,1.1781291
MAT2B,1.2332383,1.1781291
ANKRD23,1.2332383,1.1781291
SBSPON,1.2332383,1.1781291
NCOA6,1.2332383,1.1781291
AJAP1,1.2332383,1.1781291
ZSCAN1,1.2332383,1.1781291
GNB1L,1.2332383,1.1781291
ARR3,1.2332383,1.1781291
RAB8B,1.2332383,1.1781291
HTR1D,1.2332383,1.1781291
CTRL,1.2332383,1.1781291
TCP11,1.2332383,1.1781291
BSPRY,1.2332383,1.1781291
C18orf25,1.2332383,1.1781291
DEGS1,1.2332383,1.1781291
YIPF1,1.2332383,1.1781291
DGCR6L,1.2332383,1.1781291
SDR9C7,1.2332383,1.1781291
GCNT1,1.2332383,1.1781291
APOL2,1.2332383,1.1781291
KCNK17,1.2332383,1.1781291
CD96,1.2332383,1.1781291
BST1,1.2332383,1.1781291
PRDM12,1.2332383,1.1781291
KLF7,1.2332383,1.1781291
RAB7A,1.2332383,1.1781291
IFIT3,1.2332383,1.1781291
SAMD12,1.2332383,1.1781291
ODR4,1.2332383,1.1781291
SLC6A12,1.2332383,1.1781291
ZNF749,1.2332383,1.1781291
SUGT1,1.2332383,1.1781291
PAK4,1.2332383,1.1781291
DSN1,1.2332383,1.1781291
RDH14,1.2332383,1.1781291
PALM2,1.2332383,1.1781291
TRPT1,1.2332383,1.1781291
FCRL2,1.2332383,1.1781291
SCG3,1.2332383,1.1781291
HS3ST5,1.2332383,1.1781291
DND1,1.2332383,1.1781291
PEX5L,1.2332383,1.1781291
RBM41,1.2332383,1.1781291
CCDC74B,1.2332383,1.1781291
MED22,1.2332383,1.1781291
IL18R1,1.2332383,1.1781291
FAM50B,1.2332383,1.1781291
ELAC1,1.2332383,1.1781291
INSM2,1.2332383,1.1781291
SPPL2C,1.2332383,1.1781291
SYNGR2,1.2332383,1.1781291
CRYGD,1.2332383,1.1781291
GPX7,1.2332383,1.1781291
HES1,1.2332383,1.1781291
SLC16A11,1.2332383,1.1781291
TNFRSF10B,1.2332383,1.1781291
TGM7,1.2332383,1.1781291
GPR52,1.2332383,1.1781291
ACHE,1.2332383,1.1781291
SKAP2,1.2332383,1.1781291
SIGLEC7,1.2332383,1.1781291
FAM170A,1.2332383,1.1781291
CCR2,1.2332383,1.1781291
CLDN23,1.2332383,1.1781291
GPR39,1.2332383,1.1781291
INHBC,1.2332383,1.1781291
DCAF4L1,1.2332383,1.1781291
HNRNPC,1.2332383,1.1781291
GFOD2,1.2332383,1.1781291
ZFPM2,1.2332383,1.1781291
ANXA1,1.2332383,1.1781291
MRPL46,1.2332383,1.1781291
ZIC5,1.2332383,1.1781291
RAB38,1.2332383,1.1781291
FAM76B,1.2332383,1.1781291
NPTX1,1.2332383,1.1781291
WDR77,1.2332383,1.1781291
C21orf58,1.2332383,1.1781291
SH2D5,1.2332383,1.1781291
AGTR1,1.2332383,1.1781291
TUT7,1.2332383,1.1781291
MPV17L,1.2332383,1.1781291
ALDH5A1,1.2332383,1.1781291
RILP,1.2332383,1.1781291
CNTFR,1.2332383,1.1781291
ST6GALNAC3,1.2332383,1.1781291
PCNA,1.2332383,1.1781291
SFTPD,1.2332383,1.1781291
TMEM234,1.2332383,1.1781291
RAB22A,1.2332383,1.1781291
LZTFL1,1.2332383,1.1781291
MTFP1,1.2332383,1.1781291
SLC7A10,1.2332383,1.1781291
SIRT3,1.2332383,1.1781291
CLDND1,1.2332383,1.1781291
BPGM,1.2332383,1.1781291
PSMC3,1.2332383,1.1781291
CASP5,1.2332383,1.1781291
DCSTAMP,1.2332383,1.1781291
NTAN1,1.2332383,1.1781291
MSRA,1.2332383,1.1781291
SERPINB1,1.2332383,1.1781291
CRYBG1,1.2332383,1.1781291
ZBTB26,1.2332383,1.1781291
PSG5,1.2332383,1.1781291
COPG1,1.2332383,1.1781291
GPR45,1.2332383,1.1781291
VDAC2,1.2332383,1.1781291
KLK13,1.2332383,1.1781291
KCNK15,1.2332383,1.1781291
IFNAR1,1.2332383,1.1781291
MTFR1,1.2332383,1.1781291
GATD1,1.2332383,1.1781291
ADPRH,1.2332383,1.1781291
GNPDA1,1.2332383,1.1781291
DNASE2,1.2332383,1.1781291
BCL2L12,1.2332383,1.1781291
CRYGN,1.2332383,1.1781291
GID4,1.2332383,1.1781291
ACTL10,1.2332383,1.1781291
MTX1,1.2332383,1.1781291
MLNR,1.2332383,1.1781291
RSL1D1,1.2332383,1.1781291
PARD6G,1.2332383,1.1781291
BRCC3,1.2332383,1.1781291
NCF4,1.2332383,1.1781291
CLDN9,1.2332383,1.1781291
DTWD2,1.2332383,1.1781291
ISOC1,1.2332383,1.1781291
CRIP3,1.2332383,1.1781291
GH2,1.2332383,1.1781291
ZNF174,1.2332383,1.1781291
SLC35D3,1.2332383,1.1781291
ARTN,1.2332383,1.1781291
WDR55,1.2332383,1.1781291
EXOSC1,1.2332383,1.1781291
HPGD,1.2332383,1.1781291
HOXD8,1.2332383,1.1781291
PSMB9,1.2332383,1.1781291
GPANK1,1.2332383,1.1781291
FAM118B,1.2332383,1.1781291
TSPAN12,1.2332383,1.1781291
SAP30BP,1.2332383,1.1781291
POTEF,1.2332383,1.1781291
NCR1,1.2332383,1.1781291
TBX18,1.2332383,1.1781291
SEC24B,1.2332383,1.1781291
POLR2E,1.2332383,1.1781291
TXNL1,1.2332383,1.1781291
TSNAX,1.2332383,1.1781291
RANGRF,1.2332383,1.1781291
CDH22,1.2332383,1.1781291
LENG1,1.2332383,1.1781291
PROC,1.2332383,1.1781291
PSPN,1.2332383,1.1781291
APLF,1.2332383,1.1781291
ABCG2,1.2332383,1.1781291
PUM2,1.2332383,1.1781291
ZNF382,1.2332383,1.1781291
PRSS37,1.2332383,1.1781291
FBXO4,1.2332383,1.1781291
AKR1C1,1.2332383,1.1781291
TPP1,1.2332383,1.1781291
MAP9,1.2332383,1.1781291
DNALI1,1.2332383,1.1781291
CTSL,1.2332383,1.1781291
ZPBP2,1.2332383,1.1781291
PALMD,1.2332383,1.1781291
CD1B,1.2332383,1.1781291
CTBP1,1.2332383,1.1781291
CFAP43,1.2332383,1.1781291
ISG20L2,1.2332383,1.1781291
RIMS3,1.2332383,1.1781291
ZNF878,1.2332383,1.1781291
CCR9,1.2332383,1.1781291
ZNF430,1.2332383,1.1781291
MORN3,1.2332383,1.1781291
ZNF25,1.2332383,1.1781291
TMEM192,1.2332383,1.1781291
EGR1,1.2332383,1.1781291
GIN1,1.2332383,1.1781291
CNBD1,1.2332383,1.1781291
KLK5,1.2332383,1.1781291
CBX7,1.2332383,1.1781291
CCT5,1.2332383,1.1781291
GPR63,1.2332383,1.1781291
WDR31,1.2332383,1.1781291
GPR135,1.2332383,1.1781291
ZNF692,1.2332383,1.1781291
PPEF1,1.2332383,1.1781291
TSPYL1,1.2332383,1.1781291
KIR3DL1,1.2332383,1.1781291
PSMD4,1.2332383,1.1781291
UBQLNL,1.2332383,1.1781291
BHMT2,1.2332383,1.1781291
ADRB2,1.2332383,1.1781291
AQP7,1.2332383,1.1781291
ZNF514,1.2332383,1.1781291
FGF5,1.2332383,1.1781291
YIPF3,1.2332383,1.1781291
RNF181,1.2332383,1.1781291
LDHAL6A,1.2332383,1.1781291
RANBP9,1.2332383,1.1781291
ZNF587B,1.2332383,1.1781291
ZNF550,1.2332383,1.1781291
VSNL1,1.2332383,1.1781291
SRSF12,1.2332383,1.1781291
MRPL15,1.2332383,1.1781291
MOGAT2,1.2332383,1.1781291
RASSF4,1.2332383,1.1781291
ACP7,1.2332383,1.1781291
ZBTB32,1.2332383,1.1781291
NTF4,1.2332383,1.1781291
CCDC189,1.2332383,1.1781291
SLC35B1,1.2332383,1.1781291
TPRG1L,1.2332383,1.1781291
BRMS1,1.2332383,1.1781291
ZC2HC1A,1.2332383,1.1781291
TRMO,1.2332383,1.1781291
KCNK5,1.2332383,1.1781291
MPZ,1.2332383,1.1781291
TMX2,1.2332383,1.1781291
R3HCC1,1.2332383,1.1781291
SLC35D1,1.2332383,1.1781291
LRRC15,1.2332383,1.1781291
VSIG8,1.2332383,1.1781291
CLU,1.2332383,1.1781291
PLPP6,1.2332383,1.1781291
ZNF154,1.2332383,1.1781291
NOVA2,1.2332383,1.1781291
TSR3,1.2332383,1.1781291
HOXD11,1.2332383,1.1781291
C6orf136,1.2332383,1.1781291
EFNA2,1.2332383,1.1781291
PTRH1,1.2332383,1.1781291
THUMPD1,1.2332383,1.1781291
CENPO,1.2332383,1.1781291
RBM34,1.2332383,1.1781291
CACUL1,1.2332383,1.1781291
PSMA2,1.2332383,1.1781291
ASB1,1.2332383,1.1781291
ERMAP,1.2332383,1.1781291
LIF,1.2332383,1.1781291
ALG14,1.2332383,1.1781291
SLC35E3,1.2332383,1.1781291
NUSAP1,1.2332383,1.1781291
SNRNP27,1.2332383,1.1781291
DPH5,1.2332383,1.1781291
RNH1,1.2332383,1.1781291
ZNF701,1.2332383,1.1781291
FAM83A,1.2332383,1.1781291
RERGL,1.2332383,1.1781291
TMEM25,1.2332383,1.1781291
COPG2,1.2332383,1.1781291
KAZALD1,1.2332383,1.1781291
MRPS31,1.2332383,1.1781291
PPTC7,1.2332383,1.1781291
HEMK1,1.2332383,1.1781291
DIRAS2,1.2332383,1.1781291
SAMD7,1.2332383,1.1781291
TOR3A,1.2332383,1.1781291
E2F5,1.2332383,1.1781291
MRPL3,1.2332383,1.1781291
YWHAB,1.2332383,1.1781291
C3AR1,1.2332383,1.1781291
CTDP1,1.2332383,1.1781291
GPR18,1.2332383,1.1781291
TIMP4,1.2332383,1.1781291
TRIM52,1.2332383,1.1781291
EFS,1.2332383,1.1781291
STC2,1.2332383,1.1781291
TUBG1,1.2332383,1.1781291
MAPRE1,1.2332383,1.1781291
ZFP3,1.2332383,1.1781291
SOD3,1.2332383,1.1781291
C3orf30,1.2332383,1.1781291
MAFK,1.2332383,1.1781291
GPR174,1.2332383,1.1781291
DHRS4L2,1.2332383,1.1781291
C1QTNF7,1.2332383,1.1781291
YWHAE,1.2332383,1.1781291
ZNF3,1.2332383,1.1781291
NFE2,1.2332383,1.1781291
EPYC,1.2332383,1.1781291
DIO2,1.2332383,1.1781291
SLBP,1.2332383,1.1781291
UHMK1,1.2332383,1.1781291
GPR151,1.2332383,1.1781291
SCCPDH,1.2332383,1.1781291
KHDRBS3,1.2332383,1.1781291
THTPA,1.2332383,1.1781291
PLPP5,1.2332383,1.1781291
C14orf93,1.2332383,1.1781291
CBLN1,1.2332383,1.1781291
FN3KRP,1.2332383,1.1781291
PODXL2,1.2332383,1.1781291
TOMM40,1.2332383,1.1781291
TIGD5,1.2332383,1.1781291
SLC35A1,1.2332383,1.1781291
C2CD4C,1.2332383,1.1781291
SSTR1,1.2332383,1.1781291
AKAP7,1.2332383,1.1781291
UPP2,1.2332383,1.1781291
ATP6V1E2,1.2332383,1.1781291
POLR2M,1.2332383,1.1781291
CCM2,1.2332383,1.1781291
SBK2,1.2332383,1.1781291
WBP1,1.2332383,1.1781291
NUCB2,1.2332383,1.1781291
PHETA1,1.2332383,1.1781291
EXOSC3,1.2332383,1.1781291
ZNF860,1.2332383,1.1781291
CCDC183,1.2332383,1.1781291
LINS1,1.2332383,1.1781291
XRCC4,1.2332383,1.1781291
HABP4,1.2332383,1.1781291
STYX,1.2332383,1.1781291
SPPL2A,1.2332383,1.1781291
DIMT1,1.2332383,1.1781291
BCDIN3D,1.2332383,1.1781291
FAM53B,1.2332383,1.1781291
ERGIC2,1.2332383,1.1781291
F2R,1.2332383,1.1781291
GLOD4,1.2332383,1.1781291
PTP4A3,1.2332383,1.1781291
AMY2B,1.2332383,1.1781291
WDR74,1.2332383,1.1781291
JAM2,1.2332383,1.1781291
FLRT1,1.2332383,1.1781291
PRAME,1.2332383,1.1781291
MEAF6,1.2332383,1.1781291
MED24,1.2332383,1.1781291
CYP2C18,1.2332383,1.1781291
HOXA7,1.2332383,1.1781291
NSUN3,1.2332383,1.1781291
WASHC4,1.2332383,1.1781291
C7,1.2332383,1.1781291
STX2,1.2332383,1.1781291
YWHAH,1.2332383,1.1781291
PELO,1.2332383,1.1781291
ZNF587,1.2332383,1.1781291
RSPO4,1.2332383,1.1781291
DHRS4,1.2332383,1.1781291
RP11-159G9.5,1.2332383,1.1781291
MARCH11,1.2332383,1.1781291
ERI3,1.2332383,1.1781291
IBSP,1.2332383,1.1781291
ZNF100,1.2332383,1.1781291
C3orf38,1.2332383,1.1781291
FAM71B,1.2332383,1.1781291
TRMT9B,1.2332383,1.1781291
TSPYL4,1.2332383,1.1781291
PRSS55,1.2332383,1.1781291
CNN3,1.2332383,1.1781291
ZC3H10,1.2332383,1.1781291
KISS1R,1.2332383,1.1781291
ZC3H15,1.2332383,1.1781291
TBC1D20,1.2332383,1.1781291
DRAXIN,1.2332383,1.1781291
DUSP9,1.2332383,1.1781291
RNF26,1.2332383,1.1781291
CFAP157,1.2332383,1.1781291
OLIG3,1.2332383,1.1781291
DIRAS1,1.2332383,1.1781291
AVPR2,1.2332383,1.1781291
ZNF419,1.2332383,1.1781291
ZNF320,1.2332383,1.1781291
LHFPL5,1.2332383,1.1781291
ATP1B4,1.2332383,1.1781291
VPS28,1.2332383,1.1781291
CTHRC1,1.2332383,1.1781291
CASP9,1.2332383,1.1781291
BNIPL,1.2332383,1.1781291
GAPDH,1.2332383,1.1781291
GRAMD2A,1.2332383,1.1781291
DCAF4L2,1.2332383,1.1781291
UFC1,1.2332383,1.1781291
HRH2,1.2332383,1.1781291
ANKRD40,1.2332383,1.1781291
B9D2,1.2332383,1.1781291
FBXO6,1.2332383,1.1781291
PURB,1.2332383,1.1781291
STK26,1.2332383,1.1781291
MED8,1.2332383,1.1781291
ZNF404,1.2332383,1.1781291
GPATCH4,1.2332383,1.1781291
ZNF285,1.2332383,1.1781291
TSPAN7,1.2332383,1.1781291
P2RX1,1.2332383,1.1781291
MMD2,1.2332383,1.1781291
EPHB2,1.2332383,1.1781291
OC90,1.2332383,1.1781291
ELOVL1,1.2332383,1.1781291
BPI,1.2332383,1.1781291
FRZB,1.2332383,1.1781291
RSPH1,1.2332383,1.1781291
NTM,1.2332383,1.1781291
STX5,1.2332383,1.1781291
ZNF566,1.2332383,1.1781291
CCNY,1.2332383,1.1781291
FFAR4,1.2332383,1.1781291
ST3GAL1,1.2332383,1.1781291
RETREG1,1.2332383,1.1781291
RPA2,1.2332383,1.1781291
SYT8,1.2332383,1.1781291
P2RX4,1.2332383,1.1781291
EIF4H,1.2332383,1.1781291
TOR1A,1.2332383,1.1781291
CENPP,1.2332383,1.1781291
ORC5,1.2332383,1.1781291
MEIOB,1.2332383,1.1781291
CCR10,1.2332383,1.1781291
FBXL18,1.2332383,1.1781291
OTUD6B,1.2332383,1.1781291
SDHC,1.2332383,1.1781291
PSKH2,1.2332383,1.1781291
VASH1,1.2332383,1.1781291
ARL2,1.2332383,1.1781291
SPG21,1.2332383,1.1781291
GPR75,1.2332383,1.1781291
RPS4X,1.2332383,1.1781291
ZNF286B,1.2332383,1.1781291
FAM69B,1.2332383,1.1781291
WDR18,1.2332383,1.1781291
HEPACAM2,1.2332383,1.1781291
KDELR2,1.2332383,1.1781291
RPRD1A,1.2332383,1.1781291
EGFL7,1.2332383,1.1781291
ALKBH6,1.2332383,1.1781291
PSAPL1,1.2332383,1.1781291
CLDN15,1.2332383,1.1781291
TMEM106C,1.2332383,1.1781291
TMBIM1,1.2332383,1.1781291
ELMOD1,1.2332383,1.1781291
TSPAN13,1.2332383,1.1781291
C1QL1,1.2332383,1.1781291
AKR1D1,1.2332383,1.1781291
SERPINB9,1.2332383,1.1781291
TRIM64C,1.2332383,1.1781291
LPAR1,1.2332383,1.1781291
GALM,1.2332383,1.1781291
PLEKHA3,1.2332383,1.1781291
SULT2B1,1.2332383,1.1781291
XPA,1.2332383,1.1781291
SAP30L,1.2332383,1.1781291
NUP205,1.2332383,1.1781291
ASIC5,1.2332383,1.1781291
KCNIP1,1.2332383,1.1781291
STXBP5L,1.2332383,1.1781291
FANCD2,1.2332383,1.1781291
RAC2,1.2332383,1.1781291
TMEM19,1.2332383,1.1781291
EIF3F,1.2332383,1.1781291
IL5RA,1.2332383,1.1781291
RGR,1.2332383,1.1781291
ZNF417,1.2332383,1.1781291
PRRT2,1.2332383,1.1781291
SNAPC1,1.2332383,1.1781291
C9orf72,1.2332383,1.1781291
BVES,1.2332383,1.1781291
WIPF1,1.2332383,1.1781291
RPS8,1.2332383,1.1781291
ILKAP,1.2332383,1.1781291
PIP4K2A,1.2332383,1.1781291
PVR,1.2332383,1.1781291
ZNF69,1.2332383,1.1781291
HSDL2,1.2332383,1.1781291
CDKL4,1.2332383,1.1781291
ZNF669,1.2332383,1.1781291
TMPPE,1.2332383,1.1781291
SAR1B,1.2332383,1.1781291
ZNF429,1.2332383,1.1781291
ZNF497,1.2332383,1.1781291
ZNF439,1.2332383,1.1781291
GH1,1.2332383,1.1781291
ALS2CR12,1.2332383,1.1781291
NOL12,1.2332383,1.1781291
ARMC1,1.2332383,1.1781291
ZDHHC15,1.2332383,1.1781291
GSDME,1.2332383,1.1781291
ZNF134,1.2332383,1.1781291
CCNYL1,1.2332383,1.1781291
GPR173,1.2332383,1.1781291
B3GALNT1,1.2332383,1.1781291
FBXO16,1.2332383,1.1781291
PGBD4,1.2332383,1.1781291
GNRHR,1.2332383,1.1781291
TMPRSS12,1.2332383,1.1781291
NANS,1.2332383,1.1781291
FGFR1,1.2332383,1.1781291
RBKS,1.2332383,1.1781291
SDHD,1.2332383,1.1781291
EMP3,1.2332383,1.1781291
HTR5A,1.2332383,1.1781291
MTERF1,1.2332383,1.1781291
PANX3,1.2332383,1.1781291
TTL,1.2332383,1.1781291
GPRIN3,1.2332383,1.1781291
PTER,1.2332383,1.1781291
CCDC36,1.2332383,1.1781291
ZNF793,1.2332383,1.1781291
STRN4,1.2332383,1.1781291
PIGU,1.2332383,1.1781291
TCF19,1.2332383,1.1781291
GPR12,1.2332383,1.1781291
GHITM,1.2332383,1.1781291
RBM11,1.2332383,1.1781291
HSD17B12,1.2332383,1.1781291
KLF1,1.2332383,1.1781291
ZNF212,1.2332383,1.1781291
FAHD2B,1.2332383,1.1781291
LAYN,1.2332383,1.1781291
NEUROD4,1.2332383,1.1781291
TLK1,1.2332383,1.1781291
ANGPTL5,1.2332383,1.1781291
SERTAD4,1.2332383,1.1781291
PYGO1,1.2332383,1.1781291
HEXIM1,1.2332383,1.1781291
ZNF239,1.2332383,1.1781291
RPL19,1.2332383,1.1781291
TREX1,1.2332383,1.1781291
F2RL3,1.2332383,1.1781291
PPP1R3F,1.2332383,1.1781291
ZNF611,1.2332383,1.1781291
RNF112,1.2332383,1.1781291
ECHS1,1.2332383,1.1781291
ZNF579,1.2332383,1.1781291
IDI1,1.2332383,1.1781291
ZFAND2B,1.2332383,1.1781291
TMEM59,1.2332383,1.1781291
TTC4,1.2332383,1.1781291
TLCD1,1.2332383,1.1781291
DTNBP1,1.2332383,1.1781291
CHIA,1.2332383,1.1781291
CD46,1.2332383,1.1781291
HEY2,1.2332383,1.1781291
METTL8,1.2332383,1.1781291
ARID3C,1.2332383,1.1781291
GGN,1.2332383,1.1781291
NFKBIB,1.2332383,1.1781291
ATP5S,1.2332383,1.1781291
TMEM178A,1.2332383,1.1781291
INSYN2,1.2332383,1.1781291
HPDL,1.2332383,1.1781291
ARL4C,1.2332383,1.1781291
APOL5,1.2332383,1.1781291
CPT2,1.2332383,1.1781291
HP1BP3,1.2332383,1.1781291
TEKT5,1.2332383,1.1781291
CRY2,1.2332383,1.1781291
EIF3K,1.2332383,1.1781291
C1orf87,1.2332383,1.1781291
AICDA,1.2332383,1.1781291
PIANP,1.2332383,1.1781291
ZFP69B,1.2332383,1.1781291
ABI3,1.2332383,1.1781291
CA4,1.2332383,1.1781291
SNX30,1.2332383,1.1781291
RMDN1,1.2332383,1.1781291
NKX1-2,1.2332383,1.1781291
VSIG1,1.2332383,1.1781291
SRI,1.2332383,1.1781291
CECR2,1.2332383,1.1781291
MYL6B,1.2332383,1.1781291
LDHC,1.2332383,1.1781291
SERPINB3,1.2332383,1.1781291
SELENOP,1.2332383,1.1781291
ODF1,1.2332383,1.1781291
C14orf28,1.2332383,1.1781291
COX18,1.2332383,1.1781291
RIT2,1.2332383,1.1781291
LIM2,1.2332383,1.1781291
BTN3A1,1.2332383,1.1781291
FANCB,1.2332383,1.1781291
TRIM15,1.2332383,1.1781291
PSG1,1.2332383,1.1781291
RASD2,1.2332383,1.1781291
AKR1A1,1.2332383,1.1781291
TOM1L1,1.2332383,1.1781291
CRNN,1.2332383,1.1781291
BTNL2,1.2332383,1.1781291
ZNF529,1.2332383,1.1781291
SOHLH1,1.2332383,1.1781291
SOCS6,1.2332383,1.1781291
TMEM143,1.2332383,1.1781291
TFPI,1.2332383,1.1781291
PLEK,1.2332383,1.1781291
FBXO15,1.2332383,1.1781291
RHOQ,1.2332383,1.1781291
FAM111A,1.2332383,1.1781291
CCNB1IP1,1.2332383,1.1781291
PANX1,1.2332383,1.1781291
TIMELESS,1.2332383,1.1781291
DKK2,1.2332383,1.1781291
OSCAR,1.2332383,1.1781291
HSD17B2,1.2332383,1.1781291
SFXN4,1.2332383,1.1781291
CHCHD3,1.2332383,1.1781291
GDPD3,1.2332383,1.1781291
SLC30A8,1.2332383,1.1781291
STARD6,1.2332383,1.1781291
SLC10A7,1.2332383,1.1781291
FAM192A,1.2332383,1.1781291
PTGR2,1.2332383,1.1781291
COPS7A,1.2332383,1.1781291
FAM81A,1.2332383,1.1781291
CABP2,1.2332383,1.1781291
STIMATE,1.2332383,1.1781291
GLRX3,1.2332383,1.1781291
PSEN1,1.2332383,1.1781291
GTSE1,1.2332383,1.1781291
LDHD,1.2332383,1.1781291
TRAPPC2L,1.2332383,1.1781291
SRRM1,1.2332383,1.1781291
XRCC3,1.2332383,1.1781291
ATP13A3,1.2332383,1.1781291
C19orf47,1.2332383,1.1781291
RASL10A,1.2332383,1.1781291
PPP2R3C,1.2332383,1.1781291
WDR82,1.2332383,1.1781291
FAIM2,1.2332383,1.1781291
GPKOW,1.2332383,1.1781291
SH3GLB1,1.2332383,1.1781291
COLEC11,1.2332383,1.1781291
RUNDC3A,1.2332383,1.1781291
NUDT12,1.2332383,1.1781291
EIF3H,1.2332383,1.1781291
ST8SIA1,1.2332383,1.1781291
TIMMDC1,1.2332383,1.1781291
RAB39B,1.2332383,1.1781291
CCDC105,1.2332383,1.1781291
LIN37,1.2332383,1.1781291
PRAM1,1.2332383,1.1781291
ZNF200,1.2332383,1.1781291
MED6,1.2332383,1.1781291
DUSP12,1.2332383,1.1781291
PRKRIP1,1.2332383,1.1781291
RASL11B,1.2332383,1.1781291
IPMK,1.2332383,1.1781291
TRIM54,1.2332383,1.1781291
TXNDC15,1.2332383,1.1781291
ZNF85,1.2332383,1.1781291
ITM2C,1.2332383,1.1781291
TEX13A,1.2332383,1.1781291
CAT,1.2332383,1.1781291
VIL1,1.2332383,1.1781291
CSRP2,1.2332383,1.1781291
LRRC63,1.2332383,1.1781291
SNAPC3,1.2332383,1.1781291
TRHR,1.2332383,1.1781291
EMC10,1.2332383,1.1781291
CD1E,1.2332383,1.1781291
TMEM59L,1.2332383,1.1781291
ARL10,1.2332383,1.1781291
FOXE3,1.2332383,1.1781291
RAPGEF4,1.2332383,1.1781291
CSRP1,1.2332383,1.1781291
CD5L,1.2332383,1.1781291
TM2D1,1.2332383,1.1781291
DCAF12L2,1.2332383,1.1781291
ARMH1,1.2332383,1.1781291
PRDX3,1.2332383,1.1781291
C9orf24,1.2332383,1.1781291
TUBA1A,1.2332383,1.1781291
SFRP5,1.2332383,1.1781291
NCEH1,1.2332383,1.1781291
NOV,1.2332383,1.1781291
TFAP2B,1.2332383,1.1781291
TTC23L,1.2332383,1.1781291
NELL2,1.2332383,1.1781291
WBP11,1.2332383,1.1781291
ZBTB6,1.2332383,1.1781291
AVPR1B,1.2332383,1.1781291
CAB39L,1.2332383,1.1781291
FRRS1L,1.2332383,1.1781291
ALYREF,1.2332383,1.1781291
RAB29,1.2332383,1.1781291
C20orf96,1.2332383,1.1781291
ZNF75D,1.2332383,1.1781291
MFF,1.2332383,1.1781291
ZNF584,1.2332383,1.1781291
SLC38A1,1.2332383,1.1781291
RNF150,1.2332383,1.1781291
MMP20,1.2332383,1.1781291
PLEKHM2,1.2332383,1.1781291
FUT9,1.2332383,1.1781291
CBLL2,1.2332383,1.1781291
IFI44,1.2332383,1.1781291
DERL3,1.2332383,1.1781291
PDILT,1.2332383,1.1781291
TIGD2,1.2332383,1.1781291
SERPINA3,1.2332383,1.1781291
RCSD1,1.2332383,1.1781291
CBR4,1.2332383,1.1781291
CACNG5,1.2332383,1.1781291
ZNF20,1.2332383,1.1781291
MBNL2,1.2332383,1.1781291
A4GNT,1.2332383,1.1781291
TRIM11,1.2332383,1.1781291
CLDN4,1.2332383,1.1781291
CSTF3,1.2332383,1.1781291
GTF2F2,1.2332383,1.1781291
RHOF,1.2332383,1.1781291
LTB4R2,1.2332383,1.1781291
ZSCAN30,1.2332383,1.1781291
TIGD3,1.2332383,1.1781291
FOXL1,1.2332383,1.1781291
PRSS50,1.2332383,1.1781291
H2AFY,1.2332383,1.1781291
EPHX3,1.2332383,1.1781291
CD9,1.2332383,1.1781291
LRP2BP,1.2332383,1.1781291
TRIM63,1.2332383,1.1781291
ST8SIA3,1.2332383,1.1781291
LSM11,1.2332383,1.1781291
P2RY2,1.2332383,1.1781291
HMOX2,1.2332383,1.1781291
ST8SIA2,1.2332383,1.1781291
RNF41,1.2332383,1.1781291
CLEC17A,1.2332383,1.1781291
GPR19,1.2332383,1.1781291
LACTB2,1.2332383,1.1781291
SLC17A1,1.2332383,1.1781291
ACOD1,1.2332383,1.1781291
MAFG,1.2332383,1.1781291
PIGL,1.2332383,1.1781291
TAF1A,1.2332383,1.1781291
SERPINA10,1.2332383,1.1781291
MTFR2,1.2332383,1.1781291
DPYS,1.2332383,1.1781291
PSD4,1.2332383,1.1781291
ZNF10,1.2332383,1.1781291
VPS72,1.2332383,1.1781291
RCE1,1.2332383,1.1781291
RPL8,1.2332383,1.1781291
CBR1,1.2332383,1.1781291
ZNF222,1.2332383,1.1781291
ZNF594,1.2332383,1.1781291
APOBEC3G,1.2332383,1.1781291
SNX15,1.2332383,1.1781291
SCRN3,1.2332383,1.1781291
NPFFR1,1.2332383,1.1781291
NPAP1,1.2332383,1.1781291
CDCA8,1.2332383,1.1781291
FGF4,1.2332383,1.1781291
ADAMDEC1,1.2332383,1.1781291
ALG10B,1.2332383,1.1781291
PTGER2,1.2332383,1.1781291
RIMKLA,1.2332383,1.1781291
FAM217A,1.2332383,1.1781291
CDR2L,1.2332383,1.1781291
THG1L,1.2332383,1.1781291
PP2D1,1.2332383,1.1781291
SLFN12L,1.2332383,1.1781291
DRG1,1.2332383,1.1781291
MOG,1.2332383,1.1781291
WFDC1,1.2332383,1.1781291
IGFBP3,1.2332383,1.1781291
USE1,1.2332383,1.1781291
CALCOCO2,1.2332383,1.1781291
RABGAP1,1.2332383,1.1781291
LYL1,1.2332383,1.1781291
FUT8,1.2332383,1.1781291
PLEKHS1,1.2332383,1.1781291
FBXW2,1.2332383,1.1781291
UGT3A1,1.2332383,1.1781291
ZNF165,1.2332383,1.1781291
IP6K3,1.2332383,1.1781291
RAB13,1.2332383,1.1781291
ZNF500,1.2332383,1.1781291
TRIM72,1.2332383,1.1781291
CHMP2B,1.2332383,1.1781291
CRYZ,1.2332383,1.1781291
MXD3,1.2332383,1.1781291
ZNF835,1.2332383,1.1781291
SNX7,1.2332383,1.1781291
ZNF440,1.2332383,1.1781291
TSEN34,1.2332383,1.1781291
ARHGEF5,1.2332383,1.1781291
CISH,1.2332383,1.1781291
IGFBP4,1.2332383,1.1781291
EXOG,1.2332383,1.1781291
PRELP,1.2332383,1.1781291
TNFRSF10A,1.2332383,1.1781291
MTHFD2L,1.2332383,1.1781291
OPN3,1.2332383,1.1781291
CHST1,1.2332383,1.1781291
ZNF70,1.2332383,1.1781291
FAXDC2,1.2332383,1.1781291
PLCL2,1.2332383,1.1781291
C5orf22,1.2332383,1.1781291
GSDMD,1.2332383,1.1781291
MMP3,1.2332383,1.1781291
POF1B,1.2332383,1.1781291
IL13RA1,1.2332383,1.1781291
TIMP2,1.2332383,1.1781291
SERPINA4,1.2332383,1.1781291
INSYN2B,1.2332383,1.1781291
SIL1,1.2332383,1.1781291
TENT5C,1.2332383,1.1781291
HTR1F,1.2332383,1.1781291
RPE,1.2332383,1.1781291
ENTHD1,1.2332383,1.1781291
ZNF714,1.2332383,1.1781291
PCBP2,1.2332383,1.1781291
CEP295NL,1.2332383,1.1781291
ST6GALNAC4,1.2332383,1.1781291
PTP4A2,1.2332383,1.1781291
ETV3,1.2332383,1.1781291
CFAP36,1.2332383,1.1781291
SLC8A2,1.2332383,1.1781291
RHBDL1,1.2332383,1.1781291
PARP11,1.2332383,1.1781291
TMEFF1,1.2332383,1.1781291
TSPAN32,1.2332383,1.1781291
PSTK,1.2332383,1.1781291
CCND3,1.2332383,1.1781291
SERPINA1,1.2332383,1.1781291
UPK1B,1.2332383,1.1781291
PDIK1L,1.2332383,1.1781291
AK3,1.2332383,1.1781291
CHMP5,1.2332383,1.1781291
MAP3K20,1.2332383,1.1781291
ZNF223,1.2332383,1.1781291
COPS6,1.2332383,1.1781291
MMP1,1.2332383,1.1781291
SLC30A7,1.2332383,1.1781291
ATXN7L3,1.2332383,1.1781291
PTAR1,1.2332383,1.1781291
ENDOD1,1.2332383,1.1781291
CHST7,1.2332383,1.1781291
HAUS8,1.2332383,1.1781291
SLC38A5,1.2332383,1.1781291
ZSWIM9,1.2332383,1.1781291
AASDHPPT,1.2332383,1.1781291
DHX29,1.2332383,1.1781291
CCNE2,1.2332383,1.1781291
BCO1,1.2332383,1.1781291
RIMS4,1.2332383,1.1781291
SLC39A7,1.2332383,1.1781291
FANK1,1.2332383,1.1781291
PDCD7,1.2332383,1.1781291
RHOBTB1,1.2332383,1.1781291
OTUD1,1.2332383,1.1781291
GUK1,1.2332383,1.1781291
GRPEL2,1.2332383,1.1781291
CPM,1.2332383,1.1781291
HGH1,1.2332383,1.1781291
SLC35F4,1.2332383,1.1781291
RPS5,1.2332383,1.1781291
GDF3,1.2332383,1.1781291
FAM155B,1.2332383,1.1781291
CBFB,1.2332383,1.1781291
ADGRG5,1.2332383,1.1781291
ELMOD2,1.2332383,1.1781291
EIF2S1,1.2332383,1.1781291
GLMP,1.2332383,1.1781291
UROS,1.2332383,1.1781291
UNC119,1.2332383,1.1781291
CRIPAK,1.2332383,1.1781291
P2RX6,1.2332383,1.1781291
RPS16,1.2332383,1.1781291
CHMP2A,1.2332383,1.1781291
EXOSC7,1.2332383,1.1781291
PARVG,1.2332383,1.1781291
ST6GALNAC5,1.2332383,1.1781291
RAP2A,1.2332383,1.1781291
THAP11,1.2332383,1.1781291
ST8SIA4,1.2332383,1.1781291
MDP1,1.2332383,1.1781291
SPSB3,1.2332383,1.1781291
HCCS,1.2332383,1.1781291
GLIS2,1.2332383,1.1781291
MVB12A,1.2332383,1.1781291
IRX3,1.2332383,1.1781291
HOXA13,1.2332383,1.1781291
WDCP,1.2332383,1.1781291
RFXANK,1.2332383,1.1781291
NUF2,1.2332383,1.1781291
RHOBTB2,1.2332383,1.1781291
ZSCAN5B,1.2332383,1.1781291
FOXM1,1.2332383,1.1781291
RAD51C,1.2332383,1.1781291
GFOD1,1.2332383,1.1781291
GOLPH3,1.2332383,1.1781291
GORASP1,1.2332383,1.1781291
F11,1.2332383,1.1781291
UBE3B,1.2332383,1.1781291
PODNL1,1.2332383,1.1781291
GTPBP1,1.2332383,1.1781291
ELAVL4,1.2332383,1.1781291
GRXCR1,1.2332383,1.1781291
GID8,1.2332383,1.1781291
MRNIP,1.2332383,1.1781291
FBXO17,1.2332383,1.1781291
MACROD2,1.2332383,1.1781291
SLC29A3,1.2332383,1.1781291
DMAC2,1.2332383,1.1781291
CRYBA2,1.2332383,1.1781291
TCEA3,1.2332383,1.1781291
EMC2,1.2332383,1.1781291
GBA,1.2332383,1.1781291
CHRM2,1.2332383,1.1781291
TFB2M,1.2332383,1.1781291
CDC37,1.2332383,1.1781291
STARD5,1.2332383,1.1781291
CCKAR,1.2332383,1.1781291
RCHY1,1.2332383,1.1781291
PSMB8,1.2332383,1.1781291
KLC2,1.2332383,1.1781291
ZNF674,1.2332383,1.1781291
ZNF589,1.2332383,1.1781291
C1QTNF9,1.2332383,1.1781291
DNTTIP1,1.2332383,1.1781291
SNAP25,1.2332383,1.1781291
UBXN6,1.2332383,1.1781291
DDX50,1.2332383,1.1781291
FYTTD1,1.2332383,1.1781291
GYS1,1.2332383,1.1781291
THEMIS2,1.2332383,1.1781291
OCLN,1.2332383,1.1781291
INTS12,1.2332383,1.1781291
FBXO47,1.2332383,1.1781291
ARL8B,1.2332383,1.1781291
TNC,1.2332383,1.1781291
PDCD4,1.2332383,1.1781291
ZFYVE1,1.2332383,1.1781291
SPATC1,1.2332383,1.1781291
PRSS8,1.2332383,1.1781291
ALG10,1.2332383,1.1781291
ICMT,1.2332383,1.1781291
C5orf51,1.2332383,1.1781291
RAB30,1.2332383,1.1781291
FTH1,1.2332383,1.1781291
AQP5,1.2332383,1.1781291
ZNF410,1.2332383,1.1781291
PCDHB13,1.2332383,1.1781291
IMPA2,1.2332383,1.1781291
FGF11,1.2332383,1.1781291
TNNI2,1.2332383,1.1781291
NUDT22,1.2332383,1.1781291
APOA4,1.2332383,1.1781291
BDKRB1,1.2332383,1.1781291
CA13,1.2332383,1.1781291
C1orf116,1.2332383,1.1781291
PM20D2,1.2332383,1.1781291
WDR4,1.2332383,1.1781291
WDR54,1.2332383,1.1781291
ITPRIP,1.2332383,1.1781291
GLIPR1,1.2332383,1.1781291
ZNF79,1.2332383,1.1781291
PDGFB,1.2332383,1.1781291
MAGT1,1.2332383,1.1781291
PURA,1.2332383,1.1781291
BPHL,1.2332383,1.1781291
NOVA1,1.2332383,1.1781291
CRYZL1,1.2332383,1.1781291
ERCC8,1.2332383,1.1781291
IFIT2,1.2332383,1.1781291
MRPS15,1.2332383,1.1781291
HERPUD1,1.2332383,1.1781291
ZNF2,1.2332383,1.1781291
ATG3,1.2332383,1.1781291
DSCC1,1.2332383,1.1781291
GRINA,1.2332383,1.1781291
GCNT4,1.2332383,1.1781291
C1orf94,1.2332383,1.1781291
PSMD5,1.2332383,1.1781291
SLC4A11,1.2332383,1.1781291
SCRN1,1.2332383,1.1781291
SLFN12,1.2332383,1.1781291
FGF18,1.2332383,1.1781291
ELL3,1.2332383,1.1781291
C14orf39,1.2332383,1.1781291
PEF1,1.2332383,1.1781291
C12orf40,1.2332383,1.1781291
CLPP,1.2332383,1.1781291
CD209,1.2332383,1.1781291
SAXO1,1.2332383,1.1781291
C8orf76,1.2332383,1.1781291
LAT,1.2332383,1.1781291
TNMD,1.2332383,1.1781291
KLF5,1.2332383,1.1781291
B3GNT2,1.2332383,1.1781291
SIRT7,1.2332383,1.1781291
SPATA2,1.2332383,1.1781291
AP5M1,1.2332383,1.1781291
RABL6,1.2332383,1.1781291
PDK3,1.2332383,1.1781291
UGT2B4,1.2332383,1.1781291
TMPRSS11B,1.2332383,1.1781291
CHERP,1.2332383,1.1781291
NUBPL,1.2332383,1.1781291
CLEC4F,1.2332383,1.1781291
VTI1B,1.2332383,1.1781291
PON1,1.2332383,1.1781291
TIGD4,1.2332383,1.1781291
RXFP3,1.2332383,1.1781291
NKX2-8,1.2332383,1.1781291
LPAR5,1.2332383,1.1781291
ZNF284,1.2332383,1.1781291
DOLPP1,1.2332383,1.1781291
UBE2Z,1.2332383,1.1781291
PERM1,1.2332383,1.1781291
PTHLH,1.2332383,1.1781291
SNX21,1.2332383,1.1781291
PLTP,1.2332383,1.1781291
FAM53A,1.2332383,1.1781291
GMEB1,1.2332383,1.1781291
SNX8,1.2332383,1.1781291
GFI1,1.2332383,1.1781291
PITPNB,1.2332383,1.1781291
BMP8A,1.2332383,1.1781291
MAFF,1.2332383,1.1781291
NECAB1,1.2332383,1.1781291
ZFYVE26,1.2332383,1.1781291
ADRB3,1.2332383,1.1781291
NPTX2,1.2332383,1.1781291
VASH2,1.2332383,1.1781291
FKBP8,1.2332383,1.1781291
H2AFX,1.2332383,1.1781291
CCNJ,1.2332383,1.1781291
TUFT1,1.2332383,1.1781291
RBBP8NL,1.2332383,1.1781291
C1QTNF3,1.2332383,1.1781291
YJU2,1.2332383,1.1781291
RAB3D,1.2332383,1.1781291
FHL5,1.2332383,1.1781291
RPS3,1.2332383,1.1781291
PIGM,1.2332383,1.1781291
MKRN3,1.2332383,1.1781291
CLN8,1.2332383,1.1781291
PRSS57,1.2332383,1.1781291
EYA2,1.2332383,1.1781291
ZNF280C,1.2332383,1.1781291
TATDN3,1.2332383,1.1781291
CELA1,1.2332383,1.1781291
BMI1,1.2332383,1.1781291
SPEM2,1.2332383,1.1781291
SAMD15,1.2332383,1.1781291
GPD1,1.2332383,1.1781291
ANKRD29,1.2332383,1.1781291
SC5D,1.2332383,1.1781291
TONSL,1.2332383,1.1781291
MTA1,1.2332383,1.1781291
GPRC5A,1.2332383,1.1781291
ARL1,1.2332383,1.1781291
CCNA2,1.2332383,1.1781291
SLC30A4,1.2332383,1.1781291
POLDIP2,1.2332383,1.1781291
ZNF431,1.2332383,1.1781291
OSGEPL1,1.2332383,1.1781291
JUP,1.2332383,1.1781291
ZMYND12,1.2332383,1.1781291
ABHD17A,1.2332383,1.1781291
NMNAT1,1.2332383,1.1781291
SYNE4,1.2332383,1.1781291
TM9SF1,1.2332383,1.1781291
UGT2B28,1.2332383,1.1781291
IFIT1B,1.2332383,1.1781291
TRIM69,1.2332383,1.1781291
B3GNT9,1.2332383,1.1781291
AZI2,1.2332383,1.1781291
ATCAY,1.2332383,1.1781291
KCTD17,1.2332383,1.1781291
ASB18,1.2332383,1.1781291
PDLIM3,1.2332383,1.1781291
CAPG,1.2332383,1.1781291
BTN2A1,1.2332383,1.1781291
SLC38A9,1.2332383,1.1781291
TMEM44,1.2332383,1.1781291
ZDHHC12,1.2332383,1.1781291
NUFIP1,1.2332383,1.1781291
ZNF195,1.2332383,1.1781291
ATXN7L2,1.2332383,1.1781291
FEZ1,1.2332383,1.1781291
CEP68,1.2332383,1.1781291
KCTD16,1.2332383,1.1781291
MAGEC1,1.2332383,1.1781291
SLC35B4,1.2332383,1.1781291
C4orf50,1.2332383,1.1781291
C1orf43,1.2332383,1.1781291
KLK10,1.2332383,1.1781291
CNOT7,1.2332383,1.1781291
ZNF416,1.2332383,1.1781291
LRRC32,1.2332383,1.1781291
FOLR2,1.2332383,1.1781291
SEPHS1,1.2332383,1.1781291
RRAS,1.2332383,1.1781291
MPPED2,1.2332383,1.1781291
WBP4,1.2332383,1.1781291
HPX,1.2332383,1.1781291
TK1,1.2332383,1.1781291
KRAS,1.2332383,1.1781291
EIF3M,1.2332383,1.1781291
GFI1B,1.2332383,1.1781291
ANXA9,1.2332383,1.1781291
GOSR1,1.2332383,1.1781291
DNAJC27,1.2332383,1.1781291
ZNF28,1.2332383,1.1781291
PIGK,1.2332383,1.1781291
DNAJC9,1.2332383,1.1781291
STK17B,1.2332383,1.1781291
FCF1,1.2332383,1.1781291
TMEM129,1.2332383,1.1781291
RNASEH2C,1.2332383,1.1781291
LEFTY1,1.2332383,1.1781291
AURKA,1.2332383,1.1781291
PPP1R3C,1.2332383,1.1781291
RFTN2,1.2332383,1.1781291
IMPA1,1.2332383,1.1781291
DMTN,1.2332383,1.1781291
ANXA13,1.2332383,1.1781291
THPO,1.2332383,1.1781291
C18orf63,1.2332383,1.1781291
PYCR2,1.2332383,1.1781291
ADARB1,1.2332383,1.1781291
OPCML,1.2332383,1.1781291
CIAPIN1,1.2332383,1.1781291
COPE,1.2332383,1.1781291
SSUH2,1.2332383,1.1781291
CYB5D2,1.2332383,1.1781291
MARCH5,1.2332383,1.1781291
HSD17B1,1.2332383,1.1781291
NEUROG3,1.2332383,1.1781291
ARMH4,1.2332383,1.1781291
MROH2B,1.2332383,1.1781291
UNC50,1.2332383,1.1781291
TEPSIN,1.2332383,1.1781291
GHSR,1.2332383,1.1781291
SIAH1,1.2332383,1.1781291
DPEP2,1.2332383,1.1781291
STPG3,1.2332383,1.1781291
NDUFAF1,1.2332383,1.1781291
GTF2E2,1.2332383,1.1781291
ALKBH1,1.2332383,1.1781291
SURF4,1.2332383,1.1781291
ELMOD3,1.2332383,1.1781291
ARRDC4,1.2332383,1.1781291
ABRAXAS2,1.2332383,1.1781291
ZNF846,1.2332383,1.1781291
AKIRIN2,1.2332383,1.1781291
SYT4,1.2332383,1.1781291
HM13,1.2332383,1.1781291
AK1,1.2332383,1.1781291
PRLHR,1.2332383,1.1781291
PIM2,1.2332383,1.1781291
SLC12A3,1.2332383,1.1781291
ARHGEF39,1.2332383,1.1781291
STX10,1.2332383,1.1781291
TMEM108,1.2332383,1.1781291
DUSP6,1.2332383,1.1781291
RTL5,1.2332383,1.1781291
HTR3C,1.2332383,1.1781291
NEMP2,1.2332383,1.1781291
POM121L2,1.2332383,1.1781291
PTGFR,1.2332383,1.1781291
PAPSS1,1.2332383,1.1781291
RPL6,1.2332383,1.1781291
RLF,1.2332383,1.1781291
ZPBP,1.2332383,1.1781291
JMJD7,1.2332383,1.1781291
SERPINA11,1.2332383,1.1781291
PLPP7,1.2332383,1.1781291
UBE2W,1.2332383,1.1781291
NMUR2,1.2332383,1.1781291
GAR1,1.2332383,1.1781291
C19orf57,1.2332383,1.1781291
CHIT1,1.2332383,1.1781291
CDR2,1.2332383,1.1781291
GLYATL1,1.2332383,1.1781291
YWHAQ,1.2332383,1.1781291
SSR1,1.2332383,1.1781291
FHOD1,1.2332383,1.1781291
DUSP26,1.2332383,1.1781291
H2AFJ,1.2332383,1.1781291
NAF1,1.2332383,1.1781291
DHRS12,1.2332383,1.1781291
KCTD15,1.2332383,1.1781291
SLC39A11,1.2332383,1.1781291
PLAG1,1.2332383,1.1781291
ZNF792,1.2332383,1.1781291
CAPZA2,1.2332383,1.1781291
MIA2,1.2332383,1.1781291
WBP1L,1.2332383,1.1781291
RAB33A,1.2332383,1.1781291
TATDN1,1.2332383,1.1781291
FAM83E,1.2332383,1.1781291
QKI,1.2332383,1.1781291
SH2D7,1.2332383,1.1781291
APOBEC3B,1.2332383,1.1781291
HSPB7,1.2332383,1.1781291
SELL,1.2332383,1.1781291
HIC1,1.2332383,1.1781291
ZNF768,1.2332383,1.1781291
LRRC42,1.2332383,1.1781291
POLR2B,1.2332383,1.1781291
RNFT1,1.2332383,1.1781291
FOXI2,1.2332383,1.1781291
STRADB,1.2332383,1.1781291
WIPF3,1.2332383,1.1781291
RTF2,1.2332383,1.1781291
PIGN,1.2332383,1.1781291
FAM47A,1.2332383,1.1781291
FGFR2,1.2332383,1.1781291
PRSS54,1.2332383,1.1781291
FOXA3,1.2332383,1.1781291
TERF1,1.2332383,1.1781291
DAP3,1.2332383,1.1781291
CKAP5,1.2332383,1.1781291
ZNF205,1.2332383,1.1781291
BHLHE40,1.2332383,1.1781291
ZNF329,1.2332383,1.1781291
PPID,1.2332383,1.1781291
DIABLO,1.2332383,1.1781291
SOWAHC,1.2332383,1.1781291
ZNF266,1.2332383,1.1781291
RPS3A,1.2332383,1.1781291
E2F1,1.2332383,1.1781291
CRYGA,1.2332383,1.1781291
NEPRO,1.2332383,1.1781291
NEIL3,1.2332383,1.1781291
CTSZ,1.2332383,1.1781291
NOX3,1.2332383,1.1781291
DOK2,1.2332383,1.1781291
GINS1,1.2332383,1.1781291
PGC,1.2332383,1.1781291
MFAP4,1.2332383,1.1781291
RGS20,1.2332383,1.1781291
HS3ST3B1,1.2332383,1.1781291
PSG6,1.2332383,1.1781291
LCMT1,1.2332383,1.1781291
FBXL3,1.2332383,1.1781291
TIMM21,1.2332383,1.1781291
ARMC12,1.2332383,1.1781291
PARP16,1.2332383,1.1781291
TNFAIP1,1.2332383,1.1781291
PAQR3,1.2332383,1.1781291
CNOT8,1.2332383,1.1781291
CENPI,1.2332383,1.1781291
DCN,1.2332383,1.1781291
MISP,1.2332383,1.1781291
CLNK,1.2332383,1.1781291
SLC22A25,1.2332383,1.1781291
CRYM,1.2332383,1.1781291
SELENOI,1.2332383,1.1781291
NFKBID,1.2332383,1.1781291
HSD17B13,1.2332383,1.1781291
CPA2,1.2332383,1.1781291
AKAP3,1.2332383,1.1781291
CNN1,1.2332383,1.1781291
APCDD1L,1.2332383,1.1781291
PEX14,1.2332383,1.1781291
TRIM29,1.2332383,1.1781291
THAP3,1.2332383,1.1781291
TM9SF4,1.2332383,1.1781291
ABHD17B,1.2332383,1.1781291
IL1R1,1.2332383,1.1781291
RPL13A,1.2332383,1.1781291
UBQLN3,1.2332383,1.1781291
NGDN,1.2332383,1.1781291
RSPO1,1.2332383,1.1781291
CHID1,1.2332383,1.1781291
LHFPL3,1.2332383,1.1781291
LRR1,1.2332383,1.1781291
MMAB,1.2332383,1.1781291
FCMR,1.2332383,1.1781291
SLC16A6,1.2332383,1.1781291
RAB4A,1.2332383,1.1781291
WDR61,1.2332383,1.1781291
GPATCH11,1.2332383,1.1781291
L3HYPDH,1.2332383,1.1781291
NFKBIA,1.2332383,1.1781291
ZDHHC20,1.2332383,1.1781291
PRSS1,1.2332383,1.1781291
PLEKHG7,1.2332383,1.1781291
CDH24,1.2332383,1.1781291
SSTR2,1.2332383,1.1781291
ZNF256,1.2332383,1.1781291
REEP1,1.2332383,1.1781291
OTUD3,1.2332383,1.1781291
SIGLEC11,1.2332383,1.1781291
PRIM1,1.2332383,1.1781291
AGFG1,1.2332383,1.1781291
CTSG,1.2332383,1.1781291
ZSCAN22,1.2332383,1.1781291
M6PR,1.2332383,1.1781291
USP46,1.2332383,1.1781291
AKR1C3,1.2332383,1.1781291
SOX15,1.2332383,1.1781291
MIPOL1,1.2332383,1.1781291
CDC25C,1.2332383,1.1781291
PURG,1.2332383,1.1781291
LANCL3,1.2332383,1.1781291
DCUN1D1,1.2332383,1.1781291
GIPC2,1.2332383,1.1781291
TRIM34,1.2332383,1.1781291
BSX,1.2332383,1.1781291
CCDC121,1.2332383,1.1781291
TRIM59,1.2332383,1.1781291
CHMP3,1.2332383,1.1781291
ZNF385B,1.2332383,1.1781291
BARX1,1.2332383,1.1781291
GSG1,1.2332383,1.1781291
SHLD2,1.2332383,1.1781291
NHEJ1,1.2332383,1.1781291
PRRX2,1.2332383,1.1781291
SFTPC,1.2332383,1.1781291
SMTNL1,1.2332383,1.1781291
PSPC1,1.2332383,1.1781291
TMEM127,1.2332383,1.1781291
AHNAK,1.2332383,1.1781291
MORF4L1,1.2332383,1.1781291
RRS1,1.2332383,1.1781291
PRR5L,1.2332383,1.1781291
LRRC66,1.2332383,1.1781291
CRYBB2,1.2332383,1.1781291
CHRM1,1.2332383,1.1781291
RAC1,1.2332383,1.1781291
ZBED8,1.2332383,1.1781291
RASGEF1C,1.2332383,1.1781291
ITPK1,1.2332383,1.1781291
ANKRD63,1.2332383,1.1781291
CD19,1.2332383,1.1781291
HTR3E,1.2332383,1.1781291
ZNF157,1.2332383,1.1781291
ZNF101,1.2332383,1.1781291
FGF22,1.2332383,1.1781291
EOMES,1.2332383,1.1781291
ENTPD8,1.2332383,1.1781291
MAD2L1BP,1.2332383,1.1781291
HSPA1L,1.2332383,1.1781291
SOST,1.2332383,1.1781291
CYC1,1.2332383,1.1781291
ZNF837,1.2332383,1.1781291
NUBP1,1.2332383,1.1781291
DECR1,1.2332383,1.1781291
ZBTB5,1.2332383,1.1781291
FAM173B,1.2332383,1.1781291
TMEM30B,1.2332383,1.1781291
FBXW12,1.2332383,1.1781291
PRSS22,1.2332383,1.1781291
TCF21,1.2332383,1.1781291
HP,1.2332383,1.1781291
N4BP3,1.2332383,1.1781291
SULT1A2,1.2332383,1.1781291
IFNLR1,1.2332383,1.1781291
PLP1,1.2332383,1.1781291
TOMM34,1.2332383,1.1781291
PPP1R36,1.2332383,1.1781291
ARHGAP36,1.2332383,1.1781291
RABGGTB,1.2332383,1.1781291
NUP58,1.2332383,1.1781291
XPNPEP3,1.2332383,1.1781291
CCDC130,1.2332383,1.1781291
KCTD1,1.2332383,1.1781291
ZNF775,1.2332383,1.1781291
SCD,1.2332383,1.1781291
KCNN2,1.2332383,1.1781291
WDR25,1.2332383,1.1781291
JAM3,1.2332383,1.1781291
PIP4K2C,1.2332383,1.1781291
RPUSD4,1.2332383,1.1781291
RNF144A,1.2332383,1.1781291
MSS51,1.2332383,1.1781291
ST3GAL4,1.2332383,1.1781291
GFRA4,1.2332383,1.1781291
SCML4,1.2332383,1.1781291
ARMT1,1.2332383,1.1781291
ZNF391,1.2332383,1.1781291
PRSS42,1.2332383,1.1781291
LRRC56,1.2332383,1.1781291
PLD2,1.2332383,1.1781291
ACP6,1.2332383,1.1781291
KCMF1,1.2332383,1.1781291
PMP22,1.2332383,1.1781291
THEMIS,1.2332383,1.1781291
TRIM14,1.2332383,1.1781291
VNN3,1.2332383,1.1781291
ZNF57,1.2332383,1.1781291
S1PR1,1.2332383,1.1781291
GKAP1,1.2332383,1.1781291
CSRNP1,1.2332383,1.1781291
VPS37A,1.2332383,1.1781291
MRPL45,1.2332383,1.1781291
NUDT13,1.2332383,1.1781291
RPL18,1.2332383,1.1781291
SERPINB2,1.2332383,1.1781291
INHBA,1.2332383,1.1781291
OGFOD3,1.2332383,1.1781291
ATG5,1.2332383,1.1781291
GNL3L,1.2332383,1.1781291
SGPP1,1.2332383,1.1781291
ZNF181,1.2332383,1.1781291
FGFR1OP2,1.2332383,1.1781291
NAGK,1.2332383,1.1781291
SLC39A8,1.2332383,1.1781291
VAT1L,1.2332383,1.1781291
ASPA,1.2332383,1.1781291
ZNF213,1.2332383,1.1781291
LRRC47,1.2332383,1.1781291
DUSP5,1.2332383,1.1781291
CBLN3,1.2332383,1.1781291
TMEM256-PLSCR3,1.2332383,1.1781291
SLC38A6,1.2332383,1.1781291
METAP1D,1.2332383,1.1781291
RBM22,1.2332383,1.1781291
CX3CL1,1.2332383,1.1781291
ABHD10,1.2332383,1.1781291
GPR84,1.2332383,1.1781291
SFXN3,1.2332383,1.1781291
ACOT7,1.2332383,1.1781291
LHFPL4,1.2332383,1.1781291
WWTR1,1.2332383,1.1781291
ZNF18,1.2332383,1.1781291
LEFTY2,1.2332383,1.1781291
RND1,1.2332383,1.1781291
SLC25A2,1.2332383,1.1781291
AGTRAP,1.2332383,1.1781291
AQP8,1.2332383,1.1781291
COQ10A,1.2332383,1.1781291
CDS1,1.2332383,1.1781291
NOMO1,1.2332383,1.1781291
ATG4A,1.2332383,1.1781291
CEACAM5,1.2332383,1.1781291
ZNF443,1.2332383,1.1781291
ZNF799,1.2332383,1.1781291
DUSP15,1.2332383,1.1781291
SFRP1,1.2332383,1.1781291
WTAP,1.2332383,1.1781291
TMC1,1.2332383,1.1781291
GRB2,1.2332383,1.1781291
CALN1,1.2332383,1.1781291
ZNF250,1.2332383,1.1781291
SERPINB10,1.2332383,1.1781291
SPSB4,1.2332383,1.1781291
ARFRP1,1.2332383,1.1781291
BLZF1,1.2332383,1.1781291
STX16,1.2332383,1.1781291
DUSP11,1.2332383,1.1781291
TOX2,1.2332383,1.1781291
DCTN2,1.2332383,1.1781291
RP2,1.2332383,1.1781291
B4GALT1,1.2332383,1.1781291
HOXB7,1.2332383,1.1781291
DNAJB2,1.2332383,1.1781291
HARBI1,1.2332383,1.1781291
UGT2B11,1.2332383,1.1781291
PYGL,1.2332383,1.1781291
TWIST2,1.2332383,1.1781291
ATP1B2,1.2332383,1.1781291
EXOC4,1.2332383,1.1781291
CSHL1,1.2332383,1.1781291
PDE4B,1.2332383,1.1781291
ZNF852,1.2332383,1.1781291
SLC25A53,1.2332383,1.1781291
LRRC39,1.2332383,1.1781291
CHRNA10,1.2332383,1.1781291
HFE,1.2332383,1.1781291
SULT1C2,1.2332383,1.1781291
TMEM26,1.2332383,1.1781291
B3GNT8,1.2332383,1.1781291
NOB1,1.2332383,1.1781291
ARRDC3,1.2332383,1.1781291
EGFL8,1.2332383,1.1781291
KIAA0513,1.2332383,1.1781291
CLDN14,1.2332383,1.1781291
TRIM21,1.2332383,1.1781291
CA7,1.2332383,1.1781291
AVEN,1.2332383,1.1781291
CUEDC2,1.2332383,1.1781291
ZNF467,1.2332383,1.1781291
MINDY3,1.2332383,1.1781291
PROSER1,1.2332383,1.1781291
ZNF8,1.2332383,1.1781291
ANKRD2,1.2332383,1.1781291
C1QL2,1.2332383,1.1781291
UBAC2,1.2332383,1.1781291
GSC,1.2332383,1.1781291
IL1RL1,1.2332383,1.1781291
RPLP0,1.2332383,1.1781291
RBMS2,1.2332383,1.1781291
TSPAN9,1.2332383,1.1781291
ZFAND1,1.2332383,1.1781291
CHP1,1.2332383,1.1781291
TXNIP,1.2332383,1.1781291
MEGF9,1.2332383,1.1781291
ARPC2,1.2332383,1.1781291
HSPBP1,1.2332383,1.1781291
PIP4P1,1.2332383,1.1781291
WARS2,1.2332383,1.1781291
SLC35F2,1.2332383,1.1781291
HOXC5,1.2332383,1.1781291
IFIT1,1.2332383,1.1781291
RNF113A,1.2332383,1.1781291
HOXC8,1.2332383,1.1781291
CAPN10,1.2332383,1.1781291
ZNF345,1.2332383,1.1781291
SCAMP3,1.2332383,1.1781291
ITK,1.2332383,1.1781291
DUSP8,1.2332383,1.1781291
RAB3A,1.2332383,1.1781291
KLK6,1.2332383,1.1781291
BCL9L,1.2332383,1.1781291
SLC15A5,1.2332383,1.1781291
KIAA1191,1.2332383,1.1781291
IL17RB,1.2332383,1.1781291
SERPINB13,1.2332383,1.1781291
DDAH1,1.2332383,1.1781291
DAAM2,1.2332383,1.1781291
SMAD2,1.2332383,1.1781291
AFMID,1.2332383,1.1781291
EBP,1.2332383,1.1781291
RPL23,1.2332383,1.1781291
CYB561,1.2332383,1.1781291
WDR17,1.2332383,1.1781291
DNAJB6,1.2332383,1.1781291
TRNT1,1.2332383,1.1781291
DPEP1,1.2332383,1.1781291
ZMYM4,1.2332383,1.1781291
EFCAB12,1.2332383,1.1781291
IL13RA2,1.2332383,1.1781291
FOXS1,1.2332383,1.1781291
C12orf50,1.2332383,1.1781291
FCN2,1.2332383,1.1781291
UCK2,1.2332383,1.1781291
ADAM20,1.2332383,1.1781291
FAR2,1.2332383,1.1781291
GOLM1,1.2332383,1.1781291
HSD17B3,1.2332383,1.1781291
CYP2A13,1.2332383,1.1781291
MLF2,1.2332383,1.1781291
GAL3ST1,1.2332383,1.1781291
GTF2E1,1.2332383,1.1781291
PSG3,1.2332383,1.1781291
ASS1,1.2332383,1.1781291
AKTIP,1.2332383,1.1781291
NKX2-3,1.2332383,1.1781291
AQP6,1.2332383,1.1781291
COQ4,1.2332383,1.1781291
BMP8B,1.2332383,1.1781291
FUZ,1.2332383,1.1781291
ETV7,1.2332383,1.1781291
ACTL8,1.2332383,1.1781291
SRD5A1,1.2332383,1.1781291
LRRC75A,1.2332383,1.1781291
FGF12,1.2332383,1.1781291
KCTD10,1.2332383,1.1781291
FAM53C,1.2332383,1.1781291
ZNF140,1.2332383,1.1781291
FAM102A,1.2332383,1.1781291
OAS1,1.2332383,1.1781291
UBOX5,1.2332383,1.1781291
KLK14,1.2332383,1.1781291
CCDC114,1.2332383,1.1781291
PEX26,1.2332383,1.1781291
PCDHB11,1.2332383,1.1781291
CCDC112,1.2332383,1.1781291
SSRP1,1.2332383,1.1781291
ZSCAN18,1.2332383,1.1781291
SERPINB5,1.2332383,1.1781291
BTN3A3,1.2332383,1.1781291
GPBP1L1,1.2332383,1.1781291
CHGA,1.2332383,1.1781291
LDAH,1.2332383,1.1781291
BBOF1,1.2332383,1.1781291
CENPB,1.2332383,1.1781291
MLLT1,1.2332383,1.1781291
ANTXRL,1.2332383,1.1781291
DENND1B,1.2332383,1.1781291
DHRS7C,1.2332383,1.1781291
ERRFI1,1.2332383,1.1781291
CHRDL1,1.2332383,1.1781291
PXMP2,1.2332383,1.1781291
NCK1,1.2332383,1.1781291
TNFRSF1B,1.2332383,1.1781291
SERPINI2,1.2332383,1.1781291
SLA,1.2332383,1.1781291
DERL1,1.2332383,1.1781291
ZFP1,1.2332383,1.1781291
HAND2,1.2332383,1.1781291
ZNF331,1.2332383,1.1781291
PANX2,1.2332383,1.1781291
RHOC,1.2332383,1.1781291
IPCEF1,1.2332383,1.1781291
LMO2,1.2332383,1.1781291
UPK1A,1.2332383,1.1781291
DNAJB13,1.2332383,1.1781291
CD276,1.2332383,1.1781291
SDF2,1.2332383,1.1781291
NXF3,1.2332383,1.1781291
ELFN1,1.2332383,1.1781291
ELAVL1,1.2332383,1.1781291
KLK12,1.2332383,1.1781291
PPM1N,1.2332383,1.1781291
CCDC38,1.2332383,1.1781291
NEGR1,1.2332383,1.1781291
B3GALT4,1.2332383,1.1781291
DHRS9,1.2332383,1.1781291
RASA2,1.2332383,1.1781291
GLT8D2,1.2332383,1.1781291
TBL2,1.2332383,1.1781291
BHLHE41,1.2332383,1.1781291
TLR1,1.2332383,1.1781291
FOSL2,1.2332383,1.1781291
PSMD7,1.2332383,1.1781291
ZDHHC18,1.2332383,1.1781291
ANKRD10,1.2332383,1.1781291
CYB5R2,1.2332383,1.1781291
VEGFD,1.2332383,1.1781291
KCTD12,1.2332383,1.1781291
SF3A2,1.2332383,1.1781291
TCN2,1.2332383,1.1781291
KLF11,1.2332383,1.1781291
GORAB,1.2332383,1.1781291
CYGB,1.2332383,1.1781291
RCAN3,1.2332383,1.1781291
SLC16A12,1.2332383,1.1781291
FCN1,1.2332383,1.1781291
CDADC1,1.2332383,1.1781291
MSRB1,1.2332383,1.1781291
MAPK12,1.2332383,1.1781291
GPR37L1,1.2332383,1.1781291
CABLES2,1.2332383,1.1781291
DCUN1D4,1.2332383,1.1781291
LCA5L,1.2332383,1.1781291
ZNF275,1.2332383,1.1781291
ELOVL4,1.2332383,1.1781291
SNRNP48,1.2332383,1.1781291
SPATA16,1.2332383,1.1781291
SNUPN,1.2332383,1.1781291
NRTN,1.2332383,1.1781291
ZNF551,1.2332383,1.1781291
B4GAT1,1.2332383,1.1781291
ASTL,1.2332383,1.1781291
IK,1.2332383,1.1781291
P2RX3,1.2332383,1.1781291
FBXO25,1.2332383,1.1781291
ZNF625,1.2332383,1.1781291
DPH7,1.2332383,1.1781291
SLC32A1,1.2332383,1.1781291
EFNA4,1.2332383,1.1781291
AKAP4,1.2332383,1.1781291
CDC20B,1.2332383,1.1781291
WDR89,1.2332383,1.1781291
TRABD,1.2332383,1.1781291
DCAF8L2,1.2332383,1.1781291
ZNF571,1.2332383,1.1781291
SERPINB12,1.2332383,1.1781291
MOSPD2,1.2332383,1.1781291
RCN3,1.2332383,1.1781291
ZNF543,1.2332383,1.1781291
CELA2B,1.2332383,1.1781291
TSPAN11,1.2332383,1.1781291
ACPP,1.2332383,1.1781291
PQLC2,1.2332383,1.1781291
TJAP1,1.2332383,1.1781291
MEOX2,1.2332383,1.1781291
PRSS21,1.2332383,1.1781291
CRX,1.2332383,1.1781291
KCNK2,1.2332383,1.1781291
ABHD16B,1.2332383,1.1781291
HECA,1.2332383,1.1781291
PTPMT1,1.2332383,1.1781291
RNF10,1.2332383,1.1781291
TFDP1,1.2332383,1.1781291
ADORA3,1.2332383,1.1781291
ZNF43,1.2332383,1.1781291
BBX,1.2332383,1.1781291
SRFBP1,1.2332383,1.1781291
ZDHHC9,1.2332383,1.1781291
CNR1,1.2332383,1.1781291
PODXL,1.2332383,1.1781291
CA8,1.2332383,1.1781291
ASB6,1.2332383,1.1781291
QPCT,1.2332383,1.1781291
RASSF9,1.2332383,1.1781291
MAGEE2,1.2332383,1.1781291
USP8,1.2332383,1.1781291
MCAT,1.2332383,1.1781291
NTSR1,1.2332383,1.1781291
SCG2,1.2332383,1.1781291
GTDC1,1.2332383,1.1781291
C16orf71,1.2332383,1.1781291
RAB24,1.2332383,1.1781291
ABRAXAS1,1.2332383,1.1781291
TTPA,1.2332383,1.1781291
ADGRG3,1.2332383,1.1781291
TSFM,1.2332383,1.1781291
GOT1L1,1.2332383,1.1781291
KRT37,1.2332383,1.1781291
MYLK4,1.2332383,1.1781291
CDK3,1.2332383,1.1781291
MAPK11,1.2332383,1.1781291
CYP2A7,1.2332383,1.1781291
GPR153,1.2332383,1.1781291
RER1,1.2332383,1.1781291
ANGPTL3,1.2332383,1.1781291
TSPYL2,1.2332383,1.1781291
PNMA8B,1.2332383,1.1781291
GTF2H3,1.2332383,1.1781291
GDPD1,1.2332383,1.1781291
PCDH1,1.2332383,1.1781291
GPN1,1.2332383,1.1781291
LDHB,1.2332383,1.1781291
TNFSF13,1.2332383,1.1781291
PI4K2A,1.2332383,1.1781291
NSFL1C,1.2332383,1.1781291
ANKRD9,1.2332383,1.1781291
ZNF496,1.2332383,1.1781291
FAM172A,1.2332383,1.1781291
RNF130,1.2332383,1.1781291
ADPRHL1,1.2332383,1.1781291
CYP2A6,1.2332383,1.1781291
STAM2,1.2332383,1.1781291
PTGIR,1.2332383,1.1781291
ZFYVE27,1.2332383,1.1781291
DHH,1.2332383,1.1781291
SLC30A10,1.2332383,1.1781291
PYCR1,1.2332383,1.1781291
ZNF461,1.2332383,1.1781291
FAM151A,1.2332383,1.1781291
FAM78A,1.2332383,1.1781291
EXOSC2,1.2332383,1.1781291
UFD1,1.2332383,1.1781291
HAO1,1.2332383,1.1781291
WISP3,1.2332383,1.1781291
GFRA3,1.2332383,1.1781291
ZNF549,1.2332383,1.1781291
JMJD4,1.2332383,1.1781291
DCAF17,1.2332383,1.1781291
PTX4,1.2332383,1.1781291
KRT34,1.2332383,1.1781291
MPND,1.2332383,1.1781291
ZNF330,1.2332383,1.1781291
RIOX2,1.2332383,1.1781291
SLC22A9,1.2332383,1.1781291
STRIP2,1.2332383,1.1781291
ENTPD3,1.2332383,1.1781291
PSME4,1.2332383,1.1781291
PALM3,1.2332383,1.1781291
PGBD5,1.2332383,1.1781291
LRRC31,1.2332383,1.1781291
SLC25A19,1.2332383,1.1781291
MLLT3,1.2332383,1.1781291
MLF1,1.2332383,1.1781291
ODF2L,1.2332383,1.1781291
ZNF383,1.2332383,1.1781291
TMEM175,1.2332383,1.1781291
USP51,1.2332383,1.1781291
PARD6A,1.2332383,1.1781291
LRRC28,1.2332383,1.1781291
ACTRT3,1.2332383,1.1781291
RP9,1.2332383,1.1781291
PRDM11,1.2332383,1.1781291
HOXB4,1.2332383,1.1781291
POLR2A,1.2332383,1.1781291
POLR1A,1.2332383,1.1781291
SNX32,1.2332383,1.1781291
DPEP3,1.2332383,1.1781291
IFT52,1.2332383,1.1781291
SYT12,1.2332383,1.1781291
GPRC5D,1.2332383,1.1781291
SLC22A18,1.2332383,1.1781291
MAGEL2,1.2332383,1.1781291
EFCC1,1.2332383,1.1781291
METTL2B,1.2332383,1.1781291
KCTD18,1.2332383,1.1781291
L1CAM,1.2332383,1.1781291
TLR6,1.2332383,1.1781291
PLIN1,1.2332383,1.1781291
U2AF2,1.2332383,1.1781291
ZNF620,1.2332383,1.1781291
ZNF248,1.2332383,1.1781291
USP12,1.2332383,1.1781291
ZBTB8B,1.2332383,1.1781291
LYSMD3,1.2332383,1.1781291
MPV17L2,1.2332383,1.1781291
CHD7,1.2332383,1.1781291
GPR176,1.2332383,1.1781291
CD55,1.2332383,1.1781291
RNF165,1.2332383,1.1781291
TNFSF11,1.2332383,1.1781291
ATXN3,1.2332383,1.1781291
MBIP,1.2332383,1.1781291
PDP2,1.2332383,1.1781291
CBX2,1.2332383,1.1781291
SLC9A3R2,1.2332383,1.1781291
ANGPT1,1.2332383,1.1781291
BBC3,1.2332383,1.1781291
C9orf50,1.2332383,1.1781291
CYP4Z1,1.2332383,1.1781291
FASTKD3,1.2332383,1.1781291
PAFAH2,1.2332383,1.1781291
MPPE1,1.2332383,1.1781291
TSPAN2,1.2332383,1.1781291
AAMP,1.2332383,1.1781291
GPR83,1.2332383,1.1781291
RERG,1.2332383,1.1781291
LCOR,1.2332383,1.1781291
ZNF324B,1.2332383,1.1781291
PCGF5,1.2332383,1.1781291
SNF8,1.2332383,1.1781291
GCLC,1.2332383,1.1781291
ZNF511,1.2332383,1.1781291
A4GALT,1.2332383,1.1781291
SEPHS2,1.2332383,1.1781291
CCNE1,1.2332383,1.1781291
IYD,1.2332383,1.1781291
C2orf81,1.2332383,1.1781291
TMLHE,1.2332383,1.1781291
CYP8B1,1.2332383,1.1781291
THUMPD2,1.2332383,1.1781291
AADAT,1.2332383,1.1781291
MDH1B,1.2332383,1.1781291
COL21A1,1.2332383,1.1781291
C10orf68,1.2332383,1.1781291
ZNF783,1.2332383,1.1781291
FYB2,1.2332383,1.1781291
C9orf64,1.2332383,1.1781291
ABHD6,1.2332383,1.1781291
GRASP,1.2332383,1.1781291
ZNF257,1.2332383,1.1781291
KRT222,1.2332383,1.1781291
PAAF1,1.2332383,1.1781291
PFKL,1.2332383,1.1781291
MYCN,1.2332383,1.1781291
ELF4,1.2332383,1.1781291
ABHD1,1.2332383,1.1781291
XBP1,1.2332383,1.1781291
LRP5L,1.2332383,1.1781291
HTR3D,1.2332383,1.1781291
ADAL,1.2332383,1.1781291
HOXD4,1.2332383,1.1781291
ZFP69,1.2332383,1.1781291
MYBPHL,1.2332383,1.1781291
GDF9,1.2332383,1.1781291
CYP21A2,1.2332383,1.1781291
HAAO,1.2332383,1.1781291
ERVFRD-1,1.2332383,1.1781291
EPHX4,1.2332383,1.1781291
ZNF726,1.2332383,1.1781291
RTBDN,1.2332383,1.1781291
PCMTD2,1.2332383,1.1781291
SF3B4,1.2332383,1.1781291
USP25,1.2332383,1.1781291
SAG,1.2332383,1.1781291
ZIC3,1.2332383,1.1781291
CAMKMT,1.2332383,1.1781291
DGLUCY,1.2332383,1.1781291
ODC1,1.2332383,1.1781291
ZNF717,1.2332383,1.1781291
PTPN14,1.2332383,1.1781291
MBLAC2,1.2332383,1.1781291
HSPB2,1.2332383,1.1781291
GNMT,1.2332383,1.1781291
VAX2,1.2332383,1.1781291
PNLIPRP3,1.2332383,1.1781291
TBC1D13,1.2332383,1.1781291
AQP4,1.2332383,1.1781291
STX1A,1.2332383,1.1781291
ZBTB7B,1.2332383,1.1781291
NDRG3,1.2332383,1.1781291
TMEM135,1.2332383,1.1781291
SLC14A1,1.2332383,1.1781291
H2AFY2,1.2332383,1.1781291
TM6SF1,1.2332383,1.1781291
ZMAT1,1.2332383,1.1781291
SMPD1,1.2332383,1.1781291
MIP,1.2332383,1.1781291
EBPL,1.2332383,1.1781291
SP2,1.2332383,1.1781291
LRIF1,1.2332383,1.1781291
TRIM60,1.2332383,1.1781291
LIPN,1.2332383,1.1781291
STRN3,1.2332383,1.1781291
ZNF34,1.2332383,1.1781291
TSPAN33,1.2332383,1.1781291
DPM1,1.2332383,1.1781291
GPD1L,1.2332383,1.1781291
AADACL2,1.2332383,1.1781291
DUSP7,1.2332383,1.1781291
PRL,1.2332383,1.1781291
TRMT61B,1.2332383,1.1781291
FAM131B,1.2332383,1.1781291
MRPS35,1.2332383,1.1781291
NDUFV3,1.2332383,1.1781291
ZNF789,1.2332383,1.1781291
CTTNBP2,1.2332383,1.1781291
UBFD1,1.2332383,1.1781291
SAMSN1,1.2332383,1.1781291
MTHFD2,1.2332383,1.1781291
B3GALT1,1.2332383,1.1781291
B3GNT7,1.2332383,1.1781291
GJB4,1.2332383,1.1781291
ENTPD1,1.2332383,1.1781291
PDZD3,1.2332383,1.1781291
GDF1,1.2332383,1.1781291
ZNF619,1.2332383,1.1781291
ACP4,1.2332383,1.1781291
SGO1,1.2332383,1.1781291
ANKRD65,1.2332383,1.1781291
PRMT6,1.2332383,1.1781291
SLC9B2,1.2332383,1.1781291
GJB2,1.2332383,1.1781291
PGBD2,1.2332383,1.1781291
GALR3,1.2332383,1.1781291
ZNF510,1.2332383,1.1781291
ATF7IP2,1.2332383,1.1781291
SUDS3,1.2332383,1.1781291
TMEM184B,1.2332383,1.1781291
CELA3B,1.2332383,1.1781291
PPP1R32,1.2332383,1.1781291
MYL6,1.2332383,1.1781291
CRACR2B,1.2332383,1.1781291
KLK9,1.2332383,1.1781291
HDHD5,1.2332383,1.1781291
ZNF554,1.2332383,1.1781291
USP54,1.2332383,1.1781291
ICAM3,1.2332383,1.1781291
PLPP3,1.2332383,1.1781291
SLC22A24,1.2332383,1.1781291
SHCBP1L,1.2332383,1.1781291
ZNF81,1.2332383,1.1781291
FOXQ1,1.2332383,1.1781291
LEXM,1.2332383,1.1781291
CCDC84,1.2332383,1.1781291
NLRP10,1.2332383,1.1781291
VSIG10,1.2332383,1.1781291
DRC3,1.2332383,1.1781291
PPP1R37,1.2332383,1.1781291
DNASE1,1.2332383,1.1781291
CCDC96,1.2332383,1.1781291
CBARP,1.2332383,1.1781291
PPM1L,1.2332383,1.1781291
PIP5KL1,1.2332383,1.1781291
TMPRSS11D,1.2332383,1.1781291
ZNF491,1.2332383,1.1781291
SERPINB8,1.2332383,1.1781291
TRAPPC10,1.2332383,1.1781291
JRKL,1.2332383,1.1781291
WISP2,1.2332383,1.1781291
UNG,1.2332383,1.1781291
DCP1B,1.2332383,1.1781291
MPPED1,1.2332383,1.1781291
COQ9,1.2332383,1.1781291
GSDMA,1.2332383,1.1781291
PINX1,1.2332383,1.1781291
RPS10,1.2332383,1.1781291
PQBP1,1.2332383,1.1781291
PPM1H,1.2332383,1.1781291
BRMS1L,1.2332383,1.1781291
HOXA11,1.2332383,1.1781291
VGF,1.2332383,1.1781291
ATG13,1.2332383,1.1781291
STX18,1.2332383,1.1781291
BMP15,1.2332383,1.1781291
TTC29,1.2332383,1.1781291
BCL3,1.2332383,1.1781291
TMEM43,1.2332383,1.1781291
TMOD3,1.2332383,1.1781291
FJX1,1.2332383,1.1781291
ACOT9,1.2332383,1.1781291
SPATA22,1.2332383,1.1781291
DECR2,1.2332383,1.1781291
TNFAIP2,1.2332383,1.1781291
MBNL3,1.2332383,1.1781291
RAP2B,1.2332383,1.1781291
TTC22,1.2332383,1.1781291
MRPS27,1.2332383,1.1781291
PTGES2,1.2332383,1.1781291
ENDOU,1.2332383,1.1781291
PARL,1.2332383,1.1781291
REXO4,1.2332383,1.1781291
NDUFAF3,1.2332383,1.1781291
ALKBH3,1.2332383,1.1781291
ZNF503,1.2332383,1.1781291
CAMK4,1.2332383,1.1781291
SEMG2,1.2332383,1.1781291
ADIPOR1,1.2332383,1.1781291
FAM57A,1.2332383,1.1781291
MSLN,1.2332383,1.1781291
TRIM56,1.2332383,1.1781291
RNF212,1.2332383,1.1781291
SCO1,1.2332383,1.1781291
PCDHB12,1.2332383,1.1781291
RPS26,1.2332383,1.1781291
SEPT14,1.2332383,1.1781291
ZNF436,1.2332383,1.1781291
ACOT2,1.2332383,1.1781291
ZNF513,1.2332383,1.1781291
CADM4,1.2332383,1.1781291
SAGE1,1.2332383,1.1781291
RHAG,1.2332383,1.1781291
C11orf80,1.2332383,1.1781291
TRIB1,1.2332383,1.1781291
MAGEE1,1.2332383,1.1781291
AHSA1,1.2332383,1.1781291
GTF2F1,1.2332383,1.1781291
PRRC1,1.2332383,1.1781291
TAL1,1.2332383,1.1781291
FAM114A2,1.2332383,1.1781291
STK33,1.2332383,1.1781291
CALB1,1.2332383,1.1781291
SLC52A2,1.2332383,1.1781291
ALX3,1.2332383,1.1781291
TSPAN18,1.2332383,1.1781291
NTHL1,1.2332383,1.1781291
PTCHD1,1.2332383,1.1781291
KCNC2,1.2332383,1.1781291
DNAJB1,1.2332383,1.1781291
RANBP3L,1.2332383,1.1781291
CCDC71,1.2332383,1.1781291
VASP,1.2332383,1.1781291
GLT8D1,1.2332383,1.1781291
SLC5A5,1.2332383,1.1781291
RTN4IP1,1.2332383,1.1781291
MSANTD4,1.2332383,1.1781291
ZNF502,1.2332383,1.1781291
SHISA6,1.2332383,1.1781291
PABPN1,1.2332383,1.1781291
SPAM1,1.2332383,1.1781291
ZBTB33,1.2332383,1.1781291
C17orf80,1.2332383,1.1781291
ABR,1.2332383,1.1781291
HOXC11,1.2332383,1.1781291
TADA2B,1.2332383,1.1781291
GORASP2,1.2332383,1.1781291
MPDU1,1.2332383,1.1781291
FGL2,1.2332383,1.1781291
HSD3B2,1.2332383,1.1781291
FCAMR,1.2332383,1.1781291
SYT17,1.2332383,1.1781291
CABYR,1.2332383,1.1781291
MED27,1.2332383,1.1781291
TNFRSF11A,1.2332383,1.1781291
MFNG,1.2332383,1.1781291
LILRA6,1.2332383,1.1781291
RPAP2,1.2332383,1.1781291
FAM114A1,1.2332383,1.1781291
CTTNBP2NL,1.2332383,1.1781291
FOLR1,1.2332383,1.1781291
IKBIP,1.2332383,1.1781291
ADRB1,1.2332383,1.1781291
FEZF1,1.2332383,1.1781291
SAPCD2,1.2332383,1.1781291
TOX,1.2332383,1.1781291
ZBED6,1.2332383,1.1781291
SFXN2,1.2332383,1.1781291
C5orf38,1.2332383,1.1781291
RAB1B,1.2332383,1.1781291
TICAM2,1.2332383,1.1781291
ZNF721,1.2332383,1.1781291
LTBR,1.2332383,1.1781291
FBXO43,1.2332383,1.1781291
HOXD12,1.2332383,1.1781291
TDRKH,1.2332383,1.1781291
PAIP1,1.2332383,1.1781291
ALCAM,1.2332383,1.1781291
RCAN1,1.2332383,1.1781291
SNX31,1.2332383,1.1781291
HYAL1,1.2332383,1.1781291
ADRA1B,1.2332383,1.1781291
DHRS7B,1.2332383,1.1781291
UBR5,1.2332383,1.1781291
PRSS27,1.2332383,1.1781291
KLF4,1.2332383,1.1781291
DDRGK1,1.2332383,1.1781291
ATP6V0D2,1.2332383,1.1781291
SLC16A13,1.2332383,1.1781291
TMCO1,1.2332383,1.1781291
FGF17,1.2332383,1.1781291
ZBTB34,1.2332383,1.1781291
IL22RA1,1.2332383,1.1781291
BLM,1.2332383,1.1781291
PUS7L,1.2332383,1.1781291
ZNF350,1.2332383,1.1781291
UTP3,1.2332383,1.1781291
ATMIN,1.2332383,1.1781291
SNX11,1.2332383,1.1781291
SHH,1.2332383,1.1781291
MFSD4B,1.2332383,1.1781291
GUCY1A1,1.2332383,1.1781291
HTR1B,1.2332383,1.1781291
CDKL1,1.2332383,1.1781291
HSDL1,1.2332383,1.1781291
ANKUB1,1.2332383,1.1781291
ERGIC1,1.2332383,1.1781291
EFCAB3,1.2332383,1.1781291
SLC26A5,1.2332383,1.1781291
CHMP4C,1.2332383,1.1781291
MBP,1.2332383,1.1781291
FAM189A2,1.2332383,1.1781291
CPA4,1.2332383,1.1781291
BFAR,1.2332383,1.1781291
ARID3B,1.2332383,1.1781291
FOXD4L1,1.2332383,1.1781291
NAA30,1.2332383,1.1781291
PTK2,1.2332383,1.1781291
CNN2,1.2332383,1.1781291
SFTPB,1.2332383,1.1781291
GAS8,1.2332383,1.1781291
GMEB2,1.2332383,1.1781291
PRSS3,1.2332383,1.1781291
HPR,1.2332383,1.1781291
EME1,1.2332383,1.1781291
TTC23,1.2332383,1.1781291
FBXL12,1.2332383,1.1781291
TRA2B,1.2332383,1.1781291
GCNT3,1.2332383,1.1781291
CEP57L1,1.2332383,1.1781291
ATP5F1C,1.2332383,1.1781291
PYCR3,1.2332383,1.1781291
PCBP3,1.2332383,1.1781291
MUCL3,1.2332383,1.1781291
SSBP2,1.2332383,1.1781291
RFX1,1.2332383,1.1781291
RBFOX3,1.2332383,1.1781291
EDIL3,1.2332383,1.1781291
PCNX2,1.2332383,1.1781291
TGIF1,1.2332383,1.1781291
CIRBP,1.2332383,1.1781291
UGT8,1.2332383,1.1781291
C5,1.2332383,1.1781291
ABHD11,1.2332383,1.1781291
CLDN7,1.2332383,1.1781291
NUDT9,1.2332383,1.1781291
IL2RG,1.2332383,1.1781291
TADA3,1.2332383,1.1781291
ZFP37,1.2332383,1.1781291
MX2,1.2332383,1.1781291
IL21R,1.2332383,1.1781291
TRIM22,1.2332383,1.1781291
EN1,1.2332383,1.1781291
UNC5CL,1.2332383,1.1781291
C17orf75,1.2332383,1.1781291
NODAL,1.2332383,1.1781291
FBXO32,1.2332383,1.1781291
ADPRM,1.2332383,1.1781291
DNAJB4,1.2332383,1.1781291
ZNF662,1.2332383,1.1781291
MIEF2,1.2332383,1.1781291
BEND7,1.2332383,1.1781291
SMUG1,1.2332383,1.1781291
DGAT2L6,1.2332383,1.1781291
EIF4E2,1.2332383,1.1781291
CLDN3,1.2332383,1.1781291
PCMTD1,1.2332383,1.1781291
BAZ1B,1.2332383,1.1781291
CALB2,1.2332383,1.1781291
OVGP1,1.2332383,1.1781291
SS18,1.2332383,1.1781291
CPQ,1.2332383,1.1781291
IL20RA,1.2332383,1.1781291
SMYD1,1.2332383,1.1781291
SSC5D,1.2332383,1.1781291
DACT3,1.2332383,1.1781291
ZNF214,1.2332383,1.1781291
ANKRD33B,1.2332383,1.1781291
ZNF641,1.2332383,1.1781291
RNF32,1.2332383,1.1781291
FKBP6,1.2332383,1.1781291
CKAP2,1.2332383,1.1781291
HDX,1.2332383,1.1781291
CREB3L1,1.2332383,1.1781291
ATOH8,1.2332383,1.1781291
TFAM,1.2332383,1.1781291
C7orf25,1.2332383,1.1781291
RAB33B,1.2332383,1.1781291
NME7,1.2332383,1.1781291
MYF5,1.2332383,1.1781291
TOX3,1.2332383,1.1781291
MYZAP,1.2332383,1.1781291
VTI1A,1.2332383,1.1781291
PPM1F,1.2332383,1.1781291
ZNF415,1.2332383,1.1781291
PHOX2B,1.2332383,1.1781291
NAP1L4,1.2332383,1.1781291
CA9,1.2332383,1.1781291
SLC15A3,1.2332383,1.1781291
SULT4A1,1.2332383,1.1781291
FRMD5,1.2332383,1.1781291
THRAP3,1.2332383,1.1781291
SMYD3,1.2332383,1.1781291
SLC7A13,1.2332383,1.1781291
PCYOX1L,1.2332383,1.1781291
RNF144B,1.2332383,1.1781291
HERPUD2,1.2332383,1.1781291
LGMN,1.2332383,1.1781291
SKP2,1.2332383,1.1781291
ZAR1,1.2332383,1.1781291
DUSP10,1.2332383,1.1781291
SLC17A4,1.2332383,1.1781291
MS4A14,1.2332383,1.1781291
PPIE,1.2332383,1.1781291
IGSF21,1.2332383,1.1781291
LEKR1,1.2332383,1.1781291
GJB5,1.2332383,1.1781291
KDM8,1.2332383,1.1781291
CCT3,1.2332383,1.1781291
RBM4B,1.2332383,1.1781291
MARCH9,1.2332383,1.1781291
MKRN2,1.2332383,1.1781291
MIER2,1.2332383,1.1781291
TCEA1,1.2332383,1.1781291
TBXA2R,1.2332383,1.1781291
BMP10,1.2332383,1.1781291
PABPN1L,1.2332383,1.1781291
NAP1L1,1.2332383,1.1781291
LNPK,1.2332383,1.1781291
HYAL4,1.2332383,1.1781291
NMUR1,1.2332383,1.1781291
POLR1E,1.2332383,1.1781291
MYF6,1.2332383,1.1781291
PJVK,1.2332383,1.1781291
RASL10B,1.2332383,1.1781291
SLC38A2,1.2332383,1.1781291
RMI1,1.2332383,1.1781291
UGT3A2,1.2332383,1.1781291
DNAAF2,1.2332383,1.1781291
UGT2B7,1.2332383,1.1781291
ANXA4,1.2332383,1.1781291
RAD23A,1.2332383,1.1781291
PSMB4,1.2332383,1.1781291
MAP3K8,1.2332383,1.1781291
APRT,1.2332383,1.1781291
CAPZB,1.2332383,1.1781291
DLK1,1.2332383,1.1781291
CCDC65,1.2332383,1.1781291
NAPSA,1.2332383,1.1781291
DNASE1L2,1.2332383,1.1781291
ADORA2A,1.2332383,1.1781291
ZNF254,1.2332383,1.1781291
SLC25A45,1.2332383,1.1781291
PJA2,1.2332383,1.1781291
GRK1,1.2332383,1.1781291
IFIT5,1.2332383,1.1781291
CTDSP1,1.2332383,1.1781291
NUFIP2,1.2332383,1.1781291
RNLS,1.2332383,1.1781291
DGKQ,1.2332383,1.1781291
RAB4B,1.2332383,1.1781291
PSTPIP1,1.2332383,1.1781291
CACNG7,1.2332383,1.1781291
GSX2,1.2332383,1.1781291
RNF39,1.2332383,1.1781291
SLCO6A1,1.2332383,1.1781291
ZIM2,1.2332383,1.1781291
PPP2CB,1.2332383,1.1781291
TRIM50,1.2332383,1.1781291
SLC35E1,1.2332383,1.1781291
ADAM29,1.2332383,1.1781291
ZNF776,1.2332383,1.1781291
ZNF319,1.2332383,1.1781291
SFRP4,1.2332383,1.1781291
CRYBA1,1.2332383,1.1781291
LRRC24,1.2332383,1.1781291
ZNF398,1.2332383,1.1781291
ZNF30,1.2332383,1.1781291
MVB12B,1.2332383,1.1781291
DTX2,1.2332383,1.1781291
TRIM65,1.2332383,1.1781291
FAAH2,1.2332383,1.1781291
ZBTB25,1.2332383,1.1781291
CETP,1.2332383,1.1781291
SLC39A4,1.2332383,1.1781291
SLC17A3,1.2332383,1.1781291
DEDD,1.2332383,1.1781291
LRRN4,1.2332383,1.1781291
CDK5,1.2332383,1.1781291
G6PC2,1.2332383,1.1781291
APOBEC3D,1.2332383,1.1781291
SOX12,1.2332383,1.1781291
TFB1M,1.2332383,1.1781291
ADCY1,1.2332383,1.1781291
HSD17B8,1.2332383,1.1781291
LRRC23,1.2332383,1.1781291
ST3GAL5,1.2332383,1.1781291
RFC3,1.2332383,1.1781291
METTL2A,1.2332383,1.1781291
ACY3,1.2332383,1.1781291
SVOP,1.2332383,1.1781291
SLC39A13,1.2332383,1.1781291
NIPSNAP2,1.2332383,1.1781291
ROM1,1.2332383,1.1781291
RAB8A,1.2332383,1.1781291
ST8SIA5,1.2332383,1.1781291
TMEM198,1.2332383,1.1781291
RMND1,1.2332383,1.1781291
ZNF652,1.2332383,1.1781291
MAGED2,1.2332383,1.1781291
TRMT2B,1.2332383,1.1781291
VKORC1L1,1.2332383,1.1781291
GDF2,1.2332383,1.1781291
IFT57,1.2332383,1.1781291
FOXD2,1.2332383,1.1781291
TSG101,1.2332383,1.1781291
ARHGAP1,1.2332383,1.1781291
CKAP2L,1.2332383,1.1781291
POT1,1.2332383,1.1781291
OLA1,1.2332383,1.1781291
SDF2L1,1.2332383,1.1781291
NPFFR2,1.2332383,1.1781291
DNASE2B,1.2332383,1.1781291
DEGS2,1.2332383,1.1781291
KRR1,1.2332383,1.1781291
ZNF35,1.2332383,1.1781291
HAPLN2,1.2332383,1.1781291
RS1,1.2332383,1.1781291
CENPN,1.2332383,1.1781291
ZSCAN25,1.2332383,1.1781291
EFNA3,1.2332383,1.1781291
RBMS3,1.2332383,1.1781291
TESPA1,1.2332383,1.1781291
TENT5B,1.2332383,1.1781291
BTN2A2,1.2332383,1.1781291
CARNMT1,1.2332383,1.1781291
UTP11,1.2332383,1.1781291
APOA5,1.2332383,1.1781291
NDE1,1.2332383,1.1781291
SLC46A1,1.2332383,1.1781291
ZNF23,1.2332383,1.1781291
CSNK1A1,1.2332383,1.1781291
RABEPK,1.2332383,1.1781291
TBC1D32,1.2332383,1.1781291
CD5,1.2332383,1.1781291
TRABD2A,1.2332383,1.1781291
RRP8,1.2332383,1.1781291
E2F3,1.2332383,1.1781291
ABHD8,1.2332383,1.1781291
TCTE1,1.2332383,1.1781291
SPAG4,1.2332383,1.1781291
HOXB8,1.2332383,1.1781291
CLYBL,1.2332383,1.1781291
BCL6B,1.2332383,1.1781291
IGLON5,1.2332383,1.1781291
RAB5B,1.2332383,1.1781291
AASS,1.2332383,1.1781291
SFXN5,1.2332383,1.1781291
DMRTA1,1.2332383,1.1781291
CALR,1.2332383,1.1781291
CSNK1G2,1.2332383,1.1781291
DUSP4,1.2332383,1.1781291
PDIA3,1.2332383,1.1781291
PACSIN1,1.2332383,1.1781291
ANKRD33,1.2332383,1.1781291
GTF2B,1.2332383,1.1781291
NPTN,1.2332383,1.1781291
TBC1D22A,1.2332383,1.1781291
SCTR,1.2332383,1.1781291
ZDHHC3,1.2332383,1.1781291
NECAB3,1.2332383,1.1781291
SLC25A51,1.2332383,1.1781291
ARL8A,1.2332383,1.1781291
GAK,1.2332383,1.1781291
STK19,1.2332383,1.1781291
MYOZ3,1.2332383,1.1781291
ZNF540,1.2332383,1.1781291
ZNF233,1.2332383,1.1781291
POLR2F,1.2332383,1.1781291
EMC3,1.2332383,1.1781291
SHBG,1.2332383,1.1781291
WDR47,1.2332383,1.1781291
TLE6,1.2332383,1.1781291
SUPT3H,1.2332383,1.1781291
ARFIP1,1.2332383,1.1781291
SNPH,1.2332383,1.1781291
C9orf43,1.2332383,1.1781291
MAPK1,1.2332383,1.1781291
ZNF300,1.2332383,1.1781291
B3GAT2,1.2332383,1.1781291
CPA5,1.2332383,1.1781291
KDM4E,1.2332383,1.1781291
SH2D2A,1.2332383,1.1781291
ZFPL1,1.2332383,1.1781291
HOXB13,1.2332383,1.1781291
FAM83C,1.2332383,1.1781291
CYBA,1.2332383,1.1781291
ABRA,1.2332383,1.1781291
SERINC3,1.2332383,1.1781291
BACE2,1.2332383,1.1781291
KPRP,1.2332383,1.1781291
TNIP3,1.2332383,1.1781291
WDR92,1.2332383,1.1781291
OPRK1,1.2332383,1.1781291
GLMN,1.2332383,1.1781291
AGT,1.2332383,1.1781291
SMAP1,1.2332383,1.1781291
GCH1,1.2332383,1.1781291
ZSCAN21,1.2332383,1.1781291
RRAGD,1.2332383,1.1781291
USP9X,1.2332383,1.1781291
POMC,1.2332383,1.1781291
C11orf96,1.2332383,1.1781291
ADGRB1,1.2332383,1.1781291
ZNF526,1.2332383,1.1781291
SLC30A3,1.2332383,1.1781291
PRMT3,1.2332383,1.1781291
CCDC86,1.2332383,1.1781291
UBE2J1,1.2332383,1.1781291
SOX21,1.2332383,1.1781291
C8orf34,1.2332383,1.1781291
B4GALT5,1.2332383,1.1781291
CCDC137,1.2332383,1.1781291
NHLRC3,1.2332383,1.1781291
SERPINE1,1.2332383,1.1781291
CREB3L2,1.2332383,1.1781291
ST3GAL2,1.2332383,1.1781291
PCYT1B,1.2332383,1.1781291
ASB5,1.2332383,1.1781291
POU5F1B,1.2332383,1.1781291
NECAP2,1.2332383,1.1781291
RBP4,1.2332383,1.1781291
MPV17,1.2332383,1.1781291
GAS2,1.2332383,1.1781291
GABPB2,1.2332383,1.1781291
RPL18A,1.2332383,1.1781291
OGFRL1,1.2332383,1.1781291
FAM124A,1.2332383,1.1781291
COQ5,1.2332383,1.1781291
GZMB,1.2332383,1.1781291
IL23R,1.2332383,1.1781291
AGK,1.2332383,1.1781291
SLC46A2,1.2332383,1.1781291
NPHS1,1.2332383,1.1781291
PCDHB8,1.2332383,1.1781291
ZNF648,1.2332383,1.1781291
CLUAP1,1.2332383,1.1781291
KBTBD13,1.2332383,1.1781291
SLC16A2,1.2332383,1.1781291
PGGT1B,1.2332383,1.1781291
PSMD8,1.2332383,1.1781291
WIPF2,1.2332383,1.1781291
MFSD9,1.2332383,1.1781291
THOC6,1.2332383,1.1781291
EXTL2,1.2332383,1.1781291
CWC27,1.2332383,1.1781291
ADK,1.2332383,1.1781291
B4GALT6,1.2332383,1.1781291
CAP2,1.2332383,1.1781291
CERS1,1.2332383,1.1781291
LANCL1,1.2332383,1.1781291
VWA1,1.2332383,1.1781291
REEP3,1.2332383,1.1781291
DIRC2,1.2332383,1.1781291
TMOD2,1.2332383,1.1781291
GPR142,1.2332383,1.1781291
STAC,1.2332383,1.1781291
TAB1,1.2332383,1.1781291
PNMA3,1.2332383,1.1781291
GNPTG,1.2332383,1.1781291
PAQR6,1.2332383,1.1781291
C11orf49,1.2332383,1.1781291
SKAP1,1.2332383,1.1781291
TCEA2,1.2332383,1.1781291
FBXO44,1.2332383,1.1781291
GAL3ST3,1.2332383,1.1781291
SASH3,1.2332383,1.1781291
ATXN10,1.2332383,1.1781291
LACTB,1.2332383,1.1781291
SFXN1,1.2332383,1.1781291
PEX3,1.2332383,1.1781291
FBXO28,1.2332383,1.1781291
IRX1,1.2332383,1.1781291
GPR137B,1.2332383,1.1781291
ARG1,1.2332383,1.1781291
RNF219,1.2332383,1.1781291
TEX9,1.2332383,1.1781291
P4HB,1.2332383,1.1781291
ANKRD54,1.2332383,1.1781291
CDC7,1.2332383,1.1781291
LPO,1.2332383,1.1781291
TRAPPC4,1.2332383,1.1781291
ZNF836,1.2332383,1.1781291
SMS,1.2332383,1.1781291
CALCRL,1.2332383,1.1781291
TRMT11,1.2332383,1.1781291
SRSF2,1.2332383,1.1781291
IKZF3,1.2332383,1.1781291
ZKSCAN4,1.2332383,1.1781291
ZBTB22,1.2332383,1.1781291
GBGT1,1.2332383,1.1781291
TRIM58,1.2332383,1.1781291
PLOD2,1.2332383,1.1781291
KCTD8,1.2332383,1.1781291
CIAO1,1.2332383,1.1781291
AGA,1.2332383,1.1781291
ADAM2,1.2332383,1.1781291
RFC2,1.2332383,1.1781291
MBOAT4,1.2332383,1.1781291
SMYD5,1.2332383,1.1781291
ST6GALNAC6,1.2332383,1.1781291
STK17A,1.2332383,1.1781291
SLC8A1,1.2332383,1.1781291
SPATA6,1.2332383,1.1781291
RPL10L,1.2332383,1.1781291
ZNF573,1.2332383,1.1781291
FGF3,1.2332383,1.1781291
RDH11,1.2332383,1.1781291
ZNF385A,1.2332383,1.1781291
DUSP1,1.2332383,1.1781291
CUTC,1.2332383,1.1781291
SYT11,1.2332383,1.1781291
SDE2,1.2332383,1.1781291
FICD,1.2332383,1.1781291
B4GALT4,1.2332383,1.1781291
ITGA5,1.2332383,1.1781291
PPP2CA,1.2332383,1.1781291
SLC39A14,1.2332383,1.1781291
SLC16A3,1.2332383,1.1781291
FAM83F,1.2332383,1.1781291
PRKCB,1.2332383,1.1781291
CCDC120,1.2332383,1.1781291
NT5C3B,1.2332383,1.1781291
NECAB2,1.2332383,1.1781291
POU1F1,1.2332383,1.1781291
PRKACA,1.2332383,1.1781291
SIRT2,1.2332383,1.1781291
NR1H2,1.2332383,1.1781291
HSPB1,1.2332383,1.1781291
INPP5D,1.2332383,1.1781291
NSUN6,1.2332383,1.1781291
SLC16A9,1.2332383,1.1781291
AP5B1,1.2332383,1.1781291
SNX5,1.2332383,1.1781291
ECH1,1.2332383,1.1781291
MYLK2,1.2332383,1.1781291
NKX2-4,1.2332383,1.1781291
TRADD,1.2332383,1.1781291
FAM98C,1.2332383,1.1781291
HOXA5,1.2332383,1.1781291
GRSF1,1.2332383,1.1781291
NOSIP,1.2332383,1.1781291
RIOK1,1.2332383,1.1781291
PIP4P2,1.2332383,1.1781291
MROH1,1.2332383,1.1781291
GJD4,1.2332383,1.1781291
HMX2,1.2332383,1.1781291
EFCAB14,1.2332383,1.1781291
SERPING1,1.2332383,1.1781291
PROZ,1.2332383,1.1781291
FCRL4,1.2332383,1.1781291
DDI1,1.2332383,1.1781291
UGT2B10,1.2332383,1.1781291
CCDC82,1.2332383,1.1781291
PRTFDC1,1.2332383,1.1781291
ZNF671,1.2332383,1.1781291
VCAM1,1.2332383,1.1781291
SCAP,1.2332383,1.1781291
UBXN4,1.2332383,1.1781291
BTBD18,1.2332383,1.1781291
TNFRSF11B,1.2332383,1.1781291
CEP72,1.2332383,1.1781291
IRGQ,1.2332383,1.1781291
LIPA,1.2332383,1.1781291
TSN,1.2332383,1.1781291
TEKT2,1.2332383,1.1781291
ZSWIM3,1.2332383,1.1781291
FAM155A,1.2332383,1.1781291
DOCK5,1.2332383,1.1781291
FAM131A,1.2332383,1.1781291
ASRGL1,1.2332383,1.1781291
NIF3L1,1.2332383,1.1781291
FBXL7,1.2332383,1.1781291
HOXA1,1.2332383,1.1781291
KCTD13,1.2332383,1.1781291
TRIM10,1.2332383,1.1781291
GSX1,1.2332383,1.1781291
DCPS,1.2332383,1.1781291
ACOT4,1.2332383,1.1781291
KIAA1328,1.2332383,1.1781291
PLPPR5,1.2332383,1.1781291
TEDC2,1.2332383,1.1781291
TMEFF2,1.2332383,1.1781291
METTL1,1.2332383,1.1781291
HSD17B14,1.2332383,1.1781291
STAR,1.2332383,1.1781291
WWC3,1.2332383,1.1781291
CD82,1.2332383,1.1781291
PARVB,1.2332383,1.1781291
UTP18,1.2332383,1.1781291
TC2N,1.2332383,1.1781291
SLC6A17,1.2332383,1.1781291
CYP2F1,1.2332383,1.1781291
ACIN1,1.2332383,1.1781291
CRTC1,1.2332383,1.1781291
ING5,1.2332383,1.1781291
SLC41A2,1.2332383,1.1781291
XKR8,1.2332383,1.1781291
CCDC60,1.2332383,1.1781291
TAF5,1.2332383,1.1781291
BHMT,1.2332383,1.1781291
PEX16,1.2332383,1.1781291
C1QTNF1,1.2332383,1.1781291
SERPINB6,1.2332383,1.1781291
MAP6,1.2332383,1.1781291
FAM49B,1.2332383,1.1781291
FOXE1,1.2332383,1.1781291
KCNIP2,1.2332383,1.1781291
ZDHHC1,1.2332383,1.1781291
CEP78,1.2332383,1.1781291
MGME1,1.2332383,1.1781291
HOXA2,1.2332383,1.1781291
SGK494,1.2332383,1.1781291
RUSC2,1.2332383,1.1781291
RSPO2,1.2332383,1.1781291
ZBTB3,1.2332383,1.1781291
NELFA,1.2332383,1.1781291
LILRB5,1.2332383,1.1781291
DMRT3,1.2332383,1.1781291
HTR7,1.2332383,1.1781291
HYLS1,1.2332383,1.1781291
WSB2,1.2332383,1.1781291
DHRS7,1.2332383,1.1781291
TGDS,1.2332383,1.1781291
RNPEPL1,1.2332383,1.1781291
ZNF782,1.2332383,1.1781291
SLC35F6,1.2332383,1.1781291
DMRT2,1.2332383,1.1781291
HMG20B,1.2332383,1.1781291
ERG,1.2332383,1.1781291
OXTR,1.2332383,1.1781291
SLC24A5,1.2332383,1.1781291
DENND3,1.2332383,1.1781291
SLC36A1,1.2332383,1.1781291
NAMPT,1.2332383,1.1781291
HSPBAP1,1.2332383,1.1781291
SRR,1.2332383,1.1781291
CATSPER3,1.2332383,1.1781291
INHBE,1.2332383,1.1781291
ARRB1,1.2332383,1.1781291
PSKH1,1.2332383,1.1781291
FOXR1,1.2332383,1.1781291
RNF175,1.2332383,1.1781291
SLC16A4,1.2332383,1.1781291
OPHN1,1.2332383,1.1781291
TENT5A,1.2332383,1.1781291
GATA1,1.2332383,1.1781291
PLEKHO2,1.2332383,1.1781291
MIER3,1.2332383,1.1781291
REPS2,1.2332383,1.1781291
RIMKLB,1.2332383,1.1781291
TSPAN15,1.2332383,1.1781291
C1QTNF2,1.2332383,1.1781291
PLPP1,1.2332383,1.1781291
SAE1,1.2332383,1.1781291
DAW1,1.2332383,1.1781291
FEN1,1.2332383,1.1781291
STK32A,1.2332383,1.1781291
STXBP4,1.2332383,1.1781291
BTNL9,1.2332383,1.1781291
SERINC1,1.2332383,1.1781291
ASCC1,1.2332383,1.1781291
LOXHD1,1.2332383,1.1781291
G6PC3,1.2332383,1.1781291
MOB3C,1.2332383,1.1781291
ATP6V0D1,1.2332383,1.1781291
UBXN7,1.2332383,1.1781291
DRD3,1.2332383,1.1781291
DYNC1LI2,1.2332383,1.1781291
BRD1,1.2332383,1.1781291
PCDHB3,1.2332383,1.1781291
HHEX,1.2332383,1.1781291
CREB5,1.2332383,1.1781291
CELF5,1.2332383,1.1781291
NEUROD6,1.2332383,1.1781291
ENPP1,1.2332383,1.1781291
FRYL,1.2332383,1.1781291
ZNF264,1.2332383,1.1781291
SLC30A1,1.2332383,1.1781291
ST6GAL2,1.2332383,1.1781291
HAPLN1,1.2332383,1.1781291
SAMD14,1.2332383,1.1781291
ENPP4,1.2332383,1.1781291
P3H4,1.2332383,1.1781291
MAP7D3,1.2332383,1.1781291
STAC3,1.2332383,1.1781291
ZNF527,1.2332383,1.1781291
EMX1,1.2332383,1.1781291
SH3D21,1.2332383,1.1781291
RGPD4,1.2332383,1.1781291
MTCH2,1.2332383,1.1781291
CTSE,1.2332383,1.1781291
ZNF277,1.2332383,1.1781291
TRIM4,1.2332383,1.1781291
RPAP1,1.2332383,1.1781291
VHL,1.2332383,1.1781291
AZIN2,1.2332383,1.1781291
RAB11A,1.2332383,1.1781291
ARSB,1.2332383,1.1781291
TTC21B,1.2332383,1.1781291
ZNF132,1.2332383,1.1781291
TAF9,1.2332383,1.1781291
GALNTL5,1.2332383,1.1781291
B3GNT6,1.2332383,1.1781291
NXPE3,1.2332383,1.1781291
UNC93A,1.2332383,1.1781291
SPATA7,1.2332383,1.1781291
METTL22,1.2332383,1.1781291
DRGX,1.2332383,1.1781291
KIF25,1.2332383,1.1781291
GCM1,1.2332383,1.1781291
TCERG1L,1.2332383,1.1781291
RPS2,1.2332383,1.1781291
MYCL,1.2332383,1.1781291
MAN2A1,1.2332383,1.1781291
LIG1,1.2332383,1.1781291
ZNF675,1.2332383,1.1781291
APOE,1.2332383,1.1781291
NDUFA13,1.2332383,1.1781291
LINGO4,1.2332383,1.1781291
CACNG2,1.2332383,1.1781291
RASSF1,1.2332383,1.1781291
ZNF829,1.2332383,1.1781291
CDK20,1.2332383,1.1781291
POLE2,1.2332383,1.1781291
UBE2Q2,1.2332383,1.1781291
IKZF4,1.2332383,1.1781291
HOXC10,1.2332383,1.1781291
RNF2,1.2332383,1.1781291
TXNDC16,1.2332383,1.1781291
NKPD1,1.2332383,1.1781291
HSF5,1.2332383,1.1781291
VRK3,1.2332383,1.1781291
ZNF33B,1.2332383,1.1781291
HOXB1,1.2332383,1.1781291
NMNAT3,1.2332383,1.1781291
ENPP5,1.2332383,1.1781291
DAB1,1.2332383,1.1781291
GFAP,1.2332383,1.1781291
OGFOD2,1.2332383,1.1781291
CADM3,1.2332383,1.1781291
MECR,1.2332383,1.1781291
DDB2,1.2332383,1.1781291
BCKDK,1.2332383,1.1781291
PDE5A,1.2332383,1.1781291
FIBP,1.2332383,1.1781291
CELA2A,1.2332383,1.1781291
GBX1,1.2332383,1.1781291
TOR2A,1.2332383,1.1781291
RAD51D,1.2332383,1.1781291
GRWD1,1.2332383,1.1781291
SLC25A21,1.2332383,1.1781291
TBP,1.2332383,1.1781291
RAB39A,1.2332383,1.1781291
ABHD12,1.2332383,1.1781291
PRSS35,1.2332383,1.1781291
VIT,1.2332383,1.1781291
RETREG3,1.2332383,1.1781291
SPOCK1,1.2332383,1.1781291
VMP1,1.2332383,1.1781291
USP20,1.2332383,1.1781291
PLEKHA2,1.2332383,1.1781291
UST,1.2332383,1.1781291
CTSS,1.2332383,1.1781291
TUBB6,1.2332383,1.1781291
STX3,1.2332383,1.1781291
SSBP4,1.2332383,1.1781291
DRD5,1.2332383,1.1781291
HRC,1.2332383,1.1781291
KDELC2,1.2332383,1.1781291
ZNF613,1.2332383,1.1781291
C2orf78,1.2332383,1.1781291
PIGS,1.2332383,1.1781291
KLHDC9,1.2332383,1.1781291
FOXD4,1.2332383,1.1781291
CASC4,1.2332383,1.1781291
GOPC,1.2332383,1.1781291
CRELD2,1.2332383,1.1781291
C7orf31,1.2332383,1.1781291
PRDM7,1.2332383,1.1781291
NFKBIE,1.2332383,1.1781291
CYFIP1,1.2332383,1.1781291
EI24,1.2332383,1.1781291
PPM1A,1.2332383,1.1781291
ABHD2,1.2332383,1.1781291
DLX6,1.2332383,1.1781291
UFSP2,1.2332383,1.1781291
EFNB2,1.2332383,1.1781291
VRK1,1.2332383,1.1781291
ZNF471,1.2332383,1.1781291
FBXL6,1.2332383,1.1781291
NSDHL,1.2332383,1.1781291
CTD-3088G3.8,1.2332383,1.1781291
REEP2,1.2332383,1.1781291
GPR61,1.2332383,1.1781291
CNOT9,1.2332383,1.1781291
ANKRD16,1.2332383,1.1781291
METTL4,1.2332383,1.1781291
NKX6-2,1.2332383,1.1781291
EHF,1.2332383,1.1781291
CTSW,1.2332383,1.1781291
RAPGEFL1,1.2332383,1.1781291
TACR3,1.2332383,1.1781291
PPP1R15B,1.2332383,1.1781291
ZNF766,1.2332383,1.1781291
MTG2,1.2332383,1.1781291
MMP21,1.2332383,1.1781291
ATP6AP1,1.2332383,1.1781291
WDSUB1,1.2332383,1.1781291
LMAN2,1.2332383,1.1781291
UGT2A3,1.2332383,1.1781291
RP11-723O4.6,1.2332383,1.1781291
IFI16,1.2332383,1.1781291
FSD1,1.2332383,1.1781291
TRIM47,1.2332383,1.1781291
FMO2,1.2332383,1.1781291
CDC6,1.2332383,1.1781291
RNPC3,1.2332383,1.1781291
C1QTNF9B,1.2332383,1.1781291
ZNF449,1.2332383,1.1781291
GABPB1,1.2332383,1.1781291
BOC,1.2332383,1.1781291
TMCO6,1.2332383,1.1781291
RNMT,1.2332383,1.1781291
MPST,1.2332383,1.1781291
FAM92A,1.2332383,1.1781291
ATF7,1.2332383,1.1781291
PROSER3,1.2332383,1.1781291
HOXB2,1.2332383,1.1781291
FN3K,1.2332383,1.1781291
GSG1L,1.2332383,1.1781291
MRM3,1.2332383,1.1781291
ZNF324,1.2332383,1.1781291
RIT1,1.2332383,1.1781291
CYP20A1,1.2332383,1.1781291
TANK,1.2332383,1.1781291
CAMK1G,1.2332383,1.1781291
MYH11,1.2332383,1.1781291
AFM,1.2332383,1.1781291
GPN3,1.2332383,1.1781291
GPRASP2,1.2332383,1.1781291
HMCES,1.2332383,1.1781291
CSRNP2,1.2332383,1.1781291
DDX53,1.2332383,1.1781291
NAPG,1.2332383,1.1781291
SH3GLB2,1.2332383,1.1781291
ABHD3,1.2332383,1.1781291
FDPS,1.2332383,1.1781291
RPL7,1.2332383,1.1781291
CFHR4,1.2332383,1.1781291
ACTRT2,1.2332383,1.1781291
CPN1,1.2332383,1.1781291
HOMER1,1.2332383,1.1781291
FASTKD2,1.2332383,1.1781291
MCMDC2,1.2332383,1.1781291
RIBC1,1.2332383,1.1781291
DNAAF4,1.2332383,1.1781291
SIGIRR,1.2332383,1.1781291
AKAP8,1.2332383,1.1781291
ANGPTL4,1.2332383,1.1781291
UGP2,1.2332383,1.1781291
PRPS1,1.2332383,1.1781291
RFFL,1.2332383,1.1781291
ZNF746,1.2332383,1.1781291
GET4,1.2332383,1.1781291
MARCH1,1.2332383,1.1781291
KIAA1586,1.2332383,1.1781291
BBS1,1.2332383,1.1781291
MED26,1.2332383,1.1781291
TRPV6,1.2332383,1.1781291
PARP3,1.2332383,1.1781291
GPR108,1.2332383,1.1781291
CYP7A1,1.2332383,1.1781291
PITPNM3,1.2332383,1.1781291
MEX3A,1.2332383,1.1781291
SHOC2,1.2332383,1.1781291
CEP152,1.2332383,1.1781291
FAM198A,1.2332383,1.1781291
SMPD2,1.2332383,1.1781291
CPB1,1.2332383,1.1781291
PSTPIP2,1.2332383,1.1781291
TBRG1,1.2332383,1.1781291
TTLL10,1.2332383,1.1781291
KDM4D,1.2332383,1.1781291
CWC25,1.2332383,1.1781291
MUM1L1,1.2332383,1.1781291
SRSF5,1.2332383,1.1781291
TMEM237,1.2332383,1.1781291
POGK,1.2332383,1.1781291
ACBD5,1.2332383,1.1781291
WASF3,1.2332383,1.1781291
GFRA1,1.2332383,1.1781291
TMEM184C,1.2332383,1.1781291
DBT,1.2332383,1.1781291
POFUT1,1.2332383,1.1781291
ATPAF2,1.2332383,1.1781291
PDK4,1.2332383,1.1781291
MIIP,1.2332383,1.1781291
TCAIM,1.2332383,1.1781291
RAB11B,1.2332383,1.1781291
TMEM231,1.2332383,1.1781291
LGALS3BP,1.2332383,1.1781291
CAPNS1,1.2332383,1.1781291
EIF2S2,1.2332383,1.1781291
PIGW,1.2332383,1.1781291
FBXO34,1.2332383,1.1781291
ZNF567,1.2332383,1.1781291
AMDHD1,1.2332383,1.1781291
ATG4D,1.2332383,1.1781291
TNNI1,1.2332383,1.1781291
C17orf47,1.2332383,1.1781291
THBD,1.2332383,1.1781291
UTP14C,1.2332383,1.1781291
OXSM,1.2332383,1.1781291
SLX4,1.2332383,1.1781291
NIPSNAP1,1.2332383,1.1781291
LMBRD1,1.2332383,1.1781291
AMN,1.2332383,1.1781291
LRRTM1,1.2332383,1.1781291
SLC25A40,1.2332383,1.1781291
SLC25A33,1.2332383,1.1781291
PRPSAP2,1.2332383,1.1781291
NKX3-2,1.2332383,1.1781291
HTR2A,1.2332383,1.1781291
PRDM4,1.2332383,1.1781291
TMEM79,1.2332383,1.1781291
ZNF786,1.2332383,1.1781291
MTDH,1.2332383,1.1781291
TMPRSS11E,1.2332383,1.1781291
ZSCAN31,1.2332383,1.1781291
HYI,1.2332383,1.1781291
DNAJC18,1.2332383,1.1781291
MCM3AP,1.2332383,1.1781291
TRIB3,1.2332383,1.1781291
LRRD1,1.2332383,1.1781291
FAM50A,1.2332383,1.1781291
PI4K2B,1.2332383,1.1781291
CASP2,1.2332383,1.1781291
MVD,1.2332383,1.1781291
ZBED5,1.2332383,1.1781291
STK32B,1.2332383,1.1781291
NAPA,1.2332383,1.1781291
TRMT13,1.2332383,1.1781291
CES1,1.2332383,1.1781291
DAB2,1.2332383,1.1781291
ZNF808,1.2332383,1.1781291
OPN4,1.2332383,1.1781291
GPR149,1.2332383,1.1781291
FOXI1,1.2332383,1.1781291
PCDHB16,1.2332383,1.1781291
CD36,1.2332383,1.1781291
RAB6A,1.2332383,1.1781291
WIF1,1.2332383,1.1781291
RNF180,1.2332383,1.1781291
GABPA,1.2332383,1.1781291
MLIP,1.2332383,1.1781291
SYT6,1.2332383,1.1781291
HOXA10,1.2332383,1.1781291
B3GALT2,1.2332383,1.1781291
TICAM1,1.2332383,1.1781291
SLC39A5,1.2332383,1.1781291
CACNG8,1.2332383,1.1781291
NIPAL1,1.2332383,1.1781291
ZNF653,1.2332383,1.1781291
RELT,1.2332383,1.1781291
FHOD3,1.2332383,1.1781291
CCDC102B,1.2332383,1.1781291
SASS6,1.2332383,1.1781291
CHMP7,1.2332383,1.1781291
FBXO46,1.2332383,1.1781291
RPRD1B,1.2332383,1.1781291
PCDHB10,1.2332383,1.1781291
ACAT2,1.2332383,1.1781291
CARD9,1.2332383,1.1781291
B3GNTL1,1.2332383,1.1781291
MMP13,1.2332383,1.1781291
ZNF77,1.2332383,1.1781291
NDRG2,1.2332383,1.1781291
HOXB9,1.2332383,1.1781291
RAB5C,1.2332383,1.1781291
HRH3,1.2332383,1.1781291
HTR1A,1.2332383,1.1781291
FAM227B,1.2332383,1.1781291
CENPT,1.2332383,1.1781291
IP6K1,1.2332383,1.1781291
CTSH,1.2332383,1.1781291
STAG1,1.2332383,1.1781291
CRK,1.2332383,1.1781291
TACR1,1.2332383,1.1781291
KM-PA-2,1.2332383,1.1781291
HSD11B1L,1.2332383,1.1781291
FUT7,1.2332383,1.1781291
GFRA2,1.2332383,1.1781291
TMEM120B,1.2332383,1.1781291
GLYCTK,1.2332383,1.1781291
PTPN3,1.2332383,1.1781291
TFG,1.2332383,1.1781291
NLRP1,1.2332383,1.1781291
CDC25A,1.2332383,1.1781291
SH3GL2,1.2332383,1.1781291
GADL1,1.2332383,1.1781291
RSRC1,1.2332383,1.1781291
CLDN16,1.2332383,1.1781291
SEPT2,1.2332383,1.1781291
CYLD,1.2332383,1.1781291
HACD3,1.2332383,1.1781291
PIK3R6,1.2332383,1.1781291
LAG3,1.2332383,1.1781291
ZNF207,1.2332383,1.1781291
RNF170,1.2332383,1.1781291
CAGE1,1.2332383,1.1781291
ZNF672,1.2332383,1.1781291
CCDC62,1.2332383,1.1781291
RAB15,1.2332383,1.1781291
CERKL,1.2332383,1.1781291
HIF1AN,1.2332383,1.1781291
LRIT1,1.2332383,1.1781291
NBEA,1.2332383,1.1781291
SLC46A3,1.2332383,1.1781291
ZDHHC23,1.2332383,1.1781291
AURKB,1.2332383,1.1781291
GJB6,1.2332383,1.1781291
ZKSCAN3,1.2332383,1.1781291
ISLR2,1.2332383,1.1781291
PIGZ,1.2332383,1.1781291
RAB26,1.2332383,1.1781291
SLC13A5,1.2332383,1.1781291
TCP11L2,1.2332383,1.1781291
FAHD2A,1.2332383,1.1781291
RAB25,1.2332383,1.1781291
RRP36,1.2332383,1.1781291
EPHX2,1.2332383,1.1781291
METTL25,1.2332383,1.1781291
PXYLP1,1.2332383,1.1781291
AGMAT,1.2332383,1.1781291
PSMD13,1.2332383,1.1781291
STAG3,1.2332383,1.1781291
PPP1CC,1.2332383,1.1781291
SCRN2,1.2332383,1.1781291
PPP1R15A,1.2332383,1.1781291
SLC16A5,1.2332383,1.1781291
PCYOX1,1.2332383,1.1781291
DPYSL3,1.2332383,1.1781291
NTF3,1.2332383,1.1781291
PNPO,1.2332383,1.1781291
ELF2,1.2332383,1.1781291
XK,1.2332383,1.1781291
TNIP2,1.2332383,1.1781291
DLX5,1.2332383,1.1781291
AQP3,1.2332383,1.1781291
RDH10,1.2332383,1.1781291
FAM49A,1.2332383,1.1781291
ARAF,1.2332383,1.1781291
ATP9A,1.2332383,1.1781291
PASD1,1.2332383,1.1781291
ZNF582,1.2332383,1.1781291
HTATSF1,1.2332383,1.1781291
RINL,1.2332383,1.1781291
TRMT5,1.2332383,1.1781291
KIAA2012,1.2332383,1.1781291
SMC6,1.2332383,1.1781291
PIAS4,1.2332383,1.1781291
LSM14A,1.2332383,1.1781291
FSCN1,1.2332383,1.1781291
CASS4,1.2332383,1.1781291
REXO5,1.2332383,1.1781291
ZNF365,1.2332383,1.1781291
SLC16A8,1.2332383,1.1781291
HAO2,1.2332383,1.1781291
IL1RAPL2,1.2332383,1.1781291
MYOT,1.2332383,1.1781291
DCAF8L1,1.2332383,1.1781291
CLVS2,1.2332383,1.1781291
ENO4,1.2332383,1.1781291
WEE2,1.2332383,1.1781291
BHLHE23,1.2332383,1.1781291
ARHGAP40,1.2332383,1.1781291
NIPA1,1.2332383,1.1781291
MTHFSD,1.2332383,1.1781291
SYNC,1.2332383,1.1781291
GBP5,1.2332383,1.1781291
EDNRA,1.2332383,1.1781291
APOBEC3F,1.2332383,1.1781291
ZNF704,1.2332383,1.1781291
CLIC5,1.2332383,1.1781291
BAIAP2L2,1.2332383,1.1781291
UBIAD1,1.2332383,1.1781291
LRRC43,1.2332383,1.1781291
CAST,1.2332383,1.1781291
ZNF24,1.2332383,1.1781291
PRMT1,1.2332383,1.1781291
FBXO5,1.2332383,1.1781291
GBP4,1.2332383,1.1781291
ELF3,1.2332383,1.1781291
R3HCC1L,1.2332383,1.1781291
SCN1B,1.2332383,1.1781291
PLEKHB2,1.2332383,1.1781291
ZNF397,1.2332383,1.1781291
ATP6V1A,1.2332383,1.1781291
DSEL,1.2332383,1.1781291
SMOC1,1.2332383,1.1781291
SEMA6C,1.2332383,1.1781291
UCP1,1.2332383,1.1781291
GP6,1.2332383,1.1781291
ASAP2,1.2332383,1.1781291
MYD88,1.2332383,1.1781291
RBMS1,1.2332383,1.1781291
NYX,1.2332383,1.1781291
CCDC185,1.2332383,1.1781291
PITPNC1,1.2332383,1.1781291
CACNB2,1.2332383,1.1781291
LASP1,1.2332383,1.1781291
BROX,1.2332383,1.1781291
RAE1,1.2332383,1.1781291
HAPLN4,1.2332383,1.1781291
ZNF283,1.2332383,1.1781291
SHB,1.2332383,1.1781291
ANGPT4,1.2332383,1.1781291
NOC4L,1.2332383,1.1781291
STRN,1.2332383,1.1781291
TRAM1,1.2332383,1.1781291
ZNF665,1.2332383,1.1781291
TAPBPL,1.2332383,1.1781291
GJD3,1.2332383,1.1781291
EIF3E,1.2332383,1.1781291
ERICH6,1.2332383,1.1781291
LMOD3,1.2332383,1.1781291
CYP3A7,1.2332383,1.1781291
RHO,1.2332383,1.1781291
DBNL,1.2332383,1.1781291
ATP6V1D,1.2332383,1.1781291
IRAK3,1.2332383,1.1781291
FAM222B,1.2332383,1.1781291
ZNF394,1.2332383,1.1781291
UBR1,1.2332383,1.1781291
EHBP1L1,1.2332383,1.1781291
WAPL,1.2332383,1.1781291
KLHDC7B,1.2332383,1.1781291
HOXA4,1.2332383,1.1781291
HIRIP3,1.2332383,1.1781291
ZNF750,1.2332383,1.1781291
GDF7,1.2332383,1.1781291
ACP5,1.2332383,1.1781291
RHBG,1.2332383,1.1781291
PARP15,1.2332383,1.1781291
CHST10,1.2332383,1.1781291
SLC6A3,1.2332383,1.1781291
TRIM16,1.2332383,1.1781291
RSAD1,1.2332383,1.1781291
ETNK2,1.2332383,1.1781291
FCRL5,1.2332383,1.1781291
NDUFAF6,1.2332383,1.1781291
VSX1,1.2332383,1.1781291
SNRNP40,1.2332383,1.1781291
DHPS,1.2332383,1.1781291
SEPT3,1.2332383,1.1781291
NDUFAF5,1.2332383,1.1781291
MORN1,1.2332383,1.1781291
MMP11,1.2332383,1.1781291
NBEAL2,1.2332383,1.1781291
RMDN2,1.2332383,1.1781291
TSC22D2,1.2332383,1.1781291
ST6GALNAC1,1.2332383,1.1781291
CRTAP,1.2332383,1.1781291
MAP2K3,1.2332383,1.1781291
CDC123,1.2332383,1.1781291
ARAP3,1.2332383,1.1781291
SLC8A3,1.2332383,1.1781291
EYA1,1.2332383,1.1781291
RBAK,1.2332383,1.1781291
SH2B2,1.2332383,1.1781291
RIPK3,1.2332383,1.1781291
TDG,1.2332383,1.1781291
LRIG3,1.2332383,1.1781291
TRAIP,1.2332383,1.1781291
NOG,1.2332383,1.1781291
DNAJC28,1.2332383,1.1781291
CCDC155,1.2332383,1.1781291
ALLC,1.2332383,1.1781291
TRMT12,1.2332383,1.1781291
PGAM1,1.2332383,1.1781291
SBDS,1.2332383,1.1781291
SNX33,1.2332383,1.1781291
SURF1,1.2332383,1.1781291
FAM43A,1.2332383,1.1781291
TMEM184A,1.2332383,1.1781291
PSRC1,1.2332383,1.1781291
SH3GL3,1.2332383,1.1781291
DLX2,1.2332383,1.1781291
NEUROD1,1.2332383,1.1781291
SPATS2L,1.2332383,1.1781291
SQOR,1.2332383,1.1781291
RNF214,1.2332383,1.1781291
TPRA1,1.2332383,1.1781291
SLC18B1,1.2332383,1.1781291
ZACN,1.2332383,1.1781291
ILF2,1.2332383,1.1781291
AQP2,1.2332383,1.1781291
IRAK4,1.2332383,1.1781291
HTR4,1.2332383,1.1781291
M1AP,1.2332383,1.1781291
MARCH4,1.2332383,1.1781291
C6orf222,1.2332383,1.1781291
PDXK,1.2332383,1.1781291
IVL,1.2332383,1.1781291
ECI1,1.2332383,1.1781291
SLC25A36,1.2332383,1.1781291
POLD3,1.2332383,1.1781291
OSGEP,1.2332383,1.1781291
UBR7,1.2332383,1.1781291
CNST,1.2332383,1.1781291
IFRD1,1.2332383,1.1781291
GRM7,1.2332383,1.1781291
ZNF148,1.2332383,1.1781291
ZNF565,1.2332383,1.1781291
MLST8,1.2332383,1.1781291
AP3B1,1.2332383,1.1781291
ZNF614,1.2332383,1.1781291
GLT1D1,1.2332383,1.1781291
ERICH6B,1.2332383,1.1781291
PAX6,1.2332383,1.1781291
MRPL43,1.2332383,1.1781291
SLCO1A2,1.2332383,1.1781291
FOSL1,1.2332383,1.1781291
CD37,1.2332383,1.1781291
CELF1,1.2332383,1.1781291
MDH2,1.2332383,1.1781291
EPM2AIP1,1.2332383,1.1781291
RNF121,1.2332383,1.1781291
QRFPR,1.2332383,1.1781291
CPA3,1.2332383,1.1781291
ZNF607,1.2332383,1.1781291
PCDHB2,1.2332383,1.1781291
NSMCE4A,1.2332383,1.1781291
FUT1,1.2332383,1.1781291
METTL15,1.2332383,1.1781291
ANKRD34A,1.2332383,1.1781291
GRIN3A,1.2332383,1.1781291
FUT11,1.2332383,1.1781291
CLDN10,1.2332383,1.1781291
TEDC1,1.2332383,1.1781291
PACSIN3,1.2332383,1.1781291
ADRA2A,1.2332383,1.1781291
WDFY2,1.2332383,1.1781291
ZNF564,1.2332383,1.1781291
TIAL1,1.2332383,1.1781291
NDUFS3,1.2332383,1.1781291
ADRA2B,1.2332383,1.1781291
GPC3,1.2332383,1.1781291
DCK,1.2332383,1.1781291
WASF2,1.2332383,1.1781291
CRBN,1.2332383,1.1781291
FHL1,1.2332383,1.1781291
RIPK2,1.2332383,1.1781291
GPR137,1.2332383,1.1781291
CYP2C8,1.2332383,1.1781291
GAMT,1.2332383,1.1781291
MCU,1.2332383,1.1781291
CYP39A1,1.2332383,1.1781291
ZNF41,1.2332383,1.1781291
RTCA,1.2332383,1.1781291
ZNF569,1.2332383,1.1781291
SPTAN1,1.2332383,1.1781291
PTGER3,1.2332383,1.1781291
FOXK2,1.2332383,1.1781291
MXRA8,1.2332383,1.1781291
SERINC2,1.2332383,1.1781291
ZNF616,1.2332383,1.1781291
RBM46,1.2332383,1.1781291
ZDHHC6,1.2332383,1.1781291
CLCC1,1.2332383,1.1781291
NAGPA,1.2332383,1.1781291
ZNF528,1.2332383,1.1781291
MRPS30,1.2332383,1.1781291
PTBP1,1.2332383,1.1781291
FLI1,1.2332383,1.1781291
SIGLEC12,1.2332383,1.1781291
TBC1D24,1.2332383,1.1781291
PEX13,1.2332383,1.1781291
POLDIP3,1.2332383,1.1781291
SLC16A7,1.2332383,1.1781291
C17orf53,1.2332383,1.1781291
RIOK2,1.2332383,1.1781291
POLD2,1.2332383,1.1781291
FSD1L,1.2332383,1.1781291
SETD4,1.2332383,1.1781291
CTSD,1.2332383,1.1781291
LILRB3,1.2332383,1.1781291
RAVER1,1.2332383,1.1781291
CCDC141,1.2332383,1.1781291
CHADL,1.2332383,1.1781291
AUH,1.2332383,1.1781291
SLC16A10,1.2332383,1.1781291
SLC28A2,1.2332383,1.1781291
SLC22A10,1.2332383,1.1781291
VPS26B,1.2332383,1.1781291
ITGAL,1.2332383,1.1781291
CHST12,1.2332383,1.1781291
CREB1,1.2332383,1.1781291
TBCB,1.2332383,1.1781291
ADRA1D,1.2332383,1.1781291
YTHDF2,1.2332383,1.1781291
NUDC,1.2332383,1.1781291
KIAA0391,1.2332383,1.1781291
SPOP,1.2332383,1.1781291
MYBPC3,1.2332383,1.1781291
LRRIQ3,1.2332383,1.1781291
ACCSL,1.2332383,1.1781291
CYP3A4,1.2332383,1.1781291
ABLIM3,1.2332383,1.1781291
HRH1,1.2332383,1.1781291
LOXL2,1.2332383,1.1781291
CRYBB1,1.2332383,1.1781291
PRKCE,1.2332383,1.1781291
WNT8A,1.2332383,1.1781291
PRPH2,1.2332383,1.1781291
TMX3,1.2332383,1.1781291
RBM4,1.2332383,1.1781291
CARF,1.2332383,1.1781291
TOX4,1.2332383,1.1781291
EXOSC4,1.2332383,1.1781291
MGAT4C,1.2332383,1.1781291
BAG4,1.2332383,1.1781291
SLC25A4,1.2332383,1.1781291
COL23A1,1.2332383,1.1781291
MNS1,1.2332383,1.1781291
KSR1,1.2332383,1.1781291
RGP1,1.2332383,1.1781291
NUP43,1.2332383,1.1781291
NKX6-1,1.2332383,1.1781291
RBMXL1,1.2332383,1.1781291
CCDC51,1.2332383,1.1781291
PRSS33,1.2332383,1.1781291
ZNF225,1.2332383,1.1781291
SLC25A32,1.2332383,1.1781291
MNX1,1.2332383,1.1781291
ETNK1,1.2332383,1.1781291
NIT2,1.2332383,1.1781291
DGAT2,1.2332383,1.1781291
TRAFD1,1.2332383,1.1781291
GIT2,1.2332383,1.1781291
SS18L1,1.2332383,1.1781291
CLVS1,1.2332383,1.1781291
RASSF5,1.2332383,1.1781291
TCFL5,1.2332383,1.1781291
CDK11A,1.2332383,1.1781291
BMT2,1.2332383,1.1781291
ELANE,1.2332383,1.1781291
HNRNPA2B1,1.2332383,1.1781291
AK2,1.2332383,1.1781291
CCDC85A,1.2332383,1.1781291
HOXA6,1.2332383,1.1781291
SERPINF1,1.2332383,1.1781291
ZNF84,1.2332383,1.1781291
ASCL1,1.2332383,1.1781291
CCDC7,1.2332383,1.1781291
FDXACB1,1.2332383,1.1781291
B3GAT3,1.2332383,1.1781291
ACMSD,1.2332383,1.1781291
TENT4A,1.2332383,1.1781291
PELI1,1.2332383,1.1781291
CCDC148,1.2332383,1.1781291
DAPK3,1.2332383,1.1781291
TMEM39A,1.2332383,1.1781291
HSD17B10,1.2332383,1.1781291
DMC1,1.2332383,1.1781291
ERLIN1,1.2332383,1.1781291
EGLN2,1.2332383,1.1781291
NTN5,1.2332383,1.1781291
CLIC6,1.2332383,1.1781291
GC,1.2332383,1.1781291
ACP2,1.2332383,1.1781291
PPME1,1.2332383,1.1781291
SRRM3,1.2332383,1.1781291
ZSCAN2,1.2332383,1.1781291
CDK14,1.2332383,1.1781291
KMO,1.2332383,1.1781291
ASPG,1.2332383,1.1781291
VRK2,1.2332383,1.1781291
ZNF774,1.2332383,1.1781291
SH2D4B,1.2332383,1.1781291
LTN1,1.2332383,1.1781291
LARP7,1.2332383,1.1781291
PEX12,1.2332383,1.1781291
LBX2,1.2332383,1.1781291
HOXD10,1.2332383,1.1781291
NSUN7,1.2332383,1.1781291
NAB1,1.2332383,1.1781291
EMILIN3,1.2332383,1.1781291
ZBTB42,1.2332383,1.1781291
KRT20,1.2332383,1.1781291
TEAD4,1.2332383,1.1781291
UCHL5,1.2332383,1.1781291
PDZD7,1.2332383,1.1781291
PNPLA1,1.2332383,1.1781291
NCOA2,1.2332383,1.1781291
ZBTB8A,1.2332383,1.1781291
SLC1A4,1.2332383,1.1781291
NRL,1.2332383,1.1781291
NOSTRIN,1.2332383,1.1781291
RPIA,1.2332383,1.1781291
HOXC13,1.2332383,1.1781291
STK24,1.2332383,1.1781291
VIRMA,1.2332383,1.1781291
KLK11,1.2332383,1.1781291
CHST13,1.2332383,1.1781291
MEX3D,1.2332383,1.1781291
DYNC1LI1,1.2332383,1.1781291
RPL10,1.2332383,1.1781291
HOMER3,1.2332383,1.1781291
ABCD2,1.2332383,1.1781291
VRTN,1.2332383,1.1781291
MKKS,1.2332383,1.1781291
CARS2,1.2332383,1.1781291
CPPED1,1.2332383,1.1781291
SPRYD3,1.2332383,1.1781291
ELFN2,1.2332383,1.1781291
POU4F1,1.2332383,1.1781291
CDK6,1.2332383,1.1781291
FBLIM1,1.2332383,1.1781291
LRRC40,1.2332383,1.1781291
KLHDC1,1.2332383,1.1781291
LOX,1.2332383,1.1781291
PBXIP1,1.2332383,1.1781291
FBXW4,1.2332383,1.1781291
NEK7,1.2332383,1.1781291
KIN,1.2332383,1.1781291
SGCB,1.2332383,1.1781291
WIPI1,1.2332383,1.1781291
ZNF334,1.2332383,1.1781291
FMO3,1.2332383,1.1781291
HMX1,1.2332383,1.1781291
WDR5,1.2332383,1.1781291
CCDC110,1.2332383,1.1781291
ZNF189,1.2332383,1.1781291
UCP3,1.2332383,1.1781291
CTU2,1.2332383,1.1781291
PCDHB14,1.2332383,1.1781291
RRN3,1.2332383,1.1781291
PKMYT1,1.2332383,1.1781291
ITGAM,1.2332383,1.1781291
PREB,1.2332383,1.1781291
TOE1,1.2332383,1.1781291
CYP19A1,1.2332383,1.1781291
SERINC4,1.2332383,1.1781291
CREBRF,1.2332383,1.1781291
CFAP47,1.2332383,1.1781291
ASAP1,1.2332383,1.1781291
KRT86,1.2332383,1.1781291
NFYA,1.2332383,1.1781291
ZNF470,1.2332383,1.1781291
EPM2A,1.2332383,1.1781291
STOM,1.2332383,1.1781291
MSX1,1.2332383,1.1781291
COPS5,1.2332383,1.1781291
LSM14B,1.2332383,1.1781291
CBLL1,1.2332383,1.1781291
HLX,1.2332383,1.1781291
ERLIN2,1.2332383,1.1781291
IGSF11,1.2332383,1.1781291
DNAJB12,1.2332383,1.1781291
KIF24,1.2332383,1.1781291
ARL6IP4,1.2332383,1.1781291
APEX2,1.2332383,1.1781291
FBP1,1.2332383,1.1781291
VSIG10L,1.2332383,1.1781291
ASB10,1.2332383,1.1781291
CYP2B6,1.2332383,1.1781291
ZNF816,1.2332383,1.1781291
ORC4,1.2332383,1.1781291
TNNI3,1.2332383,1.1781291
ZNF347,1.2332383,1.1781291
ELOVL5,1.2332383,1.1781291
CRYL1,1.2332383,1.1781291
PHOX2A,1.2332383,1.1781291
HOXA9,1.2332383,1.1781291
PTOV1,1.2332383,1.1781291
PRMT8,1.2332383,1.1781291
CLCNKA,1.2332383,1.1781291
RRP1,1.2332383,1.1781291
GNL3,1.2332383,1.1781291
ADGRF2,1.2332383,1.1781291
FOXB2,1.2332383,1.1781291
CASQ2,1.2332383,1.1781291
ZNF442,1.2332383,1.1781291
DCP2,1.2332383,1.1781291
DLX1,1.2332383,1.1781291
MAGEC3,1.2332383,1.1781291
RAB36,1.2332383,1.1781291
SRSF1,1.2332383,1.1781291
PPP4C,1.2332383,1.1781291
TMEM68,1.2332383,1.1781291
LRRC6,1.2332383,1.1781291
PPP1CB,1.2332383,1.1781291
KRT38,1.2332383,1.1781291
TRAF3IP2,1.2332383,1.1781291
ELP4,1.2332383,1.1781291
ZNF317,1.2332383,1.1781291
KRT40,1.2332383,1.1781291
CYP3A5,1.2332383,1.1781291
EIF3I,1.2332383,1.1781291
UPRT,1.2332383,1.1781291
FAM227A,1.2332383,1.1781291
PTPA,1.2332383,1.1781291
PPP1CA,1.2332383,1.1781291
PNPLA5,1.2332383,1.1781291
RRM1,1.2332383,1.1781291
CHD5,1.2332383,1.1781291
SMPDL3A,1.2332383,1.1781291
SCEL,1.2332383,1.1781291
CYP2E1,1.2332383,1.1781291
CTRC,1.2332383,1.1781291
SLC16A14,1.2332383,1.1781291
ZNF281,1.2332383,1.1781291
ZCCHC14,1.2332383,1.1781291
SHC3,1.2332383,1.1781291
ENTPD5,1.2332383,1.1781291
TP53BP2,1.2332383,1.1781291
SEPT12,1.2332383,1.1781291
RAD54B,1.2332383,1.1781291
BAIAP2,1.2332383,1.1781291
FLVCR2,1.2332383,1.1781291
PPM1B,1.2332383,1.1781291
RGS12,1.2332383,1.1781291
ISM1,1.2332383,1.1781291
ASPSCR1,1.2332383,1.1781291
CCDC78,1.2332383,1.1781291
GGA2,1.2332383,1.1781291
PRSS56,1.2332383,1.1781291
C1QTNF4,1.2332383,1.1781291
SLC25A17,1.2332383,1.1781291
CEP55,1.2332383,1.1781291
ZNF426,1.2332383,1.1781291
ZGPAT,1.2332383,1.1781291
SMTNL2,1.2332383,1.1781291
TTLL8,1.2332383,1.1781291
KDM5C,1.2332383,1.1781291
PLEKHM3,1.2332383,1.1781291
BAZ1A,1.2332383,1.1781291
HNRNPH1,1.2332383,1.1781291
ADIPOR2,1.2332383,1.1781291
ADGRB2,1.2332383,1.1781291
PSAT1,1.2332383,1.1781291
DNAJB14,1.2332383,1.1781291
ISPD,1.2332383,1.1781291
ZNF48,1.2332383,1.1781291
ZDHHC7,1.2332383,1.1781291
MAPK14,1.2332383,1.1781291
RASGEF1A,1.2332383,1.1781291
FGF13,1.2332383,1.1781291
TYMS,1.2332383,1.1781291
ORC2,1.2332383,1.1781291
CDK2,1.2332383,1.1781291
ADGRE3,1.2332383,1.1781291
ENDOV,1.2332383,1.1781291
ROS1,1.2332383,1.1781291
ARSG,1.2332383,1.1781291
ATG4C,1.2332383,1.1781291
GPM6A,1.2332383,1.1781291
PLEKHD1,1.2332383,1.1781291
BDNF,1.2332383,1.1781291
KIAA1211L,1.2332383,1.1781291
IL18RAP,1.2332383,1.1781291
LY9,1.2332383,1.1781291
MAEL,1.2332383,1.1781291
ATP11C,1.2332383,1.1781291
ZFP82,1.2332383,1.1781291
DLST,1.2332383,1.1781291
FRMD1,1.2332383,1.1781291
TTLL11,1.2332383,1.1781291
OXA1L,1.2332383,1.1781291
CCDC17,1.2332383,1.1781291
SLC35C2,1.2332383,1.1781291
GYG1,1.2332383,1.1781291
IL2RB,1.2332383,1.1781291
C4BPA,1.2332383,1.1781291
FAM71E2,1.2332383,1.1781291
TIMM50,1.2332383,1.1781291
C5orf34,1.2332383,1.1781291
ZNF770,1.2332383,1.1781291
TRAF4,1.2332383,1.1781291
CNGA2,1.2332383,1.1781291
ZNF518B,1.2332383,1.1781291
PAPOLB,1.2332383,1.1781291
LSS,1.2332383,1.1781291
TMEM181,1.2332383,1.1781291
NOCT,1.2332383,1.1781291
TFEC,1.2332383,1.1781291
RBMXL2,1.2332383,1.1781291
HMMR,1.2332383,1.1781291
ZNF563,1.2332383,1.1781291
TMCC3,1.2332383,1.1781291
CNP,1.2332383,1.1781291
ADGRF4,1.2332383,1.1781291
RNF168,1.2332383,1.1781291
FOXA1,1.2332383,1.1781291
SOX18,1.2332383,1.1781291
ZNF839,1.2332383,1.1781291
RNFT2,1.2332383,1.1781291
ADGRL4,1.2332383,1.1781291
MYNN,1.2332383,1.1781291
GPATCH2,1.2332383,1.1781291
KLK8,1.2332383,1.1781291
IRX2,1.2332383,1.1781291
SPNS1,1.2332383,1.1781291
TTYH3,1.2332383,1.1781291
SOX14,1.2332383,1.1781291
SP1,1.2332383,1.1781291
HNRNPH3,1.2332383,1.1781291
GNB3,1.2332383,1.1781291
PRB2,1.2332383,1.1781291
ZNF236,1.2332383,1.1781291
NDEL1,1.2332383,1.1781291
RASD1,1.2332383,1.1781291
SUN5,1.2332383,1.1781291
B4GALNT2,1.2332383,1.1781291
ANXA7,1.2332383,1.1781291
INHBB,1.2332383,1.1781291
HSD17B6,1.2332383,1.1781291
DNAJC25,1.2332383,1.1781291
E2F4,1.2332383,1.1781291
ZNF384,1.2332383,1.1781291
NARF,1.2332383,1.1781291
CWF19L1,1.2332383,1.1781291
DLK2,1.2332383,1.1781291
YTHDF1,1.2332383,1.1781291
HOXD13,1.2332383,1.1781291
MSI2,1.2332383,1.1781291
EN2,1.2332383,1.1781291
LHX8,1.2332383,1.1781291
ADGRG7,1.2332383,1.1781291
ZNF880,1.2332383,1.1781291
CYR61,1.2332383,1.1781291
RABEP2,1.2332383,1.1781291
CALR3,1.2332383,1.1781291
TRIM7,1.2332383,1.1781291
MAP2K4,1.2332383,1.1781291
SLTM,1.2332383,1.1781291
PRIMPOL,1.2332383,1.1781291
ZNF221,1.2332383,1.1781291
CATSPERE,1.2332383,1.1781291
TUSC3,1.2332383,1.1781291
ZSCAN32,1.2332383,1.1781291
TRPM6,1.2332383,1.1781291
RDH13,1.2332383,1.1781291
CR1L,1.2332383,1.1781291
MRPL37,1.2332383,1.1781291
CXADR,1.2332383,1.1781291
HS3ST4,1.2332383,1.1781291
PLPP4,1.2332383,1.1781291
PGBD1,1.2332383,1.1781291
EIF2AK3,1.2332383,1.1781291
HS3ST6,1.2332383,1.1781291
HTR2B,1.2332383,1.1781291
PHF6,1.2332383,1.1781291
NECTIN4,1.2332383,1.1781291
ZNF175,1.2332383,1.1781291
ACTL9,1.2332383,1.1781291
PNCK,1.2332383,1.1781291
TK2,1.2332383,1.1781291
SLC25A18,1.2332383,1.1781291
CHMP1A,1.2332383,1.1781291
UBA5,1.2332383,1.1781291
GOLPH3L,1.2332383,1.1781291
SPAG8,1.2332383,1.1781291
WSB1,1.2332383,1.1781291
GXYLT2,1.2332383,1.1781291
TBKBP1,1.2332383,1.1781291
FNTA,1.2332383,1.1781291
SLC38A4,1.2332383,1.1781291
PRG4,1.2332383,1.1781291
ZNF433,1.2332383,1.1781291
RGPD3,1.2332383,1.1781291
ZNF446,1.2332383,1.1781291
DMKN,1.2332383,1.1781291
CRTC3,1.2332383,1.1781291
PAICS,1.2332383,1.1781291
SP140L,1.2332383,1.1781291
ZNF530,1.2332383,1.1781291
AMACR,1.2332383,1.1781291
MAPRE2,1.2332383,1.1781291
PEX7,1.2332383,1.1781291
NKD2,1.2332383,1.1781291
NPAS4,1.2332383,1.1781291
ATAD3B,1.2332383,1.1781291
PPP2R2A,1.2332383,1.1781291
LAMB4,1.2332383,1.1781291
SOBP,1.2332383,1.1781291
RNASEL,1.2332383,1.1781291
BUB3,1.2332383,1.1781291
PTPN18,1.2332383,1.1781291
RMDN3,1.2332383,1.1781291
PSIP1,1.2332383,1.1781291
ZNF182,1.2332383,1.1781291
WASF1,1.2332383,1.1781291
DHRS11,1.2332383,1.1781291
ARL13B,1.2332383,1.1781291
NMD3,1.2332383,1.1781291
ARG2,1.2332383,1.1781291
GJB1,1.2332383,1.1781291
PRRG3,1.2332383,1.1781291
PDP1,1.2332383,1.1781291
ADRA1A,1.2332383,1.1781291
EIF4A2,1.2332383,1.1781291
GPATCH8,1.2332383,1.1781291
LRRTM4,1.2332383,1.1781291
RTL9,1.2332383,1.1781291
RBM17,1.2332383,1.1781291
FAM171A2,1.2332383,1.1781291
SLC52A3,1.2332383,1.1781291
DTX3L,1.2332383,1.1781291
NSUN4,1.2332383,1.1781291
ERLEC1,1.2332383,1.1781291
PGAM2,1.2332383,1.1781291
ARNTL2,1.2332383,1.1781291
MDH1,1.2332383,1.1781291
GNAT3,1.2332383,1.1781291
SCML2,1.2332383,1.1781291
CCNA1,1.2332383,1.1781291
KRT74,1.2332383,1.1781291
NEDD1,1.2332383,1.1781291
G6PC,1.2332383,1.1781291
PRSS16,1.2332383,1.1781291
AP3M1,1.2332383,1.1781291
POC1A,1.2332383,1.1781291
ZNF778,1.2332383,1.1781291
SLC7A14,1.2332383,1.1781291
UGCG,1.2332383,1.1781291
GZF1,1.2332383,1.1781291
FYB1,1.2332383,1.1781291
HIVEP2,1.2332383,1.1781291
SLC25A14,1.2332383,1.1781291
RABGEF1,1.2332383,1.1781291
ZNF777,1.2332383,1.1781291
CNNM3,1.2332383,1.1781291
QTRT2,1.2332383,1.1781291
DHRS3,1.2332383,1.1781291
CDCA7,1.2332383,1.1781291
SNX17,1.2332383,1.1781291
SGK2,1.2332383,1.1781291
ZNF700,1.2332383,1.1781291
TDP2,1.2332383,1.1781291
ZMYM5,1.2332383,1.1781291
FAAP100,1.2332383,1.1781291
UCK1,1.2332383,1.1781291
CPB2,1.2332383,1.1781291
KLHDC4,1.2332383,1.1781291
FAM135A,1.2332383,1.1781291
LIPK,1.2332383,1.1781291
ALX1,1.2332383,1.1781291
C17orf50,1.2332383,1.1781291
BCAT2,1.2332383,1.1781291
MPG,1.2332383,1.1781291
FBXO7,1.2332383,1.1781291
MTMR9,1.2332383,1.1781291
PCOLCE2,1.2332383,1.1781291
HOXB5,1.2332383,1.1781291
BAIAP2L1,1.2332383,1.1781291
ASTE1,1.2332383,1.1781291
WIPI2,1.2332383,1.1781291
CLDN18,1.2332383,1.1781291
ZNF7,1.2332383,1.1781291
NAAA,1.2332383,1.1781291
PADI3,1.2332383,1.1781291
RSAD2,1.2332383,1.1781291
VASN,1.2332383,1.1781291
ZIC4,1.2332383,1.1781291
GPATCH3,1.2332383,1.1781291
ZNF274,1.2332383,1.1781291
NDUFS8,1.2332383,1.1781291
ARHGAP19,1.2332383,1.1781291
WDR12,1.2332383,1.1781291
SLC25A34,1.2332383,1.1781291
UQCC1,1.2332383,1.1781291
SHPK,1.2332383,1.1781291
MDM2,1.2332383,1.1781291
SLC17A2,1.2332383,1.1781291
CD2AP,1.2332383,1.1781291
HOXC4,1.2332383,1.1781291
SUGP1,1.2332383,1.1781291
GCC1,1.2332383,1.1781291
BARHL2,1.2332383,1.1781291
SNTG2,1.2332383,1.1781291
NEIL1,1.2332383,1.1781291
ZNF169,1.2332383,1.1781291
LIPM,1.2332383,1.1781291
SGMS2,1.2332383,1.1781291
CLMP,1.2332383,1.1781291
ASAH1,1.2332383,1.1781291
LRRC8E,1.2332383,1.1781291
CA11,1.2332383,1.1781291
BBS9,1.2332383,1.1781291
ARID3A,1.2332383,1.1781291
SOCS4,1.2332383,1.1781291
RBBP7,1.2332383,1.1781291
BEST2,1.2332383,1.1781291
B4GALNT4,1.2332383,1.1781291
RPS6KB2,1.2332383,1.1781291
DCLK3,1.2332383,1.1781291
PTF1A,1.2332383,1.1781291
CDH6,1.2332383,1.1781291
PDX1,1.2332383,1.1781291
CDHR5,1.2332383,1.1781291
DHRS1,1.2332383,1.1781291
CYP2S1,1.2332383,1.1781291
BECN1,1.2332383,1.1781291
C16orf58,1.2332383,1.1781291
ADAM30,1.2332383,1.1781291
GBP2,1.2332383,1.1781291
TMPRSS4,1.2332383,1.1781291
GLIS1,1.2332383,1.1781291
FBXW9,1.2332383,1.1781291
DDIAS,1.2332383,1.1781291
MAPKAPK2,1.2332383,1.1781291
DYRK4,1.2332383,1.1781291
COPS4,1.2332383,1.1781291
HPSE,1.2332383,1.1781291
PPP2R2C,1.2332383,1.1781291
RANGAP1,1.2332383,1.1781291
NEU2,1.2332383,1.1781291
NNT,1.2332383,1.1781291
LDHA,1.2332383,1.1781291
EXOSC9,1.2332383,1.1781291
ATP6V1C2,1.2332383,1.1781291
CCDC151,1.2332383,1.1781291
MSL1,1.2332383,1.1781291
NPRL2,1.2332383,1.1781291
BZW2,1.2332383,1.1781291
FANCG,1.2332383,1.1781291
ARMC9,1.2332383,1.1781291
CDK5R2,1.2332383,1.1781291
DZIP1L,1.2332383,1.1781291
SLC17A5,1.2332383,1.1781291
RLBP1,1.2332383,1.1781291
MESP2,1.2332383,1.1781291
TOLLIP,1.2332383,1.1781291
ADAMTS6,1.2332383,1.1781291
MICALCL,1.2332383,1.1781291
HACL1,1.2332383,1.1781291
CFHR5,1.2332383,1.1781291
GPR22,1.2332383,1.1781291
KIAA1147,1.2332383,1.1781291
RAB3IP,1.2332383,1.1781291
RBM44,1.2332383,1.1781291
RAB40C,1.2332383,1.1781291
SEH1L,1.2332383,1.1781291
DNAJA1,1.2332383,1.1781291
CATSPERD,1.2332383,1.1781291
HOXC12,1.2332383,1.1781291
OGFOD1,1.2332383,1.1781291
CASP10,1.2332383,1.1781291
OLFM4,1.2332383,1.1781291
SHROOM1,1.2332383,1.1781291
IBA57,1.2332383,1.1781291
EMX2,1.2332383,1.1781291
ZNF484,1.2332383,1.1781291
BPIFB4,1.2332383,1.1781291
DNAJB11,1.2332383,1.1781291
PCDHGA4,1.2332383,1.1781291
RBFOX2,1.2332383,1.1781291
LMOD1,1.2332383,1.1781291
WFIKKN1,1.2332383,1.1781291
TMEM168,1.2332383,1.1781291
ZNF354B,1.2332383,1.1781291
RRAD,1.2332383,1.1781291
HMGCLL1,1.2332383,1.1781291
GPR162,1.2332383,1.1781291
FAM234A,1.2332383,1.1781291
MAGED1,1.2332383,1.1781291
WDR3,1.2332383,1.1781291
ICA1L,1.2332383,1.1781291
TRMT10A,1.2332383,1.1781291
PLA2G4C,1.2332383,1.1781291
CAMKV,1.2332383,1.1781291
SLC27A6,1.2332383,1.1781291
DENND2D,1.2332383,1.1781291
CEP170,1.2332383,1.1781291
GPRC5C,1.2332383,1.1781291
CAMK1,1.2332383,1.1781291
FBP2,1.2332383,1.1781291
ZNF267,1.2332383,1.1781291
HADHA,1.2332383,1.1781291
MIOX,1.2332383,1.1781291
ZNF627,1.2332383,1.1781291
ZNF12,1.2332383,1.1781291
RAB34,1.2332383,1.1781291
BCLAF3,1.2332383,1.1781291
MRPL4,1.2332383,1.1781291
THRA,1.2332383,1.1781291
IGFALS,1.2332383,1.1781291
RNF44,1.2332383,1.1781291
TTI2,1.2332383,1.1781291
EXOC3,1.2332383,1.1781291
ATXN1L,1.2332383,1.1781291
PIGA,1.2332383,1.1781291
TMEM183A,1.2332383,1.1781291
TCP11L1,1.2332383,1.1781291
ZIC1,1.2332383,1.1781291
HAT1,1.2332383,1.1781291
GABRR2,1.2332383,1.1781291
STUB1,1.2332383,1.1781291
SLC5A1,1.2332383,1.1781291
ARFGAP3,1.2332383,1.1781291
SLC35F3,1.2332383,1.1781291
NSMF,1.2332383,1.1781291
TRIM42,1.2332383,1.1781291
GAS2L3,1.2332383,1.1781291
SLC41A3,1.2332383,1.1781291
TAMM41,1.2332383,1.1781291
FAM8A1,1.2332383,1.1781291
ARPC1B,1.2332383,1.1781291
XRRA1,1.2332383,1.1781291
PLPP2,1.2332383,1.1781291
PRKCZ,1.2332383,1.1781291
RET,1.2332383,1.1781291
LIMS1,1.2332383,1.1781291
DNAJA4,1.2332383,1.1781291
AGO2,1.2332383,1.1781291
GALNT8,1.2332383,1.1781291
MBTPS2,1.2332383,1.1781291
CLN5,1.2332383,1.1781291
CLEC11A,1.2332383,1.1781291
CYB5RL,1.2332383,1.1781291
PGK2,1.2332383,1.1781291
PRKAR2B,1.2332383,1.1781291
SLC25A48,1.2332383,1.1781291
A2ML1,1.2332383,1.1781291
FASTK,1.2332383,1.1781291
CXorf57,1.2332383,1.1781291
DOK3,1.2332383,1.1781291
CCDC61,1.2332383,1.1781291
SDCCAG8,1.2332383,1.1781291
CEP63,1.2332383,1.1781291
CCDC9B,1.2332383,1.1781291
RMND5B,1.2332383,1.1781291
ZNF570,1.2332383,1.1781291
MDM4,1.2332383,1.1781291
UPF3A,1.2332383,1.1781291
ZNF202,1.2332383,1.1781291
KRT78,1.2332383,1.1781291
PRRX1,1.2332383,1.1781291
YBX2,1.2332383,1.1781291
TRIM68,1.2332383,1.1781291
CABLES1,1.2332383,1.1781291
PAK2,1.2332383,1.1781291
PPM1E,1.2332383,1.1781291
CCDC154,1.2332383,1.1781291
ATRIP,1.2332383,1.1781291
PABPC3,1.2332383,1.1781291
RGS11,1.2332383,1.1781291
ALDH3B2,1.2332383,1.1781291
PTPRZ1,1.2332383,1.1781291
GPR75-ASB3,1.2332383,1.1781291
SPATA21,1.2332383,1.1781291
NOL11,1.2332383,1.1781291
E4F1,1.2332383,1.1781291
GAREM2,1.2332383,1.1781291
GIPC1,1.2332383,1.1781291
ZFYVE16,1.2332383,1.1781291
STON2,1.2332383,1.1781291
PCDHB6,1.2332383,1.1781291
C2CD2L,1.2332383,1.1781291
CDS2,1.2332383,1.1781291
RIC8A,1.2332383,1.1781291
SNTG1,1.2332383,1.1781291
FBXL17,1.2332383,1.1781291
ACR,1.2332383,1.1781291
ACBD4,1.2332383,1.1781291
DCLK2,1.2332383,1.1781291
RCOR1,1.2332383,1.1781291
RBM26,1.2332383,1.1781291
PLD3,1.2332383,1.1781291
PLPPR3,1.2332383,1.1781291
PPP1R18,1.2332383,1.1781291
ACACB,1.2332383,1.1781291
PNPLA3,1.2332383,1.1781291
GRHL3,1.2332383,1.1781291
HSD3B1,1.2332383,1.1781291
FKBP5,1.2332383,1.1781291
CFAP206,1.2332383,1.1781291
PARP9,1.2332383,1.1781291
ADAP2,1.2332383,1.1781291
TMEM131,1.2332383,1.1781291
ABCG1,1.2332383,1.1781291
GAS7,1.2332383,1.1781291
DNMBP,1.2332383,1.1781291
BCAM,1.2332383,1.1781291
CCDC102A,1.2332383,1.1781291
HSD11B2,1.2332383,1.1781291
DGKB,1.2332383,1.1781291
NPSR1,1.2332383,1.1781291
CSGALNACT1,1.2332383,1.1781291
LRRN2,1.2332383,1.1781291
PEX10,1.2332383,1.1781291
HIPK4,1.2332383,1.1781291
CPNE8,1.2332383,1.1781291
IKZF2,1.2332383,1.1781291
COPS3,1.2332383,1.1781291
LILRB1,1.2332383,1.1781291
PHYKPL,1.2332383,1.1781291
DDX39A,1.2332383,1.1781291
GABRE,1.2332383,1.1781291
MYLIP,1.2332383,1.1781291
SYT14,1.2332383,1.1781291
CYTH3,1.2332383,1.1781291
RAB3IL1,1.2332383,1.1781291
PROX2,1.2332383,1.1781291
CCNB2,1.2332383,1.1781291
ACTL7B,1.2332383,1.1781291
VLDLR,1.2332383,1.1781291
CDC25B,1.2332383,1.1781291
NSRP1,1.2332383,1.1781291
NDUFB9,1.2332383,1.1781291
SLC41A1,1.2332383,1.1781291
MAP3K10,1.2332383,1.1781291
THADA,1.2332383,1.1781291
CSE1L,1.2332383,1.1781291
EIF2S3,1.2332383,1.1781291
RASGRF1,1.2332383,1.1781291
GPC6,1.2332383,1.1781291
EFNB1,1.2332383,1.1781291
SLAIN2,1.2332383,1.1781291
LRRC8B,1.2332383,1.1781291
NEMP1,1.2332383,1.1781291
CTSK,1.2332383,1.1781291
TMOD4,1.2332383,1.1781291
LBX1,1.2332383,1.1781291
TSEN2,1.2332383,1.1781291
IFT140,1.2332383,1.1781291
RAP1GDS1,1.2332383,1.1781291
PCDHB1,1.2332383,1.1781291
DACH1,1.2332383,1.1781291
PDLIM2,1.2332383,1.1781291
CASP7,1.2332383,1.1781291
TAGAP,1.2332383,1.1781291
SLC43A3,1.2332383,1.1781291
BANP,1.2332383,1.1781291
LMBR1L,1.2332383,1.1781291
HIF3A,1.2332383,1.1781291
NDRG1,1.2332383,1.1781291
FAM189B,1.2332383,1.1781291
CHST11,1.2332383,1.1781291
ATF2,1.2332383,1.1781291
USP3,1.2332383,1.1781291
HNRNPA0,1.2332383,1.1781291
POGLUT1,1.2332383,1.1781291
ZXDC,1.2332383,1.1781291
DOK4,1.2332383,1.1781291
STYK1,1.2332383,1.1781291
CHEK1,1.2332383,1.1781291
CYP4X1,1.2332383,1.1781291
ALG11,1.2332383,1.1781291
BIVM,1.2332383,1.1781291
PCDHB5,1.2332383,1.1781291
REN,1.2332383,1.1781291
MAFA,1.2332383,1.1781291
CUZD1,1.2332383,1.1781291
POC1B,1.2332383,1.1781291
BRD9,1.2332383,1.1781291
THUMPD3,1.2332383,1.1781291
THSD1,1.2332383,1.1781291
TATDN2,1.2332383,1.1781291
FOXL2,1.2332383,1.1781291
ZNF215,1.2332383,1.1781291
CYB5R4,1.2332383,1.1781291
LRRC71,1.2332383,1.1781291
FAM198B,1.2332383,1.1781291
RILPL1,1.2332383,1.1781291
MYBPH,1.2332383,1.1781291
HOXC6,1.2332383,1.1781291
KCNJ13,1.2332383,1.1781291
MMP17,1.2332383,1.1781291
SNX2,1.2332383,1.1781291
BIN2,1.2332383,1.1781291
PDE3B,1.2332383,1.1781291
KDSR,1.2332383,1.1781291
AFTPH,1.2332383,1.1781291
UBE2Q1,1.2332383,1.1781291
SLC17A9,1.2332383,1.1781291
PIGR,1.2332383,1.1781291
KPTN,1.2332383,1.1781291
SETD6,1.2332383,1.1781291
IL1RL2,1.2332383,1.1781291
RNPEP,1.2332383,1.1781291
RAB37,1.2332383,1.1781291
ZNF534,1.2332383,1.1781291
PDK1,1.2332383,1.1781291
PREPL,1.2332383,1.1781291
ZEB2,1.2332383,1.1781291
ERI2,1.2332383,1.1781291
TFE3,1.2332383,1.1781291
XIAP,1.2332383,1.1781291
CES3,1.2332383,1.1781291
POLR3C,1.2332383,1.1781291
GDPD5,1.2332383,1.1781291
VPS9D1,1.2332383,1.1781291
SYT5,1.2332383,1.1781291
MPP1,1.2332383,1.1781291
FBXW8,1.2332383,1.1781291
TTC21A,1.2332383,1.1781291
SESN3,1.2332383,1.1781291
LEMD2,1.2332383,1.1781291
BUD23,1.2332383,1.1781291
HMGXB4,1.2332383,1.1781291
MEFV,1.2332383,1.1781291
ADRA2C,1.2332383,1.1781291
B4GALT2,1.2332383,1.1781291
TLX3,1.2332383,1.1781291
MRPL38,1.2332383,1.1781291
CHKA,1.2332383,1.1781291
FAM98B,1.2332383,1.1781291
ZCCHC7,1.2332383,1.1781291
CWH43,1.2332383,1.1781291
ROBO1,1.2332383,1.1781291
TARBP2,1.2332383,1.1781291
DNAAF1,1.2332383,1.1781291
PGAP2,1.2332383,1.1781291
CTGF,1.2332383,1.1781291
KDR,1.2332383,1.1781291
KCNJ1,1.2332383,1.1781291
PUM3,1.2332383,1.1781291
PRICKLE4,1.2332383,1.1781291
HEATR3,1.2332383,1.1781291
POM121C,1.2332383,1.1781291
SENP5,1.2332383,1.1781291
FOXN3,1.2332383,1.1781291
BNIP2,1.2332383,1.1781291
SHC1,1.2332383,1.1781291
PAPPA2,1.2332383,1.1781291
PPT1,1.2332383,1.1781291
CYB5R1,1.2332383,1.1781291
STOML1,1.2332383,1.1781291
HIVEP3,1.2332383,1.1781291
NUB1,1.2332383,1.1781291
NDC1,1.2332383,1.1781291
RNF34,1.2332383,1.1781291
NOP9,1.2332383,1.1781291
MCCC2,1.2332383,1.1781291
YAP1,1.2332383,1.1781291
DCAF12,1.2332383,1.1781291
VEGFA,1.2332383,1.1781291
GRM5,1.2332383,1.1781291
MAPK4,1.2332383,1.1781291
NIPA2,1.2332383,1.1781291
ZNF33A,1.2332383,1.1781291
RPH3AL,1.2332383,1.1781291
CSNK2A3,1.2332383,1.1781291
DOK6,1.2332383,1.1781291
TLR5,1.2332383,1.1781291
MYH15,1.2332383,1.1781291
GDPD2,1.2332383,1.1781291
KNG1,1.2332383,1.1781291
SLC27A2,1.2332383,1.1781291
IRF2BP1,1.2332383,1.1781291
KDELC1,1.2332383,1.1781291
AEBP2,1.2332383,1.1781291
FEM1B,1.2332383,1.1781291
TRMT6,1.2332383,1.1781291
C2CD2,1.2332383,1.1781291
OMA1,1.2332383,1.1781291
CLDN5,1.2332383,1.1781291
PA2G4,1.2332383,1.1781291
PLBD1,1.2332383,1.1781291
HSF2,1.2332383,1.1781291
LRRN1,1.2332383,1.1781291
AOC1,1.2332383,1.1781291
DHX58,1.2332383,1.1781291
VWA5A,1.2332383,1.1781291
AMZ1,1.2332383,1.1781291
CYP4B1,1.2332383,1.1781291
RHCG,1.2332383,1.1781291
LRRC49,1.2332383,1.1781291
SESN1,1.2332383,1.1781291
RORA,1.2332383,1.1781291
ARMC6,1.2332383,1.1781291
GDF11,1.2332383,1.1781291
TSTD2,1.2332383,1.1781291
BUD13,1.2332383,1.1781291
DTHD1,1.2332383,1.1781291
ZNF606,1.2332383,1.1781291
CERS3,1.2332383,1.1781291
RBBP4,1.2332383,1.1781291
NOL9,1.2332383,1.1781291
PDIA5,1.2332383,1.1781291
PHB,1.2332383,1.1781291
PPT2,1.2332383,1.1781291
MELK,1.2332383,1.1781291
CCDC77,1.2332383,1.1781291
SLC35B2,1.2332383,1.1781291
UAP1L1,1.2332383,1.1781291
NKAP,1.2332383,1.1781291
CCDC50,1.2332383,1.1781291
PRDM13,1.2332383,1.1781291
CHRDL2,1.2332383,1.1781291
USP26,1.2332383,1.1781291
TTYH1,1.2332383,1.1781291
CRLF3,1.2332383,1.1781291
KDM3A,1.2332383,1.1781291
WDR93,1.2332383,1.1781291
APTX,1.2332383,1.1781291
CYP4F2,1.2332383,1.1781291
SLC9A7,1.2332383,1.1781291
SERPINF2,1.2332383,1.1781291
SLC35F5,1.2332383,1.1781291
MEOX1,1.2332383,1.1781291
TXLNG,1.2332383,1.1781291
PTBP2,1.2332383,1.1781291
CDK4,1.2332383,1.1781291
ZUP1,1.2332383,1.1781291
CSF1R,1.2332383,1.1781291
SORBS1,1.2332383,1.1781291
NSF,1.2332383,1.1781291
RRNAD1,1.2332383,1.1781291
MCAM,1.2332383,1.1781291
PJA1,1.2332383,1.1781291
KIAA0408,1.2332383,1.1781291
TLX2,1.2332383,1.1781291
SAV1,1.2332383,1.1781291
GIPR,1.2332383,1.1781291
ETS1,1.2332383,1.1781291
PCDHB7,1.2332383,1.1781291
SLC13A1,1.2332383,1.1781291
KIAA2013,1.2332383,1.1781291
TRO,1.2332383,1.1781291
TROVE2,1.2332383,1.1781291
ACOT8,1.2332383,1.1781291
SEMG1,1.2332383,1.1781291
NOXA1,1.2332383,1.1781291
ASL,1.2332383,1.1781291
SAMD3,1.2332383,1.1781291
GPNMB,1.2332383,1.1781291
TUBB4A,1.2332383,1.1781291
ZNF655,1.2332383,1.1781291
SYVN1,1.2332383,1.1781291
LIPH,1.2332383,1.1781291
SEMA7A,1.2332383,1.1781291
ADAP1,1.2332383,1.1781291
TRIM26,1.2332383,1.1781291
SUGCT,1.2332383,1.1781291
MKNK1,1.2332383,1.1781291
LIX1L,1.2332383,1.1781291
CEP70,1.2332383,1.1781291
MFAP3L,1.2332383,1.1781291
ZNF599,1.2332383,1.1781291
MFSD4A,1.2332383,1.1781291
ETV1,1.2332383,1.1781291
PRLR,1.2332383,1.1781291
SRMS,1.2332383,1.1781291
THAP7,1.2332383,1.1781291
ATF6,1.2332383,1.1781291
RAX,1.2332383,1.1781291
HPS4,1.2332383,1.1781291
AMMECR1L,1.2332383,1.1781291
CCNK,1.2332383,1.1781291
PATJ,1.2332383,1.1781291
DOC2A,1.2332383,1.1781291
KIAA0895L,1.2332383,1.1781291
TAF1B,1.2332383,1.1781291
HS2ST1,1.2332383,1.1781291
HTR3B,1.2332383,1.1781291
STK3,1.2332383,1.1781291
TGFB3,1.2332383,1.1781291
SUCLG1,1.2332383,1.1781291
SPNS3,1.2332383,1.1781291
RAD51,1.2332383,1.1781291
CCDC181,1.2332383,1.1781291
MAP2K6,1.2332383,1.1781291
SESN2,1.2332383,1.1781291
HNRNPLL,1.2332383,1.1781291
MSR1,1.2332383,1.1781291
PPP2R5A,1.2332383,1.1781291
ANXA11,1.2332383,1.1781291
SPOCK2,1.2332383,1.1781291
SLC34A3,1.2332383,1.1781291
ST14,1.2332383,1.1781291
AKNAD1,1.2332383,1.1781291
C1RL,1.2332383,1.1781291
RSPO3,1.2332383,1.1781291
C15orf39,1.2332383,1.1781291
FAM83D,1.2332383,1.1781291
OTX2,1.2332383,1.1781291
TRIM2,1.2332383,1.1781291
RBM14,1.2332383,1.1781291
RIN1,1.2332383,1.1781291
PLAU,1.2332383,1.1781291
PLPPR2,1.2332383,1.1781291
SNX6,1.2332383,1.1781291
RIOK3,1.2332383,1.1781291
LRRN3,1.2332383,1.1781291
UBXN11,1.2332383,1.1781291
ENG,1.2332383,1.1781291
WDR41,1.2332383,1.1781291
WHRN,1.2332383,1.1781291
ABHD15,1.2332383,1.1781291
NEK6,1.2332383,1.1781291
PPFIA2,1.2332383,1.1781291
MKRN1,1.2332383,1.1781291
BAG5,1.2332383,1.1781291
TGFB2,1.2332383,1.1781291
UGT2A2,1.2332383,1.1781291
C6orf132,1.2332383,1.1781291
PRDM8,1.2332383,1.1781291
CHAF1B,1.2332383,1.1781291
MFSD14B,1.2332383,1.1781291
GXYLT1,1.2332383,1.1781291
UEVLD,1.2332383,1.1781291
BABAM2,1.2332383,1.1781291
ACAT1,1.2332383,1.1781291
ZMYND10,1.2332383,1.1781291
TRIM62,1.2332383,1.1781291
SLC15A4,1.2332383,1.1781291
PLEKHN1,1.2332383,1.1781291
B3GALNT2,1.2332383,1.1781291
SAMM50,1.2332383,1.1781291
STK32C,1.2332383,1.1781291
HTRA4,1.2332383,1.1781291
ADCY4,1.2332383,1.1781291
LOXL1,1.2332383,1.1781291
SEPT1,1.2332383,1.1781291
BRD7,1.2332383,1.1781291
YJEFN3,1.2332383,1.1781291
DNAH5,1.2332383,1.1781291
ARRB2,1.2332383,1.1781291
NEK8,1.2332383,1.1781291
PTGIS,1.2332383,1.1781291
AP1M2,1.2332383,1.1781291
CCDC157,1.2332383,1.1781291
LRMP,1.2332383,1.1781291
SLFN13,1.2332383,1.1781291
ELOA2,1.2332383,1.1781291
TSEN54,1.2332383,1.1781291
ENOX2,1.2332383,1.1781291
AFP,1.2332383,1.1781291
RRM2B,1.2332383,1.1781291
ZKSCAN8,1.2332383,1.1781291
GJA4,1.2332383,1.1781291
SOX1,1.2332383,1.1781291
B3GLCT,1.2332383,1.1781291
TRAF5,1.2332383,1.1781291
ZNF841,1.2332383,1.1781291
CCDC170,1.2332383,1.1781291
CAP1,1.2332383,1.1781291
ITFG1,1.2332383,1.1781291
WDR83,1.2332383,1.1781291
APOBR,1.2332383,1.1781291
ERGIC3,1.2332383,1.1781291
SDS,1.2332383,1.1781291
UGT2A1,1.2332383,1.1781291
TMEM87B,1.2332383,1.1781291
VPS33B,1.2332383,1.1781291
SCLT1,1.2332383,1.1781291
NCAPD2,1.2332383,1.1781291
SLCO1B1,1.2332383,1.1781291
HAS1,1.2332383,1.1781291
DHRS13,1.2332383,1.1781291
TMCO3,1.2332383,1.1781291
CALCR,1.2332383,1.1781291
CCDC63,1.2332383,1.1781291
PLD5,1.2332383,1.1781291
REL,1.2332383,1.1781291
SPATA17,1.2332383,1.1781291
IL4R,1.2332383,1.1781291
KIF2B,1.2332383,1.1781291
ZNF44,1.2332383,1.1781291
GLUD2,1.2332383,1.1781291
GYS2,1.2332383,1.1781291
STOML3,1.2332383,1.1781291
WDR45B,1.2332383,1.1781291
TOGARAM1,1.2332383,1.1781291
KIF3B,1.2332383,1.1781291
APBB1IP,1.2332383,1.1781291
STAMBPL1,1.2332383,1.1781291
FHL3,1.2332383,1.1781291
SLC29A1,1.2332383,1.1781291
ZFP30,1.2332383,1.1781291
SLC39A10,1.2332383,1.1781291
MAB21L2,1.2332383,1.1781291
ZNF441,1.2332383,1.1781291
STAMBP,1.2332383,1.1781291
KRT6B,1.2332383,1.1781291
SLC19A3,1.2332383,1.1781291
CHKB,1.2332383,1.1781291
DACT2,1.2332383,1.1781291
TMOD1,1.2332383,1.1781291
NAPEPLD,1.2332383,1.1781291
ZNF425,1.2332383,1.1781291
NIT1,1.2332383,1.1781291
GPR143,1.2332383,1.1781291
SEC13,1.2332383,1.1781291
ENPP7,1.2332383,1.1781291
LETM2,1.2332383,1.1781291
ZNF16,1.2332383,1.1781291
GPR161,1.2332383,1.1781291
OTC,1.2332383,1.1781291
TFDP2,1.2332383,1.1781291
ZNF282,1.2332383,1.1781291
MADD,1.2332383,1.1781291
CELF3,1.2332383,1.1781291
MLPH,1.2332383,1.1781291
ACSBG2,1.2332383,1.1781291
SLC25A16,1.2332383,1.1781291
TERB1,1.2332383,1.1781291
FADS2,1.2332383,1.1781291
STON1,1.2332383,1.1781291
RHOBTB3,1.2332383,1.1781291
CTIF,1.2332383,1.1781291
WDR36,1.2332383,1.1781291
MLKL,1.2332383,1.1781291
EBNA1BP2,1.2332383,1.1781291
HASPIN,1.2332383,1.1781291
ETNPPL,1.2332383,1.1781291
UBQLN2,1.2332383,1.1781291
STK36,1.2332383,1.1781291
GJA3,1.2332383,1.1781291
PPP1R9B,1.2332383,1.1781291
RPN2,1.2332383,1.1781291
FMO4,1.2332383,1.1781291
AGER,1.2332383,1.1781291
MARCH10,1.2332383,1.1781291
FUT4,1.2332383,1.1781291
TBC1D10A,1.2332383,1.1781291
TMEM62,1.2332383,1.1781291
RAVER2,1.2332383,1.1781291
VNN1,1.2332383,1.1781291
FRS2,1.2332383,1.1781291
PPIL2,1.2332383,1.1781291
BBS10,1.2332383,1.1781291
NEU3,1.2332383,1.1781291
ANKRD13D,1.2332383,1.1781291
CASQ1,1.2332383,1.1781291
ACSM4,1.2332383,1.1781291
TBCE,1.2332383,1.1781291
RPL3,1.2332383,1.1781291
KCTD20,1.2332383,1.1781291
FOXB1,1.2332383,1.1781291
RNF123,1.2332383,1.1781291
RPL3L,1.2332383,1.1781291
CYP11B2,1.2332383,1.1781291
SPINT1,1.2332383,1.1781291
MTF2,1.2332383,1.1781291
RING1,1.2332383,1.1781291
PADI4,1.2332383,1.1781291
EXOC3L4,1.2332383,1.1781291
NT5C1A,1.2332383,1.1781291
BMP2,1.2332383,1.1781291
RAD52,1.2332383,1.1781291
SAMHD1,1.2332383,1.1781291
GLCE,1.2332383,1.1781291
PTH2R,1.2332383,1.1781291
PNLDC1,1.2332383,1.1781291
SH2B3,1.2332383,1.1781291
ZCCHC4,1.2332383,1.1781291
DBX1,1.2332383,1.1781291
IRF2,1.2332383,1.1781291
OLFML1,1.2332383,1.1781291
LCP2,1.2332383,1.1781291
CHGB,1.2332383,1.1781291
C9orf131,1.2332383,1.1781291
PARS2,1.2332383,1.1781291
FSCN2,1.2332383,1.1781291
TMEM30A,1.2332383,1.1781291
ATP6V1B2,1.2332383,1.1781291
OS9,1.2332383,1.1781291
TLR4,1.2332383,1.1781291
CDKL2,1.2332383,1.1781291
TYSND1,1.2332383,1.1781291
BLMH,1.2332383,1.1781291
FAM234B,1.2332383,1.1781291
NAB2,1.2332383,1.1781291
ZFAND4,1.2332383,1.1781291
TBX19,1.2332383,1.1781291
GBP7,1.2332383,1.1781291
SPAG17,1.2332383,1.1781291
SLC35F1,1.2332383,1.1781291
ELF1,1.2332383,1.1781291
OSCP1,1.2332383,1.1781291
NSUN5,1.2332383,1.1781291
ANKMY2,1.2332383,1.1781291
CACNG4,1.2332383,1.1781291
ILDR2,1.2332383,1.1781291
KREMEN2,1.2332383,1.1781291
ENPP6,1.2332383,1.1781291
LONRF2,1.2332383,1.1781291
NEK3,1.2332383,1.1781291
DDI2,1.2332383,1.1781291
NEURL1B,1.2332383,1.1781291
MAPKAPK5,1.2332383,1.1781291
RPL5,1.2332383,1.1781291
SWAP70,1.2332383,1.1781291
IMP4,1.2332383,1.1781291
HSPA5,1.2332383,1.1781291
KRT32,1.2332383,1.1781291
RANBP3,1.2332383,1.1781291
ADHFE1,1.2332383,1.1781291
MPHOSPH10,1.2332383,1.1781291
PCSK1,1.2332383,1.1781291
MINDY1,1.2332383,1.1781291
MARVELD2,1.2332383,1.1781291
CKB,1.2332383,1.1781291
TXNDC5,1.2332383,1.1781291
SPECC1L,1.2332383,1.1781291
STRAP,1.2332383,1.1781291
ZFX,1.2332383,1.1781291
FPGT,1.2332383,1.1781291
PDHX,1.2332383,1.1781291
TRIM35,1.2332383,1.1781291
CAMKK1,1.2332383,1.1781291
HPSE2,1.2332383,1.1781291
ADA2,1.2332383,1.1781291
ADCK2,1.2332383,1.1781291
RPUSD2,1.2332383,1.1781291
ZDHHC16,1.2332383,1.1781291
EIF4A3,1.2332383,1.1781291
MAX,1.2332383,1.1781291
CPNE1,1.2332383,1.1781291
TMEM104,1.2332383,1.1781291
ZNF480,1.2332383,1.1781291
ATP8B2,1.2332383,1.1781291
ETFA,1.2332383,1.1781291
EIF2AK4,1.2332383,1.1781291
PSAP,1.2332383,1.1781291
CCDC27,1.2332383,1.1781291
PTPN22,1.2332383,1.1781291
CCBE1,1.2332383,1.1781291
ST5,1.2332383,1.1781291
CARM1,1.2332383,1.1781291
LSR,1.2332383,1.1781291
GPR107,1.2332383,1.1781291
OAS2,1.2332383,1.1781291
TMEM8B,1.2332383,1.1781291
GBP3,1.2332383,1.1781291
NDUFAF7,1.2332383,1.1781291
ZNF408,1.2332383,1.1781291
LMAN2L,1.2332383,1.1781291
TTC19,1.2332383,1.1781291
MAP10,1.2332383,1.1781291
HSPA2,1.2332383,1.1781291
FOXK1,1.2332383,1.1781291
DYTN,1.2332383,1.1781291
GRHPR,1.2332383,1.1781291
RAB44,1.2332383,1.1781291
HCLS1,1.2332383,1.1781291
SNTB2,1.2332383,1.1781291
POLR2C,1.2332383,1.1781291
IL17RE,1.2332383,1.1781291
RENBP,1.2332383,1.1781291
ESCO2,1.2332383,1.1781291
CCDC9,1.2332383,1.1781291
COQ2,1.2332383,1.1781291
FAM178B,1.2332383,1.1781291
CYTH4,1.2332383,1.1781291
PUS3,1.2332383,1.1781291
PRODH2,1.2332383,1.1781291
KRT9,1.2332383,1.1781291
PSMD2,1.2332383,1.1781291
SEC24D,1.2332383,1.1781291
ZNF823,1.2332383,1.1781291
SLC29A2,1.2332383,1.1781291
CYP3A43,1.2332383,1.1781291
SRM,1.2332383,1.1781291
GHRHR,1.2332383,1.1781291
HINFP,1.2332383,1.1781291
GK2,1.2332383,1.1781291
LAS1L,1.2332383,1.1781291
DDX19B,1.2332383,1.1781291
ETAA1,1.2332383,1.1781291
NOS1AP,1.2332383,1.1781291
N4BP1,1.2332383,1.1781291
CSGALNACT2,1.2332383,1.1781291
ATXN7L1,1.2332383,1.1781291
MYOD1,1.2332383,1.1781291
TTPAL,1.2332383,1.1781291
PHYHD1,1.2332383,1.1781291
SEC14L2,1.2332383,1.1781291
UBP1,1.2332383,1.1781291
BACE1,1.2332383,1.1781291
RUFY4,1.2332383,1.1781291
SLFN5,1.2332383,1.1781291
LRRC4B,1.2332383,1.1781291
CTSB,1.2332383,1.1781291
LRRC37B,1.2332383,1.1781291
MYC,1.2332383,1.1781291
NIPAL4,1.2332383,1.1781291
ITGB1,1.2332383,1.1781291
ZNF219,1.2332383,1.1781291
IREB2,1.2332383,1.1781291
ZNF845,1.2332383,1.1781291
ZCCHC24,1.2332383,1.1781291
APBA3,1.2332383,1.1781291
TDRD9,1.2332383,1.1781291
NR0B1,1.2332383,1.1781291
DHX32,1.2332383,1.1781291
STAT4,1.2332383,1.1781291
MOK,1.2332383,1.1781291
DCAF15,1.2332383,1.1781291
NDUFS7,1.2332383,1.1781291
STAC2,1.2332383,1.1781291
SPRTN,1.2332383,1.1781291
FLRT3,1.2332383,1.1781291
RNF169,1.2332383,1.1781291
EMID1,1.2332383,1.1781291
DICER1,1.2332383,1.1781291
SELE,1.2332383,1.1781291
SLC22A12,1.2332383,1.1781291
PGK1,1.2332383,1.1781291
GJA9,1.2332383,1.1781291
PPP3CB,1.2332383,1.1781291
HYAL2,1.2332383,1.1781291
ZFP91,1.2332383,1.1781291
METAP1,1.2332383,1.1781291
VPS36,1.2332383,1.1781291
WRAP73,1.2332383,1.1781291
SHF,1.2332383,1.1781291
BARHL1,1.2332383,1.1781291
GABRG1,1.2332383,1.1781291
CCDC178,1.2332383,1.1781291
COQ6,1.2332383,1.1781291
MINPP1,1.2332383,1.1781291
WDR62,1.2332383,1.1781291
LANCL2,1.2332383,1.1781291
APCDD1,1.2332383,1.1781291
FBRSL1,1.2332383,1.1781291
PPP2R5B,1.2332383,1.1781291
TIPARP,1.2332383,1.1781291
CLPTM1L,1.2332383,1.1781291
EPS15,1.2332383,1.1781291
PITX3,1.2332383,1.1781291
PTCHD4,1.2332383,1.1781291
TTC5,1.2332383,1.1781291
GTF2H1,1.2332383,1.1781291
AKAP8L,1.2332383,1.1781291
APEX1,1.2332383,1.1781291
KRT23,1.2332383,1.1781291
ELN,1.2332383,1.1781291
XKR7,1.2332383,1.1781291
ZNF493,1.2332383,1.1781291
HOMEZ,1.2332383,1.1781291
IGF2BP3,1.2332383,1.1781291
VNN2,1.2332383,1.1781291
TMEM232,1.2332383,1.1781291
B3GAT1,1.2332383,1.1781291
TRIM25,1.2332383,1.1781291
KRT13,1.2332383,1.1781291
PPP2R5E,1.2332383,1.1781291
CIP2A,1.2332383,1.1781291
ASB7,1.2332383,1.1781291
YY1AP1,1.2332383,1.1781291
PLA2G4D,1.2332383,1.1781291
SWT1,1.2332383,1.1781291
RPS6KL1,1.2332383,1.1781291
RSRC2,1.2332383,1.1781291
MAPT,1.2332383,1.1781291
FOXF2,1.2332383,1.1781291
SP3,1.2332383,1.1781291
UTP15,1.2332383,1.1781291
MANEAL,1.2332383,1.1781291
MINDY4,1.2332383,1.1781291
CLCN7,1.2332383,1.1781291
GPC4,1.2332383,1.1781291
NFYC,1.2332383,1.1781291
GPR37,1.2332383,1.1781291
GLP2R,1.2332383,1.1781291
WHAMM,1.2332383,1.1781291
SLC25A41,1.2332383,1.1781291
MROH6,1.2332383,1.1781291
PAK3,1.2332383,1.1781291
SRF,1.2332383,1.1781291
CLN6,1.2332383,1.1781291
SLC13A4,1.2332383,1.1781291
NDC80,1.2332383,1.1781291
SLC25A35,1.2332383,1.1781291
SOWAHB,1.2332383,1.1781291
EDA,1.2332383,1.1781291
ZNF628,1.2332383,1.1781291
PDE6C,1.2332383,1.1781291
PCID2,1.2332383,1.1781291
GTF3C4,1.2332383,1.1781291
HKR1,1.2332383,1.1781291
CFAP53,1.2332383,1.1781291
FAM126A,1.2332383,1.1781291
PHYH,1.2332383,1.1781291
PIP5K1B,1.2332383,1.1781291
LRP3,1.2332383,1.1781291
ETV6,1.2332383,1.1781291
REC8,1.2332383,1.1781291
SGCZ,1.2332383,1.1781291
RAG2,1.2332383,1.1781291
NUMB,1.2332383,1.1781291
PTPRC,1.2332383,1.1781291
LCLAT1,1.2332383,1.1781291
USH1G,1.2332383,1.1781291
PTCD3,1.2332383,1.1781291
CCDC149,1.2332383,1.1781291
EPN1,1.2332383,1.1781291
ARHGAP15,1.2332383,1.1781291
CYP2J2,1.2332383,1.1781291
ENO1,1.2332383,1.1781291
FAM171B,1.2332383,1.1781291
CHEK2,1.2332383,1.1781291
SLC43A1,1.2332383,1.1781291
PIAS3,1.2332383,1.1781291
RELB,1.2332383,1.1781291
SNTB1,1.2332383,1.1781291
JPH1,1.2332383,1.1781291
TLX1,1.2332383,1.1781291
ZNF354A,1.2332383,1.1781291
TMPO,1.2332383,1.1781291
NBN,1.2332383,1.1781291
HOXB6,1.2332383,1.1781291
IL27RA,1.2332383,1.1781291
GPAM,1.2332383,1.1781291
CBX8,1.2332383,1.1781291
DCLRE1B,1.2332383,1.1781291
POU3F2,1.2332383,1.1781291
ATG14,1.2332383,1.1781291
ZNF483,1.2332383,1.1781291
KIAA0100,1.2332383,1.1781291
SOAT1,1.2332383,1.1781291
ZBTB24,1.2332383,1.1781291
AP3M2,1.2332383,1.1781291
FAM193B,1.2332383,1.1781291
FAM161B,1.2332383,1.1781291
BICDL2,1.2332383,1.1781291
PLA2G3,1.2332383,1.1781291
LRRC45,1.2332383,1.1781291
FRS3,1.2332383,1.1781291
VKORC1,1.2332383,1.1781291
EARS2,1.2332383,1.1781291
GJA10,1.2332383,1.1781291
NCF2,1.2332383,1.1781291
UNCX,1.2332383,1.1781291
ACCS,1.2332383,1.1781291
HTR2C,1.2332383,1.1781291
EGLN1,1.2332383,1.1781291
MXI1,1.2332383,1.1781291
ERN2,1.2332383,1.1781291
ALDH8A1,1.2332383,1.1781291
BLNK,1.2332383,1.1781291
GDF6,1.2332383,1.1781291
TRRAP,1.2332383,1.1781291
IRX4,1.2332383,1.1781291
FOXA2,1.2332383,1.1781291
ERAL1,1.2332383,1.1781291
GCFC2,1.2332383,1.1781291
MFSD11,1.2332383,1.1781291
AGPAT1,1.2332383,1.1781291
CDC45,1.2332383,1.1781291
NKX2-2,1.2332383,1.1781291
PRR14,1.2332383,1.1781291
ZSCAN12,1.2332383,1.1781291
WARS,1.2332383,1.1781291
ZNF629,1.2332383,1.1781291
FBXO21,1.2332383,1.1781291
NT5DC3,1.2332383,1.1781291
DCAF4,1.2332383,1.1781291
RCOR2,1.2332383,1.1781291
GCGR,1.2332383,1.1781291
CHN1,1.2332383,1.1781291
FBXO31,1.2332383,1.1781291
CLGN,1.2332383,1.1781291
NARS,1.2332383,1.1781291
TMEM259,1.2332383,1.1781291
PTK6,1.2332383,1.1781291
BBS4,1.2332383,1.1781291
SLC9A8,1.2332383,1.1781291
RIC8B,1.2332383,1.1781291
SYN1,1.2332383,1.1781291
SNX1,1.2332383,1.1781291
GAS6,1.2332383,1.1781291
RALBP1,1.2332383,1.1781291
SLC8B1,1.2332383,1.1781291
PRKAA1,1.2332383,1.1781291
ACADSB,1.2332383,1.1781291
FBXL20,1.2332383,1.1781291
ZNF814,1.2332383,1.1781291
KRT76,1.2332383,1.1781291
UIMC1,1.2332383,1.1781291
FUT10,1.2332383,1.1781291
PARVA,1.2332383,1.1781291
DRD2,1.2332383,1.1781291
SPAG6,1.2332383,1.1781291
RNF14,1.2332383,1.1781291
CTSF,1.2332383,1.1781291
HMG20A,1.2332383,1.1781291
RPAP3,1.2332383,1.1781291
LTV1,1.2332383,1.1781291
SLC25A43,1.2332383,1.1781291
SH2D3A,1.2332383,1.1781291
FASTKD5,1.2332383,1.1781291
KRT3,1.2332383,1.1781291
EXOC5,1.2332383,1.1781291
KCNAB1,1.2332383,1.1781291
NIM1K,1.2332383,1.1781291
SVOPL,1.2332383,1.1781291
NONO,1.2332383,1.1781291
ZNF473,1.2332383,1.1781291
BIRC2,1.2332383,1.1781291
USP35,1.2332383,1.1781291
SLC22A13,1.2332383,1.1781291
MEIOC,1.2332383,1.1781291
ONECUT3,1.2332383,1.1781291
LRRC8A,1.2332383,1.1781291
MAML1,1.2332383,1.1781291
FAR1,1.2332383,1.1781291
POU2F3,1.2332383,1.1781291
SOCS5,1.2332383,1.1781291
POU3F3,1.2332383,1.1781291
HNRNPDL,1.2332383,1.1781291
ZNF622,1.2332383,1.1781291
SLC13A2,1.2332383,1.1781291
TFEB,1.2332383,1.1781291
QDPR,1.2332383,1.1781291
TTC30B,1.2332383,1.1781291
STK38,1.2332383,1.1781291
FBXL5,1.2332383,1.1781291
POU5F1,1.2332383,1.1781291
HSD3B7,1.2332383,1.1781291
SGMS1,1.2332383,1.1781291
CCNL2,1.2332383,1.1781291
FAM149B1,1.2332383,1.1781291
NUP54,1.2332383,1.1781291
UVRAG,1.2332383,1.1781291
CYP51A1,1.2332383,1.1781291
KRT33B,1.2332383,1.1781291
OTX1,1.2332383,1.1781291
CFAP100,1.2332383,1.1781291
SP4,1.2332383,1.1781291
KRBA1,1.2332383,1.1781291
ZNF180,1.2332383,1.1781291
LIAS,1.2332383,1.1781291
ADAM32,1.2332383,1.1781291
SNIP1,1.2332383,1.1781291
CLCA4,1.2332383,1.1781291
TNFRSF25,1.2332383,1.1781291
ZW10,1.2332383,1.1781291
TES,1.2332383,1.1781291
LMNTD2,1.2332383,1.1781291
SPHK2,1.2332383,1.1781291
CRMP1,1.2332383,1.1781291
LCMT2,1.2332383,1.1781291
SLC44A3,1.2332383,1.1781291
SLC2A9,1.2332383,1.1781291
CLK1,1.2332383,1.1781291
OSGIN1,1.2332383,1.1781291
GUCY2F,1.2332383,1.1781291
CIR1,1.2332383,1.1781291
TEAD3,1.2332383,1.1781291
KPNA3,1.2332383,1.1781291
CYP4A22,1.2332383,1.1781291
GPC2,1.2332383,1.1781291
PRSS23,1.2332383,1.1781291
TAF6L,1.2332383,1.1781291
DAPK2,1.2332383,1.1781291
FOXJ1,1.2332383,1.1781291
FRRS1,1.2332383,1.1781291
CYP46A1,1.2332383,1.1781291
FZD2,1.2332383,1.1781291
DOK5,1.2332383,1.1781291
CCNT1,1.2332383,1.1781291
DIS3,1.2332383,1.1781291
PRPSAP1,1.2332383,1.1781291
JHY,1.2332383,1.1781291
INTS9,1.2332383,1.1781291
UMPS,1.2332383,1.1781291
ALG12,1.2332383,1.1781291
STAT2,1.2332383,1.1781291
PATZ1,1.2332383,1.1781291
POU4F2,1.2332383,1.1781291
EIF2B2,1.2332383,1.1781291
MINDY2,1.2332383,1.1781291
FMO5,1.2332383,1.1781291
THOP1,1.2332383,1.1781291
PACSIN2,1.2332383,1.1781291
C17orf66,1.2332383,1.1781291
ZNF136,1.2332383,1.1781291
RBM23,1.2332383,1.1781291
WFIKKN2,1.2332383,1.1781291
FBXL4,1.2332383,1.1781291
GSPT2,1.2332383,1.1781291
THNSL2,1.2332383,1.1781291
PPHLN1,1.2332383,1.1781291
MFSD1,1.2332383,1.1781291
ZSCAN10,1.2332383,1.1781291
TMEM145,1.2332383,1.1781291
IL17RA,1.2332383,1.1781291
FUCA1,1.2332383,1.1781291
PTBP3,1.2332383,1.1781291
SLC25A28,1.2332383,1.1781291
KCNJ10,1.2332383,1.1781291
TUBD1,1.2332383,1.1781291
IQCE,1.2332383,1.1781291
ETV4,1.2332383,1.1781291
CHST15,1.2332383,1.1781291
GBP6,1.2332383,1.1781291
CSAD,1.2332383,1.1781291
MACC1,1.2332383,1.1781291
SLC1A5,1.2332383,1.1781291
DALRD3,1.2332383,1.1781291
CEP57,1.2332383,1.1781291
TOM1,1.2332383,1.1781291
SGO2,1.2332383,1.1781291
SLC25A5,1.2332383,1.1781291
POU3F4,1.2332383,1.1781291
TRAF3,1.2332383,1.1781291
CDCP1,1.2332383,1.1781291
EFCAB13,1.2332383,1.1781291
CDYL,1.2332383,1.1781291
TBRG4,1.2332383,1.1781291
LAP3,1.2332383,1.1781291
CHST8,1.2332383,1.1781291
CNDP2,1.2332383,1.1781291
TFCP2,1.2332383,1.1781291
MTPAP,1.2332383,1.1781291
TXLNA,1.2332383,1.1781291
CHRNA6,1.2332383,1.1781291
MAPK3,1.2332383,1.1781291
NCOA4,1.2332383,1.1781291
FANCC,1.2332383,1.1781291
NASP,1.2332383,1.1781291
UACA,1.2332383,1.1781291
FARS2,1.2332383,1.1781291
SLC1A7,1.2332383,1.1781291
MARCH6,1.2332383,1.1781291
FZD4,1.2332383,1.1781291
TNIP1,1.2332383,1.1781291
UBA2,1.2332383,1.1781291
TOP1MT,1.2332383,1.1781291
ZBTB48,1.2332383,1.1781291
CTCFL,1.2332383,1.1781291
KPNA2,1.2332383,1.1781291
NFKBIZ,1.2332383,1.1781291
MMACHC,1.2332383,1.1781291
PMPCB,1.2332383,1.1781291
SLC25A47,1.2332383,1.1781291
PIAS2,1.2332383,1.1781291
CCDC173,1.2332383,1.1781291
MZF1,1.2332383,1.1781291
RDH12,1.2332383,1.1781291
SOX4,1.2332383,1.1781291
CDC14B,1.2332383,1.1781291
BNC1,1.2332383,1.1781291
RTN3,1.2332383,1.1781291
UGT1A6,1.2332383,1.1781291
SLC18A3,1.2332383,1.1781291
KRT7,1.2332383,1.1781291
DDO,1.2332383,1.1781291
CMAS,1.2332383,1.1781291
CYP1A2,1.2332383,1.1781291
SLC23A3,1.2332383,1.1781291
PBX3,1.2332383,1.1781291
PLXDC1,1.2332383,1.1781291
TEAD2,1.2332383,1.1781291
CC2D2B,1.2332383,1.1781291
TTC14,1.2332383,1.1781291
USP1,1.2332383,1.1781291
SLC9A6,1.2332383,1.1781291
FBRS,1.2332383,1.1781291
SRPK3,1.2332383,1.1781291
SERPIND1,1.2332383,1.1781291
TMPRSS2,1.2332383,1.1781291
ARGLU1,1.2332383,1.1781291
ZBTB1,1.2332383,1.1781291
VANGL2,1.2332383,1.1781291
TSTA3,1.2332383,1.1781291
ZNF235,1.2332383,1.1781291
SLAIN1,1.2332383,1.1781291
ZBTB16,1.2332383,1.1781291
BIN1,1.2332383,1.1781291
AC005358.1,1.2332383,1.1781291
KIAA1024,1.2332383,1.1781291
ANAPC7,1.2332383,1.1781291
CES2,1.2332383,1.1781291
BEND4,1.2332383,1.1781291
CDHR4,1.2332383,1.1781291
DPYSL4,1.2332383,1.1781291
SLC49A3,1.2332383,1.1781291
AHI1,1.2332383,1.1781291
SPATA18,1.2332383,1.1781291
POLM,1.2332383,1.1781291
ZNF780A,1.2332383,1.1781291
VCP,1.2332383,1.1781291
C6orf10,1.2332383,1.1781291
DHDDS,1.2332383,1.1781291
MFSD6L,1.2332383,1.1781291
FLYWCH1,1.2332383,1.1781291
CNBD2,1.2332383,1.1781291
TENT2,1.2332383,1.1781291
IPO9,1.2332383,1.1781291
ZMPSTE24,1.2332383,1.1781291
ZPR1,1.2332383,1.1781291
MLC1,1.2332383,1.1781291
CTNS,1.2332383,1.1781291
LMOD2,1.2332383,1.1781291
DNAAF3,1.2332383,1.1781291
IL1RAPL1,1.2332383,1.1781291
MRI1,1.2332383,1.1781291
BTD,1.2332383,1.1781291
RSPH3,1.2332383,1.1781291
OTUD5,1.2332383,1.1781291
CYP26B1,1.2332383,1.1781291
DDX20,1.2332383,1.1781291
SLITRK6,1.2332383,1.1781291
SPATS2,1.2332383,1.1781291
DCX,1.2332383,1.1781291
HNRNPA1,1.2332383,1.1781291
FGG,1.2332383,1.1781291
PLCZ1,1.2332383,1.1781291
DRC1,1.2332383,1.1781291
PPP1R16B,1.2332383,1.1781291
SGPL1,1.2332383,1.1781291
FOXN2,1.2332383,1.1781291
MKNK2,1.2332383,1.1781291
TTC38,1.2332383,1.1781291
TH,1.2332383,1.1781291
ZBED4,1.2332383,1.1781291
CNOT4,1.2332383,1.1781291
CPVL,1.2332383,1.1781291
KPNA4,1.2332383,1.1781291
NOM1,1.2332383,1.1781291
KLHL38,1.2332383,1.1781291
CNTN1,1.2332383,1.1781291
SLC25A31,1.2332383,1.1781291
TRDMT1,1.2332383,1.1781291
AMH,1.2332383,1.1781291
DDX56,1.2332383,1.1781291
PWWP2A,1.2332383,1.1781291
ANGPTL6,1.2332383,1.1781291
PLD1,1.2332383,1.1781291
SMU1,1.2332383,1.1781291
IL17RD,1.2332383,1.1781291
POM121,1.2332383,1.1781291
CD44,1.2332383,1.1781291
ZNF112,1.2332383,1.1781291
GCM2,1.2332383,1.1781291
STK35,1.2332383,1.1781291
GJA5,1.2332383,1.1781291
CYP11B1,1.2332383,1.1781291
HOXC9,1.2332383,1.1781291
KCTD5,1.2332383,1.1781291
CYP2W1,1.2332383,1.1781291
ITPKB,1.2332383,1.1781291
AIP,1.2332383,1.1781291
TNNT3,1.2332383,1.1781291
FBXL13,1.2332383,1.1781291
RAD50,1.2332383,1.1781291
AOC3,1.2332383,1.1781291
SYBU,1.2332383,1.1781291
FAM205A,1.2332383,1.1781291
ZNF729,1.2332383,1.1781291
EDNRB,1.2332383,1.1781291
COG8,1.2332383,1.1781291
SLC1A1,1.2332383,1.1781291
ZNF574,1.2332383,1.1781291
HDAC8,1.2332383,1.1781291
TFCP2L1,1.2332383,1.1781291
ARHGAP25,1.2332383,1.1781291
PAX3,1.2332383,1.1781291
LMBR1,1.2332383,1.1781291
PATL2,1.2332383,1.1781291
PRTG,1.2332383,1.1781291
NPRL3,1.2332383,1.1781291
FBXO33,1.2332383,1.1781291
KRT31,1.2332383,1.1781291
CEL,1.2332383,1.1781291
ERO1A,1.2332383,1.1781291
THBS1,1.2332383,1.1781291
MIGA1,1.2332383,1.1781291
CLP1,1.2332383,1.1781291
CLK4,1.2332383,1.1781291
VSX2,1.2332383,1.1781291
SLC33A1,1.2332383,1.1781291
ANXA6,1.2332383,1.1781291
STRC,1.2332383,1.1781291
RACK1,1.2332383,1.1781291
IGSF8,1.2332383,1.1781291
MBOAT7,1.2332383,1.1781291
USP30,1.2332383,1.1781291
COG6,1.2332383,1.1781291
TBC1D19,1.2332383,1.1781291
KRT36,1.2332383,1.1781291
EEFSEC,1.2332383,1.1781291
SRRM4,1.2332383,1.1781291
UGT1A10,1.2332383,1.1781291
LRRC8D,1.2332383,1.1781291
ZSCAN29,1.2332383,1.1781291
MAPK6,1.2332383,1.1781291
STK25,1.2332383,1.1781291
PLA2G4A,1.2332383,1.1781291
B4GALT3,1.2332383,1.1781291
SNX18,1.2332383,1.1781291
ZNF135,1.2332383,1.1781291
PIK3AP1,1.2332383,1.1781291
FOXN1,1.2332383,1.1781291
CPZ,1.2332383,1.1781291
ATP6V1B1,1.2332383,1.1781291
SYN3,1.2332383,1.1781291
QRSL1,1.2332383,1.1781291
GPAT2,1.2332383,1.1781291
GDAP1,1.2332383,1.1781291
PELI2,1.2332383,1.1781291
DEUP1,1.2332383,1.1781291
SLC23A1,1.2332383,1.1781291
MARCO,1.2332383,1.1781291
F13B,1.2332383,1.1781291
CDAN1,1.2332383,1.1781291
PROB1,1.2332383,1.1781291
DCTN4,1.2332383,1.1781291
DYRK2,1.2332383,1.1781291
FUCA2,1.2332383,1.1781291
C3orf20,1.2332383,1.1781291
ZNF160,1.2332383,1.1781291
SLC25A44,1.2332383,1.1781291
PRPS2,1.2332383,1.1781291
PPIL4,1.2332383,1.1781291
NOLC1,1.2332383,1.1781291
RGS7,1.2332383,1.1781291
WNT2,1.2332383,1.1781291
TARDBP,1.2332383,1.1781291
GGT7,1.2332383,1.1781291
PPM1G,1.2332383,1.1781291
KLHDC8A,1.2332383,1.1781291
AATF,1.2332383,1.1781291
MAP1B,1.2332383,1.1781291
DDX19A,1.2332383,1.1781291
OTP,1.2332383,1.1781291
MCOLN2,1.2332383,1.1781291
FBXO40,1.2332383,1.1781291
MYOM3,1.2332383,1.1781291
SATL1,1.2332383,1.1781291
GEM,1.2332383,1.1781291
HERC3,1.2332383,1.1781291
TFRC,1.2332383,1.1781291
SNX4,1.2332383,1.1781291
NKX2-5,1.2332383,1.1781291
GMCL1,1.2332383,1.1781291
ANKK1,1.2332383,1.1781291
LIMCH1,1.2332383,1.1781291
RAB35,1.2332383,1.1781291
JADE3,1.2332383,1.1781291
TF,1.2332383,1.1781291
PRF1,1.2332383,1.1781291
NEURL1,1.2332383,1.1781291
FUT2,1.2332383,1.1781291
FBLN7,1.2332383,1.1781291
TTC24,1.2332383,1.1781291
PARP2,1.2332383,1.1781291
ACOT12,1.2332383,1.1781291
REM2,1.2332383,1.1781291
SPDL1,1.2332383,1.1781291
HMX3,1.2332383,1.1781291
NADK2,1.2332383,1.1781291
SEL1L2,1.2332383,1.1781291
DPY19L2,1.2332383,1.1781291
KRT39,1.2332383,1.1781291
IL1RAP,1.2332383,1.1781291
RYR3,1.2332383,1.1781291
SQLE,1.2332383,1.1781291
NLRC4,1.2332383,1.1781291
NKX2-6,1.2332383,1.1781291
PPARG,1.2332383,1.1781291
ALPG,1.2332383,1.1781291
CCDC177,1.2332383,1.1781291
FDFT1,1.2332383,1.1781291
ZNF184,1.2332383,1.1781291
NUTM1,1.2332383,1.1781291
SLFN14,1.2332383,1.1781291
TMEM117,1.2332383,1.1781291
LTK,1.2332383,1.1781291
ACSM5,1.2332383,1.1781291
SLC6A14,1.2332383,1.1781291
WASHC2A,1.2332383,1.1781291
GHR,1.2332383,1.1781291
BAP1,1.2332383,1.1781291
IDH3A,1.2332383,1.1781291
STEAP4,1.2332383,1.1781291
GAPDHS,1.2332383,1.1781291
TIA1,1.2332383,1.1781291
ZKSCAN7,1.2332383,1.1781291
SLC2A7,1.2332383,1.1781291
CARD6,1.2332383,1.1781291
IDH3B,1.2332383,1.1781291
ATRN,1.2332383,1.1781291
FAM186B,1.2332383,1.1781291
LRRC36,1.2332383,1.1781291
HEPHL1,1.2332383,1.1781291
CCNB3,1.2332383,1.1781291
ZBTB44,1.2332383,1.1781291
AGBL4,1.2332383,1.1781291
KLHL41,1.2332383,1.1781291
ALDH1B1,1.2332383,1.1781291
ZSCAN9,1.2332383,1.1781291
CES4A,1.2332383,1.1781291
MAF,1.2332383,1.1781291
KCNAB2,1.2332383,1.1781291
SLC29A4,1.2332383,1.1781291
NAALADL2,1.2332383,1.1781291
RFC4,1.2332383,1.1781291
SLC12A8,1.2332383,1.1781291
IQGAP2,1.2332383,1.1781291
BYSL,1.2332383,1.1781291
SLC25A11,1.2332383,1.1781291
SREK1,1.2332383,1.1781291
SLC25A20,1.2332383,1.1781291
SLC1A2,1.2332383,1.1781291
CYP7B1,1.2332383,1.1781291
POU3F1,1.2332383,1.1781291
ATAD3C,1.2332383,1.1781291
IFT172,1.2332383,1.1781291
GJB3,1.2332383,1.1781291
ZFP62,1.2332383,1.1781291
BDH1,1.2332383,1.1781291
ILDR1,1.2332383,1.1781291
KLHL23,1.2332383,1.1781291
ADGRF1,1.2332383,1.1781291
ZNF311,1.2332383,1.1781291
CDRT1,1.2332383,1.1781291
MYEF2,1.2332383,1.1781291
PRR36,1.2332383,1.1781291
ALG9,1.2332383,1.1781291
RPN1,1.2332383,1.1781291
HOXB3,1.2332383,1.1781291
MAPK13,1.2332383,1.1781291
ACRBP,1.2332383,1.1781291
RAD21,1.2332383,1.1781291
PLXNC1,1.2332383,1.1781291
GLP1R,1.2332383,1.1781291
GTF2H4,1.2332383,1.1781291
ASB16,1.2332383,1.1781291
CRHR2,1.2332383,1.1781291
RUSC1,1.2332383,1.1781291
STRADA,1.2332383,1.1781291
XRCC6,1.2332383,1.1781291
CDH19,1.2332383,1.1781291
WDR13,1.2332383,1.1781291
CCDC174,1.2332383,1.1781291
ZNF185,1.2332383,1.1781291
SLC25A3,1.2332383,1.1781291
PADI1,1.2332383,1.1781291
DAXX,1.2332383,1.1781291
ARFGAP2,1.2332383,1.1781291
DDX28,1.2332383,1.1781291
TADA2A,1.2332383,1.1781291
ZNF585B,1.2332383,1.1781291
NEU4,1.2332383,1.1781291
USP22,1.2332383,1.1781291
ALDOB,1.2332383,1.1781291
CTPS2,1.2332383,1.1781291
ANKRD42,1.2332383,1.1781291
ZSWIM2,1.2332383,1.1781291
ZBBX,1.2332383,1.1781291
PUS10,1.2332383,1.1781291
TUBE1,1.2332383,1.1781291
REPS1,1.2332383,1.1781291
REST,1.2332383,1.1781291
UBQLN1,1.2332383,1.1781291
KCNC3,1.2332383,1.1781291
SLC6A16,1.2332383,1.1781291
DDX6,1.2332383,1.1781291
NECTIN2,1.2332383,1.1781291
CYTH2,1.2332383,1.1781291
WLS,1.2332383,1.1781291
SHC4,1.2332383,1.1781291
CNTN4,1.2332383,1.1781291
TGS1,1.2332383,1.1781291
KBTBD3,1.2332383,1.1781291
RAD17,1.2332383,1.1781291
PRRT3,1.2332383,1.1781291
TSC22D1,1.2332383,1.1781291
KCNK10,1.2332383,1.1781291
SDHB,1.2332383,1.1781291
GSTCD,1.2332383,1.1781291
DISC1,1.2332383,1.1781291
ZNF516,1.2332383,1.1781291
ZNF624,1.2332383,1.1781291
MARCH7,1.2332383,1.1781291
SCARB2,1.2332383,1.1781291
CDKN2A,1.2332383,1.1781291
EED,1.2332383,1.1781291
EVL,1.2332383,1.1781291
SSX2IP,1.2332383,1.1781291
SH3RF2,1.2332383,1.1781291
IFT74,1.2332383,1.1781291
ACSM1,1.2332383,1.1781291
C9,1.2332383,1.1781291
PPM1J,1.2332383,1.1781291
SLC18A1,1.2332383,1.1781291
RDH5,1.2332383,1.1781291
DEPDC1B,1.2332383,1.1781291
CFAP45,1.2332383,1.1781291
FAM83G,1.2332383,1.1781291
RGMB,1.2332383,1.1781291
RNF139,1.2332383,1.1781291
SLC39A6,1.2332383,1.1781291
HPD,1.2332383,1.1781291
ITPKC,1.2332383,1.1781291
TMEM209,1.2332383,1.1781291
MFSD14A,1.2332383,1.1781291
ZNF395,1.2332383,1.1781291
HAUS6,1.2332383,1.1781291
SYT9,1.2332383,1.1781291
KRT27,1.2332383,1.1781291
PEX1,1.2332383,1.1781291
CHRNA5,1.2332383,1.1781291
ASCC2,1.2332383,1.1781291
RTN4,1.2332383,1.1781291
DRG2,1.2332383,1.1781291
ZNF544,1.2332383,1.1781291
TMPRSS11A,1.2332383,1.1781291
MGAT2,1.2332383,1.1781291
VIPR1,1.2332383,1.1781291
ZPLD1,1.2332383,1.1781291
GJC1,1.2332383,1.1781291
ITIH6,1.2332383,1.1781291
KLHL34,1.2332383,1.1781291
KLHL33,1.2332383,1.1781291
TP53BP1,1.2332383,1.1781291
HOXA3,1.2332383,1.1781291
ACTL7A,1.2332383,1.1781291
GGT5,1.2332383,1.1781291
ZNF133,1.2332383,1.1781291
URI1,1.2332383,1.1781291
COX10,1.2332383,1.1781291
KRT24,1.2332383,1.1781291
PCDHGB3,1.2332383,1.1781291
OSBPL2,1.2332383,1.1781291
CCDC47,1.2332383,1.1781291
DEPDC7,1.2332383,1.1781291
NHSL2,1.2332383,1.1781291
SLCO4C1,1.2332383,1.1781291
FUBP1,1.2332383,1.1781291
RSPH6A,1.2332383,1.1781291
GPAA1,1.2332383,1.1781291
SLC22A15,1.2332383,1.1781291
MOV10L1,1.2332383,1.1781291
NKRF,1.2332383,1.1781291
ADAM28,1.2332383,1.1781291
RHPN2,1.2332383,1.1781291
MAEA,1.2332383,1.1781291
MTRF1,1.2332383,1.1781291
LMCD1,1.2332383,1.1781291
PCDHA1,1.2332383,1.1781291
SSH2,1.2332383,1.1781291
HES6,1.2332383,1.1781291
EGF,1.2332383,1.1781291
SLC22A3,1.2332383,1.1781291
EIF2D,1.2332383,1.1781291
L3MBTL4,1.2332383,1.1781291
CYP24A1,1.2332383,1.1781291
KBTBD11,1.2332383,1.1781291
THSD7A,1.2332383,1.1781291
SRL,1.2332383,1.1781291
MGAT3,1.2332383,1.1781291
ALKBH8,1.2332383,1.1781291
ZNF791,1.2332383,1.1781291
NLRP4,1.2332383,1.1781291
SCPEP1,1.2332383,1.1781291
PAX4,1.2332383,1.1781291
ATP10B,1.2332383,1.1781291
GPR156,1.2332383,1.1781291
TRIM41,1.2332383,1.1781291
CACNA2D1,1.2332383,1.1781291
MRPS9,1.2332383,1.1781291
TGM4,1.2332383,1.1781291
KRT79,1.2332383,1.1781291
AMT,1.2332383,1.1781291
PWP1,1.2332383,1.1781291
NRIP1,1.2332383,1.1781291
DENND1C,1.2332383,1.1781291
NETO1,1.2332383,1.1781291
MTF1,1.2332383,1.1781291
GSAP,1.2332383,1.1781291
ZNF598,1.2332383,1.1781291
BAG3,1.2332383,1.1781291
GATAD2B,1.2332383,1.1781291
FAM98A,1.2332383,1.1781291
PDHA2,1.2332383,1.1781291
PCDHGA1,1.2332383,1.1781291
PRSS53,1.2332383,1.1781291
TMCC1,1.2332383,1.1781291
ZNF287,1.2332383,1.1781291
ZFYVE19,1.2332383,1.1781291
SECISBP2L,1.2332383,1.1781291
DNAJC3,1.2332383,1.1781291
TRIP6,1.2332383,1.1781291
ZKSCAN5,1.2332383,1.1781291
KHDC4,1.2332383,1.1781291
SERGEF,1.2332383,1.1781291
SLC22A16,1.2332383,1.1781291
SLC25A42,1.2332383,1.1781291
SLC2A3,1.2332383,1.1781291
ASNSD1,1.2332383,1.1781291
TRAF3IP3,1.2332383,1.1781291
GABRP,1.2332383,1.1781291
ACTR3B,1.2332383,1.1781291
SOX2,1.2332383,1.1781291
PISD,1.2332383,1.1781291
CANX,1.2332383,1.1781291
TAZ,1.2332383,1.1781291
NR1I2,1.2332383,1.1781291
SH3BP5,1.2332383,1.1781291
TENT4B,1.2332383,1.1781291
ADGRG1,1.2332383,1.1781291
ALG6,1.2332383,1.1781291
ZER1,1.2332383,1.1781291
FKBP4,1.2332383,1.1781291
LUC7L,1.2332383,1.1781291
RBFOX1,1.2332383,1.1781291
DNAJA3,1.2332383,1.1781291
TBC1D17,1.2332383,1.1781291
DZIP1,1.2332383,1.1781291
CAMTA1,1.2332383,1.1781291
C2CD3,1.2332383,1.1781291
SLC28A3,1.2332383,1.1781291
DLAT,1.2332383,1.1781291
KMT5A,1.2332383,1.1781291
SLC30A6,1.2332383,1.1781291
KIRREL2,1.2332383,1.1781291
SLC22A2,1.2332383,1.1781291
SYT10,1.2332383,1.1781291
QSOX2,1.2332383,1.1781291
GABRA6,1.2332383,1.1781291
ZNF276,1.2332383,1.1781291
HAGH,1.2332383,1.1781291
SLC2A14,1.2332383,1.1781291
APPL2,1.2332383,1.1781291
CNKSR3,1.2332383,1.1781291
ZNF208,1.2332383,1.1781291
CCDC81,1.2332383,1.1781291
KRT71,1.2332383,1.1781291
TRAPPC12,1.2332383,1.1781291
EIPR1,1.2332383,1.1781291
RELA,1.2332383,1.1781291
KRT72,1.2332383,1.1781291
SRPX,1.2332383,1.1781291
GRID1,1.2332383,1.1781291
MYBL1,1.2332383,1.1781291
ANKRD18B,1.2332383,1.1781291
ZNF585A,1.2332383,1.1781291
LAMB3,1.2332383,1.1781291
PTPN7,1.2332383,1.1781291
FSCN3,1.2332383,1.1781291
ERMARD,1.2332383,1.1781291
WASHC2C,1.2332383,1.1781291
TBX6,1.2332383,1.1781291
CHUK,1.2332383,1.1781291
NLRP11,1.2332383,1.1781291
DACH2,1.2332383,1.1781291
PHACTR4,1.2332383,1.1781291
FOLH1,1.2332383,1.1781291
HSPA8,1.2332383,1.1781291
KPNA7,1.2332383,1.1781291
CYP2U1,1.2332383,1.1781291
CBFA2T3,1.2332383,1.1781291
INPP5A,1.2332383,1.1781291
NCAPH2,1.2332383,1.1781291
HAS2,1.2332383,1.1781291
GRB14,1.2332383,1.1781291
ENPP2,1.2332383,1.1781291
CPNE7,1.2332383,1.1781291
TNNT1,1.2332383,1.1781291
MGAT4A,1.2332383,1.1781291
SAMD8,1.2332383,1.1781291
THAP12,1.2332383,1.1781291
OPA3,1.2332383,1.1781291
ILVBL,1.2332383,1.1781291
SLC2A12,1.2332383,1.1781291
PHC2,1.2332383,1.1781291
BACH2,1.2332383,1.1781291
ENO2,1.2332383,1.1781291
SPOPL,1.2332383,1.1781291
DVL2,1.2332383,1.1781291
ANKRD55,1.2332383,1.1781291
ZBTB49,1.2332383,1.1781291
PDZD8,1.2332383,1.1781291
GDA,1.2332383,1.1781291
RTN2,1.2332383,1.1781291
HOOK1,1.2332383,1.1781291
TMCC2,1.2332383,1.1781291
SEPT6,1.2332383,1.1781291
KRT28,1.2332383,1.1781291
ZNF800,1.2332383,1.1781291
MATN3,1.2332383,1.1781291
AUP1,1.2332383,1.1781291
CBFA2T2,1.2332383,1.1781291
SLCO1B7,1.2332383,1.1781291
SLC19A2,1.2332383,1.1781291
SLC17A8,1.2332383,1.1781291
KY,1.2332383,1.1781291
HNRNPAB,1.2332383,1.1781291
MMP19,1.2332383,1.1781291
BCKDHB,1.2332383,1.1781291
SIX1,1.2332383,1.1781291
MAPK8,1.2332383,1.1781291
AKT2,1.2332383,1.1781291
DCAF10,1.2332383,1.1781291
SEC14L4,1.2332383,1.1781291
SNRK,1.2332383,1.1781291
CCDC13,1.2332383,1.1781291
CWF19L2,1.2332383,1.1781291
KHNYN,1.2332383,1.1781291
RLIM,1.2332383,1.1781291
GRAP2,1.2332383,1.1781291
HSF4,1.2332383,1.1781291
CHRM3,1.2332383,1.1781291
WSCD2,1.2332383,1.1781291
NOA1,1.2332383,1.1781291
LMAN1,1.2332383,1.1781291
FNTB,1.2332383,1.1781291
NLE1,1.2332383,1.1781291
SLC9A9,1.2332383,1.1781291
SPATA5L1,1.2332383,1.1781291
IQCA1,1.2332383,1.1781291
TOR1AIP1,1.2332383,1.1781291
ADAMTSL2,1.2332383,1.1781291
ECHDC2,1.2332383,1.1781291
THOC2,1.2332383,1.1781291
DDX18,1.2332383,1.1781291
EFHC2,1.2332383,1.1781291
FES,1.2332383,1.1781291
ACSBG1,1.2332383,1.1781291
PABPC4,1.2332383,1.1781291
CFLAR,1.2332383,1.1781291
GJD2,1.2332383,1.1781291
PRRT4,1.2332383,1.1781291
WNT11,1.2332383,1.1781291
TBX5,1.2332383,1.1781291
ATXN7,1.2332383,1.1781291
NLRP8,1.2332383,1.1781291
AOAH,1.2332383,1.1781291
AGXT2,1.2332383,1.1781291
SLC2A11,1.2332383,1.1781291
LCORL,1.2332383,1.1781291
EIF2B3,1.2332383,1.1781291
EFCAB7,1.2332383,1.1781291
FAM83H,1.2332383,1.1781291
HS3ST2,1.2332383,1.1781291
TRIM6,1.2332383,1.1781291
TEX11,1.2332383,1.1781291
KLHDC7A,1.2332383,1.1781291
AOC2,1.2332383,1.1781291
CAPS2,1.2332383,1.1781291
DNAJC21,1.2332383,1.1781291
SYTL4,1.2332383,1.1781291
WNT8B,1.2332383,1.1781291
CTAGE5,1.2332383,1.1781291
BFSP1,1.2332383,1.1781291
NLK,1.2332383,1.1781291
PTPN2,1.2332383,1.1781291
SPNS2,1.2332383,1.1781291
ZYG11A,1.2332383,1.1781291
SIX3,1.2332383,1.1781291
NEK5,1.2332383,1.1781291
ZNF711,1.2332383,1.1781291
GABRA3,1.2332383,1.1781291
PFKP,1.2332383,1.1781291
PALB2,1.2332383,1.1781291
NYAP1,1.2332383,1.1781291
ATAD1,1.2332383,1.1781291
GBP1,1.2332383,1.1781291
BICRAL,1.2332383,1.1781291
FLOT1,1.2332383,1.1781291
SUCLA2,1.2332383,1.1781291
IGF2BP1,1.2332383,1.1781291
KRT84,1.2332383,1.1781291
LRRC1,1.2332383,1.1781291
TRIM8,1.2332383,1.1781291
OSGIN2,1.2332383,1.1781291
RETSAT,1.2332383,1.1781291
TBXAS1,1.2332383,1.1781291
BBS12,1.2332383,1.1781291
SLC45A3,1.2332383,1.1781291
FMO1,1.2332383,1.1781291
GATM,1.2332383,1.1781291
TOMM70,1.2332383,1.1781291
NKD1,1.2332383,1.1781291
SH3BP4,1.2332383,1.1781291
USP16,1.2332383,1.1781291
KCNS2,1.2332383,1.1781291
DVL1,1.2332383,1.1781291
RPS6KA6,1.2332383,1.1781291
TRIM28,1.2332383,1.1781291
MIS18BP1,1.2332383,1.1781291
KCNJ11,1.2332383,1.1781291
UHRF2,1.2332383,1.1781291
GMPR2,1.2332383,1.1781291
PGAP1,1.2332383,1.1781291
SEPT11,1.2332383,1.1781291
QTRT1,1.2332383,1.1781291
ADNP2,1.2332383,1.1781291
MMRN2,1.2332383,1.1781291
RAB11FIP3,1.2332383,1.1781291
SENP3,1.2332383,1.1781291
HNRNPM,1.2332383,1.1781291
CPNE4,1.2332383,1.1781291
ST7L,1.2332383,1.1781291
SH3BP5L,1.2332383,1.1781291
MAMDC2,1.2332383,1.1781291
ACSL4,1.2332383,1.1781291
KANK3,1.2332383,1.1781291
PCDHB15,1.2332383,1.1781291
MROH9,1.2332383,1.1781291
BACH1,1.2332383,1.1781291
ASIC4,1.2332383,1.1781291
CDCA2,1.2332383,1.1781291
CDHR1,1.2332383,1.1781291
NFKB2,1.2332383,1.1781291
PRPF38A,1.2332383,1.1781291
SALL2,1.2332383,1.1781291
IL12RB2,1.2332383,1.1781291
BMP4,1.2332383,1.1781291
ARFIP2,1.2332383,1.1781291
MBOAT1,1.2332383,1.1781291
DPP7,1.2332383,1.1781291
NGFR,1.2332383,1.1781291
ZCCHC8,1.2332383,1.1781291
PBX2,1.2332383,1.1781291
PCDHA10,1.2332383,1.1781291
CALCOCO1,1.2332383,1.1781291
LCTL,1.2332383,1.1781291
CTNNAL1,1.2332383,1.1781291
GNA15,1.2332383,1.1781291
TTF1,1.2332383,1.1781291
SHTN1,1.2332383,1.1781291
FAF2,1.2332383,1.1781291
NFIC,1.2332383,1.1781291
SLFN11,1.2332383,1.1781291
TRAF3IP1,1.2332383,1.1781291
PHF1,1.2332383,1.1781291
TARS,1.2332383,1.1781291
ATAD3A,1.2332383,1.1781291
ZNF862,1.2332383,1.1781291
CFAP221,1.2332383,1.1781291
RRP1B,1.2332383,1.1781291
ALG5,1.2332383,1.1781291
INTU,1.2332383,1.1781291
PHACTR3,1.2332383,1.1781291
SLC47A1,1.2332383,1.1781291
CDYL2,1.2332383,1.1781291
GJA8,1.2332383,1.1781291
SLC17A6,1.2332383,1.1781291
DUSP16,1.2332383,1.1781291
MFSD5,1.2332383,1.1781291
PNLIP,1.2332383,1.1781291
RNF8,1.2332383,1.1781291
ALG2,1.2332383,1.1781291
WDR37,1.2332383,1.1781291
PIGB,1.2332383,1.1781291
MSI1,1.2332383,1.1781291
IKZF1,1.2332383,1.1781291
LRGUK,1.2332383,1.1781291
SLC9A4,1.2332383,1.1781291
MMP24,1.2332383,1.1781291
ROCK1,1.2332383,1.1781291
TKTL2,1.2332383,1.1781291
RCL1,1.2332383,1.1781291
MPP7,1.2332383,1.1781291
SCMH1,1.2332383,1.1781291
HSPA12A,1.2332383,1.1781291
WNT9A,1.2332383,1.1781291
GRAMD4,1.2332383,1.1781291
DHODH,1.2332383,1.1781291
ARFGAP1,1.2332383,1.1781291
DNAJC1,1.2332383,1.1781291
ARSH,1.2332383,1.1781291
ANKRD13C,1.2332383,1.1781291
MAPKAP1,1.2332383,1.1781291
SLC25A22,1.2332383,1.1781291
FBXO9,1.2332383,1.1781291
PARG,1.2332383,1.1781291
MEF2A,1.2332383,1.1781291
LMF1,1.2332383,1.1781291
PIGV,1.2332383,1.1781291
PIAS1,1.2332383,1.1781291
NRF1,1.2332383,1.1781291
SLC2A6,1.2332383,1.1781291
KRT18,1.2332383,1.1781291
MEF2B,1.2332383,1.1781291
PRKD2,1.2332383,1.1781291
RFX5,1.2332383,1.1781291
ZC3H12D,1.2332383,1.1781291
PMPCA,1.2332383,1.1781291
AKT3,1.2332383,1.1781291
IRF9,1.2332383,1.1781291
CDC16,1.2332383,1.1781291
AQP1,1.2332383,1.1781291
GGA1,1.2332383,1.1781291
TGFBRAP1,1.2332383,1.1781291
SLITRK5,1.2332383,1.1781291
TAF4B,1.2332383,1.1781291
ATF6B,1.2332383,1.1781291
PHKG2,1.2332383,1.1781291
LRWD1,1.2332383,1.1781291
MEIS1,1.2332383,1.1781291
API5,1.2332383,1.1781291
LIN54,1.2332383,1.1781291
MAG,1.2332383,1.1781291
NEK2,1.2332383,1.1781291
C3orf67,1.2332383,1.1781291
PLBD2,1.2332383,1.1781291
SCFD2,1.2332383,1.1781291
ZNF217,1.2332383,1.1781291
POLR1C,1.2332383,1.1781291
AFAP1L2,1.2332383,1.1781291
CSRNP3,1.2332383,1.1781291
RNF103,1.2332383,1.1781291
CDCA7L,1.2332383,1.1781291
ZDHHC13,1.2332383,1.1781291
ZFP90,1.2332383,1.1781291
TOM1L2,1.2332383,1.1781291
TTC8,1.2332383,1.1781291
UTP4,1.2332383,1.1781291
TRMT2A,1.2332383,1.1781291
PLXDC2,1.2332383,1.1781291
MUM1,1.2332383,1.1781291
GLDC,1.2332383,1.1781291
CAMK2D,1.2332383,1.1781291
ADGRE5,1.2332383,1.1781291
KCNJ16,1.2332383,1.1781291
LIMD1,1.2332383,1.1781291
WDR1,1.2332383,1.1781291
PTCHD3,1.2332383,1.1781291
SEPT4,1.2332383,1.1781291
USF1,1.2332383,1.1781291
CEP85,1.2332383,1.1781291
SLC22A17,1.2332383,1.1781291
SLC1A3,1.2332383,1.1781291
HABP2,1.2332383,1.1781291
DSC3,1.2332383,1.1781291
PLCH1,1.2332383,1.1781291
KRT77,1.2332383,1.1781291
ZNF74,1.2332383,1.1781291
DNAJC14,1.2332383,1.1781291
LRFN1,1.2332383,1.1781291
NUAK2,1.2332383,1.1781291
IL31RA,1.2332383,1.1781291
MID1,1.2332383,1.1781291
QSOX1,1.2332383,1.1781291
EPS8L3,1.2332383,1.1781291
TMEM132A,1.2332383,1.1781291
PPP3CC,1.2332383,1.1781291
ZNF333,1.2332383,1.1781291
CEP83,1.2332383,1.1781291
RBM28,1.2332383,1.1781291
CCT6A,1.2332383,1.1781291
FASTKD1,1.2332383,1.1781291
PHC1,1.2332383,1.1781291
C2orf42,1.2332383,1.1781291
PGD,1.2332383,1.1781291
TROAP,1.2332383,1.1781291
TNFRSF1A,1.2332383,1.1781291
LRRC8C,1.2332383,1.1781291
CDK5RAP3,1.2332383,1.1781291
CIAO3,1.2332383,1.1781291
LPCAT3,1.2332383,1.1781291
PRKAA2,1.2332383,1.1781291
PDZD4,1.2332383,1.1781291
F2,1.2332383,1.1781291
TMEM161A,1.2332383,1.1781291
SMARCD3,1.2332383,1.1781291
EEPD1,1.2332383,1.1781291
ADCK1,1.2332383,1.1781291
TUBB2B,1.2332383,1.1781291
ZBTB47,1.2332383,1.1781291
TRIM32,1.2332383,1.1781291
NYAP2,1.2332383,1.1781291
TMEM63C,1.2332383,1.1781291
HDAC2,1.2332383,1.1781291
MDM1,1.2332383,1.1781291
PCDHA9,1.2332383,1.1781291
AJM1,1.2332383,1.1781291
KLHL17,1.2332383,1.1781291
ABHD4,1.2332383,1.1781291
MASTL,1.2332383,1.1781291
STEAP2,1.2332383,1.1781291
NELFE,1.2332383,1.1781291
NLRP9,1.2332383,1.1781291
DOK7,1.2332383,1.1781291
PSMC6,1.2332383,1.1781291
CLINT1,1.2332383,1.1781291
MIER1,1.2332383,1.1781291
GPM6B,1.2332383,1.1781291
EPS8L2,1.2332383,1.1781291
NUCB1,1.2332383,1.1781291
C10orf71,1.2332383,1.1781291
RALGPS2,1.2332383,1.1781291
GDI2,1.2332383,1.1781291
GABRQ,1.2332383,1.1781291
ZNF45,1.2332383,1.1781291
WDR76,1.2332383,1.1781291
IRF7,1.2332383,1.1781291
HSPA12B,1.2332383,1.1781291
CHST5,1.2332383,1.1781291
CSTF1,1.2332383,1.1781291
CREM,1.2332383,1.1781291
DNM2,1.2332383,1.1781291
NDUFA9,1.2332383,1.1781291
FEM1C,1.2332383,1.1781291
UBA3,1.2332383,1.1781291
PHF10,1.2332383,1.1781291
EGFL6,1.2332383,1.1781291
PRKAG3,1.2332383,1.1781291
SCUBE1,1.2332383,1.1781291
CRLF1,1.2332383,1.1781291
A2M,1.2332383,1.1781291
TXNDC11,1.2332383,1.1781291
URGCP,1.2332383,1.1781291
CCDC33,1.2332383,1.1781291
MAT2A,1.2332383,1.1781291
MPI,1.2332383,1.1781291
AGPAT3,1.2332383,1.1781291
DDX52,1.2332383,1.1781291
PRKAG1,1.2332383,1.1781291
TSNAXIP1,1.2332383,1.1781291
PCDHGA9,1.2332383,1.1781291
NADK,1.2332383,1.1781291
GK5,1.2332383,1.1781291
KRT82,1.2332383,1.1781291
PPARGC1A,1.2332383,1.1781291
DMAP1,1.2332383,1.1781291
ZC3H6,1.2332383,1.1781291
SCLY,1.2332383,1.1781291
GMPR,1.2332383,1.1781291
PDSS1,1.2332383,1.1781291
CHST4,1.2332383,1.1781291
EP400,1.2332383,1.1781291
CHRNB3,1.2332383,1.1781291
GEN1,1.2332383,1.1781291
JPH2,1.2332383,1.1781291
CAPN5,1.2332383,1.1781291
GLRB,1.2332383,1.1781291
APEH,1.2332383,1.1781291
ACBD3,1.2332383,1.1781291
AIPL1,1.2332383,1.1781291
FHL2,1.2332383,1.1781291
PPP1R26,1.2332383,1.1781291
PRICKLE2,1.2332383,1.1781291
GALK1,1.2332383,1.1781291
HELB,1.2332383,1.1781291
ISL1,1.2332383,1.1781291
CDH17,1.2332383,1.1781291
DPH2,1.2332383,1.1781291
HPS1,1.2332383,1.1781291
NDUFA10,1.2332383,1.1781291
KDM2A,1.2332383,1.1781291
PIPOX,1.2332383,1.1781291
SIRT1,1.2332383,1.1781291
DHX40,1.2332383,1.1781291
BRD2,1.2332383,1.1781291
EXD3,1.2332383,1.1781291
LCA5,1.2332383,1.1781291
MID2,1.2332383,1.1781291
TBC1D10C,1.2332383,1.1781291
FOXP3,1.2332383,1.1781291
SYCP2L,1.2332383,1.1781291
SLC25A37,1.2332383,1.1781291
PCDHA12,1.2332383,1.1781291
SCNN1B,1.2332383,1.1781291
SMARCAD1,1.2332383,1.1781291
KLHL35,1.2332383,1.1781291
DCST1,1.2332383,1.1781291
ANO10,1.2332383,1.1781291
ESRRA,1.2332383,1.1781291
MPP2,1.2332383,1.1781291
NLRP7,1.2332383,1.1781291
PLK2,1.2332383,1.1781291
GPAT3,1.2332383,1.1781291
IRAK1,1.2332383,1.1781291
PDE12,1.2332383,1.1781291
NDST1,1.2332383,1.1781291
P4HA3,1.2332383,1.1781291
TTLL9,1.2332383,1.1781291
FKTN,1.2332383,1.1781291
ATXN1,1.2332383,1.1781291
TTC39B,1.2332383,1.1781291
SEC14L3,1.2332383,1.1781291
NOP58,1.2332383,1.1781291
ZNF343,1.2332383,1.1781291
TLR8,1.2332383,1.1781291
TSHZ3,1.2332383,1.1781291
FOXRED2,1.2332383,1.1781291
STAT5A,1.2332383,1.1781291
MASP1,1.2332383,1.1781291
NMNAT2,1.2332383,1.1781291
SSBP3,1.2332383,1.1781291
SUMF1,1.2332383,1.1781291
LRTOMT,1.2332383,1.1781291
NCLN,1.2332383,1.1781291
FA2H,1.2332383,1.1781291
PXK,1.2332383,1.1781291
ARHGEF25,1.2332383,1.1781291
NCDN,1.2332383,1.1781291
BFSP2,1.2332383,1.1781291
SF1,1.2332383,1.1781291
ERAP2,1.2332383,1.1781291
NRBP1,1.2332383,1.1781291
MFSD8,1.2332383,1.1781291
GNAI2,1.2332383,1.1781291
GJA1,1.2332383,1.1781291
SELENBP1,1.2332383,1.1781291
KCNH4,1.2332383,1.1781291
MORC2,1.2332383,1.1781291
DZANK1,1.2332383,1.1781291
MBD3,1.2332383,1.1781291
FOXO4,1.2332383,1.1781291
TMPRSS3,1.2332383,1.1781291
ZNF512,1.2332383,1.1781291
PPAT,1.2332383,1.1781291
ALDH1A2,1.2332383,1.1781291
HHATL,1.2332383,1.1781291
AGRN,1.2332383,1.1781291
TMEM132E,1.2332383,1.1781291
RASGRP2,1.2332383,1.1781291
VEZT,1.2332383,1.1781291
ALB,1.2332383,1.1781291
PDE7B,1.2332383,1.1781291
DLD,1.2332383,1.1781291
MEIS3,1.2332383,1.1781291
PARP6,1.2332383,1.1781291
ADGRG2,1.2332383,1.1781291
MEPCE,1.2332383,1.1781291
NFIX,1.2332383,1.1781291
SLC13A3,1.2332383,1.1781291
TBXT,1.2332383,1.1781291
EVX2,1.2332383,1.1781291
HMGCS1,1.2332383,1.1781291
FAF1,1.2332383,1.1781291
KRT19,1.2332383,1.1781291
ZNF536,1.2332383,1.1781291
ANKRD62,1.2332383,1.1781291
CCNL1,1.2332383,1.1781291
KRT73,1.2332383,1.1781291
TMEM8A,1.2332383,1.1781291
MUS81,1.2332383,1.1781291
TPM4,1.2332383,1.1781291
SEPT8,1.2332383,1.1781291
ELL,1.2332383,1.1781291
FAM161A,1.2332383,1.1781291
DDX55,1.2332383,1.1781291
GALE,1.2332383,1.1781291
TRMU,1.2332383,1.1781291
CDC14A,1.2332383,1.1781291
PLK1,1.2332383,1.1781291
SMARCA4,1.2332383,1.1781291
FAM160B2,1.2332383,1.1781291
NCBP3,1.2332383,1.1781291
DTL,1.2332383,1.1781291
GLRA4,1.2332383,1.1781291
GNAI3,1.2332383,1.1781291
ERO1B,1.2332383,1.1781291
SLITRK2,1.2332383,1.1781291
ABCB9,1.2332383,1.1781291
FBL,1.2332383,1.1781291
NAALAD2,1.2332383,1.1781291
SLC37A1,1.2332383,1.1781291
MMP16,1.2332383,1.1781291
SH2D4A,1.2332383,1.1781291
GK,1.2332383,1.1781291
SIGLEC10,1.2332383,1.1781291
DENND6B,1.2332383,1.1781291
FOXC1,1.2332383,1.1781291
KRI1,1.2332383,1.1781291
CYP4F11,1.2332383,1.1781291
KNTC1,1.2332383,1.1781291
SOX3,1.2332383,1.1781291
ITGA1,1.2332383,1.1781291
INCENP,1.2332383,1.1781291
BRPF1,1.2332383,1.1781291
TMPRSS13,1.2332383,1.1781291
MICAL2,1.2332383,1.1781291
CDC20,1.2332383,1.1781291
SPOCD1,1.2332383,1.1781291
THOC1,1.2332383,1.1781291
SCNN1G,1.2332383,1.1781291
FLOT2,1.2332383,1.1781291
TMPRSS11F,1.2332383,1.1781291
RRP9,1.2332383,1.1781291
TDP1,1.2332383,1.1781291
SLC27A5,1.2332383,1.1781291
STK11,1.2332383,1.1781291
EPPK1,1.2332383,1.1781291
FIBCD1,1.2332383,1.1781291
PCDHA7,1.2332383,1.1781291
HJV,1.2332383,1.1781291
TCTN1,1.2332383,1.1781291
USP39,1.2332383,1.1781291
ALOX15,1.2332383,1.1781291
SLC45A2,1.2332383,1.1781291
FAM129A,1.2332383,1.1781291
OTUD7A,1.2332383,1.1781291
PCK1,1.2332383,1.1781291
C16orf96,1.2332383,1.1781291
RTCB,1.2332383,1.1781291
DDX59,1.2332383,1.1781291
ING3,1.2332383,1.1781291
GTF3C5,1.2332383,1.1781291
TMC8,1.2332383,1.1781291
SRSF4,1.2332383,1.1781291
SLC37A2,1.2332383,1.1781291
ADAD1,1.2332383,1.1781291
ADCYAP1R1,1.2332383,1.1781291
SLC2A5,1.2332383,1.1781291
TMEM161B,1.2332383,1.1781291
GSR,1.2332383,1.1781291
FNDC7,1.2332383,1.1781291
TRIP13,1.2332383,1.1781291
MTBP,1.2332383,1.1781291
NT5DC2,1.2332383,1.1781291
SYTL5,1.2332383,1.1781291
MAPK8IP3,1.2332383,1.1781291
CYTH1,1.2332383,1.1781291
KANK4,1.2332383,1.1781291
PPEF2,1.2332383,1.1781291
ARHGEF33,1.2332383,1.1781291
LMX1A,1.2332383,1.1781291
SERPINC1,1.2332383,1.1781291
MAOB,1.2332383,1.1781291
ACAN,1.2332383,1.1781291
PARP10,1.2332383,1.1781291
ZC3HC1,1.2332383,1.1781291
C7orf55-LUC7L2,1.2332383,1.1781291
PCDHA4,1.2332383,1.1781291
OTOA,1.2332383,1.1781291
APBA2,1.2332383,1.1781291
IQCB1,1.2332383,1.1781291
FAM160A1,1.2332383,1.1781291
MFSD2B,1.2332383,1.1781291
EXD2,1.2332383,1.1781291
ALDH1A3,1.2332383,1.1781291
SLITRK4,1.2332383,1.1781291
DMTF1,1.2332383,1.1781291
TRMT44,1.2332383,1.1781291
HERC5,1.2332383,1.1781291
RARS2,1.2332383,1.1781291
KLHL10,1.2332383,1.1781291
F10,1.2332383,1.1781291
ZC3HAV1,1.2332383,1.1781291
TBCCD1,1.2332383,1.1781291
KHSRP,1.2332383,1.1781291
IL17RC,1.2332383,1.1781291
MAP3K2,1.2332383,1.1781291
DDN,1.2332383,1.1781291
DGCR2,1.2332383,1.1781291
SEPT9,1.2332383,1.1781291
LIN9,1.2332383,1.1781291
SLC24A3,1.2332383,1.1781291
CCDC175,1.2332383,1.1781291
ACTL6A,1.2332383,1.1781291
METAP2,1.2332383,1.1781291
GRIPAP1,1.2332383,1.1781291
TENM2,1.2332383,1.1781291
MALT1,1.2332383,1.1781291
PPP2R2B,1.2332383,1.1781291
KCNN1,1.2332383,1.1781291
ZYX,1.2332383,1.1781291
BTBD1,1.2332383,1.1781291
PPP2R5C,1.2332383,1.1781291
ASIC3,1.2332383,1.1781291
SIGLEC1,1.2332383,1.1781291
PIP5K1A,1.2332383,1.1781291
EXOC3L1,1.2332383,1.1781291
APAF1,1.2332383,1.1781291
DCST2,1.2332383,1.1781291
NR2E1,1.2332383,1.1781291
ACSL5,1.2332383,1.1781291
ADCK5,1.2332383,1.1781291
CRACR2A,1.2332383,1.1781291
GNAS,1.2332383,1.1781291
MLXIPL,1.2332383,1.1781291
AFAP1,1.2332383,1.1781291
GALNT12,1.2332383,1.1781291
SMYD4,1.2332383,1.1781291
GALNT15,1.2332383,1.1781291
ICAM5,1.2332383,1.1781291
OLFML3,1.2332383,1.1781291
CERS5,1.2332383,1.1781291
PLK3,1.2332383,1.1781291
TRPM2,1.2332383,1.1781291
PHB2,1.2332383,1.1781291
ULK3,1.2332383,1.1781291
C12orf10,1.2332383,1.1781291
KCNJ12,1.2332383,1.1781291
SLCO4A1,1.2332383,1.1781291
CCKBR,1.2332383,1.1781291
GATAD2A,1.2332383,1.1781291
PHACTR2,1.2332383,1.1781291
RASIP1,1.2332383,1.1781291
PTH1R,1.2332383,1.1781291
CSF2RB,1.2332383,1.1781291
RNF19B,1.2332383,1.1781291
AKAP1,1.2332383,1.1781291
NIPAL3,1.2332383,1.1781291
NECTIN3,1.2332383,1.1781291
SLITRK1,1.2332383,1.1781291
GALK2,1.2332383,1.1781291
GCNT2,1.2332383,1.1781291
NXN,1.2332383,1.1781291
RBM47,1.2332383,1.1781291
CCDC6,1.2332383,1.1781291
PPP6R1,1.2332383,1.1781291
IMPG1,1.2332383,1.1781291
FOXC2,1.2332383,1.1781291
RXFP2,1.2332383,1.1781291
MON1A,1.2332383,1.1781291
SPEN,1.2332383,1.1781291
SUSD1,1.2332383,1.1781291
PIGQ,1.2332383,1.1781291
C1S,1.2332383,1.1781291
WNT7A,1.2332383,1.1781291
SUV39H2,1.2332383,1.1781291
CTNND2,1.2332383,1.1781291
PARP12,1.2332383,1.1781291
ARHGAP6,1.2332383,1.1781291
N4BP2L2,1.2332383,1.1781291
DNPEP,1.2332383,1.1781291
EPN3,1.2332383,1.1781291
ARHGEF16,1.2332383,1.1781291
AMFR,1.2332383,1.1781291
PDE7A,1.2332383,1.1781291
BTBD3,1.2332383,1.1781291
COG7,1.2332383,1.1781291
KLHL4,1.2332383,1.1781291
PCARE,1.2332383,1.1781291
OSBP,1.2332383,1.1781291
CNOT6L,1.2332383,1.1781291
KMT5C,1.2332383,1.1781291
KIAA1841,1.2332383,1.1781291
SRSF6,1.2332383,1.1781291
FBXO30,1.2332383,1.1781291
NPHS2,1.2332383,1.1781291
ZBTB4,1.2332383,1.1781291
NAE1,1.2332383,1.1781291
MTSS1,1.2332383,1.1781291
AGXT,1.2332383,1.1781291
NCAM2,1.2332383,1.1781291
LYN,1.2332383,1.1781291
CYP4V2,1.2332383,1.1781291
TRAF6,1.2332383,1.1781291
CYP26A1,1.2332383,1.1781291
SLCO1C1,1.2332383,1.1781291
PROM1,1.2332383,1.1781291
C12orf4,1.2332383,1.1781291
DDX49,1.2332383,1.1781291
PTPN9,1.2332383,1.1781291
THOC5,1.2332383,1.1781291
DDX51,1.2332383,1.1781291
GP2,1.2332383,1.1781291
SMAD5,1.2332383,1.1781291
NEK11,1.2332383,1.1781291
KIF21B,1.2332383,1.1781291
TAX1BP1,1.2332383,1.1781291
IP6K2,1.2332383,1.1781291
GAB2,1.2332383,1.1781291
RNF43,1.2332383,1.1781291
ACTBL2,1.2332383,1.1781291
GPT,1.2332383,1.1781291
HAUS5,1.2332383,1.1781291
SYTL1,1.2332383,1.1781291
BARD1,1.2332383,1.1781291
SGCA,1.2332383,1.1781291
C1orf112,1.2332383,1.1781291
PGM3,1.2332383,1.1781291
ACE2,1.2332383,1.1781291
PROM2,1.2332383,1.1781291
HSPA4L,1.2332383,1.1781291
FBXO41,1.2332383,1.1781291
PLS3,1.2332383,1.1781291
SLC22A6,1.2332383,1.1781291
SMARCA2,1.2332383,1.1781291
KMT2B,1.2332383,1.1781291
IL4I1,1.2332383,1.1781291
ECD,1.2332383,1.1781291
CDH18,1.2332383,1.1781291
ZBTB46,1.2332383,1.1781291
NR1I3,1.2332383,1.1781291
TBC1D30,1.2332383,1.1781291
CSTF2,1.2332383,1.1781291
OPRM1,1.2332383,1.1781291
PTPN12,1.2332383,1.1781291
TMEM63A,1.2332383,1.1781291
COL18A1,1.2332383,1.1781291
TNK1,1.2332383,1.1781291
TULP3,1.2332383,1.1781291
ACTR3,1.2332383,1.1781291
CDH16,1.2332383,1.1781291
SPICE1,1.2332383,1.1781291
ZNF804A,1.2332383,1.1781291
PTPN5,1.2332383,1.1781291
ZNF420,1.2332383,1.1781291
TFAP2D,1.2332383,1.1781291
RXFP1,1.2332383,1.1781291
CATSPERB,1.2332383,1.1781291
ANKRD18A,1.2332383,1.1781291
PRMT7,1.2332383,1.1781291
TUBA3D,1.2332383,1.1781291
KIAA1614,1.2332383,1.1781291
ARHGAP28,1.2332383,1.1781291
LRCH4,1.2332383,1.1781291
HAGHL,1.2332383,1.1781291
MFSD13A,1.2332383,1.1781291
MGAT4B,1.2332383,1.1781291
DDX25,1.2332383,1.1781291
CPEB1,1.2332383,1.1781291
KAT5,1.2332383,1.1781291
JAKMIP3,1.2332383,1.1781291
NACAD,1.2332383,1.1781291
PXDNL,1.2332383,1.1781291
CEP97,1.2332383,1.1781291
PICK1,1.2332383,1.1781291
MATN1,1.2332383,1.1781291
EMILIN2,1.2332383,1.1781291
BBS5,1.2332383,1.1781291
ACSM2A,1.2332383,1.1781291
IGDCC3,1.2332383,1.1781291
DDX47,1.2332383,1.1781291
ZP1,1.2332383,1.1781291
CFAP69,1.2332383,1.1781291
NT5E,1.2332383,1.1781291
ZNF592,1.2332383,1.1781291
PDLIM7,1.2332383,1.1781291
ETV5,1.2332383,1.1781291
PGS1,1.2332383,1.1781291
PLEKHG2,1.2332383,1.1781291
PAK5,1.2332383,1.1781291
HPN,1.2332383,1.1781291
SIX6,1.2332383,1.1781291
RUBCNL,1.2332383,1.1781291
CYP4A11,1.2332383,1.1781291
ZYG11B,1.2332383,1.1781291
MAPK8IP1,1.2332383,1.1781291
CATSPER4,1.2332383,1.1781291
FCRLB,1.2332383,1.1781291
MON1B,1.2332383,1.1781291
EPHA6,1.2332383,1.1781291
PTGFRN,1.2332383,1.1781291
SLC25A24,1.2332383,1.1781291
DUSP13,1.2332383,1.1781291
ADAT1,1.2332383,1.1781291
FAM193A,1.2332383,1.1781291
ANKRD30A,1.2332383,1.1781291
CPNE6,1.2332383,1.1781291
MTUS2,1.2332383,1.1781291
TCP1,1.2332383,1.1781291
YARS2,1.2332383,1.1781291
GJC2,1.2332383,1.1781291
SLC25A27,1.2332383,1.1781291
CHAT,1.2332383,1.1781291
CFAP52,1.2332383,1.1781291
NPR3,1.2332383,1.1781291
FAM129C,1.2332383,1.1781291
CEP126,1.2332383,1.1781291
MAMLD1,1.2332383,1.1781291
BCL6,1.2332383,1.1781291
ABHD18,1.2332383,1.1781291
VAX1,1.2332383,1.1781291
BRDT,1.2332383,1.1781291
ABI1,1.2332383,1.1781291
L2HGDH,1.2332383,1.1781291
WDPCP,1.2332383,1.1781291
KCNJ5,1.2332383,1.1781291
SRRM5,1.2332383,1.1781291
GOLGA1,1.2332383,1.1781291
KRT17,1.2332383,1.1781291
DET1,1.2332383,1.1781291
NMT2,1.2332383,1.1781291
KANK2,1.2332383,1.1781291
ABL1,1.2332383,1.1781291
PEAR1,1.2332383,1.1781291
UNC79,1.2332383,1.1781291
FAM20B,1.2332383,1.1781291
GBX2,1.2332383,1.1781291
MARS2,1.2332383,1.1781291
KRT8,1.2332383,1.1781291
SEC61A2,1.2332383,1.1781291
CLASP2,1.2332383,1.1781291
SYCP1,1.2332383,1.1781291
CABP1,1.2332383,1.1781291
IL12RB1,1.2332383,1.1781291
ZP2,1.2332383,1.1781291
SLC44A1,1.2332383,1.1781291
SHMT1,1.2332383,1.1781291
KAT14,1.2332383,1.1781291
OSBPL11,1.2332383,1.1781291
NETO2,1.2332383,1.1781291
CDH26,1.2332383,1.1781291
PCYT2,1.2332383,1.1781291
NARS2,1.2332383,1.1781291
ZCWPW1,1.2332383,1.1781291
TESK1,1.2332383,1.1781291
TTLL12,1.2332383,1.1781291
ADD3,1.2332383,1.1781291
ESF1,1.2332383,1.1781291
GEMIN4,1.2332383,1.1781291
CORO2A,1.2332383,1.1781291
GATA5,1.2332383,1.1781291
DDOST,1.2332383,1.1781291
P4HA1,1.2332383,1.1781291
CHTOP,1.2332383,1.1781291
ZDHHC17,1.2332383,1.1781291
GPAT4,1.2332383,1.1781291
SLC24A2,1.2332383,1.1781291
RBCK1,1.2332383,1.1781291
TCHP,1.2332383,1.1781291
MAP3K11,1.2332383,1.1781291
CMIP,1.2332383,1.1781291
CXXC1,1.2332383,1.1781291
RNF111,1.2332383,1.1781291
IDH1,1.2332383,1.1781291
GLA,1.2332383,1.1781291
HDAC10,1.2332383,1.1781291
PCDHA5,1.2332383,1.1781291
PCDHA2,1.2332383,1.1781291
FRMPD2,1.2332383,1.1781291
PHGDH,1.2332383,1.1781291
VIPR2,1.2332383,1.1781291
DHX9,1.2332383,1.1781291
BICDL1,1.2332383,1.1781291
CENPC,1.2332383,1.1781291
CCP110,1.2332383,1.1781291
CEP89,1.2332383,1.1781291
MICU1,1.2332383,1.1781291
WNT4,1.2332383,1.1781291
TNFSF12,1.2332383,1.1781291
SNX19,1.2332383,1.1781291
SPAG1,1.2332383,1.1781291
KYAT1,1.2332383,1.1781291
ZBTB17,1.2332383,1.1781291
TUBA3E,1.2332383,1.1781291
MAP4,1.2332383,1.1781291
GAD1,1.2332383,1.1781291
COL3A1,1.2332383,1.1781291
LPP,1.2332383,1.1781291
PPIG,1.2332383,1.1781291
FCHO1,1.2332383,1.1781291
CASC1,1.2332383,1.1781291
RCC1,1.2332383,1.1781291
TNN,1.2332383,1.1781291
GNA14,1.2332383,1.1781291
OGG1,1.2332383,1.1781291
LMTK2,1.2332383,1.1781291
TLR9,1.2332383,1.1781291
LZTS2,1.2332383,1.1781291
GOT1,1.2332383,1.1781291
ALDOC,1.2332383,1.1781291
TASP1,1.2332383,1.1781291
TTC39C,1.2332383,1.1781291
NLRC5,1.2332383,1.1781291
PCDHGA7,1.2332383,1.1781291
SERPINH1,1.2332383,1.1781291
ACSM2B,1.2332383,1.1781291
SOX7,1.2332383,1.1781291
BRAP,1.2332383,1.1781291
SLC26A2,1.2332383,1.1781291
RNF207,1.2332383,1.1781291
STS,1.2332383,1.1781291
CNOT10,1.2332383,1.1781291
BMP6,1.2332383,1.1781291
SEMA4F,1.2332383,1.1781291
CKMT2,1.2332383,1.1781291
GAB1,1.2332383,1.1781291
TTC39A,1.2332383,1.1781291
SLC7A6,1.2332383,1.1781291
CPOX,1.2332383,1.1781291
DSC2,1.2332383,1.1781291
SLC44A5,1.2332383,1.1781291
NAALADL1,1.2332383,1.1781291
TBC1D25,1.2332383,1.1781291
COASY,1.2332383,1.1781291
SLC4A1AP,1.2332383,1.1781291
ITIH3,1.2332383,1.1781291
TNS4,1.2332383,1.1781291
MASP2,1.2332383,1.1781291
PHKG1,1.2332383,1.1781291
ZNF546,1.2332383,1.1781291
NAGA,1.2332383,1.1781291
SHOX2,1.2332383,1.1781291
TGFBR2,1.2332383,1.1781291
PTPRS,1.2332383,1.1781291
SESTD1,1.2332383,1.1781291
CPNE9,1.2332383,1.1781291
PPP1R12C,1.2332383,1.1781291
CES5A,1.2332383,1.1781291
ANKS3,1.2332383,1.1781291
KANSL3,1.2332383,1.1781291
PPP1R16A,1.2332383,1.1781291
TGFBR3,1.2332383,1.1781291
ARHGAP35,1.2332383,1.1781291
MAPK10,1.2332383,1.1781291
CCDC15,1.2332383,1.1781291
ITPRID1,1.2332383,1.1781291
COG2,1.2332383,1.1781291
TRDN,1.2332383,1.1781291
CHFR,1.2332383,1.1781291
YARS,1.2332383,1.1781291
ALX4,1.2332383,1.1781291
GALNT13,1.2332383,1.1781291
CBLC,1.2332383,1.1781291
SACM1L,1.2332383,1.1781291
KBTBD8,1.2332383,1.1781291
DAGLB,1.2332383,1.1781291
IFFO1,1.2332383,1.1781291
PTPN1,1.2332383,1.1781291
LIMS2,1.2332383,1.1781291
GRAMD1C,1.2332383,1.1781291
MAPK7,1.2332383,1.1781291
TCTN3,1.2332383,1.1781291
KRT14,1.2332383,1.1781291
CCDC14,1.2332383,1.1781291
ITGAV,1.2332383,1.1781291
TYMP,1.2332383,1.1781291
NKX2-1,1.2332383,1.1781291
ZCCHC2,1.2332383,1.1781291
RNF157,1.2332383,1.1781291
SOX8,1.2332383,1.1781291
JPH4,1.2332383,1.1781291
ACTR10,1.2332383,1.1781291
IQCN,1.2332383,1.1781291
CAMKK2,1.2332383,1.1781291
HK1,1.2332383,1.1781291
CLN3,1.2332383,1.1781291
LIPC,1.2332383,1.1781291
PPP6R2,1.2332383,1.1781291
ANGPTL2,1.2332383,1.1781291
MSH3,1.2332383,1.1781291
XRCC5,1.2332383,1.1781291
ZMYM1,1.2332383,1.1781291
SIMC1,1.2332383,1.1781291
ARNT2,1.2332383,1.1781291
KRT83,1.2332383,1.1781291
GNA11,1.2332383,1.1781291
KRT12,1.2332383,1.1781291
PAOX,1.2332383,1.1781291
DPY19L1,1.2332383,1.1781291
IL6ST,1.2332383,1.1781291
RPS6KB1,1.2332383,1.1781291
WNT3,1.2332383,1.1781291
KRT10,1.2332383,1.1781291
ZNF780B,1.2332383,1.1781291
TSPEAR,1.2332383,1.1781291
RBM15B,1.2332383,1.1781291
LGI2,1.2332383,1.1781291
INTS10,1.2332383,1.1781291
GNL1,1.2332383,1.1781291
GAS2L2,1.2332383,1.1781291
PLAA,1.2332383,1.1781291
TBC1D15,1.2332383,1.1781291
COL2A1,1.2332383,1.1781291
PDLIM5,1.2332383,1.1781291
AGAP1,1.2332383,1.1781291
IDH2,1.2332383,1.1781291
PDHA1,1.2332383,1.1781291
KANSL2,1.2332383,1.1781291
MATR3,1.2332383,1.1781291
DBN1,1.2332383,1.1781291
LNX1,1.2332383,1.1781291
CRTAC1,1.2332383,1.1781291
SNX9,1.2332383,1.1781291
CHRNA1,1.2332383,1.1781291
TNRC18,1.2332383,1.1781291
DMGDH,1.2332383,1.1781291
SLC37A3,1.2332383,1.1781291
GNA13,1.2332383,1.1781291
CPSF3,1.2332383,1.1781291
SCARB1,1.2332383,1.1781291
ARMH3,1.2332383,1.1781291
GDF5,1.2332383,1.1781291
GPR155,1.2332383,1.1781291
VEPH1,1.2332383,1.1781291
POLA2,1.2332383,1.1781291
SEMA4C,1.2332383,1.1781291
KRT15,1.2332383,1.1781291
FDXR,1.2332383,1.1781291
HOXD3,1.2332383,1.1781291
ATP8A1,1.2332383,1.1781291
HGD,1.2332383,1.1781291
CPNE5,1.2332383,1.1781291
ISY1,1.2332383,1.1781291
APPL1,1.2332383,1.1781291
TUFM,1.2332383,1.1781291
CFP,1.2332383,1.1781291
RTKN2,1.2332383,1.1781291
SPATA31E1,1.2332383,1.1781291
PLRG1,1.2332383,1.1781291
TPTE2,1.2332383,1.1781291
P2RX2,1.2332383,1.1781291
PTCD1,1.2332383,1.1781291
PPP1R13L,1.2332383,1.1781291
ETF1,1.2332383,1.1781291
CASD1,1.2332383,1.1781291
DOLK,1.2332383,1.1781291
TAF5L,1.2332383,1.1781291
SIAE,1.2332383,1.1781291
KLHL30,1.2332383,1.1781291
SPIRE1,1.2332383,1.1781291
WDR33,1.2332383,1.1781291
ATE1,1.2332383,1.1781291
MAT1A,1.2332383,1.1781291
SLC7A9,1.2332383,1.1781291
RNF19A,1.2332383,1.1781291
LTF,1.2332383,1.1781291
SLC30A9,1.2332383,1.1781291
CLIP4,1.2332383,1.1781291
EIF3L,1.2332383,1.1781291
SLC22A4,1.2332383,1.1781291
CPNE2,1.2332383,1.1781291
PSMC1,1.2332383,1.1781291
DDX58,1.2332383,1.1781291
USP47,1.2332383,1.1781291
BICD2,1.2332383,1.1781291
ANKRD13B,1.2332383,1.1781291
ZNF227,1.2332383,1.1781291
RYK,1.2332383,1.1781291
FXR1,1.2332383,1.1781291
PCDH20,1.2332383,1.1781291
NT5C1B,1.2332383,1.1781291
SYNE3,1.2332383,1.1781291
CCT2,1.2332383,1.1781291
NEU1,1.2332383,1.1781291
GPT2,1.2332383,1.1781291
CPEB3,1.2332383,1.1781291
MOXD1,1.2332383,1.1781291
SELENOO,1.2332383,1.1781291
TPX2,1.2332383,1.1781291
PDZD2,1.2332383,1.1781291
ALG3,1.2332383,1.1781291
TMEM132D,1.2332383,1.1781291
PPP2R1B,1.2332383,1.1781291
DONSON,1.2332383,1.1781291
FNBP1L,1.2332383,1.1781291
ADD1,1.2332383,1.1781291
ANGEL2,1.2332383,1.1781291
ARHGEF12,1.2332383,1.1781291
TXK,1.2332383,1.1781291
SEC23A,1.2332383,1.1781291
RAB11FIP1,1.2332383,1.1781291
POMGNT2,1.2332383,1.1781291
SNX25,1.2332383,1.1781291
CYP11A1,1.2332383,1.1781291
GPATCH2L,1.2332383,1.1781291
PTGS2,1.2332383,1.1781291
NUGGC,1.2332383,1.1781291
PROX1,1.2332383,1.1781291
PAN3,1.2332383,1.1781291
SALL4,1.2332383,1.1781291
RAP1GAP,1.2332383,1.1781291
TMCO4,1.2332383,1.1781291
MAP7D1,1.2332383,1.1781291
ZNF197,1.2332383,1.1781291
MGAT1,1.2332383,1.1781291
SORT1,1.2332383,1.1781291
RBMX,1.2332383,1.1781291
ELMO3,1.2332383,1.1781291
SLC27A4,1.2332383,1.1781291
DSG2,1.2332383,1.1781291
SLC27A1,1.2332383,1.1781291
SH3RF1,1.2332383,1.1781291
GLDN,1.2332383,1.1781291
TGFB1I1,1.2332383,1.1781291
TNNT2,1.2332383,1.1781291
STK4,1.2332383,1.1781291
ARHGAP17,1.2332383,1.1781291
CYP2R1,1.2332383,1.1781291
FAM126B,1.2332383,1.1781291
LHX9,1.2332383,1.1781291
SLC12A6,1.2332383,1.1781291
SPIRE2,1.2332383,1.1781291
OSMR,1.2332383,1.1781291
MED17,1.2332383,1.1781291
F9,1.2332383,1.1781291
LARP4,1.2332383,1.1781291
DEF6,1.2332383,1.1781291
CCDC22,1.2332383,1.1781291
PAN2,1.2332383,1.1781291
KBTBD7,1.2332383,1.1781291
KIDINS220,1.2332383,1.1781291
DEF8,1.2332383,1.1781291
GANC,1.2332383,1.1781291
KDM4A,1.2332383,1.1781291
FIGNL1,1.2332383,1.1781291
TMEM151B,1.2332383,1.1781291
DDX1,1.2332383,1.1781291
HDAC3,1.2332383,1.1781291
DEPDC1,1.2332383,1.1781291
TMEM214,1.2332383,1.1781291
POLN,1.2332383,1.1781291
HOOK3,1.2332383,1.1781291
PCDHAC1,1.2332383,1.1781291
USP10,1.2332383,1.1781291
PHF19,1.2332383,1.1781291
AMPH,1.2332383,1.1781291
WDR46,1.2332383,1.1781291
TFAP2E,1.2332383,1.1781291
MEP1A,1.2332383,1.1781291
A1CF,1.2332383,1.1781291
SLC15A1,1.2332383,1.1781291
FLAD1,1.2332383,1.1781291
SETD3,1.2332383,1.1781291
IFFO2,1.2332383,1.1781291
RUVBL1,1.2332383,1.1781291
SPTY2D1,1.2332383,1.1781291
SMC1A,1.2332383,1.1781291
ZNF804B,1.2332383,1.1781291
OTUD7B,1.2332383,1.1781291
DCLRE1C,1.2332383,1.1781291
WDR75,1.2332383,1.1781291
EEF1D,1.2332383,1.1781291
TMEM132C,1.2332383,1.1781291
GNPAT,1.2332383,1.1781291
MICALL1,1.2332383,1.1781291
SYT16,1.2332383,1.1781291
DAZAP1,1.2332383,1.1781291
MYCBPAP,1.2332383,1.1781291
NRBP2,1.2332383,1.1781291
PPAN,1.2332383,1.1781291
TMEM245,1.2332383,1.1781291
PIDD1,1.2332383,1.1781291
DDX23,1.2332383,1.1781291
ARCN1,1.2332383,1.1781291
ROBO4,1.2332383,1.1781291
CLCA1,1.2332383,1.1781291
ESRP2,1.2332383,1.1781291
HHIPL2,1.2332383,1.1781291
CSF3R,1.2332383,1.1781291
GAREM1,1.2332383,1.1781291
LINGO1,1.2332383,1.1781291
EFHB,1.2332383,1.1781291
TUBGCP2,1.2332383,1.1781291
GMDS,1.2332383,1.1781291
MLLT6,1.2332383,1.1781291
GALNT1,1.2332383,1.1781291
FEM1A,1.2332383,1.1781291
ZFC3H1,1.2332383,1.1781291
ANKRD6,1.2332383,1.1781291
GRK3,1.2332383,1.1781291
GRHL1,1.2332383,1.1781291
GRHL2,1.2332383,1.1781291
FHDC1,1.2332383,1.1781291
SRPK1,1.2332383,1.1781291
EZH2,1.2332383,1.1781291
SCFD1,1.2332383,1.1781291
PAPLN,1.2332383,1.1781291
SPAG16,1.2332383,1.1781291
DNAJC11,1.2332383,1.1781291
NUMBL,1.2332383,1.1781291
PELP1,1.2332383,1.1781291
PCDHGB4,1.2332383,1.1781291
WEE1,1.2332383,1.1781291
CDK17,1.2332383,1.1781291
ADSSL1,1.2332383,1.1781291
GABRA5,1.2332383,1.1781291
MCMBP,1.2332383,1.1781291
OBSL1,1.2332383,1.1781291
CHRNB1,1.2332383,1.1781291
ZFP28,1.2332383,1.1781291
EXO1,1.2332383,1.1781291
ATP10D,1.2332383,1.1781291
HHIPL1,1.2332383,1.1781291
NCL,1.2332383,1.1781291
RAI14,1.2332383,1.1781291
THNSL1,1.2332383,1.1781291
TRIP10,1.2332383,1.1781291
SGIP1,1.2332383,1.1781291
SAFB,1.2332383,1.1781291
SAFB2,1.2332383,1.1781291
ALDOA,1.2332383,1.1781291
IRF6,1.2332383,1.1781291
SH3BP2,1.2332383,1.1781291
PTPRD,1.2332383,1.1781291
KLHL15,1.2332383,1.1781291
ADGRE2,1.2332383,1.1781291
KIAA1755,1.2332383,1.1781291
PTPRT,1.2332383,1.1781291
TIMM44,1.2332383,1.1781291
CRISPLD2,1.2332383,1.1781291
ARMC3,1.2332383,1.1781291
RUVBL2,1.2332383,1.1781291
TMEM87A,1.2332383,1.1781291
ARPP21,1.2332383,1.1781291
ARHGEF15,1.2332383,1.1781291
SAMD4B,1.2332383,1.1781291
AIRE,1.2332383,1.1781291
MYB,1.2332383,1.1781291
PGM5,1.2332383,1.1781291
LIPG,1.2332383,1.1781291
KRT1,1.2332383,1.1781291
CSNK1G1,1.2332383,1.1781291
PKD2L2,1.2332383,1.1781291
ZNF827,1.2332383,1.1781291
LRRC41,1.2332383,1.1781291
ZNF532,1.2332383,1.1781291
CHRNA3,1.2332383,1.1781291
AXDND1,1.2332383,1.1781291
ANKLE1,1.2332383,1.1781291
CASC3,1.2332383,1.1781291
IGSF10,1.2332383,1.1781291
ZNF445,1.2332383,1.1781291
FGD3,1.2332383,1.1781291
COQ8A,1.2332383,1.1781291
KBTBD12,1.2332383,1.1781291
PRKCSH,1.2332383,1.1781291
FOCAD,1.2332383,1.1781291
INTS3,1.2332383,1.1781291
ESPNL,1.2332383,1.1781291
NOX1,1.2332383,1.1781291
DUOX1,1.2332383,1.1781291
TDRD7,1.2332383,1.1781291
NLRP14,1.2332383,1.1781291
SETD1B,1.2332383,1.1781291
WDR24,1.2332383,1.1781291
TM9SF2,1.2332383,1.1781291
TAF3,1.2332383,1.1781291
LMF2,1.2332383,1.1781291
MAP2K2,1.2332383,1.1781291
NGEF,1.2332383,1.1781291
MN1,1.2332383,1.1781291
CYP4F22,1.2332383,1.1781291
RAPSN,1.2332383,1.1781291
TGM5,1.2332383,1.1781291
NELFB,1.2332383,1.1781291
LGR4,1.2332383,1.1781291
SOGA3,1.2332383,1.1781291
CPSF6,1.2332383,1.1781291
WWOX,1.2332383,1.1781291
RXRA,1.2332383,1.1781291
RBPJL,1.2332383,1.1781291
EPS8,1.2332383,1.1781291
PSD2,1.2332383,1.1781291
SH3TC1,1.2332383,1.1781291
WIZ,1.2332383,1.1781291
CEBPZ,1.2332383,1.1781291
OAT,1.2332383,1.1781291
ARHGEF10,1.2332383,1.1781291
CCDC80,1.2332383,1.1781291
UROD,1.2332383,1.1781291
NOTUM,1.2332383,1.1781291
TPH1,1.2332383,1.1781291
NCKIPSD,1.2332383,1.1781291
ANKLE2,1.2332383,1.1781291
KCNV1,1.2332383,1.1781291
TAF1C,1.2332383,1.1781291
NLRP6,1.2332383,1.1781291
AIFM3,1.2332383,1.1781291
SFSWAP,1.2332383,1.1781291
FAM160B1,1.2332383,1.1781291
ACTC1,1.2332383,1.1781291
TBC1D14,1.2332383,1.1781291
OLFM2,1.2332383,1.1781291
TKTL1,1.2332383,1.1781291
SLC4A2,1.2332383,1.1781291
TXLNB,1.2332383,1.1781291
PCDHA3,1.2332383,1.1781291
SLCO2A1,1.2332383,1.1781291
ZNF341,1.2332383,1.1781291
CERS2,1.2332383,1.1781291
NEXN,1.2332383,1.1781291
IRX6,1.2332383,1.1781291
RBM12B,1.2332383,1.1781291
LRCH2,1.2332383,1.1781291
KLHL24,1.2332383,1.1781291
CYP27A1,1.2332383,1.1781291
CPEB4,1.2332383,1.1781291
MED16,1.2332383,1.1781291
G2E3,1.2332383,1.1781291
MITF,1.2332383,1.1781291
AK5,1.2332383,1.1781291
WNT3A,1.2332383,1.1781291
ZNF432,1.2332383,1.1781291
THAP4,1.2332383,1.1781291
NR1H4,1.2332383,1.1781291
DPY19L4,1.2332383,1.1781291
SLC44A4,1.2332383,1.1781291
RGL2,1.2332383,1.1781291
SLF2,1.2332383,1.1781291
ZFYVE28,1.2332383,1.1781291
TUBA1B,1.2332383,1.1781291
PGGHG,1.2332383,1.1781291
FIGN,1.2332383,1.1781291
ARHGAP4,1.2332383,1.1781291
SLC34A2,1.2332383,1.1781291
NPNT,1.2332383,1.1781291
TAB2,1.2332383,1.1781291
HARS,1.2332383,1.1781291
NR1D2,1.2332383,1.1781291
LUZP1,1.2332383,1.1781291
C8A,1.2332383,1.1781291
ZBED9,1.2332383,1.1781291
ACTG2,1.2332383,1.1781291
PGBD3,1.2332383,1.1781291
RIN3,1.2332383,1.1781291
SLC7A4,1.2332383,1.1781291
AGAP2,1.2332383,1.1781291
ATP5F1B,1.2332383,1.1781291
PDXDC1,1.2332383,1.1781291
CORIN,1.2332383,1.1781291
USP42,1.2332383,1.1781291
HGS,1.2332383,1.1781291
SNRNP70,1.2332383,1.1781291
XPO1,1.2332383,1.1781291
RASGRP4,1.2332383,1.1781291
RABEP1,1.2332383,1.1781291
F7,1.2332383,1.1781291
PHTF2,1.2332383,1.1781291
KCNJ8,1.2332383,1.1781291
PHLDB3,1.2332383,1.1781291
ARMC5,1.2332383,1.1781291
SP110,1.2332383,1.1781291
ASIC2,1.2332383,1.1781291
ARX,1.2332383,1.1781291
CCHCR1,1.2332383,1.1781291
MAP7,1.2332383,1.1781291
PRMT5,1.2332383,1.1781291
GABRG3,1.2332383,1.1781291
ZNF507,1.2332383,1.1781291
TM9SF3,1.2332383,1.1781291
PPARA,1.2332383,1.1781291
SCAPER,1.2332383,1.1781291
CCDC30,1.2332383,1.1781291
SLC7A3,1.2332383,1.1781291
DNAJC7,1.2332383,1.1781291
RABGGTA,1.2332383,1.1781291
WNT6,1.2332383,1.1781291
PCSK9,1.2332383,1.1781291
FAM20A,1.2332383,1.1781291
WNT10B,1.2332383,1.1781291
XPO5,1.2332383,1.1781291
KCNJ14,1.2332383,1.1781291
PADI2,1.2332383,1.1781291
SLITRK3,1.2332383,1.1781291
SPRED1,1.2332383,1.1781291
AP4B1,1.2332383,1.1781291
ARHGAP11A,1.2332383,1.1781291
PPARGC1B,1.2332383,1.1781291
PTPDC1,1.2332383,1.1781291
ARID1A,1.2332383,1.1781291
IFT81,1.2332383,1.1781291
GCKR,1.2332383,1.1781291
RGL1,1.2332383,1.1781291
RFWD3,1.2332383,1.1781291
UTP25,1.2332383,1.1781291
JADE1,1.2332383,1.1781291
CHDH,1.2332383,1.1781291
CCDC191,1.2332383,1.1781291
BRAT1,1.2332383,1.1781291
CAMK2B,1.2332383,1.1781291
EPB42,1.2332383,1.1781291
COL8A1,1.2332383,1.1781291
PIWIL3,1.2332383,1.1781291
SLC3A2,1.2332383,1.1781291
EVI5,1.2332383,1.1781291
ABCG8,1.2332383,1.1781291
HDC,1.2332383,1.1781291
COL4A4,1.2332383,1.1781291
EVX1,1.2332383,1.1781291
SYNPO2L,1.2332383,1.1781291
MFSD2A,1.2332383,1.1781291
ZRSR2,1.2332383,1.1781291
ATG16L1,1.2332383,1.1781291
VPS11,1.2332383,1.1781291
CEP95,1.2332383,1.1781291
HTR3A,1.2332383,1.1781291
PDCD6IP,1.2332383,1.1781291
ZNF280D,1.2332383,1.1781291
NOL8,1.2332383,1.1781291
XKR4,1.2332383,1.1781291
ASB2,1.2332383,1.1781291
INO80D,1.2332383,1.1781291
PRKN,1.2332383,1.1781291
ACOXL,1.2332383,1.1781291
TESK2,1.2332383,1.1781291
ATL1,1.2332383,1.1781291
ANKS6,1.2332383,1.1781291
ZSCAN20,1.2332383,1.1781291
PDE1A,1.2332383,1.1781291
HOOK2,1.2332383,1.1781291
SYNJ2,1.2332383,1.1781291
NOC3L,1.2332383,1.1781291
FKBP9,1.2332383,1.1781291
CDH11,1.2332383,1.1781291
WASL,1.2332383,1.1781291
GNS,1.2332383,1.1781291
HEATR4,1.2332383,1.1781291
ARHGAP19-SLIT1,1.2332383,1.1781291
SEMA6B,1.2332383,1.1781291
SEPSECS,1.2332383,1.1781291
MPP3,1.2332383,1.1781291
ISYNA1,1.2332383,1.1781291
KLHL13,1.2332383,1.1781291
MELTF,1.2332383,1.1781291
BUB1,1.2332383,1.1781291
MCF2,1.2332383,1.1781291
UFL1,1.2332383,1.1781291
PIGT,1.2332383,1.1781291
ARHGEF17,1.2332383,1.1781291
BRINP1,1.2332383,1.1781291
FRMD3,1.2332383,1.1781291
PPFIA1,1.2332383,1.1781291
FECH,1.2332383,1.1781291
FAM171A1,1.2332383,1.1781291
DAG1,1.2332383,1.1781291
SLC9C2,1.2332383,1.1781291
MIGA2,1.2332383,1.1781291
HEXB,1.2332383,1.1781291
FAH,1.2332383,1.1781291
WNT5B,1.2332383,1.1781291
RALGPS1,1.2332383,1.1781291
GRIK5,1.2332383,1.1781291
RPL4,1.2332383,1.1781291
GALNT4,1.2332383,1.1781291
PAFAH1B1,1.2332383,1.1781291
EPAS1,1.2332383,1.1781291
KCNG4,1.2332383,1.1781291
POU2F2,1.2332383,1.1781291
MMP2,1.2332383,1.1781291
ZMYND15,1.2332383,1.1781291
TUBA8,1.2332383,1.1781291
STK31,1.2332383,1.1781291
NR5A1,1.2332383,1.1781291
LMLN,1.2332383,1.1781291
DDX24,1.2332383,1.1781291
EMILIN1,1.2332383,1.1781291
ZNF14,1.2332383,1.1781291
EVI5L,1.2332383,1.1781291
FRK,1.2332383,1.1781291
EPS8L1,1.2332383,1.1781291
IDS,1.2332383,1.1781291
DDHD2,1.2332383,1.1781291
ALDH18A1,1.2332383,1.1781291
KLHL9,1.2332383,1.1781291
LHX6,1.2332383,1.1781291
ADGRF5,1.2332383,1.1781291
MAP3K4,1.2332383,1.1781291
DLL3,1.2332383,1.1781291
ZNF709,1.2332383,1.1781291
RADIL,1.2332383,1.1781291
SOAT2,1.2332383,1.1781291
SETMAR,1.2332383,1.1781291
HBP1,1.2332383,1.1781291
CCDC39,1.2332383,1.1781291
FGGY,1.2332383,1.1781291
TULP2,1.2332383,1.1781291
SLU7,1.2332383,1.1781291
SYNPO,1.2332383,1.1781291
SSH3,1.2332383,1.1781291
NPHP1,1.2332383,1.1781291
SEZ6L2,1.2332383,1.1781291
UBTF,1.2332383,1.1781291
E2F8,1.2332383,1.1781291
SEPT5,1.2332383,1.1781291
CCDC142,1.2332383,1.1781291
ANKRD50,1.2332383,1.1781291
HS6ST2,1.2332383,1.1781291
ZBTB38,1.2332383,1.1781291
STRBP,1.2332383,1.1781291
SENP1,1.2332383,1.1781291
AP5Z1,1.2332383,1.1781291
PLXNB1,1.2332383,1.1781291
ZNF512B,1.2332383,1.1781291
DDB1,1.2332383,1.1781291
WASHC5,1.2332383,1.1781291
TMEM132B,1.2332383,1.1781291
TWNK,1.2332383,1.1781291
WDR44,1.2332383,1.1781291
AMOTL2,1.2332383,1.1781291
ENOX1,1.2332383,1.1781291
TP53,1.2332383,1.1781291
CHPF,1.2332383,1.1781291
NLN,1.2332383,1.1781291
VPS4B,1.2332383,1.1781291
ACSF2,1.2332383,1.1781291
KCNA4,1.2332383,1.1781291
CTTN,1.2332383,1.1781291
AHCY,1.2332383,1.1781291
RGS6,1.2332383,1.1781291
PCDHGB2,1.2332383,1.1781291
CACNB3,1.2332383,1.1781291
VTN,1.2332383,1.1781291
PER3,1.2332383,1.1781291
ITGB7,1.2332383,1.1781291
PLCD3,1.2332383,1.1781291
MAP7D2,1.2332383,1.1781291
KLHL31,1.2332383,1.1781291
DCBLD2,1.2332383,1.1781291
PIK3R2,1.2332383,1.1781291
TUBB1,1.2332383,1.1781291
ACSS3,1.2332383,1.1781291
RUFY2,1.2332383,1.1781291
DSE,1.2332383,1.1781291
SF3A1,1.2332383,1.1781291
RXRG,1.2332383,1.1781291
ANAPC5,1.2332383,1.1781291
ALPP,1.2332383,1.1781291
KLHL11,1.2332383,1.1781291
GLI1,1.2332383,1.1781291
TUBB4B,1.2332383,1.1781291
RINT1,1.2332383,1.1781291
ERMP1,1.2332383,1.1781291
ITGBL1,1.2332383,1.1781291
GSE1,1.2332383,1.1781291
SLCO5A1,1.2332383,1.1781291
ZFR2,1.2332383,1.1781291
ZNF337,1.2332383,1.1781291
GRK6,1.2332383,1.1781291
KAT7,1.2332383,1.1781291
FGFR3,1.2332383,1.1781291
APBA1,1.2332383,1.1781291
SFMBT1,1.2332383,1.1781291
SELP,1.2332383,1.1781291
CNTROB,1.2332383,1.1781291
RSBN1L,1.2332383,1.1781291
SKIV2L,1.2332383,1.1781291
LGI3,1.2332383,1.1781291
KLC4,1.2332383,1.1781291
MIPEP,1.2332383,1.1781291
LNPEP,1.2332383,1.1781291
FGR,1.2332383,1.1781291
DLGAP5,1.2332383,1.1781291
GNA12,1.2332383,1.1781291
PNKD,1.2332383,1.1781291
NAGLU,1.2332383,1.1781291
USP2,1.2332383,1.1781291
TPM3,1.2332383,1.1781291
RGL3,1.2332383,1.1781291
ARHGAP24,1.2332383,1.1781291
MOCOS,1.2332383,1.1781291
ANKFY1,1.2332383,1.1781291
ARHGAP32,1.2332383,1.1781291
TRIP4,1.2332383,1.1781291
NLRP2,1.2332383,1.1781291
PLK4,1.2332383,1.1781291
TAB3,1.2332383,1.1781291
NAGS,1.2332383,1.1781291
ASH2L,1.2332383,1.1781291
RPS6KC1,1.2332383,1.1781291
HTRA1,1.2332383,1.1781291
PLA2G15,1.2332383,1.1781291
LRSAM1,1.2332383,1.1781291
ADGRE1,1.2332383,1.1781291
ABCG4,1.2332383,1.1781291
EVC,1.2332383,1.1781291
BMPR1B,1.2332383,1.1781291
KLC3,1.2332383,1.1781291
PFKFB4,1.2332383,1.1781291
KLKB1,1.2332383,1.1781291
MMP9,1.2332383,1.1781291
LIPE,1.2332383,1.1781291
ADGRD1,1.2332383,1.1781291
RCBTB2,1.2332383,1.1781291
PRKAR1A,1.2332383,1.1781291
ARHGEF3,1.2332383,1.1781291
MPP4,1.2332383,1.1781291
PCDHGA3,1.2332383,1.1781291
PRX,1.2332383,1.1781291
RUFY3,1.2332383,1.1781291
PABPC1,1.2332383,1.1781291
KLHL22,1.2332383,1.1781291
ARHGAP10,1.2332383,1.1781291
SUPT20H,1.2332383,1.1781291
BSCL2,1.2332383,1.1781291
OSBPL10,1.2332383,1.1781291
UBN1,1.2332383,1.1781291
PCDHGC5,1.2332383,1.1781291
CALD1,1.2332383,1.1781291
MYSM1,1.2332383,1.1781291
COL4A2,1.2332383,1.1781291
PRC1,1.2332383,1.1781291
ACTA2,1.2332383,1.1781291
NOD1,1.2332383,1.1781291
PRPF4,1.2332383,1.1781291
RPTN,1.2332383,1.1781291
GRN,1.2332383,1.1781291
ANAPC1,1.2332383,1.1781291
PES1,1.2332383,1.1781291
TBC1D2B,1.2332383,1.1781291
SLC38A10,1.2332383,1.1781291
SH3PXD2B,1.2332383,1.1781291
TBC1D12,1.2332383,1.1781291
RUNX3,1.2332383,1.1781291
SUN2,1.2332383,1.1781291
ITPRID2,1.2332383,1.1781291
MBTD1,1.2332383,1.1781291
SF3A3,1.2332383,1.1781291
COG3,1.2332383,1.1781291
STOX2,1.2332383,1.1781291
COQ8B,1.2332383,1.1781291
KATNB1,1.2332383,1.1781291
PORCN,1.2332383,1.1781291
FOXRED1,1.2332383,1.1781291
SLC6A15,1.2332383,1.1781291
OAS3,1.2332383,1.1781291
POLR3E,1.2332383,1.1781291
DNAJC16,1.2332383,1.1781291
CCNF,1.2332383,1.1781291
LRCH1,1.2332383,1.1781291
TBC1D5,1.2332383,1.1781291
IRF5,1.2332383,1.1781291
SLC11A2,1.2332383,1.1781291
WBSCR16,1.2332383,1.1781291
MEP1B,1.2332383,1.1781291
SPATA31D1,1.2332383,1.1781291
SYDE2,1.2332383,1.1781291
CYBB,1.2332383,1.1781291
IVD,1.2332383,1.1781291
WSCD1,1.2332383,1.1781291
GLS2,1.2332383,1.1781291
RASEF,1.2332383,1.1781291
WNT1,1.2332383,1.1781291
EXT2,1.2332383,1.1781291
ZBTB41,1.2332383,1.1781291
TUBA4A,1.2332383,1.1781291
MAP3K7,1.2332383,1.1781291
SLC5A8,1.2332383,1.1781291
CCT4,1.2332383,1.1781291
FKBP10,1.2332383,1.1781291
STIL,1.2332383,1.1781291
TELO2,1.2332383,1.1781291
CPED1,1.2332383,1.1781291
KLHL6,1.2332383,1.1781291
RFT1,1.2332383,1.1781291
FRMD6,1.2332383,1.1781291
CREB3L3,1.2332383,1.1781291
MOCS1,1.2332383,1.1781291
HDAC9,1.2332383,1.1781291
PKP2,1.2332383,1.1781291
SMO,1.2332383,1.1781291
MYOCD,1.2332383,1.1781291
D2HGDH,1.2332383,1.1781291
RPS6KA5,1.2332383,1.1781291
ADAMTS19,1.2332383,1.1781291
TRIM36,1.2332383,1.1781291
UBASH3B,1.2332383,1.1781291
NR4A1,1.2332383,1.1781291
SRP72,1.2332383,1.1781291
ZMIZ2,1.2332383,1.1781291
SUOX,1.2332383,1.1781291
FSTL5,1.2332383,1.1781291
TPTE,1.2332383,1.1781291
CHST3,1.2332383,1.1781291
ALG13,1.2332383,1.1781291
SPTLC1,1.2332383,1.1781291
DNAAF5,1.2332383,1.1781291
ACVR1,1.2332383,1.1781291
SLC2A1,1.2332383,1.1781291
LEF1,1.2332383,1.1781291
TTC7A,1.2332383,1.1781291
NPEPPS,1.2332383,1.1781291
CCDC93,1.2332383,1.1781291
GTPBP4,1.2332383,1.1781291
WDR70,1.2332383,1.1781291
GRAMD1A,1.2332383,1.1781291
CLIP3,1.2332383,1.1781291
SLC43A2,1.2332383,1.1781291
KIF14,1.2332383,1.1781291
KCNA1,1.2332383,1.1781291
ARSK,1.2332383,1.1781291
JCAD,1.2332383,1.1781291
ACVR1C,1.2332383,1.1781291
CAPN6,1.2332383,1.1781291
ZRANB1,1.2332383,1.1781291
FAM13B,1.2332383,1.1781291
L3MBTL2,1.2332383,1.1781291
LSG1,1.2332383,1.1781291
RPA1,1.2332383,1.1781291
TLE1,1.2332383,1.1781291
RNGTT,1.2332383,1.1781291
MTRR,1.2332383,1.1781291
WDR91,1.2332383,1.1781291
SLCO2B1,1.2332383,1.1781291
PDZRN3,1.2332383,1.1781291
ATP7A,1.2332383,1.1781291
XRCC1,1.2332383,1.1781291
WNT5A,1.2332383,1.1781291
FMNL2,1.2332383,1.1781291
DDX10,1.2332383,1.1781291
PSEN2,1.2332383,1.1781291
GOLGA4,1.2332383,1.1781291
SELENON,1.2332383,1.1781291
ABCB7,1.2332383,1.1781291
PDE2A,1.2332383,1.1781291
VPS51,1.2332383,1.1781291
GALNT6,1.2332383,1.1781291
SLC2A13,1.2332383,1.1781291
SEMA4B,1.2332383,1.1781291
UBA1,1.2332383,1.1781291
CDH15,1.2332383,1.1781291
KIF12,1.2332383,1.1781291
SLC25A23,1.2332383,1.1781291
EFHC1,1.2332383,1.1781291
PACS2,1.2332383,1.1781291
DLGAP3,1.2332383,1.1781291
KCNJ9,1.2332383,1.1781291
KIAA0319L,1.2332383,1.1781291
GABRR1,1.2332383,1.1781291
RFX2,1.2332383,1.1781291
AMDHD2,1.2332383,1.1781291
KCNK4,1.2332383,1.1781291
RARS,1.2332383,1.1781291
TRPM8,1.2332383,1.1781291
SLC14A2,1.2332383,1.1781291
PCDHGA2,1.2332383,1.1781291
COL5A3,1.2332383,1.1781291
GMPPA,1.2332383,1.1781291
CDH9,1.2332383,1.1781291
GOLIM4,1.2332383,1.1781291
ZKSCAN2,1.2332383,1.1781291
LGR6,1.2332383,1.1781291
SLC2A4,1.2332383,1.1781291
NOC2L,1.2332383,1.1781291
HCN1,1.2332383,1.1781291
GSN,1.2332383,1.1781291
IKBKE,1.2332383,1.1781291
AKAP12,1.2332383,1.1781291
SHMT2,1.2332383,1.1781291
GOLGA2,1.2332383,1.1781291
SART1,1.2332383,1.1781291
ANO3,1.2332383,1.1781291
PGR,1.2332383,1.1781291
ARSJ,1.2332383,1.1781291
TGFBR1,1.2332383,1.1781291
LGI4,1.2332383,1.1781291
TSHR,1.2332383,1.1781291
STOML2,1.2332383,1.1781291
LIG4,1.2332383,1.1781291
TMTC4,1.2332383,1.1781291
ENGASE,1.2332383,1.1781291
MCM10,1.2332383,1.1781291
ANGEL1,1.2332383,1.1781291
BAHD1,1.2332383,1.1781291
TYR,1.2332383,1.1781291
ICA1,1.2332383,1.1781291
RASGRP1,1.2332383,1.1781291
YES1,1.2332383,1.1781291
SLC5A7,1.2332383,1.1781291
G6PD,1.2332383,1.1781291
USP44,1.2332383,1.1781291
GPRASP1,1.2332383,1.1781291
TXNRD2,1.2332383,1.1781291
WDR86,1.2332383,1.1781291
FOXP4,1.2332383,1.1781291
TRMT1,1.2332383,1.1781291
IFIH1,1.2332383,1.1781291
RUNX1,1.2332383,1.1781291
PCDH18,1.2332383,1.1781291
MATK,1.2332383,1.1781291
PALD1,1.2332383,1.1781291
SPIDR,1.2332383,1.1781291
DIXDC1,1.2332383,1.1781291
AIFM1,1.2332383,1.1781291
SCAI,1.2332383,1.1781291
ALG8,1.2332383,1.1781291
IL16,1.2332383,1.1781291
LONRF1,1.2332383,1.1781291
FCHSD1,1.2332383,1.1781291
COBL,1.2332383,1.1781291
INTS5,1.2332383,1.1781291
SIX4,1.2332383,1.1781291
TDRD12,1.2332383,1.1781291
ERAP1,1.2332383,1.1781291
SLC26A11,1.2332383,1.1781291
SMARCA1,1.2332383,1.1781291
ACOT11,1.2332383,1.1781291
WDR49,1.2332383,1.1781291
SCARF2,1.2332383,1.1781291
ACSS1,1.2332383,1.1781291
ST7,1.2332383,1.1781291
ACAA1,1.2332383,1.1781291
ADAM17,1.2332383,1.1781291
VANGL1,1.2332383,1.1781291
USP6NL,1.2332383,1.1781291
DAGLA,1.2332383,1.1781291
SNX14,1.2332383,1.1781291
SMAD9,1.2332383,1.1781291
ZNF418,1.2332383,1.1781291
DQX1,1.2332383,1.1781291
FCHSD2,1.2332383,1.1781291
SOX13,1.2332383,1.1781291
SAP130,1.2332383,1.1781291
NBR1,1.2332383,1.1781291
ACADS,1.2332383,1.1781291
MCM7,1.2332383,1.1781291
SLC44A2,1.2332383,1.1781291
GLS,1.2332383,1.1781291
SNCAIP,1.2332383,1.1781291
STON1-GTF2A1L,1.2332383,1.1781291
PML,1.2332383,1.1781291
TUBA1C,1.2332383,1.1781291
SDAD1,1.2332383,1.1781291
BMP1,1.2332383,1.1781291
NPAS3,1.2332383,1.1781291
HELQ,1.2332383,1.1781291
TCF7,1.2332383,1.1781291
IRF8,1.2332383,1.1781291
SPTLC3,1.2332383,1.1781291
DNAI2,1.2332383,1.1781291
BCAR3,1.2332383,1.1781291
IHH,1.2332383,1.1781291
FRMD8,1.2332383,1.1781291
SLC22A5,1.2332383,1.1781291
FARSA,1.2332383,1.1781291
FZD9,1.2332383,1.1781291
EFEMP2,1.2332383,1.1781291
NLGN4X,1.2332383,1.1781291
GEMIN5,1.2332383,1.1781291
AACS,1.2332383,1.1781291
NCAPG2,1.2332383,1.1781291
SIPA1L3,1.2332383,1.1781291
NTNG2,1.2332383,1.1781291
PHC3,1.2332383,1.1781291
SLC19A1,1.2332383,1.1781291
ENTPD7,1.2332383,1.1781291
PCDHGB1,1.2332383,1.1781291
P3H2,1.2332383,1.1781291
POU2F1,1.2332383,1.1781291
ALPK1,1.2332383,1.1781291
SUGP2,1.2332383,1.1781291
GLE1,1.2332383,1.1781291
ARHGAP12,1.2332383,1.1781291
KANSL1L,1.2332383,1.1781291
AGBL3,1.2332383,1.1781291
MAN2C1,1.2332383,1.1781291
IQCH,1.2332383,1.1781291
RPRD2,1.2332383,1.1781291
ARMC8,1.2332383,1.1781291
TINAGL1,1.2332383,1.1781291
SLC12A7,1.2332383,1.1781291
PCDHA11,1.2332383,1.1781291
HIF1A,1.2332383,1.1781291
TDRD1,1.2332383,1.1781291
ZBTB10,1.2332383,1.1781291
PCDH9,1.2332383,1.1781291
SNX27,1.2332383,1.1781291
CATSPERG,1.2332383,1.1781291
TM7SF2,1.2332383,1.1781291
CERCAM,1.2332383,1.1781291
METTL13,1.2332383,1.1781291
SYNRG,1.2332383,1.1781291
MYRIP,1.2332383,1.1781291
NFS1,1.2332383,1.1781291
SPAG5,1.2332383,1.1781291
SNW1,1.2332383,1.1781291
DPF3,1.2332383,1.1781291
SLC26A10,1.2332383,1.1781291
TTLL6,1.2332383,1.1781291
HEXDC,1.2332383,1.1781291
MCM9,1.2332383,1.1781291
SMARCB1,1.2332383,1.1781291
CHST6,1.2332383,1.1781291
PHF20,1.2332383,1.1781291
CFAP58,1.2332383,1.1781291
UXS1,1.2332383,1.1781291
SLC40A1,1.2332383,1.1781291
PGM1,1.2332383,1.1781291
APBB2,1.2332383,1.1781291
VWA2,1.2332383,1.1781291
CSK,1.2332383,1.1781291
RARB,1.2332383,1.1781291
CCDC136,1.2332383,1.1781291
ARSE,1.2332383,1.1781291
MFAP1,1.2332383,1.1781291
CHRNB2,1.2332383,1.1781291
EEF2K,1.2332383,1.1781291
MARK4,1.2332383,1.1781291
ESPN,1.2332383,1.1781291
COG1,1.2332383,1.1781291
CPSF1,1.2332383,1.1781291
ADAMTS16,1.2332383,1.1781291
IMPG2,1.2332383,1.1781291
USP31,1.2332383,1.1781291
VIPAS39,1.2332383,1.1781291
TSR1,1.2332383,1.1781291
WT1,1.2332383,1.1781291
ARSD,1.2332383,1.1781291
BBS7,1.2332383,1.1781291
GNL2,1.2332383,1.1781291
NTN4,1.2332383,1.1781291
DENND4A,1.2332383,1.1781291
NSUN2,1.2332383,1.1781291
HADHB,1.2332383,1.1781291
STXBP3,1.2332383,1.1781291
POLL,1.2332383,1.1781291
SEC63,1.2332383,1.1781291
PCDHAC2,1.2332383,1.1781291
PFKFB1,1.2332383,1.1781291
SLC5A3,1.2332383,1.1781291
ACSL3,1.2332383,1.1781291
ADGRF3,1.2332383,1.1781291
USP37,1.2332383,1.1781291
STIM1,1.2332383,1.1781291
PPP2R3A,1.2332383,1.1781291
NRG2,1.2332383,1.1781291
KRT4,1.2332383,1.1781291
GTPBP2,1.2332383,1.1781291
TBCK,1.2332383,1.1781291
OSBPL9,1.2332383,1.1781291
PMFBP1,1.2332383,1.1781291
WNT10A,1.2332383,1.1781291
FH,1.2332383,1.1781291
TLE2,1.2332383,1.1781291
HAS3,1.2332383,1.1781291
BMPER,1.2332383,1.1781291
BNC2,1.2332383,1.1781291
GALNT16,1.2332383,1.1781291
HERC6,1.2332383,1.1781291
CFAP54,1.2332383,1.1781291
PKP3,1.2332383,1.1781291
SECISBP2,1.2332383,1.1781291
PPOX,1.2332383,1.1781291
FAM120B,1.2332383,1.1781291
KCNT2,1.2332383,1.1781291
TTI1,1.2332383,1.1781291
LDB3,1.2332383,1.1781291
FGD2,1.2332383,1.1781291
MCC,1.2332383,1.1781291
TFR2,1.2332383,1.1781291
OTUD4,1.2332383,1.1781291
ACTR2,1.2332383,1.1781291
VPS54,1.2332383,1.1781291
ESRP1,1.2332383,1.1781291
TBX15,1.2332383,1.1781291
KCNG1,1.2332383,1.1781291
HMBOX1,1.2332383,1.1781291
PIF1,1.2332383,1.1781291
PNISR,1.2332383,1.1781291
MCM5,1.2332383,1.1781291
TMEM63B,1.2332383,1.1781291
HCFC2,1.2332383,1.1781291
RPE65,1.2332383,1.1781291
MICAL3,1.2332383,1.1781291
KIAA0586,1.2332383,1.1781291
ARHGEF19,1.2332383,1.1781291
EHD4,1.2332383,1.1781291
KLHL7,1.2332383,1.1781291
PLAT,1.2332383,1.1781291
SLC4A4,1.2332383,1.1781291
R3HDM1,1.2332383,1.1781291
SCARF1,1.2332383,1.1781291
LHCGR,1.2332383,1.1781291
PRICKLE3,1.2332383,1.1781291
AOX1,1.2332383,1.1781291
KIF3A,1.2332383,1.1781291
ARSF,1.2332383,1.1781291
RECQL4,1.2332383,1.1781291
GALNTL6,1.2332383,1.1781291
ZNF268,1.2332383,1.1781291
ESR2,1.2332383,1.1781291
MAP4K2,1.2332383,1.1781291
WNT2B,1.2332383,1.1781291
SRRT,1.2332383,1.1781291
ESR1,1.2332383,1.1781291
OXCT1,1.2332383,1.1781291
LPCAT1,1.2332383,1.1781291
ABHD16A,1.2332383,1.1781291
HLCS,1.2332383,1.1781291
NPLOC4,1.2332383,1.1781291
KCNA5,1.2332383,1.1781291
BCO2,1.2332383,1.1781291
NOS2,1.2332383,1.1781291
RARG,1.2332383,1.1781291
WDR72,1.2332383,1.1781291
FGA,1.2332383,1.1781291
HSPH1,1.2332383,1.1781291
FAM120A,1.2332383,1.1781291
NDOR1,1.2332383,1.1781291
DPP10,1.2332383,1.1781291
MICALL2,1.2332383,1.1781291
CAMTA2,1.2332383,1.1781291
LRBA,1.2332383,1.1781291
LPCAT4,1.2332383,1.1781291
CLCN1,1.2332383,1.1781291
CPAMD8,1.2332383,1.1781291
ITIH2,1.2332383,1.1781291
LHX5,1.2332383,1.1781291
RANBP6,1.2332383,1.1781291
AAK1,1.2332383,1.1781291
DDX21,1.2332383,1.1781291
KAT2A,1.2332383,1.1781291
INTS8,1.2332383,1.1781291
PCLO,1.2332383,1.1781291
KCNG2,1.2332383,1.1781291
PPP1R21,1.2332383,1.1781291
SEMA3E,1.2332383,1.1781291
PHEX,1.2332383,1.1781291
CARS,1.2332383,1.1781291
SLC25A25,1.2332383,1.1781291
ITIH4,1.2332383,1.1781291
ESRRG,1.2332383,1.1781291
CP,1.2332383,1.1781291
AMER1,1.2332383,1.1781291
KCNA2,1.2332383,1.1781291
DCBLD1,1.2332383,1.1781291
NR2F2,1.2332383,1.1781291
COL8A2,1.2332383,1.1781291
OLFML2A,1.2332383,1.1781291
LRRK1,1.2332383,1.1781291
KIAA1324L,1.2332383,1.1781291
POLK,1.2332383,1.1781291
CCDC146,1.2332383,1.1781291
MIB2,1.2332383,1.1781291
LEPR,1.2332383,1.1781291
LARGE2,1.2332383,1.1781291
ZDHHC5,1.2332383,1.1781291
ADAMTS3,1.2332383,1.1781291
PHTF1,1.2332383,1.1781291
TRPS1,1.2332383,1.1781291
DDX31,1.2332383,1.1781291
CDH20,1.2332383,1.1781291
HSD17B4,1.2332383,1.1781291
BICC1,1.2332383,1.1781291
DGKG,1.2332383,1.1781291
COLQ,1.2332383,1.1781291
FLT1,1.2332383,1.1781291
SRC,1.2332383,1.1781291
ETFDH,1.2332383,1.1781291
ESRRB,1.2332383,1.1781291
KCTD3,1.2332383,1.1781291
ERICH3,1.2332383,1.1781291
NAA16,1.2332383,1.1781291
COG4,1.2332383,1.1781291
MARVELD3,1.2332383,1.1781291
SEL1L,1.2332383,1.1781291
MED1,1.2332383,1.1781291
RMC1,1.2332383,1.1781291
ALOX12,1.2332383,1.1781291
WAS,1.2332383,1.1781291
MGAT5B,1.2332383,1.1781291
STARD8,1.2332383,1.1781291
TBC1D10B,1.2332383,1.1781291
KDM7A,1.2332383,1.1781291
USP43,1.2332383,1.1781291
MTMR6,1.2332383,1.1781291
TRPV4,1.2332383,1.1781291
PLS1,1.2332383,1.1781291
ZDHHC8,1.2332383,1.1781291
DRC7,1.2332383,1.1781291
NAA35,1.2332383,1.1781291
SLC11A1,1.2332383,1.1781291
RAPGEF5,1.2332383,1.1781291
MECOM,1.2332383,1.1781291
CAMK2G,1.2332383,1.1781291
ALS2CL,1.2332383,1.1781291
CHSY3,1.2332383,1.1781291
SREBF1,1.2332383,1.1781291
INPP4B,1.2332383,1.1781291
COL4A1,1.2332383,1.1781291
HGFAC,1.2332383,1.1781291
PANK2,1.2332383,1.1781291
ZBTB40,1.2332383,1.1781291
SIX5,1.2332383,1.1781291
MGAT5,1.2332383,1.1781291
KIRREL1,1.2332383,1.1781291
GATA3,1.2332383,1.1781291
MAP4K5,1.2332383,1.1781291
GRIN3B,1.2332383,1.1781291
USP21,1.2332383,1.1781291
KLHL26,1.2332383,1.1781291
CPEB2,1.2332383,1.1781291
PCDHGA10,1.2332383,1.1781291
RNF216,1.2332383,1.1781291
CCDC158,1.2332383,1.1781291
DENND6A,1.2332383,1.1781291
CDH5,1.2332383,1.1781291
KCNA6,1.2332383,1.1781291
RFX6,1.2332383,1.1781291
MACO1,1.2332383,1.1781291
SAMD4A,1.2332383,1.1781291
PANK1,1.2332383,1.1781291
MTMR1,1.2332383,1.1781291
PATL1,1.2332383,1.1781291
CLPB,1.2332383,1.1781291
CAPN12,1.2332383,1.1781291
MTMR8,1.2332383,1.1781291
CNTNAP4,1.2332383,1.1781291
SLC6A6,1.2332383,1.1781291
PRPF40B,1.2332383,1.1781291
FANCM,1.2332383,1.1781291
TCOF1,1.2332383,1.1781291
CLOCK,1.2332383,1.1781291
NCKAP5L,1.2332383,1.1781291
UNKL,1.2332383,1.1781291
ZHX2,1.2332383,1.1781291
FBXL19,1.2332383,1.1781291
JAKMIP2,1.2332383,1.1781291
SLC6A18,1.2332383,1.1781291
MCM4,1.2332383,1.1781291
MAN1A2,1.2332383,1.1781291
NLRP5,1.2332383,1.1781291
ROR1,1.2332383,1.1781291
SLC7A1,1.2332383,1.1781291
GLI3,1.2332383,1.1781291
WDR63,1.2332383,1.1781291
PPP4R1,1.2332383,1.1781291
DENND1A,1.2332383,1.1781291
TRIM9,1.2332383,1.1781291
PPWD1,1.2332383,1.1781291
MAP3K3,1.2332383,1.1781291
KIAA1211,1.2332383,1.1781291
UNC5A,1.2332383,1.1781291
PRKG1,1.2332383,1.1781291
LOXL4,1.2332383,1.1781291
GRB10,1.2332383,1.1781291
PIBF1,1.2332383,1.1781291
RPGR,1.2332383,1.1781291
PCNX4,1.2332383,1.1781291
CDH1,1.2332383,1.1781291
GUCY1B1,1.2332383,1.1781291
SLC5A6,1.2332383,1.1781291
CPT1C,1.2332383,1.1781291
TUBB,1.2332383,1.1781291
WDR66,1.2332383,1.1781291
STXBP2,1.2332383,1.1781291
IRF4,1.2332383,1.1781291
MRTFA,1.2332383,1.1781291
GLRA3,1.2332383,1.1781291
DHCR7,1.2332383,1.1781291
RNF145,1.2332383,1.1781291
GTF3C3,1.2332383,1.1781291
DHX33,1.2332383,1.1781291
FNIP2,1.2332383,1.1781291
ALOX15B,1.2332383,1.1781291
DKC1,1.2332383,1.1781291
DZIP3,1.2332383,1.1781291
MDGA1,1.2332383,1.1781291
MTA2,1.2332383,1.1781291
C9orf84,1.2332383,1.1781291
CD22,1.2332383,1.1781291
CCDC57,1.2332383,1.1781291
SLC9A3,1.2332383,1.1781291
UBR3,1.2332383,1.1781291
UROC1,1.2332383,1.1781291
MEI1,1.2332383,1.1781291
PLA2G4B,1.2332383,1.1781291
ADAMTS4,1.2332383,1.1781291
MUTYH,1.2332383,1.1781291
FOXJ2,1.2332383,1.1781291
VIM,1.2332383,1.1781291
VWA3A,1.2332383,1.1781291
SLC24A4,1.2332383,1.1781291
POLR3A,1.2332383,1.1781291
ANKRD36,1.2332383,1.1781291
LMX1B,1.2332383,1.1781291
FAM184B,1.2332383,1.1781291
TDRD5,1.2332383,1.1781291
SEMA3C,1.2332383,1.1781291
RTF1,1.2332383,1.1781291
ADAM9,1.2332383,1.1781291
ENPEP,1.2332383,1.1781291
RBM39,1.2332383,1.1781291
OIT3,1.2332383,1.1781291
ADAM10,1.2332383,1.1781291
CHRNE,1.2332383,1.1781291
SUV39H1,1.2332383,1.1781291
TSGA10,1.2332383,1.1781291
NGLY1,1.2332383,1.1781291
LCK,1.2332383,1.1781291
MARK3,1.2332383,1.1781291
TRPC4AP,1.2332383,1.1781291
NR2C2,1.2332383,1.1781291
ZNF831,1.2332383,1.1781291
COLGALT2,1.2332383,1.1781291
MPL,1.2332383,1.1781291
ITGA4,1.2332383,1.1781291
TPH2,1.2332383,1.1781291
CDH3,1.2332383,1.1781291
AKNA,1.2332383,1.1781291
ARHGEF28,1.2332383,1.1781291
ACTN1,1.2332383,1.1781291
NLGN1,1.2332383,1.1781291
AFF2,1.2332383,1.1781291
SIDT2,1.2332383,1.1781291
SEMA4D,1.2332383,1.1781291
ARIH2,1.2332383,1.1781291
BMP2K,1.2332383,1.1781291
NXF1,1.2332383,1.1781291
ACAD8,1.2332383,1.1781291
SLC6A20,1.2332383,1.1781291
ATF7IP,1.2332383,1.1781291
STOX1,1.2332383,1.1781291
RNF6,1.2332383,1.1781291
NOD2,1.2332383,1.1781291
CC2D1B,1.2332383,1.1781291
NPAS2,1.2332383,1.1781291
ANKRD30B,1.2332383,1.1781291
N4BP2,1.2332383,1.1781291
KIF18B,1.2332383,1.1781291
ATG16L2,1.2332383,1.1781291
NR6A1,1.2332383,1.1781291
TFAP2A,1.2332383,1.1781291
TMPRSS7,1.2332383,1.1781291
RPS6KA1,1.2332383,1.1781291
GUF1,1.2332383,1.1781291
DCAF13,1.2332383,1.1781291
NR4A3,1.2332383,1.1781291
FAM83B,1.2332383,1.1781291
VPS33A,1.2332383,1.1781291
CCDC186,1.2332383,1.1781291
GALT,1.2332383,1.1781291
IGHMBP2,1.2332383,1.1781291
SPECC1,1.2332383,1.1781291
RBP3,1.2332383,1.1781291
BEST4,1.2332383,1.1781291
DDX41,1.2332383,1.1781291
MVP,1.2332383,1.1781291
DYNC1I1,1.2332383,1.1781291
PTPRN,1.2332383,1.1781291
PLEKHG4B,1.2332383,1.1781291
AK7,1.2332383,1.1781291
CLASRP,1.2332383,1.1781291
GCDH,1.2332383,1.1781291
SPTLC2,1.2332383,1.1781291
ZC3H12C,1.2332383,1.1781291
MYH7,1.2332383,1.1781291
CNKSR2,1.2332383,1.1781291
ELP3,1.2332383,1.1781291
KLHL21,1.2332383,1.1781291
TAS1R2,1.2332383,1.1781291
FAP,1.2332383,1.1781291
NISCH,1.2332383,1.1781291
THAP9,1.2332383,1.1781291
TPM1,1.2332383,1.1781291
ANPEP,1.2332383,1.1781291
ICK,1.2332383,1.1781291
LMNA,1.2332383,1.1781291
INA,1.2332383,1.1781291
ELMSAN1,1.2332383,1.1781291
HEXA,1.2332383,1.1781291
ODF2,1.2332383,1.1781291
RBSN,1.2332383,1.1781291
MAML3,1.2332383,1.1781291
CDC27,1.2332383,1.1781291
ZC3H7B,1.2332383,1.1781291
PPP6R3,1.2332383,1.1781291
USP36,1.2332383,1.1781291
GNAO1,1.2332383,1.1781291
ALPI,1.2332383,1.1781291
PLEKHA4,1.2332383,1.1781291
RTL1,1.2332383,1.1781291
KCNJ3,1.2332383,1.1781291
TAS1R1,1.2332383,1.1781291
RECK,1.2332383,1.1781291
NOP56,1.2332383,1.1781291
WDR78,1.2332383,1.1781291
LATS2,1.2332383,1.1781291
KCTD7,1.2332383,1.1781291
KIAA0753,1.2332383,1.1781291
KARS,1.2332383,1.1781291
HGSNAT,1.2332383,1.1781291
ATXN2L,1.2332383,1.1781291
XYLT2,1.2332383,1.1781291
TUBG2,1.2332383,1.1781291
HYOU1,1.2332383,1.1781291
ANKAR,1.2332383,1.1781291
ZHX3,1.2332383,1.1781291
RREB1,1.2332383,1.1781291
TTC27,1.2332383,1.1781291
JMY,1.2332383,1.1781291
HSP90B1,1.2332383,1.1781291
SUN1,1.2332383,1.1781291
EML2,1.2332383,1.1781291
ECT2L,1.2332383,1.1781291
VAC14,1.2332383,1.1781291
ANO4,1.2332383,1.1781291
BTK,1.2332383,1.1781291
MTM1,1.2332383,1.1781291
PFKFB3,1.2332383,1.1781291
AP2B1,1.2332383,1.1781291
DENND2A,1.2332383,1.1781291
MAP4K3,1.2332383,1.1781291
DCHS2,1.2332383,1.1781291
PCDH7,1.2332383,1.1781291
KCNS1,1.2332383,1.1781291
SERAC1,1.2332383,1.1781291
SMOX,1.2332383,1.1781291
KLHL18,1.2332383,1.1781291
PTPRO,1.2332383,1.1781291
KCNV2,1.2332383,1.1781291
FSTL4,1.2332383,1.1781291
RHOT1,1.2332383,1.1781291
ITIH5,1.2332383,1.1781291
SH2D3C,1.2332383,1.1781291
DSG4,1.2332383,1.1781291
APPBP2,1.2332383,1.1781291
ARSA,1.2332383,1.1781291
FAM160A2,1.2332383,1.1781291
ADD2,1.2332383,1.1781291
PCDHGB6,1.2332383,1.1781291
FBLN5,1.2332383,1.1781291
MYO3A,1.2332383,1.1781291
NOX5,1.2332383,1.1781291
FZD6,1.2332383,1.1781291
LHX3,1.2332383,1.1781291
SMPD4,1.2332383,1.1781291
PRKCD,1.2332383,1.1781291
FBF1,1.2332383,1.1781291
PCDH8,1.2332383,1.1781291
PCDHGB7,1.2332383,1.1781291
PLXNA3,1.2332383,1.1781291
BICD1,1.2332383,1.1781291
DCAF6,1.2332383,1.1781291
ZNF644,1.2332383,1.1781291
SLC5A12,1.2332383,1.1781291
GATA6,1.2332383,1.1781291
DPYD,1.2332383,1.1781291
DCAF5,1.2332383,1.1781291
DDX17,1.2332383,1.1781291
ACTR1B,1.2332383,1.1781291
MROH7,1.2332383,1.1781291
ADGRL2,1.2332383,1.1781291
FXR2,1.2332383,1.1781291
HIVEP1,1.2332383,1.1781291
HACE1,1.2332383,1.1781291
ELMO1,1.2332383,1.1781291
INTS6L,1.2332383,1.1781291
KLHL2,1.2332383,1.1781291
NFE2L1,1.2332383,1.1781291
ARMCX4,1.2332383,1.1781291
KIF22,1.2332383,1.1781291
NR3C1,1.2332383,1.1781291
CACNB4,1.2332383,1.1781291
KIAA1324,1.2332383,1.1781291
ARAP2,1.2332383,1.1781291
GALNT7,1.2332383,1.1781291
SEC14L5,1.2332383,1.1781291
LONRF3,1.2332383,1.1781291
ACTR1A,1.2332383,1.1781291
INPP5E,1.2332383,1.1781291
NUP85,1.2332383,1.1781291
EFEMP1,1.2332383,1.1781291
PCIF1,1.2332383,1.1781291
TULP1,1.2332383,1.1781291
ANKRD24,1.2332383,1.1781291
URB2,1.2332383,1.1781291
KL,1.2332383,1.1781291
KLHL8,1.2332383,1.1781291
SEMA3D,1.2332383,1.1781291
ENAH,1.2332383,1.1781291
EIF4B,1.2332383,1.1781291
CIZ1,1.2332383,1.1781291
CPXM1,1.2332383,1.1781291
IGSF22,1.2332383,1.1781291
ELAC2,1.2332383,1.1781291
HSPA4,1.2332383,1.1781291
GPD2,1.2332383,1.1781291
ITGB8,1.2332383,1.1781291
USH1C,1.2332383,1.1781291
SH3PXD2A,1.2332383,1.1781291
KIF18A,1.2332383,1.1781291
GPRC6A,1.2332383,1.1781291
GNAL,1.2332383,1.1781291
GFM2,1.2332383,1.1781291
PTPRN2,1.2332383,1.1781291
SLC6A4,1.2332383,1.1781291
TOPORS,1.2332383,1.1781291
ABAT,1.2332383,1.1781291
PHF8,1.2332383,1.1781291
STARD3,1.2332383,1.1781291
ABCD3,1.2332383,1.1781291
BMPR1A,1.2332383,1.1781291
RBM5,1.2332383,1.1781291
ACVR2B,1.2332383,1.1781291
RHBDF2,1.2332383,1.1781291
EYA4,1.2332383,1.1781291
PIWIL2,1.2332383,1.1781291
HNF4A,1.2332383,1.1781291
PAX1,1.2332383,1.1781291
FAM20C,1.2332383,1.1781291
MCM8,1.2332383,1.1781291
ZNF318,1.2332383,1.1781291
USP38,1.2332383,1.1781291
USP53,1.2332383,1.1781291
SLC9A2,1.2332383,1.1781291
CIITA,1.2332383,1.1781291
GRIN2C,1.2332383,1.1781291
GBE1,1.2332383,1.1781291
DCT,1.2332383,1.1781291
TRAK2,1.2332383,1.1781291
IPO4,1.2332383,1.1781291
HCK,1.2332383,1.1781291
PLEKHH2,1.2332383,1.1781291
PITX2,1.2332383,1.1781291
PIK3R3,1.2332383,1.1781291
SYNJ1,1.2332383,1.1781291
ANKRD35,1.2332383,1.1781291
RIPOR2,1.2332383,1.1781291
RXRB,1.2332383,1.1781291
ARHGAP31,1.2332383,1.1781291
TUBGCP5,1.2332383,1.1781291
TRPA1,1.2332383,1.1781291
ATP2B4,1.2332383,1.1781291
KIFC2,1.2332383,1.1781291
ITGAE,1.2332383,1.1781291
PPL,1.2332383,1.1781291
NOP14,1.2332383,1.1781291
GTF2IRD1,1.2332383,1.1781291
BAG6,1.2332383,1.1781291
PTPRJ,1.2332383,1.1781291
TBX3,1.2332383,1.1781291
WDR48,1.2332383,1.1781291
ATXN2,1.2332383,1.1781291
TCF7L1,1.2332383,1.1781291
STK11IP,1.2332383,1.1781291
ILK,1.2332383,1.1781291
PTPRG,1.2332383,1.1781291
ITIH1,1.2332383,1.1781291
FIG4,1.2332383,1.1781291
MCTP2,1.2332383,1.1781291
KANK1,1.2332383,1.1781291
ALDH4A1,1.2332383,1.1781291
XPNPEP2,1.2332383,1.1781291
PLEKHA6,1.2332383,1.1781291
SLC9A5,1.2332383,1.1781291
TANGO6,1.2332383,1.1781291
ATP11B,1.2332383,1.1781291
TEC,1.2332383,1.1781291
MTMR10,1.2332383,1.1781291
UNC5D,1.2332383,1.1781291
MAP4K1,1.2332383,1.1781291
CTNNA1,1.2332383,1.1781291
NR2C1,1.2332383,1.1781291
SGK223,1.2332383,1.1781291
LCP1,1.2332383,1.1781291
CD163,1.2332383,1.1781291
PNPLA8,1.2332383,1.1781291
PRPF31,1.2332383,1.1781291
AREL1,1.2332383,1.1781291
XPNPEP1,1.2332383,1.1781291
TRIM67,1.2332383,1.1781291
AC018470.1,1.2332383,1.1781291
AP2A1,1.2332383,1.1781291
ZFAT,1.2332383,1.1781291
SOX30,1.2332383,1.1781291
PLEKHH3,1.2332383,1.1781291
ADAMTS2,1.2332383,1.1781291
SEMA3A,1.2332383,1.1781291
TUBB3,1.2332383,1.1781291
FKRP,1.2332383,1.1781291
COL9A3,1.2332383,1.1781291
CARD10,1.2332383,1.1781291
SEZ6L,1.2332383,1.1781291
CEMIP,1.2332383,1.1781291
CAMSAP3,1.2332383,1.1781291
PNPT1,1.2332383,1.1781291
LIMK1,1.2332383,1.1781291
GALNT11,1.2332383,1.1781291
NR5A2,1.2332383,1.1781291
KIAA1671,1.2332383,1.1781291
RFX4,1.2332383,1.1781291
SGCE,1.2332383,1.1781291
ZRANB3,1.2332383,1.1781291
COBLL1,1.2332383,1.1781291
CNGA4,1.2332383,1.1781291
P3H1,1.2332383,1.1781291
DPF1,1.2332383,1.1781291
ARHGEF26,1.2332383,1.1781291
KLHL1,1.2332383,1.1781291
SCYL1,1.2332383,1.1781291
ACOX1,1.2332383,1.1781291
TBL1X,1.2332383,1.1781291
NUP153,1.2332383,1.1781291
DNER,1.2332383,1.1781291
TMTC3,1.2332383,1.1781291
DLGAP2,1.2332383,1.1781291
ACAP1,1.2332383,1.1781291
ABCB10,1.2332383,1.1781291
ANKRD31,1.2332383,1.1781291
LUC7L3,1.2332383,1.1781291
DYNC1I2,1.2332383,1.1781291
NDST3,1.2332383,1.1781291
ASAP3,1.2332383,1.1781291
IRS2,1.2332383,1.1781291
KLHL29,1.2332383,1.1781291
RBPJ,1.2332383,1.1781291
ZNF335,1.2332383,1.1781291
SYK,1.2332383,1.1781291
GPATCH1,1.2332383,1.1781291
TAS1R3,1.2332383,1.1781291
IDE,1.2332383,1.1781291
RECQL5,1.2332383,1.1781291
PLCD1,1.2332383,1.1781291
CAPN11,1.2332383,1.1781291
STIM2,1.2332383,1.1781291
BRCA2,1.2332383,1.1781291
BAZ2B,1.2332383,1.1781291
NCSTN,1.2332383,1.1781291
PAM,1.2332383,1.1781291
SAMD9,1.2332383,1.1781291
SLC6A11,1.2332383,1.1781291
ELMO2,1.2332383,1.1781291
TRPC7,1.2332383,1.1781291
PAH,1.2332383,1.1781291
ACSL6,1.2332383,1.1781291
PHF20L1,1.2332383,1.1781291
CUL7,1.2332383,1.1781291
MYO9B,1.2332383,1.1781291
RGS9,1.2332383,1.1781291
SLC3A1,1.2332383,1.1781291
JMJD1C,1.2332383,1.1781291
RIMS2,1.2332383,1.1781291
DDX4,1.2332383,1.1781291
LRCH3,1.2332383,1.1781291
IRS4,1.2332383,1.1781291
DPYSL5,1.2332383,1.1781291
PCSK7,1.2332383,1.1781291
NOL10,1.2332383,1.1781291
SMAD3,1.2332383,1.1781291
KLHL5,1.2332383,1.1781291
SOX9,1.2332383,1.1781291
ADAMTS5,1.2332383,1.1781291
GLB1L3,1.2332383,1.1781291
SCNN1A,1.2332383,1.1781291
MCM2,1.2332383,1.1781291
ESYT2,1.2332383,1.1781291
NEK4,1.2332383,1.1781291
FUS,1.2332383,1.1781291
ACAD10,1.2332383,1.1781291
SARS,1.2332383,1.1781291
STRA6,1.2332383,1.1781291
PKD1,1.2332383,1.1781291
ATP6V0A1,1.2332383,1.1781291
ADAMTS8,1.2332383,1.1781291
KCNN3,1.2332383,1.1781291
SV2A,1.2332383,1.1781291
CEMIP2,1.2332383,1.1781291
KCNQ1,1.2332383,1.1781291
SPHKAP,1.2332383,1.1781291
ATP2C2,1.2332383,1.1781291
ADAMTS9,1.2332383,1.1781291
CLSTN1,1.2332383,1.1781291
CHRNA4,1.2332383,1.1781291
PCK2,1.2332383,1.1781291
MAP3K19,1.2332383,1.1781291
IVNS1ABP,1.2332383,1.1781291
ARHGAP9,1.2332383,1.1781291
MYORG,1.2332383,1.1781291
RGS22,1.2332383,1.1781291
NCOA7,1.2332383,1.1781291
COL19A1,1.2332383,1.1781291
DSG1,1.2332383,1.1781291
MAML2,1.2332383,1.1781291
SMG5,1.2332383,1.1781291
ALDH7A1,1.2332383,1.1781291
AKAP11,1.2332383,1.1781291
SENP7,1.2332383,1.1781291
DHX35,1.2332383,1.1781291
LIMK2,1.2332383,1.1781291
PKN3,1.2332383,1.1781291
KEL,1.2332383,1.1781291
CNNM4,1.2332383,1.1781291
OLFM1,1.2332383,1.1781291
SP100,1.2332383,1.1781291
NRG1,1.2332383,1.1781291
PEG3,1.2332383,1.1781291
L3MBTL1,1.2332383,1.1781291
PPFIBP2,1.2332383,1.1781291
NAV3,1.2332383,1.1781291
NOL4,1.2332383,1.1781291
GLB1L2,1.2332383,1.1781291
DPF2,1.2332383,1.1781291
PCDHGC4,1.2332383,1.1781291
IGSF1,1.2332383,1.1781291
CPXM2,1.2332383,1.1781291
DLL4,1.2332383,1.1781291
SEZ6,1.2332383,1.1781291
GALNT10,1.2332383,1.1781291
TMF1,1.2332383,1.1781291
CHL1,1.2332383,1.1781291
SLC26A3,1.2332383,1.1781291
USP5,1.2332383,1.1781291
ADAMTS13,1.2332383,1.1781291
EIF2B4,1.2332383,1.1781291
MRC2,1.2332383,1.1781291
AP2A2,1.2332383,1.1781291
SRBD1,1.2332383,1.1781291
ADGRA1,1.2332383,1.1781291
ELOA,1.2332383,1.1781291
ACOX3,1.2332383,1.1781291
INTS11,1.2332383,1.1781291
VWA5B2,1.2332383,1.1781291
RSBN1,1.2332383,1.1781291
KLHL3,1.2332383,1.1781291
SCAF11,1.2332383,1.1781291
DTNB,1.2332383,1.1781291
SPG7,1.2332383,1.1781291
APLP1,1.2332383,1.1781291
MMS19,1.2332383,1.1781291
MDGA2,1.2332383,1.1781291
EXOC2,1.2332383,1.1781291
VPS35L,1.2332383,1.1781291
ALPL,1.2332383,1.1781291
MCCC1,1.2332383,1.1781291
NOP2,1.2332383,1.1781291
PPP1R12A,1.2332383,1.1781291
COLGALT1,1.2332383,1.1781291
SLC5A4,1.2332383,1.1781291
UBE3A,1.2332383,1.1781291
ADAM11,1.2332383,1.1781291
FYN,1.2332383,1.1781291
LENG8,1.2332383,1.1781291
FZD7,1.2332383,1.1781291
CRY1,1.2332383,1.1781291
SEC16B,1.2332383,1.1781291
VPS45,1.2332383,1.1781291
FER,1.2332383,1.1781291
XYLT1,1.2332383,1.1781291
ADGRG6,1.2332383,1.1781291
TYK2,1.2332383,1.1781291
HECTD3,1.2332383,1.1781291
DARS2,1.2332383,1.1781291
UNC45B,1.2332383,1.1781291
SART3,1.2332383,1.1781291
PDE3A,1.2332383,1.1781291
SACS,1.2332383,1.1781291
CEP112,1.2332383,1.1781291
SLC5A11,1.2332383,1.1781291
ZMYM6,1.2332383,1.1781291
MPHOSPH9,1.2332383,1.1781291
DHX16,1.2332383,1.1781291
PPP1R10,1.2332383,1.1781291
CMYA5,1.2332383,1.1781291
HMGXB3,1.2332383,1.1781291
RBM33,1.2332383,1.1781291
SLC20A1,1.2332383,1.1781291
TRHDE,1.2332383,1.1781291
MSN,1.2332383,1.1781291
TTLL13P,1.2332383,1.1781291
FTCD,1.2332383,1.1781291
PTPRH,1.2332383,1.1781291
TECTA,1.2332383,1.1781291
ULK2,1.2332383,1.1781291
PNPLA6,1.2332383,1.1781291
BCAS3,1.2332383,1.1781291
CLEC16A,1.2332383,1.1781291
TYW1,1.2332383,1.1781291
OSBPL5,1.2332383,1.1781291
VPS41,1.2332383,1.1781291
KIT,1.2332383,1.1781291
LAMC3,1.2332383,1.1781291
RNF17,1.2332383,1.1781291
ANKZF1,1.2332383,1.1781291
SSH1,1.2332383,1.1781291
ADAMTS1,1.2332383,1.1781291
VPS50,1.2332383,1.1781291
CUL4A,1.2332383,1.1781291
LTBP3,1.2332383,1.1781291
TGM2,1.2332383,1.1781291
PCDH17,1.2332383,1.1781291
ARHGAP27,1.2332383,1.1781291
SEC23IP,1.2332383,1.1781291
VPS53,1.2332383,1.1781291
XPOT,1.2332383,1.1781291
CD109,1.2332383,1.1781291
SENP6,1.2332383,1.1781291
FAM120C,1.2332383,1.1781291
ZNF541,1.2332383,1.1781291
DHCR24,1.2332383,1.1781291
ANKRD44,1.2332383,1.1781291
ANKS1A,1.2332383,1.1781291
CCDC150,1.2332383,1.1781291
GPLD1,1.2332383,1.1781291
ZC3H7A,1.2332383,1.1781291
NLRX1,1.2332383,1.1781291
ATP5F1A,1.2332383,1.1781291
PCDHGC3,1.2332383,1.1781291
UNC45A,1.2332383,1.1781291
SREBF2,1.2332383,1.1781291
SGSM2,1.2332383,1.1781291
DCAF8,1.2332383,1.1781291
SVIL,1.2332383,1.1781291
CACHD1,1.2332383,1.1781291
FANCA,1.2332383,1.1781291
FZD5,1.2332383,1.1781291
NEK10,1.2332383,1.1781291
ULK4,1.2332383,1.1781291
WDR64,1.2332383,1.1781291
FERMT3,1.2332383,1.1781291
ST18,1.2332383,1.1781291
ACSL1,1.2332383,1.1781291
SPATA20,1.2332383,1.1781291
NPR1,1.2332383,1.1781291
CAPRIN2,1.2332383,1.1781291
PKN2,1.2332383,1.1781291
AXIN1,1.2332383,1.1781291
KATNA1,1.2332383,1.1781291
TYRO3,1.2332383,1.1781291
FZD3,1.2332383,1.1781291
EXOC1,1.2332383,1.1781291
SLC4A8,1.2332383,1.1781291
TMPRSS15,1.2332383,1.1781291
UMOD,1.2332383,1.1781291
ADAM15,1.2332383,1.1781291
RBM10,1.2332383,1.1781291
ERCC4,1.2332383,1.1781291
SHROOM4,1.2332383,1.1781291
ERCC5,1.2332383,1.1781291
YTHDC2,1.2332383,1.1781291
RPS6KA4,1.2332383,1.1781291
KIAA1210,1.2332383,1.1781291
TBC1D8B,1.2332383,1.1781291
ADGRB3,1.2332383,1.1781291
PMS2,1.2332383,1.1781291
HIP1R,1.2332383,1.1781291
ACTA1,1.2332383,1.1781291
PZP,1.2332383,1.1781291
GUCY1A2,1.2332383,1.1781291
UNC5C,1.2332383,1.1781291
MEGF11,1.2332383,1.1781291
ATP8A2,1.2332383,1.1781291
MTMR7,1.2332383,1.1781291
PIWIL1,1.2332383,1.1781291
MTMR14,1.2332383,1.1781291
VPS18,1.2332383,1.1781291
MMS22L,1.2332383,1.1781291
PLEKHG3,1.2332383,1.1781291
AHCYL2,1.2332383,1.1781291
CNTN3,1.2332383,1.1781291
RBM15,1.2332383,1.1781291
SIN3B,1.2332383,1.1781291
AARS,1.2332383,1.1781291
FOXO6,1.2332383,1.1781291
SFMBT2,1.2332383,1.1781291
GLB1L,1.2332383,1.1781291
PRPH,1.2332383,1.1781291
KIF1C,1.2332383,1.1781291
PRKCQ,1.2332383,1.1781291
NRDE2,1.2332383,1.1781291
DDR1,1.2332383,1.1781291
TRAP1,1.2332383,1.1781291
HAL,1.2332383,1.1781291
FAM13A,1.2332383,1.1781291
TAF2,1.2332383,1.1781291
MIOS,1.2332383,1.1781291
F13A1,1.2332383,1.1781291
XPR1,1.2332383,1.1781291
LONP2,1.2332383,1.1781291
ACAD9,1.2332383,1.1781291
SLC26A8,1.2332383,1.1781291
ITGA9,1.2332383,1.1781291
PDE10A,1.2332383,1.1781291
CRAT,1.2332383,1.1781291
PRSS36,1.2332383,1.1781291
RBM20,1.2332383,1.1781291
SLC25A12,1.2332383,1.1781291
ARHGAP23,1.2332383,1.1781291
PMS1,1.2332383,1.1781291
CPS1,1.2332383,1.1781291
PLG,1.2332383,1.1781291
VPS16,1.2332383,1.1781291
NR1D1,1.2332383,1.1781291
LTBP2,1.2332383,1.1781291
CNGA1,1.2332383,1.1781291
ARHGAP42,1.2332383,1.1781291
NLGN3,1.2332383,1.1781291
CNTN6,1.2332383,1.1781291
SORCS2,1.2332383,1.1781291
ERCC6L2,1.2332383,1.1781291
ADAM12,1.2332383,1.1781291
VWA3B,1.2332383,1.1781291
PIEZO1,1.2332383,1.1781291
ACAP2,1.2332383,1.1781291
EXOC8,1.2332383,1.1781291
CLMN,1.2332383,1.1781291
CEP76,1.2332383,1.1781291
SYCP2,1.2332383,1.1781291
MAN1C1,1.2332383,1.1781291
TMEM94,1.2332383,1.1781291
NUP93,1.2332383,1.1781291
WDR35,1.2332383,1.1781291
NRDC,1.2332383,1.1781291
EWSR1,1.2332383,1.1781291
PRKCA,1.2332383,1.1781291
USP13,1.2332383,1.1781291
FTSJ3,1.2332383,1.1781291
LRPPRC,1.2332383,1.1781291
SASH1,1.2332383,1.1781291
BUB1B,1.2332383,1.1781291
ANLN,1.2332383,1.1781291
GART,1.2332383,1.1781291
PSMD1,1.2332383,1.1781291
PITRM1,1.2332383,1.1781291
DGKA,1.2332383,1.1781291
DYM,1.2332383,1.1781291
AVIL,1.2332383,1.1781291
SLC7A2,1.2332383,1.1781291
THSD4,1.2332383,1.1781291
FLT3,1.2332383,1.1781291
KCND1,1.2332383,1.1781291
POSTN,1.2332383,1.1781291
DPP9,1.2332383,1.1781291
INPP4A,1.2332383,1.1781291
MAMDC4,1.2332383,1.1781291
TRPV3,1.2332383,1.1781291
AHCYL1,1.2332383,1.1781291
AGBL1,1.2332383,1.1781291
IPO7,1.2332383,1.1781291
PRICKLE1,1.2332383,1.1781291
SEC31B,1.2332383,1.1781291
RPS6KA2,1.2332383,1.1781291
PDZRN4,1.2332383,1.1781291
CNGA3,1.2332383,1.1781291
USP11,1.2332383,1.1781291
ZMIZ1,1.2332383,1.1781291
TEX10,1.2332383,1.1781291
APLP2,1.2332383,1.1781291
TTBK2,1.2332383,1.1781291
PCCA,1.2332383,1.1781291
ADSL,1.2332383,1.1781291
ABLIM2,1.2332383,1.1781291
ALOX12B,1.2332383,1.1781291
EDEM1,1.2332383,1.1781291
ADAMTS7,1.2332383,1.1781291
KIF6,1.2332383,1.1781291
PITPNM2,1.2332383,1.1781291
TTC7B,1.2332383,1.1781291
PLCL1,1.2332383,1.1781291
ITGB6,1.2332383,1.1781291
TAF15,1.2332383,1.1781291
BCS1L,1.2332383,1.1781291
UNC5B,1.2332383,1.1781291
ALPK2,1.2332383,1.1781291
CORO7,1.2332383,1.1781291
LRIG2,1.2332383,1.1781291
ENPP3,1.2332383,1.1781291
TARSL2,1.2332383,1.1781291
TBX2,1.2332383,1.1781291
ANKIB1,1.2332383,1.1781291
PEX5,1.2332383,1.1781291
CAPN9,1.2332383,1.1781291
DYSF,1.2332383,1.1781291
TCF25,1.2332383,1.1781291
PARP14,1.2332383,1.1781291
TUBGCP3,1.2332383,1.1781291
KNL1,1.2332383,1.1781291
DDHD1,1.2332383,1.1781291
ZNF609,1.2332383,1.1781291
CMTR1,1.2332383,1.1781291
EML1,1.2332383,1.1781291
KLHL20,1.2332383,1.1781291
XAB2,1.2332383,1.1781291
ALAS1,1.2332383,1.1781291
ADAM22,1.2332383,1.1781291
INVS,1.2332383,1.1781291
VWA5B1,1.2332383,1.1781291
RAPGEF1,1.2332383,1.1781291
BCR,1.2332383,1.1781291
GPSM2,1.2332383,1.1781291
SLC26A6,1.2332383,1.1781291
POLR1B,1.2332383,1.1781291
MEGF6,1.2332383,1.1781291
ZNF568,1.2332383,1.1781291
NAA25,1.2332383,1.1781291
TAP2,1.2332383,1.1781291
SEMA6D,1.2332383,1.1781291
TRIM33,1.2332383,1.1781291
TJP3,1.2332383,1.1781291
GPI,1.2332383,1.1781291
NFATC3,1.2332383,1.1781291
TRIM3,1.2332383,1.1781291
NEFH,1.2332383,1.1781291
ACTL6B,1.2332383,1.1781291
NAV1,1.2332383,1.1781291
VPS35,1.2332383,1.1781291
EPB41L4A,1.2332383,1.1781291
ANKRD36C,1.2332383,1.1781291
LDLR,1.2332383,1.1781291
HFM1,1.2332383,1.1781291
NSMAF,1.2332383,1.1781291
TGFBI,1.2332383,1.1781291
MAP2,1.2332383,1.1781291
FGD5,1.2332383,1.1781291
RBMXL3,1.2332383,1.1781291
TDRD3,1.2332383,1.1781291
CASKIN2,1.2332383,1.1781291
EXPH5,1.2332383,1.1781291
DLG3,1.2332383,1.1781291
CLSPN,1.2332383,1.1781291
LOXL3,1.2332383,1.1781291
PDE9A,1.2332383,1.1781291
PDE8A,1.2332383,1.1781291
GNPTAB,1.2332383,1.1781291
ESYT3,1.2332383,1.1781291
CFAP61,1.2332383,1.1781291
TEX2,1.2332383,1.1781291
C2CD5,1.2332383,1.1781291
MYBPC2,1.2332383,1.1781291
FGD1,1.2332383,1.1781291
CUBN,1.2332383,1.1781291
ARHGAP29,1.2332383,1.1781291
ADGRA2,1.2332383,1.1781291
ATG9B,1.2332383,1.1781291
CCDC18,1.2332383,1.1781291
LPIN3,1.2332383,1.1781291
PPP1R9A,1.2332383,1.1781291
NID1,1.2332383,1.1781291
EIF4ENIF1,1.2332383,1.1781291
CACNB1,1.2332383,1.1781291
MTHFD1,1.2332383,1.1781291
MATN4,1.2332383,1.1781291
USP48,1.2332383,1.1781291
ADGRG4,1.2332383,1.1781291
AGO4,1.2332383,1.1781291
TAP1,1.2332383,1.1781291
KPNB1,1.2332383,1.1781291
DTNA,1.2332383,1.1781291
TTLL7,1.2332383,1.1781291
ALDH16A1,1.2332383,1.1781291
SRCIN1,1.2332383,1.1781291
DDX27,1.2332383,1.1781291
STAT1,1.2332383,1.1781291
SORBS2,1.2332383,1.1781291
SGSM1,1.2332383,1.1781291
LLGL1,1.2332383,1.1781291
CDH2,1.2332383,1.1781291
USP40,1.2332383,1.1781291
ABCC8,1.2332383,1.1781291
ASTN1,1.2332383,1.1781291
BIRC6,1.2332383,1.1781291
ELP2,1.2332383,1.1781291
VAV2,1.2332383,1.1781291
UHRF1BP1L,1.2332383,1.1781291
BCKDHA,1.2332383,1.1781291
KTN1,1.2332383,1.1781291
TTLL4,1.2332383,1.1781291
NDUFS2,1.2332383,1.1781291
H6PD,1.2332383,1.1781291
KIF26B,1.2332383,1.1781291
RABGAP1L,1.2332383,1.1781291
CNTLN,1.2332383,1.1781291
ITGAD,1.2332383,1.1781291
C6,1.2332383,1.1781291
GIT1,1.2332383,1.1781291
HIPK1,1.2332383,1.1781291
QARS,1.2332383,1.1781291
COL17A1,1.2332383,1.1781291
IKBKB,1.2332383,1.1781291
BRWD1,1.2332383,1.1781291
ZNF521,1.2332383,1.1781291
FNIP1,1.2332383,1.1781291
AP3D1,1.2332383,1.1781291
GLB1,1.2332383,1.1781291
PTPN6,1.2332383,1.1781291
CRYBG2,1.2332383,1.1781291
POP1,1.2332383,1.1781291
SCAF4,1.2332383,1.1781291
DDX42,1.2332383,1.1781291
ABCD4,1.2332383,1.1781291
FMN1,1.2332383,1.1781291
CDHR2,1.2332383,1.1781291
HERC4,1.2332383,1.1781291
ANKRD17,1.2332383,1.1781291
QSER1,1.2332383,1.1781291
HIPK2,1.2332383,1.1781291
FBXW7,1.2332383,1.1781291
ADARB2,1.2332383,1.1781291
DHX30,1.2332383,1.1781291
SAMD9L,1.2332383,1.1781291
PTPN13,1.2332383,1.1781291
MCM3,1.2332383,1.1781291
QRICH2,1.2332383,1.1781291
ACADVL,1.2332383,1.1781291
EIF3A,1.2332383,1.1781291
MCTP1,1.2332383,1.1781291
HLTF,1.2332383,1.1781291
NUP133,1.2332383,1.1781291
TARBP1,1.2332383,1.1781291
PPFIA3,1.2332383,1.1781291
RIPOR1,1.2332383,1.1781291
GRM6,1.2332383,1.1781291
SEMA3F,1.2332383,1.1781291
KIF4B,1.2332383,1.1781291
AP3B2,1.2332383,1.1781291
CACNA1C,1.2332383,1.1781291
PKP4,1.2332383,1.1781291
CUL5,1.2332383,1.1781291
RFC1,1.2332383,1.1781291
OSBP2,1.2332383,1.1781291
IPO13,1.2332383,1.1781291
RGS3,1.2332383,1.1781291
CAND2,1.2332383,1.1781291
OPLAH,1.2332383,1.1781291
NDST2,1.2332383,1.1781291
SIK2,1.2332383,1.1781291
WDR7,1.2332383,1.1781291
GALC,1.2332383,1.1781291
DIS3L2,1.2332383,1.1781291
TMC2,1.2332383,1.1781291
OSBPL6,1.2332383,1.1781291
MUSK,1.2332383,1.1781291
ERN1,1.2332383,1.1781291
PPP1R12B,1.2332383,1.1781291
HIPK3,1.2332383,1.1781291
PDE8B,1.2332383,1.1781291
CAPN7,1.2332383,1.1781291
CHRD,1.2332383,1.1781291
SLC20A2,1.2332383,1.1781291
TECPR2,1.2332383,1.1781291
TNIK,1.2332383,1.1781291
DES,1.2332383,1.1781291
OSBPL1A,1.2332383,1.1781291
PRKCH,1.2332383,1.1781291
ARHGAP45,1.2332383,1.1781291
SHROOM2,1.2332383,1.1781291
CENPE,1.2332383,1.1781291
AFF1,1.2332383,1.1781291
IQSEC1,1.2332383,1.1781291
PRRC2A,1.2332383,1.1781291
LARP1,1.2332383,1.1781291
XIRP1,1.2332383,1.1781291
TTC17,1.2332383,1.1781291
IRS1,1.2332383,1.1781291
AGBL5,1.2332383,1.1781291
PPFIBP1,1.2332383,1.1781291
NWD1,1.2332383,1.1781291
PCCB,1.2332383,1.1781291
PLA2G6,1.2332383,1.1781291
SMARCAL1,1.2332383,1.1781291
FHAD1,1.2332383,1.1781291
ATAD5,1.2332383,1.1781291
PAXBP1,1.2332383,1.1781291
TNPO1,1.2332383,1.1781291
MPRIP,1.2332383,1.1781291
TRIO,1.2332383,1.1781291
HMGCR,1.2332383,1.1781291
TMEM131L,1.2332383,1.1781291
LRRFIP2,1.2332383,1.1781291
LRIG1,1.2332383,1.1781291
TAF1L,1.2332383,1.1781291
CARD11,1.2332383,1.1781291
SMG8,1.2332383,1.1781291
CWC22,1.2332383,1.1781291
EFCAB5,1.2332383,1.1781291
GARS,1.2332383,1.1781291
ARID4A,1.2332383,1.1781291
ABLIM1,1.2332383,1.1781291
HEATR6,1.2332383,1.1781291
CR2,1.2332383,1.1781291
CLIP2,1.2332383,1.1781291
GOLGB1,1.2332383,1.1781291
EPC1,1.2332383,1.1781291
ANKRD52,1.2332383,1.1781291
POLD1,1.2332383,1.1781291
GREB1L,1.2332383,1.1781291
SLC26A9,1.2332383,1.1781291
REV1,1.2332383,1.1781291
SKOR2,1.2332383,1.1781291
NHSL1,1.2332383,1.1781291
KCNH8,1.2332383,1.1781291
LRP12,1.2332383,1.1781291
PDE1C,1.2332383,1.1781291
POMT2,1.2332383,1.1781291
KIF20A,1.2332383,1.1781291
PLEKHG5,1.2332383,1.1781291
FER1L6,1.2332383,1.1781291
NYNRIN,1.2332383,1.1781291
DNAH2,1.2332383,1.1781291
DISP2,1.2332383,1.1781291
ZNF451,1.2332383,1.1781291
EXOC6B,1.2332383,1.1781291
NOTCH4,1.2332383,1.1781291
ASTN2,1.2332383,1.1781291
OCRL,1.2332383,1.1781291
ANKRD28,1.2332383,1.1781291
MICAL1,1.2332383,1.1781291
SGSH,1.2332383,1.1781291
XPO6,1.2332383,1.1781291
PAX7,1.2332383,1.1781291
BCORL1,1.2332383,1.1781291
EMC1,1.2332383,1.1781291
RC3H1,1.2332383,1.1781291
NCAN,1.2332383,1.1781291
SOGA1,1.2332383,1.1781291
NDUFS1,1.2332383,1.1781291
PLEKHG4,1.2332383,1.1781291
PHF14,1.2332383,1.1781291
CLCNKB,1.2332383,1.1781291
RDX,1.2332383,1.1781291
NFXL1,1.2332383,1.1781291
PPRC1,1.2332383,1.1781291
ADAM19,1.2332383,1.1781291
MROH2A,1.2332383,1.1781291
EPRS,1.2332383,1.1781291
DHX15,1.2332383,1.1781291
BTBD7,1.2332383,1.1781291
PTPRM,1.2332383,1.1781291
DHX34,1.2332383,1.1781291
CILP2,1.2332383,1.1781291
ITGAX,1.2332383,1.1781291
ABCF2,1.2332383,1.1781291
MTMR11,1.2332383,1.1781291
MAP3K12,1.2332383,1.1781291
C2orf16,1.2332383,1.1781291
ANKRD26,1.2332383,1.1781291
RP1,1.2332383,1.1781291
FAM214A,1.2332383,1.1781291
FZD1,1.2332383,1.1781291
RELCH,1.2332383,1.1781291
KIF17,1.2332383,1.1781291
ERC2,1.2332383,1.1781291
ZNF646,1.2332383,1.1781291
NLRP3,1.2332383,1.1781291
FRMD4A,1.2332383,1.1781291
MON2,1.2332383,1.1781291
NOTCH2,1.2332383,1.1781291
NADSYN1,1.2332383,1.1781291
NCAM1,1.2332383,1.1781291
MTMR3,1.2332383,1.1781291
MALRD1,1.2332383,1.1781291
NFATC2,1.2332383,1.1781291
UBE4A,1.2332383,1.1781291
KCNB2,1.2332383,1.1781291
GFPT1,1.2332383,1.1781291
FNDC3A,1.2332383,1.1781291
TMTC1,1.2332383,1.1781291
EFCAB6,1.2332383,1.1781291
IPO8,1.2332383,1.1781291
GFPT2,1.2332383,1.1781291
SLC5A9,1.2332383,1.1781291
FILIP1,1.2332383,1.1781291
WDR6,1.2332383,1.1781291
BMS1,1.2332383,1.1781291
SCN11A,1.2332383,1.1781291
MLLT10,1.2332383,1.1781291
KCNC4,1.2332383,1.1781291
ZNF850,1.2332383,1.1781291
WDR60,1.2332383,1.1781291
WNK4,1.2332383,1.1781291
EDEM3,1.2332383,1.1781291
TOP1,1.2332383,1.1781291
EPHA5,1.2332383,1.1781291
DDX54,1.2332383,1.1781291
PDGFRA,1.2332383,1.1781291
STK10,1.2332383,1.1781291
ZSWIM6,1.2332383,1.1781291
HNF1B,1.2332383,1.1781291
KEAP1,1.2332383,1.1781291
PLCB2,1.2332383,1.1781291
MAP3K1,1.2332383,1.1781291
TRPC5,1.2332383,1.1781291
LATS1,1.2332383,1.1781291
ZSWIM8,1.2332383,1.1781291
SUCO,1.2332383,1.1781291
FRMPD1,1.2332383,1.1781291
PLEKHG1,1.2332383,1.1781291
PARP1,1.2332383,1.1781291
FAN1,1.2332383,1.1781291
PLOD1,1.2332383,1.1781291
HK2,1.2332383,1.1781291
CEP170B,1.2332383,1.1781291
NTRK1,1.2332383,1.1781291
COPB1,1.2332383,1.1781291
IMPDH1,1.2332383,1.1781291
ALPK3,1.2332383,1.1781291
EML4,1.2332383,1.1781291
PRDM10,1.2332383,1.1781291
SEC24A,1.2332383,1.1781291
PHLDB2,1.2332383,1.1781291
EXOSC10,1.2332383,1.1781291
TDRD6,1.2332383,1.1781291
TOPAZ1,1.2332383,1.1781291
KCNH5,1.2332383,1.1781291
SLC25A13,1.2332383,1.1781291
PRKCG,1.2332383,1.1781291
PKLR,1.2332383,1.1781291
TRPC6,1.2332383,1.1781291
PARP4,1.2332383,1.1781291
THBS3,1.2332383,1.1781291
KIF5A,1.2332383,1.1781291
IARS2,1.2332383,1.1781291
IQSEC3,1.2332383,1.1781291
SND1,1.2332383,1.1781291
HBS1L,1.2332383,1.1781291
RASAL3,1.2332383,1.1781291
SCAF8,1.2332383,1.1781291
PASK,1.2332383,1.1781291
PANK4,1.2332383,1.1781291
ABCA5,1.2332383,1.1781291
ARHGEF10L,1.2332383,1.1781291
SLC12A2,1.2332383,1.1781291
ITGA8,1.2332383,1.1781291
SPG11,1.2332383,1.1781291
DOP1B,1.2332383,1.1781291
PTPRU,1.2332383,1.1781291
GRM1,1.2332383,1.1781291
GRIP1,1.2332383,1.1781291
PEX6,1.2332383,1.1781291
PIK3R1,1.2332383,1.1781291
PDE6A,1.2332383,1.1781291
EML6,1.2332383,1.1781291
DCTN1,1.2332383,1.1781291
AGAP3,1.2332383,1.1781291
CAND1,1.2332383,1.1781291
GRIK4,1.2332383,1.1781291
TTBK1,1.2332383,1.1781291
SMARCC1,1.2332383,1.1781291
CDH4,1.2332383,1.1781291
PHLPP1,1.2332383,1.1781291
MYT1,1.2332383,1.1781291
PAMR1,1.2332383,1.1781291
NELL1,1.2332383,1.1781291
HR,1.2332383,1.1781291
PIK3R5,1.2332383,1.1781291
DIS3L,1.2332383,1.1781291
LAMA4,1.2332383,1.1781291
EPHA7,1.2332383,1.1781291
ZNF142,1.2332383,1.1781291
ALDH1L2,1.2332383,1.1781291
EPX,1.2332383,1.1781291
HNF1A,1.2332383,1.1781291
NFX1,1.2332383,1.1781291
DGKI,1.2332383,1.1781291
CUL2,1.2332383,1.1781291
RBM6,1.2332383,1.1781291
ANKRD12,1.2332383,1.1781291
PPP1R13B,1.2332383,1.1781291
ADAMTSL4,1.2332383,1.1781291
CASR,1.2332383,1.1781291
GFM1,1.2332383,1.1781291
DDX60L,1.2332383,1.1781291
PI4KB,1.2332383,1.1781291
ATP7B,1.2332383,1.1781291
KAT6A,1.2332383,1.1781291
RNF40,1.2332383,1.1781291
OGDH,1.2332383,1.1781291
SLC5A10,1.2332383,1.1781291
ITGA2,1.2332383,1.1781291
LAMC2,1.2332383,1.1781291
RBM27,1.2332383,1.1781291
CRNKL1,1.2332383,1.1781291
DENND5B,1.2332383,1.1781291
PCSK4,1.2332383,1.1781291
BCOR,1.2332383,1.1781291
MTO1,1.2332383,1.1781291
OGT,1.2332383,1.1781291
PRSS12,1.2332383,1.1781291
HDAC6,1.2332383,1.1781291
EPB41L5,1.2332383,1.1781291
ARSI,1.2332383,1.1781291
ERBB4,1.2332383,1.1781291
TNRC6C,1.2332383,1.1781291
TBC1D31,1.2332383,1.1781291
CCDC168,1.2332383,1.1781291
DGKZ,1.2332383,1.1781291
FGD6,1.2332383,1.1781291
MAP3K21,1.2332383,1.1781291
FZD10,1.2332383,1.1781291
COL6A6,1.2332383,1.1781291
CENPJ,1.2332383,1.1781291
RAD54L,1.2332383,1.1781291
MAP3K6,1.2332383,1.1781291
PLA2R1,1.2332383,1.1781291
EPHA1,1.2332383,1.1781291
VAV1,1.2332383,1.1781291
KIF19,1.2332383,1.1781291
EVC2,1.2332383,1.1781291
YME1L1,1.2332383,1.1781291
MTREX,1.2332383,1.1781291
TMPRSS6,1.2332383,1.1781291
MED14,1.2332383,1.1781291
DENND4B,1.2332383,1.1781291
SMC5,1.2332383,1.1781291
HDLBP,1.2332383,1.1781291
ZMYM3,1.2332383,1.1781291
LRP5,1.2332383,1.1781291
RBL2,1.2332383,1.1781291
USP28,1.2332383,1.1781291
NHS,1.2332383,1.1781291
UHRF1BP1,1.2332383,1.1781291
POLA1,1.2332383,1.1781291
PLCG2,1.2332383,1.1781291
CACNA1A,1.2332383,1.1781291
MIA3,1.2332383,1.1781291
WWC1,1.2332383,1.1781291
DDR2,1.2332383,1.1781291
NEMF,1.2332383,1.1781291
ERCC3,1.2332383,1.1781291
AFDN,1.2332383,1.1781291
EDC4,1.2332383,1.1781291
TEP1,1.2332383,1.1781291
RNF20,1.2332383,1.1781291
STAT5B,1.2332383,1.1781291
SLC12A5,1.2332383,1.1781291
GRIN2D,1.2332383,1.1781291
IGSF9,1.2332383,1.1781291
MBD1,1.2332383,1.1781291
PLOD3,1.2332383,1.1781291
SEMA5A,1.2332383,1.1781291
KIAA1217,1.2332383,1.1781291
CEP135,1.2332383,1.1781291
KIFC3,1.2332383,1.1781291
MAP4K4,1.2332383,1.1781291
BRIP1,1.2332383,1.1781291
ATP2A2,1.2332383,1.1781291
CNNM1,1.2332383,1.1781291
ATP1A4,1.2332383,1.1781291
COL20A1,1.2332383,1.1781291
NTRK3,1.2332383,1.1781291
XRN2,1.2332383,1.1781291
SMARCA5,1.2332383,1.1781291
CLCN5,1.2332383,1.1781291
BRPF3,1.2332383,1.1781291
RHBDF1,1.2332383,1.1781291
PPFIA4,1.2332383,1.1781291
IDUA,1.2332383,1.1781291
PIK3C3,1.2332383,1.1781291
TBC1D9,1.2332383,1.1781291
NTRK2,1.2332383,1.1781291
ACTR8,1.2332383,1.1781291
SIK3,1.2332383,1.1781291
ATP13A4,1.2332383,1.1781291
EPHA2,1.2332383,1.1781291
SH3TC2,1.2332383,1.1781291
CAPN2,1.2332383,1.1781291
COL15A1,1.2332383,1.1781291
KIF4A,1.2332383,1.1781291
CGNL1,1.2332383,1.1781291
ABTB2,1.2332383,1.1781291
RAG1,1.2332383,1.1781291
MST1,1.2332383,1.1781291
MYH1,1.2332383,1.1781291
CARMIL2,1.2332383,1.1781291
NEK1,1.2332383,1.1781291
GOLGA3,1.2332383,1.1781291
WNK3,1.2332383,1.1781291
SMTN,1.2332383,1.1781291
TNS2,1.2332383,1.1781291
GCC2,1.2332383,1.1781291
TOP3A,1.2332383,1.1781291
USP6,1.2332383,1.1781291
STAG2,1.2332383,1.1781291
SPATA5,1.2332383,1.1781291
TRAPPC9,1.2332383,1.1781291
USP34,1.2332383,1.1781291
IPO5,1.2332383,1.1781291
EPB41L2,1.2332383,1.1781291
ELP1,1.2332383,1.1781291
AMPD3,1.2332383,1.1781291
GRIN2A,1.2332383,1.1781291
STARD13,1.2332383,1.1781291
PYGM,1.2332383,1.1781291
MST1R,1.2332383,1.1781291
TRPC3,1.2332383,1.1781291
PRDM2,1.2332383,1.1781291
ARHGEF1,1.2332383,1.1781291
GGCX,1.2332383,1.1781291
ALOX5,1.2332383,1.1781291
SMG6,1.2332383,1.1781291
PIK3C2G,1.2332383,1.1781291
CARMIL3,1.2332383,1.1781291
PKM,1.2332383,1.1781291
RAB3GAP2,1.2332383,1.1781291
PDPR,1.2332383,1.1781291
ADAMTS18,1.2332383,1.1781291
MBTPS1,1.2332383,1.1781291
PRPF3,1.2332383,1.1781291
TNK2,1.2332383,1.1781291
ALDH1L1,1.2332383,1.1781291
SEC31A,1.2332383,1.1781291
FNDC3B,1.2332383,1.1781291
OPA1,1.2332383,1.1781291
TBC1D8,1.2332383,1.1781291
ARHGEF4,1.2332383,1.1781291
ZNF407,1.2332383,1.1781291
INSRR,1.2332383,1.1781291
ATP6V0A2,1.2332383,1.1781291
KIAA1549L,1.2332383,1.1781291
SORCS1,1.2332383,1.1781291
CUX1,1.2332383,1.1781291
SBNO2,1.2332383,1.1781291
ANKS1B,1.2332383,1.1781291
AATK,1.2332383,1.1781291
VWCE,1.2332383,1.1781291
CABIN1,1.2332383,1.1781291
ACO1,1.2332383,1.1781291
ITGA11,1.2332383,1.1781291
EPB41,1.2332383,1.1781291
MYH10,1.2332383,1.1781291
RNF31,1.2332383,1.1781291
CACNA1S,1.2332383,1.1781291
TPO,1.2332383,1.1781291
SHROOM3,1.2332383,1.1781291
CFAP57,1.2332383,1.1781291
WWP1,1.2332383,1.1781291
DHTKD1,1.2332383,1.1781291
GTF3C2,1.2332383,1.1781291
EGFLAM,1.2332383,1.1781291
TTC6,1.2332383,1.1781291
NPHP4,1.2332383,1.1781291
EDRF1,1.2332383,1.1781291
ZFR,1.2332383,1.1781291
BRWD3,1.2332383,1.1781291
MUT,1.2332383,1.1781291
GRIA3,1.2332383,1.1781291
SDK1,1.2332383,1.1781291
DIAPH3,1.2332383,1.1781291
AGTPBP1,1.2332383,1.1781291
ACTN2,1.2332383,1.1781291
CAMSAP2,1.2332383,1.1781291
EIF5B,1.2332383,1.1781291
NEK9,1.2332383,1.1781291
PHLDB1,1.2332383,1.1781291
SMG7,1.2332383,1.1781291
DRP2,1.2332383,1.1781291
LPIN2,1.2332383,1.1781291
DAPK1,1.2332383,1.1781291
POMGNT1,1.2332383,1.1781291
C1orf167,1.2332383,1.1781291
BEST1,1.2332383,1.1781291
ALS2,1.2332383,1.1781291
DSTYK,1.2332383,1.1781291
TLN2,1.2332383,1.1781291
STAT3,1.2332383,1.1781291
MLH3,1.2332383,1.1781291
SMC2,1.2332383,1.1781291
RANBP2,1.2332383,1.1781291
ATP4A,1.2332383,1.1781291
OGDHL,1.2332383,1.1781291
WRN,1.2332383,1.1781291
TLL2,1.2332383,1.1781291
CNTN5,1.2332383,1.1781291
PTPN23,1.2332383,1.1781291
MYOM1,1.2332383,1.1781291
BRAF,1.2332383,1.1781291
NCOA3,1.2332383,1.1781291
ACTN4,1.2332383,1.1781291
HNRNPUL1,1.2332383,1.1781291
TRPM4,1.2332383,1.1781291
CNOT1,1.2332383,1.1781291
MAST4,1.2332383,1.1781291
POLQ,1.2332383,1.1781291
MYH9,1.2332383,1.1781291
ABCD1,1.2332383,1.1781291
KIAA1549,1.2332383,1.1781291
NUP210,1.2332383,1.1781291
GBA2,1.2332383,1.1781291
PLEKHA5,1.2332383,1.1781291
ABCB11,1.2332383,1.1781291
CACNA2D4,1.2332383,1.1781291
SLK,1.2332383,1.1781291
ATP2B1,1.2332383,1.1781291
ADGRL3,1.2332383,1.1781291
COL5A2,1.2332383,1.1781291
KIF5B,1.2332383,1.1781291
FANCI,1.2332383,1.1781291
CNTN2,1.2332383,1.1781291
CLTCL1,1.2332383,1.1781291
MAN2B2,1.2332383,1.1781291
STARD9,1.2332383,1.1781291
MATN2,1.2332383,1.1781291
HELLS,1.2332383,1.1781291
MEN1,1.2332383,1.1781291
ARAP1,1.2332383,1.1781291
PPIP5K2,1.2332383,1.1781291
ANO8,1.2332383,1.1781291
EPHA8,1.2332383,1.1781291
CDK5RAP2,1.2332383,1.1781291
CADPS,1.2332383,1.1781291
FNDC1,1.2332383,1.1781291
FREM2,1.2332383,1.1781291
INPP5J,1.2332383,1.1781291
DLEC1,1.2332383,1.1781291
ACLY,1.2332383,1.1781291
ABCC12,1.2332383,1.1781291
SNED1,1.2332383,1.1781291
BMPR2,1.2332383,1.1781291
NES,1.2332383,1.1781291
OTOG,1.2332383,1.1781291
ITGA3,1.2332383,1.1781291
CCAR1,1.2332383,1.1781291
NRCAM,1.2332383,1.1781291
MAP3K13,1.2332383,1.1781291
UGGT2,1.2332383,1.1781291
EZH1,1.2332383,1.1781291
LPIN1,1.2332383,1.1781291
WNK2,1.2332383,1.1781291
ATP11A,1.2332383,1.1781291
TEX14,1.2332383,1.1781291
MYPN,1.2332383,1.1781291
PLXNA1,1.2332383,1.1781291
DLG5,1.2332383,1.1781291
ADGRA3,1.2332383,1.1781291
WDR59,1.2332383,1.1781291
MAGI2,1.2332383,1.1781291
ABCB1,1.2332383,1.1781291
TEX15,1.2332383,1.1781291
FAM208B,1.2332383,1.1781291
HECTD1,1.2332383,1.1781291
ANO2,1.2332383,1.1781291
DHX36,1.2332383,1.1781291
TPCN2,1.2332383,1.1781291
GRIA4,1.2332383,1.1781291
FBLN1,1.2332383,1.1781291
TICRR,1.2332383,1.1781291
PIK3R4,1.2332383,1.1781291
PKDREJ,1.2332383,1.1781291
WWP2,1.2332383,1.1781291
FAM208A,1.2332383,1.1781291
BAIAP3,1.2332383,1.1781291
TJP2,1.2332383,1.1781291
PLCB3,1.2332383,1.1781291
EEA1,1.2332383,1.1781291
TEK,1.2332383,1.1781291
MAP3K9,1.2332383,1.1781291
HIRA,1.2332383,1.1781291
SPTBN4,1.2332383,1.1781291
ITGA6,1.2332383,1.1781291
INPP5F,1.2332383,1.1781291
TBCD,1.2332383,1.1781291
PDE6B,1.2332383,1.1781291
PRDM15,1.2332383,1.1781291
UGT1A1,1.2332383,1.1781291
PLB1,1.2332383,1.1781291
EPHA3,1.2332383,1.1781291
MARF1,1.2332383,1.1781291
ABCC4,1.2332383,1.1781291
CCDC88B,1.2332383,1.1781291
PDE4A,1.2332383,1.1781291
WDR90,1.2332383,1.1781291
ABCB5,1.2332383,1.1781291
KCNQ4,1.2332383,1.1781291
PTPRB,1.2332383,1.1781291
MSH5,1.2332383,1.1781291
TRPV1,1.2332383,1.1781291
PHRF1,1.2332383,1.1781291
ABCA10,1.2332383,1.1781291
GRM2,1.2332383,1.1781291
HYDIN,1.2332383,1.1781291
DUOX2,1.2332383,1.1781291
PLCG1,1.2332383,1.1781291
GON4L,1.2332383,1.1781291
ATP2C1,1.2332383,1.1781291
ATP13A5,1.2332383,1.1781291
ERCC6,1.2332383,1.1781291
TMEM67,1.2332383,1.1781291
UNC13D,1.2332383,1.1781291
ERC1,1.2332383,1.1781291
PDE4D,1.2332383,1.1781291
INF2,1.2332383,1.1781291
ERCC2,1.2332383,1.1781291
SYTL2,1.2332383,1.1781291
SLC12A9,1.2332383,1.1781291
TP73,1.2332383,1.1781291
SMURF2,1.2332383,1.1781291
PITPNM1,1.2332383,1.1781291
MFN2,1.2332383,1.1781291
FRY,1.2332383,1.1781291
NCAPD3,1.2332383,1.1781291
TCIRG1,1.2332383,1.1781291
GUCY2C,1.2332383,1.1781291
UBE2O,1.2332383,1.1781291
PXDN,1.2332383,1.1781291
XDH,1.2332383,1.1781291
COL24A1,1.2332383,1.1781291
UBE4B,1.2332383,1.1781291
MAGI3,1.2332383,1.1781291
PLCB4,1.2332383,1.1781291
ANO1,1.2332383,1.1781291
DIAPH2,1.2332383,1.1781291
ATP8B4,1.2332383,1.1781291
PLCH2,1.2332383,1.1781291
TET1,1.2332383,1.1781291
MYH4,1.2332383,1.1781291
KIAA0556,1.2332383,1.1781291
RBM25,1.2332383,1.1781291
ITGA7,1.2332383,1.1781291
AMPD2,1.2332383,1.1781291
MAP3K5,1.2332383,1.1781291
KIF15,1.2332383,1.1781291
EPHB3,1.2332383,1.1781291
PCF11,1.2332383,1.1781291
MAP3K15,1.2332383,1.1781291
ABL2,1.2332383,1.1781291
CFAP65,1.2332383,1.1781291
CAPN1,1.2332383,1.1781291
NFAT5,1.2332383,1.1781291
ABCF1,1.2332383,1.1781291
MOV10,1.2332383,1.1781291
CR1,1.2332383,1.1781291
PALLD,1.2332383,1.1781291
LARS,1.2332383,1.1781291
TLL1,1.2332383,1.1781291
SPAG9,1.2332383,1.1781291
TBC1D9B,1.2332383,1.1781291
NUP210L,1.2332383,1.1781291
JAK1,1.2332383,1.1781291
LRP2,1.2332383,1.1781291
ADCY10,1.2332383,1.1781291
RBBP6,1.2332383,1.1781291
MCF2L,1.2332383,1.1781291
TRAPPC8,1.2332383,1.1781291
MED12L,1.2332383,1.1781291
SUPT5H,1.2332383,1.1781291
RB1,1.2332383,1.1781291
AFG3L2,1.2332383,1.1781291
ROR2,1.2332383,1.1781291
ITGA10,1.2332383,1.1781291
SOX6,1.2332383,1.1781291
ABCC2,1.2332383,1.1781291
NOS1,1.2332383,1.1781291
MYO5C,1.2332383,1.1781291
HK3,1.2332383,1.1781291
SKOR1,1.2332383,1.1781291
CRB1,1.2332383,1.1781291
EHBP1,1.2332383,1.1781291
TIE1,1.2332383,1.1781291
NRP2,1.2332383,1.1781291
NEDD4L,1.2332383,1.1781291
ITGA2B,1.2332383,1.1781291
RPGRIP1,1.2332383,1.1781291
MYO6,1.2332383,1.1781291
TTF2,1.2332383,1.1781291
TNKS2,1.2332383,1.1781291
TPP2,1.2332383,1.1781291
DLG2,1.2332383,1.1781291
KIF27,1.2332383,1.1781291
ATP6V0A4,1.2332383,1.1781291
CCDC180,1.2332383,1.1781291
CACNA1G,1.2332383,1.1781291
COL9A1,1.2332383,1.1781291
IFT122,1.2332383,1.1781291
VWDE,1.2332383,1.1781291
RRP12,1.2332383,1.1781291
PFKM,1.2332383,1.1781291
AKAP6,1.2332383,1.1781291
NUP160,1.2332383,1.1781291
DNM3,1.2332383,1.1781291
HCFC1,1.2332383,1.1781291
PKD2,1.2332383,1.1781291
PREX2,1.2332383,1.1781291
BOD1L1,1.2332383,1.1781291
FRMPD3,1.2332383,1.1781291
GLI2,1.2332383,1.1781291
ZSWIM5,1.2332383,1.1781291
CBLB,1.2332383,1.1781291
EPHA4,1.2332383,1.1781291
NOTCH1,1.2332383,1.1781291
TRPM7,1.2332383,1.1781291
CTC1,1.2332383,1.1781291
ATRNL1,1.2332383,1.1781291
TMPRSS9,1.2332383,1.1781291
COMP,1.2332383,1.1781291
SFI1,1.2332383,1.1781291
POMT1,1.2332383,1.1781291
DIAPH1,1.2332383,1.1781291
ABCC11,1.2332383,1.1781291
TIAM1,1.2332383,1.1781291
TULP4,1.2332383,1.1781291
PIK3CD,1.2332383,1.1781291
MEGF10,1.2332383,1.1781291
CSPG4,1.2332383,1.1781291
FIP1L1,1.2332383,1.1781291
DDX46,1.2332383,1.1781291
NKTR,1.2332383,1.1781291
FLG,1.2332383,1.1781291
EPHB4,1.2332383,1.1781291
AARS2,1.2332383,1.1781291
RAPGEF6,1.2332383,1.1781291
PDS5B,1.2332383,1.1781291
LMO7,1.2332383,1.1781291
CNGB1,1.2332383,1.1781291
SLIT2,1.2332383,1.1781291
ANKHD1,1.2332383,1.1781291
TP63,1.2332383,1.1781291
HEATR5B,1.2332383,1.1781291
GAA,1.2332383,1.1781291
ADAMTS10,1.2332383,1.1781291
TOPBP1,1.2332383,1.1781291
JAK2,1.2332383,1.1781291
INO80,1.2332383,1.1781291
GPR158,1.2332383,1.1781291
SMC4,1.2332383,1.1781291
ADCY2,1.2332383,1.1781291
NVL,1.2332383,1.1781291
ECE2,1.2332383,1.1781291
POLE,1.2332383,1.1781291
PIEZO2,1.2332383,1.1781291
SUPT16H,1.2332383,1.1781291
MMEL1,1.2332383,1.1781291
CDK12,1.2332383,1.1781291
SCN10A,1.2332383,1.1781291
OTOGL,1.2332383,1.1781291
SEC23B,1.2332383,1.1781291
ECEL1,1.2332383,1.1781291
TACC2,1.2332383,1.1781291
CCDC88C,1.2332383,1.1781291
PLEKHA7,1.2332383,1.1781291
HCN4,1.2332383,1.1781291
TPCN1,1.2332383,1.1781291
PARD3,1.2332383,1.1781291
SPEF2,1.2332383,1.1781291
FREM1,1.2332383,1.1781291
FLG2,1.2332383,1.1781291
PLXNA4,1.2332383,1.1781291
ARHGEF40,1.2332383,1.1781291
RC3H2,1.2332383,1.1781291
NRAP,1.2332383,1.1781291
NID2,1.2332383,1.1781291
KCNH1,1.2332383,1.1781291
PFAS,1.2332383,1.1781291
CACNA2D2,1.2332383,1.1781291
HRNR,1.2332383,1.1781291
FAM186A,1.2332383,1.1781291
FBLN2,1.2332383,1.1781291
KDM2B,1.2332383,1.1781291
DOCK10,1.2332383,1.1781291
ATM,1.2332383,1.1781291
SULF1,1.2332383,1.1781291
AMBRA1,1.2332383,1.1781291
FGFR4,1.2332383,1.1781291
TTLL5,1.2332383,1.1781291
NSD3,1.2332383,1.1781291
MYH6,1.2332383,1.1781291
PYGB,1.2332383,1.1781291
ADCY6,1.2332383,1.1781291
TTC3,1.2332383,1.1781291
AEBP1,1.2332383,1.1781291
CAPN3,1.2332383,1.1781291
PIK3CB,1.2332383,1.1781291
NWD2,1.2332383,1.1781291
FRMD4B,1.2332383,1.1781291
UTP20,1.2332383,1.1781291
MAPKBP1,1.2332383,1.1781291
XPO7,1.2332383,1.1781291
COL1A2,1.2332383,1.1781291
PTPRF,1.2332383,1.1781291
GRM3,1.2332383,1.1781291
SMC1B,1.2332383,1.1781291
VARS2,1.2332383,1.1781291
ZGRF1,1.2332383,1.1781291
TSPOAP1,1.2332383,1.1781291
ABCA8,1.2332383,1.1781291
SOS2,1.2332383,1.1781291
RAPGEF2,1.2332383,1.1781291
CPT1A,1.2332383,1.1781291
TIAM2,1.2332383,1.1781291
CDC42BPG,1.2332383,1.1781291
CCDC88A,1.2332383,1.1781291
RSF1,1.2332383,1.1781291
GRID2,1.2332383,1.1781291
USP7,1.2332383,1.1781291
IGSF9B,1.2332383,1.1781291
IARS,1.2332383,1.1781291
MET,1.2332383,1.1781291
TRANK1,1.2332383,1.1781291
PLEKHH1,1.2332383,1.1781291
JAK3,1.2332383,1.1781291
CFAP46,1.2332383,1.1781291
ADAMTS14,1.2332383,1.1781291
LRP8,1.2332383,1.1781291
LAMB2,1.2332383,1.1781291
ADGRL1,1.2332383,1.1781291
ATR,1.2332383,1.1781291
CPLANE1,1.2332383,1.1781291
ROBO3,1.2332383,1.1781291
SYNM,1.2332383,1.1781291
AK9,1.2332383,1.1781291
KIF23,1.2332383,1.1781291
PTPN21,1.2332383,1.1781291
DENND4C,1.2332383,1.1781291
ATG2A,1.2332383,1.1781291
ADAMTS12,1.2332383,1.1781291
RASGRF2,1.2332383,1.1781291
MYO1H,1.2332383,1.1781291
MYO1G,1.2332383,1.1781291
TOP2A,1.2332383,1.1781291
FASN,1.2332383,1.1781291
EXTL3,1.2332383,1.1781291
SUPT6H,1.2332383,1.1781291
HEPH,1.2332383,1.1781291
LPA,1.2332383,1.1781291
MYO9A,1.2332383,1.1781291
CFTR,1.2332383,1.1781291
SLC12A1,1.2332383,1.1781291
ABI3BP,1.2332383,1.1781291
EIF4G3,1.2332383,1.1781291
MTCL1,1.2332383,1.1781291
MKI67,1.2332383,1.1781291
SEC16A,1.2332383,1.1781291
ROCK2,1.2332383,1.1781291
NUP98,1.2332383,1.1781291
PEAK1,1.2332383,1.1781291
SULF2,1.2332383,1.1781291
DHX8,1.2332383,1.1781291
SCUBE3,1.2332383,1.1781291
GRM8,1.2332383,1.1781291
DLC1,1.2332383,1.1781291
ADAMTS17,1.2332383,1.1781291
TNS3,1.2332383,1.1781291
MXRA5,1.2332383,1.1781291
SF3B3,1.2332383,1.1781291
UNC13C,1.2332383,1.1781291
PCM1,1.2332383,1.1781291
ESYT1,1.2332383,1.1781291
CRB2,1.2332383,1.1781291
SLC4A7,1.2332383,1.1781291
NUMA1,1.2332383,1.1781291
PDCD11,1.2332383,1.1781291
CC2D2A,1.2332383,1.1781291
CIT,1.2332383,1.1781291
KIF16B,1.2332383,1.1781291
PREX1,1.2332383,1.1781291
ZC3H13,1.2332383,1.1781291
MYO1C,1.2332383,1.1781291
ADCY8,1.2332383,1.1781291
NUP155,1.2332383,1.1781291
EPB41L3,1.2332383,1.1781291
ZNF469,1.2332383,1.1781291
FN1,1.2332383,1.1781291
MAP1A,1.2332383,1.1781291
DNMT1,1.2332383,1.1781291
CUL9,1.2332383,1.1781291
GLG1,1.2332383,1.1781291
NEDD4,1.2332383,1.1781291
LY75,1.2332383,1.1781291
NOTCH3,1.2332383,1.1781291
NUP214,1.2332383,1.1781291
ATP2A3,1.2332383,1.1781291
CLCN2,1.2332383,1.1781291
TNR,1.2332383,1.1781291
SBF2,1.2332383,1.1781291
PC,1.2332383,1.1781291
NEURL4,1.2332383,1.1781291
HKDC1,1.2332383,1.1781291
MYO1F,1.2332383,1.1781291
DOCK11,1.2332383,1.1781291
WDR11,1.2332383,1.1781291
ATP13A2,1.2332383,1.1781291
KCNH6,1.2332383,1.1781291
TERT,1.2332383,1.1781291
CFAP44,1.2332383,1.1781291
MYO5B,1.2332383,1.1781291
ZFHX4,1.2332383,1.1781291
CADPS2,1.2332383,1.1781291
ARFGEF3,1.2332383,1.1781291
DHX38,1.2332383,1.1781291
CLCN6,1.2332383,1.1781291
TNS1,1.2332383,1.1781291
PTPRQ,1.2332383,1.1781291
MAGI1,1.2332383,1.1781291
TECPR1,1.2332383,1.1781291
MAN2A2,1.2332383,1.1781291
NOS3,1.2332383,1.1781291
CROCC,1.2332383,1.1781291
EHMT2,1.2332383,1.1781291
PLXNB3,1.2332383,1.1781291
MAN2B1,1.2332383,1.1781291
MTMR4,1.2332383,1.1781291
PLXNB2,1.2332383,1.1781291
TUT4,1.2332383,1.1781291
DNAH17,1.2332383,1.1781291
MYO1A,1.2332383,1.1781291
ARFGEF2,1.2332383,1.1781291
ROBO2,1.2332383,1.1781291
NPR2,1.2332383,1.1781291
INSR,1.2332383,1.1781291
KIF7,1.2332383,1.1781291
WDR81,1.2332383,1.1781291
ATP9B,1.2332383,1.1781291
PCNX3,1.2332383,1.1781291
PLXND1,1.2332383,1.1781291
PCNX1,1.2332383,1.1781291
PTCH2,1.2332383,1.1781291
ARHGEF11,1.2332383,1.1781291
PHKB,1.2332383,1.1781291
CNTNAP5,1.2332383,1.1781291
PAPPA,1.2332383,1.1781291
INPPL1,1.2332383,1.1781291
SHANK1,1.2332383,1.1781291
ABCA9,1.2332383,1.1781291
COPA,1.2332383,1.1781291
AHNAK2,1.2332383,1.1781291
DNAJC13,1.2332383,1.1781291
MYO18A,1.2332383,1.1781291
SI,1.2332383,1.1781291
DNMT3B,1.2332383,1.1781291
DIDO1,1.2332383,1.1781291
ESPL1,1.2332383,1.1781291
USH2A,1.2332383,1.1781291
DGKH,1.2332383,1.1781291
DCC,1.2332383,1.1781291
PRUNE2,1.2332383,1.1781291
HERC1,1.2332383,1.1781291
SLC4A3,1.2332383,1.1781291
TJP1,1.2332383,1.1781291
MYLK,1.2332383,1.1781291
GREB1,1.2332383,1.1781291
ALK,1.2332383,1.1781291
APC2,1.2332383,1.1781291
LTBP1,1.2332383,1.1781291
DNM1,1.2332383,1.1781291
KIF20B,1.2332383,1.1781291
ARHGAP21,1.2332383,1.1781291
AHCTF1,1.2332383,1.1781291
WDR19,1.2332383,1.1781291
SARDH,1.2332383,1.1781291
CEP192,1.2332383,1.1781291
SETDB1,1.2332383,1.1781291
LCT,1.2332383,1.1781291
KCNH3,1.2332383,1.1781291
COL6A1,1.2332383,1.1781291
DIP2B,1.2332383,1.1781291
SBNO1,1.2332383,1.1781291
RTEL1,1.2332383,1.1781291
LAMC1,1.2332383,1.1781291
ABCA7,1.2332383,1.1781291
PTPRK,1.2332383,1.1781291
PHKA2,1.2332383,1.1781291
GRM4,1.2332383,1.1781291
USP32,1.2332383,1.1781291
NIN,1.2332383,1.1781291
NFASC,1.2332383,1.1781291
ANK3,1.2332383,1.1781291
EVPL,1.2332383,1.1781291
SMCHD1,1.2332383,1.1781291
RTTN,1.2332383,1.1781291
ERBB3,1.2332383,1.1781291
ADGRV1,1.2332383,1.1781291
RAD54L2,1.2332383,1.1781291
MYO1B,1.2332383,1.1781291
ADAMTSL3,1.2332383,1.1781291
NPHP3,1.2332383,1.1781291
TG,1.2332383,1.1781291
CGN,1.2332383,1.1781291
MYH13,1.2332383,1.1781291
MYH7B,1.2332383,1.1781291
SBF1,1.2332383,1.1781291
ATAD2,1.2332383,1.1781291
MYO3B,1.2332383,1.1781291
TANC1,1.2332383,1.1781291
ERBB2,1.2332383,1.1781291
GPR179,1.2332383,1.1781291
ATG2B,1.2332383,1.1781291
SOS1,1.2332383,1.1781291
PHKA1,1.2332383,1.1781291
MAST2,1.2332383,1.1781291
COL4A5,1.2332383,1.1781291
SMG1,1.2332383,1.1781291
ABCB4,1.2332383,1.1781291
MYOM2,1.2332383,1.1781291
CDC42BPA,1.2332383,1.1781291
ATP13A1,1.2332383,1.1781291
MED12,1.2332383,1.1781291
NPC1,1.2332383,1.1781291
SCN4A,1.2332383,1.1781291
GTF3C1,1.2332383,1.1781291
URB1,1.2332383,1.1781291
COL22A1,1.2332383,1.1781291
DOCK2,1.2332383,1.1781291
SNRNP200,1.2332383,1.1781291
ITGB4,1.2332383,1.1781291
ATP1A2,1.2332383,1.1781291
LAMA3,1.2332383,1.1781291
MED23,1.2332383,1.1781291
EIF4G1,1.2332383,1.1781291
COL16A1,1.2332383,1.1781291
GANAB,1.2332383,1.1781291
LRP4,1.2332383,1.1781291
ATP10A,1.2332383,1.1781291
ABCC1,1.2332383,1.1781291
MGAM,1.2332383,1.1781291
ITSN2,1.2332383,1.1781291
PCDH15,1.2332383,1.1781291
CLASP1,1.2332383,1.1781291
MYO7B,1.2332383,1.1781291
PIK3C2A,1.2332383,1.1781291
RICTOR,1.2332383,1.1781291
NRXN2,1.2332383,1.1781291
COL27A1,1.2332383,1.1781291
MYO16,1.2332383,1.1781291
ADAMTSL1,1.2332383,1.1781291
JAG1,1.2332383,1.1781291
POLR3B,1.2332383,1.1781291
ZZEF1,1.2332383,1.1781291
FLT4,1.2332383,1.1781291
NCOR2,1.2332383,1.1781291
TENM4,1.2332383,1.1781291
CSMD2,1.2332383,1.1781291
COL6A2,1.2332383,1.1781291
FAT1,1.2332383,1.1781291
MPDZ,1.2332383,1.1781291
WDR87,1.2332383,1.1781291
SETX,1.2332383,1.1781291
ZNF106,1.2332383,1.1781291
SCN3A,1.2332383,1.1781291
CNTRL,1.2332383,1.1781291
IGFN1,1.2332383,1.1781291
LAMA1,1.2332383,1.1781291
PRRC2B,1.2332383,1.1781291
NAV2,1.2332383,1.1781291
ATP2B3,1.2332383,1.1781291
FAT2,1.2332383,1.1781291
JAG2,1.2332383,1.1781291
TAF1,1.2332383,1.1781291
CENPF,1.2332383,1.1781291
SDK2,1.2332383,1.1781291
STAB2,1.2332383,1.1781291
DROSHA,1.2332383,1.1781291
KIF1B,1.2332383,1.1781291
DMXL1,1.2332383,1.1781291
LRRK2,1.2332383,1.1781291
DOCK7,1.2332383,1.1781291
PBRM1,1.2332383,1.1781291
IQGAP3,1.2332383,1.1781291
COL4A6,1.2332383,1.1781291
ABCC6,1.2332383,1.1781291
ZFHX2,1.2332383,1.1781291
HEATR5A,1.2332383,1.1781291
SLC12A4,1.2332383,1.1781291
ARFGEF1,1.2332383,1.1781291
DEPDC5,1.2332383,1.1781291
AKAP13,1.2332383,1.1781291
THSD7B,1.2332383,1.1781291
IGF1R,1.2332383,1.1781291
CEP290,1.2332383,1.1781291
UBR2,1.2332383,1.1781291
TRPM1,1.2332383,1.1781291
SIPA1L1,1.2332383,1.1781291
KIF26A,1.2332383,1.1781291
VCAN,1.2332383,1.1781291
DMBT1,1.2332383,1.1781291
BAZ2A,1.2332383,1.1781291
PKD1L1,1.2332383,1.1781291
PRPF8,1.2332383,1.1781291
IQGAP1,1.2332383,1.1781291
DISP3,1.2332383,1.1781291
OTOF,1.2332383,1.1781291
COL11A2,1.2332383,1.1781291
SLIT1,1.2332383,1.1781291
PIK3C2B,1.2332383,1.1781291
COL4A3,1.2332383,1.1781291
UNC13A,1.2332383,1.1781291
TPR,1.2332383,1.1781291
POLG,1.2332383,1.1781291
ABCC3,1.2332383,1.1781291
USP24,1.2332383,1.1781291
NBAS,1.2332383,1.1781291
KIF13A,1.2332383,1.1781291
CDH23,1.2332383,1.1781291
HECW1,1.2332383,1.1781291
VWA8,1.2332383,1.1781291
HSPG2,1.2332383,1.1781291
AGL,1.2332383,1.1781291
GBF1,1.2332383,1.1781291
CLUH,1.2332383,1.1781291
ABCC10,1.2332383,1.1781291
PI4KA,1.2332383,1.1781291
COL11A1,1.2332383,1.1781291
KAT6B,1.2332383,1.1781291
CEP250,1.2332383,1.1781291
RALGAPA1,1.2332383,1.1781291
MTOR,1.2332383,1.1781291
DOCK4,1.2332383,1.1781291
EYS,1.2332383,1.1781291
DOCK3,1.2332383,1.1781291
ADAMTS20,1.2332383,1.1781291
TRPM3,1.2332383,1.1781291
KIF1A,1.2332383,1.1781291
COL12A1,1.2332383,1.1781291
COL14A1,1.2332383,1.1781291
DOCK9,1.2332383,1.1781291
KDM5A,1.2332383,1.1781291
DOP1A,1.2332383,1.1781291
SHPRH,1.2332383,1.1781291
ABCC9,1.2332383,1.1781291
LAMA2,1.2332383,1.1781291
SYNE2,1.2332383,1.1781291
BSN,1.2332383,1.1781291
SPTBN2,1.2332383,1.1781291
MYO15A,1.2332383,1.1781291
DOCK1,1.2332383,1.1781291
EPG5,1.2332383,1.1781291
PCNT,1.2332383,1.1781291
ALMS1,1.2332383,1.1781291
ZFHX3,1.2332383,1.1781291
AQR,1.2332383,1.1781291
COL6A5,1.2332383,1.1781291
KCNH2,1.2332383,1.1781291
COL1A1,1.2332383,1.1781291
CHD4,1.2332383,1.1781291
LTBP4,1.2332383,1.1781291
RALGAPA2,1.2332383,1.1781291
TRIOBP,1.2332383,1.1781291
FAT4,1.2332383,1.1781291
PIKFYVE,1.2332383,1.1781291
PRRC2C,1.2332383,1.1781291
SLIT3,1.2332383,1.1781291
HELZ,1.2332383,1.1781291
F5,1.2332383,1.1781291
NCOR1,1.2332383,1.1781291
DNAH7,1.2332383,1.1781291
ATRX,1.2332383,1.1781291
ZNFX1,1.2332383,1.1781291
ANK1,1.2332383,1.1781291
CSMD3,1.2332383,1.1781291
PLCE1,1.2332383,1.1781291
MYH8,1.2332383,1.1781291
SPTA1,1.2332383,1.1781291
SCN5A,1.2332383,1.1781291
REV3L,1.2332383,1.1781291
RNF213,1.2332383,1.1781291
XIRP2,1.2332383,1.1781291
CELSR1,1.2332383,1.1781291
F8,1.2332383,1.1781291
VWF,1.2332383,1.1781291
SPEG,1.2332383,1.1781291
ITPR3,1.2332383,1.1781291
UNC13B,1.2332383,1.1781291
TNXB,1.2332383,1.1781291
APOB,1.2332383,1.1781291
WDFY4,1.2332383,1.1781291
CEP350,1.2332383,1.1781291
SPTB,1.2332383,1.1781291
LYST,1.2332383,1.1781291
ABCA2,1.2332383,1.1781291
CHD9,1.2332383,1.1781291
GCN1,1.2332383,1.1781291
MYO10,1.2332383,1.1781291
VPS13D,1.2332383,1.1781291
FBN2,1.2332383,1.1781291
MDN1,1.2332383,1.1781291
SCN9A,1.2332383,1.1781291
KIAA1109,1.2332383,1.1781291
WNK1,1.2332383,1.1781291
MEGF8,1.2332383,1.1781291
KIF13B,1.2332383,1.1781291
TENM3,1.2332383,1.1781291
UTRN,1.2332383,1.1781291
DSP,1.2332383,1.1781291
PKHD1,1.2332383,1.1781291
VPS13A,1.2332383,1.1781291
CACNA1F,1.2332383,1.1781291
HUWE1,1.2332383,1.1781291
ABCA1,1.2332383,1.1781291
MGA,1.2332383,1.1781291
BPTF,1.2332383,1.1781291
HTT,1.2332383,1.1781291
CACNA1B,1.2332383,1.1781291
MYOF,1.2332383,1.1781291
LRP1,1.2332383,1.1781291
DCHS1,1.2332383,1.1781291
DNAH10,1.2332383,1.1781291
MYO18B,1.2332383,1.1781291
PLEC,1.2332383,1.1781291
ASCC3,1.2332383,1.1781291
CHD6,1.2332383,1.1781291
PRKDC,1.2332383,1.1781291
COL5A1,1.2332383,1.1781291
DNAH1,1.2332383,1.1781291
DNAH12,1.2332383,1.1781291
SORL1,1.2332383,1.1781291
KALRN,1.2332383,1.1781291
NBEAL1,1.2332383,1.1781291
FAT3,1.2332383,1.1781291
DMXL2,1.2332383,1.1781291
MYO7A,1.2332383,1.1781291
COL6A3,1.2332383,1.1781291
RYR2,1.2332383,1.1781291
MYH3,1.2332383,1.1781291
CELSR3,1.2332383,1.1781291
ITPR2,1.2332383,1.1781291
CELSR2,1.2332383,1.1781291
ABCA12,1.2332383,1.1781291
TLN1,1.2332383,1.1781291
CAD,1.2332383,1.1781291
APC,1.2332383,1.1781291
FLNA,1.2332383,1.1781291
FLNC,1.2332383,1.1781291
FLNB,1.2332383,1.1781291
STAB1,1.2332383,1.1781291
ABCA4,1.2332383,1.1781291
VPS13C,1.2332383,1.1781291
PKHD1L1,1.2332383,1.1781291
DNAH14,1.2332383,1.1781291
DNAH8,1.2332383,1.1781291
TENM1,1.2332383,1.1781291
CSMD1,1.2332383,1.1781291
ABCA13,1.2332383,1.1781291
SPTBN5,1.2332383,1.1781291
TTC28,1.2332383,1.1781291
DNAH6,1.2332383,1.1781291
LAMA5,1.2332383,1.1781291
ASPM,1.2332383,1.1781291
SZT2,1.2332383,1.1781291
DNAH3,1.2332383,1.1781291
FRAS1,1.2332382,1.1781291
ACACA,1.2332382,1.1781291
FBN3,1.2332382,1.1781291
HERC2,1.2332382,1.1781291
DNHD1,1.2332382,1.1781291
DYNC2H1,1.2332382,1.1781291
SVEP1,1.2332382,1.1781291
KMT2D,1.2332382,1.1781291
DMD,1.2332382,1.1781291
NIPBL,1.2332382,1.1781291
UBR4,1.2332382,1.1781291
RYR1,1.2332382,1.1781291
VPS13B,1.2332382,1.1781291
LRP1B,1.2332382,1.1781291
DNAH11,1.2332382,1.1781291
COL7A1,1.2332382,1.1781291
DNAH9,1.2332382,1.1781291
NEB,1.2332382,1.1781291
OBSCN,1.2332382,1.1781291
HMCN1,1.2332382,1.1781291
SYNE1,1.2332382,1.1781291
DST,1.2332382,1.1781291
MACF1,1.2332382,1.1781291
TTN,1.2332382,1.1781291
