,0
SCN2A,-10.33217
CHD8,20.034616
ADNP,-4.681866
SHANK3,-5.3743153
PTEN,-2.7323406
SYNGAP1,-4.298974
MECP2,-3.6457133
KDM5B,-6.644397
FOXP1,-5.0036063
ARID1B,-6.465369
POGZ,-5.337381
ASH1L,9.883677
KMT5B,-4.3871202
SLC6A1,-5.0584507
GIGYF1,-4.53689
DYRK1A,-3.6081612
CHD2,-4.6908793
ASXL3,10.161554
TAOK1,-1.1938705
DNMT3A,-6.645481
GRIN2B,-6.315674
BRSK2,-4.7113614
KMT2A,-11.0506115
NF1,-7.429201
STXBP1,-5.4131613
CUL3,-5.252298
MED13L,8.813894
ANK2,-5.7885075
MYT1L,-5.031481
RORB,-3.6837378
TBL1XR1,-4.2872276
TBR1,-5.980967
DYNC1H1,-9.78051
WAC,0.73647976
PHF21A,-4.3016777
KDM6B,-6.4454556
DDX3X,-4.423184
CTNNB1,-3.6662843
MED13,-5.5621495
ANKRD11,-5.1612945
CTCF,-4.0620084
RFX3,-4.8858113
ARHGEF9,-4.600576
SHANK2,-2.9278204
DEAF1,-4.453736
SMARCC2,1.5722504
TLK2,-5.607486
TCF20,-5.4782
CNOT3,-4.6929016
SYNCRIP,-1.8559251
SETD5,-6.326866
NAA15,-0.024268627
SCN1A,-8.442235
EHMT1,-5.355638
TCF4,-4.686884
SRPRA,-4.5783067
MARK2,-3.2508562
KMT2C,14.697612
MBD5,-4.8697762
NRXN1,-8.459684
IRF2BPL,-3.7898269
PHIP,-7.0286484
NFE2L3,-4.076537
SKI,-3.7311242
PSMD12,-4.365587
KCNB1,-6.209656
CSDE1,2.7349825
TSC1,-4.9345365
DMWD,-4.2207694
CLCN4,-5.9261703
MEIS2,-3.1546726
PBX1,-0.5849314
HNRNPD,-2.80637
BCL11A,-3.6350722
TCF7L2,-4.1209955
WDFY3,-9.629162
PHF3,-5.994709
SETBP1,-5.7874856
TGM1,-6.1928067
EBF3,-3.925985
PPP2R5D,-4.9024453
TAF4,-4.536966
KCNQ2,-7.72674
CAPRIN1,-4.266567
DSCAM,-6.430125
GABBR2,-3.4262826
PRKG2,-4.8029537
UBN2,-0.85392046
MEF2C,-4.610599
TRIP12,15.549301
EP300,19.661488
NR3C2,-6.22643
ARHGEF18,-3.2572305
TNPO3,-5.947475
SMAD6,-2.3848424
AMOT,-5.0012574
AUTS2,-4.51387
NCKAP1,-3.947885
DLG4,9.833057
ECPAS,-6.270764
PRKAR1B,-4.92081
FUBP3,-4.386699
GRIA2,11.181454
CCDC40,-3.1550882
GABRA1,-4.1138825
TSC2,-11.112363
C1orf185,-3.5017135
METTL23,-3.6400545
HNRNPUL2,-5.067309
PAX5,-3.7292497
ATF4,-3.169555
RERE,-6.4107513
DHFR2,-3.6898518
TMC4,-4.831228
FXYD5,-3.7284255
EBAG9,-3.472045
ITGB5,-6.3130116
INTS2,-5.304157
RAI1,-4.926084
FOXG1,-4.9087944
PLEKHG6,-5.644887
MAVS,-3.60263
C1QC,-3.9936125
TMEM116,-3.9844642
SIN3A,-3.1897507
ANP32A,-0.19432974
PRR14L,-5.371949
CSNK2B,-3.9521275
PMM2,-4.401565
PFN2,-3.7587988
LMTK3,-6.2699375
SPRY2,-3.7990913
CMPK2,-3.9978573
IQSEC2,-5.6876764
RIPK1,-4.468234
TPK1,-4.024211
CASZ1,-5.9243503
ZBTB45,-2.8757033
NUDT17,-3.9713225
FANCE,-3.8650994
ZNF396,-4.0202427
NR4A2,-3.0934129
TBCEL,-4.1344748
ADAM21,-4.1073546
TCF3,-2.2108748
AAAS,-5.3495736
CELF6,-3.89576
INSC,-4.1555743
ZMYND8,-5.862071
CLTC,-5.744246
TCHHL1,-4.1244802
CTDSPL2,-4.0224595
ZNF292,-2.2158995
KCNQ3,-4.361042
RALGAPB,-4.160346
SRCAP,-8.542914
RAB11FIP4,-3.8972812
ZNF865,-4.11007
CASKIN1,-5.6773148
RANBP17,-4.29646
FBN1,-8.1374855
ACTB,-3.5074584
CNNM2,-3.1852226
TSHZ1,-4.113669
UPF3B,-3.9346287
PHF2,-3.1845982
FMR1,-4.1122594
MIB1,7.1756425
FADS1,-2.065059
FRMD7,-4.4876842
LDB1,-3.1021678
PCDH19,-4.1966176
EIF3G,-3.6791573
MYO1E,-6.2889585
ZFAND5,0.60915756
CFAP410,-3.8033473
BICRA,-2.954843
MYBL2,-4.523456
KIAA1958,-2.114586
GABRG2,-4.3287797
SKIDA1,-4.424464
PSMA3,-3.63723
TTC37,-6.110751
PCYT1A,-4.544383
AP1G1,-5.4145756
FEZF2,-3.9217775
FGF19,-3.7856479
MSL3,-1.5640209
SON,3.6202083
DNAJC5,-3.5945168
FBXO22,-3.701456
TNFRSF8,-4.5234337
HDAC11,-4.723315
SSR2,-3.6304853
ACTG1,0.02609253
PNN,-4.0933857
RUNX1T1,1.0536699
APBB1,-4.3100414
CERS4,-4.6502047
CELF4,-3.598464
ZBTB14,-3.8581543
ATAT1,-4.6165805
RBBP5,-4.6128
G3BP1,-4.499362
WNT7B,-3.0889573
BDP1,-5.8948755
RNF217,-4.5721774
CBX4,-3.3530889
NME8,-4.600794
DCUN1D3,-4.0426316
ENC1,-1.1742094
UBB,-2.1167083
NEO1,-5.0875034
SLC4A10,0.30723667
BRF2,-3.3825636
PSMD11,-4.3843837
NR2F1,-4.6464586
CASK,1.3133063
SARM1,-3.8974621
TPST2,-4.0596037
FPGS,-4.8279223
QRICH1,-4.5222816
LRP10,-3.254621
CD101,-3.5308466
INTS7,-4.6616793
SMAD4,-4.945153
STARD10,-4.0533285
CNTNAP3,-4.8019724
DHX37,-6.1461535
GABRB3,-4.6323447
NDNF,-4.056513
FARP2,-6.197201
SLF1,-4.7263803
HDAC4,-3.660556
CNGB3,-4.060403
PCDHGA8,-2.7770517
TSPAN4,-4.2228727
FUK,-3.2059324
SULT1A1,-4.233943
NTS,-3.5184686
MAN1A1,-2.8890162
FAM57B,-4.1232924
RFX8,-2.0210116
NACC1,-4.2407618
ZSWIM4,-2.4657888
PPCS,-4.222889
SUSD4,-4.1924767
TMEM165,-2.8335755
RIMBP2,-4.4071093
PSMD6,-4.0699215
ITPKA,-4.232128
MSL2,-3.7391202
RNF146,-1.6568642
NSD2,-7.0819387
SOX11,-4.0485964
SLC34A1,-3.572477
ADPGK,-4.183355
TCERG1,-5.7349916
ZBTB18,-4.1070952
TAF6,-3.709121
BCL11B,-3.8040783
PPM1M,-4.2691574
PUF60,-4.2369037
CUX2,-4.492087
GPC5,-4.1349535
SERPINI1,-4.2350016
SATB2,-3.3788764
CRISPLD1,-3.7062736
ZMYM2,21.346409
DBF4,-4.1336555
ZMYND11,-3.3377476
TNFAIP8L3,-3.7597747
PCDHGA12,-5.0357037
ARHGEF2,-6.069476
CFAP70,-5.578105
HPS6,-5.014291
JARID2,-5.668694
SNCA,-3.4117239
KDM6A,-6.1036615
ASB14,-4.3464093
CALU,-4.128316
HNRNPL,-0.6427355
KLHL25,-4.7874217
AHDC1,-4.5755353
CTR9,-5.98001
B9D1,-4.352051
SPAST,-2.8200357
EIF4G2,-2.7989583
LRRFIP1,-4.839468
TUBB2A,-0.88589287
GGNBP2,-4.8070984
ARHGAP44,-5.145739
CARD14,-5.088539
CIC,-5.0149198
DIP2C,-6.9379845
RIPOR3,-5.1323338
CCNT2,-3.8434954
ZC3H14,-3.6871367
PER2,-4.9327602
DCAF7,-2.6716807
MAP2K7,-4.283425
AMOTL1,-4.863652
HBD,-3.7334478
PSMC5,-4.7519693
FOXP2,-2.7592614
DACT1,-4.1848755
PAPOLG,-4.777688
FBXW5,-3.1798928
POTEH,-3.227567
CTB-186H2.3,-3.2271304
FLJ00273,-3.2285202
CD93,-4.385233
MFHAS1,-4.822042
BTRC,-4.924587
FBH1,-3.4218042
ANO9,-4.018276
SETD1A,-7.848803
WNT9B,-3.2316155
LRRC4,-2.1445794
NPIPB5,-3.2647002
ZNF462,-6.571386
ZMAT5,-3.864518
TLE3,-4.8632755
CYP17A1,-4.45409
EFR3A,-5.024085
ULK1,-2.6056337
S100G,-3.2964761
TRERF1,-2.6821349
IFRD2,-4.5544434
EIF2A,-4.280341
MOB4,-3.0956678
ANKS4B,-3.8665154
FAM72A,-3.2796452
PARN,-4.3700037
GSTM1,-3.1163816
DNTT,-4.4676833
SNTA1,-4.5949802
KRTAP2-2,-3.2972767
HECTD4,-9.172999
DEFB128,-3.30587
TGM6,-5.466784
NBPF12,-3.2700503
KLHDC10,-2.609131
HTN1,-3.3098378
SLC28A1,-4.4386287
KATNAL2,-5.4564443
ING1,-4.4343605
MGRN1,-4.441181
SLC25A46,-3.2143269
CHN2,-4.2476263
C19orf33,-3.3245919
WWC2,-5.066537
TOP3B,-5.273
PRR12,-5.093321
TTC12,-4.603413
KCNT1,-6.7247014
MCPH1,-4.4493146
GSS,-5.2723513
MOGS,-5.363624
PRAMEF10,-3.3412843
HMGN2,-0.75743866
KRTAP5-2,-3.3390067
EIF2AK1,-4.438827
PPP1R17,-3.3509085
ERI1,-4.045179
NRG4,-3.36583
EMSY,-5.093325
TCEAL1,-3.281209
MBNL1,-4.2847276
KIAA0232,2.506691
DUS1L,-4.4723144
TMEM140,-3.3847995
GRIN1,-6.4132204
SLC16A1,-4.516436
IFNA5,-3.3747716
HIST1H1A,-3.3929555
TCF24,-3.3798323
RYBP,-2.7003744
HIST1H2BK,-3.406179
RPS6KA3,-4.503991
HIST1H1E,-3.413852
MYH2,-9.665787
TOMM7,-3.0849228
TMEM14C,-3.3306248
RIPPLY1,-2.169695
SMIM15,-3.2928133
TPBGL,-3.4263237
BDKRB2,-4.002168
NRSN2,-3.5154085
IFITM1,-3.4730685
ARF1,-3.49031
MSH2,-6.8270245
SCNN1D,-4.577251
RAC3,-0.9650941
RPS12,-0.7946291
SMIM22,-3.4631886
NBPF20,-2.7489223
ZNF71,-3.9300413
EFCAB9,-3.4557278
C2orf72,-3.2753422
PTMS,-3.0666356
ZNF580,-3.5250165
ARF3,-2.6920059
MLANA,-3.59034
LLPH,-3.4239886
LSM10,-3.5395238
GSTA2,-3.4655843
C3orf56,-3.4717777
BST2,-3.5309834
WASHC3,-3.4813216
GATC,-3.4311361
TGFBR3L,-3.5372312
VIP,-3.416728
UBA6,-3.7624435
NUDCD2,-3.4099724
FCER1G,-3.5726101
YWHAZ,-3.5439353
MKX,-4.0609426
BPIFA1,-3.4909954
IL3,-3.492254
VPREB3,-3.4998934
ABCC5,-6.979195
MDFI,-3.5349827
CA3,-4.1108174
CD59,-3.3618448
C4orf19,-3.5961642
CARHSP1,-3.514911
CDH13,-4.3238006
CORO2B,-3.3160212
NDUFB6,-3.2999213
UMODL1,-4.654666
MRPS28,-3.572164
HHAT,-4.7434764
SPP2,-3.5203068
ASB17,-3.527804
PLA2G16,-3.544702
SLC6A13,-5.3613367
PCDHA8,-4.576193
TMEM179,-3.4252992
ZNF781,-3.1555147
C11orf24,-3.66735
GALNT18,-3.4679735
GADD45G,-3.357865
TLR3,-4.7434654
IL27,-3.557874
ISL2,-4.934679
ARHGAP18,-3.4148545
NCKAP1L,-5.688074
GLYAT,-3.5567927
CST2,-3.5555375
GHRL,-3.5615113
ZDHHC2,-4.276532
PTPRE,-3.9309046
SNAPC4,-5.2434506
KRTAP10-6,-3.5583527
PRR32,-3.5589027
TMEM39B,-4.7209716
LYPD4,-3.5724826
TMEM249,-3.5625765
FPR3,-3.5752318
DCDC2B,-0.8116536
EBF1,-2.4497485
MADCAM1,-3.5849688
AMPD1,-5.862095
DOT1L,-5.439182
RNF151,-3.5970757
PRDX6,-3.4367466
AIF1L,-3.690382
IL20,-3.5808892
LSM3,-3.460868
MORN4,-3.3500524
FAM168B,-3.267022
GLTP,-3.5182414
LDLRAD2,-3.6386786
C6orf47,-3.6169782
SCARA3,-4.9930277
KRIT1,-4.5724287
GPR31,-3.6110044
PABPC1L,-4.9232903
GPX4,-3.596302
ABTB1,-4.939306
SIRPB2,-3.6989894
ITSN1,-7.8000655
TCF12,-3.299613
PRKD3,-5.388023
KLC1,-3.751599
TPRX1,-3.5985007
C2orf40,-3.6035194
CHCHD4,-3.613555
UPP1,-4.167192
DESI2,-3.4396195
PRR23A,-3.6394756
OLFM3,-4.19289
NUDT4,-3.767557
SNX22,-3.6632113
TIFA,-3.654644
EPHB1,-5.654858
C11orf68,-3.6597044
CACNA1D,-9.977118
KIRREL3,-4.1992235
PRR30,-3.6153915
ATOH1,-4.156676
NUAK1,-3.206751
GVQW3,-3.627495
TCTE3,-3.6636257
GARNL3,-4.797632
CALHM3,-3.6599762
EMCN,-3.5608602
EFCAB8,-3.6330492
FAM177A1,-3.5342836
SPRY1,-3.5489974
NCAPG,-4.900657
AZGP1,-3.670142
RGS2,-3.3587403
ARHGDIB,-3.6540947
ADTRP,-3.6820068
CD151,-4.263492
G3BP2,0.40165758
CXXC5,-3.515648
RESP18,-3.6511118
EOGT,-3.083455
TKT,-5.4113693
NT5M,-3.75999
KATNAL1,-1.4805942
IFI44L,-3.6762564
VGLL2,-3.6819658
RWDD2A,-3.7318866
MPLKIP,-1.6181192
IFNG,-1.558816
EMC9,-3.5752144
KIAA0319,-4.80135
BAD,-3.766442
POLRMT,-5.7899384
CEACAM19,-3.5562387
C20orf173,-3.6114972
ARL13A,-3.6809714
ASF1A,-3.3630476
FAM71F2,-3.4813826
MYL12A,-2.4092522
NEFM,-5.4995
CELA3A,-4.2215657
CDK13,-3.8545537
KIF9,-4.875845
HES5,-3.642326
VSIG2,-3.7130759
TMEM241,-3.761466
SPIC,-3.6860425
NSMCE1,-3.7341974
BRF1,-4.4491467
TM4SF19,-3.6833947
SLC35D2,-3.723853
OVCA2,-3.6786933
MTHFS,-3.7445579
SOX5,-6.0753026
AADACL4,-3.7056177
SYT1,-3.5834873
CYLC1,-3.6803668
ZNF76,-4.3504243
EXT1,-6.286203
NALCN,-9.445949
PIN1,-3.727781
RRAGC,-4.0707707
EDAR,-5.0044084
RPL12,-3.3268101
EAF1,-3.6341977
LSM1,-3.6001196
TMEM91,-3.7239764
SPDYC,-3.7109618
IFI30,-3.8024113
BTBD2,-3.8383021
OVOL1,-3.726343
EDF1,-3.4459736
ZNF346,-3.6201088
TM4SF1,-3.7812855
TSSC4,-3.7493465
TMEM147,-3.7657325
YRDC,-3.7378395
WFS1,-6.8498287
PSD3,-4.53362
NET1,-2.6522505
OBP2A,-3.7105641
ORM1,-3.714099
BNIP1,-3.773766
CD163L1,-5.5268664
TIGAR,-3.6948612
ZC3H8,-3.3423762
PDCD1,-1.6301641
KAZN,-4.7657156
CLEC3A,-3.756664
UBE2J2,-3.8120415
DEK,-3.4252312
PPP1R3D,-3.7462053
HIST1H4F,-3.8462148
DCAF11,-4.993617
ADCY5,-7.603119
MYOZ2,-3.8528032
HAVCR1,-3.742075
TRAM1L1,-3.773983
RPUSD1,-3.8912945
KIR2DL3,-3.7486103
LYPD5,-3.8074427
ACBD6,-3.8066003
SYT7,3.1429691
APOL4,-3.743567
NKIRAS1,-3.5774536
LRRC4C,-3.9533095
KDM1B,-3.705226
NCCRP1,-3.8025596
MRPL52,-3.6820388
MRPL14,-3.8257604
GCNT7,-3.8328798
CPD,-5.491063
PRPS1L1,-4.309679
TMBIM6,-3.3343194
METTL26,-3.7707992
RNASEH2A,-4.323006
NECAP1,-3.287117
BPIFB3,-3.7690341
ZFP36L2,-3.7795343
ABHD12B,-1.7190876
EFCAB2,-3.7834117
CCNO,-3.8012874
PAFAH1B3,-3.4728346
ASCL4,-3.8718743
RSC1A1,-3.8216832
CCT7,-4.874318
TMEM82,-3.8222237
NPBWR1,-2.6308074
IGFBP2,-3.7900596
CDC42EP4,-3.7919564
DTYMK,-1.8765712
STAP1,-3.824034
GNB2,-0.7195101
MFSD3,-3.9057162
PAK1IP1,-3.5554729
RPL15,-0.36604214
LRRC14,-3.8582692
DSCAML1,-7.3771505
EEF2,-4.83467
N4BP2L1,-3.89001
ITGB1BP1,-3.8089006
PCGF3,-3.3922627
FERMT2,-4.890682
TRIML1,-3.8224752
EIF4E3,-3.9980314
CADM2,-2.494771
RTL3,-3.809623
PPP4R2,-3.6121855
GRIK2,-5.7463813
MCHR2,-3.8245513
TUSC1,-3.8317554
GPR171,-3.9002297
VWA7,-1.6873221
IGF2,-3.9004505
H3F3B,-3.8761601
SLC35A5,-3.7872171
PDGFC,-3.9623842
ARHGEF7,-4.540304
IDH3G,-2.967827
SPC25,-3.9700475
NIFK,-3.6833289
SULT1B1,-3.8519034
CRIP2,-4.0559697
XXYLT1,-3.4009533
TMEM45A,-3.855087
CACNA2D3,-5.7421436
RASGEF1B,-4.422382
SCGN,-3.8804045
FAS,-3.8779655
PPA2,-3.7109797
THEGL,-3.8299353
C6orf106,-3.8702822
PCDHB4,-4.303912
SORD,-3.9393532
THOC7,-3.9403245
PLVAP,-3.9336607
XKR3,-3.8611884
CDH10,-4.8277397
APH1A,-3.9243047
GTF2I,-2.5463443
SLC35G1,-3.9606109
IPP,-5.126594
ASPN,-3.9753528
PDCD2,-3.7712266
RTRAF,-3.7363586
C18orf54,-3.9114702
LIPI,-3.9258902
LIN7B,-3.885368
HYKK,-3.8993902
KLRG2,-3.8516557
GFY,-3.9123182
GALNT14,-5.226536
SLC36A4,-2.3306828
OSR2,-3.8619142
CAB39,-3.674296
PSD,-4.9416227
RAB2A,-3.5094676
ARRDC1,-3.930238
CBX1,-3.4719565
GNB5,-4.340242
MMD,1.4237704
ZNF578,-3.756019
FAM217B,-3.4149044
DBR1,-3.0100176
LRTM2,-3.969538
SARAF,-3.3739486
C1QL3,-4.05081
POPDC2,-3.83992
GPR152,-3.8897033
OSER1,-3.697969
PYHIN1,-3.8647501
FSCB,-3.8692071
CCR7,-3.8786654
TOR1AIP2,-3.6658468
ZNF362,-3.5945673
FOXD3,-4.437125
ENTR1,-3.8703458
HELZ2,-8.689306
CCDC115,-3.9049618
GDPD4,-3.8892934
HNRNPU,-4.4017906
NXPE4,-3.8912554
VCL,-4.522296
PLIN2,-3.8578846
ZNF697,-3.4810412
AXIN2,-0.01775074
PNPLA7,-7.4678507
ST3GAL6,-3.9006493
PLIN4,-3.7842736
SCAMP2,-4.076943
ZNF517,-3.9355106
LRRC74A,-3.9055538
TANC2,-6.521502
RETREG2,-3.6729586
TP53I13,-4.0744185
HIBADH,-4.009999
CD63,-3.7188082
AMD1,-3.7073982
GABRB1,-4.9474273
TNFRSF19,-3.7152646
CCIN,-3.957415
DBX2,-4.0152535
CACNG3,-4.555468
STMN4,-3.433045
TDO2,-4.502058
STN1,-3.9174848
FCRL6,-3.9268346
NME9,-1.8992972
PSMB5,-3.6953077
NOXO1,-3.9390206
TMEM102,-3.9182093
FGF14,-2.4156442
CRAMP1,-5.073193
ICE1,-5.3988457
PRSS38,-3.9760385
BTNL8,-3.9485276
RPL11,-3.5994966
STPG2,-3.9356966
SYCE1,-3.9248796
RNF220,-5.122853
GALR2,-3.9933221
OSBPL7,-3.956236
FAM200A,-3.725215
TRIM38,-4.0792546
TLDC1,-3.965346
RPGRIP1L,-6.2806635
HSPA13,9.624119
SEC11A,-3.8697422
ST6GALNAC2,-3.9742725
PRDM16,-5.1919794
PAFAH1B2,-3.4364905
ING2,-3.6691952
SLC24A1,-4.0040436
PIP4K2B,-3.4557245
BTBD16,-3.951406
NAA40,-3.8874462
GSDMC,-3.9509392
SMAP2,-3.7604778
PEX11B,-3.9666078
LRRIQ1,-5.6181636
FOS,1.5149231
E2F6,-3.9751573
NFIL3,-3.5436494
CYBRD1,-2.8531585
PPP1R7,-3.9269445
SLC35A3,-4.019153
SRPK2,-3.540786
PRPF4B,10.100122
POC5,-1.9145935
RNF212B,-4.0164847
ELOVL2,-4.063986
CDK18,-4.6375594
INSIG1,-3.5018995
MKS1,-5.180581
FAM200B,-3.8330154
GPR26,-0.6179137
HIC2,-2.1940904
RAB40B,-3.9938781
ADAR,-4.689981
LRRC17,-1.7752895
BTN1A1,-3.988478
PRRT1,-4.157381
NAXE,-4.0165825
FANCL,-3.774561
BTBD19,-4.0072803
ELAVL2,-3.188257
RHOV,-4.1614504
SERPINE3,-4.0135283
PSG9,-3.928009
UNC93B1,-2.84801
MIDN,6.2012544
HCRTR1,-2.792803
ASB4,-2.5959582
CDH12,-5.1005435
HOXD1,-4.0520706
SIGLEC8,-4.0618324
SLC35A2,-4.0467167
ZNF548,-3.817862
DOCK8,-5.2096295
TBPL2,-4.025857
CORO1C,-2.0102963
DNAJC8,-3.695774
CLPTM1,-5.301617
ANP32D,-3.3136082
ANKEF1,0.041047573
SCNM1,-3.8201013
NUDT6,-4.040544
OSBPL3,-5.2508955
GNG11,-3.293943
PLEKHO1,-3.7881658
ETV2,-4.149567
EPCAM,-3.9666326
CTAGE1,-3.9597967
THBS4,-5.496822
YBX1,-3.5375018
HRAS,-4.2109003
ZNF26,-3.9700625
TBL3,-5.386018
ITPRIPL1,-3.9919152
ZNF813,-3.9538045
YIF1B,-4.192722
GNAI1,-4.3242807
VSTM2L,-3.9680827
OASL,-4.0254292
KREMEN1,-2.804088
ZNF286A,-3.8904953
ADCY7,-7.1527834
ZNF211,-3.9345822
ZNF488,-4.0156126
DCP1A,-3.756925
SHISA9,-4.023605
MEX3B,-1.4079111
CHAMP1,-3.7749467
C3orf58,-1.9361567
PPP6C,-4.0507174
WDR26,-5.0674906
PRDM5,-4.6772876
RFTN1,-3.68598
PACRG,-4.1149774
DERA,-4.1465
MAZ,-3.9309044
KIAA0825,-5.31175
PCOLCE,-4.133644
LMAN1L,-4.0658827
KLHDC2,-3.8824117
CRHBP,-4.0513453
HAPLN3,-4.161292
UQCRC2,-3.740574
MRE11,-4.0246835
RASSF2,-3.8713472
NHLRC4,-3.3888657
CUEDC1,-3.7336073
ANKRD53,-4.0749598
TRIM73,-3.3620095
TAPBP,-4.1084657
TMEM151A,-1.9822099
HIST1H2BH,-3.3642673
ZNF354C,-3.9996278
ANTXR2,-4.7125936
PHF23,-3.9581945
DENND2C,-1.9508824
ZIC2,-2.9995906
CCDC43,-4.0927835
MSTN,-2.007634
GIMAP8,-4.036369
SLC25A30,-2.0485885
CCDC125,-2.0068994
L1TD1,-4.1440277
HRASLS2,-3.3793895
CACTIN,-5.3279567
IL11RA,-3.916929
HAUS3,-3.8161497
ODF3B,-4.143599
ZNF689,-3.889263
TCF15,-4.3371663
KIAA0754,-3.8403382
RUNDC3B,-3.3268878
SLC30A2,-2.0279908
PRKD1,-6.015435
PHF12,-4.228735
RASSF7,-4.2134533
ACE,-4.569013
BLCAP,-2.7399714
TWF2,-4.146781
DDX60,-6.1239758
PHF24,-4.1446924
CNPPD1,-4.058528
MOS,-4.2312713
TRIM17,-4.1275005
CHRM4,-4.168509
RAB6B,-3.984117
RAPH1,-4.8505325
SYP,-4.0247207
PHF7,-4.1752205
ADRM1,-4.2922087
FLCN,-4.313638
ZNF559,-4.1684613
ZNF710,-4.0974827
CCDC113,-4.1897264
CCDC87,-2.8594637
CYP27C1,-4.199741
METTL17,-4.110731
ZNF490,-4.0480366
GPRIN1,-4.007148
LRRC37A3,-4.126832
ZFYVE9,-4.914296
RTN4RL2,-4.1732783
USP29,-4.1030817
TUBA3C,-3.425468
P2RX5,-4.207561
AMBP,-4.164869
GRK7,-4.163066
ZNF699,-4.132152
ZWILCH,-3.9454713
CDKN2AIP,-3.919339
FXYD7,-3.5214543
STAM,-3.9450495
SATB1,-5.0038414
BARX2,-4.230414
MCM6,-5.4804034
ENTPD2,-2.0959916
TERF2,-3.8676138
CYP1A1,-1.7366157
MMP27,-4.160453
TUB,-4.963416
LMNTD1,-4.243159
TSNARE1,-4.180339
LZTS3,4.183729
SDR42E1,-1.1563993
PPP5C,-4.687587
SETD7,-2.7996643
MANEA,-4.2673507
FOSB,-0.20056963
MOCS3,-4.1267962
OPN5,-4.169298
ZFP14,-3.817723
DPYSL2,-4.0142016
LRFN4,-4.07141
SLC6A8,-5.379263
CSTF2T,-4.0055156
IRX5,-3.884212
TYW5,-1.7664545
ZNF454,-1.9750917
GPBP1,-1.6071553
GRAMD2B,-2.1175025
DNTTIP2,-3.9250026
MRPS5,-3.8785548
ERF,-4.142126
ZDHHC14,-4.195519
FOXH1,-4.2021375
ECSIT,-4.828474
MAPKAPK3,-4.262743
MAST1,-4.053623
DGUOK,-3.9733193
PARPBP,-4.1857653
COIL,-2.6618183
ZNF638,22.629028
TACC3,-4.292208
ENTPD6,-4.059031
EIF6,-4.1589766
NFE2L2,-4.1116424
C10orf90,-4.131254
DOCK6,-5.465274
PLD4,-4.2988167
SMARCE1,-3.8219748
CHST14,-4.298726
SLC47A2,-2.8890483
PCBP4,-3.8075397
SPARCL1,-3.828024
STKLD1,-4.1991386
ADSS,-2.9969025
LRRTM2,-3.490757
FABP4,-3.5066621
IPPK,-4.2507925
MRS2,-4.106772
SLC38A7,-4.3046203
MYO5A,-8.892782
MRTFB,-5.334622
ZBTB7A,-3.922904
SMYD2,-4.2674084
GALNT2,-5.284047
CLHC1,0.7859349
SLC22A14,-4.2036867
ZNF821,-4.0903525
BBOX1,-4.359394
PGAM5,-4.25149
ZNF438,-4.173657
DBF4B,-4.3421507
MRGPRX1,-3.488162
CLTRN,-3.5698032
CHRFAM7A,-3.575418
SDSL,-2.3159444
HJURP,-4.256196
JPH3,-4.511957
RXYLT1,-4.2084274
RTN1,-3.4786627
SLC35E2A,-3.3514123
CILP,-3.4059317
NDUFB2,-3.2149332
USP4,-5.2327566
BSDC1,-3.6854787
MEST,-4.0435386
AVPR1A,-4.302041
DIP2A,-6.107023
SLC4A9,-6.0226183
RRAGA,-2.8103297
BTBD17,-2.775912
CCM2L,-4.2415037
THAP5,-2.9606354
DELE1,-3.9924583
BIRC3,-4.163868
COCH,-4.5587406
RCOR3,-3.8804524
C7orf43,-4.21112
HIST1H2AA,-3.5095053
ZNF229,-4.1464057
PGLYRP2,-4.233225
NKAPL,-4.158574
MTMR12,-1.816359
BRD3,-3.6386886
GALNT3,-1.4531426
TIGD7,-4.039245
SHE,-4.201157
HAP1,-2.1025012
PHAX,-3.9596267
BZW1,-3.8329015
CDK15,-4.231142
INAVA,-4.3909116
PTPRA,-5.3573003
PNP,-4.3308597
ANAPC2,-5.670095
DMBX1,-4.757062
SNRNP35,-2.087714
GRIA1,-3.760893
TSKS,-4.211178
BCHE,-4.726499
REM1,-4.3346014
MEMO1,-4.159842
GPC1,-3.930161
LILRB2,-4.2916923
ADGB,-6.2286954
ZNF107,-4.062599
ZNF805,-4.1313777
DHX57,-4.067445
DUOXA1,-4.1413345
NAXD,-4.2932873
ZNF143,-4.227107
ANGPTL1,-4.3720264
PMEL,-4.2243347
PICALM,-3.9763618
CHRNA9,-4.7882133
E2F7,-4.946519
TTYH2,-4.19475
LGALS3,-3.6805322
FDX1,-3.6163905
CABP4,-4.381511
SAP30,-3.444412
FLRT2,-4.148842
CRYBA4,-4.320926
PLEK2,-2.1892452
OTOP2,-4.271324
RGS1,-3.7842348
ALOX5AP,-2.414377
APMAP,-4.245187
LPXN,-4.291522
PITPNA,-3.9130993
RGS14,-4.29827
LRRC30,-3.5631034
CD6,-2.0311198
LRFN2,-4.384388
ZAP70,-4.4326577
DOK1,-4.390981
SMG9,-4.209918
MCRS1,-4.9381742
TPI1,-1.9134302
SEC61A1,-4.7541213
BMP7,-4.7871847
ATP1B1,-3.7343447
KYAT3,-4.233079
HID1,-3.4228206
XKRX,-4.329781
PRELID3B,-3.5742612
PTGER4,-4.3883257
SF3B5,-3.4083858
ZFP2,-4.32912
CD248,-3.9977484
ZNF251,-4.1135817
GAB3,-4.369771
ARRDC2,-4.3972974
EIF2B1,-3.1794171
MVK,-4.803575
CCDC144A,1.3325505
KYNU,-4.3799224
ZNF605,-3.9083405
GPRC5B,-4.366651
CBL,-5.875182
TRIM24,9.381684
SERINC5,-4.269278
CBX5,-3.0023406
FAU,-3.138474
SLC39A12,-4.3695626
CNOT2,-4.114129
SMCR8,-4.317911
P2RX7,-4.444904
POLI,-4.3443723
PTK2B,-6.3518353
IDI2,-3.666265
LFNG,-4.31542
ZNF687,-4.3496494
FCRL3,-4.321183
FMN2,-5.2520456
CCS,-2.3357308
FAM111B,-4.4623404
HCRTR2,-4.3682675
PLA1A,-3.1923943
ZFPM1,-4.318035
MFRP,-4.30157
PCGF2,4.2008295
LPGAT1,-2.8130484
LRRC19,-3.6763854
MTFMT,-4.49075
ZNF366,-4.423117
LHX2,-1.6397009
MAFB,-3.1431665
USF2,-4.783443
ETFB,-4.209632
RPL21,-2.405585
TPPP,-2.1088786
DENR,-3.3745525
CELF2,9.451093
BLK,-4.8854465
POLR3D,-4.4077926
HIST2H3D,-3.6322396
NBPF3,-2.1582506
LEMD3,-4.8253317
DPP6,-4.9988976
MYCBP2,42.112473
LINGO3,-4.575447
RUNDC1,-4.121421
POU2AF1,-3.6990256
FAM169A,-3.989825
GPSM1,-5.8808126
COPS8,-1.2655139
MPP6,-4.313405
ARMC2,-4.2263756
KRT26,-4.447206
MAP1S,-4.3685102
TINF2,-4.416868
DCDC2,-4.384138
CPNE3,-4.167441
PGM2L1,-3.508894
LBR,6.835365
GADD45B,-3.65043
TMEM128,-3.5737267
PAXIP1,-5.3724203
COP1,-4.9910054
ENOSF1,-4.3826356
DNA2,-6.1012044
UBTD2,-3.2098556
TRAPPC6B,-3.4050937
CPE,4.312227
NFATC1,-5.6638017
ZNF234,-4.3775263
RNF25,-4.425087
TMPRSS5,-4.5046005
CYBC1,-3.687066
CDON,-5.405519
KCNG3,-3.6782272
ECM2,-4.472288
HIST1H4E,-3.6654549
PDHB,-3.0981882
SGK3,-4.432517
CIB1,-3.7769144
CDK19,-4.181778
EIF2AK2,-4.333769
KIAA1522,-4.1609116
EEF1G,-3.9389904
DISP1,-7.077588
ARL4A,-3.46215
CCPG1,-4.0841575
RIF1,-6.019039
NEUROD2,-3.3900435
CEP128,-5.5795684
WDR45,-4.520549
BTBD10,-4.586581
PRDX4,-3.5972974
FKBP14,-3.712827
CHML,-4.155414
ORMDL2,-3.8057537
UVSSA,-3.8181572
UBE2V1,-3.6078277
ZBTB20,4.106368
VEGFB,-3.6983812
OAF,-3.7869453
SETD2,-8.166632
HSF1,-4.564411
CRTC2,-4.436407
RAD21L1,-4.4028063
MICU2,-4.073219
MMP15,-4.941038
CRYBG3,-6.512636
HCAR2,-3.6996622
CHRNA2,-4.9470644
CCDC138,-4.3867135
NOBOX,-4.4169855
TBC1D23,-2.1981492
MRRF,-3.6941457
GALNT9,-4.9587264
SPOUT1,-4.372353
HIST1H4J,-3.7111864
ATP8B1,-5.754203
SLCO1B3,-4.460384
DCDC1,-3.5904927
LPAR4,-3.6608841
CNDP1,-4.453498
ARPC1A,-4.2046323
PTGR1,-3.8675437
SUCLG2,-4.6820507
FAM149A,-4.451566
HSPA14,-4.2756395
CAMK2A,-1.783978
WTIP,-2.4001014
HBB,-3.7300985
FGFRL1,-4.575016
SCUBE2,-4.1171436
NFKBIL1,-4.5274315
FAM117B,-3.7911692
AFG1L,-4.5632415
LRRTM3,-4.5752754
SRP54,-4.3801107
CD53,-3.8400493
IGF2BP2,-4.169015
MRPS22,-3.2376175
APOBEC2,-3.774202
CASP8,-4.5781417
CAMLG,-1.2849655
AHRR,-3.243929
KCNK6,-3.8546596
PRMT2,-1.9027967
CMKLR1,-3.7623355
CNPY2,-3.6977074
SHQ1,-4.510223
FAM210A,-3.622949
EIF5A,-3.747399
AVL9,-4.5976906
PELI3,-4.523663
SLC25A39,-4.5107045
ATP2B2,-7.5729394
CCDC73,-4.4421606
SH3BP1,-4.5412107
SCP2,-1.1007991
PERP,-3.722204
CORO6,-3.3823056
SHD,-3.682619
HDAC7,-4.3126817
HIST1H2AE,-3.7442722
TFAP4,-3.7505522
JDP2,-3.8426647
RELN,-10.153055
SPRED3,-4.619896
PRDM1,-4.591242
POR,-6.266189
ZNF99,-4.433527
CHAF1A,-4.496669
GEMIN8,-3.74453
BANK1,-4.426066
AP2S1,-3.750835
CYP2D6,-4.572986
CENPV,-3.4722545
MXD4,-2.4383256
CACFD1,-3.5196776
PITHD1,-3.595317
H2AFV,-3.7555406
PRPF39,-3.9313128
SGSM3,-3.8108933
KLHL36,-3.0115855
ASNS,-4.1926584
INSYN1,-3.8989654
SOCS7,5.0640936
SMEK2,-5.0458603
MBD6,-2.31508
VWC2,-3.7850978
PNKP,-4.6533937
GGA3,-4.3512087
AKR1C2,-3.6601045
ENAM,-4.3542967
SCIN,-5.000664
TTC31,-4.497292
LRRC27,-4.4992847
DNAJB5,-3.9511504
TOB1,-3.538791
USPL1,-4.240012
NKAIN1,-3.607121
ZNF326,-4.0453057
SCN2B,-2.5283484
AP1M1,-2.397629
DTX4,-4.2187557
SYT3,-4.5795445
BMX,-4.574184
HIST1H3B,-3.7786496
GPR21,-3.7726898
AP1S3,-3.8070905
FGB,-3.4437933
RAD51AP2,-4.477813
RHPN1,-4.4913416
HIST1H4L,-2.544403
CCNJL,-3.8665273
KCNMA1,-6.799036
PIK3CA,-5.4990187
PIK3IP1,-3.77184
HHIP,-4.481578
CATSPER1,-2.448604
UBC,-1.3013539
ADAM7,-4.528474
LGSN,-4.555002
OGFR,-4.6154146
BHLHA9,-3.7957206
AMER3,-4.4759965
POLR3F,-3.7478049
ATP23,-3.722725
PRMT9,-4.507978
SH3RF3,0.20555687
TNRC6B,-0.14525366
TTC30A,-3.4163074
TLR10,-4.665706
KCNH7,-5.0463295
PDF,-3.8154495
SNAP91,-3.9105105
RAP1A,-3.7407055
AKAP10,-4.545859
CSNK1G3,-0.76220036
HCN2,-2.1771705
FSHR,-4.6809235
SPO11,-3.8043952
INSIG2,-3.7377295
COLEC10,-3.8056326
TSPAN17,-3.3231106
UBE2H,-1.198209
IMPACT,-3.8477437
DLX4,-3.8174596
ELL2,-2.2628021
CEP85L,-4.090649
SIX2,-4.870333
EMC4,-3.7338815
GABRB2,-4.524672
MAK,-4.6351395
TAOK2,-3.7534256
CRYGS,-3.9295585
DNASE1L3,-3.8283274
PDCD6,-3.7143335
ADA,-3.5349188
MTMR2,-5.704491
GPR1,-3.8589604
LGALS8,-3.685414
WDR20,-4.543999
ALOXE3,-4.6027884
PRKRA,-3.6262481
AP4M1,-4.536401
SRRM2,3.3969536
UCKL1,-5.1716824
SCN3B,-3.1111124
PSMB10,-3.9221816
REEP5,-3.4843934
DYRK1B,-4.6239257
NXNL1,-3.8257713
ZNF790,-4.5260153
KCTD2,-3.4691339
ADCY9,-2.9301734
CLIP1,-5.2736382
HPF1,-3.7663305
TRIP11,-4.0155435
ADAMTS15,-3.7705047
DTWD1,-3.8816347
DCTN5,-3.644393
SLCO3A1,-4.898011
LARP4B,-4.2705216
DOC2B,-3.8482075
CD74,-3.9963868
KCNS3,-4.8384056
CCSER1,-2.0808864
TMEM169,-3.6398218
ORC3,-4.52111
STMN2,-0.8535106
ITCH,-3.5530102
RTKN,-4.718599
ZNF91,-4.1543913
CDC40,-4.479982
CROCC2,-4.5342116
ZNF555,-4.3344765
PTPRR,-4.4590893
HMGB1,-3.174029
C1orf127,-4.494382
TPD52L1,-3.8508613
ZNF385D,-3.3663976
B4GALNT1,-3.372259
HCN3,-4.1119065
NECTIN1,-4.2665753
SLC25A1,-4.88741
CALM3,-3.268635
NR0B2,-3.8475986
PNLIPRP1,-4.6968136
MAPK8IP2,-4.528716
TNRC6A,-6.008456
MPHOSPH8,-4.056851
NAPRT,-4.549954
HUNK,-4.3601804
MRPL19,-3.8100898
COX11,-3.754714
KCNN4,-4.7379217
RNF152,-3.8856988
DUT,-3.7426345
SLC22A7,-4.614396
DDAH2,-3.7917585
FNBP1,-3.086626
SLC4A5,-5.284723
RNF38,-4.0713353
PEMT,-3.960775
SCRIB,-5.715655
TTC1,-3.652559
TFAP2C,-3.6249216
TBX21,-4.6670327
FGF6,-3.859758
NOL4L,-4.28228
C10orf12,-4.5553937
LIN7A,-3.9382582
ZBTB21,-4.3700924
FMNL3,-6.524347
HMCN2,-3.7268567
ZP4,-2.5082679
PHACTR1,-3.384627
CCNB1,-3.8007016
SLC51A,-3.8838024
RIN2,-4.6286626
CDC23,-2.0415356
ELAVL3,2.3505998
TMEM260,-4.1206083
RGSL1,-4.563356
LMO3,-3.5622501
ASCL2,-3.8775256
C1QL4,-3.6376472
FAXC,-0.03494692
PLAUR,-3.9497213
C1R,-3.95674
SAMD11,-4.473836
MAATS1,-4.409299
FXN,-3.7602904
RBM38,-3.85063
LRRIQ4,-3.8839488
SENP2,-2.3984678
ARHGAP22,-2.5135977
TOR1B,-3.7875783
FAAH,-4.5809126
ZNF560,-4.6036
INTS14,-4.3704123
PXN,-4.9361587
TGM3,-5.1523595
PSMA1,-3.566803
AFF3,-5.591608
SRSF11,-4.0043516
RNF128,-3.9408178
PDE11A,-5.9543104
PLPPR4,-4.503477
PLPBP,-3.8919802
HIST1H2AD,-3.8865967
ADIPOQ,-3.8983908
RSPH4A,-4.64997
ABHD17C,-3.8613036
GABRA4,-4.808858
YY1,-1.2245586
XYLB,-3.40417
PTDSS2,-4.606024
UTP6,-4.4215474
PDE4DIP,-4.1262074
ARL5B,-3.4872074
EPB41L4B,-5.5703278
SNAP29,-3.9330957
CHRNA7,-3.6467865
STC1,-3.8467886
IZUMO1,-3.878416
CLRN1,-3.8877478
ADAD2,-4.739329
CLEC14A,-3.9508724
KCND2,-5.6388073
PLCB1,-5.437156
CPSF7,-4.424563
ZNF226,-4.582797
KPNA5,-4.468776
VWC2L,-2.7047281
TNFAIP3,-4.5840874
PAF1,-4.598031
SGPP2,-3.9219763
C1QTNF8,-3.890427
CDK7,-3.8622787
FCHO2,-3.1591544
ATP6V1H,-4.436833
GRTP1,-2.8060017
PCTP,-3.9647717
FOXN4,-4.8532014
USP45,-4.723758
ACSM3,-4.65717
PTGS1,-4.017098
RAB14,-1.3739986
SPRED2,-3.487536
AJUBA,-4.8294554
SGK1,-4.732632
RECQL,-3.3175359
ASNA1,-3.9229736
RNF5,-3.924164
TLE4,-4.7002134
MAD1L1,-4.666357
CDX2,-3.92483
NHLRC2,-4.5682206
SP140,-4.6907706
TMEM33,-3.7120717
DCLK1,-5.2065907
MOGAT3,-3.9360893
THAP2,-3.7249098
KDM1A,-4.3406606
LGR5,-2.3738594
LZTS1,-3.6630435
MAPK15,-4.7610517
PSMA8,-3.946288
DVL3,-3.4303038
ACER2,-3.9534547
GRIK3,-4.870024
SIPA1,-6.234427
NTN3,-4.8023767
KLF6,-3.2232397
MRAS,-3.786339
KMT2E,19.95464
PBX4,-4.0010877
PRDM6,-4.6168633
NRROS,-3.9616745
GIGYF2,-7.703523
WRAP53,-3.4259367
BCAN,-2.8367445
AKT1,-4.6153526
CRLS1,-3.8531003
ALDH3A2,1.4167328
MARCH8,-1.8415904
KCTD19,-4.6798444
NUDCD3,-3.7672102
DNAJC2,-4.534737
PGAP3,-3.9082613
REPIN1,-4.505469
SYTL3,-1.3629065
FAM81B,-4.0182767
LLGL2,-6.025345
STAU1,-4.41234
GLYR1,-2.3098035
WDR88,-3.9864275
KLHL14,-3.9533029
RCBTB1,-4.444294
ZC3H11A,-4.1373944
TRPC1,-5.7088566
GSC2,-3.9662275
MLXIP,-3.153598
IL7R,-3.9874997
AGGF1,-2.4119072
C3,-6.93959
GSK3B,-2.0393686
SALL3,-4.553995
GRB7,-4.779103
OPRD1,-3.9959128
CAPN8,-4.831164
PSMC4,-5.0951676
L3MBTL3,-4.523025
ALDH2,-4.89131
HEPACAM,-1.8374848
SUFU,-4.8285756
ZNHIT6,-3.7191324
PCDHA6,-4.77807
RAB2B,-1.5361094
SGTA,-1.8575189
CKAP4,-3.440335
CDC42,-3.3609803
PTCH1,38.106102
COPS7B,-3.9144936
GPN2,-4.0703425
ATF1,-3.9930692
RAN,-3.5517938
DDX43,-2.5219774
IWS1,-4.5102363
PRRG2,-3.9886386
RALA,-1.6810102
CAPN13,-4.701851
PLEKHM1,-4.765719
PPP4R4,-4.70795
NR2F6,-5.016048
ATIC,-5.297526
CLPX,-2.458195
USHBP1,-4.724283
CDKL3,-4.823718
ADAM8,-4.7120576
CHM,-4.7750044
TRA2A,-4.0938754
ICE2,-4.519857
EIF4E,-3.74036
SERPINA9,-3.9894352
HSP90AB1,-2.869355
SCN7A,-7.1338954
JKAMP,-3.8489313
LEO1,-4.6758432
ACOX2,-4.8242803
HECW2,-7.7150574
MAPK9,-4.508438
PINK1,0.33954144
COL28A1,-6.0290337
CD79A,-4.015871
TRMT61A,-3.9740067
SCAF1,-4.8130574
C4orf54,-4.697707
MTSS1L,-4.761653
ASAH2,-1.4142661
COX15,-4.7001038
TRAPPC11,-5.8712015
HAND1,-4.021584
ZNF853,-4.7099905
ANKRD1,-3.991645
RGMA,-0.42380428
SH2B1,-4.5811195
SERPINB4,-4.0037427
HSPB6,-4.076247
CD81,-3.8246868
BAAT,-4.0060205
SLC7A7,-5.041518
EDC3,-3.99136
MYOC,-4.8386354
VPS26A,-3.8567114
MIEF1,-3.699377
VEGFC,-4.02363
OPRL1,-3.9710379
SPPL3,-1.4337428
P4HA2,-1.9323742
KDM4B,13.583763
KCNAB3,-4.795869
DNMT3L,-1.909754
BTBD6,-3.629305
MPP5,-4.6787634
B4GALT7,-4.061252
CLDN1,-3.843197
TRMT1L,-4.738816
ASPHD2,-3.5819063
FBXL2,-4.6919465
BCAT1,-3.5635376
FAM45A,-4.0269938
LRRCC1,-4.569284
SF3B1,-4.158927
FGF2,-3.973798
SLC6A7,-4.1809864
KIF5C,8.607261
ATP8B3,-6.600985
NMT1,-4.504627
SCD5,-3.4252982
PLA2G7,-4.115876
RAB32,-4.106203
TECR,-4.048172
CEPT1,-3.9994788
CCSER2,-4.388679
RALB,-4.0234528
PPM1D,-2.5650969
ARID5A,-4.1327887
SRP68,-4.6290603
RBM12,-3.8075714
SPON2,-3.9113178
SH3D19,-4.8606305
CHRNG,-4.111546
COMTD1,-4.08571
ME3,-4.802531
DGCR8,6.0988903
HSPD1,4.3828015
RAD23B,-3.5557222
STK16,-4.11062
IL10RA,-4.179602
ZC2HC1C,-4.078575
DUS3L,-4.870422
NME6,-4.036599
HS3ST3A1,-4.1105647
PIM1,-3.7559495
LONP1,-4.9647036
CA5A,-4.077758
PEX2,-4.038711
SH3YL1,-2.676266
LRRC70,-4.0295258
KIF21A,-4.5902867
ASZ1,-4.055981
ZNF583,-3.999637
DCAF1,-5.313724
TBCC,-3.9232128
ANKRD13A,-4.851973
INHA,-4.1815104
RBBP8,-4.820366
CDH7,-5.382956
LNX2,-2.716217
CNKSR1,-4.824298
ME2,-4.737605
SLC27A3,-4.6966996
RMND5A,-4.1064095
PLEKHF1,-4.085943
GLIS3,-3.6482792
AGPAT4,10.515714
FBXO42,-4.643953
DGKE,-1.2339282
CA12,-4.0072093
C9orf3,-4.787905
RBM48,-4.013261
ESCO1,-4.7755346
SPOCK3,-3.7448547
DXO,-4.1934347
PPP1R3A,-2.667842
MROH8,-4.8196416
CTSV,-4.0713925
ENDOG,-3.9595175
TSSK2,-4.0769267
PM20D1,-4.0831966
THRB,-4.895248
ARHGAP30,-4.817221
BEGAIN,-4.2217383
NEDD9,-4.639472
RHOB,-3.9288363
ECE1,-6.164663
ERP44,-4.0173583
REXO1,-4.8654504
PDSS2,-4.1936235
ANOS1,5.9457917
SEC62,-2.1819139
PEPD,-4.244386
MRVI1,-4.804952
RAB11FIP2,-3.8570786
FKBPL,-4.16493
FOXO3,-4.9460993
E2F2,-4.202417
ARHGAP20,-4.844905
ACD,-4.1086826
BEST3,-5.399829
SYDE1,-4.9185247
PSMD3,-3.9955246
SLC22A11,-4.0671754
NT5C3A,-3.837163
LIPT2,-4.1601753
TANGO2,-4.2602234
SCO2,-3.989658
NAPB,-0.0437541
TRAPPC13,-3.9852488
SUPV3L1,-4.8210187
SPR,-4.1814675
HEATR1,-6.881545
YWHAG,-3.377541
JAKMIP1,-4.7537723
NOP53,-4.0540037
MTAP,-2.805648
ALDH6A1,-4.1906576
CSNK2A1,-2.454211
SIRT6,-4.143038
NLGN2,-3.925537
MMP8,-4.119299
MORC1,-4.8469157
PRKACB,-3.5732808
DRD1,-4.11772
AGMO,-2.0622883
CCAR2,-4.6583495
LMBRD2,-4.6610637
FBXW10,-4.8234434
CFAP298,-3.9609203
IST1,-1.4881489
DARS,-1.619317
PDS5A,-4.6157002
BCAR1,-4.8002744
MSX2,-2.9300034
ETS2,-1.6665208
ESS2,-4.151716
OGA,-3.0397646
OTOP1,-4.1296577
GGT1,-4.107027
LPAR2,-2.4920092
MAU2,-5.1872134
DUSP27,-4.9180307
UGT2B15,-4.1898837
ZBTB7C,-4.171957
EPHA10,-5.9570036
STARD7,-3.7925694
PQLC1,-4.129955
MLX,-4.069355
FST,-4.0487666
TPST1,-3.9669194
ZKSCAN1,-3.6540523
CHRND,-5.378836
KBTBD2,-4.798711
PLPPR1,-3.8154402
TXNRD1,-4.657602
ARID5B,-4.6712337
PKDCC,-4.1458025
RDH16,-4.145832
MORC4,-3.6419044
C16orf72,-3.7506475
MLEC,-3.9037426
FGL1,-4.1966763
TRIM5,-4.2011085
NPAT,-2.428393
SPSB1,-4.2054777
OVCH1,-4.8609715
GLCCI1,-3.7756383
CLCA2,-4.860215
CAPN14,-2.865605
TUBGCP4,-4.8144984
CDHR3,-4.8483906
LSAMP,0.01700306
SLC6A2,-2.6214824
EFTUD2,-3.507502
NFIB,10.947338
ZBTB2,-3.994892
VEZF1,-1.592025
GIPC3,-4.2279463
SSTR3,-4.07707
FAM117A,-2.8655927
ETHE1,-4.268436
CPT1B,-6.1279783
ZNF618,-4.2322383
PREP,-4.9741316
RND2,-3.9272265
BMP3,-4.1011696
BRINP3,-4.6323485
MED25,-3.834396
SGCG,-2.930061
TMEM266,-2.9006207
MYRFL,-4.915353
CPA1,-4.153692
RORC,-3.3374395
NIPAL2,-4.158495
PWWP2B,-4.2100153
ATP6V1C1,-4.098787
ITGB3,-5.115297
TECTB,-4.1302485
CACNA1H,-7.93486
PDIA6,-3.9956462
PCDHGA6,-3.6707287
CDK16,-4.8153687
PTPN11,-3.8444512
PCDHA13,-4.9113874
IMMT,-4.7319045
SEC24C,-4.806078
CEP295,-6.669013
CEP41,-2.469325
PFKFB2,-4.97901
AK8,-4.2255855
HNRNPK,5.008719
CFI,-4.9952183
TWF1,-3.8620036
GOLGA6L2,-4.873509
LRIT3,-4.1487627
CKM,-4.164316
HIBCH,-4.1426787
SEPT7,1.9593344
NKIRAS2,-3.9191604
PIGG,-4.969266
PLA2G4F,-4.8693895
ANKMY1,-4.8698874
BCL9,-4.5572286
KIF1BP,-4.1797256
ONECUT1,-3.9736896
CA14,-2.1090152
GATA4,-4.2605195
SYT2,-4.2840114
PAX2,-3.952967
ATP2A1,-6.0518093
PRDM14,-2.1044383
SMARCD1,-3.5077384
TET2,-5.6996355
CUL4B,-4.6383104
CAMK1D,-4.193505
AARSD1,-3.5881143
MX1,-5.149877
TRIM27,-4.2815375
AGPAT2,-3.060386
ATP1A3,-5.492607
REEP4,-4.374628
ATG9A,-5.0440173
TSPAN5,-2.7748373
PDGFD,-4.2075677
SLC26A4,-5.640684
EFR3B,-3.5141213
HEYL,-4.1310267
ZNF423,-3.7025805
PUS1,-4.1979675
BPNT1,-4.183058
SEMA6A,2.8364491
OFD1,-3.7272277
VILL,-5.065404
ADAM18,-4.21378
VPS8,-5.959403
SLC25A26,-4.312335
PDE4C,-5.553518
SRGAP3,0.118774414
CUL1,-3.933352
ARHGAP26,-4.9148874
EPOR,-4.235608
ZBTB39,-4.1088934
ARNTL,-3.8325975
WDFY1,-2.8808875
NFKB1,-4.8092175
PAX8,-4.907909
SDR39U1,-3.9379241
RAB11FIP5,-2.147282
DNAJC10,-0.22864485
TSPAN14,-4.006514
CMTR2,-4.364323
PSMC2,-5.051603
GALNS,-5.5002823
ACVR1B,-5.0980024
CADM1,-3.6223814
MMADHC,-4.098912
GALNT5,-5.003816
EXD1,-4.2318525
EPHX1,-2.14625
PLEKHA1,-3.82294
TRIB2,-3.6397276
TLR2,-2.1732306
CLDN19,-3.0024657
HSP90AA1,-3.0713685
ZC3H18,-4.73805
NR1H3,-5.34098
RUNX2,-4.0189276
NHLRC1,-4.3253922
CDK9,-3.9788313
MTCH1,-4.1804724
COG5,-4.978447
MAK16,-4.2967205
TRPV5,-5.5233145
CORO1A,-3.115876
MAB21L1,-3.8462644
MSANTD2,-4.1104302
ZNRF3,-4.8833632
RHBDL3,-4.2691493
IFT80,-2.8626437
CDKL5,-5.0635223
CTPS1,-3.801191
GDF10,-4.309049
CC2D1A,-4.96348
RBM19,-5.0334845
C16orf70,-4.101305
UBA7,-5.0499134
DSG3,-2.985807
CHST2,-5.2378907
POU6F1,-4.080155
RACGAP1,-5.004796
SERPINE2,-3.9454265
CEP131,-4.9749403
TRIM55,-4.24333
MYH14,-10.038818
STK40,-4.1841826
OTOL1,-4.2607183
ZNF224,-4.3242474
SH3GL1,-4.2196336
FAM214B,-3.892689
NEXMIF,-4.233948
NCBP1,-4.851099
ASB15,-2.0112147
CDT1,-4.4197493
PCDHGA11,-3.8724718
TBX10,-2.1612709
SEMA5B,-6.087826
SMOC2,-4.268903
IQCC,-2.262072
IFT88,-5.01915
ONECUT2,-2.9685616
ANGPTL7,-4.3001313
UPF1,-8.254869
POFUT2,-4.210359
AHR,-3.8928423
FBXW11,-4.754006
RFC5,-4.3369184
FLVCR1,-3.8337088
AGBL2,-3.742393
ST13,-1.9406061
KIAA0930,-3.9365523
FILIP1L,-3.7696738
SLC26A7,-3.990581
TM7SF3,-4.3504333
SLC6A5,-5.576536
CEP162,-4.832711
FOXO1,-4.151105
SHCBP1,-4.2805886
ZNF596,-4.235466
CA10,-4.3843966
HMGCS2,-5.192503
KLHDC3,-4.3080344
GNB4,-4.2725134
ZNF879,-4.236105
TTC34,-4.2896094
CRYBB3,-4.312147
SLC25A15,-4.1383843
NPL,-4.40005
KIAA1107,-4.150772
RCCD1,-4.2586656
PPP2R1A,-3.9984791
GNB1,-1.6309044
INPP5B,-6.296008
CNOT11,-2.9997852
MAN1B1,-4.0076733
ASXL2,-5.073532
LIFR,-4.787224
WDR34,-4.464632
ADAM23,-4.758127
LMNB1,-5.320519
ZEB1,-4.5760474
R3HDM2,-4.724676
PYROXD1,-4.1290874
NCK2,-4.112329
FAM129B,-2.934701
AASDH,-4.9354305
SIRT5,-4.199069
ZBTB37,-2.068068
MORC3,-4.846895
SMARCD2,-5.2008276
XPC,-4.996333
ACSS2,-5.298458
GPHN,-5.402266
CDK5R1,-3.5429213
HS3ST1,-4.111646
CTNNA3,-5.1812763
RP1L1,-6.352985
HEY1,-4.2178063
AFAP1L1,-5.1270695
PRNP,-4.084555
HADH,-4.3162975
ZC3H3,-4.334896
STK38L,-4.381817
SLC25A38,-4.322269
TIMP3,-2.8809974
KCNJ15,-4.364938
ADAM33,-5.1775365
DSC1,-3.0159419
NUDCD1,-0.90660524
TOP2B,-4.3811407
SGCD,-4.0984745
DTX1,-4.0543294
ISM2,-4.301724
RUBCN,-5.072729
UBE3C,-5.3308015
KCTD9,-3.0705795
VCPIP1,-4.750648
HMGCL,-4.426983
AGPS,-4.9732523
ANKFN1,-5.110438
SLC7A5,-2.6712031
NPAS1,-4.416987
NDUFV1,-5.6350946
EXOC6,-5.030687
TEKT3,-3.1615248
AP4E1,-5.2072363
CHST9,-4.443945
GMIP,-3.8797884
MYO1D,-6.951821
RAF1,-4.081435
CORO1B,-4.4889116
NDRG4,-3.7430577
ARHGEF37,-4.4204745
RDH8,-2.2537677
EXOC7,-3.5382395
TRAF2,-4.410955
PKD2L1,-5.675989
PDIA4,-4.2762065
ATG4B,-4.2492023
WISP1,-4.354304
DNAJA2,-4.100033
TTK,-5.0569677
KHK,-4.4188237
ZNF608,-4.5715103
PLEKHA8,-4.185605
TRAM2,-4.341495
DPP3,-3.0866518
ZNF667,-4.0747285
APBB3,-4.4175425
RFX7,-4.6098104
BRSK1,-5.0413065
HOMER2,-2.282117
DPP4,-5.29266
DLX3,-4.3713083
GATA2,-5.0929217
UNC80,-9.320438
HNRNPA3,-1.714927
MAP2K5,-4.4267983
OTOP3,-4.3743734
C20orf194,-4.467369
EPS15L1,-5.1376357
ADAMTSL5,-4.3495073
PLCD4,-5.26161
TKFC,-4.4986014
CERK,-4.17882
WNT16,-4.4299917
NTN1,-2.4405246
RCC2,-3.9080677
WDR27,-5.032064
RARA,-5.5735655
PUM1,-5.193006
AR,-6.694497
TTLL1,-4.4042068
MRPL2,-2.3600256
CSNK2A2,-4.246169
ECT2,-5.1886506
LDLRAD3,-4.428454
MMP25,-4.4394727
CHD3,-7.503918
MYO19,-6.25794
ITFG2,-4.5331316
TMTC2,-4.0305753
PDK2,-2.4826872
AGPAT5,-4.0823116
SLC22A8,-4.4024143
IRF1,-4.489232
PHF21B,-4.2471128
TMEM201,-4.46032
SIPA1L2,-7.647423
GHDC,-2.3599696
LAMB1,-5.774975
DLGAP4,-5.004012
TRIM23,-3.6016264
HNRNPR,-3.7840662
AMHR2,-5.2063384
PKNOX2,-4.392522
WDHD1,-5.754611
RASSF8,-3.2039704
IGF2R,-4.905183
TRIT1,-4.327353
HOXD9,-4.4447722
PPP4R3A,-2.6897368
OPTN,-3.8794098
GPCPD1,-2.7644453
LDB2,-2.8658235
C2,-5.345438
ACY1,-4.4298477
SLC6A19,-5.7194195
SH3KBP1,-3.0887601
LRP6,-6.8951063
MFSD10,-4.233386
EFNB3,-2.0860515
RRBP1,-5.196631
LVRN,-4.472484
CDC73,-5.027618
TAPT1,-4.1232495
KDM3B,-5.017951
IQUB,-4.5609713
ACO2,-5.4393415
FAM91A1,-5.060296
VPS39,-5.0947514
LINGO2,-4.379833
AGO3,-2.385838
SEC14L1,-5.1789927
KIF2C,-2.2794785
PTDSS1,-4.2755594
KIF3C,7.4876013
TUT1,-5.220648
PRKAR2A,-2.2979538
GDAP2,-4.42571
PAXIP1-AS2,-3.252226
PPIAL4G,-2.9548347
PRAMEF8,-3.2138638
GAGE13,-3.2138655
SPDYE2B,-3.2138655
DEFB105A,-3.2138658
PABPC1L2B,-3.0955462
DEFB106B,-3.213873
RIMBP3C,-3.2138736
DMRTC1B,-3.2232904
SSX2,-3.2138848
GAGE2E,-3.2138944
DEFB104B,-3.2139032
CFC1B,-3.2139075
SLX1B,-3.1819482
DEFB106A,-3.213932
GATD3A,-3.268057
PPP3CA,-1.7061958
PNMA6A,-3.2383733
CT45A3,-3.2140675
PABPC1L2A,-3.01292
EIF3CL,-3.2263212
GOLGA5,-5.2003407
NPIPA8,-2.5309744
UBE2Q2L,-3.2486997
U2AF1,-3.1076307
DEFB104A,-3.2145035
DEFB4B,-3.2147
MRPL23,-3.2866805
AL627171.2,-3.2154577
F8A1,-3.2756588
NPIPA2,-2.7401288
SQSTM1,-4.4083753
GRID2IP,-1.8537669
SSX4B,-3.2162995
SPANXA2,-3.2163615
BHLHE22,-4.405317
SIK1,-2.8267179
VARS,-5.2446213
ADCY3,-7.099346
CT47A6,-3.2253246
HDAC5,-4.3431816
PKNOX1,-4.253782
AMY1B,-3.1744425
CT45A6,-3.217956
RIMBP3B,-3.2152226
ZNF705D,-3.222038
PRODH,-3.2920456
PRCP,-2.4884214
RP11-849H4.2,-3.2189434
AL603965.1,-3.2190406
GOLGA6L4,-3.2086787
UBAP2,-2.8479595
HOGA1,-3.2957666
CPA6,-4.4785066
TBC1D3C,-3.2201917
AC010441.1,-3.220401
GSTT2,-3.220811
PRAMEF11,-3.5576336
DMRTC1,-3.2207558
CEBPZOS,-3.1281934
PWP2,-3.2693217
ST3GAL3,-4.4736886
AP002956.1,-3.221446
GAGE12H,-3.2215133
TBX22,-4.430665
MTRNR2L5,-3.2582393
ARL17A,-3.0959332
RP11-279O9.4,-3.2216456
DPH1,-3.2506812
AC073569.1,-3.222007
PRPF40A,-4.743416
AL162424.1,-3.2223427
C16orf47,-3.22244
AL591684.1,-3.222459
NOTCH2NL,-3.222605
AC020922.1,-3.222654
MIRLET7BHG,-3.194523
RP11-131H24.4,-3.222695
SPATA31A7,-3.2228262
ZNF595,-3.3522832
RGPD5,-2.4703562
H2AFB1,-3.2240489
CRYAA,-3.2259653
AC137932.1,-3.2237937
ARVCF,-4.8185964
ME1,-4.2438197
UBAP2L,-5.0402904
DNAH10OS,-3.2244534
SULT1A4,-3.2553928
ELOA3,-3.2247827
NBPF9,-2.920025
FLJ20306,-3.2249725
AC009802.1,-3.225093
STRIP1,-4.8640094
HSFX2,-3.2564356
NPIPB3,-2.9980695
IRAK2,-4.5586705
NCAPH,-4.346087
DEFA3,-3.22646
PRDM9,-4.4883056
PRAMEF9,-3.2272785
AC018816.3,-3.2273571
AP1B1,-4.023231
CTBP2,-6.270854
NXF2B,-3.2459502
AC026310.1,-3.2281682
KIAA1551,-5.1778007
MTRNR2L7,-3.228326
AL583828.1,-3.2284603
AC121757.1,-3.2288954
FAM25G,-3.2290695
C14orf132,-2.8253624
DEFB4A,-3.2293177
ZNF705B,-3.2340202
SLC7A8,-4.321871
AL035406.1,-3.2311764
AC090616.2,-3.232978
RGPD6,-3.2255628
AL161645.2,-3.231528
CBS,-3.3124282
ERVMER34-1,-3.2697132
KCNE1,-3.2639058
ATN1,-2.9686842
MPO,-5.8068504
AL035588.1,-3.2327464
HSFX1,-3.2332137
ERVV-1,-3.2877483
BTBD9,-5.3430147
RP11-712L6.5,-3.2340775
CDK10,-4.4260974
AC004466.1,-3.2345035
MNT,-4.473546
AC011308.1,-3.2348747
CT45A1,-3.235319
KRT6C,-4.4717417
CTAGE4,-3.2358916
TCEB3CL,-3.236033
NBPF14,-2.6328933
TBC1D1,1.1385493
TCEB3CL2,-3.2362158
C1orf147,-1.1275244
ARIH1,-3.652175
POLR2J2,-3.2614534
RP11-144F15.1,-3.23879
GOLGA8B,-2.7303607
USP33,-4.710141
SPDYE2,-3.2381554
RP11-321M21.3,-3.2382414
ANKRD20A2,-3.2383852
EZR,-4.213674
NBPF16,-3.2385523
LRRC37A,-3.1966236
BCLAF1,6.450487
LCE3C,-3.2388587
AP1G2,-3.8922074
AC018867.2,-3.2392585
RFPL3S,-3.1917984
SMN2,-2.8050957
OPN1MW,-3.2422574
AC103801.2,-3.24086
GOLGA8N,-3.001818
AMY1A,-3.3340216
NEBL,-5.083581
AL590714.1,-3.2413878
DYRK3,-4.391318
SULT1A3,-3.0283325
DDTL,-3.2153282
KRT80,-4.4780436
JADE2,-5.283716
DNAH17-AS1,-3.3397563
AL589765.1,-3.2423136
RP11-1055B8.6,-3.2424264
TUBAL3,-3.245925
NPIPB9,-3.357409
LGALS7,-3.2490482
RP11-156E8.1,-3.2427504
AC037199.1,-3.2428277
FGF8,-4.4443197
CTD-2215E18.1,-3.2448344
RP11-80A15.1,-3.243502
ABCE1,-5.651435
ANKRD20A1,-3.244806
PPIAL4B,-3.2451625
FBXO10,-2.284167
MTRNR2L4,-3.3234031
GOLGA6L10,-3.2961047
EFCAB10,-3.294061
OSBPL8,8.562475
DDX39B,-4.661388
TBC1D3,-3.2471743
ZRANB2,-4.085557
AC112205.1,-3.2473521
FAM25C,-3.2656102
AL136376.1,-3.2476513
ACTR5,-5.588522
FLJ00418,-3.2479432
EEF1A1,-2.5311863
AC073342.1,-3.2483099
FNBP4,-4.787311
CTAGE8,-3.24866
ARMC4,-5.3434815
AL360181.1,-3.2500296
GOLGA8O,-3.241455
POTEB,-3.2518995
SCGB1C1,-3.252187
RHOXF2B,-3.2521756
RP11-1055B8.7,-3.2520428
BEND3,-4.669208
KRTAP21-3,-3.2524238
MICU3,-3.8502362
IGIP,-3.1705935
NPIPA1,-2.9578118
CAPN15,-5.023782
AC022400.2,-3.2534053
GAGE12I,-3.2534628
HDGFL2,-4.2980227
AC079210.1,-3.2541385
SLN,-3.3540823
FADS3,-3.197117
SMIM3,-3.395902
OST4,-2.9967673
RBL1,-5.542677
SPANXC,-3.2552843
SPHAR,-3.0051353
ARID4B,-3.3200502
SLX1A,-3.2111566
KRT81,-1.5785997
GTF2H2C,-3.3327603
SSX4,-3.2562833
KRTAP22-2,-3.2569673
RP11-867G23.8,-3.259495
AL022328.1,-3.2573004
UPK3BL1,-2.7723668
C17orf77,-3.2655923
HILPDA,-3.1986792
AC012123.1,-3.2588646
ATP12A,-5.6579056
AC061992.1,-3.259184
PRAMEF7,-3.2592428
KCNU1,-3.0912976
ST20,-3.3795743
KDM4C,-5.7765474
AC093157.1,-3.2600749
AP000758.1,-3.2602835
ALOX12-AS1,-3.260633
GAGE1,-3.2607615
SMN1,-2.751955
AL161784.1,-3.2611127
DDT,-3.092987
COX8C,-3.2545402
OCLM,-3.2756739
RASA4B,-3.1568768
VCX3B,-3.2625656
ERVV-2,-3.2627165
TCP11X2,-3.2934158
LCE3B,-3.2632658
DEFB108B,-3.2643836
CHTF8,-3.637271
LGALS7B,-3.2907698
TPRX2P,-3.2680988
STEAP3,-4.505646
BRCA1,-7.0265956
CLK2,-5.209582
FAM72D,-3.2319443
FSD2,-2.2803245
LUZP6,-2.561922
PGA3,-3.277611
CCDC66,-4.8854156
GAPVD1,-6.2513847
UNK,-5.337181
NPEPL1,-4.095207
KRT35,-4.519963
RPL39,-2.7373421
EIF5AL1,-3.26262
HMHB1,-3.2669063
PRAMEF5,-3.2670953
RGPD1,-2.9494848
AC174470.1,-3.2673762
ACSF3,-4.657995
EIF5,-2.861097
DDC,-4.0208826
MPEG1,-4.5214124
POTED,-3.269014
VCX3A,-3.2690167
GOLGA6L1,-3.2692113
LRFN5,-4.357486
CD52,-3.2284682
FBXO24,-4.4981213
CRELD1,-4.577552
KRTAP23-1,-3.2705553
ARHGEF35,-3.2500029
KRTAP20-3,-3.271167
ZC3H12A,-4.5857005
HECTD2,3.7950249
RBM45,-4.515682
MSC-AS1,-3.2766848
COX8A,-2.9293244
STMP1,-3.061972
NPY4R,-3.275107
SCGB3A2,-3.280714
AC114494.1,-3.2728772
XKR6,-5.1647286
GOLGA8A,-2.5506392
C8orf59,-3.2737803
CSNK1E,-2.2117877
GTF2H2,-3.0649445
USO1,-5.2382016
LZTR1,-5.7519526
SPACA5B,-3.2748387
SMIM10,-3.2573745
AC026407.1,-3.2744164
KBTBD4,-2.520128
FZD8,-5.8112636
C2orf48,-3.2753618
PODN,-4.530199
KCNA10,-4.5695305
TP53TG3D,-3.283856
DAO,-4.5166826
OXR1,-5.110734
GAGE12J,-3.277347
MYRF,-5.352138
PPIAL4A,-3.2889907
UMODL1-AS1,-3.2777257
KRTAP22-1,-3.2781188
ZZZ3,-5.0716643
TNFRSF21,-4.1674323
MT1HL1,-3.274269
SLC45A1,-5.534914
ZNF263,-4.5305476
AXL,-3.399364
SPANXN5,-3.279669
FOXF1,-3.3770604
UQCRC1,-4.244038
KRTAP19-2,-3.280033
FAM13C,-3.8591213
ENHO,-3.2069733
KRTAP19-6,-3.2809253
CRHR1,-4.5980554
KRTAP8-1,-3.2816017
C15orf65,-3.3353047
VCX2,-3.2818823
PHGR1,-3.2822163
ICOSLG,-3.3405495
AC110615.1,-3.2825122
KAAG1,-3.2876465
RGPD2,-3.3336174
SFTA2,-3.3000767
SYT15,-3.4582045
TMSB15A,-2.7872794
SLC2A10,-4.6100307
ACTR6,-4.4235697
DEFB114,-3.2845657
SPANXN1,-3.2834418
GAS2L1,-4.583885
KRTAP3-1,-3.2841802
AP001362.1,-3.2839444
BEX5,-2.7061026
TRIM74,-3.2876098
RASGRP3,-2.4704766
S100A7,-3.3026335
S100A7L2,-3.285455
AC011997.1,-3.2855852
SCGB3A1,-3.2982762
FAM24A,-3.2861385
KRTAP3-2,-3.2756345
C6orf48,-3.286428
FAM86B2,-3.2851462
C19orf73,-3.3606012
PUS7,-4.62504
RP11-998D10.1,-3.2872534
DEFB131A,-3.2953482
NPS,-3.2880104
CDK5RAP1,-4.5865626
PYDC1,-3.2187839
CGB8,-3.1941864
SMR3B,-3.2932107
MMP23B,-3.289056
CYP4F12,-4.5268693
KRTAP21-1,-3.2891386
GOLGA6D,-3.2549903
MT1M,-3.363434
ITPR1,-7.5215116
POLR2J3,-3.1970794
KRTAP25-1,-3.2907596
S100A7A,-3.2907965
SMIM6,-3.297867
OCA2,-2.4734733
SRSF7,-4.1158934
PIGY,-3.2948713
EID2B,-3.2033904
PRR21,-3.2916086
KRTAP6-1,-3.2917607
GUCY2D,-6.8300796
METTL16,-4.457233
PYDC2,-3.2922783
KRTAP20-2,-3.2922544
C5orf58,-3.3058352
PTH2,-3.3256001
CT45A5,-3.496026
FBXO3,-4.3059483
PLA2G10,-3.2907805
KRTAP20-1,-3.2934773
DEFB136,-3.2906399
LCE1D,-3.2939336
INPP5K,-4.49483
TMSB10,-2.6267061
SPIN2A,-3.3055785
CHPF2,-5.258205
COX7B2,-3.294906
AGAP9,-3.2195067
GTF2IRD2,-3.3357487
LCE3A,-3.294507
SEPT10,-4.529219
MTHFR,-2.900271
SCGB2B2,-3.2964652
EIF3C,-3.2923446
CNOT6,-4.3713684
MEX3C,-2.9031787
PAGE2,-3.2752244
S100A12,-3.2950318
PRM3,-3.2951853
DEFB134,-3.2965152
AC093677.1,-3.295717
KRTAP19-7,-3.2999287
FAM229B,-3.1230426
TCEAL7,-2.818491
EDDM13,-3.2965596
DIRC1,-3.292291
C2orf66,-3.3081937
TOMM6,-3.0649135
TMEM257,-3.2975748
KRT25,-4.5380297
GGT2,-3.298201
SCGB1A1,-3.3239477
CBWD6,-3.5132525
KRTAP19-4,-3.2982323
MT1A,-3.304362
MINK1,-6.17858
SPIN2B,-3.3726294
CAMK2N1,-2.496177
GON7,-3.3877125
DEFB1,-2.0666914
SPRR2B,-3.2990801
CTAGE15,-3.2990992
C8orf34-AS1,-3.3196082
LCE2C,-3.2991505
LCE2B,-3.2991211
MT1X,-3.464188
LYPD8,-3.2995875
AP000349.1,-3.2996442
TOGARAM2,-4.5756187
KRTAP12-4,-3.3003204
KRTAP12-3,-3.3010018
LCE2D,-3.3010275
NUTM2A,-3.284079
NACA,-4.1538873
SMIM1,-3.3121536
C5orf66,-3.39777
EML2-AS1,-3.3258781
GOLGA8K,-3.0297935
FAM229A,-3.3678582
S100A10,-3.3479538
C16orf74,-3.3921757
FAM25A,-3.3033156
GNG4,-3.1594114
USP14,-4.3345413
KRTAP12-1,-3.3149326
DEFA6,-3.3125668
DEFB121,-3.3060904
CCL13,-3.30445
SLMAP,-5.115929
SCGB1D1,-3.3041465
DEFB115,-3.3044584
TNPO2,10.750479
COX7C,-2.8208854
C6orf226,-3.4123132
MIF-AS1,-3.341393
TMEM133,-3.304686
KIAA0040,-3.3558714
RP11-467N20.5,-3.3053744
ANGPT2,-4.382663
SMIM5,-3.3474405
FAM24B,-3.4552653
PF4V1,-3.3108354
SHC2,-3.261241
TMSB4X,-2.6015997
RP1-127H14.3,-3.3096614
VCX,-3.3201315
ASAH2B,-3.276113
PF4,-3.3453312
SPATA31A6,-3.2867534
S100A6,-3.3765342
MLLT11,-2.6485395
COPS2,-2.0847836
KRTAP5-6,-3.3084283
TRIM61,-3.3188446
HEPN1,-3.134704
S100A8,-3.3379965
LCE4A,-3.309425
MALL,-3.364665
NPIPB4,-3.309612
DEFB124,-3.3118083
FOXD4L5,-3.3068175
NBPF6,-3.2588165
JMJD6,-2.3892503
ANXA8L2,-3.3106499
GNG8,-3.4422562
MTRNR2L10,-2.8678885
DEC1,-3.3110213
PCDH10,-3.3531702
SMIM20,-3.3755126
PAGE2B,-3.3112967
CCL8,-3.3223014
TYMSOS,-3.4036713
CCL2,-3.4321609
LCE1A,-3.3122606
SERTM1,-3.223189
FARP1,9.150244
S100A11,-3.348342
GNG7,-3.4674468
LCE1B,-3.3129797
KAT2B,-5.1416254
C14orf178,-3.32526
HSBP1L1,-3.421645
LCE1C,-3.3147733
SCGB2A1,-3.31169
GNG5,-3.3014684
BTAF1,-8.958614
MTRNR2L3,-3.2455094
SMIM2,-3.3187919
AC131097.4,-3.31434
CFAP74,-3.3341823
S100A13,-3.3298645
C5orf46,-3.315327
CCDC179,-3.3184748
LCE6A,-3.3153262
FARSB,-4.402317
S100A5,-3.3176122
FAM153A,-3.3276114
AL645608.1,-3.3155017
CGB5,-3.3041456
KRTAP6-2,-3.3159738
SPRR2E,-3.3151064
KNCN,-3.3266733
SPRR2G,-3.3242128
ABCB6,-5.4744062
ADIRF,-3.3775198
LCE1E,-3.3166776
SPRR2A,-3.3213773
TBC1D3B,-3.3244958
CHRM5,-4.484502
AC010327.2,-3.3171556
NRG3,-4.441291
PPBP,-3.3460689
SMR3A,-3.3178093
MT4,-3.3203316
C12orf75,-3.4193726
NBPF15,-3.4731205
IFI27L2,-3.2698314
TIMM23B,-3.2955234
AC135048.1,-3.3183923
SPRR2F,-3.318571
GNG2,-2.6488774
CREBBP,-8.454331
CXCL10,-3.3226633
SLC26A1,-2.4978995
SMCO4,-3.4777863
S100A4,-3.3087335
PRAMEF6,-3.3198183
CXCL6,-3.352451
SPRR2D,-3.3247242
SMLR1,-3.3216324
HIST1H2BA,-3.3255816
NUPR2,-3.3254058
HTN3,-3.2957447
KRT33A,-4.591837
LCE1F,-3.3218946
DEFB133,-3.3288224
ANKDD1A,-4.603841
SMIM18,-3.1890717
TACC1,-4.1560373
TFF1,-3.329711
CXCL8,-3.470146
HBG1,-3.0919666
C3orf36,-3.335615
CLLU1OS,-3.3229368
C9orf153,-3.3276608
CCL18,-3.3402116
CTXN1,-3.4037914
S100A14,-3.3384256
DEFB127,-3.3250916
HCST,-3.4087944
KRTAP4-1,-3.3234603
SVIP,-3.3298829
UGGT1,-6.3732967
SLC17A7,-4.717489
DLL1,-3.2785962
CNPY1,-3.1465805
COX17,-3.090367
TCEAL8,-3.1388514
SPANXD,-3.3283052
CXCL3,-3.4067733
C2orf88,-3.3230984
DEFB113,-3.3267167
CCL20,-3.3794112
SMIM17,-3.0644114
KRTAP6-3,-3.3253727
ATP5ME,-2.9864883
SVBP,-3.1063375
TEX46,-3.3257105
PRR15L,-3.3304937
ENTPD4,-5.277239
MYLK3,-4.608644
C19orf48,-3.4690294
SYCE3,-3.3436906
DEFB126,-3.3281188
LEAP2,-3.2865667
KCNA3,-5.3870335
LY6D,-3.3299596
C18orf32,-2.8338299
CNTNAP3B,-3.3546367
VMAC,-3.3609986
CCL1,-3.3277268
PRAC1,-3.3274837
GNGT2,-3.3863814
TP53RK,-3.3353019
TMEM72,-3.3328366
RASA4,-3.2383866
IFI27,-3.4162927
HRCT1,-3.3549416
KRTAP9-6,-3.3283806
SMPX,-3.3325417
SMIM13,-0.7762637
KRT16,-4.5920153
DEFB132,-3.330467
UAP1,-4.2909136
TMEM88B,-3.329312
VPS52,-5.497107
ATP5MD,-2.9065003
RAP1GAP2,-5.4529095
SPRR1A,-3.3294609
TEAD1,-4.0945845
FSIP2,-9.541044
KRTAP19-3,-3.330113
UQCC3,-3.3856223
C19orf53,-3.253577
MT1H,-3.2793462
KRTAP15-1,-3.3316355
MILR1,-3.438271
SEC61G,-2.970546
CGB3,-3.0674698
IAPP,-3.3670425
CXCL2,-3.4425104
PIWIL4,-3.2549994
HIST1H2BO,-3.339637
LELP1,-3.3338156
KRTAP12-2,-3.3367689
ZNF322,-3.0863152
PCOTHP1,-3.3401556
SEMA4A,-4.3197436
RETNLB,-3.33602
GATB,-4.713843
KIF11,-2.0649085
ATL2,-5.4222856
ATXN7L3B,-2.848571
TGFB1,-3.4417415
FAM86B1,-3.4669256
KRTAP1-4,-3.3404973
TNP2,-3.3350987
SPRN,-3.2231827
FLYWCH2,-3.3222344
C9orf129,-3.3054225
KRTAP5-11,-3.3355408
SCRG1,-3.2380445
CCL19,-3.3360205
CYP4F3,-3.2841864
WFDC12,-3.3468451
WFDC13,-3.337604
UQCR11,-3.1264074
MRPS36,-3.139068
MRPL57,-3.3497586
SMKR1,-3.3485734
CCL22,-3.362852
HMGN4,-3.247861
CEP104,-5.0506577
TRIM39,-4.6131973
MT1B,-3.3367083
LENEP,-3.3386097
C9orf92,-3.3325398
GAGE2A,-3.3379593
CXCL5,-3.3811703
FOXD4L3,-3.280765
HIST1H1B,-3.343396
MZT1,-3.3069773
WFDC6,-3.3415365
SLC51B,-3.3484457
PIRT,-3.343897
TMEM262,-3.339862
GNG10,-3.036381
BOD1L2,-3.1878
DEFB123,-3.3415039
AQP12B,-3.3418684
C9orf16,-3.3891008
CCL15,-1.2311988
TNKS1BP1,-1.8913617
C14orf177,-3.3398461
CCDC167,-3.25656
KRTAP3-3,-3.337068
TMEM114,-3.3456447
PET117,-3.4445314
SCYL3,-4.630116
HRK,-3.3634524
CT83,-3.3406243
PAGE5,-3.3375053
RPL39L,-3.3659647
GNG12,-3.4712968
TRIAP1,-3.2795491
DMAC1,-3.4043555
TMEM155,-3.3741636
PI3,-3.3545861
KRTAP4-3,-1.2332621
MT1G,-3.3538969
S100B,-3.3690886
UQCR10,-2.991966
NCMAP,-1.3097343
KRTAP4-2,-3.3436465
TNP1,-3.3465428
ARMS2,-3.3363657
GOLGA6C,-3.3536603
SNORC,-3.4174182
HIST1H1D,-3.3514278
RPL41,-2.85638
KRTAP19-5,-3.344578
KRTAP5-7,-3.3582318
SFTA3,-3.3118281
MFN1,-4.235315
S100P,-3.385363
SNX13,-5.0594254
CARD18,-3.3467624
NT5C2,-4.316676
GNG3,-2.7473967
NDUFA1,-2.977906
CMC4,-3.4368403
UCN3,-3.3514068
CDRT4,-2.9637337
SPAG11A,-3.3258622
SPRR1B,-3.357293
MRPL53,-3.3931327
TMEM238,-3.3712306
CCL4,-3.4846945
MAP2K1,-4.473727
SNAPC5,-3.2844608
C8orf44,-3.2408755
SMAGP,-3.4293568
TBC1D3G,-3.3498418
FAM184A,-4.8713393
SPINK9,-3.371526
GTPBP3,-4.6072726
SERP2,-3.1860123
C11orf45,-3.3849468
GNG13,-3.357254
DAAM1,-4.646895
ZNF131,-4.2308235
CLPS,-3.3603218
BMP5,-3.3506234
STH,-3.378894
STATH,-3.3513863
BLID,-3.3246832
PRLH,-3.353202
PYROXD2,-4.656748
SPRR4,-3.356547
OLFML2B,-4.2827005
WFDC9,-3.3534698
PYURF,-2.9219668
FABP9,-3.3539133
BLOC1S3,-3.2610724
MTR,-5.7453218
HIST1H2BN,-3.3601348
VAMP5,-3.3839583
SCGB2A2,-3.3585088
CCT6B,-4.6555824
NRGN,-3.4160857
ABHD5,-4.3553443
KRTAP13-3,-3.3536098
POLR2K,-3.223697
KRTAP17-1,-3.3566968
C17orf100,-3.4003623
TMEM210,-3.3537555
PCP4L1,-3.3067625
SNTN,-3.3676183
ANXA8,-3.3282762
CSN3,-3.3507786
KRTAP2-3,-3.3569329
RTL8B,-3.4412851
CEND1,-3.3580427
SMIM9,-3.3548305
C20orf144,-3.3550503
RHOXF2,-3.3559837
TAS2R43,-3.3794227
ECSCR,-1.2208614
HNF4G,-4.6490474
S100A3,-3.3564875
AC129492.6,-3.3558328
CYB5R3,-1.1031723
NLRP13,-4.632123
C4orf48,-3.2132602
PPY,-3.3587363
SS18L2,-3.1721978
CTSC,-4.723616
PPP2R2D,-3.234651
FZR1,-4.5460453
PRR27,-3.3446972
MRFAP1,-2.9220855
CRIM1,0.6580539
PDE6H,-3.359799
KRTAP2-1,-3.3587925
SPINK14,-3.3612037
SPINT4,-3.3610008
C10orf55,-3.3597982
TRIM45,-4.7471685
TMA7,-3.0385704
C10orf105,-3.371688
CSNK1D,-4.4677887
SPINK1,-3.3678021
ATP5MPL,-3.0466332
ATP5MGL,-3.2710905
SPANXN4,-3.3547988
GLRA2,-3.0409281
TCEAL9,-3.0086858
KRTAP19-1,-3.3588586
CALCB,-3.4036884
S100A16,-3.4472356
HIST1H2BD,-3.3700135
POLR2L,-3.3700943
PYCARD-AS1,-3.3063776
C4orf36,-3.3597083
HIST1H2BI,-3.3697379
AGAP4,-3.4979587
KRTAP2-4,-1.252943
PLXNA2,-7.5887623
KRTAP9-7,-3.360061
MS4A6E,-3.3602233
SMPDL3B,-3.4237778
C8orf88,-1.2646327
HMGN3,-3.1915514
OBSCN-AS1,-3.3884792
RMI2,-3.505205
PRPF38B,-4.891709
PSMG3,-3.420394
C1orf61,-2.94022
SPINK6,-3.3704877
AL441883.1,-3.3614473
LCE3E,-3.3615067
SPANXN3,-3.3615348
SLC1A6,-4.465945
GRK4,-3.4587018
HSBP1,-2.877308
MT2A,-3.268321
MARCKSL1,-2.6550362
SMCO3,-3.3816452
BBIP1,-3.2271369
SPANXB1,-3.3625314
C20orf141,-3.3632767
NOL6,-5.3962874
KRTAP9-8,-3.3632011
OFCC1,-3.3639712
C7orf76,-3.3635535
C10orf113,-3.363806
APOA2,-3.3643818
TPD52L3,-3.2854176
TMEM92,-3.362716
DEFB129,-3.365244
GYPC,-3.4521725
NPIPA5,-3.1424863
POU4F3,-3.3982968
SCP2D1,-3.3693912
HIST1H1C,-3.3759248
CMC2,-3.2165103
PCSK6,-4.073716
MBOAT2,-4.4249754
C20ORF135,-3.3656092
CT62,-3.3715265
BIK,-3.3766813
CTXN3,-3.3923929
APLN,-3.396615
SPATA45,-3.3673108
IL9,-3.3565845
SPINK7,-3.3740604
SUMO4,-3.1741264
ANKRD20A4,-3.4396393
GNAT2,-4.66088
TMEM167B,-3.0922801
C4orf46,-3.4048743
PRR15,-3.4001436
CST8,-3.3763332
IFNW1,-3.3704004
LMO7DN,-3.3020723
DEFA5,-3.3679104
KRT2,-4.6158614
TMEM35B,-3.4584627
CCL28,-3.4990213
GYPE,-3.3528235
KRTAP9-4,-3.3679245
RTL8A,-3.261153
UCN2,-3.3732598
ALDH1A1,-4.1258707
HIST1H2BL,-3.3800707
GUCA2A,-3.3743157
LCE3D,-3.3793452
SMIM24,-3.36158
TCHH,-5.289007
PAGE4,-3.3059518
ATG7,-4.558796
MORN2,-3.3853278
IFNA14,-3.369824
AC103809.2,-3.3699403
CLLU1,-3.382806
PKIG,-3.4284716
GAGE10,-3.3758392
TXN,-2.9766262
IFNA16,-3.3708224
SUMF2,-4.606065
LLCFC1,-3.3712807
LYRM7,-3.3478708
HIST1H2BF,-3.383948
DEFA4,-1.3031855
MARVELD1,-3.4233277
XCL2,-3.3765383
COX19,-3.2442772
KRTAP9-3,-3.365584
KRTAP5-4,-3.3756094
MTRNR2L6,-2.921524
LCE2A,-3.3719206
TMEM100,-3.4225645
TBC1D22B,-4.593226
DPH3,-3.3333428
CLECL1,-3.41688
SMIM8,-3.1382577
IFNA7,-3.3723755
SYCN,-3.3734026
BET1,-3.3370857
CRCT1,-3.3759797
ATOX1,-3.2726958
PIP,-3.3743145
ZFP41,-3.2396188
SPINK8,-3.4465418
PLA2G2A,-3.319571
KRTAP13-2,-3.3735037
RNASE8,-3.3769224
MT3,-3.3029208
SHISA8,-3.3839924
LGALS9B,-3.375801
ASPH,-5.4030714
SMCP,-3.3740897
CST9L,-3.37802
C10orf99,-3.3755896
OXSR1,-3.0100408
CARD17,-3.3749473
ADIG,-3.3796728
ASIC1,-5.2550516
PATE1,-3.3868692
KRTAP5-9,-3.3815415
IFNA2,-1.2668447
C12orf60,-3.4646792
KRTAP5-8,-3.381301
DEFB135,-3.3767886
DEXI,-3.407051
HYPM,-3.3768752
CLPSL1,-3.3769841
IFNA17,-3.377337
CHRAC1,-3.3666933
FGD4,-5.2041183
FXYD4,-1.2830052
CCL11,-3.3791385
IFI6,-3.4448733
MLN,-3.3816884
SLC22A1,-4.612765
ATP6V0E1,-3.2745988
SMDT1,-3.3291383
CFC1,-3.3910003
CDC5L,-5.096435
TMEM203,-3.3335104
KRTAP13-1,-3.384261
GDAP1L1,-4.4075875
C5orf49,-3.4051023
SNRPF,-3.1559184
ZNF576,-3.4234667
IL2,-3.3852482
LACRT,-3.3795385
UBASH3A,-4.624171
CCL5,-3.414215
WFDC11,-3.3800569
C16orf92,-3.2891145
ACBD7,-3.4628162
RNF187,-3.1088793
SAA4,-3.3687596
SPATA12,-3.356981
COX7B,-3.093831
C6orf201,-3.3732693
IFNA21,-3.376016
KLF16,-3.4804802
XCL1,-3.3832119
S100A9,-3.4117785
IFNA6,-3.3809726
FCGBP,-3.4714699
CCL17,-3.3908231
RBP7,-3.382092
CGB2,-3.4047415
LGALS2,-3.3901644
G0S2,-3.3356981
CDNF,-3.3959863
IGFL2,-3.4081922
PATE3,-3.3846333
EPN2,-4.38034
KRTAP19-8,-3.3819451
KRTAP9-9,-3.382117
IGFL4,-3.3870196
C10orf62,-3.3824818
SPRR3,-3.3825371
MANBAL,-1.2533793
STK39,-2.367238
C12orf73,-3.2650652
BRD4,-5.0559735
CCDC182,-3.3924375
IL18,-3.443027
IFNA4,-3.3831253
AC040977.1,-3.383524
COX6C,-3.0057397
GGTLC2,-3.3569574
PARD3B,-5.38327
GOLGA8J,-3.2915566
OSTN,-3.3859942
SPTSSA,-3.3152523
HTRA3,-2.4593003
ALKAL1,-3.3779063
C2orf76,-3.519858
NRARP,-3.1540623
BRK1,-3.1141443
C5orf47,-3.3864691
AC096677.1,-3.384525
CLPSL2,-3.3865588
PBOV1,-3.421941
CMC1,-3.5126193
CAMP,-3.3900187
C1orf210,-3.4392648
HIST1H2BE,-3.4009962
KRTAP5-5,-3.3861923
QRFP,-3.3880641
CCL21,-3.3880537
SLC18A2,-2.5927207
NPB,-3.4498665
CXCL1,-3.5091982
TBC1D16,-4.3629117
PCP4,-3.2810953
KRTAP27-1,-3.3867195
SNN,-3.0691314
SMIM14,-3.3831127
APOBEC3A,-3.4653113
IRGM,-3.454119
KRTAP13-4,-3.3879313
PKIB,-3.43539
KRTAP26-1,-3.3880973
CTXN2,-3.4637222
FDCSP,-3.388391
BASP1,-2.6319077
TAS2R1,-3.3920093
POMP,-3.0650427
NPFF,-3.4030266
TMEM244,-3.3888297
RPS27L,-3.2604268
SELENOH,-3.2400043
C1orf21,-3.3030956
MUCL1,-3.3901138
OOSP2,-3.3950539
SCGB1D2,-3.389909
GUCA2B,-3.395187
SMPD3,-4.1296663
FABP3,-3.4054549
APOC1,-3.4882271
RIIAD1,-3.4566557
CCL24,-3.3943105
TAS2R4,-3.4051414
KRTAP21-2,-3.3911088
LSM5,-3.1957707
GML,-3.3934047
NPVF,-3.3932168
HBA1,-3.3034158
CSF2,-3.400531
TRIM66,-5.387576
HSPB9,-3.3319504
TEX22,-3.3828373
PNRC2,-3.1931024
UFSP1,-3.4534736
SLIRP,-3.0522237
PATE4,-3.3937433
TMEM89,-3.3926904
MT1F,-3.4531834
KRTAP4-4,-3.3964474
CORT,-3.235233
HUS1B,-3.4195943
ZNF706,-3.1477766
GYPB,-3.2979658
INIP,-3.375953
KRTAP9-2,-3.3938966
MYCBP,-3.3443916
MSH4,-4.3191295
C11orf21,-3.3710415
ELOC,-3.2057426
NUPR1,-3.4373922
KRTAP1-3,-3.39481
CST1,-3.394767
IL21,-3.3963804
MEIG1,-3.4697928
PCSK2,-4.129736
H1F0,-3.4074147
FAM32A,-0.7800164
PLN,-3.428604
BTBD11,-5.4306026
SPACA4,-1.2943802
ATP5F1E,-2.8595343
CXCL13,-3.3947833
TSACC,-3.4706569
ITGB3BP,-3.4992852
GNGT1,-3.410853
RNASE6,-3.4672399
RNASE1,-3.5473025
WFDC10A,-3.3992937
UBE2NL,-3.376781
CABS1,-3.3971505
C10orf131,-3.3973045
DSCR4,-3.3969316
TMEM167A,-3.0699968
SRARP,-3.5072145
CCDC184,-2.97678
PYY,-3.4100342
ANAPC16,-3.2994761
SPAG11B,-3.399255
H1FX,-3.4040604
ATP5MF,-3.3902435
KRTAP5-1,-3.3992481
NDUFAF8,-3.4244637
KRTAP5-3,-3.3983173
SMIM12,-3.523251
PTTG1,-3.275149
MZT2A,-3.4345388
DEFB110,-3.4038057
SSX7,-3.407723
LAIR2,-3.4322948
KRTAP1-5,-3.3982494
C11orf52,-3.399665
CISD2,-3.2814095
C2orf15,-3.6428008
C17orf67,-3.4212713
C2orf83,-3.4061005
FABP1,-3.4198358
PPP1R1C,-3.434582
COX6A2,-3.4126344
CYSTM1,-3.4448557
CYS1,-3.4201148
PET100,-3.2119985
UCN,-3.4485562
DEFB116,-3.4024122
IFNA1,-3.401655
PNPLA2,-4.765427
KRTAP1-1,-3.4019024
CEP120,-5.1600976
MINOS1,-3.4118783
AC019171.1,-3.4020364
RSPH10B2,-3.3839161
CCL27,-3.415636
SCAND1,-3.40958
DCD,-3.4025986
TEX37,-3.406973
NBPF4,-3.403405
CYTL1,-3.4955356
RGCC,-3.4980505
PRR9,-3.407611
HIST1H2BJ,-3.4210336
APOC4,-3.2978601
PRPF19,-3.2167988
EID1,-2.940592
IL22,-3.4076376
KBTBD6,-4.267954
HSPA1A,-2.8896194
TMEM211,-3.4151635
CLEC18A,-3.4475825
C12orf45,-3.2463067
C7orf33,-3.3121939
CLEC18C,-3.4063725
S100Z,-3.42662
CCL16,-3.4289896
MAOA,-2.5499797
LTA4H,-4.6735945
TMEM105,-3.4977777
CCL7,-3.4072046
IFNA13,-3.4057279
TEX12,-3.4265037
INSL4,-3.342611
PDZK1IP1,-3.4080389
RPL36AL,-3.1406941
COA4,-3.4309714
GSTT2B,-3.451794
CALCA,-3.3875146
HIST1H2BG,-3.4247406
ZBED6CL,-3.3023357
LDOC1,-3.212121
CYSRT1,-3.4580564
PINLYP,-3.5877821
SPINK13,-3.423611
SCGB1D4,-3.4069445
PRR18,-3.421397
MYBBP1A,-5.1287384
KRTAP5-10,-3.4095738
LETM1,-4.605546
NPIPB6,-3.2875834
GMNN,-3.3928308
SFT2D3,-3.4240687
COLEC12,-4.73415
RARRES3,-3.4086607
BORCS7,-3.381205
MTPN,-2.1655183
TMEM258,-3.2884007
CXCL11,-3.410483
BEX1,-2.8698792
COA5,-3.4197311
TCTA,-3.4813497
ZCCHC3,-3.2313354
PKIA,-2.6885622
GLRX,-3.389676
ASIP,-3.3115523
TIAF1,-3.177463
LEUTX,-3.4118893
HSPA1B,-2.8380566
MRPL33,-3.2018602
AHSP,-3.3942425
CTH,-4.6268177
NLRP12,-4.386618
THEM6,-3.5165346
HIST1H4G,-3.4314058
VN1R4,-3.411171
C11orf94,-3.415006
INSL5,-3.4183602
TIGD1,-3.4339547
HIST1H2BC,-3.428884
FAM180A,-3.4262447
RAB3GAP1,-5.2126126
SLPI,-3.478265
BTC,-3.4297693
TREH,-4.6577926
SRGN,-3.4728591
MBD2,-4.5310106
THRSP,-3.4143293
TBC1D29,-3.4131334
XAGE3,-3.3639753
TMEM141,-3.5800743
TFF3,-3.4460566
C9orf116,-3.5268269
MAP1LC3C,-3.5205286
ERICH4,-3.415671
GOT2,-4.482581
SMCO1,-3.414452
POMZP3,-3.1165283
C11orf87,-3.3614337
COX6A1,-2.9643555
CCDC71L,-3.136616
MRFAP1L1,-3.028874
EIF1B,-3.0136347
HIST3H2BB,-3.4339936
HMGA2,-3.4973218
GOLGA6A,-3.4187598
FNDC10,-2.2300682
LY86,-1.4255815
CHTF18,-3.4710395
GNRH1,-3.4880867
SPTSSB,-3.4412217
CGB1,-3.426285
TMEM159,-3.3189487
CDKN2AIPNL,-3.4430556
CXCL9,-3.4185815
CCL4L1,-3.4161842
DYNLRB2,-3.456717
COA1,-3.4195693
LRRC18,-3.4216094
C2orf91,-3.413601
AVPI1,-3.4487808
NDUFC2,-3.3886633
LTO1,-3.5224025
PCDH11X,-4.269961
IFITM3,-3.46172
PXT1,-1.376457
TGIF2LX,-3.4207308
TMEM263,-3.1993206
SMIM29,-3.4587922
WFDC10B,-3.42188
ATP6V1G1,-2.9051945
URAD,-3.4284863
TRIQK,-3.3028424
TOMM20L,-3.4691682
GYPA,-3.4152021
PPP1R11,-3.4409213
AQP12A,-3.4245086
IL1F10,-3.419257
SUMO1,-3.2088418
SHLD1,-3.5337172
KRTAP4-7,-3.4231045
PPDPFL,-3.419009
CYP1B1,-4.741919
MGARP,-3.3687696
GALNT17,-4.7035723
UPK2,-3.5028996
PATE2,-3.4238222
DYNAP,-3.4208462
GSPT1,-4.4188604
TAS2R3,-3.4209793
POTEJ,-3.4605098
FAM135B,-3.8778138
INTS4,-5.473441
BPIFA2,-3.4192975
RAMP3,-3.5071747
MBD3L1,-3.4230118
CDC42EP5,-3.4741864
EIF1,-2.930058
C10orf53,-3.4281492
KRTAP10-3,-3.4199858
CST5,-3.4201581
GAD2,-4.3845525
RAB42,-3.4954846
C11orf40,-1.3148952
VPREB1,-3.424197
FAAP20,-3.4637296
PRR13,-3.550077
TNFAIP8L1,-3.4978905
EEF1A2,-4.2939944
ZBED3,-3.405257
DAPL1,-3.3995678
TAX1BP3,-3.2665524
C9orf57,-3.4062545
PLAC9,-3.423376
CDK8,-4.715791
FOXD4L2,-3.422259
COX14,-3.4001856
DPAGT1,-3.5451574
COX20,-2.8408751
CRB3,-3.430564
XAGE2,-3.422834
PSCA,-3.4353113
RFLNB,-3.4333887
GSK3A,-4.4559374
TARS2,-5.4405904
KRT6A,-4.7127657
NUP62CL,-3.5109549
CXCL17,-3.375292
FXYD2,-3.435909
PPP1R14B,-3.1939847
MCCD1,-3.4241333
SNRPG,-3.1459093
LALBA,-3.4336984
PPDPF,-1.2132974
NANOS2,-3.4366992
ANKRD27,-5.5318875
CT55,-3.3568804
TXNDC8,-3.425824
KRBOX1,-3.3620644
LCN8,-3.4253774
GOLT1B,-3.2615108
TAS2R38,-3.4257956
UBL4B,-3.4324477
FGFBP1,-3.4328392
CDKAL1,-4.781873
HBG2,-3.4264286
TCAF1,-2.8028007
IGFL1,-3.4265893
MSMB,-3.4328406
CCL26,-3.4280233
TNFRSF17,-3.4305212
CST3,-3.4129412
GAL3ST4,-4.672137
SIRPD,-3.4299297
POLE3,-3.2967865
COMMD1,-3.4214501
BCL2L2,-3.3301835
GTF2H5,-3.2022767
FTHL17,-3.4349904
NXT1,-3.3578658
RTL8C,-3.1978824
CST6,-3.511831
MT1E,-3.4958665
MAPK1IP1L,-3.1674237
EIF4EBP1,-3.5159173
IL13,-3.4303453
KIAA1143,-3.5429888
CSAG1,-3.4086192
SCT,-3.4319837
TBX20,-4.7050614
RPS27,-2.9342124
DCDC2C,-3.4364765
CMTM7,-3.540315
CALML5,-3.4510665
C11orf74,-3.3526814
CKLF,-3.5366795
COX7A2,-2.9377077
IL15,-3.4501429
ZFP64,-4.6258593
ENY2,-3.250767
BRD8,-5.13306
TRIM43,-3.4413977
ATP5MC1,-3.261963
RPP14,-3.1868129
HIST2H2BE,-3.4539912
MRPS21,-3.1275935
HIST1H2BB,-3.4550297
MRPS17,-3.3431606
SPINK2,-3.43661
TMEM14A,-3.0304372
C9orf40,-3.4619608
NDUFAB1,-3.2565446
SERP1,-2.0997682
RPLP1,-2.8736498
CFAP97D1,-3.4343004
C3orf18,-3.503298
FANCD2OS,-3.437785
CCL3,-3.533623
PMAIP1,-3.4017186
ACAA2,-4.786484
GGTLC1,-3.4244366
BLOC1S4,-3.2244153
C1orf162,-3.4733589
HBEGF,-3.418402
CISD3,-3.4431071
TMEM256,-3.5833354
NPPA,-3.4091046
TMEM42,-3.4754229
TMEM250,-3.479073
TRIM49C,-3.4370446
TXNRD3,-3.4499404
MS4A13,-3.438252
RETN,-3.509202
HIGD1C,-3.4465823
SF3B2,-4.997922
SPATA33,-3.6056237
PAIP2,-3.0924375
GAPT,-3.4641337
DYNLT3,-3.3575125
FABP7,-3.0895364
REP15,-3.4265006
NDUFA3,-3.1790326
SPATA24,-3.5171337
BANF2,-3.4499693
SLURP1,-3.4388368
TXNRD3NB,-3.434269
LSMEM1,-3.3597796
CTNNBL1,-4.593177
PRM1,-3.4345696
PSORS1C1,-3.4342957
RPA3,-3.453791
MRPS18C,-3.1671133
CSTB,-3.2841468
TEX19,-3.435529
USP15,-5.1295004
VN1R1,-3.4523866
CLEC5A,-3.447196
MZT2B,-3.355797
C11orf71,-3.427058
TAS2R50,-3.4409301
IL5,-3.4382813
H3F3C,-3.4365985
TMEM60,-3.308642
PAGE1,-3.4357936
PHLDA3,-3.5825644
AHSA2P,-3.2040565
MERTK,-4.333426
RNASE9,-3.437488
RIPPLY2,-3.4789548
GCK,-6.0124445
PKP1,-4.698762
RPL36,-3.2124605
MBD4,-4.621229
LY6G6C,-3.4785304
PIH1D3,-3.4924297
JCHAIN,-3.443176
OPALIN,-3.4280891
TMEM154,-3.5054762
SPINK4,-3.4423442
SIDT1,-4.6878133
C15orf40,-3.439412
TET3,5.6091146
PLA2G2E,-3.4443245
HBZ,-2.125928
NDUFB3,-3.3830326
CDK2AP2,-3.556521
TAS2R30,-3.477084
POLG2,-4.7141614
IGLL1,-3.4434562
NKX6-3,-3.441669
DEFB118,-3.3496592
MSMP,-3.443393
CST9,-3.439284
OCM2,-3.4540145
GHRH,-3.4735022
TPRKB,-3.3808136
CMTM3,-3.5279846
HBM,-3.470067
TMEM215,-3.5168395
TAS2R8,-3.4394524
ZG16B,-3.4459734
TMEM52,-3.4815862
B2M,-3.314684
SMIM19,-3.450274
TMEM119,-3.5259874
LCN15,-3.4445124
NPPB,-3.462408
CLEC19A,-3.4979131
CDC42SE1,-3.2615077
C3orf22,-3.44481
HIGD1B,-3.0208302
DNAJC24,-3.402052
CDPF1,-3.5157785
SSX1,-3.4459329
TMEM126B,-3.3348503
PTTG2,-3.606391
FAM163B,-3.468128
IFNA8,-3.4414487
TMEM125,-3.4933846
NPW,-3.4268968
N6AMT1,-3.4885414
C17orf103,-3.4418063
OTOR,-3.4855216
OTOS,-3.456047
RAMP1,-3.5932846
OSM,-3.5236244
RNASE11,-3.4431818
TEN1,-3.3614366
SERTAD3,-3.453228
IL23A,-3.454523
PYCARD,-3.523992
C15orf53,-3.4426672
CRIPT,-3.2467425
INTS6,-5.3071723
SEM1,-3.1837916
SHISAL2A,-3.4930904
CGA,-3.4366517
TCEAL3,-3.4932227
IFRG15,-3.4453278
TAC1,-2.330093
NDUFB1,-3.0968277
SMIM21,-3.4438632
AL049829.1,-3.4441633
RNASE3,-3.458643
ANKRD37,-3.3676615
KISS1,-3.4642036
OIP5,-3.599899
PTH,-3.4544928
CST4,-3.444887
IL36A,-3.445132
RNASE13,-3.44999
C1orf54,-3.424483
C15orf61,-3.4963348
FAM9C,-3.4449334
PPIL3,-3.2368755
HIST1H2BM,-3.471731
ISCA1,-3.2490861
TAC4,-3.4407847
KRTAP4-5,-1.3407228
C1orf186,-3.4471078
LARS2,-5.6367874
C9orf85,-3.5500505
SUB1,-3.0878048
CER1,-3.4636116
CERS6,1.2094879
FGF16,-3.4471462
GSTA1,-3.469155
TSTD1,-2.1963372
ISG15,-3.497563
H2BFWT,-3.4482596
SOX17,-3.554894
MRPL36,-3.3267593
CYCS,-2.9959283
CSTA,-3.4609735
IFNA10,-3.4485407
CYYR1,-3.6007063
ANAPC13,-3.2725983
SST,-3.4709072
MFGE8,-4.826154
COLCA2,-3.4498947
WDR83OS,-3.0635111
MRPL30,-3.3187268
GTF2A2,-3.238239
APOM,-3.5071375
MTTP,-4.5865993
C1orf189,-3.4617445
C5orf15,-3.1989713
LAGE3,-3.4836159
SELENOK,-3.212994
POLD4,-3.5075855
CENPX,-3.452632
PAEP,-3.4562728
CT47B1,-3.4503016
HMGA1,-3.430928
LY6L,-3.4504893
HBA2,-3.2820027
INAFM1,-3.4950073
MLH1,-5.818466
GTSF1L,-1.346019
CST7,-3.460249
AC022532.1,-3.459747
NDUFB7,-3.4302518
ATP6V1F,-3.2127235
ACOT6,-3.4673834
NAT14,-3.2371962
TMEM207,-3.451845
TAS2R31,-3.4417737
FAM167A,-3.441169
ERICH2,-3.4456205
KLRC4,-3.4465573
MS4A5,-3.4538593
NUTM2B,-3.4240758
ARMCX6,-3.3554718
LCE5A,-3.4529629
LY6G6D,-3.4552827
AGR3,-3.4577572
SAP25,-3.4763854
RPRML,-3.523203
MAL,-3.5064561
CDKN2D,-3.081314
RBP2,-3.4663498
TIMM10,-3.4197285
IL7,-3.4716377
KCNE4,-3.196144
IL4,-3.4551485
ICOS,-3.4737732
CPLX4,-3.4627297
PIN4,-3.2780592
HAUS2,-3.3337433
C16orf91,-3.4284458
MRPL27,-3.3332636
FAM163A,-3.457235
PVALB,-3.479202
RP11-211G3.3,-3.4562364
GOLGA6B,-3.454209
UCMA,-3.4661665
SNRPE,-3.1340785
TMEM225,-3.4606729
RPLP2,-2.9056785
UBD,-3.3615367
CDC42SE2,-3.3134794
HIGD1A,-3.3478906
KRTAP10-10,-3.454773
DEFB112,-3.4618843
RP11-508N12.4,-3.4559536
IFNL3,-3.455272
USP49,-4.281335
IFNB1,-3.464803
C12orf71,-3.4818466
EVA1A,-3.4597406
ZNHIT3,-3.1903265
CDC26,-3.5401368
DPPA3,-3.5028121
AKAP9,-9.244733
NINL,20.254292
C4orf45,-3.4725785
GLUL,-2.4724784
PPP1R14A,-3.4842665
SPATA3,-3.4619799
TCIM,-3.4869313
KCNE5,-3.5622375
OXLD1,-3.475055
PQLC2L,-3.4569705
IGSF3,-5.06166
ARHGAP11B,-3.4661438
RAET1L,-3.3840954
ARPP19,-3.0939744
CRH,-3.3560228
TNFAIP8L2,-3.5708263
NRN1,-3.1002142
HIST2H2BF,-3.4859767
ARHGAP33,-5.37458
STUM,-2.1774411
AC087645.1,-3.4571352
IL37,-3.4619875
SLC2A2,-4.7194104
CLEC2A,-3.476802
TMEM158,-3.4102736
TMEM220,-3.566976
RNASE12,-3.4685836
REG1A,-3.4585226
PRIMA1,-3.4539216
BCL2,-3.3864267
CCDC140,-3.3628433
C1D,-3.4521878
SRGAP1,-4.944206
REG3G,-3.459015
IGSF23,-3.4579136
FABP12,-3.4600153
CITED4,-3.5221674
KRTAP4-12,-3.4634929
SELENOM,-3.501572
PITX1,-3.519363
TAL2,-3.474776
C19orf70,-3.4586587
TLR7,-4.772669
C3orf35,-3.45612
POLR3K,-3.529778
KRTAP4-6,-3.4527504
SERHL2,-3.563758
SPATA25,-3.468782
AARD,-3.4318092
TMEM139,-3.4436383
LARP1B,-5.0568423
NDUFC1,-3.1931727
C10orf126,-3.490369
ZRSR2P1,-3.4628158
KRTAP4-8,-3.4598005
MS4A12,-3.460025
GABRA2,-4.382327
C11orf91,-3.4907663
GLIPR2,-3.5778902
BEX2,-3.062186
C2CD6,-5.427992
FAM9B,-1.3712194
CXorf66,-1.3507938
POTEG,-3.4600935
INO80C,-3.6062205
TMEM247,-3.4618104
NOMO3,-3.4689994
LHB,-3.504289
KLRC3,-3.5271425
H1FOO,-3.4634495
GALP,-3.3909972
LAMTOR4,-3.3352168
LRRC20,-3.6620693
BGLAP,-3.6102285
KLRF2,-3.4631891
CDC42EP2,-2.3116024
KCNE3,-3.586023
FAM174A,-3.4908621
AP2M1,-4.488703
FAM241B,-3.0886335
FBXO48,-3.4234052
PLAC8L1,-3.5093257
TEX43,-3.4498572
PDE6G,-3.4955516
TSHB,-3.4950595
C5orf24,-2.9348538
TP53AIP1,-3.5053377
OVOL3,-3.4596744
GIP,-3.4823537
TAS2R16,-3.4625368
MIF,-1.9296846
C1orf52,-3.156718
GSTA5,-3.4710836
TTC32,-3.5238733
NDUFA5,-3.1453598
IFNL1,-3.464166
MAGEA8,-3.4437582
PIGP,-3.5551174
SIT1,-1.3559303
MS4A2,-3.4675202
RNF183,-2.2509596
STT3B,-5.5329866
ILF3,-3.7191453
IGFL3,5.840349
FABP5,-2.9543612
C1orf122,-3.4710438
SMIM23,-3.4657767
C10orf82,-3.5222664
ATP5MG,-3.0713966
MUSTN1,-3.3975005
METTL14,-4.4197607
MS4A3,-3.4774222
HEBP1,-3.6062908
C12orf42,-3.5196795
TAS2R9,-3.4662673
REG3A,-3.4669108
RAB6C,-3.2875638
PDRG1,-3.4663253
MS4A15,-3.4886222
LPCAT2,-4.84674
GIMAP7,-3.5227747
THOC3,-3.436957
C2CD4D,-3.479594
GCSAML,-3.4590073
UGDH,-4.7015753
NAT8,-3.47508
CMTM6,-3.3642116
ANXA2R,-3.5276868
IL31,-3.4687395
NDUFA4,-3.0801551
ZNF581,-3.4627974
PLET1,-3.4693677
UBALD2,-3.1861153
HYPK,-2.8272333
RPRM,-3.3817728
EMC6,-3.374351
CST11,-3.470049
PFDN4,-3.1862562
IFNL2,-3.4697227
TEX29,-3.4686825
TEX44,-3.469948
MRPL54,-3.6126447
DSTN,-1.8852236
TMEM174,-3.3813982
CARNS1,-3.4911041
SRP14,-2.9384937
LOR,-3.4705477
FCGR3B,-3.4622912
TTC26,-4.7061014
FAM153B,-3.4845061
FRG2,-3.4805973
FMC1,-3.4346297
UFM1,-3.2132392
ZNF705A,-3.471564
EID2,-3.2580364
PLAC8,-3.602642
FAM104B,-3.4302354
C16orf90,-3.4775321
TMEM170B,-3.1391354
AC009065.1,-3.4810925
MED9,-3.5799234
CSN2,-3.4748793
LCNL1,-3.480238
RPL22,-3.0838757
HSPE1,-3.2678795
TOMM5,-3.3131735
KRTAP4-9,-3.4727309
SPANXN2,-3.4727428
TMEM61,-3.4800158
CD302,-3.4693317
SAMD5,-3.039071
SELENOW,-3.02134
ZBED2,-3.4746888
PANK3,-4.4864163
FKBP15,-3.1947322
CDA,-3.5299315
GTF2IRD2B,-3.4667797
TIMM8A,-3.612162
FAM241A,-3.534131
C17orf98,-3.4766169
ARL9,-3.492235
SIGLEC14,-3.5682957
SORCS3,14.112336
TNFRSF13C,-3.473277
AKAIN1,-3.4202714
PRCD,-3.4356601
CCDC144NL,-3.457402
RARRES2,-3.6261094
RNASE7,-3.526594
RPEL1,-3.3595595
CBWD2,-3.5085397
MRGPRX4,-3.478757
CLC,-3.4752653
IPO11,-5.5294228
MARK1,-4.8352957
TCL1B,-3.474368
NCOA5,-3.4043343
KCNJ6,-4.1014037
ZNF428,-3.0856664
TEDDM1,-3.4587343
SF3B6,-3.1743748
FABP6,-3.6113725
GPX5,-3.477108
SEC61B,-3.2927034
CMTM8,-3.5611277
GGACT,-3.5142832
CXCL14,-3.5961046
GCHFR,-3.5430758
CTAGE6,-3.4763625
NINJ1,-3.5783956
PPP1R14D,-3.485824
RPL30,-0.86952734
NNMT,-3.5086775
KRTAP10-2,-3.4773257
TIMM8B,-3.3189626
PSORS1C2,-3.4778185
CXCL16,-3.5695376
GNPNAT1,-2.189331
LBH,-2.7167943
DTD2,-2.3067234
TMEM253,-3.5257094
EBF4,-4.62184
GRP,-3.4511526
MAGEA3,-3.4783661
PPIA,-2.8815355
FUOM,-3.5976582
SNU13,-3.2130985
CD7,-3.4758298
ZNF524,-3.615768
ACOT13,-3.5263495
TAS2R46,-3.549335
C20orf27,-3.6163194
MAGEA6,-3.4790735
TSPO2,-3.4732254
NNAT,-2.7320244
FOXL2NB,-3.5872064
ZDBF2,-2.9798868
AP5S1,-3.5275285
SPCS3,-3.2695415
HTR5A-AS1,-3.5843048
PLAC1,-3.4793715
TMEM99,-3.444232
TAS2R42,-3.4802434
ANAPC4,-4.528258
COX16,-0.9696858
MRPL42,-3.3796697
SMAD1,-2.4604404
NUDT15,-3.50866
FAM218A,-3.501507
C21orf62,-3.5878181
TMEM14B,-3.27616
VMA21,-3.095521
KHDC1L,-3.4773426
TAS2R40,-3.4811487
DCANP1,-3.4858172
GLOD5,-3.497959
UCP2,-3.663074
KIAA1024L,-3.4810922
RNF224,-3.4996843
C12orf54,-3.478612
AMTN,-3.4822974
TOMM22,-3.4263923
KLRD1,-3.5716858
IFT20,-3.4423375
RIDA,-3.5286286
RPS25,-3.0514853
COMMD10,-3.5579872
FKBP1B,-3.4079192
TPPP2,-3.492227
S100A1,-3.5449393
VAMP4,-3.3584602
DLEU7,-3.563909
SSPN,-1.3683333
SUZ12,-2.260746
TSEN15,-3.4753788
RNF225,-3.4828506
LAMTOR5,-1.0893602
HMGN5,-3.4618037
ZHX1,-4.398243
XRN1,-2.0156343
HS6ST3,-4.046826
CDC42BPB,2.3444996
SERTAD1,-3.6418786
C3orf14,-3.413587
RFPL4AL1,-3.4850397
UTF1,-3.4836588
IL12A,-3.536984
LYZL6,-3.4937503
CTF1,-3.5727093
TAC3,-3.5823689
PARM1,-3.4368758
PMM1,-3.4808583
EBLN1,-3.4839303
MRPS16,-3.3153417
C11orf53,-3.4922938
TMEM81,-3.5414279
FRG2B,-3.4847226
SPN,-3.5179572
MAGEC2,-3.484763
LHX4,-3.5093694
MAP6D1,-3.4697201
LYPD2,-3.498137
CRCP,-1.3333144
ACKR1,-3.478992
TMEM221,-3.5668492
CGB7,-3.4988868
CXorf40B,-3.3735464
AGRP,-3.4984252
FAM216B,-3.5021567
CCDC160,-1.3396769
ODF4,-3.4857264
PTGES3L,-3.6235602
IMP3,-3.4555194
CKS2,-3.3568313
C5orf63,-3.4697306
PRAMEF3,-3.4860277
ROPN1,-3.4885957
ITM2A,-3.4257054
PLP2,-1.4573104
C2orf50,-3.5097845
ARL6IP6,-3.3825295
EBLN2,-3.3818252
MIEN1,-3.5494435
CHCHD7,-3.5539968
C19orf18,-3.5430372
CD47,-3.3392775
STAT6,-5.6849885
PMCH,-3.4948926
TCEAL6,-3.3537157
CCDC126,-3.444011
TSHZ2,-2.7487764
TEX38,-3.4722977
C1orf158,-1.4864261
FTO,-4.4713297
TMEM252,-3.4951403
TMEM273,-3.5746937
TCAF2,-3.5443234
CBY1,-3.4356177
MMP14,-3.5713282
ANAPC15,-3.5913515
LYSMD2,-3.5499334
ARMCX3,-3.0420673
TREML4,-3.4895773
SAMD13,-3.589956
IL15RA,-3.5249794
LIME1,-3.59183
RNASE10,-3.493558
MS4A8,-3.5067813
ZC3H4,-5.3838787
CRABP1,-3.597903
C17orf99,-3.480341
EIF4EBP3,-3.4782171
TIFAB,-3.5019634
KRBOX4,-3.3049805
CMTM2,-3.51237
ZDHHC11B,-3.4906936
NDUFA11,-3.222844
CNTF,-3.516709
TMEM86B,-3.541799
TMEM187,-3.3739252
C15orf48,-2.286382
FCGR2B,-3.5563445
HS6ST1,-3.2327132
NBL1,-3.5040655
NBPF10,-3.445288
TPGS1,-3.6376536
RNF7,-3.3159616
IL33,-3.5403755
NPM3,-3.6205597
FABP2,-1.4003592
NDUFA2,-1.1659627
UBQLN4,-4.635446
EQTN,-3.5088248
LSM7,-3.3612516
ULBP2,-1.3904629
PCLAF,-3.502743
MTCP1,-3.5198195
IKBKG,-3.5791605
LPL,-4.7871113
IL36G,-3.4931915
PLA2G2C,-3.496935
NACA2,-2.7245378
KRTAP10-1,-3.493433
ENO3,-3.5307145
BOK,-3.6039472
SNHG28,-3.484466
TNFSF4,-3.4902463
RFPL4A,-3.4962885
MCRIP2,-3.5809734
DAD1,-3.344653
LCN1,-3.4946308
LGALS16,-3.4749765
NPIPB11,-3.4944618
TMEM69,-3.4681306
NUDT8,-3.5965621
IL26,-3.4999337
EDDM3A,-3.4957955
VAMP8,-3.5484269
SLC2A8,-4.701812
LIN52,-3.4626307
FXYD6,-3.0821173
GATS,-3.496304
BET1L,-3.5973346
HCFC1R1,-3.59374
PPP1R1B,-3.7131
SLC7A11,-4.8368173
MSGN1,-3.5188804
EIF1AX,-3.048643
SAA2,-3.5146575
ASPRV1,-3.4832811
SLC30A5,-4.729428
RPS29,-2.903734
CEBPD,-3.5403628
C12orf74,-3.4965563
OBP2B,-3.496747
DIO3,-3.5469587
TNFAIP8,-3.5656242
VHLL,-3.523467
AC011484.1,-3.497066
MAGEB18,-3.5025754
SCARA5,-4.731527
CNIH1,-3.4201202
C3orf80,-3.4272912
FAM86C1,-3.5307217
ABRACL,-2.074313
KRTAP10-11,-3.4969678
BEX3,-2.973337
GP9,-3.5960293
INTS1,-7.978359
MTURN,-2.834362
SMIM4,-3.4499002
HTRA2,-4.5728984
SELENOV,-3.4153237
RPP38,-3.6132894
TRNP1,-3.5281217
RPA4,-3.539856
FAM183A,-3.566324
AURKAIP1,-3.6164582
EIF1AD,-3.449083
TIMM9,-3.5612214
FFAR3,-3.5476832
C4B,-3.5446324
KLRG1,-3.4463854
RELL1,-3.461542
DUS2,-4.8442445
MFSD6,-4.199922
RGS13,-3.5105782
UBE2V2,-1.9670868
ACYP1,-3.318985
TCEAL5,-3.205264
PPP1R27,-3.5647442
NUDT2,-3.3505406
CRIP1,-3.4423625
PNMA8A,-3.0787818
HIGD2A,-2.0166123
ANO6,-6.037155
ULBP3,-3.5055165
SECTM1,-3.4984696
PLLP,-3.616261
RPS19BP1,-3.4695086
MCTS1,-3.2020857
MRGPRX3,-3.5154598
C17orf97,-3.5837345
C1orf194,-3.5547569
BORCS8,-3.6032662
TBCA,-3.0892768
PRM2,-3.5012233
BANF1,-3.497961
TXNL4B,-3.5472488
POTEM,-3.5004003
CDR1,-3.3557954
BOP1,-3.3556793
THEM5,-3.5069363
GAST,-3.5066555
BTF3L4,-3.1213028
SHISAL2B,-3.510425
SYNJ2BP,-3.3964548
ANKRD66,-3.5421145
SDHAF3,-3.4757195
EIF4A1,-3.955369
RBP1,-3.33177
IL17B,-1.4134002
CKS1B,-3.4387012
C17orf49,2.4684458
OPTC,-3.5228715
TMEM233,-3.5041103
CSF3,-3.5077147
COX7A1,-3.4996498
MORF4L2,-3.0023143
PLGRKT,-3.4990027
DYDC2,-3.511342
TCEAL2,-3.345148
GSKIP,-3.3912957
PFDN5,-3.115205
POLR2I,-3.4428904
CYREN,-3.616895
NSMCE2,-3.5035782
LSM2,-3.633009
TMEM219,-3.510844
LY6G5B,-3.5155478
CXorf21,-3.5564704
MGST1,-3.556209
TUSC2,-3.5102515
KRTCAP3,-3.5907032
ASXL1,4.654785
MB,-3.525049
TAF10,-3.6254776
GPX8,-3.6453404
S100A2,-3.53332
TM4SF18,-3.4693534
COMMD5,-3.526709
SLC31A2,-3.5842361
TMEM37,-3.5505252
PLA2G1B,-3.5154576
CCL23,-3.5095959
FAM9A,-3.5055945
KLLN,-3.558299
SIAH3,-3.3136551
VAMP2,-3.2136433
IFITM2,-3.5482051
KLRC2,-3.5724514
CHCHD5,-3.6595964
KRTAP9-1,-3.5060906
ID4,-2.9079425
KRTDAP,-3.513087
LYZL4,-3.5203376
ID2,-3.3074496
TRIM49,-3.5128865
PDCD1LG2,-3.5273514
VSTM5,-3.5358233
NUDT14,-3.6432853
KRTAP10-12,-3.5072281
DNAJB8,-1.416717
RTP2,-3.509415
KRTAP10-8,-3.507517
PTPRCAP,-3.5607314
GOLT1A,-3.5404987
REG1B,-3.5187783
LCN9,-1.4037712
SCOC,-1.0432417
FAM209B,-3.5248528
TCTEX1D2,-3.351866
UTP14A,-4.738757
GABBR1,-7.203238
KAT8,-4.7770457
FAM210B,-3.3704455
C20orf85,-3.5445344
C9orf152,-3.5086296
HHLA3,-3.5885549
MMP28,-3.6081245
CCL25,-3.5067282
NUP88,-4.7042637
SLC23A2,-4.453418
LZIC,-1.4348674
SNX12,-3.350432
C10orf67,-3.512048
NAP1L5,-3.142203
PDZD11,-3.5224862
RPS21,-3.059679
ZNF705G,-3.5093412
AIF1,-3.59509
UQCRH,-3.1355374
RPL36A,-3.3681471
KCNMB4,-3.277139
ARL14EPL,-3.5095034
POTEI,-3.5365298
CD58,-3.5892055
TMEM156,-3.5792055
VXN,-3.4261012
ERFE,-3.5461235
DPY30,-3.313
MS4A4A,-3.6071243
PRAMEF4,-3.5105603
DEPDC4,-3.5594416
GKN1,-3.5228686
SENP8,-1.3081269
SAA1,-3.5114727
SSX3,-3.5160313
CXorf40A,-3.6049387
PCSK1N,-3.502973
SLC15A2,-4.847768
ACYP2,-3.4463491
BCL2L15,-3.5324624
C6orf52,-3.4432693
C17orf96,-3.5125947
FAM71C,-3.5381172
PIGH,-3.5962002
TAS2R7,-3.512247
MS4A7,-3.579174
ZNRD1,-3.7125764
RNF222,-3.537454
PLA2G2D,-3.518376
GPX1,-3.5155356
FAM174B,-3.5561376
DIRAS3,-3.5919592
C3orf62,-3.0870256
INMT,-3.6119757
TNFSF18,-3.522872
MEA1,-3.5633342
C4A,-3.5690782
COX7A2L,-3.0836675
CCDC152,-3.322317
ULBP1,-3.542956
PGPEP1L,-3.5232377
LRRC10,-3.5474894
NINJ2,-3.5862074
PIFO,-3.4694924
SCIMP,-3.6172578
CCZ1B,-3.2661903
MAGEB4,-3.514223
PAIP2B,-3.5425413
LYRM9,-3.5157208
CCL14,-3.515531
IL17F,-3.5285425
LRRC37A2,-3.4744797
PRR23B,-3.519267
CSTL1,-3.5153952
PFDN6,-3.5248752
TMEM218,-3.566387
MAGEB2,-3.5199327
CROT,-4.427583
CAMK2N2,-3.2682426
APOL6,-3.5283248
CAMSAP1,-4.3459263
MAS1L,-3.5155544
MARCKS,-2.7949026
GSTA3,-3.505985
ARMH2,-1.4144971
SRPX2,-4.7795134
RNF24,-3.35331
MAGEB5,-3.5156188
TMEM107,-3.5308118
FAM180B,-3.5182455
DAOA,-3.5158012
CHCHD1,-3.3838365
FNDC8,-3.5280793
CDK2AP1,-3.3357308
MAGEB3,-3.5229323
SPATA9,-3.5177255
TSPAN16,-3.5584338
RLN1,-3.5049694
EVA1B,-3.5849419
DDX5,-2.9047778
ORC1,-5.757043
ALAD,-4.72508
NEDD8,-2.2856
TMEM126A,-3.5065649
JPT2,-3.4465387
AMY1C,-3.5293856
ASCL5,-3.517159
SNRPC,-3.4827914
SLC6A9,-3.724085
TM4SF20,-3.5267665
KRTAP4-11,-3.517071
HEG1,-3.3875864
LURAP1L,-3.4398396
RGS21,-3.530842
RNF11,-2.9112628
CCDC188,-1.4082179
CALY,-3.5574327
GPX2,-3.5103705
PPP1R14C,-3.39013
TMEM213,-3.5851774
FAM209A,-1.417234
IQCF6,-3.5197682
CFAP126,-3.5006175
TAS2R10,-3.5049968
SHISA4,-3.5421484
CLEC4E,-3.5110028
C1orf226,-3.5618794
C11orf88,-3.5470421
MS4A4E,-3.5184767
GM2A,-3.6233366
C5orf52,-3.5187652
TAS2R39,-3.5129073
AGO1,-6.0549235
HIST1H1T,-3.52263
TSLP,-3.516229
NUP107,-3.356247
GEMIN7,-3.5400188
RNASE4,-3.6857555
GPIHBP1,-3.5441132
C10orf95,-3.5015516
KLRF1,-3.5219662
SNRPA,-3.5558934
COX5B,-3.263569
TMEM65,-3.234307
CALML6,-3.526804
MS4A6A,-3.5568435
ANG,-2.3279173
DYNLL2,-3.6418216
LECT2,-3.5299478
PDCL2,-3.533678
CDV3,-3.4524658
TCTEX1D1,-3.4899156
TNFSF8,-3.6028607
EDDM3B,-3.5226994
LCN12,-3.5201647
CD300LD,-3.52371
RLN2,-3.4571762
CASC10,-3.5209315
GPR141,-3.5346897
IGSF6,-3.6174378
SPINK5,-5.604579
DEPP1,-3.6388812
TSR2,-3.5688813
LTA,-3.5288053
RD3,-3.4698164
GRK5,-4.7905974
ARRDC5,-3.4210465
BEX4,-1.0125391
SNURF,-2.8733828
CLEC12A,-3.5123937
TMEM123,-3.6039717
IRF3,-4.933734
GCSAM,-3.5079207
ERP27,-3.5243626
NSG1,-1.5143487
DNAJC15,-3.263805
CCDC85B,-3.6040123
KRTAP10-9,-3.5228016
KRTCAP2,-3.5017095
ATP6V1G3,-3.5522358
FXYD1,-3.6211395
OMP,-3.5455425
CTAG2,-3.5390105
CCRL2,-3.5670424
PSMD10,-3.30249
COMMD2,-3.3637078
DPPA5,-3.534287
OTUD6A,-3.456043
FAM169B,-3.533178
RPL32,-3.0161655
SRP9,-3.0053253
LCN10,-3.5023265
KIAA0895,-4.50539
CHCHD10,-3.6076145
CCDC171,-5.34842
TAS2R60,-3.5244076
HSPB11,-3.5733924
SPACA7,-3.5284119
B4GALNT3,-4.3564034
LAMTOR1,-3.4736512
MBL2,-3.5360231
HIST3H3,-3.5477746
PRAP1,-3.5398073
METTL3,-4.610688
SLC22A18AS,-3.5320587
CBWD1,-3.6504738
GLRX2,-3.6030247
SNX3,-3.4561474
APOC3,-3.534879
NANOGNB,-3.3842468
IL25,-3.533785
BAALC,-3.471737
CARD16,-3.5931711
OCM,-3.5994575
CEBPG,-3.48936
C1orf105,-3.5265415
ATP5PF,-3.1917048
PRND,-1.5071561
MAGEA12,-3.527045
MAGEA10,-3.524026
IL1RN,-3.5538938
VGLL1,-3.4531238
PHLDA2,-3.4991436
CNTD2,-3.4900115
IL24,-3.533227
ACVR2A,-4.207193
ELOB,-3.1987317
BATF,-3.5657923
POLR3G,-3.5690653
DYNLL1,-3.0210817
JUND,-3.1996844
CD160,-3.5856943
FAM207A,-1.606044
APOD,-3.5435984
LYRM2,-3.326709
IMMP2L,-3.6716876
CISD1,-0.9683187
AC005841.1,-3.5338082
RRP15,-3.415865
LGALS9C,-3.5829442
DRAP1,-3.4428074
OPRPN,-3.5294642
MS4A1,-3.5276315
UTS2B,-3.6202526
APOOL,-3.5062833
CLRN3,-3.5447838
ZNF444,-3.476468
CMTM1,-3.546682
MCEE,-1.4745941
BOLA3,-3.4860394
PMP2,-3.4191508
TNFSF9,-3.504113
TEX47,-3.5371072
DYDC1,-3.5961409
OCIAD2,-3.3713572
AL121963.1,-3.5454934
C14orf119,-3.436933
DNAL1,-3.2589116
TSKU,-3.5819361
SPATA46,-3.5319169
CCDC28B,-3.429729
MANSC4,-3.533762
BCAS4,-3.68276
PRXL2C,-3.4247706
SSC4D,-4.8135395
MS4A10,-3.58671
TEX30,-3.558295
UBL5,-3.184723
CGGBP1,-3.1194642
SIGLECL1,-3.5358706
TMEM170A,-3.7137666
SSX5,-3.532857
LYRM4,-3.6137707
TMEM17,-3.581788
EPGN,-3.5010686
PIGF,-3.470347
LCN6,-3.533937
MIS18A,-3.5449257
C2orf74,-3.6112494
ARL16,-3.5709429
DCAF16,-3.256391
BID,-3.4720297
TMUB1,-3.648442
XG,-3.536542
ARHGEF6,-4.8536067
RSPH10B,-3.5383437
TAS2R19,-3.543247
CCL3L3,-3.5427654
GEMIN6,-3.5411096
TMED2,-3.3783805
MRGPRX2,-3.5411396
HARS2,0.107718945
C12orf76,-3.3722186
SYNGR4,-3.5397074
FCER1A,-3.5248046
TIMM22,-3.5685256
VSTM1,-3.540246
MPHOSPH6,-3.2179627
PTGES,-3.562451
SH2D1B,-3.5494368
C22orf42,-3.4622328
TMEM179B,-3.5828493
TP53INP2,-3.382119
TBC1D28,-3.5007112
H2BFM,-3.538579
CD164L2,-3.5480201
ZNF720,-1.323595
EIF4EBP2,-3.2249563
C8orf82,-3.6642973
CBWD3,-2.9097903
SMIM7,-3.484945
NOMO2,-3.3106015
ORMDL1,-3.4364579
JPT1,-2.9427385
FPR1,-3.6057189
PAXX,-3.5618858
SKA2,-3.321389
PRH1,-3.5265892
BOLA1,-3.6786256
PFDN1,-3.3469586
SAT2,-3.4141104
NKAIN4,-3.532165
CDKN2C,-3.6581638
RGS9BP,-3.5604572
C2orf49,-1.3823497
LEPROT,-3.3434017
TCP10L,-3.6560698
EEF1E1,-3.638374
CIAO2B,-3.4850316
PRH2,-3.5928645
CYLC2,-3.4350739
MED28,-3.5453799
CNFN,-3.5861053
TMEM254,-3.5391035
LRRC26,-3.586847
CRABP2,-3.6021013
ZC3HAV1L,-3.5742276
RNF223,-3.5603325
HPGDS,-3.6042898
CARTPT,-3.6159413
MCOLN3,-4.8026047
AKIP1,-3.6015868
IL1A,-3.5843375
MAL2,-3.425769
ATP5F1D,-3.5825088
GOLGA8H,-3.5791073
GPS1,-4.8165784
KCNRG,-3.5474174
NAT2,-3.5293508
SNRPD2,-3.312114
KRTAP11-1,-3.5477931
NSG2,-2.7498338
ZG16,-1.4362557
COPRS,-3.4216444
ETFRF1,-3.4378963
C6orf120,-3.5591826
CYP27B1,-2.682252
MAP1LC3B2,-3.709103
RNF186,-3.5509782
FAM162A,-3.491353
KCNQ5,-5.9472923
FAM228A,-3.5268092
LST1,-3.6117604
C1orf53,-3.5886378
CD200R1L,-3.550267
RWDD3,-3.5621302
ZFAND2A,-3.3791852
SPIN3,-3.38941
MEF2D,-4.7601767
LMNB2,-4.605189
LSMEM2,-3.5467987
IQCF1,-3.5495
C19orf84,-3.5354
SLC35G5,-3.5627108
PPP5D1,-3.4627402
ODF3,-3.559285
C22orf46,-3.5302618
DAP,-3.5911257
TAS2R20,-3.6013052
GNLY,-1.45838
ROMO1,-3.4196875
C8orf74,-3.5445876
ALKAL2,-3.5651274
LRRC10B,-3.5827458
LGALS13,-3.532086
SNRPD1,-2.034259
CXorf30,-3.545315
CNIH2,-3.4432223
MTIF2,-4.8059864
PPP3R2,-3.562421
RNF208,-3.6492858
RRM2,-3.7430491
FAM120AOS,-3.4661222
GTF3C6,-3.4575932
LAPTM5,-3.6720204
IL19,-3.55528
FAM89A,-3.6076722
C20orf202,-3.5462244
POLR2J,-3.534669
CTNNBIP1,-3.4854877
SAT1,-3.2556732
LCAT,-4.968343
TIMM13,-2.249839
ZCCHC10,-3.4228933
FAM3C,-3.309485
AC026202.1,-3.5451245
EREG,-3.6187592
LY6H,-3.5053542
TMEM31,-3.5616617
C8orf33,-3.3601668
ZNF124,-3.3988998
TMEM54,-3.6393714
OSR1,-3.5572202
TMEM52B,-3.6067798
AWAT1,-3.5559976
KNDC1,-5.61898
GPR160,-3.6274672
COTL1,-2.1063063
LEP,-3.496368
NRM,-3.6643698
CABCOCO1,-3.6272733
DAB2IP,-5.8448496
TRIM46,-4.731657
TDGF1,-3.6073575
THEM4,-3.4503474
SPINT3,-3.5493877
NXNL2,-3.5895612
RAB41,-3.5987518
SPATA8,-3.54799
TMEM190,-3.5518835
ERH,-3.2521782
FGFBP3,-3.168174
LAMTOR2,-3.4364862
KRTAP10-5,-3.5486972
LY96,-3.6368997
CATSPER2,-4.7837634
NXT2,-3.6266904
HNRNPA1L2,-3.2206614
RPL22L1,-3.5375407
CLEC4D,-3.5564609
DUSP21,-3.5792775
FAM122A,-3.5550084
SH3BGRL,-3.3832347
MMAA,-4.656715
FBXL15,-3.6168654
C8B,-4.809017
PRR34,-3.5696657
DUSP19,-3.5207305
RFLNA,-3.570347
TCTEX1D4,-3.5450397
POP7,-3.565932
C15orf62,-3.5630116
GOLGA6L9,-3.5454931
SH3BGRL2,-3.317628
CIART,-3.667473
EBF2,-4.641574
GMPPB,-4.9712744
CNIH4,-3.5160556
ECHDC3,-3.6328251
CRP,-3.5229855
STAU2,-4.427374
PDXP,-2.1707683
BRI3,-3.5742667
BTG2,0.24206114
RFPL4B,-3.5600162
ZCCHC18,-3.4281986
ARIH2OS,-3.6854558
MRPS12,-3.660143
ALG1,-3.6324697
C17orf58,-3.5654547
DEFB125,-3.5534997
PRR29,-3.5634117
SLC48A1,-3.6027298
FADD,-3.5500193
DNLZ,-3.519703
LRRC73,-3.60908
CLEC2B,-3.5815501
SLC35G3,-3.6201699
BIRC8,-3.5558882
SCRT1,-3.566755
HIKESHI,-3.3573093
PRR22,-3.602904
IFITM5,-3.5725744
KRTAP24-1,-3.5532665
CLEC2D,-3.404072
CD80,-3.5665247
TGFA,-3.648032
TMEM217,-3.5765707
BCL2A1,-3.4725053
HACD4,-1.463577
IL17A,-2.3219643
SRXN1,-2.2106762
FIBIN,-1.499069
PTRHD1,-3.6467707
CLEC6A,-3.5607052
EPB41L1,-5.4000006
C16orf54,-3.5723584
TFF2,-3.5660458
SORBS3,-4.9271917
VN1R2,-3.5548434
IL17C,-3.570939
C4orf17,-3.566848
FMR1NB,-3.5558462
RBP5,-3.5747838
CCDC117,-3.367821
CTLA4,-3.56917
MRGPRG,-3.5614092
IFNE,-3.5562062
RNF122,-3.4071856
ARPC5L,-3.5804303
C17orf107,-3.5764232
C16orf45,-3.5679872
FCGR2A,-3.6212034
TRAT1,-3.5560293
JOSD2,-3.7731073
SUMO2,-3.0473065
GAL,-3.55387
SPACA1,-3.5579724
C1orf131,-3.4869184
FANCF,-3.5908785
ADM5,-3.635096
WFDC5,-3.5701468
BAG2,-3.6603959
NDUFB5,-3.4518592
TMCO2,-3.55794
DNAJB7,-3.577847
TCL1A,-3.567831
POM121L12,-3.5578175
DNAJC6,-5.4557223
CACNA1E,-12.315947
GABARAPL1,-3.4035676
RAMAC,-3.2640834
FAM133A,-3.458656
FAM170B,-1.4497042
CPLX3,-3.5675168
TMEM251,-3.6449587
SLC10A5,-3.6001945
LYNX1,-1.4699285
TLNRD1,-3.4173613
THBS2,-5.440776
PUDP,-3.4475012
C1orf68,-3.5594234
TERB2,-3.5645118
PDCD5,-3.3559153
PCBP1,-3.1354582
ROPN1B,-3.5763733
HINT3,-3.3599281
LCN2,-3.582745
C3orf70,-3.5174463
MYDGF,-3.5702581
REX1BD,-3.6497061
RDM1,-3.5559428
ESM1,-3.565197
ERP29,-3.4793105
ARPC3,-3.3665884
KLHL40,-4.864963
DNAL4,-3.7276404
GPR82,-3.5996864
ARL2BP,-3.4131198
FAM177B,-3.5723014
TXNDC17,-3.4130177
COMMD4,-3.6335647
GPR148,-3.56146
FTL,-3.129016
TXNDC12,-3.5822177
COX6B2,-3.615032
C19orf81,-3.6986
DEFB119,-3.5665503
GIMAP1,-3.6085465
HIP1,5.8119287
SDHAF4,-3.5480695
CLEC3B,-3.6314023
PGA4,-3.5774162
POLR2D,-3.584421
RPH3A,-2.647695
SNAI3,-3.5802302
THY1,-3.353055
SNRPB2,-3.2206273
NICN1,-3.5156631
RAET1G,-3.5901155
MYL7,-3.6309066
CCDC54,-3.561972
UBE2QL1,-3.170515
CETN1,-3.6042004
HSPA6,-3.5086162
TRAPPC5,-3.5495386
SLAMF1,-3.569078
LGALS14,-3.5560274
GIMAP4,-3.6945696
TRAPPC6A,-3.6451232
LGALS1,-3.4982476
ERG28,-3.4896786
TMEM230,-3.474757
PGLYRP1,-3.576405
AIM2,-3.5872817
NDUFS6,-3.5423372
SREK1IP1,-3.2703495
ARL5C,-3.5882046
GREM2,-3.6086872
USP17L2,-3.5638971
RWDD1,-3.405859
DR1,-3.2656786
CD8B,-3.5778718
DDIT3,-3.2896426
C19orf38,-3.622121
PSMG4,-3.5936408
RTP3,-3.5703948
TFDP3,-3.5676064
IL36B,-3.5684767
HBE1,-3.0959458
PCBD1,-3.7730894
GSTO1,-3.625213
SPX,-3.5885944
FNDC9,-3.312436
SPCS1,-3.410252
COMMD6,-3.20945
CPLX1,-3.7091365
PRSS46P,-2.2631435
CEMP1,-3.6835165
KLF14,-3.578153
CCZ1,-3.7666209
MRGPRD,-3.5739048
PXDC1,-3.555631
UBE2U,-3.5696352
SKIL,-4.4675136
SHLD3,-3.5693905
CLDN34,-3.5672207
DYNLT1,-3.1745791
CPLX2,-3.6461775
TBC1D4,-5.5117292
GLYATL2,-3.68088
LYPLAL1,-3.6124613
TMIGD2,-3.7129247
SPA17,-3.6988442
AKAP14,-1.5846951
EIF2B5,-6.119565
C6orf223,-3.591734
ID1,-3.5798542
ARMCX2,-3.4151683
PRDX1,-3.283859
ZNF547,-3.5744176
MOBP,-1.4675586
RFPL1,-3.5591915
FUNDC1,-2.3852913
HAVCR2,-3.7275975
ATP6AP2,-3.379379
TAT,-4.927209
DRAM1,-3.626307
NUTF2,-3.4763124
AKAP5,-3.6676383
MRGPRE,-3.5700994
IL11,-3.5962458
CD48,-3.597904
MKRN2OS,-3.7077012
DDIT4L,-3.589219
HDHD2,-3.34979
KCND3,-6.283845
HIST1H3H,-3.6172326
CCK,-3.5914805
SDC4,-3.6126196
SSR4,-3.3643563
SV2B,-3.516385
NPIPB15,-3.7093067
ARMC7,-3.621756
CD69,-3.6219106
GAP43,-2.7468204
NREP,-2.8899884
LRRC3,-3.5775177
PGM2,-4.966588
DNAJC5G,-3.603292
ZNF552,-3.4947865
PGF,-3.5847414
ATP5PD,-3.3386648
KHDC3L,-3.593607
VAMP3,-3.5319314
PFDN2,-3.2654104
RGS16,-3.4613209
TAS2R5,-3.5494008
GPR89B,-3.2907262
HBQ1,-2.4101267
NANOS1,-3.4503524
NUDT3,-3.1961722
NPPC,-3.4888453
ZNF615,-4.8154664
IL6,-3.6104887
FAM19A5,-3.5934272
SSNA1,-3.6267045
CYB5A,-3.6122391
SZRD1,-1.494272
CSN1S1,-3.578192
PLD6,-3.6343234
ARMCX5,-3.3738084
FSHB,-3.5980928
GPSM3,-3.666677
NME5,-3.5845225
PHF5A,-3.5153995
IL17D,-3.650162
SERBP1,-4.444537
MDK,-3.6765492
RWDD4,-3.5135708
PRKX,-3.0442383
ARPC5,-3.2637885
ZC3H12B,-4.917269
ATP5MC3,-3.204988
MAP1LC3A,-3.5258596
PTTG1IP,-3.460327
CENPM,-2.42736
C17orf51,-1.465205
NDN,-3.154557
MCFD2,-3.5115101
EHD3,-4.836801
TVP23B,-3.5559897
FAM167B,-3.5870492
EFHD1,-3.6047628
SNX29,-3.5117538
GPR89A,-3.695047
PAM16,-3.6928537
GSTM4,-3.6269536
DNAJC19,-3.5827026
MAGEB10,-3.646739
CANT1,-4.9350333
FKBP1A,-3.4281948
C11orf58,-3.1057065
CDSN,-3.584144
TMC6,-4.8842015
RGPD8,-3.5768275
ISG20,-1.5024176
NPM2,-3.64707
TAAR8,-3.5885677
RD3L,-3.5784273
RBM43,-3.705459
NDUFA7,-3.5752628
GPBAR1,-3.6521575
TMEM50B,-3.4835997
HMSD,-3.585233
ARHGAP39,-5.8260126
PDZK1,-3.599256
GLIPR1L1,-3.5814335
RTL6,-3.2046366
TAOK3,-3.8154123
MAGEF1,-3.2118726
MYEOV,-3.5765297
MSANTD1,-3.5787678
PER1,-5.427473
GCSH,-3.6449435
RGS10,-3.6710641
CLEC7A,-3.696094
VBP1,-3.220928
GADD45A,-3.5235522
CLEC1B,-3.5898526
ROPN1L,-3.6711304
KRT75,-3.6186116
BLOC1S2,-3.1602082
HAMP,-3.6013322
CDC42EP3,-3.303488
CACNG6,-3.5555902
PCSK5,9.882714
NANOG,-3.5938485
TBX4,-4.8450456
SDC2,-1.4821544
RTP1,-3.573094
RPS28,-3.122842
PROK2,-3.6086524
CCER2,-3.5835028
MCF2L2,-5.743036
RPL29,-3.2229507
ITGB2,-2.9810483
KLF8,-3.561516
NUDT11,-3.0618472
NKAPD1,-3.43756
SUSD3,-3.6545086
RIPPLY3,-3.6243637
NHP2,-3.4063394
SPP1,-3.6608703
MAGEB1,-3.5969548
HIST1H2AK,-3.600906
TPPP3,-3.6500099
INSL6,-3.5974777
CPXCR1,-3.585716
SELPLG,-3.6413364
MAGEB17,-3.580071
PTPN20B,-3.5852716
TRARG1,-3.5722504
DMPK,-4.925186
ARL11,-2.4152036
CSPP1,-3.2469895
PEA15,-3.3119826
UQCC2,-3.5245588
NFYB,-3.2543848
TALDO1,-4.756035
FAM219B,-2.2776043
IFT22,-2.342741
CWC15,-1.1458137
LSM6,-3.433477
GSTA4,-3.1188066
DPY19L3,-4.692573
RELL2,-3.4054685
FAM71E1,-3.5896387
BTG4,-3.5988185
FAM220A,-3.3127942
IQCJ,-3.5631413
APCS,-3.586586
TEX13B,-3.5830092
CBY3,-3.5862355
CXorf56,-3.6709096
ARL6IP5,-3.2607586
ANGPTL8,-3.5834837
MED10,-3.4069743
EIF5A2,-3.5547488
SFT2D1,-3.576061
FBXO36,-3.615048
RFXAP,-3.485018
BSPH1,-1.4780777
MIS12,-3.7238467
RNASEK,-3.6470199
KCNMB3,-1.6102438
TPT1,-3.0366821
CCDC190,-3.5659032
ART4,-3.5974329
LAMTOR3,-3.3217463
CMTM4,-3.5590804
XAF1,-3.6630473
COL25A1,-3.6968267
SMCO2,-3.6135614
TXN2,-3.585962
GOLGA8M,-3.6109629
MYL5,-3.6158006
SDHAF1,-3.6305718
KRT5,-3.6500783
CREG1,-3.5549889
LRRC61,-3.54854
CITED1,-2.3945892
MED11,-3.621036
PHPT1,-3.386465
ZSWIM7,-3.592362
CDCA5,-3.6309905
SNAPIN,-3.6105356
NANP,-3.551735
HEBP2,-3.6715481
ELOF1,-3.5825
CAVIN3,-3.672025
NDST4,-4.53864
FRG1,-3.1804285
OOEP,-3.591792
RFK,-3.2619398
KLHL32,-4.631919
COA3,-3.4661803
TMEM176A,-3.5373025
TRAF7,-3.5492394
CCDC124,-3.7110915
LYZL1,-3.6094835
CKMT1A,-3.5578692
RFPL3,-3.588881
HIST1H3A,-3.6367052
IFNK,-3.5893004
IQCF3,-1.491349
SPART,-4.8303924
SFT2D2,-3.640925
HSPA9,-4.514221
COA7,-3.5785084
DPM3,-3.7028008
RASAL2,-3.39302
TMEM35A,-2.8070824
GIMAP5,-3.6426764
RASSF3,-3.6520822
CALHM2,-2.431748
GSTP1,-1.3092887
LYSMD4,-3.562608
SPCS2,-3.3563733
BIRC5,-3.600035
PIR,-3.6474123
GPHA2,-3.5972867
C1orf56,-3.285838
C19orf25,-3.6851685
CATSPERZ,-3.6279798
OXER1,-3.6126914
RAP2C,-3.516608
UBALD1,-3.658235
RBPMS2,-3.571576
CCDC172,-3.5910978
AP3S1,-2.1396317
FGFBP2,-3.6071808
UQCRQ,6.6393404
C6orf203,-3.5927186
C9orf135,-3.6347604
C1orf141,-3.6103733
KIR3DL3,-3.590851
TRIM37,-5.3672748
PLK5,-1.5661623
JTB,-2.2526474
NAIF1,-3.7027795
CYSLTR2,-3.5637064
C18orf21,-3.4090605
SPACA9,-3.7288656
YBEY,-3.6868718
EVI2A,-3.704975
POLE4,-3.6628003
PPP1R1A,-3.580153
CFL1,-3.1726134
SERTAD2,-3.3273935
AGAP5,-3.4609525
PPIH,-3.5668478
NAA80,-3.6844647
MED21,-3.4584095
TOB2,-3.5557132
C17orf78,-3.6021237
KLF13,-3.5597773
GLT6D1,-3.5914786
HES3,-3.6186335
CCDC89,-3.620066
TIGIT,-3.602335
CHAC2,-3.6213644
HMGN1,-3.0916915
AGR2,-3.6272674
FAM19A4,-3.6158965
WFDC2,-3.6784208
MID1IP1,-3.5515745
STPG4,-3.622938
UBE2D4,-3.5799754
TMEM242,-3.5429893
CNRIP1,-3.358944
C19orf12,-3.5244708
CRADD,-2.521058
CFAP299,-3.6339135
PROSER2,-3.5237482
PAGR1,-1.1657722
METTL7A,-3.6153033
UBE2L3,-3.3702607
PRADC1,-3.7534504
AKR1B15,-3.6058977
LNP1,-3.6973236
EEF1AKMT1,-3.7935596
LIN28A,-2.4230998
C8orf48,-3.6515658
KRTAP10-7,-3.5939622
PHOSPHO2,-3.5685863
MPC2,-3.5559344
KCNE2,-3.6555166
PRKACG,-3.6076238
RAI2,-3.3158696
PLA2G4E,-4.8767495
LILRA5,-3.6082692
MRAP2,-3.65404
FREM3,-5.636786
ABCG5,-2.7620468
SIM2,-4.958228
TMEM160,-3.6024797
PRAMEF20,-3.594942
ASB9,-3.6373684
CRISP1,-1.4439557
IQCK,-3.5994003
BTN3A2,-3.6459
TREML1,-3.6221328
LTB4R,-3.750104
BLOC1S6,-3.2633173
COX5A,-3.418838
SFR1,-3.755549
AAMDC,-3.595302
WRB,-2.3609934
PRRG1,-3.6075888
ADH4,-3.6360507
C22orf39,-3.6492116
CSDC2,-3.6266563
ZNF22,-3.334755
TNFRSF10C,-3.5021663
ATG10,-3.5631888
LAIR1,-3.6851373
RPL37A,-3.0379236
RPL27,-3.381858
LGI1,-3.661147
FATE1,-3.6047764
SCAMP1,-3.192339
MAGEB16,-3.5973332
C3orf52,-3.6252842
FAM228B,-3.6488943
GMFB,-3.4753864
UBE2D1,-1.3013954
NAA50,-3.5252628
CACYBP,-3.2985945
BATF3,-1.5004265
NMRK1,-3.6360319
PRR19,-3.6659665
RNF113B,-3.6200383
CFHR3,-3.605074
TAS2R14,-3.6143816
PRAF2,-3.638531
TYROBP,-3.7736857
C2orf73,-3.6093826
KITLG,-3.5336704
CD300LB,-3.6236558
LYZL2,-3.614567
C5orf60,-3.7335756
MPC1,-3.5442722
TAF11,-3.4957118
RUFY1,-2.6872957
C1orf115,-3.6187775
DYNLRB1,-3.3184955
DDA1,-3.5871897
BPIFA3,-3.5995004
C1orf146,-3.6244078
NPBWR2,-3.6148133
ANO5,-4.4037066
XAGE5,-3.5998533
C3orf84,-3.600071
BHLHB9,-3.4707937
MAGEA4,-3.5995982
MYMK,-3.6134453
SELENOT,-3.3822246
MRPS10,-3.4509618
NELFCD,-4.7137
MAGEA1,-3.60074
FBXL22,-1.5193877
MALSU1,-3.6358178
FAM181B,-3.648081
C4orf3,-3.3888762
CTU1,-2.397042
CHCHD2,-3.214177
AADACL3,-3.6091397
RNF13,-1.398762
CD300E,-1.51162
SAYSD1,-3.7139175
MAGEH1,-1.1550059
VAMP1,-3.606355
FFAR1,-3.6180153
GRAP,-3.6915421
HNMT,-3.6742263
UBL4A,-3.5551054
C2orf80,-3.583497
ABT1,-3.6379805
MZB1,-3.606468
SDHAF2,-3.6655023
RGS5,-3.1862109
IL18BP,-3.6349633
FDX2,-3.775269
RPL38,-3.0624106
NUDT7,-3.7495391
UBXN2A,-3.7128088
PCBD2,-3.7306745
FMNL1,-6.255153
FAM122C,-3.687304
ADH6,-3.5847876
PIMREG,-3.655342
CLEC4A,-3.6340864
CD2,-3.6029286
ZNF668,-4.5911994
ZNF688,-3.40877
NMI,-3.691987
TRMT112,-3.375183
DKKL1,-3.6587484
ATXN3L,-3.6050322
IER3IP1,-3.5531754
APOPT1,-3.608596
TMEM243,-2.4514868
GNAZ,-4.6194296
PPIC,-3.7630746
EFHD2,-3.7539263
TREM1,-3.6112564
BTLA,-3.5766234
DPM2,-3.7298803
UXT,-3.623924
GREM1,-3.63839
C7orf50,-3.5825574
NFRKB,-5.6204386
CMTM5,-3.671918
MRPL41,-3.6449583
JSRP1,-3.596296
PDCL3,-3.6068819
PRR7,-3.59834
ZNF98,-3.6172986
CENPW,-3.63731
FAM90A1,-3.618455
CEACAM7,-3.6145346
FAM89B,-3.387442
MMP26,-3.6085544
BLOC1S5,-3.4372923
MRGBP,-3.6580212
DBNDD1,-3.5848455
CENPK,-3.6924064
TP53INP1,-3.3901327
FSBP,-3.5264924
MORN5,-3.7283285
TMC7,-2.8819652
CD33,-3.6550229
CPTP,-3.7033343
RPL37,-3.2591956
TMEM212,-3.77784
YPEL3,-3.525386
MRPS33,-3.5961964
SHISA5,-3.4341505
HCRT,-3.6796434
TFIP11,-4.861613
LSM8,-1.2258313
FLII,-6.2472
C16orf86,-3.644418
H3F3A,-3.6363482
TSSK3,-3.663194
ANKRD45,-3.75731
NUDT10,-3.633989
ARMCX1,-3.2838936
TMCO5A,-3.6102762
CENPQ,-3.6388602
ENKUR,-3.802779
ACADL,-4.889013
CD274,-3.6794853
FAM19A2,-3.6309793
NSMCE3,-3.3595562
SLC45A4,-6.189101
PRAMEF15,-1.5008211
GNRH2,-3.6281915
NAIP,-3.4195213
CLEC2L,-3.6501446
LEMD1,-3.6987689
PAWR,-3.7082071
CXorf65,-3.6179557
CD83,-3.707547
MANF,-3.6767719
WRNIP1,-4.6622148
NF2,-4.6190476
KLK2,-3.6203897
AANAT,-3.645088
MME,-5.831175
MAGEB6,-3.611374
PIP5K1C,-4.906309
TMEM171,-3.5625193
CYP26C1,-3.6833074
TMIGD1,-3.5690584
TMEM18,-3.406004
IGSF5,-3.6779678
LYPD1,-3.320974
NSD1,-6.7941027
PTRH2,-3.6131592
FLT3LG,-3.6475115
POLH,-4.7459745
ASCL3,-3.6468918
CXCL12,-3.7842941
OVOL2,-3.6603994
MRPL12,-3.7172668
NR2C2AP,-3.732442
KLRB1,-3.6612382
CYFIP2,-6.5013294
KIAA2026,-2.870055
PNRC1,-2.2445555
CD226,-3.64332
LIMD2,-3.6797686
LRRC3B,-3.6016262
TMEM86A,-3.7440753
KRCC1,-3.5439706
ORMDL3,-2.2327554
DPPA4,-3.598602
RNF182,-3.2486641
ACAD11,-2.39023
SPATC1L,-3.7453637
SPACA3,-3.6457062
SAMD10,-3.5534647
BNIP3,-3.5789974
C5orf30,-3.3461008
CSH1,-3.6111758
ZNF664,-3.4235847
EVI2B,-3.717232
COL10A1,-3.6933496
NUS1,-3.5162354
CDRT15,-3.6160872
GLRX5,-3.6176102
CLDND2,-3.7251627
PCP2,-3.6183317
CD200,-3.1703343
RP11-192H23.4,-3.61734
IQCF5,-2.3850036
KRTAP29-1,-3.6177845
TXNDC9,-3.6318483
MYADML2,-3.6504462
RNASE2,-3.6427944
IER2,-3.4285457
GUCA1C,-3.6380103
LYSMD1,-3.5631816
RPS15A,-3.407798
TNFRSF4,-3.6439047
SOWAHD,-3.7221107
RASAL1,-5.777199
TAS2R13,-3.6222148
ACKR4,-3.6739872
SCYL2,-4.480134
ERAS,-3.6687937
FAM216A,-3.4997988
FRG2C,-3.6178665
SLC35G6,-3.650166
LEPROTL1,-3.4354625
PSMD9,-3.5521944
SH3BGR,-3.7625496
CAAP1,-3.7344124
PNMT,-3.7937407
C1orf123,-3.6409914
ACOT1,-3.4966156
BOD1,-3.4835613
C5AR2,-3.6413844
SBK3,-3.6315129
ACKR2,-3.6373992
IMMP1L,-3.535734
ARL14EP,-3.50317
MAP3K7CL,-3.6518078
TXNL4A,-3.6713912
MRPL49,-3.6898887
IL36RN,-3.6471577
MDC1,-5.7574444
C1orf74,-3.6694412
FAM136A,-3.5431254
IER3,-3.7718618
C12orf49,-3.7168286
PSMG2,-3.5822954
RASA3,-5.769946
NKG7,-3.698815
TPM2,-4.956528
ABHD14B,-3.7587645
GSTM5,-3.6275008
PRPF6,-5.914409
METTL7B,-3.6683354
TFPI2,-3.4196837
CTRB1,-3.6594698
TEX261,-3.678304
C14orf180,-3.6285467
C1orf216,-3.5003762
RP11-248J23.6,-3.6203163
COMMD3,-3.3904414
PROK1,-2.4071152
SPATS1,-3.6271753
ISCA2,-1.5469148
SDC3,-3.1753407
AHSG,-3.6373456
WDR43,-4.7452197
GUSB,-1.8924532
ELOVL3,-3.386314
CFHR2,-3.6234107
GPR27,-3.6891904
PRDX5,-3.4404707
FAAP24,-2.34786
CFAP161,-3.661076
NDUFA4L2,-3.5324776
LYG2,-3.6601546
C12orf57,-3.2993152
RPAIN,-3.1916485
CDC34,-3.6431143
FAM43B,-3.67094
NPY,-3.7746034
ATP5MC2,-3.283967
KCNMB2,-3.5005288
RSPH14,-3.677847
HIST1H3E,-3.6627638
TBC1D2,-3.6085267
MEI4,-3.6218152
IZUMO2,-3.62524
REC114,-3.6320834
FAM166B,-3.637699
TREM2,-3.7702453
LY6E,-3.7187304
IGDCC4,-5.5102377
TSPYL6,-3.6303637
C19orf71,-3.6248055
RAMP2,-3.658575
SYPL1,-1.4679563
HIST3H2A,-3.6856883
VTCN1,-3.6235046
GFER,-3.7904916
CARMIL1,-5.8005548
IER5,-3.2779953
C6orf15,-3.62295
EAF2,-3.6565828
KPNA1,-4.564912
GIMAP2,-3.6581984
CLEC1A,-3.6606605
SHISA3,-3.3562453
GPR62,-3.6355274
P4HTM,-4.9098186
MC1R,-3.579185
NMS,-3.623429
DCTD,-3.6876886
KXD1,-3.7143633
ZDHHC22,-3.4877894
CRISP2,-3.5946088
FAM58A,-3.63172
HCAR3,-3.6414852
CLEC9A,-3.624926
FAM181A,-3.698905
FAM19A1,-3.6464841
PLA2G2F,-3.641878
TSGA13,1.5085034
HMGB3,-3.2495537
ABI2,-4.524597
C12orf65,-3.3583283
VENTX,-3.692392
LY6K,-1.5300033
SDCBP,-3.3522427
RNF125,-3.6526868
PDZD9,-3.638223
ARPIN,-3.7327392
HACD1,-3.7569156
ZFAND6,-3.3108377
HIST1H3D,-3.6508331
BLOC1S1,-3.592421
ELP6,-3.7351904
BCL7B,-3.6188197
MYL12B,-3.30176
KCTD21,-3.7477849
CNTNAP2,-6.8857594
APOC2,-3.63337
CDRT15L2,-3.6259584
ARL14,-2.4053943
ATP6V1G2,-3.5158098
PCNP,-3.3155255
CX3CR1,-3.6972253
ALDH3A1,-2.1083527
RTN4RL1,-3.5967143
GPR35,-3.5659878
PRAMEF14,-3.6264102
NABP1,-3.7222862
PRDX2,-3.7048223
LKAAEAR1,-3.7038245
ANKRD22,-3.5196812
PDGFRB,-4.5670457
ATG101,-3.586402
FUNDC2,-3.5623498
SLC10A1,-3.6600204
CDX4,-3.6452544
ATG12,-3.3491585
SH3BGRL3,-3.5745046
VGLL3,-3.623714
FAM84B,-3.6370442
IL34,-3.7828562
KCNJ2,-5.0361147
CITED2,-3.2738538
RBX1,-3.3327723
APOBEC4,-3.5400393
ERICH5,-3.658466
CNIH3,-3.7849915
BATF2,-3.6546261
MESDC2,-3.649085
NDUFA6,-3.4714916
C17orf64,-3.6395147
TNFRSF12A,-3.7297173
TMEM177,-3.7620525
UBE2F,-3.6062365
ENSA,-3.361612
TMEM121,-3.654454
RBBP9,-3.5286324
UQCRFS1,-2.199263
TIMM10B,-3.7145913
TEX36,-3.6338787
TXNDC2,-3.634361
HIST1H2AI,-0.32534122
NRXN3,16.47106
PDPN,-3.699734
NUDT16,-3.6348472
CEBPA,-3.7442417
MARCH3,-3.6417062
BCL2L1,-3.7264788
FPR2,-3.6444554
SPZ1,-3.6348584
C11orf86,-3.6314096
C1GALT1C1,-1.4507184
RABAC1,-3.5844703
MC2R,-3.6893616
GPX6,-3.632403
LAT2,-3.6573162
CCDC106,-3.7869294
P2RY14,-3.6399372
MGST2,-3.7511048
PTMA,-2.916345
MOAP1,-3.406871
TREX2,-3.648379
HIST4H4,-3.6681688
GPR32,-2.40478
COX6B1,-3.402088
METTL21C,-3.648715
NDUFB11,-3.5324159
SCRT2,-3.6698222
LY6G5C,-3.67527
CREBZF,-3.3383367
SP9,-3.642484
ZNF501,-3.5924468
TIRAP,-3.7356257
CLIC2,-3.697931
MRPL34,-3.7218065
SLC2A4RG,-3.5387487
PTGES3,-3.2714546
TMEM51,-3.8381255
TMBIM4,-3.606639
HIST1H4K,-3.7041633
RHOXF1,-3.6590576
APOLD1,-3.6397943
TMEM50A,-3.4839544
NUDT1,-3.7111466
PAQR4,-3.7050867
CD3G,-3.6757784
GPR78,-3.6528566
GCG,-3.6560874
MED19,-2.279599
C16orf95,-3.672235
ADCYAP1,-3.5975418
ZNF736,-3.3992789
OLAH,-3.6933923
SYCE2,-3.7130044
SPINDOC,-3.1471384
HIST1H2AG,-3.6847217
FAIM,-3.601366
CD40LG,-3.663932
TAAR1,-3.658456
TEX264,-3.7031898
NUDT19,-1.5975325
ZFP42,-3.7061782
LYG1,-3.7408907
MRPL11,-3.7284043
TBPL1,-3.4981177
NCR3LG1,-3.5301557
SLC39A1,-3.679891
INO80E,-3.653458
ADH1B,-3.6576414
CTNND1,-5.5378923
KCNK7,-3.6518064
YIPF6,-3.4583733
PRELID3A,-3.7898862
TMEM150B,-3.645714
SKP1,-3.1260936
RGS19,-3.7764084
CEBPB,-1.71945
TCTN2,-4.9019876
R3HDM4,-3.3589752
C8orf37,-3.7679813
TMA16,-3.603799
FAM151B,-3.7507267
ZNHIT1,-3.5624888
BRINP2,-3.736711
CRISP3,-3.6477416
NDUFS5,-3.2778585
MFAP3,-3.355605
C16orf87,-3.599273
FRAT2,-3.4575007
SLC25A29,-4.75653
PLA2G5,-3.690733
ARHGDIG,-3.7371225
APOBEC3C,-3.6737924
LUZP4,-3.638392
NFAM1,-3.626135
SOCS3,-3.6786387
TMEM186,-3.7584114
KCNMB1,-3.6823986
YPEL5,-3.246063
REG4,-3.643131
NAA20,-3.6063185
P2RY13,-3.7681873
ACRV1,-3.6784792
ACADM,-3.4011197
GKN2,-3.6622033
VSIR,-3.7296705
SH2D6,-3.711801
ZNF492,-3.506398
OCEL1,-3.7104988
CCDC12,-3.5924642
MOSMO,-3.3756955
EGR3,-3.6396408
CD200R1,-3.640006
TMEM11,-3.6163373
ALDH9A1,-4.9072213
TMEM176B,-3.5216284
LSM12,-3.6235096
NCF1,-3.6974118
CD86,-3.686939
PSMF1,-3.5101447
HSF2BP,-3.7063267
SLC4A1,-2.8386707
FOXD1,-3.5199022
IL2RA,-3.6610227
TGOLN2,-3.3620396
USP27X,-3.2182522
ACAP3,-4.8109713
LXN,-3.7167099
COMMD7,-3.6044197
CFL2,-3.5346723
PRAMEF17,-3.646778
CMBL,-3.8173778
GTSF1,-3.7090983
TMEM74,-3.721058
CD300C,-3.7057154
NAA11,-3.6623836
CD14,-3.7407959
FNDC5,-3.3177187
NUPL2,-3.6457605
TAF12,-3.6510189
UTP23,-3.4417272
CALHM4,-3.6486487
IZUMO4,-3.4946647
RBM3,-1.2227001
CYB5B,-3.5356276
HORMAD2,-3.6473083
RTP5,-3.647277
IFI27L1,-3.7091618
HINT1,-3.2500532
PACRGL,-3.7038898
CASTOR1,-3.737819
CD300LG,-3.6688528
CCDC68,-3.6513011
TBC1D26,-3.6602876
RAB31,-3.6078029
PFN4,-3.697679
PRELID2,-3.6635864
TTLL3,-4.990044
TMEM97,-3.4625003
PGAM4,-3.4667654
SH2D1A,-3.6832821
LRG1,-3.7158258
YPEL4,-3.6934433
CENPH,-3.8199499
FEV,-3.6914227
SLAMF7,-3.7116792
NMB,-3.7939196
CTRB2,-3.6861656
COMMD8,-2.5036163
COA6,-3.5459278
DNAJC12,-3.2905202
CYSLTR1,-3.7372594
CSH2,-3.7258496
AP1S2,-3.3300266
KIFC1,-4.873776
BRI3BP,-3.7317846
HOPX,-3.752261
HAUS1,-3.4663424
SLC5A2,-2.9775188
MED29,-3.6700044
YTHDC1,-5.6806374
LRRC29,-3.644723
KIR2DL1,-3.6565416
CARD19,-3.670628
CIAO2A,-3.635192
LRAT,-0.2849412
EXO5,-3.7483556
C4orf33,-3.509522
SCML1,-3.5094726
DNAJC22,-3.8058221
GDI1,-1.7242012
HNRNPCL1,-3.6472342
TPD52L2,-3.5177326
C1orf174,-3.5980678
CDKN2B,-3.7491248
CIPC,-3.5690923
CALML4,-3.7877665
C1QTNF12,-3.6591938
MXRA7,-3.4355683
ZNF75A,-3.5371933
RGS18,-3.6734128
LYZ,-3.863489
KLB,-5.7410407
LUM,-3.7138803
COMMD9,-3.621337
HIST1H3F,-2.4520721
CSKMT,-3.6488454
PRAMEF2,-3.6483464
CCDC28A,-3.4808574
UBE2C,-3.6806715
OTUB2,-3.7554464
BUD31,-3.3133457
LAMP2,-3.592656
TSC22D3,-3.5419
FAM3A,-3.7201757
WDYHV1,-3.6043606
CDO1,-3.3981225
SPDYE3,-3.6234508
LRRN4CL,-3.6738253
CCDC58,-2.3669653
MEDAG,-3.666195
VSIG4,-3.7607193
HIST1H3C,-3.6979105
RANBP10,-3.516771
ODAM,-1.540838
YEATS4,-3.6650856
TMEM240,-3.6572077
UBE2N,-3.393768
ZNF787,-3.68106
CCDC70,-3.6498175
TMEM106A,-3.738836
ID3,-3.751442
ZNRF2,-3.7696645
CGRRF1,-3.5352976
PSMB11,-3.6576726
DCUN1D2,-3.560378
RPP25L,-3.8530974
GTPBP8,-3.7631366
DAZAP2,-3.5470874
ZNF740,-3.278495
C4BPB,-3.6574085
MCUB,-3.8269703
FOPNL,-3.543704
TMEM229B,-3.7226684
PRRG4,-3.662927
RHD,-3.7028346
MC5R,-3.7078705
PEBP4,-3.6722093
CD247,-3.6674643
MMGT1,-3.4454064
LRRC52,-3.662517
TEX101,-3.834175
MRPL58,-3.635962
TAAR6,-3.662862
ATL3,-4.88594
OAZ2,-3.5107605
RAD51AP1,-3.5339723
MOSPD1,-3.6926007
CLEC4G,-3.6726928
TNFRSF6B,-3.636185
PRAMEF1,-3.5819235
ZNF626,-3.5584636
TAF1D,-3.3271036
TAAR5,-3.6897438
CTNNA2,-5.463458
OSTC,-3.6084652
EMC8,-3.7643144
LYVE1,-3.7101412
GRPEL1,-3.6280987
TMEM98,-3.6185787
NKAIN3,-3.8008766
ZNRF1,-3.196136
TEX33,-1.5503201
TMEM74B,-3.2431185
ZNF486,-3.7163453
PPP3R1,-3.2923145
LURAP1,-3.6803205
RPL34,-3.3143153
NDUFB4,-3.355752
MAGOHB,-3.7769392
TREML2,-3.633444
NRN1L,-3.6988587
ICAM2,-3.6230536
TMED5,-3.70754
PCED1B,-3.7223065
GCLM,-3.556028
FCGR1A,-3.7326732
SHISA2,-3.6906796
DAND5,-3.730065
HIST1H2AL,-3.692717
ADH1A,-3.6719294
TMEM196,-3.515213
SSMEM1,-3.6702166
LAMP3,-3.6790392
PSMC3IP,-3.6523626
RHBDL2,-3.7827225
MANSC1,-3.8319974
APOBEC3H,-3.664274
TMEM121B,-3.6844792
MTX2,-3.4078462
R3HDML,-3.6696324
HNRNPF,-3.1688905
FGF7,-3.6845772
UBE2A,-3.521794
RPL27A,-3.2865922
PARD6B,-2.2413676
GABARAPL2,-3.2971246
IBTK,-5.3869147
MTHFD1L,-5.929124
USP18,-3.7286515
FAM107A,-3.8497856
ZNF784,-3.698532
CIB4,-3.6795902
VSTM4,-3.5923278
LYRM1,-2.3425965
TM4SF5,-3.6807227
FCGR3A,-3.777568
NOP10,-3.3704886
EMD,-3.5528133
CENPBD1,-3.6363997
PRB3,-3.6578095
SHISAL1,-2.1689517
TSC22D4,-3.7785037
CEACAM6,-3.647374
MYADM,-3.341964
UBL3,-1.1478407
NGB,-3.728855
ZNF506,-1.277242
INCA1,-3.7065384
ORAI3,-2.5521026
PPCDC,-3.7351174
TRIM48,-3.6644976
TRIM71,-5.936696
FAM122B,-3.6688643
KLRC1,-3.6806116
RTP4,-3.6771972
ZNF138,-3.6648457
MMRN1,-5.0132484
CREG2,-3.5758967
CIB3,-3.6823251
SEC11C,-3.3523479
STX19,-3.673916
BTG1,-0.8534932
GPX3,-3.6329048
LGALS12,-3.6618917
C6orf163,-3.7340999
CCNI,0.35516787
C16orf46,-3.6330462
LYPLA1,-3.67175
GINM1,-3.7410204
PTGDR2,-3.7202508
KRTAP10-4,-3.6603632
TYRP1,-4.967697
RHOT2,-4.5882444
PSMB7,-3.3191288
RBM7,-3.4716432
ATF5,-3.5870907
FAM222A,3.28505
NTPCR,-3.8215177
VMO1,-3.7110536
ZNF146,-3.4294746
RTN4R,-3.7249784
METTL27,-3.7392743
SRP19,-3.4511313
SRA1,-3.6352258
CDIP1,-3.7037182
SLC39A3,-3.8424294
RABIF,-3.5999632
ARMC10,-3.5582883
SMURF1,-5.5484643
PGA5,-3.6788974
RP13-996F3.4,-3.6613507
YIPF4,-3.5903156
CD28,-3.696558
FAM187B,-1.5544562
RPL31,-3.3152783
MED20,-3.6796956
TMEM185B,-3.6887245
LRRC38,-3.6989274
ATP6V0C,-3.4439375
SELENOF,-3.4382043
LAMP5,-3.5612648
CCND1,-3.6027017
CLDN20,-3.6905446
EPO,-3.6769824
QPRT,-3.79192
GULP1,-3.768795
LRRC7,-5.3043513
COPS9,-3.541619
INSL3,-3.6697116
PLEKHJ1,-3.5998845
GPR55,-3.6774485
TBC1D21,-3.6735218
METTL24,-3.6796203
CLDN8,-3.7050087
NDFIP1,-3.32247
CINP,-3.705506
BNIP3L,-3.2043371
PEBP1,-3.1900125
GPR15,-3.6838603
INKA1,-3.7915545
SDHA,-3.597074
GABARAP,-3.263921
RHBDD2,-3.6565938
TLDC2,-3.6759524
CCNI2,-3.707086
XCR1,-1.574965
PDC,-3.689198
UBE2L6,-3.5868266
FADS6,-3.712605
SAMD1,-3.804087
NME4,-3.7129893
MTA3,-4.943128
HDDC3,-3.8567784
RAD9A,-3.7155447
METTL18,-3.7902513
PNMA1,-1.1611607
ALG1L,-3.7277298
SNAI2,-3.4836376
RAB9B,-3.3727522
CETN2,-3.4664078
EBI3,-3.7310982
POP5,-1.5993292
RPSA,-1.0562608
UQCRB,-1.0988839
HDHD3,-3.6423862
IQCF2,-3.6762257
METTL11B,-3.714804
EXOSC5,-3.6943023
MAGEA11,-3.667785
C19orf24,-3.66763
CALM2,-3.0329943
EFCAB11,-1.6921544
PPIF,-3.7967772
TOR4A,-3.7360957
CD3E,-3.657969
COL13A1,-6.0124855
GGH,-3.78046
CHIC1,-3.736984
METTL5,-3.7942696
MED18,-3.7513583
UBE2M,-3.7837753
C22orf15,-3.7478862
ZNF114,-3.7175152
CD70,-1.5750971
FAM110D,-3.6691017
ZADH2,-3.6160288
TMEM134,-3.6701486
HDGFL1,-3.6890562
CD38,-3.6733756
BCAP29,-3.8281112
NPDC1,-3.3616054
TPRG1,-3.713586
CCT8,-4.656295
CLDN25,-3.6984234
BSND,-3.685734
GINS3,-3.7841876
BCL2L10,-3.6829205
TRIM64B,-3.66993
NCR3,-3.5762057
STT3A,-6.1593127
PTN,-3.2509499
EYA3,-4.988552
PAK1,-2.638556
SNRPA1,-3.6197336
KIR2DL4,-3.671011
NPM1,-3.166268
KCTD11,-3.6588497
PIH1D2,-3.7136414
SIKE1,-3.5330696
HMBS,-5.047034
PNOC,-3.5948832
NANOS3,-3.813869
GAS1,-3.7283392
MAB21L4,-3.6579323
ZNF691,-3.7114043
RILPL2,-3.8275836
SP6,-3.7206323
HDGFL3,-3.1257184
CXXC4,-2.914249
PIH1D1,-3.7172933
TRIR,-3.512143
INS,-3.708931
PDE6D,-3.657146
CCDC92,-3.682815
TBATA,-3.6738482
KCTD14,-3.700052
PMVK,-3.7354202
U2SURP,1.9097171
ZNF684,-1.6353328
NRIP3,-3.6079428
KLK1,-3.6943657
WFDC3,-3.7273207
RFPL2,-3.728529
FAM84A,-3.6876895
VGLL4,-3.5253336
SYCE1L,-3.672853
MSRB2,-3.6500163
LRRC69,-3.6780095
C10orf88,-3.7076938
ATP5PO,-3.3237877
TSPAN19,-3.7253222
AIMP2,-3.70336
HESX1,-3.719805
MRAP,-3.6854565
APOO,-3.5906653
HRASLS5,-3.6775265
AMN1,-1.3815439
TMEM204,-3.7554402
ZCCHC12,-3.2582214
HIST1H4I,-3.7589657
C8orf86,-3.687878
FURIN,-6.131076
KATNBL1,-1.3495774
SPRYD4,-3.7679935
ODAPH,-3.7908158
ITM2B,-3.4962914
ADH7,-3.6775353
PSMA5,-3.6266189
RB1CC1,-4.9785647
MOB1A,-2.5634813
MRPL50,-3.6154165
TAF9B,-3.7441213
IRGC,-1.5736675
RPP25,-3.7924967
ZNF670,-3.8050945
TCEANC2,-3.7308118
CEACAM18,-3.6783614
NAT8L,-3.6603901
TRABD2B,-3.6813154
PPIL1,-3.621048
CLEC12B,-3.6787288
HIST1H4A,-3.7594075
ASB12,-3.718977
PTGDS,-3.8172119
LRRC2,-3.7634397
ORM2,-1.5684593
ZDHHC11,-3.6684413
GLTPD2,-2.4505608
SPAG7,-3.5885334
PLA2G12B,-3.6939383
CCDC74A,-1.6892676
NQO2,-3.7938802
CEP19,-3.6913185
RSPRY1,-4.7057447
AP3S2,-3.4632266
PGP,-3.4975104
YIPF7,-3.6989703
NUCKS1,-3.0959008
FXYD3,-3.6693904
NENF,-3.7849965
GOLGA7,-3.5885463
DIO1,-3.6906512
ORC6,-3.6312046
CXorf58,-3.6817644
FCRLA,-3.6960235
RAET1E,-3.6957424
NDUFS4,-3.3897817
RNF138,-3.4304855
MOB1B,-3.5305908
DCAKD,-2.443327
MGP,-3.7198803
RNF148,-3.6856463
DPPA2,-3.677412
VOPP1,-3.3219478
TMED6,-3.7066495
FAM104A,-3.6190844
MRM1,-3.7781844
LYPD3,-2.4986567
LYPD6B,-3.7219472
GRIK1,-5.888149
A3GALT2,-3.699958
DMRT1,-3.7025821
ISLR,-3.7496967
VAV3,-3.531936
DHRS2,-3.6910906
NAP1L2,-0.99195266
ZMAT4,-1.588485
MARCH2,-3.7003653
MRPS26,-3.6180806
CLBA1,-3.737528
NDUFA12,-3.4099355
ARV1,-3.736454
TTC16,-4.926627
TRIM13,-1.1546028
NDUFAF2,-3.601073
PBDC1,-3.4313564
TEX35,-3.6884663
NTMT1,-3.5605724
PRAMEF19,-3.6720052
PRSS58,-3.7088938
TBK1,-4.8409805
ZNF385C,-3.6563835
PTCRA,-3.708287
RPL10A,-3.4358354
HIST1H3G,-0.2501216
CBX3,0.22249317
ZGLP1,-3.7759306
TPSAB1,-3.7102182
NBPF1,-3.2984598
MRPS34,-3.732889
YY2,-3.7723706
TMEM270,-3.6845713
COX4I2,-3.7042139
C7orf61,-3.7342072
GAL3ST2,-3.6961985
PLSCR4,-3.599283
IFITM10,-3.8051946
CMA1,-3.7106924
AUNIP,-3.8121443
PSME2,-3.6700027
GGT6,-3.6867454
KIF2A,-4.5753803
FIS1,-3.5082433
PPIB,-3.3742673
MIXL1,-3.7334647
GMNC,-3.7299876
UBE2R2,-1.1000597
GATSL1,-3.7124848
DHFR,-3.75863
FBXL8,-3.6865392
MRPL17,-3.7533264
IL12B,-3.6947746
DNAJB9,-3.524931
WBP2,-3.7659657
HSCB,-3.8074706
PRKCI,-4.5321813
TMEM223,-3.7887597
TTC9B,-3.589886
PHLPP2,-5.487436
FIGLA,-1.6264739
URM1,-3.7755566
NACC2,-3.5957909
SAPCD1,-3.469122
FKBP3,-3.439243
SULT1C3,-3.701715
CABP5,-3.726348
ASGR2,-3.7001548
CALHM5,-3.545846
SDC1,-3.797074
CCR4,-3.717251
APOBEC1,-3.6952527
HACD2,-3.755985
CHI3L2,-3.6974993
TCP10,-3.7040105
TMEM40,-3.6677425
TM4SF4,-3.705063
TMEM208,-3.584592
PID1,-3.478247
TMEM150C,-3.629529
NUDT21,-1.1129701
TMEM164,-3.8510714
RNF4,-3.5668778
TIMM29,-3.608193
HTATIP2,-3.7630386
TMIE,-3.7999043
YPEL1,-3.363689
CDCA4,-3.7667494
SPRYD7,-3.5616882
RPL26L1,-3.6664162
DMP1,-3.6648314
C9orf66,-3.6911945
CHAD,-3.791734
LAPTM4A,-3.4364634
CNEP1R1,-3.6455169
TWISTNB,-3.5969296
HIST1H2AB,-3.7531505
CMSS1,-3.7056532
SNRPN,-3.6133034
SLC9A1,-4.9815683
ZNF358,-2.1460903
SLC10A3,-3.7716064
AS3MT,-3.6650457
AKIRIN1,-3.4218154
TRAPPC2,-3.4453278
TMEM95,-3.7002418
PLSCR2,-3.6961777
SOX10,-4.8978887
ADAT2,-3.7385678
TEX26,-3.8166409
PMEPA1,-1.2920542
FHIT,-3.9544044
GNPDA2,-3.584114
CTAGE9,-3.574553
TMEM138,-3.7383478
TMEM88,-3.7703621
AREG,-3.708459
NUDT16L1,-3.73862
BCL10,-3.592667
PRG3,-3.6954315
CPLANE2,-3.7683368
YLPM1,8.313548
SARNP,-3.4191914
BPIFB2,-1.5937421
TSPAN6,-3.6387453
RARRES1,-3.6896002
ESAM,-3.6972501
SSU72,-3.7108438
PRR3,-3.3478131
KCTD4,-3.5685618
RTL4,-3.6959279
TPBG,-3.6104739
RPS15,-3.5642486
METRN,-3.7956104
MSTO1,-3.807841
MRPL10,-3.849822
SNX10,-2.2490945
MED31,-3.5891929
AKR7A3,-3.71982
EEF2KMT,-3.7866197
CTD-2267D19.3,-3.695157
SIAH2,-3.7941396
ACER1,-3.715218
RABL2A,-3.435667
CD3EAP,-3.73863
F2RL2,-3.736197
CD3D,-3.7077303
SCN4B,-3.7895162
CASP14,-1.5907898
ERMN,-3.6671183
SLC35A4,-3.764554
CKMT1B,-3.6870658
BEND6,-3.8255787
FRAT1,-3.7327533
CEACAM21,-3.7680874
CENPA,-3.786035
PRG2,-3.7706764
TAS2R41,-3.6974158
FAM204A,-3.4358258
SYCP3,-3.7568264
MRPL13,-3.5736506
P2RY12,-3.84828
PPP1R42,-3.7595441
MICB,-3.7396677
SNRPD3,-3.4950726
SPIN4,-3.4694855
USP50,-3.7136657
MFAP2,-3.6474178
OXT,-3.7904613
CEACAM3,-3.6966348
ANKRD61,-1.6036241
LHFPL1,-2.5075893
CLSTN2,-4.9357133
MAS1,-3.7128406
FAM110C,-3.7930162
PEX19,-3.7613316
IGFBP7,-3.47272
C11orf65,-3.7425427
BABAM1,-3.67265
KLF3,-3.6375508
GZMH,-3.7528348
TEF,-3.8371842
ZNF121,-3.7144346
GNAQ,0.43224
TRIM44,-3.5155723
DCTPP1,-3.7742555
MCEMP1,-3.686121
TIGD6,-3.7433562
GPALPP1,-3.8197713
CREBL2,-3.5923023
EIF3J,-1.4573371
CPSF2,-4.9096613
LIN7C,-3.1987443
UTS2,-3.6955621
MRPL1,-3.6467223
FCGRT,-3.8062422
RTL10,-3.5451438
CHD1L,-5.8129816
C1orf159,-3.737506
STXBP6,-3.6056728
AKR1B10,-3.7322726
DPRX,-3.7047937
DMRTB1,-2.4658792
ANKRD49,-3.729441
GDNF,-3.8788812
STARD3NL,-3.4791489
NAP1L3,-3.026831
LAPTM4B,-3.519692
ZFP36,-3.770476
MRPS18A,-2.5128675
AWAT2,-3.7107704
NPC2,-3.8352003
CTDNEP1,-3.5283995
TMED4,-3.6952674
KRT85,-4.992259
RGN,-3.8389916
NRBF2,-3.5155706
DESI1,-2.4409292
SOCS1,-3.8101206
SLAMF9,-3.7039888
SAP18,-3.4516187
TMED10,-3.456524
MAP1LC3B,-3.4528868
SLC10A6,-3.718193
EEF1AKMT3,-1.6932003
CD164,-3.572627
ZDHHC19,-3.7043574
SPSB2,-3.7496333
AKT1S1,-3.835246
ZNF80,-3.7274208
SPIN1,-3.2873557
RBPMS,-3.783029
BCAP31,-3.576083
GOLGA7B,-1.5151868
PRB1,-3.7072985
CXCR6,-3.7288241
ARGFX,-3.760796
DBH,-4.964577
PON2,-3.6811018
CYB561D1,-3.768847
DUSP18,-3.5365615
COX4I1,-3.2763188
TRPV2,-5.982332
TMEM47,-3.5359082
PAQR9,-3.7407124
MCIDAS,-3.7054954
GSTO2,-3.6793642
TMEM106B,-3.5721436
ZNRF4,-3.7023625
NMRK2,-3.715434
IZUMO3,-3.7071147
DUSP22,-3.8138123
PILRB,-2.9015746
DCTN3,-3.6066663
PIGX,-3.6914122
CCDC134,-3.7293363
TPGS2,-3.469589
C12orf29,-3.747001
RPS9,-3.547134
ADM2,-3.7538855
SPATA4,-1.6893673
ZNF785,-3.6885188
PPP1R35,-3.824592
TNFRSF9,-3.7414453
SNX16,-3.5828907
SYNGR3,-3.5564952
HIST1H3I,-3.7406666
C11orf1,-3.845253
NIPSNAP3B,-3.6940956
CCNG1,-3.5239353
UBE2I,-3.6257398
RAP1B,-3.5428827
LIMA1,-3.530142
SPC24,-3.7588909
AGTR2,-3.7334714
KIAA0355,-4.6716356
CAVIN4,-3.6152153
TMEM178B,-0.95539546
EPPIN,-3.7257967
YEATS2,-5.472816
TESC,-3.6928089
CBLN4,-3.736982
NUBP2,-3.6570888
CALML3,-3.767286
PTPN4,-4.194894
BTG3,-3.5776002
H1FNT,-3.7116923
CHCHD6,-3.7202559
RPP21,-3.8250148
TENT5D,-3.7386317
HCAR1,-3.7718177
GPR20,-3.7563672
MNDA,-1.6752539
SUSD6,-3.6100767
PLAGL1,-3.818578
FKBP2,-3.6623795
HIST1H3J,-3.754708
XPO4,-5.6572804
ZCCHC13,-3.722915
PFN1,-3.6930273
TRIM31,-3.7117155
ZNF679,-3.7095509
KCNK18,-3.7217095
LBHD1,-3.7253094
SNAP23,-3.7136595
CHURC1,-3.7309968
HRASLS,-3.7263286
UBE2E1,-3.443942
DBP,-3.72909
MYL9,-3.687181
FGF23,-3.7253432
PFN3,-2.6003773
TLCD2,-3.896634
FGF1,-3.773117
PLEKHB1,-3.8282344
SPTBN1,-0.7955322
BCL2L14,-3.7275195
OSTF1,-1.6548853
GRAMD1B,-4.8267946
CD1A,-3.7146573
PGRMC1,-0.14165688
MSANTD3,-3.4088278
FAM110A,-3.693169
FGF20,-3.774425
PRR16,-3.746332
ISOC2,-3.8035955
SPATA19,-3.711728
PPIP5K1,-3.624584
OMG,-3.7232337
CCDC59,-3.556581
OAZ3,-3.7994041
HMGB4,-3.7271621
SIVA1,-3.7353215
DRICH1,-3.7192729
LHPP,-3.8247771
SPATA32,-3.7170272
GSTK1,-3.701378
SINHCAF,-3.4567056
MTERF2,-3.8783238
GSTM2,-3.891464
DNAI1,-4.9295993
LRRC75B,2.7572546
ATP6V0E2,-1.4559472
CLDN2,-1.6387863
HIST1H2AM,-2.5271256
FTMT,-0.27026272
SLC31A1,-2.441556
TAF13,-3.7482266
GPR65,-3.7789602
MTG1,-3.8366501
CEACAM8,-3.816768
SPEF1,-1.6639788
MICA,-3.7970695
CAPS,-3.864484
RPS7,-3.4249566
GOLGA6L6,-3.7177746
MYL10,-3.7766273
PON3,-3.7241452
CCDC166,-3.7145998
TRAPPC1,-3.8077054
MRPL51,-3.6355321
IL32,-3.7892637
UBAP1L,-3.6979175
RGS17,-3.4705617
TMC3,-5.805834
SPEM1,-1.6094351
MRPS2,-3.6803823
TRAPPC3,-3.624953
SKA3,-3.7654388
NUTM2F,-3.692474
RPL28,-3.6051552
PAPOLA,3.1483946
TNNC2,-3.8018587
ZNF708,-3.465084
TGIF2,-3.636058
PAX9,-5.0685663
RABL2B,-3.8761868
TMEM150A,-3.877425
BCL7C,-3.8721616
ZNF141,-3.7884934
ANKRD7,-3.7204225
MCUR1,-1.5878596
RPL23A,-3.4504354
CPSF4L,-3.722195
NAT16,-3.7530847
STMN3,-3.4803102
FAM162B,-3.6747146
ZNF90,-3.79333
CCDC153,-3.7735834
PRSS45,-3.7529552
MRGPRF,-3.7473464
PSENEN,-1.5488603
ANAPC10,-3.7624342
LYPD6,-3.7208867
CCDC32,-3.5895321
ZNF558,-3.6627128
RPL9,-3.3532264
RAB18,-3.4025695
NXPH3,-3.7214744
RXFP4,-3.7342694
CIB2,-3.7005734
TYW3,-3.7617116
TMEM182,-3.8126507
FASLG,-3.745716
MC4R,-3.7709908
ELP5,-3.4566188
IFI35,-3.8137603
NEURL2,-3.7904482
NCOA1,-5.2128086
MED30,-3.772135
FRMPD4,-4.902394
SCHIP1,-3.3983989
NOXRED1,-3.7414913
EMB,-3.5785668
GZMM,-2.5119767
C19orf66,-3.7222776
UBE2D2,-3.5669103
CXCR1,-3.7479103
CAPNS2,-3.7420552
NUDT5,-3.6599867
DTX3,-3.5031068
SUPT4H1,-3.715218
STX11,-3.803229
AL354898.1,-3.7466266
ZBTB11,-5.327369
SUMO3,-3.592741
TWSG1,-3.6765769
LGALSL,-3.769598
EDN1,-3.6610177
RSL24D1,-3.4675465
SLC10A4,-3.2075233
CTDSP2,-3.669136
HUS1,-3.64075
GP1BB,-1.970614
KCNC1,-2.270907
HMGB2,-3.5386431
PGLYRP4,-3.722601
TPD52,-3.7216532
ZNF593,-3.7751367
RBM18,-3.503365
SCN8A,-7.9425898
CLK3,-4.9789486
HIST1H4D,-3.8138165
C9orf47,-3.7425973
EGR2,-3.7902508
RPP40,-3.811955
NTNG1,-4.5914288
DBI,-3.5107348
TINAG,-4.996383
PROS1,-5.163653
LIN28B,-3.526825
ATP6V0B,-3.3706462
TMED8,-3.6772602
PEG10,-1.0498292
TMEM185A,-3.8446765
INSM1,-1.9869833
SOCS2,-3.6495647
C8G,-3.7327797
MCRIP1,-3.603365
TCP10L2,-3.665912
DPCD,-3.7451026
VSTM2B,-3.7663019
ALKBH2,-3.795038
SYS1,-3.795449
PRR4,-3.6290715
TCEANC,-3.7727559
HSD11B1,-3.7361364
LMO4,-1.9912848
RHBDD3,-3.8255773
CHD1,-6.022566
GPR132,-3.8102672
CDC42EP1,-3.835533
PLA2G12A,-3.7010877
ANKRD60,-0.5104413
EEF1B2,-1.3053024
CCDC169,-3.7244322
ADO,-3.6622717
LRRC3C,-3.7468314
TRUB2,-3.7403204
TMEM255B,-3.786219
ARL6IP1,-3.194998
DPT,-1.6284826
LRMDA,-3.803841
HIST2H2AB,-3.7882311
ODF3L1,-3.7755625
MPZL1,-3.6123915
TNF,-3.8800535
TTR,-3.6530833
GLRA1,-5.038764
CFH,-4.5128355
ZNF707,-3.816708
H2AFZ,1.6729145
POLR2G,-3.6402993
TSPO,-3.826049
ZSCAN4,-3.7417262
DUSP3,-3.5110223
TRIM77,-3.7270877
ORAI2,-3.4568274
ATP4B,-3.740984
CCDC3,-3.226917
RHNO1,-3.5808885
FUT5,-3.7238896
STEAP1B,-3.7777734
HIST2H2AC,-3.7920454
CHP2,-3.8132658
SNX24,-3.6440346
TMEM163,-3.7193673
NKAIN2,-3.371046
TRIM40,-1.6238406
LACTBL1,-3.7279654
RFESD,-3.762026
SFTPA2,-3.7521265
NPY5R,-3.775097
USB1,-3.6927538
MYCT1,-3.7672744
SLAMF6,-3.7659967
EDARADD,-3.883826
DDX11,-5.9526
IAH1,-3.6768985
RNF115,-3.7448077
SUSD2,-5.012494
PPP1R3B,-3.8662488
NXPH2,-3.6811073
THYN1,-3.6489692
WFDC8,-3.7488787
YPEL2,-3.6913903
EAPP,1.5833378
C1QBP,-3.700346
C3orf33,-3.8137786
DCUN1D5,-3.481011
TMEM38B,-3.77125
PHETA2,-3.8007128
CBLN2,-3.4315896
GABRD,-3.8446908
NEIL2,-3.8267045
FBXO38,-5.529668
LYAR,-3.7408555
PDGFA,-3.7639146
NAA38,-3.664135
JOSD1,-3.629957
IGFBP1,-3.7477322
MYPOP,-3.8092542
TMEM268,-3.5583498
PHYHIPL,-3.1661408
KDELR3,-3.7681773
FETUB,-3.7361612
RSU1,-3.6144652
FAM221A,-3.6917446
EMP2,-3.8368917
RPS19,-3.4575596
IL1R2,-3.7524767
ATP1A1,-3.9678183
FNDC4,-3.8019447
ITLN2,-1.5711372
FAM124B,-3.8169656
TBX1,-5.085419
P2RY10,-3.7573526
ZNF32,-3.6359007
CLEC18B,-3.7350562
KLRK1,-3.7415173
NMRAL1,-3.8227148
MAMSTR,-3.9038756
MIA,-3.7865963
PSMB3,-3.6307092
MREG,-3.7511616
NME1,-3.529093
GPR119,-3.7452233
PCDHGA5,-3.7966356
YIPF5,-3.436756
C9orf78,-3.4909737
APOF,-3.6370082
TMEM267,-3.8518972
NCALD,-3.674817
SIRPG,-3.732469
LITAF,-2.5603936
ASGR1,-3.6185143
PIK3CG,-6.019706
EMC7,-3.7165813
ZNF682,-3.7181566
C1QB,-3.896281
DNPH1,-3.917574
PSME3,-3.830459
DAZL,-3.7374468
RHEBL1,-3.7387397
SAXO2,-3.8822134
SLC22A31,-3.740725
YAF2,-3.4461105
GLO1,-3.5986152
DFFA,-3.78052
AMIGO1,-3.7280476
TCN1,-3.7366407
CETN3,-3.5877397
TMEM130,-3.5425544
KLK3,-3.7509246
DUSP28,-3.9105
AC010336.1,-3.7636378
NCR2,-3.735409
POP4,-3.8486712
CCDC34,-3.7432227
HES2,-3.8599732
RIC1,-6.428672
PEAK3,-3.8364344
BEAN1,-3.843681
NFU1,-3.778805
LUZP2,-3.4533935
PAQR5,-3.7443755
EML5,-4.6961665
TNFRSF14,-3.8603973
ADAT3,-3.8176947
APIP,-3.7099192
ANP32B,-3.630234
RABL3,-3.6739519
DCTN6,-3.5480406
ABCA6,-6.3540664
SPINT2,-3.4441352
SERPINA7,-3.7764778
NXPH4,-3.8928416
ATP6AP1L,-3.7772672
IDNK,-3.7682412
KRTAP16-1,-3.7368183
PTP4A1,-3.4703166
PLSCR5,-3.7601347
GJB7,-3.7867029
PVRIG,-3.7579498
TMEM45B,-3.9067583
ZAR1L,-3.7421033
TPSD1,-3.7631488
CAPZA3,-3.7476294
PDCL,-3.530235
ZBTB8OS,-3.7541277
NDUFB10,-3.6994717
FNDC11,-3.832356
PRR23C,-3.7635272
MRPS11,-3.8106282
FAM92B,-3.778948
ARF4,-3.4987762
CD84,-3.8172917
SIRPB1,-3.745301
ZIM3,-3.7266166
CDCA3,-1.5965252
CLCF1,-3.7817025
CCR8,-3.7584884
BAK1,-3.8450468
MSRB3,-3.816088
SSTR4,-3.7624257
C22orf31,-3.7164965
ZNF658,-3.6214926
ACTR3C,-3.796833
FAM3B,-3.7451675
FOXR2,-3.7552145
JUNB,-3.6701438
FAM118A,-3.6905339
CLDN12,-3.6321063
SOD1,-3.41305
FFAR2,-3.7570815
MOB2,-3.800727
THAP8,-3.8542717
KCTD6,-3.6744444
BCL7A,-2.1280217
PROCA1,-3.8190994
CASP6,-3.9143903
IQCD,-3.8571894
COPZ2,-3.8017545
CALHM6,-3.7724988
MARC2,-3.75283
UPK3A,-3.7730954
NAT10,-4.538995
PRR25,-3.7403886
CHIC2,-3.6669755
SP8,-3.8022573
RPL35A,-3.3367817
GPR85,-3.4602182
GCAT,-5.2116365
MRTO4,-3.723336
PRXL2A,-3.555722
METTL21A,-3.789063
LTC4S,-3.9143894
MRPL55,-3.7646685
RALY,-3.6967933
AMELX,-3.7949185
NPTXR,-3.5408492
TMEM173,-3.7534993
SNAPC2,-3.8447547
PCGF6,-3.7908437
ARID2,-5.9961066
ACKR3,-3.513596
DNAJC30,-3.787097
TIPIN,-3.7614856
BIRC7,-3.778799
CLDN24,-3.7774591
CTDSPL,-3.6068296
METRNL,-3.9056633
ST8SIA6,-3.7748618
LIG3,-5.7931976
NMU,-3.8234231
PKN1,-5.1539984
MARS,-5.879696
TMED3,-1.6360605
ABHD14A,-3.7871268
ORAI1,-3.9163017
VPS29,-3.5033777
FAM3D,-1.644695
RAX2,-3.8138673
INO80B,-3.712313
MAGIX,-3.873985
TRIM51,-3.6372957
FCAR,-3.9026356
SLC50A1,-3.738199
CEP44,-3.570212
PROCR,-2.616735
UBXN10,-3.7877076
DNAJC5B,-3.8068137
HPCA,-3.9453895
LRRC57,-3.8184423
UBE2G2,-3.5076165
BHLHA15,-3.8047185
FIZ1,-3.8548148
GIMAP6,-3.8065772
NUTM2G,-3.7160861
UGT2B17,-3.7513862
SNRNP25,-3.8198192
EFCAB1,-3.8465438
ZNF280B,-3.5104709
SPERT,-3.7496803
NSL1,-3.7012978
SLC39A2,-1.6493297
UBXN2B,-3.4790645
C6orf62,-3.3443358
LRRC55,-3.5669074
SYF2,-3.529772
GMFG,-3.8401175
HIST1H4C,-3.8156278
ACP1,-3.5466876
GMPS,-5.1257477
MOCS2,-3.7909877
PPP1R2,-3.7172344
MRPL48,-3.6485121
GPER1,-2.3581498
CEACAM4,-3.7672532
HES4,-0.36487293
ZDHHC4,-3.8514466
DCXR,-3.7890286
DUSP14,-3.8322551
CLDN22,-2.5379353
AKR7A2,-2.5957804
RPL35,-3.3714492
MRO,-3.7947245
AQP11,-3.693261
ABCA3,-7.6334825
CLIC4,-3.5442781
CDKN3,-3.8920293
FBXO39,-3.7409995
TMED1,-3.794337
SLC22A23,-3.5692008
MRPS7,-3.6536777
NAT1,-3.7972388
RAD18,-3.8642435
PPP1R8,-2.4241064
ISX,-3.7784853
POLR3H,-3.9089897
FGF21,-3.776205
FBXO2,-1.6622846
ING4,-3.4864047
PROKR1,-3.7880583
RPS23,-3.2694385
HSPB3,-3.813068
ABCB8,-6.2598486
HIST1H4H,-3.8096313
CHRNB4,-3.8647058
FAM173A,-3.760382
AP4S1,-3.809473
SET,-3.168397
FAM185A,-3.6606023
SLA2,-3.8229244
ZNHIT2,-3.8810067
SLFNL1,-3.764849
USP41,-3.7522964
FERD3L,-3.7952476
IFT46,-3.8415282
GFRAL,-3.778567
OXGR1,-3.7888565
TOMM20,-3.3204432
GPRIN2,-3.7909706
RNF141,-3.5356774
CNTNAP1,-2.615357
SRRD,-3.9196076
CNPY3,-3.7535458
GSTM3,-3.6292055
KLF15,-3.8680038
PSMB1,-3.4933362
KLF2,-3.818344
LGALS9,-3.8524842
RPS27A,-3.3057947
CCDC42,-3.7634013
HSPB8,-3.853285
TCEAL4,-3.3515787
ANKRD39,-3.6879344
MGMT,-3.903629
RGS7BP,-3.7803144
FAM199X,-3.589527
EIF3D,-4.915326
TTC33,-1.3541231
PIGC,-3.7060888
CDKN1B,-3.4341738
FAM78B,-3.832048
LRRC59,-3.8058953
ANAPC11,-3.5652244
ZNF479,-3.76156
RHEB,-3.6075075
NIP7,-3.8206272
PSME1,-3.7735386
SPATA13,-5.6112533
TMEM9B,-3.679554
FAM110B,-3.4313076
HIST1H2AC,-3.8271518
LRRC25,-3.869576
ZNF575,-3.7832913
BTBD8,-3.7757509
ATP6V1E1,-3.6067326
PRSS48,-3.7778554
FAM47B,-3.7553866
TCAP,-3.87775
CCR3,-2.5356197
CPN2,-3.7696667
TMEM71,-3.7925456
NAA60,-4.70343
CD2BP2,-3.7085726
ALDH3B1,-1.732553
CIDEA,-3.8113074
DLGAP1,-3.70292
VPS37D,-3.6140711
C4orf47,-2.5065393
ZNF727,-3.7301302
TIMD4,-3.766187
HORMAD1,-3.770429
NMBR,-3.792742
C16orf89,-3.7486656
EPHB6,-5.8029027
GP5,-3.7423792
GNE,-6.1755533
PNMA5,-3.7469883
AMBN,-3.680685
ZNF716,-3.7255223
NOL3,-3.803135
SNCB,-3.905204
DNAJC17,-3.7332876
ALKBH7,-3.7473886
AFF4,-5.4303284
OTULINL,-3.8380837
PNMA2,-3.2795343
WDR53,-3.7335434
CD300A,-3.7889318
EXOSC8,-3.7671118
TRIM16L,-3.7624333
NIPSNAP3A,-3.5695634
ERICH1,-3.72387
C2orf68,-3.7240396
PTAFR,-3.8226647
GDPGP1,-3.7386975
FAM131C,-3.852409
SFTPA1,-3.8059237
ATRAID,-3.7966144
STMND1,-3.7637343
C11orf42,-3.758831
NAA10,-3.822887
TNFAIP6,-3.841002
HPS5,-2.8140306
PTS,-3.6336334
PTCD2,-3.8806603
TNFSF13B,-3.839864
YKT6,-3.7717502
SKA1,-3.9386106
PHYHIP,-3.8426895
CLEC4C,-3.7548168
SEMA4G,-5.026735
SYNDIG1L,-3.739731
HENMT1,-3.670526
IL10RB,-3.7852952
ZNF93,-1.7502203
TRPC4,-5.063074
ZNF557,-3.5129097
ZNF367,-3.5899706
CLNS1A,-3.6687105
LHFPL2,-3.9775133
ZFYVE21,-3.6942098
AAR2,-3.6775577
MC3R,-3.8182302
NABP2,-3.7965252
EDA2R,-3.8063
NAT9,-3.6176004
MXD1,-1.321564
DEDD2,-3.6501052
GPR183,-3.8999202
SPRY4,-3.759754
CYB561D2,-3.6229825
HIST1H4B,-3.8235936
ECM1,-5.1186132
MRPL16,-3.7197306
GP1BA,-3.8197145
RGS8,-1.6423442
C11orf16,-3.7639468
ZCCHC17,-3.5586624
XKR9,-2.6725316
MYBPC1,-5.990275
FOXJ3,-4.843444
MSH6,-5.401725
PALM,-3.6531222
RBM24,-3.9035034
ATOH7,-2.6257477
MAD2L1,-3.824082
SRPRB,-3.7651472
GDF5OS,-3.7791705
ZNF562,-3.4851375
CAVIN1,-3.8211007
AMY2A,-3.4052336
ZNF474,-3.848927
UBE2E3,-3.6100059
PABPC4L,-3.8363748
EMG1,-3.8092191
KCNIP4,-3.6508906
CABP7,-3.8506515
ARL3,-3.5566094
OPN1LW,-3.796381
NME3,-3.8532412
TFPT,-3.9121926
MAF1,-3.8925776
EFL1,-6.3997774
RAB10,-3.4539206
C2orf70,-3.7657058
KLHL28,-3.471506
MRPL9,-3.7069192
FUT3,-3.7503798
PRAMEF12,-3.7692885
NFATC2IP,-3.3960967
ATF3,-3.6062784
SHKBP1,-5.1949344
GINS2,-3.9468374
C6orf141,-3.799623
COQ3,-3.77457
CDC37L1,-3.7842147
RNASET2,-3.879398
FKBP7,-3.6244833
MRPL40,-3.7864354
TMEM222,-3.862402
KNOP1,-1.4888182
NDFIP2,-3.5862513
HPCAL4,-3.6902597
MRM2,-3.777682
JAGN1,-3.8570545
ARHGAP5,7.4019294
NQO1,-3.872747
CALHM1,-2.5567813
KIAA1257,-3.7737832
IL17REL,-3.750391
LHFPL6,-3.622158
PAK6,-3.0146096
ITPRIPL2,-3.8384547
EID3,-3.6085417
PRKAB2,-3.2204533
ZC2HC1B,-3.7724574
KLF9,-3.791747
COPZ1,-3.695749
FAM206A,-3.7895951
PHF11,-3.9029884
RAD1,-3.7086334
VDR,-5.1413655
PLCXD3,-3.3043222
MRPL28,-2.5958078
ARNT,-4.983388
NDP,-3.6823554
USP19,-5.703632
PRR35,-3.7729168
MTIF3,-3.6778526
RPL26,1.6998644
ELK1,-3.7596304
ZNF764,-3.748077
EGFR,-7.2315006
YDJC,-3.8509295
SPATA31A1,-3.7671008
GUCA1B,-3.855304
MOB3A,-3.901491
OARD1,-3.8681078
ROGDI,-3.770726
PGLS,-3.8298824
PEX11G,-3.8423686
RAB5IF,-3.8006246
SLC25A10,-2.2981987
HINT2,-3.875515
HTR6,-3.8053112
PLSCR1,-3.8913865
SPESP1,-3.8382447
LENG9,-3.658157
NRIP2,-3.8320448
MAIP1,-3.8571615
SLC9C1,-5.07263
KLF10,-3.2238085
EXOSC6,-3.8359795
MRPL35,-3.7220597
HAUS7,-3.8322775
ZCRB1,-3.59288
ODF3L2,-2.556952
STYXL1,-3.9000726
TRAK1,-0.012055874
ATP5IF1,-3.5378957
TRIML2,-3.7946782
HS1BP3,-3.8113449
ZNF763,-3.819597
SYPL2,-3.754855
CXCR2,-2.4768069
MRPS24,-3.3946292
RPL14,-3.5789826
PI15,-1.6775904
SPATA48,-3.7747595
HAX1,-3.702703
RGL4,-3.7552276
BLVRB,-3.8651702
ZNF660,-3.6589932
RAB21,-3.54635
TMEM202,-3.7715843
UBE2G1,-2.4240985
MFAP5,-2.5635667
FAM71F1,-3.6884017
PSMA6,-3.4511743
NEUROG1,-3.9449186
SWI5,-3.933619
C21orf91,-3.3943527
BORCS5,-3.8540192
CSNK1A1L,-3.7132795
CD79B,-3.8133852
TACO1,-3.904058
FAM168A,-3.3116398
ZNF280A,-3.719108
FAM219A,-3.5882175
RBM8A,-3.4107373
NRSN1,-3.380748
RAB20,-3.898524
LRRC46,-3.8141184
AGAP2-AS1,-3.8149025
PENK,-3.654281
LPAR3,-3.8276405
EFNA1,-3.9223347
MTERF3,-2.6455586
COQ7,-3.7736745
LHX1,-3.907224
SLC7A6OS,-3.783824
FITM2,-3.8123174
IFT27,-3.8673608
MEPE,-3.778152
DNM1L,-5.6418877
MDFIC,-2.6700037
BGN,-3.642078
ELSPBP1,-3.7832658
ZCCHC9,-3.794452
CTSA,-2.307582
DGAT1,-5.159479
DRAM2,-3.8582728
PRIM2,-3.8294945
RAB40AL,-3.8045726
AADAC,-3.7865036
CNBP,-2.1960835
VAPA,-3.3114216
SIGLEC9,-3.7716994
PPA1,-3.5718071
WDR5B,-3.9549313
FITM1,-2.5462945
TMEM41A,-3.7898264
HLF,-3.8081682
ANO7,-5.9457145
PBK,-3.7383544
MOB3B,-3.738466
SYNPO2,-4.934376
NXPH1,-3.4644017
PHF13,-3.6885605
TRIM49B,-3.7777936
TPSG1,-2.5655384
CLEC10A,-3.7781818
C1orf50,-3.6318815
SAR1A,-3.6265235
TMEM205,-3.8539917
ZDHHC21,-3.4244976
SLC9A3R1,-3.8104541
DKK4,-3.7894297
UBE2B,-3.4004462
ANKRD34C,-3.7867053
CCDC25,-3.5639567
CACNA1I,-8.673771
IGFBP5,-3.7195256
ISCU,-3.7447362
EMP1,-3.7810416
PPARD,-5.2275653
C1orf35,-3.757974
SLC52A1,-3.831282
POTEC,-3.7800663
SGF29,-3.9349124
GPR3,-3.8753366
UBA52,-1.362504
CENPL,-3.8772924
GAB4,-3.7873025
IMPDH2,-2.1711578
BOLL,-3.8074281
CCNG2,-3.4199176
BDH2,-4.0141654
CLSTN3,-4.6813445
ZFP36L1,-3.57842
KIFAP3,12.066046
PI16,-3.8019955
NDUFA8,-3.7622983
CXCR3,-3.8085163
NGF,-3.866108
RPL7A,-3.408268
MTX3,-3.627452
SCAMP5,-3.5334294
ZNF730,-3.910034
LDLRAP1,-2.5981746
YOD1,-3.430441
CHMP4A,-3.8911266
SFPQ,-4.588463
CD244,-3.7838767
ZNF83,-3.5105531
RIC3,-3.5065217
CBX6,-3.6707635
LILRB4,-3.8076563
GIF,-3.7887697
ACER3,-3.7137282
TRAPPC3L,-3.7994936
ARL6,-3.7262309
PSMG1,-3.8082848
PLEKHF2,-3.826744
KLK7,-3.848939
CCNC,-3.7483697
ZSCAN16,-3.73753
CBR3,-3.922994
ZNF92,-3.647134
ZNF597,-3.8726368
CCDC90B,-3.4756951
ART3,-3.787601
TDRP,-3.3323827
NT5C,-3.9640284
STPG1,-3.7219226
LYPLA2,-2.445113
IL20RB,-3.774084
ZSWIM1,-3.7800977
C16orf78,-3.7832468
ANKRD46,-1.253757
KCNA7,-5.2682858
FSIP1,-3.6580875
ENKD1,-3.8833933
IER5L,-3.7193348
ZBTB12,-2.5806017
EXTL1,-5.2215405
RHOA,-3.6268458
ART5,-3.8440819
PCDH12,-5.1522117
C12orf43,-3.849124
GADD45GIP1,-3.8282459
DUXA,-3.8268592
SURF2,-3.9023964
MANBA,-3.7824209
TMEM200A,-3.5361378
IGF1,-3.7956235
SULT2A1,-3.8481786
CPO,-1.687424
ADI1,-3.906417
CD40,-3.8835344
RITA1,-3.8526077
RAB40A,-3.852998
RNF133,-3.8030882
C7orf57,-3.775668
CLUL1,-3.7929528
C4orf51,-3.7870502
CD68,-3.8793716
SP7,-3.793597
FAM133B,-3.565603
BLVRA,-3.8762481
ZBTB9,-3.7469075
ZMAT3,-3.764911
ZNF732,-3.8382683
KLK15,-3.829821
PRTN3,-3.8192418
TMEM144,-3.8936942
GPR182,-3.8144612
SYMPK,-6.041978
RGS4,-3.7700722
TAAR2,-3.8069115
TMEM80,-3.804566
HDDC2,-3.7386832
KCNK12,-2.5816617
AURKC,-3.875569
TMEM200B,-3.7684064
STX12,-3.4360378
IRF2BP2,-3.3082836
CCDC103,-3.8118534
ADM,-2.6063747
ANKH,-5.067813
IGFBPL1,-3.6292021
STMN1,-3.128639
MOSPD3,-1.7242355
MCOLN1,-5.2331586
C6orf58,-3.8110764
FAM187A,-3.8056638
KTI12,-3.673761
TMEM41B,-3.6969416
ERCC6L,-4.7408376
UBE2E2,-3.8060925
AP1S1,-3.6978638
PSG11,-3.8273242
APOL3,-3.7977266
CCT8L2,-3.7001166
CD300LF,-3.8491082
LDHAL6B,-3.7822096
NOTO,-3.7969038
CDK11B,-3.6650147
NCKAP5,-5.738136
GPR88,-3.7760491
LILRA2,-3.8216891
PDYN,-3.8427289
CFHR1,-3.6861758
RPF2,-3.645494
FAM47E,-3.8071938
SLC36A3,-3.8101065
GNAT1,-3.9278364
MAGOH,-3.8066387
ALKBH4,-3.7832446
CASP3,-3.5362637
PSG2,-3.677302
SPDYA,-3.795878
GPR139,-3.8303561
CCDC122,-3.8435483
MYL1,-3.847727
FAM47E-STBD1,-3.7656255
PTX3,-3.6483707
RPL17,-3.8045905
BPIFB1,-3.798122
PDGFRL,-3.8434887
COMT,-3.8915489
CDKN1A,-3.7055168
PYM1,-3.772039
POLR3GL,-3.856379
GRXCR2,-3.8012655
MBLAC1,-3.8381262
HIST1H2AH,-3.8823345
PRXL2B,-3.8939455
GCA,-3.9650383
PGLYRP3,-3.7969463
ARL15,-3.8375738
RALYL,-3.665399
MRPS25,-3.7326765
LTB,-3.8393004
COQ10B,-3.6608794
STX17,-3.7103817
DCLRE1A,-5.0255632
MAB21L3,-3.8789666
SLX4IP,-3.7782102
VSTM2A,-1.1874344
VDAC3,-3.3552544
TMEM200C,-3.7772136
LRRC72,-3.8008895
CS,-4.904708
KCNK9,-3.7576904
F12,-5.1244445
TMED7,-3.731903
VAT1,-3.53922
UTS2R,-3.8367136
COPB2,-5.9558306
SEMA3G,-5.064061
SIGLEC15,-3.8110025
IL10,-3.886167
NUP188,-6.580754
MRPL21,-3.6866157
UBTD1,-3.9125133
TNNC1,-3.875584
ZNF260,-3.5777092
CSPG5,-3.5042276
AVP,-3.872843
AES,-3.8067694
VAPB,-1.5092297
RPP30,-3.8019323
ASF1B,-4.013295
ST6GAL1,-3.7022874
RNF166,-3.882287
APLNR,-3.9093199
FMOD,-3.8111346
SCG5,-3.2772632
CCDC107,-1.3166397
CEP164,2.8357992
PXMP4,-3.8240483
LETMD1,-3.6211052
EHD2,-3.9015918
FGF10,-3.8708475
BCCIP,-3.5011442
ZNF696,-3.7444184
BEND2,-3.8388865
STIP1,-5.0944223
UPB1,-5.0956154
ELK4,-3.555709
MIF4GD,-3.9920285
PACS1,-4.7863593
CHSY1,-4.793422
C8orf58,-1.690299
TST,-3.9379942
ZNF772,-3.5074723
TMEM216,-3.7741985
CCDC116,-3.881052
TMX4,-3.551628
ZWINT,-3.9163296
CD320,-3.8710432
SUCNR1,-2.6524508
ZNF713,-3.6251216
MR1,-3.8706262
BMF,-3.8624833
INPP1,-3.726633
C1QTNF6,-3.9465845
SP5,-3.854107
MPZL2,-3.8427188
NGRN,-3.3583105
CRYAB,-3.9385812
EDEM2,-5.149815
NFIA,-3.4073222
CCR6,-3.9075675
ACVRL1,-3.9721794
ASB11,-3.8577995
ZNF273,-3.921416
TRUB1,-3.4996662
BTF3,-3.3818283
AIG1,-3.8020608
ZNF230,-3.8870356
B3GNT4,-1.779957
LAX1,-3.8432796
SLC35E4,-3.7638314
POLR2H,-3.7065794
DNASE1L1,-3.894952
EDN3,-3.87611
CFAP20,-3.5591648
TSSK1B,-3.8075452
ARL5A,-3.797765
FAM19A3,-3.8274002
RIPK4,-2.976815
KCNJ4,-4.1325436
AGFG2,-3.8720083
PARK7,-3.6145175
MYLPF,-3.9102983
FAHD1,-3.7768052
SELENOS,-3.7503812
LAMP1,-3.5020165
CENPU,-3.815156
CALM1,-3.2382057
TMEM248,-3.7214556
FCRL1,-3.8028042
TARM1,-3.802656
RIBC2,-3.9123793
RNPS1,-3.4576077
STX7,-3.4333246
UCHL3,-3.7568238
RHOD,-2.62298
BTNL3,-3.812355
ZNF771,-3.888107
MRPL18,-3.642115
PAG1,-3.3581977
RAB27A,-3.958965
MAST3,-6.4412394
JUN,-3.254662
BCL2L11,-1.6409032
DHDH,-2.5524616
ADH5,-3.6503704
CEACAM16,-3.8114502
SBSN,-3.8058772
REEP6,-3.9497986
CDIPT,-3.8158834
SOD2,-3.709589
TMEM64,-2.348182
TECRL,-3.829049
RAB17,-3.8422823
TMEM235,-3.8435307
TM2D2,-3.7272124
ZNF117,-1.3343749
IL1B,-3.9342153
SOSTDC1,-3.943976
OMD,-3.8598018
CNR2,-1.7254512
SEL1L3,-4.9891477
CCDC198,-3.873605
EIF4E1B,-3.719308
PDCD2L,-3.7816575
ETFBKMT,-3.8468843
IKZF5,-3.6623006
CASP4,-3.8608112
GPR101,-3.8271062
GZMK,-3.8374925
AQP10,-3.8255632
ANKRD34B,-3.8695905
TEPP,-3.8136594
C6orf89,-3.562857
SCXB,-3.8791296
C1orf109,-3.879179
MRPL44,-3.443892
EDN2,-3.838865
P2RY11,-3.8402908
RNF135,-3.9735732
NXPE1,-3.8126242
TP53I11,-3.7674017
DPP8,-5.078101
ZFP92,-3.8082669
RIMBP3,-3.8176656
DKK1,-3.8133547
RAD51B,-3.8592353
KCNK16,-3.826648
ITLN1,-3.8282137
CLIC1,-4.0003943
RAB28,-3.8612373
CCDC83,-3.8252664
TSSK6,-3.7435913
KIR3DL2,-3.8117664
DSPP,-3.7779834
LARGE1,-3.7985523
LRPAP1,-3.812568
FAM107B,-3.5698147
ALAS2,-1.9074578
GAN,-3.642848
STXBP5,-3.348382
ZNF519,-3.811781
PPIL6,-3.9617996
RPS18,-3.854288
RAB27B,-3.6356056
PHOSPHO1,-3.8937664
PARP8,-4.6747713
HPRT1,-2.5290675
CCNH,-3.6722093
BCAS1,-3.7769306
TSPAN31,-3.619567
ZSCAN23,-3.8920138
GATAD1,-3.611613
FAM189A1,-1.6934268
ZMAT2,-3.6403303
TM2D3,-3.63535
NDUFAF4,-3.7533011
DBNDD2,-3.7787514
RCVRN,-3.8611434
RANBP1,-3.6817427
DCAF12L1,-3.8029296
MESP1,-2.7219782
TNFRSF10D,-3.8613942
HHLA2,-3.8426688
DUS4L,-3.8619986
ESD,-3.6010704
SIGLEC5,-3.8296945
MLYCD,-3.966285
RPS20,-2.0349743
SIGMAR1,-3.9101427
B3GNT3,-3.8453186
ZNF19,-3.8424032
CDK1,-3.7454736
OTULIN,-3.7610793
NXF5,-3.808627
PABPC5,-3.8857188
ATP5PB,-3.5285695
MTNR1A,-3.8639443
C1orf198,-3.8213298
ZNF253,-3.6835322
PPP1R3G,-3.9106507
F3,-3.9495134
ANKDD1B,-3.8443704
TMEM56,-3.8604362
OAZ1,-3.4892113
EIF3B,-5.0144796
SLAMF8,-3.819658
SLC38A11,-3.8416038
RAPGEF3,-3.932603
ZNF680,-3.8648577
SIM1,-5.01202
SOWAHA,-3.9002497
AZU1,-3.9021525
SRSF9,-3.3869705
TTC9,-3.6911838
AMIGO2,-3.9794495
PUSL1,-3.9413896
JAZF1,-3.6800716
TADA1,-1.4121096
NDUFV2,-3.662722
CRTAM,-3.8630223
MCL1,-3.5668814
FAM166A,-3.8426597
INTS13,-3.8833132
ZNF610,-3.872858
MYL4,-3.9195752
GLYATL3,-3.8186915
TRAF1,-3.861716
BRICD5,-3.7790258
LIPT1,-3.8413284
RBM42,-3.8255847
PDE1B,-4.990791
RHOG,-3.9991949
ZCWPW2,-2.6220324
SSR3,-3.706403
LPAR6,-2.640746
FAM71A,-3.7901711
KRBA2,-3.7310588
ZDHHC24,-3.880646
MYL3,-3.891225
ZNF639,-3.6752236
FBXL14,-3.9772506
IFNAR2,-3.653491
MPIG6B,-3.9197555
TNFRSF13B,-3.853245
STRA8,-3.8328917
TMUB2,-1.670789
TMEM9,-3.7921011
TMX1,-3.8164935
SYNGR1,-3.8259478
TTLL2,-1.6834748
ZIK1,-3.8222911
EPC2,-4.8078356
SLC25A52,-2.595245
MACROD1,-3.941133
C2CD4A,-3.8799922
CFAP97,-3.6039722
EEF1AKMT2,-3.895196
TUBGCP6,-5.8082404
BRIX1,-3.7377074
IDO1,-3.9684541
LMO1,-3.777263
APOL1,-3.9216642
USF3,-2.3488493
NTSR2,-3.8460073
CAV2,-4.0012136
TNFSF15,-3.9520855
RNF126,-3.7698271
DRD4,-3.8648386
RCAN2,-3.3809338
FBXO11,4.59381
ELOVL7,-2.603194
ENOPH1,-3.7266333
RNF149,-3.8965764
PCGF1,-3.9731674
LBP,-3.8217828
GGCT,-3.7971358
AIDA,-2.4613545
GPS2,-3.863139
THAP10,-3.933637
POU6F2,-5.0563536
MYOZ1,-3.8574831
METTL6,-3.6860836
GPR25,-3.8369923
RPS14,-3.6438432
IRAK1BP1,-3.6089332
GRPR,-3.8650982
RPTOR,-4.2948065
CSF1,-3.8719008
APH1B,-3.9020526
GSTZ1,-3.7786598
CCR5,-3.8388896
APOA1,-3.9065337
NOL7,-3.787383
PTGDR,-3.8421
CXCR5,-3.8964078
FSTL3,-3.8861299
NCS1,-3.3970568
LDLRAD4,-3.81337
AIMP1,-3.7242541
SULT1E1,-3.6018336
MTFR1L,-1.5323796
SCAMP4,-3.9221888
PDAP1,-3.5822778
KHDC1,-3.8217354
UBE2T,-3.769266
STX4,-3.8477366
CASP1,-3.9248385
TSPAN8,-3.8577719
TACSTD2,-3.881492
CCND2,-3.648429
IQCG,-3.7531178
UPF2,4.168159
RPUSD3,-3.9512298
FCER2,-3.8179014
SULT6B1,-3.851726
SLC35B3,-3.9088964
CATIP,-3.8851764
SIRT4,-3.9187195
ZNF177,-3.5763164
RBMX2,-3.5303054
YIF1A,-3.9793253
BPIFB6,-3.824928
SDCBP2,-3.856977
MPZL3,-3.8972142
CD207,-3.826178
DNAJC4,-3.9449618
SETDB2,-5.1550417
TOMM40L,-3.6613066
NRP1,-6.1258745
ZNF891,-3.812297
LILRA1,-3.8417454
S1PR3,-3.7729278
HSD17B11,-0.49562883
NT5DC1,-3.943773
RPL7L1,-3.826849
SSSCA1,-3.8326852
CGAS,-3.8509786
SUPT7L,-3.6756237
MRPL20,-3.5780733
B3GALT6,-3.667332
RAB12,-3.4748971
PRKAB1,-3.6970115
DTD1,-3.5308695
SNCG,-3.7949102
MCHR1,-3.8663464
KERA,-3.8483572
PDCD10,-3.70531
IL22RA2,-3.8381937
CACNG1,-3.892103
CAPZA1,-3.5932362
MRPS18B,-4.0067763
OXNAD1,-3.823973
CD8A,-3.8189328
CCDC127,-3.8850796
LIPJ,-3.8803906
CMPK1,-2.291463
ZNF485,-3.7851682
C1GALT1,-2.4670944
MRPS14,-3.8547642
PTK7,-4.903165
PSMA7,-3.5346966
YIPF2,-2.739636
FUT6,-3.8892214
TRH,-3.9456356
ZNF843,-3.8345299
RRP7A,-3.8481143
LSM4,-3.9060855
SNAI1,-2.7112517
THAP6,-3.7833962
MOGAT1,-3.8775353
FAM76A,-3.760644
RNF114,-2.6086898
ZNF677,-3.8888464
ZNF600,-3.8494465
OLR1,-3.8774412
P2RY6,-3.9168978
ZBTB43,-3.4637997
SSB,-3.502095
GPR6,-3.8719316
ANHX,-3.8508625
MFSD12,-5.3367577
GLI4,-4.0026975
PAPSS2,-4.795833
CLEC4M,-3.8361182
ABHD13,-3.712572
ZNF630,-3.8250613
TAGLN3,-2.1834915
RIMS1,-7.630048
UCHL1,-3.176666
BIN3,-3.9585662
SPATA2L,-1.8347704
CNPY4,-3.8533318
LGALS4,-3.830785
SBK1,-3.087185
HVCN1,-4.0156827
SMC3,-7.323267
PDLIM4,-3.9977837
BORCS6,-3.9452994
GALR1,-3.813951
BAG1,-3.7073562
TMEM101,-3.9235222
CLDN11,-3.904037
CFAP77,-3.9131503
CEBPE,-3.8580058
A1BG,-4.026564
IGFBP6,-3.9308648
ZFP57,-3.8359392
TM6SF2,-3.9071236
C22orf23,-3.8211057
HIST1H2AJ,-3.931691
UBE2S,-3.726616
VPS37C,-1.9053249
TEKT1,-3.899119
EXOC3L2,-2.6233525
ZNF765,-3.9559712
S1PR4,-1.7587168
TMEM115,-3.963857
SMNDC1,-3.7038863
RAB1A,3.0643396
PCED1A,-3.6166074
CCDC24,-3.9103863
KLK4,-3.869757
SGTB,1.8532262
SNX20,-3.8540442
SLC35E2B,-3.384376
NHLH2,-3.4239821
FKBP11,-3.92674
SUSD5,-3.9293604
RHCE,-3.875864
GPR50,-3.8694077
WDR38,-3.9149585
LDLRAD1,-3.8733425
PAQR8,-3.948573
PHLDA1,-3.4580321
SYNDIG1,-4.0092854
GPR157,-2.6222162
AKR1B1,-3.6934273
MRPL47,-3.7822757
SYNPR,-3.761223
CA2,-3.9202785
HAUS4,-3.944591
OXCT2,-3.7734268
UBE2K,-3.329905
ZC4H2,-3.7854261
PMF1,-3.8089845
RWDD2B,-3.8381891
PYGO2,-3.8234692
CDCP2,-3.8655374
ELK3,-4.027586
NUDT18,-3.8544416
ARC,-3.9360688
RASSF6,-3.8606806
TMEM255A,-3.571581
UBE3D,-3.8476062
LIX1,-3.6990874
VPS25,-3.630108
CYP2C19,-3.8611283
TNKS,-5.969061
CXCR4,-3.509528
PSMB2,-3.5234966
CD27,-3.881944
STX6,-3.6740363
SSTR5,-3.9001498
PLAGL2,-3.8601263
SERPINA6,-3.8812277
KDF1,-3.848
SUN3,-3.8286803
ANKRA2,-3.5270693
TMEM109,-3.8149476
ATPAF1,-2.5447917
CLCN3,-4.6432858
ZNF561,-3.7649794
ZNF654,-3.3640468
GINS4,-3.9709964
OTUB1,-3.736199
HES7,-2.6833029
ARPC4,-3.843717
RASA1,-4.484763
ZNF302,-3.7474732
BCL2L13,-3.9090571
TP53I3,-4.055395
NPC1L1,-7.566897
SWSAP1,-3.8534691
GTF3A,-3.9142907
IFT43,-3.7526417
P2RY4,-3.8620129
TMEM246,-3.8542225
PSMB6,-3.639586
NUP62,-3.5384183
GDE1,-3.708295
BSG,-3.943192
CREB3L4,-3.9095373
S1PR2,-3.8805373
GUCA1A,-3.952671
SAC3D1,-3.862573
HPS3,-2.9997942
NRK,-5.913079
TIMM17A,-3.5862842
ATP1B3,-3.4630697
SLC10A2,-1.7364101
BAX,-3.931941
GPR87,-3.861512
STARD4,-3.8971982
TAF7L,-2.639136
ZMYND19,-3.8209546
GPR180,-3.8149502
TTC13,-1.77209
RHBDD1,-3.889885
KCNK13,-3.8809617
CDKN1C,-3.5098238
MYL2,-3.906727
CAV3,-3.913705
TEX45,-1.7340772
RAB23,-3.8151891
MTUS1,-4.6687036
ZNF695,-3.9003477
SYAP1,-3.835134
ITPA,-3.859504
SHISA7,-3.7242928
ANP32E,-3.750542
DYNC2LI1,-3.7705665
ICAM4,-3.8811514
SPDEF,-3.8747487
THEG,-3.8493278
DAPP1,-1.8271155
CRYGC,-3.8292437
ASPDH,-3.9593525
PRB4,-3.8422248
SERPINA12,-3.877121
RAB3B,-2.441633
ZNF737,-3.5981977
TNFSF10,-3.989338
MAD2L2,-3.7716496
ZNF468,-3.777232
PSMD14,-3.6616848
RNASEH1,-3.8838384
JMJD8,-2.6747363
GZMA,-3.9093204
DUSP2,-2.735796
AKR1C4,-3.8307524
DGKD,-5.0086775
CFDP1,-3.5442717
CASP12,-3.8598437
RAB19,-3.9227145
AEN,-2.63967
AQP9,-3.8774412
SLC39A9,-3.793586
PBLD,-3.9235234
MRPS23,-3.6839426
FYCO1,-5.875126
TRMT10C,-2.3942971
TSSK4,-3.8888009
PDIA2,-3.794609
OPN1SW,-3.8012083
CCER1,-3.8324432
LARP6,-3.905115
SPIB,-2.6832936
MSC,-3.9053066
ANTXR1,-4.9995804
UPK3B,-3.9187877
B3GALT5,-3.8291245
MRPL39,-3.7468228
TTC36,-2.6731367
UBAP1,-3.7488074
NEUROG2,-3.841779
OLIG1,-3.787695
SPI1,-3.9159424
CRYGB,-3.8902736
HSH2D,-3.9325078
BCAS2,-3.616518
SFN,-3.8840277
STAP2,-3.9259832
VCPKMT,-3.7353196
GEMIN2,-3.746322
MED7,-3.9187453
FAM102B,-3.5945342
SEC22C,-3.718423
MED4,-3.556803
FBXO27,-3.9164262
MYOG,-3.9377275
CAPSL,-3.9683266
PQLC3,-3.911673
ANXA2,-3.86402
SPATA6L,-3.7690046
CA6,-3.8813202
VPS37B,-3.9620166
CCNDBP1,-3.7201612
GJC3,-3.915898
TAF7,-3.3950064
C1QA,-3.9731805
CD1D,-3.8923368
TUBB8,-3.9182124
DENND5A,-5.7095
GYG2,-1.7946215
BRS3,-3.8864846
HDGF,-3.643894
OSTM1,-3.884654
FAM47C,-3.848373
CSRP3,-3.910542
CHI3L1,-3.859883
DUPD1,-3.90606
ICAM1,-3.9362633
SNAP47,-3.9039295
METTL9,-2.265757
FEZ2,-3.777913
ARF6,-1.6064367
DKK3,-3.4307184
EFNA5,-3.6241882
SRD5A3,-3.8091953
WBP2NL,-3.8657095
ESX1,-3.865864
TMED9,-3.5371218
ADORA1,-3.8392403
KPNA6,-4.9288096
HELT,-3.8423517
LRFN3,-4.016856
NUP35,-3.8362823
NHLH1,-4.030266
INKA2,-3.943062
LRRC58,-3.9147596
GPA33,-3.8533323
GTF2A1,-3.525476
PEX11A,-3.9476101
C7orf26,-3.7163014
ECI2,-3.8069382
KHDRBS1,-3.248756
FGFR1OP,-3.8775432
PRUNE1,-3.6094096
TCF23,-3.9029531
GPR68,-3.9087372
GTPBP10,-3.7998369
UBXN1,-3.7788415
CYB561A3,-2.7826538
SPARC,-3.7433822
COL9A2,-6.171097
S1PR5,-3.9006793
HPCAL1,-2.524463
ZNF621,-3.7350132
EML3,-6.008722
TMEM53,-3.7871377
ZNF703,-3.849137
TVP23A,-3.8557422
EGLN3,-3.9453156
NFATC4,-5.1663184
C19orf54,-3.904547
TTC9C,-3.9059887
KCNK1,-3.9284759
GSDMB,-3.8552248
OLIG2,-3.9092398
UBAC1,-3.8383243
MMP10,-3.8594873
FBXO8,-3.6503122
SLC36A2,-3.9647167
ABCF3,-2.963984
SRSF10,-3.890296
ZNF37A,-1.4007659
CDX1,-3.9152973
TSPAN3,-3.477204
EHD1,-4.9183764
CHAC1,-3.8308017
RAB43,-3.8291657
PIM3,-3.7172203
BBS2,-6.1104565
FERMT1,-5.1522074
TPRN,-3.9536204
PLCXD2,-3.9181538
NXPE2,-3.8637335
TMEM136,-3.8924952
YAE1,-3.8014817
SEC14L6,-3.8644419
CIDEB,-0.19635916
TRPM5,-3.9937189
ZNF728,-3.8404398
AMMECR1,-2.393414
SEC22A,-3.852439
DUOXA2,-3.8914242
YTHDF3,-3.5537157
SALL1,-5.08913
POPDC3,-3.823851
ALKBH5,-2.3443162
U2AF1L4,-3.9375992
SSBP1,-3.6356184
POTEE,-3.877159
NRAS,-3.716584
MB21D2,-3.5029528
BAMBI,-3.8946888
CCDC8,-3.8986347
DPH6,-4.1394696
FTSJ1,-3.7904549
ZNF747,-3.9705803
TRMT10B,-3.8294697
SMAD7,-5.1097426
IMPAD1,-3.6923733
ACTRT1,-3.9118643
RBFA,-3.811481
ZNF678,-3.7644444
ZFAND3,-3.7068477
KCNF1,-5.384637
ART1,-3.8584216
CDH8,-2.706573
C2orf69,-3.6924624
RPL13,-3.417051
MGST3,-3.538109
PCMT1,2.8644843
SURF6,-3.6874707
BORA,-3.9043984
SDF4,-3.8560462
UBL7,-3.9300222
CHORDC1,-3.6552374
LY6G6F,-3.8584754
PROKR2,-3.9200737
LRRC14B,-1.7597117
GPR150,-3.873973
RNF215,-3.9097152
TSPAN1,-3.9687784
CYP2C9,-3.8909888
PNO1,-3.8579693
FCN3,-3.8958886
CNTD1,-3.8471258
CLIC3,-3.9682028
SFRP2,-0.48647022
THAP1,-3.8758245
HMOX1,-3.9025555
GPR34,-4.037941
LRIT2,-3.88502
CCDC159,-3.9537458
PLIN3,-3.885274
CD1C,-3.8699963
TMEM38A,-3.9186976
OGN,-2.6836038
ZSCAN5A,-3.9018633
GPR137C,-3.3443024
GGPS1,-3.827805
F11R,-3.9471514
ZNF17,-3.9371784
PRR5,-4.0128045
AK4,-3.8864577
FAM221B,-3.8242862
PTGER1,-3.8842719
ASB13,-2.6947925
CEACAM1,-1.7646649
CD72,-3.8892128
TAF8,-3.806374
HDAC1,-5.1872473
MND1,-4.099665
EGR4,-3.8705728
KLF12,-3.2954905
EPDR1,-3.834435
CHMP1B,-3.6344655
ZNF572,-3.7711036
UBLCP1,-3.8141503
APP,-5.4018993
EPSTI1,-3.9079447
CD99L2,-3.8688262
CCR1,-3.9764228
HEXIM2,-3.9053714
ATAD2B,-6.913418
CARD8,-3.8138742
PAQR7,-2.7568276
TDRD10,-3.8680315
ECHDC1,-3.689495
KCNIP3,-4.0214252
CA5B,-4.007394
PGRMC2,-3.6788557
MRPL24,-3.825122
RHOJ,-3.968622
NUP37,-4.0635
MSMO1,-3.5352929
POLR1D,-3.6653101
CIDEC,-3.9351048
TWIST1,-0.85237455
CPSF4,-2.4063299
CD4,-3.9046245
DUSP23,-4.0241838
B3GNT5,-3.98436
XRCC2,-3.9283977
PGPEP1,-3.833281
SIGLEC6,-3.8656626
CUTA,-3.9255097
POLB,-3.5353057
CXorf36,-3.8786354
FRA10AC1,-3.8826275
SLC37A4,-3.8866909
HRG,-3.865141
CHMP4B,-3.797748
HNRNPH2,8.458015
TVP23C,-3.9817877
CGREF1,-3.7788062
ZNF460,-1.7985444
CFAP300,-4.009795
WDR73,-3.8085697
MAJIN,-3.870751
ACSM6,-3.8619406
SRSF3,-3.3789308
ZNF844,-3.8724108
RSRP1,-3.6030178
TPMT,-3.9105844
RPS24,-3.309595
CRKL,1.9460425
SV2C,-3.4492753
ADPRHL2,-3.8254526
STEAP1,-3.9555097
CYB5D1,-3.8700354
MARC1,-3.872575
MTERF4,-3.536811
GCNA,-2.6855922
PECR,-3.9468255
ZNF773,-3.7644887
DDIT4,-3.8521159
CTSO,-3.997119
MRPL32,-3.7171004
ARL4D,-3.9453435
ZNF586,-3.921859
RAB9A,-3.8828056
RRAS2,-3.7298968
HSD17B7,1.5644436
CLDN6,-3.9507616
MNAT1,-3.6653204
ZNF232,-3.9682717
KANSL1,-5.206286
RFNG,-3.875542
SDR16C5,-2.6695654
CD34,-3.914521
HEMGN,-3.8448124
DOHH,-3.9894276
ASPHD1,-3.913864
FGF9,-3.3557723
CTB-133G6.1,-3.8681097
RSPH9,-3.9167204
HRH4,-3.9036422
LAD1,-3.8778002
CH25H,-4.0107055
MTNR1B,-3.9009206
NKX3-1,-3.9237018
TMEM229A,-3.882411
SPHK1,-2.6988103
AGAP6,-3.9966345
IFNGR1,-2.4225302
KLHL12,-4.961292
LACC1,-3.957108
PRELID1,-3.8563592
CHMP6,-4.002805
VPS26C,-2.612129
CAVIN2,-3.9654238
SPDYE1,-3.7044377
SERF2,-3.7128346
CNMD,-3.9659913
C11orf54,-3.735723
PROP1,-1.7889595
SHARPIN,-4.0097923
RHOH,-3.9843302
SERPINA5,-3.9351885
ARF5,-3.731482
ZNF623,-3.8947117
C10orf120,-3.8714852
PRKAG2,-3.7447977
RPS17,-3.395714
CCDC91,-3.839657
LRRC34,-3.946929
RPS13,-3.3925116
AAGAB,-3.8671238
TAGLN,-1.7050016
TMEM236,-3.912183
ZNF414,-3.9644325
DMRTA2,-3.8495293
RNF167,-3.8726835
CLRN2,-3.9121983
KCNK3,-3.5726008
DEPTOR,-3.9275987
HHLA1,-3.8739498
VDAC1,-3.7310061
FBXO45,-3.7719088
FSTL1,-3.6966035
GPR17,-3.8863251
CD180,-3.9410892
EVPLL,-3.8773093
LRP11,-3.9036243
MMP7,-3.8852258
MUL1,-3.9432774
ANXA5,-3.8055446
RAB3C,-3.816722
C2CD4B,-3.997724
EME2,-3.8818634
RCN1,-3.9587636
DFFB,-3.9774706
CXorf38,-4.0178347
PNPLA4,-4.011724
GTF2A1L,-3.8829014
JAML,-3.8654914
SNRPB,-3.8362312
CLDN17,-2.664457
ITGB1BP2,-3.8482594
CA1,-3.917099
KHDRBS2,-3.9157698
TP53TG5,-3.855473
BPIFC,-3.8759627
CHPT1,-4.0432763
SLC35G2,-0.47611427
ERCC1,-3.9539578
NDUFB8,0.06606245
CFAP73,-3.9040375
ZNF296,-3.8707557
MITD1,-2.5924666
DERL2,-3.9711185
RRAGB,-3.7402222
TERF2IP,-3.185231
CAV1,-4.1072435
PSPH,-4.0056868
DLG1,-5.7394247
FOLR3,-2.6636214
APOH,-3.8923583
SIRPA,-3.9833636
HGF,-6.1238403
RCN2,-3.5079198
UBE2D3,-3.4543548
SPATA31A3,-3.8757555
MRPL22,-3.7065442
QPCTL,-4.05338
TAGLN2,-2.6498826
ARHGDIA,-3.9030511
GLUD1,-5.28195
S100PBP,-3.7794182
AKR1E2,-3.8675442
LILRA4,-3.910797
ZNF681,-3.833475
AMER2,-3.341269
C19orf44,-4.056091
GPR4,-3.9354846
SLC9B1,-3.8738303
TMEM70,-2.6619916
SERPINB7,-3.8979664
UNC119B,-3.98297
POMK,-1.823051
KDELR1,-3.9275417
NCBP2,-1.4809337
C6orf118,-3.738662
CLTA,-3.721757
CYTIP,-3.902569
IZUMO1R,-3.9027963
VTA1,-3.6560085
DMRTC2,-3.8895814
ZNF683,-3.8819325
NPY1R,-3.865315
PDPK1,-3.723594
KNSTRN,-3.8610902
AMZ2,-3.8711472
GOSR2,-3.851275
STX1B,-4.0147934
MAPRE3,-3.8602035
ZNF830,-3.7217727
TESMIN,-3.880134
SAAL1,-3.8591883
RAD9B,-3.9700642
C12orf66,-3.8611026
NOP16,-3.770237
AMIGO3,-3.9710999
LRTM1,-3.7064998
REXO2,-3.9774234
ANXA10,-1.7739873
RLN3,-3.8943923
NSA2,-3.6743855
F2RL1,-2.7117944
YBX3,-3.8035145
FBXL16,-3.2742984
RPS6,-3.3738732
PRPF18,-3.7498276
TIPRL,-3.5702417
MTRF1L,-3.9980738
TIMM17B,-2.6847856
TMC5,-5.2061334
PILRA,-3.8023798
GRK2,-3.894766
C5AR1,-3.940815
PLIN5,-3.9013958
BEND5,-3.7268307
C19orf67,-3.902689
ERBIN,-5.4381037
FAM69A,-3.9103153
CCDC97,-3.949758
TIMM23,-3.8262556
ADORA2B,-3.975995
OCSTAMP,-0.53693104
SPDYE4,-3.8816524
CHDC2,-3.8872986
SULT1C4,-3.9012659
IGBP1,-3.7949471
ZNF676,-3.9729452
ZNF304,-3.7270896
MED15,-3.114752
KLF17,-3.899645
LIPF,-3.9143412
CTBS,-3.9967563
SETD9,-3.9703865
ZNF649,-3.8046305
RASL12,-3.7601745
CCDC85C,-3.8739035
IDO2,-3.9089928
TEFM,-3.8996017
AP1AR,-3.8924298
GUCD1,-4.0129576
ZNF577,-3.8738325
ZP3,-3.9773316
ZXDB,-3.7538111
TBC1D7,-3.9539807
TNFRSF18,-3.8982098
OCIAD1,-3.5143657
MKLN1,5.5432453
VPS4A,-5.0288386
WDTC1,-5.0927324
P2RY1,-3.863978
TIMP1,-3.9838703
AIFM2,-3.9035556
KLHDC8B,-2.6604128
ZNF155,-3.940574
AZIN1,2.1997366
TSPYL5,-3.566552
TRNAU1AP,-3.868479
EHHADH,-5.129095
PSG8,-3.902374
RHOU,-3.8341045
RNF185,-3.965037
EVA1C,-3.9319646
PSG4,-3.8559365
TEKT4,-1.7790859
NOX4,-4.045101
NUP50,-3.6681597
RPL24,-3.3820906
PIGO,-5.2939777
RND3,5.3382826
RPS11,-2.1043
C12orf56,-3.8848133
PRR11,-3.7510984
COL4A3BP,-5.1690564
IFNGR2,-3.8900785
CYHR1,-3.9527452
CCDC69,-3.9613209
ZXDA,-3.7817614
CHODL,-3.8877957
ETV3L,-3.8754537
KSR2,-2.6478453
TMEM206,-3.9145947
IGFLR1,-2.7862115
FAM69C,-3.9043105
MGLL,-3.9510865
PDLIM1,-3.9365332
CREB3,-3.8552842
RPF1,-3.899279
ASB8,-3.7824516
ELF5,-1.7853272
NPY2R,-3.9542477
ZNF556,-3.9020631
KLHL42,-3.301229
PSMA4,-3.5431387
PPM1K,-3.3950467
TNFSF14,-3.95696
PRCC,-3.7738292
TMEM199,-3.910293
C1orf100,-3.8896096
CLTB,-3.9069343
CFD,-2.748969
ANXA3,-3.9657218
GDF15,-1.7132001
HTR1E,-2.6763334
SLC35C1,-3.9180353
TACR2,-3.9474025
RNASEH2B,-1.9392092
C15orf41,-2.6524012
ELOVL6,-3.9168072
SLC38A8,-3.888603
RAB5A,-3.6262658
GLIPR1L2,-3.8736975
POU5F2,-3.8899796
CCSAP,-3.5963302
ZBP1,-3.9163911
LSP1,-3.914015
IL6R,-3.9662092
RRH,-3.940505
RASL11A,-3.9697077
SYT13,-3.2278972
STX8,-3.963143
MAT2B,-3.871933
ANKRD23,-3.9277537
SBSPON,-4.0282116
NCOA6,3.9189606
AJAP1,-3.5023556
ZSCAN1,-4.029867
GNB1L,-3.9782395
ARR3,-3.9070246
RAB8B,-2.455737
HTR1D,-3.9677532
CTRL,-3.9703288
TCP11,-3.947901
BSPRY,-3.9028528
C18orf25,-3.8463984
DEGS1,-3.9714687
YIPF1,-3.9445503
DGCR6L,-3.9008067
SDR9C7,-3.9410083
GCNT1,-3.933602
APOL2,-3.9269452
KCNK17,-3.9097302
CD96,-4.004581
BST1,-1.795074
PRDM12,-3.9196916
KLF7,-3.3285124
RAB7A,-2.5362878
IFIT3,-3.8833706
SAMD12,-3.8528273
ODR4,-3.5635824
SLC6A12,-5.1482067
ZNF749,-4.030237
SUGT1,-3.7632124
PAK4,-5.451219
DSN1,-3.867373
RDH14,-2.7453787
PALM2,-3.348148
TRPT1,-4.107206
FCRL2,-3.8980598
SCG3,-3.58136
HS3ST5,-3.5899427
DND1,-1.7683196
PEX5L,-5.1392593
RBM41,-3.4156308
CCDC74B,-3.7371268
MED22,-3.9458022
IL18R1,-3.9107394
FAM50B,-3.9548304
ELAC1,-2.7499745
INSM2,-3.8993716
SPPL2C,-3.9160762
SYNGR2,-4.0026503
CRYGD,-4.081571
GPX7,-3.9262767
HES1,-3.6644852
SLC16A11,-3.9282892
TNFRSF10B,-3.976532
TGM7,-5.1814346
GPR52,-3.9221582
ACHE,-5.1099343
SKAP2,-3.9797864
SIGLEC7,-3.9012492
FAM170A,-3.895723
CCR2,-3.9075835
CLDN23,-3.953223
GPR39,-4.049917
INHBC,-3.9272711
DCAF4L1,1.0209365
HNRNPC,-3.3938112
GFOD2,-3.546356
ZFPM2,-5.1046853
ANXA1,-3.8922217
MRPL46,-3.8627052
ZIC5,-4.108176
RAB38,-2.7811956
FAM76B,-1.4761441
NPTX1,-3.7785463
WDR77,-2.7343724
C21orf58,-3.8957915
SH2D5,-3.868917
AGTR1,-3.936964
TUT7,-4.5461025
MPV17L,-4.061611
ALDH5A1,-3.966621
RILP,-3.9611878
CNTFR,-3.9685576
ST6GALNAC3,-3.9326243
PCNA,-3.8266518
SFTPD,-3.9692156
TMEM234,-4.011694
RAB22A,-3.5417004
LZTFL1,-3.8723722
MTFP1,-0.7655988
SLC7A10,-4.077523
SIRT3,-3.9735672
CLDND1,-3.7204754
BPGM,-2.5770104
PSMC3,-5.125247
CASP5,-3.9232626
DCSTAMP,-3.9067636
NTAN1,-4.009362
MSRA,-4.017785
SERPINB1,-4.1333885
CRYBG1,-6.57559
ZBTB26,-3.9379716
PSG5,-3.8897674
COPG1,-3.9176319
GPR45,-2.6967425
VDAC2,-3.7003517
KLK13,-3.9347942
KCNK15,-3.9719536
IFNAR1,-3.8543139
MTFR1,-3.8224628
GATD1,-3.8737464
ADPRH,-3.9719126
GNPDA1,-3.9782274
DNASE2,-4.024972
BCL2L12,-3.922224
CRYGN,-3.9375668
GID4,-3.8650646
ACTL10,-3.942041
MTX1,-4.015375
MLNR,-3.9334316
RSL1D1,-3.6594903
PARD6G,-3.9620733
BRCC3,-3.7297838
NCF4,-3.9513469
CLDN9,-4.0108466
DTWD2,-4.063262
ISOC1,-3.808452
CRIP3,-3.9438655
GH2,-3.9094198
ZNF174,-3.9958446
SLC35D3,-2.697928
ARTN,-3.9261923
WDR55,-3.8330135
EXOSC1,-4.017354
HPGD,-4.0076847
HOXD8,-1.825547
PSMB9,-3.9673045
GPANK1,-3.9175057
FAM118B,-3.9940698
TSPAN12,-2.6912074
SAP30BP,-3.7411146
POTEF,-3.975893
NCR1,-1.8042271
TBX18,-5.095692
SEC24B,-4.7062955
POLR2E,-2.439366
TXNL1,-3.6900232
TSNAX,-2.5376043
RANGRF,-4.0664916
CDH22,-5.2358556
LENG1,-4.0951004
PROC,-2.442535
PSPN,-3.9457538
APLF,-4.0392733
ABCG2,-3.2087536
PUM2,-4.7451234
ZNF382,-3.8747993
PRSS37,-3.924947
FBXO4,-3.9970036
AKR1C1,-3.6724145
TPP1,-5.3366523
MAP9,-3.35627
DNALI1,-3.8384905
CTSL,-3.9527304
ZPBP2,-3.9214675
PALMD,-3.6951962
CD1B,-3.904007
CTBP1,-4.9442816
CFAP43,-5.9691534
ISG20L2,-3.8637893
RIMS3,-3.5581076
ZNF878,-3.9018402
CCR9,-3.933469
ZNF430,-3.7230325
MORN3,-3.9796126
ZNF25,-3.4981418
TMEM192,-1.7210574
EGR1,-1.4039769
GIN1,-3.7288008
CNBD1,-3.9217877
KLK5,-3.9525971
CBX7,-3.9011743
CCT5,-4.931831
GPR63,-3.876305
WDR31,-3.8942337
GPR135,-3.9249208
ZNF692,-3.8727958
PPEF1,-3.999674
TSPYL1,-1.5977707
KIR3DL1,-3.904679
PSMD4,-3.7989945
UBQLNL,-3.8433635
BHMT2,-3.9795165
ADRB2,-4.061188
AQP7,-3.947578
ZNF514,-3.7765868
FGF5,-4.110303
YIPF3,-3.8779972
RNF181,-3.7581022
LDHAL6A,-3.9961507
RANBP9,-4.9664664
ZNF587B,-3.9271007
ZNF550,-3.9559035
VSNL1,-3.6990018
SRSF12,-3.523401
MRPL15,-3.9365857
MOGAT2,-2.6852827
RASSF4,-1.887058
ACP7,-3.9697626
ZBTB32,-3.9146595
NTF4,-3.9362655
CCDC189,-3.8689635
SLC35B1,-2.695968
TPRG1L,-3.9020975
BRMS1,-3.9520352
ZC2HC1A,-3.255339
TRMO,-4.0892105
KCNK5,-3.9564228
MPZ,-2.6723769
TMX2,-3.7981474
R3HCC1,-3.9841833
SLC35D1,-3.758468
LRRC15,-3.9478915
VSIG8,-3.9056396
CLU,-3.845525
PLPP6,-3.8894086
ZNF154,-3.7990327
NOVA2,-3.7465854
TSR3,-3.8366647
HOXD11,-3.9747581
C6orf136,-4.068791
EFNA2,-3.9108648
PTRH1,-3.9370623
THUMPD1,-3.5926833
CENPO,-3.846275
RBM34,-3.8043082
CACUL1,-1.6993668
PSMA2,-3.6626742
ASB1,-3.965396
ERMAP,-3.9072661
LIF,-3.9259758
ALG14,-3.999151
SLC35E3,-2.5706031
NUSAP1,-3.8178253
SNRNP27,-3.6063154
DPH5,-3.9603257
RNH1,-3.905866
ZNF701,-4.0539184
FAM83A,-3.7678764
RERGL,8.166981
TMEM25,-3.8016193
COPG2,-3.8764157
KAZALD1,-3.9542723
MRPS31,-3.7777314
PPTC7,-3.9843156
HEMK1,-3.98179
DIRAS2,-3.8786998
SAMD7,-3.9289134
TOR3A,-4.0257277
E2F5,-3.8084285
MRPL3,-3.929401
YWHAB,-3.306054
C3AR1,-1.928508
CTDP1,-3.1078575
GPR18,-4.006256
TIMP4,-4.0327516
TRIM52,-3.6794493
EFS,-4.0889916
STC2,-2.6506872
TUBG1,-4.068201
MAPRE1,-3.6261787
ZFP3,-3.7739067
SOD3,-3.9966617
C3orf30,-3.9147873
MAFK,-2.7384567
GPR174,-3.9304037
DHRS4L2,-4.212134
C1QTNF7,-4.0405583
YWHAE,-3.5414712
ZNF3,-3.6660995
NFE2,-3.930974
EPYC,-3.9451427
DIO2,-3.9775505
SLBP,-3.9207435
UHMK1,-3.5910976
GPR151,-2.6851213
SCCPDH,-3.8737223
KHDRBS3,-3.6763253
THTPA,-4.074772
PLPP5,-3.7844422
C14orf93,-4.0224395
CBLN1,-3.7876866
FN3KRP,-4.0367465
PODXL2,-3.9109273
TOMM40,-4.0500636
TIGD5,-3.9288821
SLC35A1,-3.8415082
C2CD4C,-3.939669
SSTR1,-3.9987707
AKAP7,-1.633637
UPP2,-3.9630508
ATP6V1E2,-3.9859123
POLR2M,-3.5838451
CCM2,-4.031043
SBK2,-3.940431
WBP1,-3.7827194
NUCB2,-3.6890628
PHETA1,-3.886096
EXOSC3,-4.111421
ZNF860,-3.9727354
CCDC183,-1.8010156
LINS1,-3.9825718
XRCC4,-3.9062464
HABP4,-3.7713625
STYX,-3.7403831
SPPL2A,-3.9931228
DIMT1,-4.0141788
BCDIN3D,-0.04323435
FAM53B,-3.7680933
ERGIC2,-3.6980267
F2R,-3.8180177
GLOD4,-3.7164693
PTP4A3,-0.9765711
AMY2B,-5.219565
WDR74,-3.927612
JAM2,-4.0112667
FLRT1,-2.647111
PRAME,-1.8147306
MEAF6,-3.5016298
MED24,-5.1813545
CYP2C18,-4.014942
HOXA7,-3.9604292
NSUN3,-3.9014885
WASHC4,-5.8220477
C7,-5.171857
STX2,-3.7140594
YWHAH,1.8122149
PELO,-2.6353803
ZNF587,-3.7443063
RSPO4,-3.970438
DHRS4,-4.0896106
RP11-159G9.5,-1.827028
MARCH11,-3.9352138
ERI3,-3.9697218
IBSP,-3.920752
ZNF100,-3.9234874
C3orf38,-3.8462296
FAM71B,-3.9204268
TRMT9B,-3.8270788
TSPYL4,-1.0326967
PRSS55,-3.9543228
CNN3,-3.6869113
ZC3H10,-3.9737067
KISS1R,-3.9817474
ZC3H15,-2.2138455
TBC1D20,-3.7376063
DRAXIN,-2.6056767
DUSP9,-2.700798
RNF26,-4.0812488
CFAP157,-3.9780605
OLIG3,3.3953528
DIRAS1,-4.0474024
AVPR2,-3.978902
ZNF419,-3.886614
ZNF320,-3.825001
LHFPL5,-4.0415998
ATP1B4,-3.9698956
VPS28,-3.7483761
CTHRC1,-4.032484
CASP9,-3.873544
BNIPL,-4.0696063
GAPDH,0.021872044
GRAMD2A,-3.966889
DCAF4L2,-3.88571
UFC1,-1.6760893
HRH2,-3.9694712
ANKRD40,-3.9848049
B9D2,-4.131505
FBXO6,-4.027992
PURB,-3.7951858
STK26,-2.7308393
MED8,-3.848846
ZNF404,-3.806523
GPATCH4,-3.9910371
ZNF285,-3.8156474
TSPAN7,-3.4216707
P2RX1,-3.8682218
MMD2,-4.00282
EPHB2,-6.1180053
OC90,-3.9413493
ELOVL1,-0.76187086
BPI,-1.8187952
FRZB,-3.971998
RSPH1,-3.9283307
NTM,5.311697
STX5,-3.9656126
ZNF566,-3.6638186
CCNY,-3.633231
FFAR4,-3.946389
ST3GAL1,-1.7729561
RETREG1,-3.3713377
RPA2,-3.9038858
SYT8,-3.925595
P2RX4,-2.8534064
EIF4H,-3.7138147
TOR1A,-2.8343654
CENPP,-3.937535
ORC5,-3.8154972
MEIOB,-3.944897
CCR10,-3.9860468
FBXL18,-3.66086
OTUD6B,-3.907876
SDHC,-3.8329227
PSKH2,-1.8425043
VASH1,-2.5628872
ARL2,-4.016615
SPG21,-2.5297265
GPR75,1.0186844
RPS4X,1.8274364
ZNF286B,-3.3576531
FAM69B,-3.9566157
WDR18,-1.8996634
HEPACAM2,-1.8777101
KDELR2,-3.8355336
RPRD1A,-3.7838423
EGFL7,-4.0984564
ALKBH6,-4.027324
PSAPL1,-3.9684753
CLDN15,-4.0584764
TMEM106C,-3.8075285
TMBIM1,-4.044612
ELMOD1,-3.7747185
TSPAN13,-2.2460494
C1QL1,-4.1219335
AKR1D1,-4.0217004
SERPINB9,-3.97055
TRIM64C,-3.9280975
LPAR1,-4.080242
GALM,-3.974736
PLEKHA3,-3.7692225
SULT2B1,-3.9574153
XPA,-3.7686186
SAP30L,-3.8472638
NUP205,-2.8575501
ASIC5,-3.9484658
KCNIP1,-3.9069426
STXBP5L,-2.550391
FANCD2,-6.016188
RAC2,-4.1249967
TMEM19,-3.9228683
EIF3F,-3.8441048
IL5RA,-3.9877307
RGR,-3.9908664
ZNF417,-3.8636255
PRRT2,-3.5342712
SNAPC1,-3.8723814
C9orf72,-3.6523836
BVES,-4.047711
WIPF1,-4.0193763
RPS8,-3.4886894
ILKAP,-3.9371877
PIP4K2A,-4.01033
PVR,-3.7148979
ZNF69,-3.7751973
HSDL2,-3.9987261
CDKL4,-3.9358196
ZNF669,-3.9964201
TMPPE,-2.728075
SAR1B,-3.8024986
ZNF429,-3.8928046
ZNF497,-3.889375
ZNF439,-3.6568224
GH1,-3.867443
ALS2CR12,-3.9294276
NOL12,-4.086666
ARMC1,-3.449469
ZDHHC15,-1.7963378
GSDME,-3.8141396
ZNF134,-4.0012617
CCNYL1,-3.7202897
GPR173,-3.7822769
B3GALNT1,-3.581763
FBXO16,-3.745468
PGBD4,-3.9498746
GNRHR,-3.9991949
TMPRSS12,-3.959519
NANS,-3.9914908
FGFR1,-6.199586
RBKS,-4.0289345
SDHD,-3.8709342
EMP3,-4.131492
HTR5A,-4.02161
MTERF1,-3.9604614
PANX3,-3.944967
TTL,-3.854462
GPRIN3,-3.7839437
PTER,-4.0295243
CCDC36,-3.9521732
ZNF793,-3.5049589
STRN4,-5.0824413
PIGU,-3.7745783
TCF19,-2.796114
GPR12,-3.8130198
GHITM,-3.662332
RBM11,-1.794275
HSD17B12,-3.7631488
KLF1,-3.9459274
ZNF212,-3.8254113
FAHD2B,-4.0093184
LAYN,-3.9906232
NEUROD4,-4.0207314
TLK1,-5.0815454
ANGPTL5,-3.961103
SERTAD4,-3.622035
PYGO1,-3.4785116
HEXIM1,-2.2199419
ZNF239,-3.904502
RPL19,-3.6445327
TREX1,-4.0825396
F2RL3,-4.0141106
PPP1R3F,-3.8273487
ZNF611,-3.975533
RNF112,-3.4730709
ECHS1,-3.7337265
ZNF579,-3.8288033
IDI1,-3.600227
ZFAND2B,-2.0100408
TMEM59,-3.771183
TTC4,-3.7190614
TLCD1,-4.027621
DTNBP1,-4.0872674
CHIA,-3.938697
CD46,-3.653706
HEY2,-3.889163
METTL8,-3.9706438
ARID3C,-3.9722438
GGN,-3.9219806
NFKBIB,-4.0566263
ATP5S,-3.967244
TMEM178A,-3.752803
INSYN2,-3.9509797
HPDL,-3.9252145
ARL4C,-3.4096978
APOL5,-3.934266
CPT2,-5.46747
HP1BP3,-1.2266159
TEKT5,-3.9520144
CRY2,-4.972001
EIF3K,-3.7218006
C1orf87,-3.8208477
AICDA,-4.0215383
PIANP,-3.8120272
ZFP69B,-3.9998825
ABI3,-4.072585
CA4,-3.9732912
SNX30,-3.745151
RMDN1,-1.8408687
NKX1-2,-4.016674
VSIG1,-4.009603
SRI,-3.8226674
CECR2,-3.699518
MYL6B,-3.9378514
LDHC,-4.002166
SERPINB3,-3.9687464
SELENOP,-3.9152
ODF1,-3.951698
C14orf28,-3.8657174
COX18,-3.935115
RIT2,-3.7799766
LIM2,-4.0183315
BTN3A1,-3.7289646
FANCB,-4.0580163
TRIM15,-3.9466672
PSG1,-3.880415
RASD2,-4.0392003
AKR1A1,-3.9191685
TOM1L1,-3.9618325
CRNN,-3.9374654
BTNL2,-3.9581487
ZNF529,-3.765573
SOHLH1,-2.711738
SOCS6,-3.8015041
TMEM143,-4.0413733
TFPI,-3.8944323
PLEK,-4.0688605
FBXO15,-3.9351425
RHOQ,-2.0759335
FAM111A,-4.047558
CCNB1IP1,-3.87629
PANX1,-4.0411687
TIMELESS,-6.6788282
DKK2,-3.9727023
OSCAR,-3.9899518
HSD17B2,-4.0164127
SFXN4,-3.8942192
CHCHD3,-3.9166543
GDPD3,-4.0669994
SLC30A8,-3.9268167
STARD6,-3.9724717
SLC10A7,-3.808336
FAM192A,-3.9472604
PTGR2,-3.9947338
COPS7A,-4.004802
FAM81A,-4.0076175
CABP2,-3.9825034
STIMATE,-3.892457
GLRX3,-3.9764612
PSEN1,-5.129864
GTSE1,-3.9917898
LDHD,-4.0517836
TRAPPC2L,-3.931141
SRRM1,-5.5387793
XRCC3,-2.826182
ATP13A3,-3.7002916
C19orf47,-2.7848194
RASL10A,-4.056888
PPP2R3C,-3.722863
WDR82,-3.5120692
FAIM2,-3.9295838
GPKOW,-3.9955642
SH3GLB1,-1.5068285
COLEC11,-3.9526215
RUNDC3A,-3.8196476
NUDT12,-4.0208697
EIF3H,-3.710808
ST8SIA1,-3.6786644
TIMMDC1,-3.9434924
RAB39B,-3.7805147
CCDC105,-3.9426813
LIN37,-4.06072
PRAM1,-3.9852188
ZNF200,-3.7569046
MED6,-3.8077989
DUSP12,-3.665859
PRKRIP1,-3.5557706
RASL11B,-4.10061
IPMK,-3.7051156
TRIM54,-4.000646
TXNDC15,-3.5502574
ZNF85,-3.7442532
ITM2C,-3.6632833
TEX13A,-3.9530485
CAT,-3.867724
VIL1,-5.2353635
CSRP2,-1.5909226
LRRC63,-3.8420978
SNAPC3,-3.8991253
TRHR,-3.9850757
EMC10,-3.8897953
CD1E,-3.9515588
TMEM59L,-3.731855
ARL10,-2.4111764
FOXE3,-4.058075
RAPGEF4,-5.7920446
CSRP1,-4.055692
CD5L,-4.00737
TM2D1,-1.9048972
DCAF12L2,-4.020012
ARMH1,-3.925092
PRDX3,-3.7747476
C9orf24,-4.0322533
TUBA1A,0.27512646
SFRP5,-4.007685
NCEH1,-3.9069204
NOV,-3.9868028
TFAP2B,-5.3608723
TTC23L,-4.0371437
NELL2,-5.9488935
WBP11,-5.0919614
ZBTB6,-3.4769187
AVPR1B,-3.9814289
CAB39L,-3.884965
FRRS1L,-3.9769537
ALYREF,-3.9370003
RAB29,-4.1029115
C20orf96,-3.9117563
ZNF75D,-3.9093
MFF,-3.8574684
ZNF584,-4.0560803
SLC38A1,-1.1933339
RNF150,-3.8002763
MMP20,-1.863929
PLEKHM2,-4.9493995
FUT9,-3.2169633
CBLL2,-3.9559216
IFI44,-3.7005017
DERL3,-4.005924
PDILT,-3.9501922
TIGD2,-4.050137
SERPINA3,-3.9975748
RCSD1,-3.910111
CBR4,-4.0467634
CACNG5,-4.0427904
ZNF20,-3.87146
MBNL2,-3.8949866
A4GNT,-4.0027533
TRIM11,-3.90241
CLDN4,-3.9348948
CSTF3,-5.030729
GTF2F2,-2.6629689
RHOF,-4.0131974
LTB4R2,-2.7245574
ZSCAN30,-3.938457
TIGD3,-4.020582
FOXL1,-2.7817767
PRSS50,-3.962077
H2AFY,-2.7732418
EPHX3,-4.0069036
CD9,-3.9380481
LRP2BP,-1.9060059
TRIM63,-3.978558
ST8SIA3,-3.4992042
LSM11,-4.0486665
P2RY2,-3.991964
HMOX2,-3.988597
ST8SIA2,-3.5145183
RNF41,-3.96135
CLEC17A,-1.8400218
GPR19,-3.8628507
LACTB2,-2.8947022
SLC17A1,-3.9549174
ACOD1,-3.9861517
MAFG,-3.5599713
PIGL,-3.9784193
TAF1A,-3.8365495
SERPINA10,-4.003866
MTFR2,-2.7852848
DPYS,-5.316662
PSD4,-5.3372965
ZNF10,-3.687438
VPS72,-3.853609
RCE1,-4.0144553
RPL8,-3.6829388
CBR1,-4.0715933
ZNF222,-3.9164927
ZNF594,-3.9692326
APOBEC3G,-4.0401773
SNX15,-3.858984
SCRN3,-3.909113
NPFFR1,-4.0072803
NPAP1,-1.9661131
CDCA8,-2.8780556
FGF4,-4.0347614
ADAMDEC1,-3.9579422
ALG10B,-3.892211
PTGER2,-3.9601026
RIMKLA,-2.582051
FAM217A,-3.954635
CDR2L,-4.0084324
THG1L,-4.162897
PP2D1,-3.966152
SLFN12L,-3.9555402
DRG1,-3.9231539
MOG,-4.055104
WFDC1,-3.980681
IGFBP3,-4.126038
USE1,-3.9228878
CALCOCO2,-4.0116363
RABGAP1,-4.7089276
LYL1,-4.0954986
FUT8,-3.7451308
PLEKHS1,-3.9675567
FBXW2,-3.8978908
UGT3A1,-3.9703007
ZNF165,-4.0244923
IP6K3,-3.9754467
RAB13,-4.049485
ZNF500,-3.8558223
TRIM72,-4.0037646
CHMP2B,-3.7742345
CRYZ,-4.1924205
MXD3,-4.106907
ZNF835,-3.9812367
SNX7,-3.750398
ZNF440,-4.0065246
TSEN34,-3.6822333
ARHGEF5,-3.9932442
CISH,-4.178091
IGFBP4,-4.014494
EXOG,-3.8234398
PRELP,-3.8514304
TNFRSF10A,-3.9010506
MTHFD2L,-4.0044875
OPN3,-2.7574816
CHST1,-5.005417
ZNF70,-4.007823
FAXDC2,-4.0648217
PLCL2,-4.0099597
C5orf22,-3.9331253
GSDMD,-4.0628915
MMP3,-3.9120536
POF1B,-3.9485154
IL13RA1,-4.036022
TIMP2,-3.5760026
SERPINA4,-3.9955766
INSYN2B,-3.99832
SIL1,-4.072394
TENT5C,-4.014407
HTR1F,-0.63753986
RPE,-3.911075
ENTHD1,-3.97245
ZNF714,-3.5960646
PCBP2,-3.5499709
CEP295NL,-3.8756642
ST6GALNAC4,-4.068521
PTP4A2,-3.6461277
ETV3,-3.806267
CFAP36,-1.5746484
SLC8A2,-5.184224
RHBDL1,-4.052469
PARP11,-4.0106316
TMEFF1,-3.8182244
TSPAN32,-3.958697
PSTK,-4.0814757
CCND3,-2.7660916
SERPINA1,-2.8693027
UPK1B,-4.058203
PDIK1L,-3.601067
AK3,-1.665446
CHMP5,-3.6611257
MAP3K20,-5.2405095
ZNF223,1.084877
COPS6,-3.8626132
MMP1,-3.9771178
SLC30A7,-3.7625647
ATXN7L3,1.0981145
PTAR1,-3.7425103
ENDOD1,-3.743454
CHST7,-5.465324
HAUS8,-4.0431232
SLC38A5,-3.9553313
ZSWIM9,-3.9337902
AASDHPPT,-1.2941809
DHX29,-5.710738
CCNE2,-4.168737
BCO1,-4.040521
RIMS4,-3.6227942
SLC39A7,-4.037642
FANK1,-3.947283
PDCD7,-3.5584528
RHOBTB1,-5.191916
OTUD1,-3.9963677
GUK1,-3.8952804
GRPEL2,-3.904084
CPM,-4.1034193
HGH1,-3.9905498
SLC35F4,-3.9148035
RPS5,-3.6727307
GDF3,-4.004248
FAM155B,-3.8879185
CBFB,-2.695222
ADGRG5,-3.9876683
ELMOD2,-3.793114
EIF2S1,-3.8804612
GLMP,-4.047668
UROS,-4.0105214
UNC119,-3.9379334
CRIPAK,-3.663805
P2RX6,-3.9739068
RPS16,-3.565674
CHMP2A,-3.908195
EXOSC7,-3.9683156
PARVG,-4.0975323
ST6GALNAC5,-3.7449718
RAP2A,-3.8587246
THAP11,-3.941129
ST8SIA4,-3.594832
MDP1,-3.8432312
SPSB3,-3.929844
HCCS,-4.2239017
GLIS2,-3.9768534
MVB12A,-4.0912204
IRX3,-3.514671
HOXA13,-4.0312657
WDCP,-3.9815369
RFXANK,-4.0458755
NUF2,-3.9520833
RHOBTB2,-5.0053835
ZSCAN5B,-3.9701662
FOXM1,-5.3622603
RAD51C,-3.9603305
GFOD1,-3.7209723
GOLPH3,-3.9371786
GORASP1,-3.8714516
F11,-5.2741504
UBE3B,-4.8158617
PODNL1,-4.008943
GTPBP1,-5.300695
ELAVL4,-3.2828329
GRXCR1,-3.9833732
GID8,-3.671637
MRNIP,-3.7896879
FBXO17,-3.9399862
MACROD2,-4.033656
SLC29A3,-4.0658903
DMAC2,-4.0976815
CRYBA2,-4.030182
TCEA3,-4.047214
EMC2,-1.7855368
GBA,-5.442014
CHRM2,-4.0310297
TFB2M,-3.9049196
CDC37,-3.8616357
STARD5,-4.017963
CCKAR,-4.020857
RCHY1,-3.7705085
PSMB8,-4.079633
KLC2,-5.4375153
ZNF674,-3.9245927
ZNF589,-1.7418077
C1QTNF9,-4.0134563
DNTTIP1,-4.069984
SNAP25,-3.60317
UBXN6,-3.933757
DDX50,-5.1802607
FYTTD1,-3.7583494
GYS1,-5.158626
THEMIS2,-4.078946
OCLN,-2.6410227
INTS12,-3.9628046
FBXO47,-3.8613262
ARL8B,-3.8259637
TNC,-7.2159204
PDCD4,-3.8280365
ZFYVE1,-5.0898128
SPATC1,-3.9774504
PRSS8,-4.0004663
ALG10,-4.027838
ICMT,-4.128834
C5orf51,-3.9168756
RAB30,-3.4835594
FTH1,-3.4333608
AQP5,-2.8408093
ZNF410,-3.795146
PCDHB13,-3.9720182
IMPA2,-4.124889
FGF11,-4.175737
TNNI2,-4.0730486
NUDT22,-4.106574
APOA4,-3.990916
BDKRB1,-3.9948366
CA13,-4.05124
C1orf116,-3.9756389
PM20D2,-1.84237
WDR4,-4.065251
WDR54,-3.9999204
ITPRIP,-4.031652
GLIPR1,-4.09306
ZNF79,-2.8164022
PDGFB,-4.0839553
MAGT1,-4.05703
PURA,-3.673015
BPHL,-2.6694298
NOVA1,-3.4339006
CRYZL1,-3.8244138
ERCC8,-4.0830193
IFIT2,-4.080137
MRPS15,-4.0531635
HERPUD1,-1.6777186
ZNF2,-4.082678
ATG3,-3.966077
DSCC1,-4.1157336
GRINA,-3.8574135
GCNT4,-3.9823928
C1orf94,-3.9849343
PSMD5,-3.9303505
SLC4A11,-6.6694994
SCRN1,-3.734943
SLFN12,-4.0137024
FGF18,-4.145142
ELL3,-4.0802975
C14orf39,-4.0017104
PEF1,-4.0030975
C12orf40,-3.9836168
CLPP,-4.050159
CD209,-4.003815
SAXO1,-3.9327712
C8orf76,-3.9629304
LAT,-3.9918861
TNMD,-3.990602
KLF5,-3.9674509
B3GNT2,-0.6672869
SIRT7,-3.9890347
SPATA2,-3.9366271
AP5M1,-3.901942
RABL6,-5.217676
PDK3,-4.175389
UGT2B4,-4.03591
TMPRSS11B,-4.0252566
CHERP,-5.194567
NUBPL,-3.8348582
CLEC4F,-3.9770012
VTI1B,-3.9315023
PON1,-1.8948185
TIGD4,-4.02385
RXFP3,-4.013
NKX2-8,-2.821568
LPAR5,-4.048172
ZNF284,-4.010408
DOLPP1,-2.8040183
UBE2Z,-1.278513
PERM1,-4.011545
PTHLH,-4.0782895
SNX21,-1.9803176
PLTP,-4.028924
FAM53A,-3.9726331
GMEB1,-2.736083
SNX8,-4.0623093
GFI1,-3.9824555
PITPNB,-3.8994393
BMP8A,-4.1126475
MAFF,-3.9878702
NECAB1,-3.8210633
ZFYVE26,-7.4411097
ADRB3,-4.048122
NPTX2,-2.474968
VASH2,-3.12897
FKBP8,-2.8319798
H2AFX,-4.109478
CCNJ,-3.9137518
TUFT1,-3.8986094
RBBP8NL,-3.9785159
C1QTNF3,-4.0215726
YJU2,-2.8405774
RAB3D,-3.8359869
FHL5,-4.0310235
RPS3,-3.5429556
PIGM,-3.6975296
MKRN3,-3.8848212
CLN8,-3.9144292
PRSS57,-4.040199
EYA2,-5.459903
ZNF280C,-4.0475283
TATDN3,-1.8902726
CELA1,-4.064764
BMI1,-3.9704063
SPEM2,-3.9643526
SAMD15,-4.029824
GPD1,-4.016525
ANKRD29,-4.0435476
SC5D,-3.6206906
TONSL,-6.19675
MTA1,-4.921637
GPRC5A,-4.0048113
ARL1,-3.9511976
CCNA2,-4.0144906
SLC30A4,-4.0264764
POLDIP2,-3.9181454
ZNF431,-3.8523374
OSGEPL1,-4.0426097
JUP,-6.1228228
ZMYND12,-4.0294704
ABHD17A,-3.9692738
NMNAT1,-4.131032
SYNE4,-1.9094393
TM9SF1,-3.1765683
UGT2B28,-3.9401467
IFIT1B,-4.006029
TRIM69,-1.9408464
B3GNT9,-4.0420003
AZI2,-3.6164713
ATCAY,-3.485324
KCTD17,-4.096466
ASB18,-4.0538464
PDLIM3,-3.9974437
CAPG,-4.1172366
BTN2A1,-3.8202639
SLC38A9,-3.9851515
TMEM44,-3.974457
ZDHHC12,-4.0824256
NUFIP1,-4.0501475
ZNF195,-3.5362473
ATXN7L2,-3.8956196
FEZ1,-2.5836246
CEP68,-3.821687
KCTD16,-2.7901745
MAGEC1,-3.981383
SLC35B4,-3.7616043
C4orf50,-3.9814208
C1orf43,-3.8181005
KLK10,-3.9091861
CNOT7,-3.7852154
ZNF416,-3.7864475
LRRC32,-3.9490757
FOLR2,-4.0859857
SEPHS1,-1.904144
RRAS,-4.0716043
MPPED2,-3.7150362
WBP4,-3.8337455
HPX,-4.0246477
TK1,-2.8111017
KRAS,-3.7141058
EIF3M,-3.7464554
GFI1B,-4.008746
ANXA9,-3.983973
GOSR1,-3.806184
DNAJC27,-3.6012688
ZNF28,-3.9355555
PIGK,-4.0176926
DNAJC9,-3.9149165
STK17B,-4.218137
FCF1,-3.7619112
TMEM129,-3.7510715
RNASEH2C,-4.068338
LEFTY1,-4.038357
AURKA,-3.8464355
PPP1R3C,-4.0014415
RFTN2,-4.1135683
IMPA1,-4.007823
DMTN,-3.4575686
ANXA13,-3.9977994
THPO,-3.9971263
C18orf63,-3.9899642
PYCR2,-4.047035
ADARB1,-5.333503
OPCML,-3.7659435
CIAPIN1,-3.7656224
COPE,-4.0361886
SSUH2,-4.004232
CYB5D2,-4.1437836
MARCH5,-4.0062566
HSD17B1,-4.213227
NEUROG3,-4.025361
ARMH4,-3.4516778
MROH2B,-5.993158
UNC50,-4.0285645
TEPSIN,-3.9699225
GHSR,-4.06541
SIAH1,-3.753147
DPEP2,-4.057625
STPG3,-3.9858096
NDUFAF1,-3.8722565
GTF2E2,-4.011942
ALKBH1,-3.998204
SURF4,-4.0480556
ELMOD3,-3.9931755
ARRDC4,-3.8874905
ABRAXAS2,-3.8608174
ZNF846,-1.929091
AKIRIN2,-3.4960651
SYT4,-3.5304506
HM13,-3.9642334
AK1,-1.9353166
PRLHR,-4.075937
PIM2,-3.9854286
SLC12A3,-6.414084
ARHGEF39,-4.020079
STX10,-4.0159073
TMEM108,-3.9256701
DUSP6,-3.9507058
RTL5,-1.6140587
HTR3C,-4.0120993
NEMP2,-3.9801672
POM121L2,-3.9883049
PTGFR,-3.9879806
PAPSS1,-5.019232
RPL6,-3.5580258
RLF,-5.6867943
ZPBP,-3.9897404
JMJD7,-4.119981
SERPINA11,-4.03247
PLPP7,-4.2003837
UBE2W,-3.7484264
NMUR2,-4.0327725
GAR1,-4.1201544
C19orf57,-3.949354
CHIT1,-3.9959097
CDR2,-3.9376423
GLYATL1,-3.9855053
YWHAQ,-3.4470625
SSR1,-3.6669643
FHOD1,-5.389296
DUSP26,-3.884237
H2AFJ,-4.0840316
NAF1,-4.0542474
DHRS12,-4.1642966
KCTD15,-3.8598664
SLC39A11,-2.8154316
PLAG1,-3.8794987
ZNF792,-3.9528925
CAPZA2,-3.7216809
MIA2,-4.0137434
WBP1L,-3.5889049
RAB33A,-4.0824404
TATDN1,-1.8272371
FAM83E,-3.9630575
QKI,-2.3495173
SH2D7,-4.008958
APOBEC3B,-3.981618
HSPB7,-4.040015
SELL,-4.047851
HIC1,-4.0413218
ZNF768,-3.9883876
LRRC42,-3.9743052
POLR2B,2.5218358
RNFT1,-3.9249053
FOXI2,-2.8259778
STRADB,-4.146964
WIPF3,-3.8944042
RTF2,-3.8972723
PIGN,-5.324797
FAM47A,-4.014243
FGFR2,-5.1314263
PRSS54,-4.0193906
FOXA3,-4.0877433
TERF1,-3.6989343
DAP3,-2.6877298
CKAP5,-7.1642246
ZNF205,-4.065065
BHLHE40,-4.04783
ZNF329,-3.8582942
PPID,-3.9421217
DIABLO,-3.9103029
SOWAHC,-3.9618082
ZNF266,-3.897289
RPS3A,-3.420559
E2F1,-4.131614
CRYGA,-4.066277
NEPRO,-3.757238
NEIL3,-4.0599422
CTSZ,-4.0844693
NOX3,-4.0560627
DOK2,-4.026242
GINS1,-3.9315186
PGC,-4.0535655
MFAP4,-4.151881
RGS20,-4.1416006
HS3ST3B1,-2.9276035
PSG6,-4.0288725
LCMT1,-2.6599271
FBXL3,-3.6955714
TIMM21,-3.996629
ARMC12,-4.053283
PARP16,-3.9635866
TNFAIP1,-3.495601
PAQR3,-3.662296
CNOT8,-3.8033245
CENPI,-4.032741
DCN,-4.122695
MISP,-4.0023327
CLNK,-4.024083
SLC22A25,-4.008711
CRYM,-4.26848
SELENOI,-3.7629457
NFKBID,-4.107214
HSD17B13,-4.1309705
CPA2,-4.0270033
AKAP3,-4.0063257
CNN1,-3.9691792
APCDD1L,-3.999102
PEX14,-4.0149627
TRIM29,-3.9959388
THAP3,-4.0208564
TM9SF4,-3.9408836
ABHD17B,-3.738853
IL1R1,-3.8989346
RPL13A,-3.7987156
UBQLN3,-4.0270123
NGDN,-3.8305688
RSPO1,-4.051953
CHID1,-4.010854
LHFPL3,-1.9701519
LRR1,-4.108542
MMAB,-4.107966
FCMR,-3.9288
SLC16A6,-4.08706
RAB4A,-4.0833406
WDR61,-3.8826537
GPATCH11,-3.992601
L3HYPDH,-4.1176295
NFKBIA,-3.7451317
ZDHHC20,-3.926152
PRSS1,-4.0685797
PLEKHG7,-4.0361123
CDH24,-5.270526
SSTR2,-3.947923
ZNF256,-4.049859
REEP1,-3.17189
OTUD3,-3.805008
SIGLEC11,-4.0086393
PRIM1,-3.874269
AGFG1,-3.4630287
CTSG,-4.0468025
ZSCAN22,-4.126919
M6PR,-3.8144774
USP46,-3.754825
AKR1C3,-1.8954105
SOX15,-4.0516224
MIPOL1,-3.982057
CDC25C,-4.140907
PURG,-3.8571274
LANCL3,-4.0459113
DCUN1D1,-3.8868868
GIPC2,-4.0447106
TRIM34,-4.015916
BSX,-4.104158
CCDC121,-3.9775896
TRIM59,-4.129729
CHMP3,-3.6191087
ZNF385B,-4.049463
BARX1,-4.0934076
GSG1,-4.0731325
SHLD2,-4.1324553
NHEJ1,-4.1186404
PRRX2,-4.1277447
SFTPC,-4.095702
SMTNL1,-4.0155177
PSPC1,-3.9301202
TMEM127,-3.9383588
AHNAK,-6.0757494
MORF4L1,-3.3297124
RRS1,-4.1216564
PRR5L,-4.057335
LRRC66,-4.018718
CRYBB2,-2.885979
CHRM1,-4.073302
RAC1,2.7887073
ZBED8,-3.9039097
RASGEF1C,-4.0312405
ITPK1,-4.1235085
ANKRD63,-4.0126886
CD19,-4.0195665
HTR3E,-4.0419326
ZNF157,-4.0164585
ZNF101,-3.9694364
FGF22,-4.0850387
EOMES,-5.2827473
ENTPD8,-3.999706
MAD2L1BP,-1.7250283
HSPA1L,-4.130494
SOST,-4.0973077
CYC1,-4.0118756
ZNF837,-4.0014925
NUBP1,-4.164717
DECR1,-4.087474
ZBTB5,-3.855596
FAM173B,-4.021414
TMEM30B,-4.0678797
FBXW12,-4.029588
PRSS22,-4.074138
TCF21,-2.8536584
HP,-4.074175
N4BP3,-4.042257
SULT1A2,-4.016261
IFNLR1,-4.1297784
PLP1,-3.9442458
TOMM34,-4.1070952
PPP1R36,-4.0030665
ARHGAP36,-4.048617
RABGGTB,-3.6480074
NUP58,-3.688217
XPNPEP3,-5.292548
CCDC130,-4.003961
KCTD1,-3.9400468
ZNF775,-4.101887
SCD,-1.5338829
KCNN2,-4.272293
WDR25,-4.061483
JAM3,-2.6422668
PIP4K2C,-3.8624108
RPUSD4,-3.8560154
RNF144A,-3.7066522
MSS51,-4.0337625
ST3GAL4,-4.121667
GFRA4,-4.037516
SCML4,-3.710678
ARMT1,-3.8792908
ZNF391,-3.9329205
PRSS42,-4.0185733
LRRC56,-4.03762
PLD2,-5.4898767
ACP6,-2.8383684
KCMF1,-3.8526628
PMP22,-4.188437
THEMIS,-4.0559106
TRIM14,-4.0516634
VNN3,-4.062008
ZNF57,-4.041637
S1PR1,-4.1243463
GKAP1,-3.8947594
CSRNP1,0.85114574
VPS37A,-4.0981617
MRPL45,-3.8342228
NUDT13,-4.0524216
RPL18,-3.783157
SERPINB2,-4.069242
INHBA,-2.7954073
OGFOD3,-3.9896479
ATG5,-3.996125
GNL3L,-1.8077006
SGPP1,-4.0357203
ZNF181,-3.9834352
FGFR1OP2,-2.5315437
NAGK,-3.7836547
SLC39A8,-4.0228662
VAT1L,-3.8847
ASPA,-4.109401
ZNF213,-4.000249
LRRC47,-3.7121518
DUSP5,-3.933593
CBLN3,-3.9414074
TMEM256-PLSCR3,-3.8558898
SLC38A6,-4.0376472
METAP1D,-4.086164
RBM22,-3.8343937
CX3CL1,-4.047537
ABHD10,-3.710831
GPR84,-4.060568
SFXN3,-2.7947707
ACOT7,-2.5156326
LHFPL4,-3.9497213
WWTR1,-3.8232365
ZNF18,-3.9752786
LEFTY2,-4.0511446
RND1,-3.8925922
SLC25A2,-4.077764
AGTRAP,-4.135797
AQP8,-4.117556
COQ10A,-4.0583477
CDS1,-4.034482
NOMO1,-3.6908195
ATG4A,-4.157474
CEACAM5,-3.9964898
ZNF443,-3.9601288
ZNF799,-3.8945124
DUSP15,-4.09341
SFRP1,-4.000512
WTAP,-3.720929
TMC1,-5.306133
GRB2,-3.612938
CALN1,-3.9600384
ZNF250,-3.8339393
SERPINB10,-4.0789547
SPSB4,2.133359
ARFRP1,-3.9894488
BLZF1,-4.09744
STX16,-3.8022282
DUSP11,-3.788972
TOX2,-3.156628
DCTN2,-3.7888696
RP2,-2.0857759
B4GALT1,-4.160674
HOXB7,-4.0772467
DNAJB2,-3.9434204
HARBI1,-4.0408154
UGT2B11,-4.0327244
PYGL,-6.821134
TWIST2,-2.9144392
ATP1B2,-3.8429346
EXOC4,-5.156028
CSHL1,-4.0522504
PDE4B,-5.01668
ZNF852,-4.003242
SLC25A53,-4.0993276
LRRC39,-4.0814185
CHRNA10,-5.4089885
HFE,-4.016961
SULT1C2,-4.0058193
TMEM26,-4.085517
B3GNT8,-4.063538
NOB1,-4.172436
ARRDC3,-3.400369
EGFL8,-4.042299
KIAA0513,-3.994807
CLDN14,-4.1270065
TRIM21,-4.126796
CA7,-4.0880423
AVEN,-2.0693913
CUEDC2,-4.1040163
ZNF467,-4.1675906
MINDY3,-3.9377298
PROSER1,-3.8683903
ZNF8,-3.899358
ANKRD2,-4.042057
C1QL2,-3.9070911
UBAC2,-4.126349
GSC,-4.1174164
IL1RL1,-4.0425396
RPLP0,-1.5459266
RBMS2,-4.026834
TSPAN9,-2.8414187
ZFAND1,-3.9712708
CHP1,-3.995486
TXNIP,1.3530145
MEGF9,-3.4666586
ARPC2,-1.6498194
HSPBP1,-3.8205063
PIP4P1,-3.9026484
WARS2,-4.117135
SLC35F2,-4.1663976
HOXC5,-4.093815
IFIT1,-4.1810517
RNF113A,-3.9283922
HOXC8,-3.9373603
CAPN10,-5.3781447
ZNF345,-3.9994247
SCAMP3,-4.103815
ITK,-5.291773
DUSP8,-3.8953693
RAB3A,-3.9800475
KLK6,-4.0703807
BCL9L,-5.193476
SLC15A5,-4.0387654
KIAA1191,5.508438
IL17RB,-4.1805196
SERPINB13,-2.8127925
DDAH1,-3.8679569
DAAM2,-5.2920656
SMAD2,-4.9590507
AFMID,-3.9436378
EBP,-3.9065788
RPL23,-2.3315966
CYB561,-4.050203
WDR17,-5.797629
DNAJB6,-1.354289
TRNT1,-4.082783
DPEP1,-0.7636757
ZMYM4,9.588091
EFCAB12,-4.120062
IL13RA2,-4.0422454
FOXS1,-3.9169044
C12orf50,-4.029827
FCN2,-2.7996914
UCK2,-3.9313002
ADAM20,-3.8605602
FAR2,-4.0818157
GOLM1,-1.4853921
HSD17B3,-4.0881863
CYP2A13,-1.9638357
MLF2,-3.7955606
GAL3ST1,-4.148937
GTF2E1,-3.990017
PSG3,-3.92902
ASS1,-5.3956165
AKTIP,-3.9654338
NKX2-3,-4.0576096
AQP6,-4.1268873
COQ4,-4.001119
BMP8B,-4.1139703
FUZ,-4.1569157
ETV7,-3.9201412
ACTL8,-2.8540878
SRD5A1,-3.9948864
LRRC75A,-4.0985436
FGF12,-2.4845803
KCTD10,-3.974648
FAM53C,-3.824861
ZNF140,-3.830674
FAM102A,-3.9468534
OAS1,-4.1001363
UBOX5,-4.1301527
KLK14,-4.07457
CCDC114,-4.1237864
PEX26,-1.8472261
PCDHB11,-3.9154885
CCDC112,-3.5969055
SSRP1,-0.3875637
ZSCAN18,1.0342374
SERPINB5,-2.804747
BTN3A3,-3.952811
GPBP1L1,-1.6090777
CHGA,-1.7016401
LDAH,-3.9954748
BBOF1,-3.976003
CENPB,-3.9592965
MLLT1,-3.8779297
ANTXRL,-4.0302954
DENND1B,-3.6879544
DHRS7C,-4.101821
ERRFI1,-3.8517115
CHRDL1,-4.1003375
PXMP2,-4.1917458
NCK1,-4.1079392
TNFRSF1B,-4.1932755
SERPINI2,-4.047834
SLA,-1.8275752
DERL1,-3.9892287
ZFP1,-3.9674258
HAND2,-2.8974984
ZNF331,-3.8055296
PANX2,-4.0905924
RHOC,-4.130521
IPCEF1,-4.1232734
LMO2,-4.111307
UPK1A,-4.11118
DNAJB13,-4.0568304
CD276,-3.9640234
SDF2,-3.9914443
NXF3,-4.0429597
ELFN1,-3.74728
ELAVL1,-3.8759649
KLK12,-4.0987163
PPM1N,-4.0200553
CCDC38,-4.1094546
NEGR1,-2.158362
B3GALT4,-4.017357
DHRS9,-4.1516013
RASA2,-5.2503204
GLT8D2,-4.0420465
TBL2,-4.039137
BHLHE41,-0.49853086
TLR1,-4.1131325
FOSL2,-4.124746
PSMD7,-2.5663233
ZDHHC18,-3.99983
ANKRD10,-3.6088831
CYB5R2,-4.2534447
VEGFD,-4.0469346
KCTD12,-4.0178337
SF3A2,-4.1999154
TCN2,-2.8967764
KLF11,-3.856127
GORAB,-1.8525548
CYGB,-4.157498
RCAN3,-3.907278
SLC16A12,-4.0890803
FCN1,-4.076095
CDADC1,-2.8293679
MSRB1,-4.209359
MAPK12,-4.1550527
GPR37L1,-2.0639436
CABLES2,-3.9299483
DCUN1D4,-3.9511645
LCA5L,-4.097202
ZNF275,-3.8025727
ELOVL4,-3.568235
SNRNP48,-3.8444948
SPATA16,-4.019691
SNUPN,-4.0465093
NRTN,-4.184387
ZNF551,-4.096843
B4GAT1,-4.199781
ASTL,-4.0596285
IK,-2.9815466
P2RX3,-3.9494116
FBXO25,-4.162236
ZNF625,-4.1381707
DPH7,4.8183002
SLC32A1,-3.7372077
EFNA4,-4.104358
AKAP4,-4.0627394
CDC20B,-4.0459743
WDR89,-2.7345555
TRABD,-4.1530576
DCAF8L2,-4.0449595
ZNF571,-4.0948763
SERPINB12,-4.1226077
MOSPD2,-4.126528
RCN3,-4.2129703
ZNF543,-4.0732336
CELA2B,-4.116909
TSPAN11,-2.6286592
ACPP,-4.0531096
PQLC2,-4.099796
TJAP1,-4.087814
MEOX2,-4.102255
PRSS21,-1.9835505
CRX,-4.189244
KCNK2,-3.8598995
ABHD16B,-4.1102424
HECA,-3.73084
PTPMT1,-4.2237926
RNF10,-3.6644597
TFDP1,-4.008323
ADORA3,-4.139863
ZNF43,-3.907007
BBX,-5.954405
SRFBP1,-3.8385475
ZDHHC9,-2.6572294
CNR1,-3.5163853
PODXL,-3.771706
CA8,-4.116058
ASB6,-2.7603245
QPCT,-4.142284
RASSF9,-4.0778284
MAGEE2,-4.1009526
USP8,-2.8942506
MCAT,-4.105671
NTSR1,-2.0663147
SCG2,-3.2438307
GTDC1,-4.0173497
C16orf71,-4.0538907
RAB24,-4.0466814
ABRAXAS1,-4.0034866
TTPA,-4.102968
ADGRG3,-3.988805
TSFM,-4.06773
GOT1L1,-4.072547
KRT37,-4.0905476
MYLK4,-4.108878
CDK3,-1.6935065
MAPK11,-4.0098495
CYP2A7,-4.063321
GPR153,-4.0017304
RER1,-4.1461997
ANGPTL3,-4.074289
TSPYL2,-3.931652
PNMA8B,-4.095998
GTF2H3,-4.0192585
GDPD1,-3.905711
PCDH1,-5.3301296
GPN1,-3.930129
LDHB,-3.6747081
TNFSF13,-4.0825496
PI4K2A,-5.1324706
NSFL1C,-3.857162
ANKRD9,-4.276101
ZNF496,-4.121243
FAM172A,-3.991464
RNF130,-4.118925
ADPRHL1,-4.1299367
CYP2A6,-3.9974291
STAM2,-4.0733967
PTGIR,-4.0777392
ZFYVE27,-4.1205735
DHH,-5.5722065
SLC30A10,-4.034646
PYCR1,-4.276488
ZNF461,-3.8506734
FAM151A,-4.0552216
FAM78A,-4.2465262
EXOSC2,-4.0751486
UFD1,-4.18679
HAO1,-4.092153
WISP3,-2.8368254
GFRA3,-4.0630865
ZNF549,-4.0642405
JMJD4,-4.197788
DCAF17,-4.0860176
PTX4,-4.050649
KRT34,-4.0908675
MPND,-4.0891423
ZNF330,-4.016202
RIOX2,-4.077935
SLC22A9,-4.0565305
STRIP2,-5.393036
ENTPD3,-4.0849185
PSME4,-7.253311
PALM3,-4.100229
PGBD5,-3.8271358
LRRC31,-4.000578
SLC25A19,-4.2379785
MLLT3,-3.6092737
MLF1,-2.6799808
ODF2L,-3.766394
ZNF383,-4.090584
TMEM175,-4.0849066
USP51,-4.077886
PARD6A,-4.180672
LRRC28,-4.1073227
ACTRT3,-4.154343
RP9,-3.9488332
PRDM11,-4.0153403
HOXB4,-4.148964
POLR2A,-3.954699
POLR1A,-6.156494
SNX32,-4.124261
DPEP3,-4.0753837
IFT52,-3.8065784
SYT12,-4.1212792
GPRC5D,-4.083269
SLC22A18,-4.1950517
MAGEL2,-3.8609743
EFCC1,-4.080489
METTL2B,-4.127048
KCTD18,-4.0758314
L1CAM,-2.460092
TLR6,-4.1029944
PLIN1,-4.055484
U2AF2,-4.0045424
ZNF620,-4.131042
ZNF248,-3.7285335
USP12,-4.1024017
ZBTB8B,-1.7787998
LYSMD3,-4.000788
MPV17L2,-4.278731
CHD7,-0.67037964
GPR176,-3.9795773
CD55,-4.064004
RNF165,-3.5248735
TNFSF11,-4.114727
ATXN3,-3.8529768
MBIP,-3.8277817
PDP2,-4.012233
CBX2,-4.054647
SLC9A3R2,-3.9703693
ANGPT1,-3.9824297
BBC3,-3.9371977
C9orf50,-4.093235
CYP4Z1,-3.9854326
FASTKD3,-4.105133
PAFAH2,-4.1917276
MPPE1,-4.0463653
TSPAN2,-3.7971122
AAMP,-4.0349717
GPR83,-4.146396
RERG,-4.0412345
LCOR,-4.1023593
ZNF324B,-4.1066356
PCGF5,-4.0499616
SNF8,-4.047267
GCLC,-4.1150503
ZNF511,-4.2894063
A4GALT,-4.1528463
SEPHS2,-4.0086246
CCNE1,-4.0532303
IYD,-4.158342
C2orf81,-4.1876984
TMLHE,-4.1413875
CYP8B1,-4.121116
THUMPD2,-4.0693393
AADAT,-3.9055548
MDH1B,-4.0278654
COL21A1,-2.9722137
C10orf68,-4.055273
ZNF783,-4.1000857
FYB2,-1.9640565
C9orf64,-4.0585823
ABHD6,-2.840175
GRASP,-4.1557503
ZNF257,-4.100171
KRT222,-3.9530911
PAAF1,-4.007577
PFKL,-4.2720366
MYCN,-3.953446
ELF4,-4.129459
ABHD1,-4.1264305
XBP1,-4.023504
LRP5L,-4.0538487
HTR3D,-4.0662603
ADAL,-4.1024737
HOXD4,-4.1506867
ZFP69,-4.0599833
MYBPHL,-4.11533
GDF9,-4.082814
CYP21A2,-2.8995845
HAAO,-4.132557
ERVFRD-1,-4.057021
EPHX4,-4.090157
ZNF726,-4.0110726
RTBDN,-4.1335173
PCMTD2,-3.731593
SF3B4,-4.137445
USP25,-6.0715737
SAG,-4.083806
ZIC3,-4.2624254
CAMKMT,-4.244325
DGLUCY,-4.145032
ODC1,-3.801964
ZNF717,-4.0128145
PTPN14,-6.700916
MBLAC2,-4.063836
HSPB2,-2.1231844
GNMT,-4.16596
VAX2,-4.2021384
PNLIPRP3,-4.110492
TBC1D13,-3.984987
AQP4,-2.9550173
STX1A,-4.044472
ZBTB7B,-4.0913777
NDRG3,-3.9450603
TMEM135,-4.1227655
SLC14A1,-4.101769
H2AFY2,-4.1302896
TM6SF1,-4.2116528
ZMAT1,-3.739391
SMPD1,-5.5076685
MIP,-4.1493917
EBPL,-4.150769
SP2,-4.2199063
LRIF1,-3.940531
TRIM60,-4.258295
LIPN,-4.094428
STRN3,-5.130921
ZNF34,-4.049702
TSPAN33,0.8879914
DPM1,-3.9455302
GPD1L,-2.8268292
AADACL2,-4.0668063
DUSP7,-2.8625684
PRL,-3.942771
TRMT61B,-3.93169
FAM131B,-3.935838
MRPS35,-2.6865208
NDUFV3,-3.915152
ZNF789,-1.8173661
CTTNBP2,-6.164569
UBFD1,-3.6204088
SAMSN1,-4.184471
MTHFD2,-3.7024434
B3GALT1,-4.134814
B3GNT7,1.1832385
GJB4,-2.9491272
ENTPD1,-4.19082
PDZD3,-4.040735
GDF1,-4.0723977
ZNF619,-4.1126504
ACP4,-4.116485
SGO1,-4.0159454
ANKRD65,-4.0656796
PRMT6,-4.0038166
SLC9B2,-4.0847654
GJB2,-4.23872
PGBD2,-3.9364524
GALR3,-4.118906
ZNF510,-4.0487003
ATF7IP2,-4.0937285
SUDS3,-3.8880413
TMEM184B,-2.0473723
CELA3B,-4.1286836
PPP1R32,-4.1960497
MYL6,1.8849206
CRACR2B,-4.087258
KLK9,-4.1312575
HDHD5,-4.1668715
ZNF554,-4.1336527
USP54,-1.6268771
ICAM3,-4.1502523
PLPP3,-4.1200514
SLC22A24,-4.070439
SHCBP1L,-4.0727324
ZNF81,-3.9932103
FOXQ1,-4.1901984
LEXM,-4.066133
CCDC84,-3.8901718
NLRP10,-4.086251
VSIG10,-4.075369
DRC3,-4.1193795
PPP1R37,-4.165738
DNASE1,-4.2096314
CCDC96,-3.9627247
CBARP,-4.050814
PPM1L,-2.7929258
PIP5KL1,-4.0332136
TMPRSS11D,-4.106674
ZNF491,-4.0671344
SERPINB8,-4.1783814
TRAPPC10,-5.256854
JRKL,-4.0777836
WISP2,-4.0958996
UNG,-4.0892506
DCP1B,-4.1633515
MPPED1,-2.045402
COQ9,-4.107453
GSDMA,-4.124608
PINX1,-4.163204
RPS10,-4.103989
PQBP1,-2.7853441
PPM1H,-4.117265
BRMS1L,-4.0875325
HOXA11,-4.1625805
VGF,-3.719079
ATG13,-4.0569205
STX18,-4.040745
BMP15,-0.74026966
TTC29,-4.0981526
BCL3,-4.140336
TMEM43,-0.24691439
TMOD3,-4.0171714
FJX1,-3.575574
ACOT9,-4.137323
SPATA22,-4.0843196
DECR2,-2.0655255
TNFAIP2,-4.0185227
MBNL3,-4.1282406
RAP2B,-4.1085844
TTC22,-4.0813227
MRPS27,-4.1085043
PTGES2,-4.0845604
ENDOU,-4.0885024
PARL,-4.2429442
REXO4,-4.2001357
NDUFAF3,-4.0478578
ALKBH3,-4.179736
ZNF503,-3.8302684
CAMK4,-4.141266
SEMG2,-4.0701113
ADIPOR1,-4.114259
FAM57A,-4.122867
MSLN,-1.9521046
TRIM56,-4.2214518
RNF212,-2.0054793
SCO1,-2.974241
PCDHB12,-4.0993886
RPS26,-4.0816326
SEPT14,-4.093023
ZNF436,-3.7634752
ACOT2,-2.917886
ZNF513,-4.079868
CADM4,1.2982941
SAGE1,-4.072425
RHAG,-4.077263
C11orf80,-4.2012444
TRIB1,-3.950047
MAGEE1,-3.89193
AHSA1,-3.8855643
GTF2F1,-3.9435906
PRRC1,-1.9910455
TAL1,-3.9415102
FAM114A2,-3.9666994
STK33,-4.048832
CALB1,-3.6122906
SLC52A2,-4.1948147
ALX3,-4.166633
TSPAN18,-4.062468
NTHL1,-4.278251
PTCHD1,-3.9821305
KCNC2,-5.4902477
DNAJB1,-3.792055
RANBP3L,-4.0929904
CCDC71,-2.8798795
VASP,-4.266007
GLT8D1,-3.9689128
SLC5A5,-5.5774636
RTN4IP1,-4.155413
MSANTD4,3.987009
ZNF502,-3.9159927
SHISA6,-3.585292
PABPN1,-4.1920013
SPAM1,-4.0978036
ZBTB33,-3.9319692
C17orf80,-1.7839153
ABR,0.08976698
HOXC11,-2.8717415
TADA2B,-4.1042433
GORASP2,-4.0878115
MPDU1,-4.1725926
FGL2,-4.1727333
HSD3B2,-4.134559
FCAMR,-4.07915
SYT17,-4.0478344
CABYR,-4.1752853
MED27,-3.9259825
TNFRSF11A,-4.0956817
MFNG,-4.3087173
LILRA6,-4.060941
RPAP2,-3.919966
FAM114A1,-4.2127757
CTTNBP2NL,-3.676018
FOLR1,-1.9936333
IKBIP,-1.9766252
ADRB1,-2.9934793
FEZF1,-4.133154
SAPCD2,-4.0820947
TOX,-3.7327342
ZBED6,-1.9024944
SFXN2,-4.2783647
C5orf38,-4.0533767
RAB1B,-2.0902421
TICAM2,-4.0857387
ZNF721,-3.941405
LTBR,-4.1230793
FBXO43,-4.0226254
HOXD12,-4.1160307
TDRKH,-4.0282106
PAIP1,-3.7717793
ALCAM,-1.5922723
RCAN1,-3.9054532
SNX31,-4.1749825
HYAL1,-2.8157334
ADRA1B,-4.1291394
DHRS7B,-4.1805563
UBR5,-10.405238
PRSS27,-4.185608
KLF4,-4.047848
DDRGK1,-4.1618333
ATP6V0D2,-4.1611342
SLC16A13,-4.1006103
TMCO1,-3.950693
FGF17,-4.242617
ZBTB34,-3.8915749
IL22RA1,-1.9804838
BLM,-5.427784
PUS7L,-3.7928398
ZNF350,-3.9865363
UTP3,-1.9870698
ATMIN,-3.7070856
SNX11,-4.18872
SHH,-5.62593
MFSD4B,-4.0752425
GUCY1A1,-5.0484395
HTR1B,-4.1434035
CDKL1,-2.8901315
HSDL1,-2.648843
ANKUB1,-4.0852046
ERGIC1,-4.0348744
EFCAB3,-4.0733223
SLC26A5,-5.4531703
CHMP4C,-4.1132417
MBP,-1.9789
FAM189A2,-4.1251225
CPA4,-3.9598646
BFAR,-3.9611614
ARID3B,-4.0689754
FOXD4L1,-4.1894817
NAA30,-3.8433864
PTK2,-3.9566407
CNN2,-4.141937
SFTPB,-4.2691984
GAS8,-4.1407256
GMEB2,-4.044544
PRSS3,-4.1685314
HPR,-4.1346083
EME1,-4.1624074
TTC23,-4.1907907
FBXL12,-4.1332874
TRA2B,-3.628839
GCNT3,-1.9971633
CEP57L1,-4.0379853
ATP5F1C,-2.5872934
PYCR3,-4.1867104
PCBP3,-4.16733
MUCL3,-4.131769
SSBP2,-2.4879973
RFX1,-4.044031
RBFOX3,-4.223714
EDIL3,-5.038352
PCNX2,-7.437051
TGIF1,-4.1835594
CIRBP,1.15657
UGT8,-4.213172
C5,-6.2620015
ABHD11,-2.170943
CLDN7,-4.06388
NUDT9,-4.0838966
IL2RG,-4.1597304
TADA3,-2.9033191
ZFP37,-4.026422
MX2,-4.147565
IL21R,-4.1381927
TRIM22,-4.202162
EN1,-2.2044594
UNC5CL,-4.091845
C17orf75,-3.9480662
NODAL,-4.0386386
FBXO32,-0.62559986
ADPRM,-4.2012033
DNAJB4,-3.8592243
ZNF662,-3.811074
MIEF2,-3.9684255
BEND7,-3.930239
SMUG1,-4.1771173
DGAT2L6,-4.11404
EIF4E2,-3.9389243
CLDN3,-4.235519
PCMTD1,-3.7823012
BAZ1B,-5.653381
CALB2,-4.038343
OVGP1,-4.1194897
SS18,-3.9974742
CPQ,-4.165531
IL20RA,-4.076359
SMYD1,-4.128121
SSC5D,-5.392174
DACT3,-3.7153797
ZNF214,-2.1147141
ANKRD33B,-4.2151623
ZNF641,-3.9407144
RNF32,-4.080947
FKBP6,-4.131092
CKAP2,-3.866409
HDX,-3.9019022
CREB3L1,-4.1555734
ATOH8,-4.250628
TFAM,-3.84503
C7orf25,-4.272086
RAB33B,-4.218278
NME7,-3.9171028
MYF5,-2.0734117
TOX3,-1.1808958
MYZAP,-4.1335287
VTI1A,-4.0370927
PPM1F,-4.0865307
ZNF415,-3.95564
PHOX2B,-2.650745
NAP1L4,-3.7709935
CA9,-4.1387596
SLC15A3,-4.1828346
SULT4A1,-3.8530965
FRMD5,-5.3597603
THRAP3,-5.2298656
SMYD3,-4.187421
SLC7A13,-4.120908
PCYOX1L,-4.1854463
RNF144B,-4.1397004
HERPUD2,-3.8807
LGMN,-4.2019386
SKP2,-4.1271315
ZAR1,-4.1038218
DUSP10,-3.725321
SLC17A4,-4.135776
MS4A14,-4.1320415
PPIE,-4.1455226
IGSF21,-1.9694986
LEKR1,-4.1190753
GJB5,-2.945429
KDM8,-4.1314573
CCT3,-5.176779
RBM4B,-3.8164754
MARCH9,-4.119366
MKRN2,-4.076524
MIER2,-4.099592
TCEA1,-3.967257
TBXA2R,-4.193628
BMP10,-2.0446568
PABPN1L,-2.8634317
NAP1L1,-3.5820746
LNPK,-3.9182816
HYAL4,-4.1586657
NMUR1,-4.202632
POLR1E,-4.0708647
MYF6,-0.8592615
PJVK,-4.132861
RASL10B,-4.2862267
SLC38A2,-3.7385755
RMI1,-4.1204977
UGT3A2,-4.1078343
DNAAF2,-4.036681
UGT2B7,-4.1247234
ANXA4,-4.1310825
RAD23A,-4.0849686
PSMB4,-3.8763173
MAP3K8,-4.2426395
APRT,-4.281499
CAPZB,-4.057833
DLK1,-3.976871
CCDC65,-4.1805778
NAPSA,-4.1898313
DNASE1L2,-4.1152077
ADORA2A,-4.124848
ZNF254,-3.7397432
SLC25A45,-4.294183
PJA2,-3.543539
GRK1,-2.0134084
IFIT5,-3.8384674
CTDSP1,-2.070607
NUFIP2,-3.5773346
RNLS,-4.2231703
DGKQ,-5.543179
RAB4B,-4.1107345
PSTPIP1,-4.135583
CACNG7,-3.760385
GSX2,-4.196448
RNF39,-2.0053093
SLCO6A1,-4.1559863
ZIM2,-3.880435
PPP2CB,-3.825699
TRIM50,-4.1316724
SLC35E1,-3.9070492
ADAM29,-4.072876
ZNF776,-1.7954082
ZNF319,-4.1827927
SFRP4,-4.191982
CRYBA1,-4.2436023
LRRC24,-4.0309725
ZNF398,-2.6938162
ZNF30,-1.8963475
MVB12B,-3.4790428
DTX2,-4.299457
TRIM65,-4.2071533
FAAH2,-4.098567
ZBTB25,-4.219808
CETP,-4.14657
SLC39A4,-4.2285204
SLC17A3,-2.8599932
DEDD,-4.080331
LRRN4,-4.116998
CDK5,-4.2215886
G6PC2,-4.1467466
APOBEC3D,-4.1114964
SOX12,-2.6605415
TFB1M,-4.102461
ADCY1,-6.386143
HSD17B8,-2.9974422
LRRC23,-4.1027102
ST3GAL5,-3.7910254
RFC3,-4.0880346
METTL2A,-3.9060605
ACY3,-4.2966895
SVOP,-3.960226
SLC39A13,-4.1264486
NIPSNAP2,-3.9769242
ROM1,-4.184303
RAB8A,-4.2207355
ST8SIA5,-4.1941214
TMEM198,-4.2292323
RMND1,-4.062252
ZNF652,-3.7461472
MAGED2,1.1181006
TRMT2B,-4.265497
VKORC1L1,-3.8251662
GDF2,-2.0575087
IFT57,-4.006616
FOXD2,-3.8955755
TSG101,-3.9523447
ARHGAP1,-4.0355773
CKAP2L,-4.09335
POT1,-4.2484884
OLA1,-1.8749645
SDF2L1,-3.0577173
NPFFR2,-4.153199
DNASE2B,-4.1177773
DEGS2,-4.188586
KRR1,-3.8396478
ZNF35,-3.9897819
HAPLN2,-4.129278
RS1,-4.1932006
CENPN,-4.1469193
ZSCAN25,-4.073368
EFNA3,-3.9424033
RBMS3,-3.6590896
TESPA1,-4.1353965
TENT5B,-1.0524521
BTN2A2,-4.129195
CARNMT1,-4.106326
UTP11,-4.0034547
APOA5,-4.1614575
NDE1,-4.1923757
SLC46A1,-4.181334
ZNF23,-3.9692874
CSNK1A1,-3.734174
RABEPK,-4.1709404
TBC1D32,-5.266208
CD5,-2.001854
TRABD2A,-4.185883
RRP8,-4.0163856
E2F3,-4.228097
ABHD8,-4.1958785
TCTE1,-4.1372423
SPAG4,-4.127344
HOXB8,-4.144359
CLYBL,-4.147966
BCL6B,-4.226523
IGLON5,-3.7020757
RAB5B,-3.5021887
AASS,-5.3058763
SFXN5,-4.3480062
DMRTA1,-4.1842375
CALR,-4.029995
CSNK1G2,-4.008422
DUSP4,-3.6287723
PDIA3,-3.951224
PACSIN1,-4.178558
ANKRD33,-4.150944
GTF2B,-3.925617
NPTN,-3.8174353
TBC1D22A,-4.1091595
SCTR,-2.914786
ZDHHC3,-4.1647887
NECAB3,-4.1452303
SLC25A51,-4.272466
ARL8A,-3.7569175
GAK,-5.5129232
STK19,-4.030367
MYOZ3,-4.139838
ZNF540,-4.1794834
ZNF233,-4.118897
POLR2F,-2.7072067
EMC3,-4.0998373
SHBG,-4.170708
WDR47,-4.9719424
TLE6,-4.0942936
SUPT3H,-2.119897
ARFIP1,-4.126459
SNPH,-3.96818
C9orf43,-4.1617026
MAPK1,-3.891347
ZNF300,-3.6539109
B3GAT2,-2.9615123
CPA5,-2.0156374
KDM4E,-4.1257834
SH2D2A,-4.1577363
ZFPL1,-2.064796
HOXB13,-2.0868404
FAM83C,-4.1251807
CYBA,-4.3412743
ABRA,-4.155547
SERINC3,-3.8229084
BACE2,-4.2642236
KPRP,-4.111735
TNIP3,-4.102787
WDR92,-4.1952114
OPRK1,-3.8779447
GLMN,-4.1415734
AGT,-4.1961584
SMAP1,-3.8281615
GCH1,-2.831142
ZSCAN21,-4.1473165
RRAGD,-4.0852814
USP9X,-8.571245
POMC,-3.0351756
C11orf96,-3.7596965
ADGRB1,-3.9160051
ZNF526,-4.188756
SLC30A3,-2.0144324
PRMT3,-4.272425
CCDC86,-4.1532946
UBE2J1,-1.6591492
SOX21,-4.1229215
C8orf34,-4.1698375
B4GALT5,-3.7956254
CCDC137,-4.228264
NHLRC3,-4.0606356
SERPINE1,-3.0067534
CREB3L2,-4.150447
ST3GAL2,-4.1136928
PCYT1B,-4.237182
ASB5,-4.1514444
POU5F1B,-4.1147976
NECAP2,-4.0000834
RBP4,-4.1692533
MPV17,-4.146386
GAS2,-4.306234
GABPB2,-4.1979337
RPL18A,-3.7207422
OGFRL1,-4.1750684
FAM124A,-4.0306168
COQ5,-3.934956
GZMB,-4.1591187
IL23R,-1.9866538
AGK,-4.052906
SLC46A2,-4.163876
NPHS1,-5.1885443
PCDHB8,-4.1821594
ZNF648,-4.122096
CLUAP1,-3.9554098
KBTBD13,-4.197676
SLC16A2,-0.8540249
PGGT1B,-4.179502
PSMD8,-4.006561
WIPF2,-3.9419346
MFSD9,-4.1922584
THOC6,-4.2619247
EXTL2,-3.8846443
CWC27,-3.9515088
ADK,-4.1907473
B4GALT6,-2.7489612
CAP2,-4.08888
CERS1,-4.125185
LANCL1,-3.875718
VWA1,-4.301534
REEP3,2.0988069
DIRC2,-2.9098175
TMOD2,-1.6395133
GPR142,-4.1492786
STAC,-2.026258
TAB1,-4.205108
PNMA3,-4.0619717
GNPTG,-3.0296164
PAQR6,-4.261018
C11orf49,-1.989286
SKAP1,-4.1393857
TCEA2,-4.0684414
FBXO44,-4.19667
GAL3ST3,-4.2258806
SASH3,-4.259228
ATXN10,-3.9253893
LACTB,-4.0581365
SFXN1,-4.0447044
PEX3,-4.207864
FBXO28,-4.145698
IRX1,-3.7739568
GPR137B,-4.158586
ARG1,-4.1919847
RNF219,-2.0138988
TEX9,-4.2000527
P4HB,-4.097259
ANKRD54,-4.186672
CDC7,-3.9777927
LPO,-3.2883782
TRAPPC4,-3.8366203
ZNF836,-4.1391983
SMS,-4.024089
CALCRL,-4.0282345
TRMT11,-4.0983953
SRSF2,-1.8114212
IKZF3,-4.232359
ZKSCAN4,-4.1634564
ZBTB22,-4.1246133
GBGT1,-4.175695
TRIM58,-4.1775556
PLOD2,-3.0819502
KCTD8,-1.7507603
CIAO1,-3.8565505
AGA,-4.2564087
ADAM2,-4.1487923
RFC2,-4.315722
MBOAT4,-4.1437926
SMYD5,-4.249833
ST6GALNAC6,-4.2133403
STK17A,-2.234359
SLC8A1,-4.972395
SPATA6,-4.1629443
RPL10L,-4.3584313
ZNF573,-4.07993
FGF3,-4.2115602
RDH11,-3.8809166
ZNF385A,-4.2321978
DUSP1,-3.8492663
CUTC,-2.8486712
SYT11,-2.4306767
SDE2,-3.9140017
FICD,-2.877039
B4GALT4,-1.9855165
ITGA5,-4.3169413
PPP2CA,-2.6126592
SLC39A14,-4.2490535
SLC16A3,-4.2822304
FAM83F,-4.142802
PRKCB,2.6843514
CCDC120,-4.18692
NT5C3B,-3.9606595
NECAB2,-4.0648913
POU1F1,-4.1740446
PRKACA,-1.7779467
SIRT2,-4.071007
NR1H2,-5.655019
HSPB1,-4.2594657
INPP5D,-6.91265
NSUN6,-3.9491954
SLC16A9,-1.614248
AP5B1,-4.1170764
SNX5,-4.0998883
ECH1,-4.069302
MYLK2,-4.2542057
NKX2-4,-4.2511687
TRADD,-4.2175865
FAM98C,-4.2157183
HOXA5,-4.321608
GRSF1,-3.9391267
NOSIP,-4.2043576
RIOK1,-4.033501
PIP4P2,-2.7801213
MROH1,-4.1733294
GJD4,-4.2030115
HMX2,-4.1652384
EFCAB14,-4.079694
SERPING1,-2.9447622
PROZ,-2.9292352
FCRL4,-4.038737
DDI1,-4.1508293
UGT2B10,-1.9438095
CCDC82,-3.6462355
PRTFDC1,-4.2197366
ZNF671,-4.0515666
VCAM1,-3.8850553
SCAP,-5.179614
UBXN4,-3.774766
BTBD18,-4.2357326
TNFRSF11B,-4.1791706
CEP72,-4.211562
IRGQ,-3.6156948
LIPA,-4.2304425
TSN,-3.8751228
TEKT2,-4.2095995
ZSWIM3,-2.0692282
FAM155A,-3.3127723
DOCK5,-7.576172
FAM131A,-1.9124751
ASRGL1,-4.096267
NIF3L1,-4.2111597
FBXL7,-4.2294335
HOXA1,-4.209653
KCTD13,-2.0237665
TRIM10,-4.1346965
GSX1,-4.304958
DCPS,-4.251378
ACOT4,-4.21463
KIAA1328,-4.1779857
PLPPR5,-3.9631193
TEDC2,-4.3176312
TMEFF2,1.4035878
METTL1,-4.1399016
HSD17B14,-2.195614
STAR,-4.142658
WWC3,-5.2878637
CD82,-2.1927586
PARVB,-4.2516274
UTP18,-4.1710916
TC2N,-4.143459
SLC6A17,-4.363115
CYP2F1,-4.1871595
ACIN1,-5.7919965
CRTC1,-4.1019926
ING5,-2.0523636
SLC41A2,-4.1185174
XKR8,-4.2031827
CCDC60,-4.1535044
TAF5,-5.475055
BHMT,-4.1346965
PEX16,-4.2958317
C1QTNF1,-4.217036
SERPINB6,-1.1091151
MAP6,-1.2765508
FAM49B,-3.9637384
FOXE1,-4.301611
KCNIP2,-4.2822065
ZDHHC1,-4.249708
CEP78,-4.1800966
MGME1,-4.221802
HOXA2,-4.2086363
SGK494,-4.1418447
RUSC2,-5.185265
RSPO2,-3.9355967
ZBTB3,-4.240454
NELFA,-3.974666
LILRB5,-4.1656194
DMRT3,-4.1134295
HTR7,-4.091681
HYLS1,-4.2084026
WSB2,-3.6702588
DHRS7,-3.9925106
TGDS,-4.3094625
RNPEPL1,-2.1067066
ZNF782,-3.936397
SLC35F6,-3.0624523
DMRT2,-4.1996217
HMG20B,-1.2604027
ERG,-4.2303495
OXTR,-4.1082034
SLC24A5,-4.3153176
DENND3,-5.5089006
SLC36A1,-4.076954
NAMPT,-3.9004767
HSPBAP1,-4.2524796
SRR,-4.2273574
CATSPER3,-4.1795607
INHBE,-4.1759105
ARRB1,-4.0028462
PSKH1,-4.1527195
FOXR1,-4.185189
RNF175,-1.8383918
SLC16A4,-4.281034
OPHN1,-4.099709
TENT5A,-3.8156888
GATA1,-4.248134
PLEKHO2,-4.2076793
MIER3,-4.0384254
REPS2,0.54510593
RIMKLB,-3.8793006
TSPAN15,-4.3618507
C1QTNF2,-3.0048203
PLPP1,-2.0840445
SAE1,-4.023534
DAW1,-4.2139115
FEN1,-4.2422895
STK32A,-4.161732
STXBP4,-2.9043233
BTNL9,-4.0814657
SERINC1,-1.441894
ASCC1,-4.0795307
LOXHD1,-3.9818847
G6PC3,-4.277269
MOB3C,-4.3144846
ATP6V0D1,-2.9891253
UBXN7,-3.8412228
DRD3,-4.200165
DYNC1LI2,-3.638602
BRD1,-6.077138
PCDHB3,-4.1466126
HHEX,-4.3503113
CREB5,-4.0746436
CELF5,-3.3918467
NEUROD6,-4.2375712
ENPP1,-4.156638
FRYL,-8.521795
ZNF264,-4.0215654
SLC30A1,-4.225543
ST6GAL2,-3.6019146
HAPLN1,-4.276254
SAMD14,-3.9285016
ENPP4,-4.141343
P3H4,-4.1410427
MAP7D3,-2.0291886
STAC3,-4.265366
ZNF527,-4.0447006
EMX1,-3.1975148
SH3D21,-4.17272
RGPD4,-4.0481024
MTCH2,-4.0859833
CTSE,-0.79333925
ZNF277,-4.066808
TRIM4,-4.18729
RPAP1,-2.975606
VHL,-2.284164
AZIN2,-4.006585
RAB11A,-3.8041213
ARSB,-4.3057175
TTC21B,-6.04545
ZNF132,-4.125932
TAF9,-4.106571
GALNTL5,-4.163296
B3GNT6,-4.243119
NXPE3,-4.0283904
UNC93A,-4.1778655
SPATA7,-4.134002
METTL22,-4.107609
DRGX,-3.0105455
KIF25,-4.1913066
GCM1,-4.183187
TCERG1L,-4.2224307
RPS2,-2.6631343
MYCL,-4.1920543
MAN2A1,-6.2887135
LIG1,-5.411187
ZNF675,-4.014679
APOE,-4.2889953
NDUFA13,-3.880498
LINGO4,-4.205973
CACNG2,-2.489472
RASSF1,-4.1400976
ZNF829,-4.180936
CDK20,-2.122428
POLE2,-4.296211
UBE2Q2,-3.7374604
IKZF4,-1.4753957
HOXC10,-4.233108
RNF2,-3.8575456
TXNDC16,-3.9855285
NKPD1,-4.2064633
HSF5,-4.1801596
VRK3,-4.1652155
ZNF33B,-3.7655554
HOXB1,-4.198426
NMNAT3,-4.2643256
ENPP5,-4.262648
DAB1,-4.2461314
GFAP,-5.6275063
OGFOD2,-4.346016
CADM3,-3.8712182
MECR,-4.273091
DDB2,-4.273917
BCKDK,-4.2979608
PDE5A,-5.157578
FIBP,-4.0921073
CELA2A,-4.236785
GBX1,-4.2127943
TOR2A,-4.287318
RAD51D,-4.358365
GRWD1,-4.2088313
SLC25A21,-4.2130995
TBP,-4.0618773
RAB39A,-3.042645
ABHD12,-4.177884
PRSS35,-4.2049966
VIT,-5.514357
RETREG3,-4.102234
SPOCK1,-3.701905
VMP1,-4.086606
USP20,-3.1527555
PLEKHA2,-4.2616696
UST,-3.1108136
CTSS,-4.352314
TUBB6,-4.372715
STX3,-4.0971856
SSBP4,-3.7838476
DRD5,-4.2551985
HRC,-4.1787834
KDELC2,-4.17869
ZNF613,-4.139505
C2orf78,-4.0288286
PIGS,-4.197462
KLHDC9,-4.0611987
FOXD4,-4.2407284
CASC4,-3.8901186
GOPC,-3.7761526
CRELD2,-4.169534
C7orf31,-4.1120567
PRDM7,-4.141397
NFKBIE,-4.155265
CYFIP1,-6.803485
EI24,-3.76793
PPM1A,-3.7609777
ABHD2,-3.9795718
DLX6,-4.1770215
UFSP2,-4.022213
EFNB2,-2.8664362
VRK1,-4.181089
ZNF471,-3.7573326
FBXL6,-4.2143717
NSDHL,-4.2780643
CTD-3088G3.8,-4.1533604
REEP2,-4.089334
GPR61,-4.1581044
CNOT9,-4.042174
ANKRD16,-4.17086
METTL4,-4.1939316
NKX6-2,-4.1566
EHF,-4.218112
CTSW,-4.2019997
RAPGEFL1,-4.2492976
TACR3,-4.1126647
PPP1R15B,-3.8954895
ZNF766,-4.190814
MTG2,-4.2928267
MMP21,-4.217968
ATP6AP1,-3.9956017
WDSUB1,-4.030632
LMAN2,-4.3238673
UGT2A3,-2.0525787
RP11-723O4.6,-4.1718993
IFI16,-4.1856823
FSD1,-4.1237664
TRIM47,-4.2749085
FMO2,-4.1852856
CDC6,-4.2531457
RNPC3,-3.8638983
C1QTNF9B,-4.2066836
ZNF449,-4.0733976
GABPB1,0.662745
BOC,-5.3852997
TMCO6,-4.21841
RNMT,-3.7144074
MPST,-4.326275
FAM92A,-3.993827
ATF7,-4.1784782
PROSER3,-4.0871925
HOXB2,-4.249849
FN3K,-4.215172
GSG1L,-4.20407
MRM3,-4.380029
ZNF324,10.743749
RIT1,-4.1193924
CYP20A1,-3.8827033
TANK,-4.1351504
CAMK1G,-4.1394987
MYH11,-6.842966
AFM,-4.190087
GPN3,-4.225695
GPRASP2,-4.17624
HMCES,-4.1846085
CSRNP2,-3.8690495
DDX53,-4.162428
NAPG,0.9089837
SH3GLB2,-4.166863
ABHD3,-4.2790875
FDPS,-4.0113034
RPL7,-3.761725
CFHR4,-4.1717033
ACTRT2,-4.298713
CPN1,-2.9715633
HOMER1,-4.0806937
FASTKD2,-4.084797
MCMDC2,-4.3032727
RIBC1,-4.192851
DNAAF4,-4.276947
SIGIRR,-4.325914
AKAP8,-3.9919982
ANGPTL4,-4.274956
UGP2,-4.035823
PRPS1,-3.1379251
RFFL,0.6658926
ZNF746,-4.124242
GET4,-4.200055
MARCH1,-4.1711607
KIAA1586,-3.9458416
BBS1,-5.411228
MED26,-4.000856
TRPV6,-5.5688996
PARP3,-4.1941376
GPR108,-4.313041
CYP7A1,-4.2092457
PITPNM3,-4.1253266
MEX3A,-3.6535609
SHOC2,-3.819297
CEP152,-6.241956
FAM198A,-4.1796
SMPD2,-4.299716
CPB1,-4.1935716
PSTPIP2,-4.2046895
TBRG1,-4.007204
TTLL10,-4.162178
KDM4D,-4.2568192
CWC25,-4.02528
MUM1L1,-4.167546
SRSF5,-3.7411413
TMEM237,-4.184298
POGK,-3.9406252
ACBD5,-4.024855
WASF3,-4.1148043
GFRA1,8.23758
TMEM184C,-2.7845478
DBT,-4.165464
POFUT1,-3.0130103
ATPAF2,-0.98948
PDK4,-4.266871
MIIP,-4.0540633
TCAIM,-4.074727
RAB11B,-4.296309
TMEM231,-3.0345922
LGALS3BP,-2.1615984
CAPNS1,-3.9921012
EIF2S2,-4.0096974
PIGW,-2.9782934
FBXO34,-4.119862
ZNF567,-4.194926
AMDHD1,-4.240877
ATG4D,-4.3655195
TNNI1,-4.2904387
C17orf47,-4.1656075
THBD,-4.2326517
UTP14C,-3.955669
OXSM,-4.2553844
SLX4,0.45565414
NIPSNAP1,-4.1196322
LMBRD1,-4.08535
AMN,-4.2469764
LRRTM1,-4.2521477
SLC25A40,-4.2471304
SLC25A33,-4.176314
PRPSAP2,-4.0844784
NKX3-2,-4.315541
HTR2A,-4.0677814
PRDM4,-4.0083756
TMEM79,-4.1883364
ZNF786,-4.234599
MTDH,-3.750484
TMPRSS11E,-4.201304
ZSCAN31,-4.2076497
HYI,-2.7758632
DNAJC18,-2.5871403
MCM3AP,-2.7319248
TRIB3,-2.1451848
LRRD1,-4.1666465
FAM50A,-4.2461267
PI4K2B,-4.1137447
CASP2,-3.9987
MVD,-4.171804
ZBED5,-3.919684
STK32B,-4.076394
NAPA,-4.075139
TRMT13,-3.9152138
CES1,-4.2638555
DAB2,-4.198341
ZNF808,-4.2141695
OPN4,-2.1173139
GPR149,-4.172745
FOXI1,-3.06244
PCDHB16,-4.2082663
CD36,-4.3109646
RAB6A,-4.0544486
WIF1,-4.228096
RNF180,-4.0944333
GABPA,-4.171168
MLIP,-4.2133346
SYT6,-4.005748
HOXA10,-4.223039
B3GALT2,-3.7379851
TICAM1,-4.2218714
SLC39A5,-4.1830506
CACNG8,-4.139215
NIPAL1,-4.281626
ZNF653,-4.251713
RELT,-4.323841
FHOD3,-6.162314
CCDC102B,-4.2758117
SASS6,-3.995331
CHMP7,-4.1716537
FBXO46,-3.9699497
RPRD1B,-2.0204973
PCDHB10,-4.021727
ACAT2,-4.0620627
CARD9,-4.3007755
B3GNTL1,-4.337048
MMP13,-4.210155
ZNF77,-4.1589317
NDRG2,-4.1883965
HOXB9,-4.30167
RAB5C,-4.1503167
HRH3,-4.15292
HTR1A,-4.221493
FAM227B,-4.25806
CENPT,-4.2500086
IP6K1,-4.1572485
CTSH,-4.356855
STAG1,-6.15302
CRK,-2.6736667
TACR1,-4.2670813
KM-PA-2,-4.180173
HSD11B1L,-3.8724756
FUT7,-4.1916656
GFRA2,-4.12243
TMEM120B,-4.272949
GLYCTK,-4.1884475
PTPN3,-6.2489486
TFG,-4.0721583
NLRP1,-3.4884012
CDC25A,-4.2683992
SH3GL2,-4.3080525
GADL1,-4.247351
RSRC1,-4.0471506
CLDN16,-4.320861
SEPT2,-4.223666
CYLD,-0.31218338
HACD3,-3.8347893
PIK3R6,-4.2359834
LAG3,-4.2542815
ZNF207,-3.9870088
RNF170,-4.2071805
CAGE1,-4.167366
ZNF672,-4.27621
CCDC62,-4.121914
RAB15,-4.0260267
CERKL,-4.2085867
HIF1AN,-4.2299333
LRIT1,-4.1954026
NBEA,18.457159
SLC46A3,-4.350193
ZDHHC23,-4.2501974
AURKB,-4.264283
GJB6,-4.304156
ZKSCAN3,-4.1704082
ISLR2,-3.7471125
PIGZ,-4.2494755
RAB26,-4.355426
SLC13A5,-4.3128457
TCP11L2,-4.204951
FAHD2A,-3.1910617
RAB25,-4.270571
RRP36,-4.076936
EPHX2,-4.3249407
METTL25,-4.213565
PXYLP1,-3.6032429
AGMAT,-3.0260143
PSMD13,-3.965128
STAG3,-1.0954757
PPP1CC,-3.9534645
SCRN2,-4.288747
PPP1R15A,-3.989176
SLC16A5,-2.1445994
PCYOX1,-3.9128327
DPYSL3,-3.61478
NTF3,-3.0052652
PNPO,-4.3715215
ELF2,-4.1289196
XK,-2.8832273
TNIP2,-4.3539534
DLX5,-4.2197933
AQP3,0.9756012
RDH10,-4.3439183
FAM49A,0.7869954
ARAF,-5.54741
ATP9A,-7.3487716
PASD1,-4.1778107
ZNF582,-2.1958811
HTATSF1,-3.7791512
RINL,-4.279231
TRMT5,-2.13381
KIAA2012,-4.250339
SMC6,-3.0483022
PIAS4,-2.9315252
LSM14A,-1.875093
FSCN1,-3.8896263
CASS4,-4.165324
REXO5,-4.1897264
ZNF365,-4.254272
SLC16A8,-4.308311
HAO2,-4.196777
IL1RAPL2,-4.210133
MYOT,-4.239653
DCAF8L1,-4.193642
CLVS2,-3.8923063
ENO4,-4.2509747
WEE2,-4.2417464
BHLHE23,-4.302891
ARHGAP40,0.5780821
NIPA1,-2.6549315
MTHFSD,-4.326861
SYNC,-4.149688
GBP5,-4.2211432
EDNRA,-3.8549547
APOBEC3F,-4.261922
ZNF704,-3.863323
CLIC5,-4.317628
BAIAP2L2,-4.2362227
UBIAD1,-4.2463884
LRRC43,-4.167555
CAST,-4.257897
ZNF24,-3.8127935
PRMT1,-2.8365831
FBXO5,-4.34733
GBP4,-4.3336535
ELF3,-4.052384
R3HCC1L,-4.180601
SCN1B,-4.2564397
PLEKHB2,-3.9343944
ZNF397,-3.8146563
ATP6V1A,-3.7392244
DSEL,-5.5130057
SMOC1,-2.742074
SEMA6C,-4.0014834
UCP1,-4.288188
GP6,-4.30178
ASAP2,-2.9333591
MYD88,-3.0547504
RBMS1,-3.6918912
NYX,-4.288824
CCDC185,-4.188509
PITPNC1,-3.9888742
CACNB2,-5.5523953
LASP1,-3.8359063
BROX,-4.13597
RAE1,-4.1286125
HAPLN4,-4.2612658
ZNF283,-4.2291822
SHB,-4.338813
ANGPT4,-4.2284465
NOC4L,-4.2685347
STRN,-5.213073
TRAM1,-4.2704654
ZNF665,-4.2881465
TAPBPL,-4.232158
GJD3,-4.1528645
EIF3E,-4.0683794
ERICH6,-4.2391667
LMOD3,-4.1484184
CYP3A7,-2.1124277
RHO,-4.316303
DBNL,-4.1202984
ATP6V1D,2.151246
IRAK3,-4.256964
FAM222B,-1.6406994
ZNF394,-4.2364755
UBR1,-5.3313766
EHBP1L1,-6.3656573
WAPL,-5.3104296
KLHDC7B,-4.21455
HOXA4,-4.257739
HIRIP3,-4.176813
ZNF750,-2.1077352
GDF7,-4.291542
ACP5,-4.2431407
RHBG,-4.255918
PARP15,-4.2560296
CHST10,-4.171535
SLC6A3,-4.9916563
TRIM16,-4.1947436
RSAD1,-4.2336493
ETNK2,5.141839
FCRL5,-4.1993003
NDUFAF6,-2.2332447
VSX1,-4.3230243
SNRNP40,-4.227893
DHPS,-4.113532
SEPT3,-4.2397532
NDUFAF5,-2.8627355
MORN1,-2.0404987
MMP11,-4.257091
NBEAL2,-7.8944664
RMDN2,-4.101023
TSC22D2,-4.070644
ST6GALNAC1,-4.244463
CRTAP,-2.2065845
MAP2K3,-4.196193
CDC123,-4.0486536
ARAP3,-6.3903346
SLC8A3,-5.386172
EYA1,-4.2729354
RBAK,-4.069439
SH2B2,-4.297339
RIPK3,-4.2224035
TDG,-3.828688
LRIG3,-5.61018
TRAIP,-4.307717
NOG,-3.1093926
DNAJC28,-4.2521505
CCDC155,-2.0961752
ALLC,-4.2236013
TRMT12,-4.2083354
PGAM1,-4.252165
SBDS,-2.7721052
SNX33,-4.302689
SURF1,-4.3337235
FAM43A,-4.308698
TMEM184A,-3.045314
PSRC1,-4.2244883
SH3GL3,-4.121832
DLX2,-4.177417
NEUROD1,-4.218681
SPATS2L,-3.8191476
SQOR,-4.339014
RNF214,-4.1714373
TPRA1,-2.9962711
SLC18B1,-4.293587
ZACN,-4.25191
ILF2,-3.7826345
AQP2,-4.3176827
IRAK4,-4.426106
HTR4,-4.1612473
M1AP,-4.21814
MARCH4,-4.227468
C6orf222,-4.198848
PDXK,-4.270099
IVL,-4.1993046
ECI1,-4.4061613
SLC25A36,-3.593923
POLD3,-4.16541
OSGEP,-4.1035514
UBR7,-1.978446
CNST,-4.094761
IFRD1,-3.8429675
GRM7,-5.6732516
ZNF148,-0.34138107
ZNF565,-4.1859193
MLST8,-4.2931848
AP3B1,-5.5202928
ZNF614,-3.9328306
GLT1D1,-4.2719793
ERICH6B,-4.2234926
PAX6,-5.4664407
MRPL43,-4.129152
SLCO1A2,-4.2434196
FOSL1,-4.1997995
CD37,-4.3182154
CELF1,-0.17803049
MDH2,-4.0938396
EPM2AIP1,-3.6853426
RNF121,-4.346406
QRFPR,-4.2705016
CPA3,-4.214221
ZNF607,-4.0473905
PCDHB2,-4.0742497
NSMCE4A,-4.265624
FUT1,-4.3967667
METTL15,-4.2246246
ANKRD34A,-4.292501
GRIN3A,-2.2816083
FUT11,-2.283462
CLDN10,-4.417065
TEDC1,-4.247804
PACSIN3,-4.310317
ADRA2A,-4.00533
WDFY2,-4.236052
ZNF564,-4.2788844
TIAL1,-4.047201
NDUFS3,-4.195387
ADRA2B,-4.261818
GPC3,-4.250502
DCK,-2.1087518
WASF2,-4.195984
CRBN,-3.9835367
FHL1,-3.9094434
RIPK2,-4.372641
GPR137,-4.26241
CYP2C8,-4.211892
GAMT,-4.424754
MCU,-2.005526
CYP39A1,-4.3339953
ZNF41,-4.221101
RTCA,-2.9191065
ZNF569,-4.251169
SPTAN1,-6.293432
PTGER3,-4.0979614
FOXK2,-2.0856936
MXRA8,-4.257816
SERINC2,-4.334842
ZNF616,-4.214424
RBM46,-4.2362275
ZDHHC6,-4.1909204
CLCC1,-4.2596097
NAGPA,-4.3510447
ZNF528,-4.072625
MRPS30,-4.098053
PTBP1,-4.2324924
FLI1,-4.3666444
SIGLEC12,-4.2559576
TBC1D24,-3.7448454
PEX13,-4.2383995
POLDIP3,-2.8121455
SLC16A7,-2.9206538
C17orf53,-4.2094364
RIOK2,-4.213809
POLD2,-4.2467933
FSD1L,-3.753643
SETD4,-4.1805453
CTSD,-3.069522
LILRB3,-4.3007545
RAVER1,-4.3597207
CCDC141,-4.138268
CHADL,-4.224838
AUH,-4.231145
SLC16A10,-4.277837
SLC28A2,-4.327756
SLC22A10,-4.2215033
VPS26B,-4.135369
ITGAL,-5.6122456
CHST12,-4.1018453
CREB1,-0.51364326
TBCB,-1.0510654
ADRA1D,-4.2815204
YTHDF2,-2.6139126
NUDC,-4.2470183
KIAA0391,-4.221841
SPOP,-3.9858751
MYBPC3,-3.5276208
LRRIQ3,-2.2031069
ACCSL,-4.23538
CYP3A4,-4.2548885
ABLIM3,-5.464487
HRH1,-4.291709
LOXL2,-5.596106
CRYBB1,-4.4009113
PRKCE,-5.504892
WNT8A,-4.291419
PRPH2,-4.354119
TMX3,-3.9941187
RBM4,-3.9258826
CARF,-4.071663
TOX4,-4.009381
EXOSC4,-4.3259373
MGAT4C,-4.238719
BAG4,-4.0738096
SLC25A4,-4.121345
COL23A1,-5.5640287
MNS1,-2.0800655
KSR1,-3.4946363
RGP1,-4.2213635
NUP43,-4.203419
NKX6-1,-4.36356
RBMXL1,-4.065563
CCDC51,-4.220962
PRSS33,-4.2891717
ZNF225,-2.9831283
SLC25A32,-4.3365674
MNX1,-4.307045
ETNK1,-3.8910828
NIT2,-4.3030562
DGAT2,-4.1607275
TRAFD1,-4.2179937
GIT2,-5.284
SS18L1,-3.816051
CLVS1,-4.137409
RASSF5,-4.064201
TCFL5,-4.200128
CDK11A,-3.8256679
BMT2,-3.902434
ELANE,-4.321471
HNRNPA2B1,-3.699487
AK2,-4.2707767
CCDC85A,-4.236495
HOXA6,-4.337845
SERPINF1,-4.3392267
ZNF84,-3.7776093
ASCL1,-4.1185365
CCDC7,-4.1000504
FDXACB1,-4.1591926
B3GAT3,-3.1457462
ACMSD,-4.2769656
TENT4A,-3.9910407
PELI1,-0.68049574
CCDC148,-4.2102466
DAPK3,-4.30927
TMEM39A,-4.17109
HSD17B10,-4.40418
DMC1,-4.4316745
ERLIN1,-4.382039
EGLN2,-4.008915
NTN5,-4.2521605
CLIC6,-4.288283
GC,-2.1425831
ACP2,-4.244067
PPME1,-3.9309542
SRRM3,-3.9986308
ZSCAN2,-4.091655
CDK14,-3.6795409
KMO,-3.9942877
ASPG,-4.2439594
VRK2,-4.427492
ZNF774,-4.2771473
SH2D4B,-4.239359
LTN1,2.2165685
LARP7,-3.9325602
PEX12,-3.0041802
LBX2,-4.2765446
HOXD10,-4.269099
NSUN7,-4.3020315
NAB1,-4.020168
EMILIN3,-4.2970943
ZBTB42,-4.2786255
KRT20,-4.279044
TEAD4,-3.057066
UCHL5,-4.025567
PDZD7,-3.884942
PNPLA1,-4.26405
NCOA2,-0.71038675
ZBTB8A,-3.8476248
SLC1A4,-4.175276
NRL,-3.149663
NOSTRIN,-4.3065414
RPIA,-4.3277135
HOXC13,-4.363128
STK24,-2.9521532
VIRMA,-6.179885
KLK11,-4.2710943
CHST13,-4.39357
MEX3D,-3.990036
DYNC1LI1,-4.0122614
RPL10,-1.8041468
HOMER3,-4.326895
ABCD2,-5.6729364
VRTN,-2.059303
MKKS,-4.3567986
CARS2,-4.290737
CPPED1,-4.339875
SPRYD3,-3.051453
ELFN2,-4.2345276
POU4F1,-3.9776525
CDK6,-4.0352006
FBLIM1,-4.181099
LRRC40,-3.9087667
KLHDC1,-4.2162023
LOX,-4.310454
PBXIP1,-4.2889915
FBXW4,-4.1196404
NEK7,-4.1451235
KIN,-4.2333107
SGCB,-0.64481974
WIPI1,-4.3462
ZNF334,-3.9779568
FMO3,-3.0206122
HMX1,-4.310201
WDR5,-4.25162
CCDC110,-4.2354107
ZNF189,-4.0491533
UCP3,-4.2540264
CTU2,-4.1899185
PCDHB14,-3.9477243
RRN3,-4.0958867
PKMYT1,-4.338336
ITGAM,-5.5814114
PREB,-4.2302294
TOE1,-4.356865
CYP19A1,-3.0646222
SERINC4,-4.2419996
CREBRF,-3.8438709
CFAP47,-4.211151
ASAP1,-5.2269197
KRT86,-3.1135845
NFYA,-4.0759897
ZNF470,-4.136162
EPM2A,-4.3795705
STOM,-4.429215
MSX1,-2.9873483
COPS5,-0.8872037
LSM14B,-3.7880828
CBLL1,-4.1234283
HLX,-4.3542
ERLIN2,-4.2549815
IGSF11,-4.173932
DNAJB12,-4.292229
KIF24,-5.529406
ARL6IP4,-4.15292
APEX2,-4.4206696
FBP1,-3.1722522
VSIG10L,-4.2424364
ASB10,-4.267347
CYP2B6,-3.0062282
ZNF816,-4.1946697
ORC4,-4.033732
TNNI3,-4.3862906
ZNF347,-4.1816487
ELOVL5,-1.9090648
CRYL1,-4.376308
PHOX2A,-4.2465386
HOXA9,-4.3560615
PTOV1,-3.9521961
PRMT8,-4.376086
CLCNKA,-5.609159
RRP1,-4.4260354
GNL3,-3.9778588
ADGRF2,-4.211873
FOXB2,-4.4023633
CASQ2,-4.212227
ZNF442,-4.178146
DCP2,-3.9205103
DLX1,-4.152469
MAGEC3,-4.239353
RAB36,-4.4069366
SRSF1,-3.951933
PPP4C,-4.232655
TMEM68,-2.1208267
LRRC6,-4.237411
PPP1CB,-3.8206084
KRT38,-4.285975
TRAF3IP2,-4.3625183
ELP4,-4.135965
ZNF317,-4.209493
KRT40,-4.2885885
CYP3A5,-4.2935243
EIF3I,-2.9893284
UPRT,-4.353036
FAM227A,-1.8904161
PTPA,-4.403311
PPP1CA,-4.3290763
PNPLA5,-4.2917867
RRM1,-5.4863634
CHD5,-10.435989
SMPDL3A,-3.9734092
SCEL,-4.23678
CYP2E1,-4.2949944
CTRC,-4.312076
SLC16A14,-3.935337
ZNF281,-3.7146673
ZCCHC14,-3.78022
SHC3,-4.250618
ENTPD5,-4.2938466
TP53BP2,-5.358227
SEPT12,-4.313541
RAD54B,-3.4425423
BAIAP2,-2.1941304
FLVCR2,-4.330088
PPM1B,-3.9267635
RGS12,-5.386833
ISM1,-4.325694
ASPSCR1,-4.290605
CCDC78,-4.2878666
GGA2,-4.285638
PRSS56,-4.240375
C1QTNF4,-4.4494348
SLC25A17,-2.174129
CEP55,-4.2456636
ZNF426,-4.226713
ZGPAT,-4.1538715
SMTNL2,-4.314722
TTLL8,-4.2444315
KDM5C,-7.4347677
PLEKHM3,-5.4863977
BAZ1A,16.119875
HNRNPH1,-3.7257938
ADIPOR2,-4.0240016
ADGRB2,-5.179358
PSAT1,-4.328875
DNAJB14,-3.9260206
ISPD,-4.302735
ZNF48,-4.172344
ZDHHC7,-4.3549533
MAPK14,-4.1158304
RASGEF1A,-4.3073726
FGF13,-3.9587207
TYMS,-4.289197
ORC2,-4.3839283
CDK2,-4.3478365
ADGRE3,-4.253352
ENDOV,-4.234329
ROS1,-7.7168264
ARSG,-4.3317823
ATG4C,-4.2127514
GPM6A,-3.714273
PLEKHD1,-4.26792
BDNF,-3.8803842
KIAA1211L,-4.3030086
IL18RAP,-4.244958
LY9,-4.2319636
MAEL,-4.305808
ATP11C,-4.9132924
ZFP82,-4.2881646
DLST,-4.1541486
FRMD1,-4.246328
TTLL11,-4.302969
OXA1L,-4.2340126
CCDC17,-4.19
SLC35C2,-4.311661
GYG1,-4.263538
IL2RB,-4.2145076
C4BPA,-4.260991
FAM71E2,-4.244917
TIMM50,-4.3293
C5orf34,-4.2701263
ZNF770,-3.8299341
TRAF4,-4.198443
CNGA2,-5.651981
ZNF518B,-3.9457996
PAPOLB,-4.2659464
LSS,-5.3911624
TMEM181,-1.7742953
NOCT,-3.0952191
TFEC,-4.334973
RBMXL2,-4.2912216
HMMR,-4.370549
ZNF563,-4.3657026
TMCC3,-3.7201185
CNP,-4.263833
ADGRF4,-4.266832
RNF168,-4.146717
FOXA1,-3.903575
SOX18,-4.4656143
ZNF839,-4.295518
RNFT2,-4.2416835
ADGRL4,-4.306826
MYNN,-4.221441
GPATCH2,-4.1098704
KLK8,-4.286152
IRX2,-3.753078
SPNS1,-2.4073174
TTYH3,-3.8827286
SOX14,-4.1765285
SP1,-4.0836043
HNRNPH3,-3.7009215
GNB3,-4.124089
PRB2,-4.25349
ZNF236,-4.0313487
NDEL1,-4.1552525
RASD1,-4.4450173
SUN5,-4.25963
B4GALNT2,-4.272739
ANXA7,-4.2981277
INHBB,-4.2037063
HSD17B6,-4.3366747
DNAJC25,-3.967033
E2F4,-4.211636
ZNF384,-4.2479587
NARF,-4.041198
CWF19L1,-4.192453
DLK2,-4.4119263
YTHDF1,-4.147503
HOXD13,-4.3321805
MSI2,-4.2307725
EN2,-3.6718054
LHX8,-4.343994
ADGRG7,-2.191475
ZNF880,-4.2466793
CYR61,-4.319053
RABEP2,-4.2989955
CALR3,-4.272489
TRIM7,-3.187094
MAP2K4,-4.0925055
SLTM,19.579597
PRIMPOL,-2.9300385
ZNF221,-4.3004413
CATSPERE,-4.2395954
TUSC3,-4.00253
ZSCAN32,-4.4204
TRPM6,-7.722286
RDH13,-4.4068823
CR1L,-4.284068
MRPL37,-4.2988567
CXADR,-0.22645712
HS3ST4,-4.3946614
PLPP4,-3.0552027
PGBD1,-3.932362
EIF2AK3,-5.3801837
HS3ST6,-4.389959
HTR2B,-4.314395
PHF6,-2.732037
NECTIN4,-4.265587
ZNF175,-4.220978
ACTL9,-4.3735538
PNCK,-4.170952
TK2,-2.2148
SLC25A18,-2.3848753
CHMP1A,-4.1770134
UBA5,-4.271601
GOLPH3L,-4.3630147
SPAG8,-4.2838593
WSB1,-3.586434
GXYLT2,-2.1731572
TBKBP1,-4.2914896
FNTA,-4.2064414
SLC38A4,-4.1961164
PRG4,-4.2921743
ZNF433,-4.204715
RGPD3,-4.2666736
ZNF446,-4.3255296
DMKN,-2.1373017
CRTC3,-4.0879273
PAICS,-4.289577
SP140L,-4.3476324
ZNF530,-4.3419833
AMACR,-4.01491
MAPRE2,-3.853349
PEX7,-4.329639
NKD2,-4.2873325
NPAS4,-3.8933904
ATAD3B,-5.7225294
PPP2R2A,-4.0092745
LAMB4,-6.4434366
SOBP,-3.3788638
RNASEL,-4.306678
BUB3,-4.071851
PTPN18,-4.3075976
RMDN3,-4.2079434
PSIP1,-3.7676287
ZNF182,-4.020298
WASF1,-0.6993365
DHRS11,-4.245259
ARL13B,-4.238929
NMD3,-4.1844764
ARG2,-4.066127
GJB1,-4.462231
PRRG3,-4.266611
PDP1,-3.9583974
ADRA1A,-4.343838
EIF4A2,-3.6890657
GPATCH8,-3.2258372
LRRTM4,-4.039518
RTL9,-4.193333
RBM17,-1.8718634
FAM171A2,-4.315009
SLC52A3,-4.407614
DTX3L,-4.422084
NSUN4,-4.19708
ERLEC1,-2.0184608
PGAM2,-4.513356
ARNTL2,-4.3271217
MDH1,-3.9849758
GNAT3,-4.3372283
SCML2,-3.043409
CCNA1,-4.3470244
KRT74,-2.1624103
NEDD1,-2.7886212
G6PC,-3.039762
PRSS16,-4.2719636
AP3M1,-4.3623533
POC1A,-4.4266334
ZNF778,-4.378864
SLC7A14,-5.476829
UGCG,-3.951762
GZF1,-4.08917
FYB1,-4.2829714
HIVEP2,-2.7769039
SLC25A14,-4.227002
RABGEF1,-4.203239
ZNF777,-3.0297472
CNNM3,-5.6060243
QTRT2,-4.4491353
DHRS3,-4.5794477
CDCA7,-4.4201217
SNX17,-4.2043633
SGK2,-4.331866
ZNF700,-4.2727523
TDP2,0.6911082
ZMYM5,-4.049055
FAAP100,-4.200865
UCK1,-4.340665
CPB2,-4.319294
KLHDC4,-3.1226265
FAM135A,-6.275312
LIPK,-3.0546117
ALX1,-3.0971315
C17orf50,-4.2788506
BCAT2,-4.2478776
MPG,-4.4064054
FBXO7,-4.172196
MTMR9,-4.948923
PCOLCE2,-4.252113
HOXB5,-4.4179387
BAIAP2L1,-4.318124
ASTE1,-4.264317
WIPI2,-2.7265108
CLDN18,-3.0690897
ZNF7,-4.3277698
NAAA,-4.4524355
PADI3,-3.0522432
RSAD2,-3.0842283
VASN,-4.449207
ZIC4,-4.357797
GPATCH3,-4.3663387
ZNF274,-4.307052
NDUFS8,-4.382365
ARHGAP19,-4.33333
WDR12,-4.205043
SLC25A34,-1.0780778
UQCC1,-4.1844525
SHPK,-4.468806
MDM2,-4.0581727
SLC17A2,-2.1549783
CD2AP,-4.2687707
HOXC4,-4.3610053
SUGP1,-2.2423599
GCC1,-4.025206
BARHL2,-4.4101543
SNTG2,-4.3011355
NEIL1,-4.2552104
ZNF169,-4.263958
LIPM,-4.312944
SGMS2,-3.0599015
CLMP,-4.072385
ASAH1,-4.1810207
LRRC8E,-4.2541146
CA11,-4.201613
BBS9,-5.3217115
ARID3A,-4.1332536
SOCS4,-4.0105104
RBBP7,-2.0416079
BEST2,-5.7100654
B4GALNT4,-5.023841
RPS6KB2,-4.3688006
DCLK3,-3.0066705
PTF1A,-4.377263
CDH6,-5.398404
PDX1,-4.3657823
CDHR5,-2.1717083
DHRS1,-4.3686996
CYP2S1,-4.3808026
BECN1,-4.2713795
C16orf58,-4.3817205
ADAM30,-4.276442
GBP2,-4.297473
TMPRSS4,-4.304948
GLIS1,-4.253748
FBXW9,-4.4714723
DDIAS,-4.32318
MAPKAPK2,-2.0127847
DYRK4,-4.373574
COPS4,-4.0841403
HPSE,-4.3674617
PPP2R2C,-4.063672
RANGAP1,-4.3065963
NEU2,-4.336146
NNT,-5.4957376
LDHA,-1.1151967
EXOSC9,-4.0871606
ATP6V1C2,-4.339897
CCDC151,0.3159542
MSL1,-3.9001422
NPRL2,-4.1624074
BZW2,-3.98137
FANCG,-2.2059555
ARMC9,-2.1444364
CDK5R2,-4.3395357
DZIP1L,-4.3259225
SLC17A5,-4.2927313
RLBP1,-4.44631
MESP2,-3.104059
TOLLIP,-4.336381
ADAMTS6,-4.154366
MICALCL,-4.27197
HACL1,-4.3115544
CFHR5,-4.293881
GPR22,-4.3911605
KIAA1147,-4.318953
RAB3IP,-3.9793262
RBM44,-4.2186227
RAB40C,-4.43546
SEH1L,-4.240209
DNAJA1,-3.8574426
CATSPERD,-4.261945
HOXC12,-4.4676046
OGFOD1,-4.264581
CASP10,-4.302072
OLFM4,-4.3300986
SHROOM1,-3.1228635
IBA57,-4.3364024
EMX2,-3.9631667
ZNF484,-4.2099752
BPIFB4,-4.2790656
DNAJB11,-4.25265
PCDHGA4,-4.351402
RBFOX2,-1.4130523
LMOD1,-4.369624
WFIKKN1,-4.417134
TMEM168,-4.2321887
ZNF354B,-4.231187
RRAD,-4.4036436
HMGCLL1,-4.3496923
GPR162,-4.3852043
FAM234A,-4.269322
MAGED1,3.7244062
WDR3,-5.5451007
ICA1L,-4.1280527
TRMT10A,-4.2528696
PLA2G4C,-4.368469
CAMKV,-4.2754116
SLC27A6,-2.1989694
DENND2D,-4.3155155
CEP170,-4.87863
GPRC5C,-4.387717
CAMK1,-4.427669
FBP2,-4.4129486
ZNF267,-4.3252606
HADHA,-5.4537525
MIOX,-4.3213587
ZNF627,-1.8315065
ZNF12,-3.9764972
RAB34,-3.1899862
BCLAF3,-3.9958565
MRPL4,-4.1884646
THRA,-2.5904758
IGFALS,-4.3323407
RNF44,-3.9250183
TTI2,-4.4376245
EXOC3,-4.3524184
ATXN1L,-4.170285
PIGA,-4.395689
TMEM183A,-1.5772443
TCP11L1,-4.42124
ZIC1,-4.1861534
HAT1,-4.233242
GABRR2,-4.370043
STUB1,-4.364778
SLC5A1,-5.710947
ARFGAP3,-4.03654
SLC35F3,-4.219004
NSMF,-4.194772
TRIM42,-4.2870593
GAS2L3,-4.2711043
SLC41A3,-4.2521396
TAMM41,-4.331341
FAM8A1,-3.991699
ARPC1B,-4.2900143
XRRA1,-4.329166
PLPP2,-4.2590013
PRKCZ,-4.102594
RET,-6.9838343
LIMS1,-4.3363676
DNAJA4,-4.0849214
AGO2,-5.4466176
GALNT8,-4.3013177
MBTPS2,-4.3231144
CLN5,-4.431035
CLEC11A,-4.285659
CYB5RL,-4.395571
PGK2,-4.478885
PRKAR2B,-2.3108413
SLC25A48,-2.3105354
A2ML1,-5.6295533
FASTK,-4.3256264
CXorf57,-4.2928324
DOK3,-4.3547254
CCDC61,-4.4799013
SDCCAG8,-4.0081077
CEP63,-4.2170224
CCDC9B,-4.315112
RMND5B,-4.193761
ZNF570,-4.381566
MDM4,0.79848385
UPF3A,-3.9650567
ZNF202,-4.1558146
KRT78,-4.340832
PRRX1,-4.488186
YBX2,-4.298101
TRIM68,-4.29265
CABLES1,-2.2258692
PAK2,-3.8789172
PPM1E,-3.978774
CCDC154,-4.3882565
ATRIP,3.1729527
PABPC3,-4.031273
RGS11,-4.228939
ALDH3B2,-4.41212
PTPRZ1,-6.1141953
GPR75-ASB3,-2.8245993
SPATA21,-4.296965
NOL11,-4.206896
E4F1,-4.342702
GAREM2,-4.3046503
GIPC1,-4.289687
ZFYVE16,-5.2611356
STON2,-4.007127
PCDHB6,-2.078874
C2CD2L,-4.3722997
CDS2,-4.0329094
RIC8A,-4.1054525
SNTG1,-2.7004147
FBXL17,-3.9095588
ACR,-4.349519
ACBD4,-4.348066
DCLK2,5.260746
RCOR1,-4.1652236
RBM26,-5.170206
PLD3,-2.0418425
PLPPR3,-4.374632
PPP1R18,-4.3862114
ACACB,-8.406052
PNPLA3,-4.1607757
GRHL3,-4.3421164
HSD3B1,-4.366726
FKBP5,-4.3613153
CFAP206,-2.1277237
PARP9,-4.453617
ADAP2,-4.334182
TMEM131,-4.2649775
ABCG1,-5.689063
GAS7,-4.355304
DNMBP,-6.4685445
BCAM,-2.218512
CCDC102A,-4.3454895
HSD11B2,-4.3967423
DGKB,-4.4086285
NPSR1,-4.315365
CSGALNACT1,-4.4179955
LRRN2,-4.2241387
PEX10,-4.4007764
HIPK4,-4.3339825
CPNE8,-4.318196
IKZF2,-4.27057
COPS3,-4.055837
LILRB1,-4.3479853
PHYKPL,-4.5102324
DDX39A,-4.3775706
GABRE,-2.338456
MYLIP,-4.1597314
SYT14,-3.880314
CYTH3,-4.1423244
RAB3IL1,0.34223127
PROX2,-4.322877
CCNB2,-4.4302053
ACTL7B,-3.219039
VLDLR,-6.5544233
CDC25B,-4.3212214
NSRP1,-4.120163
NDUFB9,-3.9876096
SLC41A1,-4.3372684
MAP3K10,-3.5401103
THADA,-5.15903
CSE1L,-4.247031
EIF2S3,-0.76590586
RASGRF1,-5.586864
GPC6,-4.236449
EFNB1,-4.434497
SLAIN2,-3.7696762
LRRC8B,-4.071435
NEMP1,-4.3903008
CTSK,-3.067583
TMOD4,-4.2931275
LBX1,-3.231729
TSEN2,-4.3807597
IFT140,-6.5912485
RAP1GDS1,-4.151006
PCDHB1,-2.2152627
DACH1,-3.8597126
PDLIM2,-4.397007
CASP7,-2.27977
TAGAP,-4.3931813
SLC43A3,-4.3053355
BANP,-4.3840685
LMBR1L,-4.2622952
HIF3A,-4.299478
NDRG1,-4.4120817
FAM189B,-4.2602363
CHST11,-4.4713836
ATF2,-3.8937316
USP3,-4.1278133
HNRNPA0,-2.7023513
POGLUT1,-4.094924
ZXDC,-2.8666248
DOK4,-2.963332
STYK1,-4.251104
CHEK1,-4.3109474
CYP4X1,-4.2262473
ALG11,-4.135966
BIVM,-4.1427007
PCDHB5,-0.874969
REN,-4.367853
MAFA,-4.5344663
CUZD1,-4.3359795
POC1B,-4.5104976
BRD9,-2.958475
THUMPD3,-4.2295556
THSD1,-4.29675
TATDN2,-4.0992417
FOXL2,-4.514032
ZNF215,-4.2944717
CYB5R4,-3.1921167
LRRC71,-4.3087573
FAM198B,-4.314442
RILPL1,-4.429312
MYBPH,-4.344854
HOXC6,-4.3437786
KCNJ13,-4.4622912
MMP17,-4.4298167
SNX2,-4.1847453
BIN2,-4.3609505
PDE3B,-5.624538
KDSR,-3.0497959
AFTPH,-1.8799155
UBE2Q1,2.2358818
SLC17A9,-4.3617926
PIGR,-4.415161
KPTN,-4.3772554
SETD6,-4.2152324
IL1RL2,-4.3138323
RNPEP,-4.2208595
RAB37,-1.338285
ZNF534,-4.204745
PDK1,-2.1637607
PREPL,-2.5562906
ZEB2,-4.2201557
ERI2,-4.41481
TFE3,-4.3355618
XIAP,-3.9418993
CES3,-4.3414226
POLR3C,-3.0885882
GDPD5,-4.175254
VPS9D1,-4.234138
SYT5,-4.154038
MPP1,-4.4322767
FBXW8,-4.3131166
TTC21A,-5.658015
SESN3,-3.9556017
LEMD2,-4.1651845
BUD23,-2.248107
HMGXB4,-3.9699411
MEFV,-4.36815
ADRA2C,-2.3061407
B4GALT2,-4.2288203
TLX3,-3.2790093
MRPL38,-4.401783
CHKA,-4.190467
FAM98B,-4.15475
ZCCHC7,-4.1489997
CWH43,-4.329893
ROBO1,-5.115488
TARBP2,-4.460445
DNAAF1,-4.369884
PGAP2,0.35001183
CTGF,-4.4014425
KDR,-5.3779035
KCNJ1,-3.19631
PUM3,-3.8869338
PRICKLE4,-4.414647
HEATR3,-4.243357
POM121C,-3.7508183
SENP5,-4.078252
FOXN3,-4.0787964
BNIP2,-4.219937
SHC1,-4.513989
PAPPA2,-6.4430923
PPT1,-4.3360186
CYB5R1,-4.367488
STOML1,-3.1808913
HIVEP3,-6.1382985
NUB1,1.8252583
NDC1,-4.281789
RNF34,-4.172188
NOP9,-4.1645617
MCCC2,-5.8315654
YAP1,-3.0146601
DCAF12,-4.152186
VEGFA,-3.9748797
GRM5,11.762005
MAPK4,-4.253051
NIPA2,-4.4173837
ZNF33A,-3.9817557
RPH3AL,-3.1924334
CSNK2A3,-1.9697111
DOK6,-3.827472
TLR5,-4.4116178
MYH15,-4.470375
GDPD2,-4.395697
KNG1,-4.2919865
SLC27A2,-4.3228974
IRF2BP1,-4.4558945
KDELC1,-4.3671846
AEBP2,-4.1388407
FEM1B,-3.7129133
TRMT6,-4.3118167
C2CD2,-2.0063124
OMA1,-4.393519
CLDN5,-4.4407806
PA2G4,-4.230622
PLBD1,-4.404524
HSF2,-2.8480837
LRRN1,-4.173737
AOC1,-4.3924108
DHX58,-4.4143076
VWA5A,-1.6857777
AMZ1,-4.3747463
CYP4B1,2.970574
RHCG,-4.390927
LRRC49,-3.7774403
SESN1,-4.1597724
RORA,-5.1407304
ARMC6,-4.327088
GDF11,-4.296445
TSTD2,-4.0340652
BUD13,-4.1947865
DTHD1,-2.2419415
ZNF606,-4.1643004
CERS3,-4.4147143
RBBP4,-4.0286303
NOL9,-4.1478252
PDIA5,-4.311298
PHB,-4.4477777
PPT2,-4.4557953
MELK,-4.4606986
CCDC77,-4.241111
SLC35B2,-4.3545485
UAP1L1,-4.4653525
NKAP,-4.154212
CCDC50,-1.7999153
PRDM13,-4.3370166
CHRDL2,-4.3449335
USP26,-4.338214
TTYH1,-4.2203045
CRLF3,-4.427626
KDM3A,-1.3547816
WDR93,-4.3346796
APTX,-4.342365
CYP4F2,-4.3823314
SLC9A7,-4.247381
SERPINF2,-4.436055
SLC35F5,-4.334423
MEOX1,-4.362403
TXLNG,-4.2328
PTBP2,-3.8442383
CDK4,-2.991984
ZUP1,-2.965412
CSF1R,-5.69893
SORBS1,-4.05855
NSF,-1.8441432
RRNAD1,-4.371239
MCAM,-4.147455
PJA1,-3.9907293
KIAA0408,1.7661586
TLX2,-4.482592
SAV1,-4.2649136
GIPR,-2.2636874
ETS1,-3.0304847
PCDHB7,-4.2694874
SLC13A1,-4.475789
KIAA2013,-4.357308
TRO,-3.8863826
TROVE2,-4.346788
ACOT8,-4.3387566
SEMG1,-4.3259354
NOXA1,-4.408485
ASL,-4.565912
SAMD3,-4.242236
GPNMB,-4.4443026
TUBB4A,-5.9263787
ZNF655,-4.2081223
SYVN1,-2.200571
LIPH,-4.4518056
SEMA7A,-2.2684655
ADAP1,-4.3415318
TRIM26,-4.0817733
SUGCT,-4.447811
MKNK1,-4.399118
LIX1L,-4.3010535
CEP70,-4.2076273
MFAP3L,-3.2608457
ZNF599,-2.2540488
MFSD4A,-3.147307
ETV1,-4.1686654
PRLR,-4.2847514
SRMS,-4.39726
THAP7,-4.5538173
ATF6,-2.032885
RAX,-3.2238646
HPS4,-4.2246065
AMMECR1L,-4.063056
CCNK,-4.194919
PATJ,-6.3147807
DOC2A,-4.519224
KIAA0895L,-3.6262248
TAF1B,-4.301051
HS2ST1,-4.2625012
HTR3B,-4.4811525
STK3,-4.3754835
TGFB3,-4.511069
SUCLG1,-4.2598987
SPNS3,-4.446039
RAD51,-4.506426
CCDC181,-4.256887
MAP2K6,-4.2711368
SESN2,-4.1690516
HNRNPLL,-4.1975274
MSR1,-4.296581
PPP2R5A,-2.324044
ANXA11,-4.5155554
SPOCK2,-2.728401
SLC34A3,-4.415153
ST14,-5.7366633
AKNAD1,-4.362168
C1RL,-4.373656
RSPO3,-4.3057914
C15orf39,-4.4158382
FAM83D,-4.4058223
OTX2,-4.221869
TRIM2,-5.1556416
RBM14,-4.3000956
RIN1,-4.3726206
PLAU,-4.4347725
PLPPR2,-4.095723
SNX6,-2.9667706
RIOK3,-1.9189432
LRRN3,-3.7168286
UBXN11,-4.4692373
ENG,-4.463966
WDR41,-2.1730676
WHRN,-4.3805885
ABHD15,-4.4694057
NEK6,-3.2548485
PPFIA2,-5.7423887
MKRN1,-3.729673
BAG5,-4.296304
TGFB2,-4.5222588
UGT2A2,-2.2767115
C6orf132,-4.4214473
PRDM8,-4.3551917
CHAF1B,-4.5015616
MFSD14B,-4.3862042
GXYLT1,-4.2659097
UEVLD,1.7315307
BABAM2,-4.481299
ACAT1,-4.275688
ZMYND10,-4.3557415
TRIM62,-4.376774
SLC15A4,-2.1221209
PLEKHN1,-4.369113
B3GALNT2,-4.328989
SAMM50,-4.3956037
STK32C,-2.3389764
HTRA4,-4.3984785
ADCY4,-4.7506676
LOXL1,-3.2241828
SEPT1,-4.4016714
BRD7,-4.158206
YJEFN3,-4.537022
DNAH5,-12.501955
ARRB2,-4.431469
NEK8,-5.7022257
PTGIS,-4.424669
AP1M2,-4.4003844
CCDC157,-4.329123
LRMP,-4.379728
SLFN13,-4.375987
ELOA2,-4.337585
TSEN54,-4.4119964
ENOX2,-4.4255667
AFP,-4.351857
RRM2B,-3.2358718
ZKSCAN8,-4.160516
GJA4,-4.527277
SOX1,-4.438479
B3GLCT,-4.508306
TRAF5,-4.470157
ZNF841,-4.1787386
CCDC170,-4.198973
CAP1,-4.1991806
ITFG1,-4.267314
WDR83,-4.372677
APOBR,-2.3026536
ERGIC3,-3.02014
SDS,-3.2391682
UGT2A1,-4.3989716
TMEM87B,-4.311127
VPS33B,-5.670238
SCLT1,-4.322271
NCAPD2,-6.2603517
SLCO1B1,-4.3715186
HAS1,-2.31884
DHRS13,-4.4992
TMCO3,-2.9492822
CALCR,-4.339583
CCDC63,-4.34387
PLD5,-4.228687
REL,-4.1604958
SPATA17,-4.332999
IL4R,-4.442833
KIF2B,-4.3966603
ZNF44,-4.22821
GLUD2,-4.532417
GYS2,-5.6607757
STOML3,-4.372081
WDR45B,-4.2636447
TOGARAM1,-6.1029544
KIF3B,-5.4485745
APBB1IP,-4.4092855
STAMBPL1,-2.3514287
FHL3,-3.3162906
SLC29A1,-3.3099315
ZFP30,-3.9681692
SLC39A10,0.8390336
MAB21L2,-4.066101
ZNF441,-3.9754827
STAMBP,-4.300423
KRT6B,-4.462689
SLC19A3,-4.464008
CHKB,-4.498358
DACT2,-4.375622
TMOD1,-2.2229915
NAPEPLD,-4.5176916
ZNF425,-4.416224
NIT1,-4.5293646
GPR143,-4.5008616
SEC13,-4.2033644
ENPP7,-4.4689264
LETM2,-4.4831705
ZNF16,-4.3264937
GPR161,-2.7832592
OTC,-4.4611783
TFDP2,-4.091775
ZNF282,-4.3862
MADD,-6.8856764
CELF3,7.079649
MLPH,-4.370367
ACSBG2,-4.345378
SLC25A16,-4.497124
TERB1,-4.3577085
FADS2,-4.2777715
STON1,-2.3458338
RHOBTB3,-3.9028523
CTIF,-4.2333345
WDR36,-3.3581488
MLKL,-4.4347043
EBNA1BP2,-2.2145612
HASPIN,-4.4617324
ETNPPL,-4.4552426
UBQLN2,-4.144761
STK36,-5.5600944
GJA3,-3.2747684
PPP1R9B,-4.151396
RPN2,4.8348064
FMO4,-4.3610134
AGER,-4.445254
MARCH10,-4.3534307
FUT4,-4.3517685
TBC1D10A,-4.433159
TMEM62,-4.484724
RAVER2,-4.356411
VNN1,-4.4431148
FRS2,-4.3012404
PPIL2,-4.160604
BBS10,-4.4751043
NEU3,-4.339119
ANKRD13D,-4.2998724
CASQ1,-4.506207
ACSM4,-4.3390336
TBCE,-4.213649
RPL3,-1.910713
KCTD20,-3.153607
FOXB1,-3.3607159
RNF123,-6.6368756
RPL3L,-4.4428473
CYP11B2,-4.431287
SPINT1,-3.0946848
MTF2,-3.8304453
RING1,-4.5921874
PADI4,-4.3837132
EXOC3L4,-4.354653
NT5C1A,-3.2062767
BMP2,-4.391881
RAD52,-2.2615876
SAMHD1,-5.6544805
GLCE,-4.2825985
PTH2R,-2.301925
PNLDC1,-4.3327737
SH2B3,-4.4202757
ZCCHC4,-4.4966426
DBX1,-3.2133029
IRF2,-4.5255494
OLFML1,-4.4164796
LCP2,-4.478267
CHGB,0.6587744
C9orf131,-4.3310924
PARS2,-3.2845402
FSCN2,-2.3044658
TMEM30A,-4.154578
ATP6V1B2,-5.3530264
OS9,-4.401376
TLR4,-4.4759293
CDKL2,-4.1113763
TYSND1,-3.2739232
BLMH,-4.51061
FAM234B,-4.482261
NAB2,-4.2943397
ZFAND4,-4.46434
TBX19,-4.4225926
GBP7,-4.371344
SPAG17,-6.501275
SLC35F1,-4.0703797
ELF1,-4.4320655
OSCP1,-4.472297
NSUN5,-4.2750564
ANKMY2,-4.196369
CACNG4,-3.9643893
ILDR2,-3.9982362
KREMEN2,-4.3901606
ENPP6,-3.2649856
LONRF2,7.1178174
NEK3,-4.5164614
DDI2,-4.4113665
NEURL1B,-4.546118
MAPKAPK5,-4.241439
RPL5,-2.6064978
SWAP70,-4.5302534
IMP4,-4.4659805
HSPA5,-4.1723166
KRT32,0.6667142
RANBP3,-4.441606
ADHFE1,-3.2991285
MPHOSPH10,-3.9937146
PCSK1,-5.438003
MINDY1,-4.396625
MARVELD2,-4.4573255
CKB,-4.013767
TXNDC5,-4.3975215
SPECC1L,-5.5658474
STRAP,-4.181795
ZFX,-4.0809984
FPGT,-4.561376
PDHX,-4.159289
TRIM35,-3.210361
CAMKK1,-4.386762
HPSE2,-2.2934752
ADA2,-4.260883
ADCK2,-4.43374
RPUSD2,-4.410456
ZDHHC16,-2.3506668
EIF4A3,-4.1576753
MAX,-4.329518
CPNE1,-4.104223
TMEM104,-4.486404
ZNF480,-4.342025
ATP8B2,-6.9045415
ETFA,-4.4530964
EIF2AK4,-7.003905
PSAP,-4.075551
CCDC27,-4.3763647
PTPN22,-2.3090286
CCBE1,-4.1917143
ST5,-3.5855367
CARM1,-4.392338
LSR,-4.4922304
GPR107,-4.366421
OAS2,-4.368933
TMEM8B,-3.0484753
GBP3,-4.4174623
NDUFAF7,-4.386626
ZNF408,-4.419375
LMAN2L,-1.2121124
TTC19,-3.6031263
MAP10,-4.445927
HSPA2,-3.344482
FOXK1,-5.7246704
DYTN,-4.381568
GRHPR,-4.4906826
RAB44,-4.3717837
HCLS1,-4.3773065
SNTB2,-3.071947
POLR2C,-4.3299856
IL17RE,-4.378952
RENBP,-4.4116397
ESCO2,-4.329625
CCDC9,-4.4021344
COQ2,-4.5889487
FAM178B,-4.388259
CYTH4,-4.5218053
PUS3,-4.309784
PRODH2,-4.3961954
KRT9,-4.4004927
PSMD2,-5.277016
SEC24D,-4.5441103
ZNF823,-4.3262277
SLC29A2,-2.332752
CYP3A43,-3.1493306
SRM,-4.354075
GHRHR,-4.402677
HINFP,-4.4374375
GK2,-4.4496136
LAS1L,-4.271278
DDX19B,-4.45227
ETAA1,-2.3012488
NOS1AP,-3.032539
N4BP1,-3.978763
CSGALNACT2,-4.2471523
ATXN7L1,-4.417567
MYOD1,-4.6202908
TTPAL,-4.3727713
PHYHD1,-4.509247
SEC14L2,-4.515878
UBP1,-4.205091
BACE1,-4.1519914
RUFY4,6.256773
SLFN5,-4.3829184
LRRC4B,-4.279902
CTSB,-4.380507
LRRC37B,-4.4901724
MYC,-4.425088
NIPAL4,-4.521139
ITGB1,-2.804284
ZNF219,-2.292849
IREB2,-2.5094163
ZNF845,-4.404527
ZCCHC24,-4.2175508
APBA3,-2.4157352
TDRD9,-3.6227062
NR0B1,-4.5593038
DHX32,-4.3953686
STAT4,-5.7586293
MOK,-4.191829
DCAF15,-4.422352
NDUFS7,-4.4447165
STAC2,-4.532935
SPRTN,-4.4375463
FLRT3,-3.9302545
RNF169,-4.1749525
EMID1,-4.5939803
DICER1,10.565525
SELE,-4.4422293
SLC22A12,-4.417764
PGK1,-4.162897
GJA9,-4.437649
PPP3CB,-4.024219
HYAL2,-4.5785933
ZFP91,-4.0813146
METAP1,-4.313502
VPS36,-4.1525455
WRAP73,-4.471681
SHF,-4.482397
BARHL1,-4.443753
GABRG1,-4.4296794
CCDC178,-4.420474
COQ6,-4.466436
MINPP1,-4.355357
WDR62,-5.853881
LANCL2,-4.2008276
APCDD1,-4.4760156
FBRSL1,-4.0568905
PPP2R5B,-3.060015
TIPARP,3.533905
CLPTM1L,-4.228307
EPS15,-3.955612
PITX3,-4.415446
PTCHD4,-5.9880915
TTC5,-4.2098875
GTF2H1,-4.305065
AKAP8L,-4.3212204
APEX1,-4.2107644
KRT23,-4.4321275
ELN,-4.4768224
XKR7,-3.2547135
ZNF493,-4.2730556
HOMEZ,-4.407077
IGF2BP3,-4.50329
VNN2,-4.485682
TMEM232,-2.395363
B3GAT1,-3.128496
TRIM25,-4.5332675
KRT13,-4.541886
PPP2R5E,-4.0038786
CIP2A,-2.2513418
ASB7,6.527565
YY1AP1,-4.1177807
PLA2G4D,-4.393992
SWT1,-4.1742363
RPS6KL1,-3.1337204
RSRC2,-3.9218976
MAPT,-4.486999
FOXF2,-3.1409142
SP3,-4.2663317
UTP15,-4.381003
MANEAL,-4.2056427
MINDY4,-4.49356
CLCN7,-7.113889
GPC4,-3.2635617
NFYC,-4.329603
GPR37,-4.350566
GLP2R,0.30258942
WHAMM,-4.2324753
SLC25A41,-4.533913
MROH6,-2.2891734
PAK3,-3.8554492
SRF,-0.80414677
CLN6,-4.7226653
SLC13A4,-4.4880633
NDC80,-4.4990945
SLC25A35,-4.4869604
SOWAHB,-4.370688
EDA,-4.5771446
ZNF628,-4.5026693
PDE6C,-5.773381
PCID2,-4.3084893
GTF3C4,-4.473278
HKR1,-4.394672
CFAP53,-4.4573116
FAM126A,-4.17552
PHYH,-4.4591312
PIP5K1B,-4.5441008
LRP3,-5.66804
ETV6,-4.4551663
REC8,-4.322763
SGCZ,-4.464168
RAG2,-3.2950306
NUMB,-2.264954
PTPRC,-5.8229423
LCLAT1,-4.26587
USH1G,-3.2348578
PTCD3,-4.003494
CCDC149,-4.4638033
EPN1,-4.4925365
ARHGAP15,-3.279381
CYP2J2,-4.4837966
ENO1,-2.0946136
FAM171B,-4.1820226
CHEK2,-4.612026
SLC43A1,-2.3834615
PIAS3,-4.398109
RELB,-4.4919558
SNTB1,-4.5257363
JPH1,-4.55442
TLX1,-3.345943
ZNF354A,-4.210235
TMPO,-3.9312792
NBN,-2.1409283
HOXB6,-4.5178366
IL27RA,-4.4730883
GPAM,-5.545227
CBX8,-4.5000405
DCLRE1B,-4.5429826
POU3F2,2.4077964
ATG14,-4.2142024
ZNF483,-4.393179
KIAA0100,-7.6913285
SOAT1,-4.4587555
ZBTB24,-4.4639115
AP3M2,-4.2586174
FAM193B,-4.149297
FAM161B,-2.2703478
BICDL2,-4.421057
PLA2G3,-4.404327
LRRC45,-4.478585
FRS3,-4.190514
VKORC1,-4.4008822
EARS2,-4.525579
GJA10,-4.4599934
NCF2,-4.3884754
UNCX,-4.513872
ACCS,-4.5276294
HTR2C,-4.4846997
EGLN1,-4.114866
MXI1,-3.7089093
ERN2,-5.6855774
ALDH8A1,-4.3769817
BLNK,-4.470881
GDF6,-4.482607
TRRAP,-11.124253
IRX4,-4.5576396
FOXA2,-2.6667333
ERAL1,-4.5934315
GCFC2,-4.43044
MFSD11,-4.4676757
AGPAT1,-4.4907937
CDC45,-4.5704346
NKX2-2,-4.3311844
PRR14,-4.2970085
ZSCAN12,-4.2801757
WARS,-4.4969535
ZNF629,-4.0199475
FBXO21,-3.9470153
NT5DC3,-4.4226704
DCAF4,-3.1421676
RCOR2,-4.000324
GCGR,-4.4317346
CHN1,-0.668478
FBXO31,-4.2821703
CLGN,-4.34858
NARS,-5.727875
TMEM259,-4.245126
PTK6,-4.6526427
BBS4,-4.450746
SLC9A8,-4.620984
RIC8B,-2.9020903
SYN1,-4.3349266
SNX1,-4.308159
GAS6,-5.9267273
RALBP1,-2.0125244
SLC8B1,-4.560966
PRKAA1,-4.2536726
ACADSB,-4.462966
FBXL20,-4.134725
ZNF814,-4.4619155
KRT76,-4.530962
UIMC1,-4.2816
FUT10,-2.3853295
PARVA,-4.354624
DRD2,-4.1041446
SPAG6,-4.4774165
RNF14,-4.4075794
CTSF,-4.4044986
HMG20A,-4.2350307
RPAP3,-4.247525
LTV1,-4.1631017
SLC25A43,-4.537504
SH2D3A,-4.408356
FASTKD5,-4.257733
KRT3,-4.519997
EXOC5,-4.05372
KCNAB1,-2.268033
NIM1K,-4.596315
SVOPL,-4.488572
NONO,-3.9978747
ZNF473,-4.427419
BIRC2,-4.3342676
USP35,-4.5446153
SLC22A13,-4.466806
MEIOC,-4.417803
ONECUT3,-4.5875196
LRRC8A,-4.41799
MAML1,-4.252307
FAR1,-4.0749626
POU2F3,-4.4793663
SOCS5,-4.1332765
POU3F3,-4.6437945
HNRNPDL,-3.827467
ZNF622,-4.4042244
SLC13A2,-4.4489174
TFEB,-3.3202958
QDPR,-4.4958377
TTC30B,-4.562568
STK38,-4.104667
FBXL5,-4.2507143
POU5F1,-4.6021433
HSD3B7,-4.6021495
SGMS1,-4.4953303
CCNL2,2.0298471
FAM149B1,-4.437003
NUP54,-4.1571245
UVRAG,-2.2274764
CYP51A1,-4.1931195
KRT33B,-1.5415564
OTX1,-4.400183
CFAP100,-4.436468
SP4,-4.0939136
KRBA1,-4.474248
ZNF180,-4.216505
LIAS,-3.333417
ADAM32,-2.3538175
SNIP1,-0.8796401
CLCA4,-4.424647
TNFRSF25,-4.3792906
ZW10,-4.4213314
TES,-4.1108446
LMNTD2,-4.4287124
SPHK2,-4.3814087
CRMP1,-5.1070957
LCMT2,-4.404133
SLC44A3,0.22336626
SLC2A9,-4.5093827
CLK1,-1.7515731
OSGIN1,-4.4742846
GUCY2F,-5.7679634
CIR1,-4.1102433
TEAD3,-4.5687714
KPNA3,-2.8038788
CYP4A22,-4.4405584
GPC2,-0.1619482
PRSS23,-4.2097826
TAF6L,-4.531584
DAPK2,-4.468336
FOXJ1,-4.4697123
FRRS1,-4.469606
CYP46A1,-4.580445
FZD2,-6.0629187
DOK5,-4.460287
CCNT1,-4.1579123
DIS3,-5.3421154
PRPSAP1,-4.3282704
JHY,-4.4914045
INTS9,-3.2118967
UMPS,-4.474573
ALG12,-4.7091336
STAT2,-4.300044
PATZ1,-4.250452
POU4F2,-4.553042
EIF2B2,-4.5835876
MINDY2,-4.1706843
FMO5,-4.371142
THOP1,-4.440291
PACSIN2,-4.4540167
C17orf66,-4.418533
ZNF136,-4.2777863
RBM23,-3.1010602
WFIKKN2,-4.4968014
FBXL4,-4.4277587
GSPT2,-2.784847
THNSL2,-3.288113
PPHLN1,-4.07164
MFSD1,-4.554216
ZSCAN10,-4.428722
TMEM145,-4.300711
IL17RA,-4.5340123
FUCA1,-4.3490767
PTBP3,4.040096
SLC25A28,-4.4697714
KCNJ10,-4.5865855
TUBD1,-3.2311697
IQCE,-2.2742484
ETV4,-4.56315
CHST15,-4.5637627
GBP6,-2.311307
CSAD,-4.0303373
MACC1,-4.467993
SLC1A5,-3.3191602
DALRD3,-4.386401
CEP57,-4.1006813
TOM1,-3.327026
SGO2,-4.371125
SLC25A5,-4.4372
POU3F4,-3.2292862
TRAF3,-4.368532
CDCP1,-4.462839
EFCAB13,-4.4656296
CDYL,-4.58793
TBRG4,-4.3065786
LAP3,-4.567572
CHST8,-4.514783
CNDP2,-4.337437
TFCP2,-4.0179973
MTPAP,-1.8688583
TXLNA,-4.4254026
CHRNA6,-4.3862348
MAPK3,-4.738406
NCOA4,-4.1582575
FANCC,-3.2444637
NASP,-2.7938445
UACA,-5.577813
FARS2,-4.5452285
SLC1A7,-4.576186
MARCH6,-5.7470927
FZD4,-4.5661035
TNIP1,-2.3808289
UBA2,-4.148136
TOP1MT,-4.5390797
ZBTB48,-4.5097346
CTCFL,-2.4034526
KPNA2,-4.046846
NFKBIZ,-4.3873024
MMACHC,-4.5797024
PMPCB,-4.352941
SLC25A47,-4.540969
PIAS2,-4.1908965
CCDC173,-4.472042
MZF1,-4.4704423
RDH12,-4.56875
SOX4,1.0511332
CDC14B,-4.257636
BNC1,-4.465107
RTN3,-3.8842626
UGT1A6,-4.484087
SLC18A3,-1.2442751
KRT7,-4.5230217
DDO,-4.477354
CMAS,-4.386371
CYP1A2,-4.6282005
SLC23A3,-4.427145
PBX3,-3.3125355
PLXDC1,-4.1961884
TEAD2,-4.5074067
CC2D2B,-4.4902744
TTC14,-4.104337
USP1,-4.0092773
SLC9A6,-4.032028
FBRS,-4.186957
SRPK3,-4.4939265
SERPIND1,-4.570025
TMPRSS2,-4.480887
ARGLU1,-3.956922
ZBTB1,-4.3428473
VANGL2,1.0400825
TSTA3,-4.6598716
ZNF235,-4.4569936
SLAIN1,-4.2685313
ZBTB16,-4.5641766
BIN1,-4.1942267
AC005358.1,-4.445174
KIAA1024,-4.44021
ANAPC7,-4.422192
CES2,-4.271736
BEND4,-4.0812387
CDHR4,-4.4395347
DPYSL4,-5.6566267
SLC49A3,-4.4755206
AHI1,-5.190645
SPATA18,-4.3992076
POLM,-4.5624456
ZNF780A,-4.3559294
VCP,-7.0555177
C6orf10,-4.4360514
DHDDS,-4.5036817
MFSD6L,-4.406065
FLYWCH1,-4.434315
CNBD2,-4.4965377
TENT2,-4.2371626
IPO9,-3.2868145
ZMPSTE24,-4.4238167
ZPR1,-4.5274544
MLC1,-4.626672
CTNS,-4.6546984
LMOD2,-4.5134234
DNAAF3,-4.495794
IL1RAPL1,-2.1568496
MRI1,-4.5914354
BTD,-3.455387
RSPH3,-4.525306
OTUD5,-4.25883
CYP26B1,-4.6640224
DDX20,-4.278827
SLITRK6,-3.2112265
SPATS2,-4.2102027
DCX,-3.7434998
HNRNPA1,-4.2063184
FGG,-4.511931
PLCZ1,4.494278
DRC1,-4.568074
PPP1R16B,-4.539152
SGPL1,-4.2301707
FOXN2,-4.350327
MKNK2,-4.287164
TTC38,-4.644074
TH,-5.013114
ZBED4,-2.1999502
CNOT4,-2.203826
CPVL,-4.5917234
KPNA4,-0.8646326
NOM1,-4.452109
KLHL38,-4.5585136
CNTN1,12.031557
SLC25A31,-4.544819
TRDMT1,-4.460975
AMH,-4.546208
DDX56,-2.149382
PWWP2A,-4.248743
ANGPTL6,-4.5158267
PLD1,-4.5478706
SMU1,-4.314302
IL17RD,-4.3324237
POM121,-4.3254666
CD44,-4.462588
ZNF112,-2.301253
GCM2,-4.4653993
STK35,-4.5183477
GJA5,-1.5931611
CYP11B1,-4.504231
HOXC9,-3.4304557
KCTD5,-4.367646
CYP2W1,-4.530955
ITPKB,-4.5135493
AIP,-4.6163826
TNNT3,-3.327743
FBXL13,-4.3371205
RAD50,-4.1277733
AOC3,-4.474877
SYBU,-4.2134614
FAM205A,-4.4468756
ZNF729,-2.3458798
EDNRB,-4.167688
COG8,-4.6224117
SLC1A1,-4.2641416
ZNF574,3.1034837
HDAC8,-4.499415
TFCP2L1,-4.4169135
ARHGAP25,-4.5460434
PAX3,-4.5755095
LMBR1,-3.991376
PATL2,-4.4793534
PRTG,-5.714716
NPRL3,-4.621166
FBXO33,-4.1326704
KRT31,-4.461803
CEL,-4.5977836
ERO1A,-4.5590773
THBS1,-3.7328875
MIGA1,-4.380119
CLP1,-4.17014
CLK4,-2.9529998
VSX2,-4.5968637
SLC33A1,-3.3701239
ANXA6,-3.169961
STRC,-4.4863377
RACK1,-4.060368
IGSF8,-4.511874
MBOAT7,-3.2611413
USP30,-4.3599734
COG6,-4.36338
TBC1D19,-4.2517214
KRT36,-4.5610585
EEFSEC,-4.730268
SRRM4,3.5815344
UGT1A10,-4.5111265
LRRC8D,-4.402854
ZSCAN29,-4.3203497
MAPK6,-4.007743
STK25,-4.315378
PLA2G4A,-2.4039373
B4GALT3,-4.2172914
SNX18,-4.463909
ZNF135,-4.2152634
PIK3AP1,-4.535411
FOXN1,-3.2969532
CPZ,-4.5072117
ATP6V1B1,-5.9246016
SYN3,-3.163009
QRSL1,-4.5081058
GPAT2,-4.597893
GDAP1,4.2515564
PELI2,-4.5796666
DEUP1,-4.4748917
SLC23A1,-3.2639172
MARCO,-4.469896
F13B,-4.4961643
CDAN1,-6.9144926
PROB1,-4.444025
DCTN4,-2.9022973
DYRK2,-4.033563
FUCA2,-4.6570277
C3orf20,-4.4008274
ZNF160,-2.1176896
SLC25A44,-4.363553
PRPS2,-3.461078
PPIL4,-4.196296
NOLC1,-2.972029
RGS7,-4.3781786
WNT2,-2.4544098
TARDBP,-3.0445473
GGT7,-4.5211415
PPM1G,-4.228954
KLHDC8A,-4.386397
AATF,-4.524716
MAP1B,-5.847335
DDX19A,-4.3662148
OTP,-3.388395
MCOLN2,-4.54332
FBXO40,-4.511064
MYOM3,-6.588365
SATL1,-4.4532866
GEM,-4.3981137
HERC3,-5.675089
TFRC,-4.250038
SNX4,-4.094841
NKX2-5,-2.5019724
GMCL1,-3.117539
ANKK1,-4.4962153
LIMCH1,-5.998288
RAB35,-4.527424
JADE3,-4.372403
TF,-4.3932195
PRF1,-3.3758872
NEURL1,-4.6336746
FUT2,-4.632754
FBLN7,-1.2820449
TTC24,-4.484061
PARP2,-4.4062977
ACOT12,-4.5040517
REM2,-4.5706162
SPDL1,-4.431306
HMX3,-4.6551833
NADK2,-4.3300953
SEL1L2,-4.5247254
DPY19L2,-4.5448475
KRT39,-2.4071436
IL1RAP,-4.565628
RYR3,-17.733906
SQLE,6.1301455
NLRC4,-4.5080156
NKX2-6,-4.5201397
PPARG,-4.6236315
ALPG,-4.610553
CCDC177,-4.4776106
FDFT1,3.0542083
ZNF184,-4.361944
NUTM1,0.13187027
SLFN14,-4.4726133
TMEM117,-4.648842
LTK,-4.5763597
ACSM5,-4.559634
SLC6A14,-3.3330016
WASHC2A,-4.5456414
GHR,-2.4399421
BAP1,-4.4650164
IDH3A,-4.4632487
STEAP4,-4.5480433
GAPDHS,-3.287301
TIA1,-2.5821052
ZKSCAN7,-4.4113483
SLC2A7,-3.308648
CARD6,-4.517067
IDH3B,-1.1191311
ATRN,-6.5035357
FAM186B,-4.3561506
LRRC36,-4.532196
HEPHL1,-7.15026
CCNB3,-4.5044155
ZBTB44,-4.27266
AGBL4,-4.4876556
KLHL41,-4.6786156
ALDH1B1,-4.6698437
ZSCAN9,-2.1169956
CES4A,-4.3880568
MAF,-3.337309
KCNAB2,-4.57713
SLC29A4,-4.5945544
NAALADL2,-4.448352
RFC4,-4.614885
SLC12A8,-4.7021894
IQGAP2,-5.487286
BYSL,0.6509657
SLC25A11,-3.3859859
SREK1,-4.137957
SLC25A20,-4.7205286
SLC1A2,-4.063269
CYP7B1,-4.490936
POU3F1,-3.427676
ATAD3C,-4.6361585
IFT172,-8.00277
GJB3,-4.57901
ZFP62,-4.3771663
BDH1,-4.592332
ILDR1,-4.522103
KLHL23,-3.996736
ADGRF1,-4.503046
ZNF311,-2.2512546
CDRT1,-4.5235853
MYEF2,-0.72006655
PRR36,-2.3702357
ALG9,-4.350664
RPN1,-4.4975266
HOXB3,-4.655167
MAPK13,-3.382158
ACRBP,-4.5061793
RAD21,3.9853091
PLXNC1,-5.173319
GLP1R,-3.2503679
GTF2H4,-4.497406
ASB16,-3.2094667
CRHR2,-4.5710893
RUSC1,-4.010262
STRADA,-4.4898286
XRCC6,-4.2633476
CDH19,-3.2787254
WDR13,-4.6073446
CCDC174,-4.193828
ZNF185,-4.5472097
SLC25A3,-4.29424
PADI1,-4.4929147
DAXX,-4.666472
ARFGAP2,-4.4714465
DDX28,-2.435337
TADA2A,-4.4572167
ZNF585B,-4.6254787
NEU4,-4.6523795
USP22,-3.9510949
ALDOB,-4.628267
CTPS2,-4.4548235
ANKRD42,-4.3531384
ZSWIM2,-4.473853
ZBBX,-3.229123
PUS10,-2.439399
TUBE1,-4.1648407
REPS1,-4.239046
REST,-4.4370637
UBQLN1,-4.265173
KCNC3,-6.040041
SLC6A16,-2.39085
DDX6,0.9130316
NECTIN2,-4.533053
CYTH2,-2.9493806
WLS,-2.3319345
SHC4,-2.365519
CNTN4,4.5137067
TGS1,-4.3434987
KBTBD3,-4.6604414
RAD17,-2.1640868
PRRT3,-4.5243087
TSC22D1,-0.626585
KCNK10,-4.297043
SDHB,-4.417188
GSTCD,-3.308299
DISC1,-4.5385904
ZNF516,-4.39567
ZNF624,-4.512984
MARCH7,-4.4861827
SCARB2,-4.0781174
CDKN2A,-4.5666227
EED,-4.4659176
EVL,-4.2074304
SSX2IP,-4.31539
SH3RF2,-3.2759793
IFT74,-4.403177
ACSM1,-4.499087
C9,-4.455784
PPM1J,-4.5260015
SLC18A1,-4.1793537
RDH5,-4.6012173
DEPDC1B,-4.5076685
CFAP45,-2.4127665
FAM83G,-4.51879
RGMB,-3.0689049
RNF139,-4.3477674
SLC39A6,-4.1286683
HPD,-4.589717
ITPKC,-4.4222126
TMEM209,-4.558952
MFSD14A,-4.4470463
ZNF395,-4.050458
HAUS6,-4.4273415
SYT9,-4.5859985
KRT27,-4.5801
PEX1,-0.50588083
CHRNA5,-4.687106
ASCC2,-2.4266748
RTN4,-3.7385683
DRG2,-4.5616136
ZNF544,-4.5023446
TMPRSS11A,-4.5120583
MGAT2,-3.425666
VIPR1,-1.2208781
ZPLD1,-4.577279
GJC1,-4.1948447
ITIH6,-4.4997563
KLHL34,-4.5410542
KLHL33,-4.5328174
TP53BP1,-6.183606
HOXA3,-3.3920903
ACTL7A,-4.644547
GGT5,-4.5279126
ZNF133,-4.3911114
URI1,-4.27303
COX10,-4.6268797
KRT24,-4.5858817
PCDHGB3,-4.5116596
OSBPL2,-3.25453
CCDC47,-0.9067974
DEPDC7,-4.643793
NHSL2,-4.5131803
SLCO4C1,-2.475081
FUBP1,-4.270163
RSPH6A,-4.509243
GPAA1,-4.6383786
SLC22A15,-4.382746
MOV10L1,-7.004729
NKRF,-2.8779385
ADAM28,-4.6001673
RHPN2,-4.532079
MAEA,-4.3160024
MTRF1,-3.3186488
LMCD1,-4.664293
PCDHA1,-4.5181894
SSH2,5.834038
HES6,-4.309942
EGF,-6.7348404
SLC22A3,-2.5031443
EIF2D,-4.6234174
L3MBTL4,-4.5291743
CYP24A1,-4.516466
KBTBD11,-4.398733
THSD7A,-7.6569996
SRL,-4.7810125
MGAT3,-3.2556868
ALKBH8,-4.5758915
ZNF791,-4.3331656
NLRP4,-4.5321836
SCPEP1,-4.6749954
PAX4,-4.602216
ATP10B,-7.2443743
GPR156,-4.450431
TRIM41,-4.248988
CACNA2D1,-3.6909187
MRPS9,-4.580414
TGM4,-4.476145
KRT79,-4.597289
AMT,-4.791092
PWP1,-4.239622
NRIP1,-4.18135
DENND1C,-4.516283
NETO1,-4.1690626
MTF1,-4.3388176
GSAP,-4.616275
ZNF598,-3.3208227
BAG3,-4.481142
GATAD2B,-4.2549167
FAM98A,-4.363074
PDHA2,-4.633257
PCDHGA1,-4.5567665
PRSS53,-2.407793
TMCC1,-3.9948668
ZNF287,-4.229695
ZFYVE19,-4.6629705
SECISBP2L,14.415962
DNAJC3,-4.407919
TRIP6,-4.6475954
ZKSCAN5,-4.3029428
KHDC4,-4.3256993
SERGEF,-4.56356
SLC22A16,-4.5658326
SLC25A42,-4.795086
SLC2A3,-4.4052663
ASNSD1,-4.308652
TRAF3IP3,-4.5323215
GABRP,-4.6232004
ACTR3B,-4.6511045
SOX2,-4.384446
PISD,-4.3710647
CANX,-4.0755
TAZ,-4.3421297
NR1I2,-4.6632533
SH3BP5,-1.9667916
TENT4B,-3.961594
ADGRG1,-2.0578933
ALG6,-4.5298743
ZER1,-4.378221
FKBP4,3.6345406
LUC7L,-4.0785494
RBFOX1,-3.9616642
DNAJA3,-3.2540362
TBC1D17,-4.6639953
DZIP1,-4.119462
CAMTA1,-4.0053244
C2CD3,-7.189605
SLC28A3,-4.5343895
DLAT,-4.329351
KMT5A,-4.419906
SLC30A6,-4.404115
KIRREL2,-3.3305175
SLC22A2,-4.616081
SYT10,-2.5112333
QSOX2,-2.3721592
GABRA6,-4.6560817
ZNF276,-4.4067883
HAGH,-4.5610256
SLC2A14,-3.3614178
APPL2,-4.5217986
CNKSR3,-4.5780826
ZNF208,-4.1630025
CCDC81,-4.640495
KRT71,-3.3994088
TRAPPC12,-4.4529595
EIPR1,-1.32936
RELA,-1.2156105
KRT72,-1.7253788
SRPX,-4.4780245
GRID1,-5.8527946
MYBL1,-2.3875275
ANKRD18B,-4.4831667
ZNF585A,-4.359963
LAMB3,-5.818008
PTPN7,-4.4568715
FSCN3,-4.4925056
ERMARD,-2.4388597
WASHC2C,-4.326614
TBX6,-4.604822
CHUK,-4.4593706
NLRP11,-4.5308585
DACH2,-3.3790803
PHACTR4,-4.2066846
FOLH1,-4.5743084
HSPA8,-3.962803
KPNA7,-2.4602253
CYP2U1,-4.665719
CBFA2T3,-4.145945
INPP5A,-4.55309
NCAPH2,-4.477942
HAS2,-4.3753905
GRB14,-4.6488867
ENPP2,-4.5699096
CPNE7,-3.3483496
TNNT1,-4.828767
MGAT4A,-4.5411158
SAMD8,-4.2675514
THAP12,-2.2058191
OPA3,-4.3605
ILVBL,-4.591678
SLC2A12,-4.6893644
PHC2,-4.299662
BACH2,-4.3463416
ENO2,-2.8093193
SPOPL,-4.33274
DVL2,-1.0513563
ANKRD55,-4.5291657
ZBTB49,-4.5004287
PDZD8,-5.685601
GDA,6.2971635
RTN2,-4.470195
HOOK1,-4.0576396
TMCC2,-4.673217
SEPT6,-4.608711
KRT28,-3.3695252
ZNF800,-4.369832
MATN3,-4.7220016
AUP1,-4.545704
CBFA2T2,-4.351413
SLCO1B7,-4.549998
SLC19A2,-4.2848654
SLC17A8,-4.513566
KY,-4.543637
HNRNPAB,1.8741007
MMP19,-2.443285
BCKDHB,-4.7821374
SIX1,-4.6773396
MAPK8,3.6351967
AKT2,-3.2620509
DCAF10,-4.3779087
SEC14L4,-4.574952
SNRK,-4.3820434
CCDC13,-4.607184
CWF19L2,-4.2922816
KHNYN,-3.39253
RLIM,-4.1979322
GRAP2,-4.4987054
HSF4,-4.638547
CHRM3,-4.2991476
WSCD2,-2.420918
NOA1,-4.636755
LMAN1,-4.3215046
FNTB,-4.4522276
NLE1,-4.5787625
SLC9A9,-4.6277905
SPATA5L1,-5.732104
IQCA1,-3.039788
TOR1AIP1,-4.5784726
ADAMTSL2,-5.8886957
ECHDC2,-2.4584322
THOC2,-0.86878014
DDX18,-4.2272444
EFHC2,-4.5752196
FES,-4.73183
ACSBG1,-4.6364713
PABPC4,-4.1779966
CFLAR,-3.2293384
GJD2,-4.69206
PRRT4,-4.2577615
WNT11,-1.1624546
TBX5,-1.1586165
ATXN7,-4.464465
NLRP8,-4.6192827
AOAH,-4.556945
AGXT2,-4.59453
SLC2A11,-4.682871
LCORL,-4.2954764
EIF2B3,-4.5619464
EFCAB7,-3.1426096
FAM83H,-4.5888944
HS3ST2,-4.67891
TRIM6,-2.3988657
TEX11,-4.553909
KLHDC7A,-1.2384138
AOC2,-4.5874286
CAPS2,-4.5119667
DNAJC21,-2.1771855
SYTL4,-4.688028
WNT8B,-3.3807986
CTAGE5,-4.5316153
BFSP1,-4.5805397
NLK,-3.9697838
PTPN2,-1.232069
SPNS2,-4.545836
ZYG11A,-2.4223902
SIX3,-4.199434
NEK5,-3.4074705
ZNF711,-4.040708
GABRA3,-4.6921334
PFKP,-7.1875677
PALB2,-2.3939717
NYAP1,-4.1595044
ATAD1,-2.1169143
GBP1,-3.331695
BICRAL,-4.1049623
FLOT1,-4.6411376
SUCLA2,-4.5159574
IGF2BP1,-4.384848
KRT84,-3.423084
LRRC1,-4.495917
TRIM8,-4.334006
OSGIN2,-4.4426556
RETSAT,-4.636573
TBXAS1,-4.657507
BBS12,-4.686626
SLC45A3,-2.5551593
FMO1,-3.3737624
GATM,-4.6756253
TOMM70,-1.9356995
NKD1,-2.5160513
SH3BP4,-4.1478343
USP16,-4.223302
KCNS2,-4.6972914
DVL1,-4.540201
RPS6KA6,-4.3336864
TRIM28,-4.4909296
MIS18BP1,-4.523987
KCNJ11,-4.9746084
UHRF2,-5.784091
GMPR2,-4.6170654
PGAP1,-1.8240957
SEPT11,-4.6096435
QTRT1,-2.6259549
ADNP2,-4.2648845
MMRN2,-4.6037717
RAB11FIP3,-4.4358964
SENP3,-4.536719
HNRNPM,-4.3162937
CPNE4,-3.507313
ST7L,-4.6223063
SH3BP5L,-4.5949516
MAMDC2,-4.702485
ACSL4,-3.8903766
KANK3,-4.627184
PCDHB15,-4.524304
MROH9,-4.5541015
BACH1,-4.389174
ASIC4,-4.3957124
CDCA2,-4.6739
CDHR1,-4.612501
NFKB2,-5.9793406
PRPF38A,-2.4672356
SALL2,-4.2702765
IL12RB2,-4.556706
BMP4,-4.7043777
ARFIP2,-4.7067013
MBOAT1,-4.725549
DPP7,-2.5812778
NGFR,-1.7794614
ZCCHC8,-2.2848163
PBX2,-4.4514265
PCDHA10,-3.3601792
CALCOCO1,-4.4941354
LCTL,-4.627918
CTNNAL1,-4.559496
GNA15,-4.6848335
TTF1,-4.262665
SHTN1,0.3450699
FAF2,-3.0400157
NFIC,-4.662824
SLFN11,-2.505364
TRAF3IP1,-4.241462
PHF1,-4.709959
TARS,-5.880742
ATAD3A,-3.8398414
ZNF862,-4.570739
CFAP221,-4.588723
RRP1B,-4.2854543
ALG5,-4.6145687
INTU,-4.404862
PHACTR3,-4.2619143
SLC47A1,-4.627257
CDYL2,-4.5941896
GJA8,-3.5555923
SLC17A6,-2.8115833
DUSP16,-1.9898376
MFSD5,-4.535048
PNLIP,-4.6380095
RNF8,-4.279321
ALG2,-4.6237097
WDR37,-4.456238
PIGB,-4.5995755
MSI1,-2.276194
IKZF1,-4.6651397
LRGUK,-4.5825677
SLC9A4,-4.678069
MMP24,-4.015606
ROCK1,8.303656
TKTL2,-2.511211
RCL1,-4.7161355
MPP7,-4.4550295
SCMH1,-4.5604663
HSPA12A,-4.2568564
WNT9A,-3.4903646
GRAMD4,-4.370351
DHODH,-4.7922807
ARFGAP1,-4.501289
DNAJC1,-2.5437577
ARSH,-1.3175302
ANKRD13C,-4.3873916
MAPKAP1,-3.3097358
SLC25A22,-1.6614268
FBXO9,-2.9992976
PARG,-4.5273395
MEF2A,-4.512596
LMF1,-4.719065
PIGV,-4.591532
PIAS1,-2.24662
NRF1,-3.4056318
SLC2A6,-4.607812
KRT18,-4.636967
MEF2B,-4.5625763
PRKD2,-6.041906
RFX5,-4.373419
ZC3H12D,-4.674543
PMPCA,-4.569519
AKT3,-2.2157826
IRF9,-4.7342453
CDC16,-4.3979826
AQP1,-4.751586
GGA1,-4.590299
TGFBRAP1,-4.3717546
SLITRK5,-4.2731023
TAF4B,-4.587354
ATF6B,-4.6591525
PHKG2,-4.6570206
LRWD1,-1.1311593
MEIS1,-2.4825475
API5,-2.271673
LIN54,-4.4415913
MAG,-4.5687823
NEK2,-4.63933
C3orf67,-4.6215215
PLBD2,-4.7395973
SCFD2,-4.5506525
ZNF217,-4.563544
POLR1C,-4.784412
AFAP1L2,-4.5697117
CSRNP3,-3.8919058
RNF103,-4.310017
CDCA7L,-4.6522255
ZDHHC13,-4.479656
ZFP90,4.4778175
TOM1L2,-2.3415148
TTC8,-3.374588
UTP4,-4.5854893
TRMT2A,-4.6941843
PLXDC2,-4.5701823
MUM1,-4.5641174
GLDC,-6.0814543
CAMK2D,-4.440197
ADGRE5,-4.672773
KCNJ16,-3.459552
LIMD1,-4.6688232
WDR1,-4.571684
PTCHD3,-2.4943428
SEPT4,-4.5883374
USF1,-4.4781985
CEP85,-4.508014
SLC22A17,-4.3270035
SLC1A3,-3.2674005
HABP2,-3.398694
DSC3,-4.5818963
PLCH1,-6.5294385
KRT77,-4.6236696
ZNF74,-4.437129
DNAJC14,-4.5558763
LRFN1,-3.4051905
NUAK2,-4.4684405
IL31RA,-4.526898
MID1,-4.2615542
QSOX1,-4.5977097
EPS8L3,-4.559047
TMEM132A,-2.3352227
PPP3CC,-4.5374346
ZNF333,-4.5487194
CEP83,-4.683329
RBM28,-4.3603444
CCT6A,0.57841873
FASTKD1,-4.455294
PHC1,3.4803228
C2orf42,-4.7608924
PGD,-3.2823768
TROAP,-2.5857046
TNFRSF1A,-4.858605
LRRC8C,-3.4780102
CDK5RAP3,-4.4076796
CIAO3,-4.7378917
LPCAT3,-4.731254
PRKAA2,-4.209724
PDZD4,-4.263466
F2,-5.942513
TMEM161A,-4.801267
SMARCD3,-4.605639
EEPD1,-4.7306213
ADCK1,-4.7773023
TUBB2B,-0.79731226
ZBTB47,-4.621518
TRIM32,-3.4592547
NYAP2,-4.566935
TMEM63C,-2.429871
HDAC2,-4.0148683
MDM1,-2.4763749
PCDHA9,-4.5101867
AJM1,-4.5915127
KLHL17,-4.9279227
ABHD4,-4.7965436
MASTL,-4.723446
STEAP2,-4.654422
NELFE,-4.655091
NLRP9,-4.5867615
DOK7,-4.614546
PSMC6,-4.410412
CLINT1,-4.5349727
MIER1,-4.1556153
GPM6B,-4.265501
EPS8L2,-4.514517
NUCB1,-4.68683
C10orf71,-4.5823627
RALGPS2,-4.404391
GDI2,-4.2606964
GABRQ,-4.640517
ZNF45,-4.5571103
WDR76,-4.74348
IRF7,-4.7748036
HSPA12B,-4.6487536
CHST5,-4.7964106
CSTF1,-4.721689
CREM,-4.5319552
DNM2,-6.3174334
NDUFA9,-4.6406126
FEM1C,-4.575741
UBA3,-2.144006
PHF10,-4.4051027
EGFL6,-4.5364547
PRKAG3,-2.5580087
SCUBE1,-6.16476
CRLF1,-4.613433
A2M,-0.20025349
TXNDC11,-4.586698
URGCP,-4.6394224
CCDC33,-4.5908537
MAT2A,-4.482618
MPI,-4.728454
AGPAT3,-4.6900043
DDX52,-4.304681
PRKAG1,-4.555746
TSNAXIP1,-4.6112537
PCDHGA9,-4.6184225
NADK,-4.630124
GK5,-2.4319575
KRT82,-3.4528813
PPARGC1A,-4.6053996
DMAP1,-4.499861
ZC3H6,-2.3016531
SCLY,-4.6255593
GMPR,-4.7845707
PDSS1,-1.3403387
CHST4,-4.6939173
EP400,-12.298724
CHRNB3,-4.666972
GEN1,-4.5206623
JPH2,-4.6573176
CAPN5,-6.0438657
GLRB,-4.6912794
APEH,-4.650269
ACBD3,-4.2055287
AIPL1,-4.7743897
FHL2,-4.6395607
PPP1R26,-4.492467
PRICKLE2,-2.497724
GALK1,-4.920889
HELB,-4.5969744
ISL1,-4.5155478
CDH17,-4.5992937
DPH2,-4.5759244
HPS1,-4.766116
NDUFA10,-4.4465213
KDM2A,-4.369031
PIPOX,-4.725485
SIRT1,-4.352193
DHX40,-4.2121577
BRD2,-4.5068755
EXD3,-4.685037
LCA5,-4.404498
MID2,-4.6548467
TBC1D10C,-3.366189
FOXP3,-4.697328
SYCP2L,-4.5764003
SLC25A37,-4.699651
PCDHA12,-3.3196929
SCNN1B,-4.6427426
SMARCAD1,13.743277
KLHL35,-4.517379
DCST1,-4.5885606
ANO10,-3.4691145
ESRRA,-1.4295511
MPP2,-4.607412
NLRP7,-4.6155176
PLK2,-4.280078
GPAT3,-4.637293
IRAK1,-4.6789484
PDE12,-3.493288
NDST1,-3.83068
P4HA3,-4.6237965
TTLL9,-4.5970473
FKTN,-4.5439715
ATXN1,-2.2169623
TTC39B,-4.5350456
SEC14L3,-4.6342177
NOP58,-1.30088
ZNF343,-4.587179
TLR8,-4.6232567
TSHZ3,-3.2207644
FOXRED2,-4.682776
STAT5A,-5.837403
MASP1,-5.96172
NMNAT2,-3.0714922
SSBP3,-4.0196757
SUMF1,-4.904485
LRTOMT,-4.7703476
NCLN,-4.7279205
FA2H,-1.4021549
PXK,-2.320826
ARHGEF25,-4.586347
NCDN,-4.6512237
BFSP2,-4.679748
SF1,-4.3081884
ERAP2,-4.622385
NRBP1,-4.598869
MFSD8,-4.6466613
GNAI2,-3.4363065
GJA1,-1.3630128
SELENBP1,-4.824239
KCNH4,-4.6770353
MORC2,-3.6448915
DZANK1,-4.5825434
MBD3,-3.5567107
FOXO4,-4.7656565
TMPRSS3,-2.654463
ZNF512,-4.025298
PPAT,-3.4407053
ALDH1A2,-3.5064523
HHATL,-4.6613483
AGRN,-7.7118335
TMEM132E,-4.648073
RASGRP2,-4.7260294
VEZT,7.5062733
ALB,-4.6583242
PDE7B,-4.671609
DLD,-3.2170084
MEIS3,-4.498016
PARP6,-4.3889947
ADGRG2,-4.666934
MEPCE,-4.4937754
NFIX,-4.48089
SLC13A3,-4.7096553
TBXT,-3.5029583
EVX2,-4.8885274
HMGCS1,-0.79437256
FAF1,-2.5387368
KRT19,-4.8048444
ZNF536,-4.496993
ANKRD62,-4.7256694
CCNL1,-4.232253
KRT73,-4.7397695
TMEM8A,-4.637628
MUS81,-4.667894
TPM4,-4.571599
SEPT8,-4.713312
ELL,-4.7065554
FAM161A,-4.315265
DDX55,-4.48641
GALE,-1.886605
TRMU,-3.5787058
CDC14A,-4.7221556
PLK1,-4.7038646
SMARCA4,-0.1967659
FAM160B2,-4.5557694
NCBP3,-4.174463
DTL,-4.698707
GLRA4,-4.7391057
GNAI3,-2.3401897
ERO1B,-4.601199
SLITRK2,-4.615554
ABCB9,-3.5290587
FBL,-4.7238193
NAALAD2,-4.6596622
SLC37A1,-4.3099394
MMP16,-4.179572
SH2D4A,-4.6541147
GK,-3.2908785
SIGLEC10,-4.7048454
DENND6B,-4.793558
FOXC1,-4.7336917
KRI1,-2.6645472
CYP4F11,-4.675658
KNTC1,-6.8120365
SOX3,-4.7189674
ITGA1,-3.5571613
INCENP,-4.640783
BRPF1,-1.5004911
TMPRSS13,-4.7505174
MICAL2,-5.918696
CDC20,-4.718405
SPOCD1,-4.615725
THOC1,-4.47744
SCNN1G,-4.561242
FLOT2,-4.753011
TMPRSS11F,-4.6490784
RRP9,-3.5799344
TDP1,-4.6167727
SLC27A5,-4.6848483
STK11,-3.5518548
EPPK1,-7.113098
FIBCD1,-4.687075
PCDHA7,-3.76127
HJV,-4.744019
TCTN1,-4.790649
USP39,-4.6881137
ALOX15,-4.636524
SLC45A2,-3.5477486
FAM129A,-4.6205697
OTUD7A,-4.669705
PCK1,-4.7055616
C16orf96,-4.628783
RTCB,-4.6812124
DDX59,-4.727906
ING3,9.901776
GTF3C5,-4.6534243
TMC8,-4.715561
SRSF4,-4.3713117
SLC37A2,-4.6957483
ADAD1,-4.6952553
ADCYAP1R1,-4.639387
SLC2A5,-4.76451
TMEM161B,-4.240129
GSR,-3.161946
FNDC7,-4.654206
TRIP13,-4.8496847
MTBP,-4.687854
NT5DC2,-4.567461
SYTL5,-4.6398616
MAPK8IP3,-3.720944
CYTH1,-4.450129
KANK4,-4.6042986
PPEF2,-4.6626506
ARHGEF33,-4.6701155
LMX1A,-4.6722054
SERPINC1,-4.7610397
MAOB,-4.630098
ACAN,-6.017268
PARP10,-4.688846
ZC3HC1,-4.494324
C7orf55-LUC7L2,-1.280899
PCDHA4,-4.6864862
OTOA,-4.665996
APBA2,-4.5195856
IQCB1,-4.601045
FAM160A1,-4.676487
MFSD2B,-4.660879
EXD2,-3.221532
ALDH1A3,-3.578909
SLITRK4,-3.990375
DMTF1,-4.1002536
TRMT44,-4.6587434
HERC5,-4.7086115
RARS2,-4.6437883
KLHL10,-4.77483
F10,-4.7954555
ZC3HAV1,-4.7220397
TBCCD1,-4.8424034
KHSRP,-4.420557
IL17RC,-4.689607
MAP3K2,-3.9673605
DDN,-4.716544
DGCR2,-1.6917086
SEPT9,-4.6743503
LIN9,-4.5973296
SLC24A3,-4.5075393
CCDC175,-4.660109
ACTL6A,-4.7123847
METAP2,-2.2166321
GRIPAP1,-4.4997215
TENM2,1.0021315
MALT1,-4.6471996
PPP2R2B,-4.3692837
KCNN1,-4.891772
ZYX,-4.7039323
BTBD1,-3.2354555
PPP2R5C,-4.49906
ASIC3,-4.7898817
SIGLEC1,-5.9755316
PIP5K1A,-4.5113263
EXOC3L1,-2.5433967
APAF1,-5.6708446
DCST2,-4.6555786
NR2E1,-3.6432114
ACSL5,-4.714835
ADCK5,-4.7047853
CRACR2A,-4.62972
GNAS,-4.5345716
MLXIPL,-4.7166467
AFAP1,-4.441501
GALNT12,-3.3974304
SMYD4,-4.796285
GALNT15,-4.694189
ICAM5,-2.5557346
OLFML3,-4.748939
CERS5,-4.5422664
PLK3,-3.529195
TRPM2,-7.091797
PHB2,-4.58141
ULK3,-4.551485
C12orf10,-4.688743
KCNJ12,-4.9379454
SLCO4A1,-4.727242
CCKBR,-4.7627535
GATAD2A,-4.6043057
PHACTR2,-4.699842
RASIP1,-2.5357785
PTH1R,-4.6632504
CSF2RB,-2.6295526
RNF19B,-4.7608852
AKAP1,-2.9615333
NIPAL3,8.221039
NECTIN3,-2.4361637
SLITRK1,-4.303111
GALK2,-4.638422
GCNT2,-2.214119
NXN,-4.752298
RBM47,-1.8969331
CCDC6,3.3737583
PPP6R1,2.7947226
IMPG1,-4.665136
FOXC2,-4.8423657
RXFP2,-4.68325
MON1A,-4.8580766
SPEN,6.7775946
SUSD1,-4.672259
PIGQ,-4.5869226
C1S,-4.6119466
WNT7A,-3.4636226
SUV39H2,-3.4841213
CTNND2,12.550249
PARP12,-4.8541946
ARHGAP6,-4.4338465
N4BP2L2,-4.307524
DNPEP,-4.864153
EPN3,-4.6830654
ARHGEF16,-4.713676
AMFR,-1.1074681
PDE7A,-4.430423
BTBD3,-4.3894005
COG7,-4.64375
KLHL4,-3.4755948
PCARE,-4.5885553
OSBP,-3.407793
CNOT6L,-4.5361667
KMT5C,-4.6837487
KIAA1841,-4.3688293
SRSF6,-4.239953
FBXO30,-4.424786
NPHS2,-4.742869
ZBTB4,-4.311684
NAE1,-4.52395
MTSS1,-4.2038054
AGXT,-4.8292437
NCAM2,-4.61934
LYN,-4.862992
CYP4V2,-4.7356067
TRAF6,-4.601369
CYP26A1,-4.8966846
SLCO1C1,-4.6636996
PROM1,-4.599353
C12orf4,-3.4677184
DDX49,-4.6909604
PTPN9,-4.7792172
THOC5,-4.7753334
DDX51,-3.3081338
GP2,-4.764396
SMAD5,-4.575007
NEK11,-4.731181
KIF21B,-6.315486
TAX1BP1,-4.3029456
IP6K2,-4.252409
GAB2,-4.441434
RNF43,-0.07101059
ACTBL2,-4.863286
GPT,-4.857126
HAUS5,-4.791857
SYTL1,-4.705548
BARD1,-4.538374
SGCA,-4.8420343
C1orf112,-2.5755053
PGM3,-4.5702734
ACE2,-4.694375
PROM2,-4.6642485
HSPA4L,-4.636406
FBXO41,-4.5380135
PLS3,-4.4715686
SLC22A6,-3.497559
SMARCA2,-5.995967
KMT2B,-9.555098
IL4I1,-4.849702
ECD,-4.527656
CDH18,-4.63876
ZBTB46,-3.391802
NR1I3,-4.7372036
TBC1D30,-4.3577895
CSTF2,-4.6498833
OPRM1,-3.5268617
PTPN12,-4.1103053
TMEM63A,-4.7459035
COL18A1,-7.205997
TNK1,-4.728902
TULP3,-1.4526658
ACTR3,4.861768
CDH16,-4.695613
SPICE1,-4.688465
ZNF804A,-4.5372143
PTPN5,-4.515111
ZNF420,-4.3943367
TFAP2D,-4.848147
RXFP1,-4.7183776
CATSPERB,-4.5603414
ANKRD18A,-2.387691
PRMT7,-4.7258635
TUBA3D,-5.0011134
KIAA1614,-2.5954268
ARHGAP28,-4.744805
LRCH4,-4.756091
HAGHL,-4.79236
MFSD13A,-4.894871
MGAT4B,-4.731915
DDX25,-4.637889
CPEB1,-4.7283325
KAT5,-4.4243817
JAKMIP3,-2.4980752
NACAD,-4.442507
PXDNL,-6.022834
CEP97,-4.575503
PICK1,-4.6294813
MATN1,-4.9261613
EMILIN2,-4.7377744
BBS5,-4.8467298
ACSM2A,-4.69363
IGDCC3,-4.4943395
DDX47,-1.3896818
ZP1,-4.682298
CFAP69,-4.692415
NT5E,-4.7590737
ZNF592,-4.5439243
PDLIM7,-2.6749961
ETV5,-4.833282
PGS1,-3.582442
PLEKHG2,-5.704258
PAK5,-4.181362
HPN,-3.5273123
SIX6,-4.8605113
RUBCNL,-4.758707
CYP4A11,-4.732033
ZYG11B,-4.0967226
MAPK8IP1,-4.522249
CATSPER4,-4.765715
FCRLB,-4.707975
MON1B,-4.73542
EPHA6,-1.4258704
PTGFRN,-4.568409
SLC25A24,-3.4959736
DUSP13,-4.7125697
ADAT1,-1.2539873
FAM193A,-4.490653
ANKRD30A,-4.675832
CPNE6,-4.913073
MTUS2,-0.98490524
TCP1,-2.2920861
YARS2,-4.6854625
GJC2,-4.976434
SLC25A27,-1.1419673
CHAT,-5.9931383
CFAP52,-2.6347947
NPR3,-4.9000044
FAM129C,-4.6806197
CEP126,-4.4124827
MAMLD1,-2.545343
BCL6,-4.606532
ABHD18,-4.7309484
VAX1,-4.8264046
BRDT,-4.767903
ABI1,-4.589796
L2HGDH,-2.7026808
WDPCP,-4.6844583
KCNJ5,-5.0837865
SRRM5,-4.685843
GOLGA1,-2.383562
KRT17,-3.5963707
DET1,-4.877
NMT2,-4.5562863
KANK2,-2.638985
ABL1,-5.723179
PEAR1,-4.8586936
UNC79,6.800574
FAM20B,-4.6019087
GBX2,-3.653719
MARS2,-4.7357826
KRT8,-3.5548244
SEC61A2,-4.573632
CLASP2,6.2162256
SYCP1,-4.576134
CABP1,-4.802535
IL12RB1,-4.769575
ZP2,-4.7057886
SLC44A1,-4.4851427
SHMT1,-4.9067483
KAT14,-4.703751
OSBPL11,-3.220808
NETO2,-4.185674
CDH26,-4.6798162
PCYT2,-4.832071
NARS2,-1.7650995
ZCWPW1,-4.685159
TESK1,-4.7769628
TTLL12,-4.6910367
ADD3,-4.67303
ESF1,-4.473427
GEMIN4,-4.762385
CORO2A,-4.570305
GATA5,-4.8726315
DDOST,-3.6014662
P4HA1,-4.680464
CHTOP,-4.5685234
ZDHHC17,-4.2179637
GPAT4,-4.66817
SLC24A2,-4.939275
RBCK1,-3.2978454
TCHP,-4.588371
MAP3K11,-6.144751
CMIP,6.8704886
CXXC1,-4.685968
RNF111,2.960187
IDH1,-4.4636116
GLA,-4.721783
HDAC10,-4.861122
PCDHA5,-4.761678
PCDHA2,-4.713913
FRMPD2,-4.6999435
PHGDH,-4.8984966
VIPR2,-4.7820306
DHX9,-5.3888254
BICDL1,-4.509421
CENPC,-4.482888
CCP110,-4.4045653
CEP89,-4.766545
MICU1,-4.5441265
WNT4,-3.5878196
TNFSF12,-3.5703013
SNX19,-4.541442
SPAG1,-4.797863
KYAT1,-4.949409
ZBTB17,-4.737846
TUBA3E,-4.924254
MAP4,-5.523089
GAD1,-1.9186764
COL3A1,-8.433921
LPP,-1.6087637
PPIG,-4.406353
FCHO1,-4.5947037
CASC1,-4.711009
RCC1,-4.8644366
TNN,-6.0436735
GNA14,-1.9884288
OGG1,-2.6014073
LMTK2,-5.7944784
TLR9,-4.723208
LZTS2,-4.7478533
GOT1,-3.3110313
ALDOC,-2.8395946
TASP1,-4.8510027
TTC39C,-4.740899
NLRC5,-5.97701
PCDHGA7,-4.8644686
SERPINH1,-1.9782722
ACSM2B,-3.3835468
SOX7,-3.6714945
BRAP,-3.4477167
SLC26A2,-4.7529583
RNF207,-4.7021136
STS,-4.815237
CNOT10,-4.7459345
BMP6,-4.822393
SEMA4F,-4.6521664
CKMT2,-4.8405943
GAB1,-4.6531305
TTC39A,-4.734718
SLC7A6,-4.7156086
CPOX,-3.4932032
DSC2,-4.9272676
SLC44A5,-4.5312204
NAALADL1,-4.7690372
TBC1D25,-4.509583
COASY,-4.715557
SLC4A1AP,-4.525971
ITIH3,-4.740535
TNS4,-4.733678
MASP2,-4.830817
PHKG1,-4.510578
ZNF546,-2.6442175
NAGA,-4.9488115
SHOX2,-4.588926
TGFBR2,-2.0581696
PTPRS,-8.0822115
SESTD1,7.5900655
CPNE9,-4.7435503
PPP1R12C,-4.5648665
CES5A,-4.7395983
ANKS3,-4.6231856
KANSL3,-3.21904
PPP1R16A,-3.4697208
TGFBR3,-4.8464546
ARHGAP35,2.8527274
MAPK10,-4.5143695
CCDC15,-4.7779207
ITPRID1,-4.636399
COG2,-4.741905
TRDN,-4.7547812
CHFR,-4.596705
YARS,-4.8443418
ALX4,-3.5967383
GALNT13,-4.755537
CBLC,-3.5687666
SACM1L,0.2636199
KBTBD8,-3.468784
DAGLB,-4.756058
IFFO1,-3.6295135
PTPN1,-4.4745545
LIMS2,-5.0246058
GRAMD1C,-4.83156
MAPK7,-4.772487
TCTN3,-2.7305412
KRT14,-4.8420367
CCDC14,-4.3943157
ITGAV,-6.1276097
TYMP,-1.6012921
NKX2-1,-4.9180284
ZCCHC2,-4.113182
RNF157,-2.390243
SOX8,-4.9415765
JPH4,1.8524075
ACTR10,-4.5517683
IQCN,-4.7710223
CAMKK2,-4.6275644
HK1,-7.2728004
CLN3,-4.904285
LIPC,-4.8372073
PPP6R2,-2.582703
ANGPTL2,-4.9872274
MSH3,-4.688642
XRCC5,-4.183399
ZMYM1,-0.26158285
SIMC1,-4.86792
ARNT2,-4.1108365
KRT83,-4.902832
GNA11,-3.755879
KRT12,-4.808953
PAOX,-3.685301
DPY19L1,-4.501785
IL6ST,-3.3237703
RPS6KB1,-4.4919257
WNT3,-5.0012183
KRT10,-4.6934137
ZNF780B,-4.3346763
TSPEAR,-4.760672
RBM15B,-3.1379535
LGI2,-4.7285466
INTS10,-4.671595
GNL1,-4.6403956
GAS2L2,-3.4143014
PLAA,-4.566598
TBC1D15,-4.545214
COL2A1,-10.319386
PDLIM5,-3.4575238
AGAP1,-5.428326
IDH2,-4.9613824
PDHA1,-4.5145254
KANSL2,-4.414691
MATR3,8.913398
DBN1,-4.450372
LNX1,-4.626075
CRTAC1,-0.070739746
SNX9,-4.712827
CHRNA1,0.10866976
TNRC18,-6.551582
DMGDH,-4.0043697
SLC37A3,-3.238096
GNA13,0.066809654
CPSF3,-4.801915
SCARB1,-4.945195
ARMH3,-4.705181
GDF5,-4.9003167
GPR155,-3.518285
VEPH1,-4.5838017
POLA2,-4.9206724
SEMA4C,-4.4964256
KRT15,-3.6123297
FDXR,-4.8591223
HOXD3,-4.9305873
ATP8A1,-6.6528244
HGD,-4.915209
CPNE5,-4.993038
ISY1,-4.721272
APPL1,-0.95353603
TUFM,-4.854703
CFP,-2.6976814
RTKN2,-3.5386744
SPATA31E1,-4.7195587
PLRG1,-4.584426
TPTE2,-4.788175
P2RX2,-4.7445807
PTCD1,-4.64875
PPP1R13L,-4.7365093
ETF1,-2.5492678
CASD1,-4.286971
DOLK,-4.9183135
TAF5L,-3.1780107
SIAE,-4.750498
KLHL30,-4.836605
SPIRE1,-4.6148925
WDR33,4.0213447
ATE1,-4.5727944
MAT1A,-1.6324849
SLC7A9,-3.6276484
RNF19A,-4.5799413
LTF,-4.6370616
SLC30A9,-4.6737604
CLIP4,-4.795483
EIF3L,-4.364654
SLC22A4,-4.672818
CPNE2,-4.778591
PSMC1,-4.7073946
DDX58,-4.8500466
USP47,4.40068
BICD2,-4.4729905
ANKRD13B,-3.4539838
ZNF227,-4.7599177
RYK,-4.7404017
FXR1,-4.4380603
PCDH20,-3.5804775
NT5C1B,-3.5824451
SYNE3,-4.764721
CCT2,0.6404667
NEU1,-4.999923
GPT2,-4.8348284
CPEB3,-4.0840034
MOXD1,-3.5386229
SELENOO,-4.73386
TPX2,-4.645343
PDZD2,-6.770352
ALG3,-3.8148086
TMEM132D,-4.7073827
PPP2R1B,-3.4504817
DONSON,-4.861265
FNBP1L,-0.69007444
ADD1,-3.1984246
ANGEL2,-3.534234
ARHGEF12,-6.0528297
TXK,-4.871637
SEC23A,-4.7341256
RAB11FIP1,-4.8374486
POMGNT2,-3.6279478
SNX25,-4.6401906
CYP11A1,-4.8129506
GPATCH2L,-4.4231853
PTGS2,-4.9714155
NUGGC,-4.813119
PROX1,-4.3915043
PAN3,-4.6082506
SALL4,-4.6800704
RAP1GAP,-4.998125
TMCO4,-4.7766547
MAP7D1,4.25749
ZNF197,-4.5795074
MGAT1,-5.0929675
SORT1,-4.54057
RBMX,-1.283844
ELMO3,-4.8572583
SLC27A4,-4.939664
DSG2,-3.5959456
SLC27A1,-4.848381
SH3RF1,-4.494313
GLDN,-4.932427
TGFB1I1,-5.0038657
TNNT2,-4.8472214
STK4,-2.6255934
ARHGAP17,-2.537876
CYP2R1,-1.4322553
FAM126B,-2.0839925
LHX9,-4.9044585
SLC12A6,-5.9860125
SPIRE2,-4.7252007
OSMR,-4.875214
MED17,-3.3896778
F9,-4.862958
LARP4,-4.531487
DEF6,-4.8775744
CCDC22,-4.815273
PAN2,-6.068753
KBTBD7,-3.5698302
KIDINS220,12.808158
DEF8,-4.6193786
GANC,-6.1176496
KDM4A,-4.591581
FIGNL1,-4.8707733
TMEM151B,-3.4783988
DDX1,-4.5160017
HDAC3,-4.783287
DEPDC1,-4.620394
TMEM214,-4.815557
POLN,-4.7991076
HOOK3,-4.332181
PCDHAC1,-4.8083806
USP10,-4.5416145
PHF19,-4.826068
AMPH,-4.530009
WDR46,-4.8367147
TFAP2E,-5.014887
MEP1A,-3.4908078
A1CF,-2.6028774
SLC15A1,-2.797709
FLAD1,-4.815475
SETD3,-2.749723
IFFO2,-4.691664
RUVBL1,-4.905737
SPTY2D1,-4.712412
SMC1A,-5.9431
ZNF804B,-4.6776614
OTUD7B,-3.339331
DCLRE1C,-4.793299
WDR75,-4.5276585
EEF1D,-4.5853257
TMEM132C,-4.7739162
GNPAT,-4.7623854
MICALL1,-4.8973694
SYT16,-4.7978005
DAZAP1,-4.5172033
MYCBPAP,-4.805196
NRBP2,-1.3261724
PPAN,-4.7728853
TMEM245,-4.3357797
PIDD1,-4.879595
DDX23,-3.919526
ARCN1,-3.4321597
ROBO4,-2.6960177
CLCA1,-4.779185
ESRP2,-4.8064156
HHIPL2,-4.7986937
CSF3R,-2.705937
GAREM1,-4.6429853
LINGO1,-4.4290023
EFHB,-4.793759
TUBGCP2,-4.706678
GMDS,-3.7446575
MLLT6,-2.2969792
GALNT1,-4.4884653
FEM1A,-4.7927046
ZFC3H1,-6.481893
ANKRD6,-3.2996922
GRK3,-2.3148317
GRHL1,-4.6662297
GRHL2,-4.8209276
FHDC1,-2.4702423
SRPK1,-2.3862321
EZH2,-3.7543619
SCFD1,-4.6851172
PAPLN,-4.8858714
SPAG16,-4.7790875
DNAJC11,-4.6963954
NUMBL,-4.7626233
PELP1,-2.4910026
PCDHGB4,-2.939125
WEE1,-4.6400285
CDK17,-4.4216743
ADSSL1,-3.6297617
GABRA5,-3.6791387
MCMBP,-4.6278872
OBSL1,-7.438429
CHRNB1,-5.0243587
ZFP28,-4.7362924
EXO1,-4.948055
ATP10D,-6.9783363
HHIPL1,-3.653477
NCL,-4.2799215
RAI14,-4.7043905
THNSL1,-4.909659
TRIP10,-4.918809
SGIP1,-2.456776
SAFB,-4.4437976
SAFB2,-4.576063
ALDOA,-4.8448753
IRF6,-4.8707695
SH3BP2,-4.7647157
PTPRD,-6.7230444
KLHL15,-4.4467926
ADGRE2,-4.80097
KIAA1755,-4.8278685
PTPRT,-7.067257
TIMM44,-4.7997327
CRISPLD2,-4.980536
ARMC3,-1.5281401
RUVBL2,-4.9106026
TMEM87A,-4.481149
ARPP21,-4.696128
ARHGEF15,-2.7536955
SAMD4B,-4.80693
AIRE,-3.6824963
MYB,-3.3768744
PGM5,-4.8370304
LIPG,-4.9272866
KRT1,-4.8912015
CSNK1G1,-4.682229
PKD2L2,-4.855535
ZNF827,-4.791503
LRRC41,-4.8165283
ZNF532,-3.1457791
CHRNA3,-4.9859366
AXDND1,-4.826014
ANKLE1,-4.7680745
CASC3,-2.3877087
IGSF10,-7.082245
ZNF445,-4.501526
FGD3,-4.792616
COQ8A,-4.897861
KBTBD12,-4.895845
PRKCSH,-4.9076815
FOCAD,-4.1380014
INTS3,-4.739356
ESPNL,-4.8462553
NOX1,-4.9492607
DUOX1,-8.878531
TDRD7,-4.7777634
NLRP14,-4.6878843
SETD1B,-6.1200066
WDR24,-4.9380445
TM9SF2,-4.57442
TAF3,-4.5668335
LMF2,-4.861802
MAP2K2,-5.0619693
NGEF,-4.8900456
MN1,-4.275472
CYP4F22,-4.9256353
RAPSN,-4.88575
TGM5,-4.8850527
NELFB,-4.96072
LGR4,-2.538965
SOGA3,-2.4170513
CPSF6,-3.3172357
WWOX,-2.8724384
RXRA,-3.9147968
RBPJL,-3.6330383
EPS8,-4.5530534
PSD2,3.257308
SH3TC1,-2.9073505
WIZ,-4.533987
CEBPZ,-4.584726
OAT,-4.579071
ARHGEF10,-6.147943
CCDC80,-4.851993
UROD,-4.9752893
NOTUM,-1.8498392
TPH1,-5.0079093
NCKIPSD,-4.844963
ANKLE2,-4.742448
KCNV1,-5.089814
TAF1C,-4.7274776
NLRP6,-4.8372626
AIFM3,-4.8910875
SFSWAP,-3.3038356
FAM160B1,-4.570469
ACTC1,-5.3852735
TBC1D14,-1.0537362
OLFM2,-4.9938107
TKTL1,-4.9967628
SLC4A2,-5.6242633
TXLNB,-4.8835254
PCDHA3,-3.5543933
SLCO2A1,-4.8729267
ZNF341,-4.971485
CERS2,-3.5613046
NEXN,-4.7774386
IRX6,-4.83254
RBM12B,-4.5554204
LRCH2,-4.3119845
KLHL24,-3.1846292
CYP27A1,-4.99225
CPEB4,-4.165788
MED16,-4.947362
G2E3,-2.3859832
MITF,-4.886405
AK5,-4.818024
WNT3A,-5.0635943
ZNF432,-2.6840081
THAP4,-3.7077467
NR1H4,-4.9148455
DPY19L4,-4.828001
SLC44A4,-4.800408
RGL2,-3.7498097
SLF2,-4.6846623
ZFYVE28,-4.951748
TUBA1B,-3.1387758
PGGHG,-4.9110055
FIGN,-4.715029
ARHGAP4,-4.942141
SLC34A2,-4.97938
NPNT,-4.853309
TAB2,-4.4536977
HARS,-4.9059415
NR1D2,-4.8263464
LUZP1,-4.6780605
C8A,-4.8821473
ZBED9,2.6565113
ACTG2,-2.3169134
PGBD3,-4.7688518
RIN3,-3.7102878
SLC7A4,-5.0942526
AGAP2,-3.8874006
ATP5F1B,-3.3502233
PDXDC1,-4.590376
CORIN,-6.0516376
USP42,-4.4978166
HGS,-4.864936
SNRNP70,-4.743808
XPO1,13.25717
RASGRP4,-2.7709353
RABEP1,-2.326649
F7,-5.009003
PHTF2,-4.6498103
KCNJ8,-4.74048
PHLDB3,-4.8656425
ARMC5,2.4695601
SP110,-4.8736787
ASIC2,10.926244
ARX,-5.111807
CCHCR1,-4.9577684
MAP7,-4.6850753
PRMT5,-4.5841756
GABRG3,-4.9632573
ZNF507,-4.7839155
TM9SF3,-4.567071
PPARA,-5.0530033
SCAPER,-5.7309856
CCDC30,-4.9167366
SLC7A3,-4.9421296
DNAJC7,-2.474584
RABGGTA,-4.7977567
WNT6,-5.056509
PCSK9,-3.6909378
FAM20A,-3.3584843
WNT10B,-4.9718137
XPO5,-5.965711
KCNJ14,-2.4149218
PADI2,-4.87003
SLITRK3,-4.7995954
SPRED1,-2.5246286
AP4B1,-0.12707424
ARHGAP11A,-4.867259
PPARGC1B,-4.8700123
PTPDC1,-4.570084
ARID1A,-5.2321587
IFT81,-4.4870424
GCKR,-2.7716818
RGL1,-3.5824308
RFWD3,-0.33133698
UTP25,-4.864022
JADE1,-4.5999055
CHDH,-5.067328
CCDC191,-4.863894
BRAT1,-2.869621
CAMK2B,-2.2680416
EPB42,-4.875992
COL8A1,-4.9397755
PIWIL3,-4.858735
SLC3A2,-4.873625
EVI5,-4.8032265
ABCG8,-4.926
HDC,-2.7460625
COL4A4,-7.593508
EVX1,-5.048111
SYNPO2L,-4.8722258
MFSD2A,-4.958551
ZRSR2,-4.5667424
ATG16L1,-4.8307023
VPS11,-2.4546242
CEP95,-4.4926686
HTR3A,-4.805221
PDCD6IP,-4.6110454
ZNF280D,-4.547431
NOL8,-0.19161177
XKR4,-4.6054173
ASB2,-5.015361
INO80D,-2.4035282
PRKN,-5.008715
ACOXL,-4.870472
TESK2,-4.9343724
ATL1,-4.591708
ANKS6,-5.005886
ZSCAN20,-4.816787
PDE1A,-3.594448
HOOK2,-4.8487864
SYNJ2,-7.6859603
NOC3L,-2.7730908
FKBP9,-2.956061
CDH11,-4.381309
WASL,-4.77825
GNS,-2.2210128
HEATR4,-4.925832
ARHGAP19-SLIT1,-2.557969
SEMA6B,-4.9006715
SEPSECS,-2.0797038
MPP3,-4.8138227
ISYNA1,-4.951734
KLHL13,-4.610789
MELTF,-2.7558792
BUB1,-4.8912897
MCF2,-2.522892
UFL1,-2.5423048
PIGT,-4.86467
ARHGEF17,-5.685796
BRINP1,-4.643023
FRMD3,-4.916845
PPFIA1,6.821475
FECH,-5.0465894
FAM171A1,-4.506174
DAG1,-4.977032
SLC9C2,-2.76409
MIGA2,-4.9269595
HEXB,-4.956028
FAH,-5.0396004
WNT5B,-5.125355
RALGPS1,-2.340431
GRIK5,-4.8648024
RPL4,-3.176097
GALNT4,-4.6948385
PAFAH1B1,5.9182763
EPAS1,-4.878437
KCNG4,-3.8903716
POU2F2,6.8187737
MMP2,-5.1498833
ZMYND15,-4.8641996
TUBA8,-3.9366186
STK31,-2.7760718
NR5A1,-3.029509
LMLN,-4.556131
DDX24,-4.264151
EMILIN1,-4.9271536
ZNF14,-4.8104043
EVI5L,-2.7574391
FRK,-4.8826036
EPS8L1,-4.7736797
IDS,3.2509694
DDHD2,-4.602921
ALDH18A1,-3.3447149
KLHL9,-1.0656972
LHX6,-3.8280797
ADGRF5,-4.6819096
MAP3K4,-7.0439067
DLL3,-4.878076
ZNF709,-4.584868
RADIL,-4.791102
SOAT2,-4.8942823
SETMAR,-2.7799416
HBP1,-4.7838016
CCDC39,-3.675856
FGGY,-5.1452365
TULP2,-4.867446
SLU7,-4.5298676
SYNPO,-2.7908335
SSH3,-4.972001
NPHP1,-3.6244347
SEZ6L2,3.3717465
UBTF,-5.9849806
E2F8,-4.9966717
SEPT5,-4.898341
CCDC142,-4.8250847
ANKRD50,-5.783574
HS6ST2,-2.7593856
ZBTB38,-4.072565
STRBP,-4.565972
SENP1,-2.665992
AP5Z1,-4.604107
PLXNB1,-6.849788
ZNF512B,-2.4348474
DDB1,-6.025832
WASHC5,-6.3105416
TMEM132B,12.820641
TWNK,-6.2454176
WDR44,-4.7791915
AMOTL2,-4.491026
ENOX1,-4.4395466
TP53,-5.217253
CHPF,-3.6639044
NLN,-4.275344
VPS4B,-4.739607
ACSF2,-5.084603
KCNA4,-3.8869452
CTTN,-2.3951628
AHCY,-3.901032
RGS6,-4.573155
PCDHGB2,-4.9589667
CACNB3,-3.4477572
VTN,-3.5974882
PER3,-4.979357
ITGB7,-6.345339
PLCD3,-5.027008
MAP7D2,-4.6129255
KLHL31,-0.24133158
DCBLD2,-4.499982
PIK3R2,-3.5134585
TUBB1,-5.182005
ACSS3,-4.954033
RUFY2,-4.4256244
DSE,-3.5528383
SF3A1,-4.833987
RXRG,-4.982771
ANAPC5,-4.710014
ALPP,-3.7984178
KLHL11,-1.6815844
GLI1,-4.8778596
TUBB4B,-5.0264106
RINT1,-4.4287777
ERMP1,-4.996534
ITGBL1,-5.0482483
GSE1,-4.267071
SLCO5A1,-4.601782
ZFR2,-4.8485713
ZNF337,-4.6777086
GRK6,-4.8666153
KAT7,-3.6301544
FGFR3,-7.491866
APBA1,-4.709256
SFMBT1,-4.972615
SELP,-3.6515324
CNTROB,-2.9331608
RSBN1L,-4.689788
SKIV2L,-6.4015827
LGI3,-3.7367697
KLC4,-4.933429
MIPEP,-4.8605194
LNPEP,-4.8429637
FGR,-5.109439
DLGAP5,-4.9872155
GNA12,-4.884373
PNKD,-5.203161
NAGLU,-6.5120034
USP2,-4.9180603
TPM3,-4.6775174
RGL3,-4.9369802
ARHGAP24,-4.8685656
MOCOS,-3.7086253
ANKFY1,-5.9415407
ARHGAP32,-5.997028
TRIP4,-4.8732243
NLRP2,-4.848008
PLK4,-5.0392566
TAB3,-4.6152625
NAGS,-5.14955
ASH2L,-4.8361664
RPS6KC1,-2.606438
HTRA1,-3.9020548
PLA2G15,-5.114435
LRSAM1,-4.925491
ADGRE1,-4.9039936
ABCG4,-3.8423378
EVC,1.085114
BMPR1B,-5.105598
KLC3,-5.0169954
PFKFB4,-3.7467914
KLKB1,-5.0085196
MMP9,-5.0113645
LIPE,-4.858058
ADGRD1,-4.839144
RCBTB2,-4.7940397
PRKAR1A,-3.0751626
ARHGEF3,-4.837768
MPP4,-4.913069
PCDHGA3,-5.01078
PRX,-4.9665184
RUFY3,6.117676
PABPC1,-4.4984655
KLHL22,-5.091908
ARHGAP10,-4.9194493
SUPT20H,-4.5961666
BSCL2,-4.331229
OSBPL10,-5.069816
UBN1,-4.5259256
PCDHGC5,-4.949845
CALD1,-4.6595573
MYSM1,-4.653478
COL4A2,-6.063984
PRC1,-4.7871237
ACTA2,-5.2012115
NOD1,-5.0010056
PRPF4,-4.608265
RPTN,-2.8044155
GRN,-2.9424005
ANAPC1,-4.900013
PES1,-3.6922524
TBC1D2B,-2.81237
SLC38A10,-4.8898454
SH3PXD2B,-3.1298122
TBC1D12,-4.8081203
RUNX3,-5.1828375
SUN2,-4.7649603
ITPRID2,-4.7033906
MBTD1,-4.7210965
SF3A3,-4.804916
COG3,-4.834394
STOX2,-4.495185
COQ8B,-5.1691065
KATNB1,-4.8834386
PORCN,-5.1217403
FOXRED1,-5.0194116
SLC6A15,-4.9547143
OAS3,-4.9823976
POLR3E,-4.909146
DNAJC16,-4.6331306
CCNF,-4.9027276
LRCH1,-4.8319297
TBC1D5,-4.784139
IRF5,-3.915145
SLC11A2,-3.7706168
WBSCR16,-4.9943495
MEP1B,-4.952889
SPATA31D1,-4.8831153
SYDE2,-4.809167
CYBB,-3.9252925
IVD,-5.0617366
WSCD1,-4.9077044
GLS2,-4.922387
RASEF,-4.953703
WNT1,-5.4475393
EXT2,-5.020258
ZBTB41,-4.385527
TUBA4A,-5.199469
MAP3K7,-4.726918
SLC5A8,-5.156937
CCT4,-4.7541986
FKBP10,-3.978519
STIL,-2.815845
TELO2,-4.949215
CPED1,-4.9012275
KLHL6,-5.056649
RFT1,-5.0987835
FRMD6,-4.923875
CREB3L3,-2.818576
MOCS1,-5.1193743
HDAC9,-6.0909934
PKP2,-1.6145167
SMO,-6.3307824
MYOCD,-4.866028
D2HGDH,-3.9844878
RPS6KA5,-2.7383676
ADAMTS19,-6.2832565
TRIM36,-4.528056
UBASH3B,-4.667615
NR4A1,0.1040411
SRP72,-2.4286723
ZMIZ2,-4.7433443
SUOX,-5.124937
FSTL5,-4.8980393
TPTE,-4.8655915
CHST3,-5.324317
ALG13,-4.840478
SPTLC1,-4.88303
DNAAF5,-2.829791
ACVR1,-3.783214
SLC2A1,-5.2318435
LEF1,-5.202533
TTC7A,-4.915711
NPEPPS,0.30516768
CCDC93,-4.675779
GTPBP4,-4.918896
WDR70,-2.5951889
GRAMD1A,-4.968221
CLIP3,-4.9892616
SLC43A2,-5.03024
KIF14,-6.1522026
KCNA1,-5.269653
ARSK,-4.8505826
JCAD,-4.947445
ACVR1C,-3.8089657
CAPN6,-5.0629516
ZRANB1,-4.3798523
FAM13B,-4.6320715
L3MBTL2,-4.8579483
LSG1,-2.71375
RPA1,-4.9713
TLE1,-3.6352098
RNGTT,-3.6832027
MTRR,-4.9424353
WDR91,-5.0044794
SLCO2B1,-2.9922998
PDZRN3,-4.6227818
ATP7A,-5.0670023
XRCC1,-5.043967
WNT5A,-5.053542
FMNL2,-5.9556465
DDX10,-1.6304169
PSEN2,-5.2577686
GOLGA4,-6.702689
SELENON,-4.9912744
ABCB7,-5.096007
PDE2A,-6.4164643
VPS51,-3.8068547
GALNT6,-5.073829
SLC2A13,-3.7082992
SEMA4B,-3.785107
UBA1,8.571239
CDH15,-2.769186
KIF12,-5.003427
SLC25A23,-5.0451255
EFHC1,-4.6954384
PACS2,-4.711711
DLGAP3,-1.880683
KCNJ9,-4.09627
KIAA0319L,-4.8038044
GABRR1,-0.39508677
RFX2,-5.0377874
AMDHD2,-4.04693
KCNK4,-2.864004
RARS,-3.7941911
TRPM8,-5.111854
SLC14A2,-5.0425944
PCDHGA2,-5.0310745
COL5A3,-7.5569177
GMPPA,-5.033663
CDH9,-4.8826237
GOLIM4,-5.0915346
ZKSCAN2,8.542732
LGR6,-5.095453
SLC2A4,-3.8835492
NOC2L,-4.800544
HCN1,-6.4498305
GSN,-5.144893
IKBKE,-0.4396057
AKAP12,5.5097947
SHMT2,-5.0123425
GOLGA2,-4.5921607
SART1,-2.8336742
ANO3,-1.5828409
PGR,-5.0301228
ARSJ,-5.1287527
TGFBR1,-4.7328234
LGI4,-5.049793
TSHR,-5.12961
STOML2,-5.046017
LIG4,-4.6983647
TMTC4,-5.0311785
ENGASE,-5.0714035
MCM10,-5.0241075
ANGEL1,-4.928866
BAHD1,-3.5367281
TYR,-2.2810214
ICA1,-5.0460343
RASGRP1,-5.062764
YES1,-5.0134583
SLC5A7,-5.1277432
G6PD,-5.386514
USP44,-5.010648
GPRASP1,0.03605652
TXNRD2,-3.136335
WDR86,-3.711236
FOXP4,-5.0312557
TRMT1,-5.0892773
IFIH1,-5.033564
RUNX1,-5.257421
PCDH18,-2.4911287
MATK,-3.0363598
PALD1,-5.003145
SPIDR,-4.936728
DIXDC1,-2.7735102
AIFM1,-5.0235825
SCAI,-4.6412077
ALG8,-5.0948763
IL16,-5.0537224
LONRF1,-4.572934
FCHSD1,-5.058206
COBL,-5.017389
INTS5,-4.885984
SIX4,-5.320095
TDRD12,-2.865126
ERAP1,-4.9826117
SLC26A11,-3.1311765
SMARCA1,-6.113099
ACOT11,-5.0604777
WDR49,-3.7176912
SCARF2,-3.8314548
ACSS1,-5.04098
ST7,-2.6003466
ACAA1,-5.254703
ADAM17,-3.6975822
VANGL1,-5.2490253
USP6NL,-4.982761
DAGLA,-5.0951457
SNX14,-2.502162
SMAD9,-5.15531
ZNF418,-4.8461947
DQX1,-5.001554
FCHSD2,-2.544958
SOX13,-2.8527787
SAP130,-4.9212136
NBR1,-4.6562138
ACADS,-5.3080797
MCM7,-4.938078
SLC44A2,-4.938386
GLS,5.992916
SNCAIP,-4.7869544
STON1-GTF2A1L,-2.8341343
PML,-5.0930524
TUBA1C,13.511482
SDAD1,-4.8737626
BMP1,-5.1588984
NPAS3,-2.2380767
HELQ,-5.0031676
TCF7,-5.1640816
IRF8,-5.2647877
SPTLC3,-5.0723586
DNAI2,-5.045976
BCAR3,-5.1396375
IHH,-2.5856338
FRMD8,-5.011881
SLC22A5,-3.9680405
FARSA,-3.8630135
FZD9,-5.3150015
EFEMP2,-5.358652
NLGN4X,-1.6337698
GEMIN5,-4.897497
AACS,-2.7701626
NCAPG2,-5.1411123
SIPA1L3,-7.7015324
NTNG2,-5.1669927
PHC3,-2.6620977
SLC19A1,-5.2484965
ENTPD7,-4.7299542
PCDHGB1,-5.0913796
P3H2,-5.1055937
POU2F1,2.9146414
ALPK1,-5.106502
SUGP2,-4.503617
GLE1,-5.111842
ARHGAP12,-4.7200494
KANSL1L,-4.9063964
AGBL3,-5.0915914
MAN2C1,-6.3029165
IQCH,-1.5286322
RPRD2,-4.5569572
ARMC8,-0.25005198
TINAGL1,-5.0324044
SLC12A7,-5.6899004
PCDHA11,-5.0155835
HIF1A,-3.1863377
TDRD1,-3.7483342
ZBTB10,-4.4062095
PCDH9,0.49459934
SNX27,-4.814786
CATSPERG,-4.906252
TM7SF2,-3.826891
CERCAM,-5.1781764
METTL13,-5.02599
SYNRG,-3.3972752
MYRIP,-4.705029
NFS1,-4.0176735
SPAG5,-5.1394286
SNW1,-4.763292
DPF3,-3.9057224
SLC26A10,-5.1261673
TTLL6,-5.0287385
HEXDC,-2.9356718
MCM9,-5.117047
SMARCB1,-5.048431
CHST6,-5.4214582
PHF20,-1.325294
CFAP58,-5.0161777
UXS1,-4.985202
SLC40A1,-5.163041
PGM1,-5.3367333
APBB2,-2.6115701
VWA2,-5.1754313
CSK,-3.8605838
RARB,-5.129248
CCDC136,-4.5687547
ARSE,-5.128069
MFAP1,-4.9713945
CHRNB2,7.5438356
EEF2K,-4.9700656
MARK4,-4.982666
ESPN,-3.8739548
COG1,-3.6469307
CPSF1,-6.2755585
ADAMTS16,-6.367388
IMPG2,-5.104735
USP31,2.4642835
VIPAS39,-4.8834896
TSR1,-2.807048
WT1,-5.1216917
ARSD,-4.9606247
BBS7,-4.868849
GNL2,-4.96969
NTN4,-5.005468
DENND4A,-6.234947
NSUN2,-4.9692993
HADHB,-3.8770857
STXBP3,-5.106081
POLL,-5.035672
SEC63,-4.6228323
PCDHAC2,-5.000351
PFKFB1,-3.8231523
SLC5A3,-4.5938354
ACSL3,-4.5638537
ADGRF3,-4.896753
USP37,-4.7803793
STIM1,-5.1135316
PPP2R3A,-2.3399255
NRG2,-2.8951836
KRT4,-5.038938
GTPBP2,-5.0328255
TBCK,-2.6945894
OSBPL9,-4.903378
PMFBP1,-2.9318683
WNT10A,-5.213042
FH,-5.109531
TLE2,-4.940659
HAS3,-5.1690383
BMPER,-5.119532
BNC2,6.9630737
GALNT16,-5.1215863
HERC6,-4.999842
CFAP54,-7.244459
PKP3,-3.8404772
SECISBP2,-4.885113
PPOX,-5.2256494
FAM120B,-4.8569064
KCNT2,-4.9846077
TTI1,-5.1164904
LDB3,-3.738284
FGD2,-5.2210226
MCC,-4.7805076
TFR2,-3.6579046
OTUD4,-4.7364216
ACTR2,-4.631173
VPS54,-4.86264
ESRP1,-5.035748
TBX15,-5.1569114
KCNG1,-5.491305
HMBOX1,-2.8412228
PIF1,-5.170678
PNISR,8.568104
MCM5,-5.174338
TMEM63B,-4.778148
HCFC2,-4.8064814
RPE65,-5.287724
MICAL3,-7.490288
KIAA0586,-4.8918414
ARHGEF19,-2.9982243
EHD4,-5.2366176
KLHL7,4.8514934
PLAT,-5.2192345
SLC4A4,0.014825344
R3HDM1,-4.7353287
SCARF1,-5.120515
LHCGR,-5.1372876
PRICKLE3,-5.2135043
AOX1,-4.238349
KIF3A,5.4216533
ARSF,-3.9121792
RECQL4,-5.1021285
GALNTL6,-5.0667763
ZNF268,-4.974589
ESR2,-5.1600223
MAP4K2,-5.153729
WNT2B,-5.203121
SRRT,-4.9214106
ESR1,-5.172518
OXCT1,-1.8167949
LPCAT1,-5.057504
ABHD16A,-1.7554483
HLCS,-5.2767105
NPLOC4,-5.1401615
KCNA5,-4.0059624
BCO2,-5.1714554
NOS2,-5.206891
RARG,-5.232011
WDR72,-2.9240224
FGA,-4.9850197
HSPH1,-4.3250775
FAM120A,-4.813976
NDOR1,-5.1636157
DPP10,-3.6295724
MICALL2,-5.072365
CAMTA2,-3.3912396
LRBA,-8.85588
LPCAT4,-4.8927374
CLCN1,-4.313522
CPAMD8,-7.293664
ITIH2,-5.146682
LHX5,-4.168681
RANBP6,-3.395235
AAK1,-4.7006984
DDX21,-4.7679176
KAT2A,-5.0232573
INTS8,-4.8378463
PCLO,-5.60096
KCNG2,-4.181917
PPP1R21,-5.0675087
SEMA3E,-5.00233
PHEX,-3.8248944
CARS,-5.087575
SLC25A25,-4.9810944
ITIH4,-5.0965524
ESRRG,-0.21218204
CP,-5.171697
AMER1,-4.9404497
KCNA2,-5.339056
DCBLD1,-5.1576047
NR2F2,-3.6889653
COL8A2,-4.189927
OLFML2A,-5.1713104
LRRK1,-5.157213
KIAA1324L,-5.053738
POLK,-4.899743
CCDC146,-4.8879256
MIB2,-6.4568906
LEPR,-5.044075
LARGE2,-5.095422
ZDHHC5,-5.0809684
ADAMTS3,-6.439383
PHTF1,-4.9706063
TRPS1,-4.439795
DDX31,-5.0748944
CDH20,-5.268176
HSD17B4,-5.0624247
BICC1,-4.967943
DGKG,-3.9726796
COLQ,-3.8702059
FLT1,-6.3892674
SRC,-2.6857834
ETFDH,-5.2991586
ESRRB,-5.2451425
KCTD3,-2.700781
ERICH3,-2.6590862
NAA16,-4.5283237
COG4,-2.8855524
MARVELD3,-3.058573
SEL1L,-4.683169
MED1,-4.5625615
RMC1,-5.1569834
ALOX12,-3.8445785
WAS,-5.2211
MGAT5B,-5.0849214
STARD8,-2.945024
TBC1D10B,-4.8703446
KDM7A,-4.864027
USP43,-4.968009
MTMR6,-4.5422482
TRPV4,-6.6170087
PLS1,-5.274642
ZDHHC8,-2.948901
DRC7,-5.133168
NAA35,-3.5574152
SLC11A1,-5.2374825
RAPGEF5,-4.891206
MECOM,-5.128334
CAMK2G,-3.8583722
ALS2CL,-3.867508
CHSY3,-4.958255
SREBF1,-3.014536
INPP4B,-4.809832
COL4A1,-7.8810124
HGFAC,-5.208165
PANK2,-5.0210514
ZBTB40,-5.016675
SIX5,-5.3338
MGAT5,-4.969627
KIRREL1,-3.7529929
GATA3,0.6743598
MAP4K5,-3.6028137
GRIN3B,-5.120993
USP21,-5.0934825
KLHL26,-5.327122
CPEB2,-2.356345
PCDHGA10,-5.041131
RNF216,-2.820541
CCDC158,-5.0857716
DENND6A,-3.7660348
CDH5,-5.2071486
KCNA6,-5.2826014
RFX6,-5.09464
MACO1,-3.305098
SAMD4A,-5.0552583
PANK1,-5.1870017
MTMR1,-3.86663
PATL1,-4.9886003
CLPB,-1.8195939
CAPN12,-5.2755303
MTMR8,-5.150428
CNTNAP4,-6.366805
SLC6A6,-5.1118813
PRPF40B,-5.0249825
FANCM,-6.473679
TCOF1,-4.8927045
CLOCK,-3.4950454
NCKAP5L,-5.151502
UNKL,-3.9662457
ZHX2,-5.115514
FBXL19,-4.758337
JAKMIP2,-4.6316676
SLC6A18,-5.2365723
MCM4,-2.9558344
MAN1A2,-2.6879137
NLRP5,-0.54854155
ROR1,-5.233542
SLC7A1,-5.391473
GLI3,-6.456026
WDR63,-5.1494236
PPP4R1,-4.7531934
DENND1A,-5.1511946
TRIM9,-4.7965627
PPWD1,-5.046305
MAP3K3,-5.0739083
KIAA1211,-5.076478
UNC5A,-5.11093
PRKG1,-5.009893
LOXL4,-5.23189
GRB10,-4.765098
PIBF1,-4.980842
RPGR,-4.0080166
PCNX4,-4.8890676
CDH1,-5.1850452
GUCY1B1,-3.3513534
SLC5A6,-3.1649804
CPT1C,-6.548439
TUBB,-3.4829865
WDR66,-5.0249443
STXBP2,-5.481901
IRF4,-5.320469
MRTFA,-5.045572
GLRA3,-5.1736565
DHCR7,-2.1126122
RNF145,3.923245
GTF3C3,-5.0445724
DHX33,-4.7639046
FNIP2,-2.7171981
ALOX15B,-5.221088
DKC1,-5.0955944
DZIP3,-4.7543225
MDGA1,-5.0329638
MTA2,-5.083933
C9orf84,-5.091968
CD22,-5.0443263
CCDC57,-5.1472692
SLC9A3,-5.160784
UBR3,-3.5648806
UROC1,-5.203252
MEI1,-5.05848
PLA2G4B,-5.0707064
ADAMTS4,-5.2606096
MUTYH,-3.155681
FOXJ2,-4.9181066
VIM,-0.6121125
VWA3A,-3.7960145
SLC24A4,-5.121511
POLR3A,-7.4735403
ANKRD36,5.520366
LMX1B,6.2259126
FAM184B,-5.120414
TDRD5,-5.0706
SEMA3C,-2.7895973
RTF1,1.2323084
ADAM9,-5.1166296
ENPEP,-5.1151705
RBM39,2.660657
OIT3,-4.0399
ADAM10,-4.9531846
CHRNE,-4.049809
SUV39H1,-5.344278
TSGA10,-5.1057477
NGLY1,-5.014911
LCK,-3.817755
MARK3,-4.7372875
TRPC4AP,-4.9862666
NR2C2,-4.9929466
ZNF831,-5.106452
COLGALT2,-5.2560797
MPL,-5.2018147
ITGA4,-2.8589249
TPH2,-4.0545573
CDH3,-5.1926084
AKNA,-3.0605931
ARHGEF28,-6.4780126
ACTN1,-6.550881
NLGN1,-3.7985158
AFF2,-4.895939
SIDT2,-3.0304348
SEMA4D,-5.1460004
ARIH2,-4.875974
BMP2K,-5.0263023
NXF1,-4.869198
ACAD8,-5.236511
SLC6A20,-4.056252
ATF7IP,-4.7947683
STOX1,-5.079814
RNF6,-5.081245
NOD2,-5.1712704
CC2D1B,-2.9591334
NPAS2,-5.2001553
ANKRD30B,-5.0018005
N4BP2,-4.542331
KIF18B,-5.4182763
ATG16L2,-5.1830144
NR6A1,-5.3422213
TFAP2A,-2.656612
TMPRSS7,-5.194673
RPS6KA1,-3.1199841
GUF1,-5.062684
DCAF13,-5.1399283
NR4A3,-5.189342
FAM83B,-5.1866827
VPS33A,-4.029706
CCDC186,-4.980632
GALT,-3.2421618
IGHMBP2,-3.2807262
SPECC1,-5.0847635
RBP3,-5.2401404
BEST4,-5.3735857
DDX41,-3.9203815
MVP,-5.2053237
DYNC1I1,-5.172488
PTPRN,-5.1859684
PLEKHG4B,-5.198854
AK7,-3.941682
CLASRP,-5.0989676
GCDH,-5.5493646
SPTLC2,-5.1743174
ZC3H12C,-2.8667302
MYH7,-12.731498
CNKSR2,-4.9272723
ELP3,-3.9152355
KLHL21,-5.4030004
TAS1R2,-4.0641212
FAP,-5.1638627
NISCH,-4.8241396
THAP9,-5.173351
TPM1,-5.1807027
ANPEP,-3.9125764
ICK,-3.0324545
LMNA,-6.5863113
INA,8.113064
ELMSAN1,-5.125517
HEXA,-5.335392
ODF2,-4.9771457
RBSN,-3.6530213
MAML3,-4.9755616
CDC27,-3.679162
ZC3H7B,-4.7869425
PPP6R3,-4.8566084
USP36,-4.980363
GNAO1,-2.8361819
ALPI,-5.3614845
PLEKHA4,-5.2140055
RTL1,-0.62620354
KCNJ3,-3.1421711
TAS1R1,-5.294866
RECK,-5.1521864
NOP56,-3.3767967
WDR78,-3.0880527
LATS2,-3.103672
KCTD7,-3.61524
KIAA0753,-5.0728817
KARS,-5.3059397
HGSNAT,-5.1396637
ATXN2L,-4.96036
XYLT2,-5.1839166
TUBG2,-4.290187
HYOU1,-5.1571927
ANKAR,-5.208913
ZHX3,-5.0469146
RREB1,-5.2325253
TTC27,-5.0497293
JMY,-4.956778
HSP90B1,-4.8029895
SUN1,-2.7439966
EML2,-5.2166405
ECT2L,-5.154183
VAC14,-5.37235
ANO4,-6.4278955
BTK,-3.2813454
MTM1,-5.333579
PFKFB3,-5.18728
AP2B1,-4.9437704
DENND2A,-4.954257
MAP4K3,-4.703364
DCHS2,-8.735901
PCDH7,-4.7406135
KCNS1,-5.4413633
SERAC1,-5.28677
SMOX,-5.358798
KLHL18,-5.3110685
PTPRO,-4.677306
KCNV2,-5.545743
FSTL4,-2.8805127
RHOT1,-4.8653545
ITIH5,-4.97622
SH2D3C,-4.717907
DSG4,-5.162413
APPBP2,-3.0120032
ARSA,-5.5397577
FAM160A2,-5.2075443
ADD2,-2.9471834
PCDHGB6,-5.265056
FBLN5,-4.070873
MYO3A,-6.3317485
NOX5,-5.3112864
FZD6,-5.353387
LHX3,-5.398391
SMPD4,-5.296323
PRKCD,-5.3748617
FBF1,-5.1961555
PCDH8,-3.7406383
PCDHGB7,-5.2557335
PLXNA3,-5.2048144
BICD1,-2.9721143
DCAF6,-5.1862245
ZNF644,-4.766654
SLC5A12,-5.366626
GATA6,-5.404768
DPYD,-6.7217374
DCAF5,-4.725577
DDX17,-4.5613394
ACTR1B,-5.3523936
MROH7,-5.14175
ADGRL2,-7.591975
FXR2,-3.7796931
HIVEP1,-6.3715925
HACE1,-5.2610373
ELMO1,-4.8758597
INTS6L,-5.0375676
KLHL2,-2.9746804
NFE2L1,-4.978726
ARMCX4,-2.795272
KIF22,-5.2736745
NR3C1,-5.33556
CACNB4,-4.8206787
KIAA1324,-5.1108747
ARAP2,-6.5346866
GALNT7,-4.8923283
SEC14L5,-3.9765337
LONRF3,-5.2121086
ACTR1A,-0.35533142
INPP5E,-0.33027124
NUP85,-5.0819154
EFEMP1,-4.0755816
PCIF1,-5.285916
TULP1,-5.3149962
ANKRD24,-5.219844
URB2,-5.1143975
KL,-4.026044
KLHL8,-5.0656495
SEMA3D,-5.1511307
ENAH,2.9159236
EIF4B,-3.4120164
CIZ1,-5.1372943
CPXM1,-5.372184
IGSF22,-5.20449
ELAC2,-5.2683277
HSPA4,-2.8393443
GPD2,-5.3628182
ITGB8,-3.7462616
USH1C,-5.1017556
SH3PXD2A,-5.089638
KIF18A,-5.2670865
GPRC6A,-4.1007566
GNAL,-4.6083965
GFM2,-5.187145
PTPRN2,-4.766868
SLC6A4,-5.382298
TOPORS,-4.672746
ABAT,-1.6531763
PHF8,-5.136076
STARD3,-5.261428
ABCD3,-1.8602452
BMPR1A,-5.342261
RBM5,11.805369
ACVR2B,0.24087048
RHBDF2,-5.321659
EYA4,-5.2652364
PIWIL2,-5.2847824
HNF4A,-5.441531
PAX1,-4.2253175
FAM20C,-3.9971466
MCM8,-5.297941
ZNF318,0.48182297
USP38,-5.0088487
USP53,-5.2948494
SLC9A2,-0.6398711
CIITA,-5.2043605
GRIN2C,-4.144779
GBE1,-4.148761
DCT,-5.360035
TRAK2,-2.8236294
IPO4,-5.217174
HCK,-5.381131
PLEKHH2,-6.611161
PITX2,-3.1486545
PIK3R3,-4.6660733
SYNJ1,3.8057985
ANKRD35,-5.359834
RIPOR2,-2.735141
RXRB,-2.678537
ARHGAP31,-5.34286
TUBGCP5,-5.2996807
TRPA1,-5.2076173
ATP2B4,-5.2492847
KIFC2,-4.7793107
ITGAE,-5.2509284
PPL,-5.370352
NOP14,-5.2211213
GTF2IRD1,-4.8150587
BAG6,-5.2925215
PTPRJ,-5.12537
TBX3,-5.5937853
WDR48,-5.0103173
ATXN2,-4.8504353
TCF7L1,-4.3056855
STK11IP,-5.2249084
ILK,-5.318403
PTPRG,-4.4464083
ITIH1,-5.2400165
FIG4,-3.240722
MCTP2,-3.180936
KANK1,-5.2078595
ALDH4A1,-5.4932156
XPNPEP2,-5.3243036
PLEKHA6,-4.733556
SLC9A5,-5.2453194
TANGO6,-5.2822638
ATP11B,-6.557561
TEC,-3.2422302
MTMR10,-5.470855
UNC5D,-5.162708
MAP4K1,-3.2119439
CTNNA1,-5.0724616
NR2C1,-5.101525
SGK223,-5.2449355
LCP1,-5.477405
CD163,-5.2672877
PNPLA8,-4.9579215
PRPF31,-5.506411
AREL1,-2.9110801
XPNPEP1,-4.0118933
TRIM67,-2.7594035
AC018470.1,-5.2255545
AP2A1,-3.1069758
ZFAT,-5.2263746
SOX30,-4.0607843
PLEKHH3,-5.257624
ADAMTS2,-6.4767966
SEMA3A,-5.0771127
TUBB3,-4.998294
FKRP,-5.6307235
COL9A3,-5.4281263
CARD10,-5.2805805
SEZ6L,-2.5737216
CEMIP,-6.737793
CAMSAP3,2.239656
PNPT1,-5.2390094
LIMK1,-5.446889
GALNT11,-5.0282955
NR5A2,-5.3437347
KIAA1671,-5.2857137
RFX4,-5.2078214
SGCE,-5.3366876
ZRANB3,-5.388691
COBLL1,-5.2417545
CNGA4,-5.4607816
P3H1,-5.2824764
DPF1,-3.9767966
ARHGEF26,-4.1147213
KLHL1,4.090057
SCYL1,-5.393018
ACOX1,-3.1357856
TBL1X,-0.061285496
NUP153,-5.1601024
DNER,-4.5592923
TMTC3,-4.0489774
DLGAP2,-2.9539967
ACAP1,-3.198205
ABCB10,-5.306349
ANKRD31,-5.295605
LUC7L3,6.0343566
DYNC1I2,-0.12142229
NDST3,-3.9086356
ASAP3,-2.0174208
IRS2,4.1650987
KLHL29,-5.1319294
RBPJ,-4.826051
ZNF335,-3.2170377
SYK,-2.638046
GPATCH1,-5.0109005
TAS1R3,-3.3394208
IDE,-3.188734
RECQL5,-5.2347746
PLCD1,-5.523231
CAPN11,-5.363321
STIM2,-4.94856
BRCA2,-8.017835
BAZ2B,-7.495425
NCSTN,-5.3293076
PAM,0.04784155
SAMD9,-5.2170877
SLC6A11,-5.529301
ELMO2,-5.146
TRPC7,-6.7998166
PAH,-4.2423315
ACSL6,-5.0287805
PHF20L1,-4.9148006
CUL7,-5.2739754
MYO9B,-7.900104
RGS9,-5.3191977
SLC3A1,-0.8236747
JMJD1C,-4.9191675
RIMS2,-4.5825167
DDX4,-5.288023
LRCH3,-5.2770996
IRS4,-5.3019524
DPYSL5,-1.7842469
PCSK7,-5.3149676
NOL10,-5.323587
SMAD3,-4.446674
KLHL5,-5.1120787
SOX9,-5.138673
ADAMTS5,-5.2794375
GLB1L3,-5.4068356
SCNN1A,-5.267458
MCM2,-5.3755603
ESYT2,-5.237077
NEK4,-5.05791
FUS,-2.9443445
ACAD10,-6.506803
SARS,-4.1210938
STRA6,-3.2469263
PKD1,-8.494864
ATP6V0A1,-5.060933
ADAMTS8,-5.405211
KCNN3,-3.9948878
SV2A,1.0014439
CEMIP2,-1.9803748
KCNQ1,-5.934935
SPHKAP,-5.3312416
ATP2C2,-4.78977
ADAMTS9,-7.6394267
CLSTN1,-3.6504579
CHRNA4,-4.2022924
PCK2,-2.0906074
MAP3K19,-0.7929473
IVNS1ABP,-4.939043
ARHGAP9,-5.354705
MYORG,-5.7246556
RGS22,-5.222491
NCOA7,-5.212849
COL19A1,-6.628315
DSG1,-5.294298
MAML2,-4.7699666
SMG5,-5.37829
ALDH7A1,-5.283309
AKAP11,-4.8716583
SENP7,-2.5643713
DHX35,-3.2529297
LIMK2,-2.22099
PKN3,-3.2044187
KEL,-5.3340855
CNNM4,-5.484626
OLFM1,-3.9400654
SP100,-3.22274
NRG1,-5.0323067
PEG3,17.924538
L3MBTL1,-5.3960214
PPFIBP2,-3.1954644
NAV3,-5.0351496
NOL4,1.0943146
GLB1L2,-5.6054707
DPF2,-2.4591649
PCDHGC4,-4.0709143
IGSF1,-4.135171
CPXM2,-5.3550763
DLL4,-5.503548
SEZ6,-5.315693
GALNT10,-2.518346
TMF1,-3.454667
CHL1,-4.5253744
SLC26A3,-5.487665
USP5,-5.3619976
ADAMTS13,-4.626197
EIF2B4,-5.1966233
MRC2,-6.7843738
AP2A2,-5.328909
SRBD1,-5.200477
ADGRA1,-5.2317996
ELOA,-5.1483564
ACOX3,-5.3700666
INTS11,-3.2516122
VWA5B2,-0.8604622
RSBN1,-4.8213305
KLHL3,-5.5375557
SCAF11,-5.0698113
DTNB,-5.51113
SPG7,-2.1425452
APLP1,-4.7137227
MMS19,-5.247686
MDGA2,-5.883341
EXOC2,-3.9186935
VPS35L,-4.075635
ALPL,-5.7533364
MCCC1,-4.212381
NOP2,-3.2376435
PPP1R12A,0.75596285
COLGALT1,-4.2185364
SLC5A4,-5.475622
UBE3A,-4.9183207
ADAM11,-5.2515464
FYN,6.8765736
LENG8,-4.8356624
FZD7,-5.839636
CRY1,-5.2459626
SEC16B,-5.286476
VPS45,-5.18131
FER,-5.492278
XYLT1,-5.418774
ADGRG6,-5.279578
TYK2,-6.715265
HECTD3,-5.3550787
DARS2,-4.2452927
UNC45B,-5.317182
SART3,-2.8358018
PDE3A,-5.2549143
SACS,-10.568422
CEP112,-5.3985915
SLC5A11,-5.51616
ZMYM6,-5.3782415
MPHOSPH9,-3.2915182
DHX16,-4.7265244
PPP1R10,-5.418608
CMYA5,-7.5116825
HMGXB3,-4.1638165
RBM33,-4.7030025
SLC20A1,-1.979439
TRHDE,-5.195129
MSN,-5.5683846
TTLL13P,-5.2876973
FTCD,-5.578039
PTPRH,-5.324592
TECTA,-7.0636435
ULK2,-2.880396
PNPLA6,-8.26254
BCAS3,-5.360935
CLEC16A,-4.0853176
TYW1,-3.3095112
OSBPL5,-5.351907
VPS41,-3.8924735
KIT,-5.522986
LAMC3,-4.345237
RNF17,-5.3521214
ANKZF1,-3.085082
SSH1,-5.18266
ADAMTS1,-3.152327
VPS50,-5.0932984
CUL4A,-5.3674617
LTBP3,-5.7712646
TGM2,-5.5756526
PCDH17,-4.9464483
ARHGAP27,-5.4124765
SEC23IP,-5.397357
VPS53,-5.143256
XPOT,-2.1747026
CD109,-3.317311
SENP6,-0.4703102
FAM120C,-5.4501753
ZNF541,-5.266486
DHCR24,-4.123726
ANKRD44,-5.1859736
ANKS1A,-4.9277368
CCDC150,-5.4166446
GPLD1,-5.2838407
ZC3H7A,-4.997032
NLRX1,-5.4621553
ATP5F1A,-3.903376
PCDHGC3,-5.5463786
UNC45A,-3.258325
SREBF2,-4.997991
SGSM2,-3.9451506
DCAF8,-0.28602028
SVIL,-4.3702235
CACHD1,-2.9910488
FANCA,-1.0663452
FZD5,-5.922415
NEK10,-5.364724
ULK4,-5.408926
WDR64,-5.282593
FERMT3,-5.5188036
ST18,-3.1004274
ACSL1,-5.295975
SPATA20,-5.4886994
NPR1,-6.8785367
CAPRIN2,-4.929618
PKN2,-5.0818186
AXIN1,-4.244711
KATNA1,-5.5018945
TYRO3,-5.4702744
FZD3,-4.9571853
EXOC1,-3.7246633
SLC4A8,-6.327788
TMPRSS15,-5.327652
UMOD,-5.4575777
ADAM15,-4.171675
RBM10,10.882748
ERCC4,-5.233697
SHROOM4,-3.378745
ERCC5,-4.978871
YTHDC2,-6.415667
RPS6KA4,-5.5540895
KIAA1210,-5.4183674
TBC1D8B,-5.3346515
ADGRB3,-6.3717923
PMS2,-4.3041105
HIP1R,-5.348401
ACTA1,2.185935
PZP,-3.2892187
GUCY1A2,-3.7429166
UNC5C,-5.2755847
MEGF11,-6.883339
ATP8A2,-6.5417542
MTMR7,-5.2908545
PIWIL1,-5.420206
MTMR14,-2.7408834
VPS18,-5.504158
MMS22L,-5.3390417
PLEKHG3,-5.600269
AHCYL2,-5.4751244
CNTN3,-5.184633
RBM15,-5.398835
SIN3B,-5.203821
AARS,-4.0869465
FOXO6,-5.605662
SFMBT2,-5.4303827
GLB1L,-2.2591298
PRPH,-5.729681
KIF1C,-3.8217027
PRKCQ,-5.5151367
NRDE2,-5.132254
DDR1,-5.758237
TRAP1,-5.436199
HAL,-5.678342
FAM13A,-5.1243906
TAF2,-5.091909
MIOS,-5.4087
F13A1,-5.513427
XPR1,-4.740313
LONP2,-4.0580773
ACAD9,-1.2105627
SLC26A8,-5.4043126
ITGA9,-5.5299153
PDE10A,-5.2227497
CRAT,-4.4539433
PRSS36,-5.520785
RBM20,-5.5071816
SLC25A12,-5.1989436
ARHGAP23,-4.9315014
PMS1,-5.4214835
CPS1,-8.301374
PLG,-5.5000057
VPS16,-5.3862224
NR1D1,-5.7866416
LTBP2,-6.895735
CNGA1,-5.6026645
ARHGAP42,-5.384658
NLGN3,-5.356361
CNTN6,-4.3898516
SORCS2,-5.4549584
ERCC6L2,0.640717
ADAM12,-4.9362264
VWA3B,-3.231638
PIEZO1,-7.97047
ACAP2,-5.293991
EXOC8,-2.631797
CLMN,-5.4713936
CEP76,-3.2013564
SYCP2,-5.492905
MAN1C1,-5.6681066
TMEM94,16.626339
NUP93,-5.0652246
WDR35,-5.424103
NRDC,-5.1823816
EWSR1,-5.2297163
PRKCA,-1.9305961
USP13,-3.21727
FTSJ3,-5.249192
LRPPRC,-3.8472204
SASH1,-2.9611921
BUB1B,-5.4104614
ANLN,-3.252083
GART,-5.4534883
PSMD1,-3.9819922
PITRM1,-5.466625
DGKA,-4.2805004
DYM,-5.6725507
AVIL,-5.5166316
SLC7A2,-5.7270327
THSD4,-0.8971019
FLT3,-5.441042
KCND1,-4.5931683
POSTN,-5.6542764
DPP9,-4.2421246
INPP4A,-5.1978297
MAMDC4,-5.4347
TRPV3,-5.571872
AHCYL1,-5.217588
AGBL1,-5.4208555
IPO7,2.2270641
PRICKLE1,-2.7677686
SEC31B,-5.2250123
RPS6KA2,-4.0448537
PDZRN4,10.669594
CNGA3,-4.52726
USP11,-4.9950576
ZMIZ1,-4.7107067
TEX10,-0.6576867
APLP2,-5.158695
TTBK2,-5.113182
PCCA,-5.5202966
ADSL,-5.693535
ABLIM2,-5.283677
ALOX12B,-5.607589
EDEM1,-2.6873312
ADAMTS7,-5.5354524
KIF6,-5.529362
PITPNM2,-0.7715521
TTC7B,-5.5512257
PLCL1,-4.9686456
ITGB6,-5.684158
TAF15,-5.2617064
BCS1L,-4.352701
UNC5B,-5.299417
ALPK2,-5.4408383
CORO7,-5.422258
LRIG2,-4.3402853
ENPP3,-5.5288343
TARSL2,-5.519009
TBX2,-4.3863773
ANKIB1,-0.2541499
PEX5,-5.2953153
CAPN9,-5.6692967
DYSF,-7.6478376
TCF25,3.26152
PARP14,-3.4262757
TUBGCP3,-5.379312
KNL1,-3.381145
DDHD1,-5.0329084
ZNF609,-5.040076
CMTR1,-5.494313
EML1,-5.437645
KLHL20,-5.351566
XAB2,-5.6367145
ALAS1,-5.722092
ADAM22,-5.134741
INVS,-4.3661165
VWA5B1,-5.4702735
RAPGEF1,-5.3836274
BCR,-5.4273114
GPSM2,-2.5844326
SLC26A6,-3.6282475
POLR1B,-5.6569242
MEGF6,-4.652462
ZNF568,-5.363499
NAA25,-3.0454895
TAP2,-4.3619313
SEMA6D,-3.501417
TRIM33,-5.055424
TJP3,-5.4485497
GPI,0.570796
NFATC3,-4.1983337
TRIM3,-4.5244393
NEFH,-5.575064
ACTL6B,-5.646485
NAV1,-6.1578403
VPS35,-3.0849586
EPB41L4A,-5.4795146
ANKRD36C,-5.4772406
LDLR,-5.601888
HFM1,-5.518481
NSMAF,-4.201498
TGFBI,-4.5308657
MAP2,-3.4877057
FGD5,-5.468941
RBMXL3,-5.483617
TDRD3,-4.279022
CASKIN2,-5.650841
EXPH5,-5.683935
DLG3,-4.8871946
CLSPN,-5.521971
LOXL3,-5.605172
PDE9A,-3.2201068
PDE8A,-4.3060007
GNPTAB,-4.3483014
ESYT3,-4.273538
CFAP61,-5.4208546
TEX2,-5.260022
C2CD5,-4.9511895
MYBPC2,-5.442796
FGD1,-4.108797
CUBN,-10.136607
ARHGAP29,-5.307728
ADGRA2,-5.4560266
ATG9B,-4.2421846
CCDC18,-5.652833
LPIN3,-1.0544362
PPP1R9A,9.150347
NID1,-6.7601414
EIF4ENIF1,3.2082462
CACNB1,-4.507511
MTHFD1,-4.4448295
MATN4,-5.9339066
USP48,-5.241917
ADGRG4,-5.5128493
AGO4,8.074976
TAP1,-5.717463
KPNB1,5.126048
DTNA,-5.367953
TTLL7,-5.2033825
ALDH16A1,-4.454835
SRCIN1,-4.903146
DDX27,-5.406473
STAT1,-5.718038
SORBS2,-5.077598
SGSM1,-5.491399
LLGL1,-4.216964
CDH2,-2.2512817
USP40,-3.1502905
ABCC8,-5.2049985
ASTN1,-5.4399085
BIRC6,17.653944
ELP2,-4.284829
VAV2,-5.3864207
UHRF1BP1L,-5.1612563
BCKDHA,-5.9267263
KTN1,10.510446
TTLL4,-5.5663705
NDUFS2,-5.327281
H6PD,-5.750059
KIF26B,-7.2161674
RABGAP1L,-5.051382
CNTLN,-5.450737
ITGAD,-2.161422
C6,-5.528885
GIT1,-5.5114822
HIPK1,-5.185372
QARS,-5.588793
COL17A1,-6.7323117
IKBKB,-5.5219293
BRWD1,-2.8824031
ZNF521,-5.143612
FNIP1,-5.3937917
AP3D1,-4.0681133
GLB1,-5.752898
PTPN6,-5.8120346
CRYBG2,-5.652254
POP1,-3.485751
SCAF4,-5.188657
DDX42,-3.8014781
ABCD4,-5.6448135
FMN1,-3.533374
CDHR2,-5.6543946
HERC4,-3.4530694
ANKRD17,0.56399107
QSER1,7.5983505
HIPK2,-4.843983
FBXW7,0.07665157
ADARB2,-4.0079274
DHX30,-3.3891132
SAMD9L,-5.5921183
PTPN13,-0.74794483
MCM3,-5.71018
QRICH2,-5.675296
ACADVL,-5.7074685
EIF3A,12.470381
MCTP1,-5.686369
HLTF,-5.160362
NUP133,0.09899759
TARBP1,-5.265462
PPFIA3,-5.6033835
RIPOR1,-3.243967
GRM6,-6.2314334
SEMA3F,-5.5335436
KIF4B,-3.3769944
AP3B2,-3.5425537
CACNA1C,-5.16775
PKP4,-6.893988
CUL5,-5.4064097
RFC1,-5.3902473
OSBP2,-4.3921146
IPO13,-5.557584
RGS3,-3.5099812
CAND2,-5.6342635
OPLAH,-5.057353
NDST2,-3.618584
SIK2,-5.568681
WDR7,-5.398671
GALC,-5.778267
DIS3L2,-4.346636
TMC2,-4.262355
OSBPL6,-3.8665986
MUSK,-5.676836
ERN1,-5.634318
PPP1R12B,-5.710929
HIPK3,-4.0924883
PDE8B,-4.3343377
CAPN7,-5.488451
CHRD,-3.5008576
SLC20A2,-5.7541046
TECPR2,-4.2593365
TNIK,-7.609953
DES,-4.718322
OSBPL1A,-4.2597904
PRKCH,-5.7358027
ARHGAP45,-3.5552576
SHROOM2,-5.142759
CENPE,-7.77172
AFF1,-2.2987688
IQSEC1,-3.175282
PRRC2A,-6.7257023
LARP1,-3.7782347
XIRP1,-5.577512
TTC17,-4.2438245
IRS1,-5.3776503
AGBL5,-2.7310648
PPFIBP1,-5.410087
NWD1,-5.664352
PCCB,-3.8141196
PLA2G6,-2.548994
SMARCAL1,-5.8079367
FHAD1,-3.4177547
ATAD5,-5.546947
PAXBP1,7.4943953
TNPO1,-5.1072836
MPRIP,-2.305915
TRIO,24.441967
HMGCR,-3.7725415
TMEM131L,-4.253562
LRRFIP2,-5.481797
LRIG1,-5.425573
TAF1L,-3.4700694
CARD11,-5.551577
SMG8,-5.4547515
CWC22,-5.549727
EFCAB5,-5.6556153
GARS,-5.7486124
ARID4A,-5.019264
ABLIM1,3.6835756
HEATR6,-5.5724816
CR2,-5.620888
CLIP2,-5.6006346
GOLGB1,-5.3676705
EPC1,2.5344028
ANKRD52,-5.501042
POLD1,-5.830139
GREB1L,-6.819791
SLC26A9,-5.886212
REV1,-5.1111026
SKOR2,-4.573998
NHSL1,-5.586215
KCNH8,-6.6220446
LRP12,-2.1686432
PDE1C,-4.4365644
POMT2,-4.467618
KIF20A,-5.6906595
PLEKHG5,-1.9100482
FER1L6,-7.163097
NYNRIN,-5.5502963
DNAH2,-12.744095
DISP2,-5.6837897
ZNF451,-5.1820335
EXOC6B,-5.6252217
NOTCH4,-8.52843
ASTN2,-5.6849284
OCRL,-4.165776
ANKRD28,-5.433796
MICAL1,-3.3630679
SGSH,-6.118653
XPO6,-5.4481816
PAX7,-6.035392
BCORL1,-5.4527063
EMC1,-5.4416347
RC3H1,-6.591067
NCAN,-5.0746875
SOGA1,-5.3754745
NDUFS1,-4.3857703
PLEKHG4,-5.6954103
PHF14,-5.0477023
CLCNKB,-4.635941
RDX,-1.9907544
NFXL1,-5.51955
PPRC1,-3.4872353
ADAM19,-5.6266065
MROH2A,-3.5234094
EPRS,-4.9069147
DHX15,-4.2566614
BTBD7,-5.130403
PTPRM,-6.6422005
DHX34,-5.6308246
CILP2,-5.5715966
ITGAX,-5.7756133
ABCF2,-5.784479
MTMR11,-5.737585
MAP3K12,-4.122092
C2orf16,-5.569674
ANKRD26,-5.090694
RP1,-3.4582949
FAM214A,-5.445182
FZD1,-5.9962387
RELCH,-5.623612
KIF17,-5.8565373
ERC2,-4.896245
ZNF646,-2.16121
NLRP3,-4.6326804
FRMD4A,-6.5110025
MON2,-5.4482937
NOTCH2,-9.857702
NADSYN1,-4.575942
NCAM1,2.111765
MTMR3,-5.5618815
MALRD1,-3.4994948
NFATC2,-5.8019886
UBE4A,2.8329597
KCNB2,-5.796567
GFPT1,-4.111692
FNDC3A,-5.1472473
TMTC1,-5.6619415
EFCAB6,-5.7402635
IPO8,-3.497404
GFPT2,-5.881341
SLC5A9,-4.679966
FILIP1,-3.582275
WDR6,-2.3715982
BMS1,-5.401588
SCN11A,-6.3822412
MLLT10,-5.447882
KCNC4,-5.0542603
ZNF850,-5.705924
WDR60,-5.4132495
WNK4,-4.464083
EDEM3,-5.6790457
TOP1,-5.3682218
EPHA5,-5.3191223
DDX54,-4.4194374
PDGFRA,-5.7491283
STK10,-5.805098
ZSWIM6,-4.939246
HNF1B,-4.751789
KEAP1,-3.8757226
PLCB2,-4.528761
MAP3K1,-4.382963
TRPC5,-5.8783298
LATS1,-5.374023
ZSWIM8,-5.3614645
SUCO,-3.0886753
FRMPD1,-0.21241903
PLEKHG1,-5.6843557
PARP1,-5.530918
FAN1,-5.647416
PLOD1,-2.4771335
HK2,-7.532465
CEP170B,-4.186178
NTRK1,-3.8556771
COPB1,-5.4914184
IMPDH1,-6.0858235
ALPK3,-5.702825
EML4,-3.4846172
PRDM10,-5.5409007
SEC24A,1.9345231
PHLDB2,-5.8298173
EXOSC10,-5.6002245
TDRD6,-5.5991983
TOPAZ1,-5.7119203
KCNH5,-7.3389153
SLC25A13,-5.9154882
PRKCG,-3.0090265
PKLR,-6.116325
TRPC6,-3.5674913
PARP4,-5.8370147
THBS3,-5.1056767
KIF5A,-6.8603773
IARS2,-4.2404194
IQSEC3,-3.707681
SND1,-5.5601363
HBS1L,-3.4132147
RASAL3,-3.645186
SCAF8,33.324306
PASK,-4.3094873
PANK4,-6.150461
ABCA5,-5.4652615
ARHGEF10L,-4.02886
SLC12A2,-7.1288958
ITGA8,-5.586341
SPG11,-7.8585825
DOP1B,-6.8154
PTPRU,-5.6137133
GRM1,-6.1347003
GRIP1,-5.4610357
PEX6,-5.9237356
PIK3R1,-5.1294847
PDE6A,-3.79621
EML6,-8.08193
DCTN1,-4.892764
AGAP3,-4.308375
CAND1,-3.3011124
GRIK4,-5.8544884
TTBK1,-5.7264647
SMARCC1,-4.128438
CDH4,3.0492225
PHLPP1,-5.6809177
MYT1,-3.3553572
PAMR1,-5.8468943
NELL1,-2.8499854
HR,-3.7031305
PIK3R5,-4.7902064
DIS3L,-5.821643
LAMA4,-6.993669
EPHA7,-5.9427423
ZNF142,-3.6512547
ALDH1L2,-5.9066825
EPX,-5.8366075
HNF1A,-6.160462
NFX1,-4.421425
DGKI,-4.3541765
CUL2,-5.6889853
RBM6,-5.4179254
ANKRD12,-5.1560683
PPP1R13B,-5.6804533
ADAMTSL4,-4.5358334
CASR,-4.813614
GFM1,0.12221575
DDX60L,-5.737167
PI4KB,-5.713618
ATP7B,-7.532583
KAT6A,-7.7156515
RNF40,-4.4748363
OGDH,-7.3025126
SLC5A10,-4.9038086
ITGA2,-3.6740682
LAMC2,-5.8182244
RBM27,-3.2572865
CRNKL1,-5.6724677
DENND5B,-5.390444
PCSK4,-4.76156
BCOR,-4.1625
MTO1,-4.752802
OGT,-5.520703
PRSS12,-5.576028
HDAC6,-4.5182123
EPB41L5,-5.793114
ARSI,-6.2473288
ERBB4,10.503077
TNRC6C,-2.8445072
TBC1D31,-3.6078455
CCDC168,-5.6709485
DGKZ,-6.881743
FGD6,-5.431067
MAP3K21,-5.77431
FZD10,-7.175361
COL6A6,-8.384713
CENPJ,-5.4719014
RAD54L,-0.22668028
MAP3K6,-5.849972
PLA2R1,-5.823722
EPHA1,-5.8593035
VAV1,-5.9227743
KIF19,-5.914759
EVC2,-5.823735
YME1L1,-5.7018166
MTREX,-5.5760136
TMPRSS6,-3.929845
MED14,-3.4670346
DENND4B,-4.281818
SMC5,-4.2696085
HDLBP,-4.4485025
ZMYM3,-4.2594633
LRP5,-9.037964
RBL2,-5.72567
USP28,-5.693353
NHS,-5.789779
UHRF1BP1,-3.4667528
POLA1,-3.5255976
PLCG2,-7.3298435
CACNA1A,-8.601507
MIA3,-5.497664
WWC1,-5.6999445
DDR2,-3.8846526
NEMF,7.324602
ERCC3,-5.639478
AFDN,-4.678058
EDC4,-5.6883607
TEP1,-6.934616
RNF20,-5.658645
STAT5B,-4.477109
SLC12A5,-5.727722
GRIN2D,-5.6865654
IGSF9,-5.5653663
MBD1,-5.752817
PLOD3,-5.9823275
SEMA5A,1.628789
KIAA1217,-5.91675
CEP135,-5.7669907
KIFC3,-4.7164044
MAP4K4,13.202761
BRIP1,-6.125365
ATP2A2,-7.0584493
CNNM1,-6.2423887
ATP1A4,-7.433605
COL20A1,-4.6208696
NTRK3,-5.982815
XRN2,1.9352818
SMARCA5,-6.8463774
CLCN5,-5.90288
BRPF3,-4.588843
RHBDF1,-4.7428102
PPFIA4,-4.5118346
IDUA,-4.9577885
PIK3C3,-4.5678625
TBC1D9,-5.465339
NTRK2,-4.1134295
ACTR8,0.68688107
SIK3,-0.98847103
ATP13A4,-6.1394076
EPHA2,-5.910865
SH3TC2,-6.0125694
CAPN2,-6.040155
COL15A1,-2.60732
KIF4A,-5.9217734
CGNL1,-5.8235917
ABTB2,-4.801547
RAG1,-5.0635986
MST1,-4.7680755
MYH1,-10.487227
CARMIL2,-5.9293156
NEK1,-3.509163
GOLGA3,-5.351078
WNK3,-5.266653
SMTN,-5.9780006
TNS2,-7.4070396
GCC2,-3.3217974
TOP3A,-5.981669
USP6,-6.0126734
STAG2,-5.5951357
SPATA5,-6.0970526
TRAPPC9,-3.9578376
USP34,11.375063
IPO5,-5.6481924
EPB41L2,-6.1398516
ELP1,-5.635142
AMPD3,-6.254569
GRIN2A,7.400538
STARD13,-3.6981537
PYGM,-7.840768
MST1R,-5.9880843
TRPC3,-4.9942293
PRDM2,-3.3299792
ARHGEF1,-4.790926
GGCX,-6.1211433
ALOX5,-4.9755936
SMG6,-5.857681
PIK3C2G,-5.9713125
CARMIL3,-5.6929965
PKM,-6.218619
RAB3GAP2,-3.5569744
PDPR,-6.040027
ADAMTS18,-4.9616756
MBTPS1,-4.4571943
PRPF3,-5.98184
TNK2,-5.8751907
ALDH1L1,-5.0444713
SEC31A,-3.6813269
FNDC3B,-5.6550956
OPA1,-7.1054597
TBC1D8,-3.9457214
ARHGEF4,-4.8180404
ZNF407,-5.747793
INSRR,-5.381303
ATP6V0A2,-3.2522373
KIAA1549L,-5.5417495
SORCS1,-5.751246
CUX1,-6.867793
SBNO2,-4.320892
ANKS1B,-5.4555473
AATK,-3.7104523
VWCE,-5.9056478
CABIN1,-5.8407865
ACO1,-6.231164
ITGA11,-5.987916
EPB41,-5.4852295
MYH10,-8.882435
RNF31,-6.001322
CACNA1S,-9.229063
TPO,-4.9014826
SHROOM3,-6.0484533
CFAP57,-5.946103
WWP1,-5.939473
DHTKD1,-4.7524204
GTF3C2,-5.884205
EGFLAM,-6.1102567
TTC6,-5.9511046
NPHP4,-7.450392
EDRF1,-4.6385355
ZFR,0.22213984
BRWD3,-5.7770443
MUT,-6.2669563
GRIA3,-5.493742
SDK1,-8.624306
DIAPH3,-6.190461
AGTPBP1,-5.7480288
ACTN2,-3.989444
CAMSAP2,4.2329826
EIF5B,-4.291583
NEK9,-3.8054137
PHLDB1,-5.558639
SMG7,-5.6403446
DRP2,-4.8534565
LPIN2,2.5871377
DAPK1,-5.699335
POMGNT1,-6.0761495
C1orf167,-5.990492
BEST1,-5.0594006
ALS2,-7.201546
DSTYK,-5.8390617
TLN2,-8.710276
STAT3,-4.9367547
MLH3,-4.5692654
SMC2,-5.9363647
RANBP2,2.5142374
ATP4A,-2.2720766
OGDHL,-4.2839203
WRN,-4.4594393
TLL2,-6.0116253
CNTN5,-5.830528
PTPN23,-5.7611017
MYOM1,-7.421729
BRAF,-2.759025
NCOA3,-5.683829
ACTN4,-2.6490347
HNRNPUL1,2.5714927
TRPM4,-6.19059
CNOT1,-8.636205
MAST4,-2.3872223
POLQ,-6.319976
MYH9,-10.789131
ABCD1,-5.5311227
KIAA1549,-4.127104
NUP210,-6.149013
GBA2,-5.711775
PLEKHA5,-5.568241
ABCB11,-4.96189
CACNA2D4,-4.817569
SLK,-5.8611283
ATP2B1,20.458498
ADGRL3,-6.7586994
COL5A2,-8.673194
KIF5B,-5.7089615
FANCI,-4.9123354
CNTN2,-5.7941637
CLTCL1,-6.038611
MAN2B2,-5.011636
STARD9,-7.4468575
MATN2,-6.325439
HELLS,-4.127859
MEN1,-6.419923
ARAP1,-4.0929737
PPIP5K2,-5.6091123
ANO8,-5.737484
EPHA8,-6.2063513
CDK5RAP2,-5.758804
CADPS,7.021573
FNDC1,-6.124205
FREM2,-7.551171
INPP5J,-5.0973926
DLEC1,-6.1937275
ACLY,-4.815193
ABCC12,-6.3789206
SNED1,-5.4484797
BMPR2,-3.4849055
NES,-5.938532
OTOG,-7.6221385
ITGA3,-3.896151
CCAR1,-5.4968443
NRCAM,-5.7955112
MAP3K13,-5.942279
UGGT2,-5.8598866
EZH1,-4.853967
LPIN1,-5.7576923
WNK2,-7.201563
ATP11A,-7.5495777
TEX14,-6.02212
MYPN,-2.7609508
PLXNA1,-5.101673
DLG5,-5.612681
ADGRA3,-4.6322603
WDR59,-2.741689
MAGI2,-3.5622613
ABCB1,-6.535848
TEX15,-6.098451
FAM208B,3.42212
HECTD1,18.803637
ANO2,-6.210783
DHX36,-5.514722
TPCN2,-6.458873
GRIA4,-5.72381
FBLN1,-3.6838803
TICRR,-6.215041
PIK3R4,-6.18454
PKDREJ,-6.080181
WWP2,-6.3128247
FAM208A,-1.6698766
BAIAP3,14.489652
TJP2,-3.8444996
PLCB3,-5.0089207
EEA1,-5.894189
TEK,-4.174297
MAP3K9,-4.9157324
HIRA,-6.3255982
SPTBN4,-8.511149
ITGA6,-6.1429796
INPP5F,-5.615062
TBCD,-6.001313
PDE6B,-6.6022587
PRDM15,-6.2014675
UGT1A1,-4.04523
PLB1,-6.0941854
EPHA3,-3.4634938
MARF1,-5.686164
ABCC4,-4.4375772
CCDC88B,-6.1837406
PDE4A,-6.241745
WDR90,-6.071964
ABCB5,-7.6226425
KCNQ4,-3.5406551
PTPRB,-5.4422293
MSH5,-6.276866
TRPV1,-3.0901752
PHRF1,-3.9779742
ABCA10,-6.1800947
GRM2,-2.1213598
HYDIN,-5.804088
DUOX2,-4.8588734
PLCG1,-4.626747
GON4L,-5.941566
ATP2C1,-3.3230767
ATP13A5,-6.2683325
ERCC6,-4.600749
TMEM67,-5.080161
UNC13D,-6.1594367
ERC1,-5.6408134
PDE4D,7.145382
INF2,-6.451733
ERCC2,-5.538826
SYTL2,-4.5722384
SLC12A9,-6.7068415
TP73,-1.8159328
SMURF2,-5.8606753
PITPNM1,-3.472503
MFN2,-3.6319363
FRY,-7.287687
NCAPD3,-2.880734
TCIRG1,-6.690861
GUCY2C,-5.083624
UBE2O,-3.7722764
PXDN,7.649254
XDH,-4.0865536
COL24A1,-6.300128
UBE4B,-4.759725
MAGI3,-5.707044
PLCB4,4.6819563
ANO1,-4.241885
DIAPH2,-6.2823153
ATP8B4,-6.300221
PLCH2,-4.9814854
TET1,-5.9755497
MYH4,-8.163485
KIAA0556,-6.2405477
RBM25,-5.577243
ITGA7,-6.299681
AMPD2,-6.47107
MAP3K5,-5.0483804
KIF15,-6.084456
EPHB3,-6.523916
PCF11,1.1292648
MAP3K15,-4.166629
ABL2,-6.119797
CFAP65,-4.1648593
CAPN1,-5.1247454
NFAT5,-3.6006627
ABCF1,-4.2920437
MOV10,-6.505401
CR1,-6.3228545
PALLD,-3.8934777
LARS,-5.0677605
TLL1,-6.251686
SPAG9,2.5116987
TBC1D9B,-6.183415
NUP210L,-6.1877756
JAK1,-3.1687489
LRP2,-12.820675
ADCY10,-4.9728136
RBBP6,-5.7592115
MCF2L,-4.5754943
TRAPPC8,-6.056432
MED12L,-8.558271
SUPT5H,-4.7088003
RB1,-5.060178
AFG3L2,-6.3846884
ROR2,-6.5485435
ITGA10,-6.2902045
SOX6,-6.399109
ABCC2,-7.686823
NOS1,-5.041443
MYO5C,-7.9454346
HK3,-6.802487
SKOR1,-6.3645215
CRB1,-5.2714186
EHBP1,-5.6031466
TIE1,-6.4182863
NRP2,-6.2793603
NEDD4L,-1.2653246
ITGA2B,-6.3529935
RPGRIP1,-6.2854037
MYO6,-7.3722334
TTF2,-6.530638
TNKS2,-4.7788258
TPP2,-5.0338063
DLG2,-4.842078
KIF27,-6.3106804
ATP6V0A4,-6.5851955
CCDC180,-3.9393241
CACNA1G,-8.332092
COL9A1,-4.219984
IFT122,-5.1273627
VWDE,-6.272406
RRP12,-6.383233
PFKM,-6.531123
AKAP6,-5.880056
NUP160,-4.798644
DNM3,-5.998031
HCFC1,-6.104287
PKD2,-6.1303425
PREX2,-6.4709935
BOD1L1,6.3943596
FRMPD3,-6.160628
GLI2,-5.34505
ZSWIM5,-6.0683823
CBLB,-6.343286
EPHA4,-6.256334
NOTCH1,-12.725978
TRPM7,-7.369684
CTC1,-6.329123
ATRNL1,-6.1493363
TMPRSS9,-6.6342263
COMP,-3.550393
SFI1,-2.0020695
POMT1,-6.490096
DIAPH1,-2.8039007
ABCC11,-5.248624
TIAM1,-6.2482266
TULP4,5.370568
PIK3CD,-6.5397425
MEGF10,-5.273479
CSPG4,22.781918
FIP1L1,-1.6665864
DDX46,-4.780053
NKTR,-5.655382
FLG,-8.796992
EPHB4,-4.4835463
AARS2,-6.5199494
RAPGEF6,-5.9988966
PDS5B,-5.6592855
LMO7,-6.3766356
CNGB1,-6.5512776
SLIT2,-2.895708
ANKHD1,-2.40901
TP63,-1.961576
HEATR5B,-7.4511075
GAA,-4.77519
ADAMTS10,-6.561403
TOPBP1,-6.296928
JAK2,-6.4155602
INO80,-9.244931
GPR158,-3.700577
SMC4,-6.3574777
ADCY2,-5.2525935
NVL,-3.5300286
ECE2,-5.51311
POLE,-8.974142
PIEZO2,-6.8709497
SUPT16H,6.5434084
MMEL1,-6.637436
CDK12,-6.1008186
SCN10A,-4.85003
OTOGL,-6.5948043
SEC23B,-6.545535
ECEL1,-6.7050614
TACC2,-5.8443584
CCDC88C,-6.280745
PLEKHA7,-6.4586067
HCN4,-7.02153
TPCN1,-2.6668124
PARD3,-4.909101
SPEF2,-2.8307528
FREM1,-6.5003552
FLG2,-6.5391994
PLXNA4,-7.186569
ARHGEF40,-4.207159
RC3H2,-4.8716726
NRAP,-6.4411573
NID2,-4.414607
KCNH1,-5.516619
PFAS,-6.5431366
CACNA2D2,-6.068992
HRNR,-4.2925224
FAM186A,-6.514212
FBLN2,-5.6294675
KDM2B,-6.2753105
DOCK10,-7.980011
ATM,-8.87388
SULF1,-5.4752684
AMBRA1,-6.396478
FGFR4,-6.8991895
TTLL5,-6.3204145
NSD3,-3.1659765
MYH6,-6.5742702
PYGB,-7.2412615
ADCY6,-6.7029715
TTC3,-5.831964
AEBP1,-4.5568857
CAPN3,-5.779795
PIK3CB,-6.6768274
NWD2,-4.329747
FRMD4B,-6.543483
UTP20,-7.9718714
MAPKBP1,-6.372014
XPO7,-5.118126
COL1A2,-4.815049
PTPRF,-5.538
GRM3,-3.5793374
SMC1B,-6.487306
VARS2,-6.6481457
ZGRF1,-6.4990983
TSPOAP1,-1.5727901
ABCA8,-2.114574
SOS2,-5.2827115
RAPGEF2,-6.1724844
CPT1A,-5.754907
TIAM2,-6.395457
CDC42BPG,-4.481965
CCDC88A,22.3855
RSF1,18.978992
GRID2,-6.5434446
USP7,-6.12679
IGSF9B,-5.3763194
IARS,-5.3971624
MET,-5.307152
TRANK1,-7.8449984
PLEKHH1,-6.368092
JAK3,-4.822645
CFAP46,-8.2436285
ADAMTS14,-6.703261
LRP8,-6.416268
LAMB2,-5.1539955
ADGRL1,-3.5068839
ATR,-3.9856582
CPLANE1,-7.614993
ROBO3,-6.5101595
SYNM,-4.3222504
AK9,-6.413864
KIF23,-6.613
PTPN21,-5.467516
DENND4C,-6.464918
ATG2A,-6.5866942
ADAMTS12,-6.5938244
RASGRF2,-6.6874323
MYO1H,-4.0865746
MYO1G,-6.91225
TOP2A,-6.3466206
FASN,-4.25065
EXTL3,-4.5675607
SUPT6H,-7.9713793
HEPH,-0.41365385
LPA,-6.6071033
MYO9A,-7.444006
CFTR,-4.079262
SLC12A1,-2.1577048
ABI3BP,-6.6291904
EIF4G3,5.7754436
MTCL1,-6.3317003
MKI67,-6.5484557
SEC16A,-6.41005
ROCK2,-6.0995197
NUP98,-6.5546103
PEAK1,-5.273891
SULF2,-4.790495
DHX8,-6.6601095
SCUBE3,-6.848528
GRM8,-5.5358186
DLC1,-5.552952
ADAMTS17,-6.8569813
TNS3,-6.868245
MXRA5,-5.340481
SF3B3,-5.299604
UNC13C,-7.218322
PCM1,1.9840412
ESYT1,-6.670105
CRB2,-6.966552
SLC4A7,-6.4140377
NUMA1,-4.271916
PDCD11,-6.367401
CC2D2A,-8.109251
CIT,-6.01821
KIF16B,-5.4684086
PREX1,-6.783697
ZC3H13,-8.579202
MYO1C,-8.505272
ADCY8,-3.9241467
NUP155,-1.1100569
EPB41L3,-5.812886
ZNF469,-6.6508813
FN1,-9.022952
MAP1A,-6.3186774
DNMT1,-8.02903
CUL9,-4.337209
GLG1,-6.198602
NEDD4,-6.7909617
LY75,16.514374
NOTCH3,-8.776079
NUP214,-6.602465
ATP2A3,-6.3609447
CLCN2,-7.22455
TNR,-6.8234673
SBF2,-7.8581944
PC,-9.127384
NEURL4,-5.7886276
HKDC1,-5.1553016
MYO1F,-8.551368
DOCK11,-5.415821
WDR11,-6.9770956
ATP13A2,-5.72294
KCNH6,-5.549094
TERT,-5.853196
CFAP44,-6.738999
MYO5B,-5.7149925
ZFHX4,10.272657
CADPS2,-5.2659683
ARFGEF3,-6.442958
DHX38,-2.3724103
CLCN6,-4.612708
TNS1,-8.275896
PTPRQ,-6.805666
MAGI1,-6.300589
TECPR1,-6.649336
MAN2A2,2.007482
NOS3,-7.0757594
CROCC,-6.600493
EHMT2,-7.167422
PLXNB3,-6.903391
MAN2B1,-7.386198
MTMR4,-6.958466
PLXNB2,-6.822861
TUT4,-6.351877
DNAH17,-5.2296224
MYO1A,-3.655253
ARFGEF2,-6.9742775
ROBO2,15.167307
NPR2,-6.9179196
INSR,-8.19337
KIF7,-4.147441
WDR81,-5.071017
ATP9B,-6.1777725
PCNX3,-2.3848343
PLXND1,-7.0492945
PCNX1,-6.6972237
PTCH2,-1.8454385
ARHGEF11,-6.6405115
PHKB,-7.1424985
CNTNAP5,-4.5464306
PAPPA,-6.3525767
INPPL1,-4.0960784
SHANK1,-6.9417195
ABCA9,-6.925
COPA,-6.701139
AHNAK2,-6.8777432
DNAJC13,-6.885508
MYO18A,-10.436092
SI,-7.253186
DNMT3B,-6.8645124
DIDO1,-6.751682
ESPL1,-6.9581175
USH2A,-9.051995
DGKH,11.50706
DCC,-6.389325
PRUNE2,-3.5892272
HERC1,46.883015
SLC4A3,-7.432784
TJP1,-4.4959073
MYLK,-7.0281715
GREB1,-6.6990833
ALK,-5.828347
APC2,17.941738
LTBP1,-7.4835553
DNM1,-6.0273576
KIF20B,-6.811798
ARHGAP21,9.756579
AHCTF1,-6.814766
WDR19,-7.1266847
SARDH,-7.6135497
CEP192,-6.9031687
SETDB1,-7.090607
LCT,-7.0543065
KCNH3,-7.9271126
COL6A1,-5.990186
DIP2B,-4.670328
SBNO1,-6.788272
RTEL1,-2.891694
LAMC1,-5.856066
ABCA7,-10.376763
PTPRK,-7.1044655
PHKA2,-7.6709414
GRM4,-3.5261257
USP32,-6.893138
NIN,-2.4021723
NFASC,15.045998
ANK3,32.50815
EVPL,-5.8459015
SMCHD1,-6.751092
RTTN,-7.083797
ERBB3,-4.95833
ADGRV1,-10.166698
RAD54L2,-7.419232
MYO1B,-5.687721
ADAMTSL3,-7.227233
NPHP3,-6.0412436
TG,-9.630134
CGN,-7.1248293
MYH13,-10.546143
MYH7B,-8.331943
SBF1,-6.690975
ATAD2,-3.9806967
MYO3B,-7.4417653
TANC1,-4.120496
ERBB2,-6.2698107
GPR179,-5.97208
ATG2B,-5.668051
SOS1,11.126043
PHKA1,-6.2485356
MAST2,6.8911653
COL4A5,-5.7779393
SMG1,-7.0453
ABCB4,-6.4618516
MYOM2,-7.1763144
CDC42BPA,-6.463169
ATP13A1,-7.6721363
MED12,-8.678479
NPC1,-5.5503445
SCN4A,-9.740452
GTF3C1,-7.041051
URB1,-6.864057
COL22A1,-6.6155434
DOCK2,-7.3338466
SNRNP200,-7.865733
ITGB4,-6.402994
ATP1A2,-6.650854
LAMA3,-8.988945
MED23,-3.017531
EIF4G1,-3.7072902
COL16A1,-6.780555
GANAB,-7.429506
LRP4,-10.524035
ATP10A,-6.3364744
ABCC1,-5.115967
MGAM,-9.09691
ITSN2,-7.18278
PCDH15,-7.04836
CLASP1,-5.4169073
MYO7B,-10.528772
PIK3C2A,-5.8633423
RICTOR,-6.8770213
NRXN2,-5.587944
COL27A1,-7.6138473
MYO16,-7.422285
ADAMTSL1,-7.227209
JAG1,-4.8313627
POLR3B,-6.4522953
ZZEF1,-5.4108706
FLT4,-7.8276334
NCOR2,-7.3549833
TENM4,-11.986922
CSMD2,-6.8283806
COL6A2,-8.413441
FAT1,-10.103832
MPDZ,-7.1824923
WDR87,-5.3580008
SETX,-8.48522
ZNF106,-7.261139
SCN3A,-8.619511
CNTRL,-7.199168
IGFN1,-5.1761265
LAMA1,-10.1934395
PRRC2B,2.4123607
NAV2,-4.905788
ATP2B3,-6.6010466
FAT2,-7.730036
JAG2,-6.771895
TAF1,-6.8941426
CENPF,-7.4633875
SDK2,-4.7094994
STAB2,-10.416054
DROSHA,-7.2360077
KIF1B,3.5632381
DMXL1,-4.34783
LRRK2,-6.7631483
DOCK7,-6.5591736
PBRM1,-6.923749
IQGAP3,-6.3616056
COL4A6,-8.242601
ABCC6,-6.936132
ZFHX2,12.0818405
HEATR5A,-7.517028
SLC12A4,-8.353498
ARFGEF1,-5.987769
DEPDC5,-7.508771
AKAP13,33.11555
THSD7B,-7.5943975
IGF1R,-7.773034
CEP290,-4.4841084
UBR2,-7.2967377
TRPM1,-5.741335
SIPA1L1,-7.71693
KIF26A,-6.723304
VCAN,10.629654
DMBT1,-6.3491535
BAZ2A,-5.844463
PKD1L1,-5.5047064
PRPF8,-9.125877
IQGAP1,-4.8854656
DISP3,-3.1424654
OTOF,-6.409925
COL11A2,-3.0264068
SLIT1,-6.533751
PIK3C2B,-6.599875
COL4A3,-2.3452244
UNC13A,-7.97902
TPR,-7.4051027
POLG,-7.058198
ABCC3,-7.19066
USP24,-8.939577
NBAS,-7.5756617
KIF13A,-9.305801
CDH23,-10.999004
HECW1,-6.3532224
VWA8,-5.649884
HSPG2,-10.943466
AGL,-7.6429925
GBF1,3.258131
CLUH,-7.804452
ABCC10,-8.309767
PI4KA,-5.3021364
COL11A1,-7.367649
KAT6B,32.12104
CEP250,-7.6391926
RALGAPA1,-8.010162
MTOR,-12.30861
DOCK4,-6.040326
EYS,-7.923608
DOCK3,-7.6881657
ADAMTS20,-7.897072
TRPM3,-5.3086085
KIF1A,12.579153
COL12A1,-7.4440994
COL14A1,-8.21384
DOCK9,23.098568
KDM5A,-6.4663734
DOP1A,-1.903863
SHPRH,-6.63839
ABCC9,-4.684806
LAMA2,-7.5454063
SYNE2,-11.35427
BSN,-7.75471
SPTBN2,-9.572306
MYO15A,-7.188654
DOCK1,-8.084359
EPG5,-5.682995
PCNT,-6.1431217
ALMS1,-8.046554
ZFHX3,54.568478
AQR,-7.351683
COL6A5,-6.9387593
KCNH2,-5.214622
COL1A1,-9.253149
CHD4,32.27981
LTBP4,-8.404506
RALGAPA2,-8.475632
TRIOBP,-8.154861
FAT4,-10.950468
PIKFYVE,-3.1435194
PRRC2C,22.977196
SLIT3,-3.8023524
HELZ,-8.316531
F5,-7.3514423
NCOR1,31.839867
DNAH7,-6.8403425
ATRX,40.096603
ZNFX1,-8.466439
ANK1,-8.633038
CSMD3,12.473585
PLCE1,-8.238223
MYH8,-7.2373624
SPTA1,-7.123621
SCN5A,-8.329481
REV3L,9.693697
RNF213,-11.037057
XIRP2,-8.557158
CELSR1,-10.444033
F8,-6.379656
VWF,-9.102903
SPEG,15.262858
ITPR3,-9.313372
UNC13B,-5.6114197
TNXB,-5.2370977
APOB,-6.5079513
WDFY4,-8.691402
CEP350,-8.239349
SPTB,-8.882792
LYST,-9.870425
ABCA2,-8.399626
CHD9,11.182653
GCN1,-5.4906406
MYO10,-7.1261435
VPS13D,-9.738823
FBN2,-13.875208
MDN1,-13.87103
SCN9A,-7.780486
KIAA1109,2.744401
WNK1,-8.320308
MEGF8,-6.565634
KIF13B,-9.407768
TENM3,-8.318524
UTRN,-9.435406
DSP,-9.262779
PKHD1,-10.767841
VPS13A,-4.5927987
CACNA1F,-8.0181055
HUWE1,32.086266
ABCA1,-8.721347
MGA,-6.9015512
BPTF,-6.33871
HTT,-9.064372
CACNA1B,-4.180686
MYOF,-10.9004755
LRP1,-17.359844
DCHS1,-8.10397
DNAH10,-13.867945
MYO18B,-9.468734
PLEC,-16.438501
ASCC3,-7.329625
CHD6,-4.9174156
PRKDC,11.357216
COL5A1,-9.754304
DNAH1,-6.720151
DNAH12,-9.958884
SORL1,-9.908182
KALRN,-9.3263
NBEAL1,-9.353992
FAT3,-6.301814
DMXL2,-8.468134
MYO7A,-10.35433
COL6A3,-5.177006
RYR2,-17.935705
MYH3,-11.329371
CELSR3,35.512978
ITPR2,-12.185399
CELSR2,11.561715
ABCA12,-9.267393
TLN1,-9.047665
CAD,-13.390643
APC,12.489634
FLNA,-6.25876
FLNC,-8.025797
FLNB,-8.171997
STAB1,-8.160441
ABCA4,-9.082219
VPS13C,-6.582383
PKHD1L1,-10.910943
DNAH14,-10.092089
DNAH8,-12.310238
TENM1,18.51905
CSMD1,-8.381503
ABCA13,-9.513645
SPTBN5,-8.488991
TTC28,-6.57955
DNAH6,-8.61877
LAMA5,-9.835121
ASPM,-8.399895
SZT2,-10.56275
DNAH3,-11.245908
FRAS1,-8.953399
ACACA,-10.379277
FBN3,-9.511874
HERC2,-11.418749
DNHD1,-7.7890787
DYNC2H1,-13.432498
SVEP1,-8.895965
KMT2D,-11.385196
DMD,-9.760871
NIPBL,-8.667539
UBR4,-12.877866
RYR1,-15.181558
VPS13B,-7.6372714
LRP1B,-13.809966
DNAH11,-12.668218
COL7A1,-12.026543
DNAH9,-11.848975
NEB,-9.373661
OBSCN,-14.418654
HMCN1,-15.761098
SYNE1,-18.60879
DST,44.75012
MACF1,27.91428
TTN,-58.13973
