,0,1,2,3,4,5,6,7
SCN2A,-0.0011635553,-0.0021741148,-0.0021433588,0.00077399425,-0.0068747774,-0.00046942895,0.0011292938,0.00012561702
CHD8,-0.00030740723,-0.0008086581,-0.00067162514,0.0001822291,-0.00079173595,-6.6710636e-05,0.00037788227,4.3704407e-05
ADNP,-0.00063193217,-0.0012607481,-0.0011616293,0.00036866497,-0.0032519624,-0.00015251292,0.0006597359,6.8706344e-05
SHANK3,4.155375e-05,-0.00027388334,-0.00011516921,-5.2527525e-05,-0.0012013465,0.00014886446,0.0001293309,1.2376462e-05
PTEN,-0.0011507645,-0.0019035358,-0.001800051,0.0006345445,-0.004841529,-0.00046899915,0.00095616933,0.0001069064
SYNGAP1,0.00017517991,0.00016608834,0.00025325827,-4.276447e-05,0.0010877326,4.116632e-05,-0.00017602649,-6.917864e-06
MECP2,6.633252e-05,8.140504e-05,0.00022991933,-6.00582e-05,0.0013681874,-1.9626692e-05,-0.0001427168,-5.1273964e-06
KDM5B,-0.0005790759,-0.0009752717,-0.00083373114,0.0003387453,-0.0021989122,-0.00026274938,0.000420033,5.387282e-05
FOXP1,-0.0005397592,-0.0009706728,-0.0008815937,0.00028797146,-0.0029998198,-0.00015289197,0.00049993023,5.3043826e-05
ARID1B,-0.00041808933,-0.0008190591,-0.00073967315,0.00028315187,-0.001965031,-0.00021206448,0.00035863277,4.949211e-05
POGZ,-0.0005672686,-0.00080238655,-0.0007047858,0.0003491277,-0.001733914,-0.0003928081,0.00028476678,5.0132512e-05
ASH1L,-0.00025146082,-0.00049009174,-0.00035389885,0.00013979524,-0.0013446063,-9.257812e-05,0.00019783992,2.560392e-05
KMT5B,-0.0005082842,-0.0010671895,-0.0010328293,0.00035724416,-0.0028567463,-0.0001460202,0.0005636504,6.088824e-05
SLC6A1,-0.00047661364,-0.00076573715,-0.00058803894,0.0002209507,-0.002541311,-0.00030397996,0.0002964344,4.2153173e-05
GIGYF1,2.5874004e-05,-0.00019815937,-3.7219375e-05,-4.0421262e-05,0.0010488778,9.5003285e-05,5.237758e-05,6.97223e-06
DYRK1A,-9.994954e-05,-0.00038968213,-0.00022768229,1.3765879e-05,-0.0014501065,1.0573305e-05,0.00017995667,1.8041115e-05
CHD2,-0.0001532957,-0.0003866814,-0.00026399083,0.00013507903,-0.0012126788,-7.352885e-05,0.00012031756,2.1997024e-05
ASXL3,-0.0007484164,-0.0020401664,-0.0017752443,0.00036121253,-0.0028273836,-0.00018998142,0.0010834588,0.00010255026
TAOK1,-0.0004800763,-0.0010168608,-0.0008377526,0.00024414062,-0.0015437678,-0.00018823147,0.00046954956,5.3459196e-05
DNMT3A,-0.00022721477,-0.0002526883,-0.00023709424,0.00020526629,-0.00037727505,-0.00020508002,2.1760352e-05,2.2746623e-05
GRIN2B,0.0003326591,0.00035427324,0.0005447455,-0.00020513497,0.0011148974,0.00019126944,-0.00026548002,-2.3121596e-05
BRSK2,0.000112205744,-0.000110875815,-7.693097e-05,5.275756e-05,-0.0014335066,7.836055e-05,2.4679117e-05,1.0709977e-05
KMT2A,-0.0005808957,-0.0013930276,-0.0011985712,0.00027796254,-0.0025474802,-8.414686e-05,0.0007355185,7.0257345e-05
NF1,-0.00014488399,-0.00041387416,-0.0003008768,0.00011219457,-9.4302e-05,-0.00010397378,0.00013067387,2.4953159e-05
STXBP1,-0.00040699914,-0.00074216723,-0.0005807113,0.00022087619,-0.0013626814,-0.00020040339,0.0002944274,4.0918007e-05
CUL3,-7.8385696e-05,-0.00026330352,-0.00014729239,4.617218e-05,-0.0014794245,3.3816323e-05,0.00010269694,1.40009215e-05
MED13L,-0.00017104112,-0.00028583407,-0.00022206455,0.00019115396,-0.0006119162,-0.0002056784,1.6056933e-05,2.3230677e-05
ANK2,-0.0009058118,-0.0015668031,-0.001463512,0.00054692104,-0.003081061,-0.0004078634,0.0007504001,8.876331e-05
MYT1L,-0.0007005427,-0.00129354,-0.0012242626,0.00045048166,-0.0046778917,-0.00022779172,0.000668684,7.367821e-05
RORB,0.0004412867,0.0002290234,0.00047230907,-0.00029402785,0.003708154,0.0002828706,-0.00019014906,-2.118561e-05
TBL1XR1,-0.00021816231,-0.00053318776,-0.00035386905,6.625429e-05,-0.0012449548,-2.3781322e-05,0.00023423601,2.6248279e-05
TBR1,-0.0008098334,-0.0009885784,-0.000837028,0.0005013896,-0.003054209,-0.0007253224,0.0002749022,6.188266e-05
DYNC1H1,-0.000459373,-0.0011855382,-0.0009636581,0.00021377392,-0.0018488765,-0.000109681394,0.00058819447,5.9223617e-05
WAC,-0.00053430535,-0.0010548867,-0.00093364157,0.0002730377,-0.0019959211,-0.00012644054,0.00053847674,5.6607765e-05
PHF21A,-0.0001862254,-9.058043e-05,6.4618886e-05,2.2936612e-05,-0.000316903,-0.00012504216,-5.4338016e-05,4.6427594e-06
KDM6B,-0.00022570044,-0.0006264858,-0.0005809944,0.00021439511,-0.0023854151,-6.275624e-05,0.0003113523,3.74557e-05
DDX3X,-0.00038788468,-0.00067443587,-0.0006205179,0.0002713399,-0.0013869926,-0.00016553747,0.00029160548,4.116341e-05
CTNNB1,-0.0004939046,-0.00089002587,-0.0007738713,0.00028190296,-0.0020239502,-0.00022539683,0.0004022736,4.9625058e-05
MED13,-0.00027034618,-0.0007723179,-0.0007053595,0.00024079345,-0.0019188151,-0.00010403991,0.00035838317,4.5892084e-05
ANKRD11,-0.00037443824,-0.0012032967,-0.0009797812,0.00016818382,-0.0017999634,-1.3662502e-06,0.0006410675,5.725515e-05
CTCF,-0.0004833471,-0.001120571,-0.0008690227,0.00019071437,-0.0011672601,-0.00013878057,0.0005328357,5.401927e-05
RFX3,-4.345551e-06,-0.0005255956,-0.0002431348,-8.5398555e-05,-0.0013761967,0.00012493692,0.00026009604,1.7714105e-05
ARHGEF9,0.00011683628,0.00014985166,0.00020768121,-4.8402697e-05,-0.00010855496,0.00015288591,-0.000103340484,-5.9271697e-06
SHANK2,-0.00032630563,-0.0008810386,-0.00058016926,4.886277e-05,-0.00061716884,-7.3279254e-05,0.00039217528,3.9771665e-05
DEAF1,6.964244e-05,-0.00027401187,-7.501058e-05,-2.5818124e-05,-0.00070188195,2.1537766e-05,7.1872026e-05,1.1108583e-05
SMARCC2,-0.00036635622,-0.0008959379,-0.00071519613,0.00017227326,-0.0019449964,-9.216927e-05,0.0004362585,4.5382534e-05
TLK2,-2.5283545e-05,-0.0003674049,-0.00018931739,-3.9358623e-05,-0.00091623515,0.000106783584,0.00017776247,1.5694066e-05
TCF20,-0.00010411069,-0.0004646629,-0.0003313031,7.431768e-05,-0.00043956935,7.1004033e-06,0.0001994865,2.4517067e-05
CNOT3,-5.6941062e-05,0.00023066439,0.00028589927,8.5151754e-05,0.00017020851,-0.00018048473,-0.00027873833,-5.1152892e-06
SYNCRIP,-0.00085647404,-0.0015984606,-0.0015115347,0.00046102796,-0.0036714822,-0.00025407132,0.0008527916,8.760998e-05
SETD5,4.1197985e-05,-0.00029810518,-9.5946714e-05,-6.535277e-05,0.00045137107,0.000101777725,0.00011970848,9.875628e-06
NAA15,-0.00022675656,-0.00042996183,-0.00036882795,0.0001961086,-0.00082726777,-0.00012522284,0.00015010033,2.778822e-05
SCN1A,-0.0003472101,-0.00020747818,-0.00015053898,0.00015369989,-0.0014133826,-0.00011962233,4.2718835e-05,1.44676305e-05
EHMT1,-0.00020875968,-0.00067602284,-0.00058582425,0.00018562935,6.1027706e-05,-0.00016598776,0.00027254038,4.104909e-05
TCF4,-0.00062158704,-0.0011217501,-0.00095745176,0.00032407325,-0.0020631254,-0.00021091243,0.00051754434,6.0098828e-05
SRPRA,0.00019900687,2.8545037e-05,0.00022999756,-8.773338e-05,0.0011065155,1.4076009e-05,-0.00013233256,-4.1937456e-06
MARK2,0.00039231777,-7.0448965e-05,0.00020271353,-0.00036120135,0.0009767339,0.00047837943,0.00010515377,-1.103105e-05
KMT2C,-0.0005833637,-0.0013375152,-0.0011163019,0.00029957294,-0.002062209,-0.0001858077,0.0006486727,6.785069e-05
MBD5,0.00012606755,-1.0542572e-06,0.00020029768,-0.00011314545,0.003244549,2.3389235e-05,-0.000118264,-4.6761706e-06
NRXN1,-0.00056934915,-0.0010058768,-0.00090454146,0.00035715383,-0.002658382,-0.00020984607,0.00046810322,5.724188e-05
IRF2BPL,-0.0006986521,-0.0012992602,-0.0011034887,0.00033395272,-0.001600951,-0.0003132401,0.0005923342,6.977748e-05
PHIP,-0.00042739697,-0.001019571,-0.0008578263,0.0002461383,-0.0020700395,-0.00012449548,0.0004880773,5.44925e-05
NFE2L3,0.00041789934,0.00043874234,0.00064656325,-0.00027829502,0.0027773902,0.00022072066,-0.000307017,-3.079581e-05
SKI,0.00015650317,-0.00018800423,1.8877909e-05,-0.0001497278,0.0011866018,0.00016916078,7.482059e-05,3.2915268e-06
PSMD12,0.00018304959,0.00030006282,0.0003087893,3.8880855e-05,0.0015616417,-0.0001105438,-0.0003042696,-7.238472e-06
KCNB1,0.00045836158,0.0006845668,0.00068099424,-0.00020391122,0.00094664097,0.00028958637,-0.00036921073,-3.270211e-05
CSDE1,-0.00051323697,-0.0009983759,-0.0008528307,0.0002817018,-0.0022851974,-0.00017933454,0.0004746616,5.3429627e-05
TSC1,5.807355e-05,-0.00022991747,-0.00012215227,-6.288197e-05,-0.0005251691,0.00022705924,0.00016384851,8.053263e-06
DMWD,-0.00022981875,-0.00064281374,-0.00064970367,0.00025745574,-0.0004977882,-0.00015646871,0.0002872916,4.163105e-05
CLCN4,-0.0005148053,-0.00096622296,-0.0008812193,0.00038699526,-0.0033645108,-0.0003073695,0.00042181555,5.657936e-05
MEIS2,-0.00058264285,-0.0010321084,-0.0010433681,0.0003402466,-0.004310496,-9.91812e-05,0.00061294995,5.8375415e-05
PBX1,-0.000821501,-0.0016897842,-0.00151526,0.0004453361,-0.003659755,-0.0002644481,0.00086743943,8.930417e-05
HNRNPD,-8.448586e-05,-0.00028101914,-0.00019825064,9.34219e-05,-0.0004183948,-7.1208924e-06,9.088591e-05,1.7501647e-05
BCL11A,-0.00063856505,-0.0013924856,-0.0012419894,0.00033666752,-0.0026863292,-7.565878e-05,0.0007419465,7.230975e-05
TCF7L2,-0.00023438409,-0.00019752234,-0.00017850846,0.00011284277,-0.00085915625,-3.968831e-05,7.622689e-05,1.4231424e-05
WDFY3,-0.00051419996,-0.0010901634,-0.0008923616,0.00026298873,-0.0014303029,-0.00021735067,0.00048521627,5.752407e-05
PHF3,-6.205216e-05,-0.00014496781,9.771064e-05,-4.4183806e-05,0.00054198503,-8.6123124e-05,-5.12721e-05,4.4499757e-06
SETBP1,1.40126795e-05,-0.00034462474,-0.00016646087,-3.7628226e-05,0.0002751872,0.00012231804,0.00015814137,1.3073091e-05
TGM1,0.0003322754,0.0002854932,0.00038436428,-0.00012047961,0.00061992556,0.00016221404,-0.00021009985,-1.52059365e-05
EBF3,-0.0015225522,-0.0028666556,-0.0029346216,0.0009902697,-0.007335849,-0.0004981104,0.0015730709,0.00016634515
PPP2R5D,0.00029225834,0.00035377592,0.00047884323,-0.0002222471,0.00067356974,0.00023205206,-0.00020949263,-2.0102947e-05
TAF4,1.5838072e-05,-0.00032925978,-0.00013593212,-3.2578595e-05,0.0015834942,-4.0401705e-05,7.716846e-05,1.5134341e-05
KCNQ2,-4.7212467e-05,-0.00014610402,0.000109475106,-6.485637e-05,0.0018812269,-0.00018412294,-9.9116005e-05,5.731592e-06
CAPRIN1,-3.1037256e-05,-0.00052563846,-0.00031913258,-2.1405518e-05,-0.00041934103,0.00011677854,0.00025494862,2.2963155e-05
DSCAM,-0.00042366236,-0.0001280792,-0.00012050383,0.00031368807,-0.0011377856,-0.00044581993,-0.00012825895,2.1189568e-05
GABBR2,-0.00018485449,-0.0006600581,-0.00057820417,0.00014834199,-0.0008721724,-6.5378845e-07,0.00032700412,3.678142e-05
PRKG2,-0.0005005859,-0.0009266194,-0.0008778013,0.00025936216,-0.0036112294,-0.00015014922,0.0005171392,5.003088e-05
UBN2,-0.00032745302,-0.0010007359,-0.0008347742,0.00020540971,-0.0015575141,-6.320793e-05,0.0004898207,5.141832e-05
MEF2C,1.065433e-05,-0.00023421086,-3.5762787e-07,-5.4817647e-05,0.00022844225,0.00010010414,6.243028e-05,5.517504e-06
TRIP12,-0.0002414994,-0.00064722635,-0.0005109366,0.00015204772,-0.0018355027,-9.041e-05,0.00029058848,3.444939e-05
EP300,-0.00012028217,-0.00044460222,-0.00033687428,9.6877106e-05,1.4849007e-05,-2.099853e-05,0.00017152727,2.5967136e-05
NR3C2,0.00016693026,0.00018583238,0.00033351406,-7.582735e-05,0.0002655387,1.0856427e-05,-0.00020132307,-1.0771211e-05
ARHGEF18,-5.563721e-05,-3.4661964e-05,0.0001906082,-7.730443e-05,0.0012827814,-0.00013807137,-0.00012331735,-1.1525117e-07
TNPO3,-0.00012364239,7.404201e-05,4.991144e-05,0.00023023877,-0.00015018135,-0.0002735192,-0.0002054805,8.185278e-06
SMAD6,-0.000106565654,-3.149733e-06,7.8666955e-05,6.679725e-05,0.0003960207,-0.00013632188,-0.00011893641,4.9266964e-06
AMOT,0.00019474886,-0.0002659615,-1.6247854e-05,-0.00023738667,0.00040593743,0.00030244794,0.00017761439,1.9728905e-06
AUTS2,-0.0005385559,-0.0011709277,-0.0010224674,0.00030270964,-0.0024029166,-0.00017027231,0.0005843239,6.1798026e-05
NCKAP1,-0.0002728086,-0.0008121971,-0.00062378496,0.00010171253,-0.001800783,3.065355e-05,0.00042900257,3.8207858e-05
DLG4,-0.000842046,-0.001280617,-0.0012048706,0.00057892874,-0.0020685717,-0.0006063022,0.00048419368,8.0336e-05
ECPAS,0.00016684458,0.00021012872,0.00022030436,1.0647811e-05,-0.00077115,0.0001075007,-0.000145345,-6.9966773e-06
PRKAR1B,-0.00020622648,-0.00046678632,-0.00039147958,0.0001962129,-0.0011771992,-0.00013100961,0.00016697962,2.850988e-05
FUBP3,-8.151308e-05,-0.0003628228,-0.00030612946,4.2505562e-05,-0.0010673925,0.0001687808,0.0002292823,1.9455329e-05
GRIA2,-0.00096672215,-0.0015925411,-0.0015774276,0.00063146465,-0.0058411136,-0.0003585876,0.0008144453,9.451539e-05
CCDC40,0.0006985739,0.0009759683,0.0011037104,-0.00035487302,0.0021716282,0.00037715118,-0.00057011377,-5.7150843e-05
GABRA1,0.0002652537,0.0004271958,0.00038373843,5.8884732e-05,-0.0010308847,6.95074e-05,-0.0003024945,-1.3988698e-05
TSC2,-0.000110220164,-0.00038366392,-0.00042566657,0.0001664795,-0.0019230992,7.72737e-05,0.00023179315,2.5963178e-05
C1orf185,-0.00021708943,-0.00048895366,-0.00036055222,0.00012257323,-0.0011222437,-8.885935e-05,0.00019481964,2.6362599e-05
METTL23,-0.00018211082,-0.00039698742,-0.00018818304,3.7273392e-05,-0.0006523207,-0.000110506546,0.00012220722,1.72141e-05
HNRNPUL2,-0.00013002008,-0.00049868226,-0.00036128238,4.6866015e-05,0.00021569431,-3.106799e-05,0.00022154301,2.4867011e-05
PAX5,-0.0012595057,-0.001807658,-0.0018424354,0.00073259044,-0.006977327,-0.00044361968,0.0009611659,0.000107719214
ATF4,-0.00042551942,-0.0007744357,-0.00070296414,0.00027981307,-0.0014929697,-0.00020850869,0.0003412189,4.624843e-05
RERE,-0.00023722649,-0.0005841553,-0.00046231225,0.00012291968,-0.0006560311,-5.6141056e-05,0.0002729902,3.077672e-05
DHFR2,-7.4077398e-06,1.3099983e-05,0.00018977374,1.1470169e-05,0.001568377,-0.00019617053,-0.00018780399,5.9918966e-07
TMC4,-2.9852614e-05,8.637458e-05,0.00026028417,-1.6313978e-05,0.00011430681,-0.00010496285,-0.00018300023,-4.4202898e-06
FXYD5,-5.434826e-05,-0.0004796032,-0.0003575869,7.850025e-05,-0.0007471368,0.00011518877,0.00023568235,2.320751e-05
EBAG9,-0.00017476082,-0.0003418047,-0.00023704953,8.062273e-05,-0.0005559027,-8.5257925e-05,0.00011504814,1.9073952e-05
ITGB5,2.3273751e-05,-0.0002649203,-6.372295e-05,-5.2600168e-05,-0.0008181706,3.118161e-05,0.00010443851,6.704009e-06
INTS2,9.231642e-05,-0.000100404024,6.4801425e-06,-6.138068e-05,0.0003338158,0.00011396408,2.421718e-05,4.920177e-06
RAI1,-0.00049838424,-0.00077810325,-0.00073010474,0.00034851115,-0.0005201921,-0.0002682223,0.00030401722,4.916289e-05
FOXG1,-0.0005256161,-0.0006348472,-0.00058298185,0.00034024846,-0.0016635284,-0.0003453968,0.00021995697,4.053535e-05
PLEKHG6,-9.499118e-05,-0.00033788756,-0.0002105236,6.5420754e-05,-0.0005092323,-5.9343874e-06,0.00012244657,1.7033075e-05
MAVS,-0.00019473396,-0.00035502017,-0.00013900548,3.771484e-05,0.00082431734,-0.00018154597,5.217828e-05,1.7162645e-05
C1QC,-0.00037088804,-0.00083293393,-0.0007955991,0.00026876852,-0.001290597,-0.0001467811,0.0004104916,4.9461378e-05
TMEM116,-0.0002606418,9.6673146e-05,0.00019058026,0.00019244663,0.001271449,-0.0005451548,-0.00033820327,6.088172e-06
SIN3A,-0.00032146834,-0.00031016767,-0.00039862655,0.00032976363,-0.0028011054,-0.00028923154,8.099992e-05,3.172923e-05
ANP32A,-0.00025538728,-0.00061906315,-0.00041624345,0.00010166131,-0.00026999414,-0.00012354273,0.00023305044,3.1492673e-05
PRR14L,-0.00046209246,-0.0007502083,-0.00050712004,0.00025344454,-0.00070067495,-0.00043645734,0.0001989603,3.9448496e-05
CSNK2B,-0.00041174516,-0.00045761652,-0.00040599518,0.00027643424,-0.0011131018,-0.00028459402,0.0001231907,3.1225733e-05
PMM2,0.0006410312,0.00055811927,0.0008079596,-0.000488773,0.0017660558,0.0005857302,-0.00024356786,-4.4466928e-05
PFN2,-2.6062131e-05,-1.424551e-05,0.00010410324,2.201274e-05,0.00064440817,-7.598847e-05,-9.8072924e-05,2.4185283e-06
LMTK3,0.00027228892,0.0003771633,0.0004476644,-0.000111931935,0.0024655983,7.240195e-05,-0.0002970742,-1.6745878e-05
SPRY2,-0.00016726367,-0.00030306168,-0.00028789043,0.00014646351,-1.34930015e-05,-0.00013265666,7.953029e-05,2.3984816e-05
CMPK2,-1.540035e-05,0.000102614984,2.8777868e-05,8.912478e-05,-0.00092910975,5.0767325e-05,-6.708503e-05,3.7124846e-06
IQSEC2,0.0006611049,0.0010463931,0.0010929778,-0.00023283157,0.0023104995,0.00024252292,-0.00065623317,-5.339121e-05
RIPK1,-1.5832484e-06,7.3462725e-05,0.00018049777,3.3472665e-05,-0.0012563989,-7.579476e-05,-0.00013350602,-1.6278354e-06
TPK1,-4.5690686e-05,-0.00017680041,-3.941171e-05,3.9381906e-05,0.00029751658,-5.5028126e-05,-8.473173e-06,1.040264e-05
CASZ1,0.00072489306,0.00073897466,0.0009216033,-0.00040159002,0.0036959946,0.00036555063,-0.0004513031,-4.4717104e-05
ZBTB45,-5.1427633e-05,2.0060688e-06,0.00010072254,4.9512833e-05,0.00011382252,-0.0001735976,-0.00012974534,4.2630127e-06
NUDT17,0.00012690574,-0.00014968216,-1.17346644e-07,-8.314848e-05,1.3783574e-06,0.00016189832,7.007923e-05,2.7719652e-06
FANCE,1.8823892e-05,0.00010594167,0.00018438138,1.6269274e-05,0.0017272681,-9.64636e-05,-0.00017293077,-2.3032771e-06
ZNF396,4.7035515e-05,9.482913e-05,0.0002022013,-2.6372261e-05,8.672476e-05,-8.9364126e-05,-0.00015284773,-2.7557835e-06
NR4A2,-0.0016834978,-0.0029164795,-0.0027636234,0.00094737485,-0.0069627836,-0.00079438,0.0014685821,0.00016178447
TBCEL,2.986379e-05,4.0795654e-05,1.7341226e-06,0.00010444969,0.0006667152,-6.52615e-05,-0.00011049677,8.689123e-06
ADAM21,-0.00020313263,-0.0004898235,-0.0003623031,0.000115298666,-0.0010664687,-7.3765405e-05,0.00019993074,2.6275637e-05
TCF3,-8.496083e-05,-0.0007470194,-0.00053223036,7.778406e-06,0.0020500496,2.6194379e-05,0.0003410196,3.4513418e-05
AAAS,-0.00032418035,-0.00036367401,-0.00028685108,0.00021262001,-0.0023352876,-0.00029130979,7.6786615e-05,2.5453512e-05
CELF6,0.00024794042,0.00015975535,0.00021999888,-5.7089143e-05,-0.0003170669,0.00014613848,-0.00010343362,-7.5700227e-06
INSC,-5.072914e-05,-0.00021125935,-7.238425e-05,5.478505e-05,-0.00037656724,-8.280389e-05,1.4791265e-05,1.1124299e-05
ZMYND8,-0.00024528615,-0.0008720085,-0.0007035304,0.00012688898,-0.002511233,4.930515e-05,0.0004755631,4.2422558e-05
CLTC,-0.0005582664,-0.0009944681,-0.0008590445,0.00030073617,-0.0020527542,-0.0002363096,0.00045667402,5.4770964e-05
TCHHL1,-0.00020631775,-0.0004849173,-0.0003542602,0.00011602696,-0.0010397956,-8.155126e-05,0.00019359961,2.5945832e-05
CTDSPL2,-0.0001284834,-0.00015797652,6.64033e-06,1.4957972e-05,0.0007558465,-0.00011261739,-3.043376e-05,8.816831e-06
ZNF292,-0.00060689077,-0.0013613589,-0.001226252,0.00036059506,-0.003376186,-0.00011156825,0.00072208606,7.123535e-05
KCNQ3,-6.375648e-05,-0.00019055791,-5.1330775e-05,3.3928081e-06,0.00045602024,7.351115e-05,5.0169416e-05,8.603209e-06
RALGAPB,9.30652e-05,4.287809e-06,0.00012420304,-6.0589053e-05,0.0018695444,2.2573397e-05,-8.405652e-05,9.058276e-07
SRCAP,0.00042290986,0.00012513809,0.0004322417,-0.000400112,0.002278857,0.00042158458,-5.8677047e-05,-2.1247892e-05
RAB11FIP4,-0.0002504792,-0.00034380145,-0.00037725456,0.00027962402,-0.0006736964,-0.00026545906,7.195305e-05,2.9636663e-05
ZNF865,0.00032274984,0.00011575408,0.00038593076,-0.00026666187,0.0012323037,0.00024242885,-0.00010281149,-1.705368e-05
CASKIN1,0.000114452094,8.845702e-06,0.00011189841,-2.1796674e-05,-0.0031324774,0.0001015123,-1.6378239e-05,-1.1101365e-06
RANBP17,0.00075966865,0.00053226016,0.0007185135,-0.00051898137,0.000110425055,0.00070834346,-0.0001419643,-4.2026048e-05
FBN1,-8.458272e-06,0.0005519632,0.00042207912,0.00013383292,-0.00044503808,-0.00018235901,-0.00041538943,-1.0691001e-05
ACTB,-0.00045331754,-0.0010354817,-0.000897171,0.00027152617,-0.0017682314,-0.00011171028,0.00051040854,5.4647448e-05
CNNM2,0.00038250163,0.0005282499,0.00067891926,-0.0002439376,0.0019145906,0.00019220263,-0.00034727808,-3.1373347e-05
TSHZ1,0.00029969774,4.9781054e-05,0.00022129156,-0.0002833372,0.0004428476,0.0004463503,5.433522e-05,-1.2510573e-05
UPF3B,-3.5135075e-05,-0.0001294706,6.917864e-05,-5.4556876e-05,0.0010849908,1.8065795e-05,-2.1086074e-05,3.5837293e-06
PHF2,-4.1134655e-05,4.9125403e-05,0.00011222996,4.7491863e-05,0.00021766126,-3.722962e-05,-0.00010224152,2.0186417e-07
FMR1,0.00012767874,-2.2597611e-05,0.00014908798,-0.00014606398,0.0007789135,0.0001847418,-1.2430362e-05,-3.0848896e-06
MIB1,-0.0004042089,-0.001043696,-0.00089769065,0.00019031856,-0.0014644414,-8.76179e-05,0.00053772796,5.5461656e-05
FADS1,-8.366816e-05,-0.00042059086,-0.00016468763,-2.6655383e-05,0.00017873943,-1.8106773e-05,0.00014246535,1.5642261e-05
FRMD7,-0.00021162629,-0.0004865732,-0.00035703555,0.000119164586,-0.001081422,-8.5116364e-05,0.00019404199,2.6134308e-05
LDB1,0.00023711659,-0.00018770061,0.00017134845,-0.00019946788,0.0036396384,-2.5304966e-05,-7.311627e-05,1.2953533e-06
PCDH19,-0.00022183731,-0.00026952848,-0.00026702322,0.00014073029,-0.0010247901,-6.103702e-05,0.00011978671,1.9983388e-05
EIF3G,5.1811337e-05,-0.00030265562,-0.00014935993,-1.631584e-05,0.0007736683,6.5863132e-06,8.4778294e-05,1.5935395e-05
MYO1E,0.00016052648,3.6899e-05,0.00022973493,-0.00015357137,0.0008941144,0.000118606724,-7.51568e-05,-7.3470874e-06
ZFAND5,-0.00027842633,-0.00082858466,-0.0006955322,0.00016444642,-0.0014411211,-1.677405e-05,0.00042151753,4.3839216e-05
CFAP410,2.7317554e-05,2.4210662e-05,6.606057e-05,1.3424084e-05,0.00058092177,1.2036413e-05,-6.7660585e-05,2.4945475e-06
BICRA,5.3223222e-05,-5.705282e-05,0.00020560622,-0.00014427397,0.002010867,-6.94599e-05,-0.0001082262,-8.699717e-07
MYBL2,-3.392063e-05,-0.0012237653,-0.0009356942,-1.4103949e-05,-0.0009442866,0.00017583556,0.0006840201,5.4612523e-05
KIAA1958,0.00046462566,0.0002228301,0.00036745518,-0.00025410485,0.0008341223,0.00039548334,-8.579623e-05,-1.9395025e-05
GABRG2,2.9193237e-05,-0.00022889115,-0.0001576338,8.0814585e-05,-0.0012495071,0.00014775712,0.000107454136,1.3674027e-05
SKIDA1,0.0003752932,0.00021351501,0.00042421557,-0.00024149846,0.001801081,0.00025368575,-0.00016049016,-1.8629828e-05
PSMA3,9.031966e-06,-6.7984685e-05,2.0151958e-05,3.1162053e-06,-0.00079964846,4.7793612e-05,-2.8917566e-06,4.8300717e-06
TTC37,-0.00021875091,-0.00071535446,-0.00039572082,-2.8211623e-05,-0.00048463792,-2.5128946e-05,0.00031824876,2.8445036e-05
PCYT1A,6.0722232e-05,-4.133396e-05,0.00019633956,-0.00010525528,6.753951e-05,2.5960617e-05,-5.9209764e-05,-5.0192466e-06
AP1G1,-8.8518485e-05,-0.00010425784,6.1294064e-05,6.2899664e-05,0.0012023747,-0.00020002201,-0.00012315344,8.335221e-06
FEZF2,-0.0008445289,-0.0012351442,-0.0011973158,0.0005559074,-0.00467024,-0.0006258539,0.0005147364,7.7947276e-05
FGF19,-0.00016754866,-0.00036798418,-0.00028059073,0.000114594586,-0.0007867813,-4.332885e-05,0.00014427956,2.0992826e-05
MSL3,0.000107755885,-0.00026442483,-6.413087e-05,-0.00010311138,0.0005630553,0.00017719343,0.000121769495,7.7036675e-06
SON,-0.00046448596,-0.00096829794,-0.0008492116,0.00030171592,-0.0019019917,-0.00016556028,0.00045249052,5.3151045e-05
DNAJC5,-0.00017075613,-0.00040101446,-0.0002544038,0.00011829939,-0.0009797588,-0.00012313202,0.000118254684,2.0884792e-05
FBXO22,0.000103488564,0.00016636588,0.0003161244,-0.0001175385,0.0020495057,-1.8870458e-05,-0.00020590518,-8.165371e-06
TNFRSF8,-0.00012216903,-0.00037997402,-0.0003102403,0.000110165216,-0.0009755492,-2.8640032e-05,0.00015874114,2.2983178e-05
HDAC11,0.00041869655,0.0003682226,0.00059568323,-0.0003139358,0.0019386485,0.00024966896,-0.00024610665,-2.745504e-05
SSR2,-0.0001767762,-0.00032590143,-0.0001402013,5.135592e-05,0.00041421503,-0.0001193597,5.8923848e-05,1.664902e-05
ACTG1,-0.0005425792,-0.0011930857,-0.001042448,0.00031856634,-0.0021350011,-0.00015184376,0.0005890811,6.300304e-05
PNN,-0.00022277981,-0.00062692165,-0.00038409233,4.6183355e-05,-9.957701e-05,-6.151758e-05,0.0002528932,2.8244569e-05
RUNX1T1,-0.0012341458,-0.0022786986,-0.0021109246,0.00067043304,-0.0052163303,-0.0004653833,0.0011650594,0.00012391864
APBB1,-2.2366643e-05,-5.6842342e-05,8.454546e-05,5.8788806e-05,0.00030770153,-0.00013217563,-0.000110778026,4.9457885e-06
CERS4,-0.0003821049,-0.0004188884,-0.00044859387,0.0002591526,-0.0024265945,-0.00022981316,0.00017484464,3.0408031e-05
CELF4,-0.0012858529,-0.0024417248,-0.0023184065,0.0007875478,-0.0059561282,-0.00052085053,0.0012452733,0.00013591407
ZBTB14,-0.00020542182,-0.00027954206,-0.00022889674,0.00013164803,-0.004533246,-8.474197e-05,0.0001390744,1.8753228e-05
ATAT1,-0.00033521652,-0.0003285762,-0.00022160448,0.00020449609,1.321733e-05,-0.00028433278,2.0050444e-05,2.2492255e-05
RBBP5,0.00015711412,0.00016383268,0.00031827763,-4.091859e-05,0.0019193068,-7.81538e-05,-0.00024694856,-7.3544215e-06
G3BP1,-0.00019052811,-0.00028949603,-0.00020624697,8.4793195e-05,-0.00082536787,-5.7257712e-05,0.000100440346,1.8472318e-05
WNT7B,0.0001270175,-0.00065812096,-0.00023659691,-0.00025348552,-7.288158e-05,0.00034980662,0.00038235262,1.2726523e-05
BDP1,-0.00044539757,-0.00081817806,-0.0006871857,0.0002633566,-0.0023846924,-0.00017143693,0.00036689173,4.4981833e-05
RNF217,0.0003871154,0.00061206706,0.0007185936,-0.0002429504,0.00137458,0.00024921633,-0.00034698192,-3.7335092e-05
CBX4,-0.0006763041,-0.0012893453,-0.0011308528,0.00035103224,-0.0044810995,-0.00025593024,0.00065510813,6.770983e-05
NME8,-0.00021708943,-0.00048895366,-0.00036055222,0.00012257323,-0.0011222437,-8.885935e-05,0.00019481964,2.6362599e-05
DCUN1D3,0.0003197994,2.2199005e-05,0.00027821027,-0.00025901943,0.00066560507,0.0002858676,-3.196858e-05,-1.1281692e-05
ENC1,-0.0007093027,-0.0015293304,-0.0013734438,0.00039508753,-0.004081264,-0.00017870776,0.00080621894,7.975439e-05
UBB,-0.000341665,-0.0008634869,-0.00070939213,0.00020537712,-0.0011093244,-7.221475e-05,0.0004092157,4.4399756e-05
NEO1,-0.00012291595,-0.00026654825,-0.00020094775,8.3392486e-05,-0.0003312528,-2.0219013e-05,0.00010029785,1.6421778e-05
SLC4A10,-0.00030294806,-0.00057575665,-0.000625439,0.00032331422,-0.0030657202,-0.00015959376,0.0002656309,4.151091e-05
BRF2,0.00017834827,0.00057476945,0.00067744404,-4.4626184e-05,0.0019538477,-0.00011751102,-0.0004905993,-2.693187e-05
PSMD11,-0.0001308471,-0.000300128,-0.00014843233,6.092619e-05,-4.0464103e-05,-9.635277e-05,6.6301785e-05,1.5567406e-05
NR2F1,-0.00047635473,-0.0013633985,-0.0011869054,0.00028711092,-0.001799494,-0.00015742704,0.00068243314,7.072778e-05
CASK,-0.00050988793,-0.0010645036,-0.0009945724,0.00027153455,-0.0029854774,-5.099643e-05,0.0006002858,5.7373778e-05
SARM1,0.00039454363,0.0002998691,0.00026180036,-8.244626e-05,-0.0019873753,0.0003157938,-9.347778e-05,-1.3693119e-05
TPST2,-6.138161e-05,-0.00027781725,-0.0002537351,0.000100764446,-0.0016980395,5.5275857e-05,0.00014274567,1.7995597e-05
FPGS,-6.479025e-05,4.4964254e-05,7.599965e-05,5.0751492e-05,-0.00078746676,-1.991447e-05,-6.949436e-05,1.296401e-06
QRICH1,-6.5527856e-05,-7.222779e-05,-5.979091e-07,7.3048286e-05,0.0007678345,-9.57977e-05,-5.7480298e-05,7.478171e-06
LRP10,-7.534586e-05,-0.00013976172,-8.494593e-05,7.461477e-05,-0.0008833334,-5.941931e-05,2.1966174e-05,1.0169693e-05
CD101,-9.0101734e-05,-0.0002985038,-0.00017490983,2.8414652e-05,-0.0012029856,2.0495616e-05,0.00012637209,1.4669029e-05
INTS7,0.00016001984,-0.00021598116,-0.0001651477,2.9472634e-05,0.00042382628,0.00012692157,9.759981e-05,1.1430355e-05
SMAD4,-9.073503e-05,-0.0005662888,-0.00036189146,2.032239e-05,0.0005061105,-1.6345643e-05,0.00023633242,2.5808811e-05
STARD10,0.00014000013,-0.00015738048,-9.32198e-05,-1.8537976e-05,0.0010000169,0.00014123786,5.7542697e-05,1.0317075e-05
CNTNAP3,-7.9968944e-05,-0.00031494722,-0.00017594546,5.1226467e-05,-0.00027728826,-4.0100887e-05,9.560492e-05,1.6244361e-05
DHX37,-0.000120960176,7.428229e-05,4.054047e-05,0.00016065594,-6.8590045e-05,-0.00022914028,-0.00016844552,9.215553e-06
GABRB3,-0.00059810653,-0.0013982616,-0.0013862085,0.00043139886,-0.003195323,-0.00015145773,0.00075782,8.139305e-05
NDNF,-0.0002368968,-0.00039984845,-0.00024419092,3.8210303e-05,-0.0011647046,-3.0507334e-05,0.00017304346,1.8562423e-05
FARP2,-0.00029257126,4.3697655e-05,5.3504482e-05,0.00018420257,0.0005827993,-0.0003721225,-0.0001983745,9.505893e-06
SLF1,0.00018184632,-4.617311e-05,7.262081e-05,-0.00013990328,0.0005303249,0.00025573839,6.4689666e-05,-3.5625417e-06
HDAC4,-0.00026316568,-0.000523936,-0.00026006252,6.6828914e-05,0.0010420829,-0.00013627252,0.00013958197,2.1627056e-05
CNGB3,-0.000196198,-0.0004940629,-0.00037505664,0.000115488656,-0.0011045411,-5.8829784e-05,0.00021092035,2.6529306e-05
PCDHGA8,-0.00013846904,-0.00024155155,-6.176159e-05,6.762147e-05,0.0002700016,-0.00018085213,-1.915358e-05,1.3483688e-05
TSPAN4,2.052635e-05,-0.00022884458,-7.993728e-05,1.4968216e-05,0.0012288019,-4.7535636e-05,1.7014332e-05,1.203164e-05
FUK,-0.00021708943,-0.00048895366,-0.00036055222,0.00012257323,-0.0011222437,-8.885935e-05,0.00019481964,2.6362599e-05
SULT1A1,0.0001409594,0.0001554396,0.00016729906,3.732927e-05,-0.0021040589,-1.9731931e-05,-0.00013081264,-3.352994e-06
NTS,-0.00017536059,-0.00046372227,-0.00031669065,4.845299e-05,-0.0006252974,-8.799136e-05,0.00018850993,2.2701104e-05
MAN1A1,0.00012221374,-5.356595e-05,1.962483e-05,-1.7400831e-05,0.0006696731,0.00010216981,8.977018e-06,2.237619e-06
FAM57B,-0.00021708943,-0.00048895366,-0.00036055222,0.00012257323,-0.0011222437,-8.885935e-05,0.00019481964,2.6362599e-05
RFX8,-5.121529e-05,-0.0001557041,-6.2724575e-05,4.089717e-05,-0.0010573417,7.318333e-06,3.7671067e-05,9.293668e-06
NACC1,-0.00023294427,-0.000344323,-0.00022548065,0.00017520692,0.0004145652,-0.0002912213,1.7304905e-05,2.3692846e-05
ZSWIM4,0.00021765009,9.543821e-05,0.00024052337,-5.8352016e-05,0.0006282404,5.6406483e-05,-0.00015470851,-4.46802e-06
PPCS,0.00013288856,4.5293942e-05,0.0002337005,-0.00013557915,0.001776278,2.631452e-05,-0.00012260582,-3.2533426e-06
SUSD4,0.00040198676,0.0006946698,0.00080901943,-0.00026734173,0.00199309,0.00017155707,-0.00043575745,-3.7493883e-05
TMEM165,-0.00021417998,-0.00026929192,-0.00018559396,0.00013705622,0.0004088506,-0.00023871893,8.123927e-06,2.087315e-05
RIMBP2,4.9430877e-05,-0.00013314933,-6.2674284e-05,3.680028e-05,0.0005117953,8.06395e-05,3.6365353e-05,7.675146e-06
PSMD6,-5.185418e-05,-0.00020760298,-0.00012899004,6.3554384e-05,-0.0008608252,-1.8233433e-05,5.7884492e-05,1.3554003e-05
ITPKA,-0.00010630302,-0.00016343221,-6.967597e-05,5.5724755e-05,-0.0004312992,-6.113667e-05,1.6647391e-05,1.041533e-05
MSL2,-0.00046044402,-0.0008342378,-0.0007205475,0.0002554981,-0.0012769252,-0.00022552768,0.00036351662,4.6449713e-05
RNF146,-2.672337e-05,-0.00026923046,-0.00012716837,-2.503395e-06,-0.00088484585,0.000105129555,0.00012248848,1.1439784e-05
NSD2,-0.00029949658,-0.0006967969,-0.0006218273,0.00022451021,-0.0020026863,-0.00011349609,0.00032834243,3.999914e-05
SOX11,-0.0005620364,-0.0012426339,-0.0010987949,0.00032492448,-0.0026788786,-0.000120515004,0.00063598156,6.570981e-05
SLC34A1,-0.00018775463,-0.0004454702,-0.00030807592,0.00010484364,-0.00081022084,-8.294266e-05,0.00016406924,2.373138e-05
ADPGK,0.0003168173,3.5928562e-05,0.0003644526,-0.0002910085,0.0007368177,0.00019989535,-6.881822e-05,-1.5258905e-05
TCERG1,-0.00031897984,-0.00044090115,-0.00038496405,0.00024417602,-0.0016805977,-0.00022011623,0.00012941379,3.0260533e-05
ZBTB18,-0.00025028922,-0.00047085807,-0.00040319748,0.00015553273,-0.0003265217,-4.896056e-05,0.00020558666,2.7250033e-05
TAF6,-6.0247257e-05,-0.00019661151,-9.7580254e-05,7.2201714e-05,-0.00085408986,-0.0001625386,6.5546483e-06,1.3570185e-05
BCL11B,-0.00036090426,-0.00059969164,-0.0004617311,0.00026118942,-0.0014801025,-0.00028263358,0.0001714835,3.627094e-05
PPM1M,7.87545e-05,-0.00018141232,-0.00011256337,-9.998679e-06,0.0009717569,0.0001249658,8.328073e-05,9.909505e-06
PUF60,-1.7356128e-05,3.429316e-05,9.7250566e-05,3.916677e-05,1.437962e-06,-5.025044e-05,-9.735022e-05,2.0057196e-06
CUX2,-7.984787e-05,-0.0006686915,-0.00049930625,-4.4852495e-05,0.00043595582,0.0002570385,0.00042613596,2.7327682e-05
GPC5,0.00025653467,0.00046975538,0.00058554485,-0.00012949202,0.0017231181,8.661207e-05,-0.00034944434,-2.6203576e-05
SERPINI1,3.4106895e-05,0.00046138838,0.00036195293,8.5919164e-05,-0.0013173074,-7.271394e-05,-0.00030499417,-1.1250726e-05
SATB2,-0.0011231396,-0.0020201374,-0.0017601922,0.0004310403,-0.0032656193,-0.000395244,0.0010419656,0.00010140787
CRISPLD1,-0.0004904829,-0.00051428005,-0.00030990876,0.00011695828,0.00020299852,-0.0004572398,9.5538795e-05,2.8678332e-05
ZMYM2,-0.00041544437,-0.000993982,-0.000795614,0.00017919764,-0.001974173,-0.00013174396,0.00047824532,5.1014707e-05
DBF4,3.6699697e-05,-0.00015333109,6.747618e-05,-0.00012818445,0.00032311678,0.00010408461,3.7455e-05,2.1598535e-06
ZMYND11,-0.0003046207,-0.00075975247,-0.00064572133,0.0002128873,-0.002751477,-6.649364e-05,0.0003768783,4.1023828e-05
TNFAIP8L3,-0.00027813204,-0.0005186312,-0.00034839846,0.00013276096,-0.0015759915,-0.00019297982,0.00017275196,2.7725124e-05
PCDHGA12,-0.00032561272,-0.0006000269,-0.00044503622,0.00018063746,-0.0012461469,-0.00019229995,0.00021271221,3.2843906e-05
ARHGEF2,-1.4398247e-06,-0.00024316646,-5.1772222e-05,8.250587e-06,0.000114671886,-7.249415e-05,1.5987083e-05,1.1173193e-05
CFAP70,0.00020533986,0.00010606088,0.00033092313,-0.00014436152,0.00015170127,6.1843544e-05,-0.00013615284,-1.2999517e-05
HPS6,0.00027858652,3.5746023e-05,0.0002958253,-0.00019733515,0.0017627254,0.00015701167,-0.00011081714,-8.979929e-06
JARID2,-0.00023637153,-0.000812212,-0.0006374512,0.00013782363,-0.0020558462,3.1837262e-05,0.00041472912,3.923825e-05
SNCA,-0.00017226301,-0.00014056265,-2.7008355e-07,0.00012004562,-0.0017929077,-0.00016334234,-4.4016168e-05,9.676791e-06
KDM6A,0.00018638931,-0.00017903745,-3.1556934e-05,-7.60369e-05,-0.0005425364,0.00016944297,8.8279136e-05,4.795147e-06
ASB14,3.5846606e-05,0.000108608976,0.00026662834,-3.8550235e-05,0.001291506,-6.9729984e-05,-0.00019496959,-5.0427625e-06
CALU,-0.00018228404,-0.00044221245,-0.00025484525,5.2936375e-05,-0.0010314435,-7.3356554e-05,0.00016085617,2.0997599e-05
HNRNPL,-6.849505e-05,-0.00034002028,-0.00017786399,3.2776967e-05,-0.00049613416,5.638227e-06,0.000116509385,1.6815611e-05
KLHL25,-0.00039019994,-0.00019302592,-0.00025807694,0.00035441294,-0.0016513616,-0.000348947,-2.8118491e-05,2.33748e-05
AHDC1,-0.00036110915,-0.00048772432,-0.00032109208,0.0001660278,5.155802e-06,-0.00025009457,0.00010538753,2.9564719e-05
CTR9,-0.0001251027,-0.00019513816,-0.00013853051,0.00017131213,-0.0003066212,-0.00019774213,-2.9151328e-05,1.732423e-05
B9D1,2.2038817e-05,-1.6897917e-05,5.7842582e-05,2.020318e-05,-0.0019093975,-5.341228e-05,-3.9148144e-05,2.596411e-06
SPAST,-0.00022575818,-0.00040418468,-0.00021600164,6.111525e-05,-0.00055117905,-0.00014648447,0.00011547003,2.0990497e-05
EIF4G2,-0.00053798035,-0.0011482444,-0.0010158215,0.00031451043,-0.0023875535,-0.00014467537,0.000574979,6.145693e-05
LRRFIP1,-0.00025550462,-0.00045210682,-0.00018112361,3.780611e-05,0.00047260523,-0.00024585985,7.908605e-05,2.0934618e-05
TUBB2A,-0.00043994747,-0.0010873731,-0.00096172467,0.0002779886,-0.0022127107,-8.3173625e-05,0.00055565685,5.8090664e-05
GGNBP2,-0.00010667369,-0.00027035177,-0.00016131811,5.698949e-05,-0.0011118427,3.963709e-05,0.00010944251,1.5099184e-05
ARHGAP44,0.00015957654,0.00016894564,0.00028595887,-7.741526e-05,0.0008258,1.0775402e-05,-0.00017630775,-8.387491e-06
CARD14,4.729256e-06,-0.00018432736,-2.8565526e-05,-4.903879e-05,0.00074355304,8.943118e-05,5.13494e-05,7.382361e-06
CIC,7.4349344e-05,-8.493662e-06,1.989305e-05,0.000105595216,0.00055739284,-0.00011172285,-0.000113143586,7.839757e-06
DIP2C,-0.00012738444,-0.0007662121,-0.0005889945,0.000109186396,-0.0010046363,-4.306715e-05,0.00034981035,3.8668048e-05
RIPOR3,0.00047713704,0.00060178526,0.00060790963,-0.000117994845,0.00053753704,0.00018169358,-0.0003692424,-2.8971466e-05
CCNT2,-0.00041488744,-0.00080594234,-0.00067938864,0.00026678666,-0.00053895265,-0.00026431633,0.00030282605,4.756858e-05
ZC3H14,0.00040706247,0.00015619397,0.00033698604,-0.00030952413,0.0006712228,0.00042900257,-2.9937364e-05,-1.706602e-05
PER2,0.00016491115,0.00027013756,0.00030400231,1.2495555e-05,0.0004189685,-4.0795654e-05,-0.0002485616,-8.913106e-06
DCAF7,-0.00041528605,-0.00079538114,-0.00066379085,0.00022905786,-0.0014133081,-0.00018087262,0.000342926,4.493387e-05
MAP2K7,0.0004041139,0.00015875511,0.00035832264,-0.0002523167,0.002481982,0.00021474343,-0.00013364572,-1.5225029e-05
AMOTL1,-0.0002992861,-0.00047844462,-0.00038019568,0.00016538613,-0.0013101771,-0.0001798044,0.00016643573,2.969522e-05
HBD,-0.00018856674,-0.00038583204,-0.000282567,0.00010192022,-0.0010392293,-8.305162e-05,0.00014997646,2.1545333e-05
PSMC5,-0.0001468081,-0.00015713088,-0.00012417883,0.00015557744,-0.00040507317,-0.00012473715,-7.770024e-06,1.46828825e-05
FOXP2,-0.00047513656,-0.0015058052,-0.0011839718,9.683799e-05,-0.003600672,8.443557e-05,0.0008684229,6.6268374e-05
DACT1,-0.00032547116,-0.00030065142,-0.00046201423,0.00035715383,-0.0020011142,-0.0001663831,0.00012924057,3.1975796e-05
PAPOLG,-4.5685098e-05,-9.9439174e-05,2.3543835e-05,1.7166138e-05,0.0007045567,-4.3063425e-05,-4.9699098e-05,7.683295e-06
FBXW5,-3.7379563e-05,-0.0004948713,-0.0004132185,0.0001506079,-0.0015231892,-5.5747107e-05,0.00020191446,2.881838e-05
POTEH,-0.00023742393,-0.0005292054,-0.00040844828,0.00013546087,-0.0014330372,-8.537155e-05,0.00022589322,2.8672977e-05
CTB-186H2.3,-0.00021708943,-0.00048895366,-0.00036055222,0.00012257323,-0.0011222437,-8.885935e-05,0.00019481964,2.6362599e-05
FLJ00273,-0.00021708943,-0.00048895366,-0.00036055222,0.00012257323,-0.0011222437,-8.885935e-05,0.00019481964,2.6362599e-05
CD93,6.495416e-05,-0.000661172,-0.00038576126,-7.662736e-05,-0.00071015954,0.00022818707,0.0003707474,2.1340675e-05
MFHAS1,0.00024833903,0.00013152324,0.00030254386,-0.00016198214,0.0015937611,0.00016979221,-0.000118636526,-1.1993572e-05
BTRC,0.0001743082,0.00021992624,0.00029440597,-1.5736558e-05,0.0010048598,-5.185604e-06,-0.00022052322,-9.168638e-06
FBH1,0.00013963133,-0.000105369836,0.00014325418,-0.00021052733,0.00068965554,0.00019403733,4.213024e-05,-3.7115533e-06
ANO9,-0.00018225238,-0.0004697144,-0.00033227727,0.00010124501,-0.0008389205,-7.048622e-05,0.00018457416,2.4689245e-05
SETD1A,7.400662e-05,6.488152e-05,3.1212345e-05,6.412342e-05,0.0007404685,-7.926486e-06,-8.2307495e-05,3.321562e-06
WNT9B,-0.00021708943,-0.00048895366,-0.00036055222,0.00012257323,-0.0011222437,-8.885935e-05,0.00019481964,2.6362599e-05
LRRC4,0.00021601282,-4.081428e-05,0.00018135086,-0.00014400296,0.0013124794,5.919952e-05,-6.851368e-05,-3.3909455e-06
NPIPB5,0.00017550401,-1.6668811e-05,0.00015958026,-0.00012391433,0.00085201114,0.00021112338,-1.4510937e-05,-5.714828e-06
ZNF462,-0.00069457665,-0.0013129357,-0.0012070276,0.0003312193,-0.0033528209,-0.00017484091,0.00070494413,7.1741175e-05
ZMAT5,0.00023157522,0.00012833811,0.0002521947,-0.00011024438,-1.0989606e-05,0.00025756657,-7.063057e-05,-1.1763535e-05
TLE3,-0.0005895123,-0.0010679197,-0.0008665081,0.00032293983,-0.0013683215,-0.0003821957,0.00041716825,5.8278325e-05
CYP17A1,-0.00018661655,-0.00041997805,-0.00029510446,0.0001087226,-0.00094398856,-7.5083226e-05,0.00015642215,2.27032e-05
EFR3A,0.00026107952,1.9177794e-05,0.00018641353,-0.00015310384,0.0006553605,0.00021452177,-2.6431866e-05,-7.160008e-06
ULK1,-0.000512423,-0.0011194795,-0.00095382147,0.00028241705,-0.0018811375,-0.00021331385,0.00052184146,5.920336e-05
S100G,-0.00011312589,-0.00037036277,-0.00023340993,5.6807883e-05,-0.0005410686,-3.6937185e-05,0.00013697054,1.8797e-05
TRERF1,0.0002650395,-7.245131e-05,7.415749e-05,-0.00010461919,0.0031378195,8.227769e-05,-4.9393624e-05,2.213521e-06
IFRD2,3.921613e-05,0.0002701115,0.00035723113,1.9585714e-06,-8.2336366e-05,-0.0001489427,-0.000285496,-9.013573e-06
EIF2A,0.00014253333,2.964586e-05,0.00020584464,-0.000113741495,0.00086221844,0.00010688696,-7.4554235e-05,-5.787122e-06
MOB4,-0.00033010356,-0.00071616285,-0.000544738,0.00017506909,-0.00034859776,-0.00014047883,0.00029105786,3.74011e-05
ANKS4B,-0.0002646353,-0.0006341133,-0.00046844222,9.944942e-05,-0.00067174435,-5.3929165e-05,0.00028491672,3.2163807e-05
FAM72A,0.00014546514,0.00030934438,0.00031742267,-2.4001114e-05,0.0014971197,-8.992851e-06,-0.00025921222,-9.186333e-06
PARN,0.0002800878,0.00026524253,0.000351917,-0.00010244269,0.0005495101,0.00013224408,-0.00019144733,-1.4164252e-05
GSTM1,0.00020923465,-8.573756e-06,9.867363e-05,-0.00020152703,-0.00058850646,0.00041838922,0.00010514911,-5.7235593e-06
DNTT,-0.00021708943,-0.00048895366,-0.00036055222,0.00012257323,-0.0011222437,-8.885935e-05,0.00019481964,2.6362599e-05
SNTA1,-0.0001555942,-0.000110052526,-0.00014089048,0.00021534134,-0.00095067173,-0.00025677728,-5.9357844e-05,1.6871141e-05
KRTAP2-2,-0.00021708943,-0.00048895366,-0.00036055222,0.00012257323,-0.0011222437,-8.885935e-05,0.00019481964,2.6362599e-05
HECTD4,-4.468672e-05,-0.00053163804,-0.00039426237,2.7492642e-05,-0.0021800548,9.066798e-05,0.00029921532,2.5364337e-05
DEFB128,-0.00021708943,-0.00048895366,-0.00036055222,0.00012257323,-0.0011222437,-8.885935e-05,0.00019481964,2.6362599e-05
TGM6,-0.00021708943,-0.00048895366,-0.00036055222,0.00012257323,-0.0011222437,-8.885935e-05,0.00019481964,2.6362599e-05
NBPF12,1.2811273e-05,-4.5837834e-05,4.7994778e-05,-1.5869737e-06,-0.0002856776,3.0909665e-05,-2.3011118e-05,2.5554327e-06
KLHDC10,-0.0009279046,-0.0015327856,-0.0013914183,0.00048195943,-0.0031392872,-0.00051234476,0.00069478527,8.810952e-05
HTN1,-0.00022361428,-0.0004936978,-0.00036593527,0.0001263693,-0.0011237562,-9.5377676e-05,0.00019566063,2.674642e-05
SLC28A1,-0.00024078786,-0.00034921616,-0.00032378174,0.00024619233,-0.00076108426,-0.00025079632,6.775372e-05,2.6514987e-05
KATNAL2,0.0002658628,-1.4897436e-05,0.0001479704,-0.0001728367,0.0011300221,0.0002653245,3.585592e-06,-5.0626695e-06
ING1,-0.00011462718,-2.3344532e-05,2.4650246e-05,8.162577e-05,0.00041516125,-0.00014062645,-8.96845e-05,7.5892312e-06
MGRN1,0.0003094282,-1.16713345e-05,0.00014578551,-0.00018831436,0.0011615977,0.00034419913,2.4032779e-05,-5.57967e-06
SLC25A46,-0.00027031824,-0.00035110302,-0.00032145716,0.00019323546,-0.0019990653,-0.00013492117,0.00013899803,2.3226487e-05
CHN2,0.00037268177,9.921007e-05,0.00041028857,-0.0004102951,0.0012001842,0.00044357404,-8.83732e-06,-2.1788757e-05
C19orf33,-0.00021708943,-0.00048895366,-0.00036055222,0.00012257323,-0.0011222437,-8.885935e-05,0.00019481964,2.6362599e-05
WWC2,0.00012032315,-0.00020089559,-6.1344355e-05,-9.290315e-05,0.0005483106,0.00019337144,0.000105466694,6.0566235e-06
TOP3B,-0.00021519512,-0.00056485273,-0.00032339245,8.907728e-05,-0.0024090558,-0.00011489354,0.00021811388,2.3925793e-05
PRR12,-9.173527e-06,-8.755736e-05,-1.2790784e-05,0.00010044314,-0.0003007576,-0.00012987154,-7.2210096e-05,9.658514e-06
TTC12,0.00028421916,0.00027674064,0.00041653588,-0.00016069412,0.001608625,0.00014376547,-0.00021870341,-1.6348902e-05
KCNT1,0.00055872276,0.00053595006,0.00068536215,-0.00031915214,0.0036251992,0.0002692612,-0.00034043286,-3.296463e-05
MCPH1,0.0005300604,0.0005583074,0.0007199459,-0.0003764825,0.002517216,0.00046362542,-0.00027040113,-3.8471655e-05
GSS,0.00011651963,0.00019097142,0.00035222434,-0.00013410393,-0.00055325776,8.36486e-05,-0.00015796442,-1.2094737e-05
MOGS,0.0006635748,0.00080531463,0.0009652376,-0.00040594488,0.0037840307,0.00032152887,-0.00049505103,-4.58617e-05
PRAMEF10,-0.00021708943,-0.00048895366,-0.00036055222,0.00012257323,-0.0011222437,-8.885935e-05,0.00019481964,2.6362599e-05
HMGN2,-0.00016573071,-0.00048400462,-0.00031204522,6.6252425e-05,0.0002092272,-1.2249686e-05,0.00019223429,2.309389e-05
KRTAP5-2,-4.1501597e-05,-0.0002468694,-9.9854544e-05,3.2670796e-05,9.379536e-05,-4.4937246e-05,4.6994537e-05,1.2328732e-05
EIF2AK1,6.845407e-05,-0.0001986362,-3.697537e-05,-2.3394823e-05,0.0016632006,-5.7258643e-05,-1.2473203e-05,1.1992524e-05
PPP1R17,-0.001393972,-0.0022876654,-0.0019835718,0.0006300416,-0.008302882,-0.00076880865,0.0010941457,0.000120255514
ERI1,-0.00027872063,-0.0005623922,-0.00051596574,0.00021407008,-0.002886489,-9.163469e-05,0.0002649268,3.4838216e-05
NRG4,1.30254775e-05,-0.00024396554,6.882474e-06,-7.81063e-05,0.0008857548,6.765127e-06,3.0051917e-05,7.5534917e-06
EMSY,0.00030654855,0.00019123591,0.00033853203,-0.0002053203,-0.0002611652,0.0003478611,-8.049607e-05,-1.4599413e-05
TCEAL1,-5.3280964e-05,-8.860044e-05,-5.0134957e-05,7.681176e-05,-0.0018356964,-4.9895607e-05,6.700866e-06,9.007752e-06
MBNL1,0.00023810565,-4.8400834e-05,5.0695613e-05,-0.00013012532,-0.00012952834,0.00031324942,7.955544e-05,-2.531684e-06
KIAA0232,-0.00023714453,-0.0008334834,-0.00058939494,4.079193e-05,-0.0008675605,9.680819e-05,0.00044241454,3.5437988e-05
DUS1L,0.0003145188,0.00029194914,0.0003680382,-0.00017859507,0.0010413453,0.000256476,-0.00015157182,-1.7410843e-05
TMEM140,-0.00013730302,-0.00026523508,-0.00021012686,0.00015859958,-0.001107499,-0.00013315398,5.5225566e-05,1.87892e-05
GRIN1,-7.0540234e-05,-0.00016465597,-3.8202852e-05,1.8615276e-05,0.0007901415,-7.6462515e-05,-6.585382e-06,9.6531585e-06
SLC16A1,-2.3789704e-05,-0.0002481602,-0.00011133216,-4.25037e-05,-0.00020877272,6.747339e-05,0.00010134932,1.2076576e-05
IFNA5,-0.00021708943,-0.00048895366,-0.00036055222,0.00012257323,-0.0011222437,-8.885935e-05,0.00019481964,2.6362599e-05
HIST1H1A,-0.00021708943,-0.00048895366,-0.00036055222,0.00012257323,-0.0011222437,-8.885935e-05,0.00019481964,2.6362599e-05
TCF24,-0.00021708943,-0.00048895366,-0.00036055222,0.00012257323,-0.0011222437,-8.885935e-05,0.00019481964,2.6362599e-05
RYBP,-0.00038266554,-0.0010251738,-0.0006300956,5.738344e-05,-0.0007156879,-0.00010403246,0.00043827388,4.3010805e-05
HIST1H2BK,-0.00021708943,-0.00048895366,-0.00036055222,0.00012257323,-0.0011222437,-8.885935e-05,0.00019481964,2.6362599e-05
RPS6KA3,0.00016320124,-1.686439e-05,2.2938475e-05,-2.5917776e-05,-0.00022039562,0.0002356423,3.6119483e-05,-2.2002496e-08
HIST1H1E,-0.00021708943,-0.00048895366,-0.00036055222,0.00012257323,-0.0011222437,-8.885935e-05,0.00019481964,2.6362599e-05
MYH2,-0.00018786266,-0.00046298094,-0.00033184886,0.000105313025,-0.0010441318,-6.508734e-05,0.00018501654,2.4633366e-05
TOMM7,-7.500686e-05,-0.00038644485,-0.0002059862,2.3050234e-05,0.00092128664,8.940697e-08,0.00013478938,1.694751e-05
TMEM14C,-5.5577606e-05,-0.00049866363,-0.00034346804,6.648712e-06,-0.0013230145,5.1217154e-05,0.00025730208,2.3191562e-05
RIPPLY1,-0.00018092059,-0.00044823438,-0.000305295,9.5094554e-05,-0.0007933676,-7.421896e-05,0.00016849115,2.343289e-05
SMIM15,-0.00029419176,-0.0006676391,-0.00061845966,0.00018889364,-0.0013927817,-9.6566975e-05,0.00033846032,3.885082e-05
TPBGL,-0.0001926031,-0.0004789196,-0.0003350284,0.00010132138,-0.001057826,-7.2653405e-05,0.00018990692,2.4908455e-05
BDKRB2,-8.524023e-05,-0.00015005656,-8.9123845e-05,0.0001243148,-0.0011642128,-7.955264e-05,-9.862706e-07,1.1702767e-05
NRSN2,-2.1543354e-05,0.00015660189,0.00011330098,0.00013309158,-5.353242e-05,-0.00012116274,-0.00018215831,2.1671876e-06
IFITM1,0.0002458319,0.00015873648,0.00037954003,-0.00023171864,0.00048530102,0.00033286214,-8.4714964e-05,-1.6815495e-05
ARF1,-0.00043129548,-0.0009005442,-0.00076213107,0.00024286006,-0.0019695014,-0.00014033495,0.00042930525,4.8420392e-05
MSH2,-0.00024905615,-0.00012580119,-0.00012570433,0.00019484665,-0.00012180209,-0.00023988122,-5.7676807e-05,1.8020975e-05
SCNN1D,0.00025515258,1.2110919e-05,0.00016499311,-0.00016508251,0.0010894462,0.00018454064,-2.5883317e-05,-5.8357837e-06
RAC3,-2.5564805e-05,0.0002003964,0.00030505657,3.155321e-05,0.0015744865,-0.00021133432,-0.00028795656,-4.45568e-06
RPS12,-0.00027382933,-0.0006431136,-0.00051479414,0.00018205121,-0.00083931535,-6.907154e-05,0.0002785558,3.449805e-05
SMIM22,-0.00015464611,-0.0004336182,-0.00026195496,6.332621e-05,-0.00077789277,-5.0786883e-05,0.0001606904,2.0976644e-05
NBPF20,-0.0007515438,-0.0015189722,-0.0012469981,0.00032137893,-0.003983818,-0.00032798247,0.00073282607,7.710338e-05
ZNF71,-3.7325546e-05,-0.00019753538,-8.780323e-05,-1.0178424e-05,-0.0012677833,0.000101102516,9.86699e-05,9.727315e-06
EFCAB9,-0.00021708943,-0.00048895366,-0.00036055222,0.00012257323,-0.0011222437,-8.885935e-05,0.00019481964,2.6362599e-05
C2orf72,0.00022504106,0.00016685948,0.00033245608,-0.00016605016,0.0016817153,0.00013271626,-0.00015092175,-1.3956451e-05
PTMS,-0.00026626885,-0.00067489035,-0.0005056765,0.00015280861,-0.0013274401,-0.00012584357,0.00027948152,3.5317265e-05
ZNF580,6.510131e-05,-0.00023344159,-3.0668452e-05,-4.461687e-05,0.0016637966,-3.8825907e-05,1.3798475e-05,8.602627e-06
ARF3,8.222088e-05,-1.8311664e-05,5.0738454e-05,-1.0575168e-05,-0.00087982416,7.981062e-05,-1.3438985e-05,2.571498e-06
MLANA,-0.00046475977,-0.0005879812,-0.000558991,0.00029722042,-0.0010158718,-0.0003386871,0.00020257663,3.9324397e-05
LLPH,7.889792e-05,0.00016994402,0.00018173829,6.859843e-05,0.0005348325,-3.7760474e-05,-0.00018987339,-2.1663727e-06
LSM10,1.0205433e-05,0.00010623783,5.5830926e-05,8.883607e-05,-0.0014997795,1.3070181e-05,-7.8151934e-05,2.4194596e-06
GSTA2,-0.00021344237,-0.00049787574,-0.00036836416,0.000119367614,-0.001190953,-7.917732e-05,0.00020412356,2.6619877e-05
C3orf56,-0.00021329708,-0.0004602,-0.0003390424,0.00014044903,-0.0011134669,-0.00011834409,0.00016480219,2.561987e-05
BST2,-0.0004692152,-0.0009361431,-0.00083005056,0.00029154494,-0.002692856,-0.00020768074,0.00044800527,5.2292366e-05
WASHC3,0.0001234319,-3.0761585e-05,0.00019449554,-8.962955e-05,0.00059457123,-4.3477863e-05,-0.00010518078,-1.6749837e-06
GATC,0.00015425496,0.00012576208,0.00031638145,-0.00020090956,-0.00055155903,0.00011064019,-9.602774e-05,-1.1535361e-05
TGFBR3L,-0.00013367087,-0.00042088516,-0.00021975115,2.5313348e-06,-0.0006233677,6.01355e-06,0.00017111283,1.7741113e-05
VIP,0.00031298026,0.00016523711,0.00047022663,-0.0002436703,0.0027062818,0.00012698583,-0.00021027122,-1.8660561e-05
UBA6,-0.0001603216,-0.00076365843,-0.0005231146,8.044671e-05,-0.00025595725,-6.363168e-05,0.000316469,3.734557e-05
NUDCD2,-0.00031274557,-0.0004327707,-0.00037100352,0.00018310454,-0.0017867982,-0.00019671023,0.00016745552,2.6947702e-05
FCER1G,0.00018811598,9.315275e-05,0.00013711303,-7.6715834e-05,0.00067233294,0.00026789214,-2.0108186e-05,-6.034039e-06
YWHAZ,-0.0002944842,-0.00062632933,-0.00049168617,0.00017358549,-0.00061606616,-0.00010493025,0.00025696028,3.408792e-05
MKX,-0.00014074333,-0.00045367144,-0.00025009178,1.4021061e-05,-0.0006845072,-2.6836991e-05,0.00018832926,1.8896651e-05
BPIFA1,-0.00021708943,-0.00048895366,-0.00036055222,0.00012257323,-0.0011222437,-8.885935e-05,0.00019481964,2.6362599e-05
IL3,-0.00021708943,-0.00048895366,-0.00036055222,0.00012257323,-0.0011222437,-8.885935e-05,0.00019481964,2.6362599e-05
VPREB3,-0.00023743697,-0.00038371608,-0.00019799359,6.58175e-05,-0.0008304715,-0.00012693275,0.0001153918,1.8142862e-05
ABCC5,-1.765415e-05,-0.0003539566,-8.69222e-05,-7.627811e-05,-7.108599e-05,9.665731e-05,0.0001307847,1.1210679e-05
MDFI,1.9820407e-05,9.639375e-05,6.3836575e-05,6.807037e-05,-0.001003556,0.00014184788,-4.4408254e-05,-9.65083e-07
CA3,-1.3086945e-05,9.8418444e-05,0.0001633782,9.397697e-05,0.0010229126,-0.00023282133,-0.00022577588,2.4811598e-06
CD59,-4.7212467e-05,-0.00020000525,-9.14e-06,-1.18734315e-05,-0.00036396086,-1.7545186e-05,2.1175481e-05,7.6335855e-06
C4orf19,-0.00022492371,-0.00043827668,-0.00038070604,6.872881e-05,-0.0017549172,0.00011397526,0.00027585402,2.3544417e-05
CARHSP1,-0.00012157671,-7.494539e-05,-2.3897737e-05,8.026883e-05,-0.0014301911,-9.439979e-05,-2.8199516e-05,9.49821e-06
CDH13,7.264875e-05,0.00020417385,0.00025399774,6.8385154e-05,-8.683652e-05,-5.2156858e-05,-0.00021240767,-7.889117e-06
CORO2B,-0.00031162612,-0.00068050064,-0.0004815664,0.00011810381,-0.0013133213,-0.00015306706,0.0002803877,3.3783726e-05
NDUFB6,-8.13473e-05,-0.00024990924,-8.30926e-05,2.4914742e-05,-0.00042806566,-9.4833784e-05,3.263168e-05,1.3761804e-05
UMODL1,-7.39377e-05,-0.00024423562,-8.431636e-05,1.4150515e-05,-3.824383e-05,-2.3376197e-06,5.8816746e-05,1.0868651e-05
MRPS28,-0.00019693188,-0.00022502057,-9.097159e-05,9.332597e-05,-0.0015581548,-0.00017685723,2.088584e-05,1.3475772e-05
HHAT,0.00036293827,0.00043810531,0.0005248338,-0.00017448887,0.0025682673,0.00018885732,-0.0002988046,-2.2691558e-05
SPP2,-0.00021708943,-0.00048895366,-0.00036055222,0.00012257323,-0.0011222437,-8.885935e-05,0.00019481964,2.6362599e-05
ASB17,-0.00021708943,-0.00048895366,-0.00036055222,0.00012257323,-0.0011222437,-8.885935e-05,0.00019481964,2.6362599e-05
PLA2G16,-0.00021708943,-0.00048895366,-0.00036055222,0.00012257323,-0.0011222437,-8.885935e-05,0.00019481964,2.6362599e-05
SLC6A13,-0.0001516603,-0.0003341362,-0.00021039695,0.000104686245,-0.00054728985,-0.00012640795,8.336175e-05,1.9278843e-05
PCDHA8,-0.00016467087,-0.00027868338,-7.8611076e-05,3.4514815e-05,-0.00043458492,-0.00010368321,4.7226436e-05,1.1643046e-05
TMEM179,0.00046574697,0.00058275834,0.00071430206,-0.00024166983,0.0038961843,0.00014042947,-0.00041898992,-3.228453e-05
ZNF781,7.711351e-05,-0.00014050119,7.3703006e-05,-8.4786676e-05,0.0013443008,2.9304996e-05,-1.2179837e-05,1.5158439e-06
C11orf24,-5.2103773e-05,4.1801482e-05,-1.3817102e-05,0.0001272615,-0.000102207065,-3.2628886e-05,-6.7322515e-05,6.4831693e-06
GALNT18,0.00043249317,0.00045161508,0.0006618649,-0.00021633785,0.0034358054,1.1345372e-05,-0.00040573534,-2.7216971e-05
GADD45G,-0.0001282487,-0.00023143739,-0.00021337345,0.00020305067,-0.0008068755,-0.00011598552,4.1754916e-05,1.7598039e-05
TLR3,-3.41814e-05,-0.00023202226,-8.637458e-05,4.461594e-05,-0.00020671636,-3.6600977e-05,3.6347657e-05,1.1646422e-05
IL27,-0.00020538643,-0.00046445616,-0.00033616275,0.000116720796,-0.0010283738,-8.570403e-05,0.00017915294,2.5166082e-05
ISL2,7.503852e-05,-0.00018663704,-1.2876466e-05,-5.9534796e-05,4.62085e-05,8.500274e-05,4.459452e-05,7.1795657e-06
ARHGAP18,0.00049946085,0.00023877993,0.00037797913,-0.00017433893,0.0005071759,0.00034371857,-0.0001393212,-1.9101542e-05
NCKAP1L,-0.00015913695,-0.0006162375,-0.00043886714,2.6148744e-05,-0.0010975078,7.509906e-05,0.00033273362,2.7405797e-05
GLYAT,-0.00021068938,-0.00048221461,-0.00035033748,0.00011854246,-0.0010478869,-8.9623965e-05,0.00018879212,2.5859219e-05
CST2,-0.00021708943,-0.00048895366,-0.00036055222,0.00012257323,-0.0011222437,-8.885935e-05,0.00019481964,2.6362599e-05
GHRL,-0.000254808,-0.00051147863,-0.00039776973,0.00015427358,-0.0009960309,-0.00013764575,0.00019160938,2.9380433e-05
ZDHHC2,0.00021750852,0.00036188774,0.0003442578,-6.0724095e-05,-0.00011664629,0.00012689829,-0.00020234939,-1.4693011e-05
PTPRE,0.00026606582,0.00019301102,0.0003645327,-0.00016052742,0.00023587793,0.00017284695,-0.00014600065,-1.5785685e-05
SNAPC4,0.0001639314,-0.00011235848,-6.502494e-06,-9.618793e-05,0.0010632798,0.00025737286,7.717591e-05,1.7057173e-06
KRTAP10-6,-0.00021708943,-0.00048895366,-0.00036055222,0.00012257323,-0.0011222437,-8.885935e-05,0.00019481964,2.6362599e-05
PRR32,-0.00021708943,-0.00048895366,-0.00036055222,0.00012257323,-0.0011222437,-8.885935e-05,0.00019481964,2.6362599e-05
TMEM39B,8.504838e-06,-0.00020360015,4.198402e-05,-0.00013620965,9.190291e-05,1.6820617e-05,3.540516e-05,6.0851453e-06
LYPD4,-0.00020900369,-0.0004983675,-0.00036736205,0.00011647679,-0.0011122972,-7.813051e-05,0.0002037622,2.6580994e-05
TMEM249,0.0004943311,0.00061752833,0.0005467385,-0.0001547169,0.0017078668,0.00031750463,-0.00031909067,-2.6471447e-05
FPR3,-0.0002508834,-0.00050495006,-0.00039168075,0.00015240349,-0.0010198578,-0.00013353303,0.00018931367,2.898532e-05
DCDC2B,-0.00017518923,-0.00033633225,-0.00021485426,0.00012547988,-0.00043525547,-0.00017474266,6.260723e-05,2.0482577e-05
EBF1,-0.0016522016,-0.002827756,-0.0028285962,0.0010214401,-0.0068866014,-0.0006673401,0.0014741123,0.00016412488
MADCAM1,-0.00017242506,-0.00044332817,-0.00030922703,0.00010831561,-0.00087711215,-8.0617145e-05,0.0001621088,2.3755827e-05
AMPD1,-0.0002117455,-0.0004848279,-0.00035250746,0.00011893269,-0.0010122359,-9.22475e-05,0.00018905196,2.6034657e-05
DOT1L,-0.0002444368,-0.0006576441,-0.0005192198,8.742232e-05,-0.003491439,-8.067489e-05,0.0003424799,3.445358e-05
RNF151,-0.00023272075,-0.00050295703,-0.00037568063,0.0001313826,-0.001138024,-0.000102939084,0.00019895472,2.737681e-05
PRDX6,-0.0002623815,-0.00036297552,-0.00024342537,0.00017373636,-0.0002681613,-0.00027638348,4.7049485e-05,2.327119e-05
AIF1L,-0.0002725944,-0.00051174127,-0.00034648925,0.000114003196,-0.0005219802,-0.00012888014,0.00018454436,2.6065158e-05
IL20,-0.00020631775,-0.0004849173,-0.0003542602,0.00011602696,-0.0010397956,-8.155126e-05,0.00019359961,2.5945832e-05
LSM3,-4.5858324e-06,-0.00015401654,-8.702278e-06,5.2386895e-06,0.00035843253,-2.8731301e-06,8.926727e-06,6.242655e-06
MORN4,0.00022984855,0.00014127046,0.0003274493,-0.00014784466,0.0010871142,0.00010650884,-0.0001495881,-1.1736294e-05
FAM168B,-0.0001428388,-0.00057197176,-0.0004344508,0.00011632498,0.00025577098,-7.240381e-05,0.00022365153,3.0971598e-05
GLTP,-0.00026961043,-0.00044675358,-0.00037736818,0.00022289623,-0.00029797852,-0.00030391663,8.291751e-05,3.2120734e-05
LDLRAD2,-7.944368e-05,-0.0003188178,-0.00015298091,2.9148534e-05,3.488362e-05,-3.823731e-05,9.0059824e-05,1.499732e-05
C6orf47,1.9650906e-06,5.4266304e-05,0.00011477992,3.7573278e-05,-0.0011074394,-6.595347e-05,-9.923149e-05,1.1757948e-06
SCARA3,-0.00019920059,-0.0006488301,-0.0005229898,0.00021377299,-0.0017190501,-0.00021593133,0.00023424719,3.7867227e-05
KRIT1,9.0552494e-05,-0.00028278492,-3.222935e-05,-9.486079e-05,0.001812838,2.5633723e-05,5.4209493e-05,8.278992e-06
GPR31,-0.00021708943,-0.00048895366,-0.00036055222,0.00012257323,-0.0011222437,-8.885935e-05,0.00019481964,2.6362599e-05
PABPC1L,0.00010302663,-8.763932e-05,-6.522983e-05,-7.258728e-06,-0.00039943308,0.00011476595,5.4591335e-05,6.795395e-06
GPX4,2.3396686e-05,-7.948838e-05,6.6626817e-06,1.5795231e-06,0.00011385232,1.9731e-05,-6.2836334e-06,5.3463737e-06
ABTB1,0.00019369833,0.00011812709,0.00018181838,-6.280281e-05,0.00083746016,0.00016752072,-8.91909e-05,-5.3412514e-06
SIRPB2,2.0654872e-05,-2.2295862e-05,0.00011141598,3.5951845e-05,0.00070828944,-0.00014915643,-0.00013281498,3.2905955e-06
ITSN1,-0.0005445294,-0.00044394284,-0.00030483864,0.0002906071,-0.0010681599,-0.00050877035,2.1008775e-05,3.0239462e-05
TCF12,0.00014770962,6.89961e-05,0.0003103949,-0.00016949698,0.0021489412,6.1549246e-05,-0.00014544372,-9.219744e-06
PRKD3,-0.00023753382,-0.00040915795,-0.00024861842,0.00016174931,0.00040501356,-0.00032656733,3.989879e-05,2.4445239e-05
KLC1,-0.00065986253,-0.0013585892,-0.0012486968,0.000398051,-0.0030670688,-0.00021591177,0.00069068745,7.5145625e-05
TPRX1,-0.00021708943,-0.00048895366,-0.00036055222,0.00012257323,-0.0011222437,-8.885935e-05,0.00019481964,2.6362599e-05
C2orf40,-0.00021708943,-0.00048895366,-0.00036055222,0.00012257323,-0.0011222437,-8.885935e-05,0.00019481964,2.6362599e-05
CHCHD4,0.00022309646,0.00037774816,0.00041691214,-4.553981e-05,0.000581339,8.01906e-05,-0.000280465,-1.588487e-05
UPP1,0.0007565543,0.00078140385,0.0009163674,-0.0004429957,0.002097413,0.0005602371,-0.00038238708,-4.8422487e-05
DESI2,-4.1484833e-05,-6.3084066e-05,0.00015587732,-0.00012915116,0.0016630888,5.6719407e-05,-4.6578236e-05,-9.3958806e-07
PRR23A,5.8775768e-05,-0.00016859733,7.023476e-05,-0.000119837,0.0011250004,8.651614e-05,1.9288622e-05,2.4527544e-06
OLFM3,-0.0004434213,-0.000569243,-0.0007413607,0.0004619127,-0.0057586282,-0.00011428958,0.00033785403,4.3673208e-05
NUDT4,7.8924e-05,-5.4577366e-05,8.556992e-05,-7.245038e-05,0.0003553629,9.486172e-05,-1.7464161e-05,1.0824297e-06
SNX22,-0.00018661842,-0.00021065399,-0.00014580041,0.00014392007,0.00069077313,-0.00025007827,-2.4139881e-05,1.7283834e-05
TIFA,-0.00016472675,-0.0006506108,-0.0004664082,6.0047023e-05,-0.001937814,6.47651e-05,0.00035049114,2.8827693e-05
EPHB1,-0.0008266978,-0.0009506382,-0.0009890515,0.0005597258,-0.0046984255,-0.00057085976,0.00037874188,6.545591e-05
C11orf68,0.0002234336,8.209795e-05,5.6760386e-05,5.835481e-05,-3.8832426e-05,5.667936e-05,-8.398853e-05,8.062925e-07
CACNA1D,0.00043206848,0.00027261674,0.00038709864,-0.00021507591,0.0010164604,0.00030924473,-0.00014988985,-1.7518178e-05
KIRREL3,0.00032072887,0.00023622252,0.0004503224,-0.0002030367,0.0022600219,2.87015e-05,-0.00024696533,-1.7317594e-05
PRR30,-0.00021708943,-0.00048895366,-0.00036055222,0.00012257323,-0.0011222437,-8.885935e-05,0.00019481964,2.6362599e-05
ATOH1,-0.00021708943,-0.00048895366,-0.00036055222,0.00012257323,-0.0011222437,-8.885935e-05,0.00019481964,2.6362599e-05
NUAK1,-0.00030581094,-0.000668481,-0.0006726254,0.00026313122,-0.0022797137,-6.511994e-05,0.00035101734,4.1891355e-05
GVQW3,-0.00021708943,-0.00048895366,-0.00036055222,0.00012257323,-0.0011222437,-8.885935e-05,0.00019481964,2.6362599e-05
TCTE3,-8.632615e-05,-0.00045956858,-0.00034051202,9.123236e-05,-0.0004485622,-8.376315e-06,0.00019279774,2.4192268e-05
GARNL3,0.00010693818,0.0003430564,0.00045749918,1.5840866e-05,0.0036976486,-0.00026757177,-0.00042464864,-1.13750575e-05
CALHM3,-0.0002045352,-0.00047947466,-0.00034642965,0.000114754774,-0.0010035336,-8.526351e-05,0.00018796418,2.5602058e-05
EMCN,0.00037456863,0.00041885674,0.0005259998,-0.0001782421,0.0011462197,0.00028052647,-0.00024295878,-2.6145135e-05
EFCAB8,-0.00021708943,-0.00048895366,-0.00036055222,0.00012257323,-0.0011222437,-8.885935e-05,0.00019481964,2.6362599e-05
FAM177A1,0.00023093261,0.00017822906,0.00023874827,-0.00011649914,-0.0006329417,0.0002422817,-7.500872e-05,-9.5040305e-06
SPRY1,-1.5584752e-05,-2.4290755e-05,7.041916e-05,-5.3591095e-05,-0.001105383,0.00013415981,7.6089054e-06,1.7372658e-06
NCAPG,0.00021141954,0.0002824962,0.00045008585,-0.00020948704,0.0013195798,0.0001552552,-0.00021097902,-1.660327e-05
AZGP1,-0.00020837039,-0.00040768832,-0.00030278414,0.00014169887,-2.2426248e-05,-0.00017336896,0.00010980852,2.4892739e-05
RGS2,-8.497946e-05,-0.00045159273,-0.0002972521,9.543262e-06,-0.000455074,2.4306588e-05,0.00020471774,2.3454428e-05
ARHGDIB,-0.00012431107,-0.000515813,-0.0003771223,9.729806e-05,-0.00025463104,-6.1970204e-06,0.00021820143,2.6635127e-05
ADTRP,-0.00024764426,-0.0004846193,-0.00034221075,0.00012563169,-0.0006409362,-0.00015599793,0.00015961006,2.7329894e-05
CD151,-0.0002658423,-0.00037593953,-0.00020996854,0.000108220614,-0.001066871,-0.00022908999,7.475726e-05,2.1604239e-05
G3BP2,-0.0004899595,-0.0011125989,-0.0010045655,0.00034498423,-0.0031055287,-0.00019718567,0.0005400572,6.2165316e-05
CXXC5,0.00013268366,-3.553368e-05,-7.8745186e-05,6.993022e-05,-0.0022051334,0.0001473166,4.2319298e-05,7.408671e-06
RESP18,-0.00021429732,-0.00052914023,-0.00040009432,0.000120352954,-0.0012507066,-6.7794695e-05,0.00022871699,2.7881819e-05
EOGT,-6.536208e-05,-0.00013244152,-7.153489e-05,6.807223e-05,-0.0004316494,1.1147931e-06,1.5288591e-05,1.0552816e-05
TKT,-2.1234155e-07,-3.0264258e-05,8.6173415e-05,-3.2826327e-05,5.992502e-05,-1.766067e-05,-4.619453e-05,1.7965212e-06
NT5M,0.00014749542,-3.79961e-05,0.00024955906,-0.00015422422,0.0017149672,-5.675759e-05,-0.00013700221,-2.1409942e-06
KATNAL1,-0.0006250404,-0.001086615,-0.00092418864,0.00036248844,-0.0009082332,-0.00043875724,0.0004184693,6.1709085e-05
IFI44L,-1.540035e-05,0.00028450042,0.00044873916,2.5325455e-05,0.0020978823,-0.0002483409,-0.0003879266,-1.1926517e-05
VGLL2,-0.0001692865,-0.00037059188,-0.00027646497,0.000118621625,-0.001156196,-6.725453e-05,0.00014008023,2.111902e-05
RWDD2A,8.9397654e-05,-4.2449683e-06,0.000110248104,-9.377673e-05,-0.00054927915,7.4189156e-05,-2.0542182e-05,-7.498311e-07
MPLKIP,-0.00020908378,-0.00043172948,-0.00030629337,9.4742514e-05,-0.0016361699,-6.317999e-05,0.00018956512,2.2410299e-05
IFNG,-0.00019410998,-0.0004751403,-0.00032571144,9.618513e-05,-0.00091280043,-7.548835e-05,0.00018445123,2.455851e-05
EMC9,0.00018162839,8.9749694e-05,0.00017777644,-4.6713278e-05,0.0013529882,5.01452e-05,-0.00012277905,-2.9354123e-06
KIAA0319,-8.809939e-05,-0.000280438,-2.8567389e-05,-4.1311607e-05,0.0013246983,-0.00013853237,1.6162172e-05,1.0814285e-05
BAD,-8.800253e-05,-0.00031222962,-0.00018214993,3.932137e-05,-0.00053079426,-2.8260052e-05,0.000106750056,1.6724342e-05
POLRMT,0.00017764606,-0.00014247559,1.6225502e-05,-4.5959838e-05,0.001284562,7.890724e-05,5.2442774e-06,3.9534643e-06
CEACAM19,0.0006308481,0.0006960314,0.0009803046,-0.00044723228,0.0038784295,0.0003656894,-0.0004334906,-5.0712028e-05
C20orf173,1.1747703e-05,1.5262514e-05,0.00010219775,-2.2848137e-05,-8.3372e-05,5.860068e-05,-4.5192428e-05,-8.02218e-07
ARL13A,-0.0002191905,-0.00046849437,-0.00034592673,0.00012738723,-0.0010234043,-9.882916e-05,0.00017959997,2.5656773e-05
ASF1A,-0.00029768422,-0.0005951859,-0.00052210316,0.00018232223,-0.0021058172,-4.7634356e-05,0.00029569305,3.4016557e-05
FAM71F2,2.8626993e-05,-0.00023103505,1.7121434e-05,-0.00012444612,0.0015905052,3.147684e-05,3.8148835e-05,6.4510386e-06
MYL12A,-0.00026313215,-0.00034942105,-0.00023768656,0.00013662595,-5.926937e-05,-0.00023493683,5.909521e-05,2.2798427e-05
NEFM,-0.0005805269,-0.0013296157,-0.0011836682,0.0003462201,-0.00066109747,-0.0002347338,0.0006335508,7.300975e-05
CELA3A,-0.00021708943,-0.00048895366,-0.00036055222,0.00012257323,-0.0011222437,-8.885935e-05,0.00019481964,2.6362599e-05
CDK13,-0.0002836287,-0.00043446012,-0.00036975555,0.00017894804,-0.0016737729,-0.00015693158,0.0001679156,2.7372502e-05
KIF9,0.00023576617,0.00019254163,0.0002974961,-9.673368e-05,0.0010109842,7.180497e-06,-0.00018946733,-9.122305e-06
HES5,-0.00031514466,-0.0008328799,-0.0005577821,0.0001295181,0.0011835694,-0.00025444617,0.00028466526,3.8922764e-05
VSIG2,-9.171292e-05,-0.00016914122,-8.375198e-05,0.00010642689,0.00023837388,-9.856373e-05,-1.6940758e-05,1.230347e-05
TMEM241,0.00017497502,0.00031571463,0.0002556946,6.560702e-05,0.00038594007,-5.2782707e-05,-0.00025649834,-6.663846e-06
SPIC,-0.00019061938,-0.00047649443,-0.0003411714,0.00010401197,-0.0011048838,-5.8437698e-05,0.00019626599,2.4816603e-05
NSMCE1,-0.00017437898,-4.359521e-05,-2.136454e-06,0.00015253015,-9.883195e-05,-0.0002113129,-0.0001096325,9.916956e-06
BRF1,-0.00036190264,-0.00045933202,-0.00041777268,0.00029836502,-0.002413705,-0.00026702834,0.00012536533,3.2871496e-05
TM4SF19,-0.00021708943,-0.00048895366,-0.00036055222,0.00012257323,-0.0011222437,-8.885935e-05,0.00019481964,2.6362599e-05
SLC35D2,3.668852e-05,-9.327382e-05,-4.272908e-06,5.8371574e-05,0.0011393055,-0.00015063398,-9.580236e-05,1.0650605e-05
OVCA2,0.000600487,0.0006808955,0.0007696189,-0.00037783477,0.0010963604,0.00048449077,-0.0002896944,-4.2769127e-05
MTHFS,-0.00015764125,-0.00035884604,-0.00026839785,0.00014587957,-0.00032675266,-0.00014063763,9.772275e-05,2.1601096e-05
SOX5,-4.3325126e-05,0.00024571829,0.00023490004,0.00018234644,-4.9099326e-06,-0.0002820571,-0.00031030457,-1.2886012e-06
AADACL4,-0.00021412224,-0.0004879646,-0.0003598202,0.00012645498,-0.0011405498,-9.4848685e-05,0.00019111298,2.6406837e-05
SYT1,-0.00061719306,-0.0011012908,-0.00086431764,0.00028142612,-0.0028176606,-0.00027129473,0.00049241446,5.590776e-05
CYLC1,-0.0001362674,-0.00043604523,-0.0002979692,7.192418e-05,-0.0010231435,-4.991889e-07,0.00019114558,2.1496904e-05
ZNF76,0.00033733994,0.00018825941,0.00032372586,-0.00021308102,0.0012655109,0.00021336414,-0.00012438465,-1.2706965e-05
EXT1,0.0003286302,0.000100756064,0.00027554668,-0.00018380769,0.002846405,0.00014346093,-0.00012250897,-9.941519e-06
NALCN,0.0006823521,0.000784697,0.0009873267,-0.00042677298,9.294599e-05,0.00046111085,-0.0004140837,-5.071028e-05
PIN1,-0.00015988201,-0.00018237345,-7.881969e-05,0.000142904,0.00044178218,-0.00024170568,-6.542355e-05,1.549942e-05
RRAGC,0.00016235933,2.5123358e-05,0.00015910715,-0.00010717381,-0.00070488453,0.00013667438,-3.132783e-05,-4.3560285e-06
EDAR,-0.00021064281,-0.00048666447,-0.00035376474,0.00011849962,-0.0009429082,-9.182468e-05,0.00018905196,2.616155e-05
RPL12,-0.00015858375,-0.0005407762,-0.00036952645,9.1468915e-05,0.00010205805,-4.4999644e-05,0.00021128822,2.7005444e-05
EAF1,4.2393804e-06,5.762838e-05,0.0001647044,3.8803555e-05,0.00062809885,-0.00011594314,-0.00016503129,7.9290476e-07
LSM1,-3.989227e-05,0.00011861324,0.00011909939,9.8756514e-05,-0.00048900396,-6.1188824e-05,-0.0001427317,9.4564166e-07
TMEM91,0.00029753894,0.0004422553,0.00047250278,-5.1899813e-05,0.0025690794,9.330269e-05,-0.00034245942,-1.8642866e-05
SPDYC,-0.000212688,-0.00050431304,-0.00036418065,0.0001277579,-0.001242198,-9.414833e-05,0.00019534677,2.6656431e-05
IFI30,0.00018434785,-0.00011796504,7.639825e-05,-0.00016445201,-0.00010423362,0.00037204195,0.00010844413,-3.5315752e-06
BTBD2,-8.582324e-05,-0.00011027604,-0.00014706701,0.00014325138,-0.0005385205,-0.000105489045,4.824251e-06,1.4408724e-05
OVOL1,-0.0001981277,-0.00047185458,-0.00033679232,0.00011701882,-0.0009595752,-9.264611e-05,0.0001778733,2.5265384e-05
EDF1,-0.00015168451,-0.00033639558,-0.00022686273,0.0001257034,7.0109963e-06,-0.0001266785,7.7757984e-05,2.0380947e-05
ZNF346,-0.00011532009,-4.6353787e-05,6.529875e-05,8.40798e-05,-7.803738e-05,-0.00025764713,-0.00013797823,7.753144e-06
TM4SF1,-0.00024092197,-0.00026980415,-0.00021651573,0.00024445448,-0.0009978265,-0.00026630145,-1.3423152e-05,2.2750231e-05
TSSC4,-0.00018974766,-0.00048075616,-0.00039234385,7.293094e-05,-0.002595991,3.4563243e-05,0.00027536042,2.4982262e-05
TMEM147,-0.00015218742,-0.00010354817,-3.6289915e-05,6.4773485e-05,-0.00080210716,-4.526507e-05,5.101785e-06,8.185161e-06
YRDC,0.000528859,0.00037847087,0.0003876295,-0.00016469229,0.0007451251,0.0003805468,-0.00017776992,-1.9355793e-05
WFS1,-8.797459e-05,-0.000234982,-3.5414472e-05,2.0966865e-05,0.00039622188,-0.00015522726,-1.104176e-05,1.1097756e-05
PSD3,-2.4493784e-05,-0.00037353113,-0.00013138354,-7.9202466e-05,0.00021640956,7.706974e-05,0.00015138369,1.2451201e-05
NET1,-5.5076554e-05,-0.00039376318,-0.000117713585,-6.7146495e-05,0.0020452365,-3.006775e-05,9.9855475e-05,1.4817575e-05
OBP2A,-0.00021708943,-0.00048895366,-0.00036055222,0.00012257323,-0.0011222437,-8.885935e-05,0.00019481964,2.6362599e-05
ORM1,-0.00021708943,-0.00048895366,-0.00036055222,0.00012257323,-0.0011222437,-8.885935e-05,0.00019481964,2.6362599e-05
BNIP1,6.1547384e-05,0.00023872033,0.00021063723,4.1628256e-05,-0.0011114553,1.2036413e-05,-0.00017577317,-3.7431018e-06
CD163L1,-0.00018202513,-8.2349405e-05,-4.9857423e-05,0.00018256996,-0.00016651303,-0.00021514716,-8.5501e-05,1.1376687e-05
TIGAR,0.00022408552,0.00023388676,0.00042395294,-0.00015412923,0.0015122071,4.6900474e-05,-0.00023912173,-1.35417795e-05
ZC3H8,8.151494e-05,-0.0001481194,-2.1630898e-05,2.3518689e-05,0.001219511,5.7937577e-06,-1.8459745e-05,9.461073e-06
PDCD1,-0.00021708943,-0.00048895366,-0.00036055222,0.00012257323,-0.0011222437,-8.885935e-05,0.00019481964,2.6362599e-05
KAZN,1.1920929e-05,-0.00017075427,1.1708587e-05,-3.5939738e-05,0.0007577166,-5.9456564e-05,-2.1025538e-05,9.296695e-06
CLEC3A,-0.00020631775,-0.0004849173,-0.0003542602,0.00011602696,-0.0010397956,-8.155126e-05,0.00019359961,2.5945832e-05
UBE2J2,0.00010463223,-0.00021076389,5.798973e-05,-0.00016602408,-0.00058627874,0.00014327932,8.2075596e-05,1.3867393e-06
DEK,-2.855435e-05,-0.0004070662,-0.00028714724,-3.0995347e-05,-0.00037758052,0.000196727,0.00025100634,1.8035294e-05
PPP1R3D,-7.394701e-07,-0.00043000653,-4.0626153e-05,-0.00011461228,2.644956e-06,-7.878803e-05,0.00010216981,1.019903e-05
HIST1H4F,-0.00021708943,-0.00048895366,-0.00036055222,0.00012257323,-0.0011222437,-8.885935e-05,0.00019481964,2.6362599e-05
DCAF11,-0.0001270324,-0.00019882806,-0.00021924451,0.00011111051,-0.00084903836,-1.8525869e-05,9.04724e-05,1.7817481e-05
ADCY5,0.0004163999,0.0006280616,0.00063019246,-9.8221004e-05,0.0018171892,0.00013414025,-0.00040934887,-2.8243987e-05
MYOZ2,-0.0002513025,-0.0004896913,-0.00040629692,0.00019154046,-0.0013943315,-0.00016941316,0.0001798803,2.961373e-05
HAVCR1,-0.00023787841,-0.0004501138,-0.0003473647,0.00015011057,-0.0013040677,-0.00011499785,0.0001687156,2.5880523e-05
TRAM1L1,-0.00019508414,0.00012383237,7.786788e-05,0.00019139424,-0.001573272,-0.0001961072,-0.0001673745,4.6107452e-06
RPUSD1,-0.0001471322,-0.0002728626,-0.0002669096,0.00014649425,-0.00058603287,-5.826447e-05,0.00010633003,1.8864637e-05
KIR2DL3,-0.00019470043,-0.00045041926,-0.0003169719,0.00010910723,-0.00095021725,-8.221343e-05,0.00017020106,2.4095178e-05
LYPD5,-8.686632e-05,-0.00038057566,-0.00020934269,5.1414594e-05,-0.0010995045,-1.9699335e-05,0.00013388786,1.8030754e-05
ACBD6,-0.00021928549,-0.00013005175,-0.00014231168,0.00017859228,-0.00052671134,-0.00020022132,-3.1572767e-05,1.84651e-05
SYT7,-0.0003262125,-0.0007689968,-0.0006793346,0.00017663557,0.0005232394,-0.00018857932,0.00033887476,4.5842724e-05
APOL4,0.0004010219,0.00040602498,0.00048508123,-0.00015104283,0.0023913905,0.00023434963,-0.0002699336,-2.2541615e-05
NKIRAS1,-0.00026538596,-0.00026086345,-0.00022209436,0.00018815137,7.9900026e-05,-0.00032294355,-4.458241e-06,2.3006694e-05
LRRC4C,2.9474497e-05,-0.00060289726,-0.00034641474,-0.00010562688,0.00073321164,0.00011791382,0.0002936162,2.4184468e-05
KDM1B,0.00023457594,0.00039550476,0.00044310838,-5.6801364e-05,0.0020805597,3.7346035e-07,-0.00032304134,-1.6407343e-05
NCCRP1,0.00014004856,-2.1792948e-06,0.00014189817,-8.3623454e-05,0.00067840517,0.00011928193,-4.720874e-05,-2.9985094e-06
MRPL52,-0.00013625994,-8.5201114e-05,-1.7929822e-05,5.7631172e-05,-0.0010406747,-5.0663948e-05,-8.366071e-06,8.225557e-06
MRPL14,-0.0001311265,-0.00024370849,-0.00013709627,0.00010739174,-0.0001758784,-0.00019158423,4.789792e-06,1.7501996e-05
GCNT7,-0.00014238618,-0.00031016208,-0.00011047162,8.1489794e-05,-0.0005158931,-0.00017147977,2.9915944e-05,1.4802674e-05
CPD,0.00010564737,-0.0005753245,-0.00035784766,-0.00011648517,0.0008537248,0.00022388715,0.0003286777,2.0888983e-05
PRPS1L1,-0.00019702129,-0.00049355254,-0.00036551803,0.00011098944,-0.0011651069,-6.081164e-05,0.00020760763,2.6225345e-05
TMBIM6,-0.00026813522,-0.00059745647,-0.00040745176,9.7961165e-05,-0.00055160373,-6.955955e-05,0.00024833437,2.8876704e-05
METTL26,-9.8334625e-05,-6.3553452e-06,4.8592687e-05,7.381663e-05,0.001684472,-0.00012207124,-0.00011440646,6.4938795e-06
RNASEH2A,-0.00030484423,-0.0005633421,-0.0005061738,0.00015286542,-0.0016954392,-7.2903e-05,0.00028830674,3.312819e-05
NECAP1,-0.00033177063,-0.00064662844,-0.0005910378,0.000256869,-0.0024108365,-0.000119498465,0.0002978556,3.921939e-05
BPIFB3,-0.00021708943,-0.00048895366,-0.00036055222,0.00012257323,-0.0011222437,-8.885935e-05,0.00019481964,2.6362599e-05
ZFP36L2,-4.791841e-05,-0.00040450133,-0.00025617518,2.2684224e-05,0.0008992329,1.3455749e-05,0.00015617162,1.8904102e-05
ABHD12B,-0.0001223553,-0.00029936433,-0.00015262142,6.849412e-05,-0.0007426888,-9.901915e-05,7.6082535e-05,1.514086e-05
EFCAB2,-0.00021781959,-8.251704e-05,7.485598e-05,0.000103123486,-0.0006445497,-0.0003359029,-0.00014198292,7.6714205e-06
CCNO,6.977096e-05,-0.0001897309,-2.256222e-05,-3.649667e-05,8.524954e-05,8.565374e-05,4.874263e-05,6.5779313e-06
PAFAH1B3,2.3713335e-05,-0.00020807609,-5.842559e-05,-2.0861626e-05,0.0009018481,4.700385e-05,5.0147995e-05,9.614276e-06
ASCL4,-0.00021776743,-0.0004885476,-0.00035718642,0.00012246054,-0.0010557622,-9.596627e-05,0.0001906585,2.6322436e-05
RSC1A1,-1.0225922e-06,-6.789714e-05,-6.6384673e-06,9.653997e-05,0.00046527386,-9.9870376e-05,-7.2681345e-05,7.903087e-06
CCT7,-2.3622066e-05,-9.763427e-05,-3.1571835e-06,3.3409335e-05,-0.00064356625,9.239651e-06,-5.7211146e-06,6.785034e-06
TMEM82,-0.00018556044,-0.00045178458,-0.00031253323,9.823684e-05,-0.0009030327,-7.029157e-05,0.00017403811,2.371124e-05
NPBWR1,-0.00021708943,-0.00048895366,-0.00036055222,0.00012257323,-0.0011222437,-8.885935e-05,0.00019481964,2.6362599e-05
IGFBP2,-0.00044264458,-0.00070276484,-0.0006217193,0.00023090746,-0.0020725653,-0.00024819188,0.00029939972,4.264491e-05
CDC42EP4,-1.33141875e-05,-0.00033595413,-0.00026356243,0.000114304945,-0.0010395944,2.3183413e-05,0.00012737885,1.9872678e-05
DTYMK,-0.00012556091,-0.00028636493,-0.000113621354,2.4912879e-05,-0.0006830245,-0.00012647128,5.8725476e-05,1.4595455e-05
STAP1,-0.00021700561,-0.0004949067,-0.00036295317,0.00012006331,-0.0009957775,-9.68324e-05,0.00019365083,2.6757247e-05
GNB2,-0.0004918929,-0.0008662101,-0.00073259324,0.00023651682,-0.0018476918,-0.00024869293,0.0003817035,4.93587e-05
MFSD3,0.00013867393,0.00029415265,0.00032398663,-3.06461e-05,0.00021661073,7.401779e-05,-0.00020639133,-1.2727571e-05
PAK1IP1,4.3908134e-05,-0.000375567,-7.936731e-06,-0.00022696517,0.000916034,0.0001128586,0.00014793873,5.488866e-06
RPL15,-0.0004145056,-0.00092888065,-0.0008009039,0.00026127882,-0.0016913638,-0.00011258526,0.00044404622,4.9901428e-05
LRRC14,9.2869624e-05,-6.666966e-05,4.221499e-05,1.0719523e-06,0.0017414764,-9.989273e-05,-8.4792264e-05,6.384449e-06
DSCAML1,0.00012854114,0.00032589026,0.0003938526,-4.196912e-05,0.0018210486,-7.772725e-05,-0.0003078794,-1.186342e-05
EEF2,-8.446351e-05,-0.000375513,-0.0002739951,7.834844e-05,-0.0006016791,2.7432106e-05,0.00016122218,2.0821812e-05
N4BP2L1,-0.00016575307,-0.000316035,-0.00027939118,0.00012818258,-0.00057695806,-3.6796555e-05,0.00012586918,2.1823449e-05
ITGB1BP1,-2.1731481e-05,-3.411621e-05,8.009374e-06,7.639639e-05,0.00031101704,-1.9706786e-05,-4.9512833e-05,5.7482393e-06
PCGF3,-0.00026440434,-0.00061862916,-0.000539463,0.0002051359,-0.0010315776,-9.537954e-05,0.00027382467,3.5120524e-05
FERMT2,-0.00042859465,-0.00081548654,-0.0007421654,0.00032161456,-0.00248307,-0.0002548783,0.00035017263,4.8147398e-05
TRIML1,-0.00021162629,-0.0004865732,-0.00035703555,0.000119164586,-0.001081422,-8.5116364e-05,0.00019404199,2.6134308e-05
EIF4E3,0.00020493194,2.0023435e-06,4.5178458e-05,-1.6845763e-05,6.866455e-05,5.295314e-05,-5.8043748e-05,5.3715194e-06
CADM2,-0.0003391113,-0.000677865,-0.00054837205,0.00021390058,-0.002007559,-0.00013859011,0.00028223172,3.762287e-05
RTL3,-0.00021708943,-0.00048895366,-0.00036055222,0.00012257323,-0.0011222437,-8.885935e-05,0.00019481964,2.6362599e-05
PPP4R2,0.00032898784,0.0006794557,0.0006545782,-5.5837445e-05,0.003566049,2.104044e-05,-0.0004934268,-2.7878326e-05
GRIK2,0.00021056272,3.526546e-05,4.8410147e-05,2.6775524e-06,0.00020635128,0.00020997506,-2.7135015e-05,1.2665987e-06
MCHR2,7.845275e-05,-0.0001142025,7.340312e-05,-7.690769e-05,0.0009807497,3.5127625e-05,-2.0339154e-05,2.7625356e-06
TUSC1,3.2374635e-05,0.0001263842,0.0002093371,-5.722046e-06,0.00032112747,-9.968784e-05,-0.00017010886,-2.9177172e-06
GPR171,-0.00015291758,-0.0005310308,-0.00035143644,1.728721e-05,-0.002006434,7.733889e-05,0.00029203016,2.2688531e-05
VWA7,-1.0151416e-05,-0.00021907128,-7.961877e-05,-1.3451092e-05,-0.000650838,5.6533143e-05,8.3201565e-05,8.967589e-06
IGF2,-0.00021708943,-0.00048895366,-0.00036055222,0.00012257323,-0.0011222437,-8.885935e-05,0.00019481964,2.6362599e-05
H3F3B,-0.00021708943,-0.00048895366,-0.00036055222,0.00012257323,-0.0011222437,-8.885935e-05,0.00019481964,2.6362599e-05
SLC35A5,-5.9193e-05,0.000115424395,0.00018078461,9.081792e-05,-0.0012286678,-0.00018934812,-0.00019493047,4.2526517e-07
PDGFC,-0.00034685992,-0.00087863393,-0.00071438774,0.00011910964,-0.004201539,-6.9076195e-06,0.0004953714,4.3747365e-05
ARHGEF7,-0.00052416325,-0.0010156352,-0.0009082146,0.00031848904,-0.003094986,-0.00015801331,0.00049752835,5.616981e-05
IDH3G,-1.7328188e-05,-9.3884766e-05,-1.9242987e-05,1.9621104e-05,0.00016423315,7.0942566e-05,2.0368025e-05,5.5456767e-06
SPC25,-0.00019560196,-0.00043713674,-0.00027463958,4.5238063e-05,-0.00080069155,-7.224735e-05,0.00017206371,2.2205873e-05
NIFK,8.10083e-05,-0.00019370951,-6.2752515e-05,-8.063391e-06,-3.5762787e-07,5.681347e-05,4.1316263e-05,9.764102e-06
SULT1B1,-0.00021351315,-0.0004615672,-0.00033099018,0.000120227225,-0.0010423884,-9.667687e-05,0.0001735203,2.5027897e-05
CRIP2,-5.650334e-05,-0.00028844178,-0.00013253838,3.6739744e-05,0.0009458959,-3.9048493e-05,5.979929e-05,1.4661695e-05
XXYLT1,-0.00036612153,-0.0007797163,-0.0007217005,0.00016929116,-0.0014778003,-1.7693266e-05,0.00043440238,4.3696957e-05
TMEM45A,4.1389838e-05,0.00023032352,0.00038567744,-8.885749e-05,-0.00090658665,-9.514857e-05,-0.00022353698,-1.3023382e-05
CACNA2D3,4.152395e-05,1.7678365e-05,7.873401e-05,5.1640905e-05,-0.0009634271,-7.288717e-05,-0.00010106992,3.945548e-06
RASGEF1B,-0.00031286664,-0.00036963448,-0.00030126423,0.0002556378,-0.0028480813,-0.00029124646,7.482525e-05,2.6958995e-05
SCGN,-0.00019224547,-0.00043769553,-0.00017358921,2.6308931e-05,0.0017986298,-0.00024322234,4.0452927e-05,2.2919965e-05
FAS,-0.00016875751,-0.00038646534,-0.00028991327,0.00011109654,-0.0012089387,-5.9197657e-05,0.00015067309,2.1976652e-05
PPA2,-2.3821369e-05,-5.8624893e-05,4.2142347e-05,7.531885e-05,0.0008597374,-0.00012849178,-9.942707e-05,6.0056336e-06
THEGL,-0.00021068938,-0.00048221461,-0.00035033748,0.00011854246,-0.0010478869,-8.9623965e-05,0.00018879212,2.5859219e-05
C6orf106,-0.00021708943,-0.00048895366,-0.00036055222,0.00012257323,-0.0011222437,-8.885935e-05,0.00019481964,2.6362599e-05
PCDHB4,0.0005598571,0.00044523552,0.0006990954,-0.0003780229,0.00060547143,0.0004378436,-0.00022746343,-3.7252204e-05
SORD,-0.00015924312,-0.0002310276,-2.4769455e-05,6.705895e-05,-0.0012242123,-0.00022782851,-2.2811815e-05,1.16179e-05
THOC7,-0.00010586344,-1.0691583e-06,6.650761e-05,6.4400956e-05,-0.0005625412,-0.000120054,-9.177439e-05,5.57967e-06
PLVAP,-0.00019076094,-0.00087375194,-0.00066366047,-2.794899e-06,-0.0010736883,0.00022490881,0.0005241344,3.8331375e-05
XKR3,-0.00013704225,-0.00042681396,-0.00031376444,7.272046e-05,-0.001211986,1.7507933e-05,0.00020424929,2.1740678e-05
CDH10,0.00016812608,0.00026334636,0.00047433935,-0.0001805583,0.003985405,4.8745424e-05,-0.0002718689,-1.9210042e-05
APH1A,9.113923e-06,-0.00012350082,-4.030578e-05,2.9435381e-05,-0.00095739216,-2.1544285e-05,1.02017075e-05,8.656993e-06
GTF2I,7.740036e-05,0.00017269328,0.0003442876,-5.9962273e-05,-0.00020448118,-7.6618046e-05,-0.00020593312,-1.0516844e-05
SLC35G1,-0.00018354505,-0.00056015886,-0.0003735777,3.1156465e-05,-0.002275519,2.0546839e-05,0.0002867682,2.5762827e-05
IPP,0.00019466877,0.00033368543,0.00041567348,-9.302143e-05,-0.0007864535,9.3468465e-05,-0.0002220599,-1.7530634e-05
ASPN,-0.00011219457,-0.0003857687,-0.00027858466,0.00011759251,-0.00066361576,-0.00010437798,0.000120932236,2.2218679e-05
PDCD2,2.7559698e-05,-0.0005369894,-0.00040921383,1.125969e-05,-0.00073536485,0.00010455027,0.0002911603,2.6112422e-05
RTRAF,-7.6990575e-05,-0.00019701011,-5.5527315e-05,4.254561e-05,0.00041751564,-8.6637214e-05,5.2759424e-06,1.0648859e-05
C18orf54,0.00029099546,0.00030214526,0.0003831014,-0.00013556704,0.0012953877,0.0001436444,-0.00021082815,-1.47453975e-05
LIPI,-0.00017786212,-0.0004523378,-0.00032101758,9.885244e-05,-0.001014635,-5.2182935e-05,0.00018431433,2.361834e-05
LIN7B,7.744692e-05,5.6378543e-05,0.0002582129,-6.6400506e-05,0.0014095232,-8.150749e-05,-0.00018392596,-3.3426331e-06
HYKK,-9.740144e-05,-0.00034504384,-0.00014418736,-3.828015e-05,-0.0007610917,2.9750168e-05,0.00014682673,1.28976535e-05
KLRG2,-0.00017345138,-0.00040365197,-0.0002620034,9.949785e-05,-0.0007250309,-9.7130425e-05,0.00013025943,2.168247e-05
GFY,7.804483e-07,-0.00015385449,-0.00010644272,3.92776e-05,0.0009661317,1.7095357e-05,4.0801242e-05,9.75444e-06
GALNT14,-1.7955899e-06,9.673461e-05,0.00015768968,6.873906e-05,-0.00086538494,-9.8552555e-05,-0.00015309919,-3.335299e-07
SLC36A4,0.00020647421,-5.6022778e-05,0.00034066476,-0.00029583275,0.0017720535,0.00015172921,-5.670823e-05,-1.2889155e-05
OSR2,-0.00028835982,-0.00074677914,-0.0005313102,0.000114523806,-0.0012205467,-6.414391e-05,0.00032935757,3.5632518e-05
CAB39,-4.6448782e-05,-0.00019067526,-0.00025693886,0.00012441259,-0.0008567944,5.8492646e-05,0.000114149414,1.8390943e-05
PSD,0.0001851432,-0.00019494817,-7.225573e-05,-9.515323e-05,0.00040459633,0.00027181022,0.00013111625,5.5650016e-06
RAB2A,-0.00036744773,-0.00061516464,-0.0005433038,0.00025029574,-0.0024847686,-0.0001402963,0.00027055666,3.7204474e-05
ARRDC1,0.00016748533,8.580461e-05,0.0001442004,-0.00014791545,0.00025964528,0.00036192313,3.239978e-05,-7.952098e-06
CBX1,-0.0003555864,-0.00074564293,-0.0006285459,0.0002085818,-0.0017753467,-0.00013517728,0.00033634715,4.2104977e-05
GNB5,-5.017221e-05,-0.00024447776,-0.00012508035,0.000100079924,-0.0006436184,-0.000100335106,1.807604e-05,1.6031903e-05
MMD,3.7746504e-05,-0.00023787841,-2.5309622e-05,-0.000117650256,0.0010027215,0.00012501981,9.265449e-05,7.181661e-06
ZNF578,7.367134e-05,-8.88668e-06,0.00026155263,-0.00016645063,0.0006911531,2.6645139e-06,-0.00010289159,-5.7580182e-06
FAM217B,-0.00028469414,-0.00070464984,-0.0005744621,0.00017450843,-0.00068662316,-0.00011784118,0.00030348357,3.8803555e-05
DBR1,6.633438e-05,0.0002249293,0.00017168,5.9274025e-05,0.00011846423,1.8212944e-05,-0.0001673,-3.549154e-06
LRTM2,-8.867495e-05,-0.00024748407,-0.00012635812,0.000118290074,-0.0005655065,-0.00016984064,-1.2200326e-06,1.6640639e-05
SARAF,-0.0002938714,-0.0008135941,-0.0006647147,0.00020186137,-0.0015046075,-0.00010320544,0.00037123822,4.2930595e-05
C1QL3,0.00011340715,-0.00010657124,5.9908256e-05,-3.4171157e-05,0.0005843863,1.5376136e-06,-4.3519773e-05,4.5095803e-06
POPDC2,0.00020213425,3.36878e-05,0.00021536276,-0.00015905593,0.0017453283,0.00014047511,-7.557683e-05,-5.9102895e-06
GPR152,-0.00021708943,-0.00048895366,-0.00036055222,0.00012257323,-0.0011222437,-8.885935e-05,0.00019481964,2.6362599e-05
OSER1,-0.0001626797,3.0705705e-05,4.9244612e-05,0.00015613344,-0.0004253313,-0.00015301257,-0.00013044756,6.698654e-06
PYHIN1,-4.827976e-06,-0.00018648244,-3.9689243e-05,4.691072e-06,-9.191781e-05,-8.975156e-06,2.4595298e-05,8.81427e-06
FSCB,-0.00021708943,-0.00048895366,-0.00036055222,0.00012257323,-0.0011222437,-8.885935e-05,0.00019481964,2.6362599e-05
CCR7,9.771436e-06,-8.960813e-05,4.852563e-05,8.146279e-06,-0.0008290112,3.237836e-05,-1.8675812e-05,3.3412362e-06
TOR1AIP2,-1.09784305e-05,-0.00020467862,-3.5854056e-05,-1.8997118e-05,-0.0005392432,7.8165904e-05,6.324053e-05,7.1399845e-06
ZNF362,5.727634e-06,-0.0005105585,-0.00029233843,-4.4579618e-05,-0.00014480948,0.000102685764,0.0002467679,2.0631356e-05
FOXD3,-0.00016251393,-0.00048028864,-0.00038275495,0.00012158323,-0.0011102557,-1.10911205e-05,0.00021888223,2.5944668e-05
ENTR1,-3.280118e-05,-0.0001089517,-0.00013403222,0.00012783706,-0.00048760325,3.3136457e-06,7.730909e-06,1.4560646e-05
HELZ2,0.00037517957,0.00031676143,0.00041557848,-0.00019587949,0.00086741894,0.00025975797,-0.0001726402,-1.9997824e-05
CCDC115,-2.7524307e-05,-2.464652e-05,-1.3466924e-06,6.674975e-05,-0.00054483116,-2.2781081e-05,-3.55877e-05,6.5832864e-06
GDPD4,-0.00020276755,-0.0004860945,-0.00035634823,0.00011493638,-0.0010386929,-7.830653e-05,0.00019512977,2.604234e-05
HNRNPU,-0.0007071104,-0.0014563277,-0.0013838634,0.00044756662,-0.0040348917,-0.00022824947,0.0007624198,8.168456e-05
NXPE4,-0.00021708943,-0.00048895366,-0.00036055222,0.00012257323,-0.0011222437,-8.885935e-05,0.00019481964,2.6362599e-05
VCL,9.403005e-05,-6.417371e-05,6.696768e-05,1.272466e-05,-4.4994056e-05,-5.462207e-06,-7.469859e-05,4.747766e-06
PLIN2,-8.2658604e-05,-0.00026181154,-0.00026239268,0.00015862286,-0.0008495897,-5.610287e-06,9.9227764e-05,1.9593397e-05
ZNF697,6.2245876e-05,0.00010868162,0.00027284957,3.8909726e-05,5.0611794e-05,-0.0001577558,-0.00023635756,-3.922847e-06
AXIN2,3.0148774e-05,-0.00041703694,-0.00028786063,1.4079735e-05,0.0002712831,0.00010713097,0.00020147953,1.9312138e-05
PNPLA7,0.00010346249,-0.0003042426,-3.9534643e-05,-0.00015965104,0.0004440397,0.00018605497,0.00013681222,6.7553483e-06
ST3GAL6,-1.3571233e-05,-0.00012733974,6.972626e-05,-2.0537525e-05,0.0011285096,-9.129569e-05,-6.614067e-05,5.19061e-06
PLIN4,-0.00018678606,-0.00037288107,-0.0002633799,0.00015092269,-0.001331605,-0.00012365868,0.00010585319,2.2031367e-05
SCAMP2,1.2066215e-05,7.9482794e-05,0.000100905076,0.00010188203,0.000118777156,-0.00012234226,-0.00015068147,2.4489127e-06
ZNF517,-4.7670677e-05,-0.000118009746,8.353405e-05,-1.5905127e-05,-6.124377e-05,-0.00014211796,-7.204898e-05,5.3597614e-06
LRRC74A,-0.00021708943,-0.00048895366,-0.00036055222,0.00012257323,-0.0011222437,-8.885935e-05,0.00019481964,2.6362599e-05
TANC2,-0.00033541396,-0.0010091905,-0.00080315024,0.0001440309,-0.0012724102,-0.000104566105,0.0004914021,5.1069423e-05
RETREG2,0.00013474561,3.106892e-06,4.3177977e-05,-5.983282e-05,-0.00027062,0.00020156987,2.2256747e-05,9.43779e-07
TP53I13,-9.695068e-06,-0.00047778524,-0.00030218624,-3.2988377e-05,-0.002310887,0.00017343741,0.0002904404,1.850794e-05
HIBADH,0.00036892667,0.00013057515,0.0002680514,-0.00028444454,0.00014912337,0.0005180333,3.152527e-05,-1.5945057e-05
CD63,-0.00025205873,-0.00058168545,-0.00041676126,0.00010973122,0.00047056377,-0.00012173504,0.0002235435,3.00986e-05
AMD1,-8.7341294e-05,-0.00020979159,-0.00014665909,6.803777e-05,-0.0014948249,2.2407621e-06,8.050166e-05,1.4920486e-05
GABRB1,0.00039166398,0.00021352619,0.00027844496,-0.00022656936,-0.00022393465,0.000495418,-6.995164e-06,-1.678674e-05
TNFRSF19,2.700463e-05,-0.00047180802,-0.00040709786,-7.278286e-06,-0.00092563033,0.00020857155,0.00031105243,2.349168e-05
CCIN,-0.00020020083,-0.00047482736,-0.0003417395,0.00011267234,-0.00096369535,-8.1167556e-05,0.00018566381,2.534897e-05
DBX2,-0.0006482415,-0.0010138936,-0.0010127164,0.00038292818,-0.003256932,-0.00028760592,0.00050635356,6.2259496e-05
CACNG3,0.00011422485,3.8880855e-05,0.00014826283,-7.148832e-05,0.0008540824,-3.7290156e-06,-9.977911e-05,-1.0593794e-07
STMN4,-0.00044699013,-0.00076149777,-0.00066913106,0.0003260104,-0.0014579296,-0.0002998924,0.00027029868,4.8488146e-05
TDO2,-0.00014079176,-0.00042841397,-0.00028241612,7.2364695e-05,-0.00091807544,-2.038572e-05,0.00017505791,2.1241605e-05
STN1,0.00046280771,0.00058181584,0.0007495191,-0.00015747081,0.002351664,3.953278e-05,-0.00047282223,-3.322889e-05
FCRL6,-0.00015660003,-0.00034939125,-0.00022909045,9.648688e-05,-0.00078360736,-7.3419884e-05,0.000112586655,1.9408879e-05
NME9,-0.00022070482,-0.00029585883,-0.00014921278,9.361468e-05,0.00016180426,-0.00023235613,2.535712e-05,1.6966485e-05
PSMB5,-0.00019371323,-0.0003632158,-0.00025353767,0.00012590364,-0.00029028952,-0.00012836605,0.00010220334,2.2054068e-05
NOXO1,-0.00018179603,-0.00030368194,-0.00022064894,0.00013696682,-6.3702464e-06,-0.00015072105,5.9507787e-05,2.0145555e-05
TMEM102,-0.00015413202,-0.00038714148,-0.00023349933,6.320607e-05,-0.00089164823,-4.168693e-05,0.00014366582,1.915812e-05
FGF14,0.00041122176,0.0003865566,0.00043880567,-0.00012563448,0.0015620589,0.00021654367,-0.00026306044,-1.7959042e-05
CRAMP1,0.00014364906,-8.632243e-05,5.3500757e-05,-1.1540949e-05,-0.00016378611,2.9224902e-06,-3.820937e-05,3.4769764e-06
ICE1,-0.00024907105,-0.0006381925,-0.00060133636,0.00018601026,-0.0018577725,2.2214837e-05,0.0003536651,3.6078738e-05
PRSS38,-0.00021776743,-0.0004885476,-0.00035718642,0.00012246054,-0.0010557622,-9.596627e-05,0.0001906585,2.6322436e-05
BTNL8,9.119511e-05,-2.718158e-05,6.6161156e-05,-2.112519e-05,-7.811189e-05,9.144377e-05,-2.2969209e-05,9.285286e-07
RPL11,-9.525567e-05,-0.00041451864,-0.0002549421,6.54906e-05,0.0005377829,-1.3644807e-05,0.00014143344,2.0652311e-05
STPG2,-0.00026447885,-0.0005095117,-0.00038751774,0.00014909822,-0.0013310984,-0.00012967084,0.00019696634,2.8411858e-05
SYCE1,-0.0002987273,-0.00052546524,-0.00040061586,0.00017278735,-0.0009387508,-0.00020237034,0.00017475244,3.0685915e-05
RNF220,0.0002999194,0.000444483,0.00049846806,-0.00010028388,0.0012838766,0.000108298846,-0.0003190292,-1.9693398e-05
GALR2,-0.00020542182,-0.00046392158,-0.00032018498,9.268243e-05,-0.0011900887,-6.615929e-05,0.0001878282,2.4015317e-05
OSBPL7,7.998757e-05,-0.00012864731,-9.0517104e-05,2.788473e-05,0.0007402152,7.622503e-05,3.6339276e-05,9.227078e-06
FAM200A,-0.00013768859,-0.0006618146,-0.0005402602,0.00017033517,-0.0021346956,-7.717591e-05,0.0003071772,3.3267308e-05
TRIM38,0.00027858652,0.0001072865,0.00029757246,-0.00013684947,0.0012445971,0.00012424402,-0.00013357121,-1.05293e-05
TLDC1,-0.00021708943,-0.00048895366,-0.00036055222,0.00012257323,-0.0011222437,-8.885935e-05,0.00019481964,2.6362599e-05
RPGRIP1L,0.0004898682,0.00027539767,0.00056578964,-0.000331996,0.0013221949,0.0003133947,-0.00020076241,-2.5782036e-05
HSPA13,-0.00033556856,-0.00047448277,-0.00049023144,0.00030385144,-0.0023049712,-0.00020227907,0.0001730118,3.5492587e-05
SEC11A,-1.978688e-05,-2.5119632e-05,0.00015106797,-5.930662e-05,0.0012895018,-7.0942566e-05,-9.586383e-05,2.7904753e-07
ST6GALNAC2,-0.00020230189,-0.0003901478,-0.00028932653,0.00012642145,-0.0010261312,-9.266287e-05,0.00014056452,2.2410066e-05
PRDM16,-0.00026616827,-0.00054848753,-0.00041406043,0.0001275083,-3.6731362e-06,-0.00013962341,0.00019997172,3.0731433e-05
PAFAH1B2,-0.0004520472,-0.0009849165,-0.000802489,0.00024306867,-0.0015359968,-0.00015332084,0.00045484025,5.0877454e-05
ING2,-0.00013456121,-0.00024555624,-2.4070963e-05,-2.4225563e-05,-0.0010031089,-5.6690536e-05,4.3825246e-05,1.0193209e-05
SLC24A1,0.00037878565,0.00034970976,0.0004309155,-0.00018478744,0.002743587,0.0002638707,-0.00021231081,-2.022332e-05
PIP4K2B,-0.00043312274,-0.0010564867,-0.00082394853,0.00020418223,-0.001709193,-0.00015918864,0.00049129874,5.1798415e-05
BTBD16,-0.00019061007,-0.00046669133,-0.00032661483,0.00010633934,-0.00083177537,-8.4138475e-05,0.0001764344,2.464559e-05
NAA40,0.00015180744,-0.00020455755,7.6914206e-05,-0.00020308234,-0.00051650405,0.00020988658,9.124447e-05,1.3625249e-06
GSDMC,5.1852316e-05,-0.00019068085,-1.2179837e-05,-4.4487417e-05,0.00020219386,8.561462e-05,4.9451366e-05,5.6989957e-06
SMAP2,1.5841797e-05,-0.00028565712,-0.00011549145,1.7881393e-05,0.00066863,-5.2850693e-05,4.7380105e-05,1.44216465e-05
PEX11B,-0.0001007691,-0.00022672303,-0.00015039928,0.000119643286,-0.0022854432,-0.00016809441,3.9479695e-05,1.6384292e-05
LRRIQ1,6.01355e-05,0.00026989542,0.00042432733,-6.158184e-05,0.0024172887,-0.00015618093,-0.0003132457,-1.3538287e-05
FOS,-0.00036548823,-0.00074060634,-0.0006072838,0.00021408685,-0.0022331178,-0.00010348298,0.00033628102,4.048948e-05
E2F6,-9.5181167e-07,-0.00016965717,-0.00012293085,0.00010494981,-0.00078350306,-1.4053658e-06,4.175026e-05,1.0719406e-05
NFIL3,-0.00042917952,-0.0008943286,-0.0006949268,0.00019389577,0.00012908876,-0.0002581617,0.00036054105,4.6784175e-05
CYBRD1,-0.00010893494,-0.00014491379,-6.543845e-05,0.00012651924,-0.0014530048,-0.0001323563,-3.2234006e-05,1.31106935e-05
PPP1R7,1.8389896e-05,7.6364726e-05,0.00023253635,-1.08229e-05,0.00041906536,-7.998757e-05,-0.00016825367,-3.2105017e-06
SLC35A3,0.00014284253,-0.0002763439,3.5651028e-05,-0.00018426031,-0.00035805255,0.000114206225,9.2489645e-05,4.0975865e-06
SRPK2,-0.00040083565,-0.00057864934,-0.00042109936,0.00024835486,-0.0013750196,-0.00033784704,0.00014353171,3.5117846e-05
PRPF4B,-0.00036972016,-0.0009184759,-0.00073305704,0.00019844528,-0.0011291131,-0.00010246318,0.0004286468,4.623516e-05
POC5,0.00030010752,0.0006959196,0.0006662458,-0.00015538279,0.0017406121,0.00021167472,-0.00039793458,-3.088417e-05
RNF212B,-0.00015710667,-0.00028703734,-0.00019959733,0.0001541609,-0.0004274994,-0.00019099703,2.9308721e-05,2.0391191e-05
ELOVL2,-0.00018498115,-0.00020706467,-0.00013349764,0.0001321258,7.4863434e-05,-0.00023000129,-2.549868e-05,1.7124927e-05
CDK18,-0.00015792996,-0.00041791424,-0.00015486777,5.822908e-05,4.646927e-05,-0.00024478044,4.5606866e-05,1.9300147e-05
INSIG1,-0.0005322583,-0.0011910684,-0.0010319017,0.00026575755,-0.003592819,-6.8835914e-05,0.0006457642,6.0002203e-05
MKS1,-6.41495e-06,0.00038377382,0.0005601514,-3.7298538e-05,0.001990728,-0.00028749462,-0.0004459219,-1.6752048e-05
FAM200B,2.0658597e-05,-5.980581e-05,7.37533e-05,-2.0327047e-05,0.000564985,1.1641532e-05,-4.1429885e-05,3.1609088e-06
GPR26,0.00028040074,0.000702437,0.00083481334,-0.00013517402,0.00048779696,4.5191497e-05,-0.00050763134,-3.6737416e-05
HIC2,-0.000112157315,-0.00045718066,-0.0003094934,-2.3312867e-05,0.00033117086,0.00014494639,0.00027112197,1.8002e-05
RAB40B,-6.362237e-05,-0.00035588816,-0.00016993284,5.4668635e-06,0.00038637966,-0.00011569634,8.9892186e-05,1.6913982e-05
ADAR,-0.00013806298,-0.00046376325,-0.00027773902,4.1682273e-05,-8.4884465e-05,8.311123e-06,0.00018767081,2.1428219e-05
LRRC17,-0.00053553097,-0.0005817618,-0.0005154144,0.00033840165,-0.0010927916,-0.00042389752,0.00013524666,3.9665843e-05
BTN1A1,-0.00021708943,-0.00048895366,-0.00036055222,0.00012257323,-0.0011222437,-8.885935e-05,0.00019481964,2.6362599e-05
PRRT1,0.00018417649,9.819865e-06,9.868108e-05,-8.487236e-05,0.00010999292,0.0002339501,6.5434724e-06,-3.4436816e-06
NAXE,-0.00019735843,-0.0006630607,-0.0004745759,4.860852e-05,-0.0011454299,-3.407616e-05,0.00031945948,3.1735748e-05
FANCL,-0.00019205734,-0.00028495863,-0.00022390671,0.00018421095,-0.0021966025,-0.00019522617,4.4620596e-05,2.24791e-05
BTBD19,-0.00012956187,-0.00048111565,-0.00030972995,6.206613e-05,-0.0008352697,-3.834907e-05,0.00019746833,2.2530556e-05
ELAVL2,-0.0006588213,-0.0016465541,-0.0015067663,0.0004199054,-0.004384026,-0.00014024554,0.0008879369,8.7067136e-05
RHOV,0.00014301017,-4.1114166e-05,0.00015042908,-7.013697e-05,0.0012046918,1.3658777e-05,-8.240808e-05,-5.5890996e-07
SERPINE3,-0.00021068938,-0.00048221461,-0.00035033748,0.00011854246,-0.0010478869,-8.9623965e-05,0.00018879212,2.5859219e-05
PSG9,0.000341326,8.69818e-05,0.00033070147,-0.00021810364,0.0004991144,0.00039294641,-4.0740706e-05,-1.72226e-05
UNC93B1,-0.0003768131,-0.00063258223,-0.00060628727,0.0003444869,-0.002691649,-0.00033541676,0.00023000594,4.174793e-05
MIDN,-0.00076478533,-0.0017470494,-0.0015657265,0.0004062401,-0.0039427727,-0.00019217469,0.00092001073,9.191001e-05
HCRTR1,-0.0002136156,-0.0004873406,-0.00035784394,0.000118255615,-0.0009201169,-9.6335076e-05,0.00019089691,2.6269467e-05
ASB4,-4.4107437e-06,-0.00015170313,0.00023397431,-0.00023869146,2.4311244e-05,9.050034e-05,2.0640902e-05,-7.490744e-06
CDH12,0.00039818324,0.00039051846,0.00061591156,-0.0003231587,0.00083402544,0.000355253,-0.00019914936,-3.1799776e-05
HOXD1,-0.00018383935,-0.00046144612,-0.00032185018,0.00010859035,-0.00081574917,-8.6230226e-05,0.00017069094,2.4470268e-05
SIGLEC8,-0.00040130503,-0.00089498423,-0.000803126,0.00022425316,-0.0022225678,-7.293746e-05,0.00047755148,4.849676e-05
SLC35A2,0.00017692521,0.00025484525,0.00044305436,-0.000103334896,0.00023727119,-4.4508837e-05,-0.00027446542,-1.4335848e-05
ZNF548,0.00011499412,0.00012105331,0.00035309605,-0.00011834502,0.0016539022,-2.9219314e-05,-0.0002100179,-9.94897e-06
DOCK8,-0.00024983846,-0.0008025784,-0.0005890038,7.692259e-05,-0.00047188252,1.0430813e-07,0.000401753,3.6988407e-05
TBPL2,-0.00021708943,-0.00048895366,-0.00036055222,0.00012257323,-0.0011222437,-8.885935e-05,0.00019481964,2.6362599e-05
CORO1C,-0.0005955994,-0.00071389414,-0.0006502196,0.00040313322,-0.001961954,-0.00043949252,0.00021668058,4.7641573e-05
DNAJC8,-0.00010936707,-0.00026335195,-6.8379566e-05,3.0790456e-05,0.0008393079,-0.00011297129,1.1433847e-05,1.3097189e-05
CLPTM1,6.601587e-05,4.3086708e-05,0.00016523711,-9.6784905e-05,-0.0004100278,0.00010875426,-4.4206157e-05,-4.6147034e-06
ANP32D,-0.00021708943,-0.00048895366,-0.00036055222,0.00012257323,-0.0011222437,-8.885935e-05,0.00019481964,2.6362599e-05
ANKEF1,0.0001002606,-2.3100525e-05,8.559227e-05,-2.989266e-05,8.0026686e-05,0.000115002505,-3.4240074e-05,7.560011e-07
SCNM1,0.00041682087,0.0006329231,0.00072233006,-0.00017395988,0.0028004795,0.00013613887,-0.00043183286,-3.42289e-05
NUDT6,0.00021388009,2.1900982e-05,9.357184e-05,-6.693974e-05,0.0010177866,0.00015920773,-3.8090162e-05,-4.78467e-07
OSBPL3,-0.0001492817,3.6627054e-05,7.4166805e-05,4.260335e-05,-0.0022405237,-5.420856e-05,-4.2677857e-05,1.9001309e-06
GNG11,-0.00030068122,-0.0008821748,-0.0008158386,0.0002510706,-0.0027543083,-6.886292e-05,0.00046371203,4.872633e-05
PLEKHO1,-7.720105e-05,-0.00040545315,-0.00020997785,-3.0591153e-05,-0.00030875206,3.4733675e-05,0.00017261319,1.84034e-05
ETV2,-0.00015390664,5.899556e-05,8.249655e-06,0.00013478938,-0.002435632,-0.00010757381,-6.805733e-05,6.60168e-06
EPCAM,0.00022540428,0.00024880655,0.00026608817,-0.0001587281,-0.00011962652,0.00025383476,-6.233901e-05,-1.5701866e-05
CTAGE1,8.0252066e-05,-8.228421e-05,7.7046454e-05,-3.7291087e-05,5.6669116e-05,5.9154816e-05,-2.3327768e-05,1.6436679e-06
THBS4,-7.4012205e-05,7.671863e-05,8.027442e-05,0.00013242383,3.6261976e-05,-0.00016523944,-0.0001658937,5.17664e-06
YBX1,-0.00023617968,-0.0006141905,-0.00047752447,0.00015601609,-0.00074916333,-6.577186e-05,0.00026179757,3.2666838e-05
HRAS,-1.8997118e-05,-0.00038227998,-0.00017974153,-4.1225925e-05,0.0005412176,2.2585504e-05,0.00015435088,1.4805119e-05
ZNF26,0.00026753172,0.00035139732,0.0005592201,-0.00018081535,0.00060544163,8.336827e-05,-0.00027645845,-2.4542212e-05
TBL3,-0.00015612505,-0.0003271699,-0.0003539864,0.00017297827,-0.00089658797,-8.1327744e-05,0.00013859477,2.578739e-05
ITPRIPL1,-0.00024854578,-0.00042727217,-0.0003368128,0.0001639612,-0.0017727837,-0.00010221079,0.00016106386,2.5421497e-05
ZNF813,0.00015429407,2.8345734e-05,0.00028597377,-0.00010680407,0.001281932,7.4906275e-06,-0.00014843512,-7.922761e-06
YIF1B,-9.131059e-05,-0.00016003475,-0.00018933415,0.00018366985,-6.977469e-05,-0.00016150298,-4.71808e-06,1.8419116e-05
GNAI1,1.6262755e-05,0.000111762434,0.00016542338,3.1902455e-05,-0.00019208342,-9.1940165e-06,-0.00013168063,-2.0867446e-06
VSTM2L,-0.0001943335,-0.00061755255,-0.00044626556,9.664148e-05,3.606081e-05,-6.440282e-05,0.00026250444,3.085984e-05
OASL,-0.00012990087,-0.0003698971,-0.00023876876,8.023437e-05,-0.00053136796,-5.8598816e-05,0.00012633577,1.9521802e-05
KREMEN1,-6.533414e-05,-0.00013554096,-5.578436e-05,1.5007332e-05,0.001206696,-5.655177e-05,1.1249445e-05,7.5214775e-06
ZNF286A,-2.425909e-05,6.2096864e-05,0.00016732514,2.5658868e-05,0.0004975349,-2.769567e-05,-0.00013095234,-2.0590378e-06
ADCY7,-3.8135797e-05,1.8388033e-05,4.3105334e-05,0.0001474414,0.00024221838,-0.0001977305,-0.00014583301,6.3315965e-06
ZNF211,-1.8425286e-05,-2.990663e-05,0.0001048632,1.3792887e-06,-0.001750499,-5.1054172e-05,-6.8414025e-05,3.1135278e-06
ZNF488,-0.00011429377,-5.8542937e-06,-1.0391697e-05,0.00014005788,0.0015315562,-0.0002740249,-0.00016941968,1.4224555e-05
DCP1A,-9.745918e-05,7.2836876e-05,0.00022465922,6.8794005e-05,0.0022807047,-0.00029287394,-0.00026238244,4.2491592e-07
SHISA9,-0.00032104366,-0.000364583,-0.00019178912,0.00016561057,0.00025063008,-0.00029390352,1.4021061e-05,2.2222986e-05
MEX3B,-0.00070038065,-0.001451524,-0.0012142304,0.00031999126,-0.002817735,-0.00022348901,0.00071272254,7.381756e-05
CHAMP1,0.00023795292,-0.00012734719,0.00014966168,-0.00019020308,0.001855731,0.00019213371,-3.7439167e-07,-2.4873298e-06
C3orf58,-0.00021708943,-0.00048895366,-0.00036055222,0.00012257323,-0.0011222437,-8.885935e-05,0.00019481964,2.6362599e-05
PPP6C,-8.076057e-05,-0.0002237577,-3.9506704e-06,-7.201079e-05,-0.00096154213,9.297393e-06,6.86096e-05,7.017865e-06
WDR26,0.00011484884,-0.000109974295,1.501292e-06,-5.7499856e-05,0.00013431907,0.0001793839,4.9962662e-05,3.9862934e-06
PRDM5,3.6254525e-05,0.0003385879,0.00029959902,7.3138624e-05,-0.0003132522,-9.328127e-06,-0.0002474999,-1.0566553e-05
RFTN1,-0.0007012412,-0.0003873892,-0.00038744882,0.00052176695,-0.0027354509,-0.0007635937,-6.930716e-05,3.8595288e-05
PACRG,-2.4786219e-05,-3.087148e-05,0.00012153201,5.40819e-06,-0.00090078264,-0.00020276336,-9.908993e-05,7.9348683e-07
DERA,-0.0003744252,-0.00042878464,-0.0005295221,0.00034593698,-0.00463745,-0.00016435981,0.00022772141,3.3402233e-05
MAZ,-4.622899e-05,-0.00024434924,-0.00018167496,7.21449e-05,-0.0013785437,1.3059005e-05,0.00010502804,1.5059253e-05
KIAA0825,-9.125844e-05,-0.00039567985,-0.0002622567,0.00012642331,0.0020917878,-0.0001654136,6.435253e-05,2.2847089e-05
PCOLCE,0.0004634671,0.0008373074,0.00095222704,-0.00028286595,0.0022290573,0.00019595772,-0.0005279621,-4.522025e-05
LMAN1L,-0.0002508834,-0.00050495006,-0.00039168075,0.00015240349,-0.0010198578,-0.00013353303,0.00018931367,2.898532e-05
KLHDC2,-0.00019303523,-0.00024983287,-0.00017268956,0.00012751855,-0.0006263554,-0.000118689146,5.2133575e-05,1.6317703e-05
CRHBP,0.00031541102,0.00031619892,0.0003439635,-4.2934902e-05,0.00054769963,0.000118361786,-0.00023689028,-1.2496486e-05
HAPLN3,-0.0006181337,-0.0011529941,-0.0011233725,0.00040430203,-0.0047923997,-0.0002398924,0.0005965959,6.694172e-05
UQCRC2,-0.00028051063,-0.0005949978,-0.00052892417,0.00024661142,-0.0019357651,-0.00017021922,0.00023389887,3.7686317e-05
MRE11,0.00061069056,0.00082906336,0.0009804964,-0.0004246775,0.0042858943,0.00035595614,-0.0004853336,-4.876405e-05
RASSF2,-0.00024824776,-0.0005474258,-0.00027109683,7.320009e-05,0.0007908344,-0.00024257926,0.00011501275,2.6288093e-05
NHLRC4,-0.00016568229,-0.0003113281,-0.00022745132,0.00014067069,-0.00060207397,-0.00013848301,7.2497874e-05,2.0166277e-05
CUEDC1,-3.9456412e-05,-0.0002335608,-0.00018592365,0.000100784004,0.00019802898,9.988435e-06,8.023158e-05,1.4324905e-05
ANKRD53,-0.0001234319,-3.2633543e-05,-1.7046928e-05,0.00020751636,0.0003841892,-0.0003276472,-0.00016778987,1.3047946e-05
TRIM73,-0.00021708943,-0.00048895366,-0.00036055222,0.00012257323,-0.0011222437,-8.885935e-05,0.00019481964,2.6362599e-05
TAPBP,-0.00028995425,-0.00046710856,-0.00024219416,0.00011852849,0.00026085228,-0.00030871667,7.33817e-05,2.4155714e-05
TMEM151A,0.00021420233,9.516068e-05,0.00037765317,-0.00014829822,0.0017322749,-2.385117e-06,-0.00021050591,-1.0564108e-05
HIST1H2BH,-0.00021708943,-0.00048895366,-0.00036055222,0.00012257323,-0.0011222437,-8.885935e-05,0.00019481964,2.6362599e-05
ZNF354C,8.225255e-05,-5.367957e-05,-9.108335e-06,4.4022687e-05,-0.00015750527,0.00012532622,8.536503e-06,3.0531082e-06
ANTXR2,0.000271691,0.00029292703,0.0003654845,-0.0001260601,0.0009438619,8.5933134e-05,-0.00022459682,-1.1553755e-05
PHF23,0.00018673576,2.6095659e-05,0.00020275265,-0.00019817706,-0.0013326481,0.00028726645,3.1255186e-05,-9.555486e-06
DENND2C,7.92481e-05,-0.00021808781,-2.3625791e-05,-0.00011283066,0.00016955286,0.0001995489,0.000112255104,4.3908367e-06
ZIC2,-0.00036165677,-0.00057006814,-0.00064383075,0.00031792186,-0.0024662614,-9.124167e-05,0.000304183,3.9338018e-05
CCDC43,3.3641234e-05,8.247979e-05,0.00017471984,1.8036924e-05,3.388524e-05,-7.541012e-05,-0.0001529539,-3.0722003e-07
MSTN,0.00015449151,-8.7222084e-05,-1.4398247e-05,-6.774161e-05,-0.00020753592,0.00019998197,6.2689185e-05,3.8250582e-06
GIMAP8,0.00011464767,-3.9432198e-05,7.403456e-05,-4.725065e-05,0.00043628365,0.00012154039,-1.2935139e-05,4.703179e-08
SLC25A30,0.0001355093,0.000121099874,0.00037824363,-0.00015609711,0.0016915649,-4.324969e-05,-0.00020800065,-1.2224074e-05
CCDC125,9.2573464e-07,0.00012508593,0.00018611923,4.718639e-05,0.000619255,-5.9638172e-05,-0.00017361622,-3.1498494e-06
L1TD1,0.00026227534,-0.00015448593,7.547438e-05,-0.0001687035,0.0019955859,0.00022134464,3.3837743e-05,9.725336e-07
HRASLS2,-0.00021708943,-0.00048895366,-0.00036055222,0.00012257323,-0.0011222437,-8.885935e-05,0.00019481964,2.6362599e-05
CACTIN,0.00011003204,9.941682e-05,0.00034046918,-7.2829425e-05,0.0016067252,-0.00023836084,-0.00026526023,-6.3405605e-06
IL11RA,0.0004961081,0.00046383962,0.0005955566,-0.00024431664,0.0016046986,0.00029617175,-0.00028753933,-2.758752e-05
HAUS3,-7.053465e-05,1.3737008e-05,0.000103995204,5.1055104e-05,0.00081059337,-0.00010869466,-0.00013087224,3.8403086e-06
ODF3B,-0.0001731962,-0.00061498955,-0.00047065318,7.5547956e-05,-0.0019167736,5.9577636e-05,0.0003376808,2.8728973e-05
ZNF689,6.560236e-06,9.5961615e-05,0.00012122467,6.9794245e-05,-0.00014713407,-6.684102e-05,-0.00015174504,3.1704549e-06
TCF15,0.0002632402,0.00018533692,0.00023568422,-6.7040324e-05,-0.0012213215,0.00020267721,-9.604264e-05,-9.878073e-06
KIAA0754,0.0003607422,0.0002015587,0.00043958984,-0.00023860484,0.0014349222,0.00021300744,-0.00017666724,-1.8447288e-05
RUNDC3B,-0.00039376132,-0.0009495225,-0.0006839521,0.00012743752,-0.0005233139,-0.0001209816,0.00041883625,4.579418e-05
SLC30A2,-0.00021162629,-0.0004865732,-0.00035703555,0.000119164586,-0.001081422,-8.5116364e-05,0.00019404199,2.6134308e-05
PRKD1,0.00018307008,-9.404309e-05,8.030981e-05,-0.00013659429,0.0007087961,0.0001898203,3.285613e-05,-2.15834e-07
PHF12,-0.00012285076,-0.0004493557,-0.0002951529,3.903918e-05,-0.000712581,-1.273863e-05,0.00020230934,2.1661399e-05
RASSF7,-5.029142e-06,-0.00020624511,-8.403696e-05,-1.834333e-05,-0.0023454353,0.0001295181,0.00012538489,7.4056443e-06
ACE,0.00013012439,-1.3779849e-05,7.964112e-05,-1.2066215e-05,0.0013315156,7.800013e-05,-5.6745484e-05,-1.9813888e-07
BLCAP,-0.0008594245,-0.0014224797,-0.0014351793,0.00061817,-0.004610412,-0.00041038776,0.0006836159,8.81477e-05
TWF2,-7.278286e-05,-0.00012940541,-2.927892e-05,1.5651807e-05,0.00016073138,-3.577303e-05,-4.290603e-06,9.863172e-06
DDX60,0.00025092624,-0.00023632869,-5.6274235e-05,-0.00022884831,-0.00089482963,0.0004909793,0.00024181139,1.9079307e-06
PHF24,0.00021869875,6.183982e-07,8.301623e-05,-6.92578e-05,0.00098297,0.000219604,-1.2947246e-05,-1.1352822e-06
CNPPD1,7.873587e-05,-2.3845583e-05,0.00030856393,-0.00020272471,0.0008711666,-9.391457e-06,-0.00010554027,-8.035917e-06
MOS,-0.00022013485,-0.00047739968,-0.00035026856,0.00012509339,-0.0010440946,-9.908993e-05,0.00018285122,2.6117777e-05
TRIM17,-9.7481534e-05,-0.00030446053,-0.00014588796,3.5162084e-05,-0.00032910705,-3.965944e-05,8.9370646e-05,1.4533754e-05
CHRM4,-0.00021162629,-0.0004865732,-0.00035703555,0.000119164586,-0.001081422,-8.5116364e-05,0.00019404199,2.6134308e-05
RAB6B,-0.00028912723,-0.0003742501,-0.0002287738,0.00017250702,0.001168333,-0.0003363858,2.0968728e-05,2.3112865e-05
RAPH1,-0.00013973936,-0.00059177354,-0.00022393093,-5.231984e-05,0.00010526925,0.00010664109,0.00023032352,1.961796e-05
SYP,0.00010480359,0.00026480667,0.00034878217,-1.409091e-06,0.0013918355,-6.965827e-05,-0.0002732398,-9.991461e-06
PHF7,0.00019886717,-1.2114644e-05,0.0002026651,-0.00017479155,-0.00060917437,0.00022737868,-2.387911e-06,-7.270719e-06
ADRM1,-0.0003038589,-0.00036008842,-0.0003139805,0.00016378798,-0.0022043213,-0.00014241505,0.00014413055,2.4414505e-05
FLCN,-0.000103432685,3.6580488e-05,0.00015168078,9.9312514e-05,-0.000521414,-0.00027389452,-0.00019560847,3.1689415e-06
ZNF559,0.00010867603,0.0005805548,0.0005087517,4.1686e-06,0.00079868734,4.9071386e-06,-0.000381249,-2.028339e-05
ZNF710,0.00025742874,-0.00022700243,0.0001538787,-0.00032652263,0.0030386522,0.00024156924,6.8645924e-05,-3.2832613e-06
CCDC113,0.00047467276,0.00060800463,0.0008025747,-0.00030912645,0.003175363,0.00020958856,-0.00040745642,-3.8653146e-05
CCDC87,-0.00026362203,-0.00053694844,-0.00040077046,0.00013264455,-0.0013118312,-0.00011391146,0.0002177842,2.891838e-05
CYP27C1,0.0002689492,0.0003065709,0.00034137256,-0.00019799639,0.0012468845,0.00031453557,-0.00010213908,-1.885998e-05
METTL17,0.00029172376,0.00016138889,0.00040059537,-0.0002133185,0.00088053197,8.829776e-05,-0.00019001495,-1.2410106e-05
ZNF490,-0.0001512263,-0.00027562305,-0.00013349578,8.7800436e-05,0.00033400953,-0.0002177842,6.920658e-06,1.7500482e-05
GPRIN1,0.0004068166,0.00022645108,0.00035187416,-0.00026800856,0.0025892332,0.00036598463,-9.5694326e-05,-1.713843e-05
LRRC37A3,0.0003362149,0.00014747865,0.0003770087,-0.00020744279,0.0017739162,0.00016168319,-0.00016733352,-1.36586605e-05
ZFYVE9,0.00034250505,0.00045979582,0.0006730519,-0.0001993496,0.0031076968,6.6900626e-05,-0.0003940547,-2.8341776e-05
RTN4RL2,0.00020273402,0.00015972368,0.0002779439,-3.9534643e-05,0.0015466362,-4.170183e-05,-0.00021481048,-6.511691e-06
USP29,5.009398e-05,-0.00010311231,3.2654032e-05,-1.9115396e-05,0.0005431473,3.732834e-05,-1.5355647e-05,4.2646425e-06
TUBA3C,-9.14745e-05,-0.00029572472,-0.00014168024,2.2867694e-05,-0.00027608871,-1.6445294e-05,9.419024e-05,1.4257035e-05
P2RX5,-0.00020342134,-0.00046620145,-0.0003606826,0.00010738894,-0.00055654347,-5.9760176e-05,0.00019588135,2.583675e-05
AMBP,-0.00013654493,-0.00038118847,-0.00023887865,7.645693e-05,-0.0007468611,-7.960852e-05,0.00013036747,1.9670348e-05
GRK7,-0.00019496307,-0.00046937354,-0.00033296645,0.00010937918,-0.0008972287,-8.259341e-05,0.00018024817,2.4932553e-05
ZNF699,7.9413876e-05,-3.1434e-05,7.623248e-05,-7.2717667e-06,-0.0005803481,9.101909e-05,-2.8072856e-05,7.696217e-07
ZWILCH,0.00031024404,0.00025998056,0.0003259033,-0.00012704637,0.0007114485,0.00021944381,-0.00015870389,-1.2669014e-05
CDKN2AIP,0.0004731808,0.00065336004,0.0008445233,-0.0003023548,0.0014971942,0.00028869417,-0.0004179245,-3.9685518e-05
FXYD7,-0.000101882964,5.8747828e-05,8.521415e-05,0.00017748028,0.00085096806,-0.00024477532,-0.00020841789,7.745577e-06
STAM,-9.048544e-05,-3.1000003e-05,5.094707e-05,5.4021366e-05,-0.00092194974,-0.000112939626,-6.7288056e-05,5.229842e-06
SATB1,-0.00012419,-0.00038007088,-0.00022648275,4.927069e-05,0.00028837472,-5.717296e-05,0.000116094016,2.0168023e-05
BARX2,-0.00020544603,-0.00049439445,-0.00036653504,0.00011650007,-0.0010332838,-7.70241e-05,0.000201229,2.656132e-05
MCM6,-0.00056588463,-0.00084518455,-0.00081162155,0.00028172135,-0.0020978674,-0.00022464106,0.0004222123,5.097722e-05
ENTPD2,3.1050295e-06,-7.9272315e-05,-3.487058e-05,3.962312e-05,-0.0003405735,-9.812415e-06,-1.1707656e-05,8.4439525e-06
TERF2,0.00015098788,9.584427e-05,0.00023679063,-4.471559e-05,0.000362508,-1.5351921e-05,-0.00016128551,-4.8098154e-06
CYP1A1,-0.00023762137,-0.00050667487,-0.00037975237,0.00012900122,-0.0012659356,-9.788852e-05,0.0002056174,2.7479022e-05
MMP27,-0.00015279837,-0.00047576614,-0.0003385991,8.562673e-05,-0.0007992983,-3.1387433e-05,0.00019974448,2.459716e-05
TUB,6.1035156e-05,-2.6581809e-05,0.00029238686,-0.0001471797,-0.00016660243,6.1167404e-05,-8.7011606e-05,-9.098323e-06
LMNTD1,4.799664e-05,-0.000103151426,5.2899122e-05,-3.3862889e-06,0.000788562,-6.424263e-05,-6.2520616e-05,5.6033023e-06
TSNARE1,-0.0003553927,-0.00048490614,-0.0005461741,0.0003046114,-0.0017821044,-0.00026762858,0.00019173697,3.7327874e-05
LZTS3,-0.0002046898,-0.0005542971,-0.0004445333,0.00019113626,-0.000529021,-0.00010011252,0.00020185113,3.2567536e-05
SDR42E1,-0.00010963343,-0.00036367215,-0.00023580901,6.225519e-05,-0.0004884675,-1.0811724e-05,0.0001418041,1.8499908e-05
PPP5C,-0.00020406581,-0.00035125017,-0.00024713017,5.3952448e-05,-0.0018663108,9.694137e-06,0.00018011779,1.8529943e-05
SETD7,-0.00046874024,-0.000783192,-0.0005947687,0.0002195565,-0.0011306033,-0.00034983037,0.00027986802,4.1722786e-05
MANEA,-0.00012382679,-1.2969598e-05,0.00014286302,9.22475e-06,0.0005368665,-0.0001946888,-0.00013377238,1.2749806e-06
FOSB,-0.000539599,-0.00035708956,-0.00034519844,0.00043599773,-0.0018038228,-0.00052285707,-2.9557385e-05,3.25843e-05
MOCS3,0.00025429204,0.00023885816,0.00041233748,-0.00014564116,0.0014393777,7.6934695e-05,-0.00021783728,-1.6608275e-05
OPN5,-0.00017034262,-0.00046587363,-0.00026028417,7.110555e-05,1.6614795e-05,-0.00011477154,0.00013927091,2.2124965e-05
ZFP14,9.432994e-05,-0.00027186982,2.9463321e-05,-0.00011376478,0.0014731288,1.2094155e-05,3.445428e-05,5.522161e-06
DPYSL2,-0.0005501099,-0.0012233555,-0.0010672864,0.00031164568,-0.0021632686,-0.00014057057,0.0006143097,6.3966145e-05
LRFN4,-6.397627e-05,-0.00031606108,-0.00034271553,0.00017175172,-0.0015492886,-6.7027286e-06,0.00013904646,2.5377143e-05
SLC6A8,0.0002808012,4.618615e-05,0.000284696,-0.00026548002,0.001412943,0.0002523437,-5.1794574e-05,-1.1182623e-05
CSTF2T,0.00012209825,0.00029393658,0.00044140406,-0.00012832787,0.00078917295,3.8227998e-05,-0.00023621973,-1.8379069e-05
IRX5,-4.206039e-05,-0.00039930642,-0.00028137118,0.00012016669,0.0009243265,-0.00012366986,7.256679e-05,2.7002883e-05
TYW5,-3.3816323e-05,-0.0004441198,-0.00040010177,6.176345e-05,-0.0008006394,0.0001786463,0.0002662111,2.4891226e-05
ZNF454,0.00028869696,0.0007834546,0.0007827543,-4.5972876e-05,0.0020094737,-5.9952028e-05,-0.0005778475,-3.2682554e-05
GPBP1,-0.00026149116,-0.00061901845,-0.00051893666,0.00016470812,-0.00109642,-4.9605966e-05,0.00029077753,3.3999677e-05
GRAMD2B,-7.397868e-05,9.6483156e-05,0.00020261109,3.973581e-05,-0.0008858666,-0.00022625504,-0.00019061845,-1.6080448e-06
DNTTIP2,-9.026378e-06,-3.9542094e-05,0.0001697205,-2.9952265e-05,0.00076650083,-8.823536e-05,-0.00011577364,7.2526745e-08
MRPS5,-0.0002196636,-0.00060058944,-0.00030536577,2.2710301e-05,0.0001718849,-0.00017941184,0.00018444844,2.7468428e-05
ERF,-7.305667e-05,-7.310696e-05,7.256493e-05,-6.2845647e-06,0.0010787323,-0.00013684342,-8.7728724e-05,5.052192e-06
ZDHHC14,0.00030013733,-7.2419643e-06,0.00021439418,-0.00024198089,0.0014106706,0.00024275668,-7.272698e-06,-8.260482e-06
FOXH1,-0.00018031709,-0.00044057332,-0.00031349808,0.00012018345,-0.0010421947,-7.831678e-05,0.00016376935,2.3812056e-05
ECSIT,-0.00027677603,-0.00053976476,-0.00038406253,0.0001384439,-0.0017649829,-0.00017245766,0.00019488484,2.9691146e-05
MAPKAPK3,-0.0003267601,-0.0003430415,-0.0004147105,0.0003150059,-0.0016268566,-0.00030947477,8.33869e-05,3.105891e-05
MAST1,0.00018699653,1.25057995e-05,0.00016123615,-9.685941e-05,0.0005849451,0.00016088039,-4.9586408e-05,-3.3478718e-06
DGUOK,-0.00022634678,-0.00036998093,-0.000299789,0.00012819562,-0.00032030046,-8.980185e-05,0.0001426274,2.3068627e-05
PARPBP,0.00016342662,1.3098121e-05,0.00010103546,-0.00015483145,0.0007110238,0.00029605813,4.058983e-05,-4.5489287e-06
COIL,-9.273924e-05,-0.00027157553,-0.00014840998,6.995257e-05,-0.0017351881,-1.9985251e-05,8.849986e-05,1.4383346e-05
ZNF638,-0.00062146224,-0.001269592,-0.0011212751,0.00034891628,-0.0031317398,-0.00021177903,0.0006354805,6.716803e-05
TACC3,0.000115431845,-0.00025090016,-2.6656315e-05,-0.00015095994,0.000993073,0.00012572762,9.480398e-05,7.554423e-06
ENTPD6,7.49398e-05,-0.00012960285,9.9405646e-05,-4.7227368e-05,0.00040511042,-8.0786645e-05,-6.9793314e-05,4.6401983e-06
EIF6,0.00017782487,0.00031779334,0.00038712658,-6.0534105e-05,0.00022985786,7.162802e-05,-0.00024249312,-1.3837125e-05
NFE2L2,-0.00017541833,-0.00056799874,-0.00033098832,1.1333264e-05,-0.0025599822,3.4846365e-05,0.00029107183,2.1940446e-05
C10orf90,-0.0001487676,-0.000427654,-0.0002535358,4.1585416e-05,-0.00040980428,-1.33486465e-05,0.0001673773,1.9894564e-05
DOCK6,0.00026702322,0.0004883744,0.00058718584,-0.00015467871,0.00069155544,0.00013959687,-0.0003180718,-2.7019065e-05
PLD4,-0.00050384365,-0.00082792155,-0.00089068897,0.00040048454,-0.001702927,-0.00028165523,0.00038634427,5.6588207e-05
SMARCE1,-6.68969e-05,-0.0002293121,-0.00014575571,7.003173e-05,2.1152198e-05,1.9988045e-05,7.4815005e-05,1.3342709e-05
CHST14,0.00053945184,2.0828098e-05,0.000302054,-0.00042952597,0.00017949939,0.0004653735,4.6420842e-05,-1.4290097e-05
SLC47A2,-7.563457e-05,-0.00019010343,-2.9860064e-05,2.621673e-05,0.00057079643,-9.223819e-05,-7.685274e-06,9.736861e-06
PCBP4,1.1304393e-05,-0.0005881991,-0.00050025806,1.0014512e-05,-0.00042183697,0.00024828687,0.00038188137,2.8642593e-05
SPARCL1,-0.00033858232,-0.00033305772,-0.00020613894,0.00021325704,0.0016393736,-0.00028046453,1.8319115e-06,1.8575462e-05
STKLD1,6.4319e-05,-3.5865232e-05,0.00016107224,-6.438978e-05,0.0005072057,-2.1099113e-05,-8.554384e-05,-1.1033844e-06
ADSS,-0.00021708943,-0.00048895366,-0.00036055222,0.00012257323,-0.0011222437,-8.885935e-05,0.00019481964,2.6362599e-05
LRRTM2,-0.0006374642,-0.0011597499,-0.0010606814,0.0004338026,-0.0031392425,-0.00031208992,0.00054424535,6.511947e-05
FABP4,-4.0058047e-05,-0.00028489903,-0.00014985912,2.323091e-05,-0.0006701425,2.4972484e-05,0.00010521151,1.3832003e-05
IPPK,0.0007655751,0.0011580493,0.0012012403,-0.00035375543,0.0029320344,0.00036158785,-0.00066888984,-6.1154016e-05
MRS2,-1.6676262e-05,-0.00021973811,1.8285587e-05,-0.00012890156,-0.001171343,5.3028576e-05,8.916948e-05,3.850204e-06
SLC38A7,0.00023453124,0.00029982254,0.00048000924,-8.3821826e-05,0.0016628504,-6.369408e-05,-0.00032706652,-1.6456703e-05
MYO5A,-0.00024391338,-0.00071101263,-0.00061445683,0.00020931382,-0.0008409098,-0.00010937499,0.0003155535,4.0894025e-05
MRTFB,0.0002131816,-5.298294e-05,-1.8855557e-05,-7.076189e-06,-0.001008518,0.00018262956,4.1593798e-05,2.6611378e-06
ZBTB7A,-0.00014827028,-0.00035720877,-0.00028300658,0.00015023537,0.00046675652,-0.00016934052,8.101482e-05,2.3975736e-05
SMYD2,8.932687e-05,-9.263493e-05,0.00013116002,-0.00010465458,0.0015964955,1.763925e-05,-4.8422255e-05,-3.3865217e-07
GALNT2,-3.1253323e-05,-0.00046874583,-0.0003502518,4.0464103e-05,0.0005471483,5.785376e-06,0.00020546187,2.4847337e-05
CLHC1,0.0001670029,-8.791685e-05,8.8237226e-05,-0.00016768277,0.000699684,0.00026609562,5.649682e-05,-2.2109598e-06
SLC22A14,5.281903e-05,-0.00014946051,4.332885e-05,-8.838251e-05,0.0008441657,9.75132e-05,2.3284927e-05,3.3866381e-06
ZNF821,-2.676621e-05,-5.6965277e-05,-6.6766515e-05,6.1054714e-05,-0.0015088692,7.257052e-05,3.127288e-05,8.443254e-06
BBOX1,-0.00025278702,-0.00040957332,-0.00037826784,0.00018359348,-0.0017836839,-0.00015606405,0.00016285945,2.7021859e-05
PGAM5,0.00043199025,0.0002046749,0.00035020523,-0.00024619047,0.0028866306,0.00040311087,-9.279791e-05,-1.7866958e-05
ZNF438,-0.00023997389,-0.00018303283,-8.4841624e-05,6.973557e-05,-0.0010913089,-8.49301e-05,4.0815212e-05,1.0714401e-05
DBF4B,-0.00022778474,-0.00015220419,-0.00012842007,0.00012201071,-0.0019924939,-0.00013121171,2.1881424e-05,1.6039121e-05
MRGPRX1,-0.00021708943,-0.00048895366,-0.00036055222,0.00012257323,-0.0011222437,-8.885935e-05,0.00019481964,2.6362599e-05
CLTRN,-4.7603622e-05,-0.00022084825,-1.2310222e-05,-4.900433e-05,-0.00015835464,5.2247196e-07,4.7894195e-05,7.6092547e-06
CHRFAM7A,-0.0008714851,-0.0015815627,-0.0013363343,0.00035640877,-0.0047468916,-0.00031184126,0.00079941005,8.1517384e-05
SDSL,-0.00012779795,-0.00029700622,-0.00024206005,0.00010588486,-0.00089518726,-5.2670017e-05,0.0001052022,2.0551961e-05
HJURP,0.000219604,7.024594e-05,0.0003593415,-0.00027690642,0.002193071,0.00018982217,-0.00010647159,-1.29629625e-05
JPH3,0.00013790838,-0.00012888946,2.5516376e-05,-0.00014113355,0.0016616508,0.00024498906,7.6005235e-05,1.4165416e-06
RXYLT1,0.0003055092,-5.8280304e-05,0.0001368504,-0.00024248287,-0.001030691,0.00036980584,9.9692494e-05,-7.205992e-06
RTN1,-0.0006558746,-0.00100746,-0.000976745,0.00046457723,-0.0026161075,-0.00031886064,0.0004455475,6.2391046e-05
SLC35E2A,3.431551e-05,9.576604e-05,0.0002559889,-2.5379471e-05,0.0004988611,-6.23269e-05,-0.00017934572,-4.6258792e-06
CILP,0.00020446815,0.00037260912,0.0004009083,-8.0103055e-05,0.0012112632,8.388981e-05,-0.0002523819,-1.6341452e-05
NDUFB2,6.553531e-05,-0.00016713887,-1.0913238e-05,-3.882218e-05,0.0013276711,5.31869e-05,1.9785017e-05,6.7352084e-06
USP4,-7.8588724e-05,4.3852255e-05,8.930825e-05,0.00010233559,0.0013834983,-0.00016836403,-0.00016690139,5.187234e-06
BSDC1,-0.0004117638,-0.0008589681,-0.00069241226,0.00022996683,-0.0010397807,-0.00023585511,0.00034501962,4.770246e-05
MEST,-3.6591664e-05,0.00018628687,0.00030215085,-3.5197474e-05,-0.00015114248,-6.87642e-05,-0.00019356143,-8.528703e-06
AVPR1A,0.00028211996,0.00061341,0.0006653853,-0.00011297036,0.0019605905,4.459638e-05,-0.00044140685,-2.7767965e-05
DIP2A,-1.9293278e-05,-0.00014620833,2.9288232e-05,-4.184898e-05,0.00053616613,4.6797097e-05,1.3263896e-05,4.7447393e-06
SLC4A9,-0.0001900047,-0.0003483221,-0.00021032616,0.0001312457,-0.0010831654,-0.00013968535,7.7984296e-05,1.9933446e-05
RRAGA,-7.547997e-05,-0.0002932381,-0.0001147259,8.187257e-06,-0.00023297966,3.3618882e-05,0.000103855506,1.1219643e-05
BTBD17,0.00017149188,-0.00012953766,-0.00010134652,-6.512739e-05,-0.0007601306,0.00027700793,0.00013901014,5.560578e-06
CCM2L,0.00015904382,0.00028950907,0.0003368724,-2.6282854e-05,0.0010148287,2.5437213e-05,-0.00023929495,-1.1451892e-05
THAP5,-0.00019159913,-0.00038509816,-0.00030600466,0.00012155622,-0.00075368583,-0.00012974534,0.0001417892,2.31819e-05
DELE1,-0.00021449476,-0.00036479346,-0.00020996481,8.814316e-05,-0.00015165657,-0.00012331549,8.942187e-05,2.022204e-05
BIRC3,0.00016655959,-0.00010114908,7.6048076e-05,-0.00012406055,-0.0010774881,0.00026944838,7.391069e-05,-2.4811598e-06
COCH,0.00037170388,0.0004769154,0.0006704014,-0.00018166564,0.0035073608,5.217921e-05,-0.00040923152,-2.8286246e-05
RCOR3,2.8740615e-06,-0.0002838783,-0.00015593879,3.6163256e-05,-0.0026247352,6.654207e-05,0.00012538116,1.3969606e-05
C7orf43,-0.00021708943,-0.00048895366,-0.00036055222,0.00012257323,-0.0011222437,-8.885935e-05,0.00019481964,2.6362599e-05
HIST1H2AA,-0.00021708943,-0.00048895366,-0.00036055222,0.00012257323,-0.0011222437,-8.885935e-05,0.00019481964,2.6362599e-05
ZNF229,0.00037638657,0.0008563567,0.0008116644,-8.9179724e-05,0.001744464,9.130966e-05,-0.0005555814,-3.6962563e-05
PGLYRP2,-0.00024539977,-0.00048054382,-0.0003756918,0.00016847439,-0.0013663098,-0.0001520305,0.0001752656,2.7751317e-05
NKAPL,0.00017735548,0.00041446276,0.00034015998,5.855784e-05,-0.00047328323,8.205883e-06,-0.0002906723,-1.11544505e-05
MTMR12,-0.0001893565,-0.00044955872,-0.00043202192,0.00028072204,-0.0004265383,-0.00019716378,0.00012406427,3.1149015e-05
BRD3,-0.00061378255,-0.0012840647,-0.0010463279,0.000329935,-0.0010529533,-0.00036826264,0.0005357545,6.819237e-05
GALNT3,3.8351864e-05,-0.0001764521,-5.4646283e-05,1.5881844e-05,-0.00012992322,-4.8562884e-05,1.8290244e-05,9.372947e-06
TIGD7,2.3774803e-05,-2.5384128e-05,0.00011379644,4.1657127e-05,0.0019456372,-0.0002253647,-0.00017507654,4.749978e-06
SHE,0.0003571324,0.0002270788,0.00037596188,-0.0001986837,0.0015885979,0.000306922,-0.00013401266,-1.8063816e-05
HAP1,-0.00018613972,-0.00050853007,-0.00043977238,0.00014815386,-0.0020775944,-1.6326085e-06,0.0002578944,2.8514303e-05
PHAX,-0.00027510896,-0.00014982559,4.703179e-06,0.000106615946,0.0007217452,-0.00032343436,-0.000105579384,1.16163865e-05
BZW1,-0.00028694049,-0.0005168244,-0.00047645532,0.0002323445,-0.0019142851,-0.00010814378,0.00022553839,3.2170792e-05
CDK15,-1.3276935e-05,-0.0001957044,-7.398054e-05,2.2144057e-05,0.0006072074,1.6335398e-05,3.8781203e-05,9.583309e-06
INAVA,-0.0003630258,-0.00020063855,-0.00011107512,0.00023520179,0.0003938973,-0.00052684033,-0.00015962217,2.559647e-05
PTPRA,-3.1389296e-05,-0.0003090091,-0.00013422221,8.338131e-06,0.00010898709,-2.1711923e-05,8.9504756e-05,1.3740268e-05
PNP,-0.00031298772,-0.00041900948,-0.00043748133,0.00025011692,-0.0036183074,-5.6239776e-05,0.00020817108,2.9865187e-05
ANAPC2,-0.00012449361,-0.00018909015,8.907169e-06,9.272248e-06,0.0005092323,-0.00012044702,-2.1507964e-05,8.037547e-06
DMBX1,-0.00024589337,-0.00094150193,-0.00081590377,0.00017430354,-0.0015898794,5.364418e-07,0.000490658,4.9538095e-05
SNRNP35,0.00014069676,8.5454434e-05,0.00016438589,-2.1587126e-05,0.00080356747,-2.2004358e-05,-0.00013522152,-8.668285e-07
GRIA1,1.2615696e-05,-0.00027362444,-0.00011059269,3.9446168e-05,-0.000581041,-4.0487386e-05,5.579833e-05,1.3338518e-05
TSKS,-0.00021244958,-0.00045025907,-0.00030193292,0.00012571272,-0.0007471368,-0.00011990592,0.00014459621,2.426107e-05
BCHE,-0.0006216578,-0.0008394271,-0.0007039625,0.00019166991,-0.0031231493,-0.00023019407,0.00041783042,4.5627938e-05
REM1,-3.9182603e-05,-0.00022045895,-8.640066e-05,2.5978312e-05,7.581711e-05,-1.7487444e-05,3.9845705e-05,1.1852244e-05
MEMO1,0.00014245883,0.00018697791,0.00032653473,-0.00013728999,0.0010344908,0.0001436118,-0.00013461243,-1.3982528e-05
GPC1,-0.00027769245,-0.0005760025,-0.00050467625,0.00019535609,-0.00042060763,-0.00012592459,0.00024117809,3.3621094e-05
LILRB2,-0.0001601018,-0.000417782,-0.00024184398,7.590093e-05,-0.00073123723,-9.471364e-05,0.0001293961,2.1811225e-05
ADGB,-3.5014004e-05,-0.00021442771,-7.965043e-05,3.3956952e-05,-0.00025547296,-2.1060929e-05,3.782753e-05,1.1176453e-05
ZNF107,0.00031057,0.00016403385,0.00042058155,-0.0002817437,0.0028133467,0.00022116024,-0.00015174504,-1.7389539e-05
ZNF805,0.00021350943,0.0004579518,0.00042642467,5.4640695e-06,0.0011335984,8.211378e-05,-0.00030634087,-1.8100487e-05
DHX57,0.00041043572,0.0005423557,0.0004842505,-0.00012355298,0.0012385249,0.0003635548,-0.00024782587,-2.6381342e-05
DUOXA1,-0.00013930164,-0.0004505515,-0.00026448257,3.6514364e-05,-0.00066021085,-1.3916753e-05,0.00018019974,2.054905e-05
NAXD,0.00019411743,0.0002491437,0.00039630756,-0.00019380171,-0.0014789253,0.00024867617,-0.00010722224,-1.8934254e-05
ZNF143,0.00014533661,0.00019067153,0.0002773665,-4.215073e-05,-0.0005087331,6.336253e-05,-0.00016004499,-1.0313117e-05
ANGPTL1,9.418838e-05,-0.0001649838,-8.694269e-05,-4.618801e-05,-0.0004009232,0.0002184147,0.0001201164,6.4274063e-06
PMEL,-0.00016367808,-0.00046573766,-0.00029647723,7.528346e-05,-0.0007047504,-5.2766874e-05,0.00017392635,2.3036147e-05
PICALM,-0.00019730069,-0.00068135,-0.0004776232,4.6964735e-05,-0.00093249977,3.369432e-05,0.00034433696,3.0936324e-05
CHRNA9,-0.00025212765,-0.00053483434,-0.00041467324,0.00014442299,-0.0012995973,-0.00010782061,0.00022040028,2.9384391e-05
E2F7,0.00017696433,0.00029777735,0.0002635531,-2.6760623e-05,0.0014165491,0.00013607275,-0.00018349756,-9.898911e-06
TTYH2,-0.00035599805,-0.00060494244,-0.0006475523,0.00025500357,-0.003268376,-8.260831e-07,0.00037658028,3.5745907e-05
LGALS3,-0.0005326979,-0.0009862389,-0.0009558853,0.00032406114,-0.0049115717,-0.00012942869,0.00054524373,5.7148864e-05
FDX1,3.525056e-05,-0.00016342662,-1.2520701e-05,-0.00011220202,-0.000100031495,0.00013287272,9.531807e-05,4.1234307e-06
CABP4,-4.7741458e-05,-0.00029373541,-0.00020667352,2.816692e-05,0.00010995567,7.5814314e-05,0.00013807043,1.6195117e-05
SAP30,0.00032318197,0.00031045638,0.00037108362,-0.0001882175,0.00041031092,0.0003170194,-0.00013980549,-1.730083e-05
FLRT2,7.304177e-05,-0.0001454968,-6.509945e-05,-1.8191524e-05,-0.00021889806,0.00014895853,8.159131e-05,6.224378e-06
CRYBA4,-0.00021708943,-0.00048895366,-0.00036055222,0.00012257323,-0.0011222437,-8.885935e-05,0.00019481964,2.6362599e-05
PLEK2,-0.00023499876,-0.0004980769,-0.00036217086,0.00012901239,-0.0009955466,-0.000121238176,0.00018639024,2.7063652e-05
OTOP2,-0.00021708943,-0.00048895366,-0.00036055222,0.00012257323,-0.0011222437,-8.885935e-05,0.00019481964,2.6362599e-05
RGS1,-0.0005731024,-0.0008267425,-0.00079438277,0.00033373665,-0.0026451051,-0.0003012661,0.00038777664,5.1534735e-05
ALOX5AP,-0.00036193058,-0.00080585293,-0.0006964449,0.00021093804,-0.0019399449,-0.0001072851,0.0004047798,4.3027918e-05
APMAP,-5.733408e-05,-8.449145e-05,-2.9457733e-05,7.960014e-05,-0.0007205978,-8.488074e-05,-3.4365803e-05,9.80054e-06
LPXN,0.00045367144,0.00033573993,0.000535097,-0.00031107385,0.0012265965,0.0003822334,-0.00017263088,-2.7001835e-05
PITPNA,9.3920156e-05,-0.00042183138,-0.00016993098,-0.00010556355,0.00050488114,0.00016940664,0.00020129513,1.391652e-05
RGS14,0.0004478246,0.00029409863,0.00048759952,-0.0003021164,0.001333341,0.00036642049,-0.00015118439,-2.3744418e-05
LRRC30,-0.00021708943,-0.00048895366,-0.00036055222,0.00012257323,-0.0011222437,-8.885935e-05,0.00019481964,2.6362599e-05
CD6,9.197183e-05,-0.000112833455,0.00011472963,-0.00011324324,0.0014313906,6.6146255e-05,-1.8490478e-05,-6.8638474e-07
LRFN2,0.00029534101,0.000165198,0.00034851395,-0.00017973874,0.0011734292,0.00020600762,-0.00012840424,-1.5410944e-05
ZAP70,-3.7571415e-05,-0.000332281,-0.00020432845,2.7433969e-05,9.8355114e-05,3.59267e-05,0.00012779795,1.7156592e-05
DOK1,4.89112e-05,3.6533922e-05,0.00019380078,-0.00010046922,0.0009649843,6.722659e-05,-7.991213e-05,-4.234491e-06
SMG9,8.244626e-05,-0.00025292113,-0.00012339465,-3.180001e-05,-0.0012702495,8.235965e-05,0.000107699074,1.29066175e-05
MCRS1,2.6823953e-05,6.89365e-05,0.00022781268,-3.79337e-05,0.00066280365,-0.00010541733,-0.0001606131,-3.290712e-06
TPI1,-0.000106876716,-0.0002657082,-0.00015217066,9.852275e-05,0.00011925399,-5.855784e-05,5.002413e-05,1.5544472e-05
SEC61A1,-6.6308305e-05,-0.00048058107,-0.00026833266,-2.2413209e-05,-0.0006480217,5.9077516e-05,0.00022287201,1.976348e-05
BMP7,-0.0002854988,-0.0005300958,-0.00032429956,-6.072223e-07,-0.0030387938,-3.186986e-05,0.00027554762,2.2951746e-05
ATP1B1,-0.0003814716,-0.00082839467,-0.0006135721,0.00015590899,-0.0009142533,-0.00013320055,0.00036688894,4.1441526e-05
KYAT3,-1.3215467e-05,5.132705e-05,0.00018663332,3.0365773e-05,0.00073231757,-0.00017707422,-0.00018972624,-4.0745363e-08
HID1,0.000493899,0.0006094109,0.00083085336,-0.0002618339,0.0026895031,0.00022245478,-0.00043076556,-4.0776096e-05
XKRX,-0.00021708943,-0.00048895366,-0.00036055222,0.00012257323,-0.0011222437,-8.885935e-05,0.00019481964,2.6362599e-05
PRELID3B,-0.00020383485,-0.00016051531,-0.00019195117,0.0001962427,-0.0016056523,-0.00010224152,2.833549e-05,1.7685816e-05
PTGER4,-0.00014685653,-0.00060640275,-0.00036698766,1.2835488e-05,9.1418624e-05,2.3287721e-05,0.00027063861,2.5710207e-05
SF3B5,-8.62591e-06,-0.00014811568,7.1730465e-06,-9.565614e-06,0.00028704852,-9.060837e-06,-1.8626451e-07,6.6250795e-06
ZFP2,0.0002162382,0.00021652877,0.0002635941,-4.2092055e-05,-0.0002033636,0.0001185406,-0.00015434343,-9.931158e-06
CD248,-0.00080355257,-0.0006324351,-0.0006652642,0.0005158782,-0.003178805,-0.00058297627,0.00017285068,5.0180126e-05
ZNF251,0.0004971288,0.00059553236,0.00074243173,-0.0001991326,0.0022696406,0.00010944903,-0.00045027677,-3.2497104e-05
GAB3,-6.52615e-05,-0.0003436394,-0.00022085756,7.9251826e-05,-0.0001058355,-5.8637e-05,0.00010697264,1.8766732e-05
ARRDC2,0.0005249977,0.00046938658,0.0005969219,-0.00030211173,0.0012836456,0.0003970284,-0.00022497866,-3.1470438e-05
EIF2B1,-0.00026630238,-0.00040332228,-0.00025621802,0.000111270696,-0.0016932487,-0.00017256103,0.00012605637,2.2224966e-05
MVK,-0.0001562126,-0.00063816085,-0.00046885572,3.5332516e-05,-0.002023667,5.525537e-05,0.00035807863,2.8632e-05
CCDC144A,-0.00070355646,-0.0017500091,-0.0014772285,0.00031713676,-0.0026398227,-0.00012821704,0.00091946125,8.48613e-05
KYNU,-6.536208e-05,-0.0002186913,-0.000108277425,6.8054534e-05,-0.00027409196,-3.7939288e-05,4.3149106e-05,1.2189965e-05
ZNF605,-7.183477e-05,-0.0004172437,-0.00029131956,-3.9710663e-05,-8.710474e-05,0.00024293363,0.00027803238,1.6239006e-05
GPRC5B,-0.000115171075,0.00019386224,0.0002475977,6.9215894e-05,0.0015082806,-0.00023382157,-0.00027066376,-3.1809323e-06
CBL,-0.000145128,-0.0005271677,-0.00031718612,-2.6804395e-05,3.85195e-06,2.6531518e-05,0.000247485,2.3470842e-05
TRIM24,-0.0003711935,-0.0009960067,-0.0009374898,0.0002211649,-0.0028697178,0.00010552723,0.0005996609,5.278364e-05
SERINC5,-0.00050431676,-0.00043858774,-0.0004716739,0.00043155998,-0.0028197393,-0.00042091822,7.1737915e-05,3.811624e-05
CBX5,-0.00038376264,-0.00080296583,-0.0006820299,0.00022382382,-0.0016178638,-0.000119942706,0.0003754869,4.379032e-05
FAU,-0.00010400079,-0.0005283505,-0.00035678595,6.166287e-05,-0.00014595687,3.3583492e-05,0.00023266952,2.493849e-05
SLC39A12,-0.0006582327,-0.00076070987,-0.00079644844,0.0004562093,-0.004417643,-0.00041501783,0.0003097551,5.3201802e-05
CNOT2,-8.0060214e-05,-0.0002656486,-0.00022275001,0.00012917444,-0.000584729,-4.6498142e-05,7.611513e-05,1.9588158e-05
SMCR8,0.00017549284,0.00046898425,0.0006370824,-9.205099e-05,0.0023712814,-0.00013624411,-0.00044135097,-2.5036745e-05
P2RX7,1.6212463e-05,0.000116121024,0.00019070506,-3.0239113e-05,0.00034915656,-1.9208528e-05,-0.00013830606,-2.2116583e-06
POLI,-3.980659e-05,-5.2705407e-05,-4.3964013e-05,0.00011882465,-0.0008603707,-0.00014233124,-6.3978136e-05,1.1476222e-05
PTK2B,-0.00013806298,-0.00036308542,-0.00027562305,0.000185919,0.00029978156,-0.00032547629,2.2383407e-05,2.5947927e-05
IDI2,9.339489e-05,-0.000102510676,5.3204596e-05,-4.4633634e-05,0.0010446906,2.3299828e-05,-2.780836e-05,3.4965342e-06
LFNG,8.287653e-05,-1.8753111e-05,-4.8471615e-05,0.0001116069,0.000623025,3.297534e-05,-5.512219e-05,8.076313e-06
ZNF687,0.00042036362,0.0004660096,0.000629751,-0.00026744697,0.0019811764,0.00023197848,-0.0002940623,-3.0071475e-05
FCRL3,-0.00015126169,-0.00038280897,-0.00027009286,0.0001249332,-0.0008668378,-9.800494e-05,0.00012068264,2.2013555e-05
FMN2,8.259341e-05,-0.00010382384,-0.00015459023,3.6776066e-05,-0.00065152347,0.00022831839,0.000114833936,9.654323e-06
CCS,2.958253e-05,-0.00011275336,-3.6571175e-05,4.0411018e-05,0.00034110248,2.485048e-05,1.0197982e-06,8.009258e-06
FAM111B,-0.00017021224,-0.00042854063,-0.00020602345,0.00010219496,0.0017818809,-0.00027072057,2.1753833e-05,2.3778644e-05
HCRTR2,0.0002772063,0.00030845962,0.00044123828,-0.00014167838,0.0014126897,0.000105516985,-0.00024780352,-1.6716775e-05
PLA1A,-0.00020789169,-0.00052191503,-0.0003906712,0.000111658126,-0.0009932294,-6.154645e-05,0.00022389833,2.7455972e-05
ZFPM1,-2.2424385e-05,-0.000359172,-0.00012892112,-5.5801123e-05,-8.547306e-05,3.1609088e-06,0.00012591481,1.2895674e-05
MFRP,0.00055657886,0.00026238523,0.0003655888,-0.0001840163,0.00026903301,0.00031731743,-0.0001315223,-1.888012e-05
PCGF2,-0.00090401806,-0.0016496871,-0.0016047824,0.0006089052,-0.0042922944,-0.00041402364,0.0008111913,9.733543e-05
LPGAT1,-1.4891848e-05,-0.0006012898,-0.00042895414,-2.0254403e-05,-0.0006229654,0.00019024685,0.0003497647,2.6636524e-05
LRRC19,-0.00013494492,-0.00037101656,-0.00021243095,2.9757619e-05,-0.00047845393,-2.484303e-05,0.00014333706,1.7584069e-05
MTFMT,-0.00017879531,-0.00041961856,-0.00027762167,6.975699e-05,-0.0010847449,-0.00014928542,0.00014576782,2.3006578e-05
ZNF366,-5.3478405e-05,-0.00028776005,-0.00018221885,6.136671e-05,-0.0005572587,5.1297247e-05,0.00011385605,1.4393474e-05
LHX2,-0.00053729676,-0.0010456964,-0.0010066181,0.00030126423,-0.0040330663,-3.3373013e-05,0.000611837,5.7005323e-05
MAFB,0.00030149147,0.00024227984,0.00052100234,-0.00023264065,0.001938358,0.0001795087,-0.00022483151,-2.254988e-05
USF2,0.00010526739,-8.751452e-05,-2.2640452e-05,3.7287362e-05,-0.0001335442,6.30822e-05,-8.5849315e-06,7.2130933e-06
ETFB,-0.00011484884,-0.00036634877,-0.0002473239,0.000107748434,0.0011785477,-0.00011716783,8.171797e-05,2.2622175e-05
RPL21,-0.00011875853,-0.00027071685,-0.00016965531,8.6046755e-05,-0.0011953115,-6.190874e-05,8.411147e-05,1.5211874e-05
TPPP,0.0004347451,0.00015726686,0.00048735365,-0.00036588218,0.0023416802,0.00030787755,-0.00012598466,-2.2619963e-05
DENR,-0.00042934157,-0.00053509325,-0.00043657236,0.0002678167,-0.00076892227,-0.00034931628,0.000129411,3.572018e-05
CELF2,-0.00031298585,-0.00071556494,-0.0006049741,0.00019236375,-0.0023331493,2.5313348e-06,0.0003721658,3.7169084e-05
BLK,-0.00022237375,-0.00047980621,-0.00035892427,0.00012911297,-0.0010079369,-0.000104861334,0.00018285494,2.6883441e-05
POLR3D,8.881651e-05,-0.0001212433,0.00010254979,-0.0001835823,0.00026518852,0.00013741199,4.2732805e-05,-5.1106326e-08
HIST2H3D,-0.00021708943,-0.00048895366,-0.00036055222,0.00012257323,-0.0011222437,-8.885935e-05,0.00019481964,2.6362599e-05
NBPF3,1.0082498e-05,-0.00011978671,-1.9807369e-05,-1.4516525e-05,-0.00084672123,3.0411407e-05,3.496185e-05,5.3065596e-06
LEMD3,0.00013052858,4.7739595e-06,0.00013263896,-3.135018e-05,-0.00033909082,5.2110292e-05,-7.4491836e-05,-4.0745363e-07
DPP6,-0.00042056665,-0.0009066835,-0.0008497443,0.00033589825,-0.0028847083,-0.0002059238,0.00042664818,5.2926946e-05
MYCBP2,-0.00055645965,-0.0014168862,-0.0011963975,0.00026595034,-0.0033252463,-6.3394196e-05,0.0007581692,7.039169e-05
LINGO3,-0.00016516633,-0.00031544082,-0.00017780997,0.00011315569,-0.0006979108,-0.00015091104,5.851593e-05,1.786754e-05
RUNDC1,-0.00016355328,-0.000628775,-0.00042286702,4.4164248e-05,-0.00036088377,-7.0666894e-05,0.00026518572,3.0022347e-05
POU2AF1,-2.583675e-05,-0.00037886202,-0.00014786981,-3.4281984e-05,0.0010254905,1.2530945e-05,0.00011515524,1.5046913e-05
FAM169A,0.00013025105,0.00018448569,0.00031008385,-0.00012536254,0.0019591525,8.374546e-05,-0.00016282033,-1.1124765e-05
GPSM1,-2.2130087e-05,-0.00033393502,-0.00018672273,-2.9724091e-05,-0.0007133186,0.00011045113,0.00017432589,1.4037243e-05
COPS8,-0.00016180612,-0.0002784822,-0.000121479854,0.000108581036,-0.0006053448,-0.00019096443,8.199364e-06,1.7096754e-05
MPP6,0.00024192221,0.00017571077,0.00024404004,-4.5013614e-05,0.00095035136,9.0377405e-05,-0.00015493575,-8.674455e-06
ARMC2,5.7332218e-06,1.148507e-05,8.68123e-05,9.785313e-05,0.000352405,-0.0002321871,-0.0001625279,5.03764e-06
KRT26,-0.0002452042,-0.00064620376,-0.00048337504,8.861441e-05,-0.0015810356,-1.6164035e-05,0.00031930022,3.1789765e-05
MAP1S,8.7728724e-05,0.0001068078,0.000135459,7.4068084e-05,0.0013398677,-0.00010323431,-0.00018182676,8.774223e-07
TINF2,0.00012556463,-9.054318e-06,0.00025984645,-0.00018361211,0.0011295751,6.4928085e-05,-8.302275e-05,-6.634742e-06
DCDC2,0.00010433607,-1.5895814e-05,0.00013786368,-8.330215e-05,0.00053694844,0.000107714906,-1.7412007e-05,-6.3148327e-06
CPNE3,-3.6437064e-05,-0.00017386861,-7.697195e-05,6.9182366e-05,0.00020403415,-3.0051917e-05,4.9667433e-06,1.1379016e-05
PGM2L1,-0.001126878,-0.0020488575,-0.0019614697,0.0006740773,-0.004884824,-0.00048808102,0.001032724,0.00011687353
LBR,-9.528175e-05,-0.0006731339,-0.0005139597,5.643349e-05,-0.00091679394,6.464962e-05,0.00034376234,3.3401186e-05
GADD45B,-0.00030936487,-0.00057542697,-0.00055065006,0.00023001805,-0.003239639,-0.0001640208,0.00028674584,3.600819e-05
TMEM128,-3.2890588e-05,0.0004389286,0.000414107,9.2208385e-05,5.374849e-05,-0.00020661112,-0.00038703438,-1.1256081e-05
PAXIP1,7.433072e-05,0.00035617873,0.00039957277,-1.7723069e-06,0.0013775676,-7.212348e-05,-0.00030764658,-1.3499521e-05
COP1,9.9496916e-05,0.00013240986,0.0002324786,-5.937554e-05,0.0012490824,-1.233723e-05,-0.00015038345,-5.8833975e-06
ENOSF1,0.0003949385,8.2630664e-05,0.00027159415,-0.00036257412,0.001554586,0.00047890842,4.320778e-05,-1.4799414e-05
DNA2,0.0002614446,-2.8479844e-05,0.000293592,-0.00027304143,0.0020691827,0.0001610741,-6.565079e-05,-9.116367e-06
UBTD2,-0.0002767332,-0.00061105005,-0.00064088777,0.0002823975,-0.001819022,-0.00014349027,0.00027580932,4.2893807e-05
TRAPPC6B,0.00011515431,-0.00017565303,-2.1945685e-05,-9.862706e-07,-9.652227e-05,3.554579e-05,1.0445714e-05,8.398783e-06
CPE,-0.000724636,-0.0013249237,-0.0012486074,0.00040237047,-0.0045495406,-0.00019190321,0.00071657076,7.358228e-05
NFATC1,4.5483932e-05,0.00015130267,0.00019297004,8.486491e-05,0.00038412213,-9.390898e-05,-0.0002025729,-2.885703e-06
ZNF234,0.000414636,0.00040675513,0.000646906,-0.0002387045,0.0023139492,7.087365e-05,-0.00035096053,-2.7546077e-05
RNF25,-0.00011350401,1.9432977e-05,9.9798664e-05,6.571971e-05,-0.0003818944,-0.0001297351,-0.00011333916,3.2744138e-06
TMPRSS5,0.0004773736,1.21332705e-05,0.00030719675,-0.00030822307,0.0027417913,0.00027505402,-6.292667e-05,-1.1860975e-05
CYBC1,1.0810792e-05,1.626648e-05,0.00013539754,-4.9551018e-05,-0.00026617944,-1.2983568e-05,-7.893611e-05,8.6054206e-07
CDON,-0.00046205893,-0.0009490121,-0.0008864701,0.0002521854,-0.002927944,-8.370634e-05,0.0005304143,5.1279203e-05
KCNG3,-0.0002019424,-0.00046490878,-0.00033040717,0.000107819214,-0.001056239,-7.7812e-05,0.0001826724,2.4670037e-05
ECM2,0.00033824332,0.00046228804,0.00059058703,-0.0001698602,0.0007001683,0.00017347839,-0.0003123833,-2.6177731e-05
HIST1H4E,-0.00021708943,-0.00048895366,-0.00036055222,0.00012257323,-0.0011222437,-8.885935e-05,0.00019481964,2.6362599e-05
PDHB,-0.00023726746,2.2895634e-05,9.8651275e-05,0.00014737993,-0.0003306046,-0.00028244732,-0.00018077064,6.6749053e-06
SGK3,-1.3800338e-05,-0.000104503706,-8.903444e-07,1.9480474e-05,0.00020150095,1.7474405e-05,-4.7646463e-06,5.8194855e-06
CIB1,-0.0002500061,-0.00054332055,-0.00044298917,0.00014990754,-0.00061529875,-0.00017673522,0.00020946283,3.0960422e-05
CDK19,-0.00020471588,-0.0001697354,-0.00021279417,0.00026099198,-0.0016827658,-0.00017815642,2.7818605e-06,1.9545201e-05
EIF2AK2,0.0003777817,0.0003200844,0.00040476397,-0.00013919082,0.0008897558,0.00018547382,-0.00022173394,-1.612748e-05
KIAA1522,0.00029283948,0.00022866763,0.00034568273,-7.362943e-05,0.001737766,2.612546e-05,-0.00022980291,-1.2721401e-05
EEF1G,-0.0001508072,-0.0004930571,-0.00034031086,8.535106e-05,0.00022467226,-2.236478e-05,0.00019832421,2.4557114e-05
DISP1,5.301647e-05,0.00011830032,0.0001408942,-4.9211085e-05,-0.0012803301,0.00017265417,-3.921427e-05,-3.7351856e-06
ARL4A,-0.00016402267,-0.0006050728,-0.00054825284,1.2613833e-05,-0.0010373443,0.0001935102,0.00041829608,2.9810122e-05
CCPG1,0.000121155754,1.9229949e-05,0.0001708623,7.1013346e-06,0.00014939159,-3.694836e-05,-0.0001354171,-7.530907e-07
RIF1,4.6430156e-05,-0.00019107945,5.2189454e-05,-9.8285265e-05,4.4748187e-05,0.00010533724,3.9544888e-05,3.537396e-06
NEUROD2,-0.00027174875,-0.0004903581,-0.00035586767,0.00017339457,-0.0014218763,-0.00013459567,0.00017641205,2.5937567e-05
CEP128,0.0003340207,0.00015763938,0.00039866194,-0.00018974766,0.0032745749,9.262748e-05,-0.00020789448,-1.4415127e-05
WDR45,-1.5556812e-05,-0.0001345966,0.00011282228,-9.555835e-05,0.0006132573,-3.4686178e-05,-3.13716e-05,2.5184127e-06
BTBD10,-0.00024696067,-0.00051498786,-0.0004083775,0.0002032267,-0.002177544,-0.0001544673,0.00019806437,2.9649818e-05
PRDX4,-0.0001873076,-0.00017958693,-5.1155686e-05,6.846804e-05,0.0005239472,-0.00015739677,-2.6494265e-05,1.2361328e-05
FKBP14,0.00021429919,-0.0002905652,0.00012718327,-0.00038753357,0.0027044117,0.0003613606,0.00014942419,-4.1326275e-06
CHML,0.00010333769,-0.00080613606,-0.00046380423,-0.00022848789,0.002320163,0.00027178787,0.00045366026,2.767006e-05
ORMDL2,-4.3684617e-05,-9.230524e-05,4.712306e-05,-2.0786189e-05,-4.826486e-05,-6.086286e-05,-2.7587637e-05,4.7173817e-06
UVSSA,-0.00033810735,-0.00069733337,-0.00057039596,0.00017900392,-0.0010727718,-3.853347e-05,0.00034870673,3.4329598e-05
UBE2V1,0.00032406114,0.00043745525,0.00053170696,-7.207412e-05,0.0013496429,-4.768744e-05,-0.00037815142,-2.0086998e-05
ZBTB20,-0.00072844326,-0.0014901981,-0.0013112891,0.00037377328,-0.0027166232,-0.00023683533,0.0007426189,7.883902e-05
VEGFB,5.543977e-05,-0.00018303096,-0.00012744032,-3.15886e-05,0.0008055344,0.00018288661,0.0001240652,8.776435e-06
OAF,-1.7777085e-05,-0.00026473776,-0.00016248226,3.1218864e-05,-0.001452975,-6.706454e-06,9.283889e-05,1.698325e-05
SETD2,-0.0001425799,-0.0008847695,-0.0005776454,-9.959098e-05,-0.002009362,0.00025164895,0.00053602457,3.4118886e-05
HSF1,-0.00020069629,-0.0002312269,-0.00022713281,0.00017774012,-0.0026207194,-0.00013476145,5.9596263e-05,2.1536485e-05
CRTC2,0.00027580746,0.00015476905,0.0002439022,-8.461811e-05,0.0009981319,0.000108678825,-0.00014573988,-7.598195e-06
RAD21L1,-0.0001480896,-0.000389494,-0.00024051592,8.4038824e-05,-0.00045892596,-8.5419975e-05,0.00012093317,2.050586e-05
MICU2,-0.00053011626,-0.001025062,-0.00080011226,0.00020065717,-0.001684159,-0.00026179804,0.00045237783,5.334476e-05
MMP15,0.0004066918,0.00014163554,0.00030775368,-0.00019959826,0.0016606599,0.00030491222,-0.000108093955,-1.2113713e-05
CRYBG3,5.455874e-05,0.00023842789,0.00050473027,-0.000107741915,0.0024407208,-0.00017746259,-0.0003454918,-1.5835743e-05
HCAR2,-0.0002453383,-0.0005690474,-0.0003962014,0.000106030144,-0.00067394227,-0.00011527259,0.00022153463,2.9077171e-05
CHRNA2,-0.00014089234,-0.00019192696,-0.00017916784,0.00011026021,-0.00072421134,1.9961037e-05,7.908326e-05,1.4501857e-05
CCDC138,0.0004227385,0.0004657749,0.0006024353,-0.00022157747,0.003351882,0.00020684209,-0.00034398306,-2.546329e-05
NOBOX,-0.00021708943,-0.00048895366,-0.00036055222,0.00012257323,-0.0011222437,-8.885935e-05,0.00019481964,2.6362599e-05
TBC1D23,3.3436343e-05,0.0005354583,0.00054887123,4.818663e-05,0.000638701,-0.000168995,-0.00044216495,-1.9703875e-05
MRRF,0.00020781532,1.3591722e-05,5.8427453e-05,-0.00015227497,-0.0010809228,0.00036094524,9.6840784e-05,-3.6641723e-06
GALNT9,-9.305775e-05,-0.00048348308,-0.00034305826,7.870607e-06,-0.0015117005,0.00013127085,0.00028122403,2.1844986e-05
SPOUT1,-0.00015120581,-1.4720485e-05,-3.3453107e-05,0.0001973873,-0.00090343505,-0.00026683928,-0.00013373885,1.3223616e-05
HIST1H4J,-0.00021708943,-0.00048895366,-0.00036055222,0.00012257323,-0.0011222437,-8.885935e-05,0.00019481964,2.6362599e-05
ATP8B1,0.0002718903,0.00050950237,0.0005682446,-6.706547e-05,0.0012259632,3.7999824e-05,-0.00038354564,-2.4321373e-05
SLCO1B3,-5.416572e-05,-0.0002211295,-0.00018126331,8.445233e-05,-0.0010367855,2.723001e-05,9.6208416e-05,1.4280085e-05
DCDC1,7.32746e-05,-0.00029860064,1.6577542e-07,-9.3870796e-05,0.0017793402,-5.8519654e-05,1.9236468e-05,8.6460495e-06
LPAR4,0.000117354095,-0.0002594944,-7.9426914e-05,-0.00015327241,-0.002159655,0.00029786676,0.00022519566,3.1546224e-06
CNDP1,-0.00014859624,-0.00042117015,-0.00029270723,8.6581334e-05,-0.00062245876,-4.4826418e-05,0.00016514584,2.2077584e-05
ARPC1A,-0.0001887437,-0.00037997589,-0.00025137328,9.866152e-05,-0.0007717684,-9.851251e-05,0.00012884475,2.1117157e-05
PTGR1,-0.00033674948,-0.00030665472,-0.0003073234,0.00024605636,-0.0029059872,-0.00034081377,4.7656707e-05,2.906716e-05
SUCLG2,-0.00032010674,-0.0005313661,-0.00051404163,0.0002572639,-0.0025118366,-0.00024092197,0.00020087697,3.7349062e-05
FAM149A,1.811795e-05,-0.00024901144,-5.4247677e-05,-5.681347e-05,0.0008317083,4.894659e-05,6.9660135e-05,8.347677e-06
HSPA14,-0.00018260628,-0.00042878278,-0.00030403212,4.9958937e-05,-0.00063375384,-3.7586316e-05,0.00018609315,2.387783e-05
CAMK2A,0.00041648932,0.0006179996,0.00065612234,-2.9073097e-05,0.0011620224,3.0266121e-05,-0.00047982205,-2.7518836e-05
WTIP,0.00038008764,0.0004447885,0.000658907,-0.0002784729,0.0009319633,0.00022522919,-0.0002928367,-3.078638e-05
HBB,-0.000526838,-0.0009100847,-0.00089628436,0.00032582507,-0.0018503219,-0.00017323438,0.00045878626,5.439436e-05
FGFRL1,-0.00034173205,-0.00059400126,-0.00063017383,0.0002337452,-0.0010663942,-0.00012412714,0.00028706342,4.1194377e-05
SCUBE2,0.00013529696,4.8223883e-06,0.00015788339,-0.00021475367,-0.00065010786,0.00031652953,8.902419e-05,-1.1907192e-05
NFKBIL1,0.0002434235,0.00017872825,0.00029003806,-0.00012964197,-0.000547722,0.00020273309,-0.00010489207,-1.2297649e-05
FAM117B,-0.00067600235,-0.001161743,-0.0011505913,0.00044943113,-0.0030587912,-0.00022816705,0.0005779313,7.041625e-05
AFG1L,0.0001693517,0.0002531167,0.00038649328,-0.00012594461,0.000955604,0.00010929443,-0.00019617472,-1.5812228e-05
LRRTM3,-0.00011657737,-0.000108411536,-0.00015358813,6.341655e-05,-0.0016883165,0.00017132144,0.000119473785,9.806245e-06
SRP54,4.340522e-05,4.1916966e-05,0.00021098182,-0.000107213855,0.00035899132,5.3680502e-05,-7.68248e-05,-5.760463e-06
CD53,-0.00037704408,-0.00075465813,-0.00066151284,0.00023355335,-0.0012167692,-0.00018815696,0.00033789873,4.3839565e-05
IGF2BP2,-9.808503e-05,-0.0005138535,-0.0003697984,6.8449415e-05,-0.0006312728,-3.3401884e-05,0.00021166913,2.7833274e-05
MRPS22,-0.00024015643,-0.00016171858,-4.0106475e-05,0.000116670504,-0.0007474646,-0.00024736393,-4.646927e-05,1.2459466e-05
APOBEC2,-0.00011382997,-0.0003971737,-0.00018510036,4.2710453e-06,-0.00035389513,-3.3277087e-05,0.00013406947,1.6907346e-05
CASP8,6.2998384e-05,-0.00018295087,-0.00010228157,-1.3688579e-05,-0.0001225546,0.0001400942,9.296276e-05,9.264913e-06
CAMLG,-7.8286976e-05,-0.00025788322,-0.00020133145,0.00013082754,-0.0013599917,-1.4838763e-05,8.650031e-05,1.6832026e-05
AHRR,-0.00022086687,-0.00029136986,-0.00033831038,0.00025360938,-0.0014632717,-0.00014548656,8.737575e-05,2.5549554e-05
KCNK6,0.00022739358,0.00011475198,0.00012571923,-5.4065138e-05,0.000258103,0.00016930327,-6.353576e-05,-2.704328e-06
PRMT2,-0.00020040758,-0.00059665553,-0.00047600642,0.0001523532,-0.000995107,-5.132612e-05,0.0002658926,3.2352167e-05
CMKLR1,0.00034761243,2.926588e-05,0.0002216436,-0.00024966057,0.0010173544,0.0003683027,1.6290694e-05,-1.0214397e-05
CNPY2,1.8630177e-05,2.182275e-05,3.9657578e-05,7.439777e-05,9.902567e-05,-2.0738691e-05,-7.3252246e-05,3.4924597e-06
SHQ1,4.6670437e-05,2.0813197e-05,-1.752004e-05,7.579662e-05,-0.00068270415,0.00010828022,-1.1032447e-05,4.4505578e-06
FAM210A,-0.0001081042,6.446801e-05,8.0399215e-05,0.000112719834,0.00026965886,-8.51769e-05,-0.00012143981,2.0018779e-06
EIF5A,-0.0003266465,-0.00039307214,-0.0003122352,0.00020284764,-0.00093102455,-0.00022705877,0.000100636855,2.6104623e-05
AVL9,-0.00014868006,-0.00041294098,-0.00025928393,6.382447e-05,-0.0007405132,-0.00014235778,0.00013811793,2.1399814e-05
PELI3,0.00034869276,0.00029526278,0.00050477684,-0.00018804055,0.0023861453,0.00010210555,-0.00027569477,-1.9892119e-05
SLC25A39,-0.00014537573,-0.00027903728,-0.00025073625,0.00013623666,-0.0006015226,-8.321926e-05,8.8708475e-05,2.110633e-05
ATP2B2,-8.978881e-05,4.0534884e-05,5.510822e-05,0.00020418596,0.0012085512,-0.00027345726,-0.00021386612,7.5658318e-06
CCDC73,-0.00019800849,-0.00025893375,-0.00017582253,0.00014222227,-0.0017219782,-0.00016424106,4.1386113e-05,1.8290128e-05
SH3BP1,5.7470053e-05,8.324161e-06,0.00012961216,-2.117455e-05,0.0004710257,4.094001e-05,-7.503852e-05,-9.845244e-07
SCP2,-0.00021326356,-0.00025515072,-0.00021238811,0.00018207729,-0.00044552982,-0.00021510059,2.0002015e-05,2.1051499e-05
PERP,-0.00036557764,-0.00080529787,-0.0005777087,0.00019846577,-0.00071240216,-0.00020605372,0.00029440317,4.1453983e-05
CORO6,-0.00019818917,-0.00068229623,-0.00051475875,9.0939924e-05,-0.0011117235,-1.619663e-05,0.00032707397,3.3412478e-05
SHD,0.00023131445,0.00055304915,0.0005806312,-7.73184e-06,0.00033448637,5.672686e-06,-0.00042444188,-2.2322172e-05
HDAC7,0.00020421483,-0.0001305025,7.9644844e-05,-0.00015742797,0.000101685524,0.00022984575,5.1331706e-05,5.294569e-07
HIST1H2AE,-0.00021708943,-0.00048895366,-0.00036055222,0.00012257323,-0.0011222437,-8.885935e-05,0.00019481964,2.6362599e-05
TFAP4,0.00018928573,0.00039112754,0.00037340634,-3.7199818e-05,0.0010061264,0.00017972104,-0.00022685435,-1.8003513e-05
JDP2,0.000240013,0.00052311644,0.0005880911,-3.885664e-05,0.0013948232,-8.385908e-05,-0.00043797772,-2.2833352e-05
RELN,-9.719096e-05,-0.00018939376,-0.00010165386,0.00012835581,0.00083906204,-0.00020722765,-4.555378e-05,1.5443307e-05
SPRED3,0.00018309802,0.00012781285,0.00027161464,-5.2289106e-05,0.0019787103,-6.259419e-06,-0.00019353721,-7.0794486e-06
PRDM1,-9.507686e-05,-0.00024478883,-0.00012969412,0.0001007691,-0.0012105033,-6.855186e-05,5.740393e-05,1.274643e-05
POR,-0.00017026253,4.39398e-05,4.483387e-06,0.00015828479,-0.0016883239,-0.00016089343,-0.00010453258,8.327537e-06
ZNF99,-9.781681e-05,-0.00028242543,-0.0001804959,3.3436343e-05,-0.0004826188,7.597357e-05,0.00013385154,1.406332e-05
CHAF1A,4.17009e-05,-0.00012274832,8.785166e-05,-7.51866e-05,0.0011567771,-6.7302026e-05,-5.6927092e-05,4.440197e-06
GEMIN8,0.00015296414,0.00010376237,0.00028470345,-0.000121530145,0.001562722,4.334841e-05,-0.00015985128,-7.3827105e-06
BANK1,-0.00010682084,-0.00043908693,-0.00027167797,5.5400655e-05,-0.0005879998,-2.3367815e-05,0.00016955566,2.1038111e-05
AP2S1,-0.00018596463,-0.0003230516,-0.00024269708,0.00016173907,-0.000981614,-0.00017146114,7.127132e-05,2.1899468e-05
CYP2D6,-0.00021708943,-0.00048895366,-0.00036055222,0.00012257323,-0.0011222437,-8.885935e-05,0.00019481964,2.6362599e-05
CENPV,-0.00012182817,-0.0005538091,-0.00047913752,7.84006e-05,-0.001817368,0.000118079595,0.00033058878,2.9394985e-05
MXD4,0.00011812337,-0.00020623952,0.00013146363,-0.0002020942,0.002840072,3.8268045e-05,-7.015653e-06,5.0722156e-07
CACFD1,0.00015038438,-0.00046767108,-0.00023945235,-0.00019558985,-0.0007882416,0.00040010922,0.00033717323,1.3516867e-05
PITHD1,0.00011123158,9.05972e-05,0.00012896024,-1.2240373e-05,-0.00081979483,0.00012911018,-6.0620718e-05,-2.0328443e-06
H2AFV,-0.00021708943,-0.00048895366,-0.00036055222,0.00012257323,-0.0011222437,-8.885935e-05,0.00019481964,2.6362599e-05
PRPF39,-0.0007358715,-0.0017104968,-0.001466075,0.0003533587,-0.0033789203,-0.00030191522,0.0008523222,8.838426e-05
SGSM3,-0.00018767454,-4.2406842e-05,0.00012597628,6.0106628e-05,0.00073455274,-0.00030944124,-0.00017472822,5.8113365e-06
KLHL36,-3.4449622e-05,-8.369051e-05,-2.6270747e-05,7.832982e-05,0.0011358112,-0.00014294684,-7.700175e-05,1.0733958e-05
ASNS,-0.0005143322,-0.0007594563,-0.0007021278,0.00034371205,-0.0016670078,-0.0003930796,0.00027203187,4.9910508e-05
INSYN1,0.00016860664,2.297759e-05,0.00015169755,-9.723939e-05,0.00066278875,0.00012553483,-4.8478134e-05,-4.2270403e-06
SOCS7,-0.0003098771,-0.0011476651,-0.00082897395,8.826237e-05,-0.002420187,7.761642e-05,0.00060189795,4.8970687e-05
SMEK2,-0.00021708943,-0.00048895366,-0.00036055222,0.00012257323,-0.0011222437,-8.885935e-05,0.00019481964,2.6362599e-05
MBD6,0.00036559626,0.00035205297,0.00042328425,-0.0001130756,0.0010271743,0.00017827936,-0.00023875851,-1.8493272e-05
VWC2,4.507415e-05,-4.4055283e-05,0.0001443252,-0.00011593755,-0.00084239244,0.000114452094,1.8924475e-06,-3.6692945e-06
PNKP,-0.0003333427,-0.00044181757,-0.00034749322,0.00017115474,-0.00032915175,-0.00031120284,0.00010590069,2.8950628e-05
GGA3,0.00029043853,0.00046954677,0.00047251955,-1.888536e-05,0.0015503839,4.827138e-05,-0.00034692977,-1.9929605e-05
AKR1C2,0.00031830184,0.00018613972,0.00030938722,-6.80536e-05,0.0004658848,6.304495e-05,-0.00020054635,-8.9072855e-06
ENAM,0.0002187267,0.0001606606,0.00023544766,-3.362447e-05,0.0009815022,8.037593e-05,-0.00016274583,-6.7842193e-06
SCIN,-3.912486e-05,-0.00015914068,-0.000117247924,0.00014913175,-0.00038783997,-0.00013022497,-1.6924925e-05,1.403084e-05
TTC31,0.00023842603,0.00020743534,0.00025970675,-5.183369e-05,0.00033023208,0.0001338739,-0.00014908332,-9.516254e-06
LRRC27,-2.7380884e-05,-0.0003197603,-8.02502e-05,-2.746936e-05,0.0011690184,-4.0062703e-05,6.822217e-05,1.0533142e-05
DNAJB5,-0.0006351024,-0.0011341777,-0.0009142291,0.0003123749,-7.619709e-05,-0.0004169559,0.00042880327,6.2632374e-05
TOB1,-0.00014800578,-0.00033693016,-0.00027914904,0.0001307996,-0.0018378422,-8.998439e-06,0.00014769007,2.0736828e-05
USPL1,6.4319e-05,7.251464e-05,0.00021543913,-1.32564455e-05,0.0013092682,-0.00012154039,-0.00019819383,-6.542541e-07
NKAIN1,-1.0406598e-05,-8.524582e-05,-9.6961856e-05,6.793719e-05,-0.00080408156,5.7612546e-05,3.7974678e-05,1.0899035e-05
ZNF326,-1.3645738e-05,-0.0003214348,-0.00015122443,-4.3641776e-06,-0.00047248602,0.00011287164,0.00013308413,1.3662619e-05
SCN2B,0.00035945326,0.00037141144,0.0004619565,-0.0001562573,0.0007661432,0.0002390556,-0.00022598263,-2.122589e-05
AP1M1,-0.00014643557,-9.624101e-05,1.8451363e-05,8.8172965e-05,-0.00045967847,-0.00016235327,-6.566942e-05,7.747207e-06
DTX4,-0.00017690286,-0.0007288065,-0.0005032271,6.0118735e-05,0.00026117265,-5.29401e-05,0.0003116224,3.4234603e-05
SYT3,0.00027816556,-1.4703721e-05,5.8000907e-05,-0.00011818111,0.00085740536,0.00025167782,3.5676174e-05,-1.8024584e-06
BMX,0.000120641664,-6.999634e-05,0.00010918081,-5.8300793e-05,0.0011358634,6.12326e-05,-4.631374e-05,-1.9196887e-07
HIST1H3B,-0.00021708943,-0.00048895366,-0.00036055222,0.00012257323,-0.0011222437,-8.885935e-05,0.00019481964,2.6362599e-05
GPR21,0.0003846772,0.00033433922,0.00054093264,-0.00027116016,0.00096789,0.00030445494,-0.00020735245,-2.4526613e-05
AP1S3,0.00020097755,0.00012641214,0.0002814196,-0.000109601766,0.0015933514,1.9108877e-05,-0.0001742607,-7.510069e-06
FGB,-2.6706606e-05,-0.00024059787,-8.462556e-05,-2.0820647e-05,0.00072122365,2.2714958e-05,6.3386746e-05,1.1344091e-05
RAD51AP2,-0.00016559474,-0.0004926361,-0.000346303,7.488113e-05,-0.00070171803,-1.1622906e-06,0.0002197288,2.4363166e-05
RHPN1,-6.596558e-05,-0.00017190538,-1.0564923e-05,4.9464405e-05,0.0002848953,-0.00015579071,-4.739687e-05,9.868643e-06
HIST1H4L,-0.00021708943,-0.00048895366,-0.00036055222,0.00012257323,-0.0011222437,-8.885935e-05,0.00019481964,2.6362599e-05
CCNJL,0.00016034208,0.00017508864,0.00032619946,-7.707067e-05,0.0003709495,2.7277507e-05,-0.00018928852,-1.0148855e-05
KCNMA1,-0.0002203267,-0.0005634241,-0.0005332045,0.00014315452,-0.0015829131,-3.908854e-05,0.0003097728,3.2848213e-05
PIK3CA,0.00012468919,0.00020230561,0.00018400885,0.00019770116,0.0004779771,-0.00019518798,-0.0002844641,-7.903436e-07
PIK3IP1,-0.00013124198,-9.161979e-05,-8.403137e-05,0.000115501694,-0.0009412095,-5.6125224e-05,1.7601997e-06,1.0205316e-05
HHIP,0.00017721392,0.00038250163,0.00043280795,-3.6803074e-05,0.0015790462,-2.4352223e-05,-0.0003324123,-1.3962854e-05
CATSPER1,-0.00017509982,-0.00043442287,-0.00030423142,0.00010189321,-0.00080583245,-6.733276e-05,0.00016517751,2.3084693e-05
UBC,-0.00041365437,-0.0009380039,-0.0007714294,0.00022609998,-0.0015225708,-0.00012590596,0.0004380839,4.917197e-05
ADAM7,-0.00015841238,-0.0004039295,-0.00026107766,9.419676e-05,-0.00065489113,-7.9208054e-05,0.00013418496,2.1391083e-05
LGSN,7.844716e-05,-3.8946047e-05,4.643388e-05,-4.5058317e-05,0.000193201,0.00010231882,-5.6177378e-06,2.1194573e-06
OGFR,0.00038391165,0.0001591593,0.00027255155,-0.00014803279,0.00083687156,0.00021275785,-0.00011952501,-9.572366e-06
BHLHA9,-0.00022361428,-0.0004936978,-0.00036593527,0.0001263693,-0.0011237562,-9.5377676e-05,0.00019566063,2.674642e-05
AMER3,0.00047097355,0.0004494656,0.0005026441,-0.00017014705,0.0005007386,0.00032423716,-0.00023753662,-2.4778652e-05
POLR3F,0.00033569708,5.1163137e-05,0.000182461,-0.0001553148,0.0005952269,0.00017942395,-6.05369e-05,-4.1350722e-06
ATP23,0.00015166216,4.5407563e-05,0.00014669448,-3.7135556e-05,0.00033577532,8.63364e-05,-8.626096e-05,-2.1752203e-06
PRMT9,0.00048539042,0.00046220422,0.0006424654,-0.00027977582,0.003188841,0.000251621,-0.00031245034,-3.0788244e-05
SH3RF3,6.5062195e-06,-0.00033594668,-0.00010522455,-0.00010784622,0.0010820702,0.0001083361,0.00013987627,1.0543154e-05
TNRC6B,-0.000588933,-0.0014339536,-0.0012600292,0.00034185965,-0.0036566034,-0.00012687128,0.00075376686,7.3603005e-05
TTC30A,0.00017035753,0.00028308667,0.0004064776,-9.211525e-05,0.0014716387,-6.911345e-06,-0.0002677897,-1.3453187e-05
TLR10,-5.955808e-05,-0.0003505256,-0.0002553556,5.1867217e-05,0.00043546408,4.7755428e-05,0.00014945678,2.0054635e-05
KCNH7,2.7157366e-05,5.6535006e-05,0.00010966882,2.2142194e-05,-0.0014497563,6.8591908e-06,-7.3490664e-05,3.958121e-08
PDF,8.9377165e-05,-8.49925e-05,0.0002240818,-0.0001637768,0.00010699779,-2.3496337e-05,-6.8990514e-05,-3.839261e-06
SNAP91,-0.00048062578,-0.0010694619,-0.0009443164,0.0002721008,-0.0025096983,-0.00014418131,0.0005423641,5.7832338e-05
RAP1A,0.00019376725,0.00017103553,0.00038694218,-0.00014809519,0.001088582,9.374693e-06,-0.00020811055,-1.2689736e-05
AKAP10,0.00035483204,0.00069977343,0.00069300644,-8.650776e-05,0.0016299337,8.2081184e-05,-0.0004642764,-3.0997442e-05
CSNK1G3,-0.000162201,-0.00053447485,-0.00034394115,7.8877434e-05,0.0016728118,-0.0001485548,0.00015750062,2.814026e-05
HCN2,3.3851713e-05,-0.00023925863,-0.00012402982,1.528114e-05,-0.00047405064,4.9605034e-05,7.948e-05,1.2842356e-05
FSHR,-0.0001882445,-0.00055048056,-0.00038981624,8.8229775e-05,-0.0011752173,-4.3584965e-05,0.00024335459,2.7094386e-05
SPO11,-0.00021708943,-0.00048895366,-0.00036055222,0.00012257323,-0.0011222437,-8.885935e-05,0.00019481964,2.6362599e-05
INSIG2,0.00017559715,8.1913546e-05,0.0003618002,-0.00019716285,0.0009780377,8.251425e-05,-0.00014284905,-1.233723e-05
COLEC10,-0.00019992515,-0.0004468728,-0.00033087656,0.00012269523,-0.0010460839,-8.514989e-05,0.00017221458,2.4783076e-05
TSPAN17,0.00070752576,0.0003909245,0.000606874,-0.00044099707,0.0027241185,0.0005650278,-0.00015624147,-3.3703982e-05
UBE2H,-0.00039354712,-0.0006782543,-0.00063690357,0.00033210218,-0.001934357,-0.00028994773,0.00024414714,4.4655753e-05
IMPACT,-5.1505864e-05,-9.821914e-05,-5.321391e-05,4.3387525e-05,-0.00012221187,1.2512319e-05,1.1275522e-05,8.296687e-06
DLX4,-0.00022638589,-0.00058940984,-0.00044379942,0.00012450386,-0.0013330653,-5.9986487e-05,0.000258361,3.0319672e-05
ELL2,1.6765669e-05,5.112961e-06,0.0001332406,6.8879686e-05,-0.00017062575,-0.00018306635,-0.00016771909,3.2639364e-06
CEP85L,-0.00021934137,-0.0002447907,-0.00017804839,0.00014546607,-0.0019466653,1.32303685e-05,9.288266e-05,1.5626545e-05
SIX2,-0.0001445692,-0.00041582622,-0.0003067553,0.00014231727,-0.0015331358,-0.00012488244,0.00014113169,2.3753964e-05
EMC4,0.000116143376,-4.3991953e-05,0.00013515353,-7.670093e-05,0.0006323382,6.1612576e-05,-5.032122e-05,-1.3152603e-06
GABRB2,-0.00032002106,-0.0002161786,-0.00032272935,0.00030489825,-0.0028586015,-0.00013431348,7.06194e-05,2.5302987e-05
MAK,9.613112e-06,-2.1366403e-05,0.00022664294,-7.883087e-05,0.001879327,-0.00018893927,-0.00017315242,-4.6449713e-07
TAOK2,0.0003932342,7.117167e-06,0.00019709766,-0.0001939768,0.0019921288,0.00026696548,-3.2473356e-05,-7.5545395e-06
CRYGS,-0.00023931824,-0.00033555366,-0.00014457852,2.6393682e-05,-0.00030002743,-9.546615e-05,9.471923e-05,1.5691854e-05
DNASE1L3,-0.00017183647,-0.00043604337,-0.00029903278,0.00010434259,-0.00019933283,-0.00010062009,0.0001439508,2.3755478e-05
PDCD6,-4.5720488e-05,-0.00015699491,-2.5868416e-05,5.8244914e-06,-2.4907291e-05,1.7219223e-05,2.4457462e-05,7.5601274e-06
ADA,-3.9894134e-05,-0.00018095411,-0.0001665242,6.071292e-05,-0.0019972548,0.00012233388,0.00013002846,1.12183625e-05
MTMR2,-0.00021936,0.00012558326,8.3116814e-05,0.00020463858,-0.00082489103,-0.00021555135,-0.0001739962,3.0200463e-06
GPR1,0.0004933588,0.00042133965,0.00061204284,-0.0003054291,0.0011449158,0.00038708746,-0.00022662338,-3.1811884e-05
LGALS8,0.00014585629,-4.79538e-05,-4.0970743e-05,-6.300397e-06,2.272427e-06,0.00017433334,3.8791448e-05,5.2546384e-06
WDR20,-6.4857304e-06,-0.00019780174,-2.1288171e-05,1.9058585e-05,-0.00082661957,-9.221025e-05,5.988404e-07,8.833362e-06
ALOXE3,8.2772225e-05,-0.00013744831,3.0620024e-05,-8.619204e-05,-0.00025442243,0.00013118424,5.5133365e-05,1.6766135e-06
PRKRA,-6.876327e-05,-0.00011854246,1.5912578e-05,2.540648e-05,0.00025252253,-6.800331e-05,-3.950391e-05,8.036732e-06
AP4M1,0.00014359504,-2.278015e-06,0.00020215474,-9.2834234e-05,0.0012549758,-6.6915527e-06,-0.00010961946,-3.5762787e-06
SRRM2,-0.00067107193,-0.0014016721,-0.00120648,0.00030241255,-0.0021780282,-0.00018244144,0.00071323477,7.238006e-05
UCKL1,-0.00015389174,-0.00016628951,1.6577542e-06,4.541315e-05,0.00047892332,-0.00024183281,-7.1497634e-05,1.1645374e-05
SCN3B,-0.00069189444,-0.0012329407,-0.001121968,0.0004554782,-0.0035582334,-0.00035652705,0.0005569998,7.089833e-05
PSMB10,0.00013327599,-0.000115361065,5.0205737e-05,-8.013751e-05,0.0001944527,6.698258e-05,7.6349825e-06,2.6860507e-06
REEP5,-7.579848e-05,-0.0003175456,-0.00024954602,0.000115572475,-0.0014188811,2.4042092e-05,0.00013304502,1.9334373e-05
DYRK1B,-4.659407e-05,0.00013202615,0.00024498813,5.442556e-05,0.0020101294,-0.00027407287,-0.0002698535,-1.6753329e-06
NXNL1,-0.00020631775,-0.0004849173,-0.0003542602,0.00011602696,-0.0010397956,-8.155126e-05,0.00019359961,2.5945832e-05
ZNF790,0.00014973432,-0.00016956776,3.9957464e-05,-0.00013877824,0.0017116815,0.000188265,5.8577396e-05,1.0341173e-06
KCTD2,-8.249469e-05,-0.00065602176,-0.0005528759,0.00015887152,9.9375844e-05,-9.2553906e-05,0.00027323235,3.6685262e-05
ADCY9,0.0006472003,0.0010621548,0.0012924057,-0.00040785968,0.004271731,0.00020154193,-0.00072449725,-6.176962e-05
CLIP1,-0.00052874535,-0.0013001673,-0.0010152385,0.00016891677,-0.0021484941,-0.00016444409,0.00065177213,6.147486e-05
HPF1,0.00024169311,4.8406422e-05,0.00022648275,-0.000174121,0.0020258352,0.00020451657,-6.3232146e-05,-7.667462e-06
TRIP11,7.0780516e-05,-4.1281804e-05,0.00033871084,-0.00025532953,0.0021515787,8.585863e-05,-9.4559975e-05,-9.62941e-06
ADAMTS15,0.00019942783,0.00019150041,0.00020839833,-4.293397e-05,-0.0004421845,0.00019723643,-9.576697e-05,-8.516945e-06
DTWD1,-0.00015735999,8.0201775e-05,0.0002132915,-9.297393e-06,0.0015156493,-0.00023299735,-0.00019610208,-1.0532094e-06
DCTN5,4.4478104e-05,-1.225248e-05,0.00010623783,-1.0515563e-05,-0.00034347177,-2.30968e-06,-7.128343e-05,1.6962877e-06
SLCO3A1,0.00019318797,-1.9412488e-05,0.00011027977,-0.00012456533,-0.00096046925,0.000197744,2.5940128e-05,-3.3895485e-06
LARP4B,0.0002935864,-0.00011754967,0.0001258105,-0.0001987908,0.0017011911,0.00024621654,3.313832e-05,-3.9944425e-06
DOC2B,-0.00021354854,-0.00045883283,-0.0003467817,0.00014324114,-0.0014904365,-0.00010335352,0.00017620623,2.5635236e-05
CD74,-2.3311004e-05,-0.00033748895,-0.00015448406,-4.202593e-05,0.0005789846,0.000104517676,0.00014988612,1.3577868e-05
KCNS3,0.00029254518,0.00015382096,0.00040460192,-0.00025646947,0.0011404976,0.00016588438,-0.00014568958,-1.5983474e-05
CCSER1,-0.000111192465,-0.00015671924,-7.564761e-05,0.00014503952,-0.00063260645,-0.00012143748,-3.18354e-05,1.30358385e-05
TMEM169,0.00019470043,0.00033410452,0.00034899637,7.606577e-05,-0.00029848516,-8.8714994e-05,-0.00032137055,-8.266885e-06
ORC3,0.00018190034,0.00027543865,0.00039990433,-9.1693364e-05,0.0014087111,-3.380049e-05,-0.00027100462,-1.2068776e-05
STMN2,-0.0009200759,-0.0016701259,-0.001557529,0.00056966394,-0.0036425218,-0.00036729267,0.0008197352,9.3299546e-05
ITCH,0.0002097711,-0.0001369454,8.621439e-05,-0.000103271566,0.00082132965,9.680446e-05,-1.7536804e-05,3.7376303e-06
RTKN,-0.00026273914,-0.0003131088,-0.00032535568,0.00023503602,-0.002666466,-0.00015201978,0.00010102615,2.5949092e-05
ZNF91,-2.4648383e-05,-0.00024005957,-0.00014116056,6.8244524e-05,0.001029253,-2.650451e-05,4.507322e-05,1.3860874e-05
CDC40,0.00023986585,-5.1464885e-06,0.00017467327,-0.00020884164,-0.00036530942,0.00034407806,4.1720457e-05,-7.5147254e-06
CROCC2,-0.00021708943,-0.00048895366,-0.00036055222,0.00012257323,-0.0011222437,-8.885935e-05,0.00019481964,2.6362599e-05
ZNF555,0.00020344928,-0.00011221878,0.00020072795,-0.00022490881,0.0018501803,0.0001595607,-1.7210841e-05,-4.802947e-06
PTPRR,0.00033796392,0.00047176518,0.0008037668,-0.00027546007,0.003509976,-2.9616058e-07,-0.00046104658,-3.184995e-05
HMGB1,-0.00044975057,-0.001057161,-0.00090496056,0.00025876053,-0.0015610307,-0.0001079496,0.00051860977,5.5334647e-05
C1orf127,-0.00012887642,-0.00027128495,-0.00015237741,0.00011349749,-0.0008869171,-0.000108351,4.8091635e-05,1.5709666e-05
TPD52L1,0.00020316988,-1.6074628e-05,8.218177e-05,-0.00011331495,-0.0014782324,0.0003571557,7.88942e-05,-5.3376425e-06
ZNF385D,0.00030111521,0.0004519038,0.0005336609,-0.00014264975,-0.00017051399,0.00020208582,-0.00026794244,-2.5615213e-05
B4GALNT1,3.8594007e-06,5.9954822e-05,0.00025882944,-9.144191e-05,0.00069408864,-6.4027496e-05,-0.00014089886,-5.0668605e-06
HCN3,-0.00024660677,-0.0005364381,-0.00031186827,0.000101774,-0.0015754402,-8.0131926e-05,0.0001783818,2.7260627e-05
NECTIN1,-7.305108e-05,-0.0004893206,-0.00037901662,-3.9747916e-05,-0.00036535412,0.00019657332,0.00031973608,2.238329e-05
SLC25A1,-4.2121857e-05,-4.6998262e-05,-4.310906e-05,0.00011454709,4.6148896e-05,-9.3123876e-05,-5.5436045e-05,9.936397e-06
CALM3,-0.0005103871,-0.0010930188,-0.00096577965,0.0002848953,-0.0017409176,-0.0001414651,0.00055012666,5.879323e-05
NR0B2,-0.00021708943,-0.00048895366,-0.00036055222,0.00012257323,-0.0011222437,-8.885935e-05,0.00019481964,2.6362599e-05
PNLIPRP1,-0.00020303763,-0.00046810508,-0.00033299997,0.00010812748,-0.001020968,-8.02828e-05,0.00018331409,2.486445e-05
MAPK8IP2,7.563643e-05,-0.00021782145,-0.00011545047,1.707673e-05,0.00043453276,7.078983e-05,6.907992e-05,1.1781813e-05
TNRC6A,-0.00052198954,-0.0010553375,-0.00094799884,0.0003384715,-0.0018189624,-0.00024608336,0.00047869328,6.016856e-05
MPHOSPH8,-0.00029442273,-0.00065019727,-0.00047890656,0.0001738714,-0.0009115264,-0.00014395732,0.00025325082,3.3650198e-05
NAPRT,-0.0012316462,-0.0016759895,-0.0016427021,0.0007186793,-0.0057637617,-0.000864374,0.0007328028,0.000102870865
HUNK,-0.00013738312,-0.00034851395,-0.0002618078,6.523263e-05,-0.001394935,-3.6042184e-07,0.0001721438,1.839071e-05
MRPL19,7.349439e-05,4.466623e-06,0.00010712445,-9.9884346e-05,-0.0017131418,0.00023060944,4.4029206e-05,-4.372094e-06
COX11,1.9637868e-05,-0.0002647899,-6.172992e-05,-9.04249e-05,-0.002047442,0.000104411505,0.00013477169,8.132076e-06
KCNN4,-5.8617443e-05,-0.00034206174,-0.00018256158,2.9337592e-05,-0.00012865663,1.8198043e-05,0.00011726469,1.6124686e-05
RNF152,6.386638e-05,0.0003050007,0.00028543174,3.1245872e-05,-0.00044851005,-4.5641325e-05,-0.00023862626,-7.709023e-06
DUT,-8.15019e-05,-0.00016309507,-3.707409e-05,6.839633e-06,0.00037424266,-1.268927e-05,2.2107735e-05,8.677249e-06
SLC22A7,-0.00016993098,-0.00035738945,-0.0002500806,0.0001129983,-0.00019091368,-0.00010258984,0.00010502897,2.091867e-05
DDAH2,-0.000400709,-0.0006095711,-0.00045416132,0.00022727065,-0.0008962229,-0.00031120516,0.00018112082,3.4560333e-05
FNBP1,-0.00011760555,-0.00039813668,-0.00026174076,0.00014596991,-0.00041440874,-0.00017906167,7.88793e-05,2.3949193e-05
SLC4A5,0.00041297823,0.00066103786,0.0006346069,-8.876249e-05,0.002065234,0.00014325697,-0.00041568186,-2.9989285e-05
RNF38,-0.00040517934,-0.00074156,-0.00069320947,0.000278051,-0.0021949783,-0.00015536696,0.0003535999,4.3898355e-05
PEMT,-0.00044399686,-0.0006107297,-0.000530811,0.0001825327,-0.0032408163,-0.00014292775,0.00031078234,3.5086414e-05
SCRIB,0.00022357143,-0.0002384074,-1.4623627e-05,-0.00018887222,0.0006120354,0.00024284981,0.00012752134,4.1760504e-06
TTC1,0.00019021705,9.580329e-05,0.0003460124,-0.00021866988,0.0023179576,0.00017033052,-0.0001135217,-1.4121644e-05
TFAP2C,-0.0005093999,-0.0011028461,-0.0010049846,0.00028818846,-0.0036356822,-0.00020727376,0.0005706046,6.1069615e-05
TBX21,-6.665662e-05,-0.00026860833,-0.00013399869,5.2859075e-05,0.00012950599,-3.2537617e-05,6.277673e-05,1.3787998e-05
FGF6,-0.00021708943,-0.00048895366,-0.00036055222,0.00012257323,-0.0011222437,-8.885935e-05,0.00019481964,2.6362599e-05
NOL4L,-0.00038264878,-0.0005790293,-0.00049964525,0.00023510773,-0.0004967302,-0.00018858863,0.00022671651,3.4237164e-05
C10orf12,-0.00021708943,-0.00048895366,-0.00036055222,0.00012257323,-0.0011222437,-8.885935e-05,0.00019481964,2.6362599e-05
LIN7A,0.0006340612,0.0008837506,0.00096990913,-0.0003790632,0.0018353015,0.0003873622,-0.00046809483,-4.9619004e-05
ZBTB21,0.0001809895,6.904639e-05,0.00023586117,-6.0486607e-05,0.00096368045,-1.818873e-06,-0.00015656743,-4.693633e-06
FMNL3,0.00010531582,6.747246e-05,0.00013311766,5.660765e-05,0.0009129122,-7.941853e-05,-0.00015319232,1.169974e-07
HMCN2,6.267801e-05,-6.5999106e-05,0.00013390929,-5.228445e-05,0.001084581,-4.6350993e-05,-8.2589686e-05,3.1269155e-07
ZP4,-0.00018686429,-0.00046573952,-0.00032807887,0.00010489952,-0.00082390755,-7.546693e-05,0.00017899554,2.4634064e-05
PHACTR1,0.00023114868,0.0003096182,0.00036176853,-9.371713e-05,0.0007176474,0.00016492698,-0.00019908044,-1.4208257e-05
CCNB1,-0.00024233945,-0.00056633353,-0.00037742592,1.5746802e-05,-0.0013338178,1.723785e-05,0.00029117335,2.4732202e-05
SLC51A,-0.00023325719,-0.00054420345,-0.00040278584,0.00011873245,-0.001270026,-8.529797e-05,0.00022917055,2.8627575e-05
RIN2,-8.188933e-05,-9.972602e-05,-8.827448e-05,8.175243e-05,-0.00027506053,2.451893e-05,3.3122487e-05,8.861767e-06
CDC23,-4.1119754e-05,-0.00036867335,-0.000278173,4.1492283e-05,-0.0003107339,0.00011363067,0.00019332208,1.878338e-05
ELAVL3,-0.0003691055,-0.00075799227,-0.0006106924,0.00019095745,-0.0021132827,-8.7052584e-05,0.0003593862,3.9866776e-05
TMEM260,-6.5006316e-06,-0.00043317676,-0.00021795556,-7.1329996e-05,0.00039654225,0.00011074729,0.00020265952,1.7660437e-05
RGSL1,-0.00022361428,-0.0004936978,-0.00036593527,0.0001263693,-0.0011237562,-9.5377676e-05,0.00019566063,2.674642e-05
LMO3,-0.0002441667,-0.00026295148,-2.9951334e-05,6.903615e-05,1.5698373e-05,-0.00026495568,-3.3179298e-05,1.3530371e-05
ASCL2,-0.0001081489,-0.00050828233,-0.00029242598,5.3943135e-05,-0.00076358765,-1.585763e-05,0.00019428972,2.210401e-05
C1QL4,0.00037547946,0.0003921166,0.00042655878,-0.00016857684,0.00077875704,0.00029617734,-0.00017731171,-2.1996442e-05
FAXC,1.9859523e-05,-0.0004689712,-0.00026468,-3.3816323e-05,0.0014038235,6.174855e-05,0.00019398797,2.0014122e-05
PLAUR,0.0003061816,0.00014871359,0.00029150397,-7.948652e-05,0.0014212057,0.00013759825,-0.00015770551,-1.1250493e-05
C1R,0.00021128543,0.00038573332,0.00046582706,-0.00016999431,0.0015176311,0.00013073161,-0.0002503926,-1.9714935e-05
SAMD11,0.00035618246,0.0005904082,0.0005522352,-9.365473e-05,0.0009620786,0.00016219914,-0.0003504092,-2.5327434e-05
MAATS1,9.8912045e-05,0.0004434716,0.0003182348,9.176135e-05,0.00038842112,4.2836182e-05,-0.00028451066,-1.2836768e-05
FXN,2.9141083e-05,0.00018668734,0.00028051436,-4.5354478e-05,0.0009815842,-9.828247e-06,-0.00017500203,-9.488082e-06
RBM38,0.0004353933,0.00014447607,0.00037585385,-0.00024039857,0.0031923875,0.00024102721,-0.00015218463,-1.6335747e-05
LRRIQ4,-0.00021990389,-0.0004961919,-0.00036668964,0.00012372155,-0.0010469928,-9.438675e-05,0.00019645691,2.680067e-05
SENP2,9.926036e-05,-8.5433945e-05,9.51644e-05,-3.847573e-05,0.00083931535,-5.2748248e-05,-7.346552e-05,2.7711503e-06
ARHGAP22,-7.6919794e-05,-0.0001604259,1.1874363e-05,-3.0944124e-05,-6.4373016e-05,2.3677945e-05,2.5569461e-05,5.667098e-06
TOR1B,0.00015310943,4.5703724e-05,0.00035066903,-0.00019274838,0.0016693845,2.1877699e-05,-0.00015587267,-1.0429416e-05
FAAH,0.00026234053,0.0003407132,0.0005844869,-0.00020758621,0.0018036216,4.3284148e-05,-0.00031854678,-2.1971413e-05
ZNF560,-0.00016939454,-0.00045920536,-0.0003218148,9.220559e-05,-0.0011288449,-4.351046e-05,0.00018805079,2.3980043e-05
INTS14,-3.225915e-05,-0.00037960336,-0.0001511164,-4.005339e-05,-0.00030314177,2.5810674e-05,0.00013501197,1.4586141e-05
PXN,7.849932e-05,-0.000109037384,6.600842e-05,-0.00011269376,0.0006581992,0.00020089652,3.302656e-05,1.1613593e-06
TGM3,-0.00021068938,-0.00048221461,-0.00035033748,0.00011854246,-0.0010478869,-8.9623965e-05,0.00018879212,2.5859219e-05
PSMA1,-0.00017438829,-0.0005366858,-0.0003936384,9.799935e-05,-0.00046636164,-3.139209e-05,0.00023614708,2.737681e-05
AFF3,-0.00012218393,-0.0004047826,-0.00020874292,2.570171e-05,-0.0019853264,4.0309504e-05,0.0001760032,1.7215614e-05
SRSF11,-0.00055239163,-0.0011823643,-0.0010243729,0.000304983,-0.0026566163,-0.00016405573,0.00058452133,6.254192e-05
RNF128,7.995404e-05,-0.00020740554,-4.6450645e-05,-3.3091754e-05,-0.00049990416,0.00011113472,6.9971196e-05,7.770723e-06
PDE11A,0.0006478671,0.0008675512,0.0009567365,-0.000339929,0.0017238036,0.00039528962,-0.0004744092,-4.9263937e-05
PLPPR4,0.00027375296,-1.3615936e-05,0.0001436919,-0.0001732735,0.0004458502,0.00033964124,2.177246e-05,-4.3797772e-06
PLPBP,0.00011666305,0.00014088117,0.00032430328,-8.834619e-05,0.0014286861,-1.2706965e-05,-0.0001989631,-9.322539e-06
HIST1H2AD,-0.00021708943,-0.00048895366,-0.00036055222,0.00012257323,-0.0011222437,-8.885935e-05,0.00019481964,2.6362599e-05
ADIPOQ,-0.00020662136,-0.00051226653,-0.0003936123,0.00011603162,-0.0012797341,-4.827697e-05,0.00022789277,2.734596e-05
RSPH4A,8.2878396e-05,-6.427243e-05,0.00011399947,-7.265899e-05,-0.0006194711,-2.1168962e-06,-2.8966926e-05,-1.3501849e-06
ABHD17C,3.4714118e-05,-0.00028847717,-0.0001451429,-6.0619786e-05,0.0016395077,8.759089e-06,9.85479e-05,1.3893121e-05
GABRA4,5.4590404e-05,-0.00011165254,4.101731e-05,4.077889e-05,0.0017412603,-0.00014608353,-0.00010174047,7.1808463e-06
YY1,-0.000605613,-0.00096300617,-0.00090255775,0.0004208861,-0.0021179542,-0.00038344413,0.00038397498,6.037485e-05
XYLB,-0.00014281645,-0.00015285984,-9.3370676e-05,0.00018748548,-5.8718026e-05,-0.00028752303,-7.8096054e-05,1.5313155e-05
PTDSS2,-0.0002795644,-0.0005921405,-0.0005262755,0.00019338727,-0.0013971627,-0.0001898706,0.00024341047,3.652391e-05
UTP6,7.039122e-05,-7.5222924e-05,0.00011718273,-0.000118389726,0.0016125813,5.5694953e-05,-3.2274053e-05,1.0879012e-06
PDE4DIP,-0.0002128128,-0.0006505493,-0.00032104552,9.5926225e-08,4.0739775e-05,-8.683093e-05,0.00023108162,2.6931404e-05
ARL5B,3.4444034e-05,3.7668273e-05,4.0147454e-05,8.942094e-05,0.0005777478,-1.605507e-05,-9.445753e-05,3.9434526e-06
EPB41L4B,0.00055574626,0.00068059005,0.0008768495,-0.00033900887,0.003016591,0.00040464662,-0.00041125063,-4.4696033e-05
SNAP29,-9.296462e-05,-3.3063814e-05,4.371628e-05,6.0958788e-05,-0.00014726073,-0.00010702014,-8.337293e-05,6.448943e-06
CHRNA7,0.00047065504,0.0004126411,0.0006911941,-0.00033752993,0.0046045855,0.0002439078,-0.0003160173,-3.2867072e-05
STC1,0.000254618,0.0001842957,0.0002231989,-5.7138503e-05,7.6673925e-05,0.00015134457,-0.00011172611,-9.602634e-06
IZUMO1,0.00015724078,0.0001293458,0.00022184663,-8.218363e-05,-0.0004818961,0.00018373877,-7.6110475e-05,-8.802628e-06
CLRN1,-0.00026418082,-0.00044747256,-0.0003795065,0.00019667484,-0.0016767904,-0.00015861588,0.00016215257,2.7861912e-05
ADAD2,-0.00021068938,-0.00048221461,-0.00035033748,0.00011854246,-0.0010478869,-8.9623965e-05,0.00018879212,2.5859219e-05
CLEC14A,-8.860789e-05,-0.000388138,-0.00022536144,4.059635e-05,2.0124018e-05,2.5565736e-05,0.0001481492,1.706311e-05
KCND2,0.00018718839,-5.3619966e-05,-0.00013359264,-2.8391369e-05,-0.00078193843,0.0004470488,0.00017630309,4.0342566e-06
PLCB1,-0.00020320341,-0.00079698116,-0.00050190464,3.3467077e-05,-0.00030953437,6.334949e-05,0.00036601536,3.379013e-05
CPSF7,-0.00027981214,-0.000491634,-0.00042463094,0.00013766997,-0.00090400875,-8.87122e-05,0.00023214426,2.8814538e-05
ZNF226,0.00027667545,0.0006430317,0.0005718991,-4.6204776e-05,0.0020173937,0.00012405869,-0.00040085148,-2.6730238e-05
KPNA5,0.0005582385,0.00083856843,0.00089613907,-0.0002105236,0.0021011531,0.00024332944,-0.000535029,-4.205038e-05
VWC2L,1.4487654e-05,-0.00018045492,-6.2681735e-05,-5.7555735e-07,-0.0004452765,5.1660463e-05,5.462393e-05,8.948729e-06
TNFAIP3,0.00035298988,0.0007631872,0.00076430663,-0.00013035722,0.0011654645,0.00017149467,-0.00047169905,-3.5543228e-05
PAF1,0.00019455329,-1.0825694e-05,0.00018323399,-0.00015168171,0.0016708747,0.00014082901,-5.1851384e-05,-4.191068e-06
SGPP2,-7.570721e-05,-0.0003431812,-0.0001719445,-4.9406663e-06,-0.0005661994,3.3781864e-05,0.00014424417,1.4379621e-05
C1QTNF8,-5.2182004e-05,-0.00035078265,-0.00018244982,1.9408762e-06,-0.0003691241,4.3569133e-05,0.00014516339,1.4889636e-05
CDK7,7.3948875e-05,0.00042345375,0.0005328171,-5.7787634e-05,0.00014800578,-0.000118301716,-0.00036454853,-1.9322033e-05
FCHO2,0.00011667982,-0.00011027604,-6.375648e-05,-1.43880025e-05,-0.00016349554,0.00013162754,4.5360066e-05,8.629053e-06
ATP6V1H,-4.248321e-05,-6.271154e-05,-5.6765974e-05,8.5673295e-05,-0.0002516657,-4.55603e-06,-1.5944242e-05,9.636744e-06
GRTP1,2.4782494e-05,-0.00012309849,-1.3232231e-05,-4.7530048e-05,-0.00012503564,0.00011205301,5.4999255e-05,4.4697663e-06
PCTP,5.0887465e-05,1.7376617e-05,0.00011982024,-1.9687228e-05,0.00057055056,1.5081838e-05,-9.091012e-05,9.707874e-07
FOXN4,-4.413165e-05,-0.00026992708,-0.00012885779,-1.7485581e-05,-0.0010636523,8.4334984e-05,0.00013107527,1.0898686e-05
USP45,0.0001118239,0.00021092966,0.00049338304,-0.00014512613,0.0022312626,-7.783715e-05,-0.00029684696,-1.6390346e-05
ACSM3,-0.00015744008,-0.00036607124,-0.00025243685,0.00010093674,-0.0010103732,-7.0125796e-05,0.00012897328,2.04643e-05
PTGS1,-6.0250983e-05,-0.00022643432,-0.00021931529,0.00012911111,-1.7911196e-05,-1.1656433e-05,7.8652985e-05,1.8002116e-05
RAB14,-0.00031162798,-0.00089404173,-0.0006868597,0.00013337191,-0.00043485314,-0.00010860199,0.00040770322,4.497089e-05
SPRED2,0.00018038787,6.7513436e-05,0.00026996247,-0.0002052905,0.0012719333,0.00010354724,-9.048823e-05,-8.626259e-06
AJUBA,-0.0004078038,-0.0014001597,-0.0009938162,6.9378875e-05,-0.0015217289,-0.00020676805,0.000645536,6.414857e-05
SGK1,1.4375895e-05,-0.00015215576,-7.438846e-05,4.086923e-05,-0.00015135854,-2.1575019e-05,1.480151e-05,1.1335709e-05
RECQL,0.0006231945,0.0006937776,0.00082107447,-0.00031342544,0.0019066259,0.00034603477,-0.00041158963,-3.9295992e-05
ASNA1,-0.00021708943,-0.00048895366,-0.00036055222,0.00012257323,-0.0011222437,-8.885935e-05,0.00019481964,2.6362599e-05
RNF5,-0.00021708943,-0.00048895366,-0.00036055222,0.00012257323,-0.0011222437,-8.885935e-05,0.00019481964,2.6362599e-05
TLE4,-0.00074087456,-0.0014234651,-0.0012231246,0.00036183745,-0.0021563843,-0.00040439283,0.0006466713,7.8476616e-05
MAD1L1,0.00044823252,0.00022944249,0.00057606585,-0.0003187554,0.0038129613,0.00012712087,-0.00027167145,-2.2754772e-05
CDX2,-0.00020631775,-0.0004849173,-0.0003542602,0.00011602696,-0.0010397956,-8.155126e-05,0.00019359961,2.5945832e-05
NHLRC2,0.00026693754,0.00061086565,0.00068531,-9.180792e-05,0.0039717406,-5.1121227e-05,-0.0005002646,-2.7859001e-05
SP140,-5.7490543e-05,-0.00037903152,-0.00023006462,2.3571774e-06,-0.00013953447,8.2314014e-05,0.00017539505,1.7562183e-05
TMEM33,-9.404495e-06,-0.00016034953,-2.5847927e-05,-6.0112216e-05,-0.0005440414,8.184463e-05,6.815698e-05,6.5149507e-06
DCLK1,-0.00066233985,-0.0014388748,-0.0013073441,0.00039109308,-0.003247328,-0.00023805117,0.00072577875,7.854903e-05
MOGAT3,-4.2311847e-05,-0.0002956055,-0.00018313713,6.760564e-05,-0.00027599186,-1.5018508e-05,9.0714544e-05,1.6120612e-05
THAP2,-0.00019152835,-0.000120276585,-4.7449023e-05,0.00015814696,-0.0003122911,-0.00024284935,-9.042118e-05,1.3542478e-05
KDM1A,-0.00013318099,-0.00036776438,-0.0002876781,0.00013939291,-0.0011054501,-8.049514e-05,0.00012502354,2.3151864e-05
LGR5,-0.00019842945,-0.00041915104,-0.00020335056,-1.8092804e-05,-0.00045307726,5.6103803e-05,0.00018434692,1.675263e-05
LZTS1,-0.00032094307,-0.00078969076,-0.0006392766,0.00022563338,-0.0009485483,-0.00019731652,0.00032028276,4.3163775e-05
MAPK15,-3.8394704e-05,-0.00046884082,-0.00021634251,-8.424185e-05,0.00043797493,5.75101e-05,0.00020674895,1.6957289e-05
PSMA8,-0.00025793724,-0.0005688984,-0.00045350753,0.00015542936,-0.0014816225,-0.000107264146,0.0002422994,3.138755e-05
DVL3,-0.00012835301,-0.00023668818,-0.00018180907,0.00014698692,-0.00014340132,-0.00024502352,-8.635223e-06,2.0446256e-05
ACER2,-5.101785e-05,-0.00039415434,-0.00025322475,2.2700988e-05,-0.0006629005,4.6846457e-05,0.0001782244,1.8913648e-05
GRIK3,-0.00032359175,-0.0004952084,-0.0003891401,0.0002544904,-0.00030586869,-0.00033843983,0.00010760967,3.1704432e-05
SIPA1,6.0386956e-05,-1.5465543e-05,2.4151057e-05,4.7006644e-05,0.0004272908,2.6908703e-05,-4.9006194e-05,4.621106e-06
NTN3,-0.00021708943,-0.00048895366,-0.00036055222,0.00012257323,-0.0011222437,-8.885935e-05,0.00019481964,2.6362599e-05
KLF6,-0.00062940456,-0.0012470316,-0.0010789204,0.00035349093,-0.0019099265,-0.00022563105,0.00058330223,6.694521e-05
MRAS,2.6376918e-05,4.195422e-05,0.00011518411,-4.079286e-05,0.00052657723,9.7447075e-05,-5.4083765e-05,-9.412179e-07
KMT2E,-0.00048366748,-0.00096396357,-0.00081290305,0.00024458766,-0.0023260862,-0.00011671893,0.00047099032,5.1234383e-05
PBX4,0.00021839328,6.050989e-05,0.00012975559,-5.721301e-05,0.00069963187,8.921791e-05,-7.610582e-05,-1.9543804e-06
PRDM6,0.00013978593,5.936064e-05,0.00020842254,-9.088125e-05,0.0003240034,0.0001053717,-8.464977e-05,-6.325543e-06
NRROS,-0.00011792965,-0.0004956201,-0.00033782236,3.8914382e-05,-0.000939928,5.2730553e-05,0.000241776,2.3225555e-05
GIGYF2,-0.00012885779,-0.00022162683,-8.880906e-05,0.00010297354,-0.00017303228,-0.00014525047,-7.0324168e-06,1.45522645e-05
WRAP53,-0.0004652217,-0.00053750724,-0.0003246013,0.00021711085,-0.0009054169,-0.00042689126,8.0399215e-05,3.0869385e-05
BCAN,-0.0005149394,-0.00093467534,-0.0007500183,0.00022901315,1.0058284e-05,-0.00021624472,0.00040507969,4.6527013e-05
AKT1,0.00016488135,-0.0003948342,-0.000104460865,-0.00017541368,0.0016418174,0.00012366008,0.00016195513,1.00525795e-05
CRLS1,-7.058866e-05,-0.00023917295,-2.804771e-05,-1.6981736e-05,0.00011842698,-0.0001255488,1.4013611e-05,9.957352e-06
ALDH3A2,-0.00023445114,-0.0002376996,-0.00015302189,0.00015840214,0.00034113973,-0.00021778373,-7.821247e-06,1.7869403e-05
MARCH8,-0.00021708943,-0.00048895366,-0.00036055222,0.00012257323,-0.0011222437,-8.885935e-05,0.00019481964,2.6362599e-05
KCTD19,-0.00012827478,-0.00015808083,-6.8575144e-05,0.00016147364,0.00014910847,-0.00024755253,-7.29803e-05,1.3381476e-05
NUDCD3,0.00020047091,-4.5945868e-05,0.00012670457,-0.00011763908,0.001087822,0.00011335034,-3.759656e-05,1.1990778e-07
DNAJC2,0.00036663376,0.00032697804,0.00052216835,-0.0002526678,0.0029495955,0.00018350687,-0.0002489863,-2.2652675e-05
PGAP3,0.00051756203,0.00054910034,0.00064923055,-0.00035504997,0.0019858554,0.00046177953,-0.0002333289,-3.5906793e-05
REPIN1,6.0468912e-05,-0.0002022069,-1.8175691e-05,-4.4050626e-05,0.0020038188,-3.1608157e-05,-1.5674159e-06,8.974923e-06
SYTL3,0.00011830777,-1.1987984e-05,0.00010063499,-1.7881393e-05,0.00063584,4.7514215e-05,-6.8012625e-05,2.7765054e-07
FAM81B,-0.0001757741,-0.00032783486,-0.00022263825,0.00013852399,-0.00086233765,-0.00015505031,7.388275e-05,1.9898987e-05
LLGL2,-5.4556876e-06,-0.00032638945,-0.00011984259,-4.9336813e-05,0.00038073212,8.274894e-05,0.00012111943,1.2265518e-05
STAU1,0.0001156088,-0.000329772,-0.00013496727,-4.5843422e-05,0.00032171607,0.00010823645,0.0001251148,1.2308941e-05
GLYR1,0.00012784079,-0.00014963374,0.00010668859,-0.00019548461,0.00080465525,0.00017179176,3.6984682e-05,8.100178e-07
WDR88,-0.00017702207,-0.00045708194,-0.00032359548,9.76976e-05,-0.0008393079,-6.408151e-05,0.00017972197,2.435001e-05
KLHL14,0.00022247247,0.0001799073,0.000117911026,2.6172027e-05,-0.00018694252,0.00012082327,-0.00011073332,-1.6160775e-06
RCBTB1,-5.9092417e-05,-0.00023526512,-9.616092e-05,3.7460588e-05,0.00092513114,-3.9738603e-05,3.981311e-05,1.1245254e-05
ZC3H11A,-0.0005183108,-0.0011665821,-0.00096413493,0.00022741035,-0.0019303858,-0.00013729185,0.0005732486,6.0379272e-05
TRPC1,-0.0001980234,-0.000387365,-4.327111e-05,-1.5483238e-05,0.00040415674,-0.00012052059,5.7642348e-05,1.0580639e-05
GSC2,-0.00021708943,-0.00048895366,-0.00036055222,0.00012257323,-0.0011222437,-8.885935e-05,0.00019481964,2.6362599e-05
MLXIP,-0.00023051724,-0.00045817904,-0.0002317261,8.364767e-05,2.1733344e-05,-0.00021555787,9.8622404e-05,2.2757798e-05
IL7R,-1.1179596e-05,-0.00014628656,-6.1688945e-05,5.5585988e-05,0.00082583725,-6.223656e-05,-1.911167e-05,1.1194032e-05
AGGF1,4.0840358e-05,-0.00021084398,-0.00012722239,1.3106503e-05,-0.000920251,0.00015343074,0.000115079805,1.0541524e-05
C3,-0.00033362582,-0.0006914269,-0.0006639231,0.00022775866,-0.0013742745,-8.111261e-05,0.00036032777,4.1387393e-05
GSK3B,-0.00020686723,-0.00085050426,-0.00057616644,5.2429736e-05,-0.00045543164,-1.1277385e-05,0.00039842166,3.7408317e-05
SALL3,-9.747967e-05,-0.00021943823,-1.4169142e-05,-9.7383745e-05,0.00081680715,0.00010900665,9.353738e-05,5.035661e-06
GRB7,-0.00019440614,-0.0004902147,-0.00034603104,0.00012265146,-0.0011108294,-9.33446e-05,0.00018296205,2.5774469e-05
OPRD1,-0.00015736371,-0.00017879531,-0.00013200194,0.0001316797,-0.0007882863,-0.000115016475,1.15530565e-05,1.528114e-05
CAPN8,-0.00023272075,-0.00050295703,-0.00037568063,0.0001313826,-0.001138024,-0.000102939084,0.00019895472,2.737681e-05
PSMC4,-0.00035894848,-0.00050632283,-0.0004274305,0.00020893756,-0.0015740022,-0.00022180937,0.0001823809,3.248814e-05
L3MBTL3,2.531521e-05,-0.00011031516,5.521439e-05,1.0537915e-05,0.0016004145,-0.00011585839,-9.298604e-05,6.8473164e-06
ALDH2,-3.3862889e-06,-5.9245154e-05,2.719462e-05,1.9764528e-05,0.000118628144,6.178394e-06,-3.4832396e-05,5.1114475e-06
HEPACAM,-0.00058163516,-0.00044602714,-0.0002932381,0.0004198514,-0.0021632463,-0.00070809387,-6.75451e-05,3.219524e-05
SUFU,9.0405345e-05,-2.5395304e-05,5.8140606e-05,-9.23574e-05,0.000823915,0.00019010995,8.260831e-06,2.2978056e-06
ZNHIT6,-0.0005084034,-0.00026840903,-0.00033815578,0.00042783283,-0.00079201907,-0.0005832724,-7.743109e-05,3.2637967e-05
PCDHA6,-9.452365e-05,-0.00039909594,-0.00023669563,3.5141595e-05,0.00028591603,-2.416037e-05,0.00013937615,1.9873609e-05
RAB2B,-0.00011378154,-0.0003726147,-0.00013621897,2.8488226e-05,0.0008435175,-0.00014113868,6.0894527e-05,1.6127015e-05
SGTA,-0.00020926073,-0.00016809069,-9.621307e-05,0.00015679933,-0.00055035204,-0.00022511743,-4.615076e-05,1.6049831e-05
CKAP4,-0.0002832897,-0.0010690968,-0.0007665809,7.229857e-06,-0.0018138811,6.978307e-05,0.00058619305,4.526216e-05
CDC42,-0.0006588232,-0.001258254,-0.0011434257,0.00039278436,-0.003258586,-0.00024934765,0.0006222492,6.991369e-05
PTCH1,-0.0001132451,-0.0005001761,-0.00030163117,-6.3190237e-06,0.00088914484,1.2660399e-05,0.00020288769,2.2955937e-05
COPS7B,3.2946467e-05,6.8146735e-05,0.00017548725,-8.183345e-05,0.00027509034,0.000101320446,-6.5498054e-05,-4.7344947e-06
GPN2,-0.0003169868,-0.00047257915,-0.00041202642,0.00024411362,-0.0018820018,-0.00024038972,0.00015106611,3.123167e-05
ATF1,0.00025709905,0.0005316697,0.00061787665,-0.00011942722,0.00062939525,0.00013278238,-0.00035175402,-2.8438284e-05
RAN,-0.00020250306,-0.00047050603,-0.00031690486,0.0001182165,-0.00022294372,-9.33297e-05,0.00016152766,2.4444074e-05
DDX43,0.00023775361,8.776784e-05,0.0002814103,-0.00018757302,0.0016551241,0.00017532613,-8.992851e-05,-1.105899e-05
IWS1,-0.0006415788,-0.000915125,-0.0008561183,0.0004004715,-0.0012175143,-0.00049483683,0.00033393316,5.9572747e-05
PRRG2,-0.00033840165,-0.00041301548,-0.00027546287,0.00019055232,-0.0005964339,-0.00029480504,7.028505e-05,2.5074696e-05
RALA,-7.687695e-05,-0.0003030207,-0.00015972741,8.082017e-06,0.0001354292,-9.111129e-06,0.00010287203,1.5765894e-05
CAPN13,-0.00015302747,-0.0003654696,-0.00025865436,9.5828436e-05,-0.0013213754,-3.1436794e-05,0.00015102047,1.9436586e-05
PLEKHM1,-4.022196e-05,-0.00014640763,-5.8174133e-05,0.00013166666,0.0004813075,-0.00020915736,-8.187257e-05,1.3086828e-05
PPP4R4,-0.00018204935,-0.00047878176,-0.00030530244,8.798763e-05,-0.0014840439,-6.808061e-05,0.00018568058,2.3429864e-05
NR2F6,0.00032793544,0.000366427,0.00043379702,-0.0001759911,0.0007362515,0.00024084933,-0.00019679125,-2.0388165e-05
ATIC,3.3164397e-05,0.00016884133,0.0002909284,-9.884313e-05,0.00025133044,6.182864e-05,-0.00014164578,-9.499257e-06
CLPX,0.00013249367,-3.2085925e-05,0.00012405589,-4.2930245e-05,4.749745e-05,-4.1816384e-06,-7.390976e-05,3.548339e-07
USHBP1,-0.000114614144,-0.00024563633,-0.00012738816,7.713493e-05,-3.735721e-05,-7.39526e-05,4.4364482e-05,1.3778103e-05
CDKL3,0.00012772903,0.00022752583,0.000382822,-9.12277e-05,0.0018659458,-5.5971555e-05,-0.00024904963,-1.2966106e-05
ADAM8,-6.9025904e-05,-0.0002605375,-0.00024406798,7.6815486e-05,-0.0018347576,9.5447525e-05,0.00015739538,1.6621547e-05
CHM,0.00048319064,0.00046882965,0.00065855123,-0.00031608716,0.0013850927,0.00035377592,-0.00026590098,-3.2022712e-05
TRA2A,-0.00066801533,-0.0010624137,-0.00092807226,0.00037649833,-0.0020511448,-0.00033189123,0.00045599975,5.970709e-05
ICE2,-0.0004370045,-0.0010830332,-0.0008009877,0.0001358753,-0.0010813624,-0.0002412214,0.00046957377,5.4646633e-05
EIF4E,-0.00017276034,-0.0001980327,-9.546988e-05,0.000120271,-0.00013909489,-0.00015059905,-6.0237944e-06,1.3851328e-05
SERPINA9,-0.00021708943,-0.00048895366,-0.00036055222,0.00012257323,-0.0011222437,-8.885935e-05,0.00019481964,2.6362599e-05
HSP90AB1,-0.00057959557,-0.0012030769,-0.0010679066,0.00034635328,-0.0023034066,-0.0001760344,0.00059204455,6.456114e-05
SCN7A,-3.233552e-05,-0.00025674328,5.4417178e-05,-0.00013053045,0.00031847507,2.228003e-05,4.8796646e-05,4.019239e-06
JKAMP,-7.766299e-05,6.565265e-05,0.000115910545,6.7174435e-05,-0.0010668784,-5.5867247e-05,-0.000105009414,8.626375e-08
LEO1,7.445924e-05,0.00038887933,0.00029345788,0.00014298316,-4.55603e-05,-0.0001352625,-0.00032875407,-5.8772275e-06
ACOX2,-9.393692e-05,-0.00030657277,-0.00014592335,2.3377128e-05,-0.00064315647,-2.620276e-05,0.00010142382,1.4240504e-05
HECW2,0.00042260997,-6.5984204e-05,7.1343035e-05,-0.00025282055,-0.001115106,0.00061449036,0.00017327629,-7.502036e-06
MAPK9,7.2976574e-05,-2.1848828e-05,0.000103397295,-2.9550865e-06,-0.00019900501,8.79541e-06,-7.4069016e-05,2.2713793e-06
PINK1,0.00016739033,-0.00015478581,8.56705e-05,-0.000105714425,0.0007032007,0.00011360645,1.0147691e-05,1.6054837e-06
COL28A1,-0.00014663674,-0.00019005686,-7.263012e-05,9.2031434e-05,-0.00010436773,-0.00011643162,-8.11182e-06,1.2143049e-05
CD79A,-0.00014581718,-0.00039251707,-0.00021580234,3.275182e-05,-0.0005685538,-3.093388e-05,0.00014694035,1.7953804e-05
TRMT61A,-3.8893893e-05,-0.00028371438,-0.00019163825,2.9023737e-05,0.0006490126,-1.9880012e-05,9.807013e-05,1.5839236e-05
SCAF1,0.00019342452,0.000101489946,0.00016955473,-2.7675182e-05,-0.0013230443,7.636286e-05,-8.7060966e-05,-3.738096e-06
C4orf54,-0.00021708943,-0.00048895366,-0.00036055222,0.00012257323,-0.0011222437,-8.885935e-05,0.00019481964,2.6362599e-05
MTSS1L,-0.00021708943,-0.00048895366,-0.00036055222,0.00012257323,-0.0011222437,-8.885935e-05,0.00019481964,2.6362599e-05
ASAH2,-0.00020208396,-0.0004842095,-0.00034095906,0.0001011556,-0.0010802597,-7.081311e-05,0.00019543897,2.5183777e-05
COX15,0.0001614783,-0.0003634058,-0.0002336856,-6.2357634e-05,-0.0008859113,0.0002072854,0.00021984149,1.5593483e-05
TRAPPC11,-0.0002322048,-0.000642376,-0.0006310437,0.00017871335,-0.0006976202,-0.000102757476,0.00031253044,4.172884e-05
HAND1,-0.00022732653,-0.00047935732,-0.00031381845,0.000103996135,-0.0010521337,-0.00012231199,0.00016840734,2.4698093e-05
ZNF853,0.00017865188,-5.0986186e-05,0.00011518039,-0.00012122281,0.0015062913,8.124206e-05,-3.8097613e-05,-6.632181e-07
ANKRD1,2.4657696e-05,-0.00040883943,-0.00016423315,-8.154288e-05,-0.00059090555,0.00012339,0.00019092392,1.3291719e-05
RGMA,-0.00016033463,-0.00046792254,-0.00028550252,7.687602e-05,0.00054397434,-0.00017417921,0.00012691692,2.3883651e-05
SH2B1,0.00012420677,-0.00012688525,-5.0492585e-05,6.848946e-06,0.00022055209,7.923227e-05,1.7786399e-05,9.199139e-06
SERPINB4,-0.00021708943,-0.00048895366,-0.00036055222,0.00012257323,-0.0011222437,-8.885935e-05,0.00019481964,2.6362599e-05
HSPB6,0.00012987852,-0.00022857264,-2.5682151e-05,-0.00013663899,-0.0008728206,0.00027609523,0.00015040766,3.498979e-06
CD81,-8.5193664e-05,-0.00043233112,-0.0003185328,6.415974e-05,0.00017997622,2.5798567e-05,0.0001961654,2.149539e-05
BAAT,0.00025077164,0.00010938756,0.00026482716,-0.00013220217,0.0013280883,0.00013448484,-0.00011908356,-9.281794e-06
SLC7A7,-0.0002840869,-0.00068023615,-0.0005675107,0.00021038111,-0.0011573359,-0.00015897909,0.00028777122,3.781123e-05
EDC3,0.00012580678,8.076057e-05,0.00016269274,-1.5965663e-05,-1.771003e-05,2.1468848e-05,-0.00012037624,-1.8056016e-06
MYOC,-0.00016428158,-0.00044991076,-0.00035918504,0.00011521485,-0.0014820695,-2.4289824e-05,0.00020867772,2.471509e-05
VPS26A,0.00032359362,0.00017675944,0.00034492835,-0.00021330267,0.0018715113,0.00020433869,-0.00013946276,-1.2881472e-05
MIEF1,-1.1175871e-07,-0.00029687956,-0.00014357828,-5.125627e-05,-0.00061926246,8.2405284e-05,0.00013923645,1.3262266e-05
VEGFC,5.8574602e-05,-0.00019500777,-0.00011378527,2.5740825e-05,-0.0012201816,8.0230646e-05,8.2251616e-05,1.0446645e-05
OPRL1,0.0004349742,0.0005383212,0.0005874224,-0.00017149374,0.0003970191,0.00029296055,-0.00030763354,-2.7147122e-05
SPPL3,-0.00032875314,-0.0008536447,-0.00078826025,0.00015506893,-0.0029687285,9.674672e-05,0.0005345801,4.381698e-05
P4HA2,-4.0486455e-05,0.00037904643,0.00051320344,1.7406419e-06,0.003400281,-0.0003060056,-0.00043082703,-1.720211e-05
KDM4B,-0.00021397695,-0.0006736871,-0.00045019016,5.1872805e-05,0.000634484,-0.00010209158,0.0002583908,3.4140307e-05
KCNAB3,0.00041596778,0.00016571768,0.00027969107,-0.00017193425,0.0021854267,0.0002876036,-0.00010717753,-1.2784847e-05
DNMT3L,-0.00023342669,-0.00049858354,-0.0003705714,0.00013063289,-0.0011661127,-0.0001041349,0.00019611884,2.7144444e-05
BTBD6,0.0005528778,0.00046478212,0.0007782597,-0.00037452113,0.0041636527,0.00020497758,-0.0003800271,-3.479712e-05
MPP5,0.00015751272,-0.00012240931,-6.069988e-05,-8.4799714e-05,0.0007792637,0.0002574278,9.689387e-05,5.1397365e-06
B4GALT7,0.00021448173,0.00019277446,0.00047468022,-0.00024711434,0.00090069324,0.000121460296,-0.00017993618,-2.0066858e-05
CLDN1,4.6994537e-05,-0.00021635368,-4.120171e-05,-1.8687919e-05,1.2114644e-05,3.8656406e-05,4.932098e-05,7.456285e-06
TRMT1L,0.0004448574,0.00057225116,0.00063812546,-0.00022161193,0.0012276173,0.00036240183,-0.00029940996,-3.237219e-05
ASPHD2,-0.000103389844,-5.579181e-05,8.913316e-05,9.7925775e-05,-0.00014679879,-0.00021372503,-0.00013730396,5.6969e-06
FBXL2,0.00016862527,0.00031074136,0.00037788413,-4.4563785e-06,0.0017137825,-0.00011433475,-0.00030726288,-1.177704e-05
BCAT1,-0.00016943179,-0.00070741214,-0.0006473195,0.00014168955,-0.0018605366,8.059479e-05,0.00040138327,3.9914157e-05
FAM45A,-0.00021708943,-0.00048895366,-0.00036055222,0.00012257323,-0.0011222437,-8.885935e-05,0.00019481964,2.6362599e-05
LRRCC1,0.00023940764,-0.00018112175,0.00016684271,-0.00032654498,0.0017938167,0.00026247185,8.003693e-05,-5.3721014e-06
SF3B1,-0.00027632713,-0.0006080959,-0.0005200263,0.00021722447,-0.00097619,-0.00012137322,0.00025012903,3.5359408e-05
FGF2,0.00034591183,0.00010278076,0.00032380968,-0.00024341792,0.0020183101,0.00021783542,-9.8743476e-05,-1.3326062e-05
SLC6A7,-7.320568e-05,-0.00024258345,-0.00014884584,5.5955723e-05,-0.0012871698,-1.4279038e-05,8.600298e-05,1.41731e-05
KIF5C,-0.0009431578,-0.0019382983,-0.0017860029,0.00050298776,-0.0049685985,-0.00027362583,0.001042611,0.00010354642
ATP8B3,-0.0002221223,-0.0004417654,-0.0003500078,0.00014600251,-0.0014852658,-9.2947856e-05,0.00017543603,2.5818706e-05
NMT1,-0.00022093207,-0.00040665083,-0.00035392493,0.00021598954,-0.000547044,-0.00022664526,9.9164434e-05,2.8637704e-05
SCD5,-0.0005740952,-0.00095179863,-0.0008972846,0.0003882125,-0.002536662,-0.00029742206,0.00042738114,5.7035242e-05
PLA2G7,8.044764e-06,-0.0004000459,-0.00027608871,-2.6293099e-05,-0.00028636307,0.0001978632,0.00024667569,1.6928068e-05
RAB32,0.00022972934,-2.2351742e-06,0.00012434088,-4.583504e-05,0.000815168,8.7927096e-05,-7.2293915e-05,-2.8696377e-07
TECR,-0.0001608748,-0.000118726864,-0.00016663037,0.00020875875,-0.0009083599,-0.00012890203,-1.2582168e-05,1.691631e-05
CEPT1,0.00013864785,7.958338e-05,0.00018098764,-5.8610924e-05,0.0010923222,9.2159025e-05,-0.00010861363,-2.4822075e-06
CCSER2,0.00018076599,-0.00010016002,9.5341355e-05,-0.00013921782,0.00024727732,0.00022323895,4.273653e-05,-1.6464619e-06
RALB,0.00023894571,9.9340454e-05,0.0003023278,-0.0001498321,0.00096932054,0.00010773074,-0.00014224928,-8.8186935e-06
PPM1D,0.00019815564,0.00021617301,0.00038432516,-9.4968826e-05,0.0017180741,5.9343874e-06,-0.00024790782,-1.1859229e-05
ARID5A,-5.532056e-06,0.00013571046,0.00019787252,2.4734065e-05,0.00019405782,-1.5328638e-05,-0.00015169661,-4.0476443e-06
SRP68,-8.862652e-05,-0.00078744814,-0.00059253536,3.7710182e-05,-0.000103630126,9.6024014e-05,0.0004213564,3.5073725e-05
RBM12,0.00026331283,1.0477379e-05,0.00022007711,-0.00018161535,0.0013246313,0.00022728462,-3.9755367e-05,-8.110539e-06
SPON2,0.00033144653,0.0009047445,0.00090956874,-0.00012345426,0.0017685816,0.00015101489,-0.0005753925,-4.2166328e-05
SH3D19,0.0003430862,0.00026765466,0.00025684945,-7.186551e-05,0.00072416663,0.00023003109,-0.00013372581,-1.2524775e-05
CHRNG,-0.0002774801,-0.00042283908,-0.00037422404,0.00022345223,-0.0011088997,-0.00021783216,0.00012423098,2.866122e-05
COMTD1,-0.00024984032,-0.0001394283,-7.5653195e-05,0.00010335259,-0.0008675158,-0.0001659561,-6.7800283e-07,1.1135824e-05
ME3,-6.328337e-05,-0.00017063133,-4.6746805e-05,-1.0617077e-06,-0.00014037639,0.000102699734,7.626228e-05,5.4031843e-06
DGCR8,-0.00022765808,-0.0008717086,-0.0008695293,0.00024008751,-0.003325425,7.8053214e-05,0.00051404815,5.1113893e-05
HSPD1,-0.00043733604,-0.00085700676,-0.000687195,0.00023688003,-0.0011587739,-0.00021177111,0.00035463646,4.612538e-05
RAD23B,-0.00034772418,-0.0009860788,-0.0008883532,0.00015029777,-0.0006521791,6.330013e-05,0.00056430325,5.1210052e-05
STK16,0.00019010529,0.00019748136,0.00018231943,3.4373254e-05,-0.0006689429,-1.1678785e-06,-0.00016075466,-4.3075997e-06
IL10RA,-0.000116918236,-0.00035856105,-0.00031917728,0.00016815308,-0.0009129122,-0.00012457371,0.00012116693,2.3686793e-05
ZC2HC1C,0.000177335,-0.00013240054,8.078851e-05,-8.527003e-05,-0.00016915053,5.4731034e-05,-7.2512776e-06,1.9504223e-06
DUS3L,0.00022483803,4.9479306e-05,0.00021927431,-0.00020993128,0.000912115,0.00029399898,-1.5554018e-05,-8.5952925e-06
NME6,-0.00017743371,-0.0001839418,-4.345551e-05,7.5773336e-05,0.0010589808,-0.00026458874,-5.6786463e-05,1.2163073e-05
HS3ST3A1,-0.00027929805,-0.0005724877,-0.00055709854,0.00020878296,-0.0021492615,-7.6279975e-05,0.00029019453,3.543636e-05
PIM1,-0.00029333867,-0.00031433627,-0.00033348985,0.00031613093,-0.0008472428,-0.00032461062,6.564893e-06,3.0810363e-05
LONP1,0.00015918165,-0.0003423486,-0.0002215635,-8.697156e-05,0.001080744,0.00023125112,0.00020798761,1.4468213e-05
CA5A,-0.00012295507,-0.00034758076,-0.00020610727,7.17463e-05,-0.0006098598,-6.0006976e-05,0.00011008978,1.7902697e-05
PEX2,-0.00031804293,-0.00028564595,-0.00026389584,0.00020466186,-0.0006448254,-0.000262253,5.5649318e-05,2.2057444e-05
SH3YL1,0.00028199703,-2.2986904e-05,0.00017126091,-0.00019391254,0.0013703778,0.00017887168,-3.3515505e-05,-3.6199344e-06
LRRC70,-0.0002927687,-0.0006257314,-0.0004976187,0.00012926478,-0.001059033,-2.8125942e-05,0.00030567218,3.1389063e-05
KIF21A,-0.00059316866,-0.0011985693,-0.0009927973,0.00026492402,-0.0021795258,-0.00017525489,0.0005896874,6.0878927e-05
ASZ1,-0.00021708943,-0.00048895366,-0.00036055222,0.00012257323,-0.0011222437,-8.885935e-05,0.00019481964,2.6362599e-05
ZNF583,9.0524554e-07,0.0003730543,0.00048806146,5.000923e-05,0.001115635,-0.00030127354,-0.00042984914,-1.3585319e-05
DCAF1,0.0002655778,0.00045748055,0.0006468091,-0.00022502244,0.0033467412,4.4042245e-05,-0.00037479866,-2.629601e-05
TBCC,-0.0003408026,-0.00024921633,-0.0001555644,0.00019401498,-0.0011911392,-0.00030910457,-1.5199184e-05,1.9718194e-05
ANKRD13A,0.00031908788,0.0001956243,0.00034378842,-0.00017287396,0.0011982694,0.00019879825,-0.00014258269,-1.4255289e-05
INHA,1.1693686e-05,9.151176e-06,3.827922e-05,6.5055676e-05,-0.00059884787,-6.3329935e-06,-6.1153434e-05,4.2750034e-06
RBBP8,2.5073066e-05,0.00014073029,0.00030742027,-3.629923e-05,0.0013979599,-0.000210525,-0.00025431905,-5.0324015e-06
CDH7,0.00014788657,0.00043452717,0.0005414076,-7.422827e-05,0.00019067526,-0.000109034125,-0.00036635902,-1.7390703e-05
LNX2,6.1765313e-06,0.00012333691,0.00030664913,-6.496161e-05,0.0015192404,-8.180458e-05,-0.0002085166,-6.989343e-06
CNKSR1,7.972121e-06,-4.79538e-05,7.433817e-05,-5.352311e-05,0.0010954663,1.9489788e-05,-4.0438026e-05,2.0242296e-06
ME2,8.166209e-05,-0.00011697784,0.00021378696,-0.00021846779,0.0010137409,4.951656e-05,-2.8867275e-05,-4.23484e-06
SLC27A3,0.00044903904,0.00012076832,0.00023093633,-0.00020090118,0.0016068742,0.0003412878,-4.8303045e-05,-1.1218479e-05
RMND5A,0.00034158304,0.00018123724,0.00039935298,-0.00023791194,0.0017270595,0.00023734849,-0.00015143957,-1.563679e-05
PLEKHF1,-0.00019012392,-0.00041731074,-0.00029598363,0.00012238976,-5.788356e-05,-0.00015493575,0.00011866074,2.4553621e-05
GLIS3,0.00016760081,0.00025621615,0.0002956409,-6.8420544e-05,0.0017459095,5.468633e-05,-0.00019343849,-1.183711e-05
AGPAT4,-0.00047836266,-0.0004946701,-0.0002863966,0.00022289343,0.0004918948,-0.00046027126,3.5358593e-05,2.9459945e-05
FBXO42,0.00022848323,0.0002851803,0.00042190775,-0.00017326698,0.0016957149,0.00021000952,-0.00018612389,-1.9459985e-05
DGKE,2.0282343e-05,1.7339364e-05,-8.365512e-05,0.00018623378,-0.0020608976,-4.9726106e-05,-5.705934e-05,1.1975295e-05
CA12,-0.00021801703,-0.00021141395,-9.103492e-05,0.00015418697,-0.00072754174,-0.0002188785,-3.4882687e-05,1.4262507e-05
C9orf3,-0.00021708943,-0.00048895366,-0.00036055222,0.00012257323,-0.0011222437,-8.885935e-05,0.00019481964,2.6362599e-05
RBM48,6.888062e-05,-8.3941966e-05,3.5073608e-05,-8.6673535e-05,0.0016505197,0.00010466389,7.656403e-06,3.8074795e-06
ESCO1,0.00029750168,0.00030097365,0.0005060248,-0.00022742711,0.0012250543,0.00015632436,-0.00023568515,-2.032239e-05
SPOCK3,0.00078688003,0.00069624744,0.0008227695,-0.00036704447,0.0020696968,0.00051532686,-0.00036202464,-4.2655272e-05
DXO,-0.00022055395,-0.0003475435,-0.00028011017,0.00017024297,-0.00090683997,-0.00011781184,0.00010359939,2.301624e-05
PPP1R3A,-0.00021162629,-0.0004865732,-0.00035703555,0.000119164586,-0.001081422,-8.5116364e-05,0.00019404199,2.6134308e-05
MROH8,9.590015e-05,0.00017549098,0.00027567148,-8.143764e-05,0.0013186261,4.4825487e-05,-0.00017266627,-7.366296e-06
CTSV,0.00031275488,0.00014650822,0.00037289225,-0.00022973958,0.0014422163,0.0002575377,-0.00012950134,-1.52561115e-05
ENDOG,0.00041631237,0.00043152831,0.0005108621,-0.00016043615,0.0005473867,0.00021803007,-0.00026897062,-2.273731e-05
TSSK2,-0.00021708943,-0.00048895366,-0.00036055222,0.00012257323,-0.0011222437,-8.885935e-05,0.00019481964,2.6362599e-05
PM20D1,-0.00020165741,-0.00048392825,-0.0003284961,8.148607e-05,-0.0010267496,-4.1767955e-05,0.00020527281,2.4026842e-05
THRB,-0.00014557317,-0.00058558583,-0.0003169477,-3.2944605e-05,0.0032045245,-2.7471222e-05,0.00019626785,2.5588088e-05
ARHGAP30,-0.00013055839,-0.00026398152,-0.00016501918,0.00014351308,-0.00023205578,-0.00016704435,2.9908493e-05,1.6359962e-05
BEGAIN,-4.865788e-05,-0.00025158562,-0.0001196675,8.003879e-05,0.0002686754,-0.00012627756,1.0046177e-05,1.5290454e-05
NEDD9,-0.00021043792,-0.0008254349,-0.00064879283,0.00010912493,-0.0012661517,0.000108207576,0.0004550591,3.573345e-05
RHOB,-0.00011711754,-0.00047325902,-0.0004474949,0.00014145393,-0.0017418787,1.2598932e-05,0.0002616048,2.810324e-05
ECE1,-0.00010128878,-0.00014007837,-1.5199184e-06,7.721409e-05,0.00076597184,-0.0001264154,-5.5527315e-05,9.492738e-06
ERP44,-0.00018021837,4.0289015e-06,-3.0111521e-05,0.00017926376,-0.00043794513,-0.00016898941,-9.712484e-05,9.85025e-06
REXO1,0.00015685521,-0.00014288165,2.0116568e-05,9.1362745e-07,0.000400953,-8.42195e-06,-3.0277297e-05,5.9823506e-06
PDSS2,0.00029064342,0.00021590665,0.00043175556,-0.0002821358,0.002670072,0.00020276569,-0.00015080813,-1.991191e-05
ANOS1,-5.6212768e-05,-0.00016289018,-0.00021029636,9.362027e-05,-0.0007288158,4.6297908e-05,8.888543e-05,1.6150647e-05
SEC62,-0.00054062903,-0.0011252444,-0.00097208284,0.00031937286,-0.0025891438,-0.00020529283,0.00053392816,6.0641323e-05
PEPD,-0.00020152703,-0.00011605397,-0.00015883707,0.00024633016,-0.00095068663,-0.00025276514,-5.0887465e-05,1.7561368e-05
MRVI1,0.00039716065,0.00039889663,0.00056407414,-0.000263663,0.0017107427,0.00031879544,-0.00022492092,-2.7478789e-05
RAB11FIP2,0.0001122728,-0.00013742596,-8.387491e-05,-2.751872e-05,-0.0006022677,0.00015770458,9.223446e-05,7.97119e-06
FKBPL,1.2349337e-06,-0.00041366555,-0.00014419667,-6.758887e-05,-0.0011143684,9.534042e-05,0.00016572885,1.4780904e-05
FOXO3,-7.431209e-05,-0.00021976605,-8.993782e-05,8.871127e-05,0.00021057576,-0.0001666923,-2.6736408e-05,1.5941332e-05
E2F2,-0.00015736744,-0.00048622862,-0.00033478625,0.00014868286,0.0002984777,-0.00023174426,0.00011502858,2.8553884e-05
ARHGAP20,0.00028120913,4.5599416e-05,0.00014032051,-0.00016824529,0.0014342293,0.0003220383,1.3092533e-05,-6.7099463e-06
ACD,0.00026502647,0.00031119585,0.00040342472,-8.568447e-05,0.00093025714,0.00016420987,-0.00022212882,-1.7482438e-05
BEST3,-0.00020050444,-0.000289239,-0.00018740445,0.00012758467,0.00048285723,-0.00022321846,1.3547018e-05,2.0905514e-05
SYDE1,0.000107798725,0.00041623786,0.0005335063,-3.7451275e-05,0.0009078458,-0.00012256298,-0.00039100368,-1.8106657e-05
PSMD3,-0.00026312657,-0.00023667887,-0.00020805188,0.00020029675,-0.0013280436,-0.00023682183,8.782372e-06,2.1987478e-05
SLC22A11,-0.00018547662,-0.0006500352,-0.00045698322,8.4434636e-05,-0.0015268996,3.533624e-05,0.0003097197,2.9844348e-05
NT5C3A,-0.00030438602,-0.00059664436,-0.0005075503,0.00018822681,-0.0018954426,-0.0001112395,0.00026235543,3.5749283e-05
LIPT2,-0.0001812242,-5.332753e-05,-0.00010441616,0.00016244128,-0.0010603517,-6.9435686e-05,-1.7324463e-05,1.261849e-05
TANGO2,7.949583e-05,-3.897585e-05,2.5242567e-05,-3.0612573e-06,-0.0002520606,5.7831407e-05,-1.7509796e-05,4.3854816e-06
SCO2,0.00026319362,0.0005449075,0.0005694777,-6.7180954e-05,0.00039749593,6.2456354e-05,-0.00037048478,-2.4481444e-05
NAPB,-0.0006263573,-0.0013391525,-0.0011344664,0.00031975936,-0.0014249831,-0.00030630454,0.0006299997,7.105281e-05
TRAPPC13,8.358434e-05,0.00032444485,0.00036223046,5.9711747e-05,0.0009490028,-0.00013194513,-0.00032827538,-9.770156e-06
SUPV3L1,6.545521e-05,-5.2254647e-05,5.4217875e-05,-0.00011766888,0.0003998056,0.00013885181,2.336502e-05,2.889894e-06
SPR,-0.00013819337,-0.00042225048,-0.00025792047,9.7912736e-05,-0.0014358759,-9.072106e-05,0.00014724303,1.9539264e-05
HEATR1,0.00066304207,0.0005280562,0.00083375536,-0.00057328213,0.0033402592,0.00056053046,-0.00024478044,-4.465808e-05
YWHAG,-0.0006680582,-0.0015283916,-0.0014472641,0.00044825766,-0.0037579983,-0.00013929233,0.00082285237,8.376129e-05
JAKMIP1,0.00021783262,0.00055387244,0.0006326847,-0.00016509835,0.0008021891,0.000120271,-0.0003368957,-3.0054478e-05
NOP53,0.00016942807,-0.00017223507,2.1742657e-05,-0.000103171915,0.0016836897,0.00013213139,2.1819957e-05,5.5608107e-06
MTAP,-0.00012893416,-8.616038e-05,-1.045689e-05,0.00012860168,0.00038997084,-0.00020931661,-9.644311e-05,9.942683e-06
ALDH6A1,-2.7403235e-05,-9.284355e-05,0.00016241148,-0.00011930894,0.0023961738,-5.574338e-05,-8.010771e-05,-2.8393697e-07
CSNK2A1,-0.00011884794,-0.00038805418,-0.00013083592,2.5856309e-05,0.0003536418,-0.00016384013,6.27907e-05,1.6858452e-05
SIRT6,-2.306886e-05,1.9613653e-05,4.746951e-05,7.610116e-05,0.0004209876,-6.1175786e-05,-9.475555e-05,4.7765207e-06
NLGN2,-0.00015191734,-0.00031164475,-0.00024517253,0.0001430912,-0.00058641285,-0.00012591947,8.765515e-05,2.112356e-05
MMP8,-0.00016457774,-0.00049538165,-0.0003587231,8.9765526e-05,-0.0010741726,-2.8262846e-05,0.0002167495,2.547563e-05
MORC1,1.1747703e-05,-0.00027495623,-0.0001461301,2.4903566e-06,-0.00022548437,6.896444e-05,0.000115334056,1.2479839e-05
PRKACB,-0.00027203187,-0.00061124004,-0.0005281493,0.00020580646,-0.0023549795,-3.8149767e-05,0.00029621832,3.5047648e-05
DRD1,-0.00021066517,-0.00048842095,-0.00035535917,0.00011802465,-0.0009390041,-9.3391165e-05,0.00018922053,2.6334543e-05
AGMO,-0.00015087612,-0.00043300167,-0.00033601,0.00012126379,-0.0005529672,-0.00010030437,0.00015749689,2.5193556e-05
CCAR2,0.00013700873,-1.0982156e-05,-1.0017306e-05,1.8896535e-05,-0.00085218996,0.00016494188,1.886487e-05,3.2840762e-06
LMBRD2,0.0002905298,0.00048395433,0.000597002,-0.00015726872,0.0019158348,0.00011553615,-0.00034861919,-2.5827787e-05
FBXW10,0.000106651336,-8.886121e-05,6.00107e-05,-4.708208e-05,0.00017248094,7.94474e-05,-1.0159798e-05,2.2733584e-06
CFAP298,-0.0002091024,-0.00040374137,-0.00027279742,0.00013904832,-0.0012691244,-0.00015387451,0.00012182817,2.2081309e-05
IST1,-0.0004977025,-0.000997724,-0.0009213295,0.0003206944,-0.0025132075,-0.00018105283,0.00048762932,5.7550264e-05
DARS,-0.00021708943,-0.00048895366,-0.00036055222,0.00012257323,-0.0011222437,-8.885935e-05,0.00019481964,2.6362599e-05
PDS5A,-0.00013481826,-0.00054521114,-0.00037601218,3.7815422e-05,-0.0001617223,-5.3048134e-06,0.0002451064,2.6714057e-05
BCAR1,0.00013136677,3.4211203e-05,0.0001163017,-3.2164156e-05,0.00082110614,6.244052e-05,-8.150842e-05,-7.310882e-08
MSX2,-4.1119754e-05,-0.00012454204,-2.6164576e-05,4.7951005e-05,-0.00017418712,-6.015692e-05,-1.4232472e-05,8.267933e-06
ETS2,0.00018402934,-0.00016268715,-2.1090731e-05,-0.0001415452,-0.00028586388,0.00037680287,0.00016081706,-2.7322676e-07
ESS2,-0.00037030876,-0.00011217967,3.1460077e-06,0.00021724124,0.0009882525,-0.0005337442,-0.00021333713,1.6879872e-05
OGA,-0.0007112529,-0.0010012034,-0.00091906823,0.0004420504,-0.002067484,-0.00044491002,0.00038180035,6.2530045e-05
OTOP1,-0.00012416951,-0.000410093,-0.0002856534,8.0123544e-05,-0.0009665191,-2.1560118e-05,0.00016937219,2.139411e-05
GGT1,0.00029444136,0.00028867275,0.00043866225,-0.00015640818,0.0021919832,0.00016771816,-0.00022971537,-1.8677325e-05
LPAR2,-0.00031378865,-0.00077787787,-0.0006576441,0.00016095024,-0.0008091256,-6.58324e-05,0.0003780825,4.2532454e-05
MAU2,7.796474e-05,-0.00044766627,-0.00016896054,-0.00014951173,-6.2189996e-05,0.00017462578,0.000226425,1.3597892e-05
DUSP27,-0.00024120882,-0.0003034491,-0.00025088713,0.00026776176,-0.0007781014,-0.0003774818,-1.174584e-05,2.4341745e-05
UGT2B15,5.7166442e-05,-0.00011551194,-6.541051e-05,1.6429462e-05,0.0006286651,7.818639e-05,2.9565766e-05,8.449191e-06
ZBTB7C,0.00015359372,0.00021852739,0.00028156117,-3.2261014e-06,0.00032047182,-2.7065165e-05,-0.00021937024,-6.9165835e-06
EPHA10,0.00045201182,0.0006967634,0.00075891986,-0.00020023063,0.002398543,0.00018769968,-0.00043782312,-3.6138226e-05
STARD7,-0.00018892251,-0.0003951043,-0.00032511726,9.554904e-05,-0.0016245991,4.278682e-05,0.00020816829,2.1905173e-05
PQLC1,-0.00021708943,-0.00048895366,-0.00036055222,0.00012257323,-0.0011222437,-8.885935e-05,0.00019481964,2.6362599e-05
MLX,-0.00018599443,2.162531e-06,5.685538e-05,0.00017448701,-0.00024122745,-0.0003498518,-0.00018859562,1.0467134e-05
FST,0.0004970934,0.00049208105,0.0004855506,-0.00014373846,0.001463145,0.0003411062,-0.00026371423,-2.3814617e-05
TPST1,0.00031212345,0.0005397387,0.00059741177,-6.0324557e-05,0.00013004988,5.004648e-05,-0.00039851572,-2.4448964e-05
ZKSCAN1,-0.00027394108,-0.00070217997,-0.0004529506,0.000104445964,-0.00039546937,-0.0001277444,0.00026747677,3.272202e-05
CHRND,-8.637458e-05,-0.00029380806,-0.0001473371,2.578646e-05,-0.00090019405,8.22451e-06,0.00010824576,1.365284e-05
KBTBD2,-0.00032562576,-0.00023769215,-0.00019454584,0.00024044607,-0.00043080002,-0.00034351787,-3.8302504e-05,2.2852328e-05
PLPPR1,-0.00044781528,-0.0007162187,-0.00061576813,0.00020954758,-0.004908271,-5.895458e-05,0.00041393377,3.684091e-05
TXNRD1,0.000101123005,-0.0003002286,-0.0001246687,-6.976724e-05,6.221235e-06,0.00017422065,0.00015290827,1.0692747e-05
ARID5B,-8.294359e-06,-0.00018841028,-3.438443e-06,-5.455222e-05,0.0007035881,5.6972727e-05,3.244914e-05,7.560826e-06
PKDCC,0.00044937804,0.0002391953,0.0005508978,-0.00036200136,0.0025912225,0.00028280262,-0.00019025337,-2.3867353e-05
RDH16,-0.00014074892,-0.00037753768,-0.00019018538,2.5493093e-05,-0.001016356,-6.0922466e-05,0.00013166107,1.727161e-05
MORC4,0.0005869884,0.0005814098,0.00069741346,-0.00028606132,0.0009893253,0.00037742686,-0.00031152833,-3.6295503e-05
C16orf72,-8.1885606e-05,-0.0002788417,-8.1054866e-05,7.056631e-06,0.0006560162,-2.9867515e-05,4.8064627e-05,1.2564473e-05
MLEC,-0.00016210973,-0.00042876042,-0.00026718155,0.000111410394,-0.0012294278,-0.00016276259,0.00012184214,2.2717984e-05
FGL1,-6.968528e-05,-0.00017151982,-8.374825e-05,0.000105333515,-0.00020548701,-0.00015522726,-2.209749e-05,1.3114535e-05
TRIM5,0.0001178775,-0.0001610145,4.772097e-05,-0.00019665807,0.00035124272,0.00032310374,0.00011639949,-2.3376197e-07
NPAT,0.00012603961,3.6001205e-05,8.453801e-05,6.9541857e-06,-0.0002098456,0.0001165038,-4.904531e-05,-1.5937258e-07
SPSB1,0.00035894103,0.00037204847,0.00045269914,-0.00015128031,0.0007766187,0.00021955557,-0.0002227379,-2.1843123e-05
OVCH1,-3.766641e-05,-5.698949e-05,-1.8961728e-06,3.7203543e-05,-0.0010436475,2.718065e-05,-5.6810677e-06,6.0781604e-06
GLCCI1,-6.218627e-05,-0.00070806965,-0.0006318297,8.4469095e-05,-0.0009725094,0.00016108714,0.00041714124,3.7224498e-05
CLCA2,-0.0002508834,-0.00050495006,-0.00039168075,0.00015240349,-0.0010198578,-0.00013353303,0.00018931367,2.898532e-05
CAPN14,8.390099e-05,-0.00013251789,2.9733405e-05,-6.146263e-05,9.068847e-05,9.445846e-05,1.9588508e-05,4.527741e-06
TUBGCP4,9.935722e-05,0.00028309412,0.00040286593,-0.00010835938,0.00077946484,0.00013672654,-0.00019019004,-1.836603e-05
CDHR3,0.00015883893,0.00017642789,0.00012267008,3.886409e-06,0.00033638626,0.000103798695,-8.966494e-05,-4.405738e-06
LSAMP,-0.0008013733,-0.0017118547,-0.0014633685,0.00034136418,-0.0029626712,-0.0002456843,0.0008726334,8.781231e-05
SLC6A2,0.00015875511,0.00018934347,0.00020175055,-7.4701384e-06,-0.0011069924,0.00015230011,-0.00010599848,-7.792027e-06
EFTUD2,-2.0816922e-05,0.00013145246,0.00022720173,6.582495e-05,0.0012211129,-0.00021558767,-0.0002403846,-2.3742905e-06
NFIB,-0.000507351,-0.0008205585,-0.0007279422,0.000308997,-0.0007959455,-0.00021541491,0.0003424026,4.7286274e-05
ZBTB2,0.00017175637,-0.00014625303,-2.3541972e-05,-9.296741e-05,-0.000684388,0.0002547633,0.0001093531,2.7776696e-06
VEZF1,-0.0002774913,-0.00064660236,-0.00047930516,0.00012340955,-0.0019160062,-7.340405e-05,0.00029352587,3.3046817e-05
GIPC3,0.00010803342,4.665181e-05,0.00015059114,1.9180588e-05,1.3656914e-05,-2.2747554e-05,-0.00012503285,-9.3888957e-07
SSTR3,-0.00014795735,-0.00036093406,-0.00014583953,-4.800968e-06,-0.0002630353,-3.4683384e-05,0.00011817366,1.4421297e-05
FAM117A,0.00030462816,0.0001278948,0.00027116202,-0.00014162343,0.00036152452,0.00017540716,-0.00011205021,-9.925803e-06
ETHE1,-0.00017643347,-0.00037181936,-0.00030720048,0.00011602882,-0.0014782622,-3.873743e-05,0.00017298199,2.1171058e-05
CPT1B,0.00038234517,-1.835078e-05,0.00017924607,-0.00031163637,-0.00019779056,0.00047120824,0.00010892376,-1.0589836e-05
ZNF618,-0.0004509054,-0.0010072719,-0.0007563066,0.00015640445,-0.0013660416,-0.00013175793,0.00046716258,4.8867776e-05
PREP,-7.4582174e-05,-0.00023616105,-0.00016984344,0.00015647896,-0.0030076653,-8.333381e-05,5.8986247e-05,1.5931204e-05
RND2,0.0003494881,0.00018044561,0.00045002624,-0.00025128014,0.002833195,0.00012598,-0.00020291377,-1.7841114e-05
BMP3,0.00015202351,0.0002480317,0.0005033687,-0.000110826455,0.0022000447,-0.00013531372,-0.00033504982,-1.6206992e-05
BRINP3,-0.0007986631,-0.001021225,-0.0010753591,0.00048444234,-0.0057957247,-0.00031620916,0.00052482914,6.6683395e-05
MED25,-1.0855496e-05,-0.00016468205,-6.7427754e-06,2.0355918e-05,0.00029539317,-6.880518e-05,-2.5006942e-05,8.524745e-06
SGCG,2.3636967e-06,-0.00023632497,-0.00010500848,-2.7056783e-05,-0.00048930943,0.00013032183,0.0001209043,9.277719e-06
TMEM266,-3.913045e-05,-0.00018232875,-7.2102994e-05,3.740564e-05,-0.00030390173,-2.2284687e-05,3.1472184e-05,1.0129064e-05
MYRFL,-0.00020663999,-0.00044925697,-0.00032396987,0.00012118649,-0.00069531053,-0.000105101615,0.00015950389,2.4962937e-05
CPA1,-0.00021708943,-0.00048895366,-0.00036055222,0.00012257323,-0.0011222437,-8.885935e-05,0.00019481964,2.6362599e-05
RORC,-0.00020688586,-0.0004266873,-0.0003078729,0.00014406908,-0.0010017082,-0.00014617015,0.00013627578,2.4372013e-05
NIPAL2,-0.00021397509,-0.00048455223,-0.00034808554,0.00011867937,-0.0009082258,-0.00010126829,0.0001834007,2.604886e-05
PWWP2B,0.00029157288,0.0003226921,0.00040404312,-0.00015191548,0.00038088858,0.00018116366,-0.00019624922,-1.7004088e-05
ATP6V1C1,3.1838194e-05,-7.710047e-05,0.00013380684,-7.46008e-05,0.00053515285,-3.7027523e-05,-6.184634e-05,9.010546e-07
ITGB3,8.037314e-05,-4.271604e-05,0.00014662743,-6.7097135e-05,0.00028802454,2.6812777e-05,-5.9764832e-05,-2.0846492e-06
TECTB,-0.00020025298,-0.00028506294,-0.00014007464,0.00010972656,2.0384789e-05,-0.00016130274,2.2898428e-05,1.6698847e-05
CACNA1H,0.00069422834,0.0007264856,0.0009017214,-0.00044632982,0.0015758798,0.00046162214,-0.0003671432,-4.662515e-05
PDIA6,0.0001812242,8.803606e-05,0.0002948679,-0.00018192176,0.001329191,0.00014023762,-0.000104122795,-1.11331465e-05
PCDHGA6,-0.0001623556,-0.00053496845,-0.00029280782,1.1352822e-05,-0.0003362745,-3.535673e-05,0.00021651201,2.1900283e-05
CDK16,5.3893775e-05,-0.00018135644,-7.419661e-05,5.5273995e-06,-0.00028015673,5.5633485e-05,5.103834e-05,9.871321e-06
PTPN11,-0.00015408546,-0.0002993513,-0.00016034953,7.617939e-05,-0.0012304261,-8.584745e-05,7.7920966e-05,1.675787e-05
PCDHA13,-0.00020160712,-0.0003192015,-0.00018590689,0.00012399815,-0.0010774881,-0.0001578005,6.215181e-05,1.8513063e-05
IMMT,0.000114902854,-0.00019055605,2.2767112e-05,-0.00010917988,0.000996694,0.000110551715,4.3487176e-05,4.6778005e-06
SEC24C,-0.00025209598,-0.00049938075,-0.00038292445,0.00017285533,-0.0009659603,-0.00018830458,0.00015314389,3.1153555e-05
CEP295,-0.000118311495,-0.00045517273,-0.00037761033,0.00011059921,-0.00060640275,-9.787269e-06,0.00021572132,2.4933368e-05
CEP41,-0.000117274,-0.00038340315,-0.0003220793,8.794572e-05,-0.0027784184,0.00014451426,0.00024561863,2.0563719e-05
PFKFB2,8.06842e-05,-8.743256e-06,-5.731173e-05,9.078812e-05,-0.0016954318,3.4812838e-05,-7.986091e-06,7.742783e-06
AK8,1.8976629e-05,-4.3880194e-05,0.00013496168,-3.9036386e-05,0.00055968016,-3.8626604e-05,-7.643271e-05,-3.145542e-07
HNRNPK,-0.00042401254,-0.00088159554,-0.000756992,0.00025920663,-0.0013887435,-0.00015026378,0.0004030876,4.823995e-05
CFI,-0.00016769022,-0.00038904324,-0.00026812032,9.974744e-05,-0.00089491904,-6.111711e-05,0.0001424579,2.114242e-05
TWF1,-0.00016584434,-0.00066862814,-0.00052252226,7.491466e-05,-0.0011367127,4.1049905e-05,0.0003420571,3.3871038e-05
GOLGA6L2,-0.00019553863,-0.0004709568,-0.00035604835,0.000111023895,-0.0010568276,-5.1152892e-05,0.00020131934,2.5370624e-05
LRIT3,-0.00012416393,-0.00034792535,-0.000263175,0.00010009017,-0.0011435971,-2.365373e-05,0.00014290027,1.9781524e-05
CKM,-0.00012454204,-0.00041495264,-0.0002714619,4.414376e-05,-0.0006712377,2.1534972e-05,0.00018745102,1.9643456e-05
HIBCH,-0.00012222305,8.262694e-05,8.177571e-05,0.0002015587,0.00059401244,-0.0003475477,-0.00023893174,7.8233425e-06
SEPT7,-0.00021708943,-0.00048895366,-0.00036055222,0.00012257323,-0.0011222437,-8.885935e-05,0.00019481964,2.6362599e-05
NKIRAS2,6.0556456e-05,-0.00028606504,-6.460026e-05,-6.784964e-05,0.0012243465,2.0247884e-05,6.840937e-05,1.041044e-05
PIGG,8.485094e-05,8.946285e-06,9.5713884e-05,-5.8779493e-05,-0.00083655864,0.00010866113,-1.9289553e-05,-3.6263373e-07
PLA2G4F,1.7881393e-06,-0.00020662323,4.876405e-06,-5.731173e-05,0.00037518144,1.8677674e-05,3.3207238e-05,5.9361337e-06
ANKMY1,0.00018243119,6.432645e-05,0.00026546977,-0.00016996171,0.0013459325,0.00014376175,-8.831173e-05,-9.4193965e-06
BCL9,-0.00018793717,-0.0005749855,-0.0005115438,0.00021059252,-0.0027953237,-0.00011438271,0.00025093742,3.5788165e-05
KIF1BP,-0.00021708943,-0.00048895366,-0.00036055222,0.00012257323,-0.0011222437,-8.885935e-05,0.00019481964,2.6362599e-05
ONECUT1,0.00016147457,-0.0003975965,-0.00039829127,5.496852e-05,-0.003161937,0.00028718542,0.00031425525,2.0842068e-05
CA14,2.8481707e-05,-4.84474e-05,4.7639012e-05,-6.4866617e-06,0.0010833666,-5.2323565e-05,-7.47405e-05,6.5653585e-06
GATA4,-0.00023660623,-0.000527991,-0.00041132048,0.00014275871,-0.0013723001,-9.621959e-05,0.00022003613,2.9026996e-05
SYT2,0.0003831368,0.00037178025,0.000583848,-0.00029615778,0.0034773722,0.0001465641,-0.00029103737,-2.4209614e-05
PAX2,-0.00015307404,-0.0002919063,-0.00014427677,4.8178248e-05,-0.0014146715,-7.302407e-05,8.63336e-05,1.5281374e-05
ATP2A1,-9.309687e-05,-0.0004655365,-0.00026646443,2.8318726e-05,-0.0002329573,-2.7834438e-05,0.00017475802,2.104824e-05
PRDM14,-0.00020730868,-0.00043382496,-0.00033103302,0.00012641866,-0.0012695715,-7.845741e-05,0.00017548539,2.4413108e-05
SMARCD1,-0.00019728765,-8.160435e-05,-0.00011055358,0.00026656594,-0.0012993813,-0.00029968563,-0.0001088297,1.7595245e-05
TET2,-0.0001185406,-0.0006586611,-0.00045537762,-4.2514876e-06,-0.0015984848,0.0001529539,0.00037919544,2.7196365e-05
CUL4B,1.0937452e-05,-0.0002763532,-8.210167e-05,-7.892866e-05,0.00017618388,0.00016135816,0.00013124757,9.01334e-06
CAMK1D,-0.00020227395,-0.00044735335,-0.0002947934,0.00015998632,0.0008955002,-0.00025847927,7.517822e-05,2.6160851e-05
AARSD1,5.4797158e-05,-0.0005880743,-0.00029112957,-8.7173656e-05,-0.0015489236,0.00015748851,0.00029418524,2.176885e-05
MX1,-3.0403957e-05,-0.0002491176,-0.00016266294,4.370231e-05,-0.00018351525,0.00011449866,0.00011836644,1.1628377e-05
TRIM27,-0.00017069094,-0.00026430562,-0.0002390258,0.000180915,-0.0005091354,-0.00014879089,5.0945207e-05,2.0616222e-05
AGPAT2,0.00018805638,0.00015626289,0.00020726211,-2.951175e-05,0.00013518333,0.000116332434,-0.0001208419,-6.4509222e-06
ATP1A3,-2.199784e-06,5.0352886e-05,0.00011156313,9.8813325e-05,-7.2821975e-05,-0.00016049296,-0.00016889442,4.910631e-06
REEP4,5.1937997e-05,-0.00017367676,-8.333288e-05,-7.278938e-05,-0.00049719214,0.00020292588,0.00012623612,7.925439e-06
ATG9A,0.00015451945,0.00011094846,9.2636794e-05,-8.9313835e-07,-0.0015682131,0.00014862046,-4.0070154e-05,-2.1517044e-06
TSPAN5,-2.0997599e-05,-0.00019748881,-0.00010902807,3.5552308e-05,0.00010745227,4.5590103e-05,6.635394e-05,1.0746648e-05
PDGFD,0.000103643164,-0.00055203773,-0.0004412271,-9.6813776e-05,-0.002180539,0.00039717183,0.00043097604,2.2782944e-05
SLC26A4,-0.0004394874,-0.0007094294,-0.0005415194,0.00021331757,-0.0010197088,-0.0003521461,0.00024366286,3.93847e-05
EFR3B,-4.679151e-05,-0.00028233044,-0.0001126118,-1.749862e-05,-0.00073804706,1.38683245e-05,0.00010023266,1.2515928e-05
HEYL,-0.00033173896,-0.00015034527,-0.00018953905,0.0001827795,-0.0002738312,-0.00021337112,-3.8594007e-06,2.1415995e-05
ZNF423,-9.994395e-05,-0.0002457127,-0.0001751408,9.248592e-05,-0.0019055009,-4.9290247e-05,8.760393e-05,1.5316531e-05
PUS1,0.00032592937,-1.5376136e-05,0.00012560934,-0.00016052742,0.0012456849,0.00026365928,1.6247854e-05,-5.644979e-06
BPNT1,0.00024087727,0.0005859062,0.00058864616,-3.605336e-05,0.0023385137,-2.5072135e-05,-0.0004546279,-2.234336e-05
SEMA6A,-0.00037406385,-0.0006906707,-0.0005617924,0.00022648461,-0.0016377792,-0.00020722486,0.00026345998,4.006538e-05
OFD1,5.5247918e-05,0.0004163962,0.00047042593,1.6702339e-05,0.0007602647,-0.00012010988,-0.00036282185,-1.6268343e-05
VILL,-0.0001013875,-6.982684e-05,-1.0784715e-05,6.8131834e-05,-6.151199e-05,-9.7030774e-05,-4.361663e-05,7.975963e-06
ADAM18,-0.00021905266,-0.000528859,-0.00039624982,0.00011602789,-0.0013677776,-6.8477355e-05,0.00022902992,2.7885428e-05
VPS8,-2.8064474e-05,-0.00032306463,-0.00016389042,3.2517128e-05,-0.0014960617,3.4569763e-05,0.0001201164,1.565367e-05
SLC25A26,0.00012373738,0.000116895884,7.391535e-05,4.79836e-05,-0.0009473935,5.3160824e-05,-8.247048e-05,1.4482066e-06
PDE4C,0.00015396997,1.6672537e-05,0.0002174098,-0.00013069902,-9.211898e-05,0.00019169785,-4.146248e-05,-7.890514e-06
SRGAP3,-0.00029472634,-0.0008273795,-0.0006156042,0.00015245937,-0.0008634031,-0.00012524985,0.00035530888,4.1045016e-05
CUL1,8.442253e-05,-0.00016988441,-6.182678e-05,-2.635643e-07,-0.0010764673,0.00012060255,7.466879e-05,7.3586125e-06
ARHGAP26,9.613857e-05,6.1020255e-05,0.0001241453,4.4414774e-05,0.00018429011,-3.180001e-05,-0.00012106914,-7.683411e-08
EPOR,0.00012988225,3.4917146e-05,0.00015464611,-3.9218925e-05,-0.00055478513,4.0288083e-05,-7.730257e-05,-2.6015332e-06
ZBTB39,0.00045485236,0.00042768754,0.00063213706,-0.00024452526,0.00073123723,0.00020309631,-0.00030697603,-2.8176699e-05
ARNTL,-0.00025806762,-0.00018704869,-0.000252394,0.00023878366,-0.0024677739,-0.00015169103,5.8907084e-05,2.0059757e-05
WDFY1,0.00024983846,0.00024237111,0.00040562078,-0.00017354544,0.0012565032,0.00017891545,-0.00018081348,-1.6936567e-05
NFKB1,0.00052679516,5.0937757e-05,0.00032091886,-0.00041089207,0.0016824976,0.00055427663,4.367996e-05,-1.8108985e-05
PAX8,0.0005153548,0.0006148722,0.00077563897,-0.00028471183,0.0024904087,0.00026821997,-0.00039373618,-3.7275604e-05
SDR39U1,0.00034449995,0.0001710765,0.00014546514,-0.0001057405,-0.00036980957,0.0003588749,-1.8768013e-05,-6.2824693e-06
RAB11FIP5,0.00015149638,2.6177615e-05,0.00036961213,-0.00019043311,0.002028145,-4.187133e-05,-0.00018088985,-1.0577496e-05
DNAJC10,-0.00014465302,-0.00025972165,-0.00014295243,9.8490156e-05,-0.0008706823,-0.00015897723,3.6343932e-05,1.634506e-05
TSPAN14,8.40351e-05,-2.6717782e-05,9.939447e-05,-5.6286342e-05,0.00094037503,7.965136e-05,-4.789699e-05,1.0172371e-06
CMTR2,0.0003150925,5.802512e-05,0.00032363832,-0.00026105065,0.0032726303,0.00014317036,-0.0001307251,-8.797506e-06
PSMC2,0.00015346333,0.00014773384,0.00027319416,-9.322073e-05,0.00064688176,0.00011851266,-0.00012765173,-1.0124757e-05
GALNS,0.00015480258,-3.080815e-06,0.00021595508,-0.00013346225,0.0015221685,3.2024458e-05,-9.7003765e-05,-5.2126125e-06
ACVR1B,-4.953146e-05,-0.00026728958,-0.0001712814,9.178929e-05,-0.0002065748,-5.723443e-05,5.4091215e-05,1.7522136e-05
CADM1,-0.00054208376,-0.0010795146,-0.000955794,0.00034430716,-0.0027946532,-0.00027337903,0.00049352646,6.080733e-05
MMADHC,2.0548701e-05,-6.263144e-05,2.7673319e-05,-5.8328733e-06,-0.00023019314,4.6934932e-05,-7.819384e-06,4.208763e-06
GALNT5,-0.00021162629,-0.0004865732,-0.00035703555,0.000119164586,-0.001081422,-8.5116364e-05,0.00019404199,2.6134308e-05
EXD1,-0.0001362618,-0.00026909448,-0.00012532994,6.5900385e-05,0.00020384789,-0.00011314917,3.8548373e-05,1.47557585e-05
EPHX1,-0.00011872873,-9.1481954e-05,-4.676357e-05,0.00014603697,-0.0010973141,-0.00015516905,-4.6395697e-05,9.440118e-06
PLEKHA1,-0.00027644262,-0.0005391743,-0.0005401466,0.00023696758,-0.0016235858,-7.095747e-05,0.00025910512,3.6209938e-05
TRIB2,-0.00068215467,-0.0010529421,-0.0010053497,0.00042400789,-0.0043887943,-0.00027025305,0.00050464645,6.332982e-05
TLR2,-6.458536e-05,-0.00028388016,-0.0001627896,5.6160614e-05,-0.00025179982,-2.1670945e-05,8.624699e-05,1.5147263e-05
CLDN19,0.00017887168,8.731149e-05,0.0002523046,-0.00011056848,0.0016137809,6.525125e-05,-0.00013421196,-7.560593e-06
HSP90AA1,-0.0005697794,-0.0012241844,-0.0010863543,0.00034321565,-0.0023239404,-0.0001604082,0.0006086705,6.528315e-05
ZC3H18,0.0004971698,0.00020767003,0.00050007366,-0.00029672403,0.0016212836,0.0002568746,-0.00019203965,-2.0965002e-05
NR1H3,0.00021825358,0.0002970714,0.00042340904,-0.00011641346,0.00075025856,9.624474e-05,-0.00023682136,-1.6398495e-05
RUNX2,-0.00038003735,-0.0004441701,-0.0004544556,0.00034965016,-0.002306424,-0.00038538268,0.000104158185,3.4685945e-05
NHLRC1,0.0001811944,-0.000107474625,0.00011350401,-0.00016236398,0.00062227994,0.00015790202,1.32592395e-05,-6.464543e-07
CDK9,0.00017406605,-6.3139945e-05,5.5879354e-08,-1.164712e-05,-2.8729439e-05,0.000115029514,6.9020316e-06,4.5878114e-06
MTCH1,1.6648322e-05,-0.00015694648,-3.2050535e-05,-2.3555942e-05,-4.184246e-05,4.1265972e-05,3.887061e-05,7.578754e-06
COG5,2.7175993e-06,0.00030578673,0.00041037053,-1.2438744e-05,0.0016013086,-0.00016065128,-0.0003313655,-1.0475516e-05
MAK16,0.0005409438,0.0005376674,0.0006497074,-0.00031545945,0.0012804344,0.0004012389,-0.00026428793,-3.3518532e-05
TRPV5,-0.00021776743,-0.0004885476,-0.00035718642,0.00012246054,-0.0010557622,-9.596627e-05,0.0001906585,2.6322436e-05
CORO1A,-5.286187e-06,-4.976429e-05,4.6843663e-05,7.953495e-05,-0.00044804811,-6.582588e-05,-6.443076e-05,4.109228e-06
MAB21L1,-8.669682e-05,-1.3144687e-05,0.0001248829,-6.616209e-05,-0.0030396134,0.00018675067,5.1047653e-05,-5.6165736e-06
MSANTD2,0.00034994818,0.0003960114,0.00040047243,-0.0001330832,0.0021179318,0.00023290701,-0.00022975449,-1.7588492e-05
ZNRF3,-0.00040825643,-0.0005255565,-0.00046296045,0.00029955804,-0.00039826334,-0.0003802674,0.00012794789,3.381027e-05
RHBDL3,0.0003544353,0.0006780941,0.00073633157,-8.3948486e-05,0.0018951073,4.4213608e-05,-0.0004938198,-3.3368822e-05
IFT80,0.00039658323,0.0003733579,0.00052404776,-0.00027299114,0.0028268471,0.00019766204,-0.0002506273,-2.2933003e-05
CDKL5,0.00042890385,0.0006479621,0.00066252425,-0.00013641175,0.0020654649,0.00011411216,-0.0004242761,-2.9510004e-05
CTPS1,-0.00013314188,-0.00039997883,-0.0002730284,4.015118e-05,-0.0010810345,2.7650967e-06,0.0001881374,2.0683627e-05
GDF10,8.275546e-05,-0.00025254674,-5.3163618e-05,-0.000113558955,0.001061596,0.00015002396,0.000106573105,7.5917924e-06
CC2D1A,0.00018565357,-0.00029851496,-0.00015352108,-0.00010507554,-0.00026196986,0.00027471036,0.00019368995,9.317999e-06
RBM19,0.00023103133,0.00026339106,0.00045238622,-0.00023260154,0.0012469292,0.00018785335,-0.00016966928,-2.0992476e-05
C16orf70,0.00070811994,0.0006744992,0.0009845179,-0.00048181042,0.004538767,0.00041247718,-0.00043023098,-4.9423776e-05
UBA7,-0.0003231708,-0.0004999675,-0.00041853264,0.00025419611,-0.0012933016,-0.00030548032,0.00014419574,3.1800242e-05
DSG3,-5.869381e-05,-0.00021622889,-4.9788505e-05,4.4561923e-05,0.0013858825,-5.772896e-05,-6.115064e-06,1.0003452e-05
CHST2,-0.00028254092,-0.0004439801,-0.0004878249,0.00029423367,-0.0017992482,-0.00019613095,0.00016605854,3.57189e-05
POU6F1,2.6324764e-05,-2.4847686e-06,9.355508e-05,-1.978688e-05,-0.00031237304,4.685484e-05,-4.5239925e-05,6.204937e-08
RACGAP1,5.954504e-05,-0.00065408833,-0.000501249,5.6950375e-06,-0.00060646236,0.00013754144,0.00036440045,3.0081952e-05
SERPINE2,-0.0002693776,-0.00033689104,-0.00023887493,0.00012900308,-0.00020702183,-0.00013597682,8.599926e-05,2.1274784e-05
CEP131,0.00024792925,-0.00014298968,8.356944e-05,-0.00018411409,0.0023036376,0.0002447376,4.4540502e-05,-8.478528e-07
TRIM55,-0.0002285745,-0.0004780069,-0.00035026856,0.00012177974,-0.0011989474,-9.2108734e-05,0.00018974673,2.5768182e-05
MYH14,0.00015472434,0.0005978029,0.00060453825,1.2417324e-05,0.0013327077,-0.00010185782,-0.00046959054,-2.3350236e-05
STK40,-0.00038104132,-0.00046634115,-0.00034829043,0.00024745148,-0.0015411898,-0.0004259306,7.624645e-05,3.074296e-05
OTOL1,-0.00019516051,-0.00047357567,-0.00033935532,0.00010964554,-0.0009251386,-7.7637844e-05,0.000185485,2.5181449e-05
ZNF224,0.00029968657,0.00062863715,0.00069238804,-5.2423216e-05,0.0019025207,-4.1344203e-05,-0.00050398055,-2.8155744e-05
SH3GL1,-3.6608428e-05,-0.00023181923,-0.000115953386,3.708154e-05,-0.001026541,8.799136e-06,7.825997e-05,1.14541035e-05
FAM214B,-0.00039434247,-0.0006600935,-0.0005695615,0.00029764045,-0.0011830628,-0.00035463646,0.00021482911,4.0893792e-05
NEXMIF,-0.00048741326,-0.00094467215,-0.0008947719,0.0003666589,-0.0040041134,-0.00014137337,0.0004744418,5.472242e-05
NCBP1,2.2687018e-05,-0.00013709068,-4.5085326e-05,3.434345e-05,0.0006724298,1.2033619e-05,9.057112e-06,7.4392883e-06
ASB15,0.00022286735,0.0002283752,0.00038892776,-0.00013856869,0.00035934895,0.00018313527,-0.00017562043,-1.6037957e-05
CDT1,-0.00017258339,-0.0005926844,-0.00037016533,6.2082894e-05,0.000978373,-0.00013098354,0.00019027386,3.055425e-05
PCDHGA11,-0.00020061992,-0.00039238483,-0.0002886448,0.00014495477,-0.001016736,-0.000104164705,0.00012637675,2.301333e-05
TBX10,-0.00021162629,-0.0004865732,-0.00035703555,0.000119164586,-0.001081422,-8.5116364e-05,0.00019404199,2.6134308e-05
SEMA5B,-0.00012442842,-0.00065564364,-0.00031879544,-8.10232e-05,0.00021200627,-5.0830655e-05,0.00025807787,2.522266e-05
SMOC2,0.00020906143,0.0005332213,0.00044290535,6.383099e-05,-0.00010755658,3.0592084e-05,-0.00036171172,-1.7667422e-05
IQCC,0.00023520552,0.00018174946,0.00032948516,-9.891298e-05,0.0016807765,8.262694e-05,-0.00019230787,-1.1167489e-05
IFT88,0.00034703873,0.0004682839,0.000625778,-0.00023020618,0.0024586245,0.00010638125,-0.0003403807,-2.7782517e-05
ONECUT2,-0.0027480535,-0.0050296,-0.005029371,0.0015313346,-0.013119906,-0.00091305934,0.0028179288,0.0002807984
ANGPTL7,-0.00031089038,-0.00061610155,-0.00047060102,0.000153373,-0.0015799925,-0.00013922388,0.0002582753,3.293762e-05
UPF1,-1.5813857e-06,-0.00018703006,-0.00013760291,1.40704215e-05,-0.00093595684,4.0316954e-05,9.75756e-05,1.1832453e-05
POFUT2,0.00021813996,-4.030578e-05,0.0001534298,-0.00017663557,0.00041794032,0.0002054898,7.49249e-06,-4.822272e-06
AHR,0.0003979616,0.00067082234,0.00071158446,-0.00016628671,0.0011781901,0.00013647787,-0.00043420214,-3.114727e-05
FBXW11,2.7725473e-05,-0.0005128216,-0.00032312796,-5.5395067e-06,-7.607788e-05,0.00010938384,0.00025128014,2.2112508e-05
RFC5,4.108995e-06,2.162531e-05,8.203834e-05,-8.316711e-06,0.0006965846,1.497753e-05,-6.0076825e-05,8.7113585e-07
FLVCR1,-9.1932714e-05,-0.00046782196,-9.914674e-05,-0.00015026983,0.0010699853,4.3001957e-05,0.00017241295,1.2372155e-05
AGBL2,0.00011321902,-0.000105826184,0.00014710426,-0.00014172774,0.00096803904,8.207839e-05,-1.4375895e-05,-3.1510135e-06
ST13,-6.0567632e-05,-9.499118e-05,-3.1851232e-07,0.000102482736,0.00091706216,-0.00013544783,-8.598529e-05,8.809846e-06
KIAA0930,-0.0003913846,-0.0007424131,-0.00070007145,0.00026072562,-0.0030075908,-0.00014647003,0.00037278235,4.490139e-05
FILIP1L,0.00071622245,0.0010223668,0.0009504352,-0.00029205997,0.0026457608,0.00041190255,-0.0005345745,-4.794402e-05
SLC26A7,3.821589e-05,-5.641021e-05,5.010143e-05,-1.2532808e-05,0.0003521964,2.365373e-05,-2.9489398e-05,2.9307557e-06
TM7SF3,9.804033e-05,8.3709136e-05,0.00018143095,-8.2701445e-07,0.00086899847,-0.00013629207,-0.00018245634,7.1828254e-08
SLC6A5,-0.00016863644,-0.00039622933,-0.00029371493,0.0001144642,-0.0011209846,-6.851368e-05,0.00015072431,2.256129e-05
CEP162,0.00013834983,9.9727884e-05,0.0002470184,-7.182639e-05,0.0011342317,-4.093442e-05,-0.00018215459,-2.6350608e-06
FOXO1,0.0002563428,-3.3775344e-05,0.00015930831,-9.668805e-05,-3.0368567e-05,0.0001856368,-3.8837083e-05,-3.7265709e-06
SHCBP1,0.00027897023,-0.0001311414,6.318465e-05,-0.0002580043,-3.0860305e-05,0.000488244,0.00017924141,-6.096787e-06
ZNF596,0.0002759453,0.00026020594,0.00031042844,-0.00018434972,0.00013463199,0.00030612573,-9.161327e-05,-1.5754951e-05
CA10,-0.0003808383,-0.00014363043,-3.0996278e-05,0.00020161085,-0.0008761808,-0.00045503117,-0.00014724117,1.796824e-05
HMGCS2,-0.00023837015,-0.00042886287,-0.00033002347,0.00016125012,-0.0014129058,-0.00014401972,0.0001461897,2.5474816e-05
KLHDC3,-7.185526e-05,-0.00014318153,-7.241219e-05,9.5982105e-05,-0.0010338351,-4.5514666e-05,1.1967495e-05,1.0312651e-05
GNB4,-9.811297e-05,-4.0147454e-05,6.141141e-06,0.000106431544,0.00046458095,-0.00016005011,-9.0651214e-05,8.185394e-06
ZNF879,0.00040885434,0.00059043616,0.0006945245,-0.00021150336,0.0024508387,0.00010861177,-0.00040723663,-3.1132484e-05
TTC34,-0.00021162629,-0.0004865732,-0.00035703555,0.000119164586,-0.001081422,-8.5116364e-05,0.00019404199,2.6134308e-05
CRYBB3,-0.00020020083,-0.00047482736,-0.0003417395,0.00011267234,-0.00096369535,-8.1167556e-05,0.00018566381,2.534897e-05
SLC25A15,0.00032531098,7.58525e-05,0.0002543535,-0.00020015705,0.00020126998,0.00026906282,-4.4661574e-05,-1.05164945e-05
NPL,-0.00019356981,-0.0004296489,-0.00037596934,0.00014021993,-0.0014245063,-4.2459927e-05,0.00021493156,2.4434295e-05
KIAA1107,-0.00053618476,-0.0012489334,-0.0009158347,0.00014532916,-0.0012464896,-6.745942e-05,0.00061499886,5.8162143e-05
RCCD1,0.00022810511,0.00031954236,0.00038537942,-9.347685e-05,0.0020778254,2.539251e-05,-0.00026991311,-1.2664008e-05
PPP2R1A,-0.000120727345,-0.0002470147,-0.00016475469,0.000117516145,-0.00039367378,-9.328034e-05,4.5964494e-05,1.661526e-05
GNB1,-0.0004918184,-0.0010208599,-0.00089387596,0.00029559247,-0.002709955,-0.00014781719,0.0005024988,5.5103097e-05
INPP5B,0.00044187158,0.00047058612,0.00052875094,-0.000116170384,0.0012310967,0.00022486597,-0.00030292105,-2.5419518e-05
CNOT11,0.00014158525,-3.9298087e-05,0.00017559342,-0.00015659258,0.002071716,6.0979277e-05,-6.529875e-05,-2.2667227e-06
MAN1B1,-0.00018581562,-8.8237226e-05,-3.7774444e-06,0.00010920409,0.0012704432,-0.00029229466,-0.00012043398,1.1501019e-05
ASXL2,2.082251e-05,2.7259812e-05,0.00011234358,3.0619092e-05,0.00020624697,-7.626973e-05,-0.000103003345,-1.8393621e-07
LIFR,-0.00026749633,-0.000639569,-0.00045035966,0.00019216444,5.3420663e-06,-0.00029054703,0.00017162133,3.494718e-05
WDR34,-0.0002625063,-0.0005520154,-0.00050731935,0.00022545364,-0.0021190196,-0.00017696759,0.00023142621,3.5037403e-05
ADAM23,8.754432e-07,-0.00012627989,-0.0001800023,0.00012424868,-0.0013869926,4.7163107e-05,6.74678e-05,1.3854704e-05
LMNB1,9.284355e-05,0.00014947355,4.6364963e-05,0.00011730101,4.3660402e-06,7.6927245e-07,-0.00012062024,3.5845442e-06
ZEB1,-0.0005296506,-0.0013012495,-0.0011371616,0.00024535228,-0.0020457432,-2.4460256e-05,0.00071546435,6.565638e-05
R3HDM2,-0.00017540343,-0.0003289152,-0.00015803985,6.180443e-05,-0.0005294457,-8.461345e-05,8.4836036e-05,1.6832491e-05
PYROXD1,0.00034429878,8.7898225e-05,0.0003669858,-0.00026883185,0.0029889643,0.00022591092,-0.00011067372,-1.5916652e-05
NCK2,-0.00049698167,-0.0004946068,-0.00059263594,0.00040663965,-0.0016552284,-0.0003631506,0.00016466528,4.0751067e-05
FAM129B,-0.00021708943,-0.00048895366,-0.00036055222,0.00012257323,-0.0011222437,-8.885935e-05,0.00019481964,2.6362599e-05
AASDH,0.00034766085,0.0005564727,0.00069930404,-0.00024626683,0.0028601065,0.00019858126,-0.00037531462,-3.12482e-05
SIRT5,-0.00034568086,-0.000558652,-0.00031926483,0.00010723155,0.0005765632,-0.00034711557,0.0001121182,3.0513387e-05
ZBTB37,0.00015547499,-8.987822e-05,0.00010589138,-0.00010472722,0.0009576008,0.00011217035,-1.6029924e-05,-3.5145786e-07
MORC3,0.00021285564,0.00012228638,0.00024795718,-0.00012373831,0.002004929,0.00014714152,-0.00011906307,-8.214032e-06
SMARCD2,0.0005772058,0.0005072672,0.0007061064,-0.00034324825,0.0032957569,0.00027142372,-0.0003400026,-3.291492e-05
XPC,0.00013004616,7.294491e-05,0.00026688166,-0.00017092656,0.000692606,8.8483095e-05,-0.00010595191,-5.6574354e-06
ACSS2,0.00017581694,2.1867454e-06,0.000117551535,-6.868597e-05,0.0005436912,8.765049e-05,-5.3309835e-05,-4.475005e-07
GPHN,4.9512833e-05,-5.7039782e-05,-1.7644837e-05,-6.631948e-06,-0.0012296811,0.0001386609,3.7382357e-05,6.1678e-06
CDK5R1,-0.001046326,-0.0018524248,-0.0017486233,0.0006047534,-0.0042508617,-0.00042345934,0.00093098264,0.0001036959
HS3ST1,-0.0010400731,-0.0015777797,-0.0016060676,0.00057925563,-0.005746849,-0.00038431585,0.00087745953,9.084272e-05
CTNNA3,0.00014214963,-7.98516e-06,0.000103777274,3.8240105e-06,-0.00016853958,3.1115487e-05,-6.2189065e-05,-9.125797e-07
RP1L1,-0.00021406263,-0.0005607307,-0.0004489459,0.00014227629,-0.0015781522,-5.1012263e-05,0.00025647786,3.0088937e-05
HEY1,-0.00015433133,-0.00027442724,-0.00022989884,0.00014219899,-5.3547323e-05,-4.521478e-05,7.834565e-05,1.8562423e-05
AFAP1L1,-1.17029995e-05,-0.0003557969,-0.0003018845,7.554237e-05,-0.0019174218,0.000160072,0.00021913648,1.7976621e-05
PRNP,-0.0001330357,-0.0002534967,-0.00014596246,7.371325e-05,-0.00090616196,-4.148204e-05,7.16215e-05,1.4778343e-05
HADH,-0.00013028644,-0.00021475181,-0.00017299503,9.372365e-05,-0.00083756447,-3.721565e-05,7.233955e-05,1.5591504e-05
ZC3H3,6.960891e-05,-0.00021182,-0.00020237081,0.00012710504,-0.00032824278,3.589783e-05,6.3202344e-05,1.64425e-05
STK38L,0.0001614783,0.00031585246,0.00037963316,-2.320204e-05,0.0007368624,-3.2939017e-05,-0.00028613303,-1.1812197e-05
SLC25A38,0.00010539591,0.00041700527,0.00039036572,1.8523075e-05,0.0006466508,-6.4140186e-05,-0.00032566022,-1.2483564e-05
TIMP3,-0.00036664493,-0.0005036518,-0.00034329668,0.00018956047,-0.00025900453,-0.00026893383,0.00012927223,2.6350259e-05
KCNJ15,-0.00020939857,-0.00041514076,-0.00032276846,0.00014808681,-0.00073839724,-0.0001263665,0.0001378674,2.5414396e-05
ADAM33,4.6782196e-05,-4.305318e-05,6.302446e-05,1.0329299e-05,0.0009801835,-2.0571984e-05,-7.2307885e-05,3.486639e-06
DSC1,-2.2409484e-05,-0.0003405325,-0.00014754198,-2.7271919e-05,-0.00060158223,3.908854e-05,0.00012700539,1.4696969e-05
NUDCD1,-2.9549003e-05,-0.00012400001,3.251247e-05,-5.234033e-07,0.0005003363,-5.2922405e-05,-2.4499372e-05,5.3799013e-06
TOP2B,-0.00016383082,-0.00069843605,-0.00048233755,2.8759241e-05,-0.0014625713,0.00010051299,0.00037235767,3.0268566e-05
SGCD,0.00027752668,0.0003871452,0.0007134322,-0.00035629515,0.001412116,0.00018102862,-0.00028695073,-3.2234122e-05
DTX1,1.417473e-06,-5.4631382e-05,-1.3709068e-05,0.00010472257,3.4444034e-05,-8.740462e-05,-6.256346e-05,7.3225237e-06
ISM2,-0.00026863255,-0.00047906302,-0.0003160108,0.0001872927,-5.1788986e-05,-0.00028648134,7.539056e-05,2.9118033e-05
RUBCN,0.00043726712,0.00021867454,0.00043318607,-0.00024319254,0.0019807816,0.00026334357,-0.00016256887,-1.9856263e-05
UBE3C,-0.00013057329,-0.00043637864,-0.00039469264,0.00012532622,-0.0010636821,4.547555e-05,0.00022307411,2.6600668e-05
KCTD9,0.0005600024,0.00038980693,0.0006278977,-0.00026380736,0.0024324283,0.00017899554,-0.00033468474,-2.4988316e-05
VCPIP1,0.0005236883,0.0001514554,0.00051545165,-0.0004634522,0.0023069903,0.00045438763,-7.5146556e-05,-2.5911606e-05
HMGCL,0.0007337276,0.00068671815,0.00085945055,-0.00037774257,0.0018195808,0.00041492283,-0.0003828043,-4.4465763e-05
AGPS,1.8015504e-05,1.6072765e-05,0.00017031096,-0.00016522594,-0.00012911111,0.00017378852,2.8619543e-06,-5.6462595e-06
ANKFN1,0.00013487972,0.00047578476,0.0007076878,-0.0001809625,0.0032646134,-9.500794e-05,-0.0004438432,-2.9080198e-05
SLC7A5,-9.17539e-06,-0.0006901808,-0.00050782226,7.341243e-05,-0.00020854175,0.00013018865,0.00034131948,3.0172989e-05
NPAS1,0.00019841641,-0.00014732406,2.8165057e-05,-0.00012052152,0.0023565292,9.414274e-05,8.285977e-06,4.163827e-06
NDUFV1,-1.9144267e-05,-0.00017550029,-1.7065555e-05,-1.4130957e-05,0.00081153214,-5.2281655e-05,-8.5588545e-06,1.01776095e-05
EXOC6,0.00038301572,0.0002174899,0.00033704564,-0.00017317198,0.000110179186,0.0002670018,-0.00011858065,-1.5763566e-05
TEKT3,-0.00011428073,-0.00027818233,-0.00012678094,3.394019e-05,-0.0007075891,-8.8996254e-05,7.135142e-05,1.3719895e-05
AP4E1,0.00040581636,0.0005586222,0.0005385019,-0.0001399722,0.0019339323,0.00024910085,-0.00031971652,-2.5361893e-05
CHST9,0.000147596,0.0001772698,0.00025208108,-3.1732954e-05,0.00015046448,7.121172e-05,-0.00016133022,-7.0020324e-06
GMIP,3.7239864e-05,-0.000118754804,1.8790364e-05,-1.1828728e-05,0.00040066987,1.0821968e-06,-1.4082529e-05,5.7903817e-06
MYO1D,0.00021428615,0.0004482381,0.000429241,-9.276904e-06,0.00071552396,1.1766329e-05,-0.00031421054,-1.81637e-05
RAF1,-0.0002196692,-0.0005410537,-0.00035217777,7.69645e-05,-0.0008016825,-0.00013834238,0.00019096583,2.9586838e-05
CORO1B,-0.0005494654,-0.00088241696,-0.0007975083,0.00029658806,-0.0036497414,-0.00027726404,0.00041367766,5.1821815e-05
NDRG4,-0.00041279197,-0.0009817779,-0.0008004829,0.00019406062,-0.0026619136,-9.126589e-05,0.0004997719,4.9025286e-05
ARHGEF37,0.00017681159,0.0001556091,0.00029103272,-3.8509257e-05,0.0010085553,-4.0662475e-05,-0.00022167992,-6.236369e-06
RDH8,-0.00020168163,-0.00046326406,-0.00033094734,0.000112446025,-0.0011009127,-7.983763e-05,0.00018063374,2.4762703e-05
EXOC7,-0.00031690858,-0.00082465634,-0.00070160255,0.00019637775,-0.001980789,-0.000102975406,0.00040359888,4.381314e-05
TRAF2,0.00012180954,0.0001343172,0.0002023764,-4.4761226e-05,0.0006704107,6.68345e-05,-0.000116529875,-6.29283e-06
PKD2L1,-0.00014284626,-0.00034525432,-0.00022640638,0.00012190454,-0.00088986754,-0.00012254203,8.950662e-05,2.0005042e-05
PDIA4,-0.00019677542,-0.00034861267,-0.0002717506,9.7715296e-05,-0.0018002018,-4.4281594e-05,0.00015082583,2.1215761e-05
ATG4B,-0.00012175739,-0.00013525598,-8.9854e-05,7.891003e-05,7.4878335e-05,-4.581362e-05,8.30926e-06,1.23457285e-05
WISP1,-0.00021708943,-0.00048895366,-0.00036055222,0.00012257323,-0.0011222437,-8.885935e-05,0.00019481964,2.6362599e-05
DNAJA2,-0.00024022721,-0.00047081895,-0.00040939078,0.00023353007,-0.0011940002,-0.00019978592,0.00014672894,3.1310017e-05
TTK,4.7937036e-05,-0.0004630573,-0.0002319254,-0.0001591621,-0.0014040992,0.00038405135,0.00033004954,1.3186247e-05
KHK,0.00020458549,0.00048368797,0.0006033052,-0.00013513397,0.0022165328,-1.272466e-05,-0.00038527045,-2.4156645e-05
ZNF608,-0.00014902838,-0.00061508454,-0.00054027326,8.306373e-05,-0.0026723742,0.00016978383,0.00039974693,3.106962e-05
PLEKHA8,0.00034623593,0.00034643896,0.00046230666,-0.00016355235,0.0008280277,0.00019759126,-0.0002338821,-2.056593e-05
TRAM2,-0.0001023598,-0.00022193603,-5.7063997e-05,2.9358082e-05,0.0004885495,-0.0001259828,-1.1194497e-06,1.1401367e-05
DPP3,0.00020573661,9.342842e-05,0.00029237196,-0.00020868052,-0.00023582578,0.00016080216,-6.871112e-05,-1.1359807e-05
ZNF667,-0.0002614446,0.00017321482,8.948892e-05,0.00028580148,-0.0001789257,-0.00035943463,-0.0002675252,6.8044756e-06
APBB3,-3.8234517e-05,0.0001365859,0.0002147276,2.8623268e-05,0.00036756694,-0.000117152464,-0.00019875634,-1.673121e-06
RFX7,0.00012613647,-4.7702342e-05,-5.436875e-05,1.4103018e-05,-0.0012323484,0.0003270423,8.886773e-05,3.7578866e-06
BRSK1,9.4447285e-05,-9.874068e-05,2.0774081e-05,3.0086376e-05,0.00047620386,-0.000140002,-7.829163e-05,7.83673e-06
HOMER2,-9.435788e-05,-0.0004377663,-0.00022035837,-1.7108396e-05,-7.314235e-05,3.8262457e-05,0.00018054247,1.7681974e-05
DPP4,-0.0003059972,-0.0005075261,-0.0005055852,0.00016342755,-0.0038458928,-3.8410537e-05,0.00030631293,3.1539937e-05
DLX3,-6.9245696e-05,-0.0004860945,-0.00023077615,-1.6940758e-06,0.00066275895,-2.0324253e-05,0.00016091205,1.9465573e-05
GATA2,0.00015584938,-0.00022011437,-0.00015378185,-1.5776604e-05,-0.002515398,0.0003264146,0.00018891413,7.792027e-06
UNC80,0.0005549304,0.0005104672,0.0007380396,-0.00046237558,0.0014358982,0.00052376185,-0.00021249894,-4.0494953e-05
HNRNPA3,-0.00037403777,-0.0009536948,-0.00080597773,0.00020235498,-0.002361469,-3.2827258e-05,0.0004955344,4.952238e-05
MAP2K5,4.7311187e-05,8.844398e-05,0.00030803122,-7.427484e-05,0.0021774694,-0.00017691404,-0.0002301475,-6.209826e-06
OTOP3,-0.00018851273,-0.00047681667,-0.0003420636,0.000105051324,-0.0010238886,-6.433297e-05,0.00019295886,2.5101472e-05
C20orf194,-0.00019212067,-0.00082034804,-0.00053817965,4.636869e-05,-0.00052547455,3.729295e-05,0.00039030798,3.4321565e-05
EPS15L1,-0.00016883574,-3.376417e-05,-9.7159296e-05,0.0002216883,-0.0011050254,-0.00016690511,-7.283222e-05,1.4345744e-05
ADAMTSL5,-0.0002191402,-0.00037600845,-0.00028369948,0.00011510216,-0.0010658726,-6.0569495e-05,0.00015198905,2.1149055e-05
PLCD4,-0.00016422197,-0.00041013397,-0.00029505044,8.828472e-05,1.232326e-05,-5.796831e-05,0.00014462136,2.3844535e-05
TKFC,4.3092296e-05,3.8854778e-05,0.00013457984,0.00010107923,0.0005940199,-0.00025014067,-0.0002066167,3.666035e-06
CERK,-0.00018828362,-0.0005142875,-0.00023828447,1.7974526e-05,-0.00043342263,-0.00017051678,0.00015386846,2.2621127e-05
WNT16,-0.00022841617,-0.00016789883,-9.486452e-05,0.000115768984,-0.00028572232,-0.00017066626,-1.6882084e-05,1.4768913e-05
NTN1,-0.0004099626,-0.0006060209,-0.0002790559,9.018928e-05,0.00028384477,-0.00037059607,0.000116277486,2.7297414e-05
RCC2,-2.6350841e-05,-0.00039917603,-0.0001788605,-1.5764497e-05,0.00044914335,-7.860176e-05,0.00010633003,1.854985e-05
WDR27,0.0002243761,0.00017114915,0.00028675236,-8.431077e-05,0.0012049079,4.4262968e-05,-0.00017417874,-9.985641e-06
RARA,0.00080378726,0.00053915754,0.00065789185,-0.00038299803,0.0009939969,0.00060306303,-0.0002183197,-3.6098994e-05
PUM1,-0.00029526465,-0.0007777624,-0.00067959726,0.00023085997,-0.0019942597,-9.67104e-05,0.00035904627,4.446064e-05
AR,0.00014010072,0.00010867417,0.0004154276,-0.00021444354,-0.0003613457,5.2434392e-05,-0.00014373753,-1.6656239e-05
TTLL1,0.00029721297,0.00039267913,0.0005067978,-0.00017300528,0.0010739937,0.00014870334,-0.00027546007,-2.0544627e-05
MRPL2,4.8033893e-05,-0.00025504827,-4.8888847e-05,-0.000107129104,0.00038734078,0.00011385139,0.00010829326,6.912276e-06
CSNK2A2,0.00060402974,0.0002358947,0.00042402558,-0.00030382257,0.0017488301,0.0004491359,-0.000102960505,-2.3278757e-05
ECT2,-6.958097e-05,-0.0006073322,-0.00037746876,-5.6265853e-05,0.00017676502,4.6845526e-05,0.00028569438,2.7220696e-05
LDLRAD3,-0.00013395399,9.058043e-06,0.00012698025,6.880332e-05,-9.839237e-05,-0.00024418999,-0.00015879143,4.2829197e-06
MMP25,0.00046452135,0.00020488165,0.0004259348,-0.00026017334,0.0020592436,0.00026152004,-0.00016419869,-1.8417952e-05
CHD3,-0.0007676929,-0.001136532,-0.0010565575,0.00049484987,-0.0030999556,-0.00043914,0.00047249813,6.9017406e-05
MYO19,0.0004144106,0.00020985305,0.00037148036,-0.0002275398,0.0021117702,0.00026304647,-0.00014360715,-1.649023e-05
ITFG2,-8.1878155e-05,4.360825e-05,6.2659383e-06,0.00012676977,-0.0012942255,-0.00012927456,-8.6314045e-05,6.6726934e-06
TMTC2,0.00017072633,1.7400831e-05,0.00042650476,-0.00019101799,0.0018763095,-0.00017168745,-0.00024267752,-1.03442e-05
PDK2,-0.0002911575,-0.00033673644,-0.00026063249,0.00023927726,-0.0022818074,-0.0003775251,2.7605332e-05,2.5546644e-05
AGPAT5,1.1606142e-05,-0.00060565583,-0.00025845692,-0.00020751636,0.0013008714,0.00022434723,0.0003239885,1.7907936e-05
SLC22A8,-0.00020659529,-0.00045611337,-0.00032489002,0.00011636689,-0.0010369644,-9.029545e-05,0.00017215963,2.4608918e-05
IRF1,0.00030327588,0.00042174757,0.00043912604,-7.219054e-05,0.0008646473,0.00015872624,-0.00027090777,-1.966895e-05
PHF21B,0.00016568415,0.00019177422,0.00027256832,1.5313737e-05,0.0026661754,-0.00013857195,-0.00028123986,-3.3471733e-06
TMEM201,0.0002622474,0.000114515424,0.00033737347,-0.00019257143,0.0010823831,6.105844e-05,-0.00016237143,-9.481097e-06
SIPA1L2,0.00031226873,-0.00036925264,-3.0782074e-05,-0.0002992414,-0.0005686134,0.00035719294,0.00025329832,9.512296e-07
GHDC,9.703636e-05,0.00039046258,0.00044960156,-4.4189394e-05,0.0019771084,-8.868147e-05,-0.000338207,-1.5942962e-05
LAMB1,-0.000105453655,-0.00022083148,-0.00024437532,0.00018667988,-0.0016904622,-8.2905404e-05,5.572848e-05,2.0442414e-05
DLGAP4,-2.0051375e-05,-0.00032422505,-0.00018579327,1.452025e-05,0.0002734214,7.09584e-05,0.00013818778,1.4614197e-05
TRIM23,6.599538e-05,-3.8323924e-05,0.00010433234,-4.0386803e-05,0.001196228,3.8107857e-05,-5.350914e-05,-4.7381036e-07
HNRNPR,-0.0005144365,-0.0010447465,-0.0009060409,0.0003032647,-0.0020653978,-0.00020510145,0.00048626866,5.703722e-05
AMHR2,-0.00021068938,-0.00048221461,-0.00035033748,0.00011854246,-0.0010478869,-8.9623965e-05,0.00018879212,2.5859219e-05
PKNOX2,0.00038490072,0.00013582781,0.00040485524,-0.00029548444,0.0017541796,0.00016316958,-0.00014486443,-1.4506746e-05
WDHD1,0.00020464137,-9.420328e-05,1.7272308e-05,-8.555874e-05,0.0015950203,0.00014598016,1.7011538e-05,3.8394937e-06
RASSF8,6.7688525e-06,7.496402e-05,0.00024097599,-3.36105e-05,3.887713e-05,-9.3645416e-05,-0.00015045982,-5.7438156e-06
IGF2R,0.00037139468,0.00018737093,0.0003242977,-0.00021512061,0.0011210814,0.00028847158,-9.600725e-05,-1.5344936e-05
TRIT1,0.00018952042,0.00022270344,0.00033763424,-0.0001668362,-0.0004170984,0.00019681547,-0.00012680236,-1.2752251e-05
HOXD9,-0.0001806058,-0.0004979912,-0.0003667567,0.00010558218,-0.0011335537,-5.2851625e-05,0.0002109399,2.6197522e-05
PPP4R3A,-0.0004921593,-0.0013246108,-0.0010687094,0.00016774237,-0.0010742098,-4.141219e-05,0.000689066,6.417383e-05
OPTN,-0.0005173385,-0.0007271152,-0.00066543743,0.0003998736,-0.0023890212,-0.00034128595,0.00025394745,4.6535046e-05
GPCPD1,-0.00047786348,-0.0009607747,-0.00084520876,0.00029414427,-0.002389878,-0.0001852652,0.00044487417,5.428493e-05
LDB2,-0.00018266216,-0.000340987,-0.00015777536,2.4375506e-05,-0.0012714267,-7.635355e-05,0.00012726337,1.4453311e-05
C2,-6.3978136e-05,-0.0006493516,-0.00049469806,1.6169623e-05,-0.001423277,0.00017520972,0.00039248727,2.8564013e-05
ACY1,0.0003056433,-2.3966655e-05,0.00017862394,-0.00015265401,-0.00018233806,0.00015285704,-2.7318485e-05,-5.5655837e-06
SLC6A19,-2.0295382e-05,-0.0002539549,-8.85278e-05,5.015172e-06,-0.00018768013,6.115064e-06,6.640516e-05,1.1127791e-05
SH3KBP1,6.3801184e-05,0.00044028834,0.00046839565,-4.5964494e-05,0.00080186874,2.5908463e-05,-0.00030624587,-1.8612365e-05
LRP6,-0.0002979003,-0.0007611569,-0.0005915053,0.0001243269,-0.00015785545,-0.00010666996,0.00033180695,3.9801467e-05
MFSD10,-0.00020128675,-0.00022487529,-0.00020054728,0.00017629191,-0.00045137852,-0.00014141202,2.8925948e-05,1.9277562e-05
EFNB3,-0.00039439462,-0.0006845724,-0.00056122616,0.00020898692,-0.0026018247,-0.00024488196,0.0002887575,3.878749e-05
RRBP1,0.00020401739,0.00015598163,0.00018930621,1.7303042e-05,0.00017239153,6.0451217e-05,-0.00016094092,-2.8666109e-06
LVRN,-0.00013324805,-0.0003931187,-0.00010178052,-6.669946e-05,0.000337027,-5.1662326e-05,0.000112537295,1.3576704e-05
CDC73,2.3486093e-05,-0.00011031516,-5.82505e-05,2.0278618e-05,0.00059277564,5.3302385e-05,1.5225261e-05,9.066076e-06
TAPT1,6.472692e-06,3.453158e-05,0.00016864203,6.2007457e-06,4.2386353e-05,-1.8644147e-05,-0.00010925066,-3.58955e-06
KDM3B,-0.00025662966,-0.0006071087,-0.00041856617,0.00013010763,-0.00037157536,-0.00012681447,0.00022129714,3.1241332e-05
IQUB,9.885989e-05,0.00031506084,0.00026640482,6.369874e-05,-0.0010758415,-1.8594787e-05,-0.00023465883,-7.0842216e-06
ACO2,0.00010438822,-7.226132e-05,0.00018638372,-0.0001411736,0.0012963787,4.2663887e-05,-4.9443915e-05,-2.8967625e-06
FAM91A1,6.6645443e-06,0.00032642856,0.00027117692,0.000102341175,0.00089876354,-0.00014644116,-0.00029751193,-4.971749e-06
VPS39,0.000301715,2.8317794e-05,0.00028501265,-0.00023019873,0.0024447292,0.00021357741,-7.6701865e-05,-1.0819174e-05
LINGO2,0.00032610074,0.00025657192,0.00025160797,-0.000101692975,4.8927963e-05,0.00031252857,-9.628106e-05,-1.2244564e-05
AGO3,0.00029822066,0.00021694973,0.00036913157,-0.00019436423,0.0012103096,0.00024461187,-0.00014929194,-1.5391735e-05
SEC14L1,-7.362291e-05,-0.00023787282,-0.00016371533,4.4322573e-05,0.00043275952,2.7169473e-05,8.9835376e-05,1.4237012e-05
KIF2C,-0.00013820082,-0.00017759018,-7.737987e-05,2.3333356e-05,0.0005901307,-3.9065257e-05,2.5987625e-05,1.1787401e-05
PTDSS1,-0.00011525862,-3.6478043e-05,-8.274615e-05,0.00020210259,-0.0004956573,-0.00014186837,-7.930864e-05,1.3446552e-05
KIF3C,-0.00060870126,-0.0011311118,-0.0010880362,0.00044650398,-0.0019472018,-0.00029160315,0.0005181255,6.799714e-05
TUT1,0.00015706755,0.00019721873,0.00043667294,-0.00018491782,0.0014175996,7.0104375e-05,-0.00020793732,-1.6670441e-05
PRKAR2A,0.00042084605,0.0005965214,0.00066404603,-0.00019502267,0.0011227801,0.00031195022,-0.00033314992,-3.338093e-05
GDAP2,0.00029113702,0.0005004201,0.0006499868,-0.00020708237,0.0026134178,8.717086e-05,-0.00036360603,-2.8675888e-05
PAXIP1-AS2,-2.8761104e-05,-0.00027762353,-0.00015773065,1.3060868e-05,-0.00089257956,7.465854e-05,0.00013333373,1.2226636e-05
PPIAL4G,0.0005020611,4.9332157e-05,0.00039726123,-0.0004248228,0.0016358048,0.00044615194,-1.9120984e-05,-1.8141116e-05
PRAMEF8,-0.00021708943,-0.00048895366,-0.00036055222,0.00012257323,-0.0011222437,-8.885935e-05,0.00019481964,2.6362599e-05
GAGE13,-0.00021708943,-0.00048895366,-0.00036055222,0.00012257323,-0.0011222437,-8.885935e-05,0.00019481964,2.6362599e-05
SPDYE2B,-0.00021708943,-0.00048895366,-0.00036055222,0.00012257323,-0.0011222437,-8.885935e-05,0.00019481964,2.6362599e-05
DEFB105A,-0.00021708943,-0.00048895366,-0.00036055222,0.00012257323,-0.0011222437,-8.885935e-05,0.00019481964,2.6362599e-05
PABPC1L2B,8.2708895e-05,-7.079914e-05,0.0001108367,-5.8236532e-05,0.00093420595,9.468757e-06,-5.8739446e-05,1.1359807e-06
DEFB106B,-0.00021708943,-0.00048895366,-0.00036055222,0.00012257323,-0.0011222437,-8.885935e-05,0.00019481964,2.6362599e-05
RIMBP3C,-0.00021708943,-0.00048895366,-0.00036055222,0.00012257323,-0.0011222437,-8.885935e-05,0.00019481964,2.6362599e-05
DMRTC1B,-5.349517e-05,-0.00020649843,-0.00010193698,7.263757e-05,-0.0007530004,-7.046107e-05,2.915319e-05,1.2803939e-05
SSX2,-0.00021708943,-0.00048895366,-0.00036055222,0.00012257323,-0.0011222437,-8.885935e-05,0.00019481964,2.6362599e-05
GAGE2E,-0.00021708943,-0.00048895366,-0.00036055222,0.00012257323,-0.0011222437,-8.885935e-05,0.00019481964,2.6362599e-05
DEFB104B,-0.00021708943,-0.00048895366,-0.00036055222,0.00012257323,-0.0011222437,-8.885935e-05,0.00019481964,2.6362599e-05
CFC1B,-0.00021708943,-0.00048895366,-0.00036055222,0.00012257323,-0.0011222437,-8.885935e-05,0.00019481964,2.6362599e-05
SLX1B,-0.00010642968,-0.00031812117,-0.00023762882,7.587951e-05,-0.0011646673,2.537109e-05,0.00015229173,1.697219e-05
DEFB106A,-0.00021708943,-0.00048895366,-0.00036055222,0.00012257323,-0.0011222437,-8.885935e-05,0.00019481964,2.6362599e-05
GATD3A,-1.79559e-05,-0.00025660172,-0.00012329593,-2.6972964e-05,-0.00029820204,5.7528727e-05,0.00010675751,1.2827106e-05
PPP3CA,-0.00057699904,-0.0014811177,-0.0012661219,0.00031100586,-0.0030986294,-0.00011650473,0.0007599108,7.539557e-05
PNMA6A,0.00025591627,0.0005531274,0.00055876747,-0.00010735914,0.0005108565,8.525327e-05,-0.0003460301,-2.3867819e-05
CT45A3,-0.00021708943,-0.00048895366,-0.00036055222,0.00012257323,-0.0011222437,-8.885935e-05,0.00019481964,2.6362599e-05
PABPC1L2A,0.00012339838,-6.3760206e-05,4.8737973e-05,2.0042062e-06,-0.00045120716,8.9081004e-05,-2.222322e-05,2.8442591e-06
EIF3CL,-6.983243e-05,-0.00024132244,-0.00012511946,6.4885244e-05,-0.00040002912,-4.936941e-05,4.9262308e-05,1.3927696e-05
GOLGA5,0.0003362242,0.00032056123,0.0005056225,-0.00021246728,0.0013250113,0.00017974898,-0.00024112035,-2.1310407e-05
NPIPA8,-0.00053763203,-0.00097359344,-0.0009370353,0.00030507054,-0.0019515455,-0.00014048722,0.00049985107,5.8359932e-05
UBE2Q2L,0.00034371577,0.0004017204,0.00050663576,-0.0001739338,0.000781171,0.00017374754,-0.0002498785,-2.3788656e-05
U2AF1,-7.186271e-05,-0.00013276562,-4.038401e-05,5.991012e-05,-0.00031854957,-2.6242808e-05,2.0638108e-06,8.787611e-06
DEFB104A,-0.00021708943,-0.00048895366,-0.00036055222,0.00012257323,-0.0011222437,-8.885935e-05,0.00019481964,2.6362599e-05
DEFB4B,-0.00021708943,-0.00048895366,-0.00036055222,0.00012257323,-0.0011222437,-8.885935e-05,0.00019481964,2.6362599e-05
MRPL23,-0.00013671815,-0.0004409384,-0.00029551983,5.7328492e-05,-0.00020605326,-5.564466e-05,0.0001724232,2.2573047e-05
AL627171.2,-0.00021708943,-0.00048895366,-0.00036055222,0.00012257323,-0.0011222437,-8.885935e-05,0.00019481964,2.6362599e-05
F8A1,0.00036730804,0.00041522458,0.0006027948,-0.0002836557,0.0010661185,0.00019561127,-0.00026897062,-2.7139089e-05
NPIPA2,-4.225038e-05,5.8535486e-05,6.262772e-05,4.5471825e-05,0.00043965876,3.430806e-05,-7.19307e-05,2.8029317e-06
SQSTM1,8.497387e-06,-5.6177378e-06,8.587912e-05,2.6249327e-05,-0.00088164955,3.2057054e-05,-6.0950406e-05,2.4648616e-06
GRID2IP,-0.0002214238,-0.00053313,-0.00039079413,9.933952e-05,-0.0009928122,-6.1090104e-05,0.00023025647,2.7859234e-05
SSX4B,-0.00021708943,-0.00048895366,-0.00036055222,0.00012257323,-0.0011222437,-8.885935e-05,0.00019481964,2.6362599e-05
SPANXA2,-0.00021708943,-0.00048895366,-0.00036055222,0.00012257323,-0.0011222437,-8.885935e-05,0.00019481964,2.6362599e-05
BHLHE22,-0.00012431294,-0.00041684695,-0.00027668476,7.253047e-05,-0.0007189065,1.5445054e-05,0.00017836038,1.9069994e-05
SIK1,-0.0003684368,-0.00042032637,-0.0001896713,0.00013389345,-0.0024306327,-0.0001907982,9.199232e-05,2.0842534e-05
VARS,-0.00021708943,-0.00048895366,-0.00036055222,0.00012257323,-0.0011222437,-8.885935e-05,0.00019481964,2.6362599e-05
ADCY3,0.0005195737,0.000411449,0.00060682,-0.00031649228,0.0022072643,0.00029115845,-0.00026642252,-2.743327e-05
CT47A6,-0.00010725111,-0.00035794266,-0.00021964125,5.4005533e-05,-0.00048799813,-2.2433698e-05,0.00013106316,1.8198858e-05
HDAC5,-0.00016490184,-0.00023763254,-0.00010976009,0.00012783054,-0.00038241595,-0.00016490603,-3.799796e-06,1.5209545e-05
PKNOX1,6.178953e-05,-5.184859e-05,-5.1036477e-05,5.681254e-05,0.0004274547,0.00012697186,1.7345883e-05,5.117152e-06
AMY1B,0.00032024458,0.00016423501,0.00022832118,-9.7066164e-05,0.0009467527,0.00024422724,-0.000102228485,-9.27411e-06
CT45A6,-0.00021708943,-0.00048895366,-0.00036055222,0.00012257323,-0.0011222437,-8.885935e-05,0.00019481964,2.6362599e-05
RIMBP3B,-2.0429492e-05,-0.00031802803,-0.00010561943,-5.835388e-05,0.00024733692,8.067209e-05,0.00012878235,1.0168063e-05
ZNF705D,-0.0002508834,-0.00050495006,-0.00039168075,0.00015240349,-0.0010198578,-0.00013353303,0.00018931367,2.898532e-05
PRODH,-0.0006050337,-0.000906663,-0.0009982903,0.00044849608,-0.003445655,-0.00026899902,0.00045820046,6.063527e-05
PRCP,-0.00021311827,-0.00035476498,-0.00028011203,0.00015375577,-0.002098225,-0.00014660973,0.00013261568,2.0343694e-05
RP11-849H4.2,-0.00021708943,-0.00048895366,-0.00036055222,0.00012257323,-0.0011222437,-8.885935e-05,0.00019481964,2.6362599e-05
AL603965.1,-0.00021708943,-0.00048895366,-0.00036055222,0.00012257323,-0.0011222437,-8.885935e-05,0.00019481964,2.6362599e-05
GOLGA6L4,0.00018863194,0.00024306215,0.0003088303,-1.1308119e-05,0.00094918907,-9.726733e-06,-0.00023812335,-9.591458e-06
UBAP2,0.0001703538,-0.0001483839,3.9706007e-05,-0.00015396997,-0.00022809952,0.00023251958,8.8834204e-05,1.5503028e-06
HOGA1,-9.58778e-05,-0.00034732185,-0.00027444586,9.294413e-05,-0.0011167675,-4.2499043e-05,0.0001382688,2.1288404e-05
CPA6,-0.00010080077,-0.00037993118,-0.00025248528,4.11449e-05,-0.00066193193,5.156081e-05,0.00017682835,1.8456718e-05
TBC1D3C,-0.00021708943,-0.00048895366,-0.00036055222,0.00012257323,-0.0011222437,-8.885935e-05,0.00019481964,2.6362599e-05
AC010441.1,-0.00021708943,-0.00048895366,-0.00036055222,0.00012257323,-0.0011222437,-8.885935e-05,0.00019481964,2.6362599e-05
GSTT2,-0.00021708943,-0.00048895366,-0.00036055222,0.00012257323,-0.0011222437,-8.885935e-05,0.00019481964,2.6362599e-05
PRAMEF11,-0.00020601228,-0.0004918277,-0.00036164,0.000115136616,-0.0011860132,-7.228553e-05,0.00020259153,2.6160269e-05
DMRTC1,-0.00021708943,-0.00048895366,-0.00036055222,0.00012257323,-0.0011222437,-8.885935e-05,0.00019481964,2.6362599e-05
CEBPZOS,0.00020065345,0.0003485419,0.00044840574,-8.974876e-05,0.002433218,1.8235296e-05,-0.00029773358,-1.695333e-05
PWP2,0.00016202405,4.694797e-05,0.00026085414,-0.00010952074,0.0014506802,-3.025867e-06,-0.00014561508,-6.0219318e-06
ST3GAL3,0.00038095377,0.00024410896,0.00038906373,-0.00020976923,0.00083982944,0.00028460473,-0.00014167558,-1.7110026e-05
AP002956.1,-0.00021708943,-0.00048895366,-0.00036055222,0.00012257323,-0.0011222437,-8.885935e-05,0.00019481964,2.6362599e-05
GAGE12H,-0.00021708943,-0.00048895366,-0.00036055222,0.00012257323,-0.0011222437,-8.885935e-05,0.00019481964,2.6362599e-05
TBX22,-0.0001308173,-0.00037989207,-0.00023697875,7.88318e-05,-0.00078173727,-4.0253624e-05,0.00013553165,1.9188155e-05
MTRNR2L5,-0.0001728218,-0.00044550374,-0.00028880313,6.900448e-05,-0.0008051321,-4.113838e-05,0.00018002186,2.1955697e-05
ARL17A,0.00026692636,0.00030007958,0.0004449319,-0.0001571821,0.002667427,0.00014156662,-0.00024894532,-1.781853e-05
RP11-279O9.4,-0.00021708943,-0.00048895366,-0.00036055222,0.00012257323,-0.0011222437,-8.885935e-05,0.00019481964,2.6362599e-05
DPH1,-0.0002278667,-0.00024329312,-0.0001688879,0.00013884809,-0.0023127645,-0.00012679817,6.2312e-05,1.6531325e-05
AC073569.1,-0.00021708943,-0.00048895366,-0.00036055222,0.00012257323,-0.0011222437,-8.885935e-05,0.00019481964,2.6362599e-05
PRPF40A,-0.00010864809,-0.0004898794,-0.00031161308,4.9894676e-05,-0.0009404123,4.5528635e-05,0.0002134256,2.3586093e-05
AL162424.1,-0.00021708943,-0.00048895366,-0.00036055222,0.00012257323,-0.0011222437,-8.885935e-05,0.00019481964,2.6362599e-05
C16orf47,-0.00021708943,-0.00048895366,-0.00036055222,0.00012257323,-0.0011222437,-8.885935e-05,0.00019481964,2.6362599e-05
AL591684.1,-0.00021708943,-0.00048895366,-0.00036055222,0.00012257323,-0.0011222437,-8.885935e-05,0.00019481964,2.6362599e-05
NOTCH2NL,-0.00021708943,-0.00048895366,-0.00036055222,0.00012257323,-0.0011222437,-8.885935e-05,0.00019481964,2.6362599e-05
AC020922.1,-0.00021708943,-0.00048895366,-0.00036055222,0.00012257323,-0.0011222437,-8.885935e-05,0.00019481964,2.6362599e-05
MIRLET7BHG,-2.8127804e-05,-0.00021585636,-0.00012542494,4.9220398e-05,-0.0015061423,4.000403e-05,8.018222e-05,1.25360675e-05
RP11-131H24.4,-0.00021708943,-0.00048895366,-0.00036055222,0.00012257323,-0.0011222437,-8.885935e-05,0.00019481964,2.6362599e-05
SPATA31A7,-0.00021708943,-0.00048895366,-0.00036055222,0.00012257323,-0.0011222437,-8.885935e-05,0.00019481964,2.6362599e-05
ZNF595,0.00021152757,0.00040709227,0.0003846418,-3.6196783e-05,-0.00028347224,0.00013294071,-0.00023583602,-1.6407575e-05
RGPD5,-0.00026670657,-0.0007136576,-0.0005553812,0.00020083133,-0.0021135658,-2.1528453e-05,0.00033055246,3.531191e-05
H2AFB1,-0.00021708943,-0.00048895366,-0.00036055222,0.00012257323,-0.0011222437,-8.885935e-05,0.00019481964,2.6362599e-05
CRYAA,-0.0002485104,-0.00052713044,-0.00040793605,0.00014278851,-0.0013682246,-0.00010171998,0.0002186494,2.8900919e-05
AC137932.1,-0.00021708943,-0.00048895366,-0.00036055222,0.00012257323,-0.0011222437,-8.885935e-05,0.00019481964,2.6362599e-05
ARVCF,3.7735328e-05,-0.00040880963,-0.00018299744,-5.986821e-05,0.001677312,5.2089803e-05,0.00014343672,1.6148435e-05
ME1,6.0154125e-05,0.00015479885,0.00040357374,-0.00013340358,0.0016604811,-6.543659e-05,-0.00023260433,-1.310138e-05
UBAP2L,-0.00020502321,-6.091781e-05,-6.3106418e-06,0.00016189367,-0.00046178699,-0.0002179537,-0.00010828953,1.11729605e-05
DNAH10OS,-0.00021708943,-0.00048895366,-0.00036055222,0.00012257323,-0.0011222437,-8.885935e-05,0.00019481964,2.6362599e-05
SULT1A4,-8.4342435e-05,-0.00022373907,-8.927472e-05,5.4951757e-05,-0.00040498376,-0.00010044873,2.0036474e-05,1.2972159e-05
ELOA3,-0.00021708943,-0.00048895366,-0.00036055222,0.00012257323,-0.0011222437,-8.885935e-05,0.00019481964,2.6362599e-05
NBPF9,0.00031204335,0.00032420084,0.0003458634,-0.0001637917,-0.0010080114,0.00037928484,-8.8355504e-05,-2.036069e-05
FLJ20306,-0.00021708943,-0.00048895366,-0.00036055222,0.00012257323,-0.0011222437,-8.885935e-05,0.00019481964,2.6362599e-05
AC009802.1,-0.00021708943,-0.00048895366,-0.00036055222,0.00012257323,-0.0011222437,-8.885935e-05,0.00019481964,2.6362599e-05
STRIP1,-0.00027320348,-0.00046710856,-0.00034418143,0.00019003637,-0.0013690516,-0.00018661516,0.00014078151,2.7428265e-05
HSFX2,-3.0225143e-05,-0.00014436059,-0.00010550022,8.55783e-05,-0.0014461651,8.178875e-06,4.1450374e-05,1.113757e-05
NPIPB3,1.3951212e-05,-0.000554489,-0.00035679713,-2.7549453e-05,-0.0009483993,0.00017479528,0.000297416,2.3596338e-05
IRAK2,-4.1211024e-05,-0.00015321933,-2.2288412e-05,4.2931177e-05,0.00039316714,-0.000107140746,-2.3092143e-05,8.696923e-06
NCAPH,0.00012246147,-0.00019692816,1.752749e-05,-0.00020827912,0.0009365529,0.0003160471,0.00014531985,-5.6112185e-08
DEFA3,-0.00021708943,-0.00048895366,-0.00036055222,0.00012257323,-0.0011222437,-8.885935e-05,0.00019481964,2.6362599e-05
PRDM9,-0.00021193922,-0.00049451925,-0.0003692489,0.00012624636,-0.001129128,-8.989312e-05,0.00019708369,2.6867026e-05
PRAMEF9,-0.00021708943,-0.00048895366,-0.00036055222,0.00012257323,-0.0011222437,-8.885935e-05,0.00019481964,2.6362599e-05
AC018816.3,-0.00021708943,-0.00048895366,-0.00036055222,0.00012257323,-0.0011222437,-8.885935e-05,0.00019481964,2.6362599e-05
AP1B1,4.950911e-06,-0.00031994283,-0.00019388646,1.5496276e-05,0.0011801198,1.6730279e-05,0.00011028256,1.6605714e-05
CTBP2,-0.00023913756,-0.00074448064,-0.0006490648,0.00014366582,-0.0015757829,-4.8605725e-06,0.00038969796,4.1081337e-05
NXF2B,-0.0001651682,-0.00027064793,-0.00016060844,8.7665394e-05,-0.000778988,-0.00010109693,6.322097e-05,1.645158e-05
AC026310.1,-0.00021708943,-0.00048895366,-0.00036055222,0.00012257323,-0.0011222437,-8.885935e-05,0.00019481964,2.6362599e-05
KIAA1551,-0.00021708943,-0.00048895366,-0.00036055222,0.00012257323,-0.0011222437,-8.885935e-05,0.00019481964,2.6362599e-05
MTRNR2L7,-0.00021708943,-0.00048895366,-0.00036055222,0.00012257323,-0.0011222437,-8.885935e-05,0.00019481964,2.6362599e-05
AL583828.1,-0.00021708943,-0.00048895366,-0.00036055222,0.00012257323,-0.0011222437,-8.885935e-05,0.00019481964,2.6362599e-05
AC121757.1,-0.00021708943,-0.00048895366,-0.00036055222,0.00012257323,-0.0011222437,-8.885935e-05,0.00019481964,2.6362599e-05
FAM25G,-0.00021708943,-0.00048895366,-0.00036055222,0.00012257323,-0.0011222437,-8.885935e-05,0.00019481964,2.6362599e-05
C14orf132,-0.00015361421,-0.00026142783,-0.00019982457,0.00013112277,-0.00080028176,-6.9245696e-05,7.2061084e-05,1.810689e-05
DEFB4A,-0.00021708943,-0.00048895366,-0.00036055222,0.00012257323,-0.0011222437,-8.885935e-05,0.00019481964,2.6362599e-05
ZNF705B,-0.0002508834,-0.00050495006,-0.00039168075,0.00015240349,-0.0010198578,-0.00013353303,0.00018931367,2.898532e-05
SLC7A8,-9.820238e-05,-0.000577759,-0.0004400313,7.8074634e-05,-0.00043545663,1.7357059e-05,0.00027855672,2.8463895e-05
AL035406.1,-0.00021708943,-0.00048895366,-0.00036055222,0.00012257323,-0.0011222437,-8.885935e-05,0.00019481964,2.6362599e-05
AC090616.2,-0.00021708943,-0.00048895366,-0.00036055222,0.00012257323,-0.0011222437,-8.885935e-05,0.00019481964,2.6362599e-05
RGPD6,-0.0002583433,-0.00037712604,-0.0002515111,0.00013913959,-0.00072004646,-0.0001619826,0.000103038736,2.1546497e-05
AL161645.2,-0.00021708943,-0.00048895366,-0.00036055222,0.00012257323,-0.0011222437,-8.885935e-05,0.00019481964,2.6362599e-05
CBS,-0.0007375665,-0.0009613242,-0.00096652657,0.00052673277,-0.0037184283,-0.0006184131,0.0003478825,6.598886e-05
ERVMER34-1,2.300553e-05,-0.00027797557,-5.5149198e-05,-6.357953e-05,0.00041633844,8.571241e-05,8.212961e-05,9.129522e-06
KCNE1,-0.00021813251,-0.0002685096,-0.00019582547,0.00015670806,-0.001518555,-0.00017416617,4.9347058e-05,1.8636347e-05
ATN1,-0.000100834295,-0.00017005764,-9.118207e-05,8.5162e-05,-0.00078516454,-4.6070665e-05,2.5132671e-05,1.2202887e-05
MPO,-4.550256e-05,-0.0003294032,-0.0003462322,0.00010608602,-0.0012834147,0.00011254009,0.00020310562,2.1803426e-05
AL035588.1,-0.00021708943,-0.00048895366,-0.00036055222,0.00012257323,-0.0011222437,-8.885935e-05,0.00019481964,2.6362599e-05
HSFX1,-0.00021708943,-0.00048895366,-0.00036055222,0.00012257323,-0.0011222437,-8.885935e-05,0.00019481964,2.6362599e-05
ERVV-1,-5.9705228e-05,-0.00042633526,-0.00025098026,1.0486692e-05,-0.00024545938,5.0745904e-05,0.00018637441,1.8840306e-05
BTBD9,-1.9542873e-05,6.558001e-05,0.00018800236,3.101956e-05,0.0013983622,-0.00016944762,-0.00019558799,8.925563e-07
RP11-712L6.5,-0.00021708943,-0.00048895366,-0.00036055222,0.00012257323,-0.0011222437,-8.885935e-05,0.00019481964,2.6362599e-05
CDK10,0.00014976971,-0.00019390695,-2.5078654e-05,-6.7844056e-05,-9.5024705e-05,7.496774e-05,5.6050718e-05,6.0950406e-06
AC004466.1,-0.00021708943,-0.00048895366,-0.00036055222,0.00012257323,-0.0011222437,-8.885935e-05,0.00019481964,2.6362599e-05
MNT,-8.543953e-05,-9.3411654e-05,6.33318e-05,4.8111193e-05,0.0015885457,-0.0002792976,-0.00013227668,8.297851e-06
AC011308.1,-0.00021708943,-0.00048895366,-0.00036055222,0.00012257323,-0.0011222437,-8.885935e-05,0.00019481964,2.6362599e-05
CT45A1,-0.00021708943,-0.00048895366,-0.00036055222,0.00012257323,-0.0011222437,-8.885935e-05,0.00019481964,2.6362599e-05
KRT6C,-0.00013572164,-0.000486888,-0.0003437996,5.0374307e-05,-0.0010772869,4.5212917e-05,0.00024296064,2.2973632e-05
CTAGE4,-0.00021708943,-0.00048895366,-0.00036055222,0.00012257323,-0.0011222437,-8.885935e-05,0.00019481964,2.6362599e-05
TCEB3CL,-0.00021708943,-0.00048895366,-0.00036055222,0.00012257323,-0.0011222437,-8.885935e-05,0.00019481964,2.6362599e-05
NBPF14,0.00028824247,0.00030012242,0.00046445057,-0.00023250375,-0.00022170693,0.00033553876,-0.00013215002,-2.4364563e-05
TBC1D1,-0.00046968833,-0.0011176858,-0.00088584237,0.00024473108,-0.0008618459,-0.00037749344,0.00044920202,5.900103e-05
TCEB3CL2,-0.00021708943,-0.00048895366,-0.00036055222,0.00012257323,-0.0011222437,-8.885935e-05,0.00019481964,2.6362599e-05
C1orf147,-0.00021708943,-0.00048895366,-0.00036055222,0.00012257323,-0.0011222437,-8.885935e-05,0.00019481964,2.6362599e-05
ARIH1,-0.00018981844,-0.0006332584,-0.0005349368,0.00012950506,-0.001093097,8.830894e-05,0.0003370084,3.3338787e-05
POLR2J2,8.148886e-05,0.000110967085,0.00016718172,4.054047e-05,-7.066876e-05,-5.757436e-05,-0.00015847106,-1.4351681e-06
RP11-144F15.1,-0.00021708943,-0.00048895366,-0.00036055222,0.00012257323,-0.0011222437,-8.885935e-05,0.00019481964,2.6362599e-05
GOLGA8B,-0.000107869506,-0.0005944669,-0.0004841797,5.10253e-05,-0.0024292767,0.00020151865,0.00037015136,2.9309653e-05
USP33,-0.00023016706,-0.0006087627,-0.00049770996,0.0001642676,-0.0006908402,-4.331488e-05,0.00026381575,3.4446828e-05
SPDYE2,-0.00021708943,-0.00048895366,-0.00036055222,0.00012257323,-0.0011222437,-8.885935e-05,0.00019481964,2.6362599e-05
RP11-321M21.3,-0.00021708943,-0.00048895366,-0.00036055222,0.00012257323,-0.0011222437,-8.885935e-05,0.00019481964,2.6362599e-05
ANKRD20A2,-0.00021708943,-0.00048895366,-0.00036055222,0.00012257323,-0.0011222437,-8.885935e-05,0.00019481964,2.6362599e-05
EZR,-0.0002998151,-0.00047590584,-0.000369614,0.00015486497,-0.0012513772,-0.00013794377,0.00018757582,2.6174937e-05
NBPF16,-0.00021708943,-0.00048895366,-0.00036055222,0.00012257323,-0.0011222437,-8.885935e-05,0.00019481964,2.6362599e-05
LRRC37A,0.0007616766,0.0009732172,0.0012312178,-0.00051516946,0.0051687583,0.0002987478,-0.00064018834,-5.8634556e-05
BCLAF1,-0.00053742714,-0.0010181852,-0.0009908024,0.0003673574,-0.0024158135,-0.00019118376,0.0005060714,6.0986145e-05
LCE3C,-0.00021708943,-0.00048895366,-0.00036055222,0.00012257323,-0.0011222437,-8.885935e-05,0.00019481964,2.6362599e-05
AP1G2,9.37283e-06,2.0818785e-05,0.00014292821,-2.4828129e-05,0.0011872202,-0.000109612476,-0.00012440886,1.1577504e-06
AC018867.2,-0.00021708943,-0.00048895366,-0.00036055222,0.00012257323,-0.0011222437,-8.885935e-05,0.00019481964,2.6362599e-05
RFPL3S,-0.00013591163,-0.00012056716,-8.580834e-05,0.0001199143,-0.00030311197,-0.0001242673,-2.5914982e-05,1.3004639e-05
SMN2,-0.0003177151,-0.00032224506,-0.00027246028,0.00021977164,-0.0026952624,-0.00022763666,8.419808e-05,2.2833003e-05
OPN1MW,-0.00021708943,-0.00048895366,-0.00036055222,0.00012257323,-0.0011222437,-8.885935e-05,0.00019481964,2.6362599e-05
AC103801.2,-0.00021708943,-0.00048895366,-0.00036055222,0.00012257323,-0.0011222437,-8.885935e-05,0.00019481964,2.6362599e-05
GOLGA8N,5.834177e-05,-0.00020413287,0.00015379302,-0.00017197523,0.0013913289,5.768519e-05,-2.015382e-06,-1.0695076e-06
AMY1A,-0.00013739802,-0.00044349208,-0.00035956874,0.00014152657,6.9737434e-05,-0.00014454732,0.00013034046,2.959033e-05
NEBL,0.00038320012,-0.00020022318,1.2487173e-05,-0.0003131032,0.0006576404,0.00055693556,0.0002346849,-4.7408976e-06
AL590714.1,-0.00021708943,-0.00048895366,-0.00036055222,0.00012257323,-0.0011222437,-8.885935e-05,0.00019481964,2.6362599e-05
DYRK3,0.00013333745,8.1660226e-05,0.00025874004,-8.7468885e-05,-1.6264617e-05,6.0450286e-05,-0.00013213698,-6.014481e-06
SULT1A3,0.00046595559,0.00047460943,0.0005821418,-0.00023798272,0.0005314201,0.00031030457,-0.00026413333,-2.7178554e-05
DDTL,0.00046967342,0.00039831921,0.0004787445,-0.00020991545,-0.0006356016,0.00033605844,-0.00018066447,-2.4268404e-05
KRT80,-0.00016126223,-0.0004011877,-0.0002796296,9.406917e-05,-0.0010077059,-4.658196e-05,0.0001559481,2.156326e-05
JADE2,0.00029178523,0.00017655641,0.00038116053,-0.00023658387,0.0014770702,0.00023591239,-0.00012507755,-1.7374405e-05
DNAH17-AS1,-6.219372e-06,-0.0001614634,-5.3569674e-06,-2.4764799e-05,0.0012316778,1.2785196e-05,9.811483e-06,6.4061023e-06
AL589765.1,-0.00021708943,-0.00048895366,-0.00036055222,0.00012257323,-0.0011222437,-8.885935e-05,0.00019481964,2.6362599e-05
RP11-1055B8.6,-0.00021708943,-0.00048895366,-0.00036055222,0.00012257323,-0.0011222437,-8.885935e-05,0.00019481964,2.6362599e-05
TUBAL3,-0.00021162629,-0.0004865732,-0.00035703555,0.000119164586,-0.001081422,-8.5116364e-05,0.00019404199,2.6134308e-05
NPIPB9,0.00016928278,0.0003549233,0.0003707148,-4.011579e-05,0.00057914853,1.8549152e-05,-0.00026637595,-1.2462609e-05
LGALS7,-0.00018225238,-0.00046317652,-0.00032861345,9.727664e-05,-0.0009625703,-5.8773905e-05,0.00018691644,2.4352805e-05
RP11-156E8.1,-0.00021708943,-0.00048895366,-0.00036055222,0.00012257323,-0.0011222437,-8.885935e-05,0.00019481964,2.6362599e-05
AC037199.1,-0.00021708943,-0.00048895366,-0.00036055222,0.00012257323,-0.0011222437,-8.885935e-05,0.00019481964,2.6362599e-05
FGF8,-0.00027968176,-0.0002493132,-0.00025879033,0.00019226596,-0.0015646443,-0.000115691684,8.247886e-05,2.0606909e-05
CTD-2215E18.1,-0.00021708943,-0.00048895366,-0.00036055222,0.00012257323,-0.0011222437,-8.885935e-05,0.00019481964,2.6362599e-05
RP11-80A15.1,-0.00021708943,-0.00048895366,-0.00036055222,0.00012257323,-0.0011222437,-8.885935e-05,0.00019481964,2.6362599e-05
ABCE1,-3.5457313e-05,0.00011204928,0.00022197515,2.737809e-05,0.00082558393,-0.00015948247,-0.00021250453,-7.854542e-07
ANKRD20A1,-0.00021708943,-0.00048895366,-0.00036055222,0.00012257323,-0.0011222437,-8.885935e-05,0.00019481964,2.6362599e-05
PPIAL4B,-0.00021708943,-0.00048895366,-0.00036055222,0.00012257323,-0.0011222437,-8.885935e-05,0.00019481964,2.6362599e-05
FBXO10,2.4726614e-05,-0.00033105165,-0.00020731054,-3.380142e-05,-0.0014447346,0.00019248668,0.00020625163,1.4038873e-05
MTRNR2L4,0.00018213876,0.00015726127,0.00018246472,-6.298907e-05,-0.00027629733,0.00015683006,-7.798057e-05,-6.6654757e-06
GOLGA6L10,5.3372234e-05,-1.2036413e-05,0.000114826486,1.887139e-05,0.0017776415,-0.00013296818,-0.00014594477,3.0986266e-06
EFCAB10,6.820448e-05,-0.00010159053,-5.5253506e-05,8.5067935e-05,-0.0008853078,-4.9993396e-06,-1.5404075e-06,7.518567e-06
OSBPL8,-0.000442449,-0.0010486469,-0.0008814391,0.00023019593,-0.0012263805,-0.00010989094,0.0005098665,5.4803677e-05
DDX39B,-0.0005131308,-0.00039469823,-0.00035829283,0.00033828896,-0.004882753,-0.0004766644,6.948877e-05,3.1369156e-05
TBC1D3,-0.00021708943,-0.00048895366,-0.00036055222,0.00012257323,-0.0011222437,-8.885935e-05,0.00019481964,2.6362599e-05
ZRANB2,-0.00025332347,-0.00045395084,-0.00038811006,0.00016471744,-0.00041333586,-0.00010501407,0.00018275436,2.8185546e-05
AC112205.1,-0.00021708943,-0.00048895366,-0.00036055222,0.00012257323,-0.0011222437,-8.885935e-05,0.00019481964,2.6362599e-05
FAM25C,-0.00018953905,-0.00045099668,-0.00032252818,0.000120163895,-0.0006812215,-9.0898015e-05,0.00016192347,2.4557346e-05
AL136376.1,-0.00021708943,-0.00048895366,-0.00036055222,0.00012257323,-0.0011222437,-8.885935e-05,0.00019481964,2.6362599e-05
ACTR5,0.00028951094,0.00025213324,0.00042531267,-0.00013015606,0.00029093772,0.00017096475,-0.00019742083,-1.9286992e-05
FLJ00418,-0.00021708943,-0.00048895366,-0.00036055222,0.00012257323,-0.0011222437,-8.885935e-05,0.00019481964,2.6362599e-05
EEF1A1,-0.00056514144,-0.0012376066,-0.0010946933,0.0003381539,-0.0022726431,-0.00015838584,0.0006158827,6.575859e-05
AC073342.1,-0.00021708943,-0.00048895366,-0.00036055222,0.00012257323,-0.0011222437,-8.885935e-05,0.00019481964,2.6362599e-05
FNBP4,-0.00048557855,-0.0007282756,-0.0006232541,0.0002875449,-0.0007587075,-0.0003447039,0.00025667902,4.3859356e-05
CTAGE8,-0.00021708943,-0.00048895366,-0.00036055222,0.00012257323,-0.0011222437,-8.885935e-05,0.00019481964,2.6362599e-05
ARMC4,-3.5090372e-05,-0.00015922636,-7.770583e-05,3.4113415e-05,-9.530038e-05,7.777382e-05,5.605351e-05,8.348026e-06
AL360181.1,-0.00021708943,-0.00048895366,-0.00036055222,0.00012257323,-0.0011222437,-8.885935e-05,0.00019481964,2.6362599e-05
GOLGA8O,-0.00024104491,-0.0005856026,-0.00046764687,0.00014044624,-0.0015553832,-5.912315e-05,0.0002702102,3.1254138e-05
POTEB,-0.00021708943,-0.00048895366,-0.00036055222,0.00012257323,-0.0011222437,-8.885935e-05,0.00019481964,2.6362599e-05
SCGB1C1,-0.00021708943,-0.00048895366,-0.00036055222,0.00012257323,-0.0011222437,-8.885935e-05,0.00019481964,2.6362599e-05
RHOXF2B,-0.00021708943,-0.00048895366,-0.00036055222,0.00012257323,-0.0011222437,-8.885935e-05,0.00019481964,2.6362599e-05
RP11-1055B8.7,-0.00021708943,-0.00048895366,-0.00036055222,0.00012257323,-0.0011222437,-8.885935e-05,0.00019481964,2.6362599e-05
BEND3,0.0004083626,0.00038064457,0.0005018022,-0.00023617037,0.0011265576,0.00022386666,-0.00023169536,-2.1953601e-05
KRTAP21-3,-0.00021068938,-0.00048221461,-0.00035033748,0.00011854246,-0.0010478869,-8.9623965e-05,0.00018879212,2.5859219e-05
MICU3,-0.00036729127,-0.0009883884,-0.00090959296,0.00026063714,-0.0035699606,1.3381243e-05,0.00055492483,5.387643e-05
IGIP,0.00038607605,0.0004487466,0.00070716813,-0.00027471874,0.002679944,7.5209886e-05,-0.0003809454,-3.0402676e-05
NPIPA1,-0.0002029296,-0.00020528957,-0.0002743844,0.00021714438,-0.00086113065,-0.00013565039,5.3055584e-05,2.2213208e-05
CAPN15,0.00019927695,0.00027206354,0.00041641295,-0.00013022777,0.0027945489,3.543403e-05,-0.0002584951,-1.4133053e-05
AC022400.2,-0.00021708943,-0.00048895366,-0.00036055222,0.00012257323,-0.0011222437,-8.885935e-05,0.00019481964,2.6362599e-05
GAGE12I,-0.00021708943,-0.00048895366,-0.00036055222,0.00012257323,-0.0011222437,-8.885935e-05,0.00019481964,2.6362599e-05
HDGFL2,0.0005020015,0.0007867776,0.0009104498,-0.0003905911,0.004018657,0.0003903918,-0.00043893512,-4.615204e-05
AC079210.1,-0.00021708943,-0.00048895366,-0.00036055222,0.00012257323,-0.0011222437,-8.885935e-05,0.00019481964,2.6362599e-05
SLN,-0.0004474707,-0.00078773685,-0.00078527443,0.00026748795,-0.0003650859,-0.0001354278,0.0003922712,4.87027e-05
FADS3,0.00029824488,0.00040551648,0.00035311095,-3.5618432e-05,0.0002751872,0.00020835549,-0.00022250134,-1.5175319e-05
SMIM3,0.00019707158,0.00025765784,0.00024917908,5.2688643e-05,-0.0007357225,-3.2400712e-06,-0.00021385122,-7.347553e-06
OST4,1.7847866e-05,-0.0002508685,-8.890033e-05,-1.40126795e-05,-0.00010180473,5.9626065e-05,8.5672364e-05,1.0134187e-05
RBL1,0.00023927167,-6.183423e-05,0.0001778137,-0.00015072711,0.0022328123,0.00010691583,-6.858166e-05,-1.6945414e-06
SPANXC,-0.00021708943,-0.00048895366,-0.00036055222,0.00012257323,-0.0011222437,-8.885935e-05,0.00019481964,2.6362599e-05
SPHAR,0.0003324207,0.00062961504,0.0007689521,-0.00021221302,0.0019661635,0.00013028085,-0.00042712037,-3.618514e-05
ARID4B,-0.0006379578,-0.0012075249,-0.0009640064,0.0003148159,-0.0027615204,-0.00026000896,0.0005345233,6.226625e-05
SLX1A,0.00031435117,0.00010526553,0.0002348423,-0.0001797257,-0.0008396581,0.00030370057,-2.4929643e-05,-1.112686e-05
KRT81,-0.00018556602,-0.00054638647,-0.0004044883,0.00012010336,-0.00089275837,-6.651878e-05,0.00022669137,2.8302777e-05
GTF2H2C,0.00046466105,0.0005886983,0.000805296,-0.00027559325,0.0021153018,0.00014904235,-0.00043391902,-3.5404344e-05
SSX4,-0.00021708943,-0.00048895366,-0.00036055222,0.00012257323,-0.0011222437,-8.885935e-05,0.00019481964,2.6362599e-05
KRTAP22-2,-0.00021708943,-0.00048895366,-0.00036055222,0.00012257323,-0.0011222437,-8.885935e-05,0.00019481964,2.6362599e-05
RP11-867G23.8,-0.00021708943,-0.00048895366,-0.00036055222,0.00012257323,-0.0011222437,-8.885935e-05,0.00019481964,2.6362599e-05
AL022328.1,-0.00021708943,-0.00048895366,-0.00036055222,0.00012257323,-0.0011222437,-8.885935e-05,0.00019481964,2.6362599e-05
UPK3BL1,0.00039405748,-0.00025306083,3.7444755e-05,-0.00031753443,0.00031311065,0.0005271286,0.00022703875,-3.8511353e-06
C17orf77,-9.2482194e-05,-0.00020954199,-0.00012703799,6.3554384e-05,-0.0010669678,-6.793067e-06,6.917305e-05,1.2521283e-05
HILPDA,-0.00028209947,-0.00027200393,-0.00027665682,0.00027354714,-0.00078602135,-0.00028062332,1.5687197e-05,2.4528475e-05
AC012123.1,-0.00021708943,-0.00048895366,-0.00036055222,0.00012257323,-0.0011222437,-8.885935e-05,0.00019481964,2.6362599e-05
ATP12A,-0.00019717775,-0.00058101676,-0.0004343558,0.000106643885,-0.0016900152,-3.856793e-05,0.00026733894,2.9571005e-05
AC061992.1,-0.00021708943,-0.00048895366,-0.00036055222,0.00012257323,-0.0011222437,-8.885935e-05,0.00019481964,2.6362599e-05
PRAMEF7,-0.00021708943,-0.00048895366,-0.00036055222,0.00012257323,-0.0011222437,-8.885935e-05,0.00019481964,2.6362599e-05
KCNU1,-9.7643584e-05,-0.00017650239,-9.907782e-05,7.383991e-05,-0.0005250126,-1.6368926e-05,3.9974228e-05,1.0876218e-05
ST20,-5.4758042e-05,3.801845e-05,5.4420903e-05,0.00012937002,-0.0014424697,-0.00013517728,-0.00010643061,4.8277434e-06
KDM4C,0.00018189847,0.00020137057,0.00032252818,-0.00012573227,-0.0006339401,0.00016451627,-0.00013004337,-1.3064942e-05
AC093157.1,-0.00021708943,-0.00048895366,-0.00036055222,0.00012257323,-0.0011222437,-8.885935e-05,0.00019481964,2.6362599e-05
AP000758.1,-0.00021708943,-0.00048895366,-0.00036055222,0.00012257323,-0.0011222437,-8.885935e-05,0.00019481964,2.6362599e-05
ALOX12-AS1,0.0004975479,0.0005021952,0.00056136027,-0.0001665242,0.002276525,0.00015457813,-0.00034514721,-2.4949084e-05
GAGE1,-0.00023272075,-0.00050295703,-0.00037568063,0.0001313826,-0.001138024,-0.000102939084,0.00019895472,2.737681e-05
SMN1,-0.00030324608,-0.000541009,-0.00039326213,0.00017599948,-0.0024073347,-0.0001893458,0.00020085275,2.9123155e-05
AL161784.1,-0.00021708943,-0.00048895366,-0.00036055222,0.00012257323,-0.0011222437,-8.885935e-05,0.00019481964,2.6362599e-05
DDT,0.0003508646,0.00060706027,0.0005554762,-0.0001107119,5.530566e-05,0.0002791956,-0.00029535685,-2.915191e-05
COX8C,-0.00024632737,-0.00061009824,-0.0004370343,0.00011942163,-0.0013010055,-7.290766e-05,0.00025794562,3.034866e-05
OCLM,-0.0001208093,-0.00040284544,-0.0002413597,4.4023618e-05,-0.00090418756,1.271721e-05,0.00017051306,1.8554041e-05
RASA4B,0.00057581067,0.00060163625,0.0010184646,-0.0005256096,0.0034840778,0.00030329265,-0.00042495038,-4.9188384e-05
VCX3B,-0.00021708943,-0.00048895366,-0.00036055222,0.00012257323,-0.0011222437,-8.885935e-05,0.00019481964,2.6362599e-05
ERVV-2,-0.00021708943,-0.00048895366,-0.00036055222,0.00012257323,-0.0011222437,-8.885935e-05,0.00019481964,2.6362599e-05
TCP11X2,0.00013523735,-3.749691e-05,6.9012865e-05,-4.755985e-05,0.00027944893,0.00010917336,-1.960434e-05,1.1728844e-06
LCE3B,-0.00021708943,-0.00048895366,-0.00036055222,0.00012257323,-0.0011222437,-8.885935e-05,0.00019481964,2.6362599e-05
DEFB108B,-0.00021708943,-0.00048895366,-0.00036055222,0.00012257323,-0.0011222437,-8.885935e-05,0.00019481964,2.6362599e-05
CHTF8,-0.00012508407,-5.5886805e-05,-4.1896477e-05,8.2561746e-05,-0.0018421933,-5.0232746e-05,-4.3958426e-07,8.251867e-06
LGALS7B,5.477108e-05,-0.00010898337,-3.254041e-05,2.7021393e-05,-0.0008839071,7.11279e-05,2.4609268e-05,6.5452186e-06
TPRX2P,-0.00021708943,-0.00048895366,-0.00036055222,0.00012257323,-0.0011222437,-8.885935e-05,0.00019481964,2.6362599e-05
STEAP3,0.000110693276,-0.00015432388,6.8033114e-05,-0.000100136735,-0.0006027594,7.507205e-05,3.256742e-05,8.563511e-07
BRCA1,0.00013937987,-0.00056693703,-0.00026751496,-0.00015130267,-0.0011698753,0.00024809688,0.00032244902,1.7274986e-05
CLK2,0.00017104112,-0.00016085431,-0.00011684932,-4.980713e-06,0.0009961203,0.00011391938,5.9000216e-05,1.1365162e-05
FAM72D,-5.458854e-05,-0.00029342994,-0.00018101744,4.9719587e-05,-0.00051404536,1.1944212e-05,0.00010584295,1.5589176e-05
FSD2,0.00026726723,2.9291958e-05,0.000116227195,-5.2435324e-05,-0.0007206723,0.00019461662,-3.6084093e-05,-2.531684e-06
LUZP6,-0.00034765527,-0.00070548616,-0.0006363299,0.00021132454,-0.002360858,-1.7797574e-06,0.00038662367,3.778492e-05
PGA3,-0.00017977506,-0.00046355836,-0.00033834204,0.000107002445,-0.001315847,-6.2448904e-05,0.00019139238,2.4754205e-05
CCDC66,0.00012919866,8.28132e-05,0.00014686771,-3.0755997e-05,-0.0006017834,0.00014502648,-6.236043e-05,-3.221794e-06
GAPVD1,-0.00035789236,-0.0006617103,-0.000628015,0.00024547148,-0.0005350113,-0.00012186356,0.00030249264,4.080613e-05
UNK,0.00017349422,0.00024775974,0.00044187903,-8.110143e-05,0.0024918541,-0.00014970126,-0.00034382474,-1.098623e-05
NPEPL1,0.000402553,0.0002219826,0.00040685385,-0.00019325968,0.0022485778,0.00022917055,-0.00017709378,-1.8496881e-05
KRT35,-0.00020162202,-0.00045443326,-0.00032201782,0.00011314545,-0.0009974614,-8.686073e-05,0.00017170329,2.441986e-05
RPL39,-0.00021903962,-0.0006388314,-0.0004899185,0.00013976265,-0.0005183816,-2.635736e-05,0.00028386526,3.2650074e-05
EIF5AL1,-0.00051381066,-0.0006249752,-0.00060980394,0.00031128246,-0.004487008,-0.00032939855,0.00026760437,4.2892643e-05
HMHB1,-0.00023272075,-0.00050295703,-0.00037568063,0.0001313826,-0.001138024,-0.000102939084,0.00019895472,2.737681e-05
PRAMEF5,-0.00021708943,-0.00048895366,-0.00036055222,0.00012257323,-0.0011222437,-8.885935e-05,0.00019481964,2.6362599e-05
RGPD1,0.00066417083,0.0006798953,0.0009345319,-0.000475456,0.0031229109,0.00047549512,-0.00036760326,-4.9458933e-05
AC174470.1,-0.00021708943,-0.00048895366,-0.00036055222,0.00012257323,-0.0011222437,-8.885935e-05,0.00019481964,2.6362599e-05
ACSF3,-0.0001586508,-0.00021719746,-0.00011776388,4.6473928e-05,-0.0020980686,-4.1521154e-05,8.235499e-05,1.3639918e-05
EIF5,-9.379722e-05,-0.0004783552,-0.00024144165,2.754759e-05,0.0002591163,-2.1030195e-05,0.0001602564,2.0676525e-05
DDC,-0.0005258005,-0.0011030957,-0.00085933506,0.00016579311,-0.0054150224,-0.00020419993,0.0005751066,5.4299948e-05
MPEG1,-0.00030497462,-0.00065870024,-0.0005772952,0.00022284314,-0.0014383271,-0.00013446296,0.0003004931,3.704161e-05
POTED,-0.00021708943,-0.00048895366,-0.00036055222,0.00012257323,-0.0011222437,-8.885935e-05,0.00019481964,2.6362599e-05
VCX3A,-0.00021708943,-0.00048895366,-0.00036055222,0.00012257323,-0.0011222437,-8.885935e-05,0.00019481964,2.6362599e-05
GOLGA6L1,-0.00021708943,-0.00048895366,-0.00036055222,0.00012257323,-0.0011222437,-8.885935e-05,0.00019481964,2.6362599e-05
LRFN5,0.00032005273,0.00046734884,0.00047537126,-4.4414774e-05,0.0007559359,8.340459e-05,-0.00034228992,-1.738104e-05
CD52,-0.00023934618,-0.00063259155,-0.00034428202,-2.0116568e-06,0.0005477816,2.5248155e-05,0.00027517974,2.4748151e-05
FBXO24,-7.9723075e-05,-5.9492886e-05,-4.928559e-06,8.457806e-05,1.4543533e-05,-7.251836e-05,-5.124323e-05,7.2612893e-06
CRELD1,9.8243356e-05,1.9945204e-05,0.000220377,-2.9087998e-05,0.0013449863,-0.00014424138,-0.00018557627,-1.7973362e-06
KRTAP23-1,-0.00021708943,-0.00048895366,-0.00036055222,0.00012257323,-0.0011222437,-8.885935e-05,0.00019481964,2.6362599e-05
ARHGEF35,6.0394406e-05,-0.000108348206,4.7463924e-05,-1.620967e-05,6.0401857e-05,7.0027076e-05,-1.0159798e-05,2.7223723e-06
KRTAP20-3,-0.00021708943,-0.00048895366,-0.00036055222,0.00012257323,-0.0011222437,-8.885935e-05,0.00019481964,2.6362599e-05
ZC3H12A,1.3846904e-05,-0.00028234534,-7.6919794e-05,-4.5554712e-05,-0.00012409687,3.8777478e-05,9.70047e-05,8.745352e-06
HECTD2,-0.00011314824,-0.00036611222,-0.0002379734,5.9691258e-05,-0.00021316111,-6.537512e-05,0.00012866594,1.978362e-05
RBM45,7.5969845e-05,0.00017777272,0.000292819,-5.889684e-05,0.0012001544,-8.166209e-05,-0.00020521786,-7.937313e-06
MSC-AS1,-0.00020642579,-0.0005184058,-0.00038643368,0.00011899974,-0.0012500361,-7.0977025e-05,0.0002189679,2.7296017e-05
COX8A,-0.00011819042,-0.0003807433,-0.00023691356,8.0989674e-05,-1.694262e-05,-4.1943975e-05,0.00012895279,1.932925e-05
STMP1,5.748123e-05,-8.4038824e-05,3.1556934e-05,-2.1169893e-05,9.2580914e-05,5.3448603e-05,-7.146038e-06,4.5332126e-06
NPY4R,-0.00016416796,-0.00056069344,-0.00031750835,-1.4859252e-05,-0.00054216385,4.220754e-06,0.00024870783,2.3320084e-05
SCGB3A2,-0.00020534359,-0.0004770942,-0.00034685247,0.00012733787,-0.0010850877,-0.00010079704,0.00017947331,2.587086e-05
AC114494.1,-0.00021708943,-0.00048895366,-0.00036055222,0.00012257323,-0.0011222437,-8.885935e-05,0.00019481964,2.6362599e-05
XKR6,0.00054212287,0.0007670522,0.00093746744,-0.00037448574,0.0019728988,0.0003726259,-0.00043539237,-4.643132e-05
GOLGA8A,-0.0010091905,-0.0018362645,-0.0016779266,0.0005393885,-0.0045618117,-0.00042357994,0.0009113457,0.000100742676
C8orf59,-0.00021708943,-0.00048895366,-0.00036055222,0.00012257323,-0.0011222437,-8.885935e-05,0.00019481964,2.6362599e-05
CSNK1E,-0.0012979377,-0.0024658814,-0.0022924952,0.00067278836,-0.0059127286,-0.00043190503,0.0013115155,0.00013242301
GTF2H2,0.0004576128,0.00086203776,0.00085532665,-0.00022407528,0.0028634444,0.0001881728,-0.0005225269,-4.0375744e-05
USO1,7.092394e-05,-0.00023565255,-1.2388453e-05,-0.000110375695,-0.00040203333,6.273482e-05,7.632375e-05,6.9336966e-06
LZTR1,-0.00012096204,-0.0005757082,-0.00040870346,4.0395185e-05,-0.0016591325,9.906478e-06,0.00029687025,2.5421963e-05
SPACA5B,-0.00021708943,-0.00048895366,-0.00036055222,0.00012257323,-0.0011222437,-8.885935e-05,0.00019481964,2.6362599e-05
SMIM10,7.2928146e-05,4.617311e-05,0.0001396481,5.292706e-06,0.001337707,1.3572164e-05,-0.00012189243,-7.812632e-07
AC026407.1,-0.00021708943,-0.00048895366,-0.00036055222,0.00012257323,-0.0011222437,-8.885935e-05,0.00019481964,2.6362599e-05
KBTBD4,0.00060443766,0.00079087913,0.00092649274,-0.00036979467,0.004259564,0.0003030086,-0.00048670825,-4.499522e-05
FZD8,-0.00037703477,-0.0010085776,-0.00094925985,0.00033296552,-0.002823688,-0.00021405658,0.0004911851,5.753769e-05
C2orf48,-0.00021708943,-0.00048895366,-0.00036055222,0.00012257323,-0.0011222437,-8.885935e-05,0.00019481964,2.6362599e-05
PODN,-7.731654e-05,-0.0001853276,-3.5839155e-05,1.0980293e-06,-0.00054068863,-9.088777e-06,3.6142766e-05,8.583651e-06
KCNA10,-0.00021708943,-0.00048895366,-0.00036055222,0.00012257323,-0.0011222437,-8.885935e-05,0.00019481964,2.6362599e-05
TP53TG3D,-0.00014493987,-0.0004362557,-0.00026675686,5.1314943e-05,-0.0007744953,-2.6912428e-05,0.00017342903,2.0812266e-05
DAO,-0.00015949272,-0.0004662089,-0.00032186508,8.312613e-05,-0.000620462,-3.992021e-05,0.00018796977,2.3734989e-05
OXR1,0.00016336516,0.00022426806,0.00033438206,-0.00014007371,0.000675939,0.00017837435,-0.00014237221,-1.343654e-05
GAGE12J,-0.00021708943,-0.00048895366,-0.00036055222,0.00012257323,-0.0011222437,-8.885935e-05,0.00019481964,2.6362599e-05
MYRF,0.0004005637,0.0004446339,0.0005356893,-0.00012737047,0.0010045469,0.000120557845,-0.00032753777,-2.2366294e-05
PPIAL4A,6.746873e-05,3.453344e-05,0.00017944723,-8.351728e-05,0.00058274716,5.8184378e-05,-7.363502e-05,-4.3293694e-06
UMODL1-AS1,-0.00023342669,-0.00049858354,-0.0003705714,0.00013063289,-0.0011661127,-0.0001041349,0.00019611884,2.7144444e-05
KRTAP22-1,-0.00021708943,-0.00048895366,-0.00036055222,0.00012257323,-0.0011222437,-8.885935e-05,0.00019481964,2.6362599e-05
ZZZ3,0.0002089385,0.0003362149,0.00050839037,-0.00019648205,0.0027432665,0.00015708618,-0.00025192183,-2.3237313e-05
TNFRSF21,-0.00026298687,-0.0005558599,-0.00046624057,0.00013190601,-0.002413258,2.804026e-05,0.0003061574,2.9529328e-05
MT1HL1,-4.741177e-05,-0.00025428832,-0.00012160465,2.9524788e-05,-0.00022163987,4.4703484e-08,7.35037e-05,1.2756675e-05
SLC45A1,0.0001115296,0.00031614862,0.00041406788,-5.238969e-05,0.0020801723,-0.000115822535,-0.0003120033,-1.3174955e-05
ZNF263,0.00020910427,0.00028928556,0.00033273548,-1.35162845e-05,2.7805567e-05,5.520601e-05,-0.00022552814,-1.2654928e-05
AXL,-0.0002474282,-0.0003843624,-0.0003653802,0.000107938424,-0.0028520972,8.456595e-05,0.00025840662,2.2669206e-05
SPANXN5,-0.00021708943,-0.00048895366,-0.00036055222,0.00012257323,-0.0011222437,-8.885935e-05,0.00019481964,2.6362599e-05
FOXF1,-6.619096e-05,-0.00037467666,-0.00025058165,0.00010011438,0.00040388107,-1.0129996e-05,0.00012141373,1.9086874e-05
UQCRC1,-0.00028852373,-0.0003212355,-0.00022862293,0.00016361661,-0.00031421334,-0.00018855417,6.4773485e-05,2.1138927e-05
KRTAP19-2,-0.00021708943,-0.00048895366,-0.00036055222,0.00012257323,-0.0011222437,-8.885935e-05,0.00019481964,2.6362599e-05
FAM13C,-0.00037416257,-0.0004960671,-0.00031843223,0.00018686801,-0.0014546439,-0.0002355189,0.000120393,2.8890441e-05
ENHO,0.00042770058,0.00023544393,0.00038811378,-0.00024215877,0.0014184043,0.00034522824,-0.00012443867,-1.8688035e-05
KRTAP19-6,-0.00021708943,-0.00048895366,-0.00036055222,0.00012257323,-0.0011222437,-8.885935e-05,0.00019481964,2.6362599e-05
CRHR1,0.00027671643,5.0276518e-05,0.00020854734,-0.00012907758,0.0015165284,0.0001058327,-0.00010476727,-4.105037e-06
KRTAP8-1,-0.00021708943,-0.00048895366,-0.00036055222,0.00012257323,-0.0011222437,-8.885935e-05,0.00019481964,2.6362599e-05
C15orf65,-4.544668e-05,0.00019475259,0.00015259162,0.00018734112,-0.00036366284,-0.00023454381,-0.00025415327,3.0624215e-06
VCX2,-0.00021708943,-0.00048895366,-0.00036055222,0.00012257323,-0.0011222437,-8.885935e-05,0.00019481964,2.6362599e-05
PHGR1,-0.00021708943,-0.00048895366,-0.00036055222,0.00012257323,-0.0011222437,-8.885935e-05,0.00019481964,2.6362599e-05
ICOSLG,-7.890165e-06,-0.000102657825,-2.763234e-05,8.2644634e-05,-0.00038158149,-4.5885332e-05,-2.3724511e-05,7.356284e-06
AC110615.1,-0.00021708943,-0.00048895366,-0.00036055222,0.00012257323,-0.0011222437,-8.885935e-05,0.00019481964,2.6362599e-05
KAAG1,-9.156391e-05,-0.00046658888,-0.00030762702,1.3551675e-05,-0.0014252886,0.00010297727,0.000255825,1.9620056e-05
RGPD2,-2.6816502e-05,-2.1548942e-05,9.488501e-05,-6.7194924e-06,-0.00017476082,-1.5755184e-05,-5.613547e-05,1.2415694e-06
SFTA2,-0.00019204244,-0.00041072257,-0.00029977039,0.00013302173,-0.00070338696,-0.000118819065,0.00013346132,2.3894245e-05
SYT15,-3.8197264e-05,-0.0003113337,-0.00018423982,5.0660223e-05,-0.0009894073,-5.4230914e-05,9.8989345e-05,1.6342965e-05
TMSB15A,-0.00016698986,-0.00045216642,-0.000315696,0.00011053961,-0.00016859919,-6.0861e-05,0.00016354397,2.4112756e-05
SLC2A10,-0.00034226105,-0.0006211102,-0.0005731005,0.00015225261,-0.0032511055,-1.5199184e-05,0.00037139188,3.3708988e-05
ACTR6,-0.00013930723,-0.00038214028,-0.00024974346,5.9661455e-05,-0.0014172718,-5.26309e-05,0.00015722588,2.0425417e-05
DEFB114,-0.00021708943,-0.00048895366,-0.00036055222,0.00012257323,-0.0011222437,-8.885935e-05,0.00019481964,2.6362599e-05
SPANXN1,-0.00022361428,-0.0004936978,-0.00036593527,0.0001263693,-0.0011237562,-9.5377676e-05,0.00019566063,2.674642e-05
GAS2L1,9.46112e-05,-0.00021097437,-7.564947e-05,-7.94502e-05,-0.00013522059,0.00012663845,0.000101045705,8.293195e-06
KRTAP3-1,-0.00021708943,-0.00048895366,-0.00036055222,0.00012257323,-0.0011222437,-8.885935e-05,0.00019481964,2.6362599e-05
AP001362.1,-0.00021708943,-0.00048895366,-0.00036055222,0.00012257323,-0.0011222437,-8.885935e-05,0.00019481964,2.6362599e-05
BEX5,-0.00027264655,-0.00076725334,-0.00055870414,0.00015523937,-0.0015796125,-0.00011089118,0.00033257809,3.820518e-05
TRIM74,1.809746e-05,-0.0002453439,-0.00010440126,-4.0184706e-05,-0.0005489215,0.0001278501,0.00012256019,9.53651e-06
RASGRP3,-3.1528994e-05,-0.00025985576,-0.00018278323,0.00013379566,0.00024490058,-6.083306e-05,4.2185187e-05,1.5852856e-05
S100A7,-0.00018701702,-0.0004620161,-0.00031928346,0.0001147734,-0.0007073507,-0.00010433234,0.00016090646,2.4764217e-05
S100A7L2,-0.00021708943,-0.00048895366,-0.00036055222,0.00012257323,-0.0011222437,-8.885935e-05,0.00019481964,2.6362599e-05
AC011997.1,-0.00021708943,-0.00048895366,-0.00036055222,0.00012257323,-0.0011222437,-8.885935e-05,0.00019481964,2.6362599e-05
SCGB3A1,-0.00018555671,-0.00044922717,-0.0003269147,0.00010933075,-0.0010914207,-6.403215e-05,0.00017982535,2.4194596e-05
FAM24A,-0.00021708943,-0.00048895366,-0.00036055222,0.00012257323,-0.0011222437,-8.885935e-05,0.00019481964,2.6362599e-05
KRTAP3-2,-0.00038974732,-0.0005673282,-0.0004147347,0.00015451014,-0.0013901144,-0.0002714158,0.00019347761,3.1572534e-05
C6orf48,-0.00021708943,-0.00048895366,-0.00036055222,0.00012257323,-0.0011222437,-8.885935e-05,0.00019481964,2.6362599e-05
FAM86B2,-0.00015841983,-0.00047997013,-0.00032832474,8.38032e-05,-0.0010168776,-4.7795475e-05,0.0001987433,2.3824861e-05
C19orf73,2.9485673e-06,-5.3957105e-05,-1.2656674e-05,2.8901733e-05,-0.0015387014,7.3984265e-05,1.96537e-05,5.463138e-06
PUS7,0.00027370267,0.00012944452,0.00019308738,-0.00014694128,-0.00040255487,0.0002988549,-1.4565885e-05,-1.0659569e-05
RP11-998D10.1,-0.00021708943,-0.00048895366,-0.00036055222,0.00012257323,-0.0011222437,-8.885935e-05,0.00019481964,2.6362599e-05
DEFB131A,-0.00016843714,-0.00042003766,-0.00029511005,9.883661e-05,-0.00085332245,-5.6994148e-05,0.00016156677,2.24869e-05
NPS,-0.00021708943,-0.00048895366,-0.00036055222,0.00012257323,-0.0011222437,-8.885935e-05,0.00019481964,2.6362599e-05
CDK5RAP1,0.000108601525,2.0585954e-05,4.270859e-05,-1.322478e-07,-0.00023898482,4.2410567e-05,-4.322268e-05,3.4332043e-06
PYDC1,-6.78692e-05,-0.00031319074,-0.00018144958,2.0375475e-05,-0.00079649687,8.096639e-05,0.00014833361,1.38334e-05
CGB8,0.00018772297,-0.0001514852,7.612072e-05,-0.0001514377,-0.0004579425,0.00034061447,0.000110670924,-4.143105e-06
SMR3B,-0.00022984296,-0.00047034025,-0.0003402885,0.00012830459,-0.0010867491,-0.00011220109,0.0001742458,2.577866e-05
MMP23B,-0.00021708943,-0.00048895366,-0.00036055222,0.00012257323,-0.0011222437,-8.885935e-05,0.00019481964,2.6362599e-05
CYP4F12,-0.00020853058,-0.00048247166,-0.0003499575,0.0001174137,-0.0009771138,-8.840207e-05,0.00018805638,2.5893445e-05
KRTAP21-1,-0.00021708943,-0.00048895366,-0.00036055222,0.00012257323,-0.0011222437,-8.885935e-05,0.00019481964,2.6362599e-05
GOLGA6D,-4.6191737e-05,-8.151494e-05,9.732321e-05,-4.8958696e-05,0.00059340894,1.3030134e-05,-3.1886622e-05,7.1094837e-07
MT1M,-0.00014782883,-0.00038005412,-0.00041498616,0.00017502625,-0.0023303553,9.3370676e-05,0.00023837015,2.4621957e-05
ITPR1,-0.00013013743,-0.00047215447,-0.00034724362,8.200202e-05,-0.0013228133,1.9446015e-06,0.00022083428,2.4440931e-05
POLR2J3,0.00010318123,-2.692081e-05,0.0001717154,-9.0137124e-05,0.00090140104,4.093349e-05,-7.410627e-05,-2.0158477e-06
KRTAP25-1,-0.00021708943,-0.00048895366,-0.00036055222,0.00012257323,-0.0011222437,-8.885935e-05,0.00019481964,2.6362599e-05
S100A7A,-0.00021708943,-0.00048895366,-0.00036055222,0.00012257323,-0.0011222437,-8.885935e-05,0.00019481964,2.6362599e-05
SMIM6,-0.00020204484,-0.00047393702,-0.00033670664,0.0001123501,-0.0008619055,-9.00263e-05,0.0001796335,2.533209e-05
OCA2,-0.00010715239,-0.00037592836,-0.00026572496,0.000111149624,-0.0015211329,-5.4611824e-05,0.00014377572,2.0101666e-05
SRSF7,-0.00025293604,-0.00061973,-0.0004429482,0.00011404138,-0.0004644245,-7.54958e-05,0.0002577994,3.112352e-05
PIGY,-0.00021708943,-0.00048895366,-0.00036055222,0.00012257323,-0.0011222437,-8.885935e-05,0.00019481964,2.6362599e-05
EID2B,-0.00025809556,0.0001010783,3.777817e-05,0.00021703914,-0.0030180588,-0.00023352494,-0.00012770388,5.9772283e-06
PRR21,-0.00021708943,-0.00048895366,-0.00036055222,0.00012257323,-0.0011222437,-8.885935e-05,0.00019481964,2.6362599e-05
KRTAP6-1,-0.00021708943,-0.00048895366,-0.00036055222,0.00012257323,-0.0011222437,-8.885935e-05,0.00019481964,2.6362599e-05
GUCY2D,-8.19657e-05,-0.00038180687,-0.00028173812,8.0194324e-05,-0.001180619,2.0558946e-05,0.00017333683,2.014602e-05
METTL16,0.00011646189,0.00018976443,0.0002677124,5.3336844e-06,0.0012015775,-5.541742e-05,-0.00022299495,-6.0717575e-06
PYDC2,-0.00021708943,-0.00048895366,-0.00036055222,0.00012257323,-0.0011222437,-8.885935e-05,0.00019481964,2.6362599e-05
KRTAP20-2,-0.00021708943,-0.00048895366,-0.00036055222,0.00012257323,-0.0011222437,-8.885935e-05,0.00019481964,2.6362599e-05
C5orf58,-0.00016199425,-0.00046079978,-0.00030724704,6.7210756e-05,-0.00095725805,-1.3133511e-05,0.00019906089,2.2479566e-05
PTH2,-0.00029744767,-0.00052491017,-0.00045768544,0.00020895712,-0.0011748075,-0.00017209724,0.000196876,3.298174e-05
CT45A5,-0.00021708943,-0.00048895366,-0.00036055222,0.00012257323,-0.0011222437,-8.885935e-05,0.00019481964,2.6362599e-05
FBXO3,-9.5194206e-05,-0.00030479766,-0.00023197941,9.00412e-05,1.6540289e-05,-6.163772e-05,8.879695e-05,2.1091546e-05
PLA2G10,-0.00018802285,-0.0005403608,-0.00035218522,7.6252036e-05,-0.0005666986,-4.21796e-05,0.00021656323,2.5695888e-05
KRTAP20-1,-0.00021708943,-0.00048895366,-0.00036055222,0.00012257323,-0.0011222437,-8.885935e-05,0.00019481964,2.6362599e-05
DEFB136,-0.00020780414,-0.00046061352,-0.00033789314,0.000119715,-0.0010342151,-8.498877e-05,0.00017997064,2.504338e-05
LCE1D,-0.0002197437,-0.0004947074,-0.0003656894,0.00012381654,-0.001090534,-9.2295e-05,0.0001967214,2.6700902e-05
INPP5K,-6.9526955e-05,-8.3785504e-05,7.386692e-05,4.5971014e-05,0.0007144511,-0.00017399201,-0.00011292007,6.2048202e-06
TMSB10,-0.0005144328,-0.0011524633,-0.0010064039,0.0003054943,-0.0021448657,-0.00014272332,0.00056963414,6.0991966e-05
SPIN2A,-0.00018702075,-0.0005517937,-0.0003833156,9.633042e-05,-0.001367934,-6.39325e-05,0.00023006182,2.7640024e-05
CHPF2,-3.4380704e-05,-0.00018654205,-0.00010176748,3.2177195e-05,-0.0019357279,8.311123e-06,8.231681e-05,8.870964e-06
COX7B2,-0.00021068938,-0.00048221461,-0.00035033748,0.00011854246,-0.0010478869,-8.9623965e-05,0.00018879212,2.5859219e-05
AGAP9,5.0963834e-05,2.2729859e-05,0.00016238727,-2.4831854e-05,0.00039310753,3.443472e-05,-9.5221214e-05,-2.666493e-06
GTF2IRD2,0.000112487,0.00021558441,0.00028426573,-2.8567389e-05,0.00047925115,-4.061591e-05,-0.00020676572,-8.0122845e-06
LCE3A,-0.00021708943,-0.00048895366,-0.00036055222,0.00012257323,-0.0011222437,-8.885935e-05,0.00019481964,2.6362599e-05
SEPT10,-0.00021708943,-0.00048895366,-0.00036055222,0.00012257323,-0.0011222437,-8.885935e-05,0.00019481964,2.6362599e-05
MTHFR,0.00030290335,0.00024364702,0.00045658462,-0.00016089622,0.002423048,4.8951246e-05,-0.0002686428,-1.5605357e-05
SCGB2B2,-0.00024254248,-0.0005213395,-0.00039873645,0.00013905484,-0.0013024807,-0.000102502294,0.00021321047,2.845691e-05
EIF3C,-8.96547e-05,-0.00037387945,-0.00024281815,6.0654245e-05,-0.001082167,8.355826e-06,0.00015574321,1.876289e-05
CNOT6,4.1443855e-05,-0.00010272674,0.0001360625,-6.998144e-05,0.0010210499,-6.540585e-05,-8.566491e-05,2.5612535e-06
MEX3C,0.00013543665,-0.00072392076,-0.0004536938,-0.00016001984,-0.0006114468,0.00030806102,0.00044138543,2.644048e-05
PAGE2,-0.0002964493,-0.0005396418,-0.00045129843,0.0001651952,-0.0015150532,-8.106697e-05,0.00024719164,3.0174735e-05
S100A12,-0.00021708943,-0.00048895366,-0.00036055222,0.00012257323,-0.0011222437,-8.885935e-05,0.00019481964,2.6362599e-05
PRM3,-0.00021708943,-0.00048895366,-0.00036055222,0.00012257323,-0.0011222437,-8.885935e-05,0.00019481964,2.6362599e-05
DEFB134,-0.00021708943,-0.00048895366,-0.00036055222,0.00012257323,-0.0011222437,-8.885935e-05,0.00019481964,2.6362599e-05
AC093677.1,-0.00021708943,-0.00048895366,-0.00036055222,0.00012257323,-0.0011222437,-8.885935e-05,0.00019481964,2.6362599e-05
KRTAP19-7,-0.00020020083,-0.00047482736,-0.0003417395,0.00011267234,-0.00096369535,-8.1167556e-05,0.00018566381,2.534897e-05
FAM229B,9.9968165e-06,-6.602332e-05,-7.207878e-05,0.000122036785,-0.00031559914,-1.9037165e-05,-1.4590099e-05,8.617993e-06
TCEAL7,-0.00050539896,-0.00080491975,-0.0006702468,0.0002594348,-0.0018677488,-0.0002905354,0.00032034237,4.7743786e-05
EDDM13,-0.00021708943,-0.00048895366,-0.00036055222,0.00012257323,-0.0011222437,-8.885935e-05,0.00019481964,2.6362599e-05
DIRC1,-0.00012415834,-0.00029861182,-0.00020657852,8.464139e-05,-0.0012207925,-1.8572435e-05,0.000116015784,1.6783713e-05
C2orf66,-0.00012542121,-0.0003841035,-0.00023013167,5.553942e-05,-0.00063867867,-4.9795024e-05,0.00013252161,1.9705156e-05
TOMM6,-2.682954e-05,-9.467825e-05,-3.8878992e-05,5.915761e-05,7.697195e-05,-2.6809052e-05,-1.4553778e-05,8.693198e-06
TMEM257,-0.00021708943,-0.00048895366,-0.00036055222,0.00012257323,-0.0011222437,-8.885935e-05,0.00019481964,2.6362599e-05
KRT25,-0.00021708943,-0.00048895366,-0.00036055222,0.00012257323,-0.0011222437,-8.885935e-05,0.00019481964,2.6362599e-05
GGT2,-0.00021708943,-0.00048895366,-0.00036055222,0.00012257323,-0.0011222437,-8.885935e-05,0.00019481964,2.6362599e-05
SCGB1A1,-0.00034300424,-0.0004950762,-0.0004315637,0.0002521593,-0.0017371848,-0.00024248147,0.00016619917,3.10716e-05
CBWD6,0.00021244958,0.00021658652,0.00033705682,-0.0001242999,0.0011474788,0.00012827851,-0.0001735678,-1.2003467e-05
KRTAP19-4,-0.00021708943,-0.00048895366,-0.00036055222,0.00012257323,-0.0011222437,-8.885935e-05,0.00019481964,2.6362599e-05
MT1A,-0.00024825893,-0.0005383063,-0.00039760582,0.00013585947,-0.00122834,-0.000111069065,0.0002126135,2.8734445e-05
MINK1,0.00040953793,0.0004927963,0.0005015414,-0.00011801347,0.00071941316,0.0001860531,-0.00029252376,-2.3217639e-05
SPIN2B,0.0005419925,0.00041129813,0.00063691474,-0.00035961997,0.0017178655,0.00034551416,-0.00024580676,-3.024796e-05
CAMK2N1,-0.000994321,-0.001869617,-0.0017036442,0.0005605519,-0.00472901,-0.0004127673,0.0009230813,0.00010316644
GON7,0.00015209056,-0.00015669316,2.2299588e-05,-0.00014237687,-0.0003651008,0.00019084476,8.70442e-05,3.1624222e-06
DEFB1,-0.00020343438,-0.0005070269,-0.00036373734,0.00010712631,-0.0009115562,-8.2369894e-05,0.00020257849,2.662174e-05
SPRR2B,-0.00021708943,-0.00048895366,-0.00036055222,0.00012257323,-0.0011222437,-8.885935e-05,0.00019481964,2.6362599e-05
CTAGE15,-0.00021708943,-0.00048895366,-0.00036055222,0.00012257323,-0.0011222437,-8.885935e-05,0.00019481964,2.6362599e-05
C8orf34-AS1,-0.0004672315,-0.0006109327,-0.0005366113,0.00029574335,-0.00070073456,-0.00039722444,0.0001760684,3.9871666e-05
LCE2C,-0.00021708943,-0.00048895366,-0.00036055222,0.00012257323,-0.0011222437,-8.885935e-05,0.00019481964,2.6362599e-05
LCE2B,-0.00020601228,-0.0004918277,-0.00036164,0.000115136616,-0.0011860132,-7.228553e-05,0.00020259153,2.6160269e-05
MT1X,-0.0003288146,-0.0006334502,-0.0005485881,0.00018575601,-0.002631195,-0.0001361086,0.00030174386,3.5809935e-05
LYPD8,-0.00021708943,-0.00048895366,-0.00036055222,0.00012257323,-0.0011222437,-8.885935e-05,0.00019481964,2.6362599e-05
AP000349.1,-0.00021708943,-0.00048895366,-0.00036055222,0.00012257323,-0.0011222437,-8.885935e-05,0.00019481964,2.6362599e-05
TOGARAM2,-4.7979876e-05,-0.00037926063,-0.00018242374,-3.0321069e-05,-0.0006255433,5.9367158e-05,0.00017045811,1.4422112e-05
KRTAP12-4,-0.00021708943,-0.00048895366,-0.00036055222,0.00012257323,-0.0011222437,-8.885935e-05,0.00019481964,2.6362599e-05
KRTAP12-3,-0.00021708943,-0.00048895366,-0.00036055222,0.00012257323,-0.0011222437,-8.885935e-05,0.00019481964,2.6362599e-05
LCE2D,-0.00021708943,-0.00048895366,-0.00036055222,0.00012257323,-0.0011222437,-8.885935e-05,0.00019481964,2.6362599e-05
NUTM2A,1.1824071e-05,7.931143e-06,8.45138e-05,6.279163e-05,-0.00042615086,-0.00010274351,-0.000114073046,3.7570717e-06
NACA,-6.893277e-05,-0.00036733598,-0.00021995604,4.2563304e-05,0.00045740604,3.7515536e-05,0.00014060456,1.7550774e-05
SMIM1,-0.000109741464,-0.0005557705,-0.00039861538,4.1303225e-05,-0.0016469434,0.00014573522,0.00030851457,2.4234294e-05
C5orf66,-0.0004274249,-0.0008533206,-0.00065591745,0.00017091446,-0.0019577965,-0.00017524045,0.0003826972,4.370371e-05
EML2-AS1,0.00016878545,-4.0927902e-05,0.00017631613,-0.0001616897,0.0006600395,0.00016223919,-1.6969629e-05,-4.92821e-06
GOLGA8K,0.00040124543,8.800998e-06,0.000353856,-0.00039997045,0.0009197742,0.00042380393,3.5086647e-05,-1.930457e-05
FAM229A,0.00020549819,0.00016400777,0.00031726062,-0.00014962535,0.000544101,0.00014209468,-0.00012072828,-1.3741432e-05
S100A10,-0.0002600532,-0.00063692965,-0.000400709,3.956724e-05,-0.0031095445,-0.00010159798,0.000309404,2.709846e-05
C16orf74,-9.678677e-05,-0.00053649023,-0.00043306686,4.146993e-05,-0.0026628748,0.00018374156,0.0003400324,2.6298803e-05
FAM25A,-0.00021708943,-0.00048895366,-0.00036055222,0.00012257323,-0.0011222437,-8.885935e-05,0.00019481964,2.6362599e-05
GNG4,1.6193837e-05,-0.00012549013,-3.7960708e-05,1.2746081e-05,-0.00032453984,8.5602514e-05,3.2945536e-05,7.647672e-06
USP14,-0.00017463975,-0.00042105094,-0.00023513846,2.8634444e-05,-0.0016869679,-2.6607886e-06,0.00018794183,1.9019819e-05
KRTAP12-1,-0.00016689673,-0.00036429614,-0.00027322955,0.00012373924,-0.0009005964,-7.8772195e-05,0.0001276629,2.1729153e-05
DEFA6,-0.0002054479,-0.0004227031,-0.0003044717,0.00012438465,-0.001006335,-0.00010166969,0.00015039276,2.3768633e-05
DEFB121,-0.00021068938,-0.00048221461,-0.00035033748,0.00011854246,-0.0010478869,-8.9623965e-05,0.00018879212,2.5859219e-05
CCL13,-0.00021708943,-0.00048895366,-0.00036055222,0.00012257323,-0.0011222437,-8.885935e-05,0.00019481964,2.6362599e-05
SLMAP,0.00051488355,0.00028512813,0.0006197002,-0.0004099151,0.0028348416,0.00032107905,-0.00021026935,-2.9273913e-05
SCGB1D1,-0.00021708943,-0.00048895366,-0.00036055222,0.00012257323,-0.0011222437,-8.885935e-05,0.00019481964,2.6362599e-05
DEFB115,-0.00021708943,-0.00048895366,-0.00036055222,0.00012257323,-0.0011222437,-8.885935e-05,0.00019481964,2.6362599e-05
TNPO2,-9.648502e-05,-0.0006055571,-0.00043795072,-8.936971e-06,-0.00018315762,0.00012749527,0.00033245422,2.7955975e-05
COX7C,-0.00021188706,-0.0005582627,-0.00043239258,0.00015622191,-0.00051986426,-6.161351e-05,0.00022707134,3.0154013e-05
C6orf226,-0.0003007166,-0.00013077445,-0.00021563098,0.00027099438,-0.0018990561,-0.00028226944,-1.8889084e-05,2.0804931e-05
MIF-AS1,0.00031511113,-0.00014127791,-0.00016106851,7.806346e-06,-0.0011028349,0.00024813134,0.00012248661,1.0577962e-05
TMEM133,-0.00021708943,-0.00048895366,-0.00036055222,0.00012257323,-0.0011222437,-8.885935e-05,0.00019481964,2.6362599e-05
KIAA0040,7.3779374e-06,-0.00014416501,7.621944e-06,5.3318217e-06,-0.000107996166,-1.2483448e-05,-4.804693e-06,5.6804856e-06
RP11-467N20.5,-0.00021708943,-0.00048895366,-0.00036055222,0.00012257323,-0.0011222437,-8.885935e-05,0.00019481964,2.6362599e-05
ANGPT2,0.0002148468,0.0003946405,0.00042806193,-1.7331913e-05,0.00068715215,6.051734e-06,-0.00030861516,-1.6851467e-05
SMIM5,6.671995e-05,-0.00019779243,-1.2923032e-05,-6.9231726e-05,0.0010235384,5.2272342e-05,3.8041733e-05,6.6144858e-06
FAM24B,0.00042876415,0.00094735064,0.0009653419,-0.00016546901,0.0017952323,0.00011739507,-0.0006035315,-4.6220957e-05
PF4V1,-0.00020168163,-0.00046326406,-0.00033094734,0.000112446025,-0.0011009127,-7.983763e-05,0.00018063374,2.4762703e-05
SHC2,0.00019274652,-7.844716e-05,1.3951212e-06,-2.9529445e-05,0.0017978996,0.00012144074,-5.035661e-06,5.3704716e-06
TMSB4X,-0.00059098937,-0.0012427587,-0.001100406,0.00035280455,-0.0023186281,-0.00018720701,0.0006094184,6.653182e-05
RP1-127H14.3,-0.00021708943,-0.00048895366,-0.00036055222,0.00012257323,-0.0011222437,-8.885935e-05,0.00019481964,2.6362599e-05
VCX,-0.000100368634,-0.0002923049,-0.0001833383,6.15567e-05,-0.0008203909,-3.1972304e-05,0.000102699734,1.5876838e-05
ASAH2B,0.00022736564,-0.000101679936,3.375113e-06,-0.00010555796,-0.00081668794,0.00030932296,9.96273e-05,9.549549e-07
PF4,-5.8323145e-05,-9.94578e-05,5.447492e-05,1.7740764e-05,-0.00027781725,-7.881038e-05,-4.4980086e-05,4.3520704e-06
SPATA31A6,-0.0001559183,-0.0004191678,-0.00030522794,0.000114515424,-0.0013400912,-4.5979396e-05,0.0001675915,2.2711698e-05
S100A6,0.00029222667,0.0004012771,0.0006298665,-0.00019369926,0.0011266917,3.639236e-05,-0.0003422955,-2.633303e-05
MLLT11,-0.0004432164,-0.0010313243,-0.0008806288,0.00027173385,-0.0017715022,-0.00013267761,0.00049556047,5.50322e-05
COPS2,7.669069e-05,-0.00018793531,-1.534447e-05,-4.036445e-05,0.00019478053,7.519312e-05,3.956631e-05,7.2016846e-06
KRTAP5-6,-0.00021708943,-0.00048895366,-0.00036055222,0.00012257323,-0.0011222437,-8.885935e-05,0.00019481964,2.6362599e-05
TRIM61,0.00035100244,9.76827e-05,0.00038253143,-0.00026706886,0.0029274076,0.00021313783,-0.00013376866,-1.4999881e-05
HEPN1,-0.0006028488,-0.0006611999,-0.0006428063,0.00040745456,-0.0040733144,-0.00044451468,0.00025605224,4.1308347e-05
S100A8,-3.5861507e-05,-5.589612e-05,-1.4396384e-05,4.279986e-05,-0.00048710406,7.078424e-05,9.227544e-06,5.3221593e-06
LCE4A,-0.00021708943,-0.00048895366,-0.00036055222,0.00012257323,-0.0011222437,-8.885935e-05,0.00019481964,2.6362599e-05
MALL,-1.354143e-06,-0.00031657517,-0.000100411475,-6.828271e-05,-0.0001906231,4.523713e-05,0.00012521725,1.0306248e-05
NPIPB4,-0.00021708943,-0.00048895366,-0.00036055222,0.00012257323,-0.0011222437,-8.885935e-05,0.00019481964,2.6362599e-05
DEFB124,-0.00021708943,-0.00048895366,-0.00036055222,0.00012257323,-0.0011222437,-8.885935e-05,0.00019481964,2.6362599e-05
FOXD4L5,6.4294785e-05,0.00019608065,0.00019897148,3.6690384e-05,-0.0006199926,3.0677766e-05,-0.00015837234,-4.325295e-06
NBPF6,-3.718026e-05,-0.00020927936,-0.000101743266,5.0449744e-05,-0.0007206574,-2.3474917e-05,4.8507005e-05,1.16816955e-05
JMJD6,5.151704e-05,9.209663e-05,0.00022326224,2.0236708e-05,0.000447087,-7.2821975e-05,-0.00019040424,-2.287794e-06
ANXA8L2,-0.00021708943,-0.00048895366,-0.00036055222,0.00012257323,-0.0011222437,-8.885935e-05,0.00019481964,2.6362599e-05
GNG8,-3.8126484e-05,-0.0004051756,-0.00030718744,2.0844862e-05,0.0010856092,8.759834e-05,0.00020603836,1.9785948e-05
MTRNR2L10,-0.00025548413,-0.0006252136,-0.0005449299,0.00014882069,-0.0017981827,-4.389789e-05,0.00032817293,3.46069e-05
DEC1,-0.00021708943,-0.00048895366,-0.00036055222,0.00012257323,-0.0011222437,-8.885935e-05,0.00019481964,2.6362599e-05
PCDH10,-0.00087333284,-0.0014399737,-0.0013017319,0.00047076587,-0.0029141828,-0.00044730539,0.00065862015,8.1214006e-05
SMIM20,-0.00017287396,-0.00042122044,-0.00020168908,-6.798655e-06,-0.00080649555,-7.543154e-05,0.00015692227,1.7709448e-05
PAGE2B,-0.00022361428,-0.0004936978,-0.00036593527,0.0001263693,-0.0011237562,-9.5377676e-05,0.00019566063,2.674642e-05
CCL8,-0.00012061,-0.00028111972,-0.00016981363,7.340405e-05,-0.00064611435,-4.5170076e-05,8.510426e-05,1.564552e-05
TYMSOS,1.6324222e-05,-0.000499608,-0.00033197924,-6.9407746e-05,-0.0010619313,0.0002186764,0.00031161774,2.090889e-05
CCL2,0.00040457398,0.00029854663,0.00042512082,-0.00018988922,0.0022314042,0.00017781183,-0.00021895114,-1.7667422e-05
LCE1A,-0.00021708943,-0.00048895366,-0.00036055222,0.00012257323,-0.0011222437,-8.885935e-05,0.00019481964,2.6362599e-05
SERTM1,-0.0004390478,-0.0013860594,-0.0010525882,4.4615008e-05,-0.002121985,-1.7842278e-05,0.00076811854,5.956227e-05
FARP1,-0.0004814081,-0.000927262,-0.0007697847,0.00024098624,-0.0019635335,-0.00014351681,0.00043973234,4.8065907e-05
S100A11,-7.7504665e-05,-0.00028496608,-0.00019566156,0.00011258852,-0.0006178841,-1.1586584e-05,8.7476335e-05,1.6935985e-05
GNG7,-0.00041217916,-0.0005471986,-0.0005127154,0.0002746489,-0.0012446791,-0.00031625945,0.00017638318,3.8073398e-05
LCE1B,-0.00021708943,-0.00048895366,-0.00036055222,0.00012257323,-0.0011222437,-8.885935e-05,0.00019481964,2.6362599e-05
KAT2B,0.00024936907,0.00026282296,0.00031083077,-0.00011611916,0.0018439069,0.00019166991,-0.00016841013,-1.3327575e-05
C14orf178,-8.5137784e-05,-0.00019543245,-0.00014732778,0.00014313497,-0.0005867407,-0.00012675254,1.5063211e-05,1.4886376e-05
HSBP1L1,-0.00032841414,-0.00041323528,-0.00037855655,0.00025683455,-0.0009069517,-0.00033501955,8.601975e-05,3.037625e-05
LCE1C,-0.00019919872,-0.00048033707,-0.00034854934,0.000111727044,-0.00099127,-7.7076256e-05,0.00019169506,2.5592977e-05
SCGB2A1,-0.00019685365,-0.0004416965,-0.00031488948,0.000108862296,-0.000981152,-7.617008e-05,0.00017058384,2.3727072e-05
GNG5,-0.0002849996,-0.00062534027,-0.00043574348,0.00010403246,-0.00048717856,-0.00011675665,0.00026201177,2.94419e-05
BTAF1,0.00022944994,0.00036701,0.0005474556,-0.00016929489,0.0017186478,7.845927e-05,-0.0003045341,-2.2045104e-05
MTRNR2L3,0.00024386682,0.00041367486,0.00065512024,-0.00025424827,0.0017634854,8.619018e-05,-0.0003251722,-2.8396607e-05
SMIM2,-0.00019454025,-0.00044598244,-0.0003285203,0.00011941511,-0.00096514076,-8.370448e-05,0.00017108116,2.4669687e-05
AC131097.4,-0.00021708943,-0.00048895366,-0.00036055222,0.00012257323,-0.0011222437,-8.885935e-05,0.00019481964,2.6362599e-05
CFAP74,-5.0829723e-05,-0.00038510002,-0.0002532173,4.4139102e-05,-0.0014767423,7.644575e-05,0.00019147154,1.7479295e-05
S100A13,0.00010307506,-9.249151e-05,-3.658235e-06,3.0806288e-05,0.00032464415,8.478481e-05,-3.204681e-06,3.5078265e-06
C5orf46,-0.00020631775,-0.0004849173,-0.0003542602,0.00011602696,-0.0010397956,-8.155126e-05,0.00019359961,2.5945832e-05
CCDC179,-0.00017793477,-0.0003969986,-0.00028800033,0.00011258107,-0.0009795427,-8.08863e-05,0.00014558341,2.2475608e-05
LCE6A,-0.00021708943,-0.00048895366,-0.00036055222,0.00012257323,-0.0011222437,-8.885935e-05,0.00019481964,2.6362599e-05
FARSB,0.00014391728,-1.9771978e-05,7.0167705e-05,-5.6380406e-05,-0.00029075146,0.00017518084,9.347685e-06,-3.1467061e-07
S100A5,-0.00020685792,-0.000501357,-0.0003583599,0.00011294894,-0.0011192188,-7.448252e-05,0.00020103529,2.6099035e-05
FAM153A,-0.00015572086,-0.00043001957,-0.00028299727,8.471031e-05,-0.0006564036,-6.052386e-05,0.00015802588,2.2177934e-05
AL645608.1,-0.00021708943,-0.00048895366,-0.00036055222,0.00012257323,-0.0011222437,-8.885935e-05,0.00019481964,2.6362599e-05
CGB5,-5.3521246e-05,-0.00024560094,-0.00013948604,5.1809475e-05,-0.0009320304,4.7323294e-05,0.000100187026,1.1942582e-05
KRTAP6-2,-0.00021708943,-0.00048895366,-0.00036055222,0.00012257323,-0.0011222437,-8.885935e-05,0.00019481964,2.6362599e-05
SPRR2E,-0.00024437532,-0.0005023442,-0.0003714841,0.00013523642,-0.0011422262,-0.000120710116,0.000191845,2.7491478e-05
KNCN,-8.940697e-08,-0.00026068836,-0.00010744482,-4.6519563e-06,5.751103e-05,3.7601218e-05,8.5468404e-05,1.1235359e-05
SPRR2G,-0.00020340085,-0.00048419647,-0.0003559962,0.00012127869,-0.0010897815,-8.707866e-05,0.0001905188,2.613361e-05
ABCB6,0.00012627617,0.00021099672,0.00039275736,-0.00012810621,0.0012023523,3.7347898e-05,-0.00021074619,-1.4255056e-05
ADIRF,-0.000119002536,-0.00041712634,-0.0003103856,9.256415e-05,-0.0006362349,1.3955869e-05,0.00017587282,2.219982e-05
LCE1E,-0.00021776743,-0.0004885476,-0.00035718642,0.00012246054,-0.0010557622,-9.596627e-05,0.0001906585,2.6322436e-05
SPRR2A,-0.00019892305,-0.0004126504,-0.00029358454,0.00011299737,-0.0011520609,-8.3871186e-05,0.0001535546,2.2907974e-05
TBC1D3B,-0.00016631559,-0.000400329,-0.00027025864,8.4574334e-05,-0.0009437427,-7.477775e-05,0.00014997553,2.1050451e-05
CHRM5,-1.9779429e-05,-2.3154542e-05,6.621331e-05,4.931912e-05,-0.0011188537,6.002374e-06,-5.8725476e-05,2.980465e-06
AC010327.2,-0.00021708943,-0.00048895366,-0.00036055222,0.00012257323,-0.0011222437,-8.885935e-05,0.00019481964,2.6362599e-05
NRG3,3.7692487e-05,7.95275e-05,-8.932687e-05,0.00023421273,8.433312e-05,-9.0538524e-05,-0.00010343548,1.063454e-05
PPBP,-0.00012028031,-0.0003377013,-0.00020512193,7.640757e-05,-0.0009025112,-5.9760176e-05,0.000108460896,1.798477e-05
SMR3A,-0.00022361428,-0.0004936978,-0.00036593527,0.0001263693,-0.0011237562,-9.5377676e-05,0.00019566063,2.674642e-05
MT4,-0.00021708943,-0.00048895366,-0.00036055222,0.00012257323,-0.0011222437,-8.885935e-05,0.00019481964,2.6362599e-05
C12orf75,-3.80259e-05,-0.00015779771,-8.9159235e-05,5.272962e-05,-0.0008887574,-2.231542e-05,4.2895786e-05,9.821844e-06
NBPF15,-0.00017478131,-0.0005243998,-0.0004010182,9.368826e-05,-0.00029954314,-0.000106615014,0.00020480994,2.9805931e-05
IFI27L2,-0.00032360666,-0.00038559362,-0.00017692707,0.00010472257,0.0007105395,-0.00031860452,3.556162e-05,2.0259875e-05
TIMM23B,0.00016677007,0.00025795028,0.0001861602,5.0752424e-05,0.0001598075,6.52438e-05,-0.00018007774,-4.1617313e-06
AC135048.1,-0.00021708943,-0.00048895366,-0.00036055222,0.00012257323,-0.0011222437,-8.885935e-05,0.00019481964,2.6362599e-05
SPRR2F,-0.00021708943,-0.00048895366,-0.00036055222,0.00012257323,-0.0011222437,-8.885935e-05,0.00019481964,2.6362599e-05
GNG2,-0.0005480666,-0.0012545846,-0.001129454,0.00036073662,-0.002517037,-0.00019596238,0.0006159609,6.914651e-05
CREBBP,-0.00034260005,-0.00094275735,-0.00076794624,0.00018425845,-0.00094433874,-5.706586e-05,0.00046392158,4.6256813e-05
CXCL10,-0.00022332557,-0.00053747185,-0.00039043278,0.0001143422,-0.0010783672,-7.846765e-05,0.00022139959,2.7963542e-05
SLC26A1,0.00012712553,-7.2196126e-06,0.00011670776,-5.134009e-05,0.00017942488,0.000105833635,-4.3831766e-05,-1.3198005e-06
SMCO4,-0.0002369266,-0.00056968816,-0.0004764218,0.0001376532,-0.0015169829,-3.3233315e-05,0.0002863789,3.116764e-05
S100A4,0.00023535267,-7.160194e-05,0.00031079352,-0.00029605813,0.0005367696,0.0003574146,2.5720336e-05,-1.4604535e-05
PRAMEF6,-0.00021708943,-0.00048895366,-0.00036055222,0.00012257323,-0.0011222437,-8.885935e-05,0.00019481964,2.6362599e-05
CXCL6,-0.00013099611,-0.00019138306,-9.793788e-05,7.118378e-05,-4.659593e-05,-7.293001e-05,2.2607855e-05,1.27773965e-05
SPRR2D,-0.0002536364,-0.0005396977,-0.0004075989,0.00013327319,-0.0011957884,-0.00011405954,0.00021808222,2.9409304e-05
SMLR1,-0.00019114651,-0.000421416,-0.00029752962,0.00011158921,-0.0009823665,-7.8110024e-05,0.0001568161,2.2863154e-05
HIST1H2BA,-0.00021708943,-0.00048895366,-0.00036055222,0.00012257323,-0.0011222437,-8.885935e-05,0.00019481964,2.6362599e-05
NUPR2,-0.0002623368,-0.00052892417,-0.0003954284,0.00014270935,-0.00082134455,-0.00013989303,0.00019451603,2.949033e-05
HTN3,-0.0001285728,-0.0003618095,-0.00026252493,0.000106623396,-0.0010173097,-3.2761134e-05,0.0001369603,2.0435662e-05
KRT33A,-0.00017247722,-0.0004595518,-0.00032467954,0.00010199286,-0.0011168718,-6.0634688e-05,0.00018367264,2.4140347e-05
LCE1F,-0.00021708943,-0.00048895366,-0.00036055222,0.00012257323,-0.0011222437,-8.885935e-05,0.00019481964,2.6362599e-05
DEFB133,-0.00020659529,-0.00045611337,-0.00032489002,0.00011636689,-0.0010369644,-9.029545e-05,0.00017215963,2.4608918e-05
ANKDD1A,0.0005994737,0.0007171184,0.0007160716,-0.00026066136,0.001998715,0.00038958434,-0.00036097784,-3.7336722e-05
SMIM18,0.00023324229,0.0002469197,0.0003166478,-0.00014730636,-0.0017271936,0.00032385625,-7.03847e-05,-1.50298e-05
TACC1,-0.00078644976,-0.0011670645,-0.0008873716,0.00031355862,-0.001996383,-0.00047505554,0.00044544786,6.195658e-05
TFF1,-0.0002213791,-0.00048966333,-0.0003641434,0.0001368206,-0.0012406856,-0.000108129345,0.00018778257,2.6800204e-05
CXCL8,0.00013536587,0.0001239255,9.855628e-05,8.4343366e-05,-0.0014625043,2.3283996e-05,-0.000111452304,5.8615115e-07
HBG1,-0.00020324998,-6.47679e-05,-6.764755e-05,0.00020479597,-0.0018062815,-7.41696e-05,-3.1273812e-05,9.981566e-06
C3orf36,-2.1923333e-05,-0.0003564451,-0.00018206239,-2.5412068e-05,-0.00066418946,6.686337e-05,0.00015778188,1.5292666e-05
CLLU1OS,-0.00021708943,-0.00048895366,-0.00036055222,0.00012257323,-0.0011222437,-8.885935e-05,0.00019481964,2.6362599e-05
C9orf153,-3.2613054e-05,-0.00023017824,-9.414554e-05,1.9175932e-06,-5.890429e-05,5.2838586e-05,7.8504905e-05,1.0569231e-05
CCL18,-0.00025934167,-0.00050261617,-0.0003820751,0.00017105136,-0.0009412989,-0.00018319162,0.00016346015,2.9407674e-05
CTXN1,1.2334436e-05,-0.0002839975,-0.000202436,3.821589e-05,-8.952618e-05,-7.2307885e-06,0.00010124128,1.7674873e-05
S100A14,7.5688586e-05,-9.722076e-05,2.9006973e-05,-2.433639e-05,0.0007771328,3.367942e-05,-1.9001774e-05,4.6471832e-06
DEFB127,-0.00021708943,-0.00048895366,-0.00036055222,0.00012257323,-0.0011222437,-8.885935e-05,0.00019481964,2.6362599e-05
HCST,-6.057322e-05,-0.00039894693,-0.0002482254,-3.2444485e-05,-0.0006263852,0.00015835837,0.00023190398,1.774868e-05
KRTAP4-1,-0.0002117455,-0.0004848279,-0.00035250746,0.00011893269,-0.0010122359,-9.22475e-05,0.00018905196,2.6034657e-05
SVIP,2.1532178e-06,-0.0003865864,-0.0002958849,5.3062104e-05,-0.002027288,5.9138983e-05,0.00020651147,2.0288397e-05
UGGT1,-6.472692e-06,-0.0003551785,-6.726198e-05,-6.569829e-05,0.0007194355,-1.874566e-05,7.643085e-05,1.2008473e-05
SLC17A7,-0.00034688227,-0.00054899976,-0.00049735606,0.00032724347,-0.0013443083,-0.00040601846,0.00011948496,3.924372e-05
DLL1,-0.00022614561,-0.00045272708,-0.00040671602,0.0001650257,0.00059133023,-0.00010798639,0.00016080867,3.061106e-05
CNPY1,0.00019189529,-0.0003273692,2.8204173e-05,-0.00031692535,0.0026400387,0.00019163452,0.000149047,3.2476382e-06
COX17,-4.8372895e-06,-0.00026663393,-6.0006976e-05,-3.6545098e-05,-0.00025010854,2.0474195e-05,7.640477e-05,1.0047574e-05
TCEAL8,-0.00012174994,-0.00027498044,-0.0002258569,0.00012325682,-0.0012646765,-7.1040355e-05,9.346567e-05,1.909153e-05
SPANXD,-0.00020020083,-0.00047482736,-0.0003417395,0.00011267234,-0.00096369535,-8.1167556e-05,0.00018566381,2.534897e-05
CXCL3,0.00025107712,0.00020698085,0.00034300238,-0.00014381297,-0.00020391494,0.00019123685,-0.00013706367,-1.4455523e-05
C2orf88,6.986782e-05,-0.00012514181,-1.8110499e-05,-4.3071806e-05,-0.0013952255,0.00020867027,9.788759e-05,2.5862828e-06
DEFB113,-0.00021162629,-0.0004865732,-0.00035703555,0.000119164586,-0.001081422,-8.5116364e-05,0.00019404199,2.6134308e-05
CCL20,-9.489432e-05,-0.00014737248,-6.392412e-05,7.7637844e-05,-4.5262277e-05,-5.475618e-05,-4.61936e-07,1.0482152e-05
SMIM17,0.00022077374,0.00015147962,0.00038626604,-0.00019781757,0.00087877363,0.00019511394,-0.00013872888,-1.5033875e-05
KRTAP6-3,-0.00021708943,-0.00048895366,-0.00036055222,0.00012257323,-0.0011222437,-8.885935e-05,0.00019481964,2.6362599e-05
ATP5ME,-1.2278557e-05,-0.00034915656,-0.00015824102,-2.108328e-05,9.319931e-05,6.658025e-05,0.0001399843,1.4026649e-05
SVBP,-0.00020265765,-0.0002469737,-0.000202192,0.00019248575,-0.00034438074,-0.00023889216,7.4040145e-07,2.2173394e-05
TEX46,-0.0003223773,-0.00058006495,-0.00048038922,0.000189933,-0.0015813187,-0.0001585437,0.00023900531,3.3381162e-05
PRR15L,-0.00021708943,-0.00048895366,-0.00036055222,0.00012257323,-0.0011222437,-8.885935e-05,0.00019481964,2.6362599e-05
ENTPD4,3.8331375e-05,0.00010212138,0.00013821945,9.607244e-05,0.0012587905,-0.00014862604,-0.00020553637,3.0960655e-06
MYLK3,0.0002724696,5.907193e-05,0.00024894066,-0.00019409973,0.001228936,0.00023923535,-5.0199218e-05,-1.0424992e-05
C19orf48,0.00013909303,-0.00018295273,4.9956143e-06,-0.00014917646,0.0002946183,0.00021281838,0.000104221515,2.8543873e-06
SYCE3,-0.00018552691,-0.0004138276,-0.00029283762,0.00010854378,-0.0010235384,-8.473545e-05,0.00015266147,2.2657681e-05
DEFB126,-0.00021708943,-0.00048895366,-0.00036055222,0.00012257323,-0.0011222437,-8.885935e-05,0.00019481964,2.6362599e-05
LEAP2,0.00010473654,-0.00013599545,4.8970804e-05,-6.3499436e-05,-8.159876e-05,2.722349e-05,2.3841858e-06,2.6134076e-06
KCNA3,4.2241067e-05,-0.0005470142,-0.0003489852,-6.290246e-05,0.0005947128,0.0001585437,0.00028953888,2.2856868e-05
LY6D,-0.00021068938,-0.00048221461,-0.00035033748,0.00011854246,-0.0010478869,-8.9623965e-05,0.00018879212,2.5859219e-05
C18orf32,-0.00014864095,-0.0005264357,-0.00044642016,9.5284544e-05,-0.001297921,4.434213e-05,0.00029300246,2.7866685e-05
CNTNAP3B,0.00018240139,0.00016854145,0.00025303103,-7.945672e-05,0.0012161359,0.000117707066,-0.00013950001,-8.955365e-06
VMAC,-6.4061955e-05,-7.896125e-05,-2.6049092e-05,8.323137e-05,-0.0010368079,-4.9993396e-05,-2.0888634e-05,8.391449e-06
CCL1,-0.00021708943,-0.00048895366,-0.00036055222,0.00012257323,-0.0011222437,-8.885935e-05,0.00019481964,2.6362599e-05
PRAC1,-0.00021708943,-0.00048895366,-0.00036055222,0.00012257323,-0.0011222437,-8.885935e-05,0.00019481964,2.6362599e-05
GNGT2,-0.00017141923,-0.0006149877,-0.00046423078,4.9873255e-05,-0.0012147948,8.500926e-05,0.00033325888,2.9131188e-05
TP53RK,-0.00015641749,-0.00024696998,-7.0385635e-05,3.973581e-05,-0.0010812432,-0.00014947914,2.5393441e-05,1.2748642e-05
TMEM72,-0.00022052601,-0.0005082488,-0.00037294254,0.00012632646,-0.001150623,-0.000101651065,0.00019926298,2.7319067e-05
RASA4,0.00013212301,-7.456727e-05,-1.664646e-05,2.4138018e-05,-0.00025557727,0.00013239402,1.092907e-05,4.9497467e-06
IFI27,0.00024230592,-0.00023508444,2.816692e-05,-0.0001616478,9.267777e-05,0.00032740925,0.00012356043,2.643792e-07
HRCT1,1.642108e-05,-0.00021477975,-7.298775e-05,1.7974526e-05,6.2286854e-05,1.566764e-05,4.4634566e-05,9.7871525e-06
KRTAP9-6,-0.00021708943,-0.00048895366,-0.00036055222,0.00012257323,-0.0011222437,-8.885935e-05,0.00019481964,2.6362599e-05
SMPX,-0.00021068938,-0.00048221461,-0.00035033748,0.00011854246,-0.0010478869,-8.9623965e-05,0.00018879212,2.5859219e-05
SMIM13,-0.00015386939,-0.00068513677,-0.0006220415,0.00015502144,-0.0019964352,4.551187e-05,0.00037639402,3.8234633e-05
KRT16,-8.840114e-05,-0.00029691122,-0.00015111826,2.1232292e-05,-0.0006226674,2.2995286e-05,0.00011178758,1.4008256e-05
DEFB132,-0.00019518845,-0.000461258,-0.00032563694,0.00010388531,-0.0010122582,-7.322244e-05,0.00018133782,2.4365494e-05
UAP1,-0.00010525994,-0.00011766143,-0.00015701912,0.00015833322,-0.00092410296,-5.1973388e-05,2.6714057e-05,1.3817684e-05
TMEM88B,-0.00021708943,-0.00048895366,-0.00036055222,0.00012257323,-0.0011222437,-8.885935e-05,0.00019481964,2.6362599e-05
VPS52,2.3242086e-05,-1.0078773e-05,4.2572618e-05,6.391853e-05,-0.00048528612,-6.7329966e-05,-8.0736354e-05,5.2294927e-06
ATP5MD,-0.00011116825,-0.00034995563,-0.00025258772,9.9186786e-05,-0.000399597,-3.5306439e-06,0.00013639126,1.9487576e-05
RAP1GAP2,-9.666756e-05,-0.00061342865,-0.0005651973,9.352807e-05,-0.00083146244,0.00018785987,0.00038081594,3.2184646e-05
SPRR1A,-0.00021708943,-0.00048895366,-0.00036055222,0.00012257323,-0.0011222437,-8.885935e-05,0.00019481964,2.6362599e-05
TEAD1,-0.00047298893,-0.00088389963,-0.0006997287,0.00019110646,0.0002715513,-0.00029240502,0.0003355369,4.941295e-05
FSIP2,0.00021340884,0.0005102195,0.0006090421,-0.00014675874,0.0022571161,0.00014062785,-0.00035462994,-2.709357e-05
KRTAP19-3,-0.00021708943,-0.00048895366,-0.00036055222,0.00012257323,-0.0011222437,-8.885935e-05,0.00019481964,2.6362599e-05
UQCC3,7.218681e-05,-1.9503757e-05,7.4934214e-05,-6.4969994e-05,-0.0003984198,7.935148e-05,-9.883195e-06,1.3211975e-06
C19orf53,-3.565848e-05,-8.084811e-05,6.211549e-05,-6.0964376e-06,0.00087830424,-4.5161694e-05,-4.8731454e-05,3.5281992e-06
MT1H,-2.7928501e-05,-0.00012908131,-7.090531e-05,3.4390017e-05,-0.0012422428,0.000114340335,6.69444e-05,7.241848e-06
KRTAP15-1,-0.00021708943,-0.00048895366,-0.00036055222,0.00012257323,-0.0011222437,-8.885935e-05,0.00019481964,2.6362599e-05
MILR1,-0.0002452433,-0.0006626472,-0.00058954395,0.00019491371,-0.00092899054,-9.959191e-05,0.00030483305,3.8568396e-05
SEC61G,-0.00020996481,-0.00047812983,-0.0003874842,0.00013875216,-0.00044570118,-7.4322335e-05,0.0001990553,2.7785427e-05
CGB3,7.601455e-06,-0.0009624027,-0.00051438436,-0.00021819863,-0.0028020889,0.00065685064,0.0006878907,2.0935899e-05
IAPP,-0.00015487336,-0.00053786114,-0.0003859233,6.8449415e-05,-0.00066402555,-1.7471611e-05,0.00024124514,2.6873196e-05
CXCL2,0.00032914057,0.00058301724,0.000735987,-0.00017461926,0.0017708018,6.927829e-05,-0.0004378939,-3.2403856e-05
PIWIL4,1.754798e-05,-0.00011426397,1.6214326e-05,2.9778108e-05,0.00054936856,-3.746804e-05,-3.96166e-05,6.087823e-06
HIST1H2BO,-0.00021708943,-0.00048895366,-0.00036055222,0.00012257323,-0.0011222437,-8.885935e-05,0.00019481964,2.6362599e-05
LELP1,-0.00021708943,-0.00048895366,-0.00036055222,0.00012257323,-0.0011222437,-8.885935e-05,0.00019481964,2.6362599e-05
KRTAP12-2,-0.0001759585,-0.00039484166,-0.00028908998,0.00011196546,-0.0010818541,-7.09584e-05,0.00014953595,2.2340217e-05
ZNF322,-0.00027121976,-0.00047287345,-0.00038406998,0.00014192518,-0.0025060326,-0.00012733182,0.00021139905,2.7695554e-05
PCOTHP1,-0.00021708943,-0.00048895366,-0.00036055222,0.00012257323,-0.0011222437,-8.885935e-05,0.00019481964,2.6362599e-05
SEMA4A,0.00019509345,0.00046755373,0.00033658184,7.595681e-05,-0.00039284676,8.6222775e-05,-0.00027698744,-1.3989862e-05
RETNLB,-0.00021708943,-0.00048895366,-0.00036055222,0.00012257323,-0.0011222437,-8.885935e-05,0.00019481964,2.6362599e-05
GATB,7.272698e-05,0.000103777274,0.0001855325,-2.7222559e-06,-0.00011476129,-3.2696873e-05,-0.00014218967,-2.2876775e-06
KIF11,-0.00016986765,-0.0006061718,-0.00046975166,0.00011021644,0.00011469424,-5.4279342e-05,0.0002511777,3.329385e-05
ATL2,-9.834394e-05,-0.00017420575,1.4618039e-05,-1.8670224e-05,0.0009066984,-0.00012749573,-2.6524067e-05,8.732779e-06
ATXN7L3B,-0.00019364618,-0.000576159,-0.0004060883,9.0071e-05,-0.0014610067,-9.23872e-06,0.00026216824,2.850336e-05
TGFB1,5.837716e-05,-4.2026863e-05,-1.7698854e-05,8.604769e-05,-0.0011292174,-2.2897497e-05,-3.089942e-05,6.6185603e-06
FAM86B1,0.00022633374,0.0002795849,0.00033138134,-0.00012065284,0.0009731725,0.00018541794,-0.00016454328,-1.4211051e-05
KRTAP1-4,-0.00020870939,-0.0004917085,-0.00036538392,0.0001186803,-0.0011062026,-7.7505596e-05,0.00020043645,2.6479946e-05
TNP2,-0.00021708943,-0.00048895366,-0.00036055222,0.00012257323,-0.0011222437,-8.885935e-05,0.00019481964,2.6362599e-05
SPRN,0.00028198026,5.3716823e-05,0.00028975122,-0.00019634888,0.0020164102,0.00015152525,-9.953696e-05,-1.1146185e-05
FLYWCH2,0.00023995712,0.00022039004,0.00038907118,-0.00013830606,0.0016231164,5.1501207e-05,-0.00022309553,-1.3542478e-05
C9orf129,5.7103112e-05,-3.6563724e-06,4.7789887e-05,6.441027e-06,-0.00028255582,6.6259876e-05,-3.102608e-05,2.6874477e-06
KRTAP5-11,-0.00021708943,-0.00048895366,-0.00036055222,0.00012257323,-0.0011222437,-8.885935e-05,0.00019481964,2.6362599e-05
SCRG1,-0.0005857125,-0.0009105727,-0.00077557936,0.0002831882,-0.0001905039,-0.0003326428,0.00036470965,5.1306677e-05
CCL19,-0.00026745722,-0.00056915544,-0.00044190325,0.00014771987,-0.0013073236,-0.00012019882,0.00023555197,3.115041e-05
CYP4F3,-0.00016871281,-0.0003279671,-0.0001908075,8.597039e-05,-0.00026079267,-9.24021e-05,8.6370856e-05,1.7477432e-05
WFDC12,-0.00019383617,-0.00044857524,-0.00031225197,0.00010846462,-0.0008555651,-8.692313e-05,0.00016523711,2.3999717e-05
WFDC13,-0.00021708943,-0.00048895366,-0.00036055222,0.00012257323,-0.0011222437,-8.885935e-05,0.00019481964,2.6362599e-05
UQCR11,0.00018896721,1.9302592e-05,0.00016868673,-8.6785294e-05,0.0012408122,0.000107179396,-7.5484626e-05,-3.3739489e-06
MRPS36,-9.237416e-05,-9.22624e-05,2.4650246e-05,8.3857216e-05,0.00040952116,-0.00013705995,-8.5441396e-05,8.63045e-06
MRPL57,-0.00012142211,-0.00021561235,-9.97819e-05,2.5053509e-05,-0.0007315278,-2.2264197e-05,7.214956e-05,1.0903692e-05
SMKR1,4.1725114e-05,-0.00018657558,-7.999502e-05,-4.260801e-06,-0.00084483624,0.00010049064,8.4609725e-05,8.30926e-06
CCL22,-8.854084e-05,-0.0003245119,-0.00019255094,4.886929e-05,-0.0005654916,-1.2475066e-05,0.00011439994,1.6962644e-05
HMGN4,6.3927844e-05,6.298162e-05,0.00020905957,-7.713307e-05,-0.0005093068,9.737071e-05,-7.867161e-05,-5.4875854e-06
CEP104,-0.00019775704,-0.00020914525,-8.830987e-05,0.00012926199,0.00024744868,-0.0002470482,-4.7867186e-05,1.6380101e-05
TRIM39,0.0006139204,0.00081081316,0.0008378979,-0.00020902231,0.0011407584,0.00029511657,-0.0004718555,-4.2203697e-05
MT1B,-0.00020265952,-0.00049808994,-0.0003535468,0.000104770996,-0.0010534227,-6.377138e-05,0.00020305254,2.570555e-05
LENEP,-0.00021708943,-0.00048895366,-0.00036055222,0.00012257323,-0.0011222437,-8.885935e-05,0.00019481964,2.6362599e-05
C9orf92,-0.00022333488,-0.0004877504,-0.00036858208,0.00013017002,-0.0010819882,-8.918904e-05,0.00019633397,2.6613008e-05
GAGE2A,-0.00021708943,-0.00048895366,-0.00036055222,0.00012257323,-0.0011222437,-8.885935e-05,0.00019481964,2.6362599e-05
CXCL5,0.00036402233,0.00047516078,0.00055348687,-0.00019938964,0.0008169189,0.00023590401,-0.00027223025,-2.6035821e-05
FOXD4L3,-0.00015133433,-0.00021502934,-0.00012805872,0.000109628774,-0.0012343079,-8.551963e-05,4.9260445e-05,1.2906035e-05
HIST1H1B,-0.00021708943,-0.00048895366,-0.00036055222,0.00012257323,-0.0011222437,-8.885935e-05,0.00019481964,2.6362599e-05
MZT1,-5.981326e-05,-9.1101974e-05,3.1773e-05,1.6216189e-05,-0.00047020614,-9.0109184e-05,-3.6839396e-05,6.0339225e-06
WFDC6,-0.00021708943,-0.00048895366,-0.00036055222,0.00012257323,-0.0011222437,-8.885935e-05,0.00019481964,2.6362599e-05
SLC51B,-0.0001988355,-0.0004913565,-0.0003590379,0.00011223834,-0.0008571446,-7.969793e-05,0.0001951512,2.6318827e-05
PIRT,-0.00015950389,-0.00038511865,-0.0002448745,8.321833e-05,-0.00055173784,-9.4030984e-05,0.00012297463,2.0662439e-05
TMEM262,-0.00021708943,-0.00048895366,-0.00036055222,0.00012257323,-0.0011222437,-8.885935e-05,0.00019481964,2.6362599e-05
GNG10,-3.721565e-06,-0.0001379624,-0.000102361664,3.4537166e-05,-0.003067799,0.00014099665,0.000108595006,9.092619e-06
BOD1L2,6.3069165e-06,-9.620376e-05,-4.3921173e-06,1.2467615e-05,-0.00050818175,7.112138e-05,1.7931685e-05,4.5144698e-06
DEFB123,-0.00021708943,-0.00048895366,-0.00036055222,0.00012257323,-0.0011222437,-8.885935e-05,0.00019481964,2.6362599e-05
AQP12B,-0.00021708943,-0.00048895366,-0.00036055222,0.00012257323,-0.0011222437,-8.885935e-05,0.00019481964,2.6362599e-05
C9orf16,-0.00018901937,-0.00032496266,-0.00021970272,0.00010741688,-0.00025765598,-0.00013951864,8.8017434e-05,1.925521e-05
CCL15,-0.00021708943,-0.00048895366,-0.00036055222,0.00012257323,-0.0011222437,-8.885935e-05,0.00019481964,2.6362599e-05
TNKS1BP1,0.00032705627,-0.00012602657,0.00012359582,-0.00022257864,0.0016334429,0.00024096109,2.8403476e-05,-1.3278332e-06
C14orf177,-0.0002019424,-0.00046490878,-0.00033040717,0.000107819214,-0.001056239,-7.7812e-05,0.0001826724,2.4670037e-05
CCDC167,-3.5852194e-05,-6.97542e-05,3.56026e-05,2.7178787e-05,0.0006940365,-8.000061e-05,-5.4541044e-05,5.4216944e-06
KRTAP3-3,-0.000262592,-0.00051892176,-0.00040351227,0.00015308242,-0.0010842457,-0.00012555625,0.00020323507,2.9075658e-05
TMEM114,-0.00021708943,-0.00048895366,-0.00036055222,0.00012257323,-0.0011222437,-8.885935e-05,0.00019481964,2.6362599e-05
PET117,0.00028730184,0.00048167817,0.00060358644,-0.00016465317,0.0013266876,9.641424e-05,-0.00035712775,-2.4389243e-05
SCYL3,0.00027595647,0.00017232262,0.00042160042,-0.0002521742,0.0013799518,0.00018374063,-0.00015146378,-1.7691986e-05
HRK,0.00012646243,-9.620562e-05,3.135763e-05,-6.855e-05,-0.00077180564,0.00016613211,5.1261857e-05,9.117648e-07
CT83,-0.00021708943,-0.00048895366,-0.00036055222,0.00012257323,-0.0011222437,-8.885935e-05,0.00019481964,2.6362599e-05
PAGE5,-0.00020259805,-0.00045619346,-0.0003350377,0.00011828821,-0.0010707527,-7.705297e-05,0.00018053595,2.471928e-05
RPL39L,-0.00044604577,-0.00078098476,-0.00072642416,0.0002763942,-0.0018254071,-0.00019943155,0.0003634533,4.664727e-05
GNG12,-0.00027951784,-0.0003697034,-0.00028190762,0.00018265191,-0.002862066,-0.0002514068,9.5545314e-05,2.4883426e-05
TRIAP1,0.0001520738,0.00020508096,0.00034123287,-0.000110214576,0.0004369691,9.6059404e-05,-0.00017094146,-1.2895674e-05
DMAC1,-0.00022705272,-0.00032741576,-0.00022427738,0.000106052496,-0.0012261495,-0.00020291889,7.891003e-05,2.2005872e-05
TMEM155,-0.00014223158,-0.000291273,-0.00014528818,9.4074756e-05,-0.000490956,-0.00015213201,3.8770027e-05,1.6832375e-05
PI3,-0.00019383617,-0.00044857524,-0.00031225197,0.00010846462,-0.0008555651,-8.692313e-05,0.00016523711,2.3999717e-05
KRTAP4-3,-0.00021708943,-0.00048895366,-0.00036055222,0.00012257323,-0.0011222437,-8.885935e-05,0.00019481964,2.6362599e-05
MT1G,7.238053e-05,-0.00017185882,-3.5583973e-05,-1.811143e-05,-0.0003584996,0.00012748875,5.641766e-05,6.5229833e-06
S100B,-0.00045900233,-0.0007518977,-0.00069768913,0.00021139346,-0.0025943518,-0.00013565272,0.0004035011,4.2763422e-05
UQCR10,-7.224269e-05,-0.0004278291,-0.00025985204,1.6856939e-05,0.00035625696,3.5770237e-05,0.00018265191,1.9686297e-05
NCMAP,0.00022084638,0.00027477928,0.00041779503,-0.00014872476,0.0014772192,5.5308454e-05,-0.000230507,-1.6174978e-05
KRTAP4-2,-0.00021708943,-0.00048895366,-0.00036055222,0.00012257323,-0.0011222437,-8.885935e-05,0.00019481964,2.6362599e-05
TNP1,-0.00021708943,-0.00048895366,-0.00036055222,0.00012257323,-0.0011222437,-8.885935e-05,0.00019481964,2.6362599e-05
ARMS2,-0.00020645373,-0.0004450623,-0.0003297124,0.000120754354,-0.0011419132,-7.7061355e-05,0.00017671566,2.4365028e-05
GOLGA6C,-0.00014681183,-0.0003512241,-0.0002510436,0.000110805035,-0.00038911402,-0.00015075365,8.866377e-05,2.2015069e-05
SNORC,-0.00012243725,-0.00033756346,-0.00021363609,5.94249e-05,4.0076673e-05,-1.3580546e-05,0.00011618622,1.841446e-05
HIST1H1D,-0.00021708943,-0.00048895366,-0.00036055222,0.00012257323,-0.0011222437,-8.885935e-05,0.00019481964,2.6362599e-05
RPL41,-0.00018473342,-0.00057861954,-0.00041613355,9.651203e-05,-0.00043433905,-1.6847625e-06,0.00025876332,2.8300448e-05
KRTAP19-5,-0.00021708943,-0.00048895366,-0.00036055222,0.00012257323,-0.0011222437,-8.885935e-05,0.00019481964,2.6362599e-05
KRTAP5-7,-0.00016978383,-0.00047842413,-0.0003169924,6.268639e-05,-0.0008400902,-4.8082322e-05,0.00019819103,2.3289234e-05
SFTA3,-6.0983002e-05,-0.0004526805,-0.00027061254,2.0347536e-05,-0.0004588142,1.059752e-05,0.00018636975,2.0561623e-05
MFN1,-4.1555613e-05,-0.00016850233,-0.00015179254,8.99788e-05,-0.00026903301,0.00010441616,6.63111e-05,1.3730256e-05
S100P,-6.190874e-05,-0.0005591903,-0.00022524782,-1.6443431e-05,-0.00033326447,2.923049e-05,0.00019426644,1.9498053e-05
SNX13,-8.222088e-05,-0.00024087168,-0.00015640818,0.00011731591,-0.00047566742,-9.328034e-05,4.139729e-05,1.5035272e-05
CARD18,-0.00021708943,-0.00048895366,-0.00036055222,0.00012257323,-0.0011222437,-8.885935e-05,0.00019481964,2.6362599e-05
NT5C2,-0.00024200045,-0.0004355181,-0.00033006445,0.00019174069,-0.002500698,-0.00014592241,0.00014505535,2.6066904e-05
GNG3,-0.0004570838,-0.00092076324,-0.0008135643,0.00028141215,-0.0024939105,-0.00019483222,0.00042968057,5.35422e-05
NDUFA1,-1.0082498e-05,-0.00029017404,-0.00010216609,-3.628712e-05,0.00034236163,9.195693e-05,0.00011702813,9.9149765e-06
CMC4,0.00020675175,-1.3535842e-05,0.00016260147,-0.000167422,0.0011359677,0.00023023039,-7.641502e-06,-5.6454446e-06
UCN3,-0.00021708943,-0.00048895366,-0.00036055222,0.00012257323,-0.0011222437,-8.885935e-05,0.00019481964,2.6362599e-05
CDRT4,0.0005962569,0.0007674992,0.0007973183,-0.0002312176,0.001836136,0.00033502,-0.00044063386,-3.933278e-05
SPAG11A,-0.00017979369,-0.00039158948,-0.00027733482,0.00010909047,-0.0010096431,-7.943064e-05,0.00014165696,2.1768734e-05
SPRR1B,-0.00020254962,-0.00044288114,-0.0003471803,0.00013557822,-0.0012767687,-7.8378245e-05,0.00017921068,2.5422429e-05
MRPL53,-9.332411e-05,-0.0003496129,-0.00021982938,5.4212287e-05,-0.0005681366,-4.356634e-05,0.00012581237,1.880771e-05
TMEM238,-0.00011113286,-0.00038790517,-0.00026690587,8.795131e-05,-0.00059533864,-3.313087e-05,0.00014375709,2.0657084e-05
CCL4,-0.00029815733,-0.0005831402,-0.0006767325,0.0002622027,-0.0022582188,-5.3191558e-05,0.00035391096,3.9225095e-05
MAP2K1,0.00027751923,-5.3120777e-05,6.8159774e-05,-0.0001330683,-0.00048476458,0.00032025948,7.3942356e-05,-3.5683624e-06
SNAPC5,0.00019251369,0.00039920956,0.00052638724,-6.47651e-05,0.0024139807,-7.187668e-05,-0.00037037302,-2.0029722e-05
C8orf44,0.00026281923,0.0005155485,0.0005188808,-9.5018186e-05,0.00024516135,0.0002908213,-0.00026687328,-2.6913942e-05
SMAGP,-0.00026297197,-0.0005215984,-0.00032731332,0.00016731024,0.00075831264,-0.00025995309,9.46112e-05,2.9442948e-05
TBC1D3G,-0.00021708943,-0.00048895366,-0.00036055222,0.00012257323,-0.0011222437,-8.885935e-05,0.00019481964,2.6362599e-05
FAM184A,-0.00041367672,-0.00094584376,-0.0007967949,0.00023545325,-0.002034746,-0.00022648089,0.00042373128,5.218538e-05
SPINK9,-0.00019270368,-0.00046089478,-0.0003334172,0.000109741464,-0.0011295006,-6.6287816e-05,0.0001847595,2.4710433e-05
GTPBP3,-6.0647726e-06,0.00033269823,0.00036965124,-2.5726855e-05,0.00032751262,-4.1928142e-05,-0.00025380123,-1.2552948e-05
SERP2,0.00018192828,0.00037875772,0.00039037317,-9.21702e-05,0.001382716,0.00011976622,-0.00023828913,-1.558999e-05
C11orf45,-0.00014965609,-0.0003717523,-0.00024869293,0.00010657776,-0.00070494413,-9.159092e-05,0.00011448562,2.0794454e-05
GNG13,-0.00021708943,-0.00048895366,-0.00036055222,0.00012257323,-0.0011222437,-8.885935e-05,0.00019481964,2.6362599e-05
DAAM1,-0.00090479106,-0.0017710403,-0.0016790684,0.00057104416,-0.004248783,-0.00033261254,0.0009086635,9.847316e-05
ZNF131,-0.00019629672,-0.00041257218,-0.000227971,5.9126876e-05,-0.00018134713,-5.370844e-05,0.00014816783,1.8339604e-05
CLPS,-0.00017953478,-0.0004728567,-0.0003331732,9.907782e-05,-0.00088104606,-6.5055676e-05,0.0001876736,2.4700887e-05
BMP5,-0.00017644279,-0.0003016889,-0.00016045943,5.6331046e-05,-0.0007370338,-6.360933e-05,9.430293e-05,1.4939578e-05
STH,1.099892e-05,-0.00023825094,-0.00013119727,-2.9802322e-06,0.00023835897,8.102227e-05,0.00010009669,1.1195196e-05
STATH,-0.00021708943,-0.00048895366,-0.00036055222,0.00012257323,-0.0011222437,-8.885935e-05,0.00019481964,2.6362599e-05
BLID,-0.00015837513,-0.00020592846,-0.00012515113,7.0752576e-05,-0.00086245686,-4.08059e-05,6.2406994e-05,1.2884848e-05
PRLH,-0.00021708943,-0.00048895366,-0.00036055222,0.00012257323,-0.0011222437,-8.885935e-05,0.00019481964,2.6362599e-05
PYROXD2,-4.078448e-05,-0.0005211942,-0.00028030947,-1.2976117e-05,-0.00087501854,3.1273812e-06,0.00022976287,1.9113184e-05
SPRR4,-0.00021716766,-0.00048631802,-0.00035737827,0.00013386924,-0.001177974,-0.00010966696,0.00018366799,2.649054e-05
OLFML2B,9.108521e-05,-7.0562586e-05,0.00014399737,-0.0001205327,0.0006576106,7.616822e-05,-2.4334528e-05,-2.37918e-06
WFDC9,-0.00021708943,-0.00048895366,-0.00036055222,0.00012257323,-0.0011222437,-8.885935e-05,0.00019481964,2.6362599e-05
PYURF,-6.5695494e-06,-0.00020212866,-8.320063e-05,5.444605e-05,-0.00062624365,-2.183672e-05,3.4522265e-05,1.1524302e-05
FABP9,-0.00021708943,-0.00048895366,-0.00036055222,0.00012257323,-0.0011222437,-8.885935e-05,0.00019481964,2.6362599e-05
BLOC1S3,-2.1439046e-06,-0.00013416447,1.783669e-05,-1.4137477e-06,0.0011187717,-6.330013e-05,-4.1643158e-05,7.844996e-06
MTR,-0.0002401229,-0.0006167758,-0.0005222056,0.00018017087,-0.0019210577,-0.00011949986,0.0002745986,3.6595156e-05
HIST1H2BN,-0.00021708943,-0.00048895366,-0.00036055222,0.00012257323,-0.0011222437,-8.885935e-05,0.00019481964,2.6362599e-05
VAMP5,0.00011177175,-0.00022650138,-3.8597733e-05,-7.73808e-05,-0.0011622086,0.000119346194,0.00010514073,5.8268197e-06
SCGB2A2,-0.00020870939,-0.0004917085,-0.00036538392,0.0001186803,-0.0011062026,-7.7505596e-05,0.00020043645,2.6479946e-05
CCT6B,0.00011331774,9.196624e-05,0.00034805574,-0.000108473934,0.0014350638,-7.823855e-05,-0.00020925421,-9.25432e-06
NRGN,0.0001279246,-6.7582354e-05,-2.3320317e-06,-3.2086857e-05,0.00074053556,0.00015868619,2.777204e-05,2.608751e-06
ABHD5,-0.00014656037,-0.00010832399,-0.00011512637,0.0001519667,9.895116e-05,-0.00013042707,-1.7317012e-05,1.3025594e-05
KRTAP13-3,-0.00021708943,-0.00048895366,-0.00036055222,0.00012257323,-0.0011222437,-8.885935e-05,0.00019481964,2.6362599e-05
POLR2K,-9.5518306e-05,-0.00035075285,-0.00021379627,1.1605211e-05,-0.00036331266,-4.050322e-06,0.00014441833,1.8747174e-05
KRTAP17-1,-0.00021922402,-0.00048903376,-0.00036212988,0.00012973882,-0.0011825189,-9.846222e-05,0.00019116048,2.6568421e-05
C17orf100,-9.041093e-05,0.00010932051,0.000187492,7.533841e-05,1.4536083e-05,-0.0002423795,-0.0002099825,3.25148e-07
TMEM210,-0.00021708943,-0.00048895366,-0.00036055222,0.00012257323,-0.0011222437,-8.885935e-05,0.00019481964,2.6362599e-05
PCP4L1,0.00012039952,-4.5036897e-05,0.00015139952,-9.316858e-05,0.00085482,3.0034222e-05,-6.486941e-05,-1.8666033e-06
SNTN,-4.062429e-06,-0.00038099848,-0.00025936216,3.517419e-05,-0.00042496622,5.7000667e-05,0.00016464479,1.9716681e-05
ANXA8,-8.3208084e-05,-0.00037109852,-0.00020460784,3.186427e-05,-0.0008008927,-5.930662e-06,0.00013748556,1.7660204e-05
CSN3,-0.00019153953,-0.00045820698,-0.00033551268,0.00011095591,-0.0011354238,-6.072689e-05,0.00018775836,2.4488661e-05
KRTAP2-3,-0.0002485104,-0.00052713044,-0.00040793605,0.00014278851,-0.0013682246,-0.00010171998,0.0002186494,2.8900919e-05
RTL8B,0.00012391806,7.8585e-06,4.512258e-05,-6.0779043e-05,-0.0011952668,0.00023387745,4.1959807e-05,2.8009526e-07
CEND1,-0.00020000711,-0.00048497878,-0.00029342622,7.2167255e-05,-0.0014931932,-9.192526e-05,0.00018190034,2.2958615e-05
SMIM9,-0.00021344237,-0.00049787574,-0.00036836416,0.000119367614,-0.001190953,-7.917732e-05,0.00020412356,2.6619877e-05
C20orf144,-0.00021708943,-0.00048895366,-0.00036055222,0.00012257323,-0.0011222437,-8.885935e-05,0.00019481964,2.6362599e-05
RHOXF2,-0.00021708943,-0.00048895366,-0.00036055222,0.00012257323,-0.0011222437,-8.885935e-05,0.00019481964,2.6362599e-05
TAS2R43,-0.00030060485,-0.0006040763,-0.00047782809,0.00015731808,-0.0023738071,-0.00010474585,0.00027442537,3.232283e-05
ECSCR,1.6596168e-06,-0.00042536855,-0.00027354248,4.688278e-05,-0.0010749623,9.057112e-05,0.00020101573,1.727452e-05
HNF4G,-1.763925e-05,-0.00021881983,-7.63312e-05,2.0246953e-06,-0.00027116388,2.3295172e-05,6.230734e-05,9.494717e-06
S100A3,-0.00021708943,-0.00048895366,-0.00036055222,0.00012257323,-0.0011222437,-8.885935e-05,0.00019481964,2.6362599e-05
AC129492.6,-0.00021708943,-0.00048895366,-0.00036055222,0.00012257323,-0.0011222437,-8.885935e-05,0.00019481964,2.6362599e-05
CYB5R3,-0.00010064989,-0.0004114695,-0.00023214705,-6.807968e-07,-0.000768356,9.255484e-06,0.00017624255,1.9338448e-05
NLRP13,-0.00019580685,-0.00047713518,-0.0003403332,0.00011461787,-0.0008863285,-9.4039366e-05,0.00017929822,2.5565038e-05
C4orf48,-5.8902428e-05,-9.0651214e-05,-2.03792e-05,0.00011785235,-0.00039061904,-0.00012633484,-6.1554834e-05,9.665033e-06
PPY,-0.00021162629,-0.0004865732,-0.00035703555,0.000119164586,-0.001081422,-8.5116364e-05,0.00019404199,2.6134308e-05
SS18L2,-7.613748e-05,-4.227273e-05,9.649247e-05,2.4683774e-05,0.0006913394,-0.0001316499,-0.00010880362,5.0351955e-06
CTSC,-0.00015442073,-0.000546135,-0.00043800473,8.2842074e-05,-0.0004646033,2.6079826e-05,0.00026925094,2.8816517e-05
PPP2R2D,0.00034105964,-3.8761646e-06,0.00022814982,-0.00019212905,0.0021428093,0.00015294459,-7.696543e-05,-5.877926e-06
FZR1,0.00021392852,0.00027245097,0.000398783,-0.00015087146,0.0013622493,0.00010315236,-0.00021200348,-1.5486265e-05
PRR27,-3.6302954e-06,-0.0001436621,8.5122883e-07,2.1165237e-05,0.00073581934,-4.255213e-05,-2.3977831e-05,7.0340466e-06
MRFAP1,-0.00021031126,-0.000551166,-0.00038404018,9.520445e-05,-0.00089500844,-2.6029535e-05,0.00024235714,2.6958762e-05
CRIM1,-0.00039865822,-0.0005588904,-0.0005076267,0.0002416689,-0.0026732013,-0.00018940493,0.0002511209,3.3219112e-05
PDE6H,-0.0001239311,-0.00038510188,-0.00021917373,6.393902e-05,-0.0006005019,-5.01927e-05,0.00012578908,1.8746476e-05
KRTAP2-1,-0.00021708943,-0.00048895366,-0.00036055222,0.00012257323,-0.0011222437,-8.885935e-05,0.00019481964,2.6362599e-05
SPINK14,-0.0002117455,-0.0004848279,-0.00035250746,0.00011893269,-0.0010122359,-9.22475e-05,0.00018905196,2.6034657e-05
SPINT4,-0.00021708943,-0.00048895366,-0.00036055222,0.00012257323,-0.0011222437,-8.885935e-05,0.00019481964,2.6362599e-05
C10orf55,-0.00020078383,-0.00051353686,-0.0004187785,0.00015772134,-0.0013577268,-9.5088035e-05,0.00021028146,2.9599643e-05
TRIM45,0.000106565654,7.523969e-05,0.00018098392,-2.5980175e-05,0.00084394217,-2.1476299e-06,-0.00012864824,-3.1145755e-06
TMA7,-0.00017537922,-0.00038019568,-0.00028258935,0.00013516005,0.00020406395,-0.00010010786,0.00011419039,2.2844179e-05
C10orf105,-0.0001523234,-0.00049812347,-0.00034280494,5.6311488e-05,-0.0014897063,-2.103392e-05,0.00024039671,2.2467691e-05
CSNK1D,0.00012566708,-2.1295622e-05,0.0001085531,-3.5895035e-05,0.00025653094,0.000105643645,-4.510954e-05,-2.8836075e-07
SPINK1,-0.00021922402,-0.00048903376,-0.00036212988,0.00012973882,-0.0011825189,-9.846222e-05,0.00019116048,2.6568421e-05
ATP5MPL,0.00010649115,-0.0001790002,2.9038638e-06,-5.5040233e-05,0.00074040145,0.00010764692,3.9114617e-05,5.12111e-06
ATP5MGL,0.0005528983,0.000714764,0.0006955974,-0.00020886026,0.00015535206,0.000337312,-0.00036094803,-3.585592e-05
SPANXN4,-0.00020259805,-0.00045619346,-0.0003350377,0.00011828821,-0.0010707527,-7.705297e-05,0.00018053595,2.471928e-05
GLRA2,-0.00038091652,-0.00085486844,-0.00078196824,0.00021745078,-0.0016437024,-0.00011288468,0.00043955352,4.853122e-05
TCEAL9,-0.000328077,-0.0006183777,-0.00047071278,0.0001851879,-0.0017259642,-0.00019951537,0.00023208372,3.4504337e-05
KRTAP19-1,-0.00021708943,-0.00048895366,-0.00036055222,0.00012257323,-0.0011222437,-8.885935e-05,0.00019481964,2.6362599e-05
CALCB,0.00021394528,8.149631e-05,0.00046900846,-0.00034076534,0.0011199638,0.00014896225,-0.00012804661,-1.88587e-05
S100A16,-0.00019949302,-0.00040006824,-0.0003793966,0.00020532496,-0.002026543,-7.201638e-05,0.00016619917,2.6323949e-05
HIST1H2BD,-0.00021708943,-0.00048895366,-0.00036055222,0.00012257323,-0.0011222437,-8.885935e-05,0.00019481964,2.6362599e-05
POLR2L,5.324185e-05,-9.0990216e-05,3.810413e-05,-4.5903027e-05,0.0005592033,2.717413e-05,-6.8899244e-06,4.030997e-06
PYCARD-AS1,6.450899e-05,1.8648803e-05,0.00017696992,-6.571505e-05,-4.517287e-05,5.2900985e-05,-7.9778954e-05,-2.9408839e-06
C4orf36,-0.00022753887,-0.00049558096,-0.00036660582,0.00012714788,-0.0011247545,-0.000100187026,0.00019505154,2.6889611e-05
HIST1H2BI,-0.00021708943,-0.00048895366,-0.00036055222,0.00012257323,-0.0011222437,-8.885935e-05,0.00019481964,2.6362599e-05
AGAP4,6.019324e-05,-9.5363706e-05,0.00017498247,-0.00012441352,0.0013737753,-8.571893e-06,-6.8590045e-05,-7.660128e-07
KRTAP2-4,-0.00021708943,-0.00048895366,-0.00036055222,0.00012257323,-0.0011222437,-8.885935e-05,0.00019481964,2.6362599e-05
PLXNA2,-0.00042722374,-0.00084877014,-0.00079396553,0.00030440278,-0.002072543,-0.00017102575,0.00041371025,4.7823414e-05
KRTAP9-7,-0.00021708943,-0.00048895366,-0.00036055222,0.00012257323,-0.0011222437,-8.885935e-05,0.00019481964,2.6362599e-05
MS4A6E,-0.00021708943,-0.00048895366,-0.00036055222,0.00012257323,-0.0011222437,-8.885935e-05,0.00019481964,2.6362599e-05
SMPDL3B,-9.255111e-05,-0.00027377158,-0.00018072315,7.8926794e-05,-0.000932239,-3.292691e-05,9.008963e-05,1.629279e-05
C8orf88,-8.793548e-06,0.00036036968,0.00031441636,6.93202e-05,0.000539951,-8.1385486e-05,-0.0002838662,-9.186217e-06
HMGN3,5.027093e-05,-2.4050474e-05,9.104423e-05,-1.0226853e-05,0.00072636455,7.044524e-06,-6.887596e-05,1.7423881e-06
OBSCN-AS1,-7.254444e-05,-1.2492761e-05,0.00012792088,4.4563785e-05,0.0013747737,-0.00019647134,-0.00015339721,3.107125e-06
RMI2,-8.2377344e-05,-0.00045228004,-0.0003924612,0.00015146006,0.000262931,-3.8394704e-05,0.00018103048,2.7233153e-05
PRPF38B,-0.00019477867,-0.0005524792,-0.00039369613,0.00011327397,-0.00093942136,-4.360825e-05,0.00023312587,2.7918839e-05
PSMG3,-1.3187528e-06,0.0002741553,0.00018632412,0.00017077662,0.0006037727,-0.00020535802,-0.00028064195,-5.6950375e-07
C1orf61,-0.00033623725,-0.00080847926,-0.000646295,0.00019866135,0.00037747622,-8.782279e-05,0.00034701917,4.1567837e-05
SPINK6,-0.00020736456,-0.00046876073,-0.00033485703,0.00011101924,-0.0010573864,-8.344278e-05,0.00018321816,2.4996465e-05
AL441883.1,-0.00021708943,-0.00048895366,-0.00036055222,0.00012257323,-0.0011222437,-8.885935e-05,0.00019481964,2.6362599e-05
LCE3E,-0.00021708943,-0.00048895366,-0.00036055222,0.00012257323,-0.0011222437,-8.885935e-05,0.00019481964,2.6362599e-05
SPANXN3,-0.00021708943,-0.00048895366,-0.00036055222,0.00012257323,-0.0011222437,-8.885935e-05,0.00019481964,2.6362599e-05
SLC1A6,0.00026600994,-7.82311e-06,7.505901e-05,-8.1913546e-05,0.00068970025,0.00021397695,3.4132972e-06,-1.6377307e-06
GRK4,0.00022339821,0.00019585155,0.00020920299,-3.9978884e-05,0.0013200715,0.00010924693,-0.00014906283,-5.679787e-06
HSBP1,-0.00023436919,-0.000658514,-0.00052006356,0.00015547406,-0.0009754449,-5.2335672e-05,0.00029901695,3.419805e-05
MT2A,-6.62934e-05,-0.00056459755,-0.00045239367,4.0464103e-05,-0.0015519336,0.00023011118,0.0003670156,2.3212167e-05
MARCKSL1,-0.0005622618,-0.0012113769,-0.0010526478,0.0003180392,-0.0022123829,-0.00015258137,0.00059925206,6.3896994e-05
SMCO3,-0.00022818148,-0.0004987493,-0.00039739907,0.00014837924,-0.0016685575,-8.620601e-05,0.00021266472,2.790161e-05
BBIP1,0.00035991706,1.1553988e-05,0.00031870604,-0.00031171087,0.0025366247,0.00022813864,-6.34538e-05,-1.2174714e-05
SPANXB1,-0.00021708943,-0.00048895366,-0.00036055222,0.00012257323,-0.0011222437,-8.885935e-05,0.00019481964,2.6362599e-05
C20orf141,-0.00021708943,-0.00048895366,-0.00036055222,0.00012257323,-0.0011222437,-8.885935e-05,0.00019481964,2.6362599e-05
NOL6,0.00025701337,0.00017840415,0.00022586621,-0.00015994068,0.0013531,0.00022868626,-8.7561086e-05,-8.657924e-06
KRTAP9-8,-0.00021708943,-0.00048895366,-0.00036055222,0.00012257323,-0.0011222437,-8.885935e-05,0.00019481964,2.6362599e-05
OFCC1,-0.00021708943,-0.00048895366,-0.00036055222,0.00012257323,-0.0011222437,-8.885935e-05,0.00019481964,2.6362599e-05
C7orf76,-0.00021708943,-0.00048895366,-0.00036055222,0.00012257323,-0.0011222437,-8.885935e-05,0.00019481964,2.6362599e-05
C10orf113,-0.00021708943,-0.00048895366,-0.00036055222,0.00012257323,-0.0011222437,-8.885935e-05,0.00019481964,2.6362599e-05
APOA2,-0.00021708943,-0.00048895366,-0.00036055222,0.00012257323,-0.0011222437,-8.885935e-05,0.00019481964,2.6362599e-05
TPD52L3,-3.1720847e-06,-0.00020262972,-5.8829784e-05,-9.54885e-06,-3.643334e-05,5.1957555e-05,5.798787e-05,8.570263e-06
TMEM92,-5.2222982e-05,-0.00025640242,-0.00015001185,4.651118e-05,-0.0013462976,3.173761e-05,0.000103566796,1.3197423e-05
DEFB129,-0.00021708943,-0.00048895366,-0.00036055222,0.00012257323,-0.0011222437,-8.885935e-05,0.00019481964,2.6362599e-05
GYPC,6.144494e-05,-8.30777e-05,-0.00010363944,8.502416e-05,-0.0009065494,4.189089e-05,2.8670765e-05,1.0013464e-05
NPIPA5,0.00029299967,0.0005438868,0.00062870234,-0.00020314008,0.0037013516,0.00019778125,-0.0003564721,-2.870278e-05
POU4F3,-0.00021708943,-0.00048895366,-0.00036055222,0.00012257323,-0.0011222437,-8.885935e-05,0.00019481964,2.6362599e-05
SCP2D1,-0.00021708943,-0.00048895366,-0.00036055222,0.00012257323,-0.0011222437,-8.885935e-05,0.00019481964,2.6362599e-05
HIST1H1C,-0.00021708943,-0.00048895366,-0.00036055222,0.00012257323,-0.0011222437,-8.885935e-05,0.00019481964,2.6362599e-05
CMC2,5.459413e-05,-0.00024655275,-6.448291e-05,-0.00011933688,0.0005465299,0.0001372369,0.00012625009,7.367227e-06
PCSK6,-3.7277117e-05,-0.00020728819,-7.051043e-05,3.7140213e-05,0.00025470555,-5.82058e-05,7.64709e-06,1.2093806e-05
MBOAT2,3.8895756e-05,-0.0001409594,-4.4839457e-05,5.3620897e-05,-4.964322e-05,-8.187257e-06,-6.3963234e-06,9.678886e-06
C20ORF135,-0.00021708943,-0.00048895366,-0.00036055222,0.00012257323,-0.0011222437,-8.885935e-05,0.00019481964,2.6362599e-05
CT62,-0.00020770356,-0.0005069226,-0.00035317242,0.00010220893,-0.0015114546,-7.783715e-05,0.0002077492,2.5901478e-05
BIK,-8.223206e-05,-0.00036924705,-0.00023912825,4.465971e-05,-0.00048140436,8.393079e-06,0.00014826935,1.9014115e-05
CTXN3,0.00034325197,0.00033294037,0.00046374835,-0.00012625661,0.0022511706,1.6725622e-05,-0.0003189249,-1.4655758e-05
APLN,9.243749e-05,-0.00026577897,-0.00020629913,5.055964e-05,-0.001790069,0.00016332045,0.00016002636,1.2550503e-05
SPATA45,-0.0002758745,-0.00054737553,-0.00042366982,0.0001496505,-0.001295425,-0.00012254529,0.00022359286,3.0024326e-05
IL9,-0.00012727268,-0.00038313866,-0.00022848509,6.628223e-05,-0.0006908104,-4.3104403e-05,0.00013374723,1.8971507e-05
SPINK7,-0.00024004094,-0.0005031936,-0.00037597492,0.00013451558,-0.0011711046,-0.000110586174,0.00019696075,2.7529546e-05
SUMO4,0.0003504064,0.00077789463,0.0007935129,-6.907992e-05,0.0024885535,5.8992766e-05,-0.00054394547,-3.684312e-05
ANKRD20A4,-0.00027819723,-0.0006858744,-0.0005057845,9.128824e-05,-0.0009491965,-7.177517e-05,0.00031321216,3.457861e-05
GNAT2,-0.00046710856,-0.0007436797,-0.000599375,0.00021580979,-0.0018203408,-0.00024209684,0.0003059795,4.1391584e-05
TMEM167B,7.814914e-05,-1.8825755e-05,-1.8946826e-05,9.20007e-05,-0.00010295212,-2.258271e-05,-6.0405582e-05,8.288072e-06
C4orf46,6.1111525e-05,0.0003286209,0.0004911162,-0.0001592869,0.0010706186,1.9410625e-05,-0.00025573839,-1.9609346e-05
PRR15,-0.0002184622,-0.00047703274,-0.00034450367,0.00013562199,-0.00072643906,-0.0001293039,0.00016111974,2.6738737e-05
CST8,-0.00020682067,-0.00049919635,-0.00036862493,0.000118347816,-0.0009880513,-8.0637634e-05,0.00020131376,2.672628e-05
IFNW1,-0.00020020083,-0.00047482736,-0.0003417395,0.00011267234,-0.00096369535,-8.1167556e-05,0.00018566381,2.534897e-05
LMO7DN,-0.00017489679,-0.00040268525,-0.0002693534,9.8994e-05,-0.0016074926,-8.0110505e-05,0.00014974363,2.1306565e-05
DEFA5,-0.00021162629,-0.0004865732,-0.00035703555,0.000119164586,-0.001081422,-8.5116364e-05,0.00019404199,2.6134308e-05
KRT2,-0.00023272075,-0.00050295703,-0.00037568063,0.0001313826,-0.001138024,-0.000102939084,0.00019895472,2.737681e-05
TMEM35B,0.00018230267,-0.00018770806,1.3388693e-05,-0.00018854905,-0.00040201843,0.00034881197,0.0001604762,-7.839408e-07
CCL28,-0.0002517756,-0.0004346408,-0.00037843361,0.0001792917,-0.0006593019,-0.0002057259,0.0001449585,2.8130948e-05
GYPE,-1.203455e-05,-0.00025071576,-0.00012397766,1.6641803e-05,-0.00026141107,6.6485256e-05,9.162165e-05,1.2116274e-05
KRTAP9-4,-0.00021708943,-0.00048895366,-0.00036055222,0.00012257323,-0.0011222437,-8.885935e-05,0.00019481964,2.6362599e-05
RTL8A,-0.00011670776,-0.00028768182,-0.00029944815,0.00015844405,-0.0017359853,3.3127144e-05,0.00015950669,1.9468018e-05
UCN2,-0.00020659529,-0.00045611337,-0.00032489002,0.00011636689,-0.0010369644,-9.029545e-05,0.00017215963,2.4608918e-05
ALDH1A1,-0.0015307814,-0.0020530727,-0.0017921422,0.0008001793,-0.013184585,-0.0008574971,0.00094964635,0.000111087575
HIST1H2BL,-0.00021708943,-0.00048895366,-0.00036055222,0.00012257323,-0.0011222437,-8.885935e-05,0.00019481964,2.6362599e-05
GUCA2A,-0.00021708943,-0.00048895366,-0.00036055222,0.00012257323,-0.0011222437,-8.885935e-05,0.00019481964,2.6362599e-05
LCE3D,-0.00019573607,-0.00048093684,-0.00035148486,0.00011687353,-0.0010185763,-8.007977e-05,0.00018952042,2.5854795e-05
SMIM24,-0.000120684505,-0.000370048,-0.00023310259,7.303804e-05,-0.0007503107,-2.2816472e-05,0.000135554,1.8886058e-05
TCHH,3.164634e-06,-0.00025910698,1.5208498e-05,-6.170105e-05,0.0010767207,-2.3474917e-05,2.1708198e-05,6.434624e-06
PAGE4,0.00018607266,1.608394e-05,0.00017366372,-1.4307909e-05,-0.00062422454,0.00016343873,-8.0863014e-05,-4.2250613e-06
ATG7,0.00037936307,0.00060578063,0.0006403886,-7.490814e-05,0.001153782,8.2877465e-05,-0.00042279158,-2.8692302e-05
MORN2,-0.00023725815,-0.0004551541,-0.00012930483,-6.774627e-05,0.00077968836,-0.00017754687,0.00010988489,1.7011305e-05
IFNA14,-0.00021162629,-0.0004865732,-0.00035703555,0.000119164586,-0.001081422,-8.5116364e-05,0.00019404199,2.6134308e-05
AC103809.2,-0.00021708943,-0.00048895366,-0.00036055222,0.00012257323,-0.0011222437,-8.885935e-05,0.00019481964,2.6362599e-05
CLLU1,6.0694292e-05,-0.00023262389,-2.7433038e-05,-5.8217905e-05,0.0004022643,5.8526173e-05,5.4635108e-05,7.810653e-06
PKIG,-0.00034498982,-0.0003246907,-0.00038453937,0.00032995362,-0.0024934188,-0.000256537,9.018462e-05,2.9142946e-05
GAGE10,-0.00022194535,-0.0005240757,-0.0003986787,0.00013008155,-0.0012843162,-8.745119e-05,0.0002185544,2.8274022e-05
TXN,-0.00020832755,-0.00052559935,-0.00035990216,0.00013048574,-0.00036101043,-0.00011795573,0.0001827525,2.7618953e-05
IFNA16,-0.00021708943,-0.00048895366,-0.00036055222,0.00012257323,-0.0011222437,-8.885935e-05,0.00019481964,2.6362599e-05
SUMF2,-7.8342855e-06,0.00028374977,0.00023961812,0.00010350905,0.000536412,-0.00011147326,-0.00025868881,-4.3454347e-06
LLCFC1,-0.00021708943,-0.00048895366,-0.00036055222,0.00012257323,-0.0011222437,-8.885935e-05,0.00019481964,2.6362599e-05
LYRM7,-9.867549e-05,-0.0002095867,-3.6591664e-05,1.8824823e-05,0.0012968332,-0.00016738987,-3.3655204e-05,1.2610923e-05
HIST1H2BF,-0.00021708943,-0.00048895366,-0.00036055222,0.00012257323,-0.0011222437,-8.885935e-05,0.00019481964,2.6362599e-05
DEFA4,-0.00016327389,-0.00042023696,-0.0003021825,9.986758e-05,-0.0008676946,-4.5986846e-05,0.00016537681,2.2853841e-05
MARVELD1,-7.5737014e-05,0.00010747276,0.00018515997,8.413568e-05,0.00047048926,-0.00023264717,-0.00023319852,2.8465874e-06
XCL2,-0.00017959997,-0.00043276884,-0.00028672814,9.8981895e-05,-0.00072001666,-9.140279e-05,0.00015045982,2.2727647e-05
COX19,0.00017997622,-8.833967e-05,0.00015896559,-0.00021871272,0.00017306209,0.000255486,5.8406033e-05,-7.334049e-06
KRTAP9-3,-0.00023393705,-0.0004952736,-0.000380598,0.00013686437,-0.0011923164,-9.138603e-05,0.00020240713,2.7241069e-05
KRTAP5-4,-0.00025503524,-0.0005279146,-0.0004061442,0.00015066657,-0.0013634786,-0.00012345053,0.00020965934,2.9180665e-05
MTRNR2L6,-0.0005110577,-0.0009093508,-0.00075908937,0.00024055969,-0.004403107,-0.0002424065,0.00044062547,5.003973e-05
LCE2A,-0.00021162629,-0.0004865732,-0.00035703555,0.000119164586,-0.001081422,-8.5116364e-05,0.00019404199,2.6134308e-05
TMEM100,0.00029364228,0.00014291145,0.0003283359,-0.0002005836,0.00020977855,0.00026050396,-9.602774e-05,-1.3241894e-05
TBC1D22B,0.00020881556,7.2231516e-05,6.3246116e-05,4.5486726e-05,-0.001703985,0.00017733965,-3.3710152e-05,-1.0542572e-06
DPH3,2.1819025e-05,-3.4471974e-05,0.00011896156,-8.123368e-05,0.0006865859,4.572235e-05,-3.811717e-05,2.1862797e-07
CLECL1,-0.00016652048,-0.00044780783,-0.00028930418,6.120093e-05,-0.000785619,-2.4689361e-05,0.00018563028,2.2236141e-05
SMIM8,0.000113973394,-0.00025939196,-6.1273575e-05,-8.345302e-05,-1.6190112e-05,9.3407e-05,9.9214725e-05,8.878065e-06
IFNA7,-0.00021708943,-0.00048895366,-0.00036055222,0.00012257323,-0.0011222437,-8.885935e-05,0.00019481964,2.6362599e-05
SYCN,-0.00021708943,-0.00048895366,-0.00036055222,0.00012257323,-0.0011222437,-8.885935e-05,0.00019481964,2.6362599e-05
BET1,-1.9570813e-05,-2.1731481e-05,9.2117116e-05,-1.9876286e-05,0.001098901,1.6030855e-05,-6.3991174e-05,1.6663689e-06
CRCT1,-0.00019496307,-0.00046937354,-0.00033296645,0.00010937918,-0.0008972287,-8.259341e-05,0.00018024817,2.4932553e-05
ATOX1,-1.2921169e-05,4.274398e-05,0.00016735122,4.8357062e-05,9.62615e-06,-0.00012726244,-0.00015473459,-7.171184e-08
PIP,-0.0002117455,-0.0004848279,-0.00035250746,0.00011893269,-0.0010122359,-9.22475e-05,0.00018905196,2.6034657e-05
ZFP41,0.000112228096,0.0001377333,0.00014270097,1.1354685e-05,0.0013038144,5.7520345e-05,-0.00013587717,-1.220149e-06
SPINK8,7.1272254e-05,-0.00019161776,-7.522665e-05,9.828247e-06,-0.00013836473,8.046348e-05,5.936064e-05,8.186093e-06
PLA2G2A,-0.00015223213,-0.00059317984,-0.00038903207,-2.3313798e-05,-0.0022605136,0.00024338905,0.00038477406,2.104987e-05
KRTAP13-2,-0.00021708943,-0.00048895366,-0.00036055222,0.00012257323,-0.0011222437,-8.885935e-05,0.00019481964,2.6362599e-05
RNASE8,-0.00022361428,-0.0004936978,-0.00036593527,0.0001263693,-0.0011237562,-9.5377676e-05,0.00019566063,2.674642e-05
MT3,9.384006e-06,-0.00048139505,-0.0002447944,-0.00013697613,0.00034604222,0.00026974175,0.00029926095,1.3795565e-05
SHISA8,-0.0001214128,-0.00044396892,-0.00027961098,2.9914081e-05,-0.00096523017,3.2404438e-05,0.00020527188,2.0569074e-05
LGALS9B,-0.00021708943,-0.00048895366,-0.00036055222,0.00012257323,-0.0011222437,-8.885935e-05,0.00019481964,2.6362599e-05
ASPH,1.924485e-05,0.0003036596,0.00044727884,-6.5991655e-05,0.0014729425,-0.00012974441,-0.0003250474,-1.3045035e-05
SMCP,-0.00021708943,-0.00048895366,-0.00036055222,0.00012257323,-0.0011222437,-8.885935e-05,0.00019481964,2.6362599e-05
CST9L,-0.00020020083,-0.00047482736,-0.0003417395,0.00011267234,-0.00096369535,-8.1167556e-05,0.00018566381,2.534897e-05
C10orf99,-0.00021708943,-0.00048895366,-0.00036055222,0.00012257323,-0.0011222437,-8.885935e-05,0.00019481964,2.6362599e-05
OXSR1,0.00016885623,-8.183159e-05,3.3732504e-06,-6.0526654e-05,0.0013986975,0.00023786258,5.060155e-05,1.0422664e-06
CARD17,-0.00021708943,-0.00048895366,-0.00036055222,0.00012257323,-0.0011222437,-8.885935e-05,0.00019481964,2.6362599e-05
ADIG,-0.00020646676,-0.00047842227,-0.00034132227,0.00011448562,-0.000905253,-9.431038e-05,0.00018182397,2.558739e-05
ASIC1,6.3281506e-05,-0.00042881072,-0.00036196597,0.00014384091,-0.0012421757,-2.3114495e-05,0.0001552105,2.7463888e-05
PATE1,-0.00024952926,-0.00055830367,-0.00044611283,0.0001459932,-0.0014374629,-8.889474e-05,0.00024450198,3.0665193e-05
KRTAP5-9,-0.0001970008,-0.00047362968,-0.00034079328,0.00011659507,-0.0009845197,-8.711591e-05,0.00018180441,2.5383662e-05
IFNA2,-0.00021708943,-0.00048895366,-0.00036055222,0.00012257323,-0.0011222437,-8.885935e-05,0.00019481964,2.6362599e-05
C12orf60,0.00032244436,0.0004783906,0.00048363395,-8.650962e-05,-0.0002899617,0.00013460591,-0.00029354636,-2.0436593e-05
KRTAP5-8,-0.00020313263,-0.0004898235,-0.0003623031,0.000115298666,-0.0010664687,-7.3765405e-05,0.00019993074,2.6275637e-05
DEFB135,-0.00024413317,-0.0005087834,-0.00038245693,0.00013783202,-0.0010824874,-0.000116853975,0.00019620359,2.8198585e-05
DEXI,0.00046519004,0.0007007569,0.00076750293,-0.00010897592,0.0017140806,7.398799e-05,-0.0005156221,-3.342121e-05
HYPM,-0.00021708943,-0.00048895366,-0.00036055222,0.00012257323,-0.0011222437,-8.885935e-05,0.00019481964,2.6362599e-05
CLPSL1,-0.00021708943,-0.00048895366,-0.00036055222,0.00012257323,-0.0011222437,-8.885935e-05,0.00019481964,2.6362599e-05
IFNA17,-0.00021708943,-0.00048895366,-0.00036055222,0.00012257323,-0.0011222437,-8.885935e-05,0.00019481964,2.6362599e-05
CHRAC1,0.000504829,0.00029154867,0.00046403147,-0.0003110841,0.00086098164,0.00046859682,-0.000116565265,-2.3786095e-05
FGD4,0.00026369095,-0.0001421962,6.43637e-05,-0.00015628804,0.0007070154,0.00029328093,7.2358176e-05,-1.5955884e-06
FXYD4,-0.00023529306,-0.00047680177,-0.00036209822,0.00015375111,-0.0011236742,-0.00013839081,0.00016802829,2.7544913e-05
CCL11,-0.00021708943,-0.00048895366,-0.00036055222,0.00012257323,-0.0011222437,-8.885935e-05,0.00019481964,2.6362599e-05
IFI6,-9.845942e-05,-7.834099e-05,-3.9650127e-05,0.00016849954,-0.0006961152,-0.0001202533,-7.767696e-05,1.0931166e-05
MLN,-8.3364546e-05,-0.00025755726,-0.00011514127,4.9624592e-05,-0.00019893795,-4.513003e-05,5.469192e-05,1.3183104e-05
SLC22A1,-0.00015043095,-0.0004249718,-0.00023992546,4.2936765e-05,-0.0010324791,-4.89885e-05,0.00016205478,1.9572093e-05
ATP6V0E1,-0.00018940866,-0.00028018467,-0.00016781874,0.00010302849,-0.0011369288,-0.000122043304,6.735232e-05,1.6679405e-05
SMDT1,6.077625e-05,0.00017518736,0.0003320668,-4.1558407e-05,0.0011416525,-6.8146735e-05,-0.00022939686,-8.932548e-06
CFC1,-0.00056730583,-0.0009939577,-0.00078050606,0.00021070242,-0.0047808588,-0.0003615711,0.00047217775,4.9396418e-05
CDC5L,2.2213906e-05,-0.000112086535,5.2133575e-05,-4.8977323e-05,0.0007171929,3.3094548e-05,-1.8276274e-05,4.8890943e-06
TMEM203,2.1846965e-05,-0.0003824681,-0.0002213344,-8.7574124e-05,-0.0006000921,0.00017957017,0.0002535684,1.2388104e-05
KRTAP13-1,-0.00019470043,-0.00045041926,-0.0003169719,0.00010910723,-0.00095021725,-8.221343e-05,0.00017020106,2.4095178e-05
GDAP1L1,-0.00013650768,-0.00040673465,-0.00033897348,0.0001715552,0.00024162233,-0.0001031952,0.00012695603,2.6326743e-05
C5orf49,7.857941e-05,-0.00013106316,-6.0612336e-05,-9.298325e-06,-0.0014934167,0.00010009017,8.629542e-05,4.4151675e-06
SNRPF,5.4128468e-05,-0.00013503432,2.5799498e-05,-6.298814e-05,0.00065764785,6.2302686e-05,1.2344681e-05,5.2840915e-06
ZNF576,-5.272217e-05,4.304573e-05,0.00016061217,-3.264658e-05,-0.0005840212,-7.622689e-05,-9.815488e-05,-2.5401823e-07
IL2,-0.00019992515,-0.0004468728,-0.00033087656,0.00012269523,-0.0010460839,-8.514989e-05,0.00017221458,2.4783076e-05
LACRT,-0.00021708943,-0.00048895366,-0.00036055222,0.00012257323,-0.0011222437,-8.885935e-05,0.00019481964,2.6362599e-05
UBASH3A,-0.00022680312,-0.00049126893,-0.0003598649,0.00012645312,-0.001093097,-0.000104679726,0.0001898408,2.661557e-05
CCL5,-0.00041604973,-0.0004946813,-0.00035686232,0.00023830123,0.000115811825,-0.00033020647,9.407662e-05,3.0324794e-05
WFDC11,-0.00021708943,-0.00048895366,-0.00036055222,0.00012257323,-0.0011222437,-8.885935e-05,0.00019481964,2.6362599e-05
C16orf92,-8.706935e-05,-0.00039979257,-0.00020233728,-4.4330955e-07,-0.0001898706,1.8767081e-05,0.00015690457,1.671759e-05
ACBD7,0.00040261075,0.00029827096,0.00058737583,-0.00039430335,0.0018754452,0.0003318796,-0.00017130468,-2.8825132e-05
RNF187,0.00017889775,-0.00029591098,-0.00010676496,-0.00010590721,-0.0009369999,0.00024131127,0.00017008092,9.331037e-06
SAA4,-0.0001719892,-0.00042205676,-0.0003132876,0.000113874674,-0.0014982596,-5.012937e-05,0.00017454196,2.3102155e-05
SPATA12,-3.586337e-05,-0.00018539466,-2.5825575e-05,-7.867813e-06,-5.915761e-06,-4.3958426e-06,2.494175e-05,8.126139e-06
COX7B,5.0304458e-05,-0.00020483136,1.7235056e-05,-8.5898675e-05,0.00045273453,7.272512e-05,4.362408e-05,5.7197176e-06
C6orf201,-2.5946647e-05,-0.00013244338,-4.1952357e-05,5.169958e-05,0.00039111078,-7.768162e-06,-6.3208863e-06,8.886913e-06
IFNA21,-0.00016652048,-0.0004678443,-0.0003252104,8.65031e-05,-0.001051642,-3.1629577e-05,0.00019842666,2.35209e-05
KLF16,0.00021250732,0.00019430369,0.00024917535,-0.00011012331,0.00017505139,0.00020093936,-0.00010482315,-9.313924e-06
XCL1,-0.00022455119,-0.00049053505,-0.00035521947,0.00013145152,-0.0009914488,-0.00012246147,0.00017960183,2.6651775e-05
S100A9,9.510666e-05,-0.00015805475,-7.939711e-05,-4.9424358e-05,-0.00020328909,0.00027594808,0.00012994278,4.928559e-06
IFNA6,-0.00021708943,-0.00048895366,-0.00036055222,0.00012257323,-0.0011222437,-8.885935e-05,0.00019481964,2.6362599e-05
FCGBP,-0.00020156242,-0.00029520877,-0.00014429353,9.906385e-05,-9.127706e-05,-0.00025618775,6.3795596e-07,1.9937637e-05
CCL17,-0.00015932135,-0.0004569944,-0.00029488653,5.820673e-05,-0.0007900074,-1.0617077e-05,0.0001949342,2.1863729e-05
RBP7,-0.00016400218,-0.00045809336,-0.0002982095,6.658491e-05,-0.0010550618,-2.4578534e-05,0.00019271486,2.2164662e-05
CGB2,-4.5184046e-05,-0.00035389885,-0.00014474615,-1.7990358e-05,-0.00037988275,1.8723309e-05,0.00012410153,1.4379388e-05
LGALS2,-0.00024260208,-0.0005248729,-0.0004046932,0.00013943296,-0.0013283044,-9.769108e-05,0.00021802448,2.8684619e-05
G0S2,6.268546e-05,0.00016358867,0.00032724626,-1.8516555e-05,0.0011676252,-8.022506e-05,-0.0002496792,-7.614726e-06
CDNF,-9.07667e-05,-0.0004160609,-0.00021532737,-3.259629e-07,-0.00060071796,8.464791e-06,0.00016605947,1.8078368e-05
IGFL2,-7.508695e-05,-0.00035147928,-0.00020459294,2.1297485e-05,-0.0008893013,-6.305985e-06,0.00014288817,1.6418286e-05
PATE3,-0.00020994619,-0.00046972372,-0.0003330242,0.00011196174,-0.000997737,-9.193178e-05,0.0001795115,2.5057001e-05
EPN2,-0.00016885623,-0.00018841401,-1.4932826e-05,7.4652955e-05,0.00037184358,-0.00018687872,-4.475098e-05,1.02684135e-05
KRTAP19-8,-0.00021708943,-0.00048895366,-0.00036055222,0.00012257323,-0.0011222437,-8.885935e-05,0.00019481964,2.6362599e-05
KRTAP9-9,-0.00021708943,-0.00048895366,-0.00036055222,0.00012257323,-0.0011222437,-8.885935e-05,0.00019481964,2.6362599e-05
IGFL4,-0.00020100921,-0.00045089237,-0.00031614117,0.00011256337,-0.00096704066,-9.106286e-05,0.00016709603,2.4182722e-05
C10orf62,-0.00021708943,-0.00048895366,-0.00036055222,0.00012257323,-0.0011222437,-8.885935e-05,0.00019481964,2.6362599e-05
SPRR3,-0.00020042062,-0.0004862249,-0.00035030395,0.000104848295,-0.0011977404,-6.433483e-05,0.00020160899,2.5502755e-05
MANBAL,8.53464e-05,8.180179e-05,0.0001863148,-2.968032e-05,0.00034672767,5.2149408e-05,-0.000105516054,-4.741014e-06
STK39,0.00034400076,0.00025828928,0.0004081428,-0.00014886353,0.0014926344,0.00015406962,-0.00020563696,-1.724984e-05
C12orf73,0.00016596727,6.484985e-05,0.00012232736,-3.128592e-05,-0.00043518096,0.0001298245,-5.7590194e-05,-2.1138694e-06
BRD4,1.937151e-07,-0.00035215914,-0.00018768013,-6.0303137e-06,-0.00055680424,5.693827e-05,0.00014280714,1.6315724e-05
CCDC182,-0.00018185191,-0.00045935437,-0.00032261387,9.6905045e-05,-0.0009310916,-6.3421205e-05,0.00018202886,2.4115318e-05
IL18,-0.0003485717,-0.00046879612,-0.00047138706,0.0002730852,-0.0012133196,-0.00016889116,0.00018153898,3.2273703e-05
IFNA4,-0.00022361428,-0.0004936978,-0.00036593527,0.0001263693,-0.0011237562,-9.5377676e-05,0.00019566063,2.674642e-05
AC040977.1,-0.00021708943,-0.00048895366,-0.00036055222,0.00012257323,-0.0011222437,-8.885935e-05,0.00019481964,2.6362599e-05
COX6C,-0.00013701431,-0.00038669258,-0.00027451292,0.00010815263,-5.3316355e-05,-4.4640154e-05,0.00013751071,2.1431013e-05
GGTLC2,4.0205196e-05,6.97393e-05,0.00013189204,-1.26818195e-05,-8.583069e-06,6.880984e-05,-7.559359e-05,-2.17848e-06
PARD3B,0.00022135489,0.00053674355,0.00058761425,3.4728087e-05,0.002259031,-0.00016991701,-0.0005006334,-2.1039858e-05
GOLGA8J,8.1047416e-05,0.0002336409,0.0003843233,-7.88318e-05,0.0007895529,2.7673319e-05,-0.0002223542,-1.3800338e-05
OSTN,-0.00021068938,-0.00048221461,-0.00035033748,0.00011854246,-0.0010478869,-8.9623965e-05,0.00018879212,2.5859219e-05
SPTSSA,0.00013069622,0.000109573826,0.00017571077,-3.0040741e-05,-0.0010148361,0.00010868814,-9.432528e-05,-3.8015423e-06
HTRA3,0.00025551766,0.00037091598,0.000355687,-7.057935e-05,-0.0007420182,0.0002240846,-0.00018978957,-1.4138524e-05
ALKAL1,-0.00015316531,-0.00038717687,-0.00028098375,0.00010466669,-0.0013035685,-4.6082772e-05,0.00015336089,2.1370244e-05
C2orf76,-0.00028363802,-0.00030299276,-0.00029282644,0.00022317562,-0.0020593107,-0.00020027766,8.6962245e-05,2.3154658e-05
NRARP,-4.0005893e-05,-0.0005872827,-0.00032418035,-6.522145e-05,0.00013125688,0.00013887975,0.00028465502,2.2693072e-05
BRK1,-1.2665987e-06,-0.00019044988,-3.3233315e-05,-5.185604e-06,4.493445e-05,2.8706156e-05,3.575068e-05,8.158619e-06
C5orf47,-0.00029426068,-0.00056087784,-0.000437418,0.00015697908,-0.0013234317,-0.00012363167,0.00022882875,3.0890806e-05
AC096677.1,-0.00021708943,-0.00048895366,-0.00036055222,0.00012257323,-0.0011222437,-8.885935e-05,0.00019481964,2.6362599e-05
CLPSL2,-0.00021708943,-0.00048895366,-0.00036055222,0.00012257323,-0.0011222437,-8.885935e-05,0.00019481964,2.6362599e-05
PBOV1,-8.08835e-05,-0.0003987439,-0.00019131973,-3.838446e-05,-0.00044599175,5.9450977e-05,0.0001811115,1.5128404e-05
CMC1,-0.00040015765,-0.0005472228,-0.0005522184,0.0002563279,-0.0036522523,-0.00016446365,0.00027675275,3.57026e-05
CAMP,-0.00021708943,-0.00048895366,-0.00036055222,0.00012257323,-0.0011222437,-8.885935e-05,0.00019481964,2.6362599e-05
C1orf210,-0.00021510758,-0.00052262284,-0.00038572215,0.00011050701,-0.00049161166,-7.124338e-05,0.00021117553,2.7752132e-05
HIST1H2BE,-0.00021708943,-0.00048895366,-0.00036055222,0.00012257323,-0.0011222437,-8.885935e-05,0.00019481964,2.6362599e-05
KRTAP5-5,-0.00021708943,-0.00048895366,-0.00036055222,0.00012257323,-0.0011222437,-8.885935e-05,0.00019481964,2.6362599e-05
QRFP,-0.00025554,-0.00053305924,-0.00041459128,0.00014695246,-0.0013780594,-0.00010826718,0.00022025034,2.9355171e-05
CCL21,-0.00021162629,-0.0004865732,-0.00035703555,0.000119164586,-0.001081422,-8.5116364e-05,0.00019404199,2.6134308e-05
SLC18A2,-0.00069849566,-0.0011693034,-0.00088869594,0.00029767212,-0.00487718,-0.00028783362,0.0005328804,5.7190424e-05
NPB,7.024221e-05,-0.00026849844,-7.87992e-05,-0.00011229701,0.0008831918,0.00021424145,0.0001435224,7.1108807e-06
CXCL1,0.00026799738,0.0003094133,0.0004056096,-4.6621077e-05,0.0006076023,3.5259873e-05,-0.00027596112,-1.5042489e-05
TBC1D16,-0.00027609244,-0.0005090181,-0.0005158987,0.0002609305,-0.0016984567,-0.00015627313,0.00020989217,3.492285e-05
PCP4,1.4755875e-05,-4.646741e-05,-8.995645e-05,0.00012072455,-0.0008517802,-4.703272e-05,-1.680851e-05,1.0849442e-05
KRTAP27-1,-0.00021708943,-0.00048895366,-0.00036055222,0.00012257323,-0.0011222437,-8.885935e-05,0.00019481964,2.6362599e-05
SNN,-6.862916e-05,-0.00027359463,-0.00020690262,8.10232e-05,-0.00090222806,1.8510036e-05,0.00011974946,1.5860074e-05
SMIM14,3.0245632e-05,0.00014190562,0.00025673583,4.2282045e-06,0.0008512512,-8.883607e-05,-0.0002065273,-5.089212e-06
APOBEC3A,0.00012416393,-0.00017860718,4.175864e-05,-0.000109728426,0.0007596314,0.00013560802,4.4118613e-05,2.8494978e-06
IRGM,-0.00027516112,-0.0005659256,-0.00039273128,0.00011745002,-0.000853613,-0.00016612234,0.0002075322,2.9881252e-05
KRTAP13-4,-0.00021708943,-0.00048895366,-0.00036055222,0.00012257323,-0.0011222437,-8.885935e-05,0.00019481964,2.6362599e-05
PKIB,3.4967437e-05,-0.00011127442,-6.999448e-05,8.116476e-05,-0.0015308112,8.883979e-05,3.4326687e-05,7.622526e-06
KRTAP26-1,-0.00021708943,-0.00048895366,-0.00036055222,0.00012257323,-0.0011222437,-8.885935e-05,0.00019481964,2.6362599e-05
CTXN2,0.00024343096,0.00044222735,0.00048136152,-0.00013014954,0.002127014,9.325333e-05,-0.00030001532,-1.8897466e-05
FDCSP,-0.00021162629,-0.0004865732,-0.00035703555,0.000119164586,-0.001081422,-8.5116364e-05,0.00019404199,2.6134308e-05
BASP1,-0.0007093437,-0.00141594,-0.0013083406,0.00043002237,-0.0033230036,-0.00023428025,0.00072028954,7.79432e-05
TAS2R1,-0.00021784566,-0.00048623048,-0.0003536474,0.00012161862,-0.0010155663,-9.725988e-05,0.0001878012,2.6243273e-05
POMP,-8.990243e-05,-0.00031041354,-0.00014965609,6.0794875e-05,1.014024e-05,-5.6316145e-05,7.516146e-05,1.5244004e-05
NPFF,-5.139783e-05,-0.00020375475,-0.00020680763,6.524753e-05,-0.00058683753,-1.5264377e-05,9.705406e-05,1.5196274e-05
TMEM244,-0.00021708943,-0.00048895366,-0.00036055222,0.00012257323,-0.0011222437,-8.885935e-05,0.00019481964,2.6362599e-05
RPS27L,-1.6279519e-06,1.1490658e-05,0.00014491379,-3.339816e-05,0.0021088868,-2.3064204e-05,-0.00011031423,-3.3003744e-07
SELENOH,1.6178936e-05,-0.00025203265,-7.843599e-05,-1.8067658e-06,0.00086702406,-1.8300489e-06,4.761573e-05,1.0956894e-05
C1orf21,-0.0001629442,-0.00027874298,-0.0001825057,9.658467e-05,0.00012305379,-0.00013172161,4.5847148e-05,1.9315747e-05
MUCL1,-0.00021351501,-0.0004910361,-0.00036090985,0.00011998322,-0.0010451749,-8.8229775e-05,0.00019525737,2.6401249e-05
OOSP2,-0.00019866042,-0.00048379786,-0.00035016984,0.000110489316,-0.0011068806,-7.229857e-05,0.00019602105,2.5580986e-05
SCGB1D2,-0.00021708943,-0.00048895366,-0.00036055222,0.00012257323,-0.0011222437,-8.885935e-05,0.00019481964,2.6362599e-05
GUCA2B,-0.00021708943,-0.00048895366,-0.00036055222,0.00012257323,-0.0011222437,-8.885935e-05,0.00019481964,2.6362599e-05
SMPD3,-0.00039344653,-0.0006938353,-0.0005441345,0.00022757333,-0.0007619485,-0.00024526194,0.00025088806,3.909436e-05
FABP3,0.00035192817,0.0001858864,0.00020167977,-7.80588e-05,0.002244085,0.0002472978,-0.000111249276,-8.89448e-06
APOC1,0.00032611936,3.4373254e-05,0.0002890937,-0.00030597113,0.0014913902,0.00043431576,2.5767833e-05,-1.5397556e-05
RIIAD1,-0.00024378113,-0.0005842056,-0.00040265545,0.00016098097,-0.0016513318,-0.00028403662,0.00017385185,3.213703e-05
CCL24,-0.00020772591,-0.0004909616,-0.00036230497,0.00012200046,-0.0012411475,-8.181669e-05,0.00019837916,2.6316964e-05
TAS2R4,2.508983e-06,-0.00014626049,1.3059005e-05,-1.4798716e-06,0.00043082982,-3.6966056e-05,-1.4394522e-05,5.9262384e-06
KRTAP21-2,-0.00021708943,-0.00048895366,-0.00036055222,0.00012257323,-0.0011222437,-8.885935e-05,0.00019481964,2.6362599e-05
LSM5,-0.0003049709,-0.0003364291,-0.00024286285,0.00021156017,-0.00034762174,-0.00030199764,2.6158057e-05,2.4021487e-05
GML,-0.00021708943,-0.00048895366,-0.00036055222,0.00012257323,-0.0011222437,-8.885935e-05,0.00019481964,2.6362599e-05
NPVF,-0.00021708943,-0.00048895366,-0.00036055222,0.00012257323,-0.0011222437,-8.885935e-05,0.00019481964,2.6362599e-05
HBA1,0.0003613904,0.00028368458,0.0004408285,-0.00023353845,0.00071938336,0.00039661583,-0.000120262615,-2.3925444e-05
CSF2,-0.00017648377,-0.00046256557,-0.0003225971,9.837933e-05,-0.00074312836,-6.82706e-05,0.0001783222,2.426072e-05
TRIM66,0.0006286055,0.001078546,0.0011836458,-0.00028536282,0.002687104,0.00012638513,-0.0007256614,-5.5580866e-05
HSPB9,8.935109e-06,-0.00028463267,-0.00014802068,-1.14142895e-05,-0.0007106438,0.00012047589,0.00014333613,1.1169468e-05
TEX22,-0.00012177229,-0.00036816485,-0.0003325157,0.00014326256,-0.0012732148,-1.7962418e-05,0.000162635,2.3578643e-05
PNRC2,-2.5968999e-05,-0.000115573406,9.177253e-06,6.8983063e-06,-0.0001455769,2.5214627e-05,1.15484e-07,5.288399e-06
UFSP1,-0.00022267178,-0.0002892632,-0.00017180853,0.00011530612,0.00035332143,-0.00023996457,1.1521392e-05,2.0605978e-05
SLIRP,-6.192364e-05,-0.00025886856,-0.00012080185,7.1632676e-05,0.000422813,-5.1180832e-05,4.2304397e-05,1.3986952e-05
PATE4,-0.00021351501,-0.0004910361,-0.00036090985,0.00011998322,-0.0010451749,-8.8229775e-05,0.00019525737,2.6401249e-05
TMEM89,-0.0002336409,-0.0005048234,-0.0003772527,0.00013180356,-0.0011021867,-0.000105559826,0.00019880477,2.7516042e-05
MT1F,2.611801e-05,-0.000136232,-2.6194379e-05,2.4739653e-05,0.00024525076,-1.7582439e-05,1.1036173e-06,7.086317e-06
KRTAP4-4,-0.0001759585,-0.00039484166,-0.00028908998,0.00011196546,-0.0010818541,-7.09584e-05,0.00014953595,2.2340217e-05
CORT,0.00013020448,-0.00016529858,7.0963055e-05,-8.383021e-05,-0.00027220696,7.592607e-05,1.7737038e-05,1.1832453e-06
HUS1B,-0.00022342615,-0.00047932006,-0.00029252656,4.3499283e-05,-0.0012360513,-2.8930604e-05,0.0002124589,2.1486427e-05
ZNF706,-0.0002497323,-0.00050118566,-0.000401821,0.00013718382,-0.0010351837,-6.619375e-05,0.00022019446,2.830883e-05
GYPB,7.737987e-05,9.121373e-05,0.00014400296,1.7839484e-05,1.681596e-05,9.385031e-05,-8.283742e-05,-4.730886e-06
INIP,0.00023964792,0.00011093542,0.00019998476,-7.0476905e-05,0.0009083301,0.00010268763,-0.000111867674,-5.3255353e-06
KRTAP9-2,-0.00021708943,-0.00048895366,-0.00036055222,0.00012257323,-0.0011222437,-8.885935e-05,0.00019481964,2.6362599e-05
MYCBP,0.00023899972,0.00021835044,0.00031635351,-3.8213097e-05,-0.0018022433,0.00015904102,-0.00015116204,-1.38077885e-05
MSH4,-0.00015506707,-0.00043667667,-0.00030573457,8.6490996e-05,-0.0008540079,-3.4303404e-05,0.00017897505,2.2682245e-05
C11orf21,-0.00017836131,-0.00047011487,-0.00039878674,0.00013577286,-0.001939334,-1.6135164e-05,0.00022967812,2.6476104e-05
ELOC,-2.1982938e-05,-0.0001159776,3.5608187e-05,9.868294e-06,-2.476573e-05,-1.1706725e-05,-1.8930994e-05,4.4050394e-06
NUPR1,-1.3366342e-05,-0.00024689175,-0.00017579831,-6.593764e-06,-0.0015210733,8.6834654e-05,0.00015422888,1.1715572e-05
KRTAP1-3,-0.00021708943,-0.00048895366,-0.00036055222,0.00012257323,-0.0011222437,-8.885935e-05,0.00019481964,2.6362599e-05
CST1,-0.00021162629,-0.0004865732,-0.00035703555,0.000119164586,-0.001081422,-8.5116364e-05,0.00019404199,2.6134308e-05
IL21,-0.00021708943,-0.00048895366,-0.00036055222,0.00012257323,-0.0011222437,-8.885935e-05,0.00019481964,2.6362599e-05
MEIG1,-0.00016933121,-0.00033037923,-0.00012079254,3.3020042e-05,-0.0005997196,-0.00011790916,7.450674e-05,1.4749588e-05
PCSK2,0.00040649623,0.00033084862,0.0005274806,-0.00022049714,-6.058067e-05,0.0003232574,-0.0002142908,-2.370961e-05
H1F0,-0.00021708943,-0.00048895366,-0.00036055222,0.00012257323,-0.0011222437,-8.885935e-05,0.00019481964,2.6362599e-05
FAM32A,-0.000490427,-0.000984421,-0.0007989928,0.00026505813,-0.001785092,-0.0002523712,0.00041655079,5.338085e-05
PLN,-0.00016121194,-0.00042502396,-0.00028993376,0.00010018982,-0.00061976165,-7.907767e-05,0.00015044492,2.2746855e-05
BTBD11,0.00035938807,0.00038686767,0.00042178854,-0.00013021752,0.0002008304,0.000248448,-0.00021692459,-1.8235878e-05
SPACA4,-0.00021708943,-0.00048895366,-0.00036055222,0.00012257323,-0.0011222437,-8.885935e-05,0.00019481964,2.6362599e-05
ATP5F1E,-0.00025675818,-0.0006766338,-0.00054988824,0.00017926656,-0.0013082251,-6.215554e-05,0.00030754227,3.653241e-05
CXCL13,-0.00018019602,-0.00048021972,-0.00034287944,9.681843e-05,-0.0011250079,-4.4775195e-05,0.00020315964,2.470729e-05
TSACC,0.00018811971,0.00026241317,0.00033542886,-7.527508e-05,0.0019694045,3.4027733e-05,-0.0002389187,-9.506126e-06
ITGB3BP,6.752089e-05,4.624948e-06,0.00019440055,-9.9116936e-05,0.00075152516,-6.3147396e-05,-0.000108136795,-2.0409934e-06
GNGT1,-0.00018944778,-0.00047752075,-0.0003469661,0.00011321809,-0.0009747371,-7.608347e-05,0.0001881253,2.5571906e-05
RNASE6,-0.00042303838,-0.0008438248,-0.0007831771,0.00024842937,-0.002556406,-0.00012605824,0.00044809096,4.6953443e-05
RNASE1,-0.0004441701,-0.0007403102,-0.0005867835,0.00025184546,-0.0004871413,-0.00037808577,0.00023674872,4.279148e-05
WFDC10A,-0.00021708943,-0.00048895366,-0.00036055222,0.00012257323,-0.0011222437,-8.885935e-05,0.00019481964,2.6362599e-05
UBE2NL,0.00033907592,0.00025315024,0.0003947951,-0.00015836488,-0.0016812906,0.00019049738,-0.00016001705,-1.6310136e-05
CABS1,-0.00021708943,-0.00048895366,-0.00036055222,0.00012257323,-0.0011222437,-8.885935e-05,0.00019481964,2.6362599e-05
C10orf131,-0.00021708943,-0.00048895366,-0.00036055222,0.00012257323,-0.0011222437,-8.885935e-05,0.00019481964,2.6362599e-05
DSCR4,-0.00022361428,-0.0004936978,-0.00036593527,0.0001263693,-0.0011237562,-9.5377676e-05,0.00019566063,2.674642e-05
TMEM167A,-0.00013441779,-0.0004896242,-0.00028701872,1.4501624e-05,0.00061091036,-3.9400533e-05,0.00018402375,2.3259781e-05
SRARP,3.645383e-05,-0.00035270303,-0.00013141334,1.1777505e-05,3.773719e-05,-1.9556843e-05,8.0835074e-05,1.4576828e-05
CCDC184,-0.00035928376,-0.00033172034,-0.00036736764,0.00031987298,-0.00023156404,-0.00031592557,3.6354177e-05,3.1647738e-05
PYY,-0.00025160052,-0.00054729544,-0.00043007918,0.00014712755,-0.0012918189,-0.0001123338,0.0002249172,3.069837e-05
ANAPC16,-0.00023314357,-0.000352595,-0.00024093501,0.00012756791,-0.00032776594,-0.00017072959,8.227397e-05,2.2566994e-05
SPAG11B,-0.00022361428,-0.0004936978,-0.00036593527,0.0001263693,-0.0011237562,-9.5377676e-05,0.00019566063,2.674642e-05
H1FX,-0.00021708943,-0.00048895366,-0.00036055222,0.00012257323,-0.0011222437,-8.885935e-05,0.00019481964,2.6362599e-05
ATP5MF,-0.00017273054,-0.00026197731,-8.295849e-05,7.043965e-05,-5.1654875e-05,-0.0001487676,1.625903e-05,1.3277284e-05
KRTAP5-1,-0.00018789992,-0.00047212653,-0.00033583306,0.00010463782,-0.0008795932,-7.4258074e-05,0.00018539652,2.491998e-05
NDUFAF8,-0.00021000765,-0.00033139065,-0.00020341761,5.587563e-05,-0.0011131018,-8.973759e-05,0.00012185518,1.8101302e-05
KRTAP5-3,-0.00021708943,-0.00048895366,-0.00036055222,0.00012257323,-0.0011222437,-8.885935e-05,0.00019481964,2.6362599e-05
SMIM12,-0.000593435,-0.00056600384,-0.00044581108,0.0003167987,1.2129545e-05,-0.0006016623,5.037617e-05,4.1443272e-05
PTTG1,-0.00039713085,-0.00056728534,-0.0004955437,0.0001819022,-0.0007190034,-0.00014942186,0.00024780259,3.3880468e-05
MZT2A,0.00030389242,0.000114502385,0.00032979064,-0.0002558548,0.001937896,0.00024704263,-8.2639046e-05,-1.4100224e-05
DEFB110,-0.00021708943,-0.00048895366,-0.00036055222,0.00012257323,-0.0011222437,-8.885935e-05,0.00019481964,2.6362599e-05
SSX7,-0.0001887288,-0.00047610886,-0.00034184568,0.00010667648,-0.0008948073,-7.1997754e-05,0.0001881551,2.5271438e-05
LAIR2,3.9020553e-05,-0.00031620637,-5.6426972e-05,-4.9219467e-05,-0.001406461,0.00015368033,0.0001259679,7.919152e-06
KRTAP1-5,-0.00014500134,-0.0003691595,-0.00022470206,7.290859e-05,-0.00087758154,-6.147474e-05,0.00012243725,1.9583036e-05
C11orf52,-0.00021708943,-0.00048895366,-0.00036055222,0.00012257323,-0.0011222437,-8.885935e-05,0.00019481964,2.6362599e-05
CISD2,0.00018689223,7.0033595e-05,0.00017377362,-5.679205e-05,0.0002625659,6.5596774e-05,-0.00010188762,-2.398272e-06
C2orf15,-0.00016787462,-9.9727884e-05,-4.1794032e-05,0.00018761214,0.00024552643,-0.0002916595,-0.00012420211,1.3809535e-05
C17orf67,0.00016015954,0.00022780336,0.00027575344,-4.391279e-05,0.0009203404,9.1757625e-05,-0.00017245766,-1.0133139e-05
C2orf83,-0.00019538961,-0.0004941784,-0.0003652349,0.00011278968,-0.00096117705,-6.715208e-05,0.00020448677,2.6060618e-05
FABP1,-0.00016482547,-0.00039703958,-0.00024397671,6.783381e-05,-0.0006625429,-7.481687e-05,0.00013977289,2.0239037e-05
PPP1R1C,-4.4826418e-05,-0.00013815425,-5.272776e-05,6.736722e-05,0.00076115876,-4.858803e-05,-2.0707957e-05,1.02092745e-05
COX6A2,-0.00013293326,-0.00026662275,-0.00022565573,0.00012209453,-0.0012333244,-4.601106e-05,9.7918324e-05,1.8564868e-05
CYSTM1,5.634129e-05,0.00021203235,0.00031560287,1.792889e-05,0.00025493652,-0.0001456039,-0.0002517542,-7.798313e-06
CYS1,-0.00011990778,-0.00035235286,-0.00025103614,0.00010340661,-0.00089626014,-2.0933338e-05,0.00013843551,1.8575694e-05
PET100,1.7652288e-05,-0.00020708889,-0.00013760291,6.094668e-05,-0.0009841546,3.341213e-05,7.860735e-05,1.2383796e-05
UCN,0.00012686476,8.6996704e-05,0.00018513761,-4.5654364e-05,0.00056467205,7.58199e-05,-0.00010792818,-4.208414e-06
DEFB116,-0.00021708943,-0.00048895366,-0.00036055222,0.00012257323,-0.0011222437,-8.885935e-05,0.00019481964,2.6362599e-05
IFNA1,-0.00020736456,-0.00046876073,-0.00033485703,0.00011101924,-0.0010573864,-8.344278e-05,0.00018321816,2.4996465e-05
PNPLA2,0.0001636669,-0.00018558092,-8.976273e-05,-6.0794875e-05,-0.00014963001,0.00018090289,0.000116846524,6.7176297e-06
KRTAP1-1,-0.00021708943,-0.00048895366,-0.00036055222,0.00012257323,-0.0011222437,-8.885935e-05,0.00019481964,2.6362599e-05
CEP120,-7.8611076e-05,0.00039163418,0.000417104,8.0589205e-05,0.0021086037,-0.00026110513,-0.00039661396,-1.1757715e-05
MINOS1,-0.00021708943,-0.00048895366,-0.00036055222,0.00012257323,-0.0011222437,-8.885935e-05,0.00019481964,2.6362599e-05
AC019171.1,-0.00021708943,-0.00048895366,-0.00036055222,0.00012257323,-0.0011222437,-8.885935e-05,0.00019481964,2.6362599e-05
RSPH10B2,-3.1564385e-05,-0.00024478883,-1.6426668e-05,-8.384511e-05,0.00049268454,2.7986243e-05,6.8547204e-05,6.5320637e-06
CCL27,-0.00015930086,-0.0006883349,-0.0005060155,5.4498203e-05,-0.0017631352,6.9047324e-05,0.00036729965,3.136648e-05
SCAND1,-0.00020283088,-0.00019446574,-0.000120297074,0.00017536245,0.00049619377,-0.00023942627,-4.893914e-05,1.711736e-05
DCD,-0.00022753887,-0.00049558096,-0.00036660582,0.00012714788,-0.0011247545,-0.000100187026,0.00019505154,2.6889611e-05
TEX37,-0.0002508834,-0.00050495006,-0.00039168075,0.00015240349,-0.0010198578,-0.00013353303,0.00018931367,2.898532e-05
NBPF4,-0.00021708943,-0.00048895366,-0.00036055222,0.00012257323,-0.0011222437,-8.885935e-05,0.00019481964,2.6362599e-05
CYTL1,-7.5139105e-05,-0.00024891458,-3.216602e-05,-2.8453767e-05,0.0011763722,-0.000108316075,1.4635734e-05,1.0246527e-05
RGCC,-0.000222072,-0.0004763715,-0.00056551956,0.00028459541,-0.0031366572,4.8040412e-05,0.00029023085,3.2867654e-05
PRR9,-0.00022782199,-0.000490956,-0.00037990883,0.0001464393,-0.0013591647,-0.00010206364,0.00019607414,2.7297181e-05
HIST1H2BJ,-0.00021708943,-0.00048895366,-0.00036055222,0.00012257323,-0.0011222437,-8.885935e-05,0.00019481964,2.6362599e-05
APOC4,-0.00023592077,-0.0004141163,-0.00023237243,0.000102989376,-0.00065036863,-0.00015213666,0.00010539312,2.1555345e-05
PRPF19,0.00016624853,0.00016990118,0.00026137754,-0.000102355145,0.00026682764,0.0001357533,-0.00012733508,-8.426141e-06
EID1,-0.00026426092,-0.0007189531,-0.00056171976,0.00013168529,-0.0010046139,-2.5433488e-05,0.00034662802,3.6532176e-05
IL22,-0.00021708943,-0.00048895366,-0.00036055222,0.00012257323,-0.0011222437,-8.885935e-05,0.00019481964,2.6362599e-05
KBTBD6,0.00014838204,-0.0001369603,2.1524727e-05,-6.5794215e-05,0.0015523359,0.00019145664,4.0569343e-05,2.104207e-06
HSPA1A,-0.00032205135,-0.0006075725,-0.0005651992,0.00025234558,-0.0018209964,-9.2988834e-05,0.00027730968,3.7256978e-05
TMEM211,-0.00022361428,-0.0004936978,-0.00036593527,0.0001263693,-0.0011237562,-9.5377676e-05,0.00019566063,2.674642e-05
CLEC18A,-0.00018117763,-0.00044742972,-0.00031253882,8.286256e-05,-0.0016886294,-1.6409904e-05,0.00020376313,2.2556633e-05
C12orf45,0.00018289126,0.00017048046,0.00038219988,-0.00020550285,0.0008364096,0.00018027239,-0.0001341002,-1.5864614e-05
C7orf33,-0.00015549175,-0.00056233443,-0.00040707178,7.487647e-05,-0.0014165416,2.7481467e-05,0.00027404912,2.70108e-05
CLEC18C,-0.00022361428,-0.0004936978,-0.00036593527,0.0001263693,-0.0011237562,-9.5377676e-05,0.00019566063,2.674642e-05
S100Z,-0.00013705716,-0.00037272274,-0.00023741275,7.581245e-05,-0.0006788522,-5.1344745e-05,0.00013503246,1.9152998e-05
CCL16,-0.00017769448,-0.00049585477,-0.0003382247,7.179007e-05,-0.0011340603,-2.4782494e-06,0.00022617914,2.3822417e-05
MAOA,-0.00028816983,-0.00048387982,-0.00034858473,0.0001804987,-0.002002716,-0.00022775214,0.00014114752,2.8736657e-05
LTA4H,0.0002317708,0.00014893152,0.0002507195,-0.00011380389,0.00010941923,0.00019165967,-9.7299926e-05,-9.629759e-06
TMEM105,-8.141436e-05,-0.00039733574,-0.00028472953,6.956421e-05,-0.00024603307,-7.804576e-05,0.00014165882,2.2376888e-05
CCL7,-0.00021162629,-0.0004865732,-0.00035703555,0.000119164586,-0.001081422,-8.5116364e-05,0.00019404199,2.6134308e-05
IFNA13,-0.00021708943,-0.00048895366,-0.00036055222,0.00012257323,-0.0011222437,-8.885935e-05,0.00019481964,2.6362599e-05
TEX12,-0.00014675222,-0.0003273394,-0.00019750744,5.2864663e-05,-0.0010605156,-7.267948e-05,0.0001152074,1.712481e-05
INSL4,0.00031377934,-0.00010068528,0.00014783628,-0.00024089403,-0.00041110814,0.00046580005,0.00011710264,-9.412412e-06
PDZK1IP1,-0.00021708943,-0.00048895366,-0.00036055222,0.00012257323,-0.0011222437,-8.885935e-05,0.00019481964,2.6362599e-05
RPL36AL,-2.9239804e-05,-0.00017236732,-0.00010803342,8.132309e-05,-0.0003907159,2.1383166e-06,3.1071715e-05,1.2663426e-05
COA4,-2.06884e-05,-4.566647e-05,0.0001334995,-5.5498444e-05,0.0010365397,-6.227661e-05,-7.73482e-05,3.8510188e-07
GSTT2B,3.5952777e-05,-0.00010086782,0.0001117792,1.2560748e-05,0.00011886656,-0.00021208962,-0.0001130281,3.190362e-06
CALCA,-7.0393085e-05,-0.0002504252,-5.858764e-05,-9.919517e-06,0.00017891079,-2.8636307e-05,5.371403e-05,9.168056e-06
HIST1H2BG,-0.00021708943,-0.00048895366,-0.00036055222,0.00012257323,-0.0011222437,-8.885935e-05,0.00019481964,2.6362599e-05
ZBED6CL,1.4927238e-05,0.000120874494,0.00017094798,4.020054e-05,0.0007135868,-6.165728e-05,-0.00016303267,-1.9681174e-06
LDOC1,-0.00022269227,-0.0003073495,-0.00016268902,0.00012612343,0.00033444166,-0.00021532085,1.805555e-05,1.95764e-05
CYSRT1,-0.00012606196,-0.00041439198,-0.0002806373,3.7965365e-05,-0.0005303845,3.0378811e-05,0.00019280333,2.0087813e-05
PINLYP,-0.00014394335,-0.0004537981,-0.00031803176,3.40743e-05,-0.0014009401,4.5541674e-06,0.00021543913,2.3709144e-05
SPINK13,-0.00022211671,-0.0004287418,-0.0003306009,0.00015807152,-0.0013636425,-0.0001311265,0.0001525078,2.5011948e-05
SCGB1D4,-0.00021344237,-0.00049787574,-0.00036836416,0.000119367614,-0.001190953,-7.917732e-05,0.00020412356,2.6619877e-05
PRR18,-0.0002741646,-0.00034402497,-0.000245329,0.00017352495,-0.0013813972,-0.0002151886,6.902777e-05,2.2715656e-05
MYBBP1A,0.00039784424,-7.288717e-05,0.0002065897,-0.00030102674,0.0013095066,0.00043841917,6.372295e-05,-1.0532793e-05
KRTAP5-10,-0.00024260208,-0.0005248729,-0.0004046932,0.00013943296,-0.0013283044,-9.769108e-05,0.00021802448,2.8684619e-05
LETM1,-9.651296e-05,-0.00022280216,-0.00014455058,2.3085624e-05,1.1228025e-05,2.644118e-05,9.32524e-05,1.31162815e-05
NPIPB6,0.00013586693,0.00018499419,0.00035545416,-9.5749274e-05,0.001686275,4.7435984e-05,-0.00020812172,-1.2286939e-05
GMNN,-0.0004623998,-0.0006844811,-0.00059423037,0.00030082744,-0.0014353395,-0.0003331001,0.00023500156,4.257029e-05
SFT2D3,2.3979694e-05,-0.00014336407,0.00010982528,-0.00011197571,0.0008556396,3.177952e-05,-2.0645559e-05,1.9588042e-06
COLEC12,-0.0003853906,-0.0006842036,-0.00055717677,0.00020095892,-0.0033767968,-0.00018953579,0.0003170967,3.6964426e-05
RARRES3,-0.00021708943,-0.00048895366,-0.00036055222,0.00012257323,-0.0011222437,-8.885935e-05,0.00019481964,2.6362599e-05
BORCS7,-5.6676567e-05,-0.00015554577,5.61215e-06,-3.5513192e-05,-0.0008489266,-2.2351742e-07,3.163237e-05,6.304006e-06
MTPN,-0.00022006221,-0.0004550144,-0.00036633015,0.0001503462,-0.0011345446,-7.657427e-05,0.00018485263,2.6151072e-05
TMEM258,0.00015773624,0.00016657077,0.0002392456,-3.2021664e-05,0.0010519624,7.354468e-05,-0.00016199145,-6.4336928e-06
CXCL11,-0.00021162629,-0.0004865732,-0.00035703555,0.000119164586,-0.001081422,-8.5116364e-05,0.00019404199,2.6134308e-05
BEX1,-0.0003961362,-0.0008298699,-0.0007426888,0.00027406868,-0.0016990677,-0.00014582137,0.00039223395,4.6898727e-05
COA5,0.00025927462,1.3943762e-05,0.00025072694,-0.00023740157,0.00034012645,0.00024196506,-1.39568e-05,-1.0081916e-05
TCTA,-0.00017774291,3.103912e-05,0.0001741685,6.117392e-05,0.0019307733,-0.00038873032,-0.00024461653,4.807138e-06
ZCCHC3,1.1155382e-05,1.2960285e-05,8.063018e-05,4.7839247e-05,0.00068487227,-2.6768073e-05,-9.499397e-05,2.8315699e-06
PKIA,-0.0007944517,-0.0016309824,-0.0014914405,0.00041864626,-0.0042588413,-0.00018955208,0.0008783536,8.72073e-05
GLRX,-0.00019587018,-0.0001743827,-7.760525e-05,0.00012968853,2.3014843e-05,-0.00021627638,-4.4260174e-05,1.4738645e-05
ASIP,-0.00013099425,-0.00041039474,-0.0002484843,2.1972694e-05,-0.0011504292,4.9345195e-05,0.0001958441,1.8039835e-05
TIAF1,-3.4647062e-05,0.00019179657,0.00022086315,4.19477e-05,-0.0011311099,-1.1260621e-05,-0.00015019346,-4.6124915e-06
LEUTX,-0.00021708943,-0.00048895366,-0.00036055222,0.00012257323,-0.0011222437,-8.885935e-05,0.00019481964,2.6362599e-05
HSPA1B,-0.00044338778,-0.0008858871,-0.00080870837,0.0002785474,-0.0025756285,-9.093247e-05,0.00045183208,4.9869646e-05
MRPL33,-0.00015172735,-0.00039430335,-0.00022211112,6.6378154e-05,0.00028871,-0.00011429051,0.000109593384,2.0055217e-05
AHSP,0.00038819946,0.00040647574,0.0004483927,-0.00011077523,0.0029539391,0.00027543586,-0.00025973748,-2.1728803e-05
CTH,0.00029725768,0.0005317759,0.00042825006,3.418047e-05,0.0006132722,9.302795e-05,-0.0003490271,-1.7245999e-05
NLRP12,-0.00016061962,-0.00027418137,-0.00018102303,7.3252246e-05,-0.00022979826,-8.254405e-05,6.752927e-05,1.8971507e-05
THEM6,-0.00025852583,-0.0001521334,-0.00017570704,0.00024513807,-0.00088428706,-0.0003066482,-4.2238273e-05,1.9276515e-05
HIST1H4G,-0.00021708943,-0.00048895366,-0.00036055222,0.00012257323,-0.0011222437,-8.885935e-05,0.00019481964,2.6362599e-05
VN1R4,-0.00021708943,-0.00048895366,-0.00036055222,0.00012257323,-0.0011222437,-8.885935e-05,0.00019481964,2.6362599e-05
C11orf94,-0.00019015744,-0.00047569536,-0.00034326315,0.00011217594,-0.00096715987,-7.9159625e-05,0.0001864545,2.5353278e-05
INSL5,-0.0002197437,-0.0004947074,-0.0003656894,0.00012381654,-0.001090534,-9.2295e-05,0.0001967214,2.6700902e-05
TIGD1,0.00015989877,0.00025019795,0.00029816478,1.0081567e-05,-0.0004371181,-1.447089e-05,-0.00022407714,-9.391806e-06
HIST1H2BC,-0.00021708943,-0.00048895366,-0.00036055222,0.00012257323,-0.0011222437,-8.885935e-05,0.00019481964,2.6362599e-05
FAM180A,-0.00027866848,-0.0006061103,-0.00051509775,0.00016959384,-0.0016335994,-8.613523e-05,0.00028223265,3.3973833e-05
RAB3GAP1,-3.0463561e-05,-0.0002510734,-8.444488e-05,-4.9714e-06,6.433576e-05,-4.3122098e-05,4.5780092e-05,1.3290322e-05
SLPI,-0.00015368499,-0.00029290095,-0.00018298812,8.671824e-05,-0.0010109097,-0.00013075303,7.256027e-05,1.728523e-05
BTC,-0.00010891445,-0.0004050266,-0.00023710914,2.1723099e-05,-0.0004176721,2.7844682e-05,0.00017135404,1.8526334e-05
TREH,-0.0001867991,-0.00044774264,-0.0003082417,9.069126e-05,-0.0009937137,-4.6930276e-05,0.00018082745,2.2966298e-05
SRGN,-0.00019676052,-0.00075190514,-0.00068747625,0.00014520623,-0.0018196106,0.0001750337,0.00046257116,3.8160942e-05
MBD2,4.065968e-05,-0.0002177637,-0.000121079385,8.0505386e-05,0.00085270405,-3.458094e-05,1.34324655e-05,1.4417223e-05
THRSP,-9.792298e-05,-0.00029106997,-0.00016948767,6.3554384e-05,-0.0009371564,-2.4806708e-05,9.27886e-05,1.5976024e-05
TBC1D29,-0.00021708943,-0.00048895366,-0.00036055222,0.00012257323,-0.0011222437,-8.885935e-05,0.00019481964,2.6362599e-05
XAGE3,-0.0002072528,-0.00070205145,-0.00046440773,0.00012418162,-0.0015827939,-2.4415553e-05,0.00028690882,3.257231e-05
TMEM141,-0.00034719333,-0.00029187463,-0.00031198934,0.00022321846,-0.0016768426,-0.00025173044,7.1435235e-05,2.723746e-05
TFF3,-0.0012159981,-0.0022440404,-0.0018618256,0.00038296636,-0.0063109472,-0.0005573598,0.0011548689,0.00010885007
C9orf116,-0.00020490587,-0.00051839836,-0.00026896596,4.4071116e-05,0.0006453246,-0.00029688003,0.000118389726,2.4572364e-05
MAP1LC3C,8.0667436e-05,-0.00011709705,4.6230853e-06,-1.34035945e-05,-0.000370048,9.323377e-05,2.5425106e-05,3.8044527e-06
ERICH4,-0.00013102032,-0.00034822524,-0.0002193693,7.314235e-05,-0.00075145066,-4.6372414e-05,0.00012138393,1.8535997e-05
GOT2,-0.00020496733,-0.00051940046,-0.00047118403,0.00014285091,-0.0015371218,-5.027186e-05,0.00025117863,3.274996e-05
SMCO1,-0.0002336409,-0.0005048234,-0.0003772527,0.00013180356,-0.0011021867,-0.000105559826,0.00019880477,2.7516042e-05
POMZP3,0.00048421137,0.0003214758,0.00057336316,-0.0002821805,0.0019136891,0.0003806427,-0.00022218656,-2.6936294e-05
C11orf87,0.00028588995,0.0005547963,0.0007888898,-0.00021614414,0.0031046495,-1.9297004e-06,-0.00047961716,-3.1420495e-05
COX6A1,-0.00025571138,-0.00052175485,-0.0004659351,0.00021918584,-0.0016508624,-5.935598e-05,0.00023316965,3.1402684e-05
CCDC71L,-0.00010379404,-0.0002966337,-0.0002409853,8.984376e-05,-0.00061094016,-6.251037e-06,0.0001190044,1.9714236e-05
MRFAP1L1,-0.00013796054,-0.00041481294,-0.0003252551,9.6672215e-05,-0.0011973232,2.0430423e-05,0.00020184368,2.2637309e-05
EIF1B,-0.00013527647,-0.0002494827,-0.0001539737,0.00013414212,4.658848e-05,-0.000107876025,2.280809e-05,1.692283e-05
HIST3H2BB,-0.00021708943,-0.00048895366,-0.00036055222,0.00012257323,-0.0011222437,-8.885935e-05,0.00019481964,2.6362599e-05
HMGA2,-1.1956319e-05,-0.0007338375,-0.00045937486,-0.00016524829,-0.00021240115,0.00032736734,0.00046082214,2.6711612e-05
GOLGA6A,-0.00018066727,-0.0004397519,-0.00031876378,0.00011035148,-0.0010278672,-6.849412e-05,0.00017226301,2.3909844e-05
FNDC10,0.00018569827,-2.8790906e-05,0.00014655665,-0.000112523325,0.0020795316,9.16617e-05,-7.1103685e-05,-1.0600779e-06
LY86,-0.00027241185,-0.00069322065,-0.000627093,0.0001630215,-0.0017719418,-3.3324584e-05,0.00038150698,3.7899823e-05
CHTF18,0.00012386218,0.00015061535,0.00023389794,-5.0310045e-05,0.000713788,1.6302802e-05,-0.00015830155,-5.0459057e-06
GNRH1,-2.3676082e-05,1.3791025e-05,4.389137e-05,5.3628348e-05,-0.0007698983,-3.0859374e-05,-5.2887015e-05,3.1820964e-06
SPTSSB,3.7614256e-05,-0.00034385547,-0.0001983773,-1.8436462e-05,-0.00076024234,0.0001337463,0.00018012617,1.3812096e-05
CGB1,-0.00015012734,-0.00036637112,-0.00023635477,9.521656e-05,-0.00070904195,-8.246116e-05,0.000114952214,2.0137173e-05
TMEM159,-0.00016732886,-0.00036271475,-3.3227727e-05,-9.106472e-06,0.0003296584,-0.0003013946,-1.34874135e-05,1.5673693e-05
CDKN2AIPNL,2.094172e-05,-0.0002547074,-5.9356913e-05,9.290874e-06,0.0009817705,-8.563418e-05,1.1572614e-05,1.1403812e-05
CXCL9,-0.00020586513,-0.00043882243,-0.00025926344,7.5504184e-05,-0.0010356605,-8.708518e-05,0.00015375298,2.150971e-05
CCL4L1,-0.00021708943,-0.00048895366,-0.00036055222,0.00012257323,-0.0011222437,-8.885935e-05,0.00019481964,2.6362599e-05
DYNLRB2,-0.0002906248,-0.00045588054,-0.00010113977,-7.162802e-06,0.00026590377,-0.0002609454,6.015692e-05,1.687766e-05
COA1,0.00013104826,6.706081e-05,0.00025020912,-0.0001436146,0.00067462027,9.2841685e-05,-8.535199e-05,-8.242205e-06
LRRC18,-0.00021703169,-0.00046746247,-0.0003477186,0.00012665335,-0.001083672,-9.0849586e-05,0.00018312596,2.560101e-05
C2orf91,8.342974e-05,-0.00012296624,-1.6050413e-05,4.5336783e-06,-0.00092498213,9.5581636e-05,2.966728e-05,5.7062134e-06
AVPI1,0.0002818443,0.00031130388,0.0003761109,-0.00019215792,0.0015652627,0.00036566146,-0.0001366036,-1.8243678e-05
NDUFC2,-0.0002863072,-0.00018568896,-0.00016527437,0.00020128768,-0.0003119856,-0.00018570665,-1.3299286e-06,1.6898732e-05
LTO1,0.0002818592,0.00064786524,0.00064113736,-4.0972605e-05,0.0025139898,-1.5427358e-05,-0.0004858384,-2.5604619e-05
PCDH11X,0.0005857367,0.0004968364,0.00067857467,-0.00037365034,0.0016597509,0.00047859456,-0.00023861136,-3.5979436e-05
IFITM3,-0.0003083963,-0.0007477142,-0.0005879365,0.0001789378,-0.0033400506,-1.8198974e-05,0.00038209837,3.5960926e-05
PXT1,4.472211e-06,0.00010900572,0.00015860423,2.9146671e-05,0.0001930967,-3.675744e-05,-0.00013866182,-1.5490223e-06
TGIF2LX,-0.00021708943,-0.00048895366,-0.00036055222,0.00012257323,-0.0011222437,-8.885935e-05,0.00019481964,2.6362599e-05
TMEM263,-8.052029e-05,7.517263e-05,2.3355708e-05,0.0001435373,-0.0002740547,-6.556045e-05,-0.00010548998,5.5029523e-06
SMIM29,7.9568475e-05,-9.1454014e-05,0.00012575649,-8.377526e-05,0.0011808947,1.7763115e-05,-5.0357543e-05,5.3143594e-07
WFDC10B,-0.00020826608,-0.0004561115,-0.00032216497,0.000116874464,-0.0009749532,-9.809993e-05,0.00016810652,2.4610083e-05
ATP6V1G1,-0.0004565101,-0.0008989945,-0.0007781498,0.00028116535,-0.0023129284,-0.00018280512,0.00041360967,5.0205155e-05
URAD,-0.00021708943,-0.00048895366,-0.00036055222,0.00012257323,-0.0011222437,-8.885935e-05,0.00019481964,2.6362599e-05
TRIQK,-1.99005e-05,-0.00016970374,1.9975007e-05,-2.8482638e-05,0.0015083551,-0.00012698863,-4.0536746e-05,7.8948215e-06
TOMM20L,-0.00021616556,-0.00043655,-0.00027335808,0.00010001287,-0.001036875,-0.00012995489,0.00014413055,2.2733351e-05
GYPA,8.5609034e-05,-2.9116869e-05,0.0001053568,-6.166287e-05,0.001036413,0.00012084283,-2.6742928e-05,-1.4365651e-06
PPP1R11,-8.920953e-05,0.00019638985,0.00023864955,7.949304e-05,-0.00020296872,-0.00022669043,-0.00024779048,-1.9764993e-06
AQP12A,-0.00021708943,-0.00048895366,-0.00036055222,0.00012257323,-0.0011222437,-8.885935e-05,0.00019481964,2.6362599e-05
IL1F10,-0.00021708943,-0.00048895366,-0.00036055222,0.00012257323,-0.0011222437,-8.885935e-05,0.00019481964,2.6362599e-05
SUMO1,5.3364784e-06,-5.453825e-05,6.5660104e-05,-8.831732e-06,0.0010436997,7.980503e-06,-4.9998984e-05,3.2592798e-06
SHLD1,-0.0001504086,-6.4117834e-05,8.13026e-05,0.00013142079,-0.00030296296,-0.0003411579,-0.00016864296,8.181436e-06
KRTAP4-7,-0.00020659529,-0.00045611337,-0.00032489002,0.00011636689,-0.0010369644,-9.029545e-05,0.00017215963,2.4608918e-05
PPDPFL,-0.00021162629,-0.0004865732,-0.00035703555,0.000119164586,-0.001081422,-8.5116364e-05,0.00019404199,2.6134308e-05
CYP1B1,0.00012676418,0.00018834323,0.00022070296,5.624909e-05,0.0010573268,-6.8033114e-05,-0.00021450873,-4.8098154e-06
MGARP,-3.0402094e-05,-0.00027672946,-0.0001386702,3.4494326e-05,-0.00060547143,1.2603588e-05,8.290075e-05,1.3766228e-05
GALNT17,-3.1823292e-05,-0.00041141547,-0.00014390424,1.9446947e-05,0.0007960722,-0.00022162683,3.9357692e-05,1.8732157e-05
UPK2,-0.00035041198,-0.0004760977,-0.00051510334,0.00033884868,-0.0024769902,-0.0002943785,0.00016857404,3.6370126e-05
PATE2,-5.728379e-05,-0.0003236886,-0.00011552498,6.1737373e-06,0.00029728562,-4.7583133e-05,6.9280155e-05,1.4358549e-05
DYNAP,-0.00025000237,-0.00053063035,-0.00041101873,0.0001434721,-0.0013334379,-0.000104608946,0.00021938793,2.9125717e-05
GSPT1,6.167218e-05,3.4704804e-05,-1.4800578e-05,5.90235e-05,-0.0005978793,0.000118847005,-1.283735e-05,4.7069043e-06
TAS2R3,-0.00018349849,-0.00046261586,-0.0003252644,9.601284e-05,-0.0010725856,-5.6444667e-05,0.00018826034,2.4084235e-05
POTEJ,0.00016942248,-9.005889e-06,0.00013284385,-5.129166e-05,-0.001104176,8.789729e-05,-3.580097e-05,-3.1008385e-06
FAM135B,0.00047270022,0.00019374862,0.0004605446,-0.00029439386,0.0016004071,0.00023248699,-0.00016643759,-1.9882456e-05
INTS4,-6.571226e-05,-0.00015182234,-1.7648563e-05,1.9267201e-05,-0.0007060766,-6.112084e-05,-1.411885e-06,8.656643e-06
BPIFA2,-0.00021708943,-0.00048895366,-0.00036055222,0.00012257323,-0.0011222437,-8.885935e-05,0.00019481964,2.6362599e-05
RAMP3,-0.0003538765,-0.0007030424,-0.00064044446,0.00018931553,-0.0025486946,1.3740733e-05,0.0003927974,3.8541853e-05
MBD3L1,-0.00025000237,-0.00053063035,-0.00041101873,0.0001434721,-0.0013334379,-0.000104608946,0.00021938793,2.9125717e-05
CDC42EP5,1.3291836e-05,-0.0001719445,-1.3979152e-05,-1.9665807e-05,0.00010634214,2.1073967e-05,2.2679567e-05,7.3341653e-06
EIF1,-0.00031645596,-0.00075776316,-0.00060271285,0.00017612614,-0.0011130646,-8.4039755e-05,0.0003481377,3.9049308e-05
C10orf53,-0.00020659529,-0.00045611337,-0.00032489002,0.00011636689,-0.0010369644,-9.029545e-05,0.00017215963,2.4608918e-05
KRTAP10-3,-0.00021708943,-0.00048895366,-0.00036055222,0.00012257323,-0.0011222437,-8.885935e-05,0.00019481964,2.6362599e-05
CST5,-0.00023342669,-0.00049858354,-0.0003705714,0.00013063289,-0.0011661127,-0.0001041349,0.00019611884,2.7144444e-05
GAD2,-8.85129e-06,-0.00021352991,-6.7794695e-05,-3.2987446e-06,0.0010517836,-0.00011866493,-1.7136335e-07,1.3240846e-05
RAB42,0.00020362064,0.00013287552,0.00034238212,-0.00017873198,0.0015800893,8.176174e-05,-0.0001531383,-1.3278797e-05
C11orf40,-0.00021064281,-0.00048666447,-0.00035376474,0.00011849962,-0.0009429082,-9.182468e-05,0.00018905196,2.616155e-05
VPREB1,-0.00021068938,-0.00048221461,-0.00035033748,0.00011854246,-0.0010478869,-8.9623965e-05,0.00018879212,2.5859219e-05
FAAP20,9.2454255e-05,6.60494e-05,0.00014349073,-6.9829635e-05,0.00041047484,0.00013987347,-4.456099e-05,-4.1968888e-06
PRR13,-0.00025729835,-0.0004910864,-0.00036779232,0.00012328662,-0.00072366,-0.00014670519,0.00018268172,2.8098584e-05
TNFAIP8L1,4.804693e-05,-0.00018547475,-6.456487e-05,-3.848225e-05,0.00020223856,9.0545975e-05,6.82408e-05,8.67073e-06
EEF1A2,-0.0003787838,-0.00087443367,-0.0008327048,0.00034145638,9.984523e-05,-0.00026014354,0.00035567395,5.4969336e-05
ZBED3,0.00048446283,0.00045103207,0.00046369992,-0.00024123956,0.00047824532,0.0004469948,-0.00017028023,-2.3784698e-05
DAPL1,-4.605949e-05,-0.0003383495,-0.00018488988,2.877228e-05,-0.00074747205,3.335625e-05,0.0001348732,1.5179394e-05
TAX1BP3,0.0006257091,0.00055856816,0.0007574465,-0.00039731897,0.0025111213,0.00042218063,-0.0003082687,-3.7384918e-05
C9orf57,2.4588779e-05,-0.00010453351,3.545545e-05,7.3341653e-06,-0.00043533742,2.129376e-05,-1.5271828e-05,4.043686e-06
PLAC9,0.00050277263,0.00043721125,0.00059477054,-0.00028643198,0.001725398,0.000387677,-0.00023667421,-2.9865769e-05
CDK8,0.00026758388,0.0006681774,0.000859173,-0.00020769518,0.0014460012,-3.546197e-05,-0.00052473415,-3.5482226e-05
FOXD4L2,-0.00021708943,-0.00048895366,-0.00036055222,0.00012257323,-0.0011222437,-8.885935e-05,0.00019481964,2.6362599e-05
COX14,-4.3591484e-05,-0.00012788177,1.1140481e-05,1.8509105e-05,1.5057623e-05,-7.9806894e-05,-2.4444424e-05,7.279101e-06
DPAGT1,4.3850392e-05,0.00028366968,0.00036574155,1.6246922e-05,0.0010886341,-0.00013016537,-0.00030287076,-9.408803e-06
COX20,1.7408282e-05,-0.00054784864,-0.00042447262,3.258884e-05,-0.0013928413,0.00015343074,0.00031131878,2.7228147e-05
CRB3,-0.00016329996,-0.0004488211,-0.00028840452,6.4055435e-05,-0.00084973127,-4.193466e-05,0.00017907936,2.1746266e-05
XAGE2,-0.00021068938,-0.00048221461,-0.00035033748,0.00011854246,-0.0010478869,-8.9623965e-05,0.00018879212,2.5859219e-05
PSCA,-0.0001676511,-0.00042396598,-0.00029654056,9.617768e-05,-0.0012079924,-7.692445e-05,0.00016429368,2.23784e-05
RFLNB,0.00045598857,0.00037300214,0.0003934428,-0.00019498263,0.0009884983,0.0004015006,-0.00015266333,-2.002169e-05
GSK3A,-0.00024993904,-0.00053946674,-0.00047501735,0.00019757729,-0.0027430803,-0.00015707733,0.00023670122,3.3446006e-05
TARS2,-0.00028078258,-2.4698675e-06,5.014427e-05,0.00013795216,0.00088635087,-0.00029268907,-0.00016667414,9.904383e-06
KRT6A,-0.00021366216,-0.00048419088,-0.0003536418,0.00012605079,-0.0011114553,-9.959098e-05,0.00018613134,2.6165857e-05
NUP62CL,3.9359555e-05,-0.0001398027,2.4609268e-05,-6.30673e-05,0.00025725365,4.2811036e-05,1.618173e-05,4.531117e-06
CXCL17,-0.00017162412,-0.0004640054,-0.00033883937,0.00011361111,-0.0014683157,-5.18132e-05,0.00019192416,2.4626032e-05
FXYD2,-0.00021708943,-0.00048895366,-0.00036055222,0.00012257323,-0.0011222437,-8.885935e-05,0.00019481964,2.6362599e-05
PPP1R14B,4.808046e-05,-0.00017768145,-0.00012328103,0.00010063872,-0.00041237473,-3.505312e-05,2.054032e-05,1.36242015e-05
MCCD1,-0.00021708943,-0.00048895366,-0.00036055222,0.00012257323,-0.0011222437,-8.885935e-05,0.00019481964,2.6362599e-05
SNRPG,0.00010680407,-6.4983964e-05,2.5665388e-05,-2.6931986e-05,0.00063329935,0.00013772119,5.66151e-06,2.8283102e-06
LALBA,-0.00019905902,-0.00047406554,-0.0003376752,0.00011133123,-0.00093509257,-8.660648e-05,0.00018258672,2.5186106e-05
PPDPF,-4.3857843e-05,-0.00010136515,-4.0767714e-05,5.8747828e-05,0.0006951988,-4.4859946e-05,-2.3677945e-05,9.172363e-06
NANOS2,-0.00023272075,-0.00050295703,-0.00037568063,0.0001313826,-0.001138024,-0.000102939084,0.00019895472,2.737681e-05
ANKRD27,0.00010932423,0.00039022975,0.0004586894,-4.615914e-05,3.350526e-05,-6.177835e-05,-0.00031007174,-1.674483e-05
CT55,-6.2795356e-05,-0.00029926188,-0.00012239441,-1.5237369e-05,0.00026270747,1.5096739e-05,9.645801e-05,1.2772623e-05
TXNDC8,-0.00021708943,-0.00048895366,-0.00036055222,0.00012257323,-0.0011222437,-8.885935e-05,0.00019481964,2.6362599e-05
KRBOX1,0.00053128786,0.0006312039,0.0006331876,-0.00026760343,0.0007362738,0.0005015284,-0.0002497295,-3.5326695e-05
LCN8,-0.00021708943,-0.00048895366,-0.00036055222,0.00012257323,-0.0011222437,-8.885935e-05,0.00019481964,2.6362599e-05
GOLT1B,0.00018149987,0.00038169324,0.00041560642,-9.686034e-05,0.0013473481,0.00010950677,-0.00025925506,-1.5743775e-05
TAS2R38,-0.00021708943,-0.00048895366,-0.00036055222,0.00012257323,-0.0011222437,-8.885935e-05,0.00019481964,2.6362599e-05
UBL4B,-0.00021708943,-0.00048895366,-0.00036055222,0.00012257323,-0.0011222437,-8.885935e-05,0.00019481964,2.6362599e-05
FGFBP1,-0.00021589175,-0.00048948266,-0.000357233,0.00012157578,-0.00094139576,-9.754766e-05,0.00018896256,2.6435824e-05
CDKAL1,0.00013865344,0.00021909922,0.0003403593,-2.1626242e-05,0.0005654916,-4.0500425e-05,-0.00024641212,-9.147101e-06
HBG2,0.0002961196,0.00029868074,0.00037487783,-0.00011930987,0.0010382906,0.00028696936,-0.00016182009,-1.8425053e-05
TCAF1,-0.0007437486,-0.0011221729,-0.00097265095,0.0003640959,-0.002296798,-0.0003648866,0.0004888186,6.3254614e-05
IGFL1,-0.00021708943,-0.00048895366,-0.00036055222,0.00012257323,-0.0011222437,-8.885935e-05,0.00019481964,2.6362599e-05
MSMB,-0.00019859709,-0.0004867278,-0.0003574267,0.0001223674,-0.0012173951,-8.373335e-05,0.00019351486,2.6091118e-05
CCL26,-0.00020631775,-0.0004849173,-0.0003542602,0.00011602696,-0.0010397956,-8.155126e-05,0.00019359961,2.5945832e-05
TNFRSF17,-0.00021805428,-0.00048818253,-0.00036736205,0.00013363827,-0.001048632,-0.00010296609,0.00018989481,2.6773196e-05
CST3,-7.950701e-05,-0.00029287487,-9.8271295e-05,1.0336749e-05,0.0012056157,-9.445846e-05,4.3526292e-05,1.3157842e-05
GAL3ST4,0.000111185014,9.37935e-05,0.00015211664,-3.1789765e-05,-0.00031688064,9.875931e-05,-8.378737e-05,-2.8248178e-06
SIRPD,-0.00021351501,-0.0004910361,-0.00036090985,0.00011998322,-0.0010451749,-8.8229775e-05,0.00019525737,2.6401249e-05
POLE3,-0.00016484782,-0.00033096038,-0.00019002892,0.000117177144,-0.001228191,-0.00015009288,7.5905584e-05,1.7778599e-05
COMMD1,-0.0002853833,-0.00028522126,-9.107217e-05,7.100403e-05,-0.0002682954,-0.0002792012,7.1702525e-06,1.5718513e-05
BCL2L2,-2.3849308e-05,3.499724e-05,6.975606e-05,5.6278892e-05,0.00016469508,-5.186908e-05,-8.493569e-05,2.4242327e-06
GTF2H5,8.427538e-05,-0.00013922527,1.4089048e-05,-4.657451e-05,0.00097411126,7.1906485e-05,1.5861355e-05,4.520407e-06
FTHL17,-0.00021708943,-0.00048895366,-0.00036055222,0.00012257323,-0.0011222437,-8.885935e-05,0.00019481964,2.6362599e-05
NXT1,-0.00031643733,-0.0005686898,-0.0004242584,0.00012026634,-0.0015145019,-0.00012559863,0.00024810154,3.029767e-05
RTL8C,1.6244128e-05,-0.00020598993,-1.921691e-05,-3.2007694e-05,-0.00018201768,2.7650967e-05,3.8692728e-05,8.307979e-06
CST6,-0.00027281605,-0.00042135827,-0.00033873692,0.00021391548,-0.0013012886,-0.00023262808,0.000112418085,2.7753646e-05
MT1E,-0.0004638601,-0.0010020919,-0.001019612,0.0003414033,-0.0038196668,2.4953857e-05,0.0005953489,5.6346646e-05
MAPK1IP1L,-0.00020184368,-0.00032129884,-0.00019847229,0.000113247894,-0.00032197684,-0.00011763768,6.7772344e-05,1.9625295e-05
EIF4EBP1,-0.00020236522,-0.00023565628,-0.00019812956,0.00017577782,-0.0008524433,-0.00011711009,4.744064e-05,1.7979532e-05
IL13,-0.00022361428,-0.0004936978,-0.00036593527,0.0001263693,-0.0011237562,-9.5377676e-05,0.00019566063,2.674642e-05
KIAA1143,5.865097e-05,-0.0001981128,-2.5875866e-05,-9.600632e-05,-0.0004615113,0.0001233099,8.8602304e-05,7.177703e-06
CSAG1,-8.678064e-06,-8.3258376e-05,1.6056001e-05,2.1919608e-05,-0.00033709407,1.4264137e-05,-1.4659949e-05,5.071517e-06
SCT,-0.00019977242,-0.0004892256,-0.00035749003,0.00011121854,-0.0010983124,-7.0351176e-05,0.00020054914,2.5944668e-05
TBX20,-0.000117888674,-0.000484474,-0.00030183792,2.350565e-05,-0.000269413,2.7872622e-05,0.00021748058,2.155092e-05
RPS27,-0.00017565861,-0.00053405203,-0.00039871968,0.00013898779,-0.0005411282,-2.9007904e-05,0.00021850038,2.7950504e-05
DCDC2C,-0.00018899329,-0.00042419694,-0.00028410926,0.000106137246,-0.00057949126,-0.00010750769,0.00014046859,2.2801454e-05
CMTM7,-0.00028889626,-0.0008141622,-0.00066562556,0.0001622485,-0.00270243,-0.00010072533,0.00040729064,4.2259344e-05
CALML5,-0.00026858598,-0.00055990927,-0.00044796802,0.00015636254,-0.0015354529,-0.00010711653,0.00024051312,3.0971598e-05
C11orf74,0.00013807602,8.581765e-05,8.03452e-05,5.3877942e-05,-4.863739e-05,2.9053539e-05,-0.00010227505,2.0281877e-06
CKLF,-0.0003053099,-0.00046106242,-0.00041118078,0.00019621197,-0.0009518266,-0.00016754353,0.00017037522,3.0606636e-05
COX7A2,-0.00018080883,-0.0006413702,-0.00047555193,0.00011706166,-0.00066729635,-1.7398037e-05,0.0002878029,3.2031792e-05
IL15,-0.000120628625,-0.00024805218,-0.00013492629,6.508548e-05,-0.0002214387,-7.006619e-05,5.271379e-05,1.4684629e-05
ZFP64,0.00015278906,6.17262e-05,0.00015536323,-2.4394132e-05,8.91611e-05,0.00011442043,-8.0540776e-05,-3.1075906e-06
ENY2,-8.7102875e-05,-0.00028673373,-0.00013196282,3.1676143e-05,-0.00028069317,-5.1899813e-05,7.238425e-05,1.51619315e-05
BRD8,1.902692e-05,-0.00014273264,-8.510426e-06,4.0903687e-06,-0.00067756325,5.8106147e-05,2.5706366e-05,5.7620928e-06
TRIM43,-0.00021008775,-0.0005038157,-0.0003803093,0.000120445155,-0.001111038,-7.4420124e-05,0.0002092421,2.7253642e-05
ATP5MC1,1.7965212e-05,-0.00010522455,9.007752e-06,4.8950315e-06,0.00022132695,8.932315e-06,-1.3851561e-05,6.742426e-06
RPP14,-0.00030864216,-0.00043248385,-0.00028350018,0.0001115324,-0.0007326007,-0.00021590665,0.00011687726,2.6238267e-05
HIST2H2BE,-0.00021708943,-0.00048895366,-0.00036055222,0.00012257323,-0.0011222437,-8.885935e-05,0.00019481964,2.6362599e-05
MRPS21,-0.00018061884,-0.0003923513,-0.00032290444,0.00013485178,-0.00077822804,-4.5148656e-05,0.00016019773,2.4294015e-05
HIST1H2BB,-0.00021708943,-0.00048895366,-0.00036055222,0.00012257323,-0.0011222437,-8.885935e-05,0.00019481964,2.6362599e-05
MRPS17,0.00035810284,-0.00022494048,1.713261e-05,-0.00023841858,-7.006526e-05,0.0004378585,0.00018620957,-2.4709152e-06
SPINK2,-0.00020265952,-0.00049808994,-0.0003535468,0.000104770996,-0.0010534227,-6.377138e-05,0.00020305254,2.570555e-05
TMEM14A,-0.00035683252,-0.00066430494,-0.00048181228,0.00018854998,-0.001370661,-0.00023601018,0.00023807585,3.5980716e-05
C9orf40,0.00020608678,0.00017395802,0.0002614688,1.899805e-05,0.0002623424,-6.28056e-05,-0.00021191034,-7.0894603e-06
NDUFAB1,-0.00011764839,-0.0003808122,-0.00019526109,3.637839e-05,-6.8709254e-05,-6.4097345e-05,0.000119713135,1.8245308e-05
SERP1,-5.0360337e-05,-0.00016679242,-0.000109305605,3.324356e-05,-0.0012236685,0.00011167023,9.655114e-05,9.026378e-06
RPLP1,-0.00028748065,-0.0007788241,-0.00063238107,0.0001867013,-0.00084301084,-6.0237013e-05,0.00035999343,4.0336978e-05
CFAP97D1,-0.0002019424,-0.00046490878,-0.00033040717,0.000107819214,-0.001056239,-7.7812e-05,0.0001826724,2.4670037e-05
C3orf18,0.00023168325,-0.00011782162,8.0581754e-05,-0.0002232641,-0.0017428845,0.00033385307,0.00014663767,-5.6168064e-06
FANCD2OS,-0.00021162629,-0.0004865732,-0.00035703555,0.000119164586,-0.001081422,-8.5116364e-05,0.00019404199,2.6134308e-05
CCL3,-0.0003443025,-0.00031954795,-0.00047825277,0.00034733303,-0.0014279783,-0.00020663487,0.00013229437,3.2978947e-05
PMAIP1,0.0005306341,0.00026106834,0.0004042145,-0.00024707243,0.0035798773,0.00029471237,-0.00018013734,-1.8968014e-05
ACAA2,-0.0003001187,-0.00037799776,-0.00025654584,0.00013722666,-0.0011747777,-0.00021947548,0.00010355469,2.1591084e-05
GGTLC1,-8.473173e-06,-0.00031870604,-0.00013582595,-1.913961e-05,-0.00042603165,3.270246e-05,0.00012217462,1.2537232e-05
BLOC1S4,0.00019641966,7.5308606e-05,0.0001830142,-0.00010335818,0.0010370538,0.0001657838,-6.071478e-05,-6.3435873e-06
C1orf162,-0.00021993741,-0.0004986543,-0.00035636872,7.819105e-05,-0.00017421693,-3.7921593e-05,0.00021511316,2.6204274e-05
HBEGF,4.502386e-05,-0.00019695424,-6.684847e-05,-3.513787e-05,-0.00047449023,5.1655807e-05,6.51842e-05,9.596348e-06
CISD3,0.00041696802,0.00023308024,0.0004293956,-0.00019666832,0.0017717704,0.00021331012,-0.00020061154,-1.7670915e-05
TMEM256,-0.00038468093,-0.000715144,-0.00064678676,0.00025925413,-0.002355501,-0.00023910776,0.0003100112,4.3512322e-05
NPPA,0.00023648888,0.00037625246,0.00044841506,-1.2645498e-05,0.000728406,-2.2725202e-05,-0.00033729244,-1.5911064e-05
TMEM42,0.00019526295,-0.00010127388,-3.918074e-05,-4.008878e-05,-0.00045989454,0.00023628306,8.36337e-05,3.1372765e-06
TMEM250,0.00045788474,0.00028493814,0.00037680194,-0.00015036762,0.002673708,0.00022913143,-0.00020303112,-1.6594771e-05
TRIM49C,-0.00017899089,-0.00045786053,-0.00031328946,9.9059194e-05,-0.00072054565,-8.1167556e-05,0.0001698304,2.3937435e-05
TXNRD3,0.00046940334,0.0003738515,0.0005383156,-0.00029111188,8.4623694e-05,0.00042269472,-0.000167978,-2.7807779e-05
MS4A13,-0.00020162202,-0.00045443326,-0.00032201782,0.00011314545,-0.0009974614,-8.686073e-05,0.00017170329,2.441986e-05
RETN,-0.00017113052,-0.00034786016,-0.0002927538,0.00015788246,-0.0012766868,-0.00014176173,0.00011358783,2.2909371e-05
HIGD1C,-0.00015607104,-0.00042012893,-0.00028819963,9.13078e-05,-0.0006756857,-5.552452e-05,0.00015877094,2.2038119e-05
SF3B2,-0.0005399119,-0.00086554326,-0.0007221885,0.00027887523,-0.0016556606,-0.00028908998,0.0003589848,4.8385118e-05
SPATA33,-9.364262e-05,-0.00017204508,-9.006262e-05,9.4236806e-05,-0.0017138347,-0.00011170376,1.1362135e-05,1.3224781e-05
PAIP2,-4.0227547e-05,-0.0002367422,-0.00012265891,1.8513761e-05,0.0005428195,4.803948e-05,8.023437e-05,1.2353063e-05
GAPT,-0.0002230797,-0.0002922807,-0.00025854632,0.00019262359,-0.0014874265,-0.00016795797,7.091183e-05,2.1923799e-05
DYNLT3,0.00020701997,0.00032017007,0.0003944151,-9.261165e-05,0.0014321804,9.966083e-05,-0.00023029279,-1.5737722e-05
FABP7,-0.00021423213,-0.00015071407,-4.8801303e-07,0.00010392349,0.001167953,-0.00020872056,-8.1167556e-05,9.863521e-06
REP15,-7.0828944e-05,-0.00024107657,-0.00016961992,7.3596835e-05,0.00025007874,-2.0221807e-05,7.156469e-05,1.4952966e-05
NDUFA3,0.00013341196,-0.0002005864,7.431954e-06,-8.2938e-05,0.00094837695,0.00010784436,4.946813e-05,4.561385e-06
SPATA24,-8.611567e-05,-0.0005115904,-0.00024283864,-5.38202e-05,0.00048524886,-5.2619725e-06,0.00019595772,2.081669e-05
BANF2,-0.00016689673,-0.00036429614,-0.00027322955,0.00012373924,-0.0009005964,-7.8772195e-05,0.0001276629,2.1729153e-05
SLURP1,-0.00019061938,-0.00047649443,-0.0003411714,0.00010401197,-0.0011048838,-5.8437698e-05,0.00019626599,2.4816603e-05
TXNRD3NB,-0.00021708943,-0.00048895366,-0.00036055222,0.00012257323,-0.0011222437,-8.885935e-05,0.00019481964,2.6362599e-05
LSMEM1,0.00024917722,0.00020196289,0.00037108362,-0.00015051942,0.00076349825,0.00012291688,-0.00017341878,-1.4640507e-05
CTNNBL1,-0.00025921687,-0.00020453334,-6.8554655e-05,0.00013259333,-0.0008517504,-0.00029243762,-4.8294663e-05,1.5366008e-05
PRM1,-0.00021708943,-0.00048895366,-0.00036055222,0.00012257323,-0.0011222437,-8.885935e-05,0.00019481964,2.6362599e-05
PSORS1C1,-0.00023342669,-0.00049858354,-0.0003705714,0.00013063289,-0.0011661127,-0.0001041349,0.00019611884,2.7144444e-05
RPA3,4.7488138e-05,-0.00034288503,-0.00011964142,-8.69995e-05,-0.00037904084,0.00012115762,0.00015971623,1.0745251e-05
MRPS18C,-5.4500997e-06,-0.00045579486,-0.00010185316,-0.00013364106,0.0003970936,2.8843991e-05,0.00016149599,1.1799857e-05
CSTB,-0.00015666336,-0.00022222847,-9.114295e-05,5.989056e-05,-0.00019365549,-8.7842345e-05,3.2541342e-05,1.2272736e-05
TEX19,-0.00021708943,-0.00048895366,-0.00036055222,0.00012257323,-0.0011222437,-8.885935e-05,0.00019481964,2.6362599e-05
USP15,0.0002428405,0.00014339387,0.0003630109,-9.5714815e-05,0.00029449165,6.963406e-05,-0.00018972438,-1.3005105e-05
VN1R1,-0.00015834719,-0.00035659224,-0.0002752617,9.903498e-05,-0.00020757318,-2.9563904e-05,0.00013927557,2.124987e-05
CLEC5A,-4.749745e-07,-6.8731606e-05,9.3722716e-05,-3.4287572e-05,0.0002001822,6.70366e-06,-4.480686e-05,2.1959422e-06
MZT2B,-0.00024671294,-0.00044452585,-0.0002708137,5.505886e-05,-0.00041255355,-0.00011644466,0.00016095303,2.2937078e-05
C11orf71,-0.00023997389,-0.0003335029,-0.00018154085,9.381678e-05,-0.0018092245,-0.00016732654,9.469781e-05,1.6942504e-05
TAS2R50,-0.00020870939,-0.0004917085,-0.00036538392,0.0001186803,-0.0011062026,-7.7505596e-05,0.00020043645,2.6479946e-05
IL5,-0.00021708943,-0.00048895366,-0.00036055222,0.00012257323,-0.0011222437,-8.885935e-05,0.00019481964,2.6362599e-05
H3F3C,-0.00021708943,-0.00048895366,-0.00036055222,0.00012257323,-0.0011222437,-8.885935e-05,0.00019481964,2.6362599e-05
TMEM60,-0.00019754097,-0.00040983967,-0.0003422387,0.0001573693,-0.0004317239,-0.00014138874,0.00014446396,2.5776448e-05
PAGE1,-0.0002117455,-0.0004848279,-0.00035250746,0.00011893269,-0.0010122359,-9.22475e-05,0.00018905196,2.6034657e-05
PHLDA3,0.00021630526,-9.685941e-05,8.4264204e-05,-9.5729716e-05,0.00036609173,0.00013462733,-3.453344e-06,7.5425487e-07
AHSA2P,0.00013486855,0.00019155443,0.00022544712,-2.8640032e-05,0.001351893,3.7738122e-05,-0.00015903916,-7.104478e-06
MERTK,-0.00021828339,-0.0006708782,-0.0005770847,0.0001316797,-0.0012976974,6.689783e-05,0.00038207695,3.2567186e-05
RNASE9,-0.00021708943,-0.00048895366,-0.00036055222,0.00012257323,-0.0011222437,-8.885935e-05,0.00019481964,2.6362599e-05
RIPPLY2,0.000545416,0.0010434985,0.0011979043,-0.00030351058,0.003093399,9.467546e-05,-0.00071787555,-5.53329e-05
GCK,-5.0272793e-05,-7.9955906e-05,7.738732e-05,4.5851804e-05,0.0010642782,-0.00015674997,-0.0001123948,5.7031866e-06
PKP1,-0.00014801696,-0.00031127036,-0.00025045313,0.00011273194,-0.00058086216,-3.8889237e-05,0.00011307374,2.0252075e-05
RPL36,4.74602e-05,-0.00016221963,1.0566786e-05,-4.224945e-05,0.0008299798,3.9487146e-05,1.3594516e-05,5.794922e-06
MBD4,6.862357e-05,-9.3249604e-05,8.494407e-05,-8.8096596e-05,0.00064796954,3.679935e-05,-1.4351681e-05,1.1398224e-06
LY6G6C,2.4098903e-05,-0.00012187287,-1.533702e-05,5.1288866e-05,0.00085096806,-7.039029e-05,-4.8181973e-05,8.9313835e-06
PIH1D3,-1.6001984e-05,-0.00030066632,-0.00010144897,-3.285706e-06,-2.9399991e-05,-2.3824163e-05,7.453002e-05,1.2431992e-05
JCHAIN,-0.00024260208,-0.0005248729,-0.0004046932,0.00013943296,-0.0013283044,-9.769108e-05,0.00021802448,2.8684619e-05
OPALIN,2.7477741e-05,4.4591725e-06,8.08537e-05,2.5670044e-05,0.00016890466,5.126931e-06,-6.930996e-05,1.0947697e-06
TMEM154,-0.00014082901,-0.0003463123,-0.00027617998,0.0001572622,-0.0003617853,-0.00014664186,8.380227e-05,2.3493194e-05
SPINK4,-0.00020259805,-0.00045619346,-0.0003350377,0.00011828821,-0.0010707527,-7.705297e-05,0.00018053595,2.471928e-05
SIDT1,0.00010636076,0.00023415498,0.00035435893,-6.455835e-05,0.0007442981,1.1147931e-05,-0.0002051862,-1.3446319e-05
C15orf40,-7.6595694e-05,-6.0990453e-05,-0.000121509656,0.00013790838,-0.0010215789,-8.109771e-05,-1.3600104e-05,1.3546669e-05
TET3,-0.00052126125,-0.0016722046,-0.0014289729,0.00025595725,-0.0024444312,-5.595293e-05,0.0009053126,8.15714e-05
PLA2G2E,-0.00021708943,-0.00048895366,-0.00036055222,0.00012257323,-0.0011222437,-8.885935e-05,0.00019481964,2.6362599e-05
HBZ,-0.00011361763,-0.00025986508,-0.00023308769,4.1486695e-05,-0.0019966513,0.00029778574,0.00025614724,1.0461314e-05
NDUFB3,-5.0857663e-05,-0.0002303496,-0.00014822744,1.9760802e-05,-0.00093464553,5.691033e-05,0.00011559762,1.2548175e-05
CDK2AP2,-3.770925e-05,-7.397495e-05,-5.2880496e-06,6.118789e-05,-0.001460895,-7.458031e-06,-2.979301e-06,4.979316e-06
TAS2R30,3.4086406e-07,-0.0001421012,-1.770258e-05,-1.4816411e-05,-0.00037954748,4.2499043e-05,3.28077e-05,6.5098284e-06
POLG2,0.00023617595,0.00018320605,0.00053348765,-0.00025771,0.0015347824,-2.361834e-05,-0.0002564164,-1.9557076e-05
IGLL1,-0.00017761812,-0.0004584901,-0.00028495304,6.66976e-05,-0.0005765185,-5.8663078e-05,0.0001743678,2.2131368e-05
NKX6-3,-0.0002686251,-0.0005169194,-0.00040332973,0.00015417859,-0.0012916327,-0.00012300443,0.00020626653,2.895901e-05
DEFB118,0.00012727268,8.56258e-06,0.00013716705,-9.74061e-05,0.00061199814,0.00013039168,-3.491249e-05,-3.2460084e-06
MSMP,1.0974705e-05,-9.711832e-06,9.845011e-05,-3.7103891e-06,-5.209446e-05,2.8577633e-05,-5.6443736e-05,4.238682e-07
CST9,-0.00021708943,-0.00048895366,-0.00036055222,0.00012257323,-0.0011222437,-8.885935e-05,0.00019481964,2.6362599e-05
OCM2,-0.00021708943,-0.00048895366,-0.00036055222,0.00012257323,-0.0011222437,-8.885935e-05,0.00019481964,2.6362599e-05
GHRH,-0.00023747608,-0.0004925225,-0.00038567185,0.00015102327,-0.001039125,-0.00012998795,0.00018678047,2.828578e-05
TPRKB,-0.00012288429,6.2985346e-05,0.000117994845,8.26763e-05,0.0017497838,-0.00020895572,-0.00018214714,3.7979335e-06
CMTM3,-0.0002507642,-0.00047613494,-0.00038844347,0.00019051414,-0.0021374524,-0.0001221234,0.00019537285,2.6900903e-05
HBM,0.00038694032,0.00041481853,0.00048637018,-0.00014245883,0.002928175,0.00023488048,-0.00026962068,-2.3965607e-05
TMEM215,-0.000114193186,-4.601665e-05,-4.431233e-06,8.953083e-05,-0.0006007254,-0.00013192557,-6.286055e-05,8.586911e-06
TAS2R8,-0.00022479892,-0.0004972257,-0.00036888942,0.0001267977,-0.0010883063,-9.789877e-05,0.00019650534,2.695818e-05
ZG16B,-0.00017203763,-0.00037101097,-0.0002566222,0.00010680966,-0.0008691177,-8.192379e-05,0.00012549572,2.088875e-05
TMEM52,8.050911e-05,1.6577542e-05,0.00018419325,-4.0838495e-05,0.0012897104,-5.85597e-05,-0.00013215933,-2.5590416e-06
B2M,-0.00036254525,-0.0004963763,-0.00034444965,0.0001787059,-0.00015575439,-0.00024812343,0.00013006851,2.8679147e-05
SMIM19,4.582852e-05,-0.000112121925,-4.3338165e-05,-2.435036e-05,-0.001564309,0.00013986323,8.584373e-05,4.7164503e-06
TMEM119,-0.00010550022,-0.0005612932,-0.00043370947,5.2753836e-05,-0.00034964085,0.000104206614,0.00030513015,2.662721e-05
LCN15,-0.00019516051,-0.00047357567,-0.00033935532,0.00010964554,-0.0009251386,-7.7637844e-05,0.000185485,2.5181449e-05
NPPB,-7.319637e-05,-0.00033041835,-0.00021134876,5.8145262e-05,-0.00045137852,-4.634261e-06,0.00011942815,1.7672544e-05
CLEC19A,-5.4500997e-06,-0.00037502684,-0.00020903349,5.3048134e-06,0.00024507195,-5.5218115e-06,0.00013353024,1.7522252e-05
CDC42SE1,-0.00013591908,-0.0001474116,-0.00019861385,0.00015154481,-0.0015615672,-1.5188009e-05,7.205922e-05,1.5768921e-05
C3orf22,-0.00020020083,-0.00047482736,-0.0003417395,0.00011267234,-0.00096369535,-8.1167556e-05,0.00018566381,2.534897e-05
HIGD1B,-0.0010110997,-0.001353737,-0.001308756,0.00054698065,-0.005876653,-0.00046847062,0.00066345744,8.214265e-05
DNAJC24,0.0003391821,0.0008988213,0.0009329822,-0.00014760159,0.0027561486,2.956111e-05,-0.00061667245,-4.1957945e-05
CDPF1,0.00042127073,0.0005043186,0.00053533353,-0.00024771038,2.4214387e-06,0.00042359438,-0.00019803736,-2.8425013e-05
SSX1,-0.00021559373,-0.000497818,-0.00037205033,0.00012264494,-0.0011149272,-8.3870254e-05,0.00020217802,2.6930938e-05
TMEM126B,0.00017343834,0.00014233403,0.0003131535,-0.00012316462,-0.00029017776,9.3948096e-05,-0.00014039222,-1.0305084e-05
PTTG2,2.132915e-05,0.00021094829,0.00025426224,-3.0915253e-05,9.1552734e-05,-6.0140155e-05,-0.00018968154,-5.492475e-06
FAM163B,-0.00013569929,-0.00038500875,-0.00025348552,7.849466e-05,-0.0007502064,-3.4270808e-05,0.00014499202,2.007035e-05
IFNA8,-0.00021708943,-0.00048895366,-0.00036055222,0.00012257323,-0.0011222437,-8.885935e-05,0.00019481964,2.6362599e-05
TMEM125,-0.00025887974,-0.00050054677,-0.00029189326,8.994527e-05,0.00013175607,-0.00022148807,0.00012753252,2.6013353e-05
NPW,-0.00027769804,-0.00043457,-0.00036417134,0.00015555788,-0.0014947355,-6.0061924e-05,0.00019686297,2.4974812e-05
N6AMT1,1.9690022e-05,6.1132014e-05,0.00022269227,-1.6677193e-05,0.0016531497,-8.870289e-05,-0.00017394219,-3.4428667e-06
C17orf103,-0.00021708943,-0.00048895366,-0.00036055222,0.00012257323,-0.0011222437,-8.885935e-05,0.00019481964,2.6362599e-05
OTOR,2.7405098e-05,-9.281933e-05,2.3376197e-06,-7.2624534e-06,-3.5457313e-05,3.932044e-05,4.1238964e-06,5.4390403e-06
OTOS,-5.9099868e-05,-0.0003088042,-0.00012098625,-2.268143e-05,-0.00046738237,5.591754e-05,0.00011920184,1.212582e-05
RAMP1,-0.00055012666,-0.0009784997,-0.0010064952,0.0003531156,-0.0025440678,-0.00020055147,0.0005091941,6.144878e-05
OSM,-3.4851953e-05,-0.00044981577,-0.0003217552,4.158262e-05,-0.00031396747,6.1634e-05,0.00021197833,2.2260705e-05
RNASE11,-0.00021708943,-0.00048895366,-0.00036055222,0.00012257323,-0.0011222437,-8.885935e-05,0.00019481964,2.6362599e-05
TEN1,0.00024075061,0.00015425123,0.0002775062,-0.00010533724,0.00045292825,0.00016263314,-0.00012200605,-1.1442695e-05
SERTAD3,3.9424747e-05,-4.758686e-05,0.0001301989,-9.865966e-05,0.00043050945,7.623155e-05,-2.87164e-05,-7.3749106e-07
IL23A,-1.9203871e-05,-0.00018998422,-4.175678e-05,8.898787e-06,-0.00018367916,-2.5266781e-06,3.2614917e-05,8.223462e-06
PYCARD,-0.0003744401,-0.00070371106,-0.00061828457,0.00024331082,-0.0012217909,-0.00022503268,0.00029318966,4.1679014e-05
C15orf53,-0.00021708943,-0.00048895366,-0.00036055222,0.00012257323,-0.0011222437,-8.885935e-05,0.00019481964,2.6362599e-05
CRIPT,-4.0579587e-05,-9.2461705e-06,0.00012865476,2.653338e-05,0.00036489218,-5.724188e-05,-0.00010675099,7.119961e-07
INTS6,0.00020808913,0.0002567377,0.00045224465,-0.00013847742,0.001998268,-3.9953738e-07,-0.00026979577,-1.6185571e-05
SEM1,-7.802062e-05,-0.00031113252,-0.00013876334,3.023073e-06,-0.00029295683,1.9180588e-05,0.00011252239,1.35025475e-05
SHISAL2A,-0.00019799359,-0.00026228093,-0.0002326835,0.00016369019,-0.0010211393,-0.00010857452,7.169694e-05,1.992716e-05
CGA,-0.00018477812,-0.00036512315,-0.00022250786,0.00014272891,-0.0030021816,2.5300309e-05,0.00015889946,1.6959035e-05
TCEAL3,0.00010846928,2.4147332e-05,0.00015828386,-0.00011001807,4.196912e-05,0.000108030625,-3.896095e-05,-3.4415862e-06
IFRG15,-0.00021708943,-0.00048895366,-0.00036055222,0.00012257323,-0.0011222437,-8.885935e-05,0.00019481964,2.6362599e-05
TAC1,-0.0014680307,-0.0024815593,-0.0023656227,0.0008670008,-0.006413132,-0.00077793095,0.0011994941,0.00014199468
NDUFB1,-0.00019381382,-0.0005198512,-0.00033354573,7.393118e-05,-0.0005902946,-4.4360757e-05,0.00021459721,2.4609151e-05
SMIM21,-0.00023272075,-0.00050295703,-0.00037568063,0.0001313826,-0.001138024,-0.000102939084,0.00019895472,2.737681e-05
AL049829.1,-0.00021708943,-0.00048895366,-0.00036055222,0.00012257323,-0.0011222437,-8.885935e-05,0.00019481964,2.6362599e-05
RNASE3,-0.00018579699,-0.0004958529,-0.00034891628,7.71191e-05,-0.0011019856,-1.3265759e-05,0.0002250988,2.4562818e-05
ANKRD37,-0.00035939552,-0.00026420876,-0.00025653094,0.00012821145,-0.0023884177,-4.141126e-05,0.00015887059,1.7931918e-05
KISS1,-0.00019129924,-0.00041071884,-0.00028207153,0.00010556821,-0.00093246996,-8.091051e-05,0.00014850963,2.2159424e-05
OIP5,-0.00032207742,-0.0005380586,-0.00042030215,0.00015943125,-0.0007821396,-0.00019667437,0.00019822083,3.1301286e-05
PTH,-0.00021708943,-0.00048895366,-0.00036055222,0.00012257323,-0.0011222437,-8.885935e-05,0.00019481964,2.6362599e-05
CST4,-0.00021344237,-0.00049787574,-0.00036836416,0.000119367614,-0.001190953,-7.917732e-05,0.00020412356,2.6619877e-05
IL36A,-0.00021708943,-0.00048895366,-0.00036055222,0.00012257323,-0.0011222437,-8.885935e-05,0.00019481964,2.6362599e-05
RNASE13,-0.00021162629,-0.0004865732,-0.00035703555,0.000119164586,-0.001081422,-8.5116364e-05,0.00019404199,2.6134308e-05
C1orf54,-0.00023293495,-0.0004130546,-0.00021521561,0.00013839267,-0.00047370046,-0.00021951832,6.4288266e-05,2.1617278e-05
C15orf61,-0.00040995143,-0.00036055036,-0.0002452731,0.000224174,-0.0018992573,-0.0003934065,3.1565316e-05,2.5330111e-05
FAM9C,-0.00022361428,-0.0004936978,-0.00036593527,0.0001263693,-0.0011237562,-9.5377676e-05,0.00019566063,2.674642e-05
PPIL3,5.6019053e-05,-0.00019217655,-1.6439706e-05,-0.00010802038,-0.00047245622,0.00020766538,0.000108474866,5.130074e-06
HIST1H2BM,-0.00021708943,-0.00048895366,-0.00036055222,0.00012257323,-0.0011222437,-8.885935e-05,0.00019481964,2.6362599e-05
ISCA1,-0.00016720593,-0.00043265522,-0.00027248077,5.905796e-05,-0.00072430074,-5.3900294e-05,0.00016881619,2.163637e-05
TAC4,-0.00021103397,-0.0004749857,-0.00034898333,0.00012245215,-0.0009381771,-9.080209e-05,0.00018469803,2.5654328e-05
KRTAP4-5,-0.00020020083,-0.00047482736,-0.0003417395,0.00011267234,-0.00096369535,-8.1167556e-05,0.00018566381,2.534897e-05
C1orf186,-0.00021708943,-0.00048895366,-0.00036055222,0.00012257323,-0.0011222437,-8.885935e-05,0.00019481964,2.6362599e-05
LARS2,-3.8344413e-05,-2.2720546e-05,0.00012949109,-1.1788681e-05,0.0013416484,-0.00011382112,-0.00012276415,3.563473e-06
C9orf85,0.00046621077,0.0004093554,0.00055158883,-0.00031149294,0.0025876313,0.00034044497,-0.00021869782,-2.7283793e-05
SUB1,-5.3577125e-05,-0.00032125972,-0.00021565333,7.591676e-05,-0.00027985126,2.11047e-05,0.00011628773,1.8013758e-05
CER1,-0.00015149266,-0.00038458593,-0.00027612038,9.8651275e-05,-0.0009141639,-5.2457675e-05,0.00014652219,2.1499465e-05
CERS6,-0.00080293417,-0.0016489085,-0.0015005097,0.0004202444,-0.0041181296,-0.00025656912,0.0008628676,8.9116744e-05
FGF16,-0.00021708943,-0.00048895366,-0.00036055222,0.00012257323,-0.0011222437,-8.885935e-05,0.00019481964,2.6362599e-05
GSTA1,-0.00014317594,-0.00038152933,-0.00022502244,8.3102845e-05,-0.00039006025,-8.7483786e-05,0.00011136383,1.9722851e-05
TSTD1,3.5967678e-06,0.00015813671,0.00018879585,0.00012395903,0.00047379732,-0.00025563594,-0.0002521528,3.8242433e-07
ISG15,1.0102987e-05,2.26181e-05,0.00020148791,9.126961e-08,0.00093523413,-0.000121889636,-0.00017394964,-3.1501986e-07
H2BFWT,-0.00021708943,-0.00048895366,-0.00036055222,0.00012257323,-0.0011222437,-8.885935e-05,0.00019481964,2.6362599e-05
SOX17,-4.707463e-05,-0.00047111884,-0.00034421682,0.00010281522,-0.0008087605,4.2372383e-05,0.00020459667,2.3003784e-05
MRPL36,2.4747103e-05,-0.00025021844,-2.5691465e-05,-9.817816e-05,0.0013783574,9.0447254e-05,8.2716346e-05,6.178976e-06
CYCS,-0.00044290908,-0.00087716244,-0.0007450469,0.00024434086,-0.0019689947,-0.00016725855,0.0004064124,4.8091868e-05
CSTA,-0.00010798685,-0.0003403388,-0.00015749596,4.815869e-05,-0.0006226748,-6.0499646e-05,9.339396e-05,1.5191967e-05
IFNA10,-0.00021162629,-0.0004865732,-0.00035703555,0.000119164586,-0.001081422,-8.5116364e-05,0.00019404199,2.6134308e-05
CYYR1,-0.0005531572,-0.0010752827,-0.00084546953,0.00019838475,-0.003646791,-0.00023062248,0.0005132174,5.4141623e-05
ANAPC13,5.6758523e-05,-0.00012939423,6.439537e-05,-5.6984834e-05,0.0010058135,-2.9558316e-05,-3.3676624e-05,4.9973605e-06
SST,-0.00016344711,4.220009e-05,1.5342608e-05,0.000112523325,-0.00027756393,-9.787455e-05,-7.76425e-05,6.5253116e-06
MFGE8,-0.00010634586,-7.346645e-05,9.0884045e-05,1.976639e-05,0.00019431114,-0.000107931904,-8.527096e-05,3.2539247e-06
COLCA2,0.00010600872,-0.00022592023,-2.3283064e-05,-0.00011544395,0.00011393428,0.00017303042,0.00010658521,4.6102796e-06
WDR83OS,-6.350316e-05,-0.00033649057,-0.00019512698,4.4416636e-05,9.570271e-05,1.7622486e-05,0.000118839554,1.7210608e-05
MRPL30,-0.00018581748,-0.00041919574,-0.00025865436,9.275507e-05,-0.001519151,-0.00013916474,0.0001366064,2.2153137e-05
GTF2A2,-6.1756e-05,-0.00020918623,-8.640252e-05,4.0484592e-05,0.00018392503,-3.4198165e-05,3.5505742e-05,1.1672266e-05
APOM,5.2569434e-05,-0.00021108612,-0.000105017796,7.081311e-05,-0.00058439374,-2.901163e-05,3.756024e-05,1.1157594e-05
MTTP,-0.00030741654,-0.0002423022,0.000106975436,8.749124e-05,0.002644986,-0.00053080684,-0.0001977263,8.515082e-06
C1orf189,-0.0001146514,-0.00040667877,-0.00021130219,3.107637e-05,-0.00052355975,-5.8216974e-05,0.00013450347,1.8888153e-05
C5orf15,-0.000110587105,-0.0001397878,-1.9151717e-05,4.256144e-06,-0.0010415539,2.0001084e-05,4.0085055e-05,6.370945e-06
LAGE3,0.000112220645,-8.9835376e-05,5.0786883e-05,-0.00016748067,-0.00058247894,0.00024722703,9.01632e-05,-2.0000152e-07
SELENOK,-0.00018496998,-0.00046469457,-0.00031208433,9.438582e-05,4.6670437e-05,-0.00010735588,0.00015331991,2.5413465e-05
POLD4,-0.00015318953,3.5487115e-05,5.96568e-05,0.00014839042,-0.0007567033,-0.00024570758,-0.00014753174,6.448943e-06
CENPX,-0.00021708943,-0.00048895366,-0.00036055222,0.00012257323,-0.0011222437,-8.885935e-05,0.00019481964,2.6362599e-05
PAEP,-0.00016266853,-0.00047867186,-0.0003235638,8.0477446e-05,-0.00082071126,-3.4831464e-05,0.00019541197,2.3858971e-05
CT47B1,-0.00021708943,-0.00048895366,-0.00036055222,0.00012257323,-0.0011222437,-8.885935e-05,0.00019481964,2.6362599e-05
HMGA1,-0.0001705084,-0.00029432215,-0.00014122389,8.495804e-05,-0.00051410496,-0.00017555291,2.9594637e-05,1.7923652e-05
LY6L,-0.00021708943,-0.00048895366,-0.00036055222,0.00012257323,-0.0011222437,-8.885935e-05,0.00019481964,2.6362599e-05
HBA2,0.0001029782,-3.321469e-05,0.00013296306,-4.289951e-05,3.5576522e-05,0.0001419289,-3.517419e-05,-2.4777837e-06
INAFM1,1.9894913e-05,-8.9975074e-05,-2.901256e-05,1.244247e-06,0.0006354749,1.813285e-05,-1.3919547e-05,1.0761316e-05
MLH1,-8.657947e-05,-0.0004948415,-0.0004009921,0.00011333544,-0.00025112182,-5.3127296e-05,0.00020228513,2.850045e-05
GTSF1L,-0.00021162629,-0.0004865732,-0.00035703555,0.000119164586,-0.001081422,-8.5116364e-05,0.00019404199,2.6134308e-05
CST7,-0.00023383088,-0.00038853288,-0.00032164901,0.0001732586,-0.0012823418,-9.9784695e-05,0.00014207419,2.3820554e-05
AC022532.1,-0.00021708943,-0.00048895366,-0.00036055222,0.00012257323,-0.0011222437,-8.885935e-05,0.00019481964,2.6362599e-05
NDUFB7,-0.00012930296,-2.1956861e-05,3.9657578e-05,9.788759e-05,0.00031857193,-0.00014380878,-9.8242424e-05,6.3220505e-06
ATP6V1F,-1.1743978e-05,-0.00018476881,-9.619631e-05,4.633423e-05,-0.00061911345,3.494229e-05,5.658064e-05,1.0849675e-05
ACOT6,-0.00034798123,-0.0006028265,-0.00052542426,0.0002186764,-0.0016948208,-0.00017789146,0.00025028177,3.616116e-05
NAT14,0.00018027984,-0.000253167,-0.00020635687,-9.875745e-06,-0.0007895082,0.00025628787,0.00018271152,1.2777862e-05
TMEM207,-0.00021708943,-0.00048895366,-0.00036055222,0.00012257323,-0.0011222437,-8.885935e-05,0.00019481964,2.6362599e-05
TAS2R31,-0.000102305785,-0.00034003332,-0.00017867796,5.1576644e-06,-0.00060551614,3.0287541e-05,0.00014390983,1.4874269e-05
FAM167A,-0.000100588426,-0.00041456893,-0.00025803782,-1.5245751e-05,-0.0025239512,3.165379e-05,0.00021412969,1.9359053e-05
ERICH2,-0.00025498867,-0.00031130947,-0.00033626333,0.0002129823,-0.0023942888,-8.155219e-05,0.00013783667,2.4430221e-05
KLRC4,-0.00017345138,-0.00040365197,-0.0002620034,9.949785e-05,-0.0007250309,-9.7130425e-05,0.00013025943,2.168247e-05
MS4A5,-0.0002485104,-0.00052713044,-0.00040793605,0.00014278851,-0.0013682246,-0.00010171998,0.0002186494,2.8900919e-05
NUTM2B,-9.649247e-05,-0.00016267598,-9.791739e-05,0.00011991523,-0.0009353906,-0.00014633546,-8.3278865e-06,1.2779841e-05
ARMCX6,6.1083585e-05,0.00016320683,0.00014309399,9.175483e-05,0.00032159686,-9.34517e-05,-0.00018604007,6.5902714e-07
LCE5A,-0.00020631775,-0.0004849173,-0.0003542602,0.00011602696,-0.0010397956,-8.155126e-05,0.00019359961,2.5945832e-05
LY6G6D,-0.00010625832,-0.00026581995,-0.00014357455,6.0863793e-05,-0.00060441345,-6.543193e-05,6.881077e-05,1.4797435e-05
AGR3,-0.00023045018,-0.00052213296,-0.0003979057,0.00013119355,-0.0013576448,-8.560438e-05,0.00021981262,2.8145732e-05
SAP25,0.00014627352,-0.00014979579,0.00014605746,-0.00013874099,0.002126135,-3.713183e-05,-6.452575e-05,1.3394747e-06
RPRML,-0.0001605209,-0.0004166793,-0.00029989704,0.00011662394,-0.00024268031,-0.00012923824,0.00012977142,2.4170964e-05
MAL,-0.00030456297,-0.0002971664,-0.00021751039,0.00021882355,-0.001376465,-0.000316835,7.2829425e-07,2.3787376e-05
CDKN2D,-0.00034352392,-0.00063915923,-0.0005790815,0.00023672823,-0.0018626079,-0.00015877746,0.00028937124,3.9210776e-05
RBP2,-0.00011015497,-0.00029777922,-0.00018266775,6.008614e-05,-0.00064857304,-3.1228177e-05,0.00010314863,1.5628058e-05
TIMM10,-2.7930364e-05,8.724071e-05,0.00011317432,1.6897917e-05,0.0013202354,2.5369227e-06,-0.00010877941,7.034978e-07
IL7,0.00011206232,-9.08412e-06,0.00017029233,-0.000113396905,0.00033760816,0.00015061814,-3.0163676e-05,-5.1702373e-06
KCNE4,-0.00060433894,-0.00072240084,-0.00073792785,0.0003354391,-0.005055256,-0.00026022596,0.00037441961,4.7180452e-05
IL4,-0.00021708943,-0.00048895366,-0.00036055222,0.00012257323,-0.0011222437,-8.885935e-05,0.00019481964,2.6362599e-05
ICOS,-0.00030758604,-0.0006002039,-0.00045427494,0.00014956389,-0.0016027391,-0.00013643317,0.0002500331,3.2050884e-05
CPLX4,-0.00022361428,-0.0004936978,-0.00036593527,0.0001263693,-0.0011237562,-9.5377676e-05,0.00019566063,2.674642e-05
PIN4,-0.00026761554,-0.00058075227,-0.00047985092,0.00020590052,-0.0017389283,-0.00019463617,0.00021901447,3.5157893e-05
HAUS2,0.000105220824,-0.000121226534,2.6227906e-05,-8.149259e-05,0.0012910143,0.00011978671,2.2514723e-05,4.3871114e-06
C16orf91,0.00029350445,2.3726374e-05,0.00021591596,-0.00017691031,0.00094386935,0.00026871637,-2.8442591e-05,-8.79867e-06
MRPL27,-0.00025527552,-0.00034187734,-0.00018820539,0.00012911297,0.00012522936,-0.00026293332,3.6176294e-05,2.009375e-05
FAM163A,-0.000106411055,-0.00044344552,-0.00026849844,6.133225e-05,-0.00061397254,-3.937632e-05,0.00015901495,2.1779328e-05
PVALB,-0.00021708943,-0.00048895366,-0.00036055222,0.00012257323,-0.0011222437,-8.885935e-05,0.00019481964,2.6362599e-05
RP11-211G3.3,-0.00021708943,-0.00048895366,-0.00036055222,0.00012257323,-0.0011222437,-8.885935e-05,0.00019481964,2.6362599e-05
GOLGA6B,-0.00021162629,-0.0004865732,-0.00035703555,0.000119164586,-0.001081422,-8.5116364e-05,0.00019404199,2.6134308e-05
UCMA,-0.00020538643,-0.00046445616,-0.00033616275,0.000116720796,-0.0010283738,-8.570403e-05,0.00017915294,2.5166082e-05
SNRPE,-0.00019254163,-0.00039391406,-0.00025562942,0.00013137516,-4.4353306e-05,-0.00015866244,9.153783e-05,2.2860826e-05
TMEM225,-0.0001897011,-0.000449121,-0.0003144797,0.000105975196,-0.00091056526,-7.872004e-05,0.00016997755,2.3924513e-05
RPLP2,-0.00029288046,-0.0007738359,-0.0006139856,0.00016988814,-0.0008480698,-5.284045e-05,0.00035872683,3.9355713e-05
UBD,-3.4021214e-05,-0.00017307885,-1.13826245e-05,-1.1623837e-05,0.00015779585,-3.918819e-05,6.8666413e-06,7.5340504e-06
CDC42SE2,0.00017613731,-9.884685e-05,0.0001674518,-0.00021621771,0.000552766,0.0002119001,2.9520132e-05,-4.158588e-06
HIGD1A,8.236617e-05,0.00010217726,0.00028108433,-0.000119685195,0.0011200532,6.242562e-05,-0.00013363454,-8.240342e-06
KRTAP10-10,-0.00021708943,-0.00048895366,-0.00036055222,0.00012257323,-0.0011222437,-8.885935e-05,0.00019481964,2.6362599e-05
DEFB112,-0.00018686429,-0.00046573952,-0.00032807887,0.00010489952,-0.00082390755,-7.546693e-05,0.00017899554,2.4634064e-05
RP11-508N12.4,-0.00021708943,-0.00048895366,-0.00036055222,0.00012257323,-0.0011222437,-8.885935e-05,0.00019481964,2.6362599e-05
IFNL3,-0.00021708943,-0.00048895366,-0.00036055222,0.00012257323,-0.0011222437,-8.885935e-05,0.00019481964,2.6362599e-05
USP49,0.00013230927,-7.6752156e-05,1.7425045e-05,-1.5182421e-05,0.0010038167,0.00012863986,-1.2671575e-05,4.7100475e-06
IFNB1,-0.00017662533,-0.00047274306,-0.00033846125,9.948481e-05,-0.0008335933,-5.9476122e-05,0.00019011088,2.4919864e-05
C12orf71,-2.607517e-05,-0.00042293593,-0.0002752468,1.5172176e-05,-1.4878809e-05,6.305985e-05,0.00019113254,2.0020525e-05
EVA1A,-0.00011185743,-0.00034292229,-0.00014769286,9.476207e-06,0.00014342368,-2.3029745e-05,0.00010174792,1.4873687e-05
ZNHIT3,-0.00022644922,-0.00059490465,-0.0005113259,0.00013181847,-0.002384439,-6.5807253e-06,0.00031653233,3.368978e-05
CDC26,-9.945035e-05,2.1433458e-05,-1.7425045e-05,0.0001620166,-0.00038539618,-0.00018091733,-0.00011575688,1.065142e-05
DPPA3,-8.206442e-05,-0.00021099299,-7.901713e-05,7.661898e-05,-7.279217e-05,-0.000115051866,-9.024516e-07,1.2562377e-05
AKAP9,-0.0005252622,-0.0011440311,-0.0009917915,0.0002971338,-0.0022319332,-0.0001692702,0.00055859424,6.106624e-05
NINL,-0.00028371066,-0.00091175176,-0.0006114673,2.7831644e-05,0.0007216558,-0.00010169577,0.00038456265,4.328473e-05
C4orf45,-0.00017129816,-0.00038653053,-0.00028175674,0.00011818018,-0.0005846843,-9.7525306e-05,0.00012669992,2.2905762e-05
GLUL,-8.075312e-05,-0.00026595965,-0.0001217816,4.5198947e-05,-6.3851476e-05,-4.5676716e-05,5.8701262e-05,1.3808254e-05
PPP1R14A,2.1528453e-05,0.00018761866,0.00042873807,-9.049289e-05,0.0006637424,-0.00010700291,-0.00027415063,-1.0853284e-05
SPATA3,-0.00021108799,-0.0004942864,-0.00036487915,0.00011966657,-0.0010070503,-8.7890774e-05,0.00019663107,2.6653986e-05
TCIM,-0.0011118837,-0.0022101812,-0.0019821487,0.00043833442,-0.008624487,-0.0003559566,0.001250457,0.00011111621
KCNE5,-0.00047430024,-0.00038568676,-0.00049765967,0.00044033397,-0.002220668,-0.0004589879,5.7738274e-05,3.8300757e-05
OXLD1,-0.00010088831,-0.0005232245,-0.0003800895,-9.974465e-07,-0.0020964518,0.00014342275,0.00031722244,2.3734989e-05
PQLC2L,-0.00021708943,-0.00048895366,-0.00036055222,0.00012257323,-0.0011222437,-8.885935e-05,0.00019481964,2.6362599e-05
IGSF3,-0.0003453903,-0.0005714074,-0.0004714653,0.00022398494,-0.001100406,-0.00025594607,0.00019767135,3.4615397e-05
ARHGAP11B,-0.0002448298,-0.0003720466,-0.00021479651,5.6675635e-05,0.0006240234,-5.2734278e-05,0.00012113713,1.8561259e-05
RAET1L,8.605421e-06,-0.00021712668,9.732321e-06,-7.398799e-05,-0.00034513324,7.021986e-05,6.2019564e-05,4.5564957e-06
ARPP19,-0.00022423081,-0.00052590296,-0.00042062812,0.00011881441,-0.0010205656,-1.701247e-05,0.00024934486,2.8715702e-05
CRH,0.00030278973,5.5423006e-05,0.00022983178,-0.0001300918,0.0023917928,0.00011951756,-0.00011749659,-6.68189e-06
TNFAIP8L2,4.700385e-05,-0.00024459139,-0.00014011376,-4.596263e-05,-7.8216195e-05,0.00019885227,0.00016136095,9.32347e-06
NRN1,-0.0005278569,-0.0011443961,-0.0011504702,0.00039871503,-0.0063433424,-9.163655e-05,0.0006606821,6.700773e-05
HIST2H2BF,-0.00021708943,-0.00048895366,-0.00036055222,0.00012257323,-0.0011222437,-8.885935e-05,0.00019481964,2.6362599e-05
ARHGAP33,0.00037283637,3.3698976e-05,0.00026527047,-0.0002694633,0.0020402968,0.0002999287,-3.1859614e-05,-1.1482043e-05
STUM,0.00018099695,-2.169609e-05,0.00010713935,-0.00010023173,0.0021941662,0.0001546042,-2.1331944e-05,-3.315392e-06
AC087645.1,-0.00021708943,-0.00048895366,-0.00036055222,0.00012257323,-0.0011222437,-8.885935e-05,0.00019481964,2.6362599e-05
IL37,-0.00020659529,-0.00045611337,-0.00032489002,0.00011636689,-0.0010369644,-9.029545e-05,0.00017215963,2.4608918e-05
SLC2A2,-0.00023591518,-0.00052975677,-0.00041154027,0.0001363093,-0.0013180897,-8.744467e-05,0.00022458099,2.8927112e-05
CLEC2A,-5.0973147e-05,-0.00019055046,-3.4611672e-05,9.894371e-06,-0.00023849308,-2.8714538e-05,2.554804e-05,8.539297e-06
TMEM158,-0.000119233504,-0.00036249124,-0.00034441054,0.00013228972,-0.0029543564,-2.9988587e-06,0.0002021715,2.2873399e-05
TMEM220,7.756613e-05,-0.00018754043,-1.2520701e-05,-2.7649105e-05,-0.0006990209,1.1561438e-05,3.3340417e-05,6.230199e-06
RNASE12,-0.00022361428,-0.0004936978,-0.00036593527,0.0001263693,-0.0011237562,-9.5377676e-05,0.00019566063,2.674642e-05
REG1A,-0.00021162629,-0.0004865732,-0.00035703555,0.000119164586,-0.001081422,-8.5116364e-05,0.00019404199,2.6134308e-05
PRIMA1,-1.2038276e-05,-5.6331977e-05,7.778779e-05,1.817476e-05,0.00023565441,-4.400965e-05,-6.596185e-05,2.7375063e-06
BCL2,-0.00024152733,-0.00028949603,-0.00022156723,0.00014013518,0.0002798736,-0.0001374213,5.2147545e-05,2.024672e-05
CCDC140,-6.109476e-07,-0.0002245456,-0.0001158379,2.7032569e-05,-0.00036607683,4.1564927e-05,7.2666444e-05,1.1893222e-05
C1D,-0.00033149682,-0.0003523957,-0.00033793226,0.0002494566,-0.002926901,-0.00025474513,0.00010848045,2.6721158e-05
SRGAP1,-0.00038768537,-0.00091860816,-0.0007599704,0.00022552814,-0.0018347874,-0.00016104197,0.0004213145,4.9033086e-05
REG3G,-0.00021708943,-0.00048895366,-0.00036055222,0.00012257323,-0.0011222437,-8.885935e-05,0.00019481964,2.6362599e-05
IGSF23,-0.0002220925,-0.00049386546,-0.00036372617,0.00012381282,-0.0010839552,-9.645708e-05,0.00019464549,2.6696012e-05
FABP12,-0.00020601228,-0.0004918277,-0.00036164,0.000115136616,-0.0011860132,-7.228553e-05,0.00020259153,2.6160269e-05
CITED4,0.00020034611,0.00037380867,0.0004850421,-0.00013002381,0.0012421459,6.978959e-05,-0.00026697945,-2.1012384e-05
KRTAP4-12,-0.00020870939,-0.0004917085,-0.00036538392,0.0001186803,-0.0011062026,-7.7505596e-05,0.00020043645,2.6479946e-05
SELENOM,-0.00014345162,0.00015001558,2.7453527e-05,0.00024565123,0.00061042607,-0.00021717837,-0.00020007696,8.302741e-06
PITX1,8.431263e-05,-0.0002572406,-6.0599297e-05,-6.87493e-05,-7.06017e-05,0.00016104523,0.00011142343,6.9757225e-06
TAL2,0.0006070249,0.00041433237,0.0006333962,-0.00035993103,0.002998136,0.00036034826,-0.00025758427,-3.106019e-05
C19orf70,-0.00021708943,-0.00048895366,-0.00036055222,0.00012257323,-0.0011222437,-8.885935e-05,0.00019481964,2.6362599e-05
TLR7,-0.00027693436,-0.00060476735,-0.0005338304,0.00019554235,-0.0008713007,-9.158999e-05,0.00028212927,3.4396304e-05
C3orf35,0.0001305379,3.4458935e-05,0.00017200783,-5.205348e-05,0.0009988993,4.4498593e-05,-0.000101405196,-3.0630035e-06
POLR3K,9.205751e-05,-0.00033639558,-9.467453e-05,-0.00015708897,0.0008327514,0.00018097181,0.00015856791,1.0869582e-05
KRTAP4-6,-0.00023393705,-0.0004952736,-0.000380598,0.00013686437,-0.0011923164,-9.138603e-05,0.00020240713,2.7241069e-05
SERHL2,-0.00029830262,-0.00020637922,-0.00015259162,0.00022863597,-0.00067774206,-0.00038765697,-6.8695284e-05,2.0532985e-05
SPATA25,-0.00025031157,-0.0005296506,-0.00043043308,0.00015121326,-0.0013474673,-8.825213e-05,0.00022758916,3.0108728e-05
AARD,-0.00013187714,-0.00016276352,-0.00012329593,0.00011958461,-6.327778e-05,-9.103399e-05,6.623566e-06,1.3913144e-05
TMEM139,-0.00017466024,-0.00019796751,-4.3196604e-05,0.000109904446,7.982552e-05,-0.00020364905,-5.08707e-05,1.2604869e-05
LARP1B,-8.388236e-05,-8.399598e-05,4.823506e-05,1.416076e-05,-0.00033064187,-1.7262064e-05,-3.199e-05,4.843343e-06
NDUFC1,-4.2794272e-05,-0.00034926087,-0.00020414032,2.9051676e-05,0.00025708973,1.9319355e-05,0.0001313826,1.6857171e-05
C10orf126,-0.0002650693,-0.0005463138,-0.00041815825,0.00015958119,-0.0011573955,-0.0001539439,0.00020665303,3.022328e-05
ZRSR2P1,-0.00021708943,-0.00048895366,-0.00036055222,0.00012257323,-0.0011222437,-8.885935e-05,0.00019481964,2.6362599e-05
KRTAP4-8,-0.00021162629,-0.0004865732,-0.00035703555,0.000119164586,-0.001081422,-8.5116364e-05,0.00019404199,2.6134308e-05
MS4A12,-0.00021162629,-0.0004865732,-0.00035703555,0.000119164586,-0.001081422,-8.5116364e-05,0.00019404199,2.6134308e-05
GABRA2,9.2264265e-05,0.00023931824,0.00040173903,-2.0768493e-05,-0.0008321181,1.7788261e-06,-0.00023924652,-1.4428515e-05
C11orf91,-6.1675906e-05,-0.00013407134,-8.539297e-05,0.00012217648,-0.0005444139,-9.5954165e-05,-1.706183e-05,1.1914177e-05
GLIPR2,9.311922e-05,-7.667951e-05,0.00017240085,-0.00013865624,0.0018122718,-8.268189e-05,-8.3920546e-05,-1.027016e-06
BEX2,-0.00024424307,-0.0002767183,-0.00030441955,0.00025989022,-0.0020123199,-0.00014190981,8.0595724e-05,2.4557812e-05
C2CD6,1.8762425e-05,-7.390231e-05,4.2220578e-05,-1.2945384e-06,-0.00042884797,-1.8320978e-05,-2.4382025e-05,3.129826e-06
FAM9B,-0.00022314675,-0.00033370964,-0.00019371882,9.4609335e-05,-0.00023283064,-0.00014568726,7.937383e-05,1.8099672e-05
CXorf66,-0.00021708943,-0.00048895366,-0.00036055222,0.00012257323,-0.0011222437,-8.885935e-05,0.00019481964,2.6362599e-05
POTEG,-0.00021708943,-0.00048895366,-0.00036055222,0.00012257323,-0.0011222437,-8.885935e-05,0.00019481964,2.6362599e-05
INO80C,0.00023025647,0.0001133848,0.0004503969,-0.0002967585,0.0024359971,3.4781173e-05,-0.00018411968,-1.5709782e-05
TMEM247,-0.00022361428,-0.0004936978,-0.00036593527,0.0001263693,-0.0011237562,-9.5377676e-05,0.00019566063,2.674642e-05
NOMO3,-0.00020853058,-0.00048247166,-0.0003499575,0.0001174137,-0.0009771138,-8.840207e-05,0.00018805638,2.5893445e-05
LHB,-0.00020451657,-0.00046726502,-0.0003320612,0.00010551326,-0.0006837249,-7.947348e-05,0.00017865561,2.5120098e-05
KLRC3,-0.00023557432,-0.00019622594,-0.00011450611,0.00012107752,-0.0002496764,-0.00021794485,-1.6560778e-05,1.5866244e-05
H1FOO,-0.00021708943,-0.00048895366,-0.00036055222,0.00012257323,-0.0011222437,-8.885935e-05,0.00019481964,2.6362599e-05
GALP,-3.2763928e-05,0.00019944832,0.00016573258,0.00012286752,0.0005065873,-0.00010474678,-0.00020939577,-1.0302756e-06
LAMTOR4,2.7013943e-05,-0.00025814585,-9.415485e-05,-2.6112422e-05,-0.00016518682,8.1646256e-05,0.0001059426,9.234762e-06
LRRC20,-1.8835068e-05,-0.00016519241,5.4908916e-05,-5.9691258e-05,0.00027883798,-0.000110017136,-2.1812506e-05,6.1045866e-06
BGLAP,-0.00016233698,-0.00010097399,4.1766092e-05,1.1781231e-05,-0.00020099431,-0.00015132688,-5.3507276e-05,7.245806e-06
KLRF2,-0.00021922402,-0.00048903376,-0.00036212988,0.00012973882,-0.0011825189,-9.846222e-05,0.00019116048,2.6568421e-05
CDC42EP2,0.00040721335,0.00039429776,0.00058973953,-0.0003217971,0.00364355,0.00032200757,-0.00024199765,-2.8777868e-05
KCNE3,-6.454438e-05,-0.00034196302,-8.797459e-05,-4.5839697e-05,0.00077582896,-4.9443915e-05,8.19182e-05,1.277274e-05
FAM174A,6.7478046e-05,5.9772283e-06,0.00011167675,-2.546236e-05,0.0006638989,-5.741138e-05,-0.00010240916,2.1618325e-06
AP2M1,-0.00017034635,-0.0003509391,-0.00024360605,0.00011027232,-0.000107616186,-9.662751e-05,0.00010579359,2.1101325e-05
FAM241B,3.956817e-05,-0.0005147215,-0.0002515968,-0.0001073787,-0.000267528,0.0001655817,0.00027072523,1.7448328e-05
FBXO48,-0.000113340095,0.00018382818,0.00014602765,0.00023124646,0.00020089,-0.00030901842,-0.0002930807,5.3334516e-06
PLAC8L1,-0.00017856061,-0.0004179217,-0.00030353852,7.539801e-05,-0.0012047142,-5.569309e-05,0.0001810873,2.2138236e-05
TEX43,6.131083e-05,-0.00020867959,-3.8705766e-05,-4.413817e-05,0.00057091564,3.2122247e-05,4.4445507e-05,8.014496e-06
PDE6G,2.7051196e-05,-0.00019942969,-4.6048313e-05,-3.2495707e-05,0.0001988709,9.871088e-05,6.653648e-05,7.294235e-06
TSHB,-0.00024120137,-0.00049905106,-0.00038208626,0.00015203375,-0.000904724,-0.00014010817,0.00017965585,2.866087e-05
C5orf24,-0.00070885755,-0.0012643076,-0.0010489337,0.00033449382,-0.0024423376,-0.00031073345,0.0005777804,6.629375e-05
TP53AIP1,-5.5560842e-05,-0.00018510595,-0.00016466714,0.00016590953,0.0001430437,-0.00017869798,-1.2876466e-05,1.6383245e-05
OVOL3,-0.00025218911,-0.0004772637,-0.0003737174,0.00014374498,-0.0012653843,-8.683372e-05,0.00019813329,2.6592868e-05
GIP,-2.0563602e-05,-0.0002558492,-0.00013285875,2.3002736e-05,-0.0006034896,3.10177e-05,9.14922e-05,1.2707664e-05
TAS2R16,-0.00021708943,-0.00048895366,-0.00036055222,0.00012257323,-0.0011222437,-8.885935e-05,0.00019481964,2.6362599e-05
MIF,0.00031355768,-0.0002990719,-0.000134347,-0.0001766188,0.00042414665,0.00034753233,0.00021961145,7.981085e-06
C1orf52,-0.00016378239,-9.4130635e-05,-9.626523e-05,0.00020770729,5.340576e-05,-0.00026748283,-0.0001024222,1.6810605e-05
GSTA5,-0.00018686429,-0.00046573952,-0.00032807887,0.00010489952,-0.00082390755,-7.546693e-05,0.00017899554,2.4634064e-05
TTC32,-0.00023453496,-0.00045367703,-0.00034929998,0.00021652412,-0.0022834688,-0.00028041424,0.00012237485,2.8090086e-05
NDUFA5,-0.0001714006,-0.0004489757,-0.0002928488,0.000110635534,-0.0010390505,-6.867293e-05,0.0001665093,2.2455002e-05
IFNL1,-0.00021068938,-0.00048221461,-0.00035033748,0.00011854246,-0.0010478869,-8.9623965e-05,0.00018879212,2.5859219e-05
MAGEA8,-0.0002721548,-0.0006836299,-0.0005025696,0.00012550037,-0.001530461,-5.367305e-05,0.00030716136,3.3591525e-05
PIGP,0.00025740452,0.000114198774,0.00023492612,-0.0001597302,0.0008774847,0.00021905731,-6.606802e-05,-9.465846e-06
SIT1,-0.00023033097,-0.0004894994,-0.0003717877,0.00013258867,-0.0011807084,-8.4082596e-05,0.00020041596,2.6636524e-05
MS4A2,-9.6116215e-05,-0.00020086765,4.258007e-06,-4.1585416e-05,0.0003401041,-6.29453e-05,2.1018088e-05,6.696675e-06
RNF183,-0.00010175258,-0.00031084009,-0.00015363097,1.0671094e-05,-0.00056206435,1.6874634e-05,0.00012396276,1.3375655e-05
STT3B,-9.8228455e-05,-0.00031277537,-0.00019223616,3.380701e-05,-0.001004599,-2.340693e-05,0.00012311805,1.664355e-05
ILF3,-0.000475958,-0.0008200612,-0.0007157475,0.0002725115,-0.0013234764,-0.00019024592,0.00036167726,4.6698726e-05
IGFL3,-0.00020631775,-0.0004849173,-0.0003542602,0.00011602696,-0.0010397956,-8.155126e-05,0.00019359961,2.5945832e-05
FABP5,-0.00029898807,-0.0007855203,-0.0006431453,0.00017277803,-0.0005459115,-3.977958e-05,0.00037292019,4.088087e-05
C1orf122,-6.2603503e-06,-0.00019206479,-9.282492e-05,3.516674e-06,-1.887232e-05,-6.8116933e-06,4.7787093e-05,1.1760974e-05
SMIM23,-0.00021344237,-0.00049787574,-0.00036836416,0.000119367614,-0.001190953,-7.917732e-05,0.00020412356,2.6619877e-05
C10orf82,0.00012220442,-0.00016017444,5.4733828e-05,-0.00012510363,0.00012215227,0.00015125237,4.736986e-05,2.437504e-06
ATP5MG,-6.3020736e-05,-0.00044286624,-0.00028734282,5.8071688e-05,-0.00018775463,3.0477531e-05,0.00018156599,2.1523214e-05
MUSTN1,0.00027523004,-0.0002464,2.6352704e-05,-0.000286825,-0.002555728,0.0003605727,0.00019640941,2.1825545e-06
METTL14,-0.00028788857,-0.00020766631,-0.0002106186,0.00011723954,-8.356571e-05,-7.448252e-05,7.396098e-05,1.8525752e-05
MS4A3,-0.00017915294,-0.00045270287,-0.00031608343,0.00010017585,-0.00076244026,-7.4574724e-05,0.00017129444,2.4038018e-05
HEBP1,8.911267e-05,-0.000121191144,-2.827309e-05,-2.7285889e-05,6.2063336e-06,0.00011470914,5.242601e-05,4.27349e-06
C12orf42,-5.3716823e-05,-4.5850873e-05,4.9466267e-05,3.1337142e-05,-0.0005572438,-3.2542273e-05,-4.385691e-05,3.5664998e-06
TAS2R9,-0.00021708943,-0.00048895366,-0.00036055222,0.00012257323,-0.0011222437,-8.885935e-05,0.00019481964,2.6362599e-05
REG3A,-0.00021708943,-0.00048895366,-0.00036055222,0.00012257323,-0.0011222437,-8.885935e-05,0.00019481964,2.6362599e-05
RAB6C,-0.00030167773,0.00012224168,1.4547259e-06,0.00032268837,-0.00048167259,-0.0003767903,-0.00020767469,9.6985605e-06
PDRG1,0.00021707639,0.0004912466,0.000480121,-6.866176e-05,0.000668861,0.000103313476,-0.00031020585,-1.9981177e-05
MS4A15,-0.00014186464,-0.0003284812,-0.00023597479,9.838771e-05,-0.0009023398,-4.896149e-05,0.00012126658,1.8706312e-05
LPCAT2,-0.00015458465,-0.0001283288,-3.1599775e-05,9.561051e-05,-5.018711e-05,-0.00019077072,-5.4317527e-05,1.0949792e-05
GIMAP7,0.00012712926,-9.245984e-05,8.215569e-05,-4.201196e-06,0.0011885315,2.2333115e-06,-6.733183e-05,2.038898e-06
THOC3,-0.0003130436,-0.00036885217,-0.00029830262,0.00017250795,-0.0017146617,-0.00019212626,0.00011553522,2.4862937e-05
C2CD4D,-0.00016186573,-0.0003839042,-0.00026413798,9.82536e-05,-0.0008149594,-5.6294724e-05,0.00014127977,2.069457e-05
GCSAML,-5.6577846e-05,-0.00020099431,-0.00011940487,8.569937e-05,-0.0012218431,-5.616527e-05,4.157517e-05,1.2875418e-05
UGDH,-2.8466806e-05,0.00015019067,0.00018392503,8.195639e-06,0.0003742203,-3.879238e-05,-0.00015135948,-3.0309893e-06
NAT8,-0.00020100921,-0.00045089237,-0.00031614117,0.00011256337,-0.00096704066,-9.106286e-05,0.00016709603,2.4182722e-05
CMTM6,0.0001930315,-7.771328e-05,0.00012871437,-0.0002160985,0.0005324483,0.00028541125,6.157346e-05,-3.896188e-06
ANXA2R,7.58525e-05,-0.00028716214,-0.00011740625,-0.000105474144,-0.00057604164,0.00025756098,0.00018937048,8.094823e-06
IL31,-0.00021708943,-0.00048895366,-0.00036055222,0.00012257323,-0.0011222437,-8.885935e-05,0.00019481964,2.6362599e-05
NDUFA4,5.6754798e-05,-0.00027333945,-0.00014413334,1.3350509e-05,0.00017861277,9.56906e-05,0.00010479428,1.2751087e-05
ZNF581,9.012036e-05,0.00015855953,0.00016255304,-2.0610169e-05,0.0005403906,0.00013359357,-9.5884316e-05,-4.8987567e-06
PLET1,-0.00021708943,-0.00048895366,-0.00036055222,0.00012257323,-0.0011222437,-8.885935e-05,0.00019481964,2.6362599e-05
UBALD2,1.6670674e-06,-0.00042433292,-0.0002743043,3.6739744e-05,0.0008461848,-1.0680407e-05,0.00014979113,2.1901214e-05
HYPK,-0.00022540987,-0.0009406954,-0.00069390424,3.0085444e-05,-0.0022059977,0.000102100894,0.000535802,4.0966435e-05
RPRM,2.2910535e-06,-0.0006553661,-0.0004647635,-6.6280365e-05,-0.00038979948,0.00028183497,0.00041271,2.5061541e-05
EMC6,0.0003157407,0.00039824843,0.00050257705,-0.00015025865,0.0011403859,0.00015673786,-0.0002772538,-2.1159765e-05
CST11,-0.00021708943,-0.00048895366,-0.00036055222,0.00012257323,-0.0011222437,-8.885935e-05,0.00019481964,2.6362599e-05
PFDN4,-0.00010272302,-3.9812177e-05,7.117167e-06,9.593647e-05,-9.661913e-05,-3.41041e-05,-4.7296286e-05,6.3130865e-06
IFNL2,-0.00021708943,-0.00048895366,-0.00036055222,0.00012257323,-0.0011222437,-8.885935e-05,0.00019481964,2.6362599e-05
TEX29,0.00021906197,0.00020690449,0.0003897529,-0.0001303507,0.0013967529,4.903879e-05,-0.00022044312,-1.3596029e-05
TEX44,-0.00021708943,-0.00048895366,-0.00036055222,0.00012257323,-0.0011222437,-8.885935e-05,0.00019481964,2.6362599e-05
MRPL54,-1.0244548e-05,4.5951456e-05,9.418838e-05,1.4647841e-05,-0.0009691566,1.4659949e-05,-5.729217e-05,5.309703e-07
DSTN,-0.00025396608,-0.00061203167,-0.0005126428,0.00020271447,-0.0013453364,-0.0001272913,0.00025609508,3.531971e-05
TMEM174,-8.141063e-05,-0.00027186796,-0.00016763993,6.357953e-05,-0.0008356795,7.799827e-06,9.830855e-05,1.4509307e-05
CARNS1,-0.0002209451,-0.000433309,-0.00026773103,0.000124068,-0.00046648085,-0.00018892344,0.00010659173,2.3614848e-05
SRP14,-0.00025042705,-0.00070169196,-0.00054238737,0.00014512893,-0.00063786656,-4.0763058e-05,0.00032045133,3.535219e-05
LOR,-0.00021708943,-0.00048895366,-0.00036055222,0.00012257323,-0.0011222437,-8.885935e-05,0.00019481964,2.6362599e-05
FCGR3B,-0.0002205912,-0.0004629325,-0.00035571493,0.00013327505,-0.0011450499,-8.067768e-05,0.0001880806,2.5646528e-05
TTC26,0.0001744274,0.00028351694,0.00033516996,-0.00011393335,-0.00024478883,0.00013937522,-0.00015177485,-1.4651567e-05
FAM153B,1.5579164e-05,-0.00024351291,-9.957701e-05,1.0412186e-05,-3.3006072e-06,3.0056573e-05,6.97989e-05,1.1073658e-05
FRG2,-0.00018910691,-0.00048086792,-0.00034832396,0.00010681152,-0.00088144094,-6.950181e-05,0.00019243639,2.5581568e-05
FMC1,-8.284859e-05,0.00016283989,0.00014117919,0.00013116747,-0.00041045249,-0.00020386511,-0.00021136086,2.3451867e-06
UFM1,1.0158867e-05,-0.00023592636,-8.9230016e-05,2.5386922e-05,-0.0002161488,3.1860545e-06,6.0182996e-05,9.928946e-06
ZNF705A,-0.00021068938,-0.00048221461,-0.00035033748,0.00011854246,-0.0010478869,-8.9623965e-05,0.00018879212,2.5859219e-05
EID2,0.00046166964,0.00035385974,0.0006051082,-0.00034170877,0.00214459,0.00032421667,-0.000224174,-2.9446674e-05
PLAC8,-1.86041e-05,-0.0002987776,-0.000178935,1.1702068e-05,0.00040788203,5.9647486e-05,0.00010657497,1.6518636e-05
FAM104B,0.00018830039,0.00029936433,0.00031699985,-0.0001031952,-0.00012947619,0.00017623324,-0.0001534978,-1.3472745e-05
C16orf90,-0.0002213791,-0.00048966333,-0.0003641434,0.0001368206,-0.0012406856,-0.000108129345,0.00018778257,2.6800204e-05
TMEM170B,-0.0002572965,-0.0004400164,-0.0004197955,0.00020310748,-0.0014983043,-0.00011848984,0.00017993338,2.9853196e-05
AC009065.1,-0.00021708943,-0.00048895366,-0.00036055222,0.00012257323,-0.0011222437,-8.885935e-05,0.00019481964,2.6362599e-05
MED9,0.00022946484,0.00032673776,0.0003218744,-2.6021153e-06,0.00080724806,-8.678995e-06,-0.00026561785,-9.603798e-06
CSN2,-0.00020749308,-0.00048074126,-0.00034929626,0.00012245588,-0.0010681003,-9.547267e-05,0.00018486287,2.5886227e-05
LCNL1,-0.00020107068,-0.000503581,-0.00038749166,0.0001205774,-0.0010803789,-6.4055435e-05,0.00021559931,2.7186703e-05
RPL22,-0.00012725033,-0.00044883415,-0.0002498515,3.7819147e-05,0.0005745664,-1.8838793e-05,0.00015750527,2.0798878e-05
HSPE1,-0.00019710138,-0.00035387836,-0.00014366023,5.980581e-05,0.00048098713,-0.00015650224,5.5349432e-05,1.7208746e-05
TOMM5,0.00013035163,-0.00012041628,0.00011067279,-0.0001483718,0.0005212128,0.00013702549,2.0622276e-05,-1.0621734e-06
KRTAP4-9,-0.00021708943,-0.00048895366,-0.00036055222,0.00012257323,-0.0011222437,-8.885935e-05,0.00019481964,2.6362599e-05
SPANXN2,-0.00021708943,-0.00048895366,-0.00036055222,0.00012257323,-0.0011222437,-8.885935e-05,0.00019481964,2.6362599e-05
TMEM61,-0.0003023222,-0.0005373154,-0.0004385952,0.00019034743,-0.0009608343,-0.00019289926,0.0001892969,3.2681157e-05
CD302,0.00030123256,0.00018588826,0.00026036426,-0.0001434004,-0.00065784156,0.00027859397,-6.059371e-05,-1.33794965e-05
SAMD5,0.00018089078,1.5996397e-05,9.894371e-05,-0.000114628114,-0.0021471605,0.00035268627,6.551761e-05,-4.7876965e-06
SELENOW,-0.0002569761,-0.0007350333,-0.0005895011,0.00016695168,-0.00025339425,-8.452404e-05,0.00032823253,3.8532307e-05
ZBED2,-0.00021708943,-0.00048895366,-0.00036055222,0.00012257323,-0.0011222437,-8.885935e-05,0.00019481964,2.6362599e-05
PANK3,0.00050067157,0.0005848743,0.00061169825,-0.00020490214,0.0014683157,0.00037330296,-0.00028215628,-3.474392e-05
FKBP15,0.00031930953,0.00015180744,0.00033397973,-0.0001832787,0.00088409334,0.0003105877,-9.915512e-05,-1.551758e-05
CDA,-9.00235e-05,-0.00034290366,-0.00021100603,7.523969e-05,-0.00048036873,-3.3953227e-05,0.0001128912,1.74148e-05
GTF2IRD2B,-7.3118135e-05,-0.0003880374,-0.0002955068,6.938726e-05,-0.0008924082,5.064346e-05,0.00018317532,2.1128915e-05
TIMM8A,0.0004986245,0.00069737807,0.0007777214,-0.00030288752,0.0011737868,0.00032180455,-0.0003692126,-3.9388193e-05
FAM241A,0.00034256466,0.00014472008,0.000350954,-0.00019785203,0.0024981275,0.00023313519,-0.00013918523,-1.4587771e-05
C17orf98,-0.00022535026,-0.0004944224,-0.00036390126,0.0001269579,-0.0010629445,-0.000103143044,0.0001920443,2.6784488e-05
ARL9,0.00022711605,0.00045843236,0.000529876,-5.388446e-05,0.0011219531,-3.5515055e-05,-0.00036983285,-2.0407257e-05
SIGLEC14,-0.00024608523,-0.0004628934,-0.00037294254,0.00016436074,-0.0015186444,-0.00012224168,0.00018549617,2.682861e-05
SORCS3,0.00026538037,0.00045283698,0.00043724664,-0.00012854766,-6.208569e-05,0.00032869168,-0.00020114798,-2.1654298e-05
TNFRSF13C,-0.00018472783,-0.00043516047,-0.0003225766,0.0001126444,-0.00094316155,-6.12149e-05,0.00017408468,2.3769913e-05
AKAIN1,-0.0012889542,-0.0017547365,-0.0016915072,0.0006940961,-0.007273689,-0.0006839456,0.0008692285,0.00010226853
PRCD,0.00014247932,9.158626e-06,9.69246e-05,1.3317913e-06,0.00027167052,6.962754e-05,-6.979052e-05,3.3830293e-07
CCDC144NL,2.9549003e-05,-0.0002822876,-0.00012157671,1.7918646e-06,-0.00013613701,2.104789e-07,8.067861e-05,1.2903707e-05
RARRES2,-0.0002921149,-0.0004086513,-0.00037477352,0.00020196568,-0.00034080446,-0.00016060146,0.00012931693,2.924935e-05
RNASE7,-4.466623e-05,-0.0002539754,-0.00011115894,1.8555671e-05,-0.00039696693,-6.057322e-06,7.269997e-05,1.2502656e-05
RPEL1,9.853393e-05,3.6418438e-05,0.00020760857,-4.7530048e-05,0.00040470064,1.045689e-05,-0.00012583937,-3.5660341e-06
CBWD2,-0.00030427985,-0.00031754747,-0.00032187998,0.00021754764,-0.0014907345,-0.00021941541,9.73735e-05,2.5073881e-05
MRGPRX4,-0.00021708943,-0.00048895366,-0.00036055222,0.00012257323,-0.0011222437,-8.885935e-05,0.00019481964,2.6362599e-05
CLC,-0.00021708943,-0.00048895366,-0.00036055222,0.00012257323,-0.0011222437,-8.885935e-05,0.00019481964,2.6362599e-05
IPO11,0.00024374388,-0.00037118234,-6.2139705e-05,-0.00031829532,-0.00022681057,0.00044192374,0.00028148945,3.252644e-06
MARK1,-0.000836093,-0.0013850555,-0.0012220778,0.00030782167,-0.0034970716,-0.0001946874,0.00073457044,7.457624e-05
TCL1B,-0.00021820143,-0.0005112905,-0.000368068,0.00011363719,-0.0010692626,-7.8012235e-05,0.0002066847,2.669124e-05
NCOA5,-0.00014258362,-9.6904114e-05,-1.6834587e-05,0.00012805592,-0.001029186,-0.00019532628,-7.605553e-05,1.0982738e-05
KCNJ6,-0.00031496026,-0.00050409883,-3.1551346e-05,-0.00012875907,-0.0023237392,-3.1333417e-05,0.00018875953,7.46164e-06
ZNF428,-0.000135554,-0.0005074311,-0.00042214245,0.00011904817,-0.0016389042,2.6120804e-05,0.00025165454,2.8576003e-05
TEDDM1,-0.00017119199,-0.00018567033,-0.0001579076,0.00016451254,0.00020952523,-0.00012314552,4.532747e-06,1.577253e-05
SF3B6,-8.4983185e-05,-0.0003727991,-0.00015921332,-4.088506e-07,0.00090476125,-2.3559667e-05,0.00010898337,1.590862e-05
FABP6,-0.00011985749,3.75472e-05,7.1153045e-06,0.00016241148,-0.00050929934,-0.00016952865,-0.00011629332,7.4957497e-06
GPX5,-0.00021708943,-0.00048895366,-0.00036055222,0.00012257323,-0.0011222437,-8.885935e-05,0.00019481964,2.6362599e-05
SEC61B,0.00013191812,-5.5814162e-05,8.2815066e-05,-6.709993e-05,0.0008404106,0.00010851212,-2.1206215e-05,1.1607772e-06
CMTM8,-0.0005143583,-0.0009791348,-0.0006472692,0.00012979191,-0.0020718202,-0.00032131653,0.00039687194,4.414795e-05
GGACT,-6.550364e-05,-0.00013468415,-9.560771e-05,0.00012746081,-0.00079678,-7.779803e-05,-2.7101487e-07,1.1024182e-05
CXCL14,-0.00016933493,-0.0005658921,-0.0004813932,0.00012064446,-0.0026506558,0.000118804164,0.00033803936,2.7640723e-05
GCHFR,0.00015668012,-1.6372651e-06,7.275492e-05,-9.42098e-05,0.00024935603,0.0002482459,2.4877489e-05,-1.8692808e-06
CTAGE6,-0.00021708943,-0.00048895366,-0.00036055222,0.00012257323,-0.0011222437,-8.885935e-05,0.00019481964,2.6362599e-05
NINJ1,4.114583e-05,-0.000101165846,-7.404387e-05,-2.4475157e-06,0.00037394464,0.00012046099,6.2126666e-05,6.2314793e-06
PPP1R14D,-0.000115657225,-0.00036765262,-0.00025568344,7.96048e-05,-0.00066009164,-2.8426759e-05,0.00014240388,1.9942527e-05
RPL30,-0.00015418604,-0.0005397536,-0.00040091015,0.000113171525,-0.0003857091,4.6938658e-07,0.00023344439,2.7686474e-05
NNMT,-0.00019088015,-0.0004873816,-0.00033346377,0.00011682883,-0.00026759505,-0.00013830047,0.00015529618,2.6546884e-05
KRTAP10-2,-0.00021708943,-0.00048895366,-0.00036055222,0.00012257323,-0.0011222437,-8.885935e-05,0.00019481964,2.6362599e-05
TIMM8B,0.00016216002,-0.0001426898,4.986301e-06,-6.585475e-05,0.00052224845,0.00012274925,3.5425648e-05,4.9332157e-06
PSORS1C2,-0.00021162629,-0.0004865732,-0.00035703555,0.000119164586,-0.001081422,-8.5116364e-05,0.00019404199,2.6134308e-05
CXCL16,-0.00046249293,-0.0008045826,-0.00072134286,0.00027967524,-0.0017711818,-0.00017456291,0.00037925877,4.5381254e-05
GNPNAT1,0.00031021424,4.4047832e-05,0.00026386045,-0.00025604293,0.0005877912,0.00029019918,-2.3934059e-05,-1.097389e-05
LBH,-0.001068214,-0.001997089,-0.001879178,0.00061724335,-0.0063043833,-0.0004477282,0.0010200348,0.00011253287
DTD2,0.00024163537,0.00016503409,0.00025525503,-0.00015465077,0.0006681308,0.00024156552,-7.252209e-05,-1.2406381e-05
TMEM253,-8.4251165e-05,-0.00023970567,-8.084625e-05,4.8078597e-05,0.00012598932,-9.250175e-05,1.9648112e-05,1.2350269e-05
EBF4,7.848814e-05,-0.00020632148,-0.00013503432,2.4009496e-06,0.0013916045,0.0001519043,9.835884e-05,1.0312069e-05
GRP,8.860789e-05,-0.0002022516,-3.6548823e-05,-0.000115551986,0.000862062,0.00023474544,0.00012690015,3.1465897e-06
MAGEA3,-0.00021708943,-0.00048895366,-0.00036055222,0.00012257323,-0.0011222437,-8.885935e-05,0.00019481964,2.6362599e-05
PPIA,-0.00036970712,-0.0009791646,-0.000796644,0.00020084064,-0.0012441948,-7.443968e-05,0.00047277473,4.9462076e-05
FUOM,-4.2373314e-05,-0.00022355095,-0.00018353574,6.72508e-05,-0.00047402084,9.41474e-06,9.269826e-05,1.5259022e-05
SNU13,-7.288158e-05,-0.0001500342,-7.073581e-05,6.0947612e-05,1.1771917e-05,-1.7549843e-05,1.4692545e-05,1.0868185e-05
CD7,-0.00018813275,-0.0005198829,-0.000351578,8.546561e-05,-0.0008748248,-4.5329332e-05,0.00021345261,2.5460147e-05
ZNF524,-0.00034447014,-0.0007186588,-0.0006611068,0.00029224437,-0.0017000139,-0.0002670479,0.0002832217,4.4671004e-05
ACOT13,-0.000132991,-0.00017412566,-0.00015316345,0.0001432253,-0.0006814748,-0.00017361436,-3.3900142e-06,1.790328e-05
TAS2R46,-7.645041e-05,-0.00015395693,-5.748123e-05,3.7016347e-05,-0.0005096346,-3.767386e-05,1.9017607e-05,1.0387157e-05
C20orf27,-0.00025099702,-0.00044878013,-0.00045734085,0.00022590999,-0.001792416,-0.00015367428,0.00019367877,3.1943317e-05
MAGEA6,-0.00021708943,-0.00048895366,-0.00036055222,0.00012257323,-0.0011222437,-8.885935e-05,0.00019481964,2.6362599e-05
TSPO2,-4.3297186e-05,-0.00028966554,-0.00016305596,3.303215e-05,-0.00022773445,4.4579618e-05,0.00011301879,1.3511395e-05
NNAT,-0.00071149506,-0.0013729688,-0.0012667496,0.0004753871,-0.0029846728,-0.0003029285,0.0006511733,7.732166e-05
FOXL2NB,0.0001677014,3.8776547e-05,0.0001807902,-4.522875e-05,0.0018043593,-9.384938e-06,-0.00013985578,-1.6062986e-06
ZDBF2,-0.00014081411,-7.625297e-05,0.00015853159,6.670505e-05,0.00068971515,-0.0002714675,-0.00017886702,4.2223837e-06
AP5S1,-0.00015239418,7.702038e-06,0.00013358332,0.00013263896,7.6167285e-05,-0.00036887405,-0.00022561383,6.4013293e-06
SPCS3,9.049848e-05,3.2655895e-05,0.00014607422,-5.679857e-05,0.0008134246,0.00014439691,-5.5563636e-05,-3.4680124e-06
HTR5A-AS1,2.3851171e-05,-0.00031477027,-0.00023257174,-4.792586e-06,-0.00040327013,0.00013912655,0.00017796457,1.5901052e-05
PLAC1,-0.0002521053,-0.00053752214,-0.00041308627,0.00012329407,-0.0014465302,-5.1417388e-05,0.0002466254,2.8021284e-05
TMEM99,3.5971403e-05,-0.00032647327,-0.00015208498,-2.7629547e-05,-0.0012523085,5.3202733e-05,0.00014461298,1.2871344e-05
TAS2R42,-0.0002197437,-0.0004947074,-0.0003656894,0.00012381654,-0.001090534,-9.2295e-05,0.0001967214,2.6700902e-05
ANAPC4,-1.9934028e-05,-0.00041310675,-0.00021370687,1.8941239e-05,0.00012215227,3.2959506e-06,0.00015146099,1.6665203e-05
COX16,-0.00025207736,-0.000492882,-0.0004175529,0.00019659381,-0.0012795851,-0.00013958383,0.00018381514,3.070454e-05
MRPL42,0.0001042299,0.000107454136,0.0001564864,1.36923045e-05,-8.888543e-06,2.6465394e-05,-0.00012738723,-1.4432007e-06
SMAD1,3.2020733e-05,-0.0007023383,-0.00057782605,8.500181e-05,-0.0024702102,0.00014864467,0.0003975425,3.3548335e-05
NUDT15,0.00033447333,0.000103736296,0.00036181882,-0.00023035705,0.0010150596,0.00013565179,-0.00014837924,-1.166272e-05
FAM218A,0.00021201931,0.0004165247,0.00053423084,-0.00014550425,0.0007383302,7.1054325e-05,-0.00029776897,-2.2401684e-05
C21orf62,-0.000510592,-0.0010050982,-0.00082278624,0.00024467055,-0.0020916164,-0.0002926127,0.00044310838,5.3811236e-05
TMEM14B,7.390231e-05,-0.00020853244,-7.507764e-05,-4.4210814e-05,-0.0004556179,8.564815e-05,7.9695135e-05,1.018052e-05
VMA21,-0.00010936335,-0.00049393065,-0.00031264313,4.9283728e-05,-0.000915356,-7.951632e-06,0.0002047997,2.3558037e-05
KHDC1L,-0.00014604442,-0.00025672093,-0.00016447529,9.216275e-05,-0.0010829344,-8.439552e-05,6.73281e-05,1.6040402e-05
TAS2R40,-0.00021708943,-0.00048895366,-0.00036055222,0.00012257323,-0.0011222437,-8.885935e-05,0.00019481964,2.6362599e-05
DCANP1,-0.00021559373,-0.000497818,-0.00037205033,0.00012264494,-0.0011149272,-8.3870254e-05,0.00020217802,2.6930938e-05
GLOD5,-0.00020313263,-0.0004898235,-0.0003623031,0.000115298666,-0.0010664687,-7.3765405e-05,0.00019993074,2.6275637e-05
UCP2,-0.00045468844,-0.0009211153,-0.0006707087,0.00013879314,-0.0023418218,-0.0002244846,0.00041758548,4.3976237e-05
KIAA1024L,-0.00021708943,-0.00048895366,-0.00036055222,0.00012257323,-0.0011222437,-8.885935e-05,0.00019481964,2.6362599e-05
RNF224,-0.00021708943,-0.00048895366,-0.00036055222,0.00012257323,-0.0011222437,-8.885935e-05,0.00019481964,2.6362599e-05
C12orf54,-0.00019189715,-0.0004522223,-0.00032896362,0.00011187885,-0.0009885281,-6.995723e-05,0.0001793271,2.4317298e-05
AMTN,-0.00021708943,-0.00048895366,-0.00036055222,0.00012257323,-0.0011222437,-8.885935e-05,0.00019481964,2.6362599e-05
TOMM22,2.2793189e-05,5.817041e-06,0.0001924634,-3.9681792e-05,0.00045576692,-9.036437e-05,-0.00012915488,-1.8981518e-06
KLRD1,-0.00017224811,-0.00031388737,-0.00021014921,0.00014373846,-0.0005418956,-0.00021237507,4.203804e-05,2.0888867e-05
IFT20,-1.9233674e-05,0.0003818199,0.00035029836,0.00015075132,0.00078149885,-0.00026790937,-0.00038427953,-7.203198e-06
RIDA,-0.00010799803,-0.00022018701,-7.9482794e-05,0.00010353979,0.0013584271,-0.00024439627,-5.7050027e-05,1.44051155e-05
RPS25,-7.953495e-05,-0.00040532276,-0.0002589561,5.665142e-05,-9.530783e-05,5.241204e-05,0.00017140433,1.9114697e-05
COMMD10,0.00022189133,0.00012777932,0.00022652,-0.00015178788,1.39549375e-05,0.00024042465,-5.1322393e-05,-9.695883e-06
FKBP1B,4.2105094e-05,0.00021186844,0.00036729872,-8.414034e-05,0.0016637892,-7.183477e-05,-0.00023326743,-1.1597178e-05
TPPP2,-0.00021708943,-0.00048895366,-0.00036055222,0.00012257323,-0.0011222437,-8.885935e-05,0.00019481964,2.6362599e-05
S100A1,-0.00019561872,-0.00034926087,-0.00026579946,0.00017815549,-0.0009217635,-0.00020532729,7.573236e-05,2.2752793e-05
VAMP4,0.00012460351,0.00019060075,0.00017734431,-5.83753e-06,0.0005446747,0.00018845312,-0.00011047628,-5.6809513e-06
DLEU7,-0.00021755137,-0.00027166493,-0.0002662856,0.00021570642,-0.000104792416,-0.00026599923,2.4243258e-05,2.3661298e-05
SSPN,-7.2624534e-06,-0.00024414994,-0.000102693215,6.245449e-06,-0.0011431575,-1.0771677e-05,7.8462996e-05,1.0778313e-05
SUZ12,0.00013731979,-0.00040215068,-0.00024252944,-7.305108e-05,0.000630863,0.00021437742,0.00021623634,1.7208396e-05
TSEN15,-0.00021528266,-0.00037958473,-0.00026344135,9.602588e-05,-0.0011025593,-0.0001068376,0.00013245549,2.205302e-05
RNF225,-0.00021708943,-0.00048895366,-0.00036055222,0.00012257323,-0.0011222437,-8.885935e-05,0.00019481964,2.6362599e-05
LAMTOR5,-0.0001833979,-0.0003743153,-0.00025929883,0.00014170725,0.0003310442,-0.0001474563,8.424092e-05,2.260704e-05
HMGN5,-0.00032263063,-0.00063840486,-0.00034617074,2.2541732e-05,-0.001935035,-0.00019350275,0.00024467707,2.7744565e-05
ZHX1,0.00014841743,-3.350526e-05,9.554438e-05,-8.29529e-05,1.49309635e-05,0.00013607554,-1.3831072e-05,7.319031e-07
XRN1,-0.0003599506,-0.0006345343,-0.00047278218,0.00026810262,-0.0023275465,-0.0003490043,0.0001818398,3.5952427e-05
HS6ST3,-0.000951482,-0.0019144397,-0.0018799976,0.0005063871,-0.004900694,-0.00014895014,0.0011264635,0.00010202639
CDC42BPB,-0.0003761556,-0.00086019933,-0.00080003776,0.00027372688,-0.0018866584,-9.580236e-05,0.00043038558,4.899653e-05
SERTAD1,0.00034480728,0.000115318224,0.0002928879,-0.00025319494,-0.0003355667,0.00041588675,-5.926937e-06,-1.4975434e-05
C3orf14,-2.237223e-05,-5.0682575e-05,7.676333e-05,2.2995286e-05,-0.00021738559,-7.865485e-05,-6.8041496e-05,3.7035206e-06
RFPL4AL1,-0.00021708943,-0.00048895366,-0.00036055222,0.00012257323,-0.0011222437,-8.885935e-05,0.00019481964,2.6362599e-05
UTF1,-0.00021162629,-0.0004865732,-0.00035703555,0.000119164586,-0.001081422,-8.5116364e-05,0.00019404199,2.6134308e-05
IL12A,-0.0007237382,-0.001059059,-0.0011439156,0.00046301447,-0.005613096,-0.00021666195,0.00059836823,6.717339e-05
LYZL6,-0.00021708943,-0.00048895366,-0.00036055222,0.00012257323,-0.0011222437,-8.885935e-05,0.00019481964,2.6362599e-05
CTF1,-0.00020192936,-0.00038170815,-0.00028731115,0.00010050926,-0.0020062402,-4.6568923e-05,0.00017200597,2.116058e-05
TAC3,-3.085658e-05,-0.00016819872,-7.9371035e-05,0.000115938485,0.00023954362,-0.00012696674,-4.0255487e-05,1.3418379e-05
PARM1,0.00031578727,-1.2163073e-06,0.00034789182,-0.00032957457,0.0008970499,0.00031355955,-2.7728267e-05,-1.4618854e-05
PMM1,-6.4224005e-06,4.0549785e-05,0.00021803379,-1.1009164e-05,0.0005719811,-0.00019300822,-0.00018252712,-8.5891224e-07
EBLN1,-0.00021708943,-0.00048895366,-0.00036055222,0.00012257323,-0.0011222437,-8.885935e-05,0.00019481964,2.6362599e-05
MRPS16,-8.802861e-06,-3.1981617e-06,0.00011444837,-2.1971762e-05,0.0006409958,-2.7334318e-06,-7.473305e-05,1.1547236e-06
C11orf53,-0.00022360496,-0.00049884804,-0.0003731735,0.00012618396,-0.0011461005,-9.21851e-05,0.00020045228,2.7134665e-05
TMEM81,0.00013672002,0.00023056008,0.00011778064,0.00012489315,-0.00029431283,5.0831586e-06,-0.00016843807,-1.271721e-06
FRG2B,-0.00021708943,-0.00048895366,-0.00036055222,0.00012257323,-0.0011222437,-8.885935e-05,0.00019481964,2.6362599e-05
SPN,4.7808513e-05,7.003546e-05,0.00020028837,-2.8165057e-05,0.0009331107,-5.511567e-06,-0.0001327442,-3.5417033e-06
MAGEC2,-0.00023272075,-0.00050295703,-0.00037568063,0.0001313826,-0.001138024,-0.000102939084,0.00019895472,2.737681e-05
LHX4,0.00019192137,1.2304634e-05,0.00017704256,-0.000106552616,0.0010970309,0.00012416393,-6.5928325e-05,-4.2381e-06
MAP6D1,0.00025893003,3.5203993e-07,0.00029552728,-0.00022918917,0.0016850308,0.00018136855,-7.317867e-05,-1.0943273e-05
LYPD2,-0.00021162629,-0.0004865732,-0.00035703555,0.000119164586,-0.001081422,-8.5116364e-05,0.00019404199,2.6134308e-05
CRCP,0.00038967095,0.0005401224,0.00068149716,-0.0001740111,0.0023063198,0.00011480879,-0.00040705036,-2.9630843e-05
ACKR1,7.1780756e-05,-0.00010566972,-4.669465e-05,-4.291255e-05,0.0024659932,0.00011720974,2.6506372e-05,7.1820104e-06
TMEM221,-9.239279e-05,-0.00042930245,-0.00029699504,7.214863e-05,-0.0013065264,1.9969419e-05,0.00018377323,2.2453954e-05
CGB7,4.058145e-05,-0.00019983202,7.4934214e-06,-4.2148866e-05,-0.000116840005,4.9584545e-05,3.4749508e-05,5.5596465e-06
CXorf40B,0.00021811016,0.00032470748,0.0003565885,-3.7929043e-05,-0.00080657005,0.00014449004,-0.00021213572,-1.4304067e-05
AGRP,-0.0002269093,-0.0005167015,-0.00039039925,0.00012937281,-0.0011352971,-9.404216e-05,0.00021096878,2.7945498e-05
FAM216B,-0.00028571114,-0.0005351715,-0.0003917273,0.00015983544,-0.0010557696,-0.00016797148,0.00018278789,2.9836548e-05
CCDC160,0.000101566315,-0.00030571967,-9.497069e-05,-5.8423728e-05,0.0013304353,5.5822544e-05,9.033736e-05,1.0776101e-05
ODF4,-0.00021708943,-0.00048895366,-0.00036055222,0.00012257323,-0.0011222437,-8.885935e-05,0.00019481964,2.6362599e-05
PTGES3L,0.00027341582,0.00033722073,0.00038909726,-8.1708655e-05,0.0018742234,0.000112214126,-0.00025020633,-1.6304315e-05
IMP3,-2.2603199e-05,-6.91209e-05,8.3271414e-05,-3.3024698e-06,-0.00052352995,1.0085292e-05,-3.1071715e-05,1.6526319e-06
CKS2,-0.00018941425,-0.00032021105,-0.00013843365,3.6784448e-05,-0.00067710876,-8.398108e-05,8.833967e-05,1.48017425e-05
C5orf63,0.00014987215,-0.00023721159,7.312186e-05,-0.00011220481,0.0019528568,-0.000104135834,-4.065968e-05,5.9437007e-06
PRAMEF3,-0.00021708943,-0.00048895366,-0.00036055222,0.00012257323,-0.0011222437,-8.885935e-05,0.00019481964,2.6362599e-05
ROPN1,-0.00021275319,-0.0004630778,-0.00034413487,0.00013003871,-0.0011413321,-9.3989074e-05,0.00017875619,2.5436282e-05
ITM2A,-0.00046781078,-0.0010402054,-0.00089115277,0.00028255396,-0.0015443265,-0.0003026831,0.0004477473,5.722081e-05
PLP2,-0.00027763098,-0.0003606826,-0.00026781298,0.000210586,-0.0009020567,-0.00025462406,5.4500997e-05,2.431206e-05
C2orf50,-0.00014802627,-0.00027638488,-0.00019427575,0.0001055086,-0.0008035153,-8.424092e-05,7.852446e-05,1.7434475e-05
ARL6IP6,-0.00030410476,-0.0006534476,-0.0004685223,0.00012817886,-0.0018525273,-0.00014520437,0.00027451012,3.3131568e-05
EBLN2,0.0005324967,0.00056213327,0.00076521933,-0.0003374787,0.0019745156,0.0003464194,-0.0003286777,-3.8667582e-05
MIEN1,-0.00030375458,-0.00027007423,-0.00021071918,0.00019573979,-0.0009885505,-0.00021335855,4.152581e-05,1.9747764e-05
CHCHD7,-4.498288e-05,-0.0003103502,-0.00017700158,2.6957132e-05,-0.001203306,1.1009164e-05,0.00012006797,1.6544247e-05
C19orf18,-0.00013984554,-0.00022703037,-0.00017180666,0.00017149374,-0.0015029684,-0.00018888898,1.342129e-05,1.7611426e-05
CD47,-0.00027656928,-0.0004717987,-0.00027354062,4.8790127e-05,-0.0020339862,-0.00012712087,0.00018956698,2.2576074e-05
STAT6,0.00034739263,0.00015129335,0.00022378005,-0.00021868572,-0.00029319525,0.00047784857,3.3597462e-05,-1.434586e-05
PMCH,-0.00020042993,-0.00048949756,-0.00035823882,0.000111783855,-0.0011415333,-6.857421e-05,0.00020181295,2.5935937e-05
TCEAL6,0.00019681454,0.0005506836,0.00047284737,3.9674342e-07,0.0005039349,9.14745e-06,-0.00036443677,-1.8350082e-05
CCDC126,0.00047313608,0.0005299859,0.00067380443,-0.00018310267,0.0024667531,0.00012089964,-0.00040676724,-2.9123854e-05
TSHZ2,-0.0002038274,-0.0011851843,-0.0007579494,-4.3184496e-05,-0.0005475953,9.457953e-05,0.00060331076,4.5598834e-05
TEX38,-0.00014910847,-0.00044678338,-0.00030803308,9.628665e-05,-0.00067234784,-6.888248e-05,0.00016755704,2.3305649e-05
C1orf158,-0.0002746731,-0.00022780895,-9.340793e-05,0.00012331549,-0.0009731576,-0.00028977403,-1.7326325e-05,1.5096157e-05
FTO,-0.00015924126,-0.00023461133,-0.00017152168,0.00017053168,-0.0013367385,-0.00013059145,3.3423305e-05,1.7368933e-05
TMEM252,-0.0001981277,-0.00047185458,-0.00033679232,0.00011701882,-0.0009595752,-9.264611e-05,0.0001778733,2.5265384e-05
TMEM273,-0.0002580937,-0.0006138664,-0.00050219893,0.00013735145,-0.00033236295,-6.2745996e-05,0.00028177537,3.347476e-05
TCAF2,0.00016804785,6.38701e-05,0.00024204887,-0.00011504162,0.0018939972,0.00012234878,-0.000113072805,-7.1292743e-06
CBY1,-0.00017108582,1.4254823e-05,7.013045e-05,0.0001363596,-0.0015968084,-0.0002611298,-0.00014002528,6.3733896e-06
MMP14,0.00034525245,-1.8760562e-05,0.00012387522,-0.00013434049,0.00018122047,0.00023560878,-9.080395e-07,-3.5210978e-06
ANAPC15,7.133372e-05,-0.00023599528,-1.8298626e-05,-5.7781115e-05,-0.00088795274,-1.2720004e-05,5.0315633e-05,8.690753e-06
LYSMD2,-0.00013220683,-0.00020990148,-0.00024307705,0.00018085353,-0.0017871037,-4.4006854e-05,7.902831e-05,1.9489904e-05
ARMCX3,-0.00031702593,-0.0005160775,-0.00030104443,0.00012236275,-0.0016513169,-0.00020358199,0.00015144516,2.6609167e-05
TREML4,-0.00021162629,-0.0004865732,-0.00035703555,0.000119164586,-0.001081422,-8.5116364e-05,0.00019404199,2.6134308e-05
SAMD13,0.00026853383,0.0002179835,0.00020177476,-2.6740134e-05,-0.0007310584,0.0002083024,-0.00010855403,-8.5011125e-06
IL15RA,-0.00018674321,-0.00036367401,-0.00029734336,0.00018162932,-0.0011644587,-0.00016195606,0.00010641664,2.3400527e-05
LIME1,-0.000104531646,-0.00043260306,-0.0003064759,6.5105036e-05,0.0005425513,8.113682e-06,0.00016940664,2.2545108e-05
RNASE10,-0.00021708943,-0.00048895366,-0.00036055222,0.00012257323,-0.0011222437,-8.885935e-05,0.00019481964,2.6362599e-05
MS4A8,-3.5218894e-05,-0.000250889,-0.000110227615,1.7437153e-05,-0.00013602525,9.19681e-06,7.1631745e-05,1.2332457e-05
ZC3H4,0.00017980114,-0.00018291175,4.2647123e-05,-0.000146701,0.0015797988,0.00015329476,3.6564656e-05,4.328089e-06
CRABP1,0.00018876046,3.5939738e-05,9.671785e-05,-2.8697774e-05,-0.0009999052,0.00017550122,-3.599096e-05,1.725275e-07
C17orf99,9.562075e-05,2.7120113e-05,8.183904e-05,-1.2971461e-05,-0.00082090497,0.0001588529,-2.3235567e-05,-3.4854747e-07
EIF4EBP3,0.0003911201,0.00030394085,0.00046739355,-0.00026103016,0.0018167943,0.0003069397,-0.00017901603,-2.1645334e-05
TIFAB,-0.00021708943,-0.00048895366,-0.00036055222,0.00012257323,-0.0011222437,-8.885935e-05,0.00019481964,2.6362599e-05
KRBOX4,-0.00033739395,-2.3640692e-05,-1.87587e-05,0.00027432945,3.3773482e-05,-0.00047094468,-0.00019035209,1.3012323e-05
CMTM2,-0.000152478,-0.0004982911,-0.00036458857,8.509215e-05,-0.0007009581,-2.9602088e-05,0.00021467265,2.5972724e-05
ZDHHC11B,-0.00021708943,-0.00048895366,-0.00036055222,0.00012257323,-0.0011222437,-8.885935e-05,0.00019481964,2.6362599e-05
NDUFA11,0.000118846074,-8.3955005e-05,3.3302233e-05,-2.0401552e-05,0.00049237907,8.602813e-05,-8.583069e-06,3.3858232e-06
CNTF,-0.00018004142,-0.00036163256,-0.00022396818,7.456355e-05,-0.0004344359,-9.954162e-05,0.000112432055,1.9700383e-05
TMEM86B,0.00012717023,0.0001306478,0.00013667718,3.7169084e-06,1.848489e-05,8.341763e-05,-9.801332e-05,-3.1382078e-06
TMEM187,-2.6592985e-05,0.00033864193,0.00026964583,0.000111721456,-0.000984557,-2.8028153e-05,-0.00024353247,-8.983188e-06
C15orf48,-0.00010374747,-0.00013105385,-5.585514e-05,4.9718656e-05,-0.0001501441,-2.4247915e-05,2.2470951e-05,7.88318e-06
FCGR2B,-0.00028019212,-0.00043381564,-0.0003842432,0.00020096637,-0.0017885566,-0.00014914572,0.00016701594,2.8892187e-05
HS6ST1,-0.00022125058,-0.00063526444,-0.0005927384,0.00024968106,-0.0018610582,-8.876063e-05,0.00028543454,3.8460945e-05
NBL1,-0.0002018977,-0.00045070425,-0.00033436902,0.00012372434,-0.0010115206,-8.853059e-05,0.00017299782,2.5034533e-05
NBPF10,0.00015665404,-3.181398e-06,0.00014633313,-0.00010715518,0.0001468733,0.00012039114,-4.6569854e-05,-1.6959384e-06
TPGS1,-0.00019067898,-0.0005934201,-0.0005825795,0.00015223306,-0.002004221,7.693935e-05,0.0003639413,3.32332e-05
RNF7,-0.00031650625,-0.00045436434,-0.00032825023,0.00020451564,-0.00050519407,-0.00028528925,9.306241e-05,2.8810697e-05
IL33,-0.0009559579,-0.0012196917,-0.001243135,0.0005257977,-0.006990604,-0.00044462504,0.00064786524,7.324235e-05
NPM3,1.4595687e-05,-0.00020295754,0.00010881014,-0.00011008605,-2.5071204e-05,-0.000115768984,-2.7210452e-05,3.3018878e-06
FABP2,-0.00018371642,-0.00044588,-0.000288805,4.9887225e-05,-0.0008307174,-5.6535937e-05,0.00018127356,2.2582593e-05
NDUFA2,-2.3944303e-05,-0.0001897756,-3.927201e-05,2.004113e-05,-8.225441e-06,-3.0428171e-05,1.4953315e-05,9.650714e-06
UBQLN4,2.4523586e-05,-0.00064243935,-0.00046372786,-1.2578443e-05,-0.0016127527,0.000159204,0.00036806054,2.7741306e-05
EQTN,-0.0001848787,-0.00039540976,-0.00028694794,0.00011050422,-0.00068505853,-0.00011528609,0.0001314031,2.3184926e-05
LSM7,-0.00017133914,-0.00013758801,-8.967519e-05,0.00014606025,4.8927963e-05,-0.00011560228,-2.0363368e-05,1.23092905e-05
ULBP2,-7.0223585e-05,7.710606e-05,-7.06166e-05,0.00028532278,-0.0026144981,-0.00013465434,-0.000114017166,1.1640019e-05
PCLAF,-0.00019264407,-0.00068835355,-0.0004587844,3.7699938e-06,0.00041458756,-1.29677355e-05,0.00032181945,3.0653086e-05
MTCP1,-0.00019258633,-0.00040529296,-0.00031083636,0.00013251975,-0.0004975796,-0.00010005105,0.00014014728,2.4028239e-05
IKBKG,-0.00023691915,-0.00024692528,-0.000258632,0.00022063218,-0.0017829984,-0.0002245009,4.7458336e-05,2.2805762e-05
LPL,-5.385466e-05,-0.00022018328,-0.00011123158,3.4000725e-05,0.0013742521,-4.6907924e-05,5.2829273e-05,9.523239e-06
IL36G,-0.00020601228,-0.0004918277,-0.00036164,0.000115136616,-0.0011860132,-7.228553e-05,0.00020259153,2.6160269e-05
PLA2G2C,-0.00021708943,-0.00048895366,-0.00036055222,0.00012257323,-0.0011222437,-8.885935e-05,0.00019481964,2.6362599e-05
NACA2,-0.00041536987,-0.0011343099,-0.00096702203,0.0002049096,-0.0023081824,-3.0267052e-05,0.00060524046,5.799241e-05
KRTAP10-1,-0.00021708943,-0.00048895366,-0.00036055222,0.00012257323,-0.0011222437,-8.885935e-05,0.00019481964,2.6362599e-05
ENO3,8.126721e-06,-0.00028081983,-7.127598e-05,-4.573632e-05,0.0002529174,4.5965426e-05,8.334033e-05,9.849668e-06
BOK,0.00020966493,-9.858608e-05,0.00011202693,-0.00019003823,0.0010640547,0.0002827458,5.772151e-05,-4.109461e-06
SNHG28,3.1275675e-05,-2.586469e-05,2.0686537e-05,2.187211e-05,-0.000285998,-2.337154e-05,-3.142003e-05,3.9543957e-06
TNFSF4,-5.1569194e-05,-1.4491379e-06,3.148429e-05,9.477418e-05,-0.00055111945,-6.271992e-05,-7.597264e-05,4.8810616e-06
RFPL4A,-0.00021708943,-0.00048895366,-0.00036055222,0.00012257323,-0.0011222437,-8.885935e-05,0.00019481964,2.6362599e-05
MCRIP2,-2.8451905e-05,-0.00043781847,-0.00039325282,5.9816986e-05,-0.0011204034,0.00014269259,0.00027302653,2.2854307e-05
DAD1,-8.591078e-05,-0.00017525628,-2.6764348e-05,3.363751e-05,0.0006344095,-8.405093e-05,-1.0185875e-05,9.453157e-06
LCN1,-0.00021708943,-0.00048895366,-0.00036055222,0.00012257323,-0.0011222437,-8.885935e-05,0.00019481964,2.6362599e-05
LGALS16,-0.00026362203,-0.0004911758,-0.0004095342,0.000170012,-0.0014932826,-8.281786e-05,0.00021092035,2.8170878e-05
NPIPB11,-0.00021708943,-0.00048895366,-0.00036055222,0.00012257323,-0.0011222437,-8.885935e-05,0.00019481964,2.6362599e-05
TMEM69,5.8420002e-05,0.00023219734,0.00022504665,6.0592778e-05,0.0005412847,-0.00011426909,-0.00022702012,-4.8062066e-06
NUDT8,-0.0002942793,-0.00033222325,-0.00040538982,0.00027455762,-0.0013268143,-0.00018638233,0.00010876637,3.0573574e-05
IL26,-0.0002117455,-0.0004848279,-0.00035250746,0.00011893269,-0.0010122359,-9.22475e-05,0.00018905196,2.6034657e-05
EDDM3A,-0.00021708943,-0.00048895366,-0.00036055222,0.00012257323,-0.0011222437,-8.885935e-05,0.00019481964,2.6362599e-05
VAMP8,-0.00017309934,-0.0004922766,-0.00038080104,0.00016247574,-0.0009890273,-8.9673325e-05,0.00018091872,2.8621871e-05
SLC2A8,0.00015284121,-0.0002434142,-0.000102791935,-6.978493e-05,-0.0009101704,0.00022796635,0.00014938228,7.507275e-06
LIN52,0.00011674501,0.00012695417,0.00029778853,-7.0835464e-05,0.0011134893,1.5486032e-05,-0.00017399248,-9.557698e-06
FXYD6,-0.0001852028,-0.0004810281,-0.00040445104,0.00018203631,-0.0009668842,-7.971097e-05,0.00018916745,2.9075076e-05
GATS,-0.00021708943,-0.00048895366,-0.00036055222,0.00012257323,-0.0011222437,-8.885935e-05,0.00019481964,2.6362599e-05
BET1L,-3.4647062e-05,7.79368e-05,0.00018321536,2.5777146e-05,0.0005819127,-0.0001351675,-0.0001753224,4.284084e-08
HCFC1R1,-7.517636e-05,-8.083135e-05,-6.7483634e-06,4.4338405e-05,0.00017862767,-3.343448e-05,-2.0883977e-05,7.241615e-06
PPP1R1B,-0.00042480044,-0.00057017617,-0.00051144697,0.00039508287,-0.00063706934,-0.0005573104,6.1167404e-05,4.371372e-05
SLC7A11,-0.00019183941,-0.00045369752,-0.00034926087,0.00016203057,-0.00031472743,-0.00015428243,0.00014194194,2.5899615e-05
MSGN1,-0.00021708943,-0.00048895366,-0.00036055222,0.00012257323,-0.0011222437,-8.885935e-05,0.00019481964,2.6362599e-05
EIF1AX,-0.00013403781,-0.0005195476,-0.00033746473,2.6874244e-05,-0.0003657788,7.3322095e-05,0.00024717394,2.38067e-05
SAA2,-0.00014170632,-0.0001633577,-0.00010164082,8.1124716e-05,-0.0008613169,-4.8783608e-05,3.2184646e-05,1.2000673e-05
ASPRV1,2.0954758e-05,-0.00030650757,-0.00017680228,4.7598034e-05,-7.364899e-05,3.8567e-05,9.350106e-05,1.639442e-05
SLC30A5,5.128607e-05,8.391589e-05,0.00014105625,2.3916364e-05,0.0012811869,-0.000117970165,-0.00016919058,2.0029256e-06
RPS29,-0.00033833273,-0.0008099582,-0.00066324696,0.00020539202,-0.0010145456,-7.634051e-05,0.00037537515,4.217704e-05
CEBPD,-0.00044872053,-0.00051200576,-0.0004973095,0.00030171685,-0.0025308132,-0.00024187984,0.00020352378,3.4107477e-05
C12orf74,-0.00021708943,-0.00048895366,-0.00036055222,0.00012257323,-0.0011222437,-8.885935e-05,0.00019481964,2.6362599e-05
OBP2B,-0.00021708943,-0.00048895366,-0.00036055222,0.00012257323,-0.0011222437,-8.885935e-05,0.00019481964,2.6362599e-05
DIO3,-5.750358e-05,-0.00030873343,-0.0001354292,7.869676e-06,-0.00045001507,-2.2535212e-05,9.896979e-05,1.3417797e-05
TNFAIP8,1.0445714e-05,-2.4663284e-05,3.8620085e-05,6.372854e-05,-0.00050953776,-1.8036924e-05,-6.398186e-05,4.23484e-06
VHLL,-0.0001652427,-0.000362413,-0.00028305873,0.00011382438,-0.0011821017,-4.7593378e-05,0.00014903396,2.0995503e-05
AC011484.1,-0.00021708943,-0.00048895366,-0.00036055222,0.00012257323,-0.0011222437,-8.885935e-05,0.00019481964,2.6362599e-05
MAGEB18,-0.00020409934,-0.0004601758,-0.00032695383,0.000114290975,-0.0009243861,-9.246543e-05,0.00017246511,2.4795532e-05
SCARA5,0.00012862869,0.00034188665,0.00032167323,3.3527613e-06,0.0012958795,8.35862e-06,-0.00026387628,-1.0418822e-05
CNIH1,2.9338524e-05,-0.00015787967,-3.5261735e-05,-2.7520582e-06,0.00056440383,-1.5028752e-05,1.3600104e-05,9.069801e-06
C3orf80,0.00023443066,0.00014346465,0.0001581125,-5.470775e-05,0.00071374327,0.00026728958,-4.6537258e-05,-8.977484e-06
FAM86C1,-0.00033551455,-0.0003046263,-0.00031729788,0.00033735577,-0.0019130707,-0.00042149844,1.4975667e-06,2.873072e-05
ABRACL,-0.000115515664,-0.00031012855,-0.00022239424,7.508043e-05,-0.00029804558,-2.2520311e-05,0.00011424348,1.898955e-05
KRTAP10-11,-0.0002261512,-0.00049471855,-0.00036632642,0.000119715,-0.0012010485,-7.814076e-05,0.00020460784,2.6403111e-05
BEX3,-0.0002574399,-0.0007449463,-0.00059274957,0.00014993083,-0.0014096275,-8.855015e-06,0.00036730897,3.742648e-05
GP9,-0.00012986548,-0.0004595928,-0.00032831356,7.724203e-05,-0.0005838573,-1.7988496e-05,0.00019707158,2.3731845e-05
INTS1,-6.331131e-06,-0.0002839882,-0.00024171732,7.678103e-05,-0.0001565814,6.207265e-06,0.00011260994,1.8989085e-05
MTURN,-0.0005430691,-0.001185311,-0.0011193957,0.00037049968,-0.0014517084,-0.00015636999,0.0006033322,6.653706e-05
SMIM4,-1.9779429e-05,-0.0001268033,-4.075654e-05,7.731374e-05,-0.00019404292,-5.9388578e-05,-1.3534911e-05,8.272938e-06
HTRA2,0.00027291104,0.0001794342,0.00028120913,-0.00018090568,-0.00108625,0.00031772442,-4.9740076e-05,-1.3023266e-05
SELENOV,-1.8281862e-05,-0.00019598193,-9.639189e-05,2.6619993e-05,0.00012694299,2.2983178e-05,5.1731244e-05,1.0813237e-05
RPP38,6.3139945e-05,1.4293939e-05,0.00023800321,-0.00016772747,-1.3254583e-05,8.426327e-05,-6.2435865e-05,-5.83136e-06
TRNP1,0.00040603615,0.00023941696,0.00049063377,-0.0002756985,0.002702713,0.0001987759,-0.0002106214,-2.049643e-05
RPA4,-0.0001246687,-0.0005751159,-0.0004297886,4.2766333e-05,-0.0014124811,7.638335e-05,0.00030662585,2.7630827e-05
FAM183A,-0.00026641414,-0.00069986284,-0.0004988052,0.00012999773,-0.0025663674,-0.00020088069,0.00030328054,3.2792916e-05
AURKAIP1,-2.7602538e-05,2.9552728e-05,0.00012163445,3.4909695e-05,-0.00026414543,-0.00010297727,-0.00012032967,2.3648608e-06
EIF1AD,0.00013333559,0.00019192323,0.0001828,2.770964e-05,0.001158692,5.61215e-06,-0.00017593149,-3.155903e-06
TIMM9,-2.2405759e-05,0.00014030188,0.0002655182,4.0072016e-05,-0.0004163608,-0.0001560757,-0.00021624472,-4.9090013e-06
FFAR3,-0.00014834665,-0.0004574582,-0.000347903,0.00010737404,-0.0009374395,-3.373716e-05,0.00019312743,2.500345e-05
C4B,-4.0106475e-05,-0.00012597255,-7.802993e-05,5.7223253e-05,-0.0015604869,2.7161092e-05,4.1263178e-05,9.462936e-06
KLRG1,0.00023024343,0.00019349158,0.00033737347,-0.00017922558,0.0004245788,0.00022894796,-0.00010185223,-1.6626436e-05
RELL1,-0.00030639954,-0.00052266754,-0.0004927274,0.00022294652,-0.0029276088,-0.00011527212,0.00024413131,3.299245e-05
DUS2,0.00031337142,0.00012876838,0.00016971305,-6.715953e-05,0.00085852295,0.00016938895,-9.162538e-05,-6.380491e-06
MFSD6,-0.00019929186,-0.000887081,-0.0005743187,-3.0749477e-05,-0.00061902404,9.3406066e-05,0.00046544615,3.4988858e-05
RGS13,-0.00015805289,-0.00035497732,-0.00023349747,9.589922e-05,-0.00077522546,-6.1991625e-05,0.000120241195,1.9253115e-05
UBE2V2,-6.252341e-05,-0.00014358386,-6.207824e-05,4.2491592e-05,-0.00066290796,-3.207475e-06,3.0034222e-05,9.464682e-06
ACYP1,-0.00023561716,-0.00023644976,-0.00028615445,0.0002312325,-0.0015222728,-0.00017162738,7.4912794e-05,2.2439635e-05
TCEAL5,1.1311844e-05,3.157556e-05,0.00018311292,2.0476058e-05,0.00076202303,-0.00013644155,-0.00016851444,3.9988663e-07
PPP1R27,-2.0874664e-05,-8.272566e-05,1.6395003e-05,3.909599e-05,-0.000726901,-1.8187799e-05,-2.4228357e-05,5.508191e-06
NUDT2,-6.4745545e-05,-2.4870038e-05,7.876754e-05,7.9785474e-05,0.0015044883,-0.00019869581,-0.00013798755,4.842994e-06
CRIP1,0.00031686947,0.00021356158,0.00031736866,-0.00017956644,0.00013968349,0.00031918753,-7.228367e-05,-1.765939e-05
PNMA8A,-0.0003199894,-0.0007379353,-0.0005971007,0.00025009178,-0.002667889,-0.00021669129,0.00028993003,4.2480067e-05
HIGD2A,2.3586676e-05,-0.00042623095,-0.00020870753,-1.1708587e-05,0.00021319091,3.8227998e-05,0.00015830994,1.7708167e-05
ANO6,0.00033183955,0.00032538548,0.00032983348,-2.18926e-05,4.1931868e-05,0.00013087038,-0.00021589268,-1.4172401e-05
ULBP3,8.241646e-05,7.0780516e-06,5.8548525e-05,3.0254945e-05,-0.00058557093,4.7984533e-05,-5.411636e-05,2.7510105e-06
SECTM1,-0.00019189715,-0.0004522223,-0.00032896362,0.00011187885,-0.0009885281,-6.995723e-05,0.0001793271,2.4317298e-05
PLLP,-0.00073299,-0.000713598,-0.0005840082,0.0003636405,-0.00040645897,-0.0005886662,0.00015166588,4.7144946e-05
RPS19BP1,1.2218952e-06,-0.000127526,-3.873743e-05,3.0783936e-05,-0.00010193139,5.350355e-05,2.8123148e-05,6.559887e-06
MCTS1,-0.0003180988,-0.00033477508,-0.00028623454,0.00024470687,-0.0006682426,-0.0002982351,3.442727e-05,2.7327216e-05
MRGPRX3,-0.00026489794,-0.00052933395,-0.00041115656,0.00016110577,-0.00086683035,-0.00015623355,0.00019276794,3.0438532e-05
C17orf97,-4.7273934e-05,-0.00023386627,-5.0216913e-05,-3.0302443e-05,-0.000827305,9.515323e-06,7.5588934e-05,8.1168255e-06
C1orf194,-0.000119840726,-0.00034844503,-0.00016969629,3.2330863e-05,0.00078778714,-0.00012473902,7.187296e-05,1.7833896e-05
BORCS8,-0.00015682727,-0.00021186844,-0.00016212091,0.00015504193,-0.00014925748,-0.00020498177,-1.1681579e-05,1.9443221e-05
TBCA,-0.00028355606,-0.00068351626,-0.0005562287,0.00017828215,-0.0008387938,-0.00011652196,0.0002960218,3.773207e-05
PRM2,-0.00021708943,-0.00048895366,-0.00036055222,0.00012257323,-0.0011222437,-8.885935e-05,0.00019481964,2.6362599e-05
BANF1,5.1209703e-05,4.8944727e-05,0.00020958856,-7.857848e-05,0.0008313656,2.7734786e-06,-0.000105791725,-4.8145885e-06
TXNL4B,0.00012425706,-0.00018878095,7.352419e-05,-0.00012962613,0.001991041,4.85871e-06,-1.82027e-05,6.1241444e-06
POTEM,0.0004310198,0.0003591068,0.00037495978,-0.00015477836,-8.21501e-05,0.0003395332,-0.00015105773,-1.9449042e-05
CDR1,1.7482787e-05,-1.0075048e-05,1.572445e-05,5.7788566e-05,7.606298e-05,-4.3199398e-05,-5.5613928e-05,5.080714e-06
BOP1,0.000157414,1.5867874e-05,0.00013811141,-7.045083e-05,0.00027231872,8.498598e-05,-6.251503e-05,-1.4991965e-06
THEM5,-0.00016441196,-0.00044015422,-0.00029517896,7.874891e-05,-0.00093171,-4.456844e-05,0.00017628726,2.2414373e-05
GAST,-0.00021708943,-0.00048895366,-0.00036055222,0.00012257323,-0.0011222437,-8.885935e-05,0.00019481964,2.6362599e-05
BTF3L4,-0.0003095921,-0.0005420465,-0.0004595127,0.0001916755,-0.0015181154,-0.00014290446,0.00022235047,3.2851123e-05
SHISAL2B,-0.0002036728,-0.0004549008,-0.000340119,0.00012794137,-0.0006997511,-0.00010455586,0.00016579032,2.5800546e-05
SYNJ2BP,-0.00020867214,-0.00019089691,-0.000119319186,0.00011994131,-7.622689e-05,-0.00015821261,-5.266629e-06,1.5903264e-05
ANKRD66,1.2755394e-05,-0.00019819848,-8.131191e-05,1.5532598e-05,-4.04194e-05,4.2093918e-05,5.2965246e-05,9.9253375e-06
SDHAF3,-5.3331256e-05,-0.00031851232,-0.00023458712,5.7900324e-05,-0.00088933855,-1.24285e-05,0.00013183989,1.8788269e-05
EIF4A1,-0.000575671,-0.0015401803,-0.0013551097,0.00029907562,-0.0031946152,-6.246846e-05,0.0008430043,7.8048906e-05
RBP1,6.20801e-05,-0.00043006055,-0.00020099618,-0.00010335352,0.0005902648,0.00011340622,0.00021013897,1.537276e-05
IL17B,-0.0002220925,-0.00049386546,-0.00036372617,0.00012381282,-0.0010839552,-9.645708e-05,0.00019464549,2.6696012e-05
CKS1B,-0.00038090348,-0.0007027108,-0.00051915273,9.641424e-05,-0.0012191162,-0.00013384223,0.00032179244,3.5529374e-05
C17orf49,-0.00019297004,-0.0004703272,-0.000456525,0.0002249321,-0.00040504336,-0.00016159797,0.0001679631,3.3384305e-05
OPTC,-8.933619e-05,-0.00031127594,-0.00017777644,3.383588e-05,-0.00074870884,-2.5221147e-05,0.00011534896,1.506391e-05
TMEM233,-6.930344e-05,-0.00022941455,-0.00014775433,4.5696273e-05,-0.0010488257,7.334538e-05,0.000113480724,1.1564116e-05
CSF3,0.00012562983,-4.017353e-05,0.00010335632,-3.6062673e-05,0.0005521998,8.390099e-05,-4.5727007e-05,-4.780013e-07
COX7A1,0.00043223612,0.0007812958,0.0008493103,-0.00019493233,0.0037932396,0.00016783737,-0.0005201781,-3.8827886e-05
MORF4L2,-0.00031812117,-0.00075096264,-0.0006276835,0.00019376818,-0.0014302433,-7.269718e-05,0.00035509933,4.0374463e-05
PLGRKT,6.6991895e-05,-4.2797998e-05,0.00011542067,-6.523542e-05,-9.511411e-05,9.787455e-05,-1.7642044e-05,-1.846347e-06
DYDC2,3.2084063e-05,3.1197444e-05,0.00017434359,-5.7054684e-05,0.0006293431,-8.7074935e-05,-0.00011824537,-1.4340039e-06
TCEAL2,-7.710606e-05,-9.667501e-05,1.7948449e-05,4.941225e-05,-0.00057982653,-9.545684e-05,-4.3345615e-05,7.702503e-06
GSKIP,9.385869e-06,-0.0002454091,2.9224902e-05,-6.949343e-05,0.0015248954,-0.00015800912,-4.6860427e-05,1.1507887e-05
PFDN5,-9.943731e-05,-0.00044236332,-0.00025446154,5.5526383e-05,0.00017201155,-4.1681342e-05,0.00015094504,2.0666048e-05
POLR2I,0.00012616254,-4.4407323e-05,0.000109396875,-3.2042153e-05,0.0005235076,8.473173e-06,-6.9647096e-05,1.3436656e-06
CYREN,0.00013760105,-9.353459e-05,6.871484e-05,-4.7561713e-05,0.0016019046,8.9891255e-06,-4.461594e-05,2.5581103e-06
NSMCE2,4.0337443e-05,-7.357448e-05,0.00011014566,-2.1875836e-05,-0.0002598539,-7.7702105e-05,-8.188933e-05,3.0655647e-06
LSM2,-0.00034225546,-0.00048747845,-0.0004620254,0.00024250243,-0.001994446,-0.00013528205,0.000216051,3.0685915e-05
TMEM219,-8.6573884e-05,-0.00027971342,-0.0002177842,0.000108974054,-0.00084701926,-1.28578395e-05,0.00010715891,1.7096289e-05
LY6G5B,-7.8631565e-05,-0.00016623549,-0.000104432926,9.47807e-05,-0.00073994696,-5.3614378e-05,2.0197593e-05,1.2904871e-05
CXorf21,-0.00036244653,-0.0008518882,-0.0006634947,0.00015467964,-0.0022029951,-5.2005053e-05,0.0004314799,4.1212188e-05
MGST1,-0.0001477506,0.00014631636,0.00032797642,9.366032e-05,0.0030261576,-0.0005093962,-0.0004023267,-8.721836e-07
TUSC2,-0.00019916892,-0.0002678577,-0.00021108612,0.00018259604,-0.0013175756,-0.0001705992,4.7578476e-05,1.9326922e-05
KRTCAP3,0.0001677312,0.00014747865,0.0002489388,-3.932882e-05,-0.00019469112,5.446747e-05,-0.0001512235,-7.35675e-06
ASXL1,-0.0002548471,-0.00060928985,-0.0003391169,5.3640455e-05,0.00066807866,-0.00013688719,0.00019781757,2.7057715e-05
MB,-0.00021162629,-0.0004865732,-0.00035703555,0.000119164586,-0.001081422,-8.5116364e-05,0.00019404199,2.6134308e-05
TAF10,0.00014928356,1.0522082e-05,6.7166984e-05,2.0025298e-05,-0.000574559,1.2686476e-05,-7.836707e-05,3.5144622e-06
GPX8,-0.00016432442,-0.000116713345,3.302656e-05,7.64709e-06,-0.00025183707,-0.00015098229,-5.4703094e-05,8.55804e-06
S100A2,-0.00018021092,-0.0005310159,-0.00041295774,0.00010188017,-0.001399003,-2.3299828e-05,0.00024758093,2.837344e-05
TM4SF18,-0.00025044754,-0.0006167907,-0.00044394843,0.00019785482,-0.0012132898,-0.00017080037,0.00020539854,3.1862408e-05
COMMD5,-9.419769e-05,-3.2281503e-05,3.9879233e-06,0.00011880696,0.00033049285,-0.00014917785,-0.000103115104,8.928124e-06
SLC31A2,-4.5577064e-05,-5.9761107e-05,8.325279e-05,1.7548911e-05,0.0012578294,-0.00017042551,-0.0001210263,6.1749015e-06
TMEM37,1.9613653e-06,-0.00012973882,-4.544109e-05,8.0595724e-05,0.00021097064,-3.8262457e-05,-2.108235e-05,9.063166e-06
PLA2G1B,-8.146092e-05,-0.00020060688,-9.687804e-05,6.766897e-05,-0.00024935603,-2.9542483e-05,3.7023798e-05,1.1246069e-05
CCL23,-0.00013432093,-0.00042969733,-0.00026945584,4.921481e-05,-0.00058119744,-2.811756e-05,0.0001706956,2.1150103e-05
FAM9A,-0.00021708943,-0.00048895366,-0.00036055222,0.00012257323,-0.0011222437,-8.885935e-05,0.00019481964,2.6362599e-05
KLLN,0.00017808005,0.00023245439,0.00033153966,-0.00013279449,0.00061935186,0.00013069715,-0.00015446823,-1.3579265e-05
SIAH3,0.00025565363,0.00046280958,0.0005806405,-9.101443e-05,0.0051156506,-0.00017298013,-0.00046250504,-1.9541476e-05
VAMP2,-0.00017429143,-0.00032179616,-0.0001903791,0.00011887774,-0.00077329576,-0.00012210105,7.032603e-05,1.911691e-05
IFITM2,-7.855706e-05,-0.00047140196,-0.0003804844,5.5106357e-05,-0.002284944,0.00019376725,0.00030344073,2.2751978e-05
KLRC2,-0.00010820106,-0.00021395274,3.4177676e-05,-6.7224726e-05,-0.0007319823,4.8886053e-05,5.3325668e-05,4.6851346e-06
CHCHD5,-0.000115593895,-0.00040500797,-0.00032071583,0.0001460528,-0.0029239208,-0.000114286784,0.00015912205,2.4213921e-05
KRTAP9-1,-0.00021068938,-0.00048221461,-0.00035033748,0.00011854246,-0.0010478869,-8.9623965e-05,0.00018879212,2.5859219e-05
ID4,-0.00062014535,-0.0013440363,-0.0011447277,0.00033653527,-0.002036564,-0.00023593707,0.000638525,6.928097e-05
KRTDAP,-0.00019644946,-0.00048611686,-0.00035746768,0.00011127535,-0.0010205954,-6.9231726e-05,0.00019856263,2.5967718e-05
LYZL4,-0.00019410253,-0.00047270954,-0.00033512712,0.000108185224,-0.0008954555,-8.3095394e-05,0.00018232781,2.5013695e-05
ID2,-0.00018184632,-0.00057459064,-0.00041518174,9.435415e-05,-6.4745545e-06,-9.418558e-05,0.00022370275,3.0696858e-05
TRIM49,-0.0002191104,-0.0004901793,-0.0003598649,0.00012931693,-0.0010443106,-0.00010559149,0.00018670596,2.6655733e-05
PDCD1LG2,-0.00022824109,-0.00029341504,-0.00026297383,0.00019351114,-0.0015424639,-0.00016775355,7.29179e-05,2.2403197e-05
VSTM5,-0.0001976937,-0.00029624254,-0.00015698932,0.000103236176,-0.00045304745,-0.00014345208,4.9337745e-05,1.7099199e-05
NUDT14,-2.5779009e-05,-0.00026088394,-8.983724e-05,-3.787689e-05,0.0007275492,-5.0014816e-05,5.9758313e-05,1.2997189e-05
KRTAP10-12,-0.00021708943,-0.00048895366,-0.00036055222,0.00012257323,-0.0011222437,-8.885935e-05,0.00019481964,2.6362599e-05
DNAJB8,-0.00021708943,-0.00048895366,-0.00036055222,0.00012257323,-0.0011222437,-8.885935e-05,0.00019481964,2.6362599e-05
RTP2,-0.00021708943,-0.00048895366,-0.00036055222,0.00012257323,-0.0011222437,-8.885935e-05,0.00019481964,2.6362599e-05
KRTAP10-8,-0.00021708943,-0.00048895366,-0.00036055222,0.00012257323,-0.0011222437,-8.885935e-05,0.00019481964,2.6362599e-05
PTPRCAP,0.00016237609,-0.0001725927,-2.947636e-05,-8.681044e-05,0.0003650412,0.00022781081,9.372551e-05,4.3048058e-06
GOLT1A,-0.0003893841,-0.00056555495,-0.000503771,0.00028136186,-0.0021319091,-0.00031037303,0.00018895045,3.694906e-05
REG1B,-0.00022030249,-0.00044920295,-0.0003385432,0.00015242212,-0.0011914074,-0.00013872422,0.00015738141,2.5715446e-05
LCN9,-0.00020659529,-0.00045611337,-0.00032489002,0.00011636689,-0.0010369644,-9.029545e-05,0.00017215963,2.4608918e-05
SCOC,-0.0002754461,-0.00058486685,-0.00041341782,8.1018545e-05,-0.0004934594,-6.756373e-05,0.00026525557,2.8635492e-05
FAM209B,-0.000213027,-0.0004391428,-0.00032710843,0.00012833066,-0.0009015873,-0.00013335189,0.00015303027,2.525933e-05
TCTEX1D2,9.414926e-05,7.113069e-05,0.00015629083,-3.709551e-05,0.00039166957,2.7852133e-05,-9.5509924e-05,-2.3751054e-06
UTP14A,0.00068201683,0.00033942796,0.0006493032,-0.00046744943,0.0022468194,0.0005140519,-0.00017410796,-3.3183256e-05
GABBR1,-0.00065500475,-0.00090670586,-0.00088236295,0.0004261136,-0.000901334,-0.00047462573,0.00033861026,5.8765756e-05
KAT8,7.973425e-05,8.043647e-05,7.641688e-05,4.20874e-05,-0.00074058026,1.5856698e-05,-9.5433556e-05,2.9265648e-06
FAM210B,3.726594e-05,-8.20905e-05,5.7063997e-05,-8.214265e-07,0.0008514598,3.3224933e-05,-4.3487176e-05,3.5509001e-06
C20orf85,-0.00014687143,-0.00034762733,-0.00025975332,0.000113466755,-0.0009036213,-5.5837445e-05,0.0001250254,2.0517735e-05
C9orf152,-0.00021162629,-0.0004865732,-0.00035703555,0.000119164586,-0.001081422,-8.5116364e-05,0.00019404199,2.6134308e-05
HHLA3,0.00018381327,-0.00011099875,-2.0852312e-05,-7.09882e-05,-1.5333295e-05,0.00016836915,5.261693e-05,5.4001575e-06
MMP28,-0.0005541872,-0.00085679814,-0.00090060756,0.00040566735,-0.0035123006,-0.0002773879,0.0004200954,5.4975506e-05
CCL25,-0.00011402927,-0.00041984022,-0.00029383786,6.896071e-05,-0.0010360181,4.2114407e-06,0.00018754229,2.096023e-05
NUP88,-1.6095117e-05,5.4316595e-05,0.00016279705,1.2466684e-05,-0.00080319494,-9.682309e-05,-0.00012974348,9.185169e-08
SLC23A2,9.713136e-05,-0.00022047386,-1.225248e-05,-0.00013190415,0.0005396083,0.00016480684,0.00010680314,3.983034e-06
LZIC,5.9437007e-06,0.00018770434,0.00042981468,-5.4274686e-05,0.0018331632,-0.0002387031,-0.00033034105,-9.645126e-06
SNX12,0.00011794083,0.00012222864,0.00013889372,-5.8372505e-05,0.0017971843,0.00012121443,-9.0573914e-05,-1.5615951e-06
C10orf67,0.00012164004,0.00014306419,0.00027110055,-5.811639e-05,0.00018702447,2.601184e-06,-0.00017205719,-6.8703666e-06
NAP1L5,0.00011147559,-0.00013324246,1.3615936e-05,-5.1874667e-05,-0.0015147626,0.00013720151,5.574338e-05,3.943336e-06
PDZD11,-2.4084002e-06,-2.4968758e-05,0.00010739826,-4.3698587e-05,0.0008784458,-5.2683987e-05,-7.6210126e-05,2.6217895e-06
RPS21,-0.000116206706,-0.00046855584,-0.00028430298,4.5908615e-05,0.0002143532,2.2588298e-05,0.0001886785,2.1302258e-05
ZNF705G,-0.00021708943,-0.00048895366,-0.00036055222,0.00012257323,-0.0011222437,-8.885935e-05,0.00019481964,2.6362599e-05
AIF1,-1.6592443e-05,-0.00025682896,-0.00026034936,7.7497214e-05,-0.00081501156,0.00015130732,0.00017632358,1.5785336e-05
UQCRH,-9.2335045e-05,-0.00031756237,-0.00018296763,6.757304e-05,0.0003190413,-3.184378e-05,8.793175e-05,1.714949e-05
RPL36A,-0.000349842,-0.00033111498,-0.00023699738,0.0002158694,-4.567951e-05,-0.00028191367,3.0008145e-05,2.288085e-05
KCNMB4,-0.000198761,-0.0005561467,-0.0002448205,-5.1437877e-05,0.0007609725,-0.00017338153,0.00018000323,2.23167e-05
ARL14EPL,-0.00021708943,-0.00048895366,-0.00036055222,0.00012257323,-0.0011222437,-8.885935e-05,0.00019481964,2.6362599e-05
POTEI,-3.7886202e-05,-0.00028798543,-0.00020372495,5.577691e-05,-0.0010124072,5.9423037e-05,0.00013106316,1.5885802e-05
CD58,2.7211383e-05,-6.051734e-05,5.4147094e-06,-8.7215565e-05,-0.0013312399,0.00021281,8.787215e-05,1.7372658e-06
TMEM156,2.7768314e-05,-0.00015353039,-9.831041e-06,-4.822947e-05,-0.000669688,0.000120242126,7.4448995e-05,3.5243575e-06
VXN,-5.0202012e-05,0.000103749335,0.00023564324,-4.5317225e-05,0.0016243681,-6.881729e-05,-0.00017777923,-3.8972357e-06
ERFE,-0.0001831986,-0.00038105063,-0.000318598,0.00017555617,-0.001275152,-0.000119736884,0.00012872834,2.427015e-05
DPY30,-6.226078e-05,-0.0001641307,5.5838376e-05,-4.0802173e-05,0.00030115992,-5.7414174e-05,-1.45584345e-05,5.0391536e-06
MS4A4A,-0.00015875138,-0.000350656,-0.00026082993,9.6636824e-05,-0.00018692017,-0.00010570232,0.00011393521,2.1303538e-05
PRAMEF4,-0.00021708943,-0.00048895366,-0.00036055222,0.00012257323,-0.0011222437,-8.885935e-05,0.00019481964,2.6362599e-05
DEPDC4,-0.00010399893,-0.00022477843,-4.2781234e-05,-3.742054e-05,0.0011915118,-1.1250377e-05,5.1924028e-05,8.538016e-06
GKN1,-0.00021708943,-0.00048895366,-0.00036055222,0.00012257323,-0.0011222437,-8.885935e-05,0.00019481964,2.6362599e-05
SENP8,0.00010355003,0.0001076553,0.0003541056,-0.00022582989,0.00010124594,0.00022381172,-6.2942505e-05,-1.696439e-05
SAA1,-0.00019739196,-0.0004924964,-0.0003445819,0.000101271085,-0.0009804145,-6.521121e-05,0.00019755308,2.5278656e-05
SSX3,-0.00020659529,-0.00045611337,-0.00032489002,0.00011636689,-0.0010369644,-9.029545e-05,0.00017215963,2.4608918e-05
CXorf40A,0.00036399998,0.00044803508,0.0005498454,-0.00012301374,0.0012779832,0.00013120193,-0.0003265785,-2.366025e-05
PCSK1N,-0.00013759919,-8.779392e-05,-4.101917e-05,0.00013939943,-0.0003036186,-0.00012192363,-5.021505e-05,9.863055e-06
SLC15A2,-0.00027129613,-0.000105263665,-4.3498352e-05,0.00016018469,-0.0013191923,-0.00023384392,-4.879944e-05,8.9664245e-06
ACYP2,-1.9012019e-05,-7.308647e-05,0.00015816279,-4.5831315e-05,0.00081448257,-0.00012888899,-0.000110234134,1.4213147e-06
BCL2L15,7.3315576e-05,0.00016754866,0.00020212866,1.2923963e-05,0.00024032593,-9.0370886e-05,-0.00017850194,-3.6793062e-06
C6orf52,2.360344e-05,4.1987747e-05,1.4510006e-05,2.4442561e-05,-0.00034616888,0.00011490658,-6.3069165e-06,1.5022233e-06
C17orf96,-0.00021708943,-0.00048895366,-0.00036055222,0.00012257323,-0.0011222437,-8.885935e-05,0.00019481964,2.6362599e-05
FAM71C,-0.00011357665,-0.00031027384,-0.00019921362,6.5216795e-05,-0.00092533976,-2.713874e-05,0.00011557713,1.658022e-05
PIGH,-9.758957e-05,1.24219805e-05,0.00010554865,3.864616e-05,0.00074917823,-0.00015501678,-0.00013107527,4.798523e-06
TAS2R7,-0.00021708943,-0.00048895366,-0.00036055222,0.00012257323,-0.0011222437,-8.885935e-05,0.00019481964,2.6362599e-05
MS4A7,0.00023104437,-5.864352e-05,0.00011759251,-0.000113791786,0.0011548921,0.00017582811,-1.0681339e-05,-2.1368032e-06
ZNRD1,-0.00021226145,-0.00043391436,-0.0002543945,0.00012607034,-0.0006004572,-0.00019149622,9.989645e-05,2.3552566e-05
RNF222,0.00013158284,-9.25865e-05,3.09404e-05,-8.231681e-05,0.0007625222,0.00018662121,4.3013133e-05,1.1050142e-06
PLA2G2D,-0.00020020083,-0.00047482736,-0.0003417395,0.00011267234,-0.00096369535,-8.1167556e-05,0.00018566381,2.534897e-05
GPX1,0.00013362616,4.6908855e-05,0.00013444759,-3.7375838e-05,0.0010244846,6.232038e-05,-8.89916e-05,-9.225914e-07
FAM174B,-9.841472e-05,-0.00034548715,-0.00013532117,-7.242523e-05,-0.0014606565,8.064136e-05,0.00019145943,1.0329764e-05
DIRAS3,0.00038100407,0.0003967099,0.0005348325,-8.531101e-05,0.001110062,-2.0444393e-05,-0.00037078466,-1.9240775e-05
C3orf62,-0.00030124187,-0.00015589222,-0.00014384091,0.00022376701,-0.0005305335,-0.00023095543,-2.8372742e-05,1.5676953e-05
INMT,-0.0005259346,-0.000723185,-0.0005964618,0.0003065504,-0.0008556545,-0.00040573534,0.0002169162,4.4363784e-05
TNFSF18,-0.00021708943,-0.00048895366,-0.00036055222,0.00012257323,-0.0011222437,-8.885935e-05,0.00019481964,2.6362599e-05
MEA1,-6.7949295e-05,-1.7650425e-05,-3.5276636e-05,4.8649497e-05,-0.0023792014,0.00012438558,5.1289797e-05,5.306327e-06
C4A,9.641051e-05,0.00010180101,0.00013619475,3.141351e-06,-0.0015068129,0.00010664202,-6.811228e-05,-3.33949e-06
COX7A2L,-0.0001794137,-0.0006210003,-0.00047362968,8.447189e-05,-0.0010499656,1.7048791e-05,0.0003122082,3.096694e-05
CCDC152,7.497892e-05,0.00025966205,0.0004055556,-7.136911e-05,0.0015971512,-0.00010727532,-0.00028537493,-1.1472614e-05
ULBP1,3.2171607e-05,0.00024927594,0.0002928432,-7.180497e-07,-0.00057002157,-1.6584061e-05,-0.00019663293,-1.0652002e-05
PGPEP1L,-0.00019333139,-0.0004789848,-0.00034270994,0.0001079198,-0.00081445277,-8.004997e-05,0.00018651132,2.5440706e-05
LRRC10,-0.00017007999,-0.00041867234,-0.00029574707,0.00012010429,-0.0010351613,-9.4960444e-05,0.00014912523,2.2845226e-05
NINJ2,-4.049018e-05,-0.00023739412,-0.00010298379,-2.110377e-06,-0.00071748346,-2.6123598e-06,8.3722174e-05,1.0858872e-05
PIFO,-0.0005479511,-0.00082554854,-0.00057413615,0.0001871502,-0.0011198595,-0.00042143743,0.00028670207,4.0614395e-05
SCIMP,-0.00017084554,-0.00025163032,-0.0001642704,0.0001644995,-0.0003405288,-0.0002424866,-4.5578927e-06,1.8815976e-05
CCZ1B,-4.9028546e-05,-9.17092e-05,-2.8101727e-05,3.332179e-05,-0.0010698363,-4.2430125e-05,-9.024516e-06,1.0488671e-05
MAGEB4,-0.00021708943,-0.00048895366,-0.00036055222,0.00012257323,-0.0011222437,-8.885935e-05,0.00019481964,2.6362599e-05
PAIP2B,0.0004114434,0.00072285347,0.0008768346,-0.00028351415,0.003415376,0.00012018345,-0.0004924601,-4.0660612e-05
LYRM9,0.00020449795,0.00010809302,0.00037481077,-0.00016825367,0.003562361,-6.77919e-05,-0.00023771543,-1.0616379e-05
CCL14,-0.00021708943,-0.00048895366,-0.00036055222,0.00012257323,-0.0011222437,-8.885935e-05,0.00019481964,2.6362599e-05
IL17F,-0.00021708943,-0.00048895366,-0.00036055222,0.00012257323,-0.0011222437,-8.885935e-05,0.00019481964,2.6362599e-05
LRRC37A2,0.00070315413,0.0010140985,0.0012511536,-0.00049444474,0.0047295094,0.00025521778,-0.00066050235,-6.0056336e-05
PRR23B,-0.00018035807,-0.00046609715,-0.0003261082,0.000100102276,-0.00078208745,-7.219333e-05,0.00017997809,2.4453504e-05
CSTL1,-0.00021708943,-0.00048895366,-0.00036055222,0.00012257323,-0.0011222437,-8.885935e-05,0.00019481964,2.6362599e-05
PFDN6,-0.00026076287,-0.00023942813,-0.00017292239,0.00013716146,-0.0010266975,-0.00016881013,4.0255487e-05,1.800619e-05
TMEM218,0.0001278501,0.00011963956,0.0002704244,-0.00014212076,0.00145486,0.00011586025,-0.00011087302,-9.917654e-06
MAGEB2,-0.00016919151,-0.00037116557,-0.00027079694,0.00011581648,-0.0011791587,-7.1625225e-05,0.00013525505,2.1411455e-05
CROT,6.049499e-05,-0.00048572384,-0.00025818497,-0.00020002667,0.0003510937,0.0003254516,0.00032865442,1.45887025e-05
CAMK2N2,0.00010954589,5.1079318e-05,8.314662e-05,3.2409094e-05,0.00093533844,4.393235e-05,-9.0827234e-05,9.391224e-07
APOL6,0.00017537735,0.00036485307,0.0003938116,-8.420087e-06,0.00075891614,-1.2930483e-05,-0.00028952304,-1.4887773e-05
CAMSAP1,-0.00079743564,-0.001396127,-0.0012772027,0.0004679961,-0.0026114509,-0.00042347098,0.0006400747,7.993553e-05
MAS1L,-0.00021708943,-0.00048895366,-0.00036055222,0.00012257323,-0.0011222437,-8.885935e-05,0.00019481964,2.6362599e-05
MARCKS,-0.0005799029,-0.0012531597,-0.001112558,0.0003351122,-0.0023588836,-0.00014979625,0.0006339755,6.641471e-05
GSTA3,-0.00019569136,-0.00056182407,-0.00038884766,8.298084e-05,-0.0010528713,-1.2457371e-05,0.00024811924,2.7055969e-05
ARMH2,-0.00021783821,-0.00052086264,-0.00039930828,0.00012549758,-0.0011899099,-7.539429e-05,0.0002213614,2.8141425e-05
SRPX2,-0.00011255033,-0.0002870988,-0.00021247566,0.00011732988,-0.00091420114,-6.965548e-05,8.23047e-05,1.8573715e-05
RNF24,-0.00017367676,-0.00022172555,1.3904646e-05,9.12901e-05,-0.00023341924,-0.00030754833,-9.326171e-05,1.1730939e-05
MAGEB5,-0.00021708943,-0.00048895366,-0.00036055222,0.00012257323,-0.0011222437,-8.885935e-05,0.00019481964,2.6362599e-05
TMEM107,5.5190176e-06,-4.130788e-05,-6.5546483e-06,7.114094e-05,0.00037175417,-0.000116110314,-7.084478e-05,8.565956e-06
FAM180B,-0.00021978095,-0.0004916489,-0.00036420487,0.00012988597,-0.0011423081,-0.00010077562,0.00019149948,2.6729307e-05
DAOA,-0.00021708943,-0.00048895366,-0.00036055222,0.00012257323,-0.0011222437,-8.885935e-05,0.00019481964,2.6362599e-05
CHCHD1,-0.0002908688,-0.00015146844,-0.00018135272,0.000200429,-0.0017679036,-0.0001311535,3.2720156e-05,1.650292e-05
FNDC8,-0.0001376681,-0.0004011318,-0.00027180277,6.784871e-05,-0.0011283308,-2.8680079e-05,0.000168561,2.0352541e-05
CDK2AP1,-0.00013912655,-0.00056359917,-0.0004128255,4.4287182e-05,0.0001519844,3.6590733e-05,0.00027779676,2.5968999e-05
MAGEB3,-0.00018783845,-0.0004689768,-0.00033079274,0.0001052618,-0.00078787655,-7.788371e-05,0.00017972942,2.4828129e-05
SPATA9,0.00022299401,0.00016577914,0.00033160113,-0.00014896691,0.0011512339,0.00019621197,-0.00013508741,-1.394772e-05
TSPAN16,-3.7675723e-05,-0.0003769882,-0.0001612585,-3.3528544e-05,-0.0004368648,3.147684e-05,0.00014272798,1.5229103e-05
RLN1,7.060915e-05,-1.1881813e-05,0.000104825944,-6.2370673e-06,0.00038713962,9.356998e-06,-7.743295e-05,1.0890653e-06
EVA1B,0.00014120899,0.00028218143,0.00041230023,-4.034117e-05,0.0005214438,-6.9710426e-05,-0.00028514396,-1.41012715e-05
DDX5,-0.00043881126,-0.0010099225,-0.00086771883,0.00026734825,-0.0017793104,-0.00011981651,0.0004896028,5.353475e-05
ORC1,7.5927004e-05,-8.2300976e-05,6.2400475e-05,-3.4091063e-05,0.0007894635,-3.262516e-05,-5.320739e-05,5.3897966e-06
ALAD,0.00015423074,0.00027107447,0.00044464134,-7.472001e-05,0.0026618764,-0.00014059152,-0.0003404664,-1.2558303e-05
NEDD8,-0.0001708474,-0.0002609659,-0.00014625862,0.00012159906,-0.00030431896,-0.00015939632,2.6119873e-05,1.6779755e-05
TMEM126A,-4.222244e-05,-1.992844e-05,5.9455633e-05,7.334445e-05,0.0005922094,-0.00012271805,-0.00010728184,5.8803707e-06
JPT2,-7.613562e-05,-0.00038598292,-0.00017959811,-7.48327e-05,-0.00032981485,3.8317405e-05,0.00017087068,1.6625621e-05
AMY1C,-0.00021708943,-0.00048895366,-0.00036055222,0.00012257323,-0.0011222437,-8.885935e-05,0.00019481964,2.6362599e-05
ASCL5,-0.0002197437,-0.0004947074,-0.0003656894,0.00012381654,-0.001090534,-9.2295e-05,0.0001967214,2.6700902e-05
SNRPC,-6.042421e-05,-0.00010914542,1.2699515e-05,6.202515e-05,-9.933859e-05,-0.00012892159,-5.9274025e-05,8.140109e-06
SLC6A9,-0.00012954324,-4.184246e-05,4.916638e-05,0.0001260778,0.0021543577,-0.00032180175,-0.00018757302,9.4070565e-06
TM4SF20,-0.00021924078,-0.00040972605,-0.00030796416,0.00012497418,-0.00095596164,-0.00012048287,0.0001458032,2.3852568e-05
KRTAP4-11,-0.00021708943,-0.00048895366,-0.00036055222,0.00012257323,-0.0011222437,-8.885935e-05,0.00019481964,2.6362599e-05
HEG1,2.3704022e-05,-0.00026499853,-2.6820228e-05,-0.00011462532,0.0015669242,0.000104242004,7.916894e-05,7.136725e-06
LURAP1L,0.00024688244,0.0006521754,0.0006570257,-4.5212917e-05,0.00038582087,5.1317737e-05,-0.00044279452,-2.88398e-05
RGS21,-0.00021749549,-0.000482684,-0.00035096146,0.00012853835,-0.00089243054,-0.00010630209,0.00017828122,2.6354333e-05
RNF11,-0.0004240293,-0.000699779,-0.000666108,0.00031427573,-0.0020890906,-0.00019192882,0.0003127465,4.2977976e-05
CCDC188,-0.00021708943,-0.00048895366,-0.00036055222,0.00012257323,-0.0011222437,-8.885935e-05,0.00019481964,2.6362599e-05
CALY,0.00032114238,0.0005648285,0.00046144053,-3.0263327e-05,0.00040067732,0.00016412977,-0.00032147486,-1.9652536e-05
GPX2,-9.926222e-05,-0.0003125202,-0.00018089451,6.3168816e-05,-0.00059498847,-2.3338012e-05,0.00010295119,1.5896629e-05
PPP1R14C,-0.00013664737,-0.00050852634,-0.0005062781,0.00013573375,-0.0017931312,2.7235597e-05,0.00030424725,2.9130606e-05
TMEM213,-0.00031451695,-0.000292629,-0.00026619248,0.0002515409,-0.00085654855,-0.0002884753,2.0708889e-05,2.4704495e-05
FAM209A,-0.00018440187,-0.00045024604,-0.00031295046,0.000109290704,-0.0009803772,-8.5863285e-05,0.00016629789,2.3938366e-05
IQCF6,-0.00021708943,-0.00048895366,-0.00036055222,0.00012257323,-0.0011222437,-8.885935e-05,0.00019481964,2.6362599e-05
CFAP126,-0.00090350024,-0.0013423264,-0.0010012984,0.00028281938,-0.002769716,-0.0005442314,0.0005619405,6.4134016e-05
TAS2R10,-0.00013625622,-0.00023910217,-0.00016685016,0.00011412799,-0.0007671118,-9.0953894e-05,5.2050687e-05,1.6167061e-05
SHISA4,-0.00016645342,-0.00025299937,-0.00015698373,6.155763e-05,4.1089952e-05,-0.00012403913,4.577078e-05,1.7292448e-05
CLEC4E,-0.00020738505,-0.00044185482,-0.00033572875,0.00012460817,-0.0010957569,-6.692577e-05,0.00018038042,2.4306239e-05
C1orf226,-8.8946894e-05,-0.00035577267,-0.00033749267,0.00014246535,-0.0022470802,-2.2764318e-05,0.00018711202,2.1044281e-05
C11orf88,-0.00013997406,-0.0005563684,-0.00041673705,6.465707e-05,-0.0012791231,4.379172e-05,0.0002864385,2.6542111e-05
MS4A4E,-0.00021708943,-0.00048895366,-0.00036055222,0.00012257323,-0.0011222437,-8.885935e-05,0.00019481964,2.6362599e-05
GM2A,-9.7481534e-05,-0.00035366975,-0.00024485402,8.550938e-05,-0.0005452633,-2.463162e-05,0.00013213046,1.8882565e-05
C5orf52,-0.00021162629,-0.0004865732,-0.00035703555,0.000119164586,-0.001081422,-8.5116364e-05,0.00019404199,2.6134308e-05
TAS2R39,-0.0002419874,-0.0005017407,-0.00038792193,0.00014165975,-0.001204066,-9.8784454e-05,0.00020407513,2.7739094e-05
AGO1,0.00015731156,-0.00011289492,1.837127e-05,-9.4876625e-05,-0.00045631826,0.00017995667,6.0430728e-05,2.3532193e-06
HIST1H1T,-0.00021708943,-0.00048895366,-0.00036055222,0.00012257323,-0.0011222437,-8.885935e-05,0.00019481964,2.6362599e-05
TSLP,-0.00011418387,-0.00016344152,-0.00014551543,0.00015574135,-0.0012968853,-0.00011698203,1.0174699e-05,1.521525e-05
NUP107,-5.0500035e-05,4.7955662e-05,5.7399273e-05,4.1535124e-05,-0.0012078434,9.5313415e-05,-3.3291988e-05,1.7752172e-06
GEMIN7,-8.3524734e-05,5.234778e-05,0.0002518501,1.4917925e-05,0.0025548711,-0.00034503406,-0.00027126167,1.0952353e-06
RNASE4,-1.6493723e-05,-5.2090734e-05,0.00012238882,-7.244665e-05,-0.0016817078,7.744506e-05,2.9616058e-06,-1.8195715e-06
GPIHBP1,-0.00013017096,-0.0004129596,-0.00026508234,7.697288e-05,-0.0006964952,-4.462432e-05,0.00015297532,2.0654174e-05
C10orf95,-3.9333478e-05,-0.00040098093,-0.00027552806,6.112177e-05,-0.00066559017,4.3163076e-05,0.00017797202,1.955533e-05
KLRF1,-0.00020240806,-0.00049725175,-0.00035812333,0.00011317991,-0.0010373816,-8.6130574e-05,0.00019730255,2.6175985e-05
SNRPA,-0.00053072535,-0.00083862804,-0.0007492099,0.00027218927,-0.0031244233,-0.00029190583,0.00038389955,4.9531343e-05
COX5B,5.176291e-06,-0.00031845458,-0.00013270974,-1.4474615e-05,0.0012027845,-2.713874e-06,8.402113e-05,1.4387537e-05
TMEM65,9.399466e-05,-0.00048784167,-0.00040874258,2.835039e-05,-0.0009639859,0.00019462034,0.00029820204,2.4641515e-05
CALML6,-0.00021708943,-0.00048895366,-0.00036055222,0.00012257323,-0.0011222437,-8.885935e-05,0.00019481964,2.6362599e-05
MS4A6A,-0.00021474808,-0.00036763214,-0.00021117926,0.00012255274,-0.0009544939,-0.00020949217,7.796381e-05,2.0050677e-05
ANG,-0.00012204051,-0.0003901571,-0.000285225,7.9413876e-05,-0.0016373098,1.7694198e-05,0.00018515345,2.0577456e-05
DYNLL2,0.0004392285,0.00064371154,0.00080035813,-0.00029087346,0.0005129203,0.00028724782,-0.00036989246,-3.9114966e-05
LECT2,-0.00019597076,-0.00047221594,-0.00033611618,0.00011515524,-0.0009541735,-9.264704e-05,0.00017833244,2.5188201e-05
PDCL2,-0.00022598915,-0.00049457885,-0.00036064163,0.00012510642,-0.0010566488,-0.000103989616,0.0001902068,2.6791357e-05
CDV3,0.00015596859,-0.00020258501,7.778779e-05,-0.00021555927,0.0010329038,0.00017729308,8.032285e-05,1.6682316e-07
TCTEX1D1,-0.00052080303,-0.0017205253,-0.001223743,2.4865381e-05,-0.004642181,-6.306823e-05,0.00094607193,6.805675e-05
TNFSF8,-0.00011920929,-0.0003452059,-0.00026200153,0.000108446926,-0.0011892319,-5.7372265e-05,0.00013647415,1.9171392e-05
EDDM3B,-0.00021708943,-0.00048895366,-0.00036055222,0.00012257323,-0.0011222437,-8.885935e-05,0.00019481964,2.6362599e-05
LCN12,-0.00022059679,-0.00049979426,-0.0003847275,0.00012935977,-0.0013106465,-7.373933e-05,0.0002125809,2.7158181e-05
CD300LD,-0.00021708943,-0.00048895366,-0.00036055222,0.00012257323,-0.0011222437,-8.885935e-05,0.00019481964,2.6362599e-05
RLN2,-5.8576465e-05,-0.00025846437,-0.00011465885,4.114583e-05,-0.0007664934,-1.7820857e-05,7.40597e-05,1.2185308e-05
CASC10,-0.00021708943,-0.00048895366,-0.00036055222,0.00012257323,-0.0011222437,-8.885935e-05,0.00019481964,2.6362599e-05
GPR141,-0.00021708943,-0.00048895366,-0.00036055222,0.00012257323,-0.0011222437,-8.885935e-05,0.00019481964,2.6362599e-05
IGSF6,-0.00038673356,-0.0010411236,-0.0009228941,0.00020335149,-0.0019837841,-4.945323e-06,0.0005777553,5.3825206e-05
SPINK5,-0.00012304634,-0.000367824,-0.00022853911,7.688906e-05,-0.0018932223,-2.5467947e-05,0.00014448538,1.8186169e-05
DEPP1,-0.00014553405,-0.0003633164,-0.00037326477,0.00027144235,-0.0010299087,-0.00015018834,0.00010060612,2.8400798e-05
TSR2,4.8071146e-05,-0.00016873144,-7.8603625e-06,-2.8158538e-05,0.0001834929,2.3003668e-05,2.9384159e-05,6.0860766e-06
LTA,-0.0001333151,-0.00046356395,-0.0003227014,5.10728e-05,-0.0012044162,3.2298267e-05,0.00022715796,2.20238e-05
RD3,0.00015585311,1.5221536e-05,7.105619e-05,-2.6431866e-05,5.8196485e-05,0.0001622811,-2.2441149e-05,-2.9045623e-07
GRK5,0.00035567768,0.0005456805,0.0006820373,-0.0001916755,0.0021048337,7.2005205e-05,-0.00040389504,-2.8760871e-05
ARRDC5,-0.00012319162,-0.00019995868,-0.00014478341,0.00010080449,-0.00096609443,-1.4397316e-05,6.8654306e-05,1.2302306e-05
BEX4,-0.00016508251,-0.0006056074,-0.0004246384,9.6841715e-05,-0.0007464215,-4.9394555e-05,0.00025389344,3.0511175e-05
SNURF,-0.00036183558,-0.0012682937,-0.0010956097,0.00019691046,-0.0032534525,3.9746054e-05,0.00072780903,6.283005e-05
CLEC12A,-0.00012359582,-0.0002685208,-0.000121155754,4.6161003e-05,-0.0008835271,-6.07837e-05,6.872229e-05,1.3252953e-05
TMEM123,-0.00043620728,-0.0009591598,-0.00072497316,0.00018116087,-0.00038297474,-0.0003097835,0.0003809249,4.8926915e-05
IRF3,-2.351217e-05,-0.0003742259,-0.00013570301,-6.107148e-05,-0.0011472851,1.9951724e-05,0.00015385263,1.3574143e-05
GCSAM,-9.031594e-05,-0.00036437064,-0.00019615702,5.6709163e-05,-0.00013042241,-6.027613e-05,0.000102081336,1.813122e-05
ERP27,-0.00019768625,-0.00047865883,-0.00034065358,0.000109953806,-0.0008675307,-8.722022e-05,0.00018419698,2.5381567e-05
NSG1,-0.0007696822,-0.001383761,-0.0013157912,0.0005036108,-0.003468044,-0.00032671168,0.0006734142,8.0504105e-05
DNAJC15,-0.00018161349,-0.0006060209,-0.00048796646,0.00010416936,-0.0028707683,8.7019056e-05,0.0003527077,2.9010465e-05
CCDC85B,-7.0815906e-05,-0.00030911528,-0.00021108426,0.00019443035,-0.00028967857,-0.00022015162,3.8584694e-06,2.1336018e-05
KRTAP10-9,-0.00021708943,-0.00048895366,-0.00036055222,0.00012257323,-0.0011222437,-8.885935e-05,0.00019481964,2.6362599e-05
KRTCAP2,-0.00018765219,-0.00019256398,-0.00013419986,0.00012074318,-0.0007128194,-0.00013696309,2.241414e-05,1.5099649e-05
ATP6V1G3,-0.00028973073,-0.00059102103,-0.00042798743,0.00012714881,-0.001453042,-0.00012239581,0.00024427474,3.06624e-05
FXYD1,-0.0008438155,-0.0014211368,-0.0014263988,0.0005209232,-0.0046014637,-0.00034083938,0.0007362496,8.4830215e-05
OMP,-0.00021708943,-0.00048895366,-0.00036055222,0.00012257323,-0.0011222437,-8.885935e-05,0.00019481964,2.6362599e-05
CTAG2,-4.077144e-05,-0.0003110338,-0.00013830885,4.397705e-06,-0.00033470988,1.1566095e-05,0.00010694284,1.332839e-05
CCRL2,2.3016706e-05,-0.00024553388,-6.756559e-05,-4.0669926e-05,0.00046046078,6.219465e-05,7.165037e-05,9.74664e-06
PSMD10,-6.350689e-05,-0.00020341575,-0.000100819394,5.8562495e-05,-0.0009850413,-3.9992854e-05,5.0430186e-05,1.1454686e-05
COMMD2,8.023158e-05,0.0001386702,0.00024122186,-1.6500242e-05,0.0011831447,-2.5095418e-05,-0.00017916504,-5.6902645e-06
DPPA5,-0.00020740926,-0.00047756732,-0.0003445428,0.0001280373,-0.0010244101,-0.00010887813,0.00017560087,2.5899382e-05
OTUD6A,8.556992e-06,-0.00013463199,-4.178472e-05,7.984228e-06,-6.201863e-05,7.752143e-05,3.829971e-05,6.7537185e-06
FAM169B,-0.00017644651,-0.00047617964,-0.0003419686,9.664148e-05,-0.0010451227,-4.3527223e-05,0.00020065252,2.4681445e-05
RPL32,-0.00024558976,-0.0006666798,-0.0005097091,0.00015170127,-0.0004656464,-5.7701953e-05,0.00028687157,3.430026e-05
SRP9,-0.00027377345,-0.00072739273,-0.00057904795,0.0001554368,-0.00076441467,-5.1774085e-05,0.00033760536,3.7527177e-05
LCN10,-0.0001940243,-0.00041589327,-0.00029314496,0.00012008846,-0.00130146,-0.00010901643,0.00014557038,2.3230561e-05
KIAA0895,0.00020408817,0.0001550559,0.00016495585,-3.9301813e-06,0.0010637864,0.00014194287,-0.000114318915,-5.2900286e-06
CHCHD10,0.00038602576,0.00017700903,0.00030824728,-0.00020586327,0.0006946102,0.0003455961,-7.1717426e-05,-1.5177648e-05
CCDC171,5.0110742e-05,0.00031974912,0.00038249604,8.998159e-05,0.0022112355,-0.00018749246,-0.00037380774,-9.583542e-06
TAS2R60,-0.00021708943,-0.00048895366,-0.00036055222,0.00012257323,-0.0011222437,-8.885935e-05,0.00019481964,2.6362599e-05
HSPB11,-9.11504e-05,-0.00043185987,-0.00016809069,-4.6734698e-05,1.0505319e-06,-4.350394e-05,0.00015145913,1.5996047e-05
SPACA7,-0.00020020083,-0.00047482736,-0.0003417395,0.00011267234,-0.00096369535,-8.1167556e-05,0.00018566381,2.534897e-05
B4GALNT3,-0.0001822114,-0.00054352544,-0.000367444,6.591715e-05,-0.00090411305,-4.2832457e-05,0.0002338523,2.6313122e-05
LAMTOR1,7.850677e-05,-0.00014605187,4.043244e-05,-0.000104509294,0.0005927533,8.0012716e-05,3.585778e-05,3.3657998e-06
MBL2,-0.00019665435,-0.0004500132,-0.0003255047,0.000114558265,-0.0009997785,-7.812958e-05,0.00017478131,2.4258508e-05
HIST3H3,-0.00021708943,-0.00048895366,-0.00036055222,0.00012257323,-0.0011222437,-8.885935e-05,0.00019481964,2.6362599e-05
PRAP1,-0.0002593994,-0.00046725385,-0.00036993437,0.0001854971,-0.0011485815,-0.00018626498,0.00015373994,2.7994276e-05
METTL3,8.774549e-05,0.00027956627,0.00036005117,7.4366108e-06,0.0017376542,-0.00013647042,-0.0003117388,-9.782147e-06
SLC22A18AS,-0.00024264492,-0.00055641495,-0.0004233066,0.00013041683,-0.0011824071,-8.6912885e-05,0.00023486651,2.967182e-05
CBWD1,-3.0867755e-05,-0.0001497902,-0.00010138005,4.605204e-05,-0.0012658909,7.499289e-05,7.42618e-05,9.917421e-06
GLRX2,0.00013552792,-9.935349e-06,5.4739416e-05,-7.346738e-05,0.00027377903,0.00018199068,7.5949356e-06,1.1195662e-06
SNX3,-7.354841e-05,-0.00023624301,-0.00012804568,1.3304874e-05,-0.0011145547,3.5534613e-05,0.00010267738,1.2352364e-05
APOC3,-0.00019518845,-0.000461258,-0.00032563694,0.00010388531,-0.0010122582,-7.322244e-05,0.00018133782,2.4365494e-05
NANOGNB,-0.00010657683,-0.00021794252,-0.0001253467,7.10981e-05,-0.00011416525,-2.7756207e-05,4.9254857e-05,1.316471e-05
IL25,-0.00020601228,-0.0004918277,-0.00036164,0.000115136616,-0.0011860132,-7.228553e-05,0.00020259153,2.6160269e-05
BAALC,5.0246716e-05,0.00016393885,0.00026019104,-5.4490753e-05,5.310774e-05,4.2670406e-05,-0.00015134644,-7.367693e-06
CARD16,-0.00015690178,-0.00040115416,-0.00028263964,7.10981e-05,-0.00070079416,-9.322539e-07,0.00017480832,2.1388172e-05
OCM,-2.3683533e-05,-0.00023459643,-7.100403e-05,1.089368e-05,-0.00033127517,-9.924173e-06,4.881993e-05,1.0848744e-05
CEBPG,-0.00019701198,-0.00021254644,-0.00027035922,0.00023122318,-0.0015346259,-0.00017074263,3.4410506e-05,2.4612877e-05
C1orf105,-0.00021708943,-0.00048895366,-0.00036055222,0.00012257323,-0.0011222437,-8.885935e-05,0.00019481964,2.6362599e-05
ATP5PF,7.942319e-05,-0.0002051089,-2.6598573e-05,-4.7136098e-05,0.00035905838,9.3805604e-05,5.8641657e-05,6.7960937e-06
PRND,-9.498745e-05,-0.00020487793,-0.000116657466,8.317549e-05,-0.0006807372,-7.7716075e-05,3.0099414e-05,1.3976707e-05
MAGEA12,-0.00021708943,-0.00048895366,-0.00036055222,0.00012257323,-0.0011222437,-8.885935e-05,0.00019481964,2.6362599e-05
MAGEA10,-6.524846e-06,-0.00019765086,-3.1163916e-05,-8.2068145e-06,0.0002944991,-3.0687079e-06,1.8863939e-05,9.152573e-06
IL1RN,-0.00012023933,-0.00025934167,-0.00014920346,4.4670887e-05,-0.0013877898,3.1164847e-05,0.000113797374,1.3127457e-05
VGLL1,-0.00060315244,-0.001295723,-0.0011150315,0.00034624152,-0.0032058135,-0.0002090754,0.00062175095,6.828725e-05
PHLDA2,-0.0004426837,-0.000994429,-0.00086590834,0.00033194758,-0.002434209,-0.00022119656,0.00042495597,5.6491583e-05
CNTD2,7.1506947e-06,-0.0002928041,-8.1660226e-05,-4.320685e-05,0.0003452003,5.9534796e-05,8.983817e-05,1.0479242e-05
IL24,-0.00020020083,-0.00047482736,-0.0003417395,0.00011267234,-0.00096369535,-8.1167556e-05,0.00018566381,2.534897e-05
ACVR2A,-0.00066795945,-0.00093112513,-0.0008762609,0.00036074128,-0.0026675463,-0.0002722065,0.00042869523,5.73023e-05
ELOB,-8.0166385e-05,-0.0003572069,-0.00018729083,3.4647062e-05,0.00035989285,-1.3873912e-05,0.000116072595,1.6798731e-05
BATF,-0.00015376881,-0.00038030557,-0.0002695676,0.00011800323,-0.00071795285,-9.7285025e-05,0.00012427475,2.162205e-05
POLR3G,0.0003879983,0.00031702965,0.0005053859,-0.00023312122,0.002692543,0.00014967751,-0.00026307907,-2.0820647e-05
DYNLL1,-0.00032434054,-0.000761956,-0.00061375275,0.00019520894,-0.0006946176,-0.00012590969,0.000330084,4.0660147e-05
JUND,-0.00018759444,-0.0006062798,-0.00042581,5.5604614e-05,-0.0009279102,-2.5445595e-05,0.00027380604,3.0589406e-05
CD160,-0.00020311587,-0.00048497505,-0.00042671897,0.000115664676,-0.0005021468,-8.768868e-05,0.00022880174,2.7953181e-05
FAM207A,-0.00018655695,-0.00047201477,-0.00034131855,0.00016610697,0.0003001988,-0.00028522313,9.474531e-05,2.9426184e-05
APOD,-0.00031547248,-0.00035731308,-0.00016979314,-4.6037138e-05,-0.00027710944,-3.4171157e-05,0.00016986951,1.4454126e-05
LYRM2,0.00021354482,-8.179806e-05,0.0001154989,-0.00012563821,0.00027491897,0.00015482772,4.1332096e-06,-1.7300481e-06
IMMP2L,9.464659e-05,0.00041344762,0.00046021678,-1.1680648e-05,-0.00039432943,-1.7408282e-05,-0.00031920057,-1.6543083e-05
CISD1,-0.00028169714,-0.00066506304,-0.00062333234,0.00028840732,-0.0023664013,-0.000111578964,0.00029474124,4.1327556e-05
AC005841.1,-0.00021708943,-0.00048895366,-0.00036055222,0.00012257323,-0.0011222437,-8.885935e-05,0.00019481964,2.6362599e-05
RRP15,7.713214e-06,-0.00037433766,-0.0001802016,-4.0480867e-05,-0.00068998337,8.303858e-05,0.0001662653,1.4974386e-05
LGALS9C,-7.436797e-05,-0.0003865771,-0.00026524067,6.493181e-05,-0.0010328963,-1.21360645e-05,0.00015984569,2.014928e-05
DRAP1,-0.00029905513,-0.00058708526,-0.00047061965,0.00020476617,-0.001965344,-0.00019543478,0.00022441149,3.4369878e-05
OPRPN,-0.00022361428,-0.0004936978,-0.00036593527,0.0001263693,-0.0011237562,-9.5377676e-05,0.00019566063,2.674642e-05
MS4A1,-5.6894496e-05,-0.0003359262,-0.00017737411,3.897585e-06,-0.0004908815,5.4858625e-05,0.00014461577,1.4498131e-05
UTS2B,-3.664568e-05,-0.00021599606,-4.124269e-05,-7.0482492e-06,-0.0003998056,-4.356075e-05,2.8708018e-05,1.0259333e-05
APOOL,0.00029002875,0.00022968277,0.0003230367,-0.00015328918,-8.897483e-05,0.00030250754,-9.872671e-05,-1.6261707e-05
CLRN3,-0.00022180006,-0.000464987,-0.00035311654,0.00013877358,-0.0007862523,-0.00011882512,0.00016846973,2.66782e-05
ZNF444,2.9038638e-06,-0.0003840383,-0.00017161481,-1.5277416e-05,3.2499433e-05,-5.641952e-05,0.00011203345,1.6653445e-05
CMTM1,-5.232729e-05,-0.0002911128,-0.00015357882,3.135577e-05,-0.000760518,4.8416667e-05,0.000114353374,1.3419893e-05
MCEE,2.2171065e-05,0.00026581623,0.00036695227,0.00010476075,0.00090159476,-0.0003440408,-0.00038243365,-7.181661e-06
BOLA3,-6.2618405e-05,-0.00045549124,-0.00036272407,2.312474e-06,-0.0026310608,0.00014781207,0.00031451695,2.1035667e-05
PMP2,-0.0004396625,-0.0002526343,-0.00023278408,0.00027606543,-0.00091365725,-0.0003775265,-1.7584302e-05,2.3047673e-05
TNFSF9,0.00021806546,0.0003047716,0.00047991239,-0.00018363819,0.001441054,8.8004395e-05,-0.0002471162,-1.9229716e-05
TEX47,-0.00020162202,-0.00045443326,-0.00032201782,0.00011314545,-0.0009974614,-8.686073e-05,0.00017170329,2.441986e-05
DYDC1,7.8484416e-05,-5.7872385e-05,7.1300194e-05,-1.8088147e-05,0.0014445409,-7.3891133e-06,-6.619934e-05,3.1440286e-06
OCIAD2,-9.374879e-05,-0.00019290298,-0.00014079176,0.00013975147,-0.00035117567,-0.00010380335,1.5136786e-05,1.5162979e-05
AL121963.1,-0.00021708943,-0.00048895366,-0.00036055222,0.00012257323,-0.0011222437,-8.885935e-05,0.00019481964,2.6362599e-05
C14orf119,-0.00010572001,-0.0002405569,-4.665926e-05,3.427174e-05,-0.0008438751,-0.0001607784,1.755543e-06,1.271884e-05
DNAL1,9.389408e-05,-0.00015638582,0.000105390325,-0.000102932565,0.0010597035,1.7164275e-06,-3.851112e-05,2.9550865e-06
TSKU,0.0002839472,-0.00019749627,2.3039058e-05,-0.0002589766,0.0012321472,0.00036029797,0.00014803931,-2.1990854e-07
SPATA46,-0.00022361428,-0.0004936978,-0.00036593527,0.0001263693,-0.0011237562,-9.5377676e-05,0.00019566063,2.674642e-05
CCDC28B,0.00012025237,0.0001241453,0.00028488785,-8.556247e-05,0.00051802397,3.035739e-05,-0.00014968496,-8.625095e-06
MANSC4,-0.00017832033,-0.00042796694,-0.00029580668,9.76054e-05,-0.0008631721,-6.6680834e-05,0.00016292743,2.2617634e-05
BCAS4,8.996576e-07,-0.00012402982,6.750226e-05,-8.602999e-05,-0.0010001138,7.619057e-05,3.7663616e-05,1.733657e-06
PRXL2C,8.505583e-05,2.4432316e-05,0.00013169087,-3.6153942e-06,0.00075240433,-8.428469e-06,-0.00011319574,2.766028e-07
SSC4D,-0.00014109723,-0.00024202839,-0.00018644519,9.4418414e-05,-0.0010504127,-3.2313168e-05,8.689985e-05,1.6449718e-05
MS4A10,-0.00018217973,-0.00041717663,-0.00022951141,6.7428686e-05,-0.00023907423,-9.282399e-05,0.00012296997,2.077606e-05
TEX30,2.9601157e-05,-0.00033815205,-0.0001463946,-2.6738271e-05,-0.0013821796,5.1154755e-05,0.00013746414,1.36194285e-05
UBL5,-1.0501593e-05,-0.00021306984,-7.122941e-05,2.316013e-05,0.0002956465,2.3497269e-05,4.2635016e-05,1.0274816e-05
CGGBP1,-0.00029358454,-0.0005829502,-0.00047155842,0.00019459613,-0.00038143992,-0.00015614135,0.00021585822,3.4067314e-05
SIGLECL1,-0.00021708943,-0.00048895366,-0.00036055222,0.00012257323,-0.0011222437,-8.885935e-05,0.00019481964,2.6362599e-05
TMEM170A,-0.0004094746,-0.0005884245,-0.0005409885,0.00027830712,-0.001745455,-0.00029617455,0.00020709634,3.8925325e-05
SSX5,-0.00022361428,-0.0004936978,-0.00036593527,0.0001263693,-0.0011237562,-9.5377676e-05,0.00019566063,2.674642e-05
LYRM4,-0.0004140176,-0.00066203065,-0.0007106792,0.00037167966,-0.0039183423,-0.00027152896,0.00030793995,4.5813504e-05
TMEM17,0.00015080348,0.00022940338,0.00036035106,-8.201599e-05,0.001115784,-7.941108e-05,-0.00024464075,-1.1811149e-05
EPGN,-4.949607e-05,-0.00023111515,-9.049289e-05,5.6096353e-05,-8.646399e-05,-4.443247e-05,3.1029806e-05,1.1863536e-05
PIGF,0.000538392,0.00047014467,0.00066143833,-0.00039413013,0.0008792132,0.00047329348,-0.00019519124,-3.6253245e-05
LCN6,-0.00021708943,-0.00048895366,-0.00036055222,0.00012257323,-0.0011222437,-8.885935e-05,0.00019481964,2.6362599e-05
MIS18A,0.00034162775,-0.00017463602,0.00018653087,-0.00033696648,0.00042255223,0.00036665518,0.00010458939,-8.036615e-06
C2orf74,-0.000104440376,-2.780743e-05,1.8291175e-05,0.0001584785,-0.00052716583,-0.00025016814,-0.00012501981,8.214614e-06
ARL16,0.00015331618,-6.393716e-05,7.335469e-05,-0.000110770576,-0.00023261458,0.0001804214,2.9897317e-05,8.5216016e-08
DCAF16,-0.00022318773,-0.00019451603,-0.0002700258,0.00022990815,-0.0012359321,-9.365566e-05,7.044058e-05,1.986802e-05
BID,-6.2096864e-05,-9.9018216e-05,-6.2998384e-05,6.401446e-05,-0.0006138608,5.160924e-05,2.8729439e-05,8.302624e-06
TMUB1,0.0003622584,0.00030844286,0.00050607696,-0.0002776077,0.0020737275,0.0002959175,-0.00017568562,-2.560229e-05
XG,-9.679794e-05,-0.00032698922,-0.00011934899,-4.1332096e-06,-0.00012150407,-3.470294e-05,9.444915e-05,1.3145385e-05
ARHGEF6,-0.00059421174,-0.00051717274,-0.00061000884,0.00055933185,-0.0018373653,-0.0006332863,3.4704804e-05,4.9460563e-05
RSPH10B,-0.00021708943,-0.00048895366,-0.00036055222,0.00012257323,-0.0011222437,-8.885935e-05,0.00019481964,2.6362599e-05
TAS2R19,-6.940402e-05,-0.00027070008,-0.00012143329,7.290393e-06,-0.00043694675,1.8377788e-05,9.5603056e-05,1.2301258e-05
CCL3L3,-0.00020312145,-0.00046755373,-0.0003403928,0.00012070965,-0.0009463504,-8.8497996e-05,0.00017849635,2.5385176e-05
GEMIN6,-0.00020146929,-3.7712976e-05,-1.2412667e-05,0.00018541235,-0.001756072,-0.00027438346,-0.000106389634,1.0343734e-05
TMED2,-0.00026347116,-0.00047131814,-0.0003603883,0.00016920362,-0.0013547912,-0.00017297687,0.00016463175,2.7369475e-05
MRGPRX2,-0.00021708943,-0.00048895366,-0.00036055222,0.00012257323,-0.0011222437,-8.885935e-05,0.00019481964,2.6362599e-05
HARS2,0.00019814633,3.718026e-05,0.00020134076,-0.00015946664,0.0014134571,0.00016466714,-6.2195584e-05,-4.3279724e-06
C12orf76,8.3539635e-06,-0.0002855342,-2.4277717e-05,-3.316533e-05,0.0003458634,-6.347336e-05,3.651902e-05,7.9511665e-06
SYNGR4,-0.00021708943,-0.00048895366,-0.00036055222,0.00012257323,-0.0011222437,-8.885935e-05,0.00019481964,2.6362599e-05
FCER1A,-5.6549907e-05,-0.00034591556,-0.00017593242,1.5305355e-05,-0.00022452325,1.4079735e-05,0.00012243539,1.5872763e-05
TIMM22,0.00034124963,0.00038260221,0.00048664026,-0.00018924382,0.00063179433,0.00024341699,-0.00022567902,-2.2329506e-05
VSTM1,-0.0002262257,-0.0005010795,-0.00037254952,0.00012713019,-0.0010884479,-0.00010029692,0.00019764062,2.7252827e-05
MPHOSPH6,-4.3565407e-05,-0.00047478452,-0.0003502667,5.551707e-05,-0.0005184114,3.5008416e-06,0.00020812918,2.5952933e-05
PTGES,-0.00035472028,-0.00057476945,-0.00040929206,0.00023206696,-0.00051757693,-0.00032147346,0.00012931786,3.3571385e-05
SH2D1B,-0.00020946376,-0.00043848343,-0.00033766404,0.00014275033,-0.00089783967,-0.00011362415,0.00015487242,2.5928486e-05
C22orf42,0.00024067052,0.00039543398,0.00037782453,5.1427633e-06,-0.0023878366,0.00012830459,-0.00022653211,-1.654937e-05
TMEM179B,-3.353879e-05,-0.0002461616,-4.0754676e-06,-9.80692e-05,-4.4092536e-05,5.9556216e-05,8.3547086e-05,5.2367104e-06
TP53INP2,0.00029783137,0.00020494498,0.00025051646,-5.9049577e-05,-0.0010197684,0.00016568042,-0.00012138765,-1.0159565e-05
TBC1D28,-0.000120360404,-0.00019249506,-4.5815483e-05,7.093884e-05,2.4490058e-05,-0.00014005555,-2.0622276e-05,1.11777335e-05
H2BFM,-0.00021708943,-0.00048895366,-0.00036055222,0.00012257323,-0.0011222437,-8.885935e-05,0.00019481964,2.6362599e-05
CD164L2,-0.00020659529,-0.00045611337,-0.00032489002,0.00011636689,-0.0010369644,-9.029545e-05,0.00017215963,2.4608918e-05
ZNF720,0.00036000833,0.00038441084,0.0004478097,-0.00017208979,0.0023493469,0.00024136342,-0.0002281582,-2.1298765e-05
EIF4EBP2,-0.00016217306,-0.00062047876,-0.00037420169,-1.1743978e-06,-0.0008604452,2.7592294e-05,0.00028820802,2.654444e-05
C8orf82,1.850538e-05,-0.00017357431,-0.000107586384,4.73354e-05,-0.0018452257,2.2943132e-05,7.150136e-05,1.0238844e-05
CBWD3,-0.00032351352,-0.0009025298,-0.0007021129,0.0001419615,-0.0010125339,-9.5680356e-05,0.00042485446,4.5554247e-05
SMIM7,-0.00012681447,-0.00024860352,-3.6410987e-05,2.3565255e-05,0.0010586679,-0.00022824807,-3.3769757e-05,1.3843761e-05
NOMO2,0.0005977079,0.0005160738,0.00064377673,-0.00034699682,0.00036684424,0.000502171,-0.00020518992,-3.591145e-05
ORMDL1,-7.73184e-05,-0.00021634065,-7.835962e-05,2.480857e-05,-9.620935e-05,-5.563721e-05,3.845617e-05,1.1697877e-05
JPT1,-0.000355741,-0.0007775277,-0.0006999057,0.00027935393,-0.0016674101,-0.0001316485,0.00035158172,4.5251218e-05
FPR1,-0.00049020536,-0.0011959206,-0.0010657888,0.0002720235,-0.0021355823,-0.000107157044,0.0006344728,6.2599196e-05
PAXX,2.3001805e-05,-7.212907e-05,7.0590526e-05,-2.7903356e-05,0.0001251772,2.0213425e-05,-2.6827678e-05,2.2607855e-06
SKA2,-0.00012284517,-0.00024880655,-7.743202e-05,3.4150667e-05,0.00035370886,-0.00011739647,1.9536354e-05,1.3024895e-05
PRH1,7.399358e-05,1.9926578e-05,0.00019607693,-0.00010640267,0.0010630041,8.49925e-05,-7.740129e-05,-4.4924673e-06
BOLA1,6.533787e-05,-1.623854e-05,0.00015238672,-8.060783e-05,-0.0009423718,6.8005174e-06,-4.442036e-05,-2.8281938e-06
PFDN1,-6.986782e-05,-0.00012769364,-5.779788e-05,9.649061e-05,0.00053296983,-0.00011956226,-3.726408e-05,1.1617551e-05
SAT2,-7.9963356e-05,-0.00011947751,-2.0990148e-05,8.327328e-05,0.0004995018,-0.00015580235,-6.1661005e-05,1.0330812e-05
NKAIN4,-9.763986e-05,-0.0002602525,-0.00024026446,0.00012611132,-0.0006736368,-7.317681e-05,9.65409e-05,1.7838087e-05
CDKN2C,-5.2753836e-05,-0.00067015365,-0.00035958178,-0.00021422654,-0.0023255572,0.00027984846,0.00045540743,1.9534142e-05
RGS9BP,-0.0002310425,-0.00045320764,-0.00033853762,0.00015482213,-0.0011712536,-0.00014826516,0.00015583262,2.5827787e-05
C2orf49,0.0001143571,0.00020313263,0.00028626062,-7.723458e-05,0.00043379515,7.8307465e-05,-0.00016496237,-8.490402e-06
LEPROT,-9.280071e-05,-0.00041675195,-0.00020732172,-6.678514e-06,-0.00048467517,5.8540143e-05,0.00017098617,1.7210376e-05
TCP10L,-0.0006115101,-0.00064167194,-0.0006398745,0.00034486782,-0.0038234815,-0.00028944993,0.00029261597,4.217564e-05
EEF1E1,-2.2707507e-05,9.129755e-05,0.00017152913,-4.7488138e-05,-0.00055478513,5.0239265e-05,-7.039122e-05,-4.8241345e-06
CIAO2B,-0.0001259502,-0.00028876401,-0.0001580976,0.00011016708,0.0005211532,-0.00019381754,1.9189902e-05,1.775811e-05
PRH2,-7.621944e-05,-0.00039869547,-0.00024080276,4.2755157e-05,-0.00086063147,-3.0740164e-05,0.00015421491,1.8908991e-05
CYLC2,9.1481954e-05,-4.7389418e-05,7.6645985e-05,-3.0696392e-05,-3.6805868e-05,8.8117085e-05,-2.897624e-05,1.4072284e-06
MED28,-6.04596e-05,-0.0001773648,-4.639849e-06,1.8895604e-05,-0.00017846376,-9.564776e-05,-1.1572614e-05,8.120318e-06
CNFN,-0.00040736794,-0.00058750063,-0.00065611675,0.00034646876,-0.0022920668,-0.00018947106,0.0002816189,4.1176332e-05
TMEM254,-0.00010425225,-0.00023071654,-0.00016053766,0.000108121894,-0.00066931546,-0.00011541834,3.4935772e-05,1.6458798e-05
LRRC26,0.0005002301,0.00049711205,0.0005864706,-0.0002551349,0.0021132603,0.0003172001,-0.00028046127,-2.8454815e-05
CRABP2,0.00016975403,-0.0002438575,-0.00010891445,-7.188972e-05,0.0013862178,0.00018373132,0.00011794455,8.882838e-06
ZC3HAV1L,-0.00046212226,-0.00043813512,-0.0002904702,0.00019685831,-0.00079223514,-0.00037998892,7.290486e-05,2.6743044e-05
RNF223,-0.00021708943,-0.00048895366,-0.00036055222,0.00012257323,-0.0011222437,-8.885935e-05,0.00019481964,2.6362599e-05
HPGDS,-0.0003889557,-0.0006555617,-0.000625737,0.0002949126,-0.0016815439,-0.00024968153,0.00027128588,4.235364e-05
CARTPT,-1.8859282e-05,-0.00028243102,-0.00013835914,4.5483932e-05,-0.0001835674,-2.1655113e-05,6.792322e-05,1.4761346e-05
MCOLN3,-0.0001970008,-0.00047362968,-0.00034079328,0.00011659507,-0.0009845197,-8.711591e-05,0.00018180441,2.5383662e-05
AKIP1,-3.863871e-05,-0.00021422468,3.572181e-05,-5.761441e-05,0.0001719296,-3.5090372e-05,1.9032508e-05,4.8944494e-06
IL1A,-9.1377646e-05,-0.00031795166,-0.00019884482,3.9549544e-05,-0.00023083389,1.1155382e-05,0.00012097042,1.7024926e-05
MAL2,2.4903566e-05,-0.00015227124,3.587082e-05,-2.0654872e-05,0.00034613162,-0.00013869628,-3.3847056e-05,5.3572003e-06
ATP5F1D,-0.0001453422,-0.00015886128,-5.5508688e-05,5.887542e-05,0.0003599003,-5.41294e-05,8.2124025e-06,9.8723685e-06
GOLGA8H,-0.00013252348,-0.00045627542,-0.00033876672,7.593632e-05,-0.0011032671,1.9281171e-05,0.00021491386,2.3535918e-05
GPS1,-0.00031121448,-0.00026070513,-0.00022936799,0.00021858048,-0.0007804036,-0.00025106128,2.6792288e-05,2.1408196e-05
KCNRG,-7.002987e-05,-0.00031169504,-0.00016667508,6.054528e-06,-0.00035494566,4.0049665e-05,0.00011811033,1.5655882e-05
NAT2,-0.0002790764,-0.0006219223,-0.00045402907,0.0001185257,-0.0012942031,-0.00010508858,0.00026984233,3.1103147e-05
SNRPD2,-7.541664e-05,-0.00026709586,-0.00010892749,2.4305657e-05,0.00067643076,-5.6259334e-05,4.945416e-05,1.3841782e-05
KRTAP11-1,-0.00018686429,-0.00046573952,-0.00032807887,0.00010489952,-0.00082390755,-7.546693e-05,0.00017899554,2.4634064e-05
NSG2,-0.0009016134,-0.0014601946,-0.0014329962,0.00058035273,-0.0045307875,-0.00034872117,0.00073230825,8.642662e-05
ZG16,-0.00021068938,-0.00048221461,-0.00035033748,0.00011854246,-0.0010478869,-8.9623965e-05,0.00018879212,2.5859219e-05
COPRS,0.00014550611,-0.00036511198,-0.0001492966,-0.00014582928,-0.0005019754,0.00023478549,0.00023018569,8.952455e-06
ETFRF1,-9.807572e-05,-4.5020133e-06,0.00011965446,8.062646e-05,0.0007781759,-0.00027711643,-0.00017755944,4.1598687e-06
C6orf120,0.00011716038,0.0001937896,0.00018971413,-2.1933578e-05,-0.00043221563,8.809939e-05,-0.00011260901,-6.752787e-06
CYP27B1,-0.0001815483,-0.00041101687,-0.00029411726,0.00011561345,-0.0012232214,-7.438194e-05,0.00015409291,2.266129e-05
MAP1LC3B2,6.1850995e-05,0.0003599953,0.00037170947,-3.5956502e-05,-0.001737535,2.2277236e-06,-0.00022643339,-1.3134559e-05
RNF186,-0.00021708943,-0.00048895366,-0.00036055222,0.00012257323,-0.0011222437,-8.885935e-05,0.00019481964,2.6362599e-05
FAM162A,-0.00022612326,-0.00015532784,-1.528114e-05,0.00010347273,-0.002453111,-0.00019711815,-1.786463e-05,8.775154e-06
KCNQ5,-9.531714e-05,-0.00032925233,-0.0002701562,5.414337e-05,0.0002459064,4.1787513e-05,0.00016016047,1.9028084e-05
FAM228A,0.00017017871,0.00020578504,0.00031341426,-4.138332e-05,0.00063478947,2.4667941e-05,-0.00020374078,-1.0443502e-05
LST1,-0.0004884228,-0.0010791104,-0.0009856485,0.00028391927,-0.0026085302,-0.000108302105,0.00057756994,5.782256e-05
C1orf53,-0.0003761556,-0.0005586222,-0.0005624946,0.00027102418,-0.0034387633,-0.00013774168,0.0002743695,3.682531e-05
CD200R1L,-0.00020020083,-0.00047482736,-0.0003417395,0.00011267234,-0.00096369535,-8.1167556e-05,0.00018566381,2.534897e-05
RWDD3,-3.8711354e-05,0.00013954565,0.0002885554,-4.7085807e-05,0.00044074655,-0.00018448895,-0.00021365564,-5.5249548e-06
ZFAND2A,-0.00035697035,-0.00037362427,-0.00029999577,0.00025256723,-0.0007644817,-0.00030508917,5.5386685e-05,2.6470283e-05
SPIN3,0.0001711417,-4.8646703e-05,9.566732e-05,-0.000121860765,0.0014100671,0.00019503478,-1.3196841e-06,-6.649643e-07
MEF2D,-0.0001167506,-0.00011959113,-0.00019698031,0.00025548972,-0.00067908317,-0.00014497805,-3.3866614e-05,1.9683852e-05
LMNB2,0.0002454482,-0.00017626584,5.969219e-05,-0.00018093083,0.0002008453,0.00023712777,7.199962e-05,1.8961728e-06
LSMEM2,-0.00012806989,-0.00027954765,-0.00019074976,0.00010806881,-0.0010868907,-6.484613e-05,8.31224e-05,1.6874867e-05
IQCF1,-0.00021708943,-0.00048895366,-0.00036055222,0.00012257323,-0.0011222437,-8.885935e-05,0.00019481964,2.6362599e-05
C19orf84,-8.3144754e-05,-0.0004112888,-0.00024224818,1.5732832e-05,-0.0006114617,4.871562e-05,0.00018416066,1.818547e-05
SLC35G5,5.275011e-06,-0.00030146725,-9.4356015e-05,-5.1866286e-05,9.4249845e-05,6.489083e-05,0.00011218991,1.0144431e-05
PPP5D1,0.00021435879,0.000256408,0.00031280704,-7.874705e-05,0.0013784841,0.00012209173,-0.00018444378,-1.2609642e-05
ODF3,-0.00015301444,-0.00044995174,-0.00028940104,5.5750832e-05,-0.0007990822,-8.560717e-06,0.00019185152,2.1527172e-05
C22orf46,0.00027850457,0.000566598,0.00068777055,-0.00014231727,0.0024035797,1.1390075e-05,-0.00043899845,-2.9592193e-05
DAP,-0.00031113997,-0.00052678585,-0.00048744306,0.00019773655,-0.003716804,-9.227265e-05,0.00027807802,3.170548e-05
TAS2R20,0.00031243823,0.00019603409,0.00046911277,-0.00027619954,0.00080402195,0.00031816587,-0.00012349803,-2.3145927e-05
GNLY,-0.0001536794,-0.0004415922,-0.00031834096,9.849109e-05,-0.00085648894,-5.1663257e-05,0.00017585419,2.3630215e-05
ROMO1,-7.90935e-05,-0.00024698675,-0.00010775775,6.346591e-05,0.0007046014,-0.00011687819,1.771655e-05,1.4208723e-05
C8orf74,-0.00021708943,-0.00048895366,-0.00036055222,0.00012257323,-0.0011222437,-8.885935e-05,0.00019481964,2.6362599e-05
ALKAL2,-5.782582e-05,-0.00034876727,-0.00014103577,-5.173497e-06,-0.00017137825,-4.770141e-05,9.01958e-05,1.6376725e-05
LRRC10B,4.415959e-05,-0.0008617472,-0.0007707216,0.00010218192,-0.003210485,0.00017047022,0.0005328916,4.1526277e-05
LGALS13,-0.00013526715,-0.0003911946,-0.00030333363,8.505676e-05,-0.0011889562,5.8568083e-05,0.00020122342,2.0296895e-05
SNRPD1,-4.3945387e-05,-0.00014390051,-3.606826e-05,3.639981e-05,0.00046686828,-6.984919e-08,3.4188852e-06,8.495175e-06
CXorf30,-0.00021708943,-0.00048895366,-0.00036055222,0.00012257323,-0.0011222437,-8.885935e-05,0.00019481964,2.6362599e-05
CNIH2,1.8518418e-05,-0.00027130172,-0.00018213876,4.3023378e-05,-0.00050570816,5.52712e-05,0.00011756737,1.4489051e-05
MTIF2,0.0001500193,4.903972e-05,0.00019402616,-8.526258e-05,0.0008823648,4.1938387e-05,-0.00010468345,-4.3908367e-06
PPP3R2,-4.6942383e-05,-1.2699515e-05,3.1480566e-05,0.00010212883,-0.0016990453,-4.5578927e-05,-5.744677e-05,4.442758e-06
RNF208,0.00018308125,4.8950315e-05,6.1195344e-05,5.258061e-05,0.0015281737,-1.1540949e-05,-0.00011437107,2.6610214e-06
RRM2,-0.00043529645,-0.00074371323,-0.0006199684,0.00024450384,-0.0018545911,-0.00022440916,0.00031186175,4.1704043e-05
FAM120AOS,0.00027018785,3.5079196e-05,0.00029147603,-0.00019585248,0.0015524775,9.6835196e-05,-0.000111869536,-8.367235e-06
GTF3C6,5.3711236e-05,5.2265823e-06,0.00014650077,-4.3922104e-05,0.00063625723,-3.6172569e-06,-8.93902e-05,-3.168825e-07
LAPTM5,-0.0003580153,-0.00074863806,-0.000665972,0.00020300876,-0.0009885505,-7.462967e-05,0.00037928298,4.1528023e-05
IL19,-0.0002045203,-0.00048922,-0.00036322512,0.000122065656,-0.0011232495,-8.2800165e-05,0.00019604061,2.643757e-05
FAM89A,1.1662021e-05,-0.00035411492,-0.00022296607,-9.5341355e-05,-0.0015917122,0.0002979217,0.00028170832,1.1597993e-05
C20orf202,-2.676621e-06,-0.00011923909,1.5469268e-05,1.0681339e-05,4.643947e-05,4.5318156e-06,-1.2352131e-05,5.526468e-06
POLR2J,-0.00013394095,-0.00036263093,-0.00026867725,0.00010688882,-0.0003617555,-0.00010494981,0.000111636706,2.256548e-05
CTNNBIP1,0.00016505644,2.5300309e-05,0.0001370795,-0.00012641028,0.0012731701,0.00017619133,-2.1974556e-05,-4.508882e-06
SAT1,-0.00036267936,-0.0006446913,-0.00041637756,0.00016072486,0.0007897839,-0.00024669943,0.00019105151,3.1610136e-05
LCAT,-0.00013168901,-7.423945e-05,-0.00016517378,0.00024284516,-0.0011530146,-0.00013627345,-3.3065677e-05,1.5498023e-05
TIMM13,8.3878636e-05,-0.00013356283,-1.2695789e-05,-8.712057e-05,0.00052563846,0.00016178936,7.24243e-05,4.5413617e-06
ZCCHC10,3.2529235e-05,-6.4978376e-05,5.9120357e-05,-8.788891e-06,-0.00035978854,-5.1324256e-05,-5.3753145e-05,5.2939868e-06
FAM3C,0.00016969256,1.3001263e-06,0.00020242296,-0.00016088877,0.0013399646,0.00015242398,-4.0323474e-05,-6.744056e-06
AC026202.1,-0.00021708943,-0.00048895366,-0.00036055222,0.00012257323,-0.0011222437,-8.885935e-05,0.00019481964,2.6362599e-05
EREG,-0.00023578852,-0.0005970076,-0.00046044402,0.00015140418,-0.0013973787,-0.00015316997,0.00024085492,3.2058102e-05
LY6H,5.7836995e-05,4.808791e-05,0.000112304464,6.786082e-05,-0.00016710162,-6.68522e-05,-0.00013150368,1.630513e-06
TMEM31,-0.00011790916,-0.00036427006,-0.00020360202,5.2902848e-05,-0.00042200834,-3.4571625e-05,0.00012268219,1.7445069e-05
C8orf33,-0.00036869384,-0.00042656064,-0.00035742112,0.00025964156,-0.00029572845,-0.00036087725,6.644707e-05,3.0391035e-05
ZNF124,-0.00016543269,-0.0004956946,-0.00044693053,0.00016226899,-0.000853315,-9.0573914e-05,0.0002166219,3.051199e-05
TMEM54,9.3081966e-05,-6.774254e-05,8.6857006e-05,-2.2077933e-05,0.0010660365,1.7192215e-06,-7.1322545e-05,3.329711e-06
OSR1,-0.0001713708,-0.0004933495,-0.00038122758,0.00011309516,-0.0014058426,-2.0571984e-05,0.00022586621,2.6132795e-05
TMEM52B,-0.00020679086,-0.0008366443,-0.0005955901,4.0942803e-05,-0.00046167523,7.3419884e-05,0.00043116324,3.683509e-05
AWAT1,-0.00021708943,-0.00048895366,-0.00036055222,0.00012257323,-0.0011222437,-8.885935e-05,0.00019481964,2.6362599e-05
KNDC1,0.00044216216,0.00035293587,0.00045710243,-0.00023256801,0.0025303885,0.00029560365,-0.00021224748,-2.0831358e-05
GPR160,-0.00017157942,-0.00050947256,-0.00041715056,0.000118557364,-0.0017221197,-2.787821e-05,0.00025276002,2.724817e-05
COTL1,-2.5629997e-05,-0.00026384369,-1.8894672e-05,-4.669465e-05,0.0006977245,-5.1244162e-05,2.7158298e-05,9.823358e-06
LEP,0.00045594014,0.0001705084,0.0005496852,-0.00037812255,0.0009908006,0.00043727644,-0.00010320451,-2.8573093e-05
NRM,0.00024512038,3.312528e-05,0.00017981231,-0.00014527608,-0.0006435737,0.00017281994,-3.7112273e-05,-3.2881508e-06
CABCOCO1,-0.00019482523,-0.00045714714,-0.0002732668,7.2715804e-05,-0.001156725,-0.00010601804,0.00016532466,2.1781772e-05
DAB2IP,0.00020870566,-0.00010566972,0.00015474483,-0.00017126929,0.0029147193,0.00014296919,-2.9923394e-05,-2.8487993e-06
TRIM46,-8.117035e-05,-0.00014450029,-8.8756904e-05,0.0001426097,0.00038626045,-0.00018199766,-5.7342462e-05,1.4038873e-05
TDGF1,-0.0001672171,-0.0003619697,-0.00023374707,9.142142e-05,-0.0006176159,-0.00010024011,0.00011968892,1.9083149e-05
THEM4,0.00024771132,0.00029625,0.00039745495,-9.009056e-05,0.0014990419,-2.7231872e-06,-0.00027246494,-1.2932927e-05
SPINT3,-0.00021068938,-0.00048221461,-0.00035033748,0.00011854246,-0.0010478869,-8.9623965e-05,0.00018879212,2.5859219e-05
NXNL2,-0.0002054479,-0.00047319755,-0.00035042875,0.00013855565,-0.0009647012,-0.00010959618,0.00017397478,2.5872374e-05
RAB41,-0.00019978546,-0.00040043145,-0.0003270749,0.00014190935,-0.0009960011,-8.339714e-05,0.00015440676,2.4372828e-05
SPATA8,-0.00021708943,-0.00048895366,-0.00036055222,0.00012257323,-0.0011222437,-8.885935e-05,0.00019481964,2.6362599e-05
TMEM190,-0.00020423159,-0.00052668713,-0.00031871535,2.464559e-05,-0.001287438,-2.1165237e-05,0.00024347939,2.2472232e-05
ERH,-6.734766e-05,-0.0002965331,-0.00015260279,3.8444996e-06,-0.00030707568,9.36538e-06,0.00010917615,1.4631776e-05
FGFBP3,-0.00030836836,-0.001486171,-0.001103064,2.0341948e-05,0.00028799474,6.824918e-05,0.00078307,6.310374e-05
LAMTOR2,2.838485e-05,0.00015454367,0.00018882565,5.1392242e-05,-0.0001565367,-2.2274442e-05,-0.00016100239,-3.3813994e-06
KRTAP10-5,-0.00021708943,-0.00048895366,-0.00036055222,0.00012257323,-0.0011222437,-8.885935e-05,0.00019481964,2.6362599e-05
LY96,-0.0003533475,-0.0008049831,-0.00071586855,0.00026098918,-0.0016760454,-0.00018482422,0.0003622258,4.6395813e-05
CATSPER2,0.00039740093,0.0004510954,0.00065544806,-0.00028980616,0.0022640973,0.0002698321,-0.0002838308,-3.252842e-05
NXT2,-0.0003519766,-0.00025257654,-0.00029955804,0.00022717472,-0.0035489723,-0.00016694656,0.000100891106,2.2873282e-05
HNRNPA1L2,0.00025728345,5.3040683e-05,0.00035333633,-0.00027037878,0.0007182285,0.00019458961,-7.222872e-05,-1.4614197e-05
RPL22L1,-0.00012954138,-0.00034306943,-0.0001985021,-1.21071935e-05,-0.0017104074,1.9945204e-05,0.00016525574,1.7075334e-05
CLEC4D,-0.00019482523,-0.00044752285,-0.00031162053,0.000108889304,-0.00092570484,-8.704327e-05,0.00016575307,2.3900066e-05
DUSP21,-0.00021708943,-0.00048895366,-0.00036055222,0.00012257323,-0.0011222437,-8.885935e-05,0.00019481964,2.6362599e-05
FAM122A,0.0005197078,0.0007505566,0.00090846233,-0.00027233642,0.0029179454,0.0001335172,-0.0005230075,-4.1617197e-05
SH3BGRL,3.6023557e-06,-0.00020758435,6.834045e-05,-0.00012352224,0.0010059476,2.3982488e-05,2.2064894e-05,3.515277e-06
MMAA,6.718747e-05,-0.00012881681,3.8590282e-05,-8.3651394e-05,0.00040659308,0.0001665419,4.1713938e-05,2.5044428e-06
FBXL15,-5.231425e-05,-0.00027919747,-1.0004267e-05,-8.351728e-05,-0.00021422654,-5.1576644e-06,6.296486e-05,8.25536e-06
C8B,-0.00021922402,-0.00048903376,-0.00036212988,0.00012973882,-0.0011825189,-9.846222e-05,0.00019116048,2.6568421e-05
PRR34,-0.00019041635,-0.00044309907,-0.00032445788,0.00011726655,-0.00075499713,-9.109918e-05,0.00016327854,2.4789595e-05
DUSP19,0.0003378708,0.00041012652,0.00065037794,-0.00028412417,0.0033808649,0.00011562742,-0.00033631083,-2.7459115e-05
RFLNA,0.0003273245,0.00041235238,0.0004786048,-0.00014008861,0.00057724863,0.00019091368,-0.0002522366,-2.1804939e-05
TCTEX1D4,-0.00022932142,-0.00043133646,-0.00029940344,0.0001352625,-0.00081306696,-0.00014636293,0.00013604853,2.3789005e-05
POP7,-9.331852e-06,-7.664412e-05,5.051866e-05,-1.1606142e-05,0.0003837496,9.4510615e-06,-3.4162775e-05,4.94055e-06
C15orf62,-0.00014208257,-0.00041062944,-0.00022982806,4.446134e-05,-0.00036551058,-5.5162236e-05,0.00014293194,1.9613304e-05
GOLGA6L9,0.0002614744,0.00028952397,0.00050187856,-0.0001623882,0.0013372228,6.916467e-05,-0.00026850682,-2.0454172e-05
SH3BGRL2,0.0003919527,7.990375e-05,0.0003666915,-0.00025305338,0.0024295896,0.00023425836,-0.000117684714,-1.5398953e-05
CIART,0.000331942,0.0005120523,0.00065213256,-0.00016649067,0.0019390956,4.3691136e-05,-0.00040650088,-2.5907997e-05
EBF2,3.6023557e-05,0.00020538829,0.00023571774,2.5023706e-05,-0.0017498061,0.00015706662,-0.00013543013,-7.414259e-06
GMPPB,0.00025079958,0.00012395158,0.00030231476,-0.00023210794,0.0008523613,0.00027190335,-6.2223524e-05,-1.3483223e-05
CNIH4,0.00012857653,-0.000112749636,2.136454e-05,-7.995218e-05,0.0010175705,0.00010693073,2.0430423e-05,4.7363574e-06
ECHDC3,0.000102031976,-0.00012642704,6.3641e-05,-5.4690987e-05,0.001273416,3.475137e-05,-2.8423034e-05,3.4023542e-06
CRP,8.177012e-07,-0.00026205927,-9.5341355e-05,-1.3113953e-05,-0.00019847602,3.8508326e-05,7.921737e-05,1.1478318e-05
STAU2,-0.00028238818,-0.00057234056,-0.00043686666,0.0001524128,-0.001248084,-0.00014228001,0.00022622477,3.288139e-05
PDXP,-0.000107213855,-0.00028773583,-0.00022320077,9.328779e-05,-0.0005658418,-1.9242987e-05,0.000104893,1.9379077e-05
BRI3,0.00011293031,-0.00024943985,-8.271448e-05,-9.8038465e-05,4.23491e-05,0.00015077833,0.00012776908,8.527306e-06
BTG2,-5.0740317e-05,-0.00014700368,4.647672e-05,-3.018137e-05,9.897351e-05,-5.0958246e-05,-1.2994744e-05,5.2137766e-06
RFPL4B,-0.00021238439,-0.0004838761,-0.0003501773,0.00011819694,-0.00097414106,-9.349454e-05,0.00018704776,2.6015332e-05
ZCCHC18,0.00021668524,-1.324527e-05,0.00018354878,-8.9778565e-05,0.0011856407,1.6464852e-05,-0.0001086453,-2.1116575e-06
ARIH2OS,-1.5188009e-05,-0.00021798536,-0.00013971888,8.7257475e-05,0.0010479391,-4.118588e-05,2.6464462e-05,1.4665886e-05
MRPS12,-1.1214986e-05,-1.10100955e-05,0.00011181645,2.3900531e-05,0.00051080436,-0.00015147123,-0.00013071205,4.081521e-06
ALG1,0.00032423623,0.00032877922,0.0004414171,-0.0001819972,-2.5488436e-05,0.00015126355,-0.00020967517,-1.884508e-05
C17orf58,-5.8095902e-05,0.00016792305,0.00018628128,2.9781833e-05,-0.00025037676,-2.8134324e-05,-0.00014606584,-3.1397212e-06
DEFB125,-0.00021708943,-0.00048895366,-0.00036055222,0.00012257323,-0.0011222437,-8.885935e-05,0.00019481964,2.6362599e-05
PRR29,-9.9031255e-05,-0.00027256086,-4.4642016e-05,-5.2724965e-05,0.0003549978,-4.9492344e-05,6.479211e-05,8.02672e-06
SLC48A1,9.812415e-06,4.830584e-05,8.793734e-05,3.598258e-05,0.0001128912,-3.5762787e-05,-9.718072e-05,1.892331e-06
FADD,0.000105256215,0.00026316568,0.00033473037,-8.4849074e-05,-0.00096265227,6.274693e-05,-0.00016406458,-1.3207318e-05
DNLZ,0.00014821067,-0.00018137321,-0.00012606941,-4.5260414e-05,-0.0015211403,0.00022946484,0.0001519788,8.112984e-06
LRRC73,0.00028233044,-6.724149e-07,4.9654394e-05,-7.134676e-05,0.0013013333,0.00019722618,-1.4230609e-05,1.0038493e-06
CLEC2B,0.00022049062,3.897585e-05,0.00019744597,-0.000116481446,0.0009275302,0.0002008183,-5.7584606e-05,-7.0581445e-06
SLC35G3,8.583069e-06,-1.1416152e-05,-1.2433156e-05,8.307211e-05,-0.0013930202,6.622635e-06,-3.306847e-05,6.9126254e-06
BIRC8,-0.00021162629,-0.0004865732,-0.00035703555,0.000119164586,-0.001081422,-8.5116364e-05,0.00019404199,2.6134308e-05
SCRT1,6.074086e-05,-0.00022080913,-0.00010718778,6.293785e-05,-0.0006381348,-6.678235e-05,2.1296553e-05,1.3785437e-05
HIKESHI,-0.00020723976,-0.00016882643,-0.0001164712,0.00017851312,-0.00041495264,-0.00024773926,-4.9272552e-05,1.740281e-05
PRR22,-0.00017142482,-0.00030766614,-0.00022539496,0.00012542773,-0.0005537644,-0.00013167365,7.79042e-05,2.0022271e-05
IFITM5,-0.00021708943,-0.00048895366,-0.00036055222,0.00012257323,-0.0011222437,-8.885935e-05,0.00019481964,2.6362599e-05
KRTAP24-1,-0.00021708943,-0.00048895366,-0.00036055222,0.00012257323,-0.0011222437,-8.885935e-05,0.00019481964,2.6362599e-05
CLEC2D,0.00040636584,4.1851774e-05,0.00018598512,-0.00026021246,0.0009666905,0.00046602916,6.8308786e-05,-1.2580655e-05
CD80,-0.00020162202,-0.00045443326,-0.00032201782,0.00011314545,-0.0009974614,-8.686073e-05,0.00017170329,2.441986e-05
TGFA,0.00012490712,5.7170168e-05,0.0001473967,-4.915055e-05,-0.00046422333,8.5265376e-05,-6.003771e-05,-4.083151e-06
TMEM217,-0.000100869685,-0.000506483,-0.00035859272,5.0261617e-05,-0.0012907386,3.454555e-05,0.00024917163,2.377422e-05
BCL2A1,-4.3535605e-05,-0.000114565715,-0.000120157376,0.00015374087,-0.0005707666,-3.7135556e-05,-4.4191256e-06,1.2582284e-05
HACD4,-0.00010904856,-0.00082357414,-0.0005286224,-2.5067478e-05,-0.00060485303,0.00012556091,0.0004220698,3.281189e-05
IL17A,-0.0002508834,-0.00050495006,-0.00039168075,0.00015240349,-0.0010198578,-0.00013353303,0.00018931367,2.898532e-05
SRXN1,0.000979064,0.0012453739,0.0013919659,-0.0005145278,0.0037747994,0.0005598571,-0.0006905524,-7.343141e-05
FIBIN,-0.0011023525,-0.0013785996,-0.0014004521,0.0005946569,-0.0055276975,-0.0006881282,0.0006576199,8.4433006e-05
PTRHD1,0.0002060309,0.000118564814,0.0001547914,-5.8542006e-05,0.00031433254,0.00012703799,-8.29231e-05,-3.3938559e-06
CLEC6A,-0.00021260045,-0.0004916899,-0.00036145933,0.00011923723,-0.001036711,-8.945074e-05,0.00019480754,2.651359e-05
EPB41L1,-0.0006226674,-0.0014536474,-0.0012396593,0.00028656516,-0.0041388124,-9.87472e-05,0.0007840609,7.3815696e-05
C16orf54,-3.2214448e-05,-0.00022587739,-5.6723133e-05,-1.0370277e-05,-0.0009850711,3.2087788e-05,6.9006346e-05,9.040232e-06
TFF2,-0.00020870939,-0.0004917085,-0.00036538392,0.0001186803,-0.0011062026,-7.7505596e-05,0.00020043645,2.6479946e-05
SORBS3,-0.00024131313,-0.0005874783,-0.00045425445,0.000104510225,-0.00021271408,-5.7177618e-05,0.00027342606,2.886029e-05
VN1R2,-0.0002336409,-0.0005048234,-0.0003772527,0.00013180356,-0.0011021867,-0.000105559826,0.00019880477,2.7516042e-05
IL17C,-0.00021708943,-0.00048895366,-0.00036055222,0.00012257323,-0.0011222437,-8.885935e-05,0.00019481964,2.6362599e-05
C4orf17,-0.00018539652,-0.00048943795,-0.00036193617,0.000105666,-0.0009794459,-5.6022778e-05,0.0002047075,2.6046415e-05
FMR1NB,-0.00024125539,-0.00051996484,-0.00039306656,0.00013536587,-0.0012130663,-0.00010552909,0.00020938553,2.8330833e-05
RBP5,-0.00015060231,-0.00032946654,-0.00022501312,9.2250295e-05,-0.001155287,-7.0462935e-05,0.000116713345,1.826568e-05
CCDC117,-8.412637e-05,-0.00036682934,-0.00023623183,3.91528e-05,7.131696e-05,-5.2575953e-05,0.00013339054,2.0196778e-05
CTLA4,-0.00020870939,-0.0004917085,-0.00036538392,0.0001186803,-0.0011062026,-7.7505596e-05,0.00020043645,2.6479946e-05
MRGPRG,-0.00020631775,-0.0004849173,-0.0003542602,0.00011602696,-0.0010397956,-8.155126e-05,0.00019359961,2.5945832e-05
IFNE,-0.00021708943,-0.00048895366,-0.00036055222,0.00012257323,-0.0011222437,-8.885935e-05,0.00019481964,2.6362599e-05
RNF122,0.00024335086,0.00033462793,0.00042012706,-9.97968e-05,0.00094646215,0.00013475586,-0.00024343003,-1.7843908e-05
ARPC5L,-3.9674342e-07,8.413009e-05,0.00013239495,0.000109277666,-0.00038983673,-0.000104996376,-0.0001640385,1.5200349e-06
C17orf107,-7.047504e-05,-0.00026063249,-0.00016513653,7.947441e-05,-0.00056358427,-5.7767145e-05,5.8631413e-05,1.6987906e-05
C16orf45,-0.00021708943,-0.00048895366,-0.00036055222,0.00012257323,-0.0011222437,-8.885935e-05,0.00019481964,2.6362599e-05
FCGR2A,-0.00015111081,-0.0006676074,-0.0005641673,9.3567185e-05,-0.0009147525,0.00011890102,0.00038348697,3.328675e-05
TRAT1,-0.00022177771,-0.00048669614,-0.0003519114,0.00012322795,-0.0010267794,-0.00010616612,0.00018494017,2.6242924e-05
JOSD2,-5.879253e-05,-0.00012421422,-0.00014982745,0.00017246511,-0.0014204383,-0.000121979974,-4.3632463e-06,1.5729922e-05
SUMO2,-0.00018189289,-0.0006004777,-0.00045155734,0.00010733027,-0.00053335726,1.8147752e-05,0.00028208364,2.9634684e-05
GAL,-0.00023767538,-0.0007558856,-0.0005437061,9.843614e-05,-0.0014593154,-3.39346e-05,0.00035149325,3.5515754e-05
SPACA1,-0.00021708943,-0.00048895366,-0.00036055222,0.00012257323,-0.0011222437,-8.885935e-05,0.00019481964,2.6362599e-05
C1orf131,0.00019276701,9.085983e-05,0.00037395582,-0.00019606017,0.0005650893,-2.2516586e-05,-0.00017643813,-1.0553515e-05
FANCF,-0.0001924131,-6.742589e-05,-9.125099e-06,0.00012929738,1.7926097e-05,-0.00024101278,-0.000102785416,1.0956312e-05
ADM5,-2.9940158e-05,-0.00022963434,-5.95171e-05,4.8317015e-06,-0.00018620491,-8.140504e-05,2.5930814e-05,1.0675285e-05
WFDC5,-0.00022361428,-0.0004936978,-0.00036593527,0.0001263693,-0.0011237562,-9.5377676e-05,0.00019566063,2.674642e-05
BAG2,0.00020243041,-1.6810372e-05,5.1761046e-05,-0.000110249035,-0.0009223223,0.00026776362,5.1231124e-05,-6.8650115e-07
NDUFB5,0.00022024103,0.00014339201,0.0002806522,-0.00015655905,0.0001572147,0.00021713227,-9.019207e-05,-1.079659e-05
TMCO2,-0.00021708943,-0.00048895366,-0.00036055222,0.00012257323,-0.0011222437,-8.885935e-05,0.00019481964,2.6362599e-05
DNAJB7,-0.00020084903,-0.0002932269,-0.00012564287,6.453507e-05,-5.095452e-05,-0.0001544226,4.3557957e-05,1.515972e-05
TCL1A,-0.00022594258,-0.00048033707,-0.00033688173,0.00013379846,-0.00087694824,-0.00014560204,0.00016035885,2.625701e-05
POM121L12,-0.00021708943,-0.00048895366,-0.00036055222,0.00012257323,-0.0011222437,-8.885935e-05,0.00019481964,2.6362599e-05
DNAJC6,-0.0003733877,-0.00086203776,-0.0007086601,0.00022257213,-0.0009824112,-0.00013855193,0.00038659107,4.6414905e-05
CACNA1E,-0.0002470687,-0.0007716492,-0.00061729737,0.00018159766,-0.0015752986,-0.0001387829,0.00032917317,4.253839e-05
GABARAPL1,0.00043220446,0.0003172662,0.00057913177,-0.00030107982,0.00093179196,0.00030304398,-0.00022396911,-2.56137e-05
RAMAC,-0.00026582368,-0.0004470758,-0.00040848553,0.00017849077,-0.0028546378,-0.00010652142,0.00021012034,2.8945156e-05
FAM133A,0.0007432606,0.00092049874,0.001027178,-0.00031844154,0.002486743,0.00032903813,-0.0005618213,-5.074311e-05
FAM170B,-0.00021708943,-0.00048895366,-0.00036055222,0.00012257323,-0.0011222437,-8.885935e-05,0.00019481964,2.6362599e-05
CPLX3,1.8144026e-05,0.00011173077,0.00015012734,4.0310435e-05,0.0006156638,-2.4856068e-05,-0.00013863575,-1.9501895e-06
TMEM251,4.77843e-05,-0.00020230189,-3.3080578e-05,-7.736217e-05,-0.00055328757,1.7615966e-05,5.9674494e-05,8.934992e-06
SLC10A5,5.5398792e-05,-0.00014731474,-4.29675e-05,-2.3534521e-05,-0.0005079508,0.000103882514,6.263703e-05,6.055692e-06
LYNX1,8.464046e-05,-0.00016057864,-3.658235e-05,-5.9413724e-05,-0.0023978949,0.00020796899,0.00012788083,3.2177195e-06
TLNRD1,0.00028082728,0.00028797612,0.00044736452,-0.000209569,0.0014607906,0.00016967952,-0.00020688493,-1.7664162e-05
THBS2,-0.00010796636,-0.0003512036,-0.00022066943,4.9872324e-06,-0.0018412396,6.81309e-05,0.0001905039,1.5481608e-05
PUDP,-1.9472092e-05,0.0001881402,0.0001776088,0.00013740268,0.0009706542,-0.00015608687,-0.00023302343,-1.8933788e-06
C1orf68,-0.00021708943,-0.00048895366,-0.00036055222,0.00012257323,-0.0011222437,-8.885935e-05,0.00019481964,2.6362599e-05
TERB2,-0.00020020083,-0.00047482736,-0.0003417395,0.00011267234,-0.00096369535,-8.1167556e-05,0.00018566381,2.534897e-05
PDCD5,-0.00018501654,-0.0002646558,-0.00017562509,0.00010763388,0.000113599,-0.00012238976,5.2195974e-05,1.757138e-05
PCBP1,-0.00021811388,-0.0006897021,-0.0005299337,7.980596e-05,-0.0015301928,6.6603534e-05,0.000374618,3.2503624e-05
ROPN1B,-5.0691888e-05,-0.00023530982,-0.00015153736,5.955901e-05,-0.0006002411,3.5678968e-06,8.09934e-05,1.386099e-05
HINT3,-6.62189e-05,-0.00039608218,-0.00017468445,1.3852492e-05,-8.228421e-05,-5.067885e-05,0.00011378247,1.7407932e-05
LCN2,-7.748045e-05,-0.00037199818,-0.00021312572,3.9154664e-05,-0.0002539903,-8.181669e-06,0.00013315678,1.7906073e-05
C3orf70,8.752197e-05,0.00012799539,0.0002066493,-3.7104823e-05,0.0004644841,3.343448e-06,-0.00014235731,-3.4767436e-06
MYDGF,-0.00021733716,-0.00040828437,-0.00023609586,8.535478e-05,-0.00046984106,-0.00016431371,0.00011127815,2.1442422e-05
REX1BD,-0.00011064671,-0.00016359799,-9.228848e-05,8.5539185e-05,-0.00058306754,-8.974038e-05,1.0131858e-05,1.2941891e-05
RDM1,0.00014075637,-0.00016593374,2.82228e-05,-4.6830624e-05,0.0022130385,3.5523437e-05,-1.1371449e-05,3.5510166e-06
ESM1,7.8342855e-05,-5.5162236e-05,1.7778948e-05,1.7811544e-05,-0.0010461286,0.000103474595,4.2747706e-06,3.1319214e-06
ERP29,5.6233257e-05,0.00015221909,0.00020994432,1.440011e-05,0.0011824742,-5.770754e-05,-0.0001899125,-3.2448443e-06
ARPC3,-7.770397e-05,-0.00023570098,-8.925423e-05,4.0845945e-05,-0.00025031716,-4.18853e-05,4.1591935e-05,1.2790551e-05
KLHL40,-0.00021708943,-0.00048895366,-0.00036055222,0.00012257323,-0.0011222437,-8.885935e-05,0.00019481964,2.6362599e-05
DNAL4,-8.132681e-05,-0.00016404875,3.0340627e-05,-5.2687712e-05,0.0014110729,-0.000149325,-4.1639432e-05,8.760719e-06
GPR82,1.7672777e-05,3.0789524e-06,0.00016855448,2.2909604e-05,0.0009641871,-0.00015612086,-0.00015326869,-1.1678785e-06
ARL2BP,-0.00014413707,-0.00027089566,-2.8215349e-05,-4.5239925e-05,0.00016333908,-5.0386414e-05,5.834736e-05,8.850824e-06
FAM177B,-0.00011937879,-0.00031603314,-0.00018611178,8.7821856e-05,-0.00017943978,-6.843172e-05,8.594245e-05,1.6820151e-05
TXNDC17,0.00011864863,0.00012441538,0.00020182878,-1.7092563e-05,0.0003754869,6.038975e-05,-0.00012766849,-5.4158736e-06
COMMD4,-0.00019918196,-0.00026026182,-0.00025902689,0.00018787198,-0.002360545,-0.00015941169,7.64681e-05,2.1478394e-05
GPR148,-0.00021708943,-0.00048895366,-0.00036055222,0.00012257323,-0.0011222437,-8.885935e-05,0.00019481964,2.6362599e-05
FTL,-0.00015639141,-0.0005355198,-0.00035678223,8.349307e-05,-0.00018760562,-1.687929e-05,0.00021784753,2.5814166e-05
TXNDC12,-0.00018491969,-0.00034587644,-0.00024693087,0.0001075156,-0.0006211102,-0.0001499895,9.9425204e-05,2.1388754e-05
COX6B2,-1.7758459e-05,-0.00026074797,-0.000112524256,-3.803242e-05,-3.3468008e-05,0.00015259068,0.0001268955,1.0709977e-05
C19orf81,-0.00026328117,-0.000448497,-0.00032657944,0.0001770053,0.00039890409,-0.00032428186,7.640477e-05,2.9027346e-05
DEFB119,-0.00021618046,-0.00048889033,-0.00035709888,0.00012187008,-0.0009864271,-9.557698e-05,0.00018975232,2.6382157e-05
GIMAP1,-0.0002216883,-0.00046924315,-0.00029056333,0.00014299247,-0.0004422143,-0.00024392596,0.000118952245,2.3651402e-05
HIP1,-0.00039138086,-0.0006122254,-0.0005042404,0.00023874547,-0.0006942749,-0.00029140105,0.00018733554,3.8716942e-05
SDHAF4,4.1417778e-05,0.0005464498,0.0007017739,-6.631017e-07,0.002149038,-0.00032426836,-0.0005606534,-2.4126726e-05
CLEC3B,-0.00020884909,-0.00081707165,-0.0006785728,0.000205555,-0.0012604743,-4.6690926e-05,0.00037806015,4.2167958e-05
PGA4,-0.00021708943,-0.00048895366,-0.00036055222,0.00012257323,-0.0011222437,-8.885935e-05,0.00019481964,2.6362599e-05
POLR2D,2.8591603e-06,0.00013640895,0.0002559293,-0.00013591442,0.00060240924,8.8912435e-05,-9.660702e-05,-9.003328e-06
RPH3A,0.00027555972,0.00032591447,0.0005280189,-0.00014091842,0.0036222413,-2.1925196e-05,-0.00035901088,-1.8051243e-05
SNAI3,-0.00013485737,-0.00044748187,-0.0002820827,4.4338405e-05,-0.0006098226,1.9613653e-06,0.00019110553,2.1052314e-05
THY1,-0.00041849166,-0.00063786097,-0.0006063115,0.00025284197,-0.0026959702,-0.00011299597,0.00031781383,3.985723e-05
SNRPB2,-0.00011606142,-0.00047572702,-0.00030313432,4.6171248e-05,-0.00030373782,2.5759451e-05,0.00020579807,2.236222e-05
NICN1,0.00031993538,0.0002821982,0.000334993,-0.00011167582,0.0006829053,0.00021921657,-0.00015668105,-1.5120371e-05
RAET1G,-0.00014217384,-0.00025226548,-0.00017200224,8.931849e-05,-0.000957489,-5.2462332e-05,7.509906e-05,1.6380334e-05
MYL7,-0.00012791902,-0.0003096182,-0.00025478378,0.00014226232,-0.00057934225,-0.00013011694,7.702317e-05,2.1826243e-05
CCDC54,-0.00023872219,-0.00050712936,-0.00038049184,0.00013486855,-0.0011422485,-0.00010888884,0.0001996234,2.7725706e-05
UBE2QL1,-0.00029120408,-0.0008527953,-0.00085962564,0.00028907508,-0.0012880564,-3.7442893e-05,0.0004480388,5.281018e-05
CETN1,-0.00021708943,-0.00048895366,-0.00036055222,0.00012257323,-0.0011222437,-8.885935e-05,0.00019481964,2.6362599e-05
HSPA6,0.00019572861,-0.00034329668,-0.00020786375,-0.00018903706,-0.00018969923,0.00043011364,0.00029587094,1.1690427e-05
TRAPPC5,-0.00012748875,-0.00013495423,-1.1425465e-05,8.435827e-05,0.00047712028,-0.00015168823,-5.0085597e-05,8.7657245e-06
SLAMF1,-0.00017139316,-0.00046113878,-0.00030121952,6.499328e-05,-0.0009006858,-2.0246021e-05,0.00019623712,2.2263615e-05
LGALS14,-0.00024264865,-0.0003756974,-0.00022177026,8.6186454e-05,-0.0008547157,-0.00012828968,0.00011448935,2.0012725e-05
GIMAP4,-0.00020535663,-0.0006458126,-0.00059089065,0.00023582764,-0.0007102117,-0.00012227334,0.0002811756,3.802881e-05
TRAPPC6A,-3.130734e-05,-0.00029165298,-5.515851e-05,-2.9536895e-05,0.00080630183,-4.571583e-05,4.598964e-05,1.0630116e-05
LGALS1,-0.00030604377,-0.00045734458,-0.00044584274,0.00019707344,-0.0026854128,4.4100918e-05,0.0002732342,2.6875758e-05
ERG28,-0.0002041664,-2.9752031e-05,-5.0310045e-06,0.000222262,-0.0005869344,-0.00032536127,-0.00015451666,1.1394499e-05
TMEM230,-0.000105911866,-0.00020580925,-0.000114319846,5.9471466e-05,8.2828104e-05,-8.978881e-05,2.9276125e-05,1.4404766e-05
PGLYRP1,-0.00018852949,-0.00046596304,-0.00032976829,0.00011169072,-0.00087977946,-8.4574334e-05,0.00017559342,2.4837791e-05
AIM2,0.0001409594,-2.6583672e-05,6.543286e-05,-7.793214e-05,0.0012724772,0.00013940223,-6.0005113e-06,-1.8591527e-07
NDUFS6,7.409975e-05,0.00011414476,0.00019743852,2.4764799e-05,0.00026111305,-3.8819388e-05,-0.00015999284,-3.4387922e-06
SREK1IP1,0.00010008365,-0.00017257035,0.00012217648,-0.00014929101,0.0018834099,5.032029e-05,-1.0864809e-05,5.6508e-07
ARL5C,-0.00020313263,-0.0004898235,-0.0003623031,0.000115298666,-0.0010664687,-7.3765405e-05,0.00019993074,2.6275637e-05
GREM2,0.0004321821,0.0002798587,0.00046575256,-0.000254089,0.0013522208,0.00031104498,-0.00016879942,-2.2533233e-05
USP17L2,-0.00021708943,-0.00048895366,-0.00036055222,0.00012257323,-0.0011222437,-8.885935e-05,0.00019481964,2.6362599e-05
RWDD1,-0.00018483214,-0.00043418445,-0.0002903808,9.2756934e-05,-0.00020422041,-0.00010861689,0.00014908984,2.334721e-05
DR1,9.390898e-05,-0.00010460429,8.985028e-05,-0.00013959501,0.00051694363,0.00019669626,4.9704686e-05,-1.189881e-06
CD8B,-0.00013066828,-0.00039842166,-0.00025077537,6.3723885e-05,-0.0006841719,-4.303083e-05,0.00014815945,2.0149513e-05
DDIT3,-0.00067153387,-0.0011654813,-0.0010830387,0.00047032628,-0.004288301,-0.00035995152,0.00053449813,6.7486544e-05
C19orf38,-0.00022106804,-0.00048012286,-0.00040689297,0.00017980672,-0.0013293102,-0.00013406062,0.00018548034,2.9223505e-05
PSMG4,0.00011954643,-0.0002840627,-9.4270334e-05,-6.056577e-05,0.000980489,9.1630034e-05,9.03951e-05,1.0632793e-05
RTP3,-0.00020020083,-0.00047482736,-0.0003417395,0.00011267234,-0.00096369535,-8.1167556e-05,0.00018566381,2.534897e-05
TFDP3,-0.00020304136,-0.0004689619,-0.00035005808,0.00011936668,-0.0010282248,-7.545017e-05,0.00018869434,2.5541405e-05
IL36B,-0.00020020083,-0.00047482736,-0.0003417395,0.00011267234,-0.00096369535,-8.1167556e-05,0.00018566381,2.534897e-05
HBE1,-0.00075579435,-0.0016121082,-0.0012813322,0.00026231073,-0.0043236017,-4.3646432e-05,0.0008922564,7.3253876e-05
PCBD1,-0.000103840604,-0.0004295893,-0.0002895929,3.868714e-06,-0.0012845322,3.1805597e-05,0.00022644177,2.0316802e-05
GSTO1,-0.0003391169,-0.0003139507,-0.0002667904,0.00022161659,0.00156115,-0.00033057202,9.031966e-06,2.5448622e-05
SPX,7.3652714e-05,-0.0001384858,2.211146e-05,-5.9039332e-05,3.1374395e-05,9.952858e-05,3.3034943e-05,3.2655662e-06
FNDC9,7.220358e-05,9.45162e-05,6.8942085e-05,0.00013348553,0.00040982664,-8.056499e-05,-0.0001586387,4.459871e-06
SPCS1,-8.481555e-05,-0.00012450293,-9.041466e-05,9.8165125e-05,-0.00033774227,-4.019309e-05,1.24191865e-05,1.0664808e-05
COMMD6,-4.573725e-05,-0.00024157204,-0.00013409741,6.407034e-05,0.00015858561,5.4892153e-06,6.072037e-05,1.3767276e-05
CPLX1,9.2821196e-05,-6.386638e-05,0.00013422407,-0.000111515634,0.0017819032,-2.320297e-05,-6.970018e-05,1.4106045e-06
PRSS46P,-0.00018172897,-0.00041560084,-0.00025928393,6.956328e-05,-0.00077528507,-5.671289e-05,0.00015519746,2.0726235e-05
CEMP1,-0.00028454885,-0.0004027225,-0.00031372719,0.00017109886,-0.0001790598,-0.00024190545,9.547826e-05,2.666621e-05
KLF14,-0.00021708943,-0.00048895366,-0.00036055222,0.00012257323,-0.0011222437,-8.885935e-05,0.00019481964,2.6362599e-05
CCZ1,-7.823855e-05,0.00015813671,0.0002480261,0.00011362694,0.0007993877,-0.00032492355,-0.00029757153,-2.5040936e-07
MRGPRD,-0.00021708943,-0.00048895366,-0.00036055222,0.00012257323,-0.0011222437,-8.885935e-05,0.00019481964,2.6362599e-05
PXDC1,-0.00019178726,-0.00024099089,6.900728e-05,-3.0267984e-05,-0.00017208606,-0.00022211438,-2.476573e-05,4.2055035e-06
UBE2U,-0.00021708943,-0.00048895366,-0.00036055222,0.00012257323,-0.0011222437,-8.885935e-05,0.00019481964,2.6362599e-05
SKIL,-0.00022102706,-0.0006185211,-0.00044417195,6.9104135e-05,-0.0009449944,6.6244975e-06,0.00030196644,2.9651099e-05
SHLD3,-0.00021708943,-0.00048895366,-0.00036055222,0.00012257323,-0.0011222437,-8.885935e-05,0.00019481964,2.6362599e-05
CLDN34,-0.00021776743,-0.0004885476,-0.00035718642,0.00012246054,-0.0010557622,-9.596627e-05,0.0001906585,2.6322436e-05
DYNLT1,1.9334257e-06,-0.00031640567,-0.00017649867,2.7513131e-05,-5.3666532e-05,6.6485256e-05,0.0001246389,1.471967e-05
CPLX2,0.0001335498,0.0002533719,0.0002574511,7.483829e-05,0.0024913028,-0.00017896201,-0.000312916,-2.3589237e-06
TBC1D4,-4.4902787e-05,-0.00042832084,-0.0002131816,1.6778708e-05,-0.0014710948,-7.951353e-05,0.00017189234,1.478265e-05
GLYATL2,-9.237975e-05,-0.00010762736,-1.3988465e-06,0.000120979734,-0.0005185902,-0.00023495872,-9.270664e-05,1.0221731e-05
LYPLAL1,-0.00031505153,-0.00035835803,-0.00017265975,0.00012694858,-0.00045150518,-0.0003045043,2.811756e-05,2.0060688e-05
TMIGD2,-0.00034388155,-0.0007133018,-0.00060664304,0.00022144895,-0.00022194535,-0.00021934975,0.0002820138,4.1744555e-05
SPA17,-2.104789e-05,-0.00011344813,6.137788e-05,-4.822202e-05,0.00025075674,8.331612e-06,-8.719042e-06,2.2680033e-06
AKAP14,2.6635826e-06,-0.00014817901,7.2680414e-06,1.5387312e-05,0.00067055225,-9.884313e-05,-4.48348e-05,8.834642e-06
EIF2B5,0.00027589314,0.00025951862,0.00036780164,-9.4763935e-05,0.0016968101,8.513313e-05,-0.00022361707,-1.4763791e-05
C6orf223,-0.00028165057,-0.0005464386,-0.00042605586,0.00015696231,-0.002057612,-0.00011285301,0.00023294985,3.0030962e-05
ID1,-4.821457e-05,-0.00019165128,-0.0002790969,0.00016058143,-0.0014857873,9.648595e-05,0.00012631156,1.7766492e-05
ARMCX2,0.00027673133,0.0002104789,0.00042095967,-0.00019768719,0.0010414124,9.167101e-05,-0.00019017886,-1.5949365e-05
PRDX1,-0.00011132844,-0.00025554933,-0.0001227241,7.277727e-05,0.00031855702,-6.499421e-05,4.2634085e-05,1.393829e-05
ZNF547,-0.00013001263,-0.0002169609,-8.779764e-05,4.5403838e-05,0.00083109736,-0.00012669107,-1.1436641e-06,1.4545745e-05
MOBP,-0.00030825473,-0.0002587512,-0.00012513064,0.00022223126,0.0015082285,-0.00048787752,-0.00012826268,2.2623572e-05
RFPL1,-5.482696e-05,-0.0002864767,-0.00016246364,6.0795806e-05,-0.0005721301,-1.4494173e-05,9.03327e-05,1.4590565e-05
FUNDC1,2.0319596e-05,-0.00020642951,-4.3280423e-05,-4.0577725e-05,-0.0014666244,1.0440126e-06,7.031951e-05,8.091447e-06
HAVCR2,-0.0003172625,-0.00092907064,-0.0007301457,0.00018082839,-0.00069485605,-0.00016841153,0.00041362457,4.7023757e-05
ATP6AP2,-0.00012112595,-0.00023557432,-0.0001421459,8.282624e-05,-0.00023815036,-5.873572e-05,5.1748008e-05,1.5324447e-05
TAT,-0.00036273897,-0.0006169453,-0.00047654845,0.000169768,-0.0017698184,-0.00016983273,0.00025589485,3.338314e-05
DRAM1,8.586794e-05,-1.5964732e-05,8.5201114e-05,-5.775038e-05,-0.0003823936,0.00013738684,-6.522052e-06,-8.93604e-07
NUTF2,-0.00019872747,-0.0001645945,-8.615665e-05,0.00013068598,-0.0004676059,-0.00019243453,-3.1021424e-05,1.398637e-05
AKAP5,0.00020411983,0.00010179728,0.00034119748,-0.00020574778,0.003372036,7.9468824e-05,-0.00016345363,-1.0209857e-05
MRGPRE,-0.00021162629,-0.0004865732,-0.00035703555,0.000119164586,-0.001081422,-8.5116364e-05,0.00019404199,2.6134308e-05
IL11,-0.00013759732,-8.964352e-05,-6.575324e-05,0.00017883815,0.0004594475,-0.0002681357,-0.000104079954,1.3138633e-05
CD48,-0.00019111298,-0.0005252585,-0.0003800597,8.716155e-05,-0.0010593832,-2.7949922e-05,0.00023643859,2.643175e-05
MKRN2OS,-3.5073608e-06,-8.923374e-05,9.5898286e-05,-2.804678e-05,0.0020191148,-0.00013588415,-0.000101058744,4.468835e-06
DDIT4L,-0.00022019073,-0.00046521425,-0.00042467192,0.00017938484,-0.002336964,-5.5676326e-05,0.00022230111,2.8183335e-05
HDHD2,-8.297153e-05,-0.0002697967,-0.00013688393,5.55655e-05,0.0005758777,-9.57977e-05,4.4991262e-05,1.572282e-05
KCND3,0.00012780726,-5.2740797e-05,0.00012923032,-0.00010253303,0.00047549605,9.0370886e-05,-2.2659078e-05,-2.6030466e-06
HIST1H3H,-0.00021708943,-0.00048895366,-0.00036055222,0.00012257323,-0.0011222437,-8.885935e-05,0.00019481964,2.6362599e-05
CCK,-0.0014637876,-0.00177137,-0.0016558319,0.00080560707,-0.0011118203,-0.0013755066,0.00052851066,0.00011759158
SDC4,0.00015695952,-0.0002169609,3.6185607e-05,-0.00013283081,-0.0011536106,0.00013477542,7.160194e-05,3.5227276e-06
SSR4,-0.000100960955,-0.00036456436,-0.0002007708,3.1134114e-05,0.00014884025,-3.087707e-05,0.00012538955,1.793867e-05
SV2B,0.0006181821,0.000695413,0.0006081816,-0.00020066742,0.00055547804,0.00054535177,-0.00027887058,-3.4864643e-05
NPIPB15,-9.560585e-05,-0.00033535622,-0.00028371066,0.00012246799,0.00029969215,-0.00011061691,0.00010030065,2.1619606e-05
ARMC7,0.00048294105,0.00033723935,0.0005892888,-0.000399895,0.0012490004,0.00043881126,-0.00015477929,-3.0259835e-05
CD69,-0.00014544837,-0.00036208332,-0.00031426363,9.0791844e-05,-0.0018093884,6.81933e-05,0.0002061259,2.102193e-05
GAP43,-0.00093330815,-0.001714265,-0.0016127452,0.00056590326,-0.0034460798,-0.00037103565,0.0008584671,9.584369e-05
NREP,-0.00048533082,-0.0010730885,-0.00091440976,0.00027858,-0.0020511374,-0.00014704093,0.0005180929,5.6418357e-05
LRRC3,-4.3585896e-07,-0.0002428405,-1.2177974e-05,-9.026192e-05,8.21799e-06,1.9666739e-05,7.4294396e-05,5.9937593e-06
PGM2,5.4033473e-05,1.2993813e-05,5.7589263e-05,3.4318306e-05,-0.0007576868,4.0317886e-05,-4.9500726e-05,2.2101449e-06
DNAJC5G,-0.0001336243,-0.00038269907,-0.00028893724,0.00011424068,-0.001229927,-5.0814822e-05,0.00015162956,2.167828e-05
ZNF552,0.00053963996,0.0006231945,0.00072469003,-0.00024598837,0.0022250488,0.00023708027,-0.00038590748,-3.5564415e-05
PGF,7.340312e-05,-0.00014475733,-2.4400651e-07,-1.8296763e-05,-0.00089640915,6.07213e-05,1.7809682e-05,6.321934e-06
ATP5PD,-9.2186034e-05,-0.00039431825,-0.00021984987,3.744755e-05,0.00057922304,-5.7378784e-05,0.00012322236,1.9432977e-05
KHDC3L,-9.582937e-05,-0.00031300448,-0.00015899539,3.6718324e-05,-0.00030177832,-4.906766e-05,9.253062e-05,1.5227473e-05
VAMP3,0.00013058633,-0.00016119331,-3.409013e-05,-3.451109e-05,-0.0013420358,0.00014609098,7.528532e-05,5.4694247e-06
PFDN2,-0.00016354397,-0.00012694299,-5.7546422e-05,0.00014189631,0.00036883354,-0.00016816705,-6.3653104e-05,1.2759934e-05
RGS16,-0.000425525,-0.00058741495,-0.00037116185,3.506895e-05,-0.001620464,-2.4250709e-05,0.0002974216,2.6217895e-05
TAS2R5,-0.00015667826,-0.00044291094,-0.0002954863,8.023344e-05,-0.0008601472,-5.3540803e-05,0.0001735203,2.2336957e-05
GPR89B,5.7810917e-05,-0.00034149364,-0.00018510036,-2.666004e-05,-0.0015599206,0.00012460724,0.00016882364,1.531432e-05
HBQ1,-0.00015764125,-0.0004374832,-0.00047964975,0.0001907777,-0.0016975552,3.5640784e-05,0.0002477849,2.9829913e-05
NANOS1,0.00010357238,0.00010512769,0.00032859482,-9.065028e-05,0.0013819039,-6.8111345e-05,-0.00019690115,-9.091105e-06
NUDT3,0.00024293736,3.1316653e-05,0.00019815564,-0.00015185587,0.002439335,0.00025558472,-3.6732294e-05,-8.075032e-06
NPPC,-0.00032210536,-0.0003762748,-0.00025898404,0.00024913065,0.0015971288,-0.00049284985,-4.1168183e-05,2.7990784e-05
ZNF615,-2.2029504e-05,0.0002644919,0.00031428784,0.000109706074,0.0007232353,-0.00026084203,-0.00033206958,-5.4122647e-06
IL6,8.5681677e-07,-0.0002148319,-5.5631623e-05,-1.9213185e-05,-0.0009101108,5.1913783e-05,7.2012655e-05,8.4391795e-06
FAM19A5,-0.00021708943,-0.00048895366,-0.00036055222,0.00012257323,-0.0011222437,-8.885935e-05,0.00019481964,2.6362599e-05
SSNA1,-0.000107573345,-0.0005220063,-0.00039256364,3.339909e-05,-0.0024921745,8.868985e-05,0.0003089644,2.4234643e-05
CYB5A,-0.00021933764,-0.00061390735,-0.00057403,0.000150593,-0.003049232,-2.6200898e-05,0.0003397232,3.6593177e-05
SZRD1,0.00017238595,0.00010071695,0.00021691434,-0.00014114473,0.0007008761,0.00017562229,-6.1639585e-05,-8.450705e-06
CSN1S1,-0.00020162202,-0.00045443326,-0.00032201782,0.00011314545,-0.0009974614,-8.686073e-05,0.00017170329,2.441986e-05
PLD6,0.00048020668,0.00044401363,0.000678679,-0.00029069465,0.003506139,6.2921084e-05,-0.00038849842,-2.7135713e-05
ARMCX5,0.00031118654,0.0004901923,0.00051972456,-9.336416e-05,0.0006111562,0.00018572249,-0.00030136574,-2.3554545e-05
FSHB,-0.00021708943,-0.00048895366,-0.00036055222,0.00012257323,-0.0011222437,-8.885935e-05,0.00019481964,2.6362599e-05
GPSM3,8.75704e-05,-0.00019386038,-0.000100728124,7.829629e-06,-0.0005401373,0.00011659879,9.605847e-05,8.526025e-06
NME5,0.00042600185,0.00060595013,0.00070764497,-0.00023889821,0.00082872063,0.00025728624,-0.00033509452,-3.72621e-05
PHF5A,0.00038151443,9.726919e-05,0.00030621327,-0.00022527575,0.00017128885,0.00029643625,-4.924368e-05,-1.4042016e-05
IL17D,-0.00048743188,-0.00044928305,-0.00042007305,0.00035859272,-0.0022274181,-0.00047553005,7.8921206e-05,3.4036697e-05
SERBP1,-0.00017890893,-0.00039708242,-0.0002590604,9.334274e-05,-0.0008281246,-4.4914894e-05,0.00014542975,2.092123e-05
MDK,-0.00045114756,-0.00045972876,-0.00034390576,0.00019654166,-0.0011251345,-0.00032817852,0.000115086325,2.9338524e-05
RWDD4,-0.0002324786,-0.00024402142,-0.00016218983,0.00014201365,-0.00046031922,-0.00025099935,1.1136755e-05,1.8329709e-05
PRKX,-0.00034307316,-0.0011753701,-0.0008014571,0.00010565482,-0.00015068799,-0.00014510658,0.00050743297,5.2178744e-05
ARPC5,-0.00027862377,-0.00057515316,-0.0005169939,0.00020577852,-0.0016077682,-9.6256845e-05,0.00026566535,3.4648925e-05
ZC3H12B,0.00030288287,0.00035053492,0.0004947912,-0.00013169646,0.003118597,3.81954e-05,-0.00032294262,-1.870934e-05
ATP5MC3,-0.00015734509,-0.00049030036,-0.0003365241,7.316936e-05,-0.00018737465,-3.136415e-05,0.00020165835,2.5181565e-05
MAP1LC3A,-3.1219795e-05,-0.00017699599,-6.0718507e-05,7.970352e-05,0.00022252649,-6.852858e-05,-9.827316e-06,1.1305441e-05
PTTG1IP,-1.0216609e-05,-8.588843e-05,-3.3531338e-05,8.169096e-05,-0.0008446723,-1.6588718e-05,-1.8056482e-05,8.029048e-06
CENPM,-4.9225986e-05,-0.0002714824,-0.00022170693,8.355547e-05,-0.0011203662,5.711429e-05,0.00012602098,1.7173239e-05
C17orf51,-0.00021708943,-0.00048895366,-0.00036055222,0.00012257323,-0.0011222437,-8.885935e-05,0.00019481964,2.6362599e-05
NDN,-0.00044790655,-0.0009946469,-0.0007882621,0.00019143801,-0.00087475777,-0.0002173162,0.0004448574,5.1406794e-05
MCFD2,9.183586e-05,-6.489083e-05,2.7401373e-05,-7.752329e-06,-0.0006208196,6.439537e-05,-5.4873526e-06,3.9434526e-06
EHD3,0.0002026204,0.00030786358,0.0003586784,-8.8687986e-05,0.001190871,6.627757e-05,-0.00023226533,-1.2524659e-05
TVP23B,0.00024423003,0.00015201792,0.0003078226,-0.00020175707,0.000505805,0.00025009457,-8.647423e-05,-1.2636185e-05
FAM167B,8.9997426e-05,-0.00023114309,-8.7291e-05,-5.6598336e-05,0.00038179755,0.00016176235,0.00010911748,8.346979e-06
EFHD1,-0.00017133355,-0.00027721375,-0.0002592113,0.00020236522,-0.001051724,-0.00020188745,4.5692548e-05,2.1897955e-05
SNX29,0.00020137057,0.00040603615,0.00052957796,-8.864328e-05,0.0014902726,-3.236346e-06,-0.0003461046,-1.9978033e-05
GPR89A,-0.00033112802,-0.00039949827,-0.0005258359,0.00031050015,-0.003857255,-0.00010970887,0.00022350997,3.341143e-05
PAM16,7.336587e-05,-0.00020129234,1.1021271e-05,-4.422944e-05,6.6533685e-05,-0.00012233341,-1.0466203e-05,8.321833e-06
GSTM4,5.85299e-05,-0.00029200688,-0.0002033282,-4.2422675e-05,-0.00062404573,0.00016466063,0.00018650759,1.3085897e-05
DNAJC19,-0.00020487607,-0.00013454817,-4.672259e-05,0.0001071142,-0.0004943982,-0.00020862417,-3.857538e-05,1.1336175e-05
MAGEB10,-0.00016503967,-0.00036658533,-0.00019624084,4.3247826e-05,-0.0011092722,-1.9376166e-05,0.00014391076,1.6506761e-05
CANT1,-5.4901466e-05,-1.3910234e-05,5.1639974e-05,6.250758e-05,-0.0018859431,-0.00013915682,-7.428415e-05,5.6588324e-06
FKBP1A,-9.758212e-05,-0.00024970248,-0.00012019463,6.239489e-05,-0.0005696416,4.5541674e-07,7.067621e-05,1.2878561e-05
C11orf58,-0.00022703037,-0.00061312504,-0.0004386846,0.000106142834,-0.00076753646,-5.0436705e-05,0.00026579387,3.056554e-05
CDSN,-0.00024111755,-0.00049565546,-0.00037521496,0.00014426839,-0.0013499856,-0.00011314219,0.00019299611,2.7435366e-05
TMC6,-0.0003844034,-0.0006886646,-0.0005512778,0.0002569342,-0.0013290793,-0.0002903617,0.00024368241,3.9374223e-05
RGPD8,-0.00019245222,-0.00045727193,-0.00031548366,0.0001014946,-0.00088348985,-8.312799e-05,0.0001724856,2.403406e-05
ISG20,-8.4124506e-05,-0.0001410488,-7.447228e-05,8.873362e-05,-0.00065502524,-5.255174e-05,6.7288056e-06,1.0487391e-05
NPM2,0.00029443204,1.6771257e-05,0.00011905283,-0.00012719538,0.0012573078,0.0002624942,-8.961186e-06,-3.61586e-06
TAAR8,-0.00020601228,-0.0004918277,-0.00036164,0.000115136616,-0.0011860132,-7.228553e-05,0.00020259153,2.6160269e-05
RD3L,-0.00015014969,-0.0004135538,-0.0002807062,7.8300945e-05,-0.0009613037,-3.711786e-05,0.00016564783,2.1572108e-05
RBM43,0.00034816936,0.0003517717,0.0004804656,-0.0002076244,0.0012773052,0.0002985485,-0.00019886252,-2.3442903e-05
NDUFA7,-8.626096e-05,-0.00024152361,-0.00011418946,6.40722e-05,0.0001853481,-0.00013185991,2.4834648e-05,1.4244462e-05
GPBAR1,-3.43211e-05,-0.00043050759,-0.00026472658,-2.197735e-05,-0.00091284513,0.00014642347,0.00023757387,1.7670449e-05
TMEM50B,2.6853755e-05,-8.572079e-05,4.865043e-05,-3.6118552e-05,0.00044198334,8.47606e-05,1.0160729e-06,2.7848873e-06
HMSD,-0.0002728775,-0.00069643557,-0.00068378076,0.00023186952,-0.003891468,8.597039e-06,0.00040925853,3.9958395e-05
ARHGAP39,0.00038180687,0.0003643185,0.00055496953,-0.0002036551,0.0028815344,5.582813e-05,-0.0003255168,-2.2399938e-05
PDZK1,-0.0002411753,-0.0004430171,-0.00033211522,0.00014135428,-0.00061995536,-0.00017686607,0.00013947766,2.6212423e-05
GLIPR1L1,-0.00021307729,-0.00048420765,-0.0003494639,0.00011941139,-0.0009892285,-9.760354e-05,0.00018585566,2.5963876e-05
RTL6,-0.00013196655,-0.00050602295,-0.00050307997,0.00019199401,-0.0020463094,2.8433278e-06,0.00026948564,3.132841e-05
TAOK3,-0.0004013013,-0.00084751286,-0.0006350782,0.0001886515,-0.002852708,-9.4235875e-05,0.00039495435,4.137901e-05
MAGEF1,0.00012144633,-0.0002125781,-1.2945384e-06,-0.00016208924,0.0015952289,0.0002153106,0.00010289904,4.265574e-06
MYEOV,-0.00021708943,-0.00048895366,-0.00036055222,0.00012257323,-0.0011222437,-8.885935e-05,0.00019481964,2.6362599e-05
MSANTD1,-8.799322e-05,-0.00020766258,-7.821061e-05,2.6841648e-05,-0.0003772527,-3.1309202e-05,4.538428e-05,1.096027e-05
PER1,6.186217e-05,-4.8929825e-05,2.5354326e-05,5.966518e-05,0.0012091845,-9.895209e-05,-9.439979e-05,6.72834e-06
GCSH,-7.532723e-05,4.3347478e-05,8.50074e-05,9.41772e-05,-0.0003190562,-0.00014099432,-0.0001335172,4.0986342e-06
RGS10,-0.00017558038,-0.0004622452,-0.00038177706,0.00014562625,0.0007105097,-0.00015562307,0.00015705638,2.8283452e-05
CLEC7A,0.00029953755,0.00020519085,0.00032771192,-0.00014008023,0.0020934492,0.00016443152,-0.00017334986,-1.24673825e-05
VBP1,-0.00024061278,-0.0005968418,-0.00054093637,0.00015194714,-0.0015436634,1.8328428e-06,0.0003200611,3.4546712e-05
GADD45A,0.00022609718,-6.602146e-05,-3.6401674e-05,-1.9234605e-05,-0.0007709339,0.00022496842,5.339738e-05,5.144975e-06
CLEC1B,-0.00021152012,-0.00045187213,-0.00032798387,0.00012629945,-0.00081252307,-0.000112358946,0.0001609642,2.5289715e-05
ROPN1L,-0.00025836192,-0.0005181879,-0.000339346,0.00013000425,-0.0013082698,-0.00025657006,0.00015836768,2.7053175e-05
KRT75,-0.00020631775,-0.0004849173,-0.0003542602,0.00011602696,-0.0010397956,-8.155126e-05,0.00019359961,2.5945832e-05
BLOC1S2,0.00011331029,-0.0003483072,-0.00013857707,-6.819982e-05,0.00014997274,0.00025111064,0.00017946959,1.0649557e-05
HAMP,-0.00023218058,-0.00043299235,-0.0003336463,0.00016865693,-0.0010111406,-0.00016849302,0.0001371475,2.6055961e-05
CDC42EP3,-7.80914e-05,-0.00030478276,-0.00016523153,2.752617e-05,-8.7574124e-05,1.1258759e-05,0.00010144152,1.6639708e-05
CACNG6,-0.00017991103,-0.0005763117,-0.0004461687,0.00010659546,-0.0019149706,-4.8978254e-06,0.0002849307,2.8988114e-05
PCSK5,-6.1415136e-05,7.6947734e-05,0.00022781454,4.8079528e-05,0.001294151,-0.00028341962,-0.00024732482,-7.1013346e-09
NANOG,0.00010432117,-9.741448e-05,7.991865e-05,-6.576814e-05,0.0015754178,2.7098693e-05,-4.8508868e-05,3.8116705e-06
TBX4,-0.00018851273,-0.00047681667,-0.0003420636,0.000105051324,-0.0010238886,-6.433297e-05,0.00019295886,2.5101472e-05
SDC2,-0.00045973063,-0.0010475032,-0.0006798338,-4.2711385e-05,-0.005444646,-4.425086e-05,0.00059654564,4.2640255e-05
RTP1,-6.6829845e-05,-0.00016286224,-1.5165657e-05,9.848084e-05,0.00017853081,-0.00020387676,-7.3462725e-05,1.0688789e-05
RPS28,-0.00019943528,-0.0005776696,-0.00044993497,0.00015045423,-0.0007085949,-4.9315393e-05,0.00024570152,3.082666e-05
PROK2,-0.0001780428,-0.00034578145,-0.00027883984,0.00015807431,-0.0015317425,-9.763334e-05,0.000118516386,2.1741609e-05
CCER2,-0.00015555695,-0.0005456973,-0.00040514953,7.7961944e-05,0.00011412054,-0.00011575688,0.00021217763,2.962409e-05
MCF2L2,6.0532242e-05,-0.00014241785,-2.1712855e-05,1.950562e-05,0.0012989193,-4.226435e-05,-2.8780662e-05,8.716597e-06
RPL29,-1.7898157e-05,-0.00034427457,-0.00019478612,3.9703213e-05,0.0005675331,1.6159378e-05,0.00011241343,1.682411e-05
ITGB2,-0.00043673255,-0.000911111,-0.00078604,0.00021139719,-0.0019934103,-0.00013290299,0.00046712346,4.8474176e-05
KLF8,0.0006331261,0.0007254053,0.00083186664,-0.00036996976,0.0022512004,0.00049841683,-0.000348703,-4.500919e-05
NUDT11,-0.00068368576,-0.0012270343,-0.0011072457,0.00037113763,-0.0020883903,-0.00034355465,0.0005607279,7.056072e-05
NKAPD1,-9.666197e-05,9.737909e-06,7.325597e-05,0.000107798725,-0.00085476786,-0.00015541865,-0.000119403936,4.6704663e-06
SUSD3,-4.056655e-05,-0.00046957657,-0.0003226474,-1.8943101e-06,-0.0005328655,0.0001543723,0.00026551168,2.0374893e-05
RIPPLY3,0.00012913346,-0.00013715401,0.0001464542,-0.00014752522,0.0009473264,5.7555735e-06,-3.644172e-05,5.0349627e-07
NHP2,-2.7488917e-05,-4.5774505e-05,7.071346e-05,3.5168603e-05,0.00033757836,-7.617939e-05,-8.381624e-05,4.232046e-06
SPP1,0.00034764595,0.00045275874,0.0006232336,-0.0002708016,0.001223214,0.00032979064,-0.00024298672,-3.1242264e-05
MAGEB1,-0.000112205744,-0.00030013546,-0.00018555298,8.092914e-05,-0.00085579604,-4.4817105e-05,9.373762e-05,1.674355e-05
HIST1H2AK,-0.00021708943,-0.00048895366,-0.00036055222,0.00012257323,-0.0011222437,-8.885935e-05,0.00019481964,2.6362599e-05
TPPP3,-0.0004112646,-0.00059438497,-0.00045487285,0.00020930357,-0.0005750954,-0.0004060478,0.00017927866,3.3256714e-05
INSL6,-0.00021708943,-0.00048895366,-0.00036055222,0.00012257323,-0.0011222437,-8.885935e-05,0.00019481964,2.6362599e-05
CPXCR1,-0.0002041161,-0.00047801435,-0.0003463179,0.000120748766,-0.0010323599,-9.152852e-05,0.00018365774,2.5724526e-05
SELPLG,-0.00014195032,-0.0005118642,-0.00025910325,-2.6929192e-05,-7.040799e-05,2.6774593e-05,0.00022916589,1.96154e-05
MAGEB17,-0.00021708943,-0.00048895366,-0.00036055222,0.00012257323,-0.0011222437,-8.885935e-05,0.00019481964,2.6362599e-05
PTPN20B,-0.00021708943,-0.00048895366,-0.00036055222,0.00012257323,-0.0011222437,-8.885935e-05,0.00019481964,2.6362599e-05
TRARG1,-0.00014324486,-0.00020156801,-0.0001762528,0.00014220644,-0.0008436516,-5.5874698e-05,5.122181e-05,1.5626196e-05
DMPK,-9.9249184e-05,-0.0003256146,-0.00029710494,5.143974e-05,-0.00018302351,7.40448e-05,0.0001931293,1.9595958e-05
ARL11,-0.0002983529,-0.0004949216,-0.00037645362,0.00019716006,-0.0010562316,-0.00023320783,0.00015345681,2.900965e-05
CSPP1,-0.00014088117,-0.00041795522,-0.00015629828,2.0154752e-05,0.0016240925,-0.00020045135,5.904399e-05,1.8310733e-05
PEA15,-0.00018797629,-0.0005709287,-0.00038609095,8.271448e-05,-0.00017097592,-1.5768223e-05,0.00024341047,2.6531867e-05
UQCC2,-0.00021193922,-0.00040107034,-0.00026981533,0.00012970436,-0.0006516874,-0.00022639427,9.2652626e-05,2.4295994e-05
NFYB,-3.334321e-05,-0.000667518,-0.00043457,-2.417434e-05,0.00013282895,0.00015741587,0.00035946537,2.5949324e-05
TALDO1,-1.6855076e-05,-0.00013546273,-3.5656616e-05,2.8820708e-05,-2.5331974e-05,-6.7772344e-06,1.4271587e-05,8.086907e-06
FAM219B,0.0001651682,-6.7103654e-05,2.9027462e-05,-0.000104440376,0.0002592802,0.00019147247,4.442036e-05,2.6078196e-06
IFT22,2.3834407e-05,-0.00031608157,-0.00010898523,-1.4984049e-05,-0.0005020425,-8.119177e-05,6.6907145e-05,1.4712801e-05
CWC15,-0.0002959147,-0.00037654862,-0.0003533587,0.00024746358,-0.0012262166,-0.00017775735,0.0001074383,2.7598231e-05
LSM6,-9.443797e-05,-0.00023865327,-0.00013601221,3.6957674e-05,-0.001555793,3.059674e-05,0.000106151216,1.2276461e-05
GSTA4,-0.00036876835,-0.00070483796,-0.000625832,0.00026992708,-0.0013953149,-0.00019946974,0.00029158313,4.2410917e-05
DPY19L3,0.0001383014,-2.0502135e-05,0.00011206232,-7.140171e-05,0.0008729026,8.661952e-05,-5.4978766e-05,5.2677933e-07
RELL2,4.9438328e-05,-5.624257e-05,-3.6055222e-05,7.1125105e-05,-0.0007225722,8.6651184e-05,3.3890828e-06,6.147311e-06
FAM71E1,0.00025347993,0.00015418231,0.00028321147,-5.4582022e-05,0.001509726,4.501175e-05,-0.00018357951,-9.757117e-06
BTG4,-0.00025647134,-0.0005029943,-0.0003835447,0.00015358347,-0.00092837214,-0.00015145075,0.00017950684,2.8899638e-05
FAM220A,-0.0003502816,-0.00014502555,-0.00020799972,0.00029390026,-0.0017465279,-0.00030410616,-3.1149015e-05,2.2017397e-05
IQCJ,-0.00024891645,-0.0005853716,-0.00039302744,0.00011156313,-0.0016757324,-0.00012343563,0.00023234915,2.8643408e-05
APCS,-0.00021708943,-0.00048895366,-0.00036055222,0.00012257323,-0.0011222437,-8.885935e-05,0.00019481964,2.6362599e-05
TEX13B,-0.00021708943,-0.00048895366,-0.00036055222,0.00012257323,-0.0011222437,-8.885935e-05,0.00019481964,2.6362599e-05
CBY3,-0.0002117455,-0.0004848279,-0.00035250746,0.00011893269,-0.0010122359,-9.22475e-05,0.00018905196,2.6034657e-05
CXorf56,0.00020311214,0.00030788966,0.0003769733,-0.00015982613,0.0010228455,0.00019906368,-0.00016940478,-1.6162521e-05
ARL6IP5,-0.00015146472,-0.0002699308,-0.00015973859,0.0001295628,-0.0010159314,-0.000120157376,4.2291358e-05,1.7527957e-05
ANGPTL8,-0.00021708943,-0.00048895366,-0.00036055222,0.00012257323,-0.0011222437,-8.885935e-05,0.00019481964,2.6362599e-05
MED10,-0.00019106083,-0.00040571205,-0.00027005002,0.00013490207,-0.0006814599,-0.00017742114,0.00010280311,2.348912e-05
EIF5A2,0.00013269112,0.00029971264,0.00021350011,0.00012846477,0.000648506,-3.282167e-05,-0.00023990776,-6.252434e-06
SFT2D1,-0.00043433718,-0.00071220845,-0.000701176,0.00031480845,-0.0022570193,-0.00029386627,0.000307234,4.5670546e-05
FBXO36,-0.000120481476,1.8969178e-05,2.075918e-05,0.00021487195,-0.0011004731,-0.00020938227,-0.00015010592,7.957104e-06
RFXAP,0.00012572482,1.2112781e-05,2.7883798e-06,-9.975396e-06,-0.0005874261,0.00021110196,3.1620264e-05,1.3731187e-06
BSPH1,-0.00023872219,-0.00050712936,-0.00038049184,0.00013486855,-0.0011422485,-0.00010888884,0.0001996234,2.7725706e-05
MIS12,-0.00013619475,-0.00031667203,-0.00018184818,7.72411e-05,-0.00080139935,-0.00011121342,8.2449056e-05,1.7517363e-05
RNASEK,6.7835674e-05,0.00014272146,0.00019930303,7.994287e-05,-7.811189e-05,-0.00011470262,-0.00019981991,-2.601184e-06
KCNMB3,-0.00013895147,-0.00016954914,-4.3395907e-05,9.400118e-05,0.0009392947,-0.00024328288,-7.536542e-05,1.3533514e-05
TPT1,-0.00032825023,-0.0007947553,-0.00065133907,0.0001956094,-0.0011855811,-6.993394e-05,0.00037207548,4.1617663e-05
CCDC190,-0.00011642836,-0.0003858395,-0.00024009869,6.4844266e-05,-0.0005545616,-3.292039e-05,0.00013889372,1.9641011e-05
ART4,-0.00026759505,-0.0005687047,-0.00045965798,0.0001568785,-0.0015674308,-0.000100516714,0.00024873018,3.1510834e-05
LAMTOR3,-0.00021476112,-0.0005193576,-0.00040074438,0.00014837459,5.759299e-06,-0.00015839795,0.00017583556,3.0084164e-05
CMTM4,0.00035840087,0.00010108948,0.00027354434,-0.00020438246,0.0005156696,0.00023836456,-6.335974e-05,-1.2409175e-05
XAF1,0.00022225268,0.00023612566,0.00037664548,-7.124711e-05,0.0014393553,4.3233857e-05,-0.00024036597,-1.3686251e-05
COL25A1,8.546002e-05,0.00014606863,0.00018233247,2.1041371e-05,-0.00039079785,6.0144812e-05,-0.00013181847,-4.2705797e-06
SMCO2,-9.582937e-05,-0.00032946467,-0.00020813756,7.315911e-05,-0.0004870072,-7.355213e-05,0.00010256935,1.7766375e-05
TXN2,5.4458156e-05,9.467825e-05,0.00022188202,-4.099589e-05,0.0009987503,-1.919549e-05,-0.0001430707,-4.8076035e-06
GOLGA8M,-4.9076974e-05,-0.00022152811,-3.510341e-05,-1.8964522e-05,2.0071864e-05,2.1901913e-05,5.0224364e-05,7.933355e-06
MYL5,0.00022207387,-0.00011265278,0.0002997201,-0.00030697417,0.0014815703,0.0001595337,-2.7060509e-05,-1.0261778e-05
SDHAF1,4.302524e-05,-0.00021268055,0.00011814758,-0.00020045601,-0.00087540597,0.00017323531,8.982234e-05,-2.1957094e-06
KRT5,0.00019307993,-0.00025059283,-7.496402e-05,-0.00013238192,0.00039595366,0.00024165865,0.00014493614,7.053255e-06
CREG1,0.000102158636,-6.800145e-05,4.36157e-05,-4.8733316e-05,0.0006044954,0.00014391262,1.1292286e-05,1.6761478e-06
LRRC61,0.0001050327,-0.00014455058,0.000115543604,-0.0002013119,0.00087236613,0.00014689285,3.1375326e-05,8.2619954e-07
CITED1,8.467771e-05,-0.00028191507,-0.00015418045,-6.400235e-05,-0.0017325133,0.0002745483,0.00021646265,8.316943e-06
MED11,0.00015251338,0.00011170097,0.0002390258,-2.7011149e-05,0.0007218644,-4.9564987e-05,-0.00018172432,-4.6686037e-06
PHPT1,-4.334189e-05,-1.2993813e-05,6.6161156e-05,6.131828e-05,5.58272e-05,-7.297937e-05,-8.243974e-05,3.4590485e-06
ZSWIM7,-0.00031248853,-0.0004252959,-0.0002585724,9.6242875e-05,-0.0020882636,-0.00020664604,0.00014119316,2.2653141e-05
CDCA5,0.00015980378,-0.0007478446,-0.00046009384,-0.0002190508,-9.743869e-05,0.00047941413,0.00050835125,2.5048037e-05
SNAPIN,0.00012504496,0.00018767267,0.00020268373,-8.502975e-07,-0.00084670633,9.675231e-05,-0.00012165774,-7.1043614e-06
NANP,0.00041256472,0.0003717877,0.0005304329,-0.00022505596,0.0007762313,0.0002581859,-0.00022833142,-2.566271e-05
HEBP2,-0.00014806725,-0.0007048156,-0.0004541222,3.0178577e-05,-0.0016379654,-0.000101685524,0.00031231437,3.0839466e-05
ELOF1,-1.20755285e-05,4.2902306e-05,8.753687e-05,9.1123395e-05,0.0011809468,-0.00013806764,-0.00014987867,3.7276186e-06
CAVIN3,0.00014386512,-0.00011495128,7.960759e-05,-8.911267e-05,0.0012226775,0.00010859128,-1.6422942e-05,2.7675414e-06
NDST4,0.00011562742,0.00013409927,0.00016624294,-8.831732e-06,0.00020609051,9.576604e-05,-0.00011341181,-3.4102704e-06
FRG1,-0.00021365099,-0.0005083252,-0.00032280013,9.743497e-05,6.148964e-05,-0.00010440219,0.00016462523,2.7117087e-05
OOEP,-0.00021966174,-0.00048590265,-0.00035478547,0.0001283912,-0.0010726899,-0.00010665879,0.00018399302,2.6423018e-05
RFK,0.00012497045,-0.00035307556,-4.623644e-05,-0.00016965065,-0.00011641532,0.00021074805,0.0001641782,6.828108e-06
KLHL32,0.00023643486,0.00017272867,0.0004175566,-0.00021934696,-0.00050123036,0.00017455313,-0.00012876745,-1.8603401e-05
COA3,0.00012398697,6.649643e-07,0.00012793951,-7.5407326e-05,0.00021007657,0.00011598505,-3.212411e-05,-2.438086e-06
TMEM176A,-1.4221296e-05,-0.00021509267,-7.478334e-05,-1.3444573e-05,-0.0005464554,9.266939e-05,8.830987e-05,8.797622e-06
TRAF7,0.00022691302,1.2420118e-05,6.83479e-05,1.9889325e-05,0.0009918362,7.016957e-05,-7.950049e-05,1.525972e-06
CCDC124,-0.0002823677,-0.00051455386,-0.0003918633,0.00014831219,-0.00054626167,-0.0001745564,0.0001863055,2.927531e-05
LYZL1,-0.00020020083,-0.00047482736,-0.0003417395,0.00011267234,-0.00096369535,-8.1167556e-05,0.00018566381,2.534897e-05
CKMT1A,0.00041183457,0.00067548454,0.00067448616,-7.447135e-05,0.0019775257,9.829365e-05,-0.00046710763,-2.9587769e-05
RFPL3,-0.00021708943,-0.00048895366,-0.00036055222,0.00012257323,-0.0011222437,-8.885935e-05,0.00019481964,2.6362599e-05
HIST1H3A,-0.00021708943,-0.00048895366,-0.00036055222,0.00012257323,-0.0011222437,-8.885935e-05,0.00019481964,2.6362599e-05
IFNK,-0.00020631775,-0.0004849173,-0.0003542602,0.00011602696,-0.0010397956,-8.155126e-05,0.00019359961,2.5945832e-05
IQCF3,-0.00019516051,-0.00047357567,-0.00033935532,0.00010964554,-0.0009251386,-7.7637844e-05,0.000185485,2.5181449e-05
SPART,-0.00031608902,-0.00037138537,-0.000237206,0.00013881829,0.00045974553,-0.0003388892,3.1016767e-05,2.5245012e-05
SFT2D2,-2.7092174e-05,-0.00037809834,-0.00017242134,-6.396044e-05,-0.0012146533,0.00015293993,0.0002099881,1.2668315e-05
HSPA9,-0.00031185523,-0.00045506097,-0.00039121322,0.00022818614,-0.0006553978,-0.00021634251,0.00013484526,2.9956922e-05
COA7,0.00023028068,0.0004644394,0.0004435256,2.8486364e-05,0.0015155002,-5.757343e-05,-0.0003766818,-1.4341786e-05
DPM3,-0.00012142956,-0.00020827353,-0.000119747594,0.00010713097,0.00027383864,-0.00021582609,-2.962444e-05,1.803704e-05
RASAL2,-0.00050606765,-0.0012631733,-0.0010453388,0.00031450484,-0.0029296204,-0.00020969426,0.0005899472,6.48211e-05
TMEM35A,-0.0008761082,-0.0016743485,-0.0015140828,0.00047717988,-0.0054516345,-0.00027772132,0.00086768623,8.989673e-05
GIMAP5,-0.00013667718,-0.0003742315,-0.00022072531,0.000103517435,-0.00019654632,-8.005835e-05,0.000100214966,1.8797698e-05
RASSF3,4.625693e-05,-0.00027102418,-0.00022173859,5.7708472e-05,-0.0008958876,0.00010292698,0.00014163647,1.5046797e-05
CALHM2,-0.00026523136,-0.0004862342,-0.00030916743,0.00017393567,-0.001074627,-0.00021615485,0.00011441391,2.6829191e-05
GSTP1,-6.2379986e-06,-0.00015320815,6.410293e-05,-7.7473e-05,0.0017967597,-1.5102327e-05,-1.9080006e-05,3.6882702e-06
LYSMD4,0.00029086508,0.0003149733,0.00027510896,3.7170947e-05,-8.7060034e-05,6.426964e-05,-0.0002375124,-8.086092e-06
SPCS2,-4.2395666e-05,-0.00026755035,-0.00017803721,8.70917e-05,-0.00014218688,-3.780704e-05,6.812345e-05,1.677929e-05
BIRC5,-0.00030965544,-0.0006011687,-0.00048131868,8.1497245e-05,-0.00088425726,-3.7650578e-05,0.00031125546,3.0641444e-05
PIR,-5.794689e-06,-0.00045978464,-0.00030341744,-2.8471462e-05,-0.0028197318,0.00017415546,0.000292968,1.8084073e-05
GPHA2,-0.00020152703,-0.00046272203,-0.0003244672,9.9587254e-05,-0.0009860024,-6.634742e-05,0.00018492993,2.4180277e-05
C1orf56,-0.00012681074,0.00041706115,0.00037955865,0.00015192106,-0.00014606863,-0.00019530812,-0.00037722941,-9.752344e-06
C19orf25,-3.403239e-05,-0.000116121024,6.243214e-05,-6.627664e-05,0.00051532686,-4.1909516e-08,-5.262904e-06,3.0042138e-06
CATSPERZ,-0.00013389252,-0.00044707954,-0.00039904378,0.0001265835,-0.0009876639,-1.1483207e-06,0.00021905452,2.6347e-05
OXER1,-0.00016449206,-0.00034035742,-0.0002710037,0.00016016793,-0.0013889894,-0.00014045835,9.826012e-05,2.228457e-05
RAP2C,6.074086e-05,7.79517e-05,8.739717e-05,4.529301e-05,0.00025113672,8.438714e-06,-9.756256e-05,9.599607e-07
UBALD1,0.00025302917,0.0004316885,0.0004884787,-0.00011420529,0.0021836683,5.926285e-05,-0.00032029022,-1.9489089e-05
RBPMS2,-0.00019878335,-0.00017531589,-0.00017967075,0.00012595858,-0.001478076,-0.000105213374,4.139822e-05,1.9030063e-05
CCDC172,-0.00021351501,-0.0004910361,-0.00036090985,0.00011998322,-0.0010451749,-8.8229775e-05,0.00019525737,2.6401249e-05
AP3S1,-0.00018243864,-0.0004539583,-0.00022923388,-2.9895455e-06,0.00030741096,-1.0272488e-05,0.0001826277,1.8185005e-05
FGFBP2,-9.6539035e-05,-0.00035537034,-0.00023151375,6.48452e-05,-0.0004381314,-2.3028813e-05,0.00013014209,1.8905965e-05
UQCRQ,-0.00013794005,-0.0004352089,-0.00023189746,5.25536e-05,0.00020895898,-8.365512e-05,0.00013121404,2.0578038e-05
C6orf203,-0.00021708943,-0.00048895366,-0.00036055222,0.00012257323,-0.0011222437,-8.885935e-05,0.00019481964,2.6362599e-05
C9orf135,-0.00037509762,-0.00060151145,-0.0005203523,0.00024973694,-0.00081235915,-0.0002922276,0.0001921514,3.9128936e-05
C1orf141,-3.9657578e-05,-0.00025109202,-8.628145e-05,5.7294965e-06,-0.00024735928,-3.1311065e-06,6.617885e-05,1.060823e-05
KIR3DL3,-0.00020631775,-0.0004849173,-0.0003542602,0.00011602696,-0.0010397956,-8.155126e-05,0.00019359961,2.5945832e-05
TRIM37,-3.2372773e-06,-0.0003688205,-9.0369955e-05,-9.885151e-05,4.220009e-05,4.2776577e-05,0.00012344215,1.2276345e-05
PLK5,0.0002787374,0.000100418925,0.00026015006,-0.00018243678,0.0004556626,0.00024804473,-5.8850273e-05,-1.1052471e-05
JTB,8.187257e-05,-0.00024009123,-3.7960708e-05,-0.00016058516,-0.00047330558,0.00029394403,0.00017791986,2.7577626e-06
NAIF1,0.00079518184,0.0006214846,0.000847321,-0.0005035391,0.0024342388,0.0006300369,-0.00026544277,-4.834053e-05
CYSLTR2,-1.8158928e-05,-0.00021206774,-4.7134236e-05,-4.9928203e-06,0.00016120076,-1.9882806e-05,3.4513883e-05,9.003677e-06
C18orf21,-8.819625e-06,-5.942583e-05,0.00019731559,-4.744157e-06,0.0013882294,-0.00025622966,-0.00020110141,3.828318e-06
SPACA9,9.9129975e-06,-0.00022471324,-0.00010644831,-3.204588e-05,-0.0012564138,7.680617e-05,0.00012036599,9.150943e-06
YBEY,0.00012250431,6.877631e-05,0.0002191402,-0.00013030414,0.00044688582,0.00010220613,-7.59298e-05,-7.479335e-06
EVI2A,-0.00028494745,-0.00027319416,-0.00034479238,0.00022080075,-0.0015317649,-0.00016123708,0.00011877809,2.388761e-05
POLE4,0.00033388846,0.00027108938,0.0003516879,-0.00016551744,0.0013559461,0.00032674056,-0.00013510231,-1.690141e-05
PPP1R1A,0.0001159925,-0.00012833625,7.405877e-06,-4.907977e-05,0.0006811321,5.0034374e-05,2.7585775e-06,7.1615214e-06
CFL1,-0.00013640337,-0.00049892627,-0.0003819149,9.850878e-05,-0.0004582703,2.8100796e-05,0.0002327133,2.5943504e-05
SERTAD2,0.00014354847,-0.0001397077,3.4198165e-05,-0.00016733073,0.0013097078,0.00026498735,8.871872e-05,6.543705e-07
AGAP5,0.00034364313,4.374422e-05,0.0003853105,-0.0003356682,0.0024665445,0.00023658946,-7.5039454e-05,-1.6630976e-05
PPIH,8.276291e-05,-1.4491379e-05,0.0001862701,-0.000108283944,0.00057271123,9.3596056e-05,-5.0486997e-05,-5.0714007e-06
NAA80,0.00023074634,0.00020788424,0.00034040585,-0.00018518418,0.0011322126,0.00021212455,-0.00012776349,-1.4340971e-05
MED21,8.6613e-05,0.0002795756,0.00029671565,1.549907e-05,-0.00010909885,-1.7369166e-06,-0.0002269065,-7.8068115e-06
TOB2,-7.460825e-05,-0.00016040541,-9.3989074e-05,4.243385e-05,-0.001523748,-3.230758e-06,5.650241e-05,1.1028722e-05
C17orf78,-0.00017298386,-0.00041282363,-0.00026821904,9.4961375e-05,-0.0006674081,-8.7010674e-05,0.00013939664,2.1778396e-05
KLF13,0.00023240224,-0.00031592138,-0.00014039688,-7.424131e-05,0.0004376322,0.00020097848,0.00015564542,1.0818127e-05
GLT6D1,-0.00021708943,-0.00048895366,-0.00036055222,0.00012257323,-0.0011222437,-8.885935e-05,0.00019481964,2.6362599e-05
HES3,-0.00021708943,-0.00048895366,-0.00036055222,0.00012257323,-0.0011222437,-8.885935e-05,0.00019481964,2.6362599e-05
CCDC89,4.369393e-05,-0.00014655106,1.16396695e-05,-6.1294064e-05,-0.00024875998,0.000114902854,5.174149e-05,3.8226135e-06
TIGIT,-0.00018997677,-0.0004456956,-0.0003088303,0.00010592956,-0.00088503957,-8.385163e-05,0.00016515423,2.3717992e-05
CHAC2,0.00035644695,9.54885e-05,0.00043240562,-0.00038308185,0.0026312023,0.0002850527,-8.152332e-05,-1.9759987e-05
HMGN1,-0.0002511125,-0.0005942695,-0.00042733364,0.00010255352,-0.00081107765,-2.7390197e-05,0.00026495755,2.9640272e-05
AGR2,-0.00025875494,-0.00052730367,-0.0003875494,0.00016196072,-0.0008821115,-0.0001778868,0.00017449167,2.9639457e-05
FAM19A4,-0.00021708943,-0.00048895366,-0.00036055222,0.00012257323,-0.0011222437,-8.885935e-05,0.00019481964,2.6362599e-05
WFDC2,0.00038874336,0.0007718373,0.0007592421,-8.502323e-05,0.0015610978,7.4906275e-05,-0.00052562635,-3.2573822e-05
MID1IP1,-0.00028796867,-0.000380503,-0.0003832113,0.00019477587,-0.0015998706,-0.00013104407,0.00016497169,2.6932801e-05
STPG4,-0.00014085136,-0.0003948845,-0.00025139563,6.228872e-05,-0.0008309558,-2.1007843e-05,0.0001522312,2.0460458e-05
UBE2D4,-0.00051226653,-0.00018023327,-0.00036070496,0.0004744716,-0.00207071,-0.0005368092,-7.056724e-05,3.237452e-05
TMEM242,-0.00026451983,-0.00030561723,-0.00012558512,0.00010008644,0.0007919222,-0.00030101603,-9.894371e-06,1.860282e-05
CNRIP1,-9.126961e-06,-0.00024695694,-6.67572e-05,-2.2628345e-05,0.00035721064,-1.6282313e-05,4.6358444e-05,1.1136988e-05
C19orf12,0.00034441985,0.00038404204,0.0004896596,-0.00012650993,-7.010251e-05,0.00013939105,-0.00027097668,-2.020388e-05
CRADD,0.00014091097,-7.097237e-05,0.00013379008,-0.00017036032,-0.0014369711,9.691529e-05,1.4531426e-05,-1.0509975e-06
CFAP299,-0.00013115816,-0.00027076714,-8.816458e-05,8.389447e-05,-2.6591122e-05,-0.00020627165,-8.160248e-06,1.4498131e-05
PROSER2,8.4117055e-06,7.35838e-05,0.00013111345,2.6821159e-05,-0.0002590418,1.7790124e-05,-0.000104629435,-4.3143518e-07
PAGR1,-0.00023836829,-0.00053122453,-0.0005311165,0.0002071457,-0.001448378,-5.6125224e-05,0.00026787445,3.4363242e-05
METTL7A,-0.000112861395,-0.00020511635,-0.00014214031,2.3346394e-05,-0.00072998554,8.406397e-05,0.000118931755,1.0398799e-05
UBE2L3,-0.00013564341,-0.0004535988,-0.0002619326,1.9065104e-05,0.00025604665,-4.9372204e-05,0.00016954541,2.1790736e-05
PRADC1,-1.2790784e-05,-0.00026856922,-0.00032075867,0.00015140697,-0.0024722219,3.1135045e-05,0.00015013944,2.2498658e-05
AKR1B15,-0.00019848347,-0.00047881342,-0.0003335867,0.00010461733,-0.0010719597,-8.141156e-05,0.00018643495,2.4963287e-05
LNP1,0.00010215677,9.73288e-05,0.00013754517,-3.5618432e-05,-0.002355516,0.00012602098,-3.1813048e-05,-4.8939837e-06
EEF1AKMT1,0.00026057102,0.00041360222,0.00045873225,-9.465963e-05,0.00012776256,0.00013450254,-0.0002722079,-1.8481398e-05
LIN28A,-6.913766e-05,-0.0004151091,-0.00015985593,-7.337611e-05,-0.00019696355,9.719841e-05,0.0001894487,1.3458659e-05
C8orf48,-3.9044768e-05,5.8075413e-05,0.0001204554,5.3371303e-05,0.00020226091,-0.00014030468,-0.00013651233,1.1748634e-06
KRTAP10-7,-0.00021708943,-0.00048895366,-0.00036055222,0.00012257323,-0.0011222437,-8.885935e-05,0.00019481964,2.6362599e-05
PHOSPHO2,7.516891e-05,0.00016897172,0.0002098959,6.908737e-05,0.0011096597,-0.00013025198,-0.00022740569,-2.974528e-06
MPC2,-7.837266e-05,4.0965155e-05,0.00011738762,0.00012477301,9.5926225e-05,-0.00019997591,-0.00017117616,2.879533e-06
KCNE2,1.4482066e-05,-0.00011865795,7.391162e-05,-6.516464e-05,0.00042361766,4.8329122e-05,-7.811934e-06,2.098619e-06
PRKACG,-0.0001887139,-0.0004651826,-0.00032387674,0.00010968745,-0.00077593327,-9.3963e-05,0.00016976614,2.4744426e-05
RAI2,3.0454248e-06,-0.00028353184,8.12076e-05,-0.00015492365,0.0010731146,1.6028062e-06,3.951043e-05,3.9582374e-06
PLA2G4E,-6.2350184e-05,-7.046014e-05,0.0001046285,2.5437213e-05,0.0012640655,-0.00017917156,-0.0001221085,3.6862912e-06
LILRA5,-0.00015417114,-0.00030330382,-0.00022476539,0.0001257658,-0.00069662184,-9.764265e-05,8.3075836e-05,1.9526808e-05
MRAP2,1.601316e-05,1.1302531e-05,0.00021342188,-4.323572e-05,0.0011675656,-9.1665424e-05,-0.0001439685,-3.0455412e-06
FREM3,-3.8087368e-05,-0.00022188388,-2.8852373e-05,-3.6612153e-05,-0.0007677302,1.3345852e-06,5.8442354e-05,7.722527e-06
ABCG5,-7.2335824e-05,-0.0002205614,-0.00013443269,6.47353e-05,-0.00033812225,-2.896227e-05,5.7881698e-05,1.3232813e-05
SIM2,0.0005226489,0.0001853127,0.00043870136,-0.00037901383,0.003412187,0.00040254835,-0.00010678079,-2.0787353e-05
TMEM160,-0.00019111484,-0.00053564645,-0.00033597648,5.189143e-05,-0.00013573468,-7.102825e-05,0.00021051243,2.505479e-05
PRAMEF20,-0.00021708943,-0.00048895366,-0.00036055222,0.00012257323,-0.0011222437,-8.885935e-05,0.00019481964,2.6362599e-05
ASB9,2.4249777e-05,1.7695129e-07,0.000103799626,2.1665357e-05,6.67423e-05,-5.4379925e-06,-8.371752e-05,7.309718e-07
CRISP1,6.419793e-05,5.643815e-06,7.781573e-05,2.0994805e-05,-0.0008919835,5.9768558e-05,-5.1239505e-05,1.2777746e-06
IQCK,-4.9110502e-05,-9.549782e-05,-0.00010499172,7.1849674e-05,-0.0006516427,5.2281655e-05,5.015917e-05,9.234995e-06
BTN3A2,0.00017595477,0.0002444815,0.0002808217,-4.5639463e-05,0.00014884025,6.437581e-05,-0.00017640833,-1.0793214e-05
TREML1,-0.00025375374,-0.0004579313,-0.000366332,0.00019789021,-0.0012770519,-0.00020462787,0.00014385115,2.7985661e-05
LTB4R,-8.00211e-05,-0.00014294311,1.2891367e-05,4.3058768e-05,-0.0004923716,-0.0001630825,-4.3276697e-05,8.394127e-06
BLOC1S6,0.00011320785,-0.0001198221,3.0612573e-05,-0.000100932084,0.0003200397,0.00024709012,7.643737e-05,5.895272e-07
COX5A,-5.086884e-06,-1.6272068e-05,8.826703e-05,3.1563453e-05,0.0004273951,-3.345404e-05,-8.368306e-05,2.8490322e-06
SFR1,-8.757971e-05,-0.00032729842,-5.306676e-05,-0.00010047294,1.23903155e-05,-6.348826e-05,8.5468404e-05,1.1162716e-05
AAMDC,2.7636066e-05,-0.0003394168,-0.00015908293,-0.00010083988,-6.830692e-05,0.0002217954,0.00021219812,9.970507e-06
WRB,-0.00021708943,-0.00048895366,-0.00036055222,0.00012257323,-0.0011222437,-8.885935e-05,0.00019481964,2.6362599e-05
PRRG1,0.00035093166,0.00048274733,0.00059938617,-0.00017447025,0.0037271455,0.000115178525,-0.00037555303,-2.4964917e-05
ADH4,-0.00027522072,-0.0004546158,-0.00036560744,0.00018586498,-0.0005480498,-0.00020232191,0.0001343824,2.8845738e-05
C22orf39,8.3856285e-06,7.443316e-05,0.00018011406,3.6197715e-05,0.00065035373,-0.000121465884,-0.00017154124,-1.2058299e-06
CSDC2,0.00016238727,-0.00018819422,4.2079017e-05,-0.00017288607,0.00083947927,0.0002359068,9.96748e-05,-4.2375177e-07
ZNF22,-2.1550804e-05,-0.0002734512,-0.00017516315,-5.3457916e-06,8.814782e-05,0.00010304805,0.00013776124,1.3619778e-05
TNFRSF10C,-9.416975e-05,-0.00038277358,-0.00026331656,6.280374e-05,-5.6676567e-05,-3.1776726e-06,0.00014827959,2.035941e-05
ATG10,-0.0003646221,-0.0008347202,-0.0005487595,2.7950853e-05,-0.00357607,-8.1807375e-06,0.0004530754,3.3671153e-05
LAIR1,-0.0002878178,-0.00052148476,-0.00038528256,0.00023384485,0.0011352077,-0.00039710896,7.417239e-05,3.3276854e-05
RPL37A,-0.00032709166,-0.0008182805,-0.0006613787,0.00019140076,-0.00097188354,-7.541012e-05,0.00037898123,4.2277155e-05
RPL27,-4.0393323e-05,-0.00013500825,-5.5208802e-05,5.5163167e-05,0.00013621897,1.0192394e-05,7.252209e-06,9.506475e-06
LGI1,-0.000115163624,-8.756295e-06,4.7286972e-05,-2.543442e-05,-0.0016520247,6.1951578e-06,-1.1136755e-05,5.2476535e-06
FATE1,-0.000156641,-0.00040581636,-0.00027882308,7.992517e-05,-0.0010737553,-5.2286312e-05,0.00016314257,2.1090149e-05
SCAMP1,-7.809885e-05,-0.00042588636,-0.00028364547,5.784724e-05,-0.001303181,5.3335913e-05,0.0001950711,2.1217624e-05
MAGEB16,-0.00021162629,-0.0004865732,-0.00035703555,0.000119164586,-0.001081422,-8.5116364e-05,0.00019404199,2.6134308e-05
C3orf52,-0.00012859143,-0.00036647543,-0.00021792948,9.051617e-05,-0.00021249056,-8.9826994e-05,0.000100305304,1.9254046e-05
FAM228B,-3.9123e-05,-0.00017983839,-8.987822e-05,5.3172e-05,-0.001659669,-3.860984e-05,4.0326267e-05,1.1509401e-05
GMFB,0.00012560375,5.4597855e-05,0.000172358,-4.8607588e-05,0.0003703609,5.2054413e-05,-9.987783e-05,-2.3648608e-06
UBE2D1,-0.00020414963,-0.0003354363,-0.0001798179,8.703582e-05,-0.00078228116,-0.00011767959,8.150656e-05,1.8410501e-05
NAA50,6.940216e-06,-0.00026443042,-0.00019016676,1.6813166e-05,-0.0028277263,0.00017378572,0.00019106828,1.1812197e-05
CACYBP,-0.00011435151,-0.00020273961,-7.456727e-05,7.3025e-05,-0.0003124848,-7.841922e-05,1.079496e-05,1.236645e-05
BATF3,-1.3820827e-05,-0.000229517,-0.00016544014,2.0615757e-05,-0.0006939918,0.00013959967,0.00012872927,1.2076111e-05
NMRK1,-0.00033336505,-0.00044389442,-0.00029533915,0.0001723161,-0.00040536374,-0.00027757185,8.739345e-05,2.6744907e-05
PRR19,0.00017104112,-4.5055524e-05,4.948117e-05,-6.609224e-05,0.00066767633,0.00011916924,-8.486211e-06,2.0783627e-06
RNF113B,-0.00023603067,-0.0005226154,-0.00038952008,0.00013280567,-0.0009097457,-0.000116663985,0.00020200852,2.8455048e-05
CFHR3,-0.00015276112,-0.00036805682,-0.0002211798,5.893316e-05,-0.0004247576,-3.77167e-05,0.0001304103,1.8554507e-05
TAS2R14,-0.0001730714,-0.0004319679,-0.0003118869,0.000116368756,-0.0011822358,-6.7906454e-05,0.00016645156,2.3470027e-05
PRAF2,-0.0001053717,4.0777028e-05,0.000100446865,0.00011599902,-0.00037901103,-0.00021183817,-0.00015419442,3.6730198e-06
TYROBP,7.401034e-05,-6.8139285e-05,-2.2472814e-05,-2.4881214e-05,-0.00017889589,0.00016845763,6.2428415e-05,3.281748e-06
C2orf73,-5.7414174e-05,-0.00024032407,-0.00010392442,1.2475066e-05,-0.00065829605,4.7866255e-05,9.5771626e-05,9.689364e-06
KITLG,-0.000107396394,-0.0002642125,-0.00014603138,3.8544647e-05,-0.0013250336,-5.5437908e-05,9.149872e-05,1.4912104e-05
CD300LB,-0.00020889752,-0.0004711207,-0.0003194511,0.00010575447,-0.001105696,-8.4060244e-05,0.00018607453,2.3798202e-05
LYZL2,-0.00021708943,-0.00048895366,-0.00036055222,0.00012257323,-0.0011222437,-8.885935e-05,0.00019481964,2.6362599e-05
C5orf60,-0.00024178252,-0.0005866885,-0.0004536938,0.00015292689,-0.00025492162,-0.00017607026,0.0002043629,3.428629e-05
MPC1,-0.00013863295,-9.892322e-05,-6.701797e-05,0.0001528617,-0.0007218048,-0.00020879228,-6.2717125e-05,1.2704055e-05
TAF11,0.00019407831,0.00026423484,0.00037332065,-0.00011839904,0.00040860474,0.00012682844,-0.00018916745,-1.4479738e-05
RUFY1,-0.000118719414,-0.00024420023,-9.0271235e-05,4.751142e-05,0.00032558292,-9.9489465e-05,3.254041e-05,1.1967262e-05
C1orf115,-0.00014970638,-0.0007000044,-0.0006066356,0.000108713284,-0.0006983876,0.00017846003,0.00041194912,3.385858e-05
DYNLRB1,-0.00020313263,-0.0003712345,-0.00031900965,0.00019621383,-0.00084365904,-0.00015421677,0.00010902248,2.573093e-05
DDA1,-0.00030185468,-0.00031777658,-0.00027081184,0.00018047262,-0.00053721666,-0.0001984071,7.4842945e-05,2.3206696e-05
BPIFA3,-0.00021068938,-0.00048221461,-0.00035033748,0.00011854246,-0.0010478869,-8.9623965e-05,0.00018879212,2.5859219e-05
C1orf146,5.622208e-05,-0.000121606514,5.873479e-05,-7.8293495e-05,0.0003472939,8.8103116e-05,1.6265549e-05,1.7663697e-06
NPBWR2,-0.00021708943,-0.00048895366,-0.00036055222,0.00012257323,-0.0011222437,-8.885935e-05,0.00019481964,2.6362599e-05
ANO5,0.0006018095,0.00089499913,0.0009369515,-0.0002681734,0.0011995435,0.00043680705,-0.0004733475,-4.870887e-05
XAGE5,-0.00021708943,-0.00048895366,-0.00036055222,0.00012257323,-0.0011222437,-8.885935e-05,0.00019481964,2.6362599e-05
C3orf84,-0.00021708943,-0.00048895366,-0.00036055222,0.00012257323,-0.0011222437,-8.885935e-05,0.00019481964,2.6362599e-05
BHLHB9,0.00019964017,0.000113038346,0.0002711974,-0.00010844041,0.0009559542,8.07764e-05,-0.00013242569,-8.132425e-06
MAGEA4,-0.00020265952,-0.00049808994,-0.0003535468,0.000104770996,-0.0010534227,-6.377138e-05,0.00020305254,2.570555e-05
MYMK,-0.00021708943,-0.00048895366,-0.00036055222,0.00012257323,-0.0011222437,-8.885935e-05,0.00019481964,2.6362599e-05
SELENOT,-0.0001444295,-0.0004829988,-0.00031529926,6.292947e-05,-0.00060314685,-2.6898459e-05,0.0001988709,2.3605186e-05
MRPS10,4.5044348e-05,8.616224e-05,0.00018445216,-5.4160133e-05,0.0009466335,4.3090433e-05,-9.77749e-05,-4.8774527e-06
NELFCD,-0.00015724637,-0.0005333945,-0.00029327348,-1.2526289e-06,-0.00070762634,-4.3514185e-05,0.00021919888,2.31897e-05
MAGEA1,-0.00021708943,-0.00048895366,-0.00036055222,0.00012257323,-0.0011222437,-8.885935e-05,0.00019481964,2.6362599e-05
FBXL22,5.0000846e-05,-0.000120284036,6.718747e-05,-0.0001053093,9.975582e-05,7.952377e-05,2.6769936e-05,1.3974495e-06
MALSU1,-0.00030468404,-0.0005569048,-0.0002782941,0.00011284836,9.699166e-05,-0.00039029773,8.098874e-05,2.8932933e-05
FAM181B,-5.6399032e-05,-0.0002749171,-0.00013883784,8.731149e-06,0.001126036,-7.3997304e-05,6.4807944e-05,1.3631186e-05
C4orf3,7.954985e-05,-9.900518e-05,2.7360395e-05,-8.371659e-06,9.7960234e-05,3.946945e-05,-1.6557984e-05,4.891539e-06
CTU1,3.7763268e-05,-0.0001342129,-4.4751912e-05,7.3807314e-06,0.0005155057,2.6867725e-05,9.856187e-06,8.740812e-06
CHCHD2,-4.1648746e-05,-0.00035683997,-0.00017346814,1.468882e-05,0.00021666288,3.161654e-05,0.00012655556,1.5161815e-05
AADACL3,-0.00021708943,-0.00048895366,-0.00036055222,0.00012257323,-0.0011222437,-8.885935e-05,0.00019481964,2.6362599e-05
RNF13,0.0001327768,0.00011045113,0.00032607093,-0.00018177833,0.0010132417,0.00012577139,-0.00011851732,-1.2424658e-05
CD300E,-0.00017500855,-0.00038991868,-0.00020205788,7.932447e-05,-0.00028460473,-0.00014532031,8.6884014e-05,2.0230189e-05
SAYSD1,2.713874e-05,-5.826354e-05,6.713718e-05,-1.22487545e-05,-0.001110971,2.9727817e-05,-1.6788952e-05,1.6522827e-06
MAGEH1,-0.00031484663,-0.0005054474,-0.00043625943,0.00019848347,-0.0016156882,-0.00011944678,0.00021457206,3.0459487e-05
VAMP1,0.00028203055,0.00032316335,0.0005708877,-0.0002519153,-0.00028936565,0.00018474739,-0.0002221642,-2.5834073e-05
FFAR1,-0.00021708943,-0.00048895366,-0.00036055222,0.00012257323,-0.0011222437,-8.885935e-05,0.00019481964,2.6362599e-05
GRAP,0.00011549331,-0.00012155622,-5.6291e-05,1.0071322e-05,-0.0008391738,0.00014254544,5.3513795e-05,6.886199e-06
HNMT,-1.8298626e-05,-3.9938837e-05,-8.5517764e-05,0.000117762946,-0.0015993565,4.1790307e-05,9.324402e-06,9.497977e-06
UBL4A,-0.0001214277,-0.00017229654,-3.5803765e-05,6.922055e-05,-0.0011438951,-0.0001271395,-4.333444e-06,9.691343e-06
C2orf80,6.935187e-05,0.00041082874,0.00044482388,3.800541e-05,0.00088454783,-0.00020500412,-0.00038900133,-1.3207318e-05
ABT1,1.9421801e-05,1.0114163e-05,5.783327e-05,4.5668334e-05,0.00023113936,-5.9098937e-05,-9.769853e-05,5.3592958e-06
MZB1,-0.00022650883,-0.00045182928,-0.0003080368,0.00011942536,-0.00026566535,-0.00014297757,0.00014343578,2.4375971e-05
SDHAF2,0.00010720454,-4.0326267e-06,0.00026171096,-0.00017555151,0.0006807074,5.6589022e-05,-7.818546e-05,-7.830677e-06
RGS5,-0.0006563235,-0.0012521334,-0.0009758007,0.00018835627,-0.0030483454,-0.00013567647,0.0006488897,6.0276245e-05
IL18BP,0.00022600219,0.00010723248,0.00028320774,-0.00011683162,0.0015204623,8.895155e-05,-0.00014393125,-9.38063e-06
FDX2,-0.00023490563,-8.43294e-05,-7.873587e-05,0.00017082691,-0.00090520084,-0.00023080036,-6.645825e-05,1.4835969e-05
RPL38,-0.00024418347,-0.00072849914,-0.0005695261,0.00014832709,-0.00079941005,-2.0820647e-05,0.00034154486,3.6562094e-05
NUDT7,8.210167e-05,-0.00016382895,0.000118754804,-0.00014159363,0.000989385,4.8294663e-05,-5.312264e-06,3.2095704e-07
UBXN2A,1.9973144e-05,0.00015140697,0.00012646057,7.854961e-05,-0.0010170862,-5.3844415e-05,-0.00014036242,-8.576317e-07
PCBD2,-3.9903447e-05,-0.00019910187,-0.000196198,3.5825185e-05,-0.002156429,0.00012847036,0.00016000867,1.2957375e-05
FMNL1,1.8017367e-05,-0.00031967834,-0.000101743266,-4.2956322e-05,0.0011148751,5.0793402e-05,0.00010061357,1.1341181e-05
FAM122C,0.00039904378,0.0005055666,0.0006224252,-0.00023898762,0.0015842691,0.00025543664,-0.00030487683,-2.9399176e-05
ADH6,6.0951337e-05,-0.00024648383,-5.69541e-05,-6.759353e-05,-0.00013758242,0.00013202708,9.991042e-05,7.658848e-06
PIMREG,-0.00021448359,-0.00078053214,-0.00068280287,4.787091e-05,-0.0024573132,0.00019194093,0.0005215956,3.7134858e-05
CLEC4A,-7.642619e-05,-0.00019859709,-0.00010967627,0.0001083659,-0.0007662028,-0.00010994682,4.5662746e-06,1.4483696e-05
CD2,-0.00019032136,-0.00044235028,-0.00030937046,0.00010845531,-0.0008205548,-8.800905e-05,0.00016291812,2.366153e-05
ZNF668,6.213412e-05,-7.715076e-06,7.2054565e-05,5.4484233e-05,0.00065087527,-7.528812e-05,-0.00010306481,3.129826e-06
ZNF688,0.00021231547,4.1505322e-05,0.00018249452,-0.00010862481,0.00035743415,0.00016990956,-4.2916276e-05,-7.0965616e-06
NMI,0.00014614873,-0.00025612302,-0.00010841526,-6.551668e-05,-0.0009659678,0.0002471134,0.00015850365,7.725554e-06
TRMT112,-4.608929e-05,-0.0003204383,-8.049421e-05,-6.8089925e-05,0.0006695315,2.9915012e-05,0.00010502618,1.0324293e-05
DKKL1,-0.0001992248,-0.00046825595,-0.00033497997,0.00013102964,-0.0015293732,-0.000112498645,0.00017335918,2.5309855e-05
ATXN3L,-0.00021708943,-0.00048895366,-0.00036055222,0.00012257323,-0.0011222437,-8.885935e-05,0.00019481964,2.6362599e-05
IER3IP1,-0.00011927821,-0.00024762377,-0.0002399832,0.000146606,-0.0017904788,-9.857211e-05,8.501485e-05,1.9689556e-05
APOPT1,-0.00021708943,-0.00048895366,-0.00036055222,0.00012257323,-0.0011222437,-8.885935e-05,0.00019481964,2.6362599e-05
TMEM243,-0.000282811,-0.00037338026,-0.0002837684,0.00017717946,-0.0009612292,-0.00016880361,9.642821e-05,2.4156645e-05
GNAZ,-0.00027850643,-0.00074332394,-0.0006540809,0.00016373862,-0.0020771176,6.1774626e-06,0.0004033558,4.0620915e-05
PPIC,2.0852312e-05,-2.1776184e-05,2.7250499e-05,4.5824796e-05,-0.0009356141,-3.7720427e-05,-4.9497932e-05,4.278263e-06
EFHD2,-0.0002868194,-0.00040333532,-0.00046212785,0.00019007362,-0.002432324,-6.4549036e-05,0.0002358742,2.9765302e-05
TREM1,-0.00018526427,-0.0004852526,-0.0003645178,0.00011241343,-0.0010624006,-4.9986877e-05,0.00020624418,2.580625e-05
BTLA,-0.00014009513,-0.00034901313,-0.00026342645,0.000112438574,-0.001156725,-2.8135255e-05,0.00014254916,1.9332976e-05
DPM2,-0.00013915822,-0.00032813847,-0.00020830333,4.90658e-05,-0.0014735833,-2.8480776e-05,0.00012516323,1.9614934e-05
UXT,-0.0001309067,-0.0002854243,-0.00015363656,4.984252e-05,-3.5732985e-05,-5.9363432e-05,8.0808066e-05,1.5421538e-05
GREM1,0.00016747974,-1.633726e-05,8.422695e-05,-4.8205256e-05,0.0013740882,0.0001264587,-3.7226826e-05,-2.249144e-07
C7orf50,-5.8835372e-05,-0.00028326176,-0.0002286695,8.755177e-05,-0.0013164133,2.832152e-05,0.0001264317,1.7603277e-05
NFRKB,7.305667e-05,-0.00026613846,5.788915e-05,-0.000112582,0.0027077273,-0.00018142909,-6.0218386e-05,9.507639e-06
CMTM5,-0.0002152063,-7.275678e-05,0.00010209158,1.1955388e-05,0.0009544939,-0.00029450143,-0.00013425294,6.233109e-06
MRPL41,-0.00017554685,-0.00022786856,-0.00013954751,0.00012271479,-0.0006041005,-0.00011352077,2.6390888e-05,1.6291044e-05
JSRP1,-0.000183478,-0.00044795498,-0.00027128123,4.8936345e-05,-0.0010459647,-4.4029206e-05,0.00018192828,2.1194573e-05
PDCL3,-0.00038531236,-0.00028988346,-0.00020635687,0.00023366883,-0.0006220639,-0.00037246384,-1.4939345e-05,2.2999477e-05
PRR7,0.0004298333,0.00034294464,0.0005824361,-0.00026013702,0.000343211,0.00020920765,-0.00024164375,-2.7736183e-05
ZNF98,0.00013713166,-7.94474e-05,0.00015406124,-0.0001374064,0.00086039305,6.756652e-05,-3.6696903e-05,-1.4184043e-06
CENPW,-0.00011786446,-0.0004347153,-0.00026543066,1.3277866e-05,-0.0012040734,-5.2247196e-06,0.00019871723,2.0578736e-05
FAM90A1,-0.00010858849,-0.00029447302,-0.0001050327,-6.6598877e-06,0.00052425265,-5.9971586e-05,6.194133e-05,1.3887184e-05
CEACAM7,-6.9729984e-05,-0.00026633963,-8.483976e-05,-9.265728e-06,0.00015811622,-1.5629455e-05,6.83954e-05,1.09646935e-05
FAM89B,-6.9040805e-05,-0.00030142628,-0.00022646599,8.209888e-05,0.00012089312,-1.19339675e-05,0.0001130281,1.830759e-05
MMP26,-0.00019614398,-0.00045526586,-0.00033028983,0.00011263881,-0.0009466782,-7.722713e-05,0.00017808657,2.4551642e-05
BLOC1S5,0.00067925826,0.0007348098,0.0009263735,-0.0004891036,0.003054142,0.0005305456,-0.0003633825,-4.9217488e-05
MRGBP,1.8339604e-05,-0.00019490533,-0.00012256205,5.369913e-05,-0.0001937151,-6.3703395e-05,2.4931505e-05,1.5014666e-05
DBNDD1,-0.00017005205,-0.0001663249,-7.260591e-05,8.762814e-05,6.4723194e-05,-0.0001557176,-6.6095963e-06,1.1289609e-05
CENPK,-0.00024176389,-0.00046829134,-0.0003503412,0.00012704823,-3.5613775e-06,-0.00021283096,0.00013675168,2.8975424e-05
TP53INP1,0.00025363825,0.00022249855,0.00038348883,-0.00023102388,0.0026810244,0.00019546691,-0.00015763473,-1.5945872e-05
FSBP,0.00055056997,0.0009431299,0.0011947565,-0.00037551764,0.0030917153,0.00015976653,-0.0006591482,-5.600229e-05
MORN5,-0.00024457835,-0.00038901158,-0.00026651844,0.00011700392,-0.00096259266,-0.00021378044,0.00011642184,2.133986e-05
TMC7,0.00018259324,0.00020181574,0.00014482811,-1.2059696e-05,0.00024202466,0.00020504929,-7.511675e-05,-7.2058756e-06
CD33,-0.00015450828,-0.0006720852,-0.00047963113,-1.0414049e-05,-0.00095291436,0.00019988138,0.00040192716,2.8285547e-05
CPTP,9.21879e-05,-0.00014882721,3.8594007e-06,-9.6081756e-05,0.002111204,0.000115621835,2.6217662e-05,5.998183e-06
RPL37,-6.953627e-05,-0.0003323704,-0.00019176304,4.5894645e-05,0.00031315535,9.055249e-06,0.00011261832,1.6542384e-05
TMEM212,-0.0001478158,-0.000348147,-0.00018389337,7.690396e-05,0.0010406971,-0.00023861602,2.8763898e-05,2.1231826e-05
YPEL3,0.00011976063,-1.2628734e-06,1.5439466e-05,1.24480575e-05,0.00049013644,0.00014427211,-3.4514815e-06,2.265093e-06
MRPS33,0.00021065213,0.00013232604,0.0003265608,-0.00018018391,0.0024472028,8.410681e-05,-0.0001573721,-1.093524e-05
SHISA5,-0.00015830621,-0.00021862239,-0.00022764504,0.0002068337,-0.0011867359,-0.00013107387,4.0555373e-05,1.9803178e-05
HCRT,1.4277175e-05,-0.0003296379,-0.0002027899,1.6807579e-05,-0.0006376654,5.141832e-05,0.0001424076,1.6052043e-05
TFIP11,0.000121945515,-2.826564e-05,0.00019534491,-0.00013907813,0.00082618,4.787091e-05,-6.3977204e-05,-4.855101e-06
LSM8,7.04173e-05,-0.00038021803,-0.000203982,-5.9899874e-05,-6.558746e-05,0.0001816675,0.00019934494,1.4572404e-05
FLII,-1.0050833e-05,5.1867217e-05,0.00023932941,-4.5563094e-05,0.0014595315,-0.00017532893,-0.00019105803,-1.3838289e-06
C16orf86,-0.00021489337,-0.0002595652,-0.00010286458,7.9954974e-05,-4.2170286e-05,-0.00017491868,1.7392449e-05,1.43521465e-05
H3F3A,-0.00021708943,-0.00048895366,-0.00036055222,0.00012257323,-0.0011222437,-8.885935e-05,0.00019481964,2.6362599e-05
TSSK3,-0.00027250685,-0.0005848259,-0.00050092116,0.00016727671,-0.002096489,-7.272698e-05,0.00027905963,3.33169e-05
ANKRD45,0.00016647391,0.00066020153,0.0006716978,-4.832074e-05,0.0010788739,-3.9591454e-05,-0.00048520882,-2.6196358e-05
NUDT10,7.8583136e-05,0.00039655343,0.0005392451,-4.9639493e-06,0.0007638186,-0.00020279549,-0.00042124186,-1.632073e-05
ARMCX1,-7.173605e-05,-0.00037857518,-0.00015285239,1.388602e-06,-0.0007347539,-1.656171e-05,0.00012653135,1.5513157e-05
TMCO5A,-0.00021068938,-0.00048221461,-0.00035033748,0.00011854246,-0.0010478869,-8.9623965e-05,0.00018879212,2.5859219e-05
CENPQ,1.9017607e-05,8.010678e-05,0.00023650005,-0.00016070995,0.0014172941,0.00015860703,-5.502533e-05,-9.636395e-06
ENKUR,-0.00043689273,-0.0006916765,-0.0006139651,0.00022898987,-0.003430903,-0.00019346224,0.0003327988,3.9937207e-05
ACADL,-0.00011355616,-0.0003191959,-0.00017437153,4.238356e-05,-0.0006567612,-2.2539869e-05,0.000108012,1.5943195e-05
CD274,-4.3395907e-05,-0.00033552386,-0.00021613576,5.597528e-05,-0.0007136762,4.1690655e-05,0.00014131423,1.6387785e-05
FAM19A2,-0.00021708943,-0.00048895366,-0.00036055222,0.00012257323,-0.0011222437,-8.885935e-05,0.00019481964,2.6362599e-05
NSMCE3,7.706508e-05,-3.4999102e-06,0.00022291951,-0.00018955301,0.0024939328,4.8409216e-05,-8.822419e-05,-3.7038699e-06
SLC45A4,0.00022799708,0.00018969364,0.0003305748,-0.00015151221,0.002368167,0.000111079775,-0.00017651636,-1.1958182e-05
PRAMEF15,-0.00021708943,-0.00048895366,-0.00036055222,0.00012257323,-0.0011222437,-8.885935e-05,0.00019481964,2.6362599e-05
GNRH2,-0.0001678653,-0.00046359003,-0.00033979677,0.00010904018,-0.0010099635,-5.745981e-05,0.00018730946,2.4812063e-05
NAIP,-0.00034196675,-0.00042185746,-0.00030507334,0.0001331456,-0.0010494366,-0.00020585023,0.00013902504,2.4976092e-05
CLEC2L,2.5551766e-05,-0.00017984957,-2.4788082e-05,-5.4096803e-05,-8.802116e-05,4.7779642e-05,5.2570365e-05,6.60948e-06
LEMD1,-5.289912e-07,-0.00021805242,-2.3338944e-05,-3.0367635e-05,-0.0007457733,-3.62508e-05,3.799051e-05,8.541974e-06
PAWR,0.00014340505,0.000515664,0.000497533,2.220273e-06,0.0008033961,-7.1991235e-07,-0.00035928842,-2.127688e-05
CXorf65,-0.0001924485,-0.00047243387,-0.00033866428,0.00011380669,-0.00094441324,-8.403696e-05,0.00018158648,2.523372e-05
CD83,9.398907e-06,0.00015511364,0.00020228885,4.0705316e-05,0.0003270954,-0.00015070383,-0.00020843092,3.1339005e-07
MANF,-0.00023791939,-0.00034531578,-0.00021124631,4.0798448e-05,-0.00091473013,-6.531924e-05,0.00014169235,1.798966e-05
WRNIP1,0.00020520017,0.00015523098,0.00026688725,-7.175561e-05,0.0015533417,3.018137e-05,-0.0001690602,-7.821131e-06
NF2,-6.3456595e-05,0.00014451891,0.00021473505,-7.2456896e-07,-0.00040000677,-5.1787123e-05,-0.00015420187,-3.8492726e-06
KLK2,-0.00023342669,-0.00049858354,-0.0003705714,0.00013063289,-0.0011661127,-0.0001041349,0.00019611884,2.7144444e-05
AANAT,-0.00015813671,-0.0003742501,-0.00023900717,8.041784e-05,-0.00072565675,-8.607656e-05,0.00012587756,1.9708415e-05
MME,0.00016078167,-8.250773e-05,0.00011930987,-0.00012646429,0.000650987,0.00012423657,-1.1909753e-05,-1.0674121e-06
MAGEB6,-0.00021708943,-0.00048895366,-0.00036055222,0.00012257323,-0.0011222437,-8.885935e-05,0.00019481964,2.6362599e-05
PIP5K1C,0.00011111237,-0.0001496505,-2.6142225e-05,-2.4819747e-06,0.00078596175,2.1011569e-05,4.0121377e-06,7.777126e-06
TMEM171,-0.00010002218,-0.00041203573,-0.00025868788,4.5054592e-05,0.00019421428,-2.5907531e-05,0.00015071873,2.0738109e-05
CYP26C1,-0.00021068938,-0.00048221461,-0.00035033748,0.00011854246,-0.0010478869,-8.9623965e-05,0.00018879212,2.5859219e-05
TMIGD1,-0.00018067844,-0.00049795397,-0.00041280873,0.00014459249,-0.0019067675,-4.4570304e-05,0.00022480544,2.8623384e-05
TMEM18,-0.00018033758,-0.00046274066,-0.00032732077,6.3922256e-05,-0.0007580295,2.3950823e-05,0.00022122264,2.2811699e-05
IGSF5,-0.00016340986,-0.00022809766,-0.00014767051,0.00013483595,-0.00056209415,-0.00016378844,1.1042692e-05,1.7034472e-05
LYPD1,-0.00063361414,-0.0008876361,-0.0009189714,0.00048747845,-0.0014282316,-0.00048546726,0.00031625014,6.1896746e-05
NSD1,0.0001981128,-0.00032285228,-5.019456e-05,-0.00020236522,-0.00036988407,0.00035169628,0.00021537952,2.9560179e-06
PTRH2,6.7181885e-05,0.00010970235,0.00034580752,-0.000101299025,0.0012999773,-0.00011267699,-0.00021451991,-9.218347e-06
FLT3LG,-2.602674e-05,-0.00017180666,1.6255304e-05,-5.434081e-05,0.00019494444,4.1780062e-05,2.1558255e-05,6.2828185e-06
POLH,0.000454301,0.00022996403,0.00038601272,-0.00024416484,0.0019561946,0.0003572898,-0.00012252759,-1.8853461e-05
ASCL3,-0.00021708943,-0.00048895366,-0.00036055222,0.00012257323,-0.0011222437,-8.885935e-05,0.00019481964,2.6362599e-05
CXCL12,-0.0001465287,-0.00021501817,-0.00022036023,0.00021402445,-0.0016565099,-0.00015930412,3.0661933e-05,2.0313659e-05
OVOL2,-0.00027778745,-0.00054147094,-0.0003753286,0.00014859904,-0.00093527883,-0.00018749293,0.00017409213,2.9668328e-05
MRPL12,-0.00023120642,-0.0004959032,-0.00029772148,2.8897077e-05,-0.0014558733,-4.7090463e-05,0.0002207607,2.2402266e-05
NR2C2AP,5.109608e-05,0.00046475604,0.0004366208,5.952362e-05,0.00048424304,-0.0001760805,-0.00039586518,-1.26790255e-05
KLRB1,1.6326085e-05,-0.000110825524,2.4748966e-05,-5.4656528e-05,0.0004460141,9.380188e-05,2.6331283e-05,3.1261006e-06
CYFIP2,-0.00037091598,-0.0008548219,-0.0007360261,0.00024700165,-0.0026376024,-0.000116257,0.00041228626,4.7382084e-05
KIAA2026,-0.00042446516,-0.0010118149,-0.0009085629,0.00027249008,-0.0014977977,-8.915458e-05,0.00050863717,5.506561e-05
PNRC1,-7.1730465e-05,-0.000384992,-0.0001515951,-2.4880283e-05,0.00031340867,-3.9516017e-05,0.00011278782,1.6373e-05
CD226,-0.00019228831,-0.000524573,-0.00040903687,0.00011890009,-0.00081035495,-6.4441934e-05,0.00022114813,2.9081828e-05
LIMD2,-0.00019904412,-0.00041879714,-0.00035057403,0.000113184564,-0.0019874796,2.179388e-05,0.00021995232,2.4079112e-05
LRRC3B,-0.0007507559,-0.0009479821,-0.0011193734,0.00051785354,-0.0071329027,-0.00022846181,0.00057811756,6.453658e-05
TMEM86A,-0.0002828315,-0.00044218265,-0.00042401813,0.00025120564,-0.0011171475,-0.00031482568,0.000115488656,3.3543212e-05
KRCC1,0.00029717758,0.00021865591,0.00035838224,-0.00019810628,0.0003625676,0.00021956116,-0.00011959206,-1.6698614e-05
ORMDL3,0.00020726956,-0.00033227913,-7.295236e-05,-0.00017815828,0.0009099245,0.00020982698,0.0001467336,9.34198e-06
DPPA4,0.00035743602,0.00074449927,0.00081058964,-0.00015482865,0.0018882677,9.468105e-05,-0.00051085744,-3.593031e-05
RNF182,-0.00021439977,-0.00038526952,-0.00028257072,9.964127e-05,-0.0009541139,-6.9822185e-05,0.00015887897,2.0488398e-05
ACAD11,0.00052902475,0.00059168413,0.000820281,-0.0003709616,0.0017777458,0.00029991474,-0.0003779987,-3.8021826e-05
SPATC1L,-0.0002256576,-0.00020585395,-0.00011866912,0.000119149685,1.5862286e-05,-0.00016948953,8.722767e-06,1.3634446e-05
SPACA3,-0.00019067526,-0.00046585873,-0.0003310647,0.00011872314,-0.0009412542,-9.4215386e-05,0.00017179828,2.5033485e-05
SAMD10,0.00034986623,9.7736716e-05,0.0002917573,-0.00020180177,0.0021885335,0.00012442004,-0.00012754556,-9.488664e-06
BNIP3,-0.00031479262,-0.0003815554,-0.00030886568,0.000184495,-0.00073353946,-0.00021014176,9.5897354e-05,2.6539085e-05
C5orf30,-0.000245139,-0.00040692836,-0.00036639906,0.00019676052,-0.00083462894,-0.00014931476,0.00013740826,2.7849921e-05
CSH1,-0.0003950596,-0.0008661691,-0.00046903454,0.00014472287,-0.00012148172,-0.00031934446,0.00023879949,3.9249077e-05
ZNF664,-0.00022044405,-0.00067564845,-0.00051312335,0.00012455229,-8.7343156e-05,-0.0001539886,0.00027303025,3.617641e-05
EVI2B,-9.1673806e-05,-0.00035167485,-0.00019875355,6.619748e-05,-0.00018817186,-9.537116e-05,9.843148e-05,1.7752056e-05
COL10A1,-2.5987625e-05,-0.000112481415,2.2765249e-05,-9.544194e-06,0.0004344061,-1.2870878e-06,-1.0465272e-05,4.688627e-06
NUS1,0.0003482569,0.00012725778,0.000382429,-0.00025839172,0.002341777,0.00016054045,-0.00014647376,-1.4466932e-05
CDRT15,-0.00021708943,-0.00048895366,-0.00036055222,0.00012257323,-0.0011222437,-8.885935e-05,0.00019481964,2.6362599e-05
GLRX5,0.0001431331,0.000119268894,0.00024062023,-9.728875e-05,-0.00014773756,0.000101383775,-0.00010911282,-6.6976063e-06
CLDND2,-9.565614e-05,-0.00038334168,-0.00027290918,7.360522e-05,0.00015223026,3.9488077e-07,0.00015242491,2.0195497e-05
PCP2,-0.00013684481,-0.0003927201,-0.00023985468,7.497519e-05,-0.00052852184,-6.7505985e-05,0.00012916047,2.0100386e-05
CD200,-0.00017464906,-0.00049497,-0.0004593581,0.00020459294,-0.0018683076,-3.7542544e-05,0.00023502856,3.082864e-05
RP11-192H23.4,-0.00021708943,-0.00048895366,-0.00036055222,0.00012257323,-0.0011222437,-8.885935e-05,0.00019481964,2.6362599e-05
IQCF5,-0.00021708943,-0.00048895366,-0.00036055222,0.00012257323,-0.0011222437,-8.885935e-05,0.00019481964,2.6362599e-05
KRTAP29-1,-0.00021708943,-0.00048895366,-0.00036055222,0.00012257323,-0.0011222437,-8.885935e-05,0.00019481964,2.6362599e-05
TXNDC9,-0.0001533404,-0.00016871095,1.6205013e-05,5.2983873e-05,4.4554472e-05,-0.00022549136,-6.0372986e-05,9.624753e-06
MYADML2,-0.00022928044,-0.00049200654,-0.00036313757,0.00013993308,-0.0011391714,-0.00012331456,0.00018180162,2.7096365e-05
RNASE2,-0.00015049055,-0.00043711998,-0.00030045025,6.342679e-05,-0.000981681,1.3452023e-05,0.00019876659,2.1646381e-05
IER2,-0.00022216327,-0.0001570452,-6.1132014e-05,0.00015437044,-0.00027094036,-0.0001738593,-4.9520284e-05,1.2610573e-05
GUCA1C,-0.00022155046,-0.0004974678,-0.00037214346,0.00012543332,-0.0012565702,-8.683279e-05,0.00020236336,2.6982394e-05
LYSMD1,0.00022140332,0.00048749708,0.00057561696,-0.00014432054,0.00081166625,0.00010181684,-0.00032040384,-2.675748e-05
RPS15A,-3.5421923e-05,-0.00017867796,-1.16135925e-05,1.4397316e-05,0.00077646226,-1.7736107e-05,-1.6037375e-06,7.763971e-06
TNFRSF4,-0.00018551387,-0.00043906271,-0.0003403686,0.00012672134,-0.0005974695,-8.6433254e-05,0.0001650555,2.538145e-05
SOWAHD,-0.00016666576,-0.0003507007,-0.00026316568,0.00012384448,-0.00073604286,-7.400662e-05,0.00012486521,2.01785e-05
RASAL1,-1.5707687e-05,-0.00035010464,-0.00024511106,3.8550235e-05,-0.00066800416,8.3440915e-05,0.00016732514,1.7706421e-05
TAS2R13,-0.00026346557,-0.00055631995,-0.00043535046,0.00015083514,-0.0013191476,-0.00011951616,0.00022981688,3.061327e-05
ACKR4,2.0980835e-05,-8.184835e-05,5.48698e-05,-2.8487295e-05,-0.00035195798,3.7204474e-05,-1.0814518e-05,2.9004877e-06
SCYL2,4.327111e-05,-0.0003450755,-3.085658e-05,-8.9560635e-05,0.0020715967,-7.506367e-05,3.5227276e-05,1.1498458e-05
ERAS,-0.00023208186,-0.0005242713,-0.00041010417,0.00014449749,-0.00107342,-0.00010391604,0.00021246634,2.9090676e-05
FAM216A,-0.0004425384,-0.00015847944,-0.00016908161,0.00027446728,-0.0018277615,-0.00037912512,-4.5936555e-05,2.0368723e-05
FRG2C,-0.00021708943,-0.00048895366,-0.00036055222,0.00012257323,-0.0011222437,-8.885935e-05,0.00019481964,2.6362599e-05
SLC35G6,-0.00019396842,-0.0003687609,-0.00023020804,9.402167e-05,-0.0013585314,-9.183865e-05,0.00012399722,1.9766507e-05
LEPROTL1,3.3253804e-05,-0.000117149204,3.796816e-05,-8.565374e-05,-0.001411885,0.00012932159,5.7078898e-05,3.2469397e-06
PSMD9,-0.00016717799,-0.00028211065,-0.00019172207,0.00011365395,-0.00085383654,-0.00014331192,6.1238185e-05,1.8726103e-05
SH3BGR,4.791282e-05,1.6566366e-05,5.6955963e-05,2.2401102e-05,-0.001028657,5.813781e-05,-3.449153e-05,8.9686364e-07
CAAP1,-4.6871603e-05,0.00015065074,0.00029733218,1.4398247e-06,0.0006833449,-0.00019292999,-0.00024022628,-5.679205e-06
PNMT,2.142042e-06,-0.00021644309,-3.7677586e-05,-2.6890077e-05,0.0004824996,-3.3197924e-05,2.7261674e-05,9.802752e-06
C1orf123,-0.00021708943,-0.00048895366,-0.00036055222,0.00012257323,-0.0011222437,-8.885935e-05,0.00019481964,2.6362599e-05
ACOT1,4.7661364e-05,0.00022389181,0.00022279844,8.51322e-05,5.491078e-05,-0.00013689045,-0.00023740623,-3.5400735e-06
BOD1,0.00012462027,-7.97417e-05,0.00022226945,-0.00018687453,0.0019196123,1.3296492e-05,-8.221902e-05,-3.2495009e-06
C5AR2,-0.00019919127,-0.0004896708,-0.0003537871,0.000118889846,-0.00091522187,-9.311363e-05,0.00018766709,2.615864e-05
SBK3,-0.00021708943,-0.00048895366,-0.00036055222,0.00012257323,-0.0011222437,-8.885935e-05,0.00019481964,2.6362599e-05
ACKR2,-0.00011284277,-0.00035069138,-0.00020079874,8.82186e-05,0.00044541806,-9.2363916e-05,7.510558e-05,1.8913997e-05
IMMP1L,0.0006972961,0.0005780272,0.0007423982,-0.00036801118,0.002660267,0.00041370187,-0.0003186548,-3.8379338e-05
ARL14EP,-0.00014573894,0.00010912679,0.00020732172,8.703489e-05,3.6507845e-06,-0.00022092788,-0.00021066982,-1.1501834e-06
MAP3K7CL,0.0001537446,0.00027160533,0.00035326555,-8.295197e-05,0.0010699257,0.000103495084,-0.00019715074,-1.49020925e-05
TXNL4A,-0.00020743906,-0.00025297888,-0.00027051196,0.00023191608,-0.0014950708,-0.0001963852,4.6202913e-05,2.356444e-05
MRPL49,-4.727766e-05,-4.457496e-05,4.79836e-05,4.6739355e-05,-0.0010757297,-0.000108337495,-6.6746026e-05,6.177812e-06
IL36RN,-0.00018686429,-0.00046573952,-0.00032807887,0.00010489952,-0.00082390755,-7.546693e-05,0.00017899554,2.4634064e-05
MDC1,0.00010045804,5.360879e-05,0.00022961572,-0.00015062653,0.0010687262,0.0001108814,-6.314274e-05,-9.021722e-06
C1orf74,0.00017183647,0.00013391674,8.397736e-05,-2.0095147e-05,-0.0019159243,0.000294148,7.1413815e-06,-4.1191233e-06
FAM136A,-4.441291e-05,2.9228628e-05,0.0001471471,-4.2310916e-05,-0.00029432029,-2.3732893e-05,-8.292962e-05,-4.4028275e-07
IER3,0.00014322996,0.00013114326,0.00021857023,-6.684475e-05,-0.00032169372,8.4518455e-05,-0.000107643194,-5.987822e-06
C12orf49,-0.0002804231,-0.00029828772,-0.0002319552,0.00022377074,-0.0009567216,-0.0003448357,-5.967915e-06,2.4871319e-05
PSMG2,-0.00017741136,1.9680709e-05,3.4801662e-05,0.0001823986,0.000255391,-0.00027366402,-0.00017264765,1.0069576e-05
RASA3,-0.00014749356,0.00010784902,9.022467e-05,0.00017521065,-0.0009802207,-0.00015368313,-0.0001667412,3.2706885e-06
NKG7,-0.00011351891,-0.0004898608,-0.00039176643,7.7637844e-05,-0.0005464256,5.6731515e-05,0.00025131274,2.4941517e-05
TPM2,-7.4356794e-05,-0.00034106337,-0.00020583533,-1.6926788e-05,-0.0012516156,7.620733e-05,0.00017510727,1.702574e-05
ABHD14B,0.000121206045,-1.78013e-05,3.791973e-05,3.0832365e-05,0.0013940632,1.2506731e-05,-7.13747e-05,4.4213375e-06
GSTM5,-2.5676563e-05,-0.000270186,-0.00010657497,5.657319e-05,0.001087904,-0.00010024663,1.4869496e-05,1.4139805e-05
PRPF6,-3.0502677e-05,-0.0004002042,-0.0003033243,7.479079e-05,-0.00069598854,3.107451e-05,0.00017490238,2.2105756e-05
METTL7B,-0.0003646519,-0.00051561743,-0.00044861063,0.00026719272,-0.0018456727,-0.00028907228,0.00016097259,3.340235e-05
TFPI2,-0.00087180175,-0.0016654767,-0.0014258996,0.0003643306,-0.0075154155,-3.46303e-05,0.000988936,7.8007346e-05
CTRB1,-0.00021708943,-0.00048895366,-0.00036055222,0.00012257323,-0.0011222437,-8.885935e-05,0.00019481964,2.6362599e-05
TEX261,0.0003037043,-0.000102115795,8.734502e-05,-0.00020738225,0.00011667609,0.00033604633,9.24319e-05,-4.1387975e-06
C14orf180,-0.0002513025,-0.00054754503,-0.000417592,0.0001415452,-0.0009505451,-0.00012963964,0.00021457765,3.0078576e-05
C1orf216,-5.394779e-05,-1.2228265e-05,0.000117670745,0.000101652,0.0015622824,-0.00031675212,-0.00020974223,5.8177393e-06
RP11-248J23.6,-0.00021708943,-0.00048895366,-0.00036055222,0.00012257323,-0.0011222437,-8.885935e-05,0.00019481964,2.6362599e-05
COMMD3,9.5348805e-06,-9.9428e-05,9.488501e-05,-3.169384e-05,0.00087092817,-1.2882985e-05,-5.1104464e-05,2.5707996e-06
PROK1,-0.00021708943,-0.00048895366,-0.00036055222,0.00012257323,-0.0011222437,-8.885935e-05,0.00019481964,2.6362599e-05
SPATS1,-0.00021162629,-0.0004865732,-0.00035703555,0.000119164586,-0.001081422,-8.5116364e-05,0.00019404199,2.6134308e-05
ISCA2,-0.0002161432,-0.0002961289,-0.00025911257,0.0001784619,-0.0016509816,-0.00019286759,7.098634e-05,2.2535212e-05
SDC3,-0.0005099643,-0.0010663848,-0.0009486135,0.0002975827,-0.0023811609,-0.00017300528,0.00052657444,5.812326e-05
AHSG,-0.00010376237,-0.0003760811,-0.00020559691,3.6401674e-05,-0.00056536496,-1.7241575e-05,0.00013521966,1.7638202e-05
WDR43,0.00028425828,0.00017260201,0.00028365292,-0.00013252255,0.0006296858,0.00017927401,-0.00012475345,-1.0581338e-05
GUSB,-2.1453947e-05,-0.00013688393,-0.00015885197,9.244867e-05,-0.00069018453,3.825687e-05,5.0026923e-05,1.47591345e-05
ELOVL3,0.0002177637,0.00051215664,0.0008058734,-0.00023642648,0.0015653223,-5.82505e-05,-0.00044914428,-3.304414e-05
CFHR2,-0.00022361428,-0.0004936978,-0.00036593527,0.0001263693,-0.0011237562,-9.5377676e-05,0.00019566063,2.674642e-05
GPR27,-7.165223e-05,-0.00020364486,-7.7433884e-05,1.335144e-05,-0.00021355599,-1.5532598e-05,4.9873255e-05,1.0735472e-05
PRDX5,2.9718503e-05,3.8014725e-05,0.00011376478,1.826603e-05,0.00089655817,-9.646639e-06,-0.000102975406,9.672949e-07
FAAP24,-4.520081e-05,-0.00010796264,5.93625e-05,-1.5626661e-05,0.0020366386,-5.3879805e-05,-4.4577755e-05,2.711895e-06
CFAP161,-0.00013607368,-0.00013384037,-8.422695e-05,0.00016435795,-0.0006197393,-0.00017075939,-4.013162e-05,1.1962256e-05
NDUFA4L2,-3.0297786e-05,2.3247674e-05,0.0002542641,-8.2982704e-05,0.00015052408,-6.859843e-05,-0.00013591815,-2.8575305e-06
LYG2,9.282492e-05,0.00021486916,0.000324253,-2.5996938e-05,0.0014098808,-0.00010366179,-0.00025329646,-8.438714e-06
C12orf57,-6.122142e-05,-0.0004449915,-0.0003129635,7.070135e-05,0.00020667166,3.694091e-05,0.00018560514,2.2962457e-05
RPAIN,-0.0003027711,-0.0006402489,-0.00045116432,0.00015405566,-0.00025251508,-0.00016800873,0.0002302546,3.3244607e-05
CDC34,-0.00020207278,-0.00018313341,-0.00029583648,0.00029444136,-0.0009943023,-0.00019171182,1.512561e-05,2.4939189e-05
FAM43B,-4.7825277e-05,-0.00010415539,-7.718429e-05,7.8773126e-05,-0.001342833,-8.4750354e-07,2.2854656e-05,9.6943695e-06
NPY,-0.0009535253,-0.0012493432,-0.0012503304,0.0004837336,-0.0049345195,-0.00060503324,0.00059000216,8.056988e-05
ATP5MC2,-1.2051314e-06,-0.00037173554,-0.0001924336,4.4479966e-06,0.0007995218,5.2556396e-05,0.000136422,1.585856e-05
KCNMB2,-8.4877014e-05,0.00023132749,0.0003066864,7.642992e-05,0.00080372393,-0.00026270747,-0.00030983705,-4.7996873e-06
RSPH14,0.00014115311,-0.00012934208,6.749295e-05,-7.173326e-05,0.00064860284,6.7681074e-05,-6.5211207e-06,2.1177111e-06
HIST1H3E,-0.00021708943,-0.00048895366,-0.00036055222,0.00012257323,-0.0011222437,-8.885935e-05,0.00019481964,2.6362599e-05
TBC1D2,0.0002703052,0.00044905394,0.0005489029,-0.00012890901,0.0011688396,0.0001243744,-0.00031382125,-2.4438486e-05
MEI4,-0.00021708943,-0.00048895366,-0.00036055222,0.00012257323,-0.0011222437,-8.885935e-05,0.00019481964,2.6362599e-05
IZUMO2,-0.00023267977,-0.0005323477,-0.00040727295,0.00013061799,-0.001273267,-8.845236e-05,0.00022453442,2.8749811e-05
REC114,-0.00021713413,-0.00048833154,-0.00035551563,0.00013344083,-0.0010004193,-0.00011912454,0.0001784591,2.6652124e-05
FAM166B,-0.00024283119,-0.00046674535,-0.00030471198,0.00010096561,-0.0004799217,-0.0001259651,0.00015792716,2.415909e-05
TREM2,-0.0003639795,-0.00064638257,-0.0006375052,0.00024190824,-0.00067368895,-0.00013961457,0.00031072088,4.110404e-05
LY6E,-0.00027224235,-0.00048183277,-0.0003679078,0.00015316531,-0.0013879016,-0.00013177795,0.00018512271,2.7386006e-05
IGDCC4,0.0004269015,-4.3585896e-07,0.00029523298,-0.00039045513,0.0010438114,0.00049182307,5.5802055e-05,-1.5850877e-05
TSPYL6,-0.00021193922,-0.00049451925,-0.0003692489,0.00012624636,-0.001129128,-8.989312e-05,0.00019708369,2.6867026e-05
C19orf71,-0.00020954199,-0.00048158318,-0.00034715608,0.00012296159,-0.0010030866,-0.0001035491,0.00018115994,2.5923597e-05
RAMP2,0.000101368874,-0.00035619922,-0.00022264197,-2.8649345e-05,-0.0010299236,0.00020443834,0.00020584557,1.4485675e-05
SYPL1,-9.41921e-05,-0.00034982897,-0.00022190064,5.4431148e-05,-0.0010457411,7.290114e-05,0.00016372371,1.5257392e-05
HIST3H2A,-0.00021708943,-0.00048895366,-0.00036055222,0.00012257323,-0.0011222437,-8.885935e-05,0.00019481964,2.6362599e-05
VTCN1,-5.098805e-05,-0.0003120713,-0.00013631582,3.4916215e-05,0.00038493425,-6.4520165e-05,7.063523e-05,1.4062156e-05
GFER,-7.0244074e-05,-0.0002942849,-9.061955e-05,6.6133216e-06,0.00029686093,-9.749457e-05,4.4903718e-05,1.3674609e-05
CARMIL1,-0.00016406365,-0.0002824366,-0.00020974502,0.00011215545,-0.0011143461,-9.2912465e-05,8.228794e-05,1.9013882e-05
IER5,-0.00032077357,-0.0009142589,-0.00076491944,0.00016006455,-0.001851134,-2.1501444e-05,0.0004811315,4.5985566e-05
C6orf15,-0.00021162629,-0.0004865732,-0.00035703555,0.000119164586,-0.001081422,-8.5116364e-05,0.00019404199,2.6134308e-05
EAF2,-0.0001435969,-0.00027956069,-0.00024095923,0.00011202879,-0.001221858,6.0033053e-06,0.00013643876,1.5959027e-05
KPNA1,-0.0003948398,-0.0006299652,-0.00053350814,0.00026264135,-0.000903517,-0.00028731814,0.00021145958,3.8905186e-05
GIMAP2,-5.895272e-06,-3.1506643e-05,3.645569e-05,7.209089e-05,-0.00013916194,-6.253179e-05,-7.540453e-05,5.3003896e-06
CLEC1A,5.3934753e-05,-0.00012212992,3.374368e-05,6.4969063e-06,0.00025764108,2.8853305e-05,-2.5820918e-05,4.5082998e-06
SHISA3,0.0004061889,-0.0002161134,-0.00010683946,-0.00020038802,0.0014486089,0.0005323719,0.0002157148,3.9848965e-06
GPR62,-4.7316775e-05,-0.0002756659,-0.00018537231,5.5957586e-05,-0.0012370422,3.505405e-05,0.000118621625,1.5354133e-05
P4HTM,9.8517165e-05,-2.0712614e-05,7.859431e-05,-8.636713e-05,0.0010436177,0.0001096949,6.146729e-07,-2.070563e-06
MC1R,0.00025138073,5.5663288e-05,0.00030705705,-0.0002586525,0.0015626624,0.00022451393,-5.1617622e-05,-1.3902318e-05
NMS,-0.00021068938,-0.00048221461,-0.00035033748,0.00011854246,-0.0010478869,-8.9623965e-05,0.00018879212,2.5859219e-05
DCTD,-0.00010400452,-9.366311e-05,-7.760711e-05,0.0001088921,-0.0016334057,-4.382897e-05,4.0521845e-06,1.0587159e-05
KXD1,-6.172806e-05,-0.00035032444,-0.00013295747,-2.666656e-05,-0.0004773736,-2.7912669e-05,0.00011715386,1.3536774e-05
ZDHHC22,0.00035127625,0.00038943253,0.00041247532,-0.000120269135,0.0017439052,0.00016991422,-0.00026086438,-1.5887665e-05
CRISP2,4.6825036e-05,-0.00020153448,-2.9686838e-05,-4.2935833e-05,-3.863126e-05,7.43838e-05,5.619228e-05,7.0203096e-06
FAM58A,-0.00021708943,-0.00048895366,-0.00036055222,0.00012257323,-0.0011222437,-8.885935e-05,0.00019481964,2.6362599e-05
HCAR3,-0.0002402179,-0.0004891604,-0.00038803183,0.00015386846,-0.0013662353,-0.00010232534,0.00019857474,2.7576229e-05
CLEC9A,-0.00022680312,-0.00049126893,-0.0003598649,0.00012645312,-0.001093097,-0.000104679726,0.0001898408,2.661557e-05
FAM181A,-8.655153e-05,-0.00023654848,-0.00024815463,0.00016486086,-0.0004094988,-7.7955425e-05,5.3999014e-05,2.093648e-05
FAM19A1,-0.00021708943,-0.00048895366,-0.00036055222,0.00012257323,-0.0011222437,-8.885935e-05,0.00019481964,2.6362599e-05
PLA2G2F,-0.00021708943,-0.00048895366,-0.00036055222,0.00012257323,-0.0011222437,-8.885935e-05,0.00019481964,2.6362599e-05
TSGA13,-0.00020356663,-0.00046781637,-0.00036047027,0.00012195483,-0.001004912,-5.534105e-05,0.0001988206,2.5470508e-05
HMGB3,-0.00027804077,-0.0006529987,-0.00057278574,0.00018998422,-0.0013394654,-0.00010511931,0.00030021928,3.8250582e-05
ABI2,-0.00013358518,-0.00040451065,-0.00024992414,7.7082776e-05,-0.0002533272,-6.036833e-05,0.00013086945,2.1629268e-05
C12orf65,9.38382e-05,-0.00011907332,2.0056963e-05,-3.7048943e-05,0.00015828758,7.708091e-05,1.0523945e-05,4.4790795e-06
VENTX,-1.5972182e-05,-0.00024568662,-8.495897e-05,-3.0677766e-06,-0.00036801398,1.0675751e-05,7.375702e-05,1.0113115e-05
LY6K,-0.0001430288,-0.00029233098,-0.00016777217,8.306652e-05,-0.0004106462,-9.666663e-05,6.623473e-05,1.6924925e-05
SDCBP,-0.00031883083,-0.0006790478,-0.00045779347,0.00012176763,-0.00012086332,-0.00019341568,0.0002448866,3.3681514e-05
RNF125,0.00017129071,0.00022170879,0.0003471207,-4.456658e-05,0.0024408177,-0.00011271518,-0.00028424617,-8.40053e-06
PDZD9,-7.46157e-05,-0.00030592643,-0.00019356422,5.9358776e-05,-0.00055108964,2.6542693e-06,0.000113327056,1.6387203e-05
ARPIN,-7.73333e-05,-0.00029991195,-6.0191378e-05,1.8433668e-05,0.0018284097,-0.00030004326,-5.385559e-05,1.7115497e-05
HACD1,0.0002545789,0.00040193647,0.0004504919,-0.00010797195,0.0004465878,0.00013413839,-0.0002546711,-1.8918538e-05
ZFAND6,-8.225255e-05,-0.00022376888,-0.00016901642,0.000100368634,-0.0010873228,-3.4086406e-06,7.438287e-05,1.5659607e-05
HIST1H3D,-0.00021708943,-0.00048895366,-0.00036055222,0.00012257323,-0.0011222437,-8.885935e-05,0.00019481964,2.6362599e-05
BLOC1S1,-0.00025327876,-0.00030701794,-0.00029262714,0.00018615276,-0.0018637106,-0.00013940688,0.00011930894,2.2012275e-05
ELP6,-3.0221418e-05,-0.00014575571,-0.00012546591,0.000102614984,-0.00070250034,-0.00010400731,-1.2116507e-06,1.4486606e-05
BCL7B,-3.9860606e-06,0.00024986453,0.0001661554,0.00016113278,0.00025434792,-0.00014740136,-0.00024986174,-2.9569492e-07
MYL12B,-0.00012522005,-0.00048326328,-0.00032744743,5.8711506e-05,-0.00028206408,6.007962e-06,0.00020669308,2.4513574e-05
KCTD21,-0.00013760291,-0.00033226237,-0.00016367249,5.3744763e-05,-0.00025386363,-0.00016936986,6.1323866e-05,1.7805374e-05
CNTNAP2,-0.0003132783,-0.00053641014,-0.00041516498,0.00023840647,-0.0018262342,-0.00027605752,0.00014631823,3.4559635e-05
APOC2,-0.00015866943,-0.00041763298,-0.0002887603,7.475726e-05,-0.00091923773,-1.0433607e-05,0.00018052384,2.123916e-05
CDRT15L2,-0.00021708943,-0.00048895366,-0.00036055222,0.00012257323,-0.0011222437,-8.885935e-05,0.00019481964,2.6362599e-05
ARL14,-0.00021708943,-0.00048895366,-0.00036055222,0.00012257323,-0.0011222437,-8.885935e-05,0.00019481964,2.6362599e-05
ATP6V1G2,-0.00020702928,-0.00045423955,-0.00039186142,0.000198734,-0.0009192005,-0.0001603039,0.00014696736,3.0235038e-05
PCNP,-0.00011941232,-0.00039550848,-0.00029179826,0.00011582952,-0.0014792159,-3.375113e-05,0.00015623774,2.2442196e-05
CX3CR1,-0.00013473816,-0.0007389523,-0.00069537386,0.00012511946,-0.0007275343,0.00017058384,0.0004673414,3.729132e-05
ALDH3A1,-0.00013900734,-0.00023018755,-0.000101218,6.942358e-05,-0.0008233413,-8.011423e-05,4.0739775e-05,1.2506032e-05
RTN4RL1,7.223897e-05,-0.00014268048,-7.6688826e-05,7.3527917e-06,0.0015347451,5.9829094e-05,2.5890768e-05,9.094132e-06
GPR35,-6.574951e-05,-0.00010443665,4.8343092e-05,2.6207417e-06,0.0009756163,-0.00013149576,-6.1449595e-05,4.8622023e-06
PRAMEF14,-0.00021708943,-0.00048895366,-0.00036055222,0.00012257323,-0.0011222437,-8.885935e-05,0.00019481964,2.6362599e-05
NABP1,0.00018555298,-0.0002867896,-9.47658e-05,-0.0001380993,-0.00034793466,0.00024507008,0.000182366,7.0743263e-06
PRDX2,8.052774e-05,1.532957e-06,8.51322e-05,-2.9963441e-05,0.00011637807,5.2540563e-05,-3.723614e-05,1.3271347e-07
LKAAEAR1,-0.00031332672,-0.00048216432,-0.00038976595,0.00017769914,0.0001738295,-0.00019648485,0.00014671683,3.0555064e-05
ANKRD22,0.00041760877,0.000433892,0.0005668402,-0.0002171509,0.0019761398,0.000235416,-0.00028541777,-2.635317e-05
PDGFRB,-0.0010841414,-0.0017040763,-0.0015271865,0.00048629846,-0.006086476,-0.0004078811,0.000886824,8.9702895e-05
ATG101,0.0001942832,-4.7124922e-06,8.742511e-05,-9.997096e-05,-0.00042676926,0.00022155885,2.4613924e-05,-2.682209e-06
FUNDC2,-0.00016137026,-3.6628917e-05,-1.7423183e-05,0.00013923086,-0.0010565221,-0.00017098198,-7.8483485e-05,9.857467e-06
SLC10A1,-0.00021692365,-0.00046432018,-0.0002938751,6.554648e-05,-0.00088250637,-5.7704747e-05,0.00018833764,2.2150809e-05
CDX4,-0.00020601228,-0.0004918277,-0.00036164,0.000115136616,-0.0011860132,-7.228553e-05,0.00020259153,2.6160269e-05
ATG12,1.2053177e-05,-0.0005973242,-0.00034687854,-2.4013221e-05,-0.00072636455,0.00010683201,0.00028817542,2.3186323e-05
SH3BGRL3,5.3238124e-05,5.3863972e-05,0.00015204214,-2.6699156e-05,0.0010443255,3.4805387e-05,-9.3243085e-05,-2.6568305e-06
VGLL3,0.00042626262,0.00012748875,0.00043218955,-0.00040153787,-0.00026461482,0.00036467053,-3.209617e-05,-2.2431137e-05
FAM84B,-0.00021708943,-0.00048895366,-0.00036055222,0.00012257323,-0.0011222437,-8.885935e-05,0.00019481964,2.6362599e-05
IL34,-2.0068139e-05,8.396059e-05,0.00013097934,0.00010120217,0.00011010468,-0.00013769604,-0.00017295126,2.819812e-06
KCNJ2,0.0004330501,0.0004332736,0.000523353,-0.00019756518,0.0014223084,0.00020457618,-0.00027991924,-2.3152912e-05
CITED2,-0.0003392771,-0.0008605458,-0.0007241238,0.00019065943,-0.0026686713,-8.94377e-05,0.0004298389,4.6114088e-05
RBX1,-1.5314668e-05,-0.00013632514,-9.655952e-06,2.2021122e-05,0.00039942563,-8.698553e-06,-8.575618e-06,7.857219e-06
APOBEC4,-3.3788383e-06,-0.0003225766,-0.00012911111,-2.411753e-05,-0.00014317036,4.9699098e-05,0.00011345092,1.3097655e-05
ERICH5,3.0748546e-05,-0.00023813918,-3.651902e-05,-7.305574e-05,0.00020053983,9.8721124e-05,8.047838e-05,7.636263e-06
CNIH3,0.00017411634,-3.5867095e-05,-1.0641292e-05,-8.989312e-05,-0.00091751665,0.00027349032,0.000101608224,5.1793177e-07
BATF2,-0.00023120828,-0.0004698243,-0.00036618114,0.00016209576,-0.0011593774,-0.00014433358,0.00016878266,2.7267612e-05
MESDC2,-0.00021708943,-0.00048895366,-0.00036055222,0.00012257323,-0.0011222437,-8.885935e-05,0.00019481964,2.6362599e-05
NDUFA6,-0.00019363873,-0.00018811226,-6.6885725e-05,0.00011486653,0.0002919361,-0.00022254,-4.3604523e-05,1.3756566e-05
C17orf64,-0.00017311238,-0.00048323162,-0.00035262667,0.000101496466,-0.001102604,-4.3401495e-05,0.00020471681,2.525223e-05
TNFRSF12A,-1.0598451e-05,0.000267189,0.00013670512,0.00019352324,-0.0009794459,-0.00013236655,-0.00022770558,9.825453e-08
TMEM177,-0.000342289,-0.0006094165,-0.00041185692,0.00013700034,-0.0023046955,-0.00026120478,0.00021671131,3.1913863e-05
UBE2F,-0.00017561018,-0.00035487302,-0.00019582175,7.730257e-05,-0.0013605803,-0.00013326528,9.1183e-05,1.9773259e-05
ENSA,-0.00035441108,-0.0005795881,-0.00055619143,0.00029334333,-0.0021048635,-0.0002490417,0.00022405107,3.8781553e-05
TMEM121,0.0002541449,2.627261e-05,6.707013e-05,-9.0448186e-05,0.00096707046,0.00020667538,-3.2698736e-06,-1.4487887e-06
RBBP9,7.194467e-05,-0.0002056025,-0.00013931654,4.105363e-05,0.0012246817,-2.1558255e-05,3.39197e-05,1.4756806e-05
UQCRFS1,-0.000114545226,-0.00031510182,-0.0002446957,0.000103925355,-0.0003227517,7.5576827e-06,0.00012809038,1.8580002e-05
TIMM10B,6.962381e-05,0.000103637576,0.00011874735,3.1536445e-05,-0.0010218322,3.215205e-05,-9.418186e-05,-7.6484866e-07
TEX36,-0.00021922402,-0.00048903376,-0.00036212988,0.00012973882,-0.0011825189,-9.846222e-05,0.00019116048,2.6568421e-05
TXNDC2,-0.0001533702,-0.00043658167,-0.00029573776,6.377045e-05,-0.0009241104,9.760261e-06,0.00019722711,2.1238462e-05
HIST1H2AI,-0.00021708943,-0.00048895366,-0.00036055222,0.00012257323,-0.0011222437,-8.885935e-05,0.00019481964,2.6362599e-05
NRXN3,-0.00076313503,-0.0019326042,-0.0015503429,0.00031927973,-0.004222393,-0.00014135567,0.000994402,9.156717e-05
PDPN,-1.40964985e-05,-0.0011667479,-0.0008197073,-8.3610415e-05,-0.00093849003,0.00018338859,0.0006375555,4.916382e-05
NUDT16,8.948147e-05,0.00015809946,0.0002498366,-4.6014786e-05,0.00028768182,8.388422e-06,-0.00016335491,-5.8396254e-06
CEBPA,-0.00026505254,-0.00042361952,-0.000328267,0.00012721214,-0.0011659488,-0.000111432746,0.00017128512,2.4361187e-05
MARCH3,-0.00021708943,-0.00048895366,-0.00036055222,0.00012257323,-0.0011222437,-8.885935e-05,0.00019481964,2.6362599e-05
BCL2L1,-0.00026254356,-0.00051253475,-0.00042289123,0.00017777737,-0.0025969148,-0.00014823582,0.00020893943,3.0546682e-05
FPR2,-0.00019495003,-0.00047287345,-0.00033122487,0.0001043519,-0.0010033101,-7.5687654e-05,0.0001855772,2.4628243e-05
SPZ1,-0.00020020083,-0.00047482736,-0.0003417395,0.00011267234,-0.00096369535,-8.1167556e-05,0.00018566381,2.534897e-05
C11orf86,-0.00021708943,-0.00048895366,-0.00036055222,0.00012257323,-0.0011222437,-8.885935e-05,0.00019481964,2.6362599e-05
C1GALT1C1,0.0001257211,-7.062405e-05,0.00012247823,-8.298829e-05,0.0002497062,5.5610202e-05,-2.4108216e-05,-2.623885e-06
RABAC1,-1.6165897e-05,-0.00026308186,-7.023476e-05,-4.3343753e-06,0.00087145716,-3.9887615e-05,4.1452236e-05,1.1419645e-05
MC2R,-8.212775e-05,-0.00037901662,-0.00022688322,3.39346e-05,-0.0005681142,2.341345e-06,0.0001506079,1.7883605e-05
GPX6,-0.00021708943,-0.00048895366,-0.00036055222,0.00012257323,-0.0011222437,-8.885935e-05,0.00019481964,2.6362599e-05
LAT2,-0.00019782037,-0.0008489881,-0.0006937105,7.75354e-05,-0.0012631193,0.00016734377,0.00050930865,3.851799e-05
CCDC106,-0.000214044,-0.00037266314,-0.00037254207,0.00022756029,-0.0014737025,-0.00024284655,0.00010689534,2.8352602e-05
P2RY14,-1.2466684e-05,0.00022718497,0.00029188022,2.9213727e-05,-0.00018759072,-8.089654e-05,-0.00022702198,-7.769791e-06
MGST2,0.00028093904,-0.00013074838,5.4955482e-05,-0.00014196802,8.787215e-05,0.0002945736,8.0371276e-05,-1.3411045e-06
PTMA,-0.00055852346,-0.0012255255,-0.001074642,0.00032586697,-0.0021616966,-0.00015368639,0.00060832873,6.470946e-05
MOAP1,-9.746663e-05,-0.00016596727,-9.5482916e-05,0.00012256019,-0.00011859089,-0.00012498163,-2.509635e-05,1.4488236e-05
TREX2,-0.00024132617,-0.00050213,-0.00038676336,0.000146484,-0.00094529986,-0.00012688711,0.00018875394,2.8647832e-05
HIST4H4,-0.00021708943,-0.00048895366,-0.00036055222,0.00012257323,-0.0011222437,-8.885935e-05,0.00019481964,2.6362599e-05
GPR32,-0.00017355755,-0.00045409426,-0.00030127354,8.743722e-05,-0.00078433007,-5.584117e-05,0.00017324928,2.3034285e-05
COX6B1,0.00011925213,3.1514093e-05,0.00017232634,-5.9449114e-05,0.0010292754,6.281398e-05,-9.3187205e-05,-3.189547e-06
METTL21C,-0.00021354854,-0.00048221834,-0.000346262,0.00011862349,-0.0009494424,-9.903498e-05,0.00018319022,2.5903573e-05
NDUFB11,0.00015389733,-2.7095899e-05,0.00014782324,-0.000104924664,0.001479879,0.00010392349,-4.805159e-05,-2.3184111e-06
SCRT2,-0.00012629293,-0.00018413365,-2.337806e-05,7.1294606e-05,-0.000217475,-0.00018864358,-4.5605004e-05,1.1293567e-05
LY6G5C,-1.7754734e-05,0.00025730208,0.0003207028,6.4230524e-05,0.0011591688,-0.00020011375,-0.00030325446,-6.566872e-06
CREBZF,-0.00023304671,-0.0004266966,-0.00029283948,0.00014210865,0.00034426153,-0.00017509144,0.00010169111,2.5475165e-05
SP9,-0.00021445006,-0.00046285056,-0.0003321655,0.00012394693,-0.00071135163,-0.0001226319,0.00016070344,2.5836867e-05
ZNF501,0.00011218153,0.00048607402,0.000543626,-3.896281e-05,0.0017683655,-8.8109635e-05,-0.00039472524,-2.1610991e-05
TIRAP,0.00014109537,6.469153e-05,0.00021467917,-0.0001579076,0.0011426657,0.00015647244,-6.123725e-05,-7.337774e-06
CLIC2,5.599484e-05,-0.00015052967,-3.6953017e-05,-4.3543056e-05,2.5644898e-05,9.66629e-05,5.9725717e-05,5.771988e-06
MRPL34,-0.00020899996,-0.0002945345,-0.00026764348,0.00012181699,-0.0015443563,-3.1149946e-05,0.00014145579,1.9971165e-05
SLC2A4RG,-3.7830323e-06,0.00010637008,0.0003038328,-8.845888e-05,0.0014026761,2.4847686e-06,-0.000174216,-7.55745e-06
PTGES3,-0.0002091825,-0.00042163394,-0.0002944339,0.00013114046,0.00028576702,-0.00014174683,0.00011996925,2.4296343e-05
TMEM51,2.4087727e-05,0.00014610402,0.0002322495,-4.4826418e-05,-0.0004119277,1.7783605e-05,-0.00014152657,-3.6266865e-06
TMBIM4,-0.00012814254,-0.0003658943,-0.00023702532,5.4308213e-05,-0.0018833652,-3.5837293e-05,0.00015698373,1.9425293e-05
HIST1H4K,-0.00021708943,-0.00048895366,-0.00036055222,0.00012257323,-0.0011222437,-8.885935e-05,0.00019481964,2.6362599e-05
RHOXF1,-0.00015468709,-0.00038083084,-0.00020379946,6.076414e-05,-0.0006321594,-0.00011158222,0.000106165186,1.9412138e-05
APOLD1,-0.00021263026,-0.0006304048,-0.00046677515,8.8561326e-05,-0.0027523711,2.921652e-05,0.00033571478,2.9225368e-05
TMEM50A,-7.937662e-05,-8.542277e-05,9.8919496e-05,6.891787e-08,5.2303076e-05,-0.00011145277,-8.2202256e-05,4.430418e-06
NUDT1,-0.00020951964,-0.00029888377,-0.00028131902,0.00020908564,-0.0016324371,-0.00014978182,8.4617175e-05,2.2660475e-05
PAQR4,0.00015489198,0.00014100038,0.00014461577,-3.5770237e-05,-0.00020904094,0.00015594624,-6.8907626e-05,-4.8575457e-06
CD3G,0.00023392774,5.707331e-05,0.00026545487,-0.000180481,0.00128337,0.0001754174,-7.922761e-05,-1.0291929e-05
GPR78,-0.00011073053,-0.00029738434,-0.00020142272,8.931756e-05,-0.0007196367,-4.615169e-05,9.657536e-05,1.7493847e-05
GCG,-6.208569e-05,-0.0003718231,-0.00024852902,2.6267022e-05,-0.0011590198,5.9501268e-05,0.00018391665,1.784449e-05
MED19,-2.2374094e-05,-0.0002538655,-8.970313e-05,3.8712285e-05,-0.0002561137,-4.8817135e-05,3.6847778e-05,1.2921868e-05
C16orf95,-9.160116e-05,-0.00024581887,-0.00027573667,0.00017146207,7.9885125e-05,-5.974807e-05,6.941706e-05,2.2012624e-05
ADCYAP1,1.1127442e-05,-1.1911616e-05,5.1675364e-05,7.735565e-05,-0.0010899678,-6.736908e-05,-8.941349e-05,6.1810715e-06
ZNF736,0.00041336752,0.00019808859,0.00044910982,-0.00027577206,0.0015318766,0.00033612177,-0.00012763124,-2.2959197e-05
OLAH,7.49547e-05,-4.4837594e-05,4.3537468e-05,-2.0777807e-06,0.00040646642,5.601067e-05,-3.5329722e-05,3.392459e-06
SYCE2,-0.00013194792,-0.00041732006,-0.00024290383,7.3323026e-05,-0.000755243,-7.152185e-05,0.00014223158,1.9598403e-05
SPINDOC,5.1107258e-05,-0.00041305274,-6.0161576e-05,-0.00024786592,0.0010770857,0.0002968181,0.00022538844,6.982824e-06
HIST1H2AG,-0.00021708943,-0.00048895366,-0.00036055222,0.00012257323,-0.0011222437,-8.885935e-05,0.00019481964,2.6362599e-05
FAIM,-9.506382e-05,6.033294e-05,7.3160976e-05,0.000110635534,-0.0003227964,-0.00021307729,-0.00014810171,4.0896703e-06
CD40LG,-0.00024672225,-0.0005123913,-0.00039817207,0.00014897715,-0.0010862947,-0.00012379885,0.00019776728,2.9173912e-05
TAAR1,-0.00021708943,-0.00048895366,-0.00036055222,0.00012257323,-0.0011222437,-8.885935e-05,0.00019481964,2.6362599e-05
TEX264,-0.00015704893,-0.00040529482,-0.00030473992,8.883979e-05,-0.002595067,-6.249547e-05,0.00019203592,2.2391323e-05
NUDT19,-8.468144e-05,-0.00020805188,1.4834106e-05,-5.9064478e-06,1.5892088e-05,-0.00010250695,-1.4347956e-05,8.787494e-06
ZFP42,-1.04587525e-05,-0.0003213454,-0.0001100041,-7.406343e-05,0.0001751706,0.0001452677,0.00014717225,1.0201475e-05
LYG1,-8.460693e-05,-0.0001272615,-8.428842e-05,3.0074269e-05,-0.0014913604,6.732717e-05,6.826781e-05,9.472598e-06
MRPL11,-2.5797635e-05,-0.00021156855,-0.00010178052,1.0563061e-05,-0.00059245527,4.751142e-05,8.194335e-05,1.091836e-05
TBPL1,-0.00012418441,-0.00027191266,-0.00018817745,8.928869e-05,-0.00022999942,-0.000113020185,5.737599e-05,1.9594561e-05
NCR3LG1,0.000116467476,0.00014713965,0.00012442097,4.989095e-05,0.00044315308,-2.7605332e-05,-0.00014175382,-1.7751008e-06
SLC39A1,0.000100743026,-5.087629e-05,8.574128e-05,-8.1118196e-05,0.00070314854,0.00011601392,-1.29733235e-05,-3.630994e-07
INO80E,0.00014184602,4.5513734e-05,0.00015906058,-8.3371066e-05,-0.0003990531,5.3582713e-05,-7.9392456e-05,-1.3940735e-06
ADH1B,-0.00016516633,-0.00030134805,-0.0001818873,9.763148e-05,-0.00062214583,-0.000106935855,7.282011e-05,1.7395825e-05
CTNND1,0.0008010715,0.0006095078,0.0008968655,-0.0005189674,0.0031833425,0.00057168584,-0.0003223354,-4.788919e-05
KCNK7,-0.0001909528,-0.00048344024,-0.00035393052,0.00010820292,-0.0009800419,-6.575789e-05,0.00019754004,2.5739195e-05
YIPF6,-0.00019812025,-0.00042005815,-0.00028522685,0.00012337696,-0.0013604462,-0.00015784428,0.00012334343,2.4847803e-05
PRELID3A,-0.00037388504,-0.0004110001,-0.00024668872,0.00018253364,-0.00207787,-0.00037915725,6.032642e-05,2.4957932e-05
TMEM150B,-0.00021068938,-0.00048221461,-0.00035033748,0.00011854246,-0.0010478869,-8.9623965e-05,0.00018879212,2.5859219e-05
SKP1,-0.00023965165,-0.0007095244,-0.00053782016,0.00014033075,-0.0004949719,-5.74952e-05,0.0003115032,3.5917503e-05
RGS19,-0.00038809516,-0.00077964365,-0.00070913695,0.00024961587,-0.0020856708,-0.0001739352,0.0003683148,4.55149e-05
CEBPB,-9.254366e-05,0.00022603385,0.00034770556,6.86124e-05,0.001357682,-0.0003507831,-0.00034557562,-4.9774535e-06
TCTN2,0.0004964862,0.0003868416,0.0005853176,-0.00039042346,0.0041506737,0.00037682988,-0.00020209234,-3.1209434e-05
R3HDM4,-1.8516555e-05,-0.00030932575,-0.00019333884,-2.3872592e-05,0.00030490756,9.261351e-05,0.0001536468,1.5866011e-05
C8orf37,7.800944e-05,0.0002502501,0.0002885647,5.773641e-05,-0.0007177144,-0.00011079572,-0.00025675911,-7.1405666e-06
TMA16,0.000100636855,-7.477589e-05,0.00011405535,-0.00018290989,0.0011016652,0.00019306503,3.656186e-05,-2.3754546e-06
FAM151B,0.00021532923,0.00017193891,0.0002928134,-0.0001859758,5.6549907e-06,0.00027217157,-6.804336e-05,-1.3045385e-05
ZNHIT1,-2.8658658e-05,-0.00036486983,-0.00017990544,3.760308e-05,-7.015467e-05,-4.208088e-05,0.00010613166,1.6896636e-05
BRINP2,0.00043089502,0.00037573837,0.0007681884,-0.0004581064,0.004837677,0.0001398595,-0.0003337385,-3.3017946e-05
CRISP3,-0.00019872002,-0.00046002865,-0.00033090636,0.000112706795,-0.001025416,-7.891469e-05,0.00017855968,2.4784706e-05
NDUFS5,-0.00020958483,-0.0006180927,-0.00043526478,0.000117135234,-0.0002739951,-0.00011042692,0.00023880508,3.1749136e-05
MFAP3,9.3532726e-05,-0.000160072,-4.0274113e-05,-6.9702975e-05,-0.00030165166,0.00023202784,0.00011241529,4.027039e-06
C16orf87,-0.00023430027,-0.00028735958,-0.00033939257,0.00023539271,-0.0024655089,-0.00014514895,0.00010993704,2.6017544e-05
FRAT2,0.00070958957,0.00085403025,0.0010989718,-0.00040304195,0.00502152,0.000165198,-0.0006303815,-5.0026458e-05
SLC25A29,5.6281686e-05,0.0001598876,0.00018727593,5.9605576e-05,0.0020355433,-8.780137e-05,-0.0002191579,-7.5018033e-07
PLA2G5,-0.00067065284,-0.001025822,-0.001069041,0.0004155999,-0.0046742037,-0.00020126626,0.0005682353,6.236334e-05
ARHGDIG,7.09407e-05,-0.00015163422,5.859509e-05,-5.9560873e-05,0.0005771443,5.1459298e-05,-8.997507e-06,4.060683e-06
APOBEC3C,0.00022186339,2.4437904e-06,0.00021051615,-0.00018230267,0.0009085089,0.00020917784,-3.5407953e-05,-5.8491714e-06
LUZP4,-0.00021162629,-0.0004865732,-0.00035703555,0.000119164586,-0.001081422,-8.5116364e-05,0.00019404199,2.6134308e-05
NFAM1,0.00035417452,7.379055e-05,0.00022773631,-0.00021365378,0.0010275915,0.0003813589,-5.277805e-06,-1.1739205e-05
SOCS3,0.00030394457,0.0002594795,0.0003347546,-8.3765015e-05,-0.0007942319,0.00018784124,-0.00016348343,-1.4324556e-05
TMEM186,0.000109946355,0.00018008426,0.00018309057,3.272202e-05,0.0003433004,-4.246831e-07,-0.00017104018,-2.7874485e-06
KCNMB1,-4.924275e-05,-0.00016184896,5.796738e-05,-5.3788535e-05,-0.0003983602,-2.944842e-05,1.0322779e-05,2.7872156e-06
YPEL5,-0.00025684945,-0.0005725734,-0.0005064029,0.00018823985,-0.001345776,-7.3469244e-05,0.00026089605,3.4525525e-05
REG4,-8.8376924e-05,-0.00018479116,-0.00010031089,8.270051e-05,-0.0006945431,-5.0406903e-05,2.7179718e-05,1.2319186e-05
NAA20,0.00018189475,7.0195645e-05,0.0001720693,-8.384418e-05,5.993247e-05,0.00014421903,-6.3097104e-05,-5.045091e-06
P2RY13,-0.00030405633,-0.0008539576,-0.000777537,0.0001864098,-0.0018312484,2.7615577e-05,0.00048827194,4.5224442e-05
ACRV1,-7.468462e-05,-0.00033784844,-0.00015772507,5.090609e-06,-0.00044080615,2.9958785e-05,0.00012899935,1.4153542e-05
ACADM,-0.00027635507,-0.00040860288,-0.0003482364,0.00023035984,0.00015745312,-0.00023074495,9.154342e-05,2.8195558e-05
GKN2,-0.00022030249,-0.00044920295,-0.0003385432,0.00015242212,-0.0011914074,-0.00013872422,0.00015738141,2.5715446e-05
VSIR,-0.00034192018,-0.00090361387,-0.00074549206,0.00017245952,-0.0013869628,-3.1459145e-05,0.00046613254,4.4497545e-05
SH2D6,-0.00025827065,-0.00042820908,-0.0002972763,0.00013408903,-0.0010400414,-0.00015256973,0.00013571512,2.4550245e-05
ZNF492,0.00037003867,0.00018853694,0.00045575202,-0.00030396692,0.0022580326,0.00030239858,-0.00014230888,-2.0254054e-05
OCEL1,7.227063e-07,-7.243268e-05,-7.364154e-05,0.00010354817,-0.0013729334,-1.2603588e-05,8.1863254e-07,9.971322e-06
CCDC12,-4.291162e-05,-0.00011198595,-2.8921291e-05,2.6683323e-05,-0.00041342527,1.7669052e-05,1.9120052e-05,7.145223e-06
MOSMO,0.0004028771,0.00052479655,0.0006025098,-0.00018468313,0.002436392,0.00019115489,-0.00034071784,-2.7642585e-05
EGR3,7.805601e-05,0.00017888844,0.0001449585,0.00011924934,-0.0006090328,-9.365473e-05,-0.00018579792,-1.8172432e-07
CD200R1,-0.0001802016,-0.00034948438,-0.00028619356,0.00016456936,-0.0010258257,-0.00013818312,0.00010348391,2.3101224e-05
TMEM11,-9.47658e-05,9.670295e-05,0.00011460669,0.000107403845,-0.00086242706,-0.00010331441,-0.00014033075,1.8787105e-06
ALDH9A1,-0.00027572922,-0.0004948601,-0.00042237714,0.00020265859,-0.0026366338,-0.00017987564,0.00020037591,2.966472e-05
TMEM176B,-0.0004743822,-0.0007000081,-0.0006387178,0.00022186339,-0.0019284412,-2.9904768e-05,0.00038743299,3.852253e-05
LSM12,0.00013677776,0.00040609576,0.0005214382,-0.000118537806,0.0018015727,6.605871e-06,-0.00032664742,-2.0004576e-05
NCF1,-0.0002197288,-0.0004931297,-0.00039146654,0.00013295934,-0.001370579,-5.7733618e-05,0.00022021774,2.6985537e-05
CD86,2.1954998e-05,-0.00039838627,-0.0002715122,-1.3603829e-05,-0.00059276074,0.00020082295,0.00023612939,1.7321785e-05
PSMF1,-0.0001190491,-0.00022934936,-7.1132556e-05,2.1185726e-05,0.0011142716,-0.00010748021,1.4650635e-05,1.2516626e-05
HSF2BP,-0.00019277073,-0.00025034323,-0.0001345016,8.7772496e-05,-0.0013502836,-0.00015267218,4.7056936e-05,1.5771599e-05
SLC4A1,0.000772452,0.0008512009,0.0010014884,-0.0003764145,0.0023299009,0.00048798695,-0.0004650401,-5.4233707e-05
FOXD1,0.00033068843,0.0002616886,0.00039368868,-0.000257493,0.0003534183,0.00033791456,-0.000102370046,-1.8467545e-05
IL2RA,-0.00010837801,-0.0003361646,-0.00020399503,5.5166893e-05,-0.00013508648,-4.156865e-05,0.0001086127,1.7915387e-05
TGOLN2,-0.00010733865,-0.00037843548,-0.00019391254,2.3143366e-05,-2.027303e-05,-3.8746744e-05,0.00012757629,1.6994658e-05
USP27X,0.00029683113,0.000299396,0.0003898535,-0.000111848116,-0.00035855174,0.00025798567,-0.00016423222,-1.9371742e-05
ACAP3,-0.00026395544,-0.00097653456,-0.0008253325,0.0001982348,-0.0021060184,-6.0570426e-05,0.00048848614,5.0348113e-05
LXN,-0.0001275707,-0.00048257597,-0.00028249994,7.5871125e-05,-0.00035167485,-5.082134e-05,0.00017239526,2.0557898e-05
COMMD7,0.00012846105,0.00011150539,0.00015294924,4.4135377e-06,0.00043058395,5.2359886e-05,-0.00012349989,-1.5071128e-06
CFL2,-4.4479966e-06,-1.3053417e-05,0.00010885671,-6.6027045e-05,0.0005718842,4.6957284e-05,-3.555976e-05,-3.2922253e-07
PRAMEF17,-0.00021559373,-0.000497818,-0.00037205033,0.00012264494,-0.0011149272,-8.3870254e-05,0.00020217802,2.6930938e-05
CMBL,-0.00012161769,-0.0001659412,-6.3089654e-05,4.5234337e-05,0.00018277019,-0.00014167419,-9.849668e-06,1.2180419e-05
GTSF1,-0.0002463702,-0.00050003827,-0.00032583624,0.000108952634,-0.00041380525,-0.00012911996,0.0001665838,2.6586233e-05
TMEM74,0.0001284089,3.6217272e-05,0.00027421117,-0.0001653349,0.0017526597,7.5456686e-05,-0.00011226628,-6.5075e-06
CD300C,-0.00016828254,-0.0005693808,-0.0004642438,0.000109755434,-0.0010372698,-6.1048195e-06,0.00027639698,3.052014e-05
NAA11,-0.00022353977,-0.00049975887,-0.00037166104,0.00012986828,-0.0012849048,-9.674672e-05,0.00019934028,2.7057948e-05
CD14,3.063865e-05,-0.00041213073,-0.00015564822,-0.00012505427,-0.001022771,0.00024773367,0.0002460573,1.0869815e-05
FNDC5,-3.2246113e-05,-4.58993e-05,1.2926757e-06,0.00012522563,0.0016194656,-5.786866e-05,-8.959882e-05,7.4687414e-06
NUPL2,-0.00021708943,-0.00048895366,-0.00036055222,0.00012257323,-0.0011222437,-8.885935e-05,0.00019481964,2.6362599e-05
TAF12,0.00022552907,0.00021115877,0.00029708445,-0.00014694221,0.00036982447,0.00019516703,-0.00011356268,-1.2606382e-05
UTP23,0.00011963211,-5.4992735e-05,8.587912e-05,-5.6300312e-05,-0.00039223582,9.7567216e-05,-1.0122545e-05,7.725321e-07
CALHM4,-0.0002197437,-0.0004947074,-0.0003656894,0.00012381654,-0.001090534,-9.2295e-05,0.0001967214,2.6700902e-05
IZUMO4,6.0873106e-05,-5.359575e-05,2.4326146e-05,-1.7940998e-05,0.00013937801,0.00011914503,2.5576912e-05,-3.9767474e-07
RBM3,-0.00018066727,-0.00055106357,-0.00032976642,4.787743e-05,-0.00041747838,-7.69794e-05,0.00020501763,2.6499387e-05
CYB5B,-0.00026313215,-0.00051005185,-0.0004452672,0.00013260543,-0.001960151,-3.3931807e-05,0.00027286913,2.8821873e-05
HORMAD2,-0.00017400086,-0.0003844928,-0.00026374124,0.00011223182,-0.00057365,-0.0001076255,0.00011759065,2.2138585e-05
RTP5,-0.00019745901,-0.00046080537,-0.0003432855,0.00012226589,-0.0011209697,-7.6096505e-05,0.00018332992,2.5154324e-05
IFI27L1,5.214289e-05,-1.0071322e-05,0.00021311454,-0.00013251603,0.0016347542,-4.0854327e-05,-9.679515e-05,-4.0224986e-06
HINT1,-0.00013647042,-0.0004411973,-0.00031155162,0.00010108203,-0.00018218905,-3.2337382e-05,0.00016814284,2.355536e-05
PACRGL,-0.00023571216,-0.000184251,-9.211339e-05,0.00017357338,-0.00074838847,-0.00031053554,-6.0963444e-05,1.5672296e-05
CASTOR1,-0.00061413087,-0.0008142069,-0.0009251237,0.00046919286,-0.0050610155,-0.000291124,0.00042381696,5.6480407e-05
CD300LG,-5.9666112e-05,-0.0002807919,-9.997748e-05,-2.077315e-05,-0.00031017512,2.2636726e-05,9.621587e-05,1.1164811e-05
CCDC68,-4.9892813e-05,-0.00038586184,-0.00023539923,2.693478e-05,-0.00091928244,7.9398975e-05,0.0001835255,1.6720034e-05
TBC1D26,-5.6605786e-05,-3.0795112e-05,-2.5635585e-05,0.00010135025,-0.00035092235,-9.847153e-05,-5.3504482e-05,7.734401e-06
RAB31,-0.00017794594,-0.00023304112,-7.7011064e-05,5.1641837e-05,-0.0005755201,-0.00012810761,3.0633062e-05,1.1463999e-05
PFN4,-0.000269074,-0.00040872395,-0.00037373975,0.0002521174,-0.000980325,-0.00025328435,0.000100805424,2.9095681e-05
PRELID2,0.00016472675,-0.0001688432,0.00011014938,-0.00018877164,0.0017466918,0.00017838087,3.3924356e-05,-4.78467e-07
TTLL3,0.00037782453,0.00011496805,0.00027622283,-0.00019376166,0.0016733408,0.0002734093,-8.208305e-05,-1.1728145e-05
TMEM97,-2.123788e-05,-0.00036721118,-0.00014237128,-4.7022477e-05,0.0014356002,2.1327287e-07,0.000102886,1.62652e-05
PGAM4,5.4167584e-05,-0.0002913326,-0.0001346413,-2.020225e-05,-0.0008546412,-7.1385875e-06,8.734688e-05,1.6035163e-05
SH2D1A,-0.00014297478,-0.0004268121,-0.00027298369,7.6956116e-05,-0.00053138286,-6.1393715e-05,0.00015262514,2.1700747e-05
LRG1,-6.90911e-05,-0.00026470236,-0.00013466738,8.1814826e-05,0.0002848059,-0.00011096429,2.6922673e-05,1.5790109e-05
YPEL4,0.0005236957,0.0005083587,0.0005846359,-0.00026786607,0.00035003573,0.00045927055,-0.00020918157,-3.305648e-05
CENPH,-0.00025959127,-0.00056131,-0.00030913763,8.99937e-06,0.00071457773,-0.00016887253,0.00019301381,2.5623944e-05
FEV,0.0004033167,0.000444578,0.0006006602,-0.0002364954,0.00025981665,0.0002808906,-0.00025405083,-2.948579e-05
SLAMF7,-0.00014934316,-0.0004142411,-0.00027159788,4.0803105e-05,-0.0009949803,-3.465172e-05,0.00018089544,2.0153937e-05
NMB,-0.00014400296,-0.00022129342,-0.00022655912,0.00021424983,-0.00079107285,-0.00023427652,1.7997809e-05,1.916755e-05
CTRB2,-0.00018807873,-0.00044544972,-0.0003196895,0.000109818764,-0.00092440844,-7.086713e-05,0.00017298106,2.391194e-05
COMMD8,0.00014455244,7.411651e-05,0.0001971256,-9.971857e-05,0.00045579672,7.088669e-05,-0.00010200869,-3.1171367e-06
COA6,-0.00013895147,-0.00016249344,-5.1282346e-05,5.616527e-05,0.0007376671,-0.00014185766,-1.8282793e-05,1.14389695e-05
DNAJC12,0.00027765706,0.00052242726,0.00076006725,-0.00018878374,-4.5008957e-05,3.8964674e-05,-0.00042663235,-3.0519906e-05
CYSLTR1,3.837049e-07,-0.00021634065,-0.00010014698,1.06059015e-05,-0.00011986494,5.6752935e-05,7.792376e-05,1.0931864e-05
CSH2,-0.00024449266,-0.0005200878,-0.0003566593,0.00011614151,-0.000993371,-0.00012930157,0.00019091554,2.727157e-05
AP1S2,-0.0002697371,-0.00071055256,-0.0005290881,0.00016424712,-0.0019550696,-0.000112562906,0.00030751806,3.6182697e-05
KIFC1,0.00019154325,-0.00018731877,7.1674585e-06,-0.00018774066,0.0010705516,0.00036174525,0.00014377385,-2.180459e-07
BRI3BP,4.544854e-06,-0.00012661144,-5.0352886e-05,8.889474e-06,3.4965575e-05,7.8435056e-05,3.298372e-05,8.542091e-06
HOPX,5.31096e-05,-0.00033527985,-0.00022286922,2.395641e-05,-6.056577e-05,0.00012847502,0.00015868433,1.6486854e-05
HAUS1,-0.0002607964,-0.00020965561,-0.00012496114,0.0001779683,0.0002155006,-0.000305573,-5.064346e-05,1.8008635e-05
SLC5A2,-0.000123851,-0.0003453549,-0.00022079237,7.284153e-05,-0.00015991926,-4.2965636e-05,0.000114635564,1.8721563e-05
MED29,0.000116080046,0.00013211928,0.00016886927,2.1488406e-05,0.00036913157,-1.9549392e-05,-0.00015513133,-1.6506528e-06
YTHDC1,-0.0001694616,-0.00031709857,-0.00011718832,6.4386055e-05,-0.00015485287,-0.00011972338,4.9829483e-05,1.4900812e-05
LRRC29,0.00016245991,0.00015651062,0.00024065748,-7.404201e-05,8.113682e-06,0.00015556533,-0.00011261087,-8.345465e-06
KIR2DL1,-0.00019313022,-0.00045684353,-0.0003267657,0.00010935124,-0.0009845346,-7.536728e-05,0.00017725024,2.4527777e-05
CARD19,-0.00013555214,0.00013215095,0.00016842596,0.0001191264,0.0012747496,-0.0002880548,-0.00024424028,2.1375017e-06
CIAO2A,-1.4286488e-06,-0.0001854673,-2.0971522e-05,-1.6264617e-05,0.0003080219,-8.892268e-06,1.9926578e-05,8.842675e-06
LRAT,0.00030783005,0.00048323162,0.00059069507,-0.00016593933,0.0022096336,8.002389e-05,-0.00035205018,-2.5926623e-05
EXO5,0.00011388585,0.00028320216,0.00038779527,-8.174218e-06,0.00085233897,-7.89538e-05,-0.0002884483,-1.2803241e-05
C4orf33,0.00030469708,0.00020642392,0.00031545945,-0.00016125012,-0.0008195117,0.00019185897,-0.0001175208,-1.2693461e-05
SCML1,7.132068e-05,-9.6092e-05,0.0001519639,-9.490363e-05,0.0029580519,-3.8287602e-05,-9.2939474e-05,1.1592638e-06
DNAJC22,5.204603e-05,1.2919307e-05,0.00013384782,-3.517326e-05,-0.0002584979,7.851981e-06,-8.134637e-05,4.8731454e-07
GDI1,-0.00022347458,-0.00055533275,-0.00044314563,0.00016419683,-0.0019699857,-6.246194e-05,0.00024536345,3.102154e-05
HNRNPCL1,-0.00021708943,-0.00048895366,-0.00036055222,0.00012257323,-0.0011222437,-8.885935e-05,0.00019481964,2.6362599e-05
TPD52L2,3.1664968e-08,-7.15293e-05,4.458241e-05,-1.2516044e-05,-0.00058756024,-6.6477805e-06,-2.1648593e-05,4.20399e-06
C1orf174,-5.5352226e-05,-2.3733824e-05,-4.1253865e-05,0.00012076087,-5.967915e-06,-3.8121827e-05,-5.3388067e-05,1.0136748e-05
CDKN2B,2.5313348e-05,-0.00023926608,-0.00012344867,2.6726164e-05,-0.00012946874,4.498288e-05,7.586088e-05,1.1994853e-05
CIPC,-2.3787841e-05,0.00010585599,0.00017780252,0.000102144666,0.00073236227,-0.00022170786,-0.00023065973,2.0242296e-06
CALML4,-0.0003642477,-0.00047448464,-0.00044582598,0.0002700882,-0.00045588613,-0.00029754778,0.00012356974,3.4765922e-05
C1QTNF12,-0.0002081152,-0.00045356154,-0.00031948276,0.00011575036,-0.0011296943,-9.243563e-05,0.00017044414,2.4246983e-05
MXRA7,0.00032443926,8.854084e-05,0.0002907049,-0.00020072423,0.0020313188,0.00014627818,-0.00011035334,-1.07048545e-05
ZNF75A,0.0001645349,0.0002687145,0.00027953647,7.3490664e-06,0.0012791827,-2.7136877e-05,-0.00023836363,-8.410425e-06
RGS18,8.19657e-05,-0.00028447248,-6.379187e-05,-0.00010273419,1.4141202e-05,0.00021240022,0.00014195777,6.746617e-06
LYZ,8.8496134e-05,0.00019416027,0.00035204552,-4.0642917e-05,0.0019970834,-0.00011918554,-0.0002743518,-8.440693e-06
KLB,0.00014428794,0.0005192552,0.00060244836,-2.7780421e-05,0.002871357,-0.0001801853,-0.00047837477,-2.1725311e-05
LUM,0.00015557185,0.0002648104,0.00033961795,-0.00020202063,-0.0035677925,0.0004050266,2.1932647e-06,-2.0457315e-05
COMMD9,3.941357e-06,-5.5180863e-05,2.7287751e-06,8.447282e-05,-0.00031763315,-9.956956e-05,-6.963033e-05,8.755713e-06
HIST1H3F,-0.00021708943,-0.00048895366,-0.00036055222,0.00012257323,-0.0011222437,-8.885935e-05,0.00019481964,2.6362599e-05
CSKMT,-0.0003194958,-0.0005671419,-0.00049265474,0.00014485698,-0.0028593019,-0.00013203453,0.0002918532,3.2283948e-05
PRAMEF2,-0.00023342669,-0.00049858354,-0.0003705714,0.00013063289,-0.0011661127,-0.0001041349,0.00019611884,2.7144444e-05
CCDC28A,0.00046398677,-2.135709e-05,0.00028466806,-0.0003055092,0.002008304,0.0002732696,-3.909506e-05,-1.0416261e-05
UBE2C,-0.00041805021,-0.00056067854,-0.0004892908,0.00019643828,-0.0017499626,-0.00016363012,0.0002544187,3.3038552e-05
OTUB2,0.0003814567,0.00038032234,0.00045598485,-0.00025308877,0.0016380623,0.00032241363,-0.0001690695,-2.374372e-05
BUD31,-6.98138e-05,-0.00020280294,-0.00013675727,9.705592e-05,-0.0005402714,2.325885e-05,5.3328462e-05,1.390581e-05
LAMP2,0.000120051205,-8.119084e-05,0.00012702495,-0.00013367739,-0.00063693523,0.00016100239,2.102647e-05,-2.7386704e-06
TSC22D3,1.8067658e-07,-0.00029932894,-0.00017499924,2.5931746e-05,-0.0005821809,2.306141e-05,0.00010282919,1.7851125e-05
FAM3A,1.4621764e-05,0.0002311226,0.00040111504,-7.182546e-05,0.0008761436,-0.00014575571,-0.00027397182,-1.1189026e-05
WDYHV1,8.420274e-05,9.800494e-05,0.00012709387,9.971019e-05,-0.0009489134,-2.9587187e-05,-0.00013386365,-5.100155e-07
CDO1,-0.0001242552,-0.0006141495,-0.00028574467,-8.7792985e-05,2.194941e-05,-2.041366e-05,0.00025996193,2.181041e-05
SPDYE3,0.00017402135,9.992905e-05,0.00025733002,-0.0001764521,0.0008753836,0.00018753391,-6.2301755e-05,-1.1196826e-05
LRRN4CL,0.00014738366,2.6514754e-05,0.00023840927,-0.00016200636,0.0016646534,0.00013273675,-7.5729564e-05,-7.591094e-06
CCDC58,5.185418e-05,-0.0003053844,-7.5886026e-05,-9.298138e-05,0.002010867,3.9213337e-05,7.48178e-05,1.2173317e-05
MEDAG,-0.0001437664,-0.00038449094,-0.00024726614,6.740447e-05,-0.0006697923,-4.948117e-05,0.00014246255,1.9852887e-05
VSIG4,-0.00021266565,-0.0007160641,-0.0006489903,0.00016246364,-0.0007919967,3.0418858e-05,0.00038633682,3.9049773e-05
HIST1H3C,-0.00021708943,-0.00048895366,-0.00036055222,0.00012257323,-0.0011222437,-8.885935e-05,0.00019481964,2.6362599e-05
RANBP10,0.00013955869,-6.4540654e-06,0.00018365122,-7.664692e-05,0.001078561,1.4701858e-05,-0.00010937918,-1.387787e-06
ODAM,-0.00021162629,-0.0004865732,-0.00035703555,0.000119164586,-0.001081422,-8.5116364e-05,0.00019404199,2.6134308e-05
YEATS4,-1.8214807e-05,-0.00018394366,-4.550256e-05,-2.268795e-05,-0.0004126504,5.4429285e-05,6.487034e-05,7.897615e-06
TMEM240,3.1404197e-05,-0.00039977208,-0.0003488399,3.394112e-05,-0.00053232163,0.0001804363,0.00023971032,2.2103195e-05
UBE2N,-0.00010030158,-0.00032792613,-0.0001936853,6.679166e-05,-0.00015446544,-3.6988407e-05,9.9573284e-05,1.7684302e-05
ZNF787,9.1517344e-05,0.00028900057,0.00047212094,-5.7931058e-05,0.0010854453,-0.00021216553,-0.0003469726,-1.37864845e-05
CCDC70,-0.00021708943,-0.00048895366,-0.00036055222,0.00012257323,-0.0011222437,-8.885935e-05,0.00019481964,2.6362599e-05
TMEM106A,-0.00031404383,-0.00058653206,-0.0004944764,0.00020729657,-0.0011695698,-0.00018888619,0.0002379911,3.3948803e-05
ID3,-0.00030528754,-0.0006409269,-0.00057794154,0.0001966441,-0.0017084405,-0.00014997972,0.00029939413,3.6869897e-05
ZNRF2,0.00025937706,6.802939e-05,0.00015612878,-0.0001689205,-0.00013893098,0.0003683772,3.632717e-05,-8.120085e-06
CGRRF1,0.00021527521,0.0002001021,0.00043582544,-0.00026182458,0.0009815618,0.00023908354,-0.00012348499,-2.12827e-05
PSMB11,-0.0001580324,-0.00041932985,-0.0003073141,5.753059e-05,-0.0015652105,5.6810677e-05,0.00022374559,2.0667445e-05
DCUN1D2,6.83032e-05,0.0001090318,0.00012779608,2.463162e-05,0.00025624037,-6.344821e-05,-0.00013120752,-4.4878107e-07
RPP25L,-0.0002528429,-0.00029529072,-0.0001490023,0.00012646522,-0.0004428476,-0.0003285585,-6.5788627e-06,2.0380132e-05
GTPBP8,0.00026763603,-5.2118674e-05,0.0002626665,-0.00027436297,0.0007700473,0.00015989039,-3.3768825e-05,-7.5867865e-06
DAZAP2,6.134808e-05,-0.00010467507,9.457581e-05,-9.827223e-05,0.0006134957,7.389486e-05,-5.217269e-06,6.798655e-07
ZNF740,-0.00019038655,-0.00019148178,-9.238906e-05,0.00013877824,0.00040583313,-0.00019489136,-3.2846816e-05,1.4090911e-05
C4BPB,-0.00021708943,-0.00048895366,-0.00036055222,0.00012257323,-0.0011222437,-8.885935e-05,0.00019481964,2.6362599e-05
MCUB,0.00023533963,-0.00012307987,0.00017206371,-0.0001614429,0.0020448938,1.3214536e-05,-7.161405e-05,-8.397037e-07
FOPNL,-7.563457e-05,-0.00032689795,-0.00014100596,3.58345e-05,-0.001021117,-1.885835e-05,9.776279e-05,1.38641335e-05
TMEM229B,0.00017849356,0.00020190887,0.00025363825,-2.25408e-05,0.00026953965,4.5660883e-05,-0.00018022489,-6.8863155e-06
PRRG4,-0.000111615285,-0.0006311238,-0.00048095733,7.266272e-05,-0.00034906715,3.2191165e-05,0.00030099228,3.0825147e-05
RHD,2.5942922e-05,-6.4089894e-05,-7.14194e-05,8.176919e-05,-0.00089885294,7.070042e-05,2.1910295e-05,7.3465053e-06
MC5R,-0.00023175776,-0.00040641613,-0.00033310056,0.00017104018,-0.0008427873,-0.00015103864,0.0001297025,2.62846e-05
PEBP4,-0.00013617054,-0.00044187345,-0.00026638992,3.535673e-05,-0.000118635595,-3.2915734e-05,0.00016894937,2.1007378e-05
CD247,-0.00024729595,-0.0005442444,-0.00038716383,8.507073e-05,-0.0007362217,-4.7843903e-05,0.00023921113,2.7431524e-05
MMGT1,0.00010262057,0.00010032952,0.0001622662,2.0501204e-05,-0.0008755699,-2.1358952e-05,-0.00012859795,-2.005021e-06
LRRC52,-0.00016782805,-0.00050492026,-0.0003703758,8.929707e-05,-0.0013065711,-8.186325e-06,0.0002336558,2.543442e-05
TEX101,-0.00029188767,-0.0005435217,-0.00037624314,0.00017572101,-0.00040555,-0.00032422924,0.00013198424,3.09241e-05
MRPL58,1.6085804e-05,-0.000190638,-3.2266602e-05,-3.6690384e-05,-0.00022351742,4.2021275e-05,5.005207e-05,7.965369e-06
TAAR6,-0.00021708943,-0.00048895366,-0.00036055222,0.00012257323,-0.0011222437,-8.885935e-05,0.00019481964,2.6362599e-05
ATL3,0.00022897497,0.00035833567,0.0004145857,-0.000102115795,-0.00035708398,0.00015789457,-0.00021788757,-1.866091e-05
OAZ2,-0.00010022521,-0.0002489239,-8.675642e-05,2.1303073e-05,-0.0007466972,-6.482564e-05,5.432125e-05,1.2579723e-05
RAD51AP1,-0.0001331307,-0.0006562285,-0.00045371987,4.0586106e-05,0.0017107278,-2.6865862e-05,0.00027863588,3.070396e-05
MOSPD1,0.00022204034,0.00032749027,0.00037741102,-0.00012412295,8.1047416e-05,0.00017408654,-0.00018004235,-1.7137383e-05
CLEC4G,-0.0001559928,-0.00042477623,-0.00027513504,9.029731e-05,-0.0005201474,-8.3426945e-05,0.00014318805,2.2209482e-05
TNFRSF6B,0.00022278726,0.00033603422,0.00036112405,-9.285938e-05,-0.00024395436,0.00017799251,-0.00018339884,-1.5901984e-05
PRAMEF1,-7.650629e-05,-0.00015895814,-9.629503e-05,9.586662e-05,-0.0013930872,-2.0471402e-05,2.9919669e-05,1.1255499e-05
ZNF626,8.5067e-06,-0.00054753944,-0.00020992383,-0.00015370827,0.00019451231,9.6806325e-05,0.0002512904,1.6475795e-05
TAF1D,0.000112939626,-0.00020392984,5.4957345e-05,-0.0001553446,0.0010393336,0.00014263391,4.632026e-05,3.8853614e-06
TAAR5,-0.00018342212,-0.00044786,-0.0003142394,0.00010377541,-0.00087789446,-7.205829e-05,0.00017041899,2.3893896e-05
CTNNA2,-5.234033e-06,7.1216375e-05,5.7145953e-05,0.00013925508,-0.0001912713,-0.00012774207,-0.0001539709,7.253606e-06
OSTC,-8.415431e-06,-0.00013850816,-2.47024e-05,4.4442713e-06,-0.00023087114,-1.6410835e-05,2.878718e-06,9.262818e-06
EMC8,-0.00035483018,-0.00043534674,-0.00052844547,0.00030425936,-0.0022116676,-0.00017051445,0.00020852778,3.517233e-05
LYVE1,-0.00040359423,-0.0007491484,-0.0007144958,0.00029676128,-0.0030584633,-0.00019509904,0.00037037954,4.384131e-05
GRPEL1,9.582937e-05,-0.0003010407,-7.524341e-05,-8.355174e-05,-0.00027875602,9.22028e-05,0.00011679437,9.569689e-06
TMEM98,-0.00033734366,-0.0002796352,-0.0002610311,0.00022828113,-0.0013552085,-0.00031845365,2.1361746e-05,2.5314279e-05
NKAIN3,-0.00028911233,-0.00059697777,-0.00045291148,0.00012779608,-0.002516508,-0.00012336858,0.00027170032,3.141223e-05
ZNRF1,-0.0002493728,-0.00062116235,-0.00051456504,0.00017747749,-0.0023481622,-2.9740855e-05,0.00030628406,3.3130636e-05
TEX33,-0.00020870939,-0.0004917085,-0.00036538392,0.0001186803,-0.0011062026,-7.7505596e-05,0.00020043645,2.6479946e-05
TMEM74B,-0.00040705316,-0.0010736752,-0.00087362714,0.00014835317,-0.0010115355,-6.313436e-05,0.00054867007,5.333149e-05
ZNF486,0.0003097374,0.00043606013,0.00046786107,-8.284114e-05,0.00013531744,0.00010516308,-0.00028825272,-1.981901e-05
PPP3R1,0.00042983145,0.00056773983,0.0007314347,-0.00018728059,0.0038514882,0.00012707524,-0.00045122486,-3.2314216e-05
LURAP1,-0.00015891157,-0.00031186081,-0.00025123172,0.00015718024,-0.00017248094,-0.00017361529,5.6041405e-05,2.2854074e-05
RPL34,-3.579259e-05,-0.00028850883,-0.00017221831,6.124843e-05,0.00012308359,3.6451034e-05,9.422563e-05,1.5195808e-05
NDUFB4,0.00013186038,-2.9465184e-05,0.00011870265,-7.9553574e-05,0.0007077232,0.00013147201,-2.4954788e-05,-1.9314466e-06
MAGOHB,0.00029060058,0.0002536457,0.00045995414,-0.00029413868,0.0017473623,0.00025871582,-0.00014682766,-2.165977e-05
TREML2,-4.318729e-05,-0.00024034828,-9.113178e-05,3.2381155e-05,-0.00019337237,-1.7020851e-05,5.2520074e-05,1.1214055e-05
NRN1L,-0.00031667762,-0.000483457,-0.0003723614,0.00017522462,-0.0016286597,-0.00015147682,0.00017630588,2.8108712e-05
ICAM2,-2.0742416e-05,-0.00052236207,-0.0003942717,0.00010748021,-0.00132557,8.697063e-05,0.00025053043,2.4427776e-05
TMED5,-0.00013280474,5.8153644e-05,9.1299415e-05,0.00010195188,0.00014109164,-0.00024849176,-0.00017512497,6.3222833e-06
PCED1B,7.6539814e-05,-0.00027546473,-9.564683e-05,-7.4906275e-05,0.00042948127,0.00017578527,0.00013481919,8.574105e-06
GCLM,0.00038991682,0.00027072616,0.0004100781,-0.00022032205,0.0023541376,0.00031053182,-0.00016469043,-1.975114e-05
FCGR1A,-0.00041550025,-0.0009688437,-0.0008315053,0.00024139415,-0.0010524318,-0.00015432714,0.00046029128,5.1953597e-05
SHISA2,-0.00057514943,-0.0010965075,-0.0011199601,0.00045704748,-0.004981339,-0.00024384912,0.0005683359,6.834685e-05
DAND5,-0.00012179278,-0.00039413944,-0.000246685,5.2527525e-05,-0.000377737,-8.5877255e-06,0.00014804956,2.0137872e-05
HIST1H2AL,-0.00021708943,-0.00048895366,-0.00036055222,0.00012257323,-0.0011222437,-8.885935e-05,0.00019481964,2.6362599e-05
ADH1A,-0.00020712614,-0.00049123913,-0.00035839528,0.0001154542,-0.0011190996,-7.9835765e-05,0.00019824877,2.6128022e-05
TMEM196,0.00035755523,0.000772411,0.00073295087,-9.3208626e-05,-0.0001874119,0.00017589517,-0.00045921747,-3.380212e-05
SSMEM1,-7.473305e-05,-0.0003660284,-0.00025082193,5.1042996e-05,-0.0007908717,2.773758e-05,0.00016501453,1.8390827e-05
LAMP3,-4.5105815e-05,-0.00042562932,-0.0002712831,2.2212975e-05,-0.0005475879,7.961504e-05,0.00019900408,1.9333791e-05
PSMC3IP,0.00012546219,0.00035266206,0.00044972077,-2.9180199e-05,0.001278691,-0.000106593594,-0.00032393355,-1.6827253e-05
RHBDL2,-0.00042728335,-0.00018189102,-0.00012287498,0.00025298912,-0.0011668131,-0.00043051736,-8.766819e-05,1.9507366e-05
MANSC1,-0.0002923794,-0.0002730172,-0.00010711327,5.8984384e-05,-0.00012283772,-0.00025374815,9.174459e-06,1.7917366e-05
APOBEC3H,-0.00021068938,-0.00048221461,-0.00035033748,0.00011854246,-0.0010478869,-8.9623965e-05,0.00018879212,2.5859219e-05
TMEM121B,0.00046818703,0.0006180089,0.0007953178,-0.00031353813,0.0024623275,0.00021932274,-0.00041188952,-3.5486533e-05
MTX2,9.643845e-05,-5.4450706e-05,0.00019706413,-0.00010550395,0.001468569,-5.1958486e-06,-9.739678e-05,-1.8364517e-06
R3HDML,-0.00021708943,-0.00048895366,-0.00036055222,0.00012257323,-0.0011222437,-8.885935e-05,0.00019481964,2.6362599e-05
HNRNPF,-0.00046815723,-0.0010600798,-0.0008749068,0.00021631736,-0.00205905,-8.902792e-05,0.0005274825,5.362346e-05
FGF7,-0.00026620924,-0.00052352063,-0.00037648156,0.00011728704,-0.0008809492,-0.00013177749,0.00020071678,2.8198003e-05
UBE2A,-0.00015395321,-0.00030932762,-0.00024859793,7.826928e-05,-0.001483649,1.3010576e-06,0.00015115365,1.9484665e-05
RPL27A,-4.8248097e-05,-0.00026899204,-0.0001434777,2.5808811e-05,0.00011395663,7.774588e-05,0.00010307878,1.2746314e-05
PARD6B,-6.687641e-05,-0.00020247139,-4.751794e-05,1.1152588e-05,0.00028680265,3.661029e-06,3.7759542e-05,8.017523e-06
GABARAPL2,-0.00027270056,-0.0005155038,-0.0003533885,0.00016419124,-0.0007573217,-0.00019416912,0.00015538931,2.8272974e-05
IBTK,-4.330091e-05,-0.0002654735,-3.9586797e-05,-6.20177e-05,-0.0014264956,9.126123e-05,0.00011195708,6.7402143e-06
MTHFD1L,-1.9930303e-05,2.0578504e-05,-6.435998e-05,0.00012822077,-0.0015507787,5.756505e-06,-2.4824403e-05,8.602161e-06
USP18,-2.655387e-05,-4.7789887e-05,9.750947e-06,9.9989586e-05,-0.0007194653,-7.990282e-05,-7.156562e-05,7.3818956e-06
FAM107A,-0.000201663,-0.0008549467,-0.00064031035,4.432723e-05,-0.00040959567,2.2500753e-06,0.00042649265,4.036608e-05
ZNF784,0.00041679293,0.00032081828,0.0005779527,-0.00033854507,0.002075009,0.00025089644,-0.00021907035,-2.6548165e-05
CIB4,-0.00019992515,-0.0004468728,-0.00033087656,0.00012269523,-0.0010460839,-8.514989e-05,0.00017221458,2.4783076e-05
VSTM4,-1.737848e-05,5.7082623e-05,0.0002855491,-4.032813e-05,0.0015004948,-0.00014396431,-0.00020572077,-4.856498e-06
LYRM1,6.775744e-05,0.00012285076,0.00020169653,1.7608516e-05,-0.0004695654,-4.2296946e-05,-0.00015146378,-4.2265747e-06
TM4SF5,-0.00020264275,-0.0004956573,-0.00037066825,0.00012589246,-0.001290366,-8.05594e-05,0.0002013687,2.6751193e-05
FCGR3A,-0.00048654713,-0.0010201465,-0.0009390954,0.00024729688,-0.0016354844,-8.8891946e-05,0.00054075476,5.6775636e-05
NOP10,-0.000107284635,-0.0003400948,-0.00019924901,3.8753264e-05,0.00031440705,-1.4416873e-06,0.00012242701,1.7414684e-05
EMD,0.00021518953,0.00014526397,0.00030924194,-8.654408e-05,0.00036958605,6.9033355e-05,-0.00016412977,-1.0532909e-05
CENPBD1,0.00021087378,0.00036721118,0.00047449023,-6.998889e-05,0.00074698776,5.2218325e-05,-0.0002918737,-1.9783969e-05
PRB3,-0.00021708943,-0.00048895366,-0.00036055222,0.00012257323,-0.0011222437,-8.885935e-05,0.00019481964,2.6362599e-05
SHISAL1,6.408617e-05,6.9471076e-05,3.3952296e-05,0.00014005415,-0.001558736,-6.687548e-05,-0.000116699375,6.4681517e-06
TSC22D4,-0.0004396271,-0.00051186606,-0.0005091056,0.00033573154,-0.0007632002,-0.00041503273,0.00011052098,3.9718696e-05
CEACAM6,9.7975135e-05,-0.00011283718,4.2287633e-05,-5.1831827e-05,-0.00045824796,6.7019835e-05,2.9513612e-06,4.04357e-06
MYADM,-6.5386295e-05,-0.00036701374,-8.612499e-05,-5.3943135e-05,-0.002085574,3.8774684e-05,0.00014956295,1.0190066e-05
UBL3,-0.0003921911,-0.0005148668,-0.0004987996,0.00027194712,-0.0013368502,-0.00020882394,0.00021027774,3.2707583e-05
NGB,-1.7430633e-05,-6.6794455e-05,-0.000113051385,0.00014945958,-0.0005427897,-7.444341e-05,-3.060326e-05,1.33932335e-05
ZNF506,8.386001e-05,0.0001409445,0.00019957684,-4.187133e-05,-0.00045033544,7.6990575e-05,-0.00011128094,-4.8830407e-06
INCA1,0.00029102713,0.0002926737,0.00041735917,-0.00015265495,0.0010125116,0.00014931988,-0.00020426232,-1.8271268e-05
ORAI3,7.694028e-05,0.000462085,0.00039264746,0.0001286203,0.0004974529,-0.00021167379,-0.0003991248,-1.1987984e-05
PPCDC,0.000114178285,-0.00018333271,-7.2181225e-05,-1.49142e-05,-0.000570558,0.00019113906,8.378364e-05,7.9649035e-06
TRIM48,-0.00020394474,-0.0005019158,-0.0003717877,0.00011307839,-0.0010941848,-7.1511604e-05,0.00020811614,2.6783673e-05
TRIM71,0.00049279816,0.00030951016,0.00050058216,-0.00028755702,0.0015406758,0.00042492524,-0.0001563942,-2.6283436e-05
FAM122B,0.00035220198,1.8067658e-06,0.00015034527,-0.00017883722,-0.0010593235,0.00030153338,2.8917566e-05,-5.2574323e-06
KLRC1,-0.00013965368,-0.0002301,-7.09109e-06,5.1190145e-05,-0.0006335601,-0.000148891,-2.0599924e-05,1.0040938e-05
RTP4,-0.00015538745,-0.00043484755,-0.00031010248,9.228662e-05,-0.0007632375,-4.2141415e-05,0.00017406512,2.3153727e-05
ZNF138,0.00026546046,0.0001836326,0.00027619675,-0.0001376234,0.0012349784,0.00015307963,-0.0001350129,-9.250129e-06
MMRN1,-0.0007064156,-0.0014662035,-0.0011344161,0.00014984421,-0.0032896996,-0.00019600475,0.0007751854,6.670074e-05
CREG2,0.0007225424,0.0009021666,0.0008930098,-0.00028417446,9.56133e-05,0.00055246707,-0.00041270908,-4.9506663e-05
CIB3,-0.00021162629,-0.0004865732,-0.00035703555,0.000119164586,-0.001081422,-8.5116364e-05,0.00019404199,2.6134308e-05
SEC11C,-0.00014237687,-0.00033320114,-0.0001906585,0.00010859873,-8.375198e-05,-0.00011312589,7.235445e-05,1.8391758e-05
STX19,-0.00020516105,-0.0004765764,-0.0003370121,0.00011883769,-0.00086052716,-0.00010833237,0.00017344486,2.5592395e-05
BTG1,-0.00073178485,-0.0016558468,-0.0014456529,0.00035007298,-0.0024128184,-0.00019700546,0.0008553285,8.503394e-05
GPX3,-0.00024132244,-0.00075998344,-0.0006399676,0.00012938771,-0.0042048395,-5.0505623e-06,0.0004265206,3.868516e-05
LGALS12,-0.00022753887,-0.00049558096,-0.00036660582,0.00012714788,-0.0011247545,-0.000100187026,0.00019505154,2.6889611e-05
C6orf163,1.9326806e-05,7.7813864e-05,7.506646e-05,6.466545e-05,2.6896596e-05,-1.5776604e-06,-9.849388e-05,2.4922192e-06
CCNI,-0.0005173478,-0.0012563299,-0.0010633655,0.00025151577,-0.0025234148,-9.8721124e-05,0.0006524315,6.376335e-05
C16orf46,-0.00014956295,-2.9493123e-05,4.8987567e-05,9.410549e-05,7.121265e-05,-0.00023392122,-0.00012267474,7.0626847e-06
LYPLA1,-3.9452687e-05,-0.00012664683,1.3573095e-05,-1.5955418e-05,-0.0012363419,3.0198134e-05,2.3972243e-05,5.959766e-06
GINM1,0.00020350888,0.0005480051,0.0006292295,-0.00012316275,0.0012220144,7.42618e-05,-0.00039101113,-2.5509507e-05
PTGDR2,0.00019660406,0.00016285479,0.00031585433,-0.00014272705,0.00036016852,0.00014884584,-0.00013405178,-1.0968768e-05
KRTAP10-4,-0.00021611154,-0.00047716498,-0.000343794,0.000115931965,-0.0010695308,-9.09511e-05,0.00018598605,2.5581801e-05
TYRP1,-0.0001910869,-0.0004441552,-0.00030828267,0.00010721944,-0.00088632107,-8.3186664e-05,0.00016419124,2.3716246e-05
RHOT2,-0.00046504103,-0.0008720085,-0.00078521855,0.00029068068,-0.0016710609,-0.00021962309,0.00039410125,5.0480594e-05
PSMB7,-0.000164181,-0.00058385916,-0.00042468868,7.371139e-05,-0.0011589006,-8.976087e-06,0.00027974322,2.8858427e-05
RBM7,-0.00014128163,-0.00026976876,-0.00025263056,0.00012918282,-6.867945e-05,-7.78269e-05,8.625258e-05,2.0779204e-05
ATF5,0.00047953054,0.0004183557,0.0005668681,-0.0002961196,0.0016272739,0.00039834436,-0.0002066074,-2.9665884e-05
FAM222A,0.0002366826,-9.49204e-05,0.00022040866,-0.00022164267,-0.000659883,0.00018576253,3.6880374e-06,-7.2694384e-06
NTPCR,-0.00011063181,-0.00010642968,-0.00011442974,0.000115444884,-0.0027461946,-5.1212497e-05,4.3042004e-05,1.1014286e-05
VMO1,-0.00010818988,-0.00041982345,-0.00030891038,6.897841e-05,-0.000759393,3.4837984e-05,0.00019397493,2.1884218e-05
ZNF146,-3.067404e-05,0.00013909303,0.00020707585,4.631281e-05,0.001406528,-6.8815425e-05,-0.0001902515,-3.834837e-06
RTN4R,0.0001399871,-0.00021906197,5.4555014e-05,-0.00018268265,0.0015359744,0.000100348145,5.41294e-05,3.3912947e-06
METTL27,-7.4524432e-06,-0.00018013828,-1.8013641e-05,-1.0674819e-05,-0.0005569011,2.2954307e-05,3.338512e-05,7.0071546e-06
SRP19,0.00011190213,-9.085052e-05,3.7917867e-05,-4.6635978e-05,-0.00022508204,9.2525035e-05,3.6684796e-06,4.127971e-06
SRA1,-3.7353486e-05,-0.00019099563,-7.5597316e-05,8.733012e-06,-0.00046780705,2.3671426e-05,5.7118945e-05,1.0131043e-05
CDIP1,-0.00043677352,-0.0003121607,-0.00030916557,0.00036027934,-0.0014096722,-0.0005398169,-4.2484142e-05,3.0590338e-05
SLC39A3,-4.713051e-05,-0.00016488135,-9.6116215e-05,9.6840784e-05,-7.519126e-05,-0.00010055676,-2.3297034e-05,1.5688245e-05
RABIF,7.7765435e-06,-0.00015114993,-0.00016441382,6.3097104e-05,-0.0017553866,0.00016015675,0.00012163911,1.0880525e-05
ARMC10,0.00022826903,-2.2640452e-05,8.6821616e-05,-0.00019182917,-0.0009856448,0.0004541641,0.00013288204,-7.2588446e-06
SMURF1,0.00010970235,-0.0001005549,4.906766e-05,-6.083306e-05,0.0005444065,6.7103654e-05,-7.5101852e-06,3.3634715e-06
PGA5,-0.0002322942,-0.0004986208,-0.00036722422,0.00012975931,-0.0010295287,-0.00011045532,0.00019125734,2.7162605e-05
RP13-996F3.4,-0.00021708943,-0.00048895366,-0.00036055222,0.00012257323,-0.0011222437,-8.885935e-05,0.00019481964,2.6362599e-05
YIPF4,6.521307e-05,1.542084e-05,4.8445538e-05,3.9594248e-05,-0.00077614933,6.1688945e-05,-4.40944e-05,3.3915276e-06
CD28,-0.00024095364,-0.000256313,-0.00019409321,0.00021627452,-0.0002567321,-0.00030111894,-1.4637597e-05,2.054742e-05
FAM187B,-0.00021162629,-0.0004865732,-0.00035703555,0.000119164586,-0.001081422,-8.5116364e-05,0.00019404199,2.6134308e-05
RPL31,3.0424446e-05,-0.00021311268,-6.8217516e-05,-1.359731e-06,0.0007535517,6.563682e-05,5.2346848e-05,9.281328e-06
MED20,9.6630305e-05,-0.00012493506,4.18555e-05,-3.7725084e-05,-0.00167761,4.1333027e-05,1.6335398e-06,5.223439e-06
TMEM185B,-0.00010183081,-0.00024010055,-9.3778595e-05,0.000120064244,0.0017331466,-0.0002751667,-5.6291e-05,1.531397e-05
LRRC38,-6.128289e-05,-0.00030275248,-0.00013518706,1.6643666e-05,-0.0001970306,-3.3235177e-05,8.244254e-05,1.4659599e-05
ATP6V0C,-0.0001558736,-9.617396e-05,-1.1606142e-05,8.832384e-05,-0.00010125339,-6.4512715e-05,-3.3470802e-05,8.4439525e-06
SELENOF,3.2000244e-05,-0.00010658242,5.3176656e-05,-5.1050447e-05,-0.0005065426,0.00011242367,2.5312416e-05,1.3394747e-06
LAMP5,-0.00034980476,-0.001095036,-0.001066519,0.00026049837,-0.0050687864,-1.3532117e-05,0.0006508799,6.160571e-05
CCND1,0.00015332177,-0.0001646243,-5.9224665e-05,-9.895768e-05,0.0010740012,0.00021691527,9.7178854e-05,5.4612756e-06
CLDN20,1.7333776e-05,-6.6520646e-05,5.0557777e-05,-5.211681e-06,-0.00021816045,4.9238093e-05,-1.8326566e-05,2.6033958e-06
EPO,-0.00027824007,-0.00046914257,-0.00038013048,0.00019289088,-0.0013367459,-0.00018139882,0.00016166829,2.8323266e-05
QPRT,0.00012046099,-0.00015469268,0.00014425069,-9.273738e-05,0.0024719387,-0.000111334026,-0.0001050299,2.6867492e-06
GULP1,0.00016367435,-0.00029157288,-0.00014503673,-0.00013666973,0.0011387318,0.00022844225,0.0001711268,1.1053053e-05
LRRC7,-5.4810196e-05,-0.00025193393,-1.2589619e-05,-6.39325e-05,-0.0011244044,8.096453e-05,8.70442e-05,6.1613973e-06
COPS9,0.000114826486,3.4241006e-05,0.00013287738,-3.806874e-05,0.0010947287,6.426405e-05,-8.2392246e-05,-1.2955861e-06
INSL3,-0.00023272075,-0.00050295703,-0.00037568063,0.0001313826,-0.001138024,-0.000102939084,0.00019895472,2.737681e-05
PLEKHJ1,-7.378124e-05,-0.00024556927,-0.00010611862,9.9679455e-06,-0.00041856617,-3.287103e-05,7.360708e-05,1.2412434e-05
GPR55,-5.6646764e-05,-4.4992194e-05,2.4316832e-05,5.7329424e-05,0.00021579862,-5.3949654e-05,-5.7556666e-05,5.7508005e-06
TBC1D21,-0.00018198974,-0.0004716292,-0.00033624843,0.00010265689,-0.0008501038,-6.777886e-05,0.00018622074,2.4928246e-05
METTL24,-0.00016776659,-0.00040397234,-0.0002784487,8.721929e-05,-0.0010133684,-6.86096e-05,0.0001560254,2.1330896e-05
CLDN8,-0.00021708943,-0.00048895366,-0.00036055222,0.00012257323,-0.0011222437,-8.885935e-05,0.00019481964,2.6362599e-05
NDFIP1,-0.0002349373,-0.00057453103,-0.00045540184,0.0001625605,-0.001514025,-7.654913e-05,0.00025549158,3.0705705e-05
CINP,-3.0245632e-05,-0.00021201931,-9.374879e-05,-4.5456924e-05,0.00032117218,3.9788894e-05,9.251945e-05,9.992975e-06
BNIP3L,-0.00028995238,-0.00067147985,-0.0005059149,0.000146606,-0.00083489716,-0.00010519847,0.00028190576,3.5147532e-05
PEBP1,-0.00022686087,-0.00044878386,-0.00034147315,0.0001515001,-0.0007234961,-8.572359e-05,0.00016364176,2.595596e-05
GPR15,-0.00020601228,-0.0004918277,-0.00036164,0.000115136616,-0.0011860132,-7.228553e-05,0.00020259153,2.6160269e-05
INKA1,0.00012233295,8.122437e-05,0.00018377602,-3.4037046e-05,0.0016753748,-3.497023e-05,-0.00014937203,-1.4647376e-06
SDHA,-4.3477863e-05,1.9028783e-05,0.000113833696,-5.9477054e-05,-0.0007531494,7.552281e-05,-2.7544796e-05,-4.6705827e-07
GABARAP,-0.00016019307,-0.0004574787,-0.00030261837,7.73333e-05,-0.00011049211,-2.4433248e-05,0.00018407311,2.2323336e-05
RHBDD2,-0.00023918226,-0.00020841509,-0.00022645481,0.00018978491,-0.0014382079,-0.00012804475,6.0134567e-05,1.8982333e-05
TLDC2,-0.00022135675,-0.00051279925,-0.00038685836,0.00012397673,-0.0013497844,-7.124059e-05,0.00021899119,2.7267146e-05
CCNI2,-0.00031911395,-0.0005788058,-0.00047934242,0.0002127951,-0.0013952553,-0.00020762393,0.0002105292,3.4587574e-05
XCR1,-0.0001940988,-0.00049299374,-0.00036115013,0.00010721572,-0.0012432486,-5.5423938e-05,0.00020943768,2.5868183e-05
PDC,-0.00015534088,-0.00040916726,-0.00027532317,7.153675e-05,-0.0010185763,-5.0717965e-05,0.00016453303,2.0980951e-05
UBE2L6,-2.9688701e-05,0.00015556067,0.00022308715,5.2562915e-05,-0.0004530251,-7.197913e-05,-0.00018596184,-3.3245888e-06
FADS6,8.067489e-05,-9.838864e-05,-7.102266e-06,-2.652686e-05,0.0009037107,6.9941394e-05,1.4700927e-05,4.345551e-06
SAMD1,-0.00019375421,-0.0005261246,-0.00036805868,0.00011520181,0.0016379356,-0.0002247584,0.00013174582,3.117975e-05
NME4,-0.0001461748,-0.00024343841,-0.00015930273,0.00011221226,-0.00041665137,-0.00014141528,3.8843602e-05,1.6015605e-05
MTA3,0.00034496374,0.00028293952,0.00045746937,-0.00029115006,0.0019588247,0.00030356366,-0.00016662385,-2.0110165e-05
HDDC3,-0.00016951747,6.216578e-05,0.00013669394,0.00016950537,0.001915507,-0.00045064092,-0.00028088223,6.5249624e-06
RAD9A,0.00016915984,6.505288e-05,2.0034611e-05,3.4963712e-05,-0.0010114685,0.00018782075,-1.2745149e-05,1.8994324e-06
METTL18,0.00023384951,0.00017951243,0.00025749393,-9.8581426e-05,0.00058152527,0.00016445573,-0.00013260636,-8.19657e-06
PNMA1,-0.0002554506,-0.00030384772,-0.00019495003,0.00015947316,-0.00085078925,-0.00017119944,4.873611e-05,1.9788858e-05
ALG1L,0.00010821037,3.019534e-05,0.00013625994,-1.7074868e-05,0.0006072372,1.6376376e-05,-0.00010085199,-5.441252e-07
SNAI2,-0.00016770512,-0.00042336807,-0.00041648,0.0001521483,-0.00010666996,2.7933158e-05,0.00022489298,2.6529655e-05
RAB9B,0.00020301156,0.0001965072,0.00021505542,8.8158995e-06,0.00043746084,8.852221e-05,-0.0001667412,-4.7689537e-06
CETN2,-0.00029421784,-0.00051517785,-0.00041013584,0.00020535011,-0.001917392,-0.00021905918,0.00017329864,3.108033e-05
EBI3,9.1623515e-05,-0.0003937725,-9.007938e-05,-0.00016253721,0.00019540638,0.00023793522,0.00020283088,7.753959e-06
POP5,-0.00019643828,-0.00013459288,-6.566569e-05,0.00012935884,0.00030748546,-0.00027175574,-7.086899e-05,1.4350982e-05
RPSA,-0.00029597804,-0.00065133534,-0.00051288493,0.00019406714,-0.00091835856,-0.00012550782,0.00026316475,3.528397e-05
UQCRB,-0.00032101572,-0.0007190574,-0.0006200373,0.00021223538,-0.0011233985,-9.8884106e-05,0.00033134408,4.0366896e-05
HDHD3,-0.000107869506,-7.0231035e-05,6.5365806e-05,-1.586508e-05,-0.0021621063,3.1641684e-05,1.7052516e-05,1.0879012e-06
IQCF2,-0.00021708943,-0.00048895366,-0.00036055222,0.00012257323,-0.0011222437,-8.885935e-05,0.00019481964,2.6362599e-05
METTL11B,-0.00023195148,-0.00044103153,-0.00035369396,0.00014385674,-0.0013287067,-0.00010147225,0.00017531682,2.6339316e-05
EXOSC5,0.00012671947,2.3011118e-05,0.00015522912,-6.595813e-05,0.00029263645,3.273785e-05,-8.686446e-05,-1.0337681e-06
MAGEA11,-0.00020631775,-0.0004849173,-0.0003542602,0.00011602696,-0.0010397956,-8.155126e-05,0.00019359961,2.5945832e-05
C19orf24,-0.00021708943,-0.00048895366,-0.00036055222,0.00012257323,-0.0011222437,-8.885935e-05,0.00019481964,2.6362599e-05
CALM2,-0.0005600527,-0.0011931285,-0.0010456946,0.00032155588,-0.001726687,-0.00017456897,0.00058097206,6.357918e-05
EFCAB11,-3.4170225e-05,-0.00011471473,-6.3069165e-05,3.910903e-05,-0.00032684207,-4.0493906e-06,1.07502565e-05,9.628595e-06
PPIF,1.9980595e-05,-9.523705e-06,2.2109598e-05,2.341438e-05,-0.0014249757,5.8127567e-05,-1.4455058e-05,4.742411e-06
TOR4A,6.077625e-05,1.9740313e-05,0.00013012812,7.74879e-05,0.00055262446,-0.00016724272,-0.00016080681,1.3924437e-06
CD3E,-0.00015410408,-0.0003204923,-0.00020593591,8.4159896e-05,-0.00097191334,-5.3851865e-05,0.000109094195,1.7570332e-05
COL13A1,0.0002209302,0.0002026204,0.00029716268,-9.026844e-05,0.00062262267,0.000120740384,-0.00015295204,-1.2458535e-05
GGH,-0.00028240494,-0.00028304756,-0.00020720065,0.00015088078,-0.00073474646,-0.00025434373,3.675092e-05,2.1271058e-05
CHIC1,0.000199873,7.333979e-05,0.00021660514,-0.00010958966,-0.00058987737,0.00013008434,-7.404573e-05,-6.8269437e-06
METTL5,-0.00028911047,3.990531e-05,6.8977475e-05,0.0001981128,0.00015512854,-0.0003632293,-0.00020145718,8.451985e-06
MED18,8.6328015e-05,0.0005600266,0.0005603917,3.7261285e-05,0.0019591749,-0.00025306642,-0.0005003186,-1.7741462e-05
UBE2M,-0.00013933517,-0.00031181797,-0.0002723839,0.00018406939,-0.00041034073,-0.0001644278,6.967969e-05,2.282008e-05
C22orf15,8.237362e-05,-0.00013655238,-2.7725473e-05,1.0832213e-05,-0.0013686344,2.0976178e-05,2.6696362e-05,6.934395e-06
ZNF114,0.00055269524,0.0009008646,0.0009558927,-0.00024237111,0.0012325644,0.0001929393,-0.0005615847,-4.5053544e-05
CD70,-0.00021708943,-0.00048895366,-0.00036055222,0.00012257323,-0.0011222437,-8.885935e-05,0.00019481964,2.6362599e-05
FAM110D,0.00015210174,8.063391e-06,0.0001651533,-9.296741e-05,0.0006296709,0.000111848116,-5.703047e-05,-3.6793062e-06
ZADH2,5.3772703e-05,0.00024233386,0.00015272014,9.3475915e-05,0.0009888187,-3.222935e-05,-0.00019674096,-1.3165409e-06
TMEM134,0.0001278799,-0.00011711568,-4.5731664e-05,4.088506e-06,-0.00016041845,7.8215264e-05,2.0743348e-05,8.155359e-06
HDGFL1,-0.00021162629,-0.0004865732,-0.00035703555,0.000119164586,-0.001081422,-8.5116364e-05,0.00019404199,2.6134308e-05
CD38,-0.00011670962,-0.00053911656,-0.00036039017,3.884174e-05,-0.0008238256,1.9739382e-05,0.0002511926,2.4755136e-05
BCAP29,-0.00017096847,-6.874651e-05,-6.6906214e-06,0.00014529377,-0.00048244745,-0.0002091541,-9.2581846e-05,1.0000658e-05
NPDC1,-0.00023900717,-0.0005532205,-0.00047191605,0.00017629564,-0.0019357279,-3.7463382e-05,0.00026520155,3.1301402e-05
TPRG1,-0.00019201823,-0.00038588047,-0.000271257,0.00014280342,-5.4314733e-06,-0.00018178299,8.3222985e-05,2.407562e-05
CCT8,-7.0352107e-06,-0.00018744357,-7.456355e-05,3.5057776e-05,0.00038693845,-5.6177378e-06,2.7425587e-05,1.0645133e-05
CLDN25,-0.00021708943,-0.00048895366,-0.00036055222,0.00012257323,-0.0011222437,-8.885935e-05,0.00019481964,2.6362599e-05
BSND,-0.00021708943,-0.00048895366,-0.00036055222,0.00012257323,-0.0011222437,-8.885935e-05,0.00019481964,2.6362599e-05
GINS3,5.842559e-05,-0.00011250004,-1.4286488e-06,-6.152503e-05,-0.0004516393,0.00015712343,7.431302e-05,2.353103e-06
BCL2L10,-0.0001993496,-0.00050218776,-0.0003611073,0.000114995986,-0.00083028525,-9.237602e-05,0.0001931563,2.6724767e-05
TRIM64B,-0.00016573258,-0.00043568015,-0.0003024377,8.8737346e-05,-0.0010632575,-4.0395185e-05,0.00017860811,2.2519613e-05
NCR3,-0.00013435632,-0.00039514713,-0.00024184957,6.523635e-05,-0.00043910742,-3.697537e-05,0.0001424076,1.946895e-05
STT3A,-2.4262816e-05,-5.228445e-06,8.5869804e-05,2.1784566e-05,0.000621967,-5.4592267e-05,-8.895714e-05,2.9843068e-06
PTN,-0.00057084113,-0.00096264854,-0.00081204996,0.00031253975,-0.0012434646,-0.0003215419,0.00039500836,5.3390744e-05
EYA3,-1.8283725e-05,0.00028668158,0.00030840375,0.000105263665,0.0010812506,-0.00021465775,-0.00032448117,-5.9198355e-06
PAK1,-6.514788e-05,-9.8960474e-05,2.462417e-06,2.5459565e-05,7.50646e-05,-6.225426e-05,-3.3296645e-05,9.2551345e-06
SNRPA1,-0.0001887884,-0.00018242002,-0.00010417029,0.0001065908,-0.00062745064,-0.00012271293,1.6845763e-05,1.3457844e-05
KIR2DL4,-0.00021708943,-0.00048895366,-0.00036055222,0.00012257323,-0.0011222437,-8.885935e-05,0.00019481964,2.6362599e-05
NPM1,-0.00032629445,-0.0006919317,-0.00053734146,0.00018049218,-0.00039763004,-0.00013655191,0.0002807984,3.692077e-05
KCTD11,1.9043684e-05,-0.00015492551,-1.43535435e-05,-3.31467e-05,-0.0007643774,6.709155e-05,4.8232265e-05,5.835551e-06
PIH1D2,2.2241846e-05,-0.00020769238,-1.8805265e-05,-9.4961375e-05,-0.00028980523,6.610621e-05,8.4167346e-05,5.478272e-06
SIKE1,0.00031751208,0.00041617453,0.0005523581,-0.00023972709,0.002244711,0.00021853112,-0.00026604813,-2.4942216e-05
HMBS,-0.00015609339,-0.00037832744,-0.00014020503,5.5413693e-05,0.000870347,-0.00023154262,3.759004e-05,1.761748e-05
PNOC,0.00028410368,0.000407869,0.0004683677,-2.0865351e-05,0.00061908364,-4.6780333e-06,-0.00035578292,-1.5643775e-05
NANOS3,-0.00029957108,-0.0002971217,-0.00017545931,7.90013e-05,0.0008274019,-0.00019201916,5.248934e-05,1.9155443e-05
GAS1,-0.00022232346,-0.00063898787,-0.00050681457,0.00013149623,-0.0006363839,-7.591862e-05,0.00028424617,3.4423196e-05
MAB21L4,-0.0003121607,-0.00043194368,-0.00034926273,0.00020715222,-0.0011597797,-0.00021860981,0.00012486242,2.7348986e-05
ZNF691,-0.00012258254,6.300211e-05,9.099953e-05,3.4643337e-05,-0.0012721121,-2.100505e-05,-5.4607168e-05,-1.9476283e-07
RILPL2,-0.00042342208,-0.0006418228,-0.00049849786,0.00018917955,-0.0021234676,-0.00020468328,0.00027121138,3.4710392e-05
SP6,0.00014467165,3.4365803e-05,0.00014629215,-5.498994e-05,0.00035987794,8.00211e-05,-7.660128e-05,-1.9100262e-06
HDGFL3,-0.00034204312,-0.0011128057,-0.0009094551,0.0001473343,-0.0020843074,5.913526e-05,0.0006118966,5.3232652e-05
CXXC4,-0.00061558,-0.001595337,-0.0014162473,0.00030605495,-0.0020901263,-0.000108034816,0.00085362606,8.223567e-05
PIH1D1,4.950352e-05,-0.00020269491,-2.1958724e-05,-6.715488e-05,-2.6375055e-06,3.4769997e-05,5.2110292e-05,7.5312564e-06
TRIR,-0.00012336299,-0.0004079882,-0.0003123004,8.1258826e-05,-0.0003812015,3.0444935e-06,0.0001811171,2.3029395e-05
INS,-0.00024260208,-0.0005248729,-0.0004046932,0.00013943296,-0.0013283044,-9.769108e-05,0.00021802448,2.8684619e-05
PDE6D,-0.0002146978,-0.0002767574,-0.00022158399,0.00015970692,-0.0011911318,-0.0002059238,5.0310977e-05,2.078421e-05
CCDC92,0.0002901815,0.00026660785,0.00038425438,-0.00023237802,0.002720371,0.00019162986,-0.00016990397,-1.5252037e-05
TBATA,-0.00021708943,-0.00048895366,-0.00036055222,0.00012257323,-0.0011222437,-8.885935e-05,0.00019481964,2.6362599e-05
KCTD14,-0.00027889013,-0.000553621,-0.0003966689,0.000112115405,-0.0016308874,-0.00010735635,0.00023386814,2.8239214e-05
PMVK,-0.00014629215,-0.0003348589,-0.00017900206,7.694401e-05,-0.0005615577,-0.0001471173,7.685367e-05,1.7790124e-05
U2SURP,-0.00038456358,-0.0009864774,-0.00081374496,0.00021173712,-0.0022840947,-8.631591e-05,0.0004883185,5.066977e-05
ZNF684,0.00016438589,0.0003761649,0.00028002635,8.94377e-05,-0.0010495186,2.6841648e-05,-0.0002565952,-8.1608305e-06
NRIP3,0.0005662441,0.00021854602,0.0005786009,-0.0004375903,0.0033078566,0.00031490438,-0.00017175172,-2.7928269e-05
KLK1,-0.00021708943,-0.00048895366,-0.00036055222,0.00012257323,-0.0011222437,-8.885935e-05,0.00019481964,2.6362599e-05
WFDC3,-0.00012478791,-0.0003455542,-0.0002504941,0.000120713376,-0.0014665425,-7.356517e-05,0.00012309942,1.9654864e-05
RFPL2,-5.9409067e-05,-0.00028854236,-0.00024508312,9.1757625e-05,-0.0006645471,3.0185096e-05,0.00012924522,1.8198742e-05
FAM84A,-0.00021708943,-0.00048895366,-0.00036055222,0.00012257323,-0.0011222437,-8.885935e-05,0.00019481964,2.6362599e-05
VGLL4,-7.9004094e-05,-0.0001837723,7.7955425e-05,-4.3741427e-05,0.00030688941,-0.00015563658,-5.713757e-05,7.062801e-06
SYCE1L,0.0002518352,-7.445365e-05,-2.113171e-05,-2.839882e-05,0.0005270466,0.0001769159,2.4817884e-05,3.909343e-06
MSRB2,0.00013198331,-0.00029965304,-0.00010706857,-9.836629e-06,-0.0018340424,1.6990118e-05,8.926261e-05,1.2741657e-05
LRRC69,-0.00020425208,-0.0005203206,-0.00038990937,9.559747e-05,-0.0016135648,-1.0539778e-05,0.00025108643,2.6206602e-05
C10orf88,0.00034183078,0.0006608125,0.0007164236,-0.00015699398,0.00059214234,9.7566284e-05,-0.00042586494,-3.2489537e-05
ATP5PO,1.11777335e-05,-0.00027015805,-0.000130333,2.2154301e-05,0.00016701967,5.045999e-05,8.851383e-05,1.2579025e-05
TSPAN19,-0.00017070211,-0.00016122498,-4.855171e-05,8.670427e-05,0.0011691675,-0.00021706428,-6.4802356e-05,1.3421057e-05
AIMP2,0.00037240237,0.00059490465,0.0008580964,-0.00033923425,0.0025899187,9.51672e-05,-0.0004542889,-3.669411e-05
HESX1,-4.2593107e-05,-0.00019443408,-6.735511e-05,3.6113895e-05,2.3841858e-07,-2.2080727e-05,2.3418106e-05,1.0503456e-05
MRAP,-0.00019783154,-0.0005449839,-0.00038589165,0.000105024315,-0.0007432103,-8.229539e-05,0.00021751784,2.7897418e-05
APOO,-0.00016588531,-0.00026376173,-0.00028452836,0.00020587165,-0.00066661835,-0.00012644753,7.5805e-05,2.3199944e-05
HRASLS5,-0.00021708943,-0.00048895366,-0.00036055222,0.00012257323,-0.0011222437,-8.885935e-05,0.00019481964,2.6362599e-05
AMN1,-7.428974e-05,-0.00017509982,-1.1229888e-05,-7.637776e-06,-0.0010508373,1.0919757e-05,4.377868e-05,6.856164e-06
TMEM204,0.00052833743,0.0004833825,0.00060816854,-0.00024074037,0.0013509691,0.00031177048,-0.0002900334,-2.8931536e-05
ZCCHC12,-0.0002586823,-0.00023883395,-0.00019332767,0.00018387008,-0.0016515106,-0.00021593226,3.616698e-05,1.9452069e-05
HIST1H4I,-0.00021708943,-0.00048895366,-0.00036055222,0.00012257323,-0.0011222437,-8.885935e-05,0.00019481964,2.6362599e-05
C8orf86,-8.438341e-05,-0.00033012405,-0.00016981736,3.5787933e-05,-0.00022546947,-1.7352402e-05,0.00010596495,1.5550875e-05
FURIN,0.00034694187,-2.7213246e-06,0.00027148053,-0.000255025,0.001874052,0.00028374884,-3.479235e-05,-1.0509626e-05
KATNBL1,-4.2485073e-05,-0.00016206875,-6.6109e-05,5.394779e-05,0.00033949316,-8.85874e-06,8.489005e-06,1.077191e-05
SPRYD4,-0.00033251382,-8.7806955e-05,0.00011876598,6.66026e-05,0.00015614927,-0.00032739947,-0.00014777575,6.785267e-06
ODAPH,7.5588e-05,7.481687e-05,0.00026033446,-4.9429014e-05,0.00142508,-3.666617e-05,-0.00017305184,-5.577691e-06
ITM2B,-0.00033959746,-0.00055690855,-0.00037361681,0.00013485178,-0.00011365116,-0.00019612629,0.00018262863,2.9156567e-05
ADH7,-0.00020017661,-0.00041333027,-0.00029853545,0.00013294257,-0.0009284094,-0.000108456705,0.00013984367,2.3382832e-05
PSMA5,-0.000305878,-0.00044614822,-0.00030908175,0.00013613421,-0.0016758665,-0.00021462701,0.00013935007,2.6116497e-05
RB1CC1,-0.0006800853,-0.0012743473,-0.0011064317,0.00033668708,-0.0022624806,-0.00020729518,0.0006239908,6.809516e-05
MOB1A,9.951927e-05,-0.00042183138,-0.00023389049,-5.1802024e-05,5.6900084e-05,9.809993e-05,0.00018869899,1.7914223e-05
MRPL50,0.00017298386,-6.135553e-05,0.000100228935,-0.00012745894,-0.0010761991,0.00022995844,4.1456893e-05,-2.1363376e-06
TAF9B,3.344193e-05,0.00020456128,0.00040571392,-9.032618e-05,0.0014234558,-0.0001744125,-0.00029059593,-9.589712e-06
IRGC,-0.00021708943,-0.00048895366,-0.00036055222,0.00012257323,-0.0011222437,-8.885935e-05,0.00019481964,2.6362599e-05
RPP25,8.7123364e-05,0.00036293082,0.00041957572,2.7809292e-05,0.0013591796,-0.00022581778,-0.00038945582,-9.292387e-06
ZNF670,4.4083223e-05,0.00012035109,0.00024888664,-3.501959e-05,0.00047139823,-5.1324256e-05,-0.00016084779,-5.7538273e-06
TCEANC2,0.00019111484,0.00034154952,0.00043479167,-7.458031e-05,0.00035168976,-1.9840896e-05,-0.00028643105,-1.5767524e-05
CEACAM18,-0.00021708943,-0.00048895366,-0.00036055222,0.00012257323,-0.0011222437,-8.885935e-05,0.00019481964,2.6362599e-05
NAT8L,-0.00015939027,-0.0004195068,-0.00029141828,0.00012628362,0.0006387904,-0.00025351206,8.04076e-05,2.5491929e-05
TRABD2B,-0.0005304348,-0.0009628553,-0.0008796975,0.0002844166,-0.004450701,-0.00024419185,0.0005030921,5.317165e-05
PPIL1,-3.839843e-05,9.422563e-05,0.00022217818,4.325062e-06,0.00026442856,-0.000102495775,-0.00017304067,-2.6474008e-06
CLEC12B,-0.00021708943,-0.00048895366,-0.00036055222,0.00012257323,-0.0011222437,-8.885935e-05,0.00019481964,2.6362599e-05
HIST1H4A,-0.00021708943,-0.00048895366,-0.00036055222,0.00012257323,-0.0011222437,-8.885935e-05,0.00019481964,2.6362599e-05
ASB12,-0.000203114,-0.0003244467,-0.00023382157,0.00014304649,-0.00047633797,-0.0001709899,6.6041015e-05,2.1499349e-05
PTGDS,-0.0002671145,-0.0005325489,-0.00033618324,0.00014400948,0.0009078458,-0.00030495226,9.841286e-05,3.06085e-05
LRRC2,-4.6161935e-05,-0.00035099126,-0.00020682439,-1.0932796e-05,3.3430755e-05,8.123554e-05,0.00016257167,1.611549e-05
ORM2,-0.00022479892,-0.0004972257,-0.00036888942,0.0001267977,-0.0010883063,-9.789877e-05,0.00019650534,2.695818e-05
ZDHHC11,0.0006942153,0.000736285,0.00079263,-0.00033793598,0.0025935099,0.0004966762,-0.00036586542,-4.2851083e-05
GLTPD2,-0.00017433614,-0.00047497824,-0.00031338818,6.370526e-05,-0.00093504786,-1.28578395e-05,0.00020774081,2.2724853e-05
SPAG7,7.8286976e-05,0.00030679628,0.00025171973,6.881729e-05,-0.00023014843,1.5454367e-05,-0.0002175169,-7.822993e-06
PLA2G12B,-0.00024854392,-0.0005119294,-0.00038523972,0.00013935845,-0.0011834204,-0.00011785701,0.00020000711,2.8128736e-05
CCDC74A,0.00021185167,-0.00020611286,-5.711429e-05,-0.00023155846,-0.00025146455,0.0004451247,0.00023144856,1.6207341e-06
NQO2,-8.21352e-05,2.4728477e-05,0.0001365263,5.5789948e-05,0.00018601865,-0.00019117724,-0.00015654135,2.7815113e-06
CEP19,0.00023528934,0.00024233758,0.000364149,-0.000101896,0.00017914176,4.796032e-05,-0.00020126719,-1.3858778e-05
RSPRY1,-2.7634203e-05,-0.000115444884,-1.7451122e-05,2.1565706e-05,9.214878e-05,-2.094917e-05,-1.3973564e-05,8.679344e-06
AP3S2,0.00048630126,0.0003450606,0.0004966147,-0.00021158718,0.0042712763,0.00016950257,-0.00026975293,-2.2963155e-05
PGP,4.8466027e-05,-0.00027239136,-0.0001265239,-3.9942563e-05,-0.0012962669,0.00012376718,0.00013950281,1.2111617e-05
YIPF7,-0.00020055659,-0.00045278482,-0.00031014718,0.000100891106,-0.00086826086,-8.7081455e-05,0.0001684567,2.3915083e-05
NUCKS1,-0.0004532691,-0.0010672007,-0.0008716658,0.00022941269,-0.0017276183,-0.000112149864,0.00051811244,5.361205e-05
FXYD3,-0.00034708716,-0.00075567514,-0.0006251093,0.00023286045,-0.0022247955,-0.00014917273,0.00032608956,4.1352818e-05
NENF,0.00012044981,-0.00023852661,-0.00011343509,-4.9395487e-05,0.00015988201,0.000160289,0.00012510084,8.568866e-06
GOLGA7,-0.00011839531,-0.00018597022,-7.591024e-05,9.669643e-05,0.00058597326,-0.00018813089,-3.9374456e-05,1.4439807e-05
DIO1,-0.00021068938,-0.00048221461,-0.00035033748,0.00011854246,-0.0010478869,-8.9623965e-05,0.00018879212,2.5859219e-05
ORC6,-0.00027607568,-0.00057962723,-0.00044044852,0.00013800524,-0.0002815649,-0.00012825895,0.00022809487,3.1413278e-05
CXorf58,-0.00021162629,-0.0004865732,-0.00035703555,0.000119164586,-0.001081422,-8.5116364e-05,0.00019404199,2.6134308e-05
FCRLA,-0.0002992358,-0.0004651118,-0.00033075362,0.00016052276,-0.00037372857,-0.00024238322,0.00011927821,2.7931295e-05
RAET1E,-1.6679987e-05,-0.0002674032,-0.0001572948,4.0410087e-05,-0.00051920116,8.831732e-06,9.350106e-05,1.4037942e-05
NDUFS4,-0.0003111288,-0.0005750898,-0.0004548002,0.00017509796,-0.0013445914,-0.00014590798,0.00023572333,3.2242853e-05
RNF138,-0.00039543398,-0.00034331717,-0.00036852062,0.00029699504,-0.0015619621,-0.00023798319,9.016413e-05,2.9158196e-05
MOB1B,2.870895e-05,-7.897057e-05,-9.3482435e-05,0.00011709705,-0.0006987825,5.523488e-05,6.218441e-06,1.0452e-05
DCAKD,-0.000108482316,-8.593127e-05,-1.8574297e-05,0.00012968946,-0.0011872202,-0.00020072795,-6.87344e-05,9.670504e-06
MGP,0.00045682862,0.00042621046,0.00060446747,-0.00025633443,0.0014735609,0.00032430515,-0.00025477912,-2.9312214e-05
RNF148,-0.00021708943,-0.00048895366,-0.00036055222,0.00012257323,-0.0011222437,-8.885935e-05,0.00019481964,2.6362599e-05
DPPA2,-0.00020021759,-0.0004744567,-0.00035000965,0.00011466257,-0.0012696385,-7.433072e-05,0.00019257236,2.5670277e-05
VOPP1,-0.00029236265,-0.00055511855,-0.00060164183,0.0002837684,-0.0022312403,-6.143469e-05,0.0002833614,3.8630213e-05
TMED6,-0.00028437935,-0.00048042275,-0.00038629398,0.0001851907,-0.0007381588,-0.0001919521,0.00015290082,2.9949239e-05
FAM104A,3.337115e-05,-0.00027426705,-3.6042184e-05,-0.00012039859,0.00052119046,8.7032095e-05,0.00010600686,6.7955116e-06
MRM1,-3.476441e-05,-0.00021770969,-1.6538426e-05,-3.9029866e-05,-0.00042063743,-1.3914891e-05,3.3982098e-05,8.899602e-06
LYPD3,0.00010684505,0.00010690838,0.00019708835,-4.1136518e-05,-0.00028715283,0.00012168754,-9.579677e-05,-5.453825e-06
LYPD6B,-0.00029351935,-0.00044821575,-0.0004273951,0.00023697317,-0.0012416244,-0.00022275327,0.00014555547,3.2450887e-05
GRIK1,0.00039990805,0.000588553,0.00068600103,-0.00025747716,0.002921097,0.0001784563,-0.0003885543,-2.8776005e-05
A3GALT2,-0.00012828037,-0.00037166663,-0.00023814291,7.583946e-05,-0.00077385455,-6.3639134e-05,0.0001299968,1.9291416e-05
DMRT1,-0.00020714104,-0.00043410808,-0.0003496986,0.00014257431,-0.0013253242,-8.277409e-05,0.00017611869,2.5406945e-05
ISLR,-2.5326386e-05,-0.00020042993,-8.53017e-05,4.328601e-05,2.1785498e-05,1.233723e-05,4.039891e-05,1.0646181e-05
VAV3,0.00020364858,0.00062428415,0.00056714006,-1.1895783e-05,0.0003511533,6.422307e-05,-0.00040213857,-2.3865025e-05
DHRS2,-0.00023626164,-0.00051344745,-0.00038406253,0.00013453048,-0.00094813854,-0.00010842644,0.0001971703,2.8292998e-05
NAP1L2,-1.3489276e-05,9.5870346e-05,0.00012156367,5.7077967e-05,0.00078911334,-9.281561e-06,-0.00011654291,-3.8265716e-07
ZMAT4,0.0001341775,-0.00021714903,-5.9075654e-05,-0.00017850846,-0.002465181,0.00022307597,0.00019420311,5.303067e-06
MARCH2,-0.00021708943,-0.00048895366,-0.00036055222,0.00012257323,-0.0011222437,-8.885935e-05,0.00019481964,2.6362599e-05
MRPS26,-0.0002665408,-0.0002714824,-0.00014700554,0.00010890886,-0.00024659932,-0.0002099066,2.3439527e-05,1.848163e-05
CLBA1,0.0004641246,0.00038534962,0.0004736632,-0.00027371943,0.0023364723,0.0003427891,-0.00018859189,-2.3774686e-05
NDUFA12,-0.000115044415,-0.00030124746,-0.00019308366,0.00012154691,-0.00030638278,-0.000105177984,6.0999766e-05,1.8849154e-05
ARV1,-7.927418e-06,5.4873526e-06,0.00011107698,-1.4994293e-07,-0.0005374551,-3.563706e-05,-8.402672e-05,2.165907e-06
TTC16,-1.2069941e-05,-0.00018819235,-8.148141e-05,3.61586e-05,-0.00052817166,3.0747615e-05,4.750397e-05,1.0076677e-05
TRIM13,-0.0003021974,-0.0006500706,-0.0006282013,0.00027490128,-0.0017875284,-0.00014626142,0.00028495304,4.2324187e-05
NDUFAF2,-5.1202253e-05,-8.556992e-05,-4.355237e-05,6.9054775e-05,-0.00027646124,-2.8051436e-05,4.7311187e-07,7.2807306e-06
PBDC1,1.9671395e-05,-0.0002300553,-8.6482614e-05,-1.2694858e-05,-0.001600869,5.6944788e-05,8.754805e-05,1.1081924e-05
TEX35,-0.0001897011,-0.000449121,-0.0003144797,0.000105975196,-0.00091056526,-7.872004e-05,0.00016997755,2.3924513e-05
NTMT1,0.00055789575,0.0007048026,0.0007867962,-0.00025109574,0.0008793026,0.0002335282,-0.00043640938,-3.6079902e-05
PRAMEF19,-0.00020528771,-0.0005424358,-0.00042210147,0.00013598613,-0.0014639944,-6.0391612e-05,0.00023824349,2.8986251e-05
PRSS58,-0.00021708943,-0.00048895366,-0.00036055222,0.00012257323,-0.0011222437,-8.885935e-05,0.00019481964,2.6362599e-05
TBK1,0.00010233745,-0.0001616478,1.7348677e-05,-6.7484565e-05,0.000411883,8.4229745e-05,3.6944635e-05,3.2095704e-06
ZNF385C,5.5661425e-05,-9.4497576e-05,2.0483509e-05,1.6346574e-05,-0.0013311952,5.5054203e-05,4.760921e-06,3.6972342e-06
PTCRA,-0.00016316026,-0.0003415011,-0.00024936534,0.00013803039,-0.0009045899,-0.00012700353,9.595323e-05,2.0999578e-05
RPL10A,5.9343874e-05,-0.00010978617,7.4885786e-05,-7.0870854e-05,0.0015474409,7.755589e-05,-1.5140511e-05,1.962413e-06
HIST1H3G,-0.00021708943,-0.00048895366,-0.00036055222,0.00012257323,-0.0011222437,-8.885935e-05,0.00019481964,2.6362599e-05
CBX3,-0.00030776672,-0.0008450523,-0.00068468787,0.00017450377,-0.001021333,-5.4983422e-05,0.0004039053,4.3193693e-05
ZGLP1,-0.00015437044,-0.00016636774,-0.00024144724,0.00020741392,-4.953891e-05,-0.00012331735,2.7684495e-05,1.9535422e-05
TPSAB1,-0.0002045352,-0.00047947466,-0.00034642965,0.000114754774,-0.0010035336,-8.526351e-05,0.00018796418,2.5602058e-05
NBPF1,-0.00048647448,-0.00069526024,-0.00059841014,0.00026332866,-0.0014597103,-0.00024016062,0.0002758056,4.1188556e-05
MRPS34,-4.1635707e-05,-0.00013977475,-6.435998e-05,5.490333e-05,-0.001066409,1.0639429e-05,3.5816804e-05,9.009498e-06
YY2,0.00021980144,4.4262037e-05,0.00030266494,-0.00019512791,0.0015566573,0.00012387149,-0.00011342671,-8.911593e-06
TMEM270,-0.00021708943,-0.00048895366,-0.00036055222,0.00012257323,-0.0011222437,-8.885935e-05,0.00019481964,2.6362599e-05
COX4I2,0.00018177927,0.00017084368,0.00029839762,-9.1004185e-05,0.00049645454,9.4763e-05,-0.00015872065,-9.991229e-06
C7orf61,-0.0001938492,-0.00029900484,-0.00017661043,8.853525e-05,-0.00042542815,-0.00017624674,5.185511e-05,1.82871e-05
GAL3ST2,-0.0002379939,-0.00049456954,-0.00037252717,0.00013651606,-0.0012861043,-0.000102833845,0.00019626133,2.7157716e-05
PLSCR4,-0.00019635819,-6.47828e-05,6.541051e-05,6.65728e-05,-0.0005009398,-0.00013802713,-8.4159896e-05,5.8716396e-06
IFITM10,0.00022405386,0.00020677596,0.00029605068,-8.0307946e-05,0.00069880486,9.100791e-05,-0.00017070305,-1.0049436e-05
CMA1,-0.00021708943,-0.00048895366,-0.00036055222,0.00012257323,-0.0011222437,-8.885935e-05,0.00019481964,2.6362599e-05
AUNIP,3.43211e-05,-0.00031070225,-7.798523e-05,-9.191129e-05,0.00062035024,7.485971e-05,0.00010798685,1.0820571e-05
PSME2,6.117858e-05,-0.00011080317,1.5964732e-05,-9.009987e-05,-4.10676e-05,0.00015191175,5.947426e-05,3.1330856e-06
GGT6,3.81656e-06,-0.00013926439,-0.0001558289,8.993782e-05,-0.0008459613,7.556658e-05,6.911438e-05,1.2557954e-05
KIF2A,0.000118121505,4.857406e-05,0.0002524145,-0.00013989396,0.002651818,0.00010898337,-0.00010928791,-7.491908e-06
FIS1,2.0833686e-05,-0.0001960583,5.038269e-05,-8.50521e-05,0.0013830587,-1.6291626e-05,1.0281801e-06,4.8370566e-06
PPIB,2.9241666e-05,-0.00016298704,-3.175065e-05,5.522743e-07,0.0003066659,3.565941e-05,2.1175481e-05,8.20274e-06
MIXL1,3.3732504e-05,-0.00013078935,4.8760325e-05,-8.6897984e-05,0.0006248206,5.263742e-05,8.459203e-06,3.75323e-06
GMNC,0.0001446642,7.302314e-05,0.00014136918,-4.9124472e-05,-0.0002590418,0.0001317896,-6.0955063e-05,-2.9864023e-06
UBE2R2,-0.00024447963,-0.0010240152,-0.00082609244,0.00013708882,-0.0013927445,3.7336722e-06,0.0005214149,5.0763017e-05
GATSL1,-0.00021708943,-0.00048895366,-0.00036055222,0.00012257323,-0.0011222437,-8.885935e-05,0.00019481964,2.6362599e-05
DHFR,-0.00010892376,-0.00044322386,-0.0003511533,4.5943074e-05,-0.00010000914,4.073605e-06,0.00021048635,2.4795649e-05
FBXL8,-0.00016925111,-0.00035698526,-0.00026221946,0.0001228666,-0.0008625537,-7.7942386e-05,0.00012286846,2.0723674e-05
MRPL17,3.9171427e-05,-9.990111e-05,0.000119516626,-0.00011626072,-0.0008642301,8.142833e-05,1.968164e-05,-2.3251632e-06
IL12B,-0.00021166354,-0.000488881,-0.00037123635,0.00012474973,-0.000990048,-7.657707e-05,0.00020006951,2.6669004e-05
DNAJB9,-0.0003150329,-0.00049224496,-0.00041205995,0.00020667724,-0.002061814,-0.00021178229,0.00017740857,3.0984404e-05
WBP2,-6.975047e-05,-0.00014382415,-0.0001287479,0.00015688967,-0.0008636713,-0.00012364564,-1.6396865e-05,1.599337e-05
HSCB,-0.00021854229,-0.00025624223,-0.00022417307,0.000107347034,-0.001673609,-7.01556e-05,0.00010365341,1.895777e-05
PRKCI,-0.00011924468,-0.00019777566,-0.000101657584,-4.0093437e-06,0.00057605654,7.492863e-05,8.598901e-05,1.0657357e-05
TMEM223,-0.000108728185,-6.62189e-05,4.7739595e-05,3.687851e-05,0.00016325712,-0.00013087317,-7.406622e-05,6.193761e-06
TTC9B,-0.00026883,-0.00044374168,-0.00039134733,0.00019486807,-0.0009098202,-0.00017980859,0.00015543401,2.9444229e-05
PHLPP2,0.00023208559,-3.1692907e-05,0.00018518604,-0.00016164314,0.0013215169,0.00016456004,-4.8408285e-05,-3.4176046e-06
FIGLA,-0.00021922402,-0.00048903376,-0.00036212988,0.00012973882,-0.0011825189,-9.846222e-05,0.00019116048,2.6568421e-05
URM1,0.00019917265,-0.00018853322,6.551668e-05,-0.00020082667,-3.7930906e-05,0.00025289226,0.000111009926,-1.7354032e-06
NACC2,-9.0785325e-06,-0.00055068545,-0.0003293194,-7.8357756e-05,0.0012969822,0.00015876815,0.00027682725,2.1867338e-05
SAPCD1,0.0005361587,0.00024486706,0.00045046397,-0.00025803037,0.0011244416,0.00034505874,-0.00016487669,-2.0414009e-05
FKBP3,-7.364899e-06,-0.00019446947,-7.663295e-05,4.7992915e-05,0.00081614405,-2.2654422e-05,1.7899089e-05,1.0985532e-05
SULT1C3,-0.00021708943,-0.00048895366,-0.00036055222,0.00012257323,-0.0011222437,-8.885935e-05,0.00019481964,2.6362599e-05
CABP5,-0.00016299076,-0.00046324357,-0.00032442994,9.140093e-05,-0.000694558,-5.3309835e-05,0.00018342305,2.4175039e-05
ASGR2,1.292862e-05,-9.306148e-05,6.482564e-05,2.3562461e-06,0.00061336905,-3.7141144e-05,-5.2739866e-05,3.43204e-06
CALHM5,8.743256e-06,-4.5070425e-05,7.747859e-05,3.5529956e-06,0.000447236,2.2039749e-05,-4.90956e-05,1.3186364e-06
SDC1,0.00010671094,0.00025505945,0.00042831898,-0.0001019286,-0.00037410855,-2.3914501e-05,-0.00024727266,-1.3135374e-05
CCR4,-0.00021708943,-0.00048895366,-0.00036055222,0.00012257323,-0.0011222437,-8.885935e-05,0.00019481964,2.6362599e-05
APOBEC1,-0.00021708943,-0.00048895366,-0.00036055222,0.00012257323,-0.0011222437,-8.885935e-05,0.00019481964,2.6362599e-05
HACD2,0.00017752126,-6.586127e-05,0.00013819337,-6.165076e-05,0.0021328554,-1.43246725e-05,-9.1074966e-05,-6.897608e-07
CHI3L2,-0.00011926703,-0.00043052807,-0.00025209412,3.7122518e-05,-0.0007211119,-4.3213367e-07,0.00017655455,1.9466039e-05
TCP10,-9.039417e-05,-0.00027814694,-0.00015048124,4.5669265e-05,-0.00031975657,-1.8263236e-05,8.68747e-05,1.4172518e-05
TMEM40,-8.886121e-05,-0.00033157133,-0.00022603385,8.177757e-05,-0.0005916357,-1.01896e-05,0.00011420436,1.8670573e-05
TM4SF4,-0.00021708943,-0.00048895366,-0.00036055222,0.00012257323,-0.0011222437,-8.885935e-05,0.00019481964,2.6362599e-05
TMEM208,-1.7391518e-05,0.00012878329,9.909086e-05,0.00013713539,9.3236566e-05,-0.00014178967,-0.00017663743,2.542045e-06
PID1,-0.00029853545,-0.00011094101,0.00013299659,2.396945e-05,0.0009381175,-0.00028850045,-0.00014544558,6.825896e-06
TMEM150C,0.00017091073,0.00029699877,0.00052321143,-0.0001565041,0.0011597425,-9.727664e-06,-0.0002920283,-2.0585256e-05
NUDT21,-0.0004948303,-0.0011428911,-0.0009453483,0.00023512822,-0.0022014007,-0.00015747966,0.00055538863,5.9643993e-05
TMEM164,1.656264e-05,0.00020750426,0.00036137179,1.7281622e-05,0.0022519678,-0.00030992925,-0.00034412835,-5.459413e-06
RNF4,-0.00013099611,-0.00022695959,-0.00022780523,8.301623e-05,-0.0015783906,7.416215e-05,0.00014708564,1.5473343e-05
TIMM29,0.00016488694,0.00014211424,0.00037586875,-0.00021637138,0.00117293,0.00019121636,-0.00011380296,-1.6930047e-05
HTATIP2,0.000103756785,-0.000111509115,0.00010200031,-0.00010856055,-1.6316772e-05,0.0001427317,1.5901402e-05,-6.054761e-07
TMIE,0.00011684373,-3.194064e-05,0.00017879345,-0.00014782697,0.0010292754,8.853525e-05,-3.9459206e-05,-4.001893e-06
YPEL1,0.0001031179,-9.818934e-05,-3.2648444e-05,-4.6191737e-05,-0.00025760382,0.0002282504,7.733423e-05,4.5519555e-06
CDCA4,-8.6158514e-05,-0.00054445304,-0.0004095398,-2.1472573e-05,-0.0020822138,0.00024032872,0.00037225056,2.2662338e-05
SPRYD7,-4.3325126e-06,-0.00015959889,2.7643517e-05,-9.333342e-05,-0.00025084615,0.00011212472,6.186776e-05,2.6859343e-06
RPL26L1,0.0001801867,3.8471073e-05,0.00014565699,-7.903762e-05,0.0006477535,0.00013564155,-5.671382e-05,-3.0826777e-06
DMP1,-0.00020963885,-0.00056224316,-0.00045197643,0.00014939532,-0.0020144507,-4.3831766e-05,0.000262402,2.9997085e-05
C9orf66,-0.00021708943,-0.00048895366,-0.00036055222,0.00012257323,-0.0011222437,-8.885935e-05,0.00019481964,2.6362599e-05
CHAD,-4.3001026e-05,4.2600557e-05,0.00016369857,7.723458e-06,0.00034600496,-7.7138655e-05,-0.00013245549,-7.360941e-07
LAPTM4A,-0.00027952343,-0.00044094026,-0.00029327907,0.00014018454,-0.0008332357,-0.00016005617,0.00013280846,2.4157576e-05
CNEP1R1,0.00023328327,0.00037016347,0.0005436037,-0.00015194248,0.0016459748,3.6329962e-05,-0.0003159633,-2.1834858e-05
TWISTNB,0.00021771155,0.00034565292,0.0004996322,-0.00016233698,0.0015411153,0.00011791475,-0.00026213657,-2.033764e-05
HIST1H2AB,-0.00021708943,-0.00048895366,-0.00036055222,0.00012257323,-0.0011222437,-8.885935e-05,0.00019481964,2.6362599e-05
CMSS1,1.8127263e-05,-4.9596652e-05,0.000108946115,-7.2174706e-05,2.2910535e-05,-8.8475645e-06,-3.837142e-05,1.1547236e-06
SNRPN,-7.4638054e-05,0.0001223255,0.00028271228,2.0158477e-05,-0.0016942546,-0.00024069147,-0.00021279883,-4.0257582e-06
SLC9A1,0.0004255306,0.0005834941,0.00069049,-0.00023097824,0.0006115958,0.0002459772,-0.0003409097,-3.40126e-05
ZNF358,2.929382e-05,-0.00038137846,-0.00030255876,4.9649738e-05,-0.00080230087,0.00011248421,0.00019574352,2.1378277e-05
SLC10A3,0.00018490851,0.00030312873,0.0004741028,-4.169997e-05,0.0017381012,-0.00016407156,-0.00035909284,-1.4647958e-05
AS3MT,0.0006351825,0.0009606946,0.0009908155,-0.00030922703,0.002780445,0.00030482095,-0.00053545926,-5.177781e-05
AKIRIN1,-0.00015498139,-0.00049111247,-0.00032802485,0.00011634175,-0.0018311441,-8.325651e-05,0.00017887913,2.6090653e-05
TRAPPC2,-4.9851835e-05,-0.00028988905,-0.00010966323,1.4398247e-06,0.0005592331,-1.6246922e-05,7.438008e-05,1.247949e-05
TMEM95,-0.00018957444,-0.00046508387,-0.00032274798,0.0001109913,-0.0007872656,-9.840913e-05,0.00016815681,2.4676556e-05
PLSCR2,-0.00018163025,-0.00040538423,-0.0002806019,0.00010953657,-0.0006316453,-8.3299354e-05,0.00014087837,2.2073393e-05
SOX10,-0.0011878945,-0.0018517356,-0.0016814526,0.0004096944,-0.0066304654,-0.00019902317,0.0010885382,9.282923e-05
ADAT2,0.0001686681,0.00029610842,0.00036183558,-6.624311e-05,-0.00020167232,0.0001339456,-0.00019538496,-1.4784164e-05
TEX26,-0.00022767857,-0.00013380498,-8.624606e-05,0.00011314545,0.00016364455,-0.00016209623,-3.0381605e-05,1.3376935e-05
PMEPA1,5.3800642e-05,-0.0005737543,-0.00042064488,-1.7326325e-05,-0.00041519105,0.00023940578,0.0003374368,2.5063986e-05
FHIT,0.000120079145,9.176321e-05,0.00012433715,-2.6606955e-05,-0.0011760965,0.000114995055,-4.6190806e-05,-3.0529918e-06
GNPDA2,-7.6273456e-05,7.494725e-05,0.0002468489,1.251325e-05,0.001330711,-0.00018297089,-0.00020418782,-4.083733e-06
CTAGE9,2.6257709e-05,-0.00020687282,-3.0361116e-05,-3.701728e-05,-0.000831902,0.00010624342,7.590745e-05,6.3218176e-06
TMEM138,7.258542e-05,-0.0003126152,-8.487888e-05,-0.00019848906,-0.0027143657,0.0003223624,0.00026404578,3.4007244e-06
TMEM88,-1.3686717e-05,-0.00015987642,-6.107055e-05,0.00012722984,0.00012676418,-0.00013278797,-5.2210875e-05,1.1360622e-05
AREG,-0.0001546517,-0.00039488636,-0.00026763417,9.0462156e-05,-0.00094023347,-4.288461e-05,0.00015177671,2.0771287e-05
NUDT16L1,-1.5422702e-06,0.00015891716,0.00017540157,7.0766546e-05,-0.000802353,-7.968396e-05,-0.0001655491,-2.1773158e-06
BCL10,0.0003497135,0.0002684556,0.00037732162,-0.00017455965,0.00089395046,0.00022819452,-0.00016876962,-1.6122242e-05
PRG3,-0.00021708943,-0.00048895366,-0.00036055222,0.00012257323,-0.0011222437,-8.885935e-05,0.00019481964,2.6362599e-05
CPLANE2,-0.00017276779,-0.0003767889,-0.00032225065,0.00013921037,-0.0006638244,-7.320382e-05,0.00014161132,2.426852e-05
YLPM1,-0.000121811405,-0.00028494373,-7.0646405e-05,-1.6086735e-05,0.0001379624,-2.5007874e-05,6.594695e-05,1.1882046e-05
SARNP,-0.00013030134,-0.0002725236,-0.00019763969,0.0001323279,-0.0010761991,-6.777141e-05,6.816629e-05,1.870608e-05
BPIFB2,-0.00014612637,-0.00032743253,-0.00020155124,8.8307075e-05,-0.00062942505,-6.36233e-05,9.982567e-05,1.772528e-05
TSPAN6,-0.00061091967,-0.00077377446,-0.0007524602,0.0003542034,-0.003334351,-0.00036069565,0.00033710524,4.9265334e-05
RARRES1,0.00016602129,0.00019215234,0.00036213547,-0.0001594536,0.0010430142,0.000106683,-0.00016784947,-1.3592304e-05
ESAM,0.00016633235,-0.00030335784,-5.7131052e-05,-7.535517e-05,0.00058859587,0.0001774272,0.0001034569,7.870956e-06
SSU72,0.00012366287,-8.129887e-05,0.00010430813,-0.00016025733,0.0012744218,0.00015848875,1.9745901e-05,-1.2910459e-06
PRR3,-0.0003511347,-0.0006441232,-0.00049588643,0.00025504734,-8.1680715e-05,-0.00031005638,0.00018419139,3.7137885e-05
KCTD4,0.0001805909,0.00043916702,0.0005046874,-5.6225806e-05,0.0010978654,-1.4641322e-05,-0.00034988206,-1.8879306e-05
RTL4,-0.0002216585,-0.00049508177,-0.00036333688,0.00012443773,-0.0010294095,-0.00010019448,0.00019287597,2.6722555e-05
TPBG,0.00013746507,3.262423e-05,0.0003628414,-0.00031898543,-0.002022989,0.00018878002,-1.7067418e-05,-1.5541329e-05
RPS15,6.0187653e-05,-0.00018809177,1.0984018e-05,-6.753672e-05,0.0008353293,5.9682876e-05,3.003981e-05,5.7754805e-06
METRN,-0.0005715452,-0.00069559924,-0.0006495472,0.0004165871,-0.001664713,-0.0006182287,0.00016386155,4.8774877e-05
MSTO1,0.00046323426,0.0005378984,0.000594059,-0.00018135458,0.002024971,0.0001847595,-0.00034102332,-2.7542235e-05
MRPL10,-4.9509108e-05,0.00027466752,0.00032578222,-8.477829e-06,0.00087970495,-7.013045e-05,-0.0002460936,-8.8248635e-06
SNX10,1.1332333e-05,0.00021454133,0.00022231042,1.5061349e-05,-0.0008183867,-1.1377968e-05,-0.00017093774,-3.8923463e-06
MED31,0.00036251545,0.00020394474,0.00036066584,-0.00019354746,0.00059758127,0.0001583891,-0.00015922543,-1.2892182e-05
AKR7A3,-0.00030829012,-0.00050201267,-0.00043041818,0.00018929038,-0.0013815537,-0.00015898002,0.00019764993,3.101665e-05
EEF2KMT,0.00022713281,-2.4735928e-06,0.0002701208,-0.00017313194,0.0017503053,0.00012664683,-8.9954585e-05,-9.25269e-06
CTD-2267D19.3,-0.00021708943,-0.00048895366,-0.00036055222,0.00012257323,-0.0011222437,-8.885935e-05,0.00019481964,2.6362599e-05
SIAH2,5.5929646e-05,0.0005100146,0.00037210435,0.00013712514,-0.00016207993,-0.00014006114,-0.00037542265,-1.1525699e-05
ACER1,-0.00021708943,-0.00048895366,-0.00036055222,0.00012257323,-0.0011222437,-8.885935e-05,0.00019481964,2.6362599e-05
RABL2A,5.677156e-05,-0.00038198754,1.0676682e-05,-0.00019656215,0.0009058118,4.4669025e-05,0.00011608284,5.920534e-06
CD3EAP,-9.43616e-05,-2.4953857e-05,2.418086e-05,0.00011349004,0.0013029799,-0.00017561344,-0.000115917064,6.6990033e-06
F2RL2,5.093403e-05,7.121824e-05,0.00022928976,-8.350611e-05,6.892532e-05,1.4718622e-05,-0.00011603255,-4.933332e-06
CD3D,-0.00014463067,-0.00042044558,-0.00023624673,8.14246e-05,0.00037195534,-0.00014442857,0.000100051984,2.1551503e-05
SCN4B,0.00018410571,0.00026558153,0.00027413853,1.4704652e-05,0.0015655309,-1.213979e-05,-0.00024358276,-7.13137e-06
CASP14,-0.00019427016,-0.0004861299,-0.00035375543,0.00010799896,-0.0010950714,-6.4555556e-05,0.00020049512,2.5653397e-05
ERMN,-0.0004508011,-0.00067249313,-0.00048200227,0.00014178455,-0.0012065768,-0.00028696656,0.00024247449,3.626966e-05
SLC35A4,-0.00012942217,-0.00013257004,-7.612072e-05,8.475501e-05,-0.00069765,-0.00011246605,-6.091781e-06,1.1781929e-05
CKMT1B,0.00054902956,0.0008028541,0.0008895695,-0.00028922316,0.002594933,0.00037601404,-0.00046320911,-4.3377513e-05
BEND6,-6.9104135e-05,-0.00017838366,-8.8736415e-05,5.7660975e-05,-0.0001508668,-0.000114610884,1.3974495e-05,1.2090895e-05
FRAT1,0.0001195427,0.00037962943,0.00028309785,0.00010485388,0.0017316863,-0.00013419287,-0.00032570492,-6.3147163e-06
CEACAM21,-1.4882535e-05,-0.00020049512,-0.000119889155,6.622914e-05,-0.00052251667,2.018176e-05,6.045215e-05,1.1501252e-05
CENPA,0.00033341348,4.2958185e-05,0.00027024,-0.0002944488,0.0009415746,0.00038235262,2.1993183e-05,-1.4923047e-05
PRG2,-0.0007885378,-0.0011420604,-0.0008836258,0.0004615113,-0.00033516437,-0.00080504594,0.00026873872,6.84713e-05
TAS2R41,-0.00021708943,-0.00048895366,-0.00036055222,0.00012257323,-0.0011222437,-8.885935e-05,0.00019481964,2.6362599e-05
FAM204A,-0.00022042915,-0.00041442923,-0.00019778125,4.9550086e-05,-0.00012882799,-0.00012723682,0.000111402944,1.999631e-05
SYCP3,-8.852966e-05,-0.000507338,-0.00032523088,-4.2487867e-05,-0.00076361,0.00012264214,0.00028477702,2.0711333e-05
MRPL13,-8.083135e-05,-0.00016911328,-3.157556e-05,2.925843e-05,-0.00014156848,-5.527027e-05,9.1884285e-06,9.293319e-06
P2RY12,-0.00028558262,-0.0006631315,-0.00063762255,0.00021286123,-0.00087460876,-5.7985075e-05,0.00034347177,3.944605e-05
PPP1R42,-0.00019775704,-0.0002098754,3.4570694e-06,8.0686994e-05,0.00016397238,-0.00034110574,-7.770397e-05,9.847572e-06
MICB,4.714355e-05,-0.00039913878,-0.00020571798,-0.00010160729,-3.0085444e-05,0.0002320353,0.00023685303,1.3790443e-05
SNRPD3,-4.4161454e-05,-0.00019242987,-3.8463622e-06,-3.031455e-06,0.0013135225,-5.758647e-05,-1.1165626e-05,8.139759e-06
SPIN4,0.00019136444,0.00017523766,0.00033346936,-0.00010606926,-0.00013427436,0.0001063142,-0.00015945453,-1.2011151e-05
USP50,-0.00018686429,-0.00046573952,-0.00032807887,0.00010489952,-0.00082390755,-7.546693e-05,0.00017899554,2.4634064e-05
MFAP2,-0.00030165352,-0.0005445704,-0.00040654466,0.00010644458,-0.0017768368,-9.6532516e-05,0.0002518613,2.7965638e-05
OXT,-7.590279e-05,-0.00043638982,-0.00026725233,1.9651838e-05,-0.00092629343,6.467663e-05,0.00020390376,1.9379891e-05
CEACAM3,-9.473227e-05,-0.00025981106,-0.00016907044,6.7407265e-05,-1.3537705e-05,-1.9465573e-05,8.5688196e-05,1.4322926e-05
ANKRD61,-0.00020739995,-0.00047049858,-0.00033422,0.00010925997,-0.001020968,-8.557178e-05,0.00018284377,2.5041518e-05
LHFPL1,-0.00013322197,-0.0004284028,-0.00029606558,6.406661e-05,-0.0020664483,1.2405217e-06,0.00020313449,2.1111919e-05
CLSTN2,0.00013834983,0.00023334846,0.0003514681,-8.994527e-05,-0.00019096583,5.3344294e-05,-0.00019022916,-1.3186014e-05
MAS1,-0.00021708943,-0.00048895366,-0.00036055222,0.00012257323,-0.0011222437,-8.885935e-05,0.00019481964,2.6362599e-05
FAM110C,2.7766451e-05,5.1662326e-05,8.5568056e-05,4.7646463e-05,-0.0010050312,6.9784e-06,-7.4569136e-05,9.676442e-07
PEX19,-0.00021862611,-0.0003645271,-0.00040273927,0.00018479303,-0.0019746423,-7.724669e-05,0.00018509291,2.734852e-05
IGFBP7,-0.0005418118,-0.00062364526,-0.00064880215,0.00042330474,-0.002535671,-0.00031900313,0.00022745132,4.399661e-05
C11orf65,9.005517e-05,-7.703155e-05,-0.00010568276,8.3384104e-05,-0.0018558279,0.0001521809,6.255787e-05,8.450355e-06
BABAM1,-0.00020394102,-0.00013378635,-0.000118516386,0.00018925127,-0.0006680116,-0.00021116715,-3.8444996e-05,1.5016762e-05
KLF3,0.00017908774,-0.00014195032,6.0288236e-05,-0.00011207536,0.00053871423,0.00013709068,2.8893352e-05,1.5626429e-06
GZMH,-0.00023323856,-0.00054980814,-0.00043620542,0.0001371419,-0.0013161972,-7.7708624e-05,0.00024164561,3.0018855e-05
TEF,0.00012855604,0.00024770573,0.0003552921,-3.541168e-05,8.4102154e-05,-6.1281025e-05,-0.00024028402,-1.222291e-05
ZNF121,0.0006036069,0.00077694654,0.00095840916,-0.00032710377,0.0015186146,0.00032147486,-0.0004782183,-4.7828653e-05
GNAQ,-0.00047814846,-0.001005888,-0.00090052374,0.00029960554,-0.0023057684,-0.0001589288,0.00049245264,5.5677374e-05
TRIM44,0.0001571849,-0.00019597448,-8.2081184e-05,-5.0786883e-05,-0.00044027716,0.00011329353,8.060597e-05,1.0345713e-05
DCTPP1,3.4762546e-05,4.8197806e-05,0.00019144453,-6.532483e-05,0.00059361756,-2.0835549e-05,-0.00011655968,-1.6987324e-06
MCEMP1,-0.00016403385,-0.0005024802,-0.00035990588,8.076336e-05,-0.0007923767,-3.5366975e-05,0.00021709967,2.5641988e-05
TIGD6,0.00030075572,0.0005607102,0.0005862806,-0.00011198688,0.0007652268,0.0001525497,-0.00034182984,-2.6925234e-05
GPALPP1,0.0005360767,0.0006662216,0.00086228363,-0.00038263202,0.0035862848,0.00028273836,-0.00041464623,-4.165771e-05
CREBL2,0.00018044934,-0.00022284873,-2.9407442e-05,-9.710435e-05,-0.00011887401,0.00018747989,0.000114269555,3.3676624e-06
EIF3J,-0.0001425296,-0.00020829588,-4.333444e-05,7.220544e-05,0.0004632175,-0.00019181147,-4.0302984e-05,1.3199635e-05
CPSF2,-2.6529655e-05,8.786656e-05,0.0001069475,3.6009587e-05,0.00047570467,-6.67423e-05,-0.00012399163,1.9305153e-06
LIN7C,-0.00038282387,-0.00074171275,-0.0005490333,0.00016808044,-0.00060649216,-0.00015296321,0.00030525494,3.7856167e-05
UTS2,-0.00016380474,-0.00048185885,-0.00032518432,7.57603e-05,-0.0010203496,-1.7403625e-05,0.00020679086,2.3389584e-05
MRPL1,-4.342012e-05,-0.00022257864,-3.6481768e-05,-3.2196753e-05,-0.00024734437,-4.6203844e-05,3.7923455e-05,1.1019292e-05
FCGRT,-2.7757138e-05,-0.00032321177,-0.00012585334,-6.25886e-05,0.00019696355,9.353366e-05,0.00013966858,1.2106844e-05
RTL10,0.00022502057,0.00020853244,0.00021304563,-3.6973506e-05,0.00040104985,0.00020238478,-0.00011672173,-8.9271925e-06
CHD1L,0.00017798133,0.00011440925,0.00037396885,-0.00016142521,0.0027797967,-8.7982975e-05,-0.00022833887,-1.0638265e-05
C1orf159,0.0001733955,-5.748123e-06,-5.0984323e-05,-3.3001415e-05,-0.0001654923,0.00027557183,7.8137964e-05,2.896646e-06
STXBP6,0.00038376637,4.5444816e-05,0.00015250035,-0.00024585146,0.0010352433,0.00045789406,6.126892e-05,-9.06433e-06
AKR1B10,1.6201288e-05,-0.00028233416,-5.8589503e-05,-5.929731e-05,0.00020746887,6.757956e-05,8.960813e-05,8.809264e-06
DPRX,-0.00021708943,-0.00048895366,-0.00036055222,0.00012257323,-0.0011222437,-8.885935e-05,0.00019481964,2.6362599e-05
DMRTB1,-0.00012911297,-0.00046560355,-0.00031258725,6.509479e-05,-0.0012046397,9.394251e-06,0.00020938367,2.2138818e-05
ANKRD49,0.00032858364,0.00019141845,0.0004691761,-0.00030422118,0.002419129,0.00016235746,-0.00017653126,-1.9453117e-05
GDNF,-7.5152144e-05,7.3976815e-05,0.00019984506,5.3526834e-05,0.0013761744,-0.00022733863,-0.00022072438,4.4889748e-07
STARD3NL,-4.566461e-05,-0.000268301,-6.8483874e-05,-5.9168786e-05,0.0002612546,7.5519085e-05,0.00011118688,7.919967e-06
NAP1L3,-0.0005589891,-0.0011931527,-0.0010468122,0.0003483817,-0.003741227,-0.00025596283,0.0005652923,6.6008884e-05
LAPTM4B,2.6820228e-05,-0.0004821662,-0.00029560365,-6.999634e-05,-0.00044123083,0.00020239595,0.00027560536,1.9428437e-05
ZFP36,-2.1979213e-05,-0.00027594343,-0.00018971413,4.0167943e-05,-0.0007738024,9.98741e-05,0.00013876893,1.3667741e-05
MRPS18A,1.128763e-06,5.8941543e-05,9.907596e-05,-9.492971e-06,-0.0002758503,-1.432281e-05,-8.0800615e-05,2.0908192e-06
AWAT2,-0.00021344237,-0.00049787574,-0.00036836416,0.000119367614,-0.001190953,-7.917732e-05,0.00020412356,2.6619877e-05
NPC2,-0.00044001453,-0.00067318045,-0.00055548735,0.0001972029,-0.0025597736,-0.00025520893,0.00029277243,3.7583522e-05
CTDNEP1,7.0428476e-05,-0.00045073964,-0.00020573288,-8.020457e-05,4.94197e-05,8.142181e-05,0.00019058026,1.7985352e-05
TMED4,-0.00014137477,-0.000161184,-1.5087426e-05,5.6779012e-05,0.0002214089,-0.0001763166,-4.403945e-05,1.0562944e-05
KRT85,-0.00021708943,-0.00048895366,-0.00036055222,0.00012257323,-0.0011222437,-8.885935e-05,0.00019481964,2.6362599e-05
RGN,7.721223e-05,-0.00026710145,-0.000115001574,-3.9372593e-05,-0.00049959123,0.0001186803,0.00011654291,1.1044322e-05
NRBF2,0.00022748113,-0.00010318495,6.693043e-05,-0.00012412854,0.0012776479,0.0001978809,2.1434389e-05,1.0652002e-06
DESI1,9.1215596e-05,-2.849102e-05,0.00013444759,-5.9733167e-05,0.00058811903,6.042421e-06,-7.237587e-05,-5.052425e-07
SOCS1,0.0003951788,0.0003980156,0.00043289363,-0.00014612824,0.00054982305,0.00027680397,-0.000213488,-2.0971056e-05
SLAMF9,-0.0002197437,-0.0004947074,-0.0003656894,0.00012381654,-0.001090534,-9.2295e-05,0.0001967214,2.6700902e-05
SAP18,-0.00018605776,-0.00044201687,-0.0003621541,0.00015305169,-0.0011775568,-9.228196e-05,0.00017299969,2.6977854e-05
TMED10,-0.00025355816,-0.00045710243,-0.00031255372,0.0001452174,-0.0009882227,-0.00016035559,0.00014001131,2.538762e-05
MAP1LC3B,-0.00016364828,-0.0001820717,-0.00017014705,0.00017037336,-0.0014117137,-7.103104e-05,3.504567e-05,1.6661477e-05
SLC10A6,-0.00021708943,-0.00048895366,-0.00036055222,0.00012257323,-0.0011222437,-8.885935e-05,0.00019481964,2.6362599e-05
EEF1AKMT3,-0.000114256516,0.000109896064,0.00012600422,9.3629584e-05,-0.00043759495,-0.00023617921,-0.00018427055,3.480236e-06
CD164,-0.00011016615,-0.00052783825,-0.0003558509,3.989227e-05,-0.0021409467,5.2843243e-05,0.0002688868,2.388435e-05
ZDHHC19,-0.00019443035,-0.00030346215,-0.00026837923,0.00019071065,-0.0009232089,-0.00013725739,8.217059e-05,2.1301094e-05
SPSB2,-4.846789e-05,-0.00012459047,-6.148219e-05,7.315725e-05,-0.00045005977,-7.017143e-05,-1.9613653e-06,9.687734e-06
AKT1S1,-8.226931e-05,6.432645e-05,0.0001298599,0.000116747804,0.0011152029,-0.00027250824,-0.00021451805,3.6426354e-06
ZNF80,-0.00016779453,-0.00038531795,-0.0003013499,0.00011382345,-0.0010729954,-3.915932e-05,0.00016281474,2.1871412e-05
SPIN1,-0.00019076839,-0.00042412616,-0.00026195124,0.00010052975,-0.00023303181,-7.9005025e-05,0.0001383815,2.153148e-05
RBPMS,0.00021636486,0.00036548264,0.0006027501,-0.00025752652,0.001176089,0.00015600584,-0.00026400294,-2.6368187e-05
BCAP31,7.771328e-05,-0.00022257306,-7.6835975e-05,-3.744196e-05,-0.000118896365,9.545311e-05,8.4695406e-05,8.968287e-06
GOLGA7B,-0.00013102032,-0.00022194348,-0.00017807446,0.00015070383,1.47596e-05,-0.00017985888,1.27134845e-05,1.8236227e-05
PRB1,-0.00020020083,-0.00047482736,-0.0003417395,0.00011267234,-0.00096369535,-8.1167556e-05,0.00018566381,2.534897e-05
CXCR6,-0.00014407374,-0.0003843028,-0.0002527833,8.311868e-05,-0.0008021295,-4.9076043e-05,0.00014006346,2.0258245e-05
ARGFX,0.00027874298,1.9283965e-05,0.00019372627,-0.00013719685,0.0017033219,0.00018888526,-6.0111284e-05,-6.3871266e-06
DBH,-8.959882e-05,-9.6939504e-05,4.952401e-05,4.2910688e-05,0.0015346333,-0.00017386163,-9.707268e-05,6.9251982e-06
PON2,-0.00021722727,-0.0005592387,-0.00042165257,9.8342076e-05,-0.0009441972,-0.00011755945,0.0002360791,2.9818853e-05
CYB561D1,0.00021630153,0.0001657065,0.00021062046,2.8369017e-05,0.00040899217,7.802062e-05,-0.00016311277,-6.5703643e-06
DUSP18,8.457154e-05,-0.00019288622,8.05594e-06,-3.9000064e-05,4.5649707e-05,3.5613775e-05,1.9614585e-05,6.109476e-06
COX4I1,-0.00016894564,-0.00057611056,-0.00042262673,0.00011428539,-0.000202097,-2.7527101e-05,0.00024233107,2.9403833e-05
TRPV2,-1.02669e-05,-1.1378899e-05,0.00022934005,-4.8479997e-05,0.0016899705,-0.00016079517,-0.00016436633,-1.8782448e-06
TMEM47,-0.00054246746,-0.0012012701,-0.0010007024,0.00013367087,-0.0047522783,-0.00010590535,0.00068902876,5.832885e-05
PAQR9,0.000105207786,-7.800758e-06,0.00019410253,-7.629115e-05,0.00096624345,-1.35218725e-05,-0.00011609215,-2.093846e-06
MCIDAS,-0.00021708943,-0.00048895366,-0.00036055222,0.00012257323,-0.0011222437,-8.885935e-05,0.00019481964,2.6362599e-05
GSTO2,6.597862e-05,-0.0001285728,2.5331974e-07,-2.4243258e-05,-0.0014673695,4.7783367e-05,2.344884e-05,7.112394e-06
TMEM106B,0.00013238378,0.0002105292,0.00025387853,-3.857538e-05,0.0005635321,0.00012193248,-0.0001503462,-9.274459e-06
ZNRF4,-6.2061474e-05,-0.00029333308,-0.00017600134,4.1027553e-05,-0.00023144484,2.0304695e-05,0.00010980386,1.4794059e-05
NMRK2,-0.00021913461,-0.0005014483,-0.0003725458,0.0001226142,-0.0011915937,-8.5039064e-05,0.00020446721,2.6933383e-05
IZUMO3,-0.00020631775,-0.0004849173,-0.0003542602,0.00011602696,-0.0010397956,-8.155126e-05,0.00019359961,2.5945832e-05
DUSP22,1.25057995e-05,-0.00030758232,-0.00011813268,1.8817373e-05,0.00085924566,-0.00013257563,3.0840747e-05,1.6337493e-05
PILRB,-0.00015795045,-0.0009675212,-0.0007481482,5.370751e-05,-0.002294436,0.00018712506,0.0005551502,4.5099994e-05
DCTN3,8.373521e-05,3.145449e-05,0.00010789558,5.301088e-05,0.00052616,-5.175639e-05,-0.00012696814,2.3003668e-06
PIGX,-7.181987e-05,-0.00047638267,-0.00026496314,-1.7585233e-05,-2.0503998e-05,-3.572926e-05,0.00018756371,2.0993291e-05
CCDC134,-6.0275197e-05,-0.00025779568,-0.00016380288,0.00010156073,-0.00043156743,-9.773113e-05,4.050415e-05,1.7034705e-05
TPGS2,-0.00031002983,-0.0005034581,-0.0005474314,0.00032557175,-0.0014767051,-0.00020683836,0.00019531231,3.7294696e-05
C12orf29,0.00037377514,0.0005097799,0.0005327184,-0.00015957374,0.0005895868,0.00029463973,-0.0002713194,-2.5176443e-05
RPS9,9.714626e-05,-4.9754977e-05,7.8955665e-05,-3.670249e-05,0.000713259,5.6225806e-05,-3.5928562e-05,1.2253877e-06
ADM2,-5.82207e-05,-0.00042555295,-0.00023286603,-1.9013882e-05,-0.00070583075,0.00010590162,0.00021051802,1.677312e-05
SPATA4,-0.00015589781,-0.00021929853,-0.00012991391,0.000113805756,-8.626282e-05,-0.00019190973,2.361834e-06,1.5674043e-05
ZNF785,0.00019684993,9.7144395e-05,0.00033128448,-0.00018865801,0.0026887655,4.7984533e-05,-0.0001762202,-8.831848e-06
PPP1R35,0.0003113132,0.00025815517,0.00042031892,-0.00019476376,0.001345411,0.00014317036,-0.00020084437,-1.6767997e-05
TNFRSF9,-8.97143e-05,-0.000120684505,-2.4754554e-05,4.8654154e-05,0.0005100593,-0.00012624776,-4.389044e-05,1.0301126e-05
SNX16,0.00036949292,0.0007329285,0.00093858317,-0.00026054215,0.0033486784,8.93008e-05,-0.0005345056,-4.3983455e-05
SYNGR3,-0.00018756837,-0.00045375153,-0.00035752356,0.00010905787,-0.000685066,1.8076971e-06,0.00020136684,2.5777845e-05
HIST1H3I,-0.00021708943,-0.00048895366,-0.00036055222,0.00012257323,-0.0011222437,-8.885935e-05,0.00019481964,2.6362599e-05
C11orf1,-0.00020813197,-0.00028802827,-0.00020716526,0.00019595772,-0.0014460012,-0.00032093562,-2.0274892e-06,2.275419e-05
NIPSNAP3B,0.000241559,7.783994e-05,0.00019359775,-3.310293e-05,0.0014650598,-1.3574958e-05,-0.0001499122,-4.6152854e-06
CCNG1,-0.00040722266,-0.00050275587,-0.00047679804,0.00027771387,-0.0021910071,-0.00027772365,0.00018001813,3.4915516e-05
UBE2I,-2.3204833e-05,-0.00022314675,-4.9430877e-05,-4.7422945e-06,0.00026501715,-4.672259e-05,3.180839e-05,1.0165968e-05
RAP1B,-0.0002326984,-0.00024486147,-0.00019562617,0.00014587585,-0.0019135103,-0.00011879718,6.640609e-05,1.8585008e-05
LIMA1,-0.00032335147,-0.00066680834,-0.00030502304,-8.0230646e-05,-0.0007129684,-6.873906e-05,0.00028440636,2.3741275e-05
SPC24,-0.0001338534,-0.0005924143,-0.00046793185,9.114947e-05,-0.0032056794,0.00014376547,0.00035290513,2.8009526e-05
AGTR2,-0.00021708943,-0.00048895366,-0.00036055222,0.00012257323,-0.0011222437,-8.885935e-05,0.00019481964,2.6362599e-05
KIAA0355,-0.00023496896,-0.00055701286,-0.00045440346,0.0002397215,-0.000604406,-0.00022884505,0.00016534235,3.3809454e-05
CAVIN4,0.00069668144,0.00034426898,0.000492461,-0.00031086337,0.0022806302,0.00046616606,-0.0001782002,-2.4505309e-05
TMEM178B,-0.00013850443,-0.0009278357,-0.0006898083,3.1741336e-05,-0.0029016137,0.000178813,0.00053865556,3.9655133e-05
EPPIN,-0.00024959445,-0.0005250983,-0.00039787963,0.0001399396,-0.0012781024,-0.00010838639,0.00021192897,2.8538634e-05
YEATS2,-2.0420179e-05,-0.00033598766,-0.00024560466,5.548075e-05,0.0004191324,2.5060028e-05,0.00012549199,1.9737636e-05
TESC,0.00024747849,0.00033666193,0.0004103873,-2.7105212e-05,0.0011235103,-2.3919158e-05,-0.0002940381,-1.5115365e-05
CBLN4,8.325465e-05,0.0005731862,0.0004766602,7.740129e-05,-0.0018235222,3.3635646e-05,-0.0003549466,-1.8766266e-05
NUBP2,-0.00038049184,-0.00051530637,-0.0005528331,0.00035019312,-0.0027397275,-0.00027908105,0.00018901657,3.858225e-05
CALML3,-0.00021708943,-0.00048895366,-0.00036055222,0.00012257323,-0.0011222437,-8.885935e-05,0.00019481964,2.6362599e-05
PTPN4,-0.00042227283,-0.00066207536,-0.0006488003,0.0002659224,-0.0011610091,-0.0001816675,0.00029784907,4.308077e-05
BTG3,-6.623007e-05,-0.0002548732,-0.00010834448,-2.1739863e-05,-0.00087562203,0.00010213815,0.00012540538,9.878306e-06
H1FNT,-0.00021708943,-0.00048895366,-0.00036055222,0.00012257323,-0.0011222437,-8.885935e-05,0.00019481964,2.6362599e-05
CHCHD6,-1.3582408e-05,0.00012362748,0.00015337393,5.6751072e-05,2.2619963e-05,-0.0001002131,-0.0001589777,1.5215483e-07
RPP21,0.00016511604,0.00024134107,0.0003403928,2.2989698e-05,0.0008471906,-0.000110492576,-0.00028986577,-8.702511e-06
TENT5D,-0.00021162629,-0.0004865732,-0.00035703555,0.000119164586,-0.001081422,-8.5116364e-05,0.00019404199,2.6134308e-05
HCAR1,-0.000118944794,-0.00030986778,-0.00018461421,9.29283e-05,0.00046165287,-0.00013834564,4.4683926e-05,1.985894e-05
GPR20,1.8788502e-05,-0.00028316118,-7.035956e-05,-4.8846938e-05,0.00022751838,4.1731633e-05,8.211471e-05,1.0196236e-05
MNDA,-0.00040942617,-0.0007956736,-0.00072213076,0.0002592113,-0.0024214536,-0.0001841751,0.0003877096,4.5511755e-05
SUSD6,-0.00026837364,-0.00010259636,-0.0001055114,0.00022799242,-0.0008541718,-0.00026416825,-6.36233e-05,1.4023855e-05
PLAGL1,-0.00019388087,-0.0003119614,-0.00015559979,-4.3127686e-05,-0.00087132305,-1.0035932e-05,0.00013884902,1.583388e-05
FKBP2,-0.00019750185,-0.00025992282,-0.00025886856,0.00017358363,-0.0013463795,-0.000117441174,8.538086e-05,2.1130312e-05
HIST1H3J,-0.00021708943,-0.00048895366,-0.00036055222,0.00012257323,-0.0011222437,-8.885935e-05,0.00019481964,2.6362599e-05
XPO4,8.158572e-05,-0.0002537612,-1.4292076e-05,-0.00017218664,0.0003606379,0.00014566816,0.00011704303,5.160924e-06
ZCCHC13,-0.00021708943,-0.00048895366,-0.00036055222,0.00012257323,-0.0011222437,-8.885935e-05,0.00019481964,2.6362599e-05
PFN1,-0.00016767345,-0.0003988091,-0.00032456033,0.00010583084,-0.00042989105,-2.563931e-05,0.0001773918,2.3353496e-05
TRIM31,-0.00020601228,-0.0004918277,-0.00036164,0.000115136616,-0.0011860132,-7.228553e-05,0.00020259153,2.6160269e-05
ZNF679,-0.00021162629,-0.0004865732,-0.00035703555,0.000119164586,-0.001081422,-8.5116364e-05,0.00019404199,2.6134308e-05
KCNK18,-0.00021708943,-0.00048895366,-0.00036055222,0.00012257323,-0.0011222437,-8.885935e-05,0.00019481964,2.6362599e-05
LBHD1,6.85323e-05,-0.00024569407,-4.0203333e-05,-7.972028e-05,-0.0014399439,0.00017559528,0.00011713896,6.7626825e-06
SNAP23,-2.0686537e-05,-0.00026108325,-0.00021661073,5.5951066e-05,-0.0018633902,0.000105876476,0.00014598295,1.5866128e-05
CHURC1,-0.00020814501,-0.00035603903,-0.00019892678,7.0548616e-05,-0.00094216317,-0.00013059564,0.00010078773,1.9554282e-05
HRASLS,-0.00021708943,-0.00048895366,-0.00036055222,0.00012257323,-0.0011222437,-8.885935e-05,0.00019481964,2.6362599e-05
UBE2E1,0.000115262344,-0.00040970184,-0.00024453737,-9.817537e-05,0.00046070665,0.00020605326,0.00024867244,1.4465302e-05
DBP,3.0396506e-05,-7.9631805e-05,-2.8729439e-05,2.6308931e-05,0.00014607608,6.343052e-05,1.4554709e-05,5.173497e-06
MYL9,0.0004000105,0.0004421454,0.00071285665,-0.00035080127,0.0011410341,0.00031614397,-0.00026931148,-3.473228e-05
FGF23,0.00019278191,0.00022107549,0.00032358244,-8.8912435e-05,0.0004898682,8.707959e-05,-0.0001819497,-1.158216e-05
PFN3,-0.00026739575,-0.00036112033,-0.00031737797,0.00019164849,-0.0015911236,-0.00021783449,0.00011222903,2.4724053e-05
TLCD2,9.0137124e-05,0.00018014945,0.00027695298,-5.203951e-05,0.000828214,2.4785288e-05,-0.00017277244,-8.398085e-06
FGF1,3.6351383e-05,-0.00025673956,3.3585355e-05,-0.00013685413,0.0012067705,-4.3275766e-05,3.4156255e-05,5.0716335e-06
PLEKHB1,-0.00033441372,-0.00030725822,-0.00029100478,0.00018590037,-0.0009793043,-0.0002250364,8.595921e-05,2.3216475e-05
SPTBN1,-0.00097025,-0.0019296929,-0.0018156823,0.00060391333,-0.005026154,-0.00039807567,0.00097648706,0.00010761211
BCL2L14,-0.0001789853,-0.00046700984,-0.00032090396,8.291565e-05,-0.0004811287,-4.325155e-05,0.00018760096,2.4012872e-05
OSTF1,2.9791147e-05,-9.493902e-05,-5.202368e-05,5.394779e-05,-0.00056551397,5.0716102e-05,1.8574297e-05,8.3663035e-06
GRAMD1B,6.712973e-06,4.995987e-05,0.00019655563,4.1811727e-05,0.0024565384,-0.0001801122,-0.0002180906,4.4016633e-07
CD1A,-0.00019625947,-0.00049187616,-0.00035784952,0.00010671932,-0.0010629892,-6.28205e-05,0.00020393915,2.584653e-05
PGRMC1,-0.00010063127,-0.00045081414,-0.00028905272,-6.658025e-06,-0.0009138584,0.0001270473,0.00024576392,2.0294334e-05
MSANTD3,1.3401732e-05,-0.00024337694,-9.940192e-05,4.9350783e-06,0.0005469918,7.650815e-06,5.7280995e-05,1.2750272e-05
FAM110A,1.7285347e-05,-0.00024699979,1.3336539e-05,-6.552972e-05,0.0002624914,-3.7206337e-06,3.587734e-05,5.3776894e-06
FGF20,-0.00017824769,-0.000469042,-0.0003124792,6.936863e-05,-0.00097586215,-1.9798055e-05,0.00020281784,2.2823922e-05
PRR16,0.00012395717,6.264076e-05,0.00017613359,-5.8894977e-05,0.00011380017,5.3858384e-05,-8.244533e-05,-4.686066e-06
ISOC2,-8.705072e-05,-0.00017305836,-9.0666115e-05,8.981861e-05,-0.00036049634,-0.00016858801,-2.8467737e-05,1.5035388e-05
SPATA19,-0.00021162629,-0.0004865732,-0.00035703555,0.000119164586,-0.001081422,-8.5116364e-05,0.00019404199,2.6134308e-05
PPIP5K1,0.00042513385,0.000588309,0.0008297153,-0.00031064823,0.0025853217,9.222794e-05,-0.00043446664,-3.7787133e-05
OMG,-0.0005753711,-0.00029853918,-0.00040145777,0.00043721125,-0.00161466,-0.0005854368,-4.155934e-05,3.7206803e-05
CCDC59,2.763234e-05,6.553717e-05,0.00020977296,-8.510426e-06,0.00012268871,-3.3613294e-05,-0.00014635269,-2.9411167e-06
OAZ3,-1.0190532e-05,-9.083748e-05,2.1327287e-06,3.2914802e-05,-0.0022765696,-4.824251e-07,1.375936e-05,4.3028267e-06
HMGB4,-0.00019669533,-0.00045327842,-0.00033112988,0.000114839524,-0.0010285005,-7.333141e-05,0.00017942674,2.4471898e-05
SIVA1,-0.000104893,-0.00019874796,-7.9082325e-05,2.3101456e-05,-0.0011344701,-8.303579e-05,3.260281e-05,1.27347885e-05
DRICH1,-6.407499e-05,-0.00023739226,-0.00011181086,5.510263e-05,-0.0008513704,-2.5680289e-05,5.7477504e-05,1.256878e-05
LHPP,-5.7216734e-05,-0.00011600368,-5.8768317e-05,7.00634e-05,0.0005636364,-0.00012288755,-3.0041672e-05,1.0377262e-05
SPATA32,-0.00020659529,-0.00045611337,-0.00032489002,0.00011636689,-0.0010369644,-9.029545e-05,0.00017215963,2.4608918e-05
GSTK1,0.00017527863,-0.0003006216,-6.946549e-05,-0.00016306154,-0.0010490865,0.0002732398,0.00019106455,5.140784e-06
SINHCAF,-0.00015375577,-0.0004506111,-0.00028353743,6.7167915e-05,-4.2654574e-05,-6.111059e-05,0.00015479699,2.32436e-05
MTERF2,-0.000118276104,6.0083345e-05,-1.6102567e-05,0.00018609688,-0.002292268,-0.00016917428,-0.00010683481,1.02684135e-05
GSTM2,-0.00032075495,-0.000186814,-1.6149133e-05,9.4173476e-05,0.0006520301,-0.00032499759,-7.094722e-05,1.2469944e-05
DNAI1,-9.82862e-05,-0.00021702051,-0.00017319992,6.3731335e-05,-0.0005627796,0.00011618901,0.00011716969,1.25363e-05
LRRC75B,-5.0906092e-05,-0.00050343573,-0.00036847033,3.2403506e-05,-4.8831105e-05,2.7676113e-05,0.00024312083,2.438121e-05
ATP6V0E2,-0.00018286705,-0.00015309267,-9.949505e-05,0.00015571993,1.6756356e-05,-0.00017200131,-3.346149e-05,1.43577345e-05
CLDN2,-2.3890287e-05,-0.0003025178,-0.00015651435,1.777336e-05,0.00010176748,1.26846135e-05,0.000100390986,1.4349702e-05
HIST1H2AM,-0.00021708943,-0.00048895366,-0.00036055222,0.00012257323,-0.0011222437,-8.885935e-05,0.00019481964,2.6362599e-05
FTMT,-0.00021708943,-0.00048895366,-0.00036055222,0.00012257323,-0.0011222437,-8.885935e-05,0.00019481964,2.6362599e-05
SLC31A1,-0.00019198656,-0.0002783779,-0.000105122104,8.779112e-05,-0.00072618574,-0.0001734132,2.1426938e-05,1.4641206e-05
TAF13,0.00018328242,0.00026993454,0.00047223456,-0.00010911748,-0.0005220771,-5.9387647e-05,-0.00027510617,-1.7068582e-05
GPR65,-0.00016985834,-0.00028716214,-0.00016949885,0.00014381576,-0.0007222891,-0.00019222498,3.182888e-05,1.7750892e-05
MTG1,-0.00014287792,4.8611313e-05,8.074567e-05,0.0001147287,-0.00083585083,-0.0001613847,-0.00013035443,4.5376364e-06
CEACAM8,-0.00025334023,-0.00037225708,-0.00031643175,0.00017254241,-0.0009537935,-0.00022188295,0.00010227878,2.5959336e-05
SPEF1,-0.00015019067,-0.00034183823,-0.00021777116,9.7827055e-05,-0.00076369196,-0.00014086766,8.990243e-05,1.9157771e-05
MICA,-6.913394e-05,-0.0004075747,-0.00016456097,1.4651567e-05,0.0009213537,-9.458512e-05,9.1081485e-05,1.6577425e-05
CAPS,0.0003839489,0.00033522025,0.00046232902,-0.00019790232,0.0015284419,0.00022398867,-0.00021243747,-2.1967338e-05
RPS7,-0.00012352318,-0.00038664043,-0.00023451075,4.7914684e-05,0.00063319504,-3.6506914e-05,0.00012762472,2.0153471e-05
GOLGA6L6,-0.0002276022,-0.00047907233,-0.0003451556,0.00012554228,-0.0010925829,-0.000110269524,0.00017937738,2.6025577e-05
MYL10,-0.00018414296,-0.0004320331,-0.00030880235,0.000113242306,-0.0008247271,-8.5193664e-05,0.00015858561,2.3741624e-05
PON3,0.00011667609,-1.6162172e-05,0.00014984235,-0.000103467144,0.0002958253,8.7574124e-05,-4.6234578e-05,-2.6666094e-06
CCDC166,-0.00021162629,-0.0004865732,-0.00035703555,0.000119164586,-0.001081422,-8.5116364e-05,0.00019404199,2.6134308e-05
TRAPPC1,-0.0002791062,-0.00047507323,-0.00040148944,0.00020842999,-0.001177229,-0.00022032112,0.00015571062,3.0723517e-05
MRPL51,-0.00015358254,-0.0003384445,-0.00016329624,5.051121e-05,-0.00013332069,-0.000109506305,8.434057e-05,1.694006e-05
IL32,-2.2390857e-05,-0.00028987974,-0.00016099028,5.6427903e-05,2.5466084e-05,-1.4477409e-05,7.962901e-05,1.4917343e-05
UBAP1L,-0.00031200238,-0.0002269391,-9.99067e-05,0.000116755255,0.0002309531,-0.0002154531,-9.713694e-06,1.5144586e-05
RGS17,0.00011176802,0.00025100447,0.00043764524,-0.00013772491,0.0016828924,8.465722e-06,-0.0002509011,-1.5105936e-05
TMC3,-9.981915e-05,-0.00035115518,-0.00023152307,6.4865686e-05,-0.0004999414,-2.0908192e-06,0.00013747346,1.8176157e-05
SPEM1,-0.00020020083,-0.00047482736,-0.0003417395,0.00011267234,-0.00096369535,-8.1167556e-05,0.00018566381,2.534897e-05
MRPS2,0.00012626685,1.7274171e-05,0.00020806305,-0.00013582874,-0.00016015768,0.00012639351,-4.5161694e-05,-7.036142e-06
TRAPPC3,-0.00012179464,-0.00011025928,-2.4940819e-05,0.00016336236,-0.00025638193,-0.00022973819,-9.499211e-05,1.1001364e-05
SKA3,0.0001659356,-9.572692e-05,0.00010561012,-0.00012919586,-0.00071870536,0.00024116132,5.148817e-05,-2.630637e-06
NUTM2F,-1.897104e-05,-0.00020440668,-6.0865656e-05,1.5741214e-05,-1.6473234e-05,-4.399568e-06,3.6676414e-05,9.5414e-06
RPL28,0.00014410727,7.107481e-05,0.00016165338,-2.863165e-05,0.00090592355,7.4322335e-05,-0.00010322686,-2.8737122e-06
PAPOLA,-0.00040424615,-0.0006119106,-0.00049933605,0.00024115108,-0.00073991716,-0.00025643874,0.00020635035,3.6364072e-05
TNNC2,-0.0003275592,-0.00047649443,-0.0003831815,0.0002205642,-0.0005928129,-0.00026499713,0.000123729,3.032526e-05
ZNF708,0.00023493916,0.0002851542,0.0004595928,-0.00019648299,0.00077911466,0.00017643627,-0.00019086618,-2.0870706e-05
TGIF2,-0.0003332235,-0.0009608809,-0.0007757973,0.00011670124,-0.0015469491,-3.125891e-05,0.00048377085,4.9344846e-05
PAX9,-8.0984086e-05,-0.00017279014,-9.537861e-05,6.506313e-05,-0.00039695203,-1.6571023e-05,3.7909485e-05,1.0920572e-05
RABL2B,-3.4160912e-06,-1.197122e-05,0.00016663224,-3.4915283e-05,0.0008171126,-7.508602e-05,-0.00011931453,5.029142e-08
TMEM150A,0.00013741106,0.00029102527,0.00038773008,-0.00012697093,0.0010139495,0.00014337804,-0.0001825476,-1.7660204e-05
BCL7C,-3.0087307e-05,-7.076375e-05,-0.000111129135,8.201972e-05,-0.0018728301,1.7927028e-05,5.4809265e-05,8.685514e-06
ZNF141,0.00046607107,0.000683479,0.00086528994,-0.00029821694,0.0037564114,0.000109727494,-0.0004931176,-3.845757e-05
ANKRD7,-9.32347e-05,-0.00029683113,-0.00016423501,6.2625855e-05,-0.0012821183,-5.4119155e-06,0.00010409858,1.4787074e-05
MCUR1,-0.00026472285,-0.0002871845,-0.00020659901,0.00016155094,-0.00069013983,-0.00022062426,4.7604553e-05,1.9167783e-05
RPL23A,9.4573945e-05,-9.506941e-06,0.00014768727,-7.647369e-05,0.0017074645,8.3751045e-05,-6.286707e-05,-2.7993228e-06
CPSF4L,-0.00019905902,-0.00047406554,-0.0003376752,0.00011133123,-0.00093509257,-8.660648e-05,0.00018258672,2.5186106e-05
NAT16,7.428415e-05,-0.00023395754,-5.779788e-05,-1.0319054e-05,0.0013820082,8.848496e-06,2.446305e-05,1.0336982e-05
STMN3,2.486445e-05,-0.00019743107,8.8848174e-07,-4.4261105e-05,0.00011096895,7.087365e-07,2.7752481e-05,7.1919058e-06
FAM162B,0.00034931302,0.00050388835,0.00061358325,-0.0001552701,0.0004888624,0.00015194342,-0.00034034904,-2.7449336e-05
ZNF90,0.000366522,0.00021587871,0.00035446137,-0.0002071606,0.00066286325,0.00032099057,-0.00011574756,-1.6032602e-05
CCDC153,-0.00015185773,-0.0004837718,-0.00033996068,7.622782e-05,-0.0014429763,-2.7501956e-05,0.00022348389,2.2627646e-05
PRSS45,-0.00021708943,-0.00048895366,-0.00036055222,0.00012257323,-0.0011222437,-8.885935e-05,0.00019481964,2.6362599e-05
MRGPRF,-0.00013828091,-0.00039627217,-0.00021355972,4.04194e-05,-0.0004826635,-5.0655566e-05,0.00013627764,1.836312e-05
PSENEN,-0.00013494678,-0.0003072042,-0.00021010078,6.132014e-05,-0.001290597,-3.3176504e-05,0.00013876613,1.61418e-05
ANAPC10,0.0001893919,0.00019799359,0.00032719597,-4.7971494e-05,0.0013494194,-1.1748634e-05,-0.00022858847,-9.653275e-06
LYPD6,0.00025649555,0.00015150756,0.00035300478,-0.00017921254,0.0017571002,0.00012628548,-0.00015457068,-1.33643625e-05
CCDC32,0.00016721152,0.00034859963,0.00040651113,-1.1901371e-05,0.0012533143,-8.249655e-06,-0.00029606652,-1.5141908e-05
ZNF558,0.00019503385,0.00037700497,0.0005111825,-0.00017624255,0.0017430484,6.65877e-05,-0.00027895998,-2.200494e-05
RPL9,-6.2337145e-05,-0.0003611166,-0.00022935867,3.8647093e-05,4.7184527e-05,5.2083284e-05,0.00014891103,1.8043676e-05
RAB18,-0.00016971119,-0.00054669194,-0.00026342645,-1.7141923e-05,-0.000116065145,-6.1744824e-05,0.00020449609,2.2234279e-05
NXPH3,-0.00032063387,-0.00047830306,-0.00033319555,0.00011390075,7.56681e-05,-0.00020430703,0.00014805421,2.70491e-05
RXFP4,-0.00021708943,-0.00048895366,-0.00036055222,0.00012257323,-0.0011222437,-8.885935e-05,0.00019481964,2.6362599e-05
CIB2,0.0004899744,0.00020531937,0.00036031567,-0.00030732527,0.00047256052,0.0004698187,-4.036445e-05,-1.9093743e-05
TYW3,0.00019354,0.00016683713,0.00036905333,-0.0001123026,0.001231119,-8.274056e-05,-0.00023416337,-1.1288328e-05
TMEM182,-0.0001935456,-6.0288236e-05,-7.925555e-05,0.00019606389,-0.0013398305,-0.00017914502,-6.8673864e-05,1.3898243e-05
FASLG,-0.00023876876,-0.00050496496,-0.0003902167,0.00014458038,-0.0010782406,-0.00011679111,0.00019543897,2.864562e-05
MC4R,-0.00015907921,-0.000356853,-0.00027756393,0.000147596,-0.0011922866,-0.000106886495,0.00011436641,2.1949294e-05
ELP5,0.00012385286,-1.9580126e-05,0.00020466745,-0.00011928845,0.0012410805,-3.6573038e-06,-0.00010989513,-2.17848e-06
IFI35,3.7226826e-05,-0.00019442104,-9.7136945e-05,2.6833266e-05,-0.00035769492,5.2015297e-05,5.898066e-05,1.0337797e-05
NEURL2,-0.00013770908,-0.00040194578,-0.00032992102,7.529743e-05,-0.0012969598,4.8810616e-05,0.00022235513,2.1027867e-05
NCOA1,-0.00020688958,-0.00054976717,-0.0004813783,0.00014645886,-0.00042952597,3.9402395e-05,0.00028344244,2.9466348e-05
MED30,-0.00031398982,-0.0003640242,-0.0003605131,0.00028031785,-0.00050690025,-0.00030607684,6.348081e-05,2.9351679e-05
FRMPD4,0.00052843615,0.0005499348,0.00073051825,-0.00026966538,0.0023407713,0.00020784978,-0.0003820425,-3.433146e-05
SCHIP1,9.783916e-05,0.00011261925,0.00025160238,-1.1850148e-05,0.0024650842,-0.00012296531,-0.0002297787,-3.0130614e-06
NOXRED1,-0.0001177676,-0.00043162704,-0.00025078654,4.6184286e-05,-0.0010077059,-2.9189512e-05,0.00016289856,2.0582695e-05
EMB,-2.0904467e-05,-8.577481e-05,4.6232715e-05,6.841123e-05,0.0005711019,-0.00013616541,-9.1109425e-05,5.7785073e-06
GZMM,-0.00023058616,-0.00048819184,-0.00036447681,0.00014504325,-0.0007672608,-0.00014261901,0.00016899686,2.7820119e-05
C19orf66,-0.00021708943,-0.00048895366,-0.00036055222,0.00012257323,-0.0011222437,-8.885935e-05,0.00019481964,2.6362599e-05
UBE2D2,-0.00032129325,-0.00043475442,-0.0003288947,0.00021135248,-0.000514552,-0.00027978932,9.3474984e-05,2.8096722e-05
CXCR1,-0.00023272075,-0.00050295703,-0.00037568063,0.0001313826,-0.001138024,-0.000102939084,0.00019895472,2.737681e-05
CAPNS2,-0.00021708943,-0.00048895366,-0.00036055222,0.00012257323,-0.0011222437,-8.885935e-05,0.00019481964,2.6362599e-05
NUDT5,-7.9870224e-05,-0.00024299696,-0.00020127185,9.64785e-05,-0.0016440824,6.787479e-06,0.00010654796,1.6389764e-05
DTX3,7.546693e-05,8.389354e-06,0.00016412698,-5.5588782e-05,0.0003546998,1.9381754e-05,-9.357836e-05,-1.3505341e-06
SUPT4H1,-3.7867576e-05,4.296191e-05,0.00014983863,7.0293434e-05,0.00039100647,-0.00016001705,-0.00017907564,2.8404174e-06
STX11,0.00021854043,-4.2071566e-05,0.0001263041,-0.00019901339,-0.00069577247,0.00032209046,7.6757744e-05,-6.5101776e-06
AL354898.1,-0.00021708943,-0.00048895366,-0.00036055222,0.00012257323,-0.0011222437,-8.885935e-05,0.00019481964,2.6362599e-05
ZBTB11,-0.00027451292,-0.00080798194,-0.00052391924,9.4680116e-05,9.357184e-05,-0.00015461305,0.00030651595,3.7917867e-05
SUMO3,8.0026686e-05,0.00010980293,0.00022168644,-3.9055012e-05,-0.00046592206,4.9336813e-05,-0.00012489315,-5.12274e-06
TWSG1,-0.00021465868,-0.00043336488,-0.00044198334,0.00022747274,-0.0017331392,-0.00013558986,0.00017731171,3.1078584e-05
LGALSL,0.00012414902,0.00023074634,0.00017930008,4.3023378e-05,-0.0013353527,-5.5134296e-07,-0.00016724598,-1.5862752e-06
EDN1,2.3581088e-06,-0.00043293834,-0.00032916106,5.4744072e-05,-0.0016625822,0.00012973323,0.0002404945,2.0389445e-05
RSL24D1,-0.00023784861,-0.00028873235,-0.0002472531,0.00017694011,-0.0007176697,-0.00013517961,7.433444e-05,2.1170825e-05
SLC10A4,-0.00039858557,-0.0006576963,-0.0002494827,7.33491e-05,0.0018606633,-0.0003778371,0.000102643855,2.8055627e-05
CTDSP2,-0.00045544654,-0.00034960173,-0.0003864076,0.0003228318,-0.0012171194,-0.000326714,6.463565e-05,3.1125266e-05
HUS1,0.0003562495,0.00015782565,0.0003807973,-0.00019019563,0.00058318675,0.000193947,-0.00014612358,-1.6240636e-05
GP1BB,-0.00038583018,-0.00044494309,-0.0005912706,0.00038788002,-0.0043672696,-0.00013968768,0.0002494324,3.8581784e-05
KCNC1,0.0006834194,0.0006053299,0.00069436803,-0.00028855167,0.00077655166,0.00049199816,-0.0003056461,-3.536034e-05
HMGB2,-0.00018217787,-0.00023389608,-6.974116e-05,7.777754e-05,0.0006016791,-0.00017207628,-1.4458783e-05,1.2649805e-05
PGLYRP4,-0.0002485104,-0.00052713044,-0.00040793605,0.00014278851,-0.0013682246,-0.00010171998,0.0002186494,2.8900919e-05
TPD52,0.00015162863,0.00016653538,0.00033518486,-0.00016965158,0.00019007921,7.715728e-05,-0.00014369469,-1.1028489e-05
ZNF593,-0.00038849004,-0.0003554169,-0.00024837814,0.00022232719,0.00039287657,-0.00042722048,-6.3013285e-06,2.6537804e-05
RBM18,-1.5959144e-05,-3.8558617e-05,7.7398494e-05,2.290681e-05,-0.00012078136,-7.7181496e-05,-9.0363435e-05,5.6942226e-06
SCN8A,0.00013474189,-0.00020710751,2.446957e-05,-9.280164e-05,0.00070896,7.9082325e-05,3.2402575e-05,5.976297e-06
CLK3,-0.00046821684,-0.00063857064,-0.0004811976,0.0002335785,-0.002230309,-0.00035252236,0.00021413714,3.53239e-05
HIST1H4D,-0.00021708943,-0.00048895366,-0.00036055222,0.00012257323,-0.0011222437,-8.885935e-05,0.00019481964,2.6362599e-05
C9orf47,0.0001274012,-0.00022981688,-0.000106066465,-9.385869e-06,-0.00048799813,6.328523e-05,8.3385035e-05,1.1104741e-05
EGR2,-0.00018401816,7.638149e-05,0.00010160729,0.0001954548,0.00023130327,-0.00031718705,-0.00021394063,4.8319343e-06
RPP40,0.000313418,0.00042175688,0.00052408874,-0.00014105532,0.00023644418,9.843148e-05,-0.00029259827,-2.2137538e-05
NTNG1,-0.0001755692,-0.00015129894,-8.919835e-05,0.00015096273,-0.0013976917,-0.00017515384,-3.6008656e-05,1.4832476e-05
DBI,-0.00036245212,-0.00035891868,-0.00024901517,0.0002035154,9.404868e-05,-0.0002873256,4.4032e-05,2.3003435e-05
TINAG,-0.00021810085,-0.00050217286,-0.00037606992,0.00012394693,-0.0010810047,-8.754339e-05,0.00020320434,2.7212314e-05
PROS1,0.0005864166,0.00085699745,0.000923818,-0.0002897298,0.001264967,0.00036376622,-0.00048206095,-4.5074266e-05
LIN28B,0.0005693566,0.00028816052,0.0005210638,-0.00038430654,0.00053524226,0.0005774526,-8.901488e-05,-2.8951908e-05
ATP6V0B,-5.868636e-05,-0.00040628947,-0.0002914481,8.3793886e-05,-0.0002939552,1.8458813e-05,0.00017146766,2.1463027e-05
TMED8,9.7982585e-05,0.00012486242,0.00023571774,-6.493088e-05,0.0010608658,5.6653284e-05,-0.00013680477,-6.879447e-06
PEG10,-0.00047104247,-0.0007860083,-0.00065957755,0.0002642395,-0.0027004182,-0.00020464743,0.00034319796,4.4537475e-05
TMEM185A,0.00016148761,0.00034529902,0.00034069642,-1.9872561e-05,0.00084940344,5.315058e-05,-0.00025149714,-1.1040014e-05
INSM1,-0.00038325414,-0.0011365339,-0.0009440612,0.00020238571,-0.0021750852,-6.834604e-05,0.00058957096,5.635107e-05
SOCS2,0.00032608397,-7.5483695e-05,9.035505e-05,-0.00022041239,0.0016213506,0.00032087788,7.2449446e-05,-4.4426415e-06
C8G,-0.00015208498,-0.00039033405,-0.00027723983,9.4503164e-05,-0.0011276081,-4.4029206e-05,0.00015458092,2.1413201e-05
MCRIP1,-2.7598813e-05,-0.00017814152,-1.8524006e-05,1.9269064e-05,0.0004695654,-3.8217753e-05,1.2805685e-06,7.8816665e-06
TCP10L2,-9.9208206e-05,-0.00016985647,1.1892989e-05,2.1802261e-05,9.3229115e-05,-9.60147e-05,-2.3171306e-05,7.540104e-06
DPCD,-6.170757e-05,0.00030165352,0.00017475337,0.00021140464,-8.383393e-05,-0.00023710821,-0.00029650237,9.4110146e-07
VSTM2B,0.00036154687,0.00031665154,0.00040366687,-0.00016197283,0.0021375492,0.00017767865,-0.00022551138,-1.6378937e-05
ALKBH2,-0.0002802536,-0.0004162155,-0.00023423135,8.2384795e-05,-5.6296587e-05,-0.00024305051,8.236617e-05,2.410612e-05
SYS1,0.00026458502,0.00044984557,0.000439547,-4.881993e-05,0.0005533621,8.5476786e-05,-0.00030147564,-1.7345534e-05
PRR4,1.2498349e-06,-3.2559037e-06,5.348958e-05,3.05688e-05,0.00010152906,3.4411438e-05,-4.852377e-05,1.7693965e-06
TCEANC,0.00044917688,0.00075781345,0.0009657722,-0.00022787135,0.00220225,9.417813e-05,-0.00056186225,-4.466495e-05
HSD11B1,-0.00011221133,-0.00024296343,-0.00015334226,0.00010214094,-0.00091104954,-6.4815395e-05,5.6463294e-05,1.5139929e-05
LMO4,-0.00033683516,-0.0008175615,-0.0005820263,6.5097585e-05,-0.0019611046,9.0152025e-06,0.00042676553,3.639341e-05
RHBDD3,3.767386e-05,-9.3312934e-05,-9.601563e-05,9.875372e-05,-0.000283055,3.3141114e-05,3.6880374e-06,1.0515912e-05
CHD1,-0.00027535483,-0.00045435503,-0.0002937466,7.6667406e-05,-0.0006802827,-9.757001e-05,0.00017254706,2.3316126e-05
GPR132,-8.2680956e-05,-0.00030072965,-0.00020417757,0.00010864716,0.00015702099,-0.0001190356,5.3521246e-05,2.01863e-05
CDC42EP1,-0.00027682446,-0.00046188943,-0.0003523007,0.00015763193,-0.001555115,-0.0001802519,0.00015443936,2.7033268e-05
PLA2G12A,-6.3020736e-05,-7.7575445e-05,3.38573e-05,8.183066e-05,0.0006079078,-0.00020179804,-0.00011312496,8.208444e-06
ANKRD60,-0.0002494324,-0.00058234297,-0.0004275851,0.00014114846,-0.0006992668,-0.00015584938,0.00021438673,3.1493255e-05
EEF1B2,-9.248033e-05,-0.000337841,-0.00021840446,6.364193e-05,-6.854534e-05,2.1141022e-07,0.00012466498,1.8282095e-05
CCDC169,-0.0002869889,-0.0005353112,-0.0004332494,0.00018060114,-0.0011302456,-0.00016507134,0.00020028278,3.149011e-05
ADO,4.645437e-06,7.6927245e-05,0.00024065934,6.738119e-06,0.0021915138,-0.00025298633,-0.00023934338,-2.3051398e-06
LRRC3C,-0.00021708943,-0.00048895366,-0.00036055222,0.00012257323,-0.0011222437,-8.885935e-05,0.00019481964,2.6362599e-05
TRUB2,-0.00011290051,-0.00013168715,9.790063e-05,-5.3867698e-05,0.00044579804,-0.00010555703,-4.847627e-05,3.546942e-06
TMEM255B,-0.00019180402,-0.0006206129,-0.0004272163,5.0810166e-05,-0.0012004152,3.1351112e-05,0.00029887725,2.8868555e-05
ARL6IP1,-0.00028309412,-0.00063505955,-0.00050858594,0.00015807245,-0.001131177,-4.022848e-05,0.0002953848,3.355241e-05
DPT,-0.0002731476,-0.0005266778,-0.0004129298,0.00016164687,-0.0011757091,-0.00014818227,0.00019936915,3.0363095e-05
LRMDA,-1.911074e-05,-0.00034223683,-0.00017429702,-3.2805838e-05,2.0086765e-05,9.663589e-05,0.00016303919,1.395843e-05
HIST2H2AB,-0.00021708943,-0.00048895366,-0.00036055222,0.00012257323,-0.0011222437,-8.885935e-05,0.00019481964,2.6362599e-05
ODF3L1,-7.0286915e-05,-0.00021601096,-0.00014061108,7.0314854e-05,-0.0012307167,7.3611736e-06,7.462315e-05,1.294876e-05
MPZL1,-8.304976e-05,-0.00025566667,-0.00012643822,-1.4442019e-05,-0.0018233806,6.481726e-05,0.00013516936,1.1770986e-05
TNF,6.995723e-05,-0.00014518201,-4.170835e-05,-3.0972995e-05,-0.0002610907,0.00011124462,6.71763e-05,5.697133e-06
TTR,-0.00061576813,-0.0010202546,-0.00068005733,7.818639e-05,-0.0051703528,-0.00020839367,0.0005351426,4.1398103e-05
GLRA1,-0.00016446039,-0.0003923606,-0.00023811497,6.777141e-05,-0.000892058,-6.0237944e-05,0.0001414083,1.9631349e-05
CFH,0.00024740584,0.0004560277,0.00052837655,-0.00010604132,0.0008988455,0.0001292387,-0.00031361077,-2.173218e-05
ZNF707,-0.00022015907,-0.00014836714,-3.8953498e-05,0.00017054565,0.0006730035,-0.000380354,-0.00013462175,1.55319e-05
H2AFZ,-0.00021708943,-0.00048895366,-0.00036055222,0.00012257323,-0.0011222437,-8.885935e-05,0.00019481964,2.6362599e-05
POLR2G,4.8128888e-05,-1.2937933e-05,0.00013795868,-2.4070963e-05,-2.823025e-05,1.2516975e-05,-7.4236654e-05,-9.576324e-07
TSPO,-9.565614e-05,-0.00016555376,-6.41346e-05,8.710381e-05,0.0007957518,-0.00010094978,-2.2601336e-05,1.11847185e-05
ZSCAN4,-0.00018766522,-0.0004476644,-0.00030451268,0.00010959618,-0.0006446019,-0.000104242936,0.00015311968,2.397981e-05
DUSP3,-6.421469e-05,-0.0002334062,-0.000110128894,0.00014694408,0.0006528944,-0.00020772265,-2.8315e-05,1.4535966e-05
TRIM77,-0.00021922402,-0.00048903376,-0.00036212988,0.00012973882,-0.0011825189,-9.846222e-05,0.00019116048,2.6568421e-05
ORAI2,-0.00021127053,-0.00034727156,-0.00015525147,3.611762e-05,0.0001148358,-0.00010036677,9.088125e-05,1.5821657e-05
ATP4B,-0.0002848748,-0.0005443711,-0.0004351493,0.00016564038,-0.0013490021,-0.00013140682,0.000221489,3.072433e-05
CCDC3,-0.0010356046,-0.0017160513,-0.0014995523,0.0005323468,-0.003931649,-0.0005107885,0.0007794602,9.501784e-05
RHNO1,-1.3180077e-05,-0.0004108604,-0.00023777038,6.440282e-05,-0.0009437725,-5.3521246e-05,0.00012724195,2.1042768e-05
FUT5,-0.00018510409,-0.00047404692,-0.0003375765,0.00010056794,-0.0010616779,-5.476363e-05,0.00019540172,2.4585519e-05
STEAP1B,-9.221956e-05,-0.00020908564,-0.000112487,9.5333904e-05,-0.00035388768,-9.633601e-05,1.3248064e-05,1.434423e-05
HIST2H2AC,-0.00021708943,-0.00048895366,-0.00036055222,0.00012257323,-0.0011222437,-8.885935e-05,0.00019481964,2.6362599e-05
CHP2,-9.471551e-06,-0.0001786612,-3.7606806e-05,1.7746352e-05,0.00042408705,-1.5518628e-05,1.060497e-05,8.965144e-06
SNX24,0.00052056834,0.00018932298,0.0005520731,-0.00046177674,0.0032435209,0.00037707575,-0.00013496447,-2.5625457e-05
TMEM163,4.8324466e-05,-0.00021515042,-0.00019150041,3.751833e-05,-0.0036653206,0.00015541539,0.0001750905,1.1497643e-05
NKAIN2,-0.0001593791,-0.0007776655,-0.00058063865,1.6698614e-05,-0.0036656708,0.0002302574,0.00051118806,3.026938e-05
TRIM40,-0.00021068938,-0.00048221461,-0.00035033748,0.00011854246,-0.0010478869,-8.9623965e-05,0.00018879212,2.5859219e-05
LACTBL1,-0.00024260208,-0.0005248729,-0.0004046932,0.00013943296,-0.0013283044,-9.769108e-05,0.00021802448,2.8684619e-05
RFESD,0.0001746919,0.00010997802,0.00028104708,-0.00016367249,-0.0006962642,0.00019389484,-6.8126246e-05,-1.1284021e-05
SFTPA2,-0.00032631122,-0.00070619956,-0.00047252886,0.00017496571,0.0005592033,-0.0003122487,0.0001906585,3.773847e-05
NPY5R,9.253435e-05,-9.828247e-05,3.9430335e-05,-9.459164e-05,-0.0003527552,0.00016328879,5.0604343e-05,1.7905841e-06
USB1,9.767711e-05,4.6646222e-05,0.0001487881,-4.6928413e-05,-0.0005508587,-4.905276e-06,-9.00235e-05,-7.3830597e-07
MYCT1,-0.00019358285,-0.0006238092,-0.00051725656,0.00018437393,-0.0013244376,-6.432831e-05,0.00027023163,3.396615e-05
SLAMF6,-0.00011091679,-0.00026531704,-0.00014771894,0.00010101497,0.00052499026,-0.00014431588,1.8482096e-05,1.6795588e-05
EDARADD,0.00027281605,0.00039785355,0.0005794484,-0.00027013384,-3.5859644e-05,0.00017313939,-0.00022824388,-2.7674134e-05
DDX11,-0.0005410202,-0.0006189626,-0.0005911216,0.00040727668,-0.001916647,-0.0005404656,0.00013280474,4.657579e-05
IAH1,-0.00027301535,-0.00052741915,-0.00044299662,0.00018560328,-0.00094423443,-0.00022901967,0.00019074976,3.261608e-05
RNF115,0.00044902414,0.00066563673,0.0008953735,-0.0003367085,0.002359882,0.00022502523,-0.00043851044,-4.332664e-05
SUSD2,-0.00016359054,-0.0005139094,-0.00027177483,8.032657e-06,1.8365681e-05,-0.000101503916,0.00017840788,2.2624503e-05
PPP1R3B,-0.00010414608,-0.00042590126,-0.0003165342,6.92904e-05,-0.0013153628,-1.931563e-05,0.0001910543,2.2723805e-05
NXPH2,0.00022524968,6.901473e-05,0.00024856068,-0.00013227575,0.0017762631,8.2046725e-05,-0.00012941752,-6.2519684e-06
THYN1,-0.0002954565,-0.00013504177,-0.00015837699,0.00024152827,-0.00017223507,-0.00026631588,-5.793199e-05,1.8996303e-05
WFDC8,-0.00013494119,-0.00043716095,-0.0002576895,4.845299e-05,-0.0004901886,-4.1030347e-05,0.00016248599,2.067862e-05
YPEL2,0.00040602125,0.000500381,0.00055598095,-0.00020598155,0.0019086525,0.00025684945,-0.00029035192,-2.6804279e-05
EAPP,-4.765764e-05,-0.00014600158,-3.1594187e-05,2.639927e-05,-0.00021751225,-3.67146e-05,3.5408884e-06,9.217998e-06
C1QBP,-0.0003487505,-0.00038238056,-0.0003439933,0.00021070987,-0.0023031533,-0.0002096775,0.00012453459,2.8104987e-05
C3orf33,0.00017919578,0.0004778579,0.0004232619,-3.4524128e-06,-0.0006752014,2.0732172e-05,-0.0003040461,-1.6941107e-05
DCUN1D5,-0.00014386326,-0.00027627125,-9.648502e-05,5.507283e-05,-0.00033341348,-0.000115294475,2.52733e-05,1.560594e-05
TMEM38B,0.00015975535,8.730218e-05,0.00020614639,-0.00021832716,0.0013635457,0.00025639683,-6.4456835e-06,-9.05944e-06
PHETA2,8.85874e-06,-0.00039655343,-0.0002273228,9.613112e-06,-0.0011092126,4.651863e-05,0.00017605256,1.67588e-05
CBLN2,-0.00019688718,-0.00064720213,-0.0006251577,0.00013664179,-0.00060740113,0.00017318409,0.00042646844,3.2953452e-05
GABRD,0.00016157143,-4.952401e-05,0.00013949536,-0.00011305977,0.001795724,9.247381e-05,-5.273614e-05,-1.1001248e-06
NEIL2,3.620982e-05,-0.00013436936,9.233132e-06,-0.00013656355,-0.001628235,0.00023288094,0.00012620632,8.937204e-07
FBXO38,-1.4100224e-06,-8.574501e-05,5.6866556e-05,-2.5873072e-05,0.00023484975,3.9789826e-05,-2.4791807e-05,4.101428e-06
LYAR,0.00022641756,-0.00028724968,-4.975125e-06,-0.00013879593,0.00096265227,0.00012506079,7.178448e-05,6.543938e-06
PDGFA,-0.00014290027,-0.00024858117,-3.712438e-05,2.9978342e-05,-5.248189e-05,-0.0001580487,-9.49204e-06,1.2103119e-05
NAA38,-0.00019404106,-0.00022859313,-0.00017106347,0.00011434313,-0.0010159165,-0.00010083709,6.6935085e-05,1.5718164e-05
JOSD1,3.150478e-05,0.00010334328,0.00026324205,-3.820285e-06,0.000847958,-0.0001353207,-0.00021832343,-3.6163256e-06
IGFBP1,-0.0002508834,-0.00050495006,-0.00039168075,0.00015240349,-0.0010198578,-0.00013353303,0.00018931367,2.898532e-05
MYPOP,0.0003497675,0.00036694668,0.00045192242,-0.00013042986,0.0019947514,0.00013671722,-0.00027021114,-1.8893974e-05
TMEM268,0.00036475807,0.00029361807,0.00060272776,-0.0003336724,0.0021590367,0.00027278345,-0.00021502841,-2.8699636e-05
PHYHIPL,-0.00062418915,-0.001063589,-0.00089611486,0.00028351974,-0.0026094392,-0.00027105352,0.00048599858,5.8545964e-05
KDELR3,6.905198e-05,-2.1614134e-05,0.00020295568,-8.836854e-05,0.00071389973,2.5827438e-05,-9.379629e-05,-3.7015416e-06
FETUB,-0.00020020083,-0.00047482736,-0.0003417395,0.00011267234,-0.00096369535,-8.1167556e-05,0.00018566381,2.534897e-05
RSU1,-0.00017095543,-0.00042421184,-0.00029096752,0.00010120589,-0.00047523528,-0.00011057919,0.00013423618,2.4592155e-05
FAM221A,7.876381e-05,0.000161184,0.00021513738,3.4218654e-05,-0.0004981011,-3.5640784e-05,-0.00018193852,-3.856607e-06
EMP2,-0.00023682974,-0.00027612783,-0.00017952733,0.00021746475,-1.3239682e-05,-0.00032519223,-3.828481e-05,2.1432992e-05
RPS19,7.3350966e-05,-0.00015464053,2.2295862e-06,-4.2058527e-05,0.0014475435,7.5259246e-05,1.5189871e-05,5.4693082e-06
IL1R2,-0.0001942385,-0.00042560138,-0.00028345175,9.1665424e-05,-0.00076037645,-8.0546364e-05,0.00015510805,2.2488763e-05
ATP1A1,1.9729137e-05,5.4160133e-05,3.067963e-05,0.000116988085,-0.00030900538,-5.5286102e-05,-0.00010490883,5.5868877e-06
FNDC4,-1.9954517e-05,-0.00013760105,-4.932843e-05,2.8451905e-06,0.001103647,-6.7259185e-05,4.7311187e-07,9.565381e-06
ITLN2,-0.00012769178,-0.0001760982,-0.00013160147,9.633973e-05,-0.00047795475,-8.97795e-06,5.1683746e-05,1.2074714e-05
FAM124B,-0.00011908822,-0.00052155554,-0.00037660822,0.00011774432,-0.0007476285,-2.9707327e-05,0.00020976365,2.578774e-05
TBX1,0.00013985857,-0.00012968294,-5.167164e-05,-3.187172e-05,-0.002018489,0.00020804722,0.00010561198,3.9753504e-06
P2RY10,-0.00021708943,-0.00048895366,-0.00036055222,0.00012257323,-0.0011222437,-8.885935e-05,0.00019481964,2.6362599e-05
ZNF32,0.0001087226,0.00013267249,0.0003501363,-8.4694475e-05,0.0018507615,-8.650962e-05,-0.00023503695,-9.631971e-06
CLEC18B,0.0002935771,-1.729466e-05,0.00023812242,-0.00021596625,4.8473477e-05,0.00020573568,-1.9565225e-05,-9.218114e-06
KLRK1,-0.0001986362,-0.0004497748,-0.0003184881,0.000113298185,-0.00096687675,-9.246264e-05,0.0001666788,2.4369801e-05
NMRAL1,-0.00031583756,-0.00041446462,-0.00035430305,0.00021064095,-0.0012531206,-0.00022203615,0.0001256438,2.7466333e-05
MAMSTR,-0.000104306266,-0.00038904324,-0.0003404077,0.0001370823,-0.0012353063,-5.2276067e-05,0.00016339216,2.5586458e-05
MIA,-0.00021802261,-0.0005608145,-0.00046700984,0.00014044624,-0.0015832782,-7.241964e-05,0.00025991816,3.1135743e-05
PSMB3,-3.3542514e-05,-3.5218894e-05,6.171316e-05,4.961621e-05,-0.00011597574,-8.164253e-05,-8.881651e-05,5.9994636e-06
MREG,0.00044133514,0.00030893087,0.0005119853,-0.00030609313,0.0014175773,0.0003776541,-0.00016506668,-2.5740359e-05
NME1,9.346008e-05,-7.585436e-05,0.00011818856,-8.374546e-05,0.0010890141,7.265527e-05,-3.722217e-05,1.686858e-07
GPR119,-0.00021708943,-0.00048895366,-0.00036055222,0.00012257323,-0.0011222437,-8.885935e-05,0.00019481964,2.6362599e-05
PCDHGA5,-4.2444095e-05,-0.00030081533,-0.00013771094,7.5660646e-06,-0.000276044,3.049057e-05,0.000105263665,1.3451092e-05
YIPF5,0.00013645738,-7.512979e-05,1.152046e-05,-2.4552457e-05,-0.00012116879,0.00016281288,2.7496368e-05,3.3460092e-06
C9orf78,-6.278418e-05,-0.000216363,-4.4289976e-05,1.419615e-05,0.0006103143,-6.595813e-05,1.033023e-05,1.0917545e-05
APOF,-6.625615e-05,-3.287196e-05,6.0075894e-05,3.9671548e-05,0.00037357956,-4.361663e-05,-6.731879e-05,3.533787e-06
TMEM267,0.00046893582,0.00042168796,0.0006388854,-0.0003228709,0.0019071251,0.00027773436,-0.00027469452,-2.9341085e-05
NCALD,0.00020983629,2.4396926e-05,0.00019571744,-0.00022781081,0.0009351298,0.00026776176,1.4695339e-05,-8.817529e-06
SIRPG,-0.00022680312,-0.00049126893,-0.0003598649,0.00012645312,-0.001093097,-0.000104679726,0.0001898408,2.661557e-05
LITAF,-0.000116052106,-0.00047529303,-0.00036338903,8.048862e-05,-0.00092627853,-2.7580187e-05,0.00019929837,2.6882044e-05
ASGR1,-0.00017790869,-0.00036660954,-0.00024814904,0.00018616952,0.0011149123,-0.00030896533,4.2347237e-06,2.5663292e-05
PIK3CG,9.045936e-05,5.137734e-05,0.00016066618,-1.4899299e-05,0.0010903105,2.4102628e-06,-0.000117515214,-2.091634e-06
EMC7,-0.00019086897,-0.00021812692,-0.00012318045,0.0001067752,-0.001471445,-0.0001870403,1.8239021e-05,1.612259e-05
ZNF682,5.4506585e-05,-3.0200928e-05,7.984415e-05,-0.000109742396,-0.00012628734,0.00016766787,2.496317e-05,-4.2642932e-07
C1QB,-0.00026974082,-0.00054121576,-0.000499364,0.00021991692,-0.00026260316,-0.00017664442,0.00021094829,3.5153702e-05
DNPH1,-0.0002659615,-0.00035636313,-0.00029574893,0.00013877731,-0.00093144923,-0.000196076,0.00010957755,2.509309e-05
PSME3,-0.0002998151,-0.0002902504,-0.00025699846,0.00026818272,-0.0015391409,-0.00031443126,1.14953145e-05,2.5050365e-05
DAZL,-0.00021830387,-0.0005155802,-0.0003851466,0.0001208419,-0.001229398,-7.917825e-05,0.00021526963,2.7515693e-05
RHEBL1,0.00025633164,0.00023418665,0.00034061447,-0.000107537955,0.0008169785,0.00014163647,-0.00019565318,-1.1005206e-05
SAXO2,-3.2151118e-05,-0.000115804374,0.000113775954,-9.725988e-05,0.00082984567,-6.187428e-05,-4.449021e-05,2.90561e-06
SLC22A31,-0.00018686429,-0.00046573952,-0.00032807887,0.00010489952,-0.00082390755,-7.546693e-05,0.00017899554,2.4634064e-05
YAF2,0.00015937723,-0.00038863346,-0.00017882325,-0.0001261849,0.00036061555,0.000268857,0.00022651255,1.2009405e-05
GLO1,-0.00018911622,-0.00033629686,-0.00016316399,2.2326596e-05,-0.0013438389,-6.099511e-05,0.00012926105,1.4807098e-05
DFFA,-5.1712617e-05,-0.00012052432,1.1207536e-05,6.837025e-05,-0.00040964037,-0.0001455606,-6.270688e-05,8.360832e-06
AMIGO1,4.2593107e-05,-3.6422163e-05,0.00011206791,-2.8422102e-05,-1.8425286e-05,-8.517876e-06,-5.572848e-05,-2.6426278e-07
TCN1,-0.00021708943,-0.00048895366,-0.00036055222,0.00012257323,-0.0011222437,-8.885935e-05,0.00019481964,2.6362599e-05
CETN3,4.123524e-05,-3.1495467e-05,6.753951e-05,2.0415522e-05,-0.0013051108,4.7124922e-06,-4.335493e-05,2.8818613e-06
TMEM130,9.018928e-05,-0.00018241629,-0.0001104027,1.9994564e-05,-0.00083775073,5.4809265e-05,6.3837506e-05,1.1443277e-05
KLK3,-0.00020276755,-0.0004860945,-0.00035634823,0.00011493638,-0.0010386929,-7.830653e-05,0.00019512977,2.604234e-05
DUSP28,-0.00014906377,-0.00033897534,-0.00018172339,4.5360066e-05,-0.0010426342,-9.0144575e-05,0.00010623224,1.736288e-05
AC010336.1,-0.00021708943,-0.00048895366,-0.00036055222,0.00012257323,-0.0011222437,-8.885935e-05,0.00019481964,2.6362599e-05
NCR2,-0.00021708943,-0.00048895366,-0.00036055222,0.00012257323,-0.0011222437,-8.885935e-05,0.00019481964,2.6362599e-05
POP4,-0.00015495531,0.0001507774,0.00013666973,0.00015554298,-0.00083227456,-0.0002070372,-0.0001949938,1.7056009e-06
CCDC34,0.00024369732,-4.0767714e-05,0.00014616735,-0.00020604488,-0.00025323033,0.00023502018,2.6656315e-05,-4.020054e-06
HES2,-0.00020759925,-0.000499554,-0.00037948042,0.00012094714,-0.0002092272,-0.00012390269,0.0001792619,2.9061921e-05
RIC1,3.4768134e-05,6.2253326e-05,0.00012166798,0.00012187846,-0.0009997264,-0.00021995278,-0.00018626358,3.9227307e-06
PEAK3,-0.00041869096,-0.0005980376,-0.0005329903,0.000303464,-0.00016589463,-0.00037429295,0.00016178284,3.9915554e-05
BEAN1,-6.0305e-05,-0.00025789626,-0.00010454096,-6.5844506e-06,-0.00019748509,2.3796223e-05,9.036064e-05,1.158705e-05
NFU1,-0.00012137368,-0.00020831823,-0.00016551465,0.00017877016,-0.0008006543,-0.00018204143,-6.726943e-06,1.8441351e-05
LUZP2,-0.00063213333,-0.00097259507,-0.0008423142,0.0002552746,-0.0023190752,-0.0002091243,0.00047203247,5.3091324e-05
PAQR5,0.00023510121,0.00010164082,0.00017746165,-3.2605603e-06,-3.5718083e-05,7.549394e-05,-0.0001311088,-3.2745302e-06
EML5,-0.0001340285,-0.00028419122,-0.00031722523,0.00015989132,-0.0012447312,-1.3370998e-05,0.00014854316,2.0224135e-05
TNFRSF14,8.315034e-05,-8.106604e-05,-3.2506883e-05,1.4837831e-05,2.117455e-05,0.0001241574,3.0030496e-05,5.478505e-06
ADAT3,0.00015506707,-8.253381e-06,6.677583e-05,-7.2878785e-05,-0.0010486394,0.0001994418,3.135763e-05,-2.366607e-06
APIP,0.00033043884,0.0005535763,0.00061401166,-0.00015498232,0.0016211495,0.0001681177,-0.00035054516,-2.8420007e-05
ANP32B,-0.0001820121,-0.00036711246,-0.00022581033,0.00010130275,-0.00031928718,-0.000143799,9.39928e-05,2.0487118e-05
RABL3,0.00028281286,8.996576e-06,0.00024355762,-0.00029090792,0.0009490475,0.00038946606,3.292598e-05,-1.1860044e-05
DCTN6,-0.00015500188,-0.00018821657,-7.487647e-05,9.4912015e-05,-0.0009560734,-0.00010484364,1.17551535e-05,1.1839089e-05
ABCA6,-2.9522926e-05,-0.00029341318,-9.858422e-05,-1.4130026e-05,-5.3331256e-05,1.7818995e-05,9.138137e-05,1.0988675e-05
SPINT2,4.982017e-05,-0.00013708137,-9.1955066e-05,8.359365e-05,-0.0013391674,8.793641e-05,4.7329813e-05,9.902054e-06
SERPINA7,-0.00020659529,-0.00045611337,-0.00032489002,0.00011636689,-0.0010369644,-9.029545e-05,0.00017215963,2.4608918e-05
NXPH4,-7.116608e-05,-0.00039373897,-0.0001555197,6.8061985e-05,-0.0011719316,-0.0001530596,6.345101e-05,1.8974883e-05
ATP6AP1L,0.0001430437,0.00022380054,0.00022960082,4.3614767e-05,-0.0009119436,-3.5901554e-05,-0.00019632187,-4.6397327e-06
IDNK,1.0877848e-05,-0.00030347146,-0.00014947914,-7.510651e-05,-0.0011435822,0.00010749977,0.00018665381,9.629177e-06
KRTAP16-1,-0.00018919073,-0.00046544895,-0.00032921508,9.953603e-05,-0.0011147857,-6.020628e-05,0.00018931273,2.4335342e-05
PTP4A1,-0.00016142987,-0.00021454692,-0.0001225546,0.00015085842,0.00023347884,-0.00014232099,-8.311123e-06,1.5079742e-05
PLSCR5,-0.00019694865,-0.00042403303,-0.00028998964,0.0001104055,-0.0009557605,-9.2137605e-05,0.0001498945,2.290029e-05
GJB7,6.769225e-05,-0.0002200529,2.8003007e-05,-0.00011787843,0.00042710453,0.00010993052,6.0809776e-05,4.103058e-06
PVRIG,-0.00016833469,-0.00039832853,-0.00026699714,0.00011264533,-0.00074866414,-0.00010084361,0.00012745708,2.1604472e-05
TMEM45B,0.00020980276,0.00015173666,0.00024802983,-7.934775e-05,0.0011034533,9.517372e-05,-0.0001378255,-8.8248635e-06
ZAR1L,-0.00026820973,-0.00051975995,-0.0003929399,0.00014798716,-0.0012656376,-0.00013598241,0.0001996383,2.885051e-05
TPSD1,-0.00021708943,-0.00048895366,-0.00036055222,0.00012257323,-0.0011222437,-8.885935e-05,0.00019481964,2.6362599e-05
CAPZA3,-0.00021708943,-0.00048895366,-0.00036055222,0.00012257323,-0.0011222437,-8.885935e-05,0.00019481964,2.6362599e-05
PDCL,-1.642853e-05,-8.704513e-05,0.000181932,-7.937197e-05,0.0007914603,-0.0001396602,-0.00010622572,-1.2968667e-07
ZBTB8OS,-0.000121016055,-4.2153522e-05,-0.000100806355,0.000117361546,-0.0018618256,1.848396e-05,3.1234697e-05,9.765616e-06
NDUFB10,-9.354018e-05,-0.00026287697,-0.00010435656,5.472731e-05,0.00042491406,-0.00012282794,2.0307489e-05,1.5242491e-05
FNDC11,0.00032810867,0.00037220493,0.00048029423,-0.00015698932,0.0009474382,0.00016487949,-0.00024401676,-2.2260123e-05
PRR23C,-0.00018587336,-0.00041938573,-0.00030799396,0.000119015574,-0.00059405714,-9.5728785e-05,0.0001466237,2.391939e-05
MRPS11,8.8617206e-05,0.00013170391,0.00011958182,2.3102388e-05,-0.00032106787,7.666275e-05,-0.00010036398,-5.669426e-07
FAM92B,3.078766e-05,-0.00030537508,-0.00014278665,4.1350722e-06,-0.0005935207,3.563054e-05,0.00011446234,1.2033852e-05
ARF4,-0.000107897446,-0.0001525227,-4.776381e-05,9.4939955e-05,-0.00041607767,-9.41921e-05,-2.5757588e-05,1.1621858e-05
CD84,0.00011590123,-0.0002159886,-8.381903e-05,-6.8469904e-05,0.0006455481,0.00017203111,0.00010922551,8.175732e-06
SIRPB1,-0.00020313263,-0.0004898235,-0.0003623031,0.000115298666,-0.0010664687,-7.3765405e-05,0.00019993074,2.6275637e-05
ZIM3,-0.00010988861,-0.00030015968,-0.00016408041,3.820751e-05,-0.00040697306,-7.31647e-06,0.000103066675,1.4914316e-05
CDCA3,-1.6150996e-05,-0.0001233574,-6.131828e-06,-2.184324e-05,0.00018779933,3.3409335e-05,2.4820678e-05,4.5605702e-06
CLCF1,-0.000102424994,-0.00025405549,-0.00014310144,6.098207e-05,-0.00054932386,-7.639453e-05,6.505754e-05,1.4749588e-05
CCR8,-0.00020020083,-0.00047482736,-0.0003417395,0.00011267234,-0.00096369535,-8.1167556e-05,0.00018566381,2.534897e-05
BAK1,0.000102341175,0.000116910785,0.00035702065,-0.0001968313,0.000740163,6.110035e-05,-0.00014003832,-1.2076111e-05
MSRB3,0.00035852008,0.0004961472,0.00053213537,-0.00013801828,0.0015870854,0.00025373697,-0.00029023085,-2.618786e-05
SSTR4,-0.00021708943,-0.00048895366,-0.00036055222,0.00012257323,-0.0011222437,-8.885935e-05,0.00019481964,2.6362599e-05
C22orf31,-5.648844e-05,-0.00039441884,-0.00021196343,1.45556405e-05,-0.00015243143,3.2656826e-05,0.00016059447,1.6178354e-05
ZNF658,0.00038819388,0.00047675893,0.0005150568,-9.742845e-05,0.0017297938,0.00012542773,-0.00034135673,-2.1272805e-05
ACTR3C,-1.6817823e-05,7.303618e-05,0.00014054775,-2.283603e-05,-0.00013004243,6.369315e-05,-6.824825e-05,-2.9505463e-06
FAM3B,-0.0002283454,-0.00057024695,-0.00040662102,0.000117776915,-0.0011681095,-8.3209015e-05,0.00023508072,2.83072e-05
FOXR2,-0.00022361428,-0.0004936978,-0.00036593527,0.0001263693,-0.0011237562,-9.5377676e-05,0.00019566063,2.674642e-05
JUNB,-0.00021822192,-0.0002095718,-0.00014400855,0.00017094798,-0.002017334,-0.00015485659,1.7876737e-05,1.6369857e-05
FAM118A,-0.00066829845,-0.0009815786,-0.0008096006,0.00033241697,-0.002779238,-0.00038691517,0.00039581396,5.447131e-05
CLDN12,8.229166e-05,4.0354207e-05,0.00010239892,7.403083e-06,-0.00037539005,0.00010237936,-5.4761767e-05,-1.437962e-06
SOD1,-0.000118108466,-0.00036337785,-0.00020225346,7.30725e-05,0.0004767552,-5.6758523e-05,9.934697e-05,1.8371502e-05
FFAR2,-0.00012241676,-0.00027361326,-0.00019482523,0.00010092091,-0.0006390214,-5.1788054e-05,9.366125e-05,1.5669852e-05
MOB2,-0.00031068362,-0.0005882308,-0.0005921442,0.00030026957,-0.0010898411,-0.00025680056,0.00021601003,4.0871208e-05
THAP8,-8.887239e-05,0.00029745698,0.00024828129,0.0001428239,0.00030587614,-0.00027601747,-0.00032431353,-6.284099e-07
KCTD6,-0.0002610162,-0.00026836805,-0.0002791211,0.00018221792,-0.0031724423,-7.764157e-05,0.0001371,1.9560102e-05
BCL7A,-0.00026715733,-0.00047325157,-0.0003923662,0.00021964498,-0.00066423416,-0.00021812553,0.0001282813,3.1765667e-05
PROCA1,0.00026012398,0.00011122227,0.00017610565,-4.2795204e-05,0.00011511147,0.00017516967,-9.119138e-05,-4.5563793e-06
CASP6,-2.0701438e-05,-0.00018252805,6.6682696e-06,-3.3063814e-05,-3.489107e-05,-1.7805025e-05,1.765415e-05,6.1215833e-06
IQCD,0.0003634747,0.0005074199,0.0005106088,-0.00012448337,0.0006526187,0.00018025935,-0.000293958,-2.3590284e-05
COPZ2,-0.00015047938,-0.00037173927,-0.00024983473,9.625498e-05,-0.0009655878,-8.5272826e-05,0.00012623705,2.061238e-05
CALHM6,6.304309e-05,4.254654e-05,0.00019375421,-5.910825e-05,4.1522086e-05,1.4374033e-05,-9.8842196e-05,-3.6731362e-06
MARC2,-0.00021708943,-0.00048895366,-0.00036055222,0.00012257323,-0.0011222437,-8.885935e-05,0.00019481964,2.6362599e-05
UPK3A,-0.00018882751,-0.00047277473,-0.00031337328,7.3835254e-05,-0.0009517446,-3.5957433e-05,0.0001986511,2.3163506e-05
NAT10,-0.00015901774,5.253218e-05,1.1758879e-05,0.00018031057,-0.0010511726,-0.0002118214,-0.00013339426,8.325791e-06
PRR25,-0.00020071492,-0.00047362223,-0.0003346596,0.00011177361,-0.000914,-9.2131086e-05,0.00017942302,2.512394e-05
CHIC2,-0.00016492046,1.3448298e-06,8.361228e-05,0.00017255358,0.0014076233,-0.0003800518,-0.0002312595,9.043608e-06
SP8,0.00033001788,0.00055632554,0.00069657713,-0.00021613203,0.0010151863,0.00012893137,-0.00037474837,-3.0459254e-05
RPL35A,-0.00013113953,-0.0004076343,-0.0002450794,6.279908e-05,-6.151199e-05,-7.364899e-06,0.00014929194,1.9679195e-05
GPR85,-0.0003061071,-0.00036760792,-0.00022243708,0.00016423874,0.00011206418,-0.00027953228,4.7923997e-05,2.2563734e-05
GCAT,3.4464523e-05,-3.316626e-05,5.702302e-05,-3.533531e-05,-0.0007599965,-1.2557022e-05,-2.8979033e-05,2.61073e-06
MRTO4,0.00014106743,0.0002967175,0.00046882033,-0.0001674695,0.0016861334,0.00010509696,-0.00023741927,-1.891877e-05
PRXL2A,-4.3809414e-06,-0.00025252812,-7.7223405e-05,-1.8947758e-05,0.00033704937,3.922265e-05,6.771274e-05,1.051568e-05
METTL21A,-0.00025898218,-0.00029500388,-0.00019447878,0.0001735976,0.00019529462,-0.00023377454,1.9296072e-05,1.9845553e-05
LTC4S,-0.0002757255,-0.0008303933,-0.00075198524,0.00017952453,-0.00136929,-1.0956079e-05,0.00045561604,4.484842e-05
MRPL55,-0.00014772266,-0.00011204928,-7.5871125e-05,0.00014080014,-0.00059785694,-0.00014546653,-3.274437e-05,1.2146775e-05
RALY,2.2299588e-05,-1.6799197e-05,0.00011565164,-3.7951395e-06,0.0008695796,-7.8321435e-05,-0.000106207095,2.4194596e-06
AMELX,-0.00017778575,-0.0004199464,-0.00029418804,0.00010381639,-0.0008293092,-7.240567e-05,0.00015565101,2.2728229e-05
NPTXR,-0.00018558837,-0.0003764853,-0.00036498345,0.00020631123,-0.0007208735,-0.000107797794,0.00012699142,2.691755e-05
TMEM173,-0.00021708943,-0.00048895366,-0.00036055222,0.00012257323,-0.0011222437,-8.885935e-05,0.00019481964,2.6362599e-05
SNAPC2,-0.00018188916,-2.0677224e-05,-2.6825815e-05,0.00019776542,-0.0017520264,-0.0002669082,-0.00010392163,1.0333373e-05
PCGF6,0.00026668794,0.00048745796,0.00067793205,-0.00022125058,0.0019992664,0.00011527352,-0.00035498943,-3.0026771e-05
ARID2,-0.00013667904,-0.0004118234,-0.00034590997,0.00017854478,-0.0010720119,-2.2985041e-05,0.00015659165,2.479949e-05
ACKR3,9.395182e-05,-0.00113363,-0.0006906744,-0.00020249374,0.0034987032,0.00021268334,0.00057463255,4.0797982e-05
DNAJC30,-0.00014854968,-0.0002899971,-0.00021882169,8.550752e-05,-0.001333274,-0.000105355866,0.00010105036,1.9120751e-05
TIPIN,0.00022237375,0.00017758086,0.000314869,-0.00017154869,0.00033248216,0.0002119774,-0.00010698382,-1.3287063e-05
BIRC7,-0.00013809837,-0.0003547892,-0.00021553598,9.9370256e-05,-0.00044938922,-0.00011862628,8.9180656e-05,1.9671163e-05
CLDN24,-0.00021708943,-0.00048895366,-0.00036055222,0.00012257323,-0.0011222437,-8.885935e-05,0.00019481964,2.6362599e-05
CTDSPL,-0.00017442182,-0.0001255516,-6.8238005e-05,0.00015737396,0.00025536865,-0.00021574926,-7.8033656e-05,1.4385907e-05
METRNL,1.758337e-06,-0.00022364408,-0.00016875006,-8.526258e-06,0.0001675412,3.3256598e-05,0.00010675285,1.4612568e-05
ST8SIA6,-6.840937e-05,-0.00031461008,-0.00024391338,5.3696334e-05,-0.0014123619,8.753501e-05,0.0001748614,1.659349e-05
LIG3,3.4235418e-05,0.00021114945,0.00021625869,0.00012387428,0.0012055486,-0.00022293208,-0.0002923282,4.6379864e-07
NMU,-0.00040710904,-0.0006256271,-0.0006577708,0.0002776971,-0.0045389384,-9.8044984e-05,0.00037202425,3.9768755e-05
PKN1,0.0001680702,-4.1529536e-05,0.00016394444,-0.000117670745,0.0013793856,6.991718e-05,-5.0831586e-05,-3.3440301e-06
MARS,-0.00021708943,-0.00048895366,-0.00036055222,0.00012257323,-0.0011222437,-8.885935e-05,0.00019481964,2.6362599e-05
TMED3,-0.00010954961,-0.00015827082,-1.623109e-05,5.9218146e-05,-0.00014927238,-0.00019339472,-5.020015e-05,1.098623e-05
ABHD14A,-0.00027623773,-0.00026122108,-0.00022016652,0.00021260977,-0.0016463175,-0.0002384563,3.8444065e-05,2.0095613e-05
ORAI1,-0.00013730116,-0.00020081177,-0.00016849302,0.00011774991,-0.0009578839,-8.0835074e-05,4.2865053e-05,1.6701058e-05
VPS29,-0.00018777512,-0.0002863016,-0.0001520291,0.0001032576,-0.0008624643,-0.00013445318,5.5781566e-05,1.6701291e-05
FAM3D,-8.087233e-05,-0.00027854182,-0.00013370253,3.6685728e-05,-0.00044092536,-2.1282583e-05,8.116104e-05,1.3566576e-05
RAX2,-9.6270815e-05,-0.00031323917,-0.0002084542,7.8905374e-05,-0.0011330917,1.0482036e-05,0.00012533553,1.654483e-05
INO80B,0.0004621446,0.0005103741,0.0006961413,-0.0003077779,0.0039635673,0.0002135653,-0.00036611315,-3.0059833e-05
MAGIX,6.89514e-05,0.00030973926,0.00033861026,3.8273633e-05,0.0010291636,-0.00013798941,-0.00029965956,-9.962707e-06
TRIM51,-4.4360757e-05,-0.00023096986,-4.7132373e-05,1.23670325e-05,5.0619245e-05,-4.2824075e-05,2.508983e-05,9.974348e-06
FCAR,-0.00013148785,-0.00019840337,-0.00014974363,0.00018392317,0.00041071326,-0.0003477335,-7.226132e-05,1.9975821e-05
SLC50A1,9.376556e-06,-0.00032212026,-0.0002452843,-2.4003908e-05,-0.002371028,0.00028300844,0.00026293471,1.2984616e-05
CEP44,-1.5303493e-05,-7.344782e-05,0.00013853423,-0.00010494143,0.0011177659,5.1042065e-05,-4.376564e-05,1.8184073e-07
PROCR,0.00013378263,-0.00013848953,-4.2825937e-05,5.9254467e-05,-0.00014662743,2.5285408e-05,-5.6810677e-08,6.5902714e-06
UBXN10,-4.6402216e-05,-0.00011054613,5.7823956e-05,3.6150217e-05,-0.0001982525,-0.00012875069,-7.4962154e-05,5.8379956e-06
DNAJC5B,-0.00020808168,-0.00048602186,-0.0003469847,0.00010728929,-0.0012495667,-8.0208294e-05,0.00019686669,2.5732676e-05
HPCA,-3.3305958e-05,-0.00025659986,-0.00018139929,9.936094e-05,-0.00078264624,2.6848167e-05,8.288864e-05,1.6636099e-05
LRRC57,0.00018294528,0.0001909975,0.00043703616,-0.00020026509,0.0026259124,8.236058e-05,-0.00021419208,-1.6747741e-05
UBE2G2,-0.000283245,-0.00043260865,-0.00033934042,0.00017785467,-0.00092152506,-0.00016341778,0.00014079921,2.669054e-05
BHLHA15,-0.00021708943,-0.00048895366,-0.00036055222,0.00012257323,-0.0011222437,-8.885935e-05,0.00019481964,2.6362599e-05
FIZ1,0.00024582446,0.00027025677,0.00036949478,-0.00012086332,0.0018581524,8.576643e-05,-0.00021743309,-1.4021993e-05
GIMAP6,-1.3373792e-05,-0.00021657348,-7.8829005e-05,0.00011998881,0.0004028082,-0.00018629013,-3.678631e-05,1.2884848e-05
NUTM2G,0.00017406605,5.053729e-05,0.0001989957,-0.000110128894,0.00015563518,0.00010485016,-8.0280006e-05,-4.584668e-06
UGT2B17,-0.00021708943,-0.00048895366,-0.00036055222,0.00012257323,-0.0011222437,-8.885935e-05,0.00019481964,2.6362599e-05
SNRNP25,-0.00027415156,-0.00044846907,-0.00033529103,0.00013671629,-0.0013919473,-0.0001705219,0.00015612319,2.7007656e-05
EFCAB1,-0.00029926375,-0.00070417486,-0.00043927506,1.4939345e-05,-0.0017383769,-0.0001545311,0.00031277724,3.1121424e-05
ZNF280B,3.5626814e-05,0.00021271408,0.00025847368,2.4799258e-05,0.00014077872,-4.3372624e-05,-0.0002017403,-7.396098e-06
SPERT,-0.00021708943,-0.00048895366,-0.00036055222,0.00012257323,-0.0011222437,-8.885935e-05,0.00019481964,2.6362599e-05
NSL1,-8.242205e-06,-8.438714e-05,1.837872e-05,2.0158477e-05,7.818639e-05,-8.164905e-05,-4.137773e-05,6.959308e-06
SLC39A2,-0.00021162629,-0.0004865732,-0.00035703555,0.000119164586,-0.001081422,-8.5116364e-05,0.00019404199,2.6134308e-05
UBXN2B,-0.00015834346,-0.00019738078,-0.00010413863,0.00010057259,-0.00057445467,-7.374957e-05,2.928637e-05,1.2314762e-05
C6orf62,-0.00014012493,-0.00038417242,-0.00021409616,8.806586e-06,-0.00014724582,0.0001018811,0.0001793541,1.6505714e-05
LRRC55,0.00039224885,0.00022800639,0.00032908842,-0.00011690799,0.0025598109,0.00019416213,-0.00017920602,-1.4306745e-05
SYF2,-0.00013301894,-0.00013649836,-0.00014641881,0.0001655966,-0.0012610182,-8.419994e-05,1.1930242e-05,1.4803372e-05
GMFG,0.00012989528,-0.00010896847,-3.1374395e-05,-2.0274892e-05,-0.00015235692,0.00016914122,6.222073e-05,4.3386826e-06
HIST1H4C,-0.00021708943,-0.00048895366,-0.00036055222,0.00012257323,-0.0011222437,-8.885935e-05,0.00019481964,2.6362599e-05
ACP1,-8.049421e-05,-0.00015898235,-2.1619722e-05,2.8720126e-05,0.00021982193,-6.609969e-05,-9.822659e-06,9.105774e-06
GMPS,-0.00013866648,-6.843731e-05,9.158254e-05,-2.3627654e-06,8.057058e-05,-0.00015341304,-8.4025785e-05,4.960457e-06
MOCS2,-0.00012132712,-5.346164e-05,0.00012812205,-2.0727515e-05,0.00017766654,-0.00014785351,-9.615626e-05,2.7514761e-06
PPP1R2,0.00010060519,-4.415214e-05,0.00015881285,-6.598048e-05,-0.0008076355,-2.5678426e-05,-6.878283e-05,-4.4284388e-07
MRPL48,7.4217096e-05,-0.00024981797,-0.00013352185,-7.106457e-05,0.0007083416,0.00014236383,0.00012989901,1.1539203e-05
GPER1,-0.000163218,-0.00028135628,-0.0002991315,0.00014834944,-0.0026120022,1.4415942e-05,0.00015832111,2.1644286e-05
CEACAM4,-0.00017798692,-0.0004709009,-0.00034387596,0.000102143735,-0.0009480119,-5.2682124e-05,0.00019335002,2.5156536e-05
HES4,-5.8766454e-06,-0.00052592903,-0.00029479899,-3.160443e-05,0.00038450956,4.303269e-05,0.0002296837,2.0924606e-05
ZDHHC4,-0.00011370145,-0.00014735386,-0.00010071136,5.54407e-05,0.00018656999,-7.190928e-05,2.561137e-05,1.2656557e-05
DCXR,-0.0002459176,-0.00031929277,-0.00031576864,0.00018291734,-0.00090206414,-0.00011531543,0.00011490937,2.3956643e-05
DUSP14,-0.0011065621,-0.001356883,-0.0012677871,0.0006212527,-0.0075167716,-0.000729254,0.0005909959,8.041167e-05
CLDN22,-0.00021708943,-0.00048895366,-0.00036055222,0.00012257323,-0.0011222437,-8.885935e-05,0.00019481964,2.6362599e-05
AKR7A2,-0.0003500264,-0.00048644282,-0.00039084256,0.00017470308,-0.0014860705,-0.0001928471,0.0001834128,2.884888e-05
RPL35,-8.4426254e-05,-0.0003394857,-0.00021105818,7.9955906e-05,-7.5913966e-05,-5.254522e-06,0.000111917965,1.7834594e-05
MRO,-0.00010067783,-0.000380883,-0.00025198236,4.1076913e-05,-0.0007792637,5.122181e-05,0.0001754621,1.8580002e-05
AQP11,0.0005080495,0.0005975701,0.00083840266,-0.0004074853,0.0016138479,0.000346859,-0.00034089107,-4.240696e-05
ABCA3,6.456673e-05,-0.0002090726,-0.0001487881,-6.0349703e-06,-0.00020245463,0.00016979128,0.00012355298,1.17489835e-05
CLIC4,-0.00024662726,-0.0004659854,-0.00029986352,8.716155e-05,-0.0011275187,-7.694401e-05,0.00018258207,2.2881897e-05
CDKN3,-0.00032523833,-0.0005133711,-0.00055629946,0.00025752,-0.0029859096,-0.0001573409,0.00025561918,3.7075137e-05
FBXO39,-0.00014945492,-0.0003308542,-0.00020335615,9.422004e-05,-0.00083024055,-9.405799e-05,9.314902e-05,1.8417602e-05
TMED1,2.1638349e-05,-0.00042131543,-0.00025502034,-2.9179268e-05,-0.0012051538,6.971322e-05,0.00021517463,1.7923187e-05
SLC22A23,-0.00010580383,-0.0008770339,-0.0005658064,-3.0894764e-05,-0.0010053813,9.6553005e-05,0.00045745913,3.3883844e-05
MRPS7,0.00015735812,5.725026e-05,0.00023116171,-0.00013559684,0.0013839677,0.00011578947,-9.441655e-05,-6.3587213e-06
NAT1,-0.00011059642,-0.00017020106,-6.096624e-05,2.4612993e-05,-0.0013360158,-1.4003366e-05,5.3262338e-05,8.77853e-06
RAD18,0.00038594566,6.4074993e-07,0.00026091374,-0.00035266485,-0.00053332746,0.00045876484,8.039083e-05,-1.4611171e-05
PPP1R8,0.00024343282,-0.00021242723,-0.00010580756,-0.00015153736,-0.00057578087,0.00035167858,0.00019518845,6.0916645e-06
ISX,-0.00021708943,-0.00048895366,-0.00036055222,0.00012257323,-0.0011222437,-8.885935e-05,0.00019481964,2.6362599e-05
POLR3H,2.8191134e-05,-0.00018070452,-5.356036e-05,-7.359404e-05,-0.0014372766,0.00018314831,0.00013934169,3.9378647e-06
FGF21,-0.00021708943,-0.00048895366,-0.00036055222,0.00012257323,-0.0011222437,-8.885935e-05,0.00019481964,2.6362599e-05
FBXO2,5.9837475e-05,0.00013710558,0.0001293812,5.6527555e-05,7.802248e-05,1.4126301e-05,-0.00012774672,-1.6590348e-06
ING4,2.617389e-05,-0.00025785156,-9.552948e-05,1.0122545e-05,-9.7982585e-05,4.226528e-05,7.3878095e-05,1.1298922e-05
PROKR1,-0.00021708943,-0.00048895366,-0.00036055222,0.00012257323,-0.0011222437,-8.885935e-05,0.00019481964,2.6362599e-05
RPS23,-0.0001900848,-0.00056198426,-0.00043063052,0.0001347065,-0.00025057793,-3.1551346e-05,0.0002393499,2.934679e-05
HSPB3,-4.8633665e-06,-0.0002230145,-7.815845e-05,1.144968e-05,0.00041577965,-2.6387163e-05,3.518816e-05,1.1006603e-05
ABCB8,-0.000102669,-1.6812235e-05,-6.234273e-05,0.00017954875,-0.00034236908,-0.00015248545,-9.495858e-05,1.2745033e-05
HIST1H4H,-0.00021708943,-0.00048895366,-0.00036055222,0.00012257323,-0.0011222437,-8.885935e-05,0.00019481964,2.6362599e-05
CHRNB4,-0.00011459738,-0.00022646971,-8.7277964e-05,4.7611073e-05,0.0010292381,-0.00010254793,1.4895573e-05,1.2878911e-05
FAM173A,-0.00021708943,-0.00048895366,-0.00036055222,0.00012257323,-0.0011222437,-8.885935e-05,0.00019481964,2.6362599e-05
AP4S1,0.00028032437,-0.00017119758,2.1355227e-05,-0.00014622882,0.0006851852,0.00027962215,0.00010136329,-9.512296e-07
SET,-0.00039370172,-0.0007817764,-0.00064180605,0.0002126135,-0.0015093014,-9.2313625e-05,0.00036520604,4.1065738e-05
FAM185A,0.000329433,0.00024489127,0.00056653656,-0.0003511291,0.0016245544,0.00018773787,-0.0002003992,-2.4795881e-05
SLA2,-0.00023488142,-0.0005543437,-0.0003886819,8.0863014e-05,-0.0010556355,-3.4925528e-05,0.0002510026,2.7476344e-05
ZNHIT2,4.3120235e-05,0.00017805584,0.00025853142,-1.4263205e-05,-2.1882355e-05,-8.51918e-05,-0.00019886438,-5.691196e-06
SLFNL1,-0.00018672459,-0.0004893765,-0.0003955122,0.000102848746,-0.0010550544,6.565824e-06,0.0002378514,2.6792637e-05
USP41,-0.00021708943,-0.00048895366,-0.00036055222,0.00012257323,-0.0011222437,-8.885935e-05,0.00019481964,2.6362599e-05
FERD3L,-0.0001575537,-0.00045779347,-0.00020677038,1.9842759e-05,-0.00084380805,-8.419249e-05,0.00015558396,1.7825863e-05
IFT46,-0.00027391128,-5.1055104e-06,0.00011142902,0.00014453195,0.00028042495,-0.00048383512,-0.00022530649,8.166651e-06
GFRAL,-0.00019628555,-0.0004885271,-0.00033912063,9.680819e-05,-0.0010981262,-6.78869e-05,0.00019689836,2.5129295e-05
OXGR1,-0.00024362281,-0.00042599253,-0.00029228255,0.00015273783,8.329004e-05,-0.00019912422,9.6940435e-05,2.5120215e-05
TOMM20,-0.00040716305,-0.0010035057,-0.00080480985,0.00021421071,-0.0019866377,-0.00015683658,0.00046705268,5.1410636e-05
GPRIN2,-0.00037548505,-0.000385819,-0.0002949685,0.00022512954,-0.0015851408,-0.00032236613,7.310696e-05,2.6193797e-05
RNF141,-7.3462725e-06,-2.993457e-05,4.9149618e-05,1.9978732e-05,-0.00027659535,7.5949356e-06,-4.3170527e-05,3.5677804e-06
CNTNAP1,0.0005879551,0.0004604552,0.0006947089,-0.0003719041,0.0030962601,0.000405794,-0.00027414318,-3.495952e-05
SRRD,0.00034759194,0.00041323528,0.0005215574,-0.00018831529,0.0008702576,0.00016337913,-0.00026844908,-2.3099245e-05
CNPY3,0.00016538613,-0.00028527342,1.5404075e-06,-0.00019020587,0.00051186234,0.00022874493,0.00013954472,3.713416e-06
GSTM3,-8.678064e-05,2.4657696e-05,-4.5480207e-05,0.00019407272,-2.7641654e-05,-0.00015120069,-0.000110481866,1.1666445e-05
KLF15,0.0002661012,1.6912818e-06,0.00013865158,-0.00012551434,0.0011530891,0.00018331036,-2.677273e-05,-4.803296e-06
PSMB1,-6.341189e-05,-0.0002441425,-5.353242e-05,6.6887587e-06,0.00092776865,-6.4161606e-05,1.888629e-05,1.1574826e-05
KLF2,0.00011320785,-0.00033002533,-0.00026616827,-3.132876e-05,-0.0016353801,0.00034449808,0.00027911272,1.3217912e-05
LGALS9,-0.00017252006,-0.00054770894,-0.0003508795,2.8437935e-05,-0.0009977967,4.5808963e-05,0.00026859622,2.417725e-05
RPS27A,-0.00012043491,-0.00051092356,-0.00032218732,3.4838915e-05,-0.00017295778,5.3553842e-05,0.00022880081,2.288085e-05
CCDC42,-0.000268301,-0.0004982073,-0.00038826466,0.00017827377,-0.0012408346,-0.0001835702,0.0001725331,2.9052957e-05
HSPB8,6.446801e-05,-3.1759962e-05,0.00017806329,-6.2054954e-05,0.0011665523,-1.6648322e-05,-0.00010851864,-1.0551885e-06
TCEAL4,-4.770234e-06,-0.00030010752,-0.0001456812,3.0332245e-05,-0.00020392984,5.0357543e-05,0.00010166783,1.3878103e-05
ANKRD39,0.00019620918,0.00030620396,0.00032365695,-1.216121e-05,-0.00010870397,2.9002316e-05,-0.00023824815,-1.03418715e-05
MGMT,-0.0002190806,-0.00016815774,-0.00016651861,0.00013917312,-0.00012951344,-0.00012549711,2.8171577e-05,1.5182653e-05
RGS7BP,0.00058566965,0.0006151758,0.00069484115,-0.0002889745,0.00018519908,0.0003857268,-0.00030815322,-3.4791185e-05
FAM199X,0.00023515709,0.0001429934,0.00034354255,-0.00014207326,0.0020571575,2.4165027e-05,-0.00019816402,-1.0749325e-05
EIF3D,-4.9043447e-06,-0.0002302602,-4.5020133e-05,3.5914592e-05,0.00040658563,-0.00011490611,-1.5488826e-05,1.1752592e-05
TTC33,6.5773726e-05,-0.00024757348,3.7824735e-05,-0.00015147589,-0.00018317997,7.9819e-05,7.723365e-05,3.229361e-06
PIGC,0.00020048767,0.00034973584,0.00045483187,-5.420763e-05,0.0017240644,-5.9181824e-05,-0.0003268225,-1.600734e-05
CDKN1B,-0.00021043606,-0.0005085878,-0.00034217536,5.861651e-05,4.1104853e-05,1.7918646e-05,0.00023584999,2.2789114e-05
FAM78B,1.00862235e-05,-8.3420426e-05,7.871911e-05,-2.2243708e-05,0.0005019307,-3.124494e-05,-4.725624e-05,2.4772016e-06
LRRC59,-0.00010207482,6.168708e-05,2.6224181e-05,0.00020722114,-0.0016532019,-0.00023911241,-0.0001620641,8.763978e-06
ANAPC11,6.643124e-05,-2.7056783e-05,9.3532726e-05,-4.3464825e-06,0.0012315437,-2.7538277e-05,-8.805748e-05,2.475339e-06
ZNF479,-0.00015348382,-0.0003928356,-0.00026608072,7.90935e-05,-0.0010040551,-5.4997392e-05,0.00015350152,2.0468258e-05
RHEB,-2.7453527e-05,-0.00022814609,-8.8179484e-05,-1.4863908e-06,0.00026115775,5.631335e-05,7.676799e-05,9.812764e-06
NIP7,-0.00026723742,-0.00029243343,-0.00012477674,8.7453984e-05,-0.0025819466,-0.00020324625,6.298907e-05,1.5198719e-05
PSME1,-0.00017231517,-0.00015511177,-9.709783e-05,9.578187e-05,-0.00066028535,-0.00013972493,2.5415793e-06,1.357554e-05
SPATA13,-0.00020228699,-0.0006630905,-0.0002394598,-0.00013734121,-1.2785196e-05,-1.8468127e-06,0.0002862066,1.8607941e-05
TMEM9B,-0.00013906509,-2.4607405e-05,0.00010359101,8.500274e-05,-0.0003008023,-0.00023342902,-0.0001475187,5.4710545e-06
FAM110B,-0.00027564168,-0.00041513517,-0.0002304297,0.00015067495,-0.001128383,-0.00022339541,7.187016e-05,2.4360023e-05
HIST1H2AC,-0.00021708943,-0.00048895366,-0.00036055222,0.00012257323,-0.0011222437,-8.885935e-05,0.00019481964,2.6362599e-05
LRRC25,-8.348562e-05,-0.00043928064,-0.00032831356,7.011276e-05,-0.0005061403,-8.009374e-07,0.0001919195,2.3873872e-05
ZNF575,-0.00020191073,-0.0005371049,-0.0004273411,0.000117108226,-0.0012586117,-6.107427e-05,0.00023636688,3.0890456e-05
BTBD8,-0.00016244501,4.6039e-05,4.6329573e-05,0.00019853935,5.530566e-05,-0.00029485347,-0.00018993858,8.153496e-06
ATP6V1E1,-0.00014685467,-0.00013896264,-7.249415e-05,9.213574e-05,0.0004798621,-9.809993e-05,-9.45013e-06,1.1403463e-05
PRSS48,-1.5171245e-05,-0.0001532659,2.9053539e-05,-6.329175e-05,3.2909214e-05,5.3476542e-05,3.323797e-05,3.0724332e-06
FAM47B,-0.00021708943,-0.00048895366,-0.00036055222,0.00012257323,-0.0011222437,-8.885935e-05,0.00019481964,2.6362599e-05
TCAP,0.00010504201,-0.00014644861,7.558614e-06,-5.8704987e-05,0.0012556463,9.9757686e-05,2.1145679e-05,5.058362e-06
CCR3,-0.00021922402,-0.00048903376,-0.00036212988,0.00012973882,-0.0011825189,-9.846222e-05,0.00019116048,2.6568421e-05
CPN2,-0.00020759739,-0.0004918203,-0.0003627017,0.00012174435,-0.001198493,-8.376781e-05,0.00019777194,2.6384369e-05
TMEM71,-0.00016079843,-0.00034613162,-0.0003001485,0.00015699957,-0.0011569485,-8.292124e-05,0.00012663286,2.2499124e-05
NAA60,-2.7373433e-05,2.4897978e-05,0.00015313365,5.8175065e-05,0.0011516362,-0.00019842153,-0.0001796959,1.5660189e-06
CD2BP2,-5.982071e-05,-1.8347055e-06,0.00013864972,-7.407181e-05,4.3310225e-05,2.896227e-05,-4.7731213e-05,-6.5995846e-07
ALDH3B1,-0.0003055185,-0.0004906524,-0.00033212453,0.00019099843,-0.0014968365,-0.00031431625,0.00012429617,2.7276226e-05
CIDEA,-0.00017660111,-0.00042026676,-0.00027983077,0.00011892337,-0.0008990094,-0.00013242709,0.00012929738,2.2922759e-05
DLGAP1,0.00011050701,0.00012794882,0.00035510957,-0.00012825243,0.0019029304,2.4924986e-05,-0.00018807594,-1.2411969e-05
VPS37D,0.00032527186,3.4734607e-05,0.00020640716,-0.00017865188,0.0023145229,0.00021159556,-5.7435594e-05,-7.283641e-06
C4orf47,-0.00013571419,3.9594248e-05,0.00011757761,0.000112558715,0.00032564998,-0.00016902713,-0.0001560105,2.036686e-06
ZNF727,-0.00013866648,-0.00040018372,-0.00021165237,3.550388e-05,-0.00024266541,-6.320793e-05,0.00013136026,1.8506427e-05
TIMD4,-0.00013086013,-0.00034917146,-0.00019890629,9.866431e-05,-0.0006881133,-0.000106960535,8.711498e-05,1.82105e-05
HORMAD1,-0.00017313287,-0.00043456256,-0.0003023576,9.972323e-05,-0.00091175735,-6.503798e-05,0.00016636401,2.2979802e-05
NMBR,-0.00016647018,-0.00035315938,-0.0002537109,0.000120402314,-0.00070472807,-8.178409e-05,0.00011618249,2.0380598e-05
C16orf89,-5.90235e-05,-0.00019749627,-8.639321e-05,3.96939e-05,-7.661432e-05,-2.3499131e-05,3.501959e-05,1.1388212e-05
EPHB6,0.00020767935,-8.8419765e-05,0.00016378239,-0.00023372844,-0.00016582012,0.0003144024,7.5941905e-05,-8.012168e-06
GP5,9.7678974e-05,-3.8728118e-05,0.00012609549,-4.1584484e-05,-7.135421e-05,1.1233613e-05,-6.8710186e-05,4.7753565e-07
GNE,4.0646642e-05,0.00013676845,0.00015528314,6.444659e-05,0.0010867193,-7.19931e-05,-0.00017872546,-5.5111013e-07
PNMA5,0.00015634298,-0.00022510998,-8.663163e-06,-0.00010318216,-0.0004138276,0.00021050591,0.00010649301,3.6724377e-06
AMBN,-0.00068782456,-0.001046015,-0.0010310728,0.0003831135,-0.002028145,-0.00015150895,0.00055589527,5.975901e-05
ZNF716,-5.6920573e-05,8.474663e-05,0.00010342896,0.00012290105,0.00027239323,-0.00012594508,-0.00016034488,2.167304e-06
NOL3,0.00044354796,0.00048225187,0.0006242376,-0.00025752187,0.002976589,0.0002142936,-0.00032071117,-2.9625837e-05
SNCB,-0.00041151233,-0.0009865593,-0.00084011443,0.00026286393,-0.0033709183,-0.00015836535,0.00047163107,5.309668e-05
DNAJC17,0.00076463446,0.0004352089,0.00070807524,-0.00051289424,0.0022967309,0.0006060619,-0.00018212479,-3.8892264e-05
ALKBH7,4.344061e-05,6.883219e-05,0.00015181862,1.0481104e-05,0.00020054728,-2.7269125e-05,-0.0001259325,-9.872019e-08
AFF4,-0.00075856224,-0.0012215972,-0.0011872835,0.00052356906,-0.0046389773,-0.0004380364,0.0005620988,7.4637006e-05
OTULINL,-0.00011583045,-0.00024811365,-0.00016205385,0.00011839811,-8.5793436e-05,-0.00011979602,3.6464073e-05,1.6474049e-05
PNMA2,-0.0002674088,-0.00048688427,-0.00048787147,0.00022330508,-0.0030945837,-1.2911856e-05,0.00026456546,3.1578587e-05
WDR53,0.00040058233,0.0005993247,0.0007189587,-0.0001986986,0.0032952502,0.00012448337,-0.00042934064,-3.2033073e-05
CD300A,-0.00012619235,-0.00014548562,-0.000118058175,0.00015286263,-0.0008393079,-9.8341145e-05,7.286668e-06,1.3497192e-05
EXOSC8,2.554804e-05,-0.0001742877,1.29677355e-05,-6.660074e-05,0.00069940835,-2.1601096e-05,5.19678e-06,6.9306698e-06
TRIM16L,0.00010254979,-1.3848767e-05,0.00013566017,-5.8637932e-05,0.0012908503,-3.420096e-05,-0.00010119099,6.053597e-07
NIPSNAP3A,-3.822893e-05,0.000109523535,0.00015073828,9.5573254e-05,0.0004426092,-0.00016320078,-0.00019231718,1.7124694e-06
ERICH1,0.00013781898,0.0001949966,0.00036957487,-0.00013718568,0.0011556298,0.00010303315,-0.00017838273,-1.39549375e-05
C2orf68,-6.89812e-05,-2.1951273e-05,6.5879896e-05,2.3690984e-05,-0.00016109645,-2.4877489e-05,-5.8020465e-05,3.8248254e-06
PTAFR,-0.0005449578,-0.0011666454,-0.0010276064,0.00027869642,-0.0023070648,-0.00011200225,0.00060826726,6.116193e-05
GDPGP1,7.0463866e-05,0.00025157817,0.00025534444,6.212294e-05,8.65981e-05,-7.508136e-05,-0.00023043063,-7.190276e-06
FAM131C,0.00018913671,0.0002908446,0.00040426478,-4.2459927e-05,0.0022746623,-5.5786222e-05,-0.00030507986,-1.2879027e-05
SFTPA1,-0.00023528188,-0.0004902687,-0.00035643205,0.0001598997,-0.0005877018,-0.00018456392,0.00014578458,2.8388924e-05
ATRAID,-0.000103713945,-0.0001025442,1.3727695e-05,2.2551976e-05,-0.00033178926,-6.17411e-05,-2.2044405e-05,6.7913206e-06
STMND1,-0.00023241341,-0.0005846452,-0.00048230402,0.00016709603,-0.001644358,-8.488633e-05,0.00025919732,3.2642507e-05
C11orf42,-0.00021708943,-0.00048895366,-0.00036055222,0.00012257323,-0.0011222437,-8.885935e-05,0.00019481964,2.6362599e-05
NAA10,-0.00018522516,-0.0003671255,-0.00035213307,0.00018373597,-0.0014742091,-6.621331e-05,0.00015983265,2.4553854e-05
TNFAIP6,0.00016589276,0.0005579069,0.0006312914,-3.440585e-05,0.0012079254,-5.4680742e-05,-0.00044694263,-2.5030575e-05
HPS5,8.80491e-05,-0.00011378154,-0.0001377184,0.00011100527,-4.440546e-05,3.7075952e-06,1.7579645e-05,1.1486933e-05
PTS,-0.00014347956,-0.00031836145,-0.00020601042,0.00013499428,-0.0019893423,-0.00012933416,7.673632e-05,2.0000036e-05
PTCD2,0.00028988905,3.1288713e-05,0.00013108924,-0.0001495136,0.0008976534,0.0002748398,1.0570511e-06,-5.1100506e-06
TNFSF13B,5.05466e-05,-8.345209e-05,1.3168901e-05,1.384411e-05,-0.00038066506,1.8917024e-05,-1.8145889e-05,6.0361344e-06
YKT6,-5.798042e-05,-7.986277e-05,-2.0178035e-05,0.00012701843,-0.00059927255,-0.00022416981,-9.3025155e-05,1.0249321e-05
SKA1,0.00030087307,-0.00015189312,0.00014421158,-0.00030136202,0.00080468506,0.00032676663,9.0101734e-05,-4.4098124e-06
PHYHIP,-0.00020544976,-0.000647489,-0.0005232822,0.00018696766,-0.0021348372,-0.00013048155,0.00027350895,3.549573e-05
CLEC4C,-0.0002109725,-0.00045225397,-0.00034097023,0.00012589153,-0.0011828244,-6.901752e-05,0.00018501654,2.4624751e-05
SEMA4G,0.00011732429,0.0003492143,0.00026722252,8.746795e-05,0.0011302307,-3.863685e-05,-0.00027761888,-7.2184484e-06
SYNDIG1L,0.00024801493,5.6086108e-05,0.00026920065,-0.00016097166,0.0016101748,0.00017114636,-9.550806e-05,-9.7383745e-06
HENMT1,0.0002518911,0.0005760286,0.0006151255,-7.811561e-05,0.0018272996,-6.398186e-06,-0.0004308289,-2.510706e-05
IL10RB,0.0002636239,9.342469e-05,0.00011918135,-4.748814e-06,0.0007254034,0.00015663542,-8.985959e-05,-2.383953e-06
ZNF93,0.00029313378,0.0003328286,0.00041419826,-0.00013804529,-0.0008989051,0.00022581778,-0.00018195156,-1.8313993e-05
TRPC4,0.0003307853,0.00026433356,0.00026834197,-5.915854e-05,-0.00044505298,0.00016802177,-0.00015268754,-1.103559e-05
ZNF557,7.7554956e-05,-0.00027965382,-0.00019907951,7.28108e-05,-0.0006035343,5.186349e-05,0.00010915939,1.5362632e-05
ZNF367,0.00037445873,0.00033039413,0.0004526209,-0.00012002047,0.0016150549,0.00016866904,-0.00025781523,-1.9740197e-05
CLNS1A,-9.22177e-05,-0.00031651184,-0.0001458656,3.03071e-05,0.00022730976,-0.00011804374,5.8504753e-05,1.7096172e-05
LHFPL2,-0.0001300294,-0.00031617843,-0.00026276894,0.00012070872,-0.0012531728,-7.12676e-05,0.00013022032,1.9543106e-05
ZFYVE21,-1.0957941e-05,5.59967e-05,6.460212e-05,5.425606e-05,0.00011790544,8.320436e-06,-8.189492e-05,2.056826e-06
AAR2,0.00021703541,5.4765493e-05,0.00016262569,-0.00017227046,0.00012715906,0.00028875005,1.2260862e-05,-7.5445278e-06
MC3R,-0.00021068938,-0.00048221461,-0.00035033748,0.00011854246,-0.0010478869,-8.9623965e-05,0.00018879212,2.5859219e-05
NABP2,-0.00025455095,-0.00047910213,-0.00044111907,0.0001976313,-0.002266951,-0.00014207372,0.00021235645,3.053737e-05
EDA2R,-0.00021877512,-0.00042902306,-0.00029635802,9.489246e-05,-0.0022084936,-3.0380674e-05,0.00019012485,2.2195396e-05
NAT9,-0.00031174906,-0.00045748428,-0.0002576802,7.2469e-05,0.000116825104,-0.0002690875,0.00010268483,2.492289e-05
MXD1,-2.7585775e-06,-0.00035331398,-0.00012139231,-2.9579736e-05,-0.00023571402,6.241724e-06,9.7369775e-05,1.5439e-05
DEDD2,-4.4092536e-05,-3.818609e-05,0.00010166131,5.0540082e-05,2.4944544e-05,-0.00013036234,-0.000114650466,3.796653e-06
GPR183,-0.00024774298,-0.00052510574,-0.0005262606,0.00021550152,-0.001776889,-6.547943e-05,0.00027436018,3.277324e-05
SPRY4,-0.00032063946,-0.00028910115,-0.00031725504,0.00027992576,-0.0023970678,-0.00029037986,3.6720186e-05,2.8238865e-05
CYB561D2,-0.0001728516,-0.0003542211,-0.00033056363,0.00013323966,-0.002347514,-5.867239e-05,0.00018658582,2.166431e-05
HIST1H4B,-0.00021708943,-0.00048895366,-0.00036055222,0.00012257323,-0.0011222437,-8.885935e-05,0.00019481964,2.6362599e-05
ECM1,0.00035680272,0.00013883412,0.00031893887,-0.00020611566,0.0011005029,0.00027958304,-9.435136e-05,-1.4586025e-05
MRPL16,-5.0853938e-05,-0.00014314055,5.2358955e-06,-8.793268e-05,0.000106185675,0.00016552582,8.191634e-05,3.1694071e-06
GP1BA,2.1101907e-05,-0.00026326068,-0.00015539303,-1.40415505e-05,-1.7799437e-05,8.883234e-05,0.00011586491,1.40359625e-05
RGS8,-0.0001781974,-0.00040740706,-0.00027644075,0.00011679437,-0.0008965805,-9.925198e-05,0.00013539474,2.2007385e-05
C11orf16,-0.00019631535,-0.00045408867,-0.00033323094,0.0001259679,-0.0010651872,-9.137206e-05,0.0001717927,2.4841516e-05
ZCCHC17,8.289516e-05,-0.00021350756,-3.4030527e-05,-3.9780512e-05,-0.0011890605,9.565987e-05,7.515401e-05,7.2125113e-06
XKR9,7.008761e-05,-0.00024080276,-7.50348e-05,-1.8338673e-05,0.00078201294,-1.701247e-05,3.0513853e-05,1.2897188e-05
MYBPC1,-0.00021249428,-0.00040343776,-0.00026163273,9.9194236e-05,-0.00038468838,-0.00013302267,0.00011780299,2.2584805e-05
FOXJ3,0.00025384687,8.466467e-05,0.00020601414,-0.00016403385,0.0024916455,0.0001864722,-8.400157e-05,-5.32344e-06
MSH6,-7.576682e-05,-0.0004025437,-0.00032408535,0.00012499467,-0.0007299185,-4.7195703e-05,0.00015484914,2.426689e-05
PALM,-3.3689663e-05,-0.0002139546,-8.570962e-05,4.1296706e-05,0.00076762587,-5.598925e-05,2.0599924e-05,1.1831871e-05
RBM24,0.0003173668,0.00037423335,0.0004957877,-0.00020709448,0.0013760924,8.002203e-05,-0.0002695592,-1.9418774e-05
ATOH7,7.4032694e-05,0.00016540661,0.0002530776,1.5717931e-05,0.00013912469,-7.333048e-05,-0.00020250399,-6.126822e-06
MAD2L1,-0.00016165152,-0.00041372702,-0.00019963644,-4.0854327e-05,-0.0013355389,2.2686087e-05,0.0002005659,1.5428639e-05
SRPRB,-0.00024235807,-0.00039166957,-0.00031346828,0.00020065438,-0.0013976768,-0.00023525907,9.597372e-05,2.5689951e-05
GDF5OS,-0.00021708943,-0.00048895366,-0.00036055222,0.00012257323,-0.0011222437,-8.885935e-05,0.00019481964,2.6362599e-05
ZNF562,6.0305e-05,-0.00025255233,1.0669231e-05,-0.00012435019,0.0013361126,8.156523e-05,6.315764e-05,5.0736126e-06
CAVIN1,3.8098544e-05,-0.00050991774,-0.0003383234,5.3380616e-05,-0.0020114556,0.0001162393,0.00025221147,2.1771295e-05
AMY2A,4.518032e-05,0.00011037104,0.00033439323,-7.9842284e-05,0.0016857758,-6.6780485e-05,-0.00021498371,-8.834526e-06
ZNF474,-0.0003207177,-0.0005543772,-0.00040427968,0.0002005659,-0.0018285885,-0.00028384058,0.00016305596,3.1653326e-05
UBE2E3,-0.00018501282,-0.00011705235,2.82377e-06,0.000109255314,0.0013793707,-0.0002449532,-0.00010605063,1.10678375e-05
PABPC4L,4.7476962e-05,-0.00011255033,1.879409e-06,-2.552569e-05,0.00024092197,7.804111e-05,1.6517937e-05,5.1881652e-06
EMG1,-0.00028306432,-0.0002775155,-0.0003130678,0.00021385215,-0.0014122128,-0.00015210873,0.0001030229,2.4311594e-05
KCNIP4,8.7834895e-05,0.0001417622,0.00025387108,-8.7038614e-05,0.00093404204,-8.708797e-06,-0.00015106332,-6.6637294e-06
CABP7,-0.0004476849,-0.0009068344,-0.00070803985,0.00026253704,-0.003447786,-0.00035595475,0.00035368744,4.847895e-05
ARL3,-0.00021688454,-0.00022670254,-6.159209e-05,9.794161e-05,0.00021070242,-0.00023418106,-3.2183714e-05,1.3463548e-05
OPN1LW,-0.00020020083,-0.00047482736,-0.0003417395,0.00011267234,-0.00096369535,-8.1167556e-05,0.00018566381,2.534897e-05
NME3,-8.849986e-05,-1.0142103e-05,0.00012449734,3.1217e-05,0.0005643368,-0.00013757683,-0.00012246799,2.4071196e-06
TFPT,-0.00015951134,-0.00043872744,-0.00035695545,0.00015363749,-0.0007723719,-0.0001653037,0.00014478713,2.7761562e-05
MAF1,-0.0002631247,-0.00037474,-0.0002958905,0.00018703565,-0.0012926757,-0.0002826783,6.884057e-05,2.7366215e-05
EFL1,0.00028460473,0.0005795993,0.0005302094,-8.186046e-05,0.0005379468,9.84082e-05,-0.0003416771,-2.3750588e-05
RAB10,-0.00037609413,-0.00045528263,-0.00033594854,0.00019453093,-0.00052012503,-0.00023721997,0.00011806004,2.8450624e-05
C2orf70,-0.00021708943,-0.00048895366,-0.00036055222,0.00012257323,-0.0011222437,-8.885935e-05,0.00019481964,2.6362599e-05
KLHL28,6.112084e-05,-0.00014700368,-4.9971044e-05,-4.3796375e-05,0.000800997,0.00012227148,5.5858865e-05,7.635914e-06
MRPL9,-5.7999045e-05,-0.0001320336,-9.362213e-05,7.689744e-05,0.0003572181,-6.16638e-05,2.8144568e-06,1.2026168e-05
FUT3,-0.00023470633,-0.00039052218,-0.00029892474,0.00015603565,-0.0011633784,-0.00013187388,0.00012842007,2.3408094e-05
PRAMEF12,-0.0002041161,-0.00047801435,-0.0003463179,0.000120748766,-0.0010323599,-9.152852e-05,0.00018365774,2.5724526e-05
NFATC2IP,1.5085563e-05,-0.0002882555,-0.00022402592,2.6530586e-05,0.0003906563,8.5490756e-05,0.00014571752,1.4948659e-05
ATF3,0.00011171214,0.00014511682,0.00035663508,-9.638816e-05,0.0012713,-5.7567842e-05,-0.00023298059,-9.048847e-06
SHKBP1,-0.00039762259,-0.00057528727,-0.0004292801,0.00019743759,-0.000936687,-0.00031868462,0.00016847812,3.37807e-05
GINS2,-0.0001860559,-0.00038443506,-0.00041211024,0.00018942542,-0.000767678,-6.6188164e-05,0.00017775688,2.8269831e-05
C6orf141,-0.00011424534,-0.00028913282,-0.00015876256,7.364247e-05,-0.0009818003,-7.1547925e-05,7.1801245e-05,1.652271e-05
COQ3,-0.00022042543,3.0340627e-05,3.637746e-05,0.00023585092,0.0005516708,-0.00041045388,-0.00023536664,1.23973e-05
CDC37L1,6.2393025e-05,0.00034662522,0.00039884634,1.5398487e-05,0.0010006353,-0.00014662184,-0.00033540372,-1.1638389e-05
RNASET2,-0.00018494017,-0.00047335587,-0.0003808625,0.00014600158,0.00017177314,-0.0001748926,0.00016122032,2.8164708e-05
FKBP7,-0.00015201792,-0.00016435422,-0.0002127681,0.00013984367,-0.0005618483,-8.757226e-06,8.524116e-05,1.590699e-05
MRPL40,2.889894e-05,-5.9062615e-05,6.5146014e-05,-1.8742867e-05,0.0006538406,-8.384604e-05,-6.0142018e-05,4.5502093e-06
TMEM222,-0.00017113611,-0.000399841,-0.00025022216,8.121971e-05,-0.0016707703,-9.569898e-05,0.00014721695,2.056174e-05
KNOP1,8.771755e-05,0.00011476874,0.0003021285,-6.7174435e-05,0.00068564713,-6.840471e-05,-0.00019457098,-7.189228e-06
NDFIP2,-2.4398789e-05,-0.00019105338,-4.546717e-06,-4.8837624e-05,-0.00091296434,5.5275857e-05,5.6684017e-05,5.4500997e-06
HPCAL4,0.00011308864,0.00015367195,0.00013440475,3.50466e-05,0.0012293085,1.3702549e-05,-0.0001511043,1.5250407e-08
MRM2,0.0001565218,0.0003268104,0.00037408993,-2.3863278e-05,0.0014664903,-1.922436e-05,-0.00028436165,-1.2208009e-05
JAGN1,-3.5507604e-05,-0.0002555102,-0.0002449304,0.00010020845,-0.0012909919,-2.517458e-05,0.00011607632,1.8099556e-05
ARHGAP5,-0.00015764311,-0.0005566608,-0.00032331608,4.3120235e-07,-0.0009336993,3.555417e-05,0.0002602553,2.2443943e-05
NQO1,4.686415e-06,0.00032186694,0.00040890276,9.165611e-05,0.00030435622,-0.00023144763,-0.00036729034,-1.1044671e-05
CALHM1,-0.00024649873,-0.0005177837,-0.00039879605,0.00014774315,-0.0009152442,-0.00013398146,0.0001948066,2.9428978e-05
KIAA1257,0.00011691265,-0.00017574616,9.914674e-05,-0.00012340955,-0.00050628185,1.1748634e-05,5.817972e-06,1.4230609e-06
IL17REL,-4.13768e-05,-0.000366522,-0.00029473566,0.0001107268,-0.0012051612,1.816824e-05,0.00015550852,2.1431595e-05
LHFPL6,-0.00014624558,-0.00067802146,-0.00045252033,7.262174e-05,0.00080534816,-0.00014257524,0.00023434684,3.4410972e-05
PAK6,0.00028146058,0.00046250783,0.0005758088,-0.00012280978,0.002738595,2.113171e-06,-0.00038207415,-2.2577355e-05
ITPRIPL2,5.4027885e-05,7.080659e-05,0.00015491061,1.2822449e-05,0.0014964044,-0.000102263875,-0.0001500668,-1.2747478e-06
EID3,0.000100558624,0.00015360117,0.00026587956,-2.5535002e-05,0.00033554435,8.922722e-05,-0.00014649052,-1.05770305e-05
PRKAB2,-0.0004865881,-0.0004141312,-0.00037066638,0.0003463691,-0.0013556853,-0.00039123837,4.6359375e-05,3.2735756e-05
ZC2HC1B,-0.00024579838,-0.0005065091,-0.00038212165,0.00014952291,-0.0012956709,-0.00013047131,0.00019132812,2.810941e-05
KLF9,0.00024878606,0.0007134564,0.00085924007,-0.00020187534,0.002490759,1.4863908e-05,-0.00052954163,-3.6956742e-05
COPZ1,5.4152682e-05,2.0898879e-06,9.429455e-05,8.848496e-06,0.00029634684,3.23914e-06,-7.321965e-05,1.0891818e-06
FAM206A,-0.00021708943,-0.00048895366,-0.00036055222,0.00012257323,-0.0011222437,-8.885935e-05,0.00019481964,2.6362599e-05
PHF11,-0.00013554282,-0.00037783384,-0.00012868457,-8.450821e-06,-0.00042572618,-0.00010607671,9.5454976e-05,1.5730155e-05
RAD1,5.2616e-05,4.4336542e-05,0.00021731667,-5.1823445e-05,0.0024086684,-6.3139945e-05,-0.0001682518,-2.1567103e-06
VDR,-2.9852614e-05,-0.00031659566,-3.53083e-05,-0.000101911835,0.0006124079,5.216431e-05,9.026844e-05,8.968869e-06
PLCXD3,0.00014491007,-0.0003002789,4.6923757e-05,-0.00015885662,-8.381158e-05,0.00017299782,0.00010849163,1.3895333e-06
MRPL28,0.00015677698,3.86443e-05,0.00013193116,-5.268585e-05,0.00068254024,9.1143884e-05,-6.627105e-05,-1.9916333e-06
ARNT,0.0003894735,0.0005711075,0.0007209927,-0.00021929108,0.0019332618,0.00014770776,-0.00039948616,-3.3202698e-05
NDP,-0.00078449026,-0.00094187446,-0.00094001926,0.00053039286,-0.005120918,-0.0005049384,0.0003986098,5.9363898e-05
USP19,0.00014201365,-0.00041400455,-4.4537708e-05,-0.00017046183,0.0013097003,3.531482e-05,0.000106537715,1.0302989e-05
PRR35,-0.00021708943,-0.00048895366,-0.00036055222,0.00012257323,-0.0011222437,-8.885935e-05,0.00019481964,2.6362599e-05
MTIF3,0.00010339543,0.000121600926,0.00019507483,-2.1504238e-06,0.0004049763,1.3202429e-05,-0.00015067961,-2.9176008e-06
RPL26,1.7326325e-05,-0.00021932088,-8.140877e-05,1.4972873e-05,0.0007862374,4.0346757e-05,4.753936e-05,1.0533957e-05
ELK1,0.00025418587,0.00019833073,0.00037788413,-0.00021623913,0.00075956434,0.00020872988,-0.00013418961,-1.6433769e-05
ZNF764,1.3783574e-07,-0.0002997797,-0.00016195886,5.4197386e-05,-0.0005123913,-9.568501e-05,5.736202e-05,1.7237035e-05
EGFR,-0.00016625784,0.00042449497,0.0005420614,0.000107755885,0.0014584735,-0.00047071232,-0.0005188519,-1.3440615e-05
YDJC,-0.0003322065,-0.0002657976,-0.00031451508,0.00021103304,-0.0023177266,-0.00010011718,0.00012856442,2.3049768e-05
SPATA31A1,-0.00021708943,-0.00048895366,-0.00036055222,0.00012257323,-0.0011222437,-8.885935e-05,0.00019481964,2.6362599e-05
GUCA1B,-4.662387e-05,-0.00016058423,1.2218952e-05,1.0048971e-05,0.0012770817,-0.00012676558,-5.2782707e-05,8.486328e-06
MOB3A,-0.00027966872,-0.00032033585,-0.00020065717,0.00018020254,0.00040495396,-0.00033986103,-7.729977e-06,2.2913213e-05
OARD1,0.00014306046,0.00025559403,0.0003293287,-0.000101016834,0.00023730844,6.550457e-05,-0.0001800647,-1.1737342e-05
ROGDI,-0.00015574694,-0.00032280944,-0.00028226897,0.00021417625,-0.00077625364,-0.00024231011,4.8141927e-05,2.4673995e-05
PGLS,-3.0322e-05,-5.5724755e-05,4.976429e-05,2.3761764e-05,0.00059426576,-4.108809e-05,-5.2286312e-05,3.917725e-06
PEX11G,-0.00026169233,-0.00049239397,-0.0003937874,0.00019722246,-0.0016396344,-0.00017440738,0.00016911887,2.9509421e-05
RAB5IF,0.00010937452,0.00011057593,0.00021603703,-4.4470653e-05,0.0012719557,2.2444874e-05,-0.0001424579,-5.093054e-06
SLC25A10,0.00014035217,-0.0002465155,-8.427538e-05,-5.9168786e-05,0.0009654984,0.000116895884,8.782558e-05,9.681797e-06
HINT2,-0.00053042173,-0.00079078786,-0.0006643608,0.00024108402,-0.003246598,-0.00024730293,0.00036132894,4.424574e-05
HTR6,-0.00018159486,-0.00045399182,-0.00032495148,0.00010066852,-0.0010156259,-5.5373646e-05,0.00018483121,2.3917528e-05
PLSCR1,5.14742e-05,-0.00050744973,-0.0003408715,-1.885742e-05,-0.0019028783,0.00022121705,0.00031151902,2.004928e-05
SPESP1,-4.8225746e-05,-0.00035417266,-0.00021779723,5.0973147e-05,0.0008267313,-2.306141e-05,0.00010577962,1.8794439e-05
LENG9,-0.000185607,-0.0003523808,-0.0002600439,0.000119761564,-0.0004995465,-7.159542e-05,0.00012604147,1.9746018e-05
NRIP2,3.674999e-05,-0.000104228035,-1.6346574e-05,5.096104e-05,0.0009379238,-5.229283e-05,-4.8189424e-05,8.594245e-06
MAIP1,1.068227e-05,-2.1053478e-05,0.000103192404,-3.068801e-05,0.001124531,-2.3052096e-05,-8.4285624e-05,2.9741786e-06
SLC9C1,-0.00019693933,-0.0004468914,-0.00029807538,8.518994e-05,-0.0011065975,-6.84401e-05,0.00017519016,2.2898545e-05
KLF10,-0.00051400997,-0.0009815153,-0.00090589374,0.0002762489,-0.0020508096,-0.00010308437,0.000511338,5.5423356e-05
EXOSC6,-5.2880496e-06,0.0002691038,0.00031205267,4.9119815e-05,0.0010782331,-0.0001657866,-0.00029156636,-7.170136e-06
MRPL35,1.2172386e-05,-0.00016693957,8.692965e-06,3.149733e-06,0.0002944693,-9.2285685e-05,-3.860239e-05,1.0266318e-05
HAUS7,-5.38975e-05,-0.00024793856,-5.5570155e-05,2.3479573e-05,0.0007496923,-0.00014198432,-2.018176e-06,1.2015225e-05
ZCRB1,-0.00019579194,-0.0005400926,-0.00022502989,-2.5396235e-05,0.00041537732,-8.373149e-05,0.00017918926,2.041366e-05
ODF3L2,-0.00022753887,-0.00049558096,-0.00036660582,0.00012714788,-0.0011247545,-0.000100187026,0.00019505154,2.6889611e-05
STYXL1,5.4007396e-05,0.00014505722,0.00014599226,9.949133e-05,0.00020923465,-0.0001954236,-0.00021485891,2.1570595e-06
TRAK1,-0.00035070255,-0.0008237902,-0.0006315261,9.8242424e-05,-0.001415126,-2.855435e-05,0.00042014197,3.9803213e-05
ATP5IF1,-6.389059e-05,-0.00037931465,-0.00017638132,-1.2011267e-05,-0.00025109202,6.1970204e-06,0.00014616083,1.5616883e-05
TRIML2,-5.001761e-05,-0.00027576275,-0.00012787059,3.1625852e-05,-0.0002374798,-1.5852973e-05,7.62986e-05,1.33492285e-05
HS1BP3,-0.00016736984,-0.0005673375,-0.0005210452,0.00010897685,-0.0024417266,6.909855e-05,0.0003360184,3.1805946e-05
ZNF763,0.00013929419,0.0007088557,0.00074728206,-2.4609268e-05,0.0037137643,-0.00017215591,-0.00058661494,-2.9598363e-05
SYPL2,-0.00021315552,-0.00025483035,-0.00019666739,0.00014669541,-0.00089481473,-0.00015141675,5.2160583e-05,1.7832615e-05
CXCR2,5.8140606e-05,-0.00011818856,6.103143e-05,-1.4379621e-05,0.00012711436,-2.5592744e-06,-3.1664036e-05,3.0145748e-06
MRPS24,0.00024193525,0.00015002489,0.000270918,-0.00014895666,-0.00011204928,0.00022692326,-7.2117895e-05,-1.1360273e-05
RPL14,0.00015540235,2.6745722e-05,0.00016870536,-6.966852e-05,0.0009200126,8.92235e-05,-8.465629e-05,-3.0579977e-06
PI15,-0.00021756813,-0.00028512254,4.910864e-05,2.3182482e-05,0.00085967034,-0.00036225887,-9.420607e-05,1.1319877e-05
SPATA48,-0.00019516051,-0.00047357567,-0.00033935532,0.00010964554,-0.0009251386,-7.7637844e-05,0.000185485,2.5181449e-05
HAX1,-3.0193478e-06,-7.853471e-05,2.099201e-05,6.5266155e-05,-0.0007429421,-6.491784e-05,-4.2586587e-05,5.239155e-06
RGL4,2.6836991e-05,-3.71933e-05,5.991943e-05,1.07735395e-05,0.0005351454,-2.2246502e-05,-5.9365295e-05,3.190362e-06
BLVRB,0.00021886453,-0.00021491945,-4.0840358e-05,-0.00012911297,-0.0006217882,0.00031740218,0.00015767757,2.5009504e-06
ZNF660,0.0005475506,0.00042437948,0.000877697,-0.0004920643,0.004619211,0.00021858141,-0.00036735926,-4.145538e-05
RAB21,0.00018472411,-0.0001437962,0.00018410198,-0.00015465356,0.0015829876,5.6046993e-05,-5.568657e-05,-1.3752142e-06
TMEM202,-0.0002197437,-0.0004947074,-0.0003656894,0.00012381654,-0.001090534,-9.2295e-05,0.0001967214,2.6700902e-05
UBE2G1,-1.94069e-05,-0.00022161193,-0.00016249344,8.285511e-05,-0.0005249232,-1.784414e-06,7.2666444e-05,1.4236895e-05
MFAP5,-0.000329867,-0.0006395206,-0.0004272014,0.00022564922,-3.2037497e-06,-0.00035827188,0.00012456533,3.6567566e-05
FAM71F1,-0.00023048557,-0.00049779937,-0.00032316335,7.977337e-05,-0.00115785,-7.957686e-05,0.000199751,2.4224748e-05
PSMA6,-0.00033221394,-0.0005974937,-0.0005261861,0.00025024638,-0.0006599054,-0.00021360209,0.00021670293,3.7270365e-05
NEUROG1,-0.0009580683,-0.0014811531,-0.0013626851,0.00047820434,-0.0059394017,-0.00049512926,0.00072768517,8.4072235e-05
SWI5,-5.3385273e-05,-0.00016969629,-7.561222e-05,3.6654994e-05,-0.0025409162,-4.2258762e-05,6.3941814e-05,9.243027e-06
C21orf91,0.00038159452,-3.8076192e-05,0.00012566708,-0.00021108892,0.0024679676,0.0003481796,2.0053238e-05,-2.8689392e-06
BORCS5,-0.0002558101,-0.00035999902,-0.0001986064,2.5214627e-05,-0.0033661798,1.9863248e-05,0.00020193588,1.500349e-05
CSNK1A1L,0.000526933,0.00084340945,0.0010240171,-0.0004244512,0.0019387901,0.00046022423,-0.00044330303,-5.3600757e-05
CD79B,2.378039e-05,-0.00020406023,-5.3159893e-06,-3.885012e-05,0.0001674816,1.1208467e-05,2.9298477e-05,6.858376e-06
TACO1,0.0003290996,0.00022384338,0.00032710284,-0.00022155046,0.00066426396,0.00035495404,-6.516464e-05,-1.8070685e-05
FAM168A,-0.00016093068,-0.0006673988,-0.000579698,0.00016604643,-0.0007857606,-2.9296614e-05,0.00030906592,3.855559e-05
ZNF280A,-0.00015839748,-0.00041619875,-0.00033175945,0.00011666212,-0.001541324,-1.3932586e-06,0.00019201823,2.3149652e-05
FAM219A,-7.240288e-05,-0.00038328022,-0.00024873018,8.454267e-05,-0.00029069185,-0.000107770786,0.00010713469,2.168212e-05
RBM8A,-0.00013529137,-0.000534486,-0.0003534127,6.580632e-05,-0.0007935241,3.834255e-06,0.00023214612,2.50804e-05
NRSN1,0.0005150959,0.00017739274,0.00025137328,-0.00012980029,0.00032924116,0.00038776547,-7.509533e-05,-1.316308e-05
RAB20,5.6641176e-05,-0.00016652979,8.583069e-06,-9.783078e-05,-0.00060354173,0.0001686532,8.8137574e-05,3.0344818e-06
LRRC46,-3.360398e-05,-0.00033445656,-0.00014777668,-3.9071776e-05,-0.0009064004,4.3204054e-05,0.00014949124,1.2473203e-05
AGAP2-AS1,-0.00037749298,-0.00043989904,-0.00032481924,0.00023352727,-0.00093512237,-0.00031637214,8.0589205e-05,2.8283102e-05
PENK,-0.00064760447,-0.0010603387,-0.001137415,0.00042282604,-0.0036830455,-0.00024992134,0.0005857758,6.614963e-05
LPAR3,-0.00020870939,-0.0004917085,-0.00036538392,0.0001186803,-0.0011062026,-7.7505596e-05,0.00020043645,2.6479946e-05
EFNA1,-0.00027261488,-0.0008150637,-0.00069174357,0.00025515817,-0.0029465556,-0.00016690604,0.0003549885,4.489394e-05
MTERF3,-0.00012983382,-7.9941005e-05,1.3839453e-06,9.347778e-05,0.00012341142,-0.0002654451,-0.00010652188,1.1486583e-05
COQ7,2.6093796e-05,0.00026570074,0.00014242716,0.00023547933,-0.0014366657,-0.00020231074,-0.00026023295,1.1655502e-06
LHX1,-0.0018474385,-0.003551187,-0.0036518741,0.0011670543,-0.01137203,-0.00049057323,0.0020257318,0.000204126
SLC7A6OS,0.00058334693,0.00079681166,0.0007596668,-0.00022995006,-0.0006156862,0.000458722,-0.0003539985,-4.1422434e-05
FITM2,1.468882e-05,-0.00012745336,-8.547679e-06,5.236827e-06,-0.0002727434,5.355291e-05,1.9944273e-05,5.316455e-06
IFT27,-0.00019192882,-0.0005068183,-0.0003985688,0.00013234653,-0.0021313205,-0.0001740926,0.00019758381,3.028987e-05
MEPE,-0.0002535805,-0.00050623156,-0.00039014965,0.00015339069,-0.00096233934,-0.00014203368,0.00018583052,2.9060175e-05
DNM1L,-0.0003757812,-0.00072966143,-0.00053800456,0.00016286969,-0.0004165545,-0.00014011981,0.000302664,3.664603e-05
MDFIC,0.00036168098,0.00013414025,0.000163991,-0.00010233,0.00062105805,0.00026829354,-5.92852e-05,-6.4369524e-06
BGN,-0.00027024187,-0.00027451105,-0.00014976226,0.00012604799,-0.0010045916,-0.00013161078,4.0578656e-05,1.8367777e-05
ELSPBP1,-0.00021922402,-0.00048903376,-0.00036212988,0.00012973882,-0.0011825189,-9.846222e-05,0.00019116048,2.6568421e-05
ZCCHC9,-3.3076853e-05,-2.5447458e-05,-7.933006e-05,0.00017569959,-0.00066318363,-0.00014176778,-7.0681795e-05,1.2216158e-05
CTSA,0.00015976653,-2.749078e-05,2.906844e-05,-5.6547113e-05,7.048249e-05,0.0001304727,5.8477744e-06,3.3815159e-06
DGAT1,2.1090731e-05,-5.6654215e-05,9.994954e-05,1.4689751e-05,-0.000107094646,-0.00016403012,-0.0001059277,4.2058527e-06
DRAM2,0.00011528097,0.00033529848,0.0004217103,-2.9698946e-05,0.00036251545,-7.173605e-05,-0.00029841717,-1.405098e-05
PRIM2,0.00016637892,-5.4238364e-05,3.650412e-05,-9.362213e-05,0.0010590479,0.00017033424,3.332086e-05,1.0193326e-06
RAB40AL,-0.00026343018,-0.00047658943,-0.00030555204,0.00014330447,-0.00079345703,-0.00020571332,0.00012916792,2.576888e-05
AADAC,-0.00021162629,-0.0004865732,-0.00035703555,0.000119164586,-0.001081422,-8.5116364e-05,0.00019404199,2.6134308e-05
CNBP,-0.00019536912,-0.00047210045,-0.0002737958,7.028878e-05,0.0009113103,-0.000104757026,0.00014001224,2.300681e-05
VAPA,-0.0004378166,-0.00070839934,-0.0006873999,0.000344377,-0.0018673465,-0.00021568267,0.00029602367,4.5647612e-05
SIGLEC9,-0.00011740439,-0.0005244184,-0.0003132727,-1.540687e-05,-0.00047858804,0.00012722053,0.00027752202,2.0202366e-05
PPA1,-0.0001498498,-0.0003196504,-0.00016820058,8.8482164e-05,0.000234209,-0.00012529129,5.6047924e-05,1.791236e-05
WDR5B,-0.0001924932,-0.00038572587,-0.00021939538,7.1997754e-05,-0.0020053163,-0.00016936194,0.000132869,1.8027378e-05
FITM1,-0.00023451634,-0.0005373787,-0.0004150346,0.00010573957,-0.0015546232,-3.257487e-05,0.000259717,2.7625007e-05
TMEM41A,-0.00010168925,3.6220998e-05,0.00012495182,6.3484535e-05,0.0014590621,-0.00014607701,-0.00016512629,3.0269148e-06
HLF,-5.211495e-05,-0.00023115613,-0.00013399683,1.601316e-05,-0.0010028705,3.9901584e-05,0.000107045285,1.1566444e-05
ANO7,8.7060034e-05,0.00011399016,0.00020061433,-2.603326e-05,-0.00024557114,1.0213815e-05,-0.0001278473,-4.2119063e-06
PBK,-2.3510307e-05,-0.00046315975,-0.00031315722,-2.6947819e-05,0.00061295927,0.00014692731,0.00025397819,1.98388e-05
MOB3B,0.00043174252,-0.00019183569,0.00019995868,-0.00034141447,0.002725996,0.00028598122,3.3345073e-05,-5.1751267e-06
SYNPO2,0.00025579892,0.00019397959,0.00041985698,-0.00020226464,0.0016493723,0.00016077328,-0.00017453264,-1.787336e-05
NXPH1,-0.00033921935,-0.0009846818,-0.0006089639,-6.562658e-05,-0.0015517473,9.72813e-05,0.00052235555,3.8072583e-05
PHF13,0.00026763417,0.00017033517,0.00029490143,-0.00018570852,0.0014471337,0.00021393783,-0.000107578,-1.1349213e-05
TRIM49B,-0.00024260208,-0.0005248729,-0.0004046932,0.00013943296,-0.0013283044,-9.769108e-05,0.00021802448,2.8684619e-05
TPSG1,-0.00021068938,-0.00048221461,-0.00035033748,0.00011854246,-0.0010478869,-8.9623965e-05,0.00018879212,2.5859219e-05
CLEC10A,-0.00021068938,-0.00048221461,-0.00035033748,0.00011854246,-0.0010478869,-8.9623965e-05,0.00018879212,2.5859219e-05
C1orf50,-4.2507425e-05,-0.00016387366,7.352978e-05,-2.739299e-05,0.002468355,-0.00016222894,-8.501299e-05,5.610753e-06
SAR1A,-1.9239262e-05,-0.00024435483,-9.3214214e-05,-1.9182451e-05,-0.0005759895,5.562231e-05,9.4369985e-05,1.0457938e-05
TMEM205,-0.00024063326,-0.00031848624,-0.00018422306,0.0001366483,-0.00096333027,-0.00025311066,3.5544857e-05,2.028409e-05
ZDHHC21,1.7920509e-05,-0.00018171035,-0.000105369836,-3.6381185e-05,-0.00031476468,0.00016988534,0.00012661051,8.077244e-06
SLC9A3R1,2.445653e-06,-0.0007770639,-0.0005685091,-5.8288686e-05,-0.0026611015,0.00025400333,0.00049392227,3.1616306e-05
DKK4,-0.00015552342,-0.00041040592,-0.00028998777,9.431504e-05,-0.00077340007,-4.356727e-05,0.00016199239,2.1801796e-05
UBE2B,-0.00035534427,-0.00076251104,-0.0005076602,9.8861754e-05,0.0005266294,-0.0001354767,0.0003041802,3.5482226e-05
ANKRD34C,-0.00019919872,-0.00048033707,-0.00034854934,0.000111727044,-0.00099127,-7.7076256e-05,0.00019169506,2.5592977e-05
CCDC25,-1.231581e-05,-0.00038517825,-0.00016254745,-6.8682246e-05,0.0002425909,4.7216192e-05,0.00014739763,1.6160076e-05
CACNA1I,0.00011687167,-0.00014816597,-8.190796e-05,-6.1457045e-05,0.0011062622,0.00027371664,0.00011285674,5.482114e-06
IGFBP5,-1.7471611e-05,-0.00029779226,-0.00019372441,2.281554e-05,0.001410298,-1.8240884e-05,9.781122e-05,1.6459846e-05
ISCU,-0.0002362337,-0.00023160875,-0.00016275793,0.00015774835,0.0001104027,-0.00022516632,-1.0551885e-05,1.9862317e-05
EMP1,0.00014820881,6.4441934e-05,0.00025470555,-7.506367e-05,0.0012144372,4.8585236e-05,-0.00013781618,-8.85909e-06
PPARD,-0.00012885407,-0.00013823621,-8.413941e-05,0.00011550449,0.00030729175,-0.00012321025,-2.0968728e-05,1.1733151e-05
C1orf35,-0.0001478605,-9.629875e-06,3.1767413e-05,0.00013885554,0.00023107976,-0.0002318942,-0.00013494398,7.9607125e-06
SLC52A1,-0.00013401173,-0.00055334717,-0.0003785193,4.314445e-05,-0.0005221367,7.33342e-05,0.00026741624,2.5137793e-05
POTEC,-0.00021708943,-0.00048895366,-0.00036055222,0.00012257323,-0.0011222437,-8.885935e-05,0.00019481964,2.6362599e-05
SGF29,-0.00029298104,-4.90956e-05,-0.00011244975,0.0002573207,-0.00046816468,-0.00029777922,-9.944197e-05,1.5726662e-05
GPR3,-0.000120466575,0.00014185905,0.0002448447,6.990973e-05,0.001458995,-0.00026745722,-0.000267406,-6.732298e-07
UBA52,-0.00015225634,-0.0004916638,-0.00033571012,9.40375e-05,0.00011496991,-5.3253025e-05,0.0001868559,2.494501e-05
CENPL,-0.00022976473,-0.0005251877,-0.0003353376,6.1774626e-06,-0.0017027557,1.5419908e-05,0.00026705675,2.371741e-05
GAB4,-0.00019644946,-0.00048611686,-0.00035746768,0.00011127535,-0.0010205954,-6.9231726e-05,0.00019856263,2.5967718e-05
IMPDH2,-7.5984746e-05,-1.5636906e-05,2.5527552e-05,9.045657e-05,9.11355e-05,-0.00013050949,-9.165984e-05,6.879214e-06
BOLL,-0.00013719685,-0.00039199367,-0.00026413612,7.122476e-05,-0.00080192834,-4.715752e-05,0.00015287567,2.0366977e-05
CCNG2,-0.00024319813,-0.00038493052,-0.0003307946,0.00017395057,0.00056762993,-0.0001467634,0.00011535734,2.5534071e-05
BDH2,-0.0001262147,-0.00041716173,-0.000295531,3.705267e-05,-0.002809547,-4.7069043e-05,0.00019865297,2.3361528e-05
CLSTN3,0.00023499504,0.00012904406,0.00020473637,-3.26531e-05,-0.00041996688,0.00010957569,-0.00012163725,-5.7872385e-06
ZFP36L1,-0.0003887061,-0.0007194225,-0.00058457255,0.00016952213,-0.0010851845,-0.0001270012,0.00032984372,3.7716236e-05
KIFAP3,-0.0003644377,-0.00075191073,-0.0006468985,0.0002316283,-0.002365902,-9.809341e-05,0.00036099646,4.2055966e-05
PI16,-0.00013586879,-0.00020142458,-9.8433346e-05,0.00012152828,-0.00090717524,-0.00013166107,3.5269186e-06,1.2931996e-05
NDUFA8,-5.595945e-05,2.2042543e-05,8.75853e-05,5.3952448e-05,0.00065311044,-7.539336e-05,-0.00011005718,3.885012e-06
CXCR3,-0.00022630394,-0.0004842598,-0.00035948306,0.0001370795,-0.0007427931,-0.00012977514,0.000171775,2.736866e-05
NGF,-7.2646886e-05,-0.0002710428,-0.00011164509,3.6508776e-05,-0.0005687177,-4.052464e-05,6.661005e-05,1.2775883e-05
RPL7A,-5.4268166e-05,-0.00041989237,-0.00024297833,1.6976148e-05,0.0006627217,3.342051e-05,0.0001647314,1.8890481e-05
MTX3,0.0001959335,0.00016811304,0.00026722997,-0.00011075288,0.0014486983,0.00012248941,-0.00014453474,-9.034062e-06
SCAMP5,-9.653531e-05,-0.00046768412,-0.00037925132,0.00012497604,-0.00026650727,-3.1566247e-05,0.00019901153,2.5887857e-05
ZNF730,0.00026157685,0.00028748624,0.00044649094,-0.00015587732,0.0024261996,5.2248128e-05,-0.0002672607,-1.6014092e-05
LDLRAP1,0.00028746948,9.198114e-05,0.00024328753,-0.00017013494,-0.00038601458,0.00033972785,-2.0479783e-05,-1.17442105e-05
YOD1,6.8878755e-05,-0.00010621175,4.1797757e-06,-9.89344e-06,-0.00012599677,7.1216375e-05,1.0443851e-05,5.508773e-06
CHMP4A,0.00010147691,6.377697e-05,0.00016951002,-4.932098e-05,0.00034366548,4.1189604e-05,-9.677652e-05,-2.3095636e-06
SFPQ,-0.00037539378,-0.0007967632,-0.0006922558,0.00021730829,-0.0018644705,-9.567384e-05,0.0003892118,4.4220593e-05
CD244,-0.00016761944,-0.000362942,-0.00026391447,0.00013509113,-0.0012145564,-0.00010035653,0.00011948496,2.1138927e-05
ZNF83,0.00011195615,-0.00014738552,-7.688999e-05,-2.1769665e-05,0.00047630072,0.0001312038,6.445963e-05,7.726601e-06
RIC3,-0.000116247684,-0.00019247457,-2.5108457e-06,-2.7663074e-05,0.0013177544,-0.00012413971,-1.663994e-05,8.90845e-06
CBX6,7.07563e-05,-0.00016762502,-0.00011942163,4.407484e-05,-0.0015240908,8.102134e-05,7.967185e-05,1.0324875e-05
LILRB4,-0.00039708614,-0.00091391243,-0.0007531401,0.00020971335,-0.00092502683,-0.00017607119,0.00042238738,4.7501293e-05
GIF,-0.00021708943,-0.00048895366,-0.00036055222,0.00012257323,-0.0011222437,-8.885935e-05,0.00019481964,2.6362599e-05
ACER3,0.00014314987,-0.00029144622,-0.00012913533,-0.00010224618,-0.00032720715,0.00019766483,0.00017231889,9.537791e-06
TRAPPC3L,-0.00020659529,-0.00045611337,-0.00032489002,0.00011636689,-0.0010369644,-9.029545e-05,0.00017215963,2.4608918e-05
ARL6,0.00024103001,0.00052550994,0.00059795193,-0.00011373591,0.0017099306,-2.2988766e-05,-0.00040220376,-2.3766072e-05
PSMG1,-4.9509108e-05,-0.00019712746,-0.00019852445,7.714424e-05,-0.001089491,0.00010914542,0.00012431573,1.4015823e-05
PLEKHF2,0.00042060763,0.0001535099,0.00042065792,-0.00031825062,0.00059743226,0.00038242154,-6.561261e-05,-2.1862914e-05
KLK7,-0.00039261207,-0.0005702004,-0.0004768297,0.0002632346,-0.0016762465,-0.000322978,0.00017105415,3.603741e-05
CCNC,0.000115586445,0.00033853762,0.00040899962,-3.0839816e-05,0.00052235276,-5.1894225e-05,-0.00029479992,-1.3380311e-05
ZSCAN16,0.00028605573,0.00014436617,0.00018299557,-6.3005835e-05,-0.0013074428,0.00029000733,-4.2436644e-05,-8.996227e-06
CBR3,-0.00012426078,-0.00029099733,-0.00022211298,3.8650818e-05,-0.002132453,4.59766e-05,0.0001655221,1.570431e-05
ZNF92,0.00015898794,2.9949471e-05,0.00027612783,-0.00014341064,0.0014449656,5.3569674e-05,-0.00012865756,-6.8283407e-06
ZNF597,-0.00013166294,-7.110648e-05,-6.7837536e-06,9.5405616e-05,0.00026094913,-0.00013551489,-6.3802116e-05,8.121715e-06
CCDC90B,-0.00022997707,-0.00039034337,-0.00030383468,0.00019493513,-0.0005703643,-0.00019782083,9.546429e-05,2.5069574e-05
ART3,1.5063211e-05,-0.0001359526,2.299808e-05,-4.9197115e-05,0.0003387481,5.5930577e-05,2.421625e-05,3.571622e-06
TDRP,-0.00025965087,-0.0006794613,-0.0005558003,0.00021024607,-6.849319e-05,-0.00013153115,0.00026343204,3.8143946e-05
NT5C,-0.00014235824,-0.0002802331,-0.00028773397,0.000118903816,-0.0021262467,3.318768e-05,0.00016444642,1.975696e-05
STPG1,-2.4145469e-05,9.259954e-05,0.00036833435,-0.00010144804,-4.6260655e-05,-0.00017121248,-0.00020828564,-9.561656e-06
LYPLA2,-0.00023046508,-0.00030770712,-0.0002922844,0.00022193417,-0.0019285902,-0.00016321056,9.374414e-05,2.2290391e-05
IL20RB,6.892905e-05,-0.00016086176,2.462417e-06,-4.0614977e-05,0.00030565262,-4.110858e-06,1.5268102e-05,5.4307748e-06
ZSWIM1,0.00046450272,0.00013023242,0.00033231638,-0.000321188,0.0010066703,0.00045875274,-1.6573817e-05,-1.8416671e-05
C16orf78,-0.00021068938,-0.00048221461,-0.00035033748,0.00011854246,-0.0010478869,-8.9623965e-05,0.00018879212,2.5859219e-05
ANKRD46,-0.00024547055,-0.0005880855,-0.0003786143,0.000108200125,-0.0010637045,-0.00012970716,0.00021636859,3.0022231e-05
KCNA7,0.00010154024,9.023771e-05,0.00023858808,-8.088909e-05,0.00075031817,3.336463e-05,-0.00012728106,-6.7368383e-06
FSIP1,0.0005262811,0.00059665553,0.00090833567,-0.00035774987,0.0023480728,0.00018495694,-0.0004437482,-4.282396e-05
ENKD1,-3.9273873e-05,0.00012192689,4.9818307e-05,4.642643e-05,0.0006850958,-4.616566e-06,-7.9695135e-05,1.7032726e-06
IER5L,0.0001106523,0.00027317554,0.00025012717,3.678724e-05,-0.00014476478,-4.107412e-05,-0.00022689346,-4.3954933e-06
ZBTB12,-0.0001930818,-0.00046743266,-0.00033521466,0.0001039654,-0.0010419935,-6.6217035e-05,0.00018825568,2.4781446e-05
EXTL1,0.00027948804,0.00016077608,0.0003549736,-0.00016878173,0.0012381971,0.00014916155,-0.00015797559,-1.36799645e-05
RHOA,-0.00012075901,-0.00014136173,-7.999875e-05,0.00011147931,-9.946525e-06,-9.842403e-05,-1.5110709e-05,1.1885888e-05
ART5,-0.0002840832,-0.0005344674,-0.00039330497,0.00019229855,-0.0010160655,-0.00022936845,0.00015575439,3.1330273e-05
PCDH12,0.00032349862,0.00026218034,0.0003580898,-0.00011210982,0.0017573163,0.00015331805,-0.00019835215,-1.5532714e-05
C12orf43,-4.0045008e-05,-2.6235357e-05,0.00010047294,-1.339335e-05,0.0016828403,-0.000109129585,-9.409245e-05,2.933084e-06
GADD45GIP1,-1.225993e-05,-0.0002338551,-0.00013436563,6.500352e-05,-0.00032407045,-3.3569522e-05,5.61364e-05,1.3506622e-05
DUXA,9.733066e-05,-4.451908e-05,0.00023276545,-0.00013747532,0.0016336814,4.8353337e-05,-8.245651e-05,-6.0823513e-06
SURF2,0.00012059882,-3.81954e-05,8.532964e-05,-4.390627e-05,0.00034959614,6.746035e-05,-4.5202672e-05,2.8137583e-06
MANBA,0.0004926827,0.00062664226,0.00069072284,-0.00016785134,0.0021128356,0.00015390199,-0.00042485725,-3.0877884e-05
TMEM200A,0.00020695105,-2.3562461e-05,0.00019196607,-0.00023509469,0.0037027746,0.00016600825,-4.710257e-05,-3.9512524e-06
IGF1,0.00039980188,0.00024730153,0.00054236874,-0.00030770618,0.0013721138,0.00022911467,-0.0001889756,-2.5087735e-05
SULT2A1,-0.00019203871,-0.0003833808,-0.00023335963,0.000121022575,-0.0009412542,-0.000190889,8.265022e-05,2.219493e-05
CPO,-0.00020870939,-0.0004917085,-0.00036538392,0.0001186803,-0.0011062026,-7.7505596e-05,0.00020043645,2.6479946e-05
ADI1,-0.00019841269,-0.00026039407,-0.00014518946,0.00013466366,0.00028214604,-0.00027026748,-2.1396205e-05,1.8976163e-05
CD40,0.000353083,0.00015667826,0.00031963922,-0.00028652977,0.00028897077,0.00047389325,-3.5446137e-06,-1.7132144e-05
RITA1,-0.00013190508,-1.5031546e-06,-6.4998865e-05,0.00022066478,-1.8462539e-05,-0.00026259152,-0.00012883451,1.3062963e-05
RAB40A,-0.00020704232,-0.000385575,-0.0002830848,0.00014921091,-0.0011202618,-0.00017443486,0.00011447631,2.2746972e-05
RNF133,-0.00024012662,-0.00045540556,-0.00034696795,0.00016463362,-0.0011419281,-0.00016239053,0.00015294831,2.6529073e-05
C7orf57,-0.000119382516,-6.2499195e-05,0.00020339154,-3.6396086e-06,0.0013812855,-0.0002941396,-0.00018866826,1.4934922e-06
CLUL1,0.00036419183,0.0007064305,0.0008029174,-0.00024202559,0.001091674,0.0001811292,-0.0004330268,-3.7322985e-05
C4orf51,-0.00024290383,-0.0005191043,-0.0004098285,0.0001450805,-0.001374282,-9.283051e-05,0.00021988899,2.8668786e-05
CD68,-0.0003641639,-0.0007996112,-0.00064800866,0.00017080829,-0.0012026727,-0.00013063103,0.00037549436,4.215853e-05
SP7,-0.00023393705,-0.0004952736,-0.000380598,0.00013686437,-0.0011923164,-9.138603e-05,0.00020240713,2.7241069e-05
FAM133B,0.000155963,0.00012072548,0.00020748563,-6.4131804e-05,2.3275614e-05,7.056724e-05,-0.00011613872,-5.0043454e-06
BLVRA,-5.2638352e-05,1.4733523e-06,9.533018e-05,4.887581e-06,-0.00042977184,-2.2583641e-05,-5.79888e-05,1.308159e-06
ZBTB9,8.85725e-05,0.00024900958,0.00022533722,4.713703e-05,-0.0009896606,2.9922463e-05,-0.00018083211,-6.3593034e-06
ZMAT3,-0.00012418628,-0.0002287291,-0.00013339333,6.95223e-05,-0.00014343858,-2.148375e-05,7.0870854e-05,1.2472039e-05
ZNF732,6.8906695e-05,-1.842156e-06,0.00011852011,-1.51935965e-05,0.00024477392,-9.167008e-06,-8.462276e-05,6.5832864e-07
KLK15,-0.00024584122,-0.0005121734,-0.00038636103,0.00013908464,-0.0011461824,-0.00011590682,0.00020053983,2.8141309e-05
PRTN3,-0.00022015162,-0.0005149748,-0.00039021857,0.00012562051,-0.0011584088,-8.268375e-05,0.00021458138,2.7751317e-05
TMEM144,-0.00015698746,-0.0002581533,-0.00019514188,0.00016566273,-0.0012910292,-0.00017804885,4.3663196e-05,1.7978367e-05
GPR182,-0.00021922402,-0.00048903376,-0.00036212988,0.00012973882,-0.0011825189,-9.846222e-05,0.00019116048,2.6568421e-05
SYMPK,2.7306378e-05,3.062375e-05,3.4397468e-05,9.9546276e-05,-0.00047294796,-9.5228665e-05,-0.00010508951,5.789101e-06
RGS4,0.0004964266,0.0010631792,0.0009801444,-0.0001327917,0.0009506047,0.00016663037,-0.00062980223,-4.7334353e-05
TAAR2,-0.00021708943,-0.00048895366,-0.00036055222,0.00012257323,-0.0011222437,-8.885935e-05,0.00019481964,2.6362599e-05
TMEM80,-0.00015530176,-0.00052477047,-0.00030120276,1.2132339e-05,-0.0004300475,-0.00014923327,0.00017557852,2.6111724e-05
HDDC2,0.00014096685,0.00014369003,0.00027400441,-0.000114741735,-0.0008003339,0.00011339877,-0.00010810327,-9.5390715e-06
KCNK12,0.0003535077,0.0003414154,0.00051838905,-0.00024860166,0.0017111078,0.00022680499,-0.0002227826,-2.3590634e-05
AURKC,-0.000105256215,-0.00016202591,-0.00016213022,0.00016682502,2.6226044e-05,-0.00017230911,-2.6506372e-05,1.8690596e-05
TMEM200B,-0.00016639754,-0.00021820702,-0.000107875094,0.00011017453,-0.00020769238,-0.00016017351,-1.5022233e-06,1.4852732e-05
STX12,-0.0004298482,-0.00074423105,-0.0006664321,0.0003066426,-0.0011809766,-0.0003139251,0.00027354714,4.7191163e-05
IRF2BP2,-0.0005248226,-0.0009972956,-0.0008691624,0.0003102608,-0.0025430322,-0.00019149482,0.00046777446,5.4482836e-05
CCDC103,-8.830428e-05,-0.0002441071,-7.523224e-05,9.55537e-07,0.00033129752,-2.1609478e-05,5.6972727e-05,1.0576099e-05
ADM,0.0003026519,0.00020998903,0.00034025498,-6.194133e-05,0.00079898536,0.0001232056,-0.00020809565,-1.30529515e-05
ANKH,0.00018499419,-0.00023072958,1.4228746e-05,-0.00014043972,0.0011396557,0.00019648112,7.076282e-05,5.055219e-06
IGFBPL1,-0.00028597564,-0.00027672574,-0.00026961975,0.00026626978,-0.00080253184,-0.00021818886,3.9590523e-05,2.2656866e-05
STMN1,-0.00044145808,-0.0010461956,-0.0009093508,0.00027600117,-0.0017999783,-0.00010268111,0.00051560346,5.554408e-05
MOSPD3,-0.00019619986,-0.00020392239,-0.00011719763,0.00011640787,-0.0005616173,-0.00022384198,-1.5015714e-05,1.724402e-05
MCOLN1,6.7541376e-05,-5.4365024e-05,2.9234216e-05,-8.197501e-06,0.000120319426,1.8686987e-05,-2.9271469e-05,4.9241353e-06
C6orf58,-0.00012505427,-0.00037104823,-0.00022639893,5.618669e-05,-0.00047393888,-5.905237e-05,0.00012891088,1.8766033e-05
FAM187A,-0.00021708943,-0.00048895366,-0.00036055222,0.00012257323,-0.0011222437,-8.885935e-05,0.00019481964,2.6362599e-05
KTI12,0.0004956275,0.0004748106,0.0005278457,-0.00017941277,0.0025191754,0.00026735477,-0.000275339,-2.6514404e-05
TMEM41B,3.151223e-05,-0.00020817108,-0.0001040604,-2.7858652e-05,-0.0013351291,0.00016847625,0.00013287272,7.839873e-06
ERCC6L,0.00021131523,5.0593168e-05,0.00023083575,-0.00015249103,0.0006015226,0.00016705133,-6.209966e-05,-8.286443e-06
UBE2E2,-0.00010976754,-0.00012471527,4.749745e-05,-1.3538636e-05,0.0005772412,-0.0001565367,-7.0878305e-05,9.253039e-06
AP1S1,-4.3310225e-05,0.0003773272,0.0003380496,0.00013884995,-0.0018676221,-0.00018200278,-0.00032026414,-8.292845e-06
PSG11,-2.0159408e-05,-0.00015005097,-3.195554e-05,7.348135e-06,-5.5596232e-05,2.9415824e-05,2.8314069e-05,7.4404525e-06
APOL3,-0.00017612614,-0.00042451918,-0.0003201943,0.00012098439,-0.0014049783,-5.034264e-05,0.00017492007,2.3241271e-05
CCT8L2,-0.000116178766,-0.0004613772,-0.00029824115,5.5964105e-05,-0.0005351901,-1.3845973e-05,0.00019004755,2.2001448e-05
CD300LF,-6.821938e-05,-0.0002900157,-0.00017510541,6.109476e-05,-0.0003465414,-4.7639944e-05,8.969195e-05,1.550198e-05
LDHAL6B,7.07563e-05,-8.4778294e-05,5.9837475e-05,-3.47225e-05,-8.7201595e-05,4.2092055e-05,-1.8699095e-05,2.8089853e-06
NOTO,-0.00015938282,-0.0003402196,-0.0002194792,9.180419e-05,-0.0010686219,-6.9133006e-05,0.00011665374,1.8411316e-05
CDK11B,-9.318814e-06,-4.9415976e-06,-8.0969185e-06,8.2032755e-05,-5.336106e-05,-7.9512596e-05,-6.374065e-05,7.05407e-06
NCKAP5,-0.0005176049,-0.000650201,-0.00057305396,0.00034247898,-0.0010454804,-0.0005077403,0.00015365798,4.509138e-05
GPR88,2.2314489e-05,-0.00015681237,-8.7032095e-05,-2.0922162e-05,-0.0016910955,0.0001516873,0.00011484325,7.278286e-06
LILRA2,-0.00029387325,-0.00069155917,-0.00053273886,0.00012466311,-0.0015806705,-5.811453e-05,0.00034199283,3.391062e-05
PDYN,1.3466924e-06,-0.00014663674,-6.7984685e-05,2.5559217e-05,-0.0004080832,4.1277148e-05,4.295539e-05,8.588424e-06
CFHR1,4.5880675e-05,-0.000113198534,7.508695e-05,-8.318946e-05,0.00075589865,8.726679e-05,2.9280782e-06,1.9952422e-06
RPF2,-0.00015533902,0.00010655634,8.019805e-05,0.00011485629,-0.001367934,-5.424861e-05,-0.0001032399,2.3109606e-06
FAM47E,-0.00010674819,-0.0003678184,-0.00024771318,2.2912398e-05,-0.00083324313,4.0219165e-05,0.00018153898,1.7859042e-05
SLC36A3,-0.00013461895,-0.00037686713,-0.0002549924,7.340312e-05,-0.0008170903,-4.2646192e-05,0.00014751311,1.9606086e-05
GNAT1,-0.00026459247,-0.00053611025,-0.00041744858,0.00015082583,-0.001416795,-0.00011682743,0.0002196515,2.9656105e-05
MAGOH,7.9462305e-05,-0.000106304884,-1.4917925e-05,-4.26108e-05,5.182624e-05,9.15369e-05,3.9163046e-05,4.5491615e-06
ALKBH4,-0.00010486692,-0.00011461042,0.0002041068,-6.451178e-05,0.0016680285,-0.0002611298,-0.00016679894,3.245077e-06
CASP3,9.948388e-06,0.0002450347,0.00013686717,0.00012755673,6.3702464e-05,-2.5069341e-05,-0.000184278,-1.4454126e-06
PSG2,-2.6250258e-05,-0.0006272793,-0.00028161705,-0.00017468072,-0.0015584305,0.00044668838,0.00043656398,1.2297882e-05
SPDYA,-8.748658e-05,-0.00038726814,-0.00018722005,-1.7559156e-05,0.0005259663,5.5992976e-05,0.00015233457,1.5568337e-05
GPR139,-0.00021708943,-0.00048895366,-0.00036055222,0.00012257323,-0.0011222437,-8.885935e-05,0.00019481964,2.6362599e-05
CCDC122,-0.00010736473,-7.803552e-05,7.852353e-05,7.720385e-05,0.0012818053,-0.00021727383,-0.00013562199,6.2996987e-06
MYL1,-0.0001910869,-0.0004441552,-0.00030828267,0.00010721944,-0.00088632107,-8.3186664e-05,0.00016419124,2.3716246e-05
FAM47E-STBD1,-0.00014470518,-0.0004956629,-0.0002657622,6.955117e-06,-0.00096885115,-4.279148e-05,0.00020692497,1.990574e-05
PTX3,-0.00052738376,-0.0009877011,-0.0007184092,0.00010907743,-0.0029431134,-0.00013984181,0.00048258342,4.7130394e-05
RPL17,-0.00016038679,-0.00018598512,-0.00014089979,0.00011983048,-0.0011285022,-6.7385845e-05,3.898423e-05,1.4871126e-05
BPIFB1,-0.00020870939,-0.0004917085,-0.00036538392,0.0001186803,-0.0011062026,-7.7505596e-05,0.00020043645,2.6479946e-05
PDGFRL,-4.284829e-05,-0.0002464857,-0.00013593212,3.820192e-05,-0.0006820038,6.10454e-05,9.3651935e-05,1.2565753e-05
COMT,-8.984469e-05,-0.00018084235,5.638227e-06,1.4361925e-05,0.0005144328,-0.00018104399,-4.153885e-05,9.39297e-06
CDKN1A,5.328469e-05,-6.796047e-05,1.9954517e-05,4.1686e-05,-0.0014326349,6.296672e-05,-3.1255186e-06,3.1663803e-06
PYM1,-6.1871484e-05,-0.00022213534,-0.00010861084,5.199574e-06,-0.0007529855,3.1366944e-05,9.800121e-05,1.0494608e-05
POLR3GL,-5.375035e-05,-0.00013221055,-4.936382e-05,6.6259876e-05,-0.00011086464,-0.00012977887,-2.3094006e-05,1.0720571e-05
GRXCR2,-0.00020601228,-0.0004918277,-0.00036164,0.000115136616,-0.0011860132,-7.228553e-05,0.00020259153,2.6160269e-05
MBLAC1,3.541261e-05,3.817305e-05,0.00013020262,-1.9678846e-06,0.00018399209,8.3167106e-07,-9.049382e-05,-1.6303966e-06
HIST1H2AH,-0.00021708943,-0.00048895366,-0.00036055222,0.00012257323,-0.0011222437,-8.885935e-05,0.00019481964,2.6362599e-05
PRXL2B,0.00012769364,-0.00010190718,5.4117292e-05,-1.920946e-05,0.00035149604,-2.6607886e-06,-3.2493845e-05,3.0564843e-06
GCA,-0.0002284348,-0.0002139844,-0.00011502765,8.992106e-05,-2.4065375e-06,-0.00012720376,2.353359e-05,1.4373567e-05
PGLYRP3,-0.00021068938,-0.00048221461,-0.00035033748,0.00011854246,-0.0010478869,-8.9623965e-05,0.00018879212,2.5859219e-05
ARL15,0.0004244279,0.00079316273,0.0008025188,-0.00016173907,0.001782544,0.0001771627,-0.00048693363,-3.8721482e-05
RALYL,-7.576682e-05,4.6741217e-05,4.215911e-05,7.7800825e-05,-0.0016935542,-5.381275e-05,-6.871857e-05,4.760339e-06
MRPS25,2.3728237e-05,3.3084303e-05,0.00014811754,-7.147901e-05,0.0006796494,0.00011212379,-4.7868118e-05,-3.0257506e-06
LTB,-5.1751733e-05,-0.00043009594,-0.00014591031,-0.00011411775,3.672391e-05,0.00012611039,0.00020489655,1.2251199e-05
COQ10B,0.00034696236,0.0005147662,0.00061538257,-0.00015775114,0.00040940195,0.00023157988,-0.00031566713,-3.0425144e-05
STX17,0.00024045259,0.00018239021,0.0004132688,-0.00022682082,7.772446e-05,0.000120176934,-0.00015731435,-1.63269e-05
DCLRE1A,0.00017527677,0.0004726611,0.00040505826,4.624948e-06,0.0018132553,0.00010424014,-0.0003076261,-1.6529346e-05
MAB21L3,-0.00052457117,-0.00068141706,-0.0005771462,0.0003241822,-0.00073570013,-0.00042438274,0.000194096,4.3058302e-05
SLX4IP,0.00039201975,0.0007173866,0.00086672977,-0.0001357738,0.0021744221,-2.3142435e-05,-0.0005587796,-3.896153e-05
VSTM2A,9.95025e-06,-0.00013577566,4.172884e-05,2.1382235e-05,-0.0005540997,-5.72484e-06,-3.596209e-05,6.5665226e-06
VDAC3,-0.0002451297,-0.000653971,-0.00058740936,0.00020981021,-0.0017233938,-3.3591874e-05,0.00032422412,3.712892e-05
TMEM200C,-0.00033971667,-0.0006302763,-0.00039619207,0.000106207095,-0.0009050444,-0.00021834625,0.00022612419,2.9496849e-05
LRRC72,-0.00019470416,-0.00048757903,-0.00034585036,8.367747e-05,-0.0011680722,-1.823809e-05,0.00022108015,2.4315668e-05
CS,7.436611e-05,-0.00018154271,2.0910054e-05,-0.00011136662,-0.00081013143,0.00010873005,7.301755e-05,4.0064333e-06
KCNK9,6.1597675e-06,-0.00045227632,-0.00015670434,-7.533375e-05,0.000638701,8.288771e-07,0.00014812406,1.5418045e-05
F12,0.0002716072,0.00022019818,0.0003038384,-0.00010971818,0.00066494197,0.00017153751,-0.00014880206,-1.231581e-05
TMED7,9.556487e-05,0.00011688657,0.0001907181,-7.731281e-05,0.0009164512,9.346008e-05,-9.9898316e-05,-5.2313553e-06
VAT1,-0.00010471791,-0.00052419305,-0.00030239858,2.3692846e-05,-0.00052627176,-2.0682812e-05,0.00021764729,2.3001106e-05
UTS2R,-0.00021708943,-0.00048895366,-0.00036055222,0.00012257323,-0.0011222437,-8.885935e-05,0.00019481964,2.6362599e-05
COPB2,-0.00017823465,-0.0004138332,-0.00013205223,6.1406754e-05,0.0006185621,-0.0003007995,1.5650876e-05,1.944194e-05
SEMA3G,-0.00025194883,-0.00055691786,-0.0003284607,0.00013376772,-0.00046472996,-0.00013562664,0.00017269701,2.5305548e-05
SIGLEC15,-0.00021708943,-0.00048895366,-0.00036055222,0.00012257323,-0.0011222437,-8.885935e-05,0.00019481964,2.6362599e-05
IL10,-0.00011443719,-0.00036956556,-0.00023570098,8.745585e-05,-0.00079073757,-6.574765e-05,0.00012095738,1.9665109e-05
NUP188,-3.7118793e-05,-0.0001852233,-2.4959445e-06,-7.8610145e-05,3.2559037e-05,2.0586886e-05,4.418753e-05,7.629744e-06
MRPL21,-0.00056227855,-0.0008474104,-0.0006601326,0.00022788253,-0.0029093325,-0.00027942145,0.0003645867,4.4900808e-05
UBTD1,-8.396059e-05,-1.3373792e-05,2.9467046e-05,0.00014197826,-0.00093314797,-0.00018321816,-0.000116706826,7.3930714e-06
TNNC1,-0.00020503253,-0.0004976969,-0.00034914538,0.00010467693,-0.0009508282,-7.30278e-05,0.00019728858,2.5726971e-05
ZNF260,-0.00022928417,-0.00027139857,-0.00017474033,0.00012316927,2.3536384e-05,-0.00018196926,4.0563755e-05,1.735764e-05
CSPG5,-0.00045735948,-0.0008367896,-0.00078143366,0.0002832329,-0.0029082447,-0.00018040324,0.0004151892,4.797906e-05
AVP,-0.00021439046,-0.00047947466,-0.00036069937,0.00013130251,-0.0010560155,-9.01632e-05,0.00018901844,2.6257476e-05
AES,-0.00021708943,-0.00048895366,-0.00036055222,0.00012257323,-0.0011222437,-8.885935e-05,0.00019481964,2.6362599e-05
VAPB,5.8695674e-05,-5.741231e-05,9.717606e-05,-1.8551946e-06,0.00064252317,-7.425528e-05,-9.0159476e-05,3.6110869e-06
RPP30,6.794743e-05,0.0001261048,0.0002530869,-6.519817e-05,0.00035036355,1.8052757e-05,-0.00014357362,-6.0193706e-06
ASF1B,9.652786e-05,-4.8000365e-05,0.00011051074,-6.820168e-05,0.00019097328,5.4603443e-05,-3.603939e-05,2.1385495e-07
ST6GAL1,1.295656e-05,-0.00024191104,-0.00017189793,2.5221147e-05,-0.0024034902,0.00020075403,0.00017868914,1.03364e-05
RNF166,0.00022253022,3.4013763e-05,0.0001053419,-6.9069676e-05,0.0005227402,0.00013952702,-4.3340027e-05,-1.3804529e-06
APLNR,-0.00019083917,-0.0007184427,-0.00053545274,0.00013730396,-0.00018079579,-6.142259e-05,0.0002968302,3.655185e-05
FMOD,5.8811158e-05,-6.0288236e-05,6.085448e-05,-7.3928386e-06,-0.00023109466,6.0480088e-05,-2.545584e-05,2.2231834e-06
SCG5,-0.00020023063,-0.00057704933,-0.00050527416,0.00020795409,-0.0016197562,-5.1040202e-05,0.00026315078,3.3926102e-05
CCDC107,0.00022339262,0.00020234287,0.00037213974,-0.00023432169,0.00080742687,0.00030296948,-9.805802e-05,-1.65971e-05
CEP164,-0.00048105232,-0.00078152865,-0.00077372976,0.00039308053,-0.002609685,-0.00030582957,0.00031489227,5.2236253e-05
PXMP4,-9.23872e-07,-6.705709e-05,-1.4230609e-05,1.9302592e-05,-0.0017597824,4.4737943e-05,3.4085475e-05,4.085945e-06
LETMD1,-9.2975795e-05,-0.00024902262,-0.00024797022,0.00017955806,0.0001899302,-0.00016251765,3.8999133e-05,2.206245e-05
EHD2,0.0004645381,0.0005589053,0.0006824564,-0.0002608169,0.0012790412,0.0002914304,-0.00032066647,-3.31403e-05
FGF10,-0.00013672747,-0.00025885366,-0.000106327236,5.3089112e-05,0.0001314804,-0.00011758413,3.0951574e-05,1.4261692e-05
BCCIP,-0.00013676658,-0.00042968057,-0.000268396,5.4880977e-05,0.00015617907,-4.5692548e-05,0.00015616138,2.121646e-05
ZNF696,0.00022949278,-0.00010586716,8.0173835e-05,-0.00017214473,0.0012696311,0.00021494087,4.276354e-05,5.820766e-10
BEND2,-9.725429e-05,-0.00021627359,-6.6498294e-05,6.267149e-05,0.00059268624,-0.00012838421,-1.2884848e-05,1.2771925e-05
STIP1,0.00011565909,0.00012065098,0.00013477542,1.4711171e-05,0.0004775226,4.087016e-05,-0.00011917669,-6.282935e-07
UPB1,-0.00013650581,-0.00022202358,-9.904429e-05,7.034559e-05,-0.0014288053,-7.8321435e-05,4.851166e-05,1.2287521e-05
ELK4,6.051548e-05,-0.00010849908,5.4001808e-05,1.8931925e-05,0.0020112023,-0.00014245976,-0.00010883901,7.42008e-06
MIF4GD,0.00018140301,0.00017695129,0.00017295592,-1.2409873e-05,-0.0016617402,0.00018942077,-7.421337e-05,-7.222523e-06
PACS1,-0.00021889992,-0.00013768114,-6.0012564e-05,0.00016471185,-0.0020021275,-0.00020889146,-4.2466447e-05,1.2809294e-05
CHSY1,4.631467e-05,8.70917e-05,0.00013303943,7.9026446e-05,0.0011569187,-8.4236264e-05,-0.00016946439,6.314367e-07
C8orf58,0.0003375206,0.0003807079,0.00045391545,-0.0001390772,0.001696609,0.00017990079,-0.00025366154,-2.0155334e-05
TST,-0.00030174665,-0.0005618874,-0.00047376007,0.00030459184,-0.0009985715,-0.0004180288,0.00010621175,3.916095e-05
ZNF772,-3.9938837e-05,-7.779524e-05,-4.839897e-05,9.8828226e-05,-7.7582896e-05,-4.5498833e-05,-3.1642616e-05,9.359792e-06
TMEM216,1.1879951e-05,-0.00027564727,-0.00019564293,-1.8675812e-05,-0.0016632527,0.00012991112,0.000179342,1.308776e-05
CCDC116,-0.00015547499,-0.000241559,-0.00018036924,0.00010050647,-0.0010604709,-8.7623484e-05,7.342175e-05,1.6765553e-05
TMX4,-1.7324463e-05,-0.00017057173,4.1266903e-05,-9.185448e-05,0.00034869462,5.357992e-05,3.0901283e-05,4.513189e-06
ZWINT,-0.00047970936,-0.00073391944,-0.0007339511,0.00032455288,-0.002159737,-0.00029409816,0.00032026786,4.847767e-05
CD320,-0.000515474,-0.0007119272,-0.0005848557,0.00029815454,-0.001157783,-0.0004388662,0.00020444393,4.4512795e-05
SUCNR1,-3.909692e-06,-0.00023468398,-0.00013182685,2.6749447e-05,-0.00038802624,6.59395e-05,9.678863e-05,1.1530239e-05
ZNF713,-7.477403e-05,-0.00019132905,-7.806718e-05,6.7527406e-05,0.00038414448,-0.00011346256,-3.7960708e-06,1.1741766e-05
MR1,0.00015239231,4.9998984e-05,0.00014179014,-7.1357004e-05,0.0012326017,0.00012412667,-5.7430007e-05,-4.724483e-06
BMF,0.000139907,-9.409711e-05,2.7405098e-05,-6.2871724e-05,0.0023284033,0.000110151246,-9.616837e-06,4.0141167e-06
INPP1,0.0003249906,0.0003005322,0.00036265887,-0.00022284966,0.0014546365,0.00032568257,-0.00012478139,-1.7482904e-05
C1QTNF6,0.00020766072,-0.00021596067,4.9352646e-05,-0.00020630844,0.0007093996,0.0003239885,0.00012330897,-3.45055e-07
SP5,-0.00071265176,-0.0015397929,-0.0014001001,0.00039748568,-0.0023888275,-0.00027686357,0.00076841004,8.3936146e-05
MPZL2,-0.00016923994,-0.00037373416,-0.00027675554,0.00010665227,-0.0010168701,-4.8858114e-05,0.00014740601,2.119341e-05
NGRN,-0.0003968533,-0.000489397,-0.00046882778,0.0002873512,-0.00209748,-0.00019324478,0.00018718373,3.354426e-05
CRYAB,-0.00017786026,-9.6483156e-05,4.5062974e-05,9.832345e-05,0.0017364398,-0.00038769515,-0.00016721245,9.983778e-06
EDEM2,0.00019310974,0.00032290444,0.0004745219,-0.000120241195,0.0013046786,2.3215078e-05,-0.00027456786,-1.9316329e-05
NFIA,-0.00068772025,-0.000997182,-0.0009536147,0.0004047705,-0.0014404058,-0.00032391073,0.000437513,6.117171e-05
CCR6,-0.00045231543,-0.0004420299,-0.0004050173,0.00039630197,-0.0008376762,-0.000611166,-1.8081628e-05,3.7723803e-05
ACVRL1,-1.4109537e-05,-0.00043945946,-0.0003153365,8.462742e-05,-0.0009810403,2.1338463e-05,0.00018286053,2.2316119e-05
ASB11,3.3663586e-05,-0.00023003109,-8.120574e-05,-3.2929704e-05,-9.156764e-06,8.098502e-05,8.569099e-05,9.415788e-06
ZNF273,0.00011239573,0.00029170327,0.00018628314,0.00010688882,-0.0016214475,-1.2288801e-05,-0.0002050018,-2.609333e-06
TRUB1,1.8103048e-05,0.0001615081,0.00021881238,4.245434e-05,0.00092642754,-4.9506314e-05,-0.00019878242,-3.1547388e-06
BTF3,-0.00015519932,-0.000482874,-0.0002782736,4.5112334e-05,0.00051882863,-2.7250499e-05,0.00017586537,2.1961983e-05
AIG1,0.00019092858,0.00025723502,0.00025131367,2.4348497e-05,0.0004387498,2.3458153e-05,-0.00021116529,-6.8540685e-06
ZNF230,0.00025189854,0.0006715674,0.0005650427,7.9610385e-05,0.000121288,-6.704312e-05,-0.0004742192,-2.1861051e-05
B3GNT4,5.4923818e-05,-2.3875386e-05,5.3504482e-05,1.6602688e-05,0.0002105236,-5.482696e-06,-6.4604916e-05,4.341593e-06
LAX1,-6.9476664e-05,-0.00018889084,-2.8569251e-05,5.174428e-06,-0.00023844093,-4.9730763e-05,1.7215498e-05,9.0317335e-06
SLC35E4,0.00030944496,0.00062153116,0.00053962506,-4.9980357e-05,-0.00026731193,0.00015761517,-0.00036207307,-2.3831031e-05
POLR2H,-0.00017151237,-0.00018385798,-5.7201833e-05,7.206295e-05,0.00052999705,-0.0001798966,-2.9731542e-05,1.3016164e-05
DNASE1L1,3.213249e-05,-5.9660524e-06,8.800253e-05,-1.2340024e-06,-0.001590766,6.946456e-05,-3.352668e-05,6.2421896e-07
EDN3,1.6316772e-05,-0.00015842728,-7.3047355e-05,2.5255606e-05,-0.00058264285,5.181972e-05,5.052518e-05,8.717179e-06
CFAP20,-0.0002622418,-0.0005680751,-0.00038108043,0.00013651326,-0.0008989945,-0.00016664295,0.00019435398,2.98362e-05
TSSK1B,-0.00021708943,-0.00048895366,-0.00036055222,0.00012257323,-0.0011222437,-8.885935e-05,0.00019481964,2.6362599e-05
ARL5A,0.00020338781,-5.9632584e-05,0.00026907958,-0.0002914518,0.00024601817,0.00028124824,2.36528e-05,-1.1486234e-05
FAM19A3,-0.00021708943,-0.00048895366,-0.00036055222,0.00012257323,-0.0011222437,-8.885935e-05,0.00019481964,2.6362599e-05
RIPK4,-2.142042e-05,-0.00013850816,-5.08409e-05,3.901124e-05,-0.00094535947,1.0911375e-05,3.0128285e-05,7.9023885e-06
KCNJ4,-0.00039647333,-0.00050893985,-0.00038615055,0.0002942579,-0.00044862926,-0.0005051666,4.4769607e-05,3.541843e-05
AGFG2,0.00010362081,-0.0002270285,8.052215e-06,-0.0001228191,0.00033781677,0.00011599623,8.363463e-05,3.025867e-06
PARK7,9.7278506e-05,-0.0001546517,4.9399212e-05,-6.7005865e-05,0.0011932626,5.174149e-05,-1.7862767e-06,3.7673162e-06
MYLPF,0.00058938377,0.0003856346,0.00058045983,-0.00038273167,0.0017111152,0.0005019242,-0.00016239937,-3.089721e-05
FAHD1,0.0003814716,0.000212932,0.00039930642,-0.0002583852,0.00029420853,0.00030715019,-0.00011258852,-1.7939368e-05
SELENOS,0.00014413334,0.000121474266,0.00026405044,-0.00010637939,-0.0001457259,0.00011654571,-0.00011311937,-8.114846e-06
LAMP1,-0.00018597953,-0.0002662968,-0.00021600537,0.00013327878,-0.0016073957,-5.834084e-05,0.00010332838,1.6526552e-05
CENPU,-0.00051382557,-0.0009921696,-0.0008741375,0.00022521615,-0.0031210557,-9.578746e-05,0.0005412474,5.2280375e-05
CALM1,-0.00047856197,-0.00092934445,-0.00082641095,0.0003057504,-0.0019255131,-0.00016493304,0.0004350096,5.1871524e-05
TMEM248,0.00022943504,0.00018259138,0.0003214758,-0.00013752002,0.002456531,0.000114902854,-0.00017120037,-1.1553639e-05
FCRL1,-0.00021708943,-0.00048895366,-0.00036055222,0.00012257323,-0.0011222437,-8.885935e-05,0.00019481964,2.6362599e-05
TARM1,-0.00021708943,-0.00048895366,-0.00036055222,0.00012257323,-0.0011222437,-8.885935e-05,0.00019481964,2.6362599e-05
RIBC2,-3.932044e-05,4.088506e-06,9.905361e-05,-1.2352131e-05,-0.0011438653,1.8050894e-05,-4.3120235e-05,6.2410254e-07
RNPS1,-9.011105e-05,-0.00052411295,-0.000362603,3.2217242e-05,-0.0014592111,0.000117409974,0.00027991552,2.3712637e-05
STX7,-9.2314556e-05,-0.0001485087,-0.00011854991,0.00016748626,-0.00058638304,-0.00010313094,-1.8768944e-05,1.4602323e-05
UCHL3,4.01102e-05,3.422238e-05,0.000110855326,-3.638584e-05,-0.00050819665,8.3187595e-05,-4.315842e-05,-6.740447e-07
RHOD,-0.0001936797,-0.00049779005,-0.00035565533,0.00010611769,-0.0007927641,-5.9182756e-05,0.0002015438,2.5685527e-05
BTNL3,-0.00018058158,-0.00043344498,-0.00029083528,0.00010035746,-0.00075065345,-8.574687e-05,0.00015358906,2.288539e-05
ZNF771,-0.00019515306,-0.0001818277,-0.00014239177,0.00013164151,0.00018458068,-0.0001779669,-1.3737008e-06,1.607486e-05
MRPL18,-0.00014776364,-5.9293583e-05,-7.2434545e-05,0.00018856395,0.0008218512,-0.00020364998,-0.00010116678,1.3882178e-05
PAG1,-0.0005756039,-0.0011348203,-0.0009559486,0.00028047897,-0.0030147135,-0.00025078608,0.0005360674,6.022677e-05
RAB27A,0.00023935176,0.00011854246,0.00027821586,-0.00012760703,0.0021973252,0.0001114225,-0.00014373008,-9.830808e-06
MAST3,-0.00010938756,-0.00022214279,-0.00015068613,0.00012578722,-0.0006156117,-0.00015368545,2.5442801e-05,1.5675323e-05
JUN,-0.0004312694,-0.0009441506,-0.00079769455,0.0002368521,-0.0019485429,-0.00011336012,0.0004560491,5.004264e-05
BCL2L11,0.00073611736,0.00045171008,0.00081283227,-0.00050986186,0.0031326264,0.0005038073,-0.00025979895,-4.3393113e-05
DHDH,-2.5806949e-05,-0.00023198314,-0.00017762557,0.0001217667,-0.0005675927,-4.2077154e-05,5.343929e-05,1.5736092e-05
ADH5,-0.000196293,-0.00053250603,-0.00034483336,0.00010897685,-0.00088021904,-0.00016060611,0.00017722882,2.7569127e-05
CEACAM16,-0.00021708943,-0.00048895366,-0.00036055222,0.00012257323,-0.0011222437,-8.885935e-05,0.00019481964,2.6362599e-05
SBSN,-0.00021708943,-0.00048895366,-0.00036055222,0.00012257323,-0.0011222437,-8.885935e-05,0.00019481964,2.6362599e-05
REEP6,-0.0002851691,-0.0004371833,-0.00035523064,0.00018793065,-0.0019461215,-0.00021206588,0.00014939532,2.6779831e-05
CDIPT,0.00015648454,4.2809173e-05,0.00015483983,-0.00014365558,0.00091318786,0.00017999951,-2.3813918e-05,-4.430767e-06
SOD2,0.00021088868,-8.7110326e-05,2.9094517e-05,-9.8201446e-05,-9.126216e-05,0.00025097467,6.0146675e-05,1.1825468e-06
TMEM64,0.00029151142,5.293265e-05,0.00015855022,-0.00016833656,0.0017014295,0.00023540948,-2.4193898e-05,-4.970003e-06
TECRL,-4.6463683e-05,-0.0003884714,-0.00021601468,3.3541583e-05,-0.00036969036,8.882955e-06,0.00014290866,1.759082e-05
RAB17,-7.399358e-05,-0.00036077946,-0.00019649416,3.296975e-05,-0.0005195588,9.90089e-06,0.00013393257,1.6537379e-05
TMEM235,-0.00024217926,-0.0003938526,-0.00030751154,0.00017040037,-0.0010237694,-0.0001994553,0.00011020992,2.4923473e-05
TM2D2,0.00012947991,-2.5823712e-05,0.0001159478,-0.0001161024,0.0010136291,0.00013476238,-2.5404617e-05,-1.8114224e-07
ZNF117,-1.4403835e-05,-0.00091088563,-0.0005360525,-8.174963e-05,-0.00071325153,0.00012916047,0.00045503955,3.4258817e-05
IL1B,-0.0001609195,-0.00056599267,-0.0005295817,0.00017844327,-0.001044564,-2.1971762e-05,0.00027860235,3.357092e-05
SOSTDC1,5.484931e-05,1.4785677e-05,2.5380403e-05,8.123275e-05,0.00081831217,-1.1102296e-05,-8.776225e-05,5.0379895e-06
OMD,-0.00023024157,-0.00049939565,-0.00036523864,0.00012361165,-0.001423724,-9.2122704e-05,0.00019961316,2.699031e-05
CNR2,-0.00021708943,-0.00048895366,-0.00036055222,0.00012257323,-0.0011222437,-8.885935e-05,0.00019481964,2.6362599e-05
SEL1L3,-0.0006916635,-0.0009730421,-0.0010258444,0.00047701038,-0.0036539063,-0.0003648633,0.0004524868,6.453565e-05
CCDC198,-2.6971102e-05,-3.727153e-05,0.00012959354,4.3776818e-05,0.00047180802,-0.00020241318,-0.00015367288,4.0235464e-06
EIF4E1B,-0.00013785996,-0.00022329204,-0.00013046525,6.693881e-05,-0.0003818795,-9.834766e-06,7.214118e-05,1.2238859e-05
PDCD2L,0.00013714656,-0.00013248436,-1.0080636e-05,-0.00012795348,-0.001141347,0.00021769386,0.000113150105,3.2613752e-06
ETFBKMT,0.00032010116,0.0003425479,0.00047321245,-0.00014982559,0.0029025078,4.518777e-05,-0.00029919576,-1.8352992e-05
IKZF5,-0.00013737194,0.0003809277,0.00036043487,0.00015206449,0.0012218878,-0.00035167858,-0.00040906575,-7.009716e-06
CASP4,-0.00021682121,-0.0006410107,-0.00050581247,0.00016819872,-0.0015804172,-8.952897e-05,0.00028476212,3.3135526e-05
GPR101,-0.00021708943,-0.00048895366,-0.00036055222,0.00012257323,-0.0011222437,-8.885935e-05,0.00019481964,2.6362599e-05
GZMK,-0.00021068938,-0.00048221461,-0.00035033748,0.00011854246,-0.0010478869,-8.9623965e-05,0.00018879212,2.5859219e-05
AQP10,-0.00011270866,-0.00031897612,-0.00018765777,7.792376e-05,-0.0005738959,-6.0541555e-05,8.91434e-05,1.7463695e-05
ANKRD34B,4.9522147e-05,-3.2341108e-05,6.9350004e-05,-3.2909214e-05,-3.3952296e-05,8.532312e-05,-1.384411e-05,4.0663872e-07
TEPP,-0.00024958514,-0.0005204119,-0.00039118156,0.00014451426,-0.0008304864,-0.00014184741,0.00019020494,2.9205927e-05
C6orf89,-6.9977716e-05,-0.00039535947,-0.00022304058,4.7856942e-05,-0.0009516105,-3.155321e-05,0.00014745817,1.79559e-05
SCXB,-0.00021708943,-0.00048895366,-0.00036055222,0.00012257323,-0.0011222437,-8.885935e-05,0.00019481964,2.6362599e-05
C1orf109,-8.411333e-05,-8.3159655e-05,1.4970079e-05,5.6166202e-05,0.00087594986,-0.00018002419,-8.2913786e-05,8.211588e-06
MRPL44,-0.0004533939,-0.0006015692,-0.0005105529,0.00029071327,-0.0015151948,-0.000356514,0.00018506125,3.786513e-05
EDN2,-0.00026543625,-0.00066366047,-0.00052537955,0.00014550891,-0.0018555969,-6.981008e-05,0.00031177793,3.45211e-05
P2RY11,0.00026399083,0.00030698255,0.00038559735,-8.5997395e-05,0.0009999722,6.8830326e-05,-0.00023768377,-1.5194761e-05
RNF135,3.3861026e-05,-0.00020203926,-9.129569e-05,1.5473925e-05,0.00028859824,2.2515655e-05,5.2575022e-05,1.0470045e-05
NXPE1,-0.00021162629,-0.0004865732,-0.00035703555,0.000119164586,-0.001081422,-8.5116364e-05,0.00019404199,2.6134308e-05
TP53I11,0.00033578835,0.00030741282,0.00045100227,-0.00015801564,0.001236774,0.00017681345,-0.00023071747,-1.8031918e-05
DPP8,-0.00020033494,-0.00023700856,-4.6379864e-05,9.717792e-05,0.0014138073,-0.00038092723,-9.878259e-05,1.727615e-05
ZFP92,-0.00021708943,-0.00048895366,-0.00036055222,0.00012257323,-0.0011222437,-8.885935e-05,0.00019481964,2.6362599e-05
RIMBP3,-0.00023422949,-0.00043083914,-0.00033016875,0.00016513374,-0.0011074096,-0.00015794393,0.00014137849,2.5459682e-05
DKK1,0.0002991818,0.0003031809,0.0004904475,-0.00024098437,0.0027722642,0.00019455701,-0.00022698473,-2.028828e-05
RAD51B,0.00040746666,0.00039787404,0.000498198,-0.00013139099,0.0027553216,0.00010568369,-0.00031299237,-2.2028224e-05
KCNK16,-0.00021708943,-0.00048895366,-0.00036055222,0.00012257323,-0.0011222437,-8.885935e-05,0.00019481964,2.6362599e-05
ITLN1,-0.00027129054,-0.0005385149,-0.0004323218,0.0001659356,-0.0011865124,-0.00013879267,0.00021173526,3.1081727e-05
CLIC1,-0.0005327873,-0.0009958874,-0.00089398585,0.00029009115,-0.0042207018,-0.00012781844,0.0005261069,5.429634e-05
RAB28,-0.00015449524,-0.0003001429,-0.00027354434,0.00015060976,-0.0024801493,-0.00013089087,0.00010331813,2.2894237e-05
CCDC83,-0.00024647638,-0.00047358498,-0.0003480874,0.00015287008,-0.0011554584,-0.00016459823,0.00016073883,2.679159e-05
TSSK6,-7.598661e-05,-0.00026690215,-0.00012401678,3.889762e-05,-0.000593178,-9.559095e-06,7.757079e-05,1.3037003e-05
KIR3DL2,-0.00021922402,-0.00048903376,-0.00036212988,0.00012973882,-0.0011825189,-9.846222e-05,0.00019116048,2.6568421e-05
DSPP,-0.00011685304,-2.1029264e-05,2.8055161e-05,0.00010307133,-0.00017847866,-9.221304e-05,-8.1878155e-05,5.769776e-06
LARGE1,3.787875e-05,-6.1273575e-05,3.3285469e-06,5.66151e-05,0.0012640804,-0.0001604855,-0.00010568928,1.1112075e-05
LRPAP1,-0.00014543161,-8.195639e-05,-4.0641055e-05,0.00013000146,-0.00097474456,-0.00017685955,-6.1436556e-05,1.1274242e-05
FAM107B,-0.00018443912,-0.00051302277,-0.00051929057,0.00017542765,-0.0018871725,-1.0467134e-05,0.00027325563,3.3930177e-05
ALAS2,-6.0070306e-06,-0.0001200065,-0.00018422492,6.344076e-05,-0.00044179708,0.0002483735,0.00014181156,1.012662e-05
GAN,0.0002004616,0.00010892749,0.00039571524,-0.00016492698,0.0018424168,-8.074567e-07,-0.00021196622,-1.2576813e-05
STXBP5,-9.683333e-05,-0.00045973808,-0.00033472665,6.1756e-05,-0.000969179,0.000104496256,0.00023106765,2.3131492e-05
ZNF519,0.0001185406,0.00022890978,0.00041613355,-9.878259e-05,0.0027414113,-0.00010073092,-0.00028195884,-1.36455055e-05
PPIL6,-0.00016099773,-0.00062960014,-0.00045209564,0.0001288196,-0.0007605031,-0.00019486062,0.00021975301,3.3695484e-05
RPS18,-0.00039693154,-0.00044013,-0.00031734258,0.00024150405,0.00018814951,-0.0003308747,6.2491745e-05,2.8062263e-05
RAB27B,0.0005593244,0.0009848513,0.00096908584,-0.00022167526,0.003984101,0.00019179936,-0.00062054116,-4.6187197e-05
PHOSPHO1,2.4534762e-05,-0.00019888207,-9.0729445e-05,1.2758188e-05,-0.00013577938,7.640384e-05,7.112138e-05,9.391573e-06
PARP8,0.000322368,-0.0001744423,0.0001436416,-0.0003049411,0.00082235783,0.00038888585,0.000103616156,-4.8609218e-06
HPRT1,0.00021692179,0.0003564097,0.00030409358,7.712748e-05,0.00031309575,-1.1278316e-05,-0.00028630067,-8.252449e-06
CCNH,0.00017923117,-1.1594966e-05,0.00019694865,-0.00016700104,-0.0004182309,0.00024116505,2.2705644e-06,-7.743249e-06
BCAS1,-0.0003031697,-9.744428e-05,1.2792647e-05,0.00018370338,0.00094557554,-0.00042244513,-0.00018124003,1.3559009e-05
TSPAN31,0.00018066727,9.135343e-05,0.00019248389,-0.00014862884,0.000101834536,0.00014589727,-3.9365143e-05,-8.7018125e-06
ZSCAN23,0.00045000762,0.00039062276,0.00074713863,-0.00045096036,0.0035981834,0.00022397935,-0.00030619744,-3.31162e-05
GATAD1,0.00015720911,-0.0004044827,-0.00019691698,-0.00011086278,7.008761e-05,0.00020748097,0.00021087006,1.4436082e-05
FAM189A1,0.00047794543,0.00012954511,0.00025536492,-0.00021974556,0.0019430071,0.00036804378,-5.819928e-05,-1.2453296e-05
ZMAT2,-9.215623e-05,-0.00023404695,-0.00014154986,8.12253e-05,0.0001476407,-7.141661e-05,4.2459927e-05,1.5247497e-05
TM2D3,-4.843436e-05,-0.00020322576,-0.00013621338,0.0001071142,-0.00070063025,-6.5498054e-05,2.4550594e-05,1.5629921e-05
NDUFAF4,-0.00034854002,-0.00022295117,-0.00016664341,0.0001546042,-0.0024683177,-0.00021700747,4.2104162e-05,1.8195366e-05
DBNDD2,2.2089109e-05,0.00018011965,0.00017253123,4.4048764e-05,-0.00062324107,-7.484108e-06,-0.00014327001,-2.9321527e-06
RCVRN,-0.00020379387,-0.00043365918,-0.000311587,0.00011473708,-0.0012513027,-0.000113456044,0.00016041007,2.3672823e-05
RANBP1,-0.00013815425,-0.000522431,-0.00038840808,0.000131445,-0.00017783791,-9.8017044e-05,0.00019239262,2.8293347e-05
DCAF12L1,-1.0639429e-05,-7.239543e-05,3.3536926e-05,1.985766e-05,0.0002566129,-3.9084814e-05,-4.3486245e-05,4.9581286e-06
MESP1,0.0003230404,0.000319995,0.00043634884,-0.00014044065,0.0017729327,0.00014769658,-0.00023673568,-1.8818304e-05
TNFRSF10D,4.5459718e-05,-0.00014770217,-6.996468e-05,6.1985105e-05,2.4177134e-05,5.941093e-05,2.1534972e-05,8.204137e-06
HHLA2,-3.9717183e-05,-0.00033053942,-0.0001959838,2.6929192e-05,-0.00036100298,4.8310496e-05,0.0001352895,1.581246e-05
DUS4L,0.00038736686,0.0002561044,0.0005388241,-0.00030281488,0.0017222762,0.00019755121,-0.00022322591,-2.1936488e-05
ESD,-0.00010961108,-0.00028647855,-9.829737e-05,1.6113743e-05,0.0012815073,-0.00010205433,4.0302984e-05,1.3472512e-05
SIGLEC5,-0.00014487654,-0.00044595636,-0.00028422847,5.139038e-05,-0.000724636,-1.7713755e-06,0.0001902543,2.1217158e-05
MLYCD,7.612817e-05,1.7818063e-05,0.00024176203,-0.00015385728,0.00082922727,3.110431e-05,-9.019673e-05,-6.635906e-06
RPS20,-0.00033874437,-0.0007382408,-0.00058432855,0.00019832514,-0.00063061714,-0.00012399023,0.0003120005,3.878586e-05
SIGMAR1,-0.00022895448,-0.0006003734,-0.00047953613,7.696636e-05,-0.0026746169,-5.2442774e-06,0.0003289692,3.1181728e-05
B3GNT3,-0.00016529672,-0.00039752387,-0.00029007904,0.0001048632,-0.0011433214,-5.497597e-05,0.00015697163,2.2141146e-05
ZNF19,0.00031976588,0.0004391726,0.0006706044,-0.0002300432,0.0034585744,5.638413e-05,-0.0003714906,-2.973422e-05
CDK1,-0.00045805424,-0.00093636103,-0.0007887408,0.00019707438,-0.0012928396,-0.00018417556,0.00044850912,4.925346e-05
OTULIN,0.000144938,0.00018018857,0.00033406354,-7.5991265e-05,0.0009081736,1.7210841e-05,-0.0001854701,-1.2484146e-05
NXF5,-0.00015160069,-0.00036355294,-0.00024509244,9.4503164e-05,-0.0010586977,-4.8248097e-05,0.0001334399,1.9584666e-05
PABPC5,0.00037662685,0.00047829747,0.000678109,-0.00031122006,0.00053447485,0.00026968122,-0.0002608737,-3.512553e-05
ATP5PB,-0.00013524666,-0.00015005656,-9.162165e-05,0.00012845732,-7.741153e-06,-9.416789e-05,-1.3303012e-05,1.2641656e-05
MTNR1A,-0.00021708943,-0.00048895366,-0.00036055222,0.00012257323,-0.0011222437,-8.885935e-05,0.00019481964,2.6362599e-05
C1orf198,0.00013463572,-0.00012231432,3.420189e-05,-4.5548193e-05,0.0008771494,4.1213818e-05,-1.4522113e-05,4.169182e-06
ZNF253,5.770102e-05,-0.00011170469,8.575618e-06,-3.5481527e-05,-0.0008961931,0.00013417564,4.7500245e-05,3.9108563e-06
PPP1R3G,-0.000651313,-0.0011124853,-0.0010593608,0.000365288,-0.004270345,-0.0002272753,0.000575182,6.4279535e-05
F3,-7.420592e-05,-5.3878874e-05,-0.0002040267,0.00023139827,-0.0017713159,-5.7683326e-05,9.449199e-06,1.5853322e-05
ANKDD1B,-6.633997e-05,-0.00033516437,-0.0002481211,7.845834e-05,-0.00077334046,-4.385598e-06,0.00013138447,1.952902e-05
TMEM56,-0.00021708943,-0.00048895366,-0.00036055222,0.00012257323,-0.0011222437,-8.885935e-05,0.00019481964,2.6362599e-05
OAZ1,-9.455718e-05,-0.00031896122,-0.00017090514,6.6800974e-05,0.00040706247,-4.320126e-05,8.1025064e-05,1.6387203e-05
EIF3B,-8.473918e-05,-8.5327774e-05,-3.668107e-05,0.00010644086,0.0016957223,-0.00021430477,-0.00010725204,1.27196545e-05
SLAMF8,-7.833913e-05,-0.00029573776,-0.00016458891,5.9739687e-05,-0.00042457134,-3.9219856e-05,8.744281e-05,1.5181024e-05
SLC38A11,0.00016598776,-2.0058826e-05,0.00013491698,-0.00011539459,0.0002740398,0.00016177818,-1.9057654e-05,-1.8263236e-06
RAPGEF3,-0.00012451783,-0.00030823238,-0.00023148581,0.0001457138,0.00026813895,-0.00019731419,3.795419e-05,2.2232533e-05
ZNF680,0.00021119788,0.0005667042,0.0006596409,-0.00012527872,0.0020332783,3.7198886e-05,-0.00041962508,-2.7868198e-05
SIM1,0.00042158924,0.0003665313,0.00041717477,-0.00018370897,-7.458031e-06,0.00029334985,-0.00018039066,-1.8755323e-05
SOWAHA,-7.0653856e-05,-0.0002172906,-0.00017473102,9.111408e-05,-0.00082840025,1.4288351e-05,8.435082e-05,1.4365651e-05
AZU1,6.015785e-05,-0.00023869984,-0.00018076599,-2.506096e-05,-0.0002381131,0.00016125664,0.00015254319,1.2131641e-05
SRSF9,0.0001777038,-6.4428896e-05,-3.8716942e-05,-6.272737e-05,-0.00020126998,0.00028644037,9.287428e-05,3.6668498e-06
TTC9,7.753819e-05,0.00022873096,0.00023361109,3.2745302e-06,0.0011623874,-4.008226e-05,-0.00020145718,-5.050795e-06
AMIGO2,0.0005028546,0.00087046064,0.00094041415,-0.00026638433,0.0023946613,0.0001322953,-0.00055441353,-4.376471e-05
PUSL1,0.00025487132,0.00032166578,0.00038614124,-0.000101404265,0.00013388693,0.00013862737,-0.00020875316,-1.5830854e-05
JAZF1,9.303726e-05,0.0002085045,0.00030373968,-4.679244e-05,0.0023398772,1.4098361e-05,-0.00020925608,-9.983894e-06
TADA1,-0.00014638342,-6.453879e-05,-3.0387193e-05,0.0001322534,-0.0010401234,-0.000106217805,-3.5769306e-05,7.880037e-06
NDUFV2,-4.3902546e-06,-0.00014648214,-2.5255606e-05,6.0148537e-05,0.00034877658,-8.707866e-05,-3.6380254e-05,1.0094256e-05
CRTAM,-0.00014592707,-0.00020126812,-0.00012694858,0.00013163872,-0.00059735775,-0.00015517697,-4.786998e-07,1.5483238e-05
MCL1,-0.00041500665,-0.0007346291,-0.000644844,0.00024611223,-0.0014653578,-0.00015809434,0.0003261268,4.2408123e-05
FAM166A,0.00030322373,0.00013267621,0.00035451725,-0.00026776176,0.0011162609,0.00029047206,-7.709954e-05,-1.5912112e-05
INTS13,5.9140846e-05,0.00025012717,0.00025162287,8.102693e-05,-0.0003267005,-0.00014235359,-0.00024965312,-5.0015515e-06
ZNF610,0.00045098178,0.0005906746,0.00066789053,-0.00025693234,0.0009058267,0.0002935063,-0.0003222013,-3.2336917e-05
MYL4,-7.669814e-05,-0.00043732673,-0.0002129525,-6.6617504e-05,-5.8174133e-05,0.0001769932,0.00023471098,1.4712685e-05
GLYATL3,-0.00021708943,-0.00048895366,-0.00036055222,0.00012257323,-0.0011222437,-8.885935e-05,0.00019481964,2.6362599e-05
TRAF1,6.21099e-05,-0.00015724823,3.49544e-05,-9.1538765e-05,0.00048080087,7.837266e-05,3.3168122e-05,3.3279648e-06
BRICD5,0.00020786934,-0.00027437508,-3.3654273e-05,-0.00016935542,0.00028936565,0.00026697945,0.0001611067,3.1576492e-06
LIPT1,-0.00011221692,-0.00019931793,9.730458e-05,-7.069297e-05,0.00041235983,-8.039456e-05,-1.578033e-05,3.097346e-06
RBM42,-2.5799498e-05,-0.0002549179,-0.000119699165,3.508851e-05,-0.00024978817,-3.5329722e-05,6.324332e-05,1.3363431e-05
PDE1B,0.00040827878,0.00044534728,0.00060118735,-0.00018645823,0.0021551996,0.00017701183,-0.0003287783,-2.6312075e-05
RHOG,-0.00011667423,-0.00050789304,-0.00047250465,9.7989105e-05,-0.0023092702,0.000121241435,0.0003288947,2.71498e-05
ZCWPW2,-0.00018173456,-0.00017119944,-0.00010275468,0.00012822263,-0.0001232326,-0.00015774276,-1.737196e-05,1.4448655e-05
SSR3,-0.00022603385,-0.00037742034,-0.00042436458,0.000233436,-0.002049081,-7.289369e-05,0.00017737504,2.9418501e-05
LPAR6,-5.7654455e-05,-0.00039691105,-0.00020679086,-2.3528002e-05,0.00095599145,1.3658777e-05,0.00015486497,1.7130747e-05
FAM71A,-5.3513795e-06,9.90741e-06,0.00010487251,2.9599294e-05,-0.0002829209,-1.0596588e-05,-8.0420636e-05,3.1339005e-07
KRBA2,0.00038862973,0.00025671907,0.00063842535,-0.00033864006,0.0036060289,0.00014236383,-0.00029377174,-2.6091933e-05
ZDHHC24,7.8110024e-05,-3.3654273e-05,0.00010460988,6.7604706e-06,-0.0007178709,-4.3936074e-05,-7.7674165e-05,7.688068e-07
MYL3,5.136244e-05,-8.7173656e-05,6.79791e-05,-2.4762005e-05,-0.00021808594,1.790654e-05,-2.4368986e-05,2.0563602e-06
ZNF639,0.00036930665,7.4286014e-05,0.00032799318,-0.00025735516,0.001757063,0.00026545674,-8.1588514e-05,-1.3751793e-05
FBXL14,9.1385096e-05,6.034039e-05,0.00010227226,5.1845796e-05,6.4365566e-05,-4.935637e-05,-0.00012543146,1.9118888e-06
IFNAR2,0.00016693398,4.7557056e-05,0.00026109628,-0.00013873726,0.001393415,0.00014817715,-0.000101567246,-8.7079825e-06
MPIG6B,9.520352e-05,-9.315088e-06,0.00022190623,-8.3757564e-05,0.0019932315,-5.2822754e-05,-0.00014245417,-2.5716145e-06
TNFRSF13B,-0.00016557053,-0.00045809895,-0.00031601824,9.1784634e-05,-0.0006642714,-6.0730614e-05,0.00017698389,2.3827772e-05
STRA8,-0.00019018538,-0.0004727561,-0.0003373269,0.000106537715,-0.00088615716,-7.411279e-05,0.00018555485,2.5036396e-05
TMUB2,0.00017859973,7.8188255e-05,0.00026278757,-0.000119057484,0.0011117607,3.6914833e-05,-0.00013578031,-6.968854e-06
TMEM9,-7.729046e-05,-0.00029025972,-0.00016571023,8.257851e-05,4.4927e-05,-0.00012664823,3.9077364e-05,1.8856255e-05
TMX1,-8.39252e-05,-0.0002044402,-8.683279e-05,4.5162626e-05,0.00016670674,-4.5818277e-05,3.368873e-05,1.0967837e-05
SYNGR1,2.8615817e-05,-0.00023147091,-8.442439e-05,4.0397048e-05,-0.00047963858,-1.7101876e-05,3.070105e-05,1.2443867e-05
TTLL2,-0.0001193136,-0.00027288496,-0.00014469586,9.2644244e-05,-0.00050691515,-8.9271925e-05,5.3740107e-05,1.5220372e-05
ZIK1,8.271262e-05,-0.00012781098,-4.4740736e-06,-7.213652e-05,-8.126348e-05,0.00018597953,6.21127e-05,4.3420587e-06
EPC2,0.00022977963,-4.7504902e-05,0.00031458773,-0.0002666274,0.0027247295,9.8347664e-05,-8.486491e-05,-1.0332209e-05
SLC25A52,-0.0002955608,-0.0006419383,-0.0005080905,0.00016699545,-0.0016612634,-0.00013100263,0.00027401093,3.47225e-05
MACROD1,0.00027642585,0.0004084222,0.00048791803,-0.000119994394,0.0023364648,7.7456236e-05,-0.00030944962,-1.9663828e-05
C2CD4A,-6.1078e-05,-0.0002001822,-0.00012355112,4.5154244e-05,-0.00023836643,1.3064593e-05,6.651692e-05,1.2046075e-05
CFAP97,4.3993816e-05,1.6508624e-05,-4.52064e-06,6.998796e-05,-0.0008684322,8.0822036e-05,-2.9151328e-05,6.413902e-06
EEF1AKMT2,-0.00011518784,0.00012527779,-7.6927245e-07,0.00015572831,-0.00022686273,-9.702239e-05,-0.00010488648,5.946262e-06
TUBGCP6,0.00032497942,0.00019900315,0.0003800895,-0.00021120161,0.0025546923,0.00017907657,-0.00017385092,-1.4811056e-05
BRIX1,0.00015741214,0.00013778917,0.00018982217,-4.8163347e-05,0.00067264587,0.00011628773,-0.00010376889,-6.116228e-06
IDO1,-1.0523945e-05,-4.656054e-05,6.292574e-05,6.824639e-05,0.0015289932,-0.00016222335,-0.00013329554,6.4518536e-06
LMO1,0.00031230226,0.0006841533,0.00085022673,-0.0001529362,0.0018455088,-5.9725717e-05,-0.0005639633,-3.323506e-05
APOL1,-9.101257e-05,-0.00030759536,-8.518249e-05,-6.846525e-05,-0.00022763014,8.315779e-06,0.00011121482,1.0754098e-05
USF3,-4.015863e-06,-0.00012655184,-2.1792948e-06,-3.303401e-05,0.00019001961,5.639624e-05,3.5149045e-05,5.149166e-06
NTSR2,-0.00021594577,-0.0006310474,-0.00047283247,0.00011647586,-0.0009932816,-6.7716464e-05,0.00027828477,3.199221e-05
CAV2,0.0002446901,0.00036285818,0.00038530305,-7.63908e-05,0.0023272336,0.00010050088,-0.00027176086,-1.4105113e-05
TNFSF15,0.0002267398,-9.954348e-05,0.00016247667,-0.0002221223,0.0008918941,0.00022468902,2.3245811e-05,-4.16534e-06
RNF126,0.00010368787,-0.00015109032,0.00018199906,-0.00019469578,0.00018975884,2.3318455e-05,-9.43616e-06,-2.8981594e-06
DRD4,-8.568168e-05,-0.00019787997,-0.00016990304,9.143446e-05,-0.001975134,5.5141747e-05,0.00010748487,1.235411e-05
RCAN2,0.00033975393,-0.00034652092,0.00015320256,-0.00033705775,-0.0012496188,0.0003252346,0.00016770884,-5.493057e-06
FBXO11,-0.00038866885,-0.00095822476,-0.0008241404,0.00023685396,-0.0021404326,-5.6128018e-05,0.0004785126,5.1802606e-05
ELOVL7,1.6933307e-05,-0.00022606179,-4.5400113e-05,1.511164e-05,0.0011827126,-4.8057176e-05,2.026558e-06,1.0088552e-05
ENOPH1,4.6752393e-05,-0.00012666546,2.1737069e-05,-6.710645e-05,-0.00029353052,9.993464e-05,3.9261766e-05,3.8425205e-06
RNF149,-0.00030376203,-0.00031150877,-0.00017169304,0.00014760811,0.00059248507,-0.0002650437,4.8289075e-06,2.0876294e-05
PCGF1,0.00024830736,0.0002781283,0.00037047453,-8.0730766e-05,0.00065086037,0.00011758506,-0.00021026935,-1.4522579e-05
LBP,-0.00021708943,-0.00048895366,-0.00036055222,0.00012257323,-0.0011222437,-8.885935e-05,0.00019481964,2.6362599e-05
GGCT,-3.28701e-05,-0.000277685,-0.00028724596,9.1272406e-05,-0.0022342503,0.00010470301,0.00018771831,1.8505147e-05
AIDA,0.00034873933,0.00015949085,0.0004260242,-0.00026397966,0.0017810091,0.00017446373,-0.00015876722,-1.7340295e-05
GPS2,-0.00022916868,-0.0003089849,-9.3961135e-05,3.7713908e-05,0.00020896643,-0.00024116319,1.8959865e-05,1.5797676e-05
THAP10,9.345077e-05,3.765337e-05,0.00012486428,-7.957686e-05,-0.0010773465,8.606445e-05,-2.9609539e-05,-2.2344757e-06
POU6F2,7.640757e-05,-0.0002452936,-7.36434e-05,-1.6476959e-05,0.001633428,2.0992942e-05,4.320685e-05,1.0848511e-05
MYOZ1,-0.00023600459,-0.00040419959,-0.0002928283,0.00017027836,-0.0006304309,-0.00021635741,9.249244e-05,2.5201589e-05
METTL6,0.00030938163,0.00017858855,0.0003554877,-0.00017513521,0.0016465783,0.00021805987,-0.00013716426,-1.647917e-05
GPR25,-0.00021708943,-0.00048895366,-0.00036055222,0.00012257323,-0.0011222437,-8.885935e-05,0.00019481964,2.6362599e-05
RPS14,9.4391406e-05,-3.1063333e-05,6.106123e-05,6.7343935e-06,0.001047872,4.7288835e-05,-5.655829e-05,2.6579946e-06
IRAK1BP1,0.00033724122,0.00045687892,0.0006326884,-0.00023846794,0.0034643859,6.084889e-05,-0.0003812192,-2.4173758e-05
GRPR,-0.00022470951,-0.00052246265,-0.00039946474,0.0001279097,-0.0013447106,-7.692911e-05,0.0002233414,2.8103124e-05
RPTOR,0.00019506738,0.00011558272,4.4537708e-05,9.2851e-05,1.3306737e-05,7.41696e-05,-9.693857e-05,2.5390182e-06
CSF1,0.00019044802,-7.6258555e-05,0.000114874914,-0.00016277563,0.0010106862,0.00019760244,1.8751249e-05,-1.7798739e-06
APH1B,0.00021576881,0.0001410488,0.00018995814,-0.0001484789,0.0016279668,0.0002498962,-4.9350783e-05,-7.976661e-06
GSTZ1,0.00011593476,-9.1904774e-05,-7.635169e-05,-1.3867393e-05,-0.0010584518,0.00014791358,8.946378e-05,5.1315874e-06
CCR5,-0.00021708943,-0.00048895366,-0.00036055222,0.00012257323,-0.0011222437,-8.885935e-05,0.00019481964,2.6362599e-05
APOA1,0.0001207944,-0.00021873601,-0.00012034364,4.5584515e-05,-0.0002360493,5.6589022e-05,5.473662e-05,1.20996265e-05
NOL7,-0.00015753135,-0.00020131469,-7.484853e-05,6.8116e-05,-0.00030273944,-0.00011024717,8.52067e-06,1.2215809e-05
PTGDR,-0.00016878545,-0.00043851696,-0.0003084261,9.7601674e-05,-0.0007917732,-5.936995e-05,0.00017104112,2.314581e-05
CXCR5,-7.7497214e-05,-0.0002417434,-0.00015271455,7.0708804e-05,-0.0007787645,-1.3548881e-05,7.870328e-05,1.4020712e-05
FSTL3,0.000334654,0.00011694804,0.0003100559,-0.00016626157,0.0013162345,0.00022676401,-0.000121065415,-1.18417665e-05
NCS1,-0.00047973357,-0.0009279121,-0.00075000525,0.00024648104,-0.001047872,-0.00029926375,0.00037801918,5.1681884e-05
LDLRAD4,0.00021182373,0.00018212199,0.00032198802,-0.00014091842,0.0006251931,0.00011935923,-0.00013667066,-1.3305806e-05
AIMP1,4.5696273e-05,6.8681315e-05,9.3201175e-05,6.3808635e-05,-0.0011900663,-9.138137e-06,-9.038765e-05,1.1629891e-06
SULT1E1,-0.0006271638,-0.0004137084,-0.00044542179,0.0004288666,-0.0026258528,-0.0004552002,7.248856e-05,3.5241712e-05
MTFR1L,-6.534904e-05,-0.0001872778,-8.382462e-05,8.479413e-05,0.0004312992,-0.00013104826,-2.3597851e-05,1.4449586e-05
SCAMP4,-0.0003531035,-0.00037784688,-0.00037874654,0.00021156296,-0.0022412688,-0.00018321443,0.00015643984,2.7496484e-05
PDAP1,-8.929521e-05,-0.000494631,-0.0003202539,4.394166e-05,0.00034812093,-4.8499554e-05,0.00018931832,2.429192e-05
KHDC1,-9.250082e-05,4.243478e-05,7.955171e-05,8.021947e-05,-0.0003747195,-8.338317e-05,-8.281693e-05,-1.0204967e-06
UBE2T,-0.0002337005,-0.00019559078,-0.000121043995,8.819718e-05,-0.0011803657,-0.00010726182,4.3681823e-05,1.4402438e-05
STX4,0.000175111,-2.9275194e-05,7.0631504e-05,-8.9144334e-05,-0.0001091212,0.00017632078,1.321733e-05,4.796311e-07
CASP1,-0.000246685,-0.0005433932,-0.000586519,0.000285862,-0.0024162307,-0.00016875984,0.00024907477,3.8441853e-05
TSPAN8,-0.00015971437,-0.00045192055,-0.00030736998,8.5884705e-05,-0.0008010864,-4.4796616e-05,0.0001796959,2.301461e-05
TACSTD2,-0.00014294684,-0.00038894452,-0.00022675842,4.584901e-05,0.00025562197,-3.887806e-05,0.0001359079,1.8354389e-05
CCND2,-0.00042337552,-0.0006816499,-0.00048603117,0.00017621182,-0.00083907694,-0.0002798275,0.00023346674,3.6308425e-05
IQCG,0.00016189553,0.00014630705,0.00038928166,-0.00016208366,0.0031059682,-6.0103834e-05,-0.00023865979,-1.2105447e-05
UPF2,4.1041523e-05,-7.7780336e-05,9.698793e-05,-2.9495917e-05,0.0022896752,-5.852431e-05,-9.403285e-05,3.5727862e-06
RPUSD3,-0.00021445006,-0.00016087852,1.3209879e-05,0.00013511907,-0.0011027679,-0.00034037698,-0.00010518078,1.1442229e-05
FCER2,-0.00014692917,-0.00035655499,-0.00020609982,6.7533925e-05,-0.00071603805,-6.265659e-05,0.000116601586,1.7919345e-05
SULT6B1,-0.00025554,-0.00053305924,-0.00041459128,0.00014695246,-0.0013780594,-0.00010826718,0.00022025034,2.9355171e-05
SLC35B3,0.00012843311,0.00024755113,0.0003050901,-5.1520765e-06,8.697808e-05,8.829869e-06,-0.00021721702,-9.039999e-06
CATIP,-0.00011254102,-0.0005595628,-0.0003744159,-6.758608e-06,-0.0015271008,0.00012464449,0.00032484345,2.2304943e-05
SIRT4,-0.00029738992,-8.609332e-05,-0.00010444783,0.00024654903,-3.926456e-05,-0.0003856863,-0.00012659933,1.801434e-05
ZNF177,0.0005161986,0.00028409623,0.00046177022,-0.00024122279,-0.0009616837,0.00036141835,-0.0001384439,-2.3798551e-05
RBMX2,-0.00020226277,-0.00051384047,-0.0003919769,0.00016379915,-0.0006695986,-0.0001771655,0.00016911794,2.9711286e-05
YIF1A,-3.650412e-05,-0.0001195278,-6.556697e-05,2.297666e-05,-0.00041609257,5.9669837e-06,2.2817403e-05,1.0606484e-05
BPIFB6,-0.00021708943,-0.00048895366,-0.00036055222,0.00012257323,-0.0011222437,-8.885935e-05,0.00019481964,2.6362599e-05
SDCBP2,-0.00015841052,-0.00050365925,-0.00033195876,4.8443675e-05,-0.00071793795,-1.1483207e-06,0.00022722967,2.338551e-05
MPZL3,-0.00012634508,2.370961e-05,7.7717006e-05,8.75853e-05,-0.0010360703,-0.00012098858,-0.00010285247,3.5086414e-06
CD207,-0.00021708943,-0.00048895366,-0.00036055222,0.00012257323,-0.0011222437,-8.885935e-05,0.00019481964,2.6362599e-05
DNAJC4,-5.294569e-05,-5.2366406e-05,8.769333e-06,4.6902336e-05,0.00018887222,-8.854922e-05,-6.4695254e-05,8.77562e-06
SETDB2,0.00030824542,0.0003637951,0.00036425889,-4.515238e-05,0.00017750263,0.00011704024,-0.00023525301,-1.4608144e-05
TOMM40L,-1.1749566e-05,8.930266e-05,0.00023672916,-3.8147904e-05,0.0014903173,-7.010624e-05,-0.00017562229,-3.2256357e-06
NRP1,0.0001135394,-5.3515658e-05,4.1494146e-05,-8.1426464e-05,0.00036811084,0.00026158895,6.1591156e-05,-2.5009504e-06
ZNF891,0.0006710831,0.0003896989,0.0005905535,-0.00040388666,0.0038694814,0.0005472861,-0.00018121395,-3.226509e-05
LILRA1,-0.00020377338,-0.00043539517,-0.00032294355,0.00014409982,-0.00095047057,-0.00013583712,0.0001467038,2.4952926e-05
S1PR3,-0.00087961555,-0.0011935085,-0.000942925,0.00040320307,-0.0033760145,-0.0006557172,0.00041661225,6.900565e-05
HSD17B11,7.74879e-05,0.00020150281,0.00028947182,-1.6755424e-05,0.0012671426,-3.0747615e-05,-0.00022017304,-7.3092524e-06
NT5DC1,-0.00016246736,-0.00028095394,-0.00026130676,0.00016627833,-0.0024270937,-9.847246e-05,9.995699e-05,2.1008193e-05
RPL7L1,-0.00017065555,-0.00010865368,9.6412376e-05,2.313219e-05,0.001872085,-0.00023487257,-0.000119530596,5.2042305e-06
SSSCA1,-0.00021708943,-0.00048895366,-0.00036055222,0.00012257323,-0.0011222437,-8.885935e-05,0.00019481964,2.6362599e-05
CGAS,-9.204075e-05,-0.00020911545,-0.00013275445,0.00012081768,-0.00063307583,-9.196624e-05,2.058316e-05,1.4932826e-05
SUPT7L,0.00018542632,8.876994e-05,0.00025129318,-0.00011558831,7.094443e-05,0.000112163834,-0.000111325644,-7.128343e-06
MRPL20,-0.00014533103,-0.00035482273,-0.00024642982,6.395392e-05,-0.00041864067,-1.4120713e-05,0.0001449408,1.9579893e-05
B3GALT6,-0.00026160665,-0.00057422,-0.00049478933,0.00018824637,-0.0019356087,-0.00012679212,0.00026079733,3.2978714e-05
RAB12,-0.00024931692,-0.00051025674,-0.00041362457,0.00017636362,-0.0006740764,-0.00021174317,0.00016719848,3.1602336e-05
PRKAB1,-5.3793192e-05,-0.0002904851,5.439855e-05,-0.00010576099,0.0025048032,-0.0001339335,-1.761131e-05,7.503084e-06
DTD1,2.4000183e-05,-0.00026759878,-8.738786e-05,-3.2408163e-05,-0.00024027377,7.4286945e-05,0.00010379776,9.933836e-06
SNCG,-0.00023707002,-0.000119846314,-8.646026e-05,0.00019690208,0.0047978386,-0.0004506777,-0.00016730186,1.8811435e-05
MCHR1,3.6129728e-05,-0.000153495,3.763847e-05,-6.688107e-05,0.00039115548,7.096585e-05,2.6643276e-05,2.769637e-06
KERA,-0.00020020083,-0.00047482736,-0.0003417395,0.00011267234,-0.00096369535,-8.1167556e-05,0.00018566381,2.534897e-05
PDCD10,7.16839e-05,7.202849e-05,0.00011856109,-3.543403e-05,0.0006145388,7.711537e-05,-7.960573e-05,-1.8393621e-07
IL22RA2,-0.00021351501,-0.0004910361,-0.00036090985,0.00011998322,-0.0010451749,-8.8229775e-05,0.00019525737,2.6401249e-05
CACNG1,-0.00035919435,-0.00046301633,-0.0003809277,0.00024573784,-0.0010253415,-0.00030986685,0.00010970514,3.0652853e-05
CAPZA1,-0.00039752014,-0.00079473853,-0.0006587226,0.00018136855,-0.0012962893,-0.000126075,0.0003703814,4.3847947e-05
MRPS18B,-0.00020390935,-0.00031008385,-0.00018945336,0.00013833586,-0.0007486865,-0.00019072415,4.5224093e-05,1.9462314e-05
OXNAD1,0.00028287247,0.0002809167,0.00046435557,-0.00015522633,0.00210917,8.726586e-05,-0.00024249684,-2.0710286e-05
CD8A,-1.1418015e-05,7.661618e-05,0.00015060417,5.2927993e-05,0.0008480847,-0.00015478488,-0.0001686113,6.451737e-07
CCDC127,-6.058626e-05,9.301491e-05,0.00013922714,8.453615e-05,0.00045321137,-0.0001976667,-0.00018505286,2.3420434e-06
LIPJ,-5.7969242e-05,-0.00034717098,-0.00021275319,4.3562613e-05,-0.00063723326,2.6395544e-05,0.0001396928,1.7182087e-05
CMPK1,-0.0003588535,-0.000773428,-0.0006643962,0.00017555058,-0.0018093735,-0.00010467786,0.00038212072,4.364818e-05
ZNF485,0.00026626326,0.00046069175,0.00049541704,-0.00012105703,0.0006042123,0.00023234915,-0.0002604844,-2.3949193e-05
C1GALT1,0.00018177368,2.7788803e-05,0.00017320551,-3.3466145e-05,0.0013327003,1.3661571e-05,-0.00013103988,-1.1846423e-06
MRPS14,-0.00023170002,4.7661364e-05,7.7279285e-05,0.00015721284,-5.4471195e-05,-0.0002760808,-0.00017666351,7.0715323e-06
PTK7,-0.00041502342,0.00013890304,0.0002359841,0.00026960485,0.0015789419,-0.0007271245,-0.00043212902,6.6388166e-06
PSMA7,-0.00012147613,-0.00044996478,-0.00031910092,6.4568594e-05,-0.00031603873,8.86526e-06,0.00019950233,2.3231492e-05
YIPF2,-0.00028968975,-0.00036448054,-0.00025185198,0.0001739664,-0.0003708154,-0.00031316,4.7089532e-05,2.3719156e-05
FUT6,-3.1966716e-05,-0.00029922463,-7.703155e-05,-4.062988e-05,-0.00072827935,4.0599145e-05,9.6863136e-05,1.1018827e-05
TRH,-5.2480027e-05,-0.000112529844,3.461726e-05,-0.00010908581,-0.003583774,0.00014676712,0.000120170414,-5.3900294e-08
ZNF843,-6.730296e-05,-0.00030182488,-0.0001310017,1.1460856e-05,-0.0005134493,2.5043264e-06,9.6518546e-05,1.35871815e-05
RRP7A,4.6990812e-05,8.7130815e-05,0.00023606606,-1.1968426e-05,0.0003797859,-0.00010097213,-0.00018559117,-2.8421637e-06
LSM4,-0.00022557564,-0.00031295978,-0.00024440512,0.00015749037,-0.0005688146,-0.000207684,5.81434e-05,2.3332192e-05
SNAI1,0.00019312464,5.2582473e-06,0.00020074844,-0.00012649689,0.0015816614,7.5343996e-06,-0.00011129584,-2.3862813e-06
THAP6,0.00084199756,0.0007793661,0.00090960227,-0.00041496195,0.0023920387,0.0005179206,-0.00040289108,-4.8087793e-05
MOGAT1,-9.576976e-05,-0.00015986152,3.8443133e-05,-2.3147091e-05,0.00015149266,-0.00013864273,-3.014505e-05,6.00412e-06
FAM76A,1.0987744e-05,-0.00022138283,-0.00014315732,4.1685067e-05,-0.0013061762,5.5907294e-06,8.708425e-05,1.2720819e-05
RNF114,-7.1533024e-05,-3.577955e-05,-3.620237e-05,0.00014989823,-0.000841707,-0.00012107659,-7.033162e-05,9.83139e-06
ZNF677,1.1727214e-05,3.4788623e-05,5.5216253e-05,0.00014410727,-0.00082206726,-0.00012520375,-0.00013277214,5.3165713e-06
ZNF600,3.9959326e-05,1.0685995e-05,2.8956681e-05,5.1061623e-05,-0.0011941195,3.0734576e-05,-4.1090883e-05,4.3212203e-06
OLR1,-0.00015536323,-0.0006350931,-0.00045731105,1.0771677e-05,-0.00053332746,0.00022002123,0.000380164,2.6486465e-05
P2RY6,-0.00018390827,-0.0006341245,-0.0004853811,9.2320144e-05,-0.001361303,1.6425736e-05,0.00031382404,3.15567e-05
ZBTB43,-0.0002642069,-0.00050326996,-0.00039687566,0.0001451904,-0.0022070855,-5.143881e-05,0.00022962596,2.7728616e-05
SSB,-8.9081004e-05,-0.00023106486,-1.825206e-05,-5.6140125e-06,0.0009706989,-7.909536e-05,5.5106357e-06,8.984003e-06
GPR6,0.00021245144,0.00016340986,0.0002841726,-0.00010435656,0.0008267611,0.00012340024,-0.00014275592,-9.940937e-06
ANHX,-0.00021162629,-0.0004865732,-0.00035703555,0.000119164586,-0.001081422,-8.5116364e-05,0.00019404199,2.6134308e-05
MFSD12,-2.628006e-05,8.7264925e-05,0.00011641532,6.271899e-05,0.00086467713,-9.690784e-05,-0.00014796015,1.3111858e-06
GLI4,6.819889e-05,3.2521784e-05,0.00011233054,-3.4903176e-05,-0.00021459162,4.1796826e-05,-5.844049e-05,-3.4668483e-07
PAPSS2,7.503852e-05,-0.00011873059,0.000104602426,-6.420445e-05,-0.00060111284,1.2028962e-05,-2.4204142e-05,1.7554266e-06
CLEC4M,-0.0002041161,-0.00047801435,-0.0003463179,0.000120748766,-0.0010323599,-9.152852e-05,0.00018365774,2.5724526e-05
ABHD13,-0.00012717396,-0.00014850684,-6.0986727e-05,0.00010003708,-0.0009869337,-0.00010616984,-6.7483634e-06,1.1292519e-05
ZNF630,0.00061660074,0.0006390922,0.0008331109,-0.00038257707,0.0038900524,0.00029556733,-0.00041044224,-4.0122308e-05
TAGLN3,-0.00017855689,-0.00046656653,-0.0003792271,0.00014516339,-0.00038409978,-5.1093288e-05,0.00019077957,2.7425936e-05
RIMS1,-1.2841076e-05,-0.0002515912,3.8614497e-05,-9.527616e-05,-0.00029988587,4.6231784e-05,4.7128648e-05,5.9439335e-06
UCHL1,-0.0005024038,-0.0011239853,-0.0009733103,0.0003060149,-0.0022607371,-0.00017803162,0.00054236036,6.0498365e-05
BIN3,0.000110670924,4.0499493e-05,0.000103812665,-5.6025572e-05,-0.001127094,0.00015426893,-1.4866702e-05,-1.4744e-06
SPATA2L,-0.00018283352,-0.00046557747,-0.00032390282,0.0001236666,-0.0021622255,-5.555153e-05,0.0001899302,2.3908913e-05
CNPY4,-0.0001111906,1.5268102e-05,8.776225e-05,4.5748428e-05,4.4725835e-05,-0.00019880338,-0.00010790769,2.0610169e-06
LGALS4,-5.5788085e-05,-0.00027782843,-0.00010167435,-1.468882e-05,0.0002891943,2.2742897e-05,8.285884e-05,1.165492e-05
SBK1,-0.0008276459,-0.0016797408,-0.0015502255,0.000485003,-0.004342936,-0.00030602003,0.0008576531,9.269267e-05
HVCN1,-0.00018283166,-0.000542365,-0.00039263442,0.00012443494,-0.0013784692,-0.00011886377,0.00021929387,2.80292e-05
SMC3,-0.0002721604,-0.0005178135,-0.00029681064,0.00012032874,-4.6893954e-05,-0.00017719064,0.00013948325,2.5425688e-05
PDLIM4,-0.00041218475,-0.00041853637,-0.0005241912,0.00033228844,-0.0025556162,-0.00024295924,0.00018822588,3.4340657e-05
BORCS6,7.837266e-05,0.00039171427,0.00032794662,0.000112325884,0.0017066821,-0.00019676331,-0.00036957394,-6.523682e-06
GALR1,-1.886487e-05,-0.0005155634,-0.00015637651,-0.00014186278,0.00140398,1.4523044e-05,0.00018205214,1.4972989e-05
BAG1,0.00013277866,0.0002203174,0.00027397834,-1.7896295e-05,0.00046876073,5.412288e-05,-0.00018564519,-8.628704e-06
TMEM101,6.0070306e-06,0.00020107068,0.00030672923,-4.3534674e-05,0.00017720461,-6.277487e-05,-0.00019861106,-9.080861e-06
CLDN11,-7.359311e-05,-8.397177e-05,0.00010083988,5.376246e-05,0.0011277273,-0.00025524944,-0.00015260186,6.0877064e-06
CFAP77,-0.0001221355,-0.00030122884,-0.00014477223,3.0747615e-05,-0.00015548617,-8.1074424e-05,7.479917e-05,1.556566e-05
CEBPE,-0.00017127208,-0.00045963004,-0.00031768717,7.259473e-05,-0.0010247454,-6.363727e-06,0.00020603463,2.2706925e-05
A1BG,0.0001688376,0.00024461746,0.00036385283,-2.5861897e-05,0.001180686,-8.2772225e-05,-0.00029028114,-8.439645e-06
IGFBP6,6.807782e-05,6.217696e-05,0.00012030266,3.1199306e-07,0.00058461726,-1.5112571e-05,-0.000104383565,-6.9697853e-07
ZFP57,-0.00021057017,-0.00047403388,-0.00033971667,0.000112593174,-0.0010281131,-8.742232e-05,0.00018471759,2.53279e-05
TM6SF2,-0.00028079934,-0.00038310513,-0.00030587986,0.00019463524,-0.0012568831,-0.00022047106,9.5355324e-05,2.5841291e-05
C22orf23,0.00012410991,6.933324e-05,0.00023141131,-5.9998594e-05,0.00077828765,-4.8882328e-05,-0.00015664008,-4.555448e-06
HIST1H2AJ,-0.00021708943,-0.00048895366,-0.00036055222,0.00012257323,-0.0011222437,-8.885935e-05,0.00019481964,2.6362599e-05
UBE2S,-8.779392e-05,-0.00017908216,-0.00012721866,5.8243982e-05,-0.0019940436,5.7279132e-05,9.066239e-05,1.1976226e-05
VPS37C,0.0002252236,0.00018090941,0.0002723504,-9.1870315e-05,0.00028616935,8.96249e-05,-0.000147908,-9.5850555e-06
TEKT1,-0.00034554116,-0.00014836527,1.570955e-05,0.00017669797,-0.0015364662,-0.00039922027,-0.00011400413,9.904383e-06
EXOC3L2,-0.00021749176,-0.00053258054,-0.00047083944,0.0001878487,-0.0015216097,-0.00010026153,0.00022873562,3.2327953e-05
ZNF765,0.00020540133,0.00038316287,0.0004832931,-8.6828135e-05,0.00317958,-4.561059e-05,-0.00035275612,-1.6932376e-05
S1PR4,-0.00021776743,-0.0004885476,-0.00035718642,0.00012246054,-0.0010557622,-9.596627e-05,0.0001906585,2.6322436e-05
TMEM115,-4.045479e-05,0.00013106689,0.00014566071,6.9181435e-05,-0.0002597943,-0.00011812383,-0.00016521383,7.3143747e-07
SMNDC1,-0.00015330128,-0.00047054142,-0.000324687,9.589642e-05,0.0005248636,-0.00012221653,0.00015102327,2.6156311e-05
RAB1A,-0.00016088225,-0.0003230553,-0.00025879405,0.00010210741,-0.000370875,2.323091e-05,0.00013681315,2.0181295e-05
PCED1A,6.0357153e-05,-2.2016466e-06,0.00012088753,-5.8525242e-05,0.00022697449,8.353777e-05,-4.2485073e-05,-6.285263e-07
CCDC24,0.00017054193,0.00020815805,0.0002927296,-4.2861328e-05,0.0010473654,-9.1623515e-06,-0.00021379534,-8.2124025e-06
KLK4,-0.00021708943,-0.00048895366,-0.00036055222,0.00012257323,-0.0011222437,-8.885935e-05,0.00019481964,2.6362599e-05
SGTB,-0.0002205614,-0.00083518215,-0.00060174614,-6.761402e-07,-0.0011463016,0.00013191067,0.00046977587,3.5724952e-05
SNX20,2.69413e-05,-0.00022982992,-5.2478164e-05,-1.060497e-05,0.00040529668,7.5362623e-06,3.8958155e-05,9.426032e-06
SLC35E2B,-0.000494726,-0.0013200585,-0.0011617001,0.0002918383,-0.0032224506,-9.87947e-05,0.0007077139,6.800634e-05
NHLH2,-0.0003797952,-0.0009193551,-0.00083951466,0.00029463228,-0.0020582825,-0.00011429703,0.00043944828,5.3599477e-05
FKBP11,0.000770485,0.00085212477,0.0010218266,-0.0004412774,0.003637284,0.0004715724,-0.00048354175,-5.1978277e-05
SUSD5,-7.709302e-05,-0.00015915744,-0.00011295453,7.698219e-05,-0.0005930215,-5.3318217e-05,3.1971373e-05,1.17683085e-05
RHCE,3.5289675e-05,-0.00017170608,-2.0073727e-05,-2.5485642e-05,-0.00014805049,6.410759e-05,3.8505532e-05,7.0766546e-06
GPR50,-0.00020954013,-0.00049054064,-0.0003656689,0.00012512878,-0.0011626482,-8.633174e-05,0.00019623991,2.6609283e-05
WDR38,-8.445233e-05,-0.00028576143,-9.2474744e-05,1.643505e-05,-0.00039116293,-9.0306625e-05,5.116593e-05,1.313875e-05
LDLRAD1,-0.00013081916,-0.0003725402,-0.00025142357,7.212069e-05,-0.0003258437,-2.153311e-05,0.00014295895,1.9539846e-05
PAQR8,-0.00016427971,-0.00041955337,-0.00049483404,0.00028284453,-0.00337103,-0.000120804645,0.00019294582,3.3412245e-05
PHLDA1,-0.00080887973,-0.0014014095,-0.001356883,0.0005072504,-0.0066558346,-0.0002526152,0.00076495763,7.814856e-05
SYNDIG1,0.0003044512,0.00029119104,0.00043330155,-0.00017844979,0.00092677027,0.0001416048,-0.00020716805,-1.7526676e-05
GPR157,-0.00021708943,-0.00048895366,-0.00036055222,0.00012257323,-0.0011222437,-8.885935e-05,0.00019481964,2.6362599e-05
AKR1B1,-9.724498e-05,-0.00026822276,-0.00020722672,8.0898404e-05,-0.00079506636,9.695999e-06,0.000119860284,1.5910482e-05
MRPL47,-0.0003611222,-3.761798e-05,-6.5583736e-05,0.000270403,-0.0004857406,-0.00042652432,-0.000161984,1.6938662e-05
SYNPR,0.000515854,0.0006635934,0.000737017,-0.0001296075,0.0016883016,0.00011709053,-0.0004867362,-3.150187e-05
CA2,-0.0006231796,-0.00068645924,-0.000663735,0.00041471142,-0.0034170747,-0.0003990028,0.00023121666,4.7348556e-05
HAUS4,-2.5220215e-06,-0.00038215518,-0.00012691319,-6.4337626e-05,-0.0002156496,4.5423396e-05,0.00014508516,1.23037025e-05
OXCT2,0.0001926329,0.00013898686,0.000331223,-0.00013864785,0.0006721318,8.4341504e-05,-0.00015434716,-1.1440949e-05
UBE2K,-0.00055546686,-0.00095465966,-0.0008655898,0.0003285855,-0.0040928647,-0.00016620103,0.00047770422,5.3683063e-05
ZC4H2,2.9446557e-05,0.00013549812,0.00012226403,8.368865e-05,-0.0003465265,-3.522169e-05,-0.0001438437,6.5693166e-07
PMF1,-0.00010550022,-0.00024028495,-0.00022736192,0.0001615379,-0.0009463504,-0.00013068411,4.9733557e-05,2.0357314e-05
RWDD2B,0.00039792433,0.0005932618,0.0006855354,-0.00019624643,0.0019681677,0.00015286915,-0.0003925925,-3.1292555e-05
PYGO2,0.00015131384,4.950911e-06,0.00016758218,-7.929746e-05,-0.0005897656,5.9776008e-05,-7.651001e-05,-1.7951243e-06
CDCP2,-0.00021708943,-0.00048895366,-0.00036055222,0.00012257323,-0.0011222437,-8.885935e-05,0.00019481964,2.6362599e-05
ELK3,3.3866614e-05,-0.00027182698,-0.0002917815,0.00013102405,-0.001801841,6.8111345e-05,0.00014410913,1.9691652e-05
NUDT18,1.9036233e-05,2.4249777e-05,5.093217e-05,8.896645e-05,-0.00076361746,-4.098285e-05,-8.6138956e-05,3.930065e-06
ARC,-3.3015385e-05,3.034249e-06,-1.0538846e-05,0.000103917904,-0.0016677454,-9.134505e-05,-6.8836845e-05,8.783652e-06
RASSF6,-2.7816743e-05,-0.00019226037,-7.337518e-05,4.2168424e-05,-7.431954e-05,-4.5407563e-05,1.7665327e-05,1.107424e-05
TMEM255A,-2.5156885e-05,-0.0002515372,5.9681013e-05,-7.6526776e-05,0.0032675788,-0.00019725412,-7.5202435e-05,1.0041287e-05
UBE3D,0.0003773868,0.00024076365,0.00049885176,-0.0003433032,0.0016937405,0.00030212384,-0.00014454778,-2.3278524e-05
LIX1,-0.00040272996,-0.00034970418,-0.00030880235,0.0002938183,-0.0002097264,-0.000336383,3.050454e-05,2.4915556e-05
VPS25,-0.0001227688,-0.0002328977,-0.000154512,0.00011653174,-0.00063631684,-0.00011155661,3.977213e-05,1.561304e-05
CYP2C19,-0.0002045352,-0.00047947466,-0.00034642965,0.000114754774,-0.0010035336,-8.526351e-05,0.00018796418,2.5602058e-05
TNKS,-0.00024573877,-0.00044375658,-0.00034811161,0.00012952462,-0.0011839867,-2.6388094e-05,0.00019583385,2.513302e-05
CXCR4,-0.0006737262,-0.0011589304,-0.00074007176,0.0001930669,0.0028939694,-0.0005820198,0.00032851566,5.632511e-05
PSMB2,-0.00027142838,-0.000488732,-0.0003109388,0.000111578964,-5.5991113e-05,-0.00014201831,0.000156858,2.512557e-05
CD27,-0.00013423711,-0.00049081445,-0.0003375709,7.815659e-05,8.40947e-05,-3.643986e-05,0.00019506272,2.4052919e-05
STX6,-0.00027564354,-0.00011877157,-0.0001480747,0.00023378339,0.0006340444,-0.00029539363,-7.841736e-05,1.8225983e-05
SSTR5,-0.00021708943,-0.00048895366,-0.00036055222,0.00012257323,-0.0011222437,-8.885935e-05,0.00019481964,2.6362599e-05
PLAGL2,0.00023855641,0.00020727888,0.00034769997,-0.00019397307,0.0013946667,0.00014548842,-0.00013544504,-1.5701284e-05
SERPINA6,-0.00020776317,-0.0004866533,-0.0003444627,0.000104554,-0.0011247844,-7.456727e-05,0.00019627064,2.5415095e-05
KDF1,-0.00019622222,-0.0004873816,-0.00034337677,0.00010965299,-0.00055830926,-9.370316e-05,0.0001784144,2.6102643e-05
SUN3,-0.00020537339,-0.0003764946,-0.00025751814,0.00012387987,-0.00091189146,-0.00012808526,0.000109741464,2.2070715e-05
ANKRA2,0.00015399046,-0.00022712164,6.123632e-05,-0.00021811947,0.00047469884,0.00024042837,0.000113650225,1.1059456e-08
TMEM109,1.4265999e-05,-0.0002613943,-0.00015551597,-9.472016e-05,-0.0024171397,0.00032981858,0.0002492573,8.328934e-06
ATPAF1,0.00038124435,-0.00015500002,0.00013086945,-0.0003041178,-0.0002880171,0.00039586797,0.00012609642,-5.6126155e-06
CLCN3,-0.00024507754,-0.00043944642,-0.00019979663,8.4341504e-05,0.0006972328,-0.000234365,5.9267506e-05,2.2549764e-05
ZNF561,0.00015466847,0.00030363724,0.00028959848,-2.2994354e-05,2.9437244e-05,7.2497874e-05,-0.00019446854,-1.0652002e-05
ZNF654,7.889792e-05,-0.00013872236,0.00012405962,-0.00015265867,0.0010662898,0.00012567546,1.3672747e-05,-1.1785887e-06
GINS4,-7.5232238e-06,-0.00024137087,-6.310269e-05,-8.024834e-05,0.0011921301,0.00011313055,9.0054236e-05,8.448842e-06
OTUB1,-0.00015295297,-8.8186935e-05,-3.4298748e-05,0.00011369772,0.0005302578,-0.00015504984,-6.2406994e-05,1.0320451e-05
HES7,-8.281693e-05,-0.0003426578,-0.00022111647,1.7317943e-05,-0.0006629005,1.2673438e-05,0.00015815161,1.6338541e-05
ARPC4,-4.4684857e-05,-0.00019833632,1.036562e-05,-5.5288896e-05,-0.00014317781,1.842808e-05,4.180707e-05,6.145914e-06
RASA1,-7.888675e-05,-0.00044421665,-0.00021018833,-2.042856e-05,-0.00021328032,5.5473298e-05,0.00018637069,1.7097569e-05
ZNF302,-0.00011019781,-0.00027038157,-0.00016679056,9.444915e-05,0.00023760647,-0.0001167357,4.3815002e-05,1.77318e-05
BCL2L13,0.0003677737,-8.296035e-05,0.0002916865,-0.00038387068,0.0016536117,0.00030341186,1.46161765e-05,-1.1034426e-05
TP53I3,-0.00012688152,-0.000113775954,-6.993115e-05,0.00014063437,-0.00052016973,-0.00021153921,-5.2233227e-05,1.1726399e-05
NPC1L1,-0.00017912872,-0.00044921227,-0.00030233525,9.3312934e-05,-0.0007005632,-7.9306774e-05,0.00016539451,2.3390516e-05
SWSAP1,-0.00037593953,-0.00032233447,-0.00024663657,0.00020038895,-0.0023506656,-0.0002636914,7.235445e-05,2.2377702e-05
GTF3A,-0.00022382662,-0.00017450936,-0.00011663139,0.00019632839,-0.001434736,-0.00024826592,-4.3233857e-05,1.7125858e-05
IFT43,-0.00021338649,-9.4715506e-05,2.3711473e-06,6.8730675e-05,-0.00034815073,-0.00018609129,-5.514454e-05,9.030802e-06
P2RY4,-0.00021162629,-0.0004865732,-0.00035703555,0.000119164586,-0.001081422,-8.5116364e-05,0.00019404199,2.6134308e-05
TMEM246,-0.00021708943,-0.00048895366,-0.00036055222,0.00012257323,-0.0011222437,-8.885935e-05,0.00019481964,2.6362599e-05
PSMB6,-4.4431537e-05,-0.00025254302,-0.00013538264,4.515983e-05,-0.0003214255,-1.9233674e-05,7.186271e-05,1.3967743e-05
NUP62,-0.00013914704,-0.0007218756,-0.0004924573,-1.0955147e-05,-0.00084190816,0.0001487555,0.0003960561,3.0234223e-05
GDE1,6.424636e-05,0.0001322329,0.00029290095,-6.191898e-05,0.0022137836,-5.5979937e-05,-0.00021548476,-6.224145e-06
BSG,-0.00018635765,-0.00021841191,-0.00011394732,8.14395e-05,-0.00073872507,-0.00015095528,3.079325e-05,1.3971119e-05
CREB3L4,0.00040642917,0.00039264746,0.0005363468,-0.00032600109,-0.0005950108,0.00045721792,-0.00013326574,-2.8761104e-05
S1PR2,-0.00012713857,3.508292e-05,3.254041e-05,0.00018837862,0.0003291443,-0.00033176923,-0.00019451138,9.711366e-06
GUCA1A,0.0004081633,0.0004329756,0.0006051436,-0.00016055163,0.0022231862,5.0564297e-05,-0.00037931,-2.4147332e-05
SAC3D1,3.982708e-05,-0.00021227822,4.1395426e-05,-4.841108e-05,2.7045608e-05,-0.00016157422,-3.92152e-05,8.470728e-06
HPS3,0.00029814616,0.00020368397,0.0003497824,-0.00016290788,0.00076940656,0.00025156047,-0.0001317421,-1.6158563e-05
NRK,-0.00014309958,-0.00036432967,-0.0002848748,0.00012923498,-0.0014295205,-6.9258735e-05,0.00013872143,2.1330197e-05
TIMM17A,-0.00014866516,-0.00027623586,-0.00019589625,8.23671e-05,-0.0010209531,-4.6733767e-05,0.00010072626,1.7646118e-05
ATP1B3,-0.00052994303,-0.00090640225,-0.0007972587,0.0003075851,-0.0030385256,-0.00021943357,0.00042091776,5.1003182e-05
SLC10A2,-0.00021195412,-0.00040526874,-0.00030472316,0.00013796706,-0.0013080835,-0.00010140147,0.00014590751,2.3621018e-05
BAX,-5.2060932e-05,-0.00013469905,-2.4190173e-05,2.3705885e-05,0.00152798,-3.877282e-05,-1.8888153e-05,8.488889e-06
GPR87,-0.00023380108,-0.0004971102,-0.0003663674,0.00013053324,-0.0010989234,-0.0001113764,0.00019131042,2.7060509e-05
STARD4,-0.00023253448,-0.00043820217,-0.0003207624,0.00014612079,-0.0016970262,-0.00021305121,0.0001373794,2.5441288e-05
TAF7L,-9.885058e-05,-0.0003133323,-0.00014848262,2.4444424e-05,-0.00014218688,-3.355276e-05,9.0101734e-05,1.5464262e-05
ZMYND19,0.00018414482,0.00010786764,1.9261613e-05,0.00013411976,0.0010849312,-3.298279e-05,-0.00013799313,5.7300786e-06
GPR180,0.00040203705,0.0004511699,0.00060556084,-0.00026681833,-0.00042931736,0.0003620768,-0.00022052135,-3.167079e-05
TTC13,2.194196e-06,0.00012024678,0.00016736798,4.6907924e-05,0.0018028766,-0.00011612568,-0.0001814114,6.949995e-08
RHBDD1,0.00024669617,0.0003476441,0.00046898052,-0.00014329609,0.0020605996,9.2594884e-05,-0.0002730349,-1.913053e-05
KCNK13,-7.10804e-05,-0.00030818582,-0.00021717884,7.0350245e-05,-0.0007642135,1.6937032e-05,0.0001249779,1.7119339e-05
CDKN1C,0.00036276877,0.0001595337,0.00031104125,-0.00011584256,0.0017421767,0.0001490917,-0.00018459093,-9.4874995e-06
MYL2,-0.00020020083,-0.00047482736,-0.0003417395,0.00011267234,-0.00096369535,-8.1167556e-05,0.00018566381,2.534897e-05
CAV3,-0.00021708943,-0.00048895366,-0.00036055222,0.00012257323,-0.0011222437,-8.885935e-05,0.00019481964,2.6362599e-05
TEX45,-0.00027718395,-0.00043493696,-0.00034137256,0.00018512923,-0.0013265759,-0.00019243686,0.00013415702,2.66711e-05
RAB23,0.0001846999,-0.00034116022,6.926991e-05,-0.0002681613,0.0025500506,4.4330955e-05,6.398931e-05,4.6077184e-06
MTUS1,-0.000776086,-0.0008009318,-0.00071309507,0.00045103393,-0.0022424161,-0.0005371659,0.00023062993,5.3621014e-05
ZNF695,0.00019307993,0.00024001673,0.00034433976,-3.8579106e-05,0.0017608106,-7.0864335e-06,-0.0002456652,-1.161918e-05
SYAP1,-5.8786944e-05,-0.00032328628,-0.00026380643,0.0001238687,1.5303493e-05,-0.00010325946,9.3039125e-05,2.141262e-05
ITPA,-2.014637e-05,-0.00011097267,7.195398e-06,-1.7624348e-05,-0.00087195635,-1.4683232e-05,1.0329299e-05,6.098766e-06
SHISA7,0.00036908314,0.00064476207,0.0007168297,-0.00014482625,0.0031152368,3.3062883e-05,-0.000480338,-3.0951225e-05
ANP32E,-0.00026806444,-0.0004830975,-0.00028743036,9.7475946e-05,-0.00084073097,-0.00017255638,0.00014390331,2.4866778e-05
DYNC2LI1,-0.00025566667,-0.00048153102,-0.00031893887,0.00011062063,0.0006578788,-0.0002617063,0.00012231525,2.7013011e-05
ICAM4,0.00016598403,0.00014946051,0.00023833849,1.0106713e-05,0.00073315203,2.3910776e-05,-0.00018154364,-6.7676883e-06
SPDEF,-0.00017144717,-0.0004920531,-0.0003587734,9.449199e-05,-0.001065433,-3.6858022e-05,0.0002130298,2.5553047e-05
THEG,-0.00021162629,-0.0004865732,-0.00035703555,0.000119164586,-0.001081422,-8.5116364e-05,0.00019404199,2.6134308e-05
DAPP1,-1.8602237e-05,-0.00025987998,-0.00017575361,7.411558e-05,0.00025453418,-4.9209222e-05,5.5625103e-05,1.727126e-05
CRYGC,-2.5389716e-05,-0.00038920343,-0.00020685792,8.586794e-07,-0.0007546842,6.1702915e-05,0.00016777497,1.6198494e-05
ASPDH,8.5892156e-05,-0.00014227442,-3.9858744e-05,-1.989957e-05,-0.00093106925,0.00015356671,6.909389e-05,6.510061e-06
PRB4,-0.00021162629,-0.0004865732,-0.00035703555,0.000119164586,-0.001081422,-8.5116364e-05,0.00019404199,2.6134308e-05
SERPINA12,-0.0002508834,-0.00050495006,-0.00039168075,0.00015240349,-0.0010198578,-0.00013353303,0.00018931367,2.898532e-05
RAB3B,-0.0003097523,-0.0003114622,-0.00023274124,0.00023092423,-0.0011082739,-0.00031192647,9.405427e-06,2.4504261e-05
ZNF737,-7.911213e-05,-0.0001942534,4.6100467e-06,5.639065e-05,0.00110659,-0.00020462461,-7.701665e-05,1.1309166e-05
TNFSF10,7.295981e-06,-0.00026088767,-0.00015743077,4.0365383e-05,-0.00021654367,5.9152953e-05,0.000101798214,1.3530371e-05
MAD2L2,-0.00014170259,-0.0004489664,-0.00027240627,6.364565e-05,5.9582293e-05,-8.4941275e-05,0.00015501585,2.2081309e-05
ZNF468,0.00025459751,0.00018014014,0.00019288808,-3.518164e-05,-0.00039257854,0.0001363717,-0.000111213885,-6.7732763e-06
PSMD14,-7.396564e-06,-0.00022164173,-7.583201e-05,-5.9295446e-05,-0.0008380413,0.00013452489,0.00012412481,7.68702e-06
RNASEH1,0.0002960004,0.00013785064,0.0003676582,-0.00023622997,0.0014128163,0.00023585372,-0.000121205114,-1.447869e-05
JMJD8,0.00019616447,-5.2422285e-05,-2.6395544e-05,-2.0453706e-05,-0.0006320253,0.00016191695,2.2665597e-05,6.5203058e-06
GZMA,6.199628e-05,-0.00014391728,2.188608e-05,-6.469153e-05,-0.0005045533,0.00015068706,5.6905672e-05,2.6784837e-06
DUSP2,0.00010800734,0.0001558736,9.4003975e-05,8.746795e-05,-0.0014273077,6.410945e-05,-9.784382e-05,-1.6670674e-07
AKR1C4,-3.117323e-05,-0.00011847168,-6.930344e-05,5.8296137e-05,0.00037683547,-1.6614795e-06,9.755604e-06,9.474345e-06
DGKD,7.675029e-05,-0.0003804583,-0.00023355708,-8.763745e-06,-0.0004971847,6.307289e-05,0.00016829278,1.8262654e-05
CFDP1,-0.00023488328,-0.00041008927,-0.00033443607,0.00020418596,-0.0013771877,-0.00017593335,0.00012193713,2.716342e-05
CASP12,-7.952191e-05,-0.00031192042,-0.00018544309,5.167816e-05,-0.0009286925,-4.3958426e-06,0.000115565024,1.5946454e-05
RAB19,-0.00021708943,-0.00048895366,-0.00036055222,0.00012257323,-0.0011222437,-8.885935e-05,0.00019481964,2.6362599e-05
AEN,-0.00020434149,-5.24465e-05,7.4842945e-05,5.5640936e-05,0.00047949702,-0.00014748797,-0.00010456797,6.1936444e-06
AQP9,-0.00021016784,-0.00047950633,-0.0003509242,0.00010269787,-0.0011381134,-3.2678246e-05,0.00021297671,2.4607405e-05
SLC39A9,0.0003246814,0.00036770292,0.0004284326,-0.00013237912,-0.0013160184,0.00025243312,-0.0001789527,-2.0876527e-05
PBLD,0.00030886754,0.00042685866,0.0003875941,-1.7679296e-05,-0.00060454756,9.323377e-05,-0.00027011242,-1.578452e-05
MRPS23,-0.00016091764,-0.0002815388,-0.00021182,0.00012382958,-0.0014172345,-9.113643e-05,9.6411444e-05,1.794484e-05
FYCO1,0.0004042983,0.000432197,0.00048193336,-0.0001616599,-8.8997185e-05,0.000265236,-0.00022347737,-2.4561654e-05
TRMT10C,-0.0001975447,-0.00028790906,-0.00016235933,9.428244e-05,0.0007243231,-0.00017242553,2.953317e-05,1.9010971e-05
TSSK4,-0.0003203135,-0.0006419979,-0.00054634735,0.00018422306,-0.0016311631,-0.0001279572,0.00028920826,3.6454177e-05
PDIA2,0.0001421757,0.00012698956,6.329082e-05,4.0111132e-05,0.0006830469,9.2750415e-05,-9.080209e-05,1.1464581e-06
OPN1SW,-6.403774e-05,-0.0002321098,-5.4607168e-05,2.4037436e-06,-0.00054350495,-9.81614e-07,5.606003e-05,8.896575e-06
CCER1,-0.00013615936,-0.0003222525,-0.00018989481,6.1258674e-05,-0.001384303,1.2346543e-05,0.00013141613,1.5739817e-05
LARP6,0.00043630786,0.00021146983,0.00038969144,-0.00025201216,0.0027260259,0.00023351237,-0.00015882123,-1.7614453e-05
SPIB,-2.5369227e-06,1.065433e-05,0.00017143413,-4.32916e-05,0.00063472986,-4.9294904e-05,-0.00010768231,-1.4932593e-06
MSC,-0.00021796487,-0.00039267913,-0.000337163,0.00016518589,-0.0015494749,-9.051617e-05,0.000152166,2.53123e-05
ANTXR1,-0.0004288908,-0.000897184,-0.0007295571,9.670202e-05,-0.0033765435,1.2898818e-05,0.0005294988,4.2104628e-05
UPK3B,-9.129383e-05,-0.00021914765,-8.290447e-05,7.4308366e-05,0.00045444816,-0.000112709124,-2.393499e-06,1.3040728e-05
B3GALT5,-9.1770664e-05,-0.00013565458,-7.4448064e-05,0.00010821596,-0.00069946796,-8.5588545e-05,-1.1779368e-05,1.125515e-05
MRPL39,0.00010268763,8.499622e-05,0.00028068386,-0.00014034007,0.0013366118,0.0001041824,-0.0001158854,-8.896575e-06
TTC36,-9.400584e-05,-0.00018342026,-0.000112917274,9.265449e-05,-0.0008727163,-9.932183e-05,2.4736859e-05,1.2481352e-05
UBAP1,0.00036806054,0.00022001565,0.000281455,-0.00014446583,-0.00048074126,0.0003521042,-8.143019e-05,-1.3304758e-05
NEUROG2,-2.2189692e-05,-0.0004806649,-0.00029440783,-1.778081e-05,0.0005961433,0.000103531405,0.00023340154,1.886813e-05
OLIG1,-0.0005987771,-0.0011003744,-0.00097601674,0.00022401754,-0.0027277172,-0.00014369702,0.00060536154,5.6577148e-05
SPI1,-0.00035189092,-0.00073185563,-0.00067177974,0.00027230103,-0.0022943988,-0.00018807454,0.00033688545,4.2762025e-05
CRYGB,-0.00022361428,-0.0004936978,-0.00036593527,0.0001263693,-0.0011237562,-9.5377676e-05,0.00019566063,2.674642e-05
HSH2D,1.2256205e-05,-8.66279e-05,7.148646e-05,-8.6017884e-05,-0.0005760044,0.00016623829,4.3867156e-05,-6.27595e-07
BCAS2,-3.5971403e-05,-7.869303e-05,2.6095659e-05,3.7365593e-05,-0.00082250684,-3.387686e-05,-3.1556934e-05,5.7541765e-06
SFN,1.4133751e-05,-0.00047660433,-0.00027577765,-3.292039e-05,-0.00049781054,0.00010664761,0.00022852421,2.0043808e-05
STAP2,-1.2276694e-05,-0.0002456624,-0.00016347878,2.570171e-05,0.0014870092,2.8275885e-05,7.174071e-05,1.5155529e-05
VCPKMT,2.8450042e-05,-6.0934573e-05,-1.5290454e-05,6.715581e-05,-0.00073209405,3.6662444e-05,-2.3178756e-05,6.7435903e-06
GEMIN2,4.132092e-05,-0.00010804087,2.2312626e-05,-3.332831e-05,0.0018454716,-6.522052e-06,-3.5817735e-05,6.5353233e-06
MED7,2.061762e-05,0.00024910085,0.00051070936,-9.948574e-05,0.0019106045,-0.00023026206,-0.00035600644,-1.4621764e-05
FAM102B,0.00024865568,-0.00013417378,0.00010971911,-0.00023530237,0.0020427033,0.00022567064,4.8773363e-05,-2.264278e-06
SEC22C,-9.173341e-05,-0.00042895414,-0.00037129223,0.00012235157,-0.001826942,9.105541e-06,0.00021939166,2.4058972e-05
MED4,-0.00020171702,-0.0003610365,-0.0002646502,0.00016989652,-0.00060705096,-0.00020787027,7.299706e-05,2.3722881e-05
FBXO27,0.00032176822,0.0005192626,0.000769468,-0.00026635733,0.0042049214,3.5318546e-05,-0.00044881273,-3.225077e-05
MYOG,-0.00020823814,-0.0005026944,-0.0003598947,0.00011545699,-0.00069061667,-0.00010550395,0.00018907245,2.6799273e-05
CAPSL,-0.00023264438,-0.0005401317,-0.00037636235,0.00014093984,-0.002205409,-0.00018592272,0.00020030979,2.7591828e-05
PQLC3,-0.00021708943,-0.00048895366,-0.00036055222,0.00012257323,-0.0011222437,-8.885935e-05,0.00019481964,2.6362599e-05
ANXA2,-0.00059465505,-0.00095099956,-0.0006883554,0.00021485798,-0.004764937,-0.00035012932,0.00042062253,4.4512213e-05
SPATA6L,0.00044116378,0.00041783787,0.00068153255,-0.00034768134,0.0014695376,0.00027220044,-0.0002686372,-3.2603275e-05
CA6,-0.00019496307,-0.00046937354,-0.00033296645,0.00010937918,-0.0008972287,-8.259341e-05,0.00018024817,2.4932553e-05
VPS37B,0.00020456687,8.842908e-05,0.00032834522,-0.00020378642,0.0011278316,7.642992e-05,-0.00014022645,-9.090523e-06
CCNDBP1,0.00013689697,9.1848895e-05,0.00015584566,-7.3378906e-06,0.001260303,4.459638e-05,-0.00011884514,-3.0162046e-06
GJC3,-0.00017374381,-0.00042398274,-0.00027507916,9.789877e-05,-0.000807561,-8.773431e-05,0.00014459062,2.212834e-05
TAF7,-0.00029340014,-0.0005849134,-0.000492638,0.00019165128,-0.0009167269,-0.000104101375,0.00024683867,3.3620512e-05
C1QA,-0.0002631303,-0.0006364789,-0.0005862266,0.00018939003,-0.00047838688,-0.000121132005,0.0002973983,3.7923455e-05
CD1D,-0.00013537332,-0.00034224615,-0.00022948533,7.2272494e-05,-0.0010002851,-2.5619753e-05,0.00014162809,1.7906306e-05
TUBB8,0.0002156701,9.437464e-05,9.123795e-05,2.2966415e-06,-0.0014684647,0.0001409715,-4.4268556e-05,-1.7312123e-06
DENND5A,-0.000213122,-0.0006740745,-0.00057400763,0.00012624357,-0.00087905675,-6.0414895e-06,0.00035111886,3.4651253e-05
GYG2,0.00018855743,0.00045680813,0.000638783,-0.00023066811,0.0018539801,9.8581426e-05,-0.0003312314,-2.8011156e-05
BRS3,-0.00017515011,-0.00046087615,-0.00031520054,8.541066e-05,-0.0010162368,-4.8491172e-05,0.00018685032,2.3632776e-05
HDGF,-4.9993396e-06,-0.00047699548,-0.00030715764,3.3205375e-05,0.00035315007,1.0914169e-05,0.00018633623,2.3089699e-05
OSTM1,0.00018721633,0.00061299093,0.0006149728,-2.82377e-06,0.001648806,-5.510915e-05,-0.00047106203,-2.3565837e-05
FAM47C,-0.00021708943,-0.00048895366,-0.00036055222,0.00012257323,-0.0011222437,-8.885935e-05,0.00019481964,2.6362599e-05
CSRP3,-7.815473e-05,-0.00036793016,-0.00015165657,-4.4950284e-05,-0.00018372387,5.877763e-05,0.00015765615,1.2901379e-05
CHI3L1,-3.2458454e-05,-0.00010719709,3.428571e-05,4.475657e-05,-0.00065872073,-6.630272e-05,-3.803894e-05,5.01005e-06
DUPD1,-0.00021708943,-0.00048895366,-0.00036055222,0.00012257323,-0.0011222437,-8.885935e-05,0.00019481964,2.6362599e-05
ICAM1,0.00022828579,0.00011177361,0.00014738366,2.0932406e-05,0.00030715764,8.546002e-05,-0.00010942016,-4.0191226e-06
SNAP47,0.00018429756,0.00013623387,0.00023572706,-0.00012187101,0.00085255504,0.00017733034,-9.344611e-05,-7.8466255e-06
METTL9,-0.0001628641,-0.00066966936,-0.00053057633,7.9611316e-05,-0.0016805008,9.514578e-05,0.00037015602,3.2880693e-05
FEZ2,3.0333176e-05,-2.1241605e-05,0.00013193488,-5.8342703e-05,0.002063647,-8.576829e-05,-0.0001183087,3.3450779e-06
ARF6,-0.000276912,-0.0009033289,-0.0007490162,0.00016617868,-0.0036086887,1.4169142e-05,0.0004964154,4.4099055e-05
DKK3,-0.00039093383,-0.0009188466,-0.00082683563,0.00029791798,-0.0036802664,-0.00019620545,0.000441188,5.2067684e-05
EFNA5,-0.00021782517,-0.0007959064,-0.00055881403,8.750707e-06,-0.001787588,2.1805987e-05,0.0004136972,3.660831e-05
SRD5A3,0.00025535375,0.00027148798,0.00039049983,-0.00014821906,5.4590404e-05,0.00016629696,-0.00017010141,-1.811108e-05
WBP2NL,-0.00011680089,-0.00042474084,-0.0003294628,0.00010014046,-0.0016401857,1.4250167e-05,0.00019892491,2.2933236e-05
ESX1,-0.00022361428,-0.0004936978,-0.00036593527,0.0001263693,-0.0011237562,-9.5377676e-05,0.00019566063,2.674642e-05
TMED9,0.000107292086,9.1750175e-05,0.00025970116,-0.000101891346,0.0010684505,8.6863525e-05,-0.00012894999,-7.331255e-06
ADORA1,0.00012196228,0.00027125888,0.0004744865,-0.000108079985,0.0022107065,-8.925609e-05,-0.0003176229,-1.577835e-05
KPNA6,-0.0001624003,-0.00020710379,-8.7581575e-05,0.00010775775,0.00046088547,-0.00019034743,-2.5446527e-05,1.44415535e-05
HELT,-6.6204e-05,-0.00035960227,-0.00021261908,2.7071685e-05,-0.00043209642,4.0388666e-05,0.00014805421,1.6924692e-05
LRFN3,-0.0002872683,-0.0005275905,-0.00048053823,0.00013722945,-0.001493141,-4.165247e-05,0.000272464,3.1881616e-05
NUP35,2.5503337e-05,0.00012520887,0.00030811876,-9.756349e-05,-0.00024026632,-1.1085533e-05,-0.00015516672,-8.815201e-06
NHLH1,-0.00064041093,-0.001060186,-0.0008788798,0.00038829818,-0.004031487,-0.0004297807,0.0004131524,6.0321763e-05
INKA2,0.000114735216,0.0006282721,0.0005795192,2.486445e-05,0.0012582168,-0.00010471884,-0.00046896096,-2.1987944e-05
LRRC58,-2.206117e-05,0.000120086595,0.00014840998,9.588059e-05,-0.00011596829,-0.00012736442,-0.00017707516,1.9324943e-07
GPA33,-0.00021068938,-0.00048221461,-0.00035033748,0.00011854246,-0.0010478869,-8.9623965e-05,0.00018879212,2.5859219e-05
GTF2A1,-6.776303e-06,-0.00059103966,-0.00042201206,-6.766617e-05,-0.0012917966,0.0002370216,0.00038458128,2.4246052e-05
PEX11A,0.00038186647,0.00020395406,0.00047661178,-0.00028948486,0.0011695251,0.00019277912,-0.00016943831,-2.1415064e-05
C7orf26,0.0002550613,6.358698e-05,0.00024368428,-0.00015006028,0.00070503354,0.00014986098,-8.667167e-05,-8.296571e-06
ECI2,-0.00024163723,-8.721277e-05,-0.00016089343,0.00022639707,-0.0010355785,-0.00017033517,-2.898369e-05,1.713226e-05
KHDRBS1,-0.00033986196,-0.0010399818,-0.0008723289,0.00016401522,-0.0020710677,7.0679e-05,0.00058366917,5.0059985e-05
FGFR1OP,0.00016563386,0.0002209451,0.00025451183,1.2274832e-06,0.00049934536,2.818182e-06,-0.00020552892,-6.293645e-06
PRUNE1,0.00032335892,-0.0001044143,0.00013196096,-0.00031479355,0.00076186657,0.00047708675,0.0001492165,-8.9114765e-06
TCF23,-0.00021068938,-0.00048221461,-0.00035033748,0.00011854246,-0.0010478869,-8.9623965e-05,0.00018879212,2.5859219e-05
GPR68,0.0003974624,0.0005980972,0.0006128233,-0.00014631636,-0.00026332587,0.00028229505,-0.00032151584,-3.0227122e-05
GTPBP10,0.000217719,0.00025820732,0.00025602616,-0.00010226108,0.0002854988,0.00026027486,-0.00010096561,-1.19600445e-05
UBXN1,6.0275197e-06,-8.685142e-05,7.103756e-05,-3.13716e-05,0.0010696277,-3.0482188e-06,-4.3449923e-05,3.3963006e-06
CYB561A3,0.0004412979,0.0004628487,0.0005501248,-0.00024236832,0.000537619,0.0003197249,-0.00023929309,-2.5177025e-05
SPARC,-0.0006615594,-0.0013496857,-0.0010644067,0.00022967719,-0.0017160475,-0.00027380325,0.0006321799,6.5766275e-05
COL9A2,9.9651515e-05,0.0001558084,0.00023974665,3.330782e-05,0.00018467009,-0.00014064554,-0.00023175869,-2.9095681e-06
S1PR5,-4.6163797e-05,-0.0002731532,-8.5532665e-05,-2.9992312e-05,-0.00014798343,3.8838014e-05,9.430107e-05,9.97202e-06
HPCAL1,-3.947504e-05,-0.0003588982,-0.00011503138,-7.947534e-05,-0.0010650381,0.00017216336,0.00018319394,1.0070624e-05
ZNF621,0.0001429189,5.1772222e-05,0.00022218004,-0.0001010159,0.0016210079,-1.2200326e-06,-0.00013219472,-4.7263457e-06
EML3,-0.00015058555,-0.00020325929,-0.00014616549,0.00012579281,-0.00063431263,-0.0001131068,2.8769486e-05,1.5169848e-05
TMEM53,8.313358e-05,0.00012555905,0.00025065802,-6.202608e-05,0.0014498755,1.04010105e-05,-0.00014887657,-8.1319595e-06
ZNF703,-0.0007825792,-0.0013230462,-0.0013307016,0.00045574736,-0.006965138,-0.00019572489,0.00078817457,7.364212e-05
TVP23A,0.0001823511,0.00048661605,0.00046335906,5.370006e-06,0.00043345243,-3.6424026e-06,-0.00035795663,-1.6239821e-05
EGLN3,-0.00044358894,-0.0008768253,-0.0007569287,0.00017664768,-0.004632123,-0.00013957778,0.00048625283,4.52667e-05
NFATC4,0.00020224042,0.00041308254,0.0005205162,-9.553414e-05,0.0027280673,-2.270937e-05,-0.0003583515,-1.9291067e-05
C19orf54,-7.491186e-05,-0.00041693635,-0.00028288178,-5.641952e-05,-0.0023435429,0.00012500864,0.00027475972,1.8495717e-05
TTC9C,9.5397234e-05,7.2892755e-05,8.608028e-05,3.1015836e-05,-0.00033106655,3.394019e-05,-7.68872e-05,7.5192656e-07
KCNK1,0.00024066865,0.00053431094,0.000527177,-8.089095e-05,2.3722649e-05,9.9229626e-05,-0.00033519324,-2.240541e-05
GSDMB,0.00016688183,0.00014309399,0.00019704178,-1.7115846e-05,-0.0002304241,8.479692e-05,-0.0001339456,-4.73368e-06
OLIG2,-0.0004416909,-0.00034584478,-0.0003582947,0.00026837736,-0.0028693154,-0.00028645573,0.00011666026,2.6623253e-05
UBAC1,0.00023338571,-0.0002201926,-4.372932e-05,-0.00011971779,0.0005726665,0.00019834097,0.00010161009,6.575254e-06
MMP10,2.719462e-07,-0.00021844171,-2.9042363e-05,-2.5154091e-05,0.000375323,-1.7264858e-05,2.6299618e-05,9.009265e-06
FBXO8,0.00024989247,0.00035445765,0.0003981348,-0.00010680687,0.0004279092,0.0001738416,-0.0002157623,-1.7500133e-05
SLC36A2,-0.00020752661,-0.0002752915,-0.00016979873,0.00015669316,0.00010407716,-0.0002952898,-9.987503e-06,1.9534375e-05
ABCF3,5.5296347e-05,-0.00043245964,-0.000271257,-5.1682815e-05,-0.0006265119,0.00016293861,0.00024678372,1.6852864e-05
SRSF10,-0.00029542297,-0.0003137458,-0.00018950552,0.0001696609,-0.00010485202,-0.00025141798,1.8418767e-05,2.064067e-05
ZNF37A,0.00036720745,-5.2234158e-05,0.00015237741,-0.00018173736,0.0012469366,0.0003411267,2.3112632e-05,-6.415881e-06
CDX1,-0.00021708943,-0.00048895366,-0.00036055222,0.00012257323,-0.0011222437,-8.885935e-05,0.00019481964,2.6362599e-05
TSPAN3,-0.00013739616,-0.00036743842,-0.00022673607,5.9381127e-05,-6.509572e-05,-5.410053e-06,0.00013800245,1.8222374e-05
EHD1,-4.035607e-05,-0.00026320294,-0.00016364828,8.102972e-05,-0.00064857304,-2.8366223e-05,7.52192e-05,1.4542136e-05
CHAC1,0.00041612424,0.0005587451,0.0007579718,-0.00025308225,0.0018270239,0.00011743698,-0.00041315984,-3.3444026e-05
RAB43,0.00044384226,0.00047423504,0.00066434965,-0.00027209986,0.0011257082,0.00024610292,-0.00030705798,-3.1085918e-05
PIM3,-9.078719e-05,-0.000595849,-0.00047148764,0.00016371906,-0.00013418496,-9.744242e-05,0.00021406356,3.3930875e-05
BBS2,-0.00022036768,-0.00021612272,-0.00015139394,0.00013231672,-0.0009371191,-0.00017403811,2.9214658e-05,1.6001984e-05
FERMT1,-8.184463e-06,6.8724155e-05,8.99937e-05,3.9105304e-05,0.001437217,-2.508238e-05,-0.00013015326,4.1575404e-06
TPRN,0.00029088184,7.211417e-05,0.00023869611,-0.00014892686,0.0017964542,0.0001186477,-0.0001128139,-6.788643e-06
PLCXD2,-2.7276576e-05,-6.824732e-06,0.0001177378,-2.8924085e-05,0.0004230067,-1.0747463e-06,-6.902311e-05,7.5774733e-07
NXPE2,-0.00018636882,-0.00047599897,-0.00032675453,9.125471e-05,-0.000891082,-6.72983e-05,0.00018835813,2.445199e-05
TMEM136,-0.00021708943,-0.00048895366,-0.00036055222,0.00012257323,-0.0011222437,-8.885935e-05,0.00019481964,2.6362599e-05
YAE1,-3.41516e-05,2.6509166e-05,0.00018702634,-3.0693598e-05,-0.0006673932,-0.00013348227,-0.00013229158,-7.52043e-08
SEC14L6,-0.00023272075,-0.00050295703,-0.00037568063,0.0001313826,-0.001138024,-0.000102939084,0.00019895472,2.737681e-05
CIDEB,5.3962693e-05,7.833727e-05,0.00019373558,-4.9157068e-05,0.0011646524,3.9865263e-05,-0.00011882465,-4.0340237e-06
TRPM5,-0.00018686429,-0.00046573952,-0.00032807887,0.00010489952,-0.00082390755,-7.546693e-05,0.00017899554,2.4634064e-05
ZNF728,5.5767596e-05,-4.0935352e-05,3.1812117e-05,4.3965876e-05,4.2542815e-05,1.0102056e-05,-5.527027e-05,5.1467214e-06
AMMECR1,0.0001676213,0.00013662688,0.00025629438,-0.00010658521,0.0003924966,0.00018437393,-9.942707e-05,-9.866315e-06
SEC22A,-9.366125e-05,7.771142e-05,0.00013091043,-1.0319985e-05,-0.00096042454,-1.2665056e-05,-7.6963566e-05,-1.9313302e-07
DUOXA2,-0.00025022216,-0.0005087387,-0.00038126484,0.00013890117,-0.0012131706,-0.00011952454,0.00019779988,2.7960865e-05
YTHDF3,8.96398e-05,-2.7010217e-05,0.00012216158,-7.787999e-05,0.0010347217,7.715821e-05,-5.5921264e-05,7.0407987e-07
SALL1,-0.0003020726,-0.000544304,-0.00044695847,0.00020447839,-0.00040119886,-0.00020477455,0.00018581375,3.2358454e-05
POPDC3,-7.866323e-05,-0.000395203,-0.00017328188,-3.1569973e-05,-0.0004979521,5.317852e-05,0.000160628,1.5510363e-05
ALKBH5,1.18762255e-05,-0.000344079,-0.00018620864,5.7620928e-06,0.00014357269,2.8732233e-05,0.00012619421,1.6618986e-05
U2AF1L4,8.310005e-05,0.00026582554,0.00027397648,5.2393414e-05,-0.0010375232,-7.0942566e-05,-0.00022838172,-7.370021e-06
SSBP1,8.6138025e-05,-0.000103594735,7.1669e-05,-8.408539e-05,0.000828743,8.709449e-05,-3.614463e-06,2.2434397e-06
POTEE,-0.0001390595,-0.0004368145,-0.0003082119,7.4123964e-05,-0.0013098344,-2.9494986e-06,0.00019661617,2.2256281e-05
NRAS,-0.00016562454,-0.00041716918,-0.00038315356,0.00014847144,-0.0010137856,-3.3113174e-05,0.00019971095,2.5784131e-05
MB21D2,-0.0005081203,-0.0010046903,-0.0009305738,0.00032142922,-0.0044867024,-0.00015848503,0.0005334923,5.5138604e-05
BAMBI,0.00050245784,0.00078032166,0.0008560885,-0.00032422226,0.0019328743,0.00032187905,-0.00042349007,-4.3645035e-05
CCDC8,0.00016457774,0.00021240674,0.00035967678,-0.00018862635,0.001648806,0.00016126037,-0.00015571993,-1.4504301e-05
DPH6,-9.036064e-05,0.00045209192,0.0004321318,3.4417026e-05,0.001695618,-0.0002461681,-0.00040081795,-1.004443e-05
FTSJ1,-0.00011059269,-8.433685e-05,-0.000107834116,0.00016696844,-0.0003074929,-0.00016091624,-4.8598275e-05,1.441245e-05
ZNF747,-7.015653e-05,-0.0005366728,-0.00015343726,-0.00019145105,-0.00063254684,0.000121374615,0.00026267488,1.2501958e-05
TRMT10B,-7.833168e-05,-6.84578e-05,0.00012313388,3.7930906e-05,0.0021864027,-0.0002786019,-0.0001838198,6.5068016e-06
SMAD7,0.0002804231,0.00015133992,0.00035001524,-0.00011675712,0.0019220263,4.8125163e-05,-0.00021122862,-1.1910219e-05
IMPAD1,-5.5732206e-05,-0.0005387571,-0.0003079828,-9.140838e-05,-4.5120716e-05,0.0001120856,0.00027858187,2.1342887e-05
ACTRT1,-0.00020020083,-0.00047482736,-0.0003417395,0.00011267234,-0.00096369535,-8.1167556e-05,0.00018566381,2.534897e-05
RBFA,5.2344054e-05,-0.00010497309,2.8958544e-05,-6.352179e-05,6.765872e-05,0.000115790404,4.12995e-05,1.1655502e-06
ZNF678,0.00024710968,-4.4237822e-06,0.00019582734,-0.00015784334,0.0018754303,0.0001656767,-4.6374276e-05,-6.754766e-06
ZFAND3,-2.2588298e-05,-0.00012144633,-8.859113e-05,5.2501447e-05,-0.0011167452,7.303152e-05,5.5957586e-05,8.969801e-06
KCNF1,0.00027017482,0.00018460676,0.00019782782,-2.8347597e-05,0.0021425486,4.3921173e-05,-0.00017624069,-4.8787333e-06
ART1,-0.0002197437,-0.0004947074,-0.0003656894,0.00012381654,-0.001090534,-9.2295e-05,0.0001967214,2.6700902e-05
CDH8,7.428229e-06,3.313832e-05,-7.488765e-05,0.00014262181,-0.0030322075,7.147994e-05,1.5841797e-05,7.723225e-06
C2orf69,0.00031469762,0.00017886981,0.00037429668,-0.00019360334,0.0001462996,0.0001902869,-0.00014564116,-1.4589517e-05
RPL13,-0.0002101995,-0.00055978633,-0.0004266668,0.00013098866,-0.0004120916,-2.9154122e-05,0.00024057087,2.9208371e-05
MGST3,-5.4914504e-05,-0.00023426674,-4.570745e-05,4.434027e-06,0.00069235265,-4.3122098e-05,2.71881e-05,1.0077492e-05
PCMT1,-7.1998686e-05,-0.0001820568,-4.61936e-05,5.819369e-05,0.0003881827,-7.976219e-05,-1.4404766e-05,1.1246884e-05
SURF6,0.000117149204,-9.4419345e-05,0.00014191493,-3.34261e-05,0.0002675131,-5.948171e-05,-9.2131086e-05,1.613982e-06
BORA,0.0001158528,0.0005302597,0.0006090142,-7.5456686e-05,0.0009041503,2.3003668e-05,-0.00037920754,-2.7233036e-05
SDF4,4.2801723e-05,-3.9424747e-05,3.6340207e-05,-4.803762e-06,0.00029434264,-2.948381e-05,-5.2823685e-05,5.6311255e-06
UBL7,9.158254e-05,0.00011822581,0.0001326669,1.7558224e-05,0.0003754273,4.829932e-05,-0.00011322554,-9.633368e-07
CHORDC1,-8.152798e-06,-6.149523e-05,6.745942e-05,2.078712e-06,7.7836215e-05,2.561137e-07,-4.6534464e-05,3.2584649e-06
LY6G6F,-0.00022479892,-0.0004972257,-0.00036888942,0.0001267977,-0.0010883063,-9.789877e-05,0.00019650534,2.695818e-05
PROKR2,-0.00023216009,-0.00052921474,-0.0003813859,9.882916e-05,-0.0013842881,-4.7155656e-05,0.00023698714,2.6753638e-05
LRRC14B,-0.00021708943,-0.00048895366,-0.00036055222,0.00012257323,-0.0011222437,-8.885935e-05,0.00019481964,2.6362599e-05
GPR150,-0.00021708943,-0.00048895366,-0.00036055222,0.00012257323,-0.0011222437,-8.885935e-05,0.00019481964,2.6362599e-05
RNF215,-0.00025143288,-0.00043066777,-0.000244027,0.00011185836,-0.00061463565,-0.00022864388,9.7940676e-05,2.2180262e-05
TSPAN1,-9.448454e-05,-0.00018402562,-0.00011474453,0.00012392737,-0.00060971826,-0.00012886943,4.1872263e-06,1.3979734e-05
CYP2C9,-0.00023866072,-0.0004738737,-0.00034363754,0.00013212766,-0.0011225045,-0.000120613724,0.00017400738,2.6098918e-05
PNO1,0.00030393712,0.00014082715,0.00027827173,-0.0001489427,0.00012950599,0.00025851,-8.947123e-05,-1.142011e-05
FCN3,-0.0001462847,-0.00039448403,-0.0002645664,0.00010104757,-0.0007093176,-7.405691e-05,0.0001335144,2.1130661e-05
CNTD1,4.13917e-05,-1.0561198e-05,0.00014147349,-4.510861e-05,0.0008456856,3.475789e-05,-7.174816e-05,-2.030516e-06
CLIC3,0.00015300326,-9.828061e-05,8.8032335e-05,-5.9068203e-05,-1.15558505e-05,0.00018796418,7.3313713e-06,-5.9534796e-07
SFRP2,-0.00028309785,-0.00071153976,-0.0004861597,1.6276725e-05,-0.0016690046,-3.0556694e-05,0.0003649313,3.1660777e-05
THAP1,2.129376e-05,0.00017196313,0.00016204268,3.8150698e-05,-0.0034381375,7.759966e-05,-8.995179e-05,-3.1659147e-06
HMOX1,0.00036502816,-6.0724095e-05,0.00014398061,-0.0002301205,0.00022921711,0.00046667736,9.170268e-05,-8.164556e-06
GPR34,-0.0003932584,-0.00081389584,-0.0007954966,0.0002884455,-0.001510948,-0.00019214628,0.00039476808,4.9873022e-05
LRIT2,-0.00012499467,-0.00038977154,-0.00024251081,4.363805e-05,-0.0009872541,-1.6040169e-05,0.0001620492,1.8802006e-05
CCDC159,-0.00021578185,-0.00015958771,-0.0002717469,0.00030680373,-0.00280191,-0.0003037071,-1.7601997e-06,2.278958e-05
PLIN3,-0.00026870705,-0.00045141391,-0.00049319677,0.00024784822,-0.0020394549,-0.00014565745,0.00020311773,3.2216427e-05
CD1C,-0.00015196949,-0.0003916286,-0.00026152842,7.816218e-05,-0.0008594692,-6.1625615e-05,0.00014767423,2.0430656e-05
TMEM38A,9.877421e-05,2.5598332e-05,5.1358715e-05,5.3486787e-05,0.00028569996,-5.312171e-05,-9.6692704e-05,4.0438026e-06
OGN,-0.00022694282,-0.0004014317,-0.00032325275,0.00014022272,-0.0010194257,-8.5602514e-05,0.00015514903,2.431136e-05
ZSCAN5A,-0.00011184439,-0.00023709424,-0.00013920479,7.548649e-05,1.0453165e-05,-0.0001131529,3.573019e-05,1.5192665e-05
GPR137C,-0.0001478158,-0.0007641632,-0.00066211633,0.0001589423,-0.0019181967,8.965377e-05,0.00041302107,4.066981e-05
GGPS1,-6.0500577e-05,-0.00023479946,-0.00013433024,8.796621e-05,-0.0008427799,-8.8229775e-05,4.1924417e-05,1.4847377e-05
F11R,4.7914684e-05,-0.0002230648,-4.4092536e-05,-7.160939e-05,-0.00056290627,0.00013982318,9.512808e-05,7.917173e-06
ZNF17,0.00023627654,0.00082814135,0.0007379856,5.012192e-05,0.0009791404,-0.00013196468,-0.00060080644,-3.0089985e-05
PRR5,-4.936382e-05,-2.877973e-05,-6.3441694e-05,0.00010804739,-0.0014517456,4.7916546e-06,-2.881512e-06,9.232899e-06
AK4,-0.0005148463,-3.0661e-05,-0.00014213845,0.00033781398,-0.0010747537,-0.00046440866,-0.00014300738,2.0272797e-05
FAM221B,-0.00017262064,-0.00045310333,-0.00028568506,9.325426e-05,-0.0009909123,-8.771103e-05,0.00015971065,2.24174e-05
PTGER1,-0.00020120479,-0.0004746467,-0.00034292974,0.00010849349,-0.0010552928,-7.3321164e-05,0.00019041356,2.530159e-05
ASB13,-0.00024283119,-0.00057471916,-0.00053773075,0.00017217081,-0.000477314,-6.3343905e-05,0.00028365105,3.3546356e-05
CEACAM1,-0.00013645366,-0.00036692433,-0.0002228152,7.9843216e-05,0.00034671277,-5.573593e-05,0.000108804554,1.9051251e-05
CD72,-0.00020733662,-0.00051449053,-0.00036446564,9.747967e-05,-0.0006810576,-6.98138e-05,0.00021168217,2.6323367e-05
TAF8,7.437542e-06,-0.000416331,-4.840456e-05,-0.0001984667,0.0012969971,9.960029e-05,0.00015291385,8.650008e-06
HDAC1,-0.000117762014,-0.0003863927,-0.0001202859,-2.1832064e-05,0.0011724085,-0.00013827626,7.5385906e-05,1.4838064e-05
MND1,-0.00020626932,-0.00037891604,-0.0002062805,5.058106e-05,0.00026109815,-0.00021264656,7.772911e-05,2.2562803e-05
EGR4,-0.000100558624,-0.00031615235,-0.00021801703,7.731933e-05,-0.0011116266,8.439645e-06,0.00012584683,1.7689075e-05
KLF12,-0.0003224481,-0.00076001324,-0.0006685853,0.00014811754,-0.001302503,3.6156736e-05,0.00041924324,4.157878e-05
EPDR1,-0.00022007525,-0.00027161092,-0.0003774464,0.0002274299,-0.0029021427,-6.3287094e-05,0.0001513362,2.531556e-05
CHMP1B,-0.0004091505,-0.0005946439,-0.00041569024,0.00016305782,-0.0011196136,-0.0002129185,0.00021148194,3.1551346e-05
ZNF572,-0.00029521808,-0.00048601255,-0.00034314953,8.919742e-05,-0.0018152297,-8.838903e-05,0.00021561608,2.4795881e-05
UBLCP1,-4.2030588e-05,-0.00018256344,-5.1477924e-05,1.8663704e-06,-0.00027170032,-6.7265704e-05,3.1403266e-05,9.106123e-06
APP,-0.0009765476,-0.0019592326,-0.0017626304,0.00052185263,-0.004576154,-0.00037494907,0.0009930758,0.000104209175
EPSTI1,0.00012974814,-7.016212e-05,0.00017015822,-0.0001584515,0.000104151666,0.00021093432,1.19339675e-05,-5.424372e-06
CD99L2,-2.7712435e-05,-0.00021724403,-0.000105805695,6.1202794e-05,-0.00061095506,-5.574338e-05,3.8843602e-05,1.1933269e-05
CCR1,-0.00028075278,-0.0006267708,-0.0005124733,0.00017400086,-0.00096827,-0.00011013867,0.0002769176,3.424671e-05
HEXIM2,-0.00026006065,-0.00016798824,-0.00011005998,0.00023531262,-0.0006197542,-0.00043697376,-0.00011618342,1.9164057e-05
ATAD2B,3.8689002e-05,-0.00045979768,-0.00020030141,-0.00011742767,0.0002060458,0.00011990126,0.0002180729,1.5875441e-05
CARD8,0.000120395795,-0.00029365346,-6.708503e-05,-0.00018510316,-0.0021617338,0.00040816516,0.0002746163,-4.1280873e-07
PAQR7,-4.9205497e-05,0.00011768378,0.00032194518,8.1118196e-07,0.0022161528,-0.00030841585,-0.00030673388,-2.6730122e-06
TDRD10,-0.00011953525,-0.00032095984,-0.00020615384,9.4327144e-05,-0.00070220977,-6.420538e-05,9.480119e-05,1.808547e-05
ECHDC1,-9.758212e-05,-0.00043567084,-0.00035542808,9.009615e-06,-0.001877062,0.0002002716,0.0002993755,2.1092827e-05
KCNIP3,-9.750761e-05,-0.00015226379,6.683171e-06,2.1431595e-05,0.00031669438,-0.00010440219,-3.715139e-05,9.770272e-06
CA5B,0.0002458878,0.0006655529,0.0006416105,-1.7140992e-05,0.0020798445,-9.925105e-06,-0.00047210883,-2.8445851e-05
PGRMC2,-0.0002119802,-0.00042715482,-0.00045588426,0.00019094069,-0.0019424781,-3.597699e-06,0.00023639575,2.878299e-05
MRPL24,-7.3406845e-06,-2.1079555e-05,9.1737136e-05,-7.1935356e-06,4.6260655e-05,-7.050298e-05,-7.973332e-05,2.8493814e-06
RHOJ,-3.742054e-06,-3.7234277e-05,-3.759563e-05,5.524885e-05,-0.0012877136,3.372878e-05,5.993992e-06,6.5746717e-06
NUP37,-0.0006635692,-0.0012793615,-0.0011306871,0.0002992563,-0.005474232,-9.578094e-05,0.0007257201,6.612844e-05
MSMO1,-0.0002261214,-0.00046058,-0.00033067726,0.00012368243,-0.00046037138,-8.920953e-05,0.0001686113,2.516678e-05
POLR1D,5.763024e-06,3.759004e-05,9.432435e-05,-1.2949109e-05,0.00032375008,6.9716945e-05,-5.2286312e-05,1.3795216e-07
CIDEC,-0.00010778569,-0.00019257702,-0.00013176166,8.920487e-05,-0.00019028038,-4.396215e-05,3.999099e-05,1.3465411e-05
TWIST1,5.4962933e-05,0.00026120618,0.00039389543,-0.0001352774,-0.0004396215,3.588572e-05,-0.00018952135,-1.4510704e-05
CPSF4,0.00022297166,-0.0001568012,-6.0331076e-05,-5.5620447e-05,0.00054156035,0.0001511937,4.822761e-05,9.35595e-06
CD4,-0.0003411863,-0.0006816704,-0.0006315224,0.0002643671,-0.002084501,-0.00014421484,0.00031991955,4.034734e-05
DUSP23,-9.7192824e-05,-0.00025807694,-0.00027985312,0.000117551535,-0.00062154233,1.903344e-05,0.00014182832,1.9377912e-05
B3GNT5,0.00039339624,9.156764e-06,0.00021825172,-0.00026718248,0.0009140447,0.00038552005,2.8871e-05,-1.159322e-05
XRCC2,3.0087307e-05,-0.00044194981,-0.0002748277,-6.713718e-05,-0.00016413629,0.00017793849,0.0002456326,1.865835e-05
PGPEP1,0.0003312733,0.00026807562,0.00034121238,-0.00010057259,0.0020007715,0.00014577154,-0.00020599086,-1.4292193e-05
SIGLEC6,-0.00026074238,-0.0005912781,-0.00044329837,0.00013602339,-0.0013847277,-8.9749694e-05,0.00025075767,3.0739116e-05
CUTA,-0.00023063272,-0.00020548142,-8.381531e-05,0.00013287086,-0.00019560009,-0.00017774431,-1.5022233e-05,1.31328125e-05
POLB,3.8212165e-05,-0.00014126115,6.375089e-05,-6.118044e-05,0.00085805357,4.438404e-05,-9.480864e-07,2.919929e-06
CXorf36,-0.00021708943,-0.00048895366,-0.00036055222,0.00012257323,-0.0011222437,-8.885935e-05,0.00019481964,2.6362599e-05
FRA10AC1,0.00032632425,-8.05147e-05,0.000101447105,-0.00013494957,-0.00038932264,0.00019065756,1.3832934e-05,-1.04215e-06
SLC37A4,-5.8723614e-05,-0.00023786351,-0.00018155947,0.0001368653,-0.00020093471,-0.00012384215,2.1000393e-05,1.844042e-05
HRG,-0.00022361428,-0.0004936978,-0.00036593527,0.0001263693,-0.0011237562,-9.5377676e-05,0.00019566063,2.674642e-05
CHMP4B,0.00017989427,-8.4552914e-05,3.3428892e-05,3.7761405e-05,0.00016794354,-1.9120052e-05,-7.3356554e-05,6.535556e-06
HNRNPH2,-0.00017153472,-0.00059194304,-0.00050969236,0.00013752468,-0.0014624372,4.758686e-05,0.00031303987,3.2671844e-05
TVP23C,0.0001506228,1.2001023e-05,6.96443e-05,-4.909374e-05,0.0005550608,9.8383985e-05,-2.9271469e-05,3.9534643e-07
CGREF1,0.00045083277,0.00022927672,0.00026978552,-0.00018301792,0.0010678545,0.0004759794,-4.525669e-05,-1.6314676e-05
ZNF460,0.00010611862,0.00043770485,0.0005613789,-2.5665388e-05,0.0023631155,-0.0002745581,-0.000456349,-1.7919578e-05
CFAP300,-0.0002314914,-0.00065147504,-0.00045752525,1.0785647e-05,-0.0032983273,3.294181e-05,0.00037968997,2.6956433e-05
WDR73,-9.301491e-05,-0.00012584962,0.000114692375,-4.0699728e-05,0.0014853477,-0.0002121944,-9.590294e-05,3.7089922e-06
MAJIN,-0.00021412224,-0.0004879646,-0.0003598202,0.00012645498,-0.0011405498,-9.4848685e-05,0.00019111298,2.6406837e-05
ACSM6,-4.3738633e-05,-0.00010155514,5.2290037e-05,-1.4333986e-05,1.528114e-05,-2.4760142e-05,-2.956111e-05,4.2937463e-06
SRSF3,-0.00035024807,-0.0007156227,-0.0005605221,0.0001881551,-0.0009865239,-0.00013255933,0.00030147657,3.8100872e-05
ZNF844,-0.00019148923,0.00031445362,0.0004482381,0.00018040277,0.00094275177,-0.0005716579,-0.0005040532,-6.8451045e-06
RSRP1,-6.879307e-05,-0.00029576384,-0.00012321584,1.2954697e-05,0.00086367875,-1.848489e-05,8.236617e-05,1.2275181e-05
TPMT,0.0003342107,0.0008270964,0.00095628947,-0.0001476584,0.002582781,-2.0758249e-05,-0.00062901806,-4.0906714e-05
RPS24,-0.00024403632,-0.0006969068,-0.0005501304,0.00016467087,-0.0007143244,-4.0879473e-05,0.0003146436,3.5758712e-05
CRKL,-0.00015708618,-0.00038617663,-0.00018837862,5.3774565e-05,7.271767e-05,-0.000104207546,9.5982105e-05,1.8772203e-05
SV2C,0.00022791512,-2.6308e-05,0.00038397498,-0.00029786956,0.00011865795,0.00023007113,-4.9924478e-05,-1.4705583e-05
ADPRHL2,7.215515e-05,-0.00032305717,-0.00013827346,-5.1627867e-05,0.0010633767,4.664436e-05,0.00011083949,1.3027573e-05
STEAP1,0.0001277253,0.0003837105,0.00039839745,-4.069321e-05,0.0012334287,-1.522433e-05,-0.0002912348,-1.3628509e-05
CYB5D1,0.0002568327,-2.4044886e-05,0.00023177825,-0.00026617013,0.00028134137,0.00024025887,1.1362135e-05,-9.114854e-06
MARC1,-0.00021708943,-0.00048895366,-0.00036055222,0.00012257323,-0.0011222437,-8.885935e-05,0.00019481964,2.6362599e-05
MTERF4,8.863211e-05,-3.094785e-05,0.0003119465,-0.00020080805,0.0023314431,6.0471706e-05,-0.0001102658,-9.772484e-06
GCNA,0.00010698661,0.00011500344,0.00021235272,-7.532537e-05,-0.00036273897,0.00010911841,-8.665677e-05,-7.620547e-06
PECR,0.00037162937,0.0005248077,0.0005052835,-0.00012146868,0.0013140813,0.0002283724,-0.00030729454,-2.1943008e-05
ZNF773,0.00028910115,0.00062027574,0.0005933214,-2.849847e-06,0.0023130476,-5.093962e-05,-0.00048581604,-2.2424618e-05
DDIT4,-0.00028137118,-0.00032146834,-0.00031548738,0.00022358168,-0.0008470416,-0.00022761477,7.267017e-05,2.6400085e-05
CTSO,3.5315752e-06,-0.00011073053,-1.9961968e-05,-2.5261194e-05,-0.0002464503,5.0132163e-05,4.0049665e-05,5.021342e-06
MRPL32,5.2962452e-05,-2.7550384e-05,7.451326e-05,2.846215e-05,-0.00021336973,-3.7119724e-05,-7.112138e-05,3.0373922e-06
ARL4D,0.0001451131,7.604994e-05,0.00021265633,-7.2829425e-06,0.001347974,-5.6216493e-05,-0.00017856155,-2.3696339e-06
ZNF586,3.9974228e-05,0.00021155924,0.00030426867,6.836001e-05,0.0015284419,-0.00027320627,-0.00031662267,-4.419475e-06
RAB9A,-0.0002587568,-0.0006709881,-0.0004920643,9.48403e-05,-0.0016192123,-0.00012734905,0.00029222388,3.4201308e-05
RRAS2,-0.0002562534,-0.00044861995,-0.00031108037,9.7143464e-05,-0.0016627088,-0.00014909869,0.00016864389,2.5018351e-05
HSD17B7,-0.00026169047,-0.00040507317,-0.0002712179,5.975552e-05,-0.00208126,-3.541168e-05,0.00018899143,2.0431122e-05
CLDN6,-0.0002034232,-0.0004587099,-0.0003245864,0.00011481438,-0.0010075197,-8.654967e-05,0.00017224532,2.4618115e-05
MNAT1,6.9104135e-06,-6.845221e-05,0.00016663037,-9.181909e-05,0.0010096282,-1.6937964e-05,-7.7046454e-05,-4.696194e-07
ZNF232,0.0001375787,0.00018743426,0.00027785078,-8.195825e-05,-0.000112719834,0.00011972524,-0.00013206247,-1.0023941e-05
KANSL1,-0.00025709718,-0.0006686952,-0.00044414774,8.890685e-05,-0.0012376755,-4.6788715e-05,0.0002921503,3.0046096e-05
RFNG,7.265806e-05,-6.812252e-05,-9.925291e-05,0.00010428019,-0.0007509738,5.614478e-05,1.13509595e-05,9.566662e-06
SDR16C5,-8.744933e-05,-0.00037776493,-0.00020411052,1.5380792e-05,-0.0009312257,1.6067177e-05,0.00015400723,1.6964972e-05
CD34,-7.655658e-05,-0.0005300492,-0.00040502846,0.000110819004,-0.0008235648,1.1452474e-05,0.00023967028,2.565165e-05
HEMGN,7.349625e-05,-0.000109827146,-4.376471e-05,3.2481737e-05,0.00072262436,7.176492e-05,-2.02097e-07,8.339994e-06
DOHH,0.00027230754,0.0003217701,0.00047846697,-0.00016639847,0.0022242293,2.9753894e-05,-0.00028507318,-1.840503e-05
ASPHD1,0.00043362193,0.00041840225,0.0006570369,-0.00024937652,0.002528675,7.247459e-05,-0.00036694948,-2.607482e-05
FGF9,-1.8423423e-05,-0.0006014053,-0.0004058499,2.004765e-05,0.00040077418,3.7297606e-05,0.0002708016,2.761092e-05
CTB-133G6.1,-0.00021708943,-0.00048895366,-0.00036055222,0.00012257323,-0.0011222437,-8.885935e-05,0.00019481964,2.6362599e-05
RSPH9,0.00010640733,-0.00019105896,-6.200187e-05,-5.926937e-05,-0.00086387247,0.00011368189,9.4447285e-05,7.5055286e-06
HRH4,1.3111159e-05,-0.00029478967,-7.44611e-05,-8.5920095e-05,-8.903444e-06,0.00010929443,0.00011834595,9.63104e-06
LAD1,-0.00019997917,-0.0004729051,-0.00033044256,0.00010933913,-0.0007303357,-9.591784e-05,0.00017408095,2.5216257e-05
CH25H,4.867092e-06,-0.0005757734,-0.00046743825,-1.9960105e-05,-0.00053780526,0.00027815253,0.0003880188,2.5660265e-05
MTNR1B,-0.00021708943,-0.00048895366,-0.00036055222,0.00012257323,-0.0011222437,-8.885935e-05,0.00019481964,2.6362599e-05
NKX3-1,-0.00010778196,-0.00022414885,-0.0001365114,6.768294e-05,-0.00024367869,-5.7570636e-05,4.839152e-05,1.49901025e-05
TMEM229A,7.273443e-05,-0.00011266582,1.29994005e-05,-2.0677224e-05,0.00034339726,5.7508238e-05,-7.960945e-06,6.3896878e-06
SPHK1,-0.00025331788,-0.0005179811,-0.00043590367,0.00015769247,-0.0002898872,-0.00012243213,0.00021574553,2.9950636e-05
AGAP6,-1.097098e-05,-0.00021300837,-4.803203e-05,-9.349547e-05,-0.00015743077,0.00015497115,0.000121269375,5.313428e-06
IFNGR1,0.0002202969,-8.375198e-05,0.00011911243,-0.00019143242,0.0015111789,0.0002820585,4.1577965e-05,-3.7684804e-06
KLHL12,-0.00025764666,-0.00054473616,-0.00041311048,0.00013178214,-2.168864e-05,-8.571055e-05,0.00021431595,2.9298128e-05
LACC1,6.603077e-05,-4.8767775e-05,5.333498e-05,-1.4127232e-05,0.0010921061,2.6117079e-05,-4.1428022e-05,2.6829075e-06
PRELID1,0.00033914484,0.000160845,0.00036933832,-0.0002755886,0.00048028678,0.00028523803,-8.868426e-05,-1.5547965e-05
CHMP6,-0.0002275724,-0.0001063887,3.2076612e-05,5.440321e-05,0.0007201955,-0.00023411168,-7.964298e-05,8.096104e-06
VPS26C,-0.00011621229,4.068017e-05,0.00012113899,4.8303977e-05,0.00011880696,-0.00014961185,-0.00014264788,3.617024e-06
CAVIN2,0.0001527667,-5.8222562e-05,-5.3893775e-05,0.000102917664,-0.0016430914,0.000107621774,3.6358833e-06,6.5574422e-06
SPDYE1,0.00010322407,0.00024915673,0.0004837606,-0.00014880858,0.0011945143,2.5404617e-05,-0.00024349708,-2.020062e-05
SERF2,-5.2906573e-05,-0.00035534985,-0.00017018057,2.0200387e-06,0.00010097027,1.2531877e-05,0.00012689922,1.5455182e-05
CNMD,-2.8457493e-05,0.00019564852,0.0001942981,8.6490065e-05,-0.0007997602,-0.000109185465,-0.00018570852,-4.6592904e-06
C11orf54,0.00015534088,7.5906515e-05,0.00027863123,-0.00014073681,-0.00022024661,8.2574785e-05,-0.00010523107,-9.17213e-06
PROP1,-0.0002048891,-0.00046036206,-0.00033883005,0.00011943746,-0.0010382459,-8.060504e-05,0.00018146541,2.498948e-05
SHARPIN,0.00018895045,0.00041734986,0.0004468672,-2.5468878e-05,-0.0001584217,2.6787631e-05,-0.00029848237,-1.743983e-05
RHOH,-8.568168e-05,-0.0004866328,-0.00021187216,-6.862357e-05,-0.0007591918,5.3057447e-05,0.00021318998,1.7676037e-05
SERPINA5,-0.0003358554,-0.0007609185,-0.0006138608,0.00018645171,-0.0024086758,-0.00013478473,0.00034868438,4.0340354e-05
ARF5,-4.5077875e-05,-0.00015294552,-8.088723e-05,4.6676025e-05,-6.0796738e-05,3.7344173e-05,4.161056e-05,1.0016607e-05
ZNF623,0.0003142543,0.00017659552,0.00029959716,-0.0001673568,6.0364604e-05,0.00032346044,-9.083189e-05,-1.2481236e-05
C10orf120,-0.00021708943,-0.00048895366,-0.00036055222,0.00012257323,-0.0011222437,-8.885935e-05,0.00019481964,2.6362599e-05
PRKAG2,0.00021927059,0.0004294254,0.0005734451,-0.00024730898,0.0025562644,0.00017243251,-0.0002774978,-2.5264802e-05
RPS17,1.7987564e-05,-0.0006012749,-0.00035349466,-7.2738156e-05,0.00017042458,0.00018464774,0.00031880848,2.3087254e-05
CCDC91,1.5748665e-05,9.8608434e-05,9.243935e-05,0.00011800695,-0.00027009845,-0.00012001628,-0.0001558857,2.6564812e-06
LRRC34,0.0002830308,-0.000120205805,0.000112023205,-0.00027621444,0.00033658743,0.00036271662,0.00011562463,-5.3407857e-06
RPS13,-0.00018412061,-0.00057383813,-0.0004399307,0.00012692157,-0.00032772124,-1.8868595e-05,0.00025027525,2.99362e-05
AAGAB,0.00015322678,0.00020404533,0.00038285926,-0.00017391238,0.00047712773,6.867014e-05,-0.0001721615,-1.4275429e-05
TAGLN,0.00039474666,0.00079966895,0.00086380914,-0.0001616301,0.0005014762,0.00020851009,-0.0004894743,-4.209811e-05
TMEM236,-0.0002179835,-0.00044340268,-0.0003307201,0.00015275367,-0.0010832623,-0.00014621997,0.00014916994,2.5372952e-05
ZNF414,0.00022942945,6.9124624e-05,0.00017503463,-0.00010485668,0.00042312592,0.00013340637,-5.9273094e-05,-6.133807e-06
DMRTA2,-1.932308e-05,-0.00015259348,-2.3299828e-05,1.8737279e-05,0.0012576878,-4.945416e-05,-3.089197e-05,9.83174e-06
RNF167,-0.0001501739,-2.8094277e-05,4.3867156e-05,8.9018606e-05,-0.0018395633,-0.00013607927,-6.7702495e-05,5.488866e-06
CLRN2,-0.00021708943,-0.00048895366,-0.00036055222,0.00012257323,-0.0011222437,-8.885935e-05,0.00019481964,2.6362599e-05
KCNK3,0.00048727542,0.00029569864,0.00035524555,-0.00021927524,-0.00043603033,0.00045971852,-7.980317e-05,-1.7978135e-05
DEPTOR,0.00013437122,7.950328e-05,0.0002372507,-7.354468e-05,0.00044198334,3.2710843e-05,-0.000119832344,-7.631723e-06
HHLA1,-0.00021708943,-0.00048895366,-0.00036055222,0.00012257323,-0.0011222437,-8.885935e-05,0.00019481964,2.6362599e-05
VDAC1,4.0909275e-05,-5.710125e-05,9.134784e-05,-2.9197894e-05,0.0007731393,-2.4813227e-05,-6.715581e-05,3.2422831e-06
FBXO45,0.00038105436,2.6488677e-05,0.00021182373,-0.000264436,0.0023229122,0.00030897278,-9.269454e-06,-7.749884e-06
FSTL1,-0.0012268312,-0.002066495,-0.0020081587,0.0006770706,-0.008191146,-0.00055648386,0.0010928093,0.000116993324
GPR17,-0.00020984374,-0.00049286895,-0.00032284297,-3.0108728e-05,-0.0004717037,6.889831e-05,0.00027413294,2.0908657e-05
CD180,-8.722581e-05,-0.00051327795,-0.0002908241,-1.565367e-05,-0.00024119765,8.639507e-05,0.00024383608,2.0526466e-05
EVPLL,-0.00020529889,-0.00050014444,-0.00037289038,0.00011568703,-0.0011765659,-6.824732e-05,0.00020936318,2.6727444e-05
LRP11,5.7373196e-05,-0.00014941208,9.3976036e-05,-0.0001460202,0.0008080527,-7.16839e-06,-1.5332364e-05,4.310161e-06
MMP7,-0.00025224313,-0.0005172938,-0.0004092455,0.00013877358,-0.0011297688,-8.095987e-05,0.00022146013,2.870243e-05
MUL1,-4.787743e-05,0.00019421242,9.649433e-05,0.00019996893,-0.0012996048,-0.00016181497,-0.00019773189,3.0980445e-06
ANXA5,-0.00022095256,-0.00041942485,-0.0002943538,9.62466e-05,-0.00090046227,-9.45963e-05,0.00015914068,2.235244e-05
RAB3C,0.0001566261,0.0003982056,0.00047433004,-9.061303e-05,-0.00014086813,3.6383048e-05,-0.00027593318,-1.7799088e-05
C2CD4B,-2.347678e-05,-0.00047308765,-0.00031286478,4.3871813e-05,-0.0008435175,9.054132e-05,0.00022399239,2.0596315e-05
EME2,-0.00017003901,-0.00044992007,-0.00030859932,8.935854e-05,-0.00082059205,-6.031152e-05,0.00017511193,2.3372355e-05
RCN1,-0.00031861663,-0.00048214197,-0.00030700117,3.728643e-05,-0.0022921413,-0.00013737846,0.0002037147,2.5200075e-05
DFFB,0.00044164807,0.00040877983,0.00050662085,-0.00020742696,0.00084878504,0.00028439704,-0.0002288958,-2.5333953e-05
CXorf38,-0.000214234,-0.00011114776,1.0536984e-05,9.8581426e-05,0.00047566742,-0.00029098196,-0.00010232348,1.0830117e-05
PNPLA4,0.00015781075,-0.00013734028,0.00014145859,-0.00017010607,-4.2244792e-05,9.968877e-05,4.4191256e-06,-3.874302e-07
GTF2A1L,-0.00021708943,-0.00048895366,-0.00036055222,0.00012257323,-0.0011222437,-8.885935e-05,0.00019481964,2.6362599e-05
JAML,-4.2641535e-05,-0.00014168397,-2.623722e-05,5.128607e-05,-0.00033207983,-4.0683895e-05,-8.852221e-06,8.295057e-06
SNRPB,-5.6639314e-05,-0.00024900213,-2.7231872e-05,-7.6321885e-05,0.0006032437,5.1998533e-05,7.862039e-05,7.020193e-06
CLDN17,-0.00021708943,-0.00048895366,-0.00036055222,0.00012257323,-0.0011222437,-8.885935e-05,0.00019481964,2.6362599e-05
ITGB1BP2,-0.00020499527,-0.00044845045,-0.00032121688,0.00012765173,-0.0007683858,-7.370394e-05,0.00016439427,2.382847e-05
CA1,-0.00025632046,-0.00053531304,-0.0004089065,0.00014477689,-0.0013169348,-0.00012212899,0.00021374598,2.9419782e-05
KHDRBS2,0.0001164861,0.00035148114,0.0002765227,6.871577e-05,1.7426908e-05,9.276904e-06,-0.0002499288,-8.143135e-06
TP53TG5,-0.0001235716,-0.00038564578,-0.00023081899,2.3876317e-05,-0.001014486,4.7726557e-05,0.00018406473,1.6824924e-05
BPIFC,-0.00017598271,-0.00048046,-0.00034301914,9.6087344e-05,-0.0010817274,-4.8350543e-05,0.0002013063,2.4859444e-05
CHPT1,-7.610768e-06,0.00010932423,0.00010599941,8.493941e-05,-0.00029030442,-0.00013097702,-0.00014999043,2.3826724e-06
SLC35G2,-8.869916e-05,2.060458e-05,0.00023965165,-1.22748315e-05,0.0006169602,-0.00020660413,-0.0001839688,-2.645771e-06
ERCC1,-0.00015550107,-8.7032095e-05,-8.6821616e-05,0.00013381522,-0.0008999482,-0.00017673755,-3.9386563e-05,1.3790792e-05
NDUFB8,-5.3413212e-05,-0.000340797,-0.00024792738,6.421562e-05,-0.00034042448,3.8030557e-05,0.00014647096,1.9310974e-05
CFAP73,8.1567094e-05,-8.4215775e-05,0.00012167543,-9.381864e-05,0.0008398369,2.2609718e-05,-4.5146793e-05,7.4948184e-07
ZNF296,0.00024431944,-0.00017338246,2.4951994e-05,-0.00015722774,-0.00010031462,0.00023889448,9.639654e-05,9.4168354e-07
MITD1,0.00018187799,0.00025786273,0.00035233982,-5.3888187e-05,-0.00039587915,-1.8932857e-05,-0.00023533683,-1.0350021e-05
DERL2,-0.00028318167,-0.00033984706,-0.00015952066,6.762054e-05,-0.0005727187,-0.00019913586,7.350743e-05,1.8067076e-05
RRAGB,0.00020313077,0.00011332892,0.0003017187,-0.00013342127,0.0014638528,3.7848018e-05,-0.00015745964,-8.914503e-06
TERF2IP,-0.00086863525,-0.0016090125,-0.0015237462,0.00052760635,-0.0053074956,-0.00028967718,0.00084019825,9.0091606e-05
CAV1,-6.3471496e-05,-3.870018e-05,-6.66976e-05,0.00020238385,-0.0007106438,-0.000121974386,-8.815341e-05,1.2927689e-05
PSPH,-0.00035408512,-0.00014568493,-0.00021893904,0.000414595,-0.0011289865,-0.0005674474,-0.00015698094,2.6744441e-05
DLG1,-0.00025069527,-0.00034746714,-0.00024176203,0.00015691947,0.0004342869,-0.0002715285,3.4664758e-05,2.378563e-05
FOLR3,-0.00021708943,-0.00048895366,-0.00036055222,0.00012257323,-0.0011222437,-8.885935e-05,0.00019481964,2.6362599e-05
APOH,-0.00021708943,-0.00048895366,-0.00036055222,0.00012257323,-0.0011222437,-8.885935e-05,0.00019481964,2.6362599e-05
SIRPA,-0.00019555166,-0.00049404055,-0.00047346763,0.00019707158,-0.0018570572,-6.002467e-05,0.0002458049,2.9708957e-05
HGF,-0.0001226496,-0.00023272261,-0.00023142621,0.00015670434,-0.0015844703,-3.373623e-05,8.990336e-05,1.8513529e-05
RCN2,-0.00014768355,-0.0004922338,-0.0003047362,3.636256e-05,-0.00045508146,5.72484e-06,0.00020962674,2.290553e-05
UBE2D3,-0.00040832348,-0.00076458603,-0.00055432506,0.00018130429,-0.0009707138,-0.00019008433,0.00029731356,3.9521372e-05
SPATA31A3,-0.00021708943,-0.00048895366,-0.00036055222,0.00012257323,-0.0011222437,-8.885935e-05,0.00019481964,2.6362599e-05
MRPL22,-0.00011876412,-9.8248944e-05,-0.00013205968,0.0001423303,-0.0014415234,-4.0212646e-05,2.0120293e-05,1.2638047e-05
QPCTL,-0.0002025161,-0.00041332096,-0.00031978264,0.00014689565,0.0006629005,-0.00024230825,9.5342286e-05,2.654281e-05
TAGLN2,-0.00043476932,-0.00089034624,-0.00074647367,0.00023297127,-0.0032005683,-0.00020217896,0.00042114966,4.7318405e-05
ARHGDIA,-0.00032692403,-0.000495689,-0.0004617609,0.00023190677,-0.0018656775,-0.0001803306,0.00019632746,3.340654e-05
GLUD1,0.00013550371,-0.0002076719,1.25691295e-05,-0.00010956824,0.00056277215,5.995948e-05,3.7987716e-05,6.286078e-06
S100PBP,0.00019779243,0.00012402236,0.00030555576,-0.00013694819,0.0017616451,0.00011325255,-0.0001412956,-1.12595735e-05
AKR1E2,-8.300133e-05,-5.4979697e-05,8.828938e-06,5.0589442e-05,0.0001687482,-9.346288e-05,-5.9082173e-05,7.6224096e-06
LILRA4,-0.00019288436,-0.00051853433,-0.00041774474,0.00012488198,-0.00086538494,-5.260948e-05,0.00022474397,2.931687e-05
ZNF681,0.00033886358,0.00060115196,0.00082668103,-0.00030284096,0.0037282258,0.0001339633,-0.0004387917,-3.740145e-05
AMER2,-0.00030231662,-0.0008093696,-0.000656303,0.00017067045,-0.0025341287,-6.4074993e-07,0.00042257737,4.028203e-05
C19orf44,0.00019600801,8.316897e-05,0.00022381358,-0.00011680741,0.00074213,0.00010328926,-9.972323e-05,-6.9980742e-06
GPR4,0.00027909502,0.00055825897,0.0006329678,-0.000120395795,0.0004555285,0.00012008753,-0.0003715763,-2.8653536e-05
SLC9B1,9.790063e-06,-0.0002905652,-0.00021116994,3.4890138e-05,-0.00047140568,6.175134e-05,0.00014257524,1.4960067e-05
TMEM70,-0.0004171282,-0.0008527413,-0.0007231049,0.00019110087,-0.0023307204,-0.00020877039,0.0004084641,4.6168454e-05
SERPINB7,-0.0002220776,-0.0005970597,-0.0004209075,0.00010091625,-0.0011575818,-4.4892542e-05,0.000258632,2.9093935e-05
UNC119B,0.00012098625,-0.00019634329,8.2589686e-05,-0.00017577782,0.00040573627,3.7726946e-05,3.120862e-05,2.3510074e-06
POMK,0.00020078011,0.0002932269,0.00037988275,-0.00012538023,2.193451e-05,0.00014439132,-0.00018208008,-1.6094185e-05
KDELR1,-0.00012740679,-0.0003108736,-0.00023938715,7.990748e-05,-0.0025549382,1.1810102e-05,0.00015884638,1.8232851e-05
NCBP2,-0.00023932196,-0.00030321814,-0.00012676977,0.00010905042,0.00069114566,-0.0002402747,9.033829e-08,1.7516315e-05
C6orf118,-1.6707927e-06,0.00012403354,0.00029159337,6.127637e-05,0.0006825328,-0.0002552038,-0.00028230902,-4.973612e-06
CLTA,-8.1475824e-05,-0.00029644556,-0.00023805536,9.74359e-05,-0.0010088906,1.138635e-05,0.00012927596,1.8430292e-05
CYTIP,-1.6255304e-05,-0.0001898203,-3.4494326e-05,-2.2267923e-06,0.00037991256,1.2801029e-05,3.803242e-05,7.0838723e-06
IZUMO1R,-0.00021708943,-0.00048895366,-0.00036055222,0.00012257323,-0.0011222437,-8.885935e-05,0.00019481964,2.6362599e-05
VTA1,-0.00015317276,-0.00019867904,-0.00016890839,0.00015617814,-0.0010926574,-0.00010992307,2.7447939e-05,1.6969512e-05
DMRTC2,-0.0002197437,-0.0004947074,-0.0003656894,0.00012381654,-0.001090534,-9.2295e-05,0.0001967214,2.6700902e-05
ZNF683,-0.00021708943,-0.00048895366,-0.00036055222,0.00012257323,-0.0011222437,-8.885935e-05,0.00019481964,2.6362599e-05
NPY1R,0.00045942888,0.0004524924,0.00031883083,-2.7665868e-05,0.00085713714,0.00034732092,-0.00019587297,-1.7539016e-05
PDPK1,0.00032619573,7.550791e-05,0.00027772412,-0.00016001146,0.0012327805,0.00013654493,-0.00011343788,-9.704963e-06
KNSTRN,-0.00017089956,-0.00011958182,-5.2388757e-05,3.1219795e-05,-0.0013298243,-2.5095418e-05,3.635045e-05,9.020441e-06
AMZ2,0.00011225045,5.153939e-05,0.00013907999,-7.789489e-05,0.0004480332,9.3461946e-05,-6.0203485e-05,-1.9457657e-06
GOSR2,4.995428e-05,-5.7836995e-05,-9.09809e-05,6.289035e-05,-0.0014330745,7.716846e-05,3.718864e-05,9.490061e-06
STX1B,-0.00011983141,-0.0002324991,-0.00015458278,0.00010158867,0.0002861172,-0.0001517469,2.1571293e-05,1.6810256e-05
MAPRE3,8.519553e-05,0.0001824759,0.0002491083,1.5312806e-05,-2.4735928e-05,-5.684048e-05,-0.00020026695,-4.747999e-06
ZNF830,8.845702e-05,1.3630837e-05,0.00024080649,-9.223912e-05,0.0024563447,1.7530285e-05,-0.00013897661,-4.6377536e-06
TESMIN,5.4661185e-05,-0.00022534095,-8.210912e-05,9.346753e-06,-0.00015489012,-2.2615306e-05,4.3622218e-05,1.1337572e-05
SAAL1,7.6927245e-05,0.00033053197,0.00021936744,0.000111896545,0.00086123496,-8.221064e-05,-0.00026399735,-4.0846644e-06
RAD9B,-0.00018881634,-0.00027435273,-0.00013010763,5.994551e-05,-0.00035288185,-0.00011135219,4.879944e-05,1.6405713e-05
C12orf66,3.935583e-05,2.8051436e-06,0.00012740307,-4.3648295e-05,0.00083427876,2.3071654e-05,-7.161312e-05,-9.865034e-07
NOP16,0.00022135302,5.9315935e-05,0.00025140122,-0.00013267342,0.0010301173,0.00013254676,-0.00010091718,-9.26631e-06
AMIGO3,0.0001330711,-9.680353e-05,1.1306256e-06,-0.00011640601,-0.0024764314,0.00032480992,0.00013227016,7.4959826e-07
LRTM1,0.00027011894,0.00048463792,0.0007149242,-0.0003319215,0.00016967207,0.00026373658,-0.00028671976,-3.3161836e-05
REXO2,0.0001069624,0.00017725304,0.00027336925,1.4432706e-05,0.0005741194,-4.6237372e-05,-0.0002228627,-6.1641913e-06
ANXA10,-0.00016632862,-0.00046947598,-0.00032876432,8.7272376e-05,-0.00090393424,-3.2472424e-05,0.00019607134,2.3889472e-05
RLN3,-0.00020631775,-0.0004849173,-0.0003542602,0.00011602696,-0.0010397956,-8.155126e-05,0.00019359961,2.5945832e-05
NSA2,0.00012452714,4.1576102e-05,0.00016381219,-6.3992105e-05,0.00083240867,0.00010232255,-7.708743e-05,-3.3390243e-06
F2RL1,-0.00012482144,-0.0002696514,-0.00018606894,0.00011427514,-0.0012056604,-7.4498355e-05,7.6053664e-05,1.6512466e-05
YBX3,7.624924e-05,-0.00022304803,-0.0001528021,5.047489e-05,-0.0011584684,5.9979036e-05,9.3228184e-05,1.2838165e-05
FBXL16,-0.00015723892,-0.0005979743,-0.0005210228,0.00013178866,-0.0005610734,3.735535e-05,0.00030223746,3.4085708e-05
RPS6,-0.00025824644,-0.0006847698,-0.00053177215,0.00014775433,-0.00024312735,-4.9628317e-05,0.000304427,3.4919125e-05
PRPF18,0.00010206178,-8.314848e-06,0.00017547794,-6.7175366e-05,-0.0007624924,6.617885e-05,-6.738305e-05,-2.5191111e-06
TIPRL,-0.00010812841,-0.00028909743,-0.00025815144,0.00010187831,-0.0018698648,5.4825097e-05,0.00016020611,1.8290477e-05
MTRF1L,-0.0002837032,-0.00028970838,-0.00016901083,0.00011423882,-0.0007228479,-0.0002580518,3.7678517e-05,1.8564635e-05
TIMM17B,-2.1385029e-05,4.371628e-06,3.411807e-05,6.536208e-05,-0.0008255765,-2.2774562e-05,-5.306676e-05,4.2847823e-06
TMC5,6.241165e-05,-0.00012280047,-2.4929643e-05,-2.235081e-05,-0.0011760965,8.586794e-05,5.59669e-05,4.8336806e-06
PILRA,0.00025184825,-9.652227e-05,6.56303e-05,-0.00014175009,-7.83056e-06,0.0003054142,8.7546185e-05,-3.3237739e-06
GRK2,-7.3239207e-06,-0.00015408173,-2.6738271e-05,8.283183e-06,0.00053020567,-3.9097853e-05,1.0244548e-06,8.731615e-06
C5AR1,-6.82883e-05,-0.00045095943,-0.00025895797,-8.958392e-06,-0.00063536316,8.816458e-05,0.00022987276,1.7667538e-05
PLIN5,0.00010240264,0.00027084537,0.00037087686,1.9678846e-06,0.002166018,-0.00017550029,-0.00032557268,-1.0259566e-05
BEND5,0.00014304556,0.00024270825,0.00034051947,-3.6169775e-05,0.0011647567,2.175942e-05,-0.00023077521,-1.0801246e-05
C19orf67,-0.00018851832,-0.0005450137,-0.00042958185,0.00012673251,-0.001535818,-3.85046e-05,0.00025069993,2.8872048e-05
ERBIN,-0.00042754598,-0.0013230015,-0.00096509606,1.985114e-05,-0.0016816407,6.8048015e-05,0.0007319655,5.535886e-05
FAM69A,-0.00021708943,-0.00048895366,-0.00036055222,0.00012257323,-0.0011222437,-8.885935e-05,0.00019481964,2.6362599e-05
CCDC97,5.706586e-05,-0.0002940949,-0.00016727485,3.92003e-05,-0.00063406676,-2.3292378e-05,8.488074e-05,1.5801284e-05
TIMM23,-4.8873946e-05,5.249679e-05,7.954985e-05,6.644707e-05,-0.0017904267,-6.383564e-05,-8.3567575e-05,2.9918738e-06
ADORA2B,-0.0003904421,-0.00021765567,-0.0002379734,0.00025968906,-0.0023380965,-0.00027553272,2.5642104e-05,2.1657557e-05
OCSTAMP,-0.00021162629,-0.0004865732,-0.00035703555,0.000119164586,-0.001081422,-8.5116364e-05,0.00019404199,2.6134308e-05
SPDYE4,-0.00021708943,-0.00048895366,-0.00036055222,0.00012257323,-0.0011222437,-8.885935e-05,0.00019481964,2.6362599e-05
CHDC2,-0.00021708943,-0.00048895366,-0.00036055222,0.00012257323,-0.0011222437,-8.885935e-05,0.00019481964,2.6362599e-05
SULT1C4,0.0006670635,0.00036205165,0.00075875595,-0.00053745694,0.004855901,0.00048521627,-0.00023626257,-3.8260943e-05
IGBP1,-7.37533e-05,-8.383021e-05,-9.400584e-05,0.00014711171,-0.0006104931,-0.00014528306,-4.4192187e-05,1.3890327e-05
ZNF676,-5.13494e-05,-5.7267025e-05,3.524497e-05,2.216082e-05,-0.00023444742,-3.976561e-05,-4.0705316e-05,5.4200646e-06
ZNF304,7.9102814e-05,-7.542409e-05,0.00015155226,-0.000103222206,0.00054915994,6.570667e-05,-4.4274144e-05,-6.793998e-07
MED15,-7.374026e-05,-0.0001701191,-9.140372e-05,6.2061474e-05,-0.0012047365,-6.86869e-05,2.0852312e-05,1.2797187e-05
KLF17,0.00012880564,0.0001318343,0.00029503554,-7.0483424e-05,0.0017561913,1.6840175e-05,-0.00018370803,-8.7828375e-06
LIPF,-0.0002012644,-0.00045520067,-0.00033072196,0.000117389485,-0.00093274564,-8.361507e-05,0.00017492753,2.469297e-05
CTBS,-0.0003183931,-0.00074162707,-0.0005751252,0.0002015233,-0.0021518618,-0.00021264423,0.00031311624,3.8508908e-05
SETD9,0.00021344982,9.3264505e-05,0.00015017949,-7.129274e-05,-0.0014230534,0.00019873306,-3.0119903e-05,-5.752081e-06
ZNF649,7.5278804e-05,0.0001012478,0.00023880601,-0.00011221599,0.0021238253,2.4044886e-05,-0.00013373327,-6.654882e-06
RASL12,-0.00032527559,-0.00027748384,-0.00021592155,0.00015409105,-0.0028988495,-0.00013593072,0.00010485202,1.8958817e-05
CCDC85C,-5.6378543e-05,-0.00028190017,-0.00018762052,7.164106e-05,0.0009100884,-0.00010708859,4.787091e-05,1.8509105e-05
IDO2,-0.00019516051,-0.00047357567,-0.00033935532,0.00010964554,-0.0009251386,-7.7637844e-05,0.000185485,2.5181449e-05
TEFM,0.000120030716,0.00023717433,0.0002883412,4.3782406e-05,0.0014130622,-0.00019689882,-0.00030006003,-3.6864076e-06
AP1AR,0.00031240098,0.00021564402,0.00026877038,-0.00013967324,-0.00026251376,0.00030153524,-8.791592e-05,-1.1686585e-05
GUCD1,1.8134713e-05,-1.5556812e-05,0.0001242403,-4.3604523e-05,-0.00055057555,-3.551878e-05,-6.126519e-05,8.2084443e-07
ZNF577,-0.00010664575,0.00017419457,0.0001559779,0.00012291782,-0.00032963604,-0.00017130887,-0.00020122062,7.220078e-07
ZP3,0.00019363314,0.00014306605,0.0003014598,-6.955862e-05,0.0017815232,5.8035366e-05,-0.00018919911,-9.791576e-06
ZXDB,-0.00021478906,-5.9252605e-05,1.0315329e-05,0.00013704598,0.00019709766,-0.0002870094,-0.00011889171,9.617186e-06
TBC1D7,-0.0001901649,0.00018734112,0.00015088357,0.00016133301,-0.00030520558,-0.00026084064,-0.00023335125,2.574874e-06
TNFRSF18,-0.00015518814,-0.00039328076,-0.00026459806,8.565746e-05,-0.00091932714,-7.177889e-05,0.0001448458,2.0721927e-05
OCIAD1,-0.00026808865,-0.0005250089,-0.00044966862,0.00020743627,-0.0014942363,-0.00013919966,0.00020879693,3.2292446e-05
MKLN1,-0.00017113611,-0.00036002696,-0.00025203638,5.2463263e-05,-0.0010443181,2.0246021e-05,0.00017227326,1.8683728e-05
VPS4A,-1.937151e-05,-0.00029351003,-0.00019783154,4.470814e-05,-0.0014135987,0.00010049343,0.00014935248,1.457904e-05
WDTC1,-0.00027115457,-0.00023047626,-0.00018475018,0.00028390437,-0.0013727993,-0.00041509373,-5.9440732e-05,2.132135e-05
P2RY1,6.9215894e-06,-4.000403e-05,6.043911e-05,9.44268e-06,-0.00029455125,1.0350719e-05,-4.182756e-05,2.8053764e-06
TIMP1,-1.8142164e-06,3.3168122e-05,2.0978972e-05,0.00011101924,-0.00042637438,-5.501695e-05,-9.2179514e-05,5.6042336e-06
AIFM2,-2.632849e-05,-0.00036670826,-0.00021081604,-3.695395e-05,-0.0018889233,0.00018454622,0.00023491494,1.1978089e-05
KLHDC8B,0.00024547055,-3.0267984e-06,0.0003280919,-0.00028402917,0.0010973364,0.000108333305,-6.697979e-05,-1.2507895e-05
ZNF155,0.000304915,0.00042717345,0.0005858503,-0.00016634166,0.0010264367,0.00014938973,-0.00031644944,-2.5786809e-05
AZIN1,-0.00029763207,-0.00047749467,-0.00045734085,0.00023371074,-0.002251193,-0.00011255499,0.00021090545,3.1573698e-05
TSPYL5,-0.00021766126,-0.00043747574,-0.00022377633,2.7928501e-05,0.0011229515,-0.000125397,0.00011848938,2.2068038e-05
TRNAU1AP,-0.00014891848,-0.00017805025,-0.00013096817,0.0001467811,-0.00067064166,-0.0002077776,-7.21775e-06,1.5343889e-05
EHHADH,-3.620796e-05,-0.00017743371,-1.6536564e-05,1.4495105e-05,0.0012579113,-0.00012775138,-3.8667582e-05,1.0463176e-05
PSG8,-0.00019816309,-0.00041208416,-0.00030985475,0.00014871359,-0.0010592267,-0.00012813648,0.00013861805,2.4001929e-05
RHOU,0.00020664744,0.00011441484,8.832663e-05,4.3298118e-05,0.0028052032,-1.2824312e-05,-0.00014180597,1.2682285e-06
RNF185,0.00029056892,0.00042799674,0.0006642379,-0.00025050621,0.001650855,6.589573e-05,-0.0003494611,-2.7442817e-05
EVA1C,-0.00017948635,-0.00060264394,-0.000424454,1.1825003e-05,-0.0022650883,6.5583736e-05,0.00034242403,2.6685419e-05
PSG4,0.00014463626,0.00014806539,0.00033053197,-7.300172e-05,0.00085730106,4.649628e-05,-0.00018686149,-1.0816031e-05
TEKT4,9.382516e-05,4.887581e-06,0.00011856854,-3.3661723e-05,0.00038716942,8.082669e-05,-5.5324286e-05,-1.51922e-06
NOX4,8.08686e-05,-1.5838072e-05,5.63208e-05,2.462417e-06,-0.0007316321,2.1240674e-05,-4.6302564e-05,3.3219112e-06
NUP50,3.4876168e-05,-0.00019468181,-0.00011228584,4.6486966e-05,-0.0006776005,6.431993e-05,5.9014186e-05,1.2258417e-05
RPL24,-0.00022671372,-0.0006471239,-0.00049921684,0.00015776698,-0.00044752657,-6.478932e-05,0.00027188286,3.384531e-05
PIGO,-0.00015542656,-0.00021273829,-6.300956e-05,1.7317012e-05,-0.001298137,-0.00015180185,3.4756027e-05,1.1561438e-05
RND3,-0.0005308781,-0.0009431876,-0.0008340366,0.00035606977,-0.0022800565,-0.0003131805,0.00038694497,5.539111e-05
RPS11,-0.00026288256,-0.00075058267,-0.00060427934,0.0001685135,-0.0007222742,-3.2332726e-05,0.0003525857,3.8376078e-05
C12orf56,-0.0002677571,-0.00061798096,-0.00050735846,0.00017272122,-0.0021457449,-0.00010082312,0.0002797246,3.4081168e-05
PRR11,-3.8612634e-06,-0.00058345124,-0.00031203218,-0.0001746444,0.000207901,0.00024028216,0.00034537446,1.992518e-05
COL4A3BP,-0.00021708943,-0.00048895366,-0.00036055222,0.00012257323,-0.0011222437,-8.885935e-05,0.00019481964,2.6362599e-05
IFNGR2,-8.06991e-05,-0.00014997832,2.0230189e-05,-3.991276e-05,0.0009968206,-5.1662326e-05,-6.1998144e-06,6.795861e-06
CYHR1,-0.00022330135,-0.00062949024,-0.00047743507,8.370727e-05,-0.0019820333,-2.4557114e-05,0.00031784084,3.1040865e-05
CCDC69,0.00018846616,5.4724514e-05,0.00020389259,-8.834712e-05,0.0008388087,0.000103185885,-0.00010233093,-4.530535e-06
ZXDA,0.00027874485,0.00047934242,0.00037443824,-3.3373013e-05,0.0002682209,0.00019991398,-0.0002419455,-1.8117484e-05
CHODL,0.00029569492,0.00032226928,0.00040598772,-0.00011298433,0.0012998432,0.00014865212,-0.00023794267,-1.5639002e-05
ETV3L,-0.00023848191,-0.0003328193,-0.00023825094,0.0001528617,-0.0010152385,-0.00016776705,7.857662e-05,2.1295738e-05
KSR2,0.00012550876,0.00037813932,0.0003495533,-5.99958e-05,-1.3582408e-05,0.00021523423,-0.00016867835,-1.673284e-05
TMEM206,-0.00021708943,-0.00048895366,-0.00036055222,0.00012257323,-0.0011222437,-8.885935e-05,0.00019481964,2.6362599e-05
IGFLR1,-0.00018319301,-0.0007780101,-0.00058604963,9.857211e-05,-0.0021573454,1.8662773e-05,0.00040536467,3.5827165e-05
FAM69C,-0.00021708943,-0.00048895366,-0.00036055222,0.00012257323,-0.0011222437,-8.885935e-05,0.00019481964,2.6362599e-05
MGLL,8.426979e-05,0.00018155389,0.00018450059,1.8302351e-05,-0.0013046637,0.00011244044,-0.000115501694,-4.1701132e-06
PDLIM1,-0.00045267493,-0.00071440823,-0.00061817095,0.0002516741,-0.0031813905,-0.00021878444,0.00030981936,4.3088803e-05
CREB3,-7.6033175e-06,-0.0002893675,-9.65409e-05,2.7045608e-06,-0.0009823292,-4.433375e-05,7.638149e-05,1.2063654e-05
RPF1,-0.00024427287,-0.00012218766,-6.926432e-05,0.00019391067,-0.0004549697,-0.00031244755,-9.2159025e-05,1.4370191e-05
ASB8,-0.00011503883,-0.00011783652,0.00017410144,1.9133091e-05,0.0013578385,-0.0002661734,-0.00016620476,2.8505456e-06
ELF5,-0.00020265952,-0.00049808994,-0.0003535468,0.000104770996,-0.0010534227,-6.377138e-05,0.00020305254,2.570555e-05
NPY2R,-7.753074e-05,-0.0005405415,-0.0003837496,1.1285767e-05,-0.0007997528,7.641874e-05,0.0002833316,2.4947221e-05
ZNF556,-0.0003480576,-0.00063857064,-0.0005064234,0.00018711854,-0.0020067692,-0.00020358944,0.0002500834,3.676291e-05
KLHL42,-0.00043002516,-0.0009839274,-0.0008726716,0.000263392,-0.0031415895,-4.6578236e-05,0.000520288,5.3105527e-05
PSMA4,-0.0002243463,-0.0005420372,-0.0004077442,0.00017273892,-0.0003523156,-0.00017889729,0.00017216429,3.1707343e-05
PPM1K,-0.00044208393,-0.000966616,-0.00075852685,0.00019941665,-0.0031888932,-0.00016637752,0.00046165567,4.8528425e-05
TNFSF14,-0.0005390961,-0.00076633133,-0.00065168366,0.0003348114,-0.0026467368,-0.00041819364,0.0002678102,4.629232e-05
PRCC,-1.7395243e-05,-0.00019945577,-5.8647245e-05,-2.4897046e-05,-0.0008275509,8.754898e-05,8.281134e-05,8.477247e-06
TMEM199,0.0001446642,0.00020245276,0.0002586916,4.0903687e-06,0.000114262104,8.049421e-06,-0.0001963554,-6.6194916e-06
C1orf100,-0.0002197437,-0.0004947074,-0.0003656894,0.00012381654,-0.001090534,-9.2295e-05,0.0001967214,2.6700902e-05
CLTB,0.00016569905,-0.00019758008,-8.670613e-05,-5.9626997e-05,-0.0005201027,0.0002527153,0.00013846997,6.082002e-06
CFD,0.00011794083,-6.1653554e-07,0.00011672266,-7.235259e-05,0.0013344809,0.00010418147,-4.975777e-05,-6.094342e-07
ANXA3,9.4383955e-05,-0.0003092792,-0.00013985857,-4.48199e-05,1.6629696e-05,0.00017997436,0.00014234334,1.1358294e-05
GDF15,0.00042304955,7.483736e-05,0.0004217457,-0.00034158863,-0.000593625,0.0005412763,1.1337921e-05,-2.4392037e-05
HTR1E,-0.00022474863,-0.0004432667,-0.0002676528,0.00010867417,-0.0010640025,-0.0001258864,0.00013594143,2.2643479e-05
SLC35C1,0.00025913864,0.00033743307,0.00029764883,9.727664e-06,0.00018699467,0.00014080666,-0.00021351408,-1.2549688e-05
TACR2,-6.9843605e-05,-0.00028781407,-0.00022247992,7.608067e-05,-0.00093989074,4.1604973e-05,0.00013078656,1.6810605e-05
RNASEH2B,-3.6798418e-05,7.893704e-05,0.00017173588,5.771406e-06,0.0016270429,-9.542424e-05,-0.0001636045,4.998874e-07
C15orf41,-0.00026927516,-0.00047392957,-0.0004974771,0.00023897551,-0.0019588545,-0.00014011748,0.00020772219,3.546581e-05
ELOVL6,-2.0176172e-05,-0.00022851862,-0.00010687113,4.829932e-05,-0.00037290156,-0.00013087876,9.648502e-06,1.6128412e-05
SLC38A8,-9.698048e-05,-0.0002010744,-4.9352646e-05,5.8948062e-05,0.0004111752,-0.00012268918,-1.6526319e-05,1.1284952e-05
RAB5A,-6.078556e-05,-0.00034070946,-0.00019556284,1.4906749e-05,-0.0010139272,9.386055e-05,0.00016702991,1.4734105e-05
GLIPR1L2,-4.342571e-05,0.0003079977,0.0004462637,6.4872205e-05,0.002026394,-0.00032719038,-0.00041404832,-1.1634198e-05
POU5F2,-0.00021708943,-0.00048895366,-0.00036055222,0.00012257323,-0.0011222437,-8.885935e-05,0.00019481964,2.6362599e-05
CCSAP,0.00021434017,9.299256e-05,0.00029104948,-0.00010352582,0.0007818267,0.00011289958,-0.00014044438,-9.450363e-06
ZBP1,0.000108284876,-6.936863e-05,3.3725053e-05,-1.7538667e-05,-0.00034501404,6.341562e-05,-8.084811e-06,2.8712675e-06
LSP1,1.8810853e-05,-0.00015756115,1.3843179e-05,-4.7656707e-05,0.0002135858,6.6604465e-05,2.9822811e-05,4.558242e-06
IL6R,-0.0003911499,-0.0006301999,-0.0006134659,0.0003146408,-0.0027713478,-0.00022487063,0.0002813507,3.9803796e-05
RRH,-0.00020523556,-0.00048265792,-0.00034046732,0.00012010336,-0.0011995062,-0.00010178983,0.00018106401,2.5588786e-05
RASL11A,-6.0159713e-05,-5.7321042e-05,-1.0387972e-05,0.00012500305,-0.00038455427,-0.00015873322,-8.79867e-05,9.597745e-06
SYT13,-0.00040707365,-0.00065208785,-0.00062823854,0.00027181488,-0.00043398887,-0.00010568462,0.00030494947,3.9856415e-05
STX8,0.00016570464,8.643977e-05,0.0002606809,-0.00010779034,0.0006541312,5.289819e-05,-0.0001281621,-6.504124e-06
MAT2B,-0.0001657065,-0.00034292415,-0.00019066967,4.181359e-05,-0.00058389455,-7.547252e-05,0.000115953386,1.6808859e-05
ANKRD23,0.0002980195,0.00030194223,0.00043508224,-0.00017428026,0.0019931495,0.00018390268,-0.00021877047,-1.8644962e-05
SBSPON,0.00033034384,0.00020893104,0.0004525259,-0.00021756813,0.0035949647,2.6457012e-05,-0.00025303382,-1.65971e-05
NCOA6,-4.4843182e-05,-5.8654696e-05,-0.000109896064,0.00015561655,-0.0010348409,-5.2816235e-05,-2.463162e-05,1.3219076e-05
AJAP1,0.00022431277,0.00027393363,0.00026421435,-1.6586855e-05,-0.00047805905,0.00021549873,-0.00015080627,-1.0811607e-05
ZSCAN1,-0.00052180886,-0.00058779493,-0.0005189497,0.00022206269,-0.0026946962,-0.00032641832,0.00024069846,3.6242185e-05
GNB1L,7.786602e-05,0.00017306209,0.00012780167,5.0972216e-05,-0.00086853653,3.2169744e-05,-0.0001219539,-1.528766e-06
ARR3,-0.00021531805,-0.00050284714,-0.00036883168,0.00012938958,-0.001046367,-0.00011201529,0.00019104313,2.7235365e-05
RAB8B,-0.00020525418,-0.00047985837,-0.00036665797,0.00013290066,-0.00076625496,-9.968039e-05,0.00018865056,2.624141e-05
HTR1D,-2.370961e-05,-0.0003737975,-0.00014785491,-4.6210364e-05,6.528944e-05,6.295927e-05,0.00014309585,1.4087651e-05
CTRL,-0.00030188635,-0.00041484088,-0.00036052056,0.00024203304,-0.0008031726,-0.00030351756,7.9730526e-05,2.9951916e-05
TCP11,-5.6022778e-05,-0.00032462366,-0.00019964203,4.565809e-05,-0.0005299151,-2.6077032e-06,0.00012052525,1.7119339e-05
BSPRY,-0.0001542382,-0.00015929528,-9.758398e-06,8.44812e-05,8.001924e-06,-0.0001822291,-6.2146224e-05,1.11331465e-05
C18orf25,-0.00021862052,-0.00014817156,2.2182241e-05,6.730296e-05,-0.00050806254,-0.00024360185,-6.776303e-05,9.429874e-06
DEGS1,-0.0001941733,-6.1083585e-05,-2.8358772e-05,0.00013036374,-5.4620206e-05,-0.00020275405,-7.950608e-05,1.0879012e-05
YIPF1,-1.7525628e-05,0.000105276704,4.6797097e-05,0.00013238192,-0.00017108023,-0.00012215273,-0.0001409417,5.1741954e-06
DGCR6L,-0.00020064414,-0.00033498928,-0.00026706606,0.00016615074,-0.0016109794,-0.00015269034,9.68948e-05,2.2295513e-05
SDR9C7,-0.00016548485,-0.00047417544,-0.00033057295,8.71839e-05,-0.00093719363,-4.147459e-05,0.00019729137,2.4079462e-05
GCNT1,0.00050048344,0.00051799044,0.0007367898,-0.0003727842,0.002009973,0.0003491463,-0.00029799622,-3.7087244e-05
APOL2,0.00019661896,0.000104947016,0.00027108565,-0.00010826625,0.00046785176,0.00014118291,-0.00011221785,-1.0343385e-05
KCNK17,-0.00021672621,-0.00035826117,-0.00026604347,0.00014989078,-0.00092451274,-0.00014796574,0.00010127481,2.2247084e-05
CD96,0.00016770326,-0.00015149824,0.00013173372,-0.000194652,0.0010871664,0.00016038027,2.5086105e-05,-1.9189902e-06
BST1,-0.00012803264,-0.00036897324,-0.00024933927,9.14745e-05,-0.00069551915,-4.8279762e-05,0.00012839213,2.018793e-05
PRDM12,-5.8948994e-05,-0.0002001077,-7.4729323e-06,9.482726e-06,0.0009165108,-0.00014450541,-3.8091093e-05,1.0807416e-05
KLF7,-0.00058308616,-0.001050448,-0.0009925794,0.00041980576,-0.0036938563,-0.00032024877,0.00047679618,6.369804e-05
RAB7A,-0.00012604706,-0.00025518425,-0.00013267249,4.9090944e-05,-0.00018174946,-2.1345913e-06,7.8983605e-05,1.3782177e-05
IFIT3,0.00011524558,0.0001182165,0.00013404898,-1.9360334e-05,-0.00057596713,0.00012509432,-7.196143e-05,-3.7093414e-06
SAMD12,0.0006290749,0.0004986245,0.00065817684,-0.0003055185,0.0023073107,0.0004098285,-0.00028091576,-3.345753e-05
ODR4,4.8132613e-05,-0.0002996549,-5.426258e-05,-6.472599e-05,4.2796135e-05,7.990189e-05,8.340832e-05,1.0553398e-05
SLC6A12,0.0005319789,0.0003514737,0.000568578,-0.00039218646,0.0011740848,0.0004548775,-0.00015360769,-2.7631875e-05
ZNF749,-7.714145e-05,0.00012563728,3.0446798e-05,0.00021089148,-0.0014101043,-0.00021629874,-0.00017406698,7.577357e-06
SUGT1,0.00025449507,0.00023245066,0.00038224086,-0.00012760982,0.0010367259,0.00014105625,-0.00018888991,-1.5377998e-05
PAK4,6.4766034e-05,5.2815303e-05,9.9975616e-05,-4.0723942e-05,-0.0009027049,5.6480058e-05,-4.834775e-05,1.522596e-06
DSN1,0.000147935,6.9934875e-05,0.00014078431,-2.1873973e-05,0.00015283376,0.00018017087,-6.919913e-05,-3.0227238e-06
RDH14,0.00069124624,0.00077998824,0.0009774957,-0.0004191259,0.0035435855,0.0003712084,-0.00047797617,-4.821981e-05
PALM2,-0.00028389692,-0.00077858195,-0.00064506195,0.00016469043,-0.0034242198,1.3242476e-05,0.0004297113,3.891671e-05
TRPT1,-0.00011629239,-0.00030053407,-0.00018841401,5.904585e-05,-0.001727894,-0.00010890234,9.523146e-05,1.8303166e-05
FCRL2,-0.00025869906,-0.00051105395,-0.00039851107,0.00015685335,-0.0010295734,-0.00014075823,0.00019083451,2.9457384e-05
SCG3,5.7782978e-05,-5.1258132e-05,3.451854e-05,2.0777807e-05,0.000579685,3.9352104e-05,-3.8302504e-05,4.6873465e-06
HS3ST5,0.0003431011,-0.00013926253,0.0001481548,-0.0002609864,0.0013257563,0.00043903105,9.314623e-05,-6.400165e-06
DND1,0.0003201738,0.0005276799,0.00048509613,-5.4998323e-05,0.0012329891,0.00014268886,-0.000318625,-2.2580032e-05
PEX5L,0.000505019,0.00052369013,0.0006809123,-0.0002137674,0.0037087575,0.00012356881,-0.00040472578,-3.0073454e-05
RBM41,-0.00018485449,-0.00066514686,-0.00035591982,8.409843e-07,-4.543364e-05,-3.8367696e-05,0.00025886297,2.7281349e-05
CCDC74B,0.0003559217,-1.2850389e-05,9.952672e-05,-0.00018026866,-0.0005288124,0.00038953777,6.5471046e-05,-3.3937395e-06
MED22,8.581951e-05,-3.2797456e-05,0.00015760586,-8.9370646e-05,0.0012945533,-1.8728897e-05,-8.7214634e-05,-6.215414e-07
IL18R1,-0.00014970079,-0.0004281439,-0.00028272346,8.86498e-05,-0.0005708188,-7.343758e-05,0.00015036296,2.2508902e-05
FAM50B,-0.00022338331,-0.00020443276,-7.536262e-05,9.8087825e-05,-0.001148507,-0.00015409477,-9.853393e-07,1.4150166e-05
ELAC1,-4.6500936e-05,9.36836e-05,0.00022401847,-1.2412667e-05,0.0002213493,-9.321794e-05,-0.00016379822,-3.6541605e-06
INSM2,-1.4362857e-05,-0.00014553964,-0.00011508912,0.00010795798,-0.0007870421,-2.8411858e-05,1.6994774e-05,1.2511038e-05
SPPL2C,-3.3199787e-05,-0.00019668788,-0.00011871196,7.248204e-05,-0.0005070567,-2.2881664e-05,4.0284358e-05,1.2988225e-05
SYNGR2,-0.00011354871,-0.0003419537,-0.00025516003,0.000117946416,-0.0002841577,-7.215887e-05,0.000112304464,2.0105857e-05
CRYGD,-0.00040332973,-0.00042845868,-0.0005436521,0.00044055656,-0.002354309,-0.0004047742,9.9918805e-05,4.100718e-05
GPX7,-6.098114e-05,-0.00015588105,-2.7010217e-05,2.2725202e-05,0.00032512844,-7.563736e-05,3.6889687e-06,7.765251e-06
HES1,-0.00056137703,-0.0010163933,-0.0008049924,0.00022613164,-0.00047499686,-0.00028485665,0.0004355479,5.1080948e-05
SLC16A11,-2.3210421e-05,-0.00034211576,-0.00016702339,-2.023764e-06,-0.00035447627,4.9724244e-05,0.00013414212,1.4331541e-05
TNFRSF10B,0.00048050284,0.00013970211,0.00034475513,-0.00032594148,0.0010175705,0.0005041547,-1.935102e-05,-1.8181745e-05
TGM7,-0.00023342669,-0.00049858354,-0.0003705714,0.00013063289,-0.0011661127,-0.0001041349,0.00019611884,2.7144444e-05
GPR52,-0.00025750697,-0.00053673796,-0.0004177466,0.00014780182,-0.0013431162,-0.00011152448,0.00022093672,2.9587769e-05
ACHE,0.00010051578,-0.00026250817,-5.3985044e-05,-0.00011057593,-0.0001848638,0.00018834602,0.00013875775,6.432296e-06
SKAP2,0.00043302402,0.00043381378,0.00054511987,-0.00015131943,0.0022737011,8.632708e-05,-0.0003360631,-2.3179571e-05
SIGLEC7,6.5548345e-05,-6.335974e-05,0.00012991019,-7.545203e-05,0.0008812472,5.0328672e-05,-4.6744943e-05,-7.4435957e-07
FAM170A,-0.00021162629,-0.0004865732,-0.00035703555,0.000119164586,-0.001081422,-8.5116364e-05,0.00019404199,2.6134308e-05
CCR2,-0.00023871101,-0.00048504584,-0.00036724843,0.00013908092,-0.0011041164,-0.0001111459,0.00018751342,2.6947353e-05
CLDN23,-0.00017632358,-0.0004422348,-0.00028211065,7.735379e-05,-0.00042028725,-7.080287e-05,0.00016116723,2.1900865e-05
GPR39,2.3158267e-05,-0.000114312395,-3.2572076e-05,7.636659e-05,0.0005568564,-0.00011538109,-5.230587e-05,9.874115e-06
INHBC,-0.0001497306,-0.0003848467,-0.0002729427,9.582937e-05,-0.0009936839,-4.810095e-05,0.00014851242,2.122519e-05
DCAF4L1,0.0003583748,2.4506822e-05,0.00029056147,-0.00024833716,0.0023037046,0.00023588073,-6.905198e-05,-1.1265161e-05
HNRNPC,-0.00026487187,-0.0005786121,-0.00046407804,0.00017682556,-0.00057442486,-9.4110146e-05,0.0002366146,3.1856704e-05
GFOD2,2.6503578e-05,-0.0005293358,-0.0003885366,2.386421e-05,-0.00045800954,0.00013118796,0.00028092414,2.4503795e-05
ZFPM2,-0.0003646668,-0.00012941658,-0.00025135837,0.00043120235,-0.0037044436,-0.00038501946,-7.796753e-05,2.5704037e-05
ANXA1,-0.00018004514,-0.0008400362,-0.00058504567,3.879331e-05,-0.002388671,8.234475e-05,0.0004546158,3.387232e-05
MRPL46,0.00014775619,0.00019062497,0.00027326494,-2.4863519e-05,0.00066927075,-4.9900264e-06,-0.0001966497,-7.5326534e-06
ZIC5,-1.6769394e-05,-0.00028466433,-0.00019633397,2.1426007e-05,-0.0012958571,0.00010776799,0.00015079603,1.5121885e-05
RAB38,3.701076e-05,3.0690804e-05,0.00014294498,3.2419339e-06,0.001516752,-3.346242e-05,-0.00012584683,-8.663628e-07
FAM76B,-8.422136e-05,-0.000735851,-0.0005379915,3.2888725e-05,-0.0009436384,9.1828406e-05,0.00038111396,3.4669647e-05
NPTX1,-0.000319805,-0.00076237693,-0.00054581277,0.00027949642,-0.0014030635,-0.00041268626,0.00018683542,4.320056e-05
WDR77,-6.498024e-05,-0.00012847781,-5.217828e-05,4.300475e-05,-0.0011502281,-6.740354e-05,1.1409633e-05,1.0335818e-05
C21orf58,-0.0002422817,-0.0008435827,-0.00072459877,0.00014710333,-0.003872402,5.0486997e-05,0.0004931763,4.23491e-05
SH2D5,0.00031209365,0.0004015062,0.00049454905,-0.00015002023,0.0015095547,0.00016647857,-0.00027738232,-2.109143e-05
AGTR1,-0.00013952516,-0.00039154664,-0.00023903884,6.189011e-05,-0.0008120388,-3.0578114e-05,0.00014809333,1.92757e-05
TUT7,0.00027211197,0.00040273368,0.0004922915,-6.207824e-05,0.0024932623,-2.6337802e-05,-0.0003687041,-1.7475919e-05
MPV17L,-7.1469694e-05,-0.00018488057,-1.8507242e-05,-2.3591332e-05,0.0006575361,-9.8496675e-05,-2.4065375e-06,9.600422e-06
ALDH5A1,0.00024196692,0.00021933019,0.0002217982,-2.238527e-05,-0.00028279424,0.00012219418,-0.00014982093,-7.0458045e-06
RILP,-0.00011044741,-0.0003552381,-0.00021515228,6.946828e-05,-0.0010537878,-0.000107192434,0.00011199154,1.8651248e-05
CNTFR,1.9313768e-05,-9.062141e-05,-5.6659803e-05,6.5703876e-05,0.0009974167,-9.1687776e-05,-4.725624e-05,1.1424185e-05
ST6GALNAC3,-0.00029592216,-0.0004970636,-0.00041306764,0.00019379891,-0.0018014982,-0.00019949349,0.00019063242,2.9619434e-05
PCNA,-0.0002831947,-0.0006636586,-0.0005910136,0.0002379734,-0.0010111034,-0.00020099385,0.00026516337,4.0145358e-05
SFTPD,-0.00015726313,-0.00032489188,-0.00020992383,0.000104883686,-0.00021015108,-0.00011024717,8.150842e-05,1.9106781e-05
TMEM234,8.485094e-05,0.00017373823,0.00023845956,-8.595083e-05,-0.00022847205,6.68671e-05,-0.00012015272,-7.3191477e-06
RAB22A,-0.00049354695,-0.0007919371,-0.0008520577,0.000469123,-0.0031468645,-0.0003365893,0.00033660606,5.473802e-05
LZTFL1,-3.828667e-05,-0.0003065504,-0.0001561977,-3.9281324e-05,0.00040471554,7.1814284e-06,0.00012248568,1.4034216e-05
MTFP1,-2.413988e-06,-7.4131414e-05,0.00013623014,-8.458458e-05,0.00013522059,-4.5283698e-05,-5.640555e-05,1.366483e-06
SLC7A10,-1.2993813e-05,-4.4880435e-05,8.630939e-05,4.022289e-05,0.0014738962,-9.999797e-05,-0.00011336524,3.3136457e-06
SIRT3,-2.6313588e-05,-3.297627e-05,-4.982576e-06,0.00010507833,-0.0013857856,-8.367933e-05,-6.1357394e-05,7.601222e-06
CLDND1,-0.00034066848,-0.00044642948,-0.00033546425,0.00021612085,-0.0012792051,-0.00028458098,0.00010821782,2.8043287e-05
BPGM,-0.00020763092,-0.0002098903,-0.00014182553,0.00018122327,0.00082831085,-0.00028169435,-5.8324076e-05,1.970667e-05
PSMC3,-7.160194e-05,-8.711964e-05,8.684397e-05,1.405552e-05,0.0010083243,-0.00013367692,-8.814782e-05,3.7403079e-06
CASP5,-0.00021153316,-0.00045234337,-0.00034705363,0.00015505031,-0.0010718033,-0.00013951818,0.00015723519,2.626772e-05
DCSTAMP,-0.00022361428,-0.0004936978,-0.00036593527,0.0001263693,-0.0011237562,-9.5377676e-05,0.00019566063,2.674642e-05
NTAN1,0.0002636239,1.5370548e-05,0.00023517199,-0.00021141022,0.0014721751,0.00018831529,-4.117191e-05,-8.998788e-06
MSRA,0.00014393032,7.0223585e-05,0.00018638,-6.772205e-05,0.00079520047,3.7907623e-05,-0.000111677684,-3.4613768e-06
SERPINB1,-8.8503584e-05,-0.00028185546,-8.839741e-05,3.8605183e-05,0.001082249,-0.00019737426,-5.6019053e-06,1.606741e-05
CRYBG1,-3.0467287e-05,-0.00034485757,-0.00014267862,1.1473894e-06,7.303804e-05,3.236346e-05,0.00010723341,1.3975543e-05
ZBTB26,0.00011407398,-0.00014822558,-4.053302e-05,-3.7903897e-05,-0.0007793009,0.00016050972,7.771794e-05,5.708658e-06
PSG5,0.00038285553,-6.380305e-05,0.00026047602,-0.00030510873,-0.00015296787,0.00047440082,7.569231e-05,-1.4638761e-05
COPG1,-0.00026520528,-8.473173e-05,-5.4098666e-05,0.00018178951,-0.00018889457,-0.00027718116,-9.279419e-05,1.3080658e-05
GPR45,-0.00021708943,-0.00048895366,-0.00036055222,0.00012257323,-0.0011222437,-8.885935e-05,0.00019481964,2.6362599e-05
VDAC2,-6.863102e-05,-6.752834e-05,-1.2543052e-05,8.6103566e-05,-0.00044110417,-2.239272e-05,-3.1739473e-05,7.3630363e-06
KLK13,-0.00021708943,-0.00048895366,-0.00036055222,0.00012257323,-0.0011222437,-8.885935e-05,0.00019481964,2.6362599e-05
KCNK15,-8.9392066e-05,-0.00026986375,-0.0001195129,3.0865893e-05,-0.0011961684,-3.7126243e-05,7.902738e-05,1.3480312e-05
IFNAR1,0.00019631349,0.00016634353,0.00027470104,-0.00013216399,0.00016114861,0.0001930939,-0.00010152068,-1.1002063e-05
MTFR1,0.00021850877,-3.6900863e-05,4.885532e-05,-9.835698e-05,-4.350394e-05,0.00026771147,4.3960288e-05,5.8324076e-08
GATD1,2.304092e-06,-7.769093e-06,1.50464475e-05,0.000104714185,0.0010496676,-0.00014312379,-0.00010780711,6.6312496e-06
ADPRH,8.058734e-05,-0.0002934672,-0.00012039021,-7.878244e-05,0.00055318326,0.00017410051,0.00014247559,1.0891934e-05
GNPDA1,-8.78796e-05,-0.0002584625,-9.0405345e-05,1.6543083e-05,0.00018586218,-8.736458e-05,4.2852014e-05,1.2530945e-05
DNASE2,-6.4048916e-05,-0.00032016076,-0.0003253743,0.00013659056,-0.0010844246,1.429487e-05,0.00017348211,2.0220643e-05
BCL2L12,7.7504665e-06,-0.00055099465,-0.00037983246,1.0815449e-05,-0.000993602,0.00021465216,0.00029651262,2.4392735e-05
CRYGN,-0.00022542663,-0.00047002733,-0.00033883378,0.00012559071,-0.0010515824,-0.00010894332,0.00017456897,2.5663874e-05
GID4,0.0003561061,0.00023737736,0.00039248355,-0.00017275196,0.0011360347,0.00019364897,-0.00017534103,-1.7636223e-05
ACTL10,-0.000118304044,-0.00029700808,-0.00021198578,7.973239e-05,-0.0008215681,-3.3062883e-05,0.00011087209,1.747231e-05
MTX1,-0.00016836636,0.00011226162,0.00020286255,4.9043447e-05,0.00014133751,-0.00027026143,-0.00021557044,1.4124671e-06
MLNR,-0.0001930017,-0.00047552027,-0.00032884814,9.597186e-05,-0.00097613037,-6.804336e-05,0.00018862542,2.4583307e-05
RSL1D1,-6.1724335e-05,-0.00022520125,-2.8733164e-05,-1.718849e-05,0.0005182773,-3.3868477e-05,2.4326146e-05,9.74501e-06
PARD6G,-0.00019482337,-0.00027113222,-0.00015017763,8.1737526e-05,0.001415275,-0.00019853981,1.6198494e-05,1.7912942e-05
BRCC3,-8.326024e-06,-7.429533e-05,5.5501238e-05,4.851818e-05,-0.00012963265,-0.000109245535,-7.515494e-05,4.2815227e-06
NCF4,-0.0003393162,-0.00074906275,-0.000625154,0.00019138586,-0.0016891211,-9.598769e-05,0.00036179833,4.0040584e-05
CLDN9,-8.030422e-05,-0.00030002557,-0.00017001852,1.9450672e-05,-0.00087450445,-1.4905818e-05,0.00012010243,1.4043064e-05
DTWD2,9.2130154e-05,0.00011226162,0.00015390478,-1.2542121e-05,0.00059357285,5.482789e-05,-0.00011135172,-2.7487986e-06
ISOC1,-0.00015044212,-0.00016835704,-0.00014909916,0.0001263991,-0.0042606294,1.7995946e-05,0.00010645483,1.1754339e-05
CRIP3,4.487112e-06,-0.00021487102,-3.434159e-05,-4.581455e-05,-0.0002860874,6.303843e-05,6.180536e-05,7.962692e-06
GH2,-0.0002653394,-0.0007046219,-0.000552997,6.693043e-05,-0.0039397627,0.00023461692,0.00048496947,2.860371e-05
ZNF174,0.0002735518,0.00047658943,0.0005706586,-4.3212436e-05,-0.00015619397,-3.078021e-05,-0.00039569754,-2.196466e-05
SLC35D3,-0.0001442302,-0.00035114214,-0.0002103243,6.5710396e-05,-0.0014548749,-4.6420842e-05,0.00012886524,1.835206e-05
ARTN,-8.024089e-05,-0.00022058189,-9.37935e-05,-1.0408461e-05,-0.00022701174,6.325636e-05,0.000100158155,8.3649065e-06
WDR55,0.00023730285,0.00045983307,0.00058210455,-0.00013182685,0.0023914427,9.420328e-06,-0.0003829552,-2.2667693e-05
EXOSC1,0.00010588579,-1.4685094e-05,8.150935e-06,-3.0431896e-05,-0.0007660687,0.00016527995,4.4126064e-05,1.358334e-06
HPGD,-7.380359e-05,-0.00020362437,-4.110858e-05,0.00013880432,0.0012964606,-0.00032497616,-0.00012907106,1.6090926e-05
HOXD8,-0.00021068938,-0.00048221461,-0.00035033748,0.00011854246,-0.0010478869,-8.9623965e-05,0.00018879212,2.5859219e-05
PSMB9,-0.00015961006,-0.0005688984,-0.00044332072,2.5792979e-05,-0.0024805367,0.00019896124,0.0003748061,2.4723355e-05
GPANK1,-0.00010954589,-0.00018744543,-2.514571e-06,-8.40798e-06,-0.0020677522,-4.6274625e-05,5.26011e-05,5.5966666e-06
FAM118B,-0.00031460077,3.707409e-05,-9.465963e-06,0.00024916884,-0.0023128763,-0.0003204043,-0.00014042202,1.046597e-05
TSPAN12,0.00052079186,0.00014997087,0.0004308615,-0.0004607085,0.002385959,0.00045931898,-2.9633753e-05,-2.313871e-05
SAP30BP,-0.00021932647,-1.2045726e-05,5.8364123e-05,0.000112573616,-0.00013804436,-0.0001994539,-0.00011655409,6.6076173e-06
POTEF,-8.832663e-05,-0.00023301132,-0.00012412854,7.1398914e-05,-0.0002770573,-7.784739e-05,4.2591244e-05,1.3438403e-05
NCR1,-0.00018873625,-0.00031135604,-0.00020977482,0.000113594346,-0.0009948313,-0.000109436456,8.666981e-05,1.8742634e-05
TBX18,0.000121127814,0.00037782453,0.00041444227,-1.9584782e-05,0.00013799965,1.7349608e-05,-0.0002864683,-1.4717109e-05
SEC24B,0.00019454211,2.3018569e-05,0.00014015473,-6.834883e-05,0.0006989315,0.00014703162,-5.231332e-05,-2.8139912e-06
POLR2E,-0.00032426044,-0.00044091418,-0.00034208223,0.00024262816,-0.00087643415,-0.0002693478,9.299163e-05,2.8706156e-05
TXNL1,-0.00019100308,-0.0004854966,-0.0003554765,0.00011106394,-0.00045578927,-0.000118966214,0.00017616898,2.7680071e-05
TSNAX,2.6263297e-06,-0.00034158677,-0.00019355863,3.2493845e-05,-0.00015882403,1.0258518e-05,0.00011622254,1.7434475e-05
RANGRF,-0.00015738606,-0.00013398752,-8.7941065e-05,0.0001555914,-0.0010062158,-0.00017252285,-3.3051707e-05,1.3152952e-05
CDH22,-2.4972484e-05,0.00014861487,0.0002513118,-9.304844e-06,0.0014459938,-0.00014133565,-0.0002243286,-2.006651e-06
LENG1,3.17432e-05,0.00011291541,0.00018100254,4.9155205e-06,-2.7760863e-05,-9.5771626e-05,-0.00016301591,-7.323688e-07
PROC,-0.00019429252,-0.00047635287,-0.00032537803,8.785725e-05,-0.000980407,-5.853176e-05,0.00019360986,2.414058e-05
PSPN,-0.00020355731,-0.00046168081,-0.00033133104,0.00010980666,-0.0014201775,-7.937197e-05,0.00018584915,2.4664681e-05
APLF,-0.00022387877,-0.00023786165,-4.944764e-05,6.231945e-05,0.00055001676,-0.00023028255,-2.6063994e-05,1.4173565e-05
ABCG2,-0.000229856,-0.00068540685,-0.00056775287,0.00017571356,-0.0011800379,-5.0487928e-05,0.00032778084,3.5108184e-05
PUM2,-0.00054834597,-0.0008259602,-0.0007448811,0.00034788903,-0.0025314242,-0.0002805665,0.00034646504,4.9367663e-05
ZNF382,-0.00015408918,0.00020742416,0.0002070237,0.00016538985,-0.00017406046,-0.00025682198,-0.0002739383,-1.0237563e-06
PRSS37,-0.00021708943,-0.00048895366,-0.00036055222,0.00012257323,-0.0011222437,-8.885935e-05,0.00019481964,2.6362599e-05
FBXO4,0.00027117878,0.0005047079,0.0005097985,-7.969048e-05,0.0010310337,9.039603e-05,-0.0003368454,-2.1341839e-05
AKR1C1,-2.2239983e-06,2.4136156e-05,7.852912e-05,8.2581304e-05,0.00081210583,-0.000115856994,-0.00012545381,5.0828094e-06
TPP1,-2.1120533e-05,-0.0002910737,-0.0001217518,-1.5175901e-05,-0.0003517866,-1.0241754e-05,0.00010116678,1.2179487e-05
MAP9,-0.00035287254,-0.0006521661,-0.00045460463,0.00016575027,-0.0025399476,-0.0001307968,0.00027254783,3.1993375e-05
DNALI1,0.00050608814,0.0002516918,0.000577962,-0.00043675583,0.0026811808,0.0004052762,-0.00014385674,-2.901326e-05
CTSL,5.9921294e-06,5.634129e-05,0.00027917325,-0.00012551155,0.0007905066,5.3555705e-05,-0.00010551419,-9.242329e-06
ZPBP2,-0.0002041161,-0.00047801435,-0.0003463179,0.000120748766,-0.0010323599,-9.152852e-05,0.00018365774,2.5724526e-05
PALMD,-0.000683425,-0.0013735481,-0.0012317747,0.00039128866,-0.0015632883,-0.0002725036,0.000669023,7.288577e-05
CD1B,-0.00018349849,-0.00046261586,-0.0003252644,9.601284e-05,-0.0010725856,-5.6444667e-05,0.00018826034,2.4084235e-05
CTBP1,-0.00021891296,-0.00069785304,-0.0005598869,0.00012459327,-0.0011528209,-4.3543987e-05,0.00033132825,3.7368736e-05
CFAP43,-4.079193e-05,-0.00029745325,-5.8455393e-05,-7.156655e-05,-0.0009307042,-9.305868e-05,8.715503e-05,9.294716e-06
ISG20L2,-0.0003330335,-0.0003868062,-0.00032927655,0.00026535988,-0.00028437376,-0.00039928593,3.475137e-05,2.9349816e-05
RIMS3,-1.3932586e-05,-0.0001581423,-6.8878755e-05,-1.44457445e-05,5.4821372e-05,8.5229985e-05,7.425062e-05,7.6210126e-06
ZNF878,0.00021880865,-0.00031597726,-3.0748546e-05,-0.00022747554,-0.0003938526,0.00030184537,0.00018715486,4.7285575e-06
CCR9,-0.00020313263,-0.0004898235,-0.0003623031,0.000115298666,-0.0010664687,-7.3765405e-05,0.00019993074,2.6275637e-05
ZNF430,-0.00011952035,-0.00013352185,-7.752329e-05,9.396486e-05,0.0011696145,-0.00020083971,-6.511994e-05,1.5614904e-05
MORN3,2.3983419e-05,-0.0002565924,-5.8788806e-05,-6.105378e-05,0.00027356297,5.629938e-05,8.319691e-05,8.148956e-06
ZNF25,-2.023764e-05,-0.00023407117,-4.051253e-06,1.6968697e-06,0.0004214123,-8.930266e-05,-1.410488e-05,1.0155141e-05
TMEM192,8.5096806e-05,-1.1341646e-05,0.00017539412,-6.694719e-05,0.0001487881,4.6578236e-05,-6.857235e-05,-4.0569576e-06
EGR1,-0.00043879263,-0.00057959184,-0.00048220158,0.00024302304,-0.0023970306,-0.0001875395,0.00023515057,3.3463817e-05
GIN1,0.00012263097,1.1622906e-05,0.00020758435,-0.000119486824,0.0019685328,7.774681e-06,-0.000117735006,-2.3003668e-06
CNBD1,-0.0001675468,-0.000398105,-0.0002941303,0.000108072534,-0.0010660887,-5.9590675e-05,0.00015535858,2.2467924e-05
KLK5,-4.5174733e-05,-0.00028829463,-0.00017560273,7.027574e-05,-0.00039162487,-2.73576e-05,8.063018e-05,1.6339356e-05
CBX7,9.410083e-06,-4.3498352e-05,0.0001313705,1.4593825e-06,0.0015684739,-0.00010777032,-0.000120148994,1.2234086e-06
CCT5,2.0503998e-05,-0.000109009445,-1.1175871e-08,4.3865293e-06,0.0006237775,4.354585e-05,-6.9476664e-06,6.4697815e-06
GPR63,0.00040891767,0.00017905608,0.00050373375,-0.000411639,0.00022462755,0.00041046925,-6.959308e-05,-2.5658286e-05
WDR31,0.00014932826,2.3785979e-05,0.00016465783,-6.8196096e-05,0.0013936087,1.9813888e-05,-9.759981e-05,-2.51655e-06
GPR135,-2.4648383e-05,-0.0003224723,-0.00013163686,-1.0864809e-05,-0.00010437518,1.0742806e-05,0.00010449719,1.3297773e-05
ZNF692,0.0005328674,0.00063640997,0.0007648971,-0.0002804501,0.0018832684,0.00033659674,-0.00036657508,-3.8066064e-05
PPEF1,3.517978e-05,-4.6296045e-05,-1.6018748e-05,6.2675215e-05,0.00032199174,-4.377216e-06,-4.450977e-05,8.024508e-06
TSPYL1,-3.8741156e-05,-0.0001385156,-2.0682812e-05,5.087722e-05,-0.00026839226,-5.8970414e-05,-2.7023256e-05,1.0431511e-05
KIR3DL1,-0.00021162629,-0.0004865732,-0.00035703555,0.000119164586,-0.001081422,-8.5116364e-05,0.00019404199,2.6134308e-05
PSMD4,5.7576224e-05,-1.49887055e-05,0.00011051446,-2.5198795e-05,0.0009186119,1.248531e-05,-7.790234e-05,1.4791731e-06
UBQLNL,7.955357e-06,-0.00026674382,-9.6390024e-05,-2.5729649e-05,-4.581362e-05,4.828535e-05,8.85278e-05,1.1104392e-05
BHMT2,2.734363e-05,-0.00022656098,-7.480942e-05,-1.1777505e-05,-0.00039604306,6.908737e-05,7.2843395e-05,9.439769e-06
ADRB2,-0.00045008212,-0.0007933099,-0.000742048,0.00023271982,-0.0032008663,-6.980449e-05,0.0004467843,4.4435612e-05
AQP7,-0.00020870939,-0.0004917085,-0.00036538392,0.0001186803,-0.0011062026,-7.7505596e-05,0.00020043645,2.6479946e-05
ZNF514,0.0002772808,0.0002755206,0.0004531443,-0.00021145865,0.0036034584,0.00025968906,-0.00020040479,-2.1178159e-05
FGF5,1.3012439e-05,0.00012525916,0.00024146214,4.044827e-05,0.001595296,-0.00018674973,-0.00024266075,-2.1465821e-06
YIPF3,-0.000266321,-0.00027248077,-0.00014809705,0.0001693787,-0.00051086396,-0.00033157645,-2.6163645e-05,2.0041014e-05
RNF181,0.00019973516,-1.3845041e-05,0.00020496361,-0.0001531383,0.0009509772,0.00014514849,-4.958827e-05,-5.7496363e-06
LDHAL6A,-7.9406425e-05,-0.00043169037,-0.00013830513,-2.4282373e-05,-2.4303794e-05,-8.612499e-05,0.000106861815,1.6423874e-05
RANBP9,0.00012147054,0.00028757006,0.0003277976,-1.8666498e-05,0.00022412837,9.075552e-05,-0.00020342041,-1.3029436e-05
ZNF587B,0.0003081262,9.935349e-05,0.00029312074,-0.00017478876,0.0016347244,0.0002268944,-9.8700635e-05,-1.2845034e-05
ZNF550,0.00026889704,0.0003426317,0.00036108494,-2.7092174e-05,0.0006548092,9.990111e-05,-0.0002401257,-1.5110243e-05
VSNL1,0.00025156327,0.00053952076,0.0005280189,-4.2934902e-05,0.0006042421,1.4221296e-05,-0.00037694443,-1.947023e-05
SRSF12,-0.00035681017,-0.0003133677,-0.0003243182,0.00033639837,-0.00066324323,-0.00039901724,-9.473413e-06,3.064098e-05
MRPL15,0.00015694089,0.00018816628,0.00035850704,-0.00016136747,0.0016006604,0.00010025408,-0.0001685815,-1.3276702e-05
MOGAT2,-0.00021708943,-0.00048895366,-0.00036055222,0.00012257323,-0.0011222437,-8.885935e-05,0.00019481964,2.6362599e-05
RASSF4,-3.9843842e-05,6.238185e-05,-4.0316954e-05,0.00013999362,-0.0015565977,4.164502e-05,-3.4696423e-05,6.80401e-06
ACP7,-0.00015833043,-0.00049693324,-0.0003374461,7.593073e-05,-0.00096058846,-2.0924956e-05,0.00021190476,2.420554e-05
ZBTB32,-0.00020853058,-0.00048247166,-0.0003499575,0.0001174137,-0.0009771138,-8.840207e-05,0.00018805638,2.5893445e-05
NTF4,-0.00021708943,-0.00048895366,-0.00036055222,0.00012257323,-0.0011222437,-8.885935e-05,0.00019481964,2.6362599e-05
CCDC189,0.00010001473,8.800626e-05,0.0002858173,-0.000118241645,0.0012054145,3.250502e-05,-0.00013695005,-9.747804e-06
SLC35B1,-2.607517e-05,-0.00019214675,-0.000107720494,6.602239e-05,-0.001474522,-4.501827e-05,4.1049905e-05,1.3445155e-05
TPRG1L,3.520958e-05,0.0002612602,0.00030450895,7.7793375e-06,0.0018558279,-0.00012077158,-0.00026220735,-7.6229917e-06
BRMS1,-0.00011241995,-0.0002774857,-0.00020969473,5.762186e-05,-0.0009381324,2.0374544e-05,0.000115333125,1.8450432e-05
ZC2HC1A,-0.00053867884,-0.0010149088,-0.0008598771,0.00027420465,-0.0020058006,-0.00018454902,0.00048023555,5.457003e-05
TRMO,6.54161e-05,0.00027740374,0.00038286299,-2.1571293e-05,-0.00077895075,-0.00012365589,-0.00027241092,-1.1095428e-05
KCNK5,-0.00011332147,-0.00033549964,-0.00021113455,0.00010757055,-0.00070709735,-0.00011219317,7.505994e-05,2.027268e-05
MPZ,0.00033996627,-7.374212e-06,0.00024015084,-0.00024531968,0.0009150952,0.00029177964,-9.804964e-06,-9.891228e-06
TMX2,-0.00018144213,-0.00026523322,-8.0188736e-05,6.152969e-05,-0.0007449761,-0.00019905716,7.9236925e-06,1.4125952e-05
R3HCC1,-0.00015854649,-1.2144446e-06,-3.4756958e-06,0.00020564068,-0.0002046451,-0.0002841549,-0.00015730504,1.1371798e-05
SLC35D1,5.9211627e-05,0.00042550825,0.0005533807,-8.964818e-05,0.00034676492,4.965719e-05,-0.0003162166,-2.3688655e-05
LRRC15,-0.00018436089,-0.00021363981,-0.00013704412,0.00016598776,-0.0010727271,-0.00019007921,-5.695969e-06,1.674844e-05
VSIG8,-9.871274e-05,-0.00034072995,-0.00019211881,6.740261e-05,-0.00041790307,-5.5851415e-05,9.974465e-05,1.7270679e-05
CLU,-0.0004111547,-0.0007480141,-0.00044792145,0.0001463294,0.00129617,-0.0004291935,0.00017227605,3.6962563e-05
PLPP6,0.0001223553,0.00029812753,0.00028651394,7.0801005e-05,-0.00044830889,-7.2617084e-05,-0.00026022177,-8.429517e-06
ZNF154,0.000117354095,0.00011066161,0.0002167914,-8.475594e-05,0.000853844,6.92904e-06,-0.00012978073,-4.3148175e-06
NOVA2,0.00067913905,0.0002446156,0.0004389938,-0.00032119825,0.002621755,0.00045864377,-0.00011636596,-2.3220782e-05
TSR3,0.000524465,0.0005608611,0.0006152466,-0.00020455383,0.0014633611,0.00031440798,-0.0003106678,-3.1250413e-05
HOXD11,-0.00021708943,-0.00048895366,-0.00036055222,0.00012257323,-0.0011222437,-8.885935e-05,0.00019481964,2.6362599e-05
C6orf136,-6.640889e-05,-0.00010181777,-6.286986e-05,6.553717e-05,-0.0016060397,-4.3239444e-05,2.3552217e-05,8.55315e-06
EFNA2,0.00057082064,0.00060466677,0.0009349566,-0.00045129005,0.004273951,0.0002853144,-0.00043255184,-4.4053653e-05
PTRH1,-0.0001693666,-3.6833808e-05,-2.1290034e-06,0.00013527181,-0.0007845834,-0.00015015807,-7.323362e-05,7.895287e-06
THUMPD1,-3.3365563e-05,-0.00035701692,-0.00012876838,8.6976215e-06,2.0615757e-05,-2.0067208e-05,8.387957e-05,1.5140395e-05
CENPO,0.00047893077,3.2985583e-05,0.0003287308,-0.0003529014,0.002332501,0.0003750287,-2.3729168e-05,-1.5756465e-05
RBM34,-1.344271e-05,8.136034e-06,5.874969e-05,6.997958e-05,-0.0004440099,-5.422253e-05,-8.416828e-05,3.8744183e-06
CACUL1,-0.00013788976,-9.5305964e-05,-9.542331e-06,0.00012367219,-0.00014702976,-0.00021535344,-9.0235844e-05,1.08066015e-05
PSMA2,-0.00013384596,-0.0002705399,-0.0001240801,8.218922e-05,0.00028449297,-0.00011394452,3.1232834e-05,1.5522703e-05
ASB1,0.00018242188,0.000113818794,0.00022589415,-0.00013796613,0.0003119111,0.00013746787,-7.808115e-05,-7.689814e-06
ERMAP,0.0002229847,0.00037369877,0.00040209107,-5.721487e-05,0.0012994185,9.831507e-05,-0.00026454125,-1.6025617e-05
LIF,-0.0001805611,-0.000390511,-0.00026126206,0.00010501407,0.0001482889,-0.00011321902,0.000114663504,2.1721353e-05
ALG14,9.431876e-05,0.00028758496,0.00045653246,-0.00011480134,0.0014024898,-9.769946e-05,-0.0002995869,-1.4286721e-05
SLC35E3,0.00018030405,7.515773e-06,0.00015064888,-7.219147e-05,1.8447638e-05,4.222151e-05,-7.91084e-05,-1.4685793e-06
NUSAP1,-0.00033152476,-0.00056534074,-0.00037296675,6.882753e-05,0.00017788261,-0.000188265,0.00019976776,2.967089e-05
SNRNP27,-0.000110762194,-0.00033253618,-0.0002370216,0.0001107594,-0.0010047108,-1.5368685e-05,0.00012257788,1.899316e-05
DPH5,-3.2918528e-05,9.15546e-05,-2.136454e-05,0.0001800675,0.0006519258,-0.00012641773,-0.00013136398,8.3663035e-06
RNH1,-0.0004058648,-0.00042789988,-0.00032250956,0.00018305425,-0.0012746826,-0.0002485467,0.00012886338,2.6697759e-05
ZNF701,0.00040846132,0.0005769152,0.0007800255,-0.00030527916,0.0035914108,0.00014744326,-0.0004052641,-3.5656383e-05
FAM83A,4.2699277e-05,-2.7097762e-05,0.00012245774,-2.5743619e-05,-9.598583e-05,2.7148984e-05,-6.5365806e-05,-1.1874363e-08
RERGL,0.00017390028,0.00010147877,0.00035206974,-0.00020253286,0.00060334057,9.80068e-05,-0.000117839314,-1.3553421e-05
TMEM25,-0.00025957823,-9.611063e-05,-4.5234337e-05,0.00018461235,-0.00095210224,-0.0003351448,-0.000109924935,1.4689402e-05
COPG2,-0.00013795495,7.811934e-05,0.00014438853,3.4640543e-05,-0.00031154603,-0.00017503928,-0.00013662968,7.011695e-07
KAZALD1,-0.00016130321,-0.00044492446,-0.00031933002,9.4383024e-05,-0.0008107498,-4.387833e-05,0.0001814086,2.3507047e-05
MRPS31,-2.2383407e-05,-0.00022443943,-0.00025367178,0.0001915507,-0.002012588,-1.3315119e-05,8.8792294e-05,1.9129482e-05
PPTC7,0.0005010478,0.0006808881,0.00078740343,-0.00026332214,0.00032962114,0.0002644211,-0.00039369334,-3.8499827e-05
HEMK1,0.0002737064,0.00039318763,0.0005037412,-0.0001665745,0.0011407211,0.000104016624,-0.00027938094,-2.1241605e-05
DIRAS2,1.9619241e-05,0.0003400594,0.00033336692,8.74456e-05,-0.0021229163,-0.00013902783,-0.00028244127,-9.481912e-06
SAMD7,-0.00020007975,-0.0005417783,-0.00039068423,9.655859e-05,-0.0013694018,-4.7465786e-05,0.00023963675,2.7308473e-05
TOR3A,-2.747029e-05,0.00050520897,0.00058218837,-4.6212226e-06,0.0011541843,-0.00019749161,-0.00043945666,-2.059061e-05
E2F5,0.00021255575,-1.0546297e-05,0.00036453083,-0.0002526315,0.0021457747,-1.1434779e-05,-0.00014637876,-1.0899152e-05
MRPL3,-0.00040636398,-0.0002548173,-0.00034247153,0.00034338422,-0.0014356673,-0.0003106841,2.8019771e-05,2.8429204e-05
YWHAB,-0.0004851427,-0.0012457184,-0.0011029337,0.00028891955,-0.0031465515,-5.679205e-05,0.00066926423,6.486417e-05
C3AR1,-0.0006199479,-0.0010834597,-0.00096115284,0.00031598564,-0.003169261,-0.00022799708,0.00054388307,5.8908714e-05
CTDP1,0.0004945472,0.0006402135,0.00076609105,-0.00026817806,0.0028521046,0.00024838,-0.00041065644,-3.6753947e-05
GPR18,-0.00010435097,-0.00036104582,-0.00019461289,7.352978e-05,0.00024732202,-0.00013555167,6.950926e-05,1.9344152e-05
TIMP4,-0.0006602183,-0.00044509582,-0.00035623834,0.00042196363,-0.0015407354,-0.0007624463,-6.105751e-05,3.658468e-05
TRIM52,0.00015732646,-5.3104013e-05,0.0001738891,-9.868108e-05,0.0013563707,3.8318336e-05,-7.9364516e-05,-2.6389025e-06
EFS,-7.38129e-05,-0.00030752085,-0.0001018811,-3.3513643e-05,-0.00013711303,-6.94301e-05,8.08239e-05,1.2981007e-05
STC2,-0.00038196892,-0.00054473244,-0.00042404793,0.00016728416,-0.003999442,-0.0001357412,0.0002725534,2.6993454e-05
TUBG1,6.1541796e-05,0.00010857731,0.0002024509,-3.1337142e-05,3.7640333e-05,2.7608126e-05,-0.00012761448,-4.0621962e-06
MAPRE1,-0.00017715432,-0.0003999453,-0.00026588887,5.910918e-05,-0.0012322664,2.5387853e-06,0.00017578248,2.1166634e-05
ZFP3,-0.00014472939,-0.00018869527,-0.00018864125,0.00012527034,-0.0023614243,3.7515536e-05,0.000104693696,1.36093e-05
SOD3,-0.00021199137,-0.0004682243,-0.0003638286,0.0001490349,-0.0010828301,-0.00011715945,0.00017471053,2.6859692e-05
C3orf30,-0.00021708943,-0.00048895366,-0.00036055222,0.00012257323,-0.0011222437,-8.885935e-05,0.00019481964,2.6362599e-05
MAFK,0.0006336197,0.0007258933,0.0009357836,-0.00035448838,0.0032304972,0.00025326293,-0.000487742,-4.517031e-05
GPR174,-0.00021708943,-0.00048895366,-0.00036055222,0.00012257323,-0.0011222437,-8.885935e-05,0.00019481964,2.6362599e-05
DHRS4L2,0.00011247583,-2.941303e-05,2.7971342e-05,8.134171e-06,-0.00040443987,3.797654e-05,-3.6437996e-05,5.18444e-06
C1QTNF7,-2.6796013e-05,-0.00019142032,-8.926168e-05,1.9894913e-05,-0.0002643317,2.2785738e-05,6.0907565e-05,1.0019983e-05
YWHAE,-9.250827e-05,-0.00037391484,-0.00021842308,2.89632e-05,-0.00022545457,5.0005503e-05,0.00016057957,1.6844482e-05
ZNF3,4.6392903e-05,-0.00010643527,4.290417e-05,-3.297068e-05,0.0013117194,-2.9616058e-06,-3.6325306e-05,5.252892e-06
NFE2,8.228421e-05,0.00012268685,0.00013453886,4.3930486e-05,0.000463441,6.2880106e-05,-0.00011334475,-3.1202799e-06
EPYC,-0.00018226728,-0.000484664,-0.0003284961,7.33966e-05,-0.00095628947,-2.3311935e-05,0.0002107257,2.3704255e-05
DIO2,-0.00041736104,-0.0009811074,-0.0009338539,0.0002646083,-0.004058458,2.563931e-05,0.00056044944,5.520112e-05
SLBP,-4.5662746e-05,1.3317913e-06,6.0694292e-05,2.8397888e-05,2.1122396e-05,-6.034039e-06,-4.9484894e-05,2.4618348e-06
UHMK1,-4.729815e-05,-8.189306e-05,2.2444874e-05,1.8074177e-05,0.0009714514,-6.619003e-05,-5.702302e-05,7.4999407e-06
GPR151,-0.00021708943,-0.00048895366,-0.00036055222,0.00012257323,-0.0011222437,-8.885935e-05,0.00019481964,2.6362599e-05
SCCPDH,-8.794479e-05,-0.00033105165,-7.3596835e-05,-2.6725233e-05,3.2298267e-05,-4.4909306e-05,7.479265e-05,1.1525699e-05
KHDRBS3,1.4910474e-05,-0.0003406927,-0.00024531782,-3.667921e-05,-0.0013903007,0.00019929651,0.00022875331,1.6345992e-05
THTPA,-3.962964e-05,-0.0001238808,-1.1274591e-05,6.463844e-05,-0.0007084459,-9.899214e-05,-3.7389807e-05,8.737668e-06
PLPP5,-0.00029662624,-0.00033846684,-0.00021108985,0.00017842464,-0.0013089925,-0.00023845909,4.9760565e-05,2.0919368e-05
C14orf93,-2.075173e-05,0.000107573345,0.00017455965,-3.7653372e-06,0.0003388673,-3.729295e-05,-0.00013734493,-1.4646212e-06
CBLN1,0.00021965057,-6.8273395e-05,5.8716163e-05,-8.0800615e-05,0.0016670302,0.00012791064,-2.6217662e-05,3.1224918e-06
FN3KRP,-2.2444874e-05,-0.00032110326,-0.00015556999,-6.675441e-05,-0.0025324002,0.00013083871,0.00020111725,1.1708587e-05
PODXL2,-0.00019413605,-0.00047234446,-0.0003249813,7.5603835e-05,-0.0012396052,-4.027132e-05,0.00020550471,2.4250476e-05
TOMM40,-7.571094e-05,-0.00011219643,-5.2677467e-05,6.0906634e-05,-0.001025781,-6.7738816e-05,-4.3055043e-06,1.1080992e-05
TIGD5,0.0001169797,0.00015242025,0.00034702942,-7.6653436e-05,0.0002136156,-1.146365e-05,-0.000195642,-1.1527445e-05
SLC35A1,-6.5434724e-06,-2.228655e-05,7.574074e-05,6.3780695e-05,-0.0015460849,-9.15695e-05,-9.3630515e-05,4.8984075e-06
C2CD4C,0.00011357665,-0.00014498457,-2.8796494e-06,-2.2901222e-06,0.0017220378,1.18417665e-05,-1.7781742e-05,5.8525475e-06
SSTR1,0.00018522143,0.00017139502,0.00011716224,-3.7718564e-06,0.00032918155,0.00026537757,-5.4726377e-05,-5.134614e-06
AKAP7,-0.000115318224,-0.00050398894,-0.00032654032,-2.3432076e-06,0.00032375753,9.0510584e-05,0.00024859793,2.2206339e-05
UPP2,-6.59395e-05,-0.00043551065,-0.00027368218,2.61534e-05,-0.00053435564,3.3655204e-05,0.00019228272,2.0078965e-05
ATP6V1E2,-1.6530976e-05,-0.00022479706,-4.6389177e-05,-8.090399e-06,-6.136298e-05,-2.4296343e-05,3.662333e-05,9.48715e-06
POLR2M,0.00039087795,0.00031467713,0.0005819015,-0.00030903425,0.0011174306,0.00027243886,-0.00022275839,-2.6062364e-05
CCM2,-4.284084e-08,-0.00039812922,-0.0003033206,9.873137e-05,0.00091297925,-6.751437e-05,0.00012078788,2.371415e-05
SBK2,-0.00021708943,-0.00048895366,-0.00036055222,0.00012257323,-0.0011222437,-8.885935e-05,0.00019481964,2.6362599e-05
WBP1,0.000775123,0.0005818866,0.00080478936,-0.00048564002,0.002396211,0.00051096827,-0.00029780064,-4.049472e-05
NUCB2,-0.00018625148,-0.0005668402,-0.00039094687,8.7088905e-05,-0.0025963113,-4.3458305e-05,0.00025815144,2.8334907e-05
PHETA1,0.0002624169,0.00029971078,0.00052726455,-0.00023108255,0.002569273,6.679259e-05,-0.00026658084,-2.1854648e-05
EXOSC3,-0.00020195358,-2.7962029e-05,8.194707e-05,6.493647e-05,-0.00038636476,-0.00021515973,-0.00010908488,5.6544086e-06
ZNF860,0.00019653514,0.00053460896,0.00053341873,1.8700957e-05,0.0011253282,-0.00012097834,-0.00043253694,-1.9907486e-05
CCDC183,-0.00010226481,-0.00020136125,-4.102476e-05,5.8123842e-05,-0.0012746677,-8.172728e-05,1.1288561e-05,9.804964e-06
LINS1,0.0006251279,0.0010316186,0.00086911395,-0.000120255165,0.0015498474,0.00029085763,-0.0005611656,-4.4312794e-05
XRCC4,-0.00017054379,-0.0003699176,-0.00015450642,-4.5449473e-05,-0.00029058754,2.1309592e-05,0.00014433451,1.6627018e-05
HABP4,0.000508992,0.00019683689,0.00041602738,-0.00030269567,0.001588136,0.00043564755,-8.0927275e-05,-2.2628112e-05
STYX,9.435974e-05,-7.513724e-05,7.721782e-05,-8.2039274e-05,0.0012257472,0.00012172107,-5.410053e-06,4.19328e-07
SPPL2A,0.0002518911,0.00015173852,0.00028284825,-0.00020209048,0.00012180954,0.00023258012,-7.374771e-05,-1.1835014e-05
DIMT1,-3.7916005e-05,-9.8489225e-05,0.00015437603,-5.444791e-05,0.0020860434,-0.00010798266,-0.000111122616,2.2049062e-06
BCDIN3D,0.00017671473,-7.9702586e-05,6.0630962e-05,-9.775162e-05,0.001183942,0.00021961611,3.0153431e-05,-8.501811e-07
FAM53B,0.0002387166,-0.00021373294,-9.657629e-05,-3.3351593e-05,0.0005578324,0.00015513785,8.985959e-05,8.4027415e-06
ERGIC2,0.0002052486,5.8244914e-06,0.000105516985,-0.00010108575,0.00014343113,0.0002537435,1.1605211e-05,-4.079542e-06
F2R,-0.00030678324,-0.0003962461,-0.00028514676,0.0001772428,-0.0004899949,-0.00025636517,7.3242e-05,2.6910915e-05
GLOD4,-1.2431294e-05,-0.00020352006,-8.4955245e-05,1.3881363e-05,0.00044953078,2.6752241e-05,4.7768466e-05,1.11620175e-05
PTP4A3,-0.00016762502,-0.00027838536,-0.00026150048,0.00018101092,-1.411885e-05,-0.0002252101,2.9249117e-05,2.4316832e-05
AMY2B,7.567182e-05,-0.00018446892,-3.0037016e-05,-8.387398e-05,-0.0018042177,0.00018986687,0.00012086239,4.4237822e-06
WDR74,-0.00010316633,1.2654811e-05,1.0469928e-05,7.264223e-05,-0.00035808235,-3.4549274e-05,-4.5480207e-05,4.901667e-06
JAM2,-0.0002693124,-0.00043204427,-0.00028301403,5.24316e-05,0.00033067167,-0.00011055125,0.00016009528,2.2003078e-05
FLRT1,9.834394e-05,0.000262253,0.0003572181,-3.3119693e-05,-0.00033067167,-2.4277717e-05,-0.0002458049,-1.0886812e-05
PRAME,-0.00016897544,-0.00039088167,-0.00028100424,0.000107600354,-0.00094501674,-7.116981e-05,0.00014415383,2.2010063e-05
MEAF6,-0.00035701133,-0.0006222334,-0.0005484037,0.00023130141,-0.00044074655,-0.00015317323,0.00025437865,3.77103e-05
MED24,-9.919517e-05,-0.00031234883,-0.00017799251,3.348384e-05,0.0007171035,-7.988885e-05,8.0610625e-05,1.769932e-05
CYP2C18,-1.4640391e-05,-0.00031221658,-9.678863e-05,-1.9451603e-05,0.0006611571,-3.92925e-05,6.528478e-05,1.2641307e-05
HOXA7,-5.745329e-05,-0.0003031846,-0.00023419596,7.9602934e-05,-0.0016520396,4.3798238e-05,0.00014611892,1.7155777e-05
NSUN3,0.00041045062,0.0007128082,0.0007012598,-0.00022088364,0.0008325055,0.0003758436,-0.00033071358,-3.7678168e-05
WASHC4,-0.00011097826,-0.00036293827,-8.982234e-05,-6.566942e-05,7.2561204e-05,-5.6444667e-05,0.00010472257,1.1962489e-05
C7,0.0002420377,0.000113517046,0.00026499853,-0.00011555571,0.0005446151,0.00016775075,-0.00010877941,-9.9390745e-06
STX2,-0.0002110228,-0.0002976302,-0.0001839865,0.00016154442,0.00081124157,-0.0003247331,-3.3633783e-05,2.3306231e-05
YWHAH,-0.0006833635,-0.0015068986,-0.001381442,0.00043037813,-0.0035524517,-0.0002466659,0.00076649245,8.246675e-05
PELO,0.0001419764,8.161366e-05,7.337518e-05,-6.3702464e-05,-5.0090253e-05,0.00024273526,1.334399e-05,-3.2711541e-06
ZNF587,9.514391e-06,-0.00015942752,0.00013635866,-9.944104e-05,0.0015461817,-8.2017854e-05,-6.879307e-05,3.0416995e-06
RSPO4,-0.00020017847,-0.00046551228,-0.00034212507,0.00011923816,-0.0008322224,-9.3440525e-05,0.00017601624,2.5788904e-05
DHRS4,0.000113973394,-0.00027789362,-4.0810555e-06,-0.00017115101,-0.0009509325,0.00023636594,0.00015549269,2.150191e-06
RP11-159G9.5,-0.00021708943,-0.00048895366,-0.00036055222,0.00012257323,-0.0011222437,-8.885935e-05,0.00019481964,2.6362599e-05
MARCH11,-0.00021708943,-0.00048895366,-0.00036055222,0.00012257323,-0.0011222437,-8.885935e-05,0.00019481964,2.6362599e-05
ERI3,2.3782253e-05,-0.00031751394,-0.00019854307,-8.8736415e-06,-0.00061992556,0.00011144951,0.00016461499,1.4920253e-05
IBSP,-0.00021708943,-0.00048895366,-0.00036055222,0.00012257323,-0.0011222437,-8.885935e-05,0.00019481964,2.6362599e-05
ZNF100,0.00021075457,5.351007e-05,0.00023395382,-0.00020378362,0.0015390068,0.00022658706,-5.049538e-05,-7.413444e-06
C3orf38,4.4072047e-05,7.236749e-05,0.00039293244,-0.00016525388,0.0015623048,-9.426847e-05,-0.00021317694,-9.671203e-06
FAM71B,-0.00021708943,-0.00048895366,-0.00036055222,0.00012257323,-0.0011222437,-8.885935e-05,0.00019481964,2.6362599e-05
TRMT9B,-0.0003576111,-0.0005906876,-0.0004900228,0.00019729696,-0.0010316744,-0.00018968852,0.00024701376,3.2756012e-05
TSPYL4,-0.0007819999,-0.00161222,-0.0015203245,0.00049564335,-0.0033143386,-0.00025078468,0.00082646776,8.969603e-05
PRSS55,-0.0001644697,-0.0001093559,-2.0191073e-06,0.00010280963,0.001076512,-0.0002005836,-8.546375e-05,8.92207e-06
CNN3,-0.00024667569,-0.00055159815,-0.0003381092,6.4689666e-05,0.0005371943,-0.000108251814,0.00019378494,2.6275986e-05
ZC3H10,0.0003053192,0.00025571138,0.00031868927,-0.0001511909,0.00020486861,0.00025444385,-0.000117628835,-1.5612459e-05
KISS1R,-0.0001301691,-0.00025778636,-0.00011889078,4.648231e-05,-0.0006027296,-6.4788386e-05,6.3949265e-05,1.3500685e-05
ZC3H15,-0.00039877556,-0.0007903874,-0.0006541647,0.0002040593,-0.0016538128,-0.00013857195,0.00036354456,4.337402e-05
TBC1D20,-1.893565e-05,-0.00022181869,-6.1765313e-06,-8.407328e-05,0.00085148215,0.000109763816,7.1893446e-05,5.098991e-06
DRAXIN,-2.1928921e-05,0.00023574941,0.00034567714,8.78945e-05,0.0025453344,-0.00027128123,-0.00036024768,-5.8194855e-06
DUSP9,0.00024995767,9.121746e-05,0.00027438626,-0.00015768781,0.0016413257,0.00012712926,-0.000116580166,-9.67388e-06
RNF26,-2.9940158e-05,-0.00018584356,-7.133186e-05,-3.579352e-05,-0.0018336326,0.00010993332,0.000112425536,7.143826e-06
CFAP157,-0.00028142892,-0.0005342234,-0.00037371367,0.0001490917,-0.0013796687,-0.0002311403,0.00017080456,2.9065413e-05
OLIG3,1.880154e-05,-0.00020658597,-6.3061714e-05,-1.4239922e-06,0.00039524585,2.0215288e-05,4.2816624e-05,9.353622e-06
DIRAS1,-0.00024740025,-0.0005562678,-0.000368841,0.0001326371,-0.00065878034,-0.00024537416,0.00016228016,3.0010822e-05
AVPR2,-0.00021708943,-0.00048895366,-0.00036055222,0.00012257323,-0.0011222437,-8.885935e-05,0.00019481964,2.6362599e-05
ZNF419,-0.00037632324,-0.0002593398,-0.00034460053,0.0002967436,-0.0026440173,-0.00024226075,7.965136e-05,2.6642694e-05
ZNF320,5.108118e-05,-3.2585114e-05,0.00016001984,-0.000113643706,0.0002924204,3.3043325e-05,-4.1536987e-05,-2.1531014e-06
LHFPL5,4.9373135e-05,1.6920269e-05,0.00019742176,-6.6893175e-05,0.0003329739,3.2298267e-06,-0.00010119099,-3.5850098e-06
ATP1B4,-4.995987e-05,-0.0002004411,-3.2270327e-05,1.6200356e-05,-9.030104e-05,-7.716101e-05,3.2484531e-06,9.9191675e-06
VPS28,-3.86592e-05,-0.00022232533,-5.464442e-05,1.2861565e-05,0.00080136955,-2.2240914e-05,3.0393712e-05,9.8221935e-06
CTHRC1,1.8093735e-05,-0.00012419187,1.0849908e-05,-9.3003735e-05,3.7811697e-05,8.4813684e-05,5.049724e-05,3.76557e-06
CASP9,5.9386715e-05,2.7384609e-05,0.00022790208,-6.1188824e-05,0.0004960671,3.3824705e-05,-0.00011164788,-5.952781e-06
BNIPL,-0.00013216212,-0.00025705993,-0.0001148805,2.2046268e-05,-4.9181283e-05,-0.00010532886,5.2689575e-05,1.3897545e-05
GAPDH,-0.00042205676,-0.00096943974,-0.0008278936,0.0002561342,-0.0013644099,-0.00011037057,0.00046473555,5.1079784e-05
GRAMD2A,-0.00029917434,-0.00026602857,-0.0002086088,0.00022906624,-0.00035160035,-0.00032015378,-2.3018569e-05,2.3146975e-05
DCAF4L2,-5.618669e-05,-0.00019428879,-8.463673e-05,5.8717094e-05,5.350262e-05,-5.220622e-05,1.4442019e-05,1.2532459e-05
UFC1,3.226474e-05,1.55624e-05,0.00012828968,-1.0580756e-05,0.0006185025,-1.927372e-05,-9.96748e-05,6.768387e-07
HRH2,0.00021672994,0.00024898723,0.0004044082,-0.00014932174,0.0015571266,0.00013598986,-0.00019496959,-1.685624e-05
ANKRD40,-8.495152e-05,-0.00010307878,6.631017e-07,5.096104e-05,-0.00078991055,-0.00015621027,-5.4582953e-05,9.845593e-06
B9D2,9.1638416e-05,-3.835559e-05,8.776784e-06,1.559034e-06,-0.0018225908,8.318387e-05,1.232978e-05,3.6482234e-06
FBXO6,-6.4603984e-05,0.00022145174,0.000278024,3.1063333e-05,0.00024922192,-0.00011053588,-0.00022656564,-6.6567445e-06
PURB,-4.73354e-05,-0.00018464774,-3.6098063e-05,-1.7082319e-05,0.0018196255,-1.180172e-05,1.7724931e-05,8.188887e-06
STK26,0.00025360286,0.00016549043,0.00020026974,-0.00013897754,0.0012093186,0.00032682158,-4.1910447e-05,-9.607873e-06
MED8,0.00013786554,-6.686896e-05,2.3229048e-05,-7.332582e-05,-0.0005749315,0.00024339743,6.256439e-05,7.3877163e-07
ZNF404,2.9228628e-05,-4.0775165e-05,9.8504126e-05,-2.0621344e-05,0.0014020354,-5.513709e-05,-9.232666e-05,2.1138694e-06
GPATCH4,0.00022391044,0.000164764,0.00026135705,-0.00015826337,-0.00028167665,0.0002743788,-6.398652e-05,-1.15283765e-05
ZNF285,0.0002458524,0.00059404783,0.0006049443,5.982816e-06,0.00041864812,-4.2608008e-05,-0.00045253802,-2.4130684e-05
TSPAN7,-0.0005651638,-0.0010022409,-0.00084918365,0.00033232942,-0.0020460486,-0.00030892808,0.00042032916,5.6090066e-05
P2RX1,-7.54036e-05,-0.00036741793,-0.00024623983,4.329253e-05,-0.0011709258,7.398799e-05,0.00018086191,1.7516664e-05
MMD2,-0.0007613674,-0.0011284351,-0.0011083782,0.00045098364,-0.0045875534,-0.000428739,0.0005365992,6.875908e-05
EPHB2,0.00029006414,4.0126964e-05,0.00020079501,-0.00020767283,0.0011770055,0.00027657952,-1.379475e-05,-8.920324e-06
OC90,-0.0001909528,-0.00048344024,-0.00035393052,0.00010820292,-0.0009800419,-6.575789e-05,0.00019754004,2.5739195e-05
ELOVL1,-4.7311187e-05,-0.00012475066,-0.00012053549,0.00013340544,-0.0011848584,-7.7504665e-05,-2.2640452e-06,1.3546436e-05
BPI,-0.00020945631,-0.0004906114,-0.00037761964,0.00012499746,-0.0011824742,-6.796513e-05,0.00020778645,2.6753405e-05
FRZB,0.000176467,0.00021206401,0.00018123165,-4.3105334e-05,-0.0014737099,0.0002710605,-5.8139674e-05,-7.809955e-06
RSPH1,-0.0005942248,-0.0010694843,-0.0007585827,0.00025331508,-0.0026714206,-0.0005322122,0.00039330032,5.0924835e-05
NTM,-0.0009900406,-0.0015337281,-0.0014402568,0.0005312627,-0.005447723,-0.0004125568,0.00076409336,8.789252e-05
STX5,-6.9076195e-05,-9.939447e-05,-0.00010980293,0.00018319208,-0.00078678876,-0.00018758187,-4.8198737e-05,1.3435958e-05
ZNF566,0.00023368001,-7.5962394e-05,0.00017461367,-0.00015735999,0.00069890916,0.00016269833,-2.352614e-05,-4.2186584e-06
CCNY,-0.00026748516,-0.0006896313,-0.0005673934,0.00015433971,-0.0012622178,-0.0001121941,0.0003193235,3.7552207e-05
FFAR4,6.210618e-05,4.518777e-06,0.00024906732,-0.0001327293,0.0010224432,4.3417327e-05,-0.00010062475,-6.040791e-06
ST3GAL1,0.00014251098,-0.0001669582,-9.2905015e-05,2.6289374e-05,-0.0003408566,0.00012355484,5.9223734e-05,9.965035e-06
RETREG1,-0.00027710572,-0.0005339533,-0.00035765208,9.620562e-05,-0.0008044988,-0.00012886012,0.00022173487,2.4556415e-05
RPA2,9.608269e-05,-7.524714e-05,0.00014148094,-0.00013797358,0.0016557723,3.3030286e-05,-4.941132e-05,-8.6962245e-08
SYT8,-0.000157943,-0.0005021114,-0.00033181347,7.5111166e-05,-0.00077498704,-1.3936311e-05,0.00020679738,2.421718e-05
P2RX4,-3.8487837e-05,-0.00027555972,-0.00012393296,-3.920868e-07,0.00034962595,-2.6567839e-05,8.059386e-05,1.2913486e-05
EIF4H,-7.9350546e-05,-0.00033317693,-0.00024709478,8.410681e-05,-0.00029988587,2.29273e-05,0.00013013743,1.9381987e-05
TOR1A,-2.0246953e-06,0.00010479428,0.00014517456,3.230758e-05,-0.0004988536,-4.8547983e-05,-0.00013159309,1.6647391e-08
CENPP,0.00027348287,0.0001381319,0.00012867711,-4.5663677e-05,-0.0006062016,0.00022437982,-4.377216e-05,-4.901085e-06
ORC5,-8.499436e-05,-0.0003230851,-8.264743e-05,2.0086765e-05,0.00036145747,-0.00022240449,1.9880012e-05,1.4065998e-05
MEIOB,-0.00013202801,-0.0002196487,-8.659065e-05,4.358869e-05,-0.0007900968,-4.015863e-05,5.0140545e-05,1.1455035e-05
CCR10,0.00017809682,8.0652535e-05,0.0003648363,-0.00020830892,0.0013183206,0.00010449253,-0.00013418403,-1.3292185e-05
FBXL18,1.8751249e-05,-0.00062527694,-0.00021500885,-0.00019183103,0.00038424134,0.00018641911,0.00030332152,1.5511643e-05
OTUD6B,0.0002315063,-9.149313e-06,0.00016319379,-0.00020686351,-0.000112719834,0.0002522217,1.1014752e-05,-3.1500822e-06
SDHC,4.810095e-05,-0.00015767477,3.6189333e-05,-3.6648475e-05,-0.00041930377,6.168522e-05,1.8729828e-05,3.5874546e-06
PSKH2,-0.00018686429,-0.00046573952,-0.00032807887,0.00010489952,-0.00082390755,-7.546693e-05,0.00017899554,2.4634064e-05
VASH1,-0.00026744977,-0.000633914,-0.0005531199,0.00024240371,-0.0005788356,-0.00024452666,0.00021769851,3.9940118e-05
ARL2,-0.0001842957,-0.00037337467,-0.00025987625,0.0001112055,0.000110924244,-0.00012713065,0.00011184439,2.13834e-05
SPG21,-1.1848286e-05,-0.00021535903,-6.5160915e-05,1.3628043e-05,0.0010128617,-3.945362e-05,1.5888363e-05,1.1978322e-05
GPR75,5.1816925e-05,-9.4715506e-05,5.3906813e-05,-2.2352673e-05,-0.00018171221,4.6999194e-05,-1.3667159e-05,3.057532e-06
RPS4X,-0.00013136119,-0.00041953474,-0.0002556648,7.553119e-05,-0.00028772652,-2.3478642e-05,0.00014701951,2.1036481e-05
ZNF286B,-0.0003821738,-0.0012067705,-0.0011261161,0.00026492774,-0.0034599602,1.1191703e-05,0.00068598986,6.5714004e-05
FAM69B,-0.00021708943,-0.00048895366,-0.00036055222,0.00012257323,-0.0011222437,-8.885935e-05,0.00019481964,2.6362599e-05
WDR18,-0.00023256801,-0.0003795419,-0.00037689134,0.00020042527,-0.0017054528,-7.821061e-05,0.0001713289,2.5585643e-05
HEPACAM2,0.00036610477,0.00048526563,0.00055865385,-0.000119599514,-5.8457255e-05,0.00018606149,-0.0003036717,-2.6524416e-05
KDELR2,-0.00036799535,-0.00046426617,-0.00035952032,0.00022297911,-0.0006801933,-0.0003022328,9.798724e-05,3.1631324e-05
RPRD1A,-3.9719045e-05,-0.00025933236,-0.0001312606,3.7020072e-06,0.0005366877,1.504831e-05,8.21352e-05,1.3955287e-05
EGFL7,9.807572e-05,-0.00021513924,-0.00010814518,-4.829839e-06,0.0004310608,0.00014616456,8.736178e-05,9.945361e-06
ALKBH6,2.5788322e-05,0.00025465153,0.0004459247,-7.2414055e-05,-0.00055776536,-0.00013803178,-0.00029210653,-1.2140255e-05
PSAPL1,1.2347475e-05,-0.000116664916,1.1835247e-05,2.5819056e-05,8.21799e-06,-1.14431605e-05,-1.8425286e-05,5.83753e-06
CLDN15,6.111711e-05,5.0958246e-05,5.6618825e-05,7.469207e-06,0.00079669803,4.8204325e-05,-7.096678e-05,3.3839606e-06
TMEM106C,-0.00031747483,-0.00014102459,-5.400367e-05,0.00015463866,-0.0012953952,-0.00022246223,-3.780797e-05,1.1333148e-05
TMBIM1,-0.00014274009,-0.00041440874,-0.00037285313,0.00018324982,-0.001339972,-4.492048e-05,0.00016449578,2.6838039e-05
ELMOD1,-7.775426e-05,-0.000531815,-0.00029017217,-1.579523e-05,-0.00021226704,-7.690862e-06,0.00021746289,2.3260247e-05
TSPAN13,-0.0003389623,-0.00080662407,-0.00072147325,0.00024326425,-0.0023125708,-5.987007e-05,0.00040743966,4.5039575e-05
C1QL1,0.00012562238,0.0004159473,0.00031170622,2.0647421e-06,-0.0009977221,0.0001279302,-0.00020717736,-1.2994511e-05
AKR1D1,2.0105392e-05,-0.00022821128,-8.820556e-05,8.6892396e-07,0.001130499,-3.0579045e-05,3.63281e-05,1.1242344e-05
SERPINB9,-0.00015637092,-0.00018539652,-2.4270266e-05,9.573065e-05,0.0011631548,-0.00019836286,-6.6351146e-05,1.14493305e-05
TRIM64C,-0.00019518845,-0.000461258,-0.00032563694,0.00010388531,-0.0010122582,-7.322244e-05,0.00018133782,2.4365494e-05
LPAR1,-0.00029165857,-0.0005531814,-0.00040062703,9.8826364e-05,-0.0018759966,-0.00019351486,0.00022502616,2.9623741e-05
GALM,-0.00017318316,-9.436533e-05,0.00017476082,-3.306195e-05,0.00029758364,-0.00017974433,-0.00010301266,-8.153729e-07
PLEKHA3,0.0004448034,0.00037454255,0.0005290862,-0.0002588639,0.0024529546,0.00021107774,-0.00026071537,-2.3157801e-05
SULT2B1,-0.00015822053,-0.0004274007,-0.00028365664,8.4899366e-05,-0.00082078576,-4.8923306e-05,0.00016369019,2.1851854e-05
XPA,-0.00027855113,-0.0005194135,-0.0005156901,0.00027086772,-0.0026292205,-0.0001896983,0.0002120221,3.616663e-05
SAP30L,0.0001520589,0.00013876334,0.0003136862,-0.00013552606,-0.00055555254,6.357115e-05,-0.00013223384,-1.1639204e-05
NUP205,0.00026990846,0.0005337354,0.0005184505,-7.902179e-05,0.0009983927,8.314196e-05,-0.00034892838,-2.1579326e-05
ASIC5,-0.00021162629,-0.0004865732,-0.00035703555,0.000119164586,-0.001081422,-8.5116364e-05,0.00019404199,2.6134308e-05
KCNIP1,0.00029075705,0.0005698502,0.0006397851,-0.00013845228,0.0009751916,0.00012070499,-0.0003736941,-2.8878218e-05
STXBP5L,0.0008208826,0.0011635274,0.0012928899,-0.0004525464,0.0034205616,0.00043455325,-0.0006789854,-6.4960914e-05
FANCD2,0.00011079013,-0.00024953112,-7.721968e-05,-8.317083e-05,-0.000641346,0.00015538186,0.00012785755,8.070725e-06
RAC2,-0.00010926649,-0.00014482625,-0.0001393538,0.00017708354,-0.00018068403,-0.00018541003,-2.7731061e-05,1.585565e-05
TMEM19,0.0003396757,0.00030753575,0.0005246606,-0.00023470912,0.00244838,0.00019276608,-0.0002425136,-2.2440217e-05
EIF3F,-0.000103875995,-0.00022215024,-9.808689e-05,9.011105e-05,0.00027684122,-0.00015342003,-8.7004155e-06,1.4728983e-05
IL5RA,-0.00013407506,-0.00029452704,-0.00016469881,0.000111016445,-0.00027391315,-0.00014444301,3.6826357e-05,1.8017483e-05
RGR,2.3758039e-05,-1.6471371e-05,2.7954578e-05,1.49048865e-05,0.0002771765,5.4928474e-05,-3.1523407e-05,3.5973499e-06
ZNF417,9.972416e-05,0.00015116669,0.00023969449,-1.1749566e-05,0.0019802228,-0.000108368695,-0.0002181353,-3.820751e-06
PRRT2,-3.068708e-05,-0.0002624672,-0.00022890605,0.00011602137,-0.00051404536,7.362198e-05,0.000114846975,1.7723534e-05
SNAPC1,1.087971e-05,-4.301779e-05,0.00010298006,-4.9648806e-06,0.0008383915,-7.88318e-05,-9.230245e-05,2.9101502e-06
C9orf72,-9.635463e-06,-0.00037073344,-0.00020277873,-3.576372e-05,-3.8273633e-05,0.00019380823,0.00021451805,1.2582634e-05
BVES,0.00010046549,2.3404136e-05,0.00017024018,-3.3211894e-05,0.00070709735,8.418225e-06,-0.00011003669,-2.1624146e-06
WIPF1,0.0004667528,0.000336729,0.0005312674,-0.00030138344,0.0014546216,0.00038310047,-0.0001816852,-2.6427791e-05
RPS8,-0.00014707446,-0.00043829903,-0.0002877079,8.655526e-05,-0.0001033321,-1.9296072e-05,0.00016189553,2.2430671e-05
ILKAP,1.6206875e-05,6.7759305e-05,0.000101229176,1.9176863e-05,-0.00047288835,3.0161813e-05,-8.150935e-05,1.4264369e-06
PIP4K2A,-2.4158508e-05,6.2745064e-05,0.00013710745,4.179217e-05,-0.0009125918,-5.0142407e-05,-0.00011581462,1.0374933e-06
PVR,2.2770837e-05,3.646128e-05,8.812733e-05,8.5602514e-05,0.0007610023,-9.3327835e-05,-0.00013914052,3.7330901e-06
ZNF69,0.0004170742,0.0007247031,0.00072912127,-0.00012443587,0.002232574,0.00012006704,-0.00048199948,-3.322505e-05
HSDL2,0.00022217445,0.00016474538,0.00040011853,-0.00018432736,0.00038733333,0.00010082126,-0.0001640832,-1.639896e-05
CDKL4,-4.807487e-06,-6.8400055e-05,0.00011225045,-5.487632e-05,0.00081142783,-1.9558705e-05,-5.3683296e-05,6.299233e-07
ZNF669,4.1443855e-06,9.0863556e-05,-2.213195e-05,0.00017742533,0.0004079044,-0.0001010485,-0.0001312336,9.643496e-06
TMPPE,-0.00018053502,-0.0005816575,-0.00048619322,0.0001401687,-0.0018009767,-2.0714477e-05,0.00028532557,3.1415606e-05
SAR1B,-0.0001885239,-0.00032404065,-0.00018869713,9.9884346e-05,-0.0007769689,-0.00012491038,7.965509e-05,1.7763465e-05
ZNF429,0.00026047044,0.0006426126,0.000525387,2.829358e-05,0.0005252734,1.7196871e-05,-0.00041706022,-2.2180262e-05
ZNF497,0.00038548745,0.0002527777,0.00037318096,-0.0002299929,0.00059806556,0.0003493391,-0.000102340244,-1.9344268e-05
ZNF439,5.6359917e-05,4.0233135e-07,5.5648386e-05,2.1328218e-05,0.00090011954,-4.9564987e-06,-7.0054084e-05,3.0585798e-06
GH1,-0.0009751804,-0.0018070843,-0.0016924124,0.00062029343,-0.0060879365,-0.00042972527,0.00088359043,0.00010181498
ALS2CR12,-0.00021708943,-0.00048895366,-0.00036055222,0.00012257323,-0.0011222437,-8.885935e-05,0.00019481964,2.6362599e-05
NOL12,-0.00015968643,-4.4522807e-05,-5.6330115e-05,0.00014991779,-0.0014183968,-0.00016769161,-5.6782737e-05,1.1755037e-05
ARMC1,-0.0004274752,-0.00096637756,-0.0007871147,0.0002213465,-0.0027862862,-0.000120099634,0.00047104992,4.884426e-05
ZDHHC15,0.0005618073,0.0007253811,0.00091751665,-0.00040023308,0.0039014742,0.000330301,-0.00044082385,-4.510756e-05
GSDME,-0.00018069707,7.5273216e-05,0.0002121348,9.013247e-05,0.00032301992,-0.00037710601,-0.00024975184,1.7777784e-06
ZNF134,0.00013319589,0.00027343445,0.0004130043,-0.00012736581,-0.00014173985,0.00014702976,-0.00019128341,-1.7258571e-05
CCNYL1,0.00043399073,0.00060177594,0.00087216496,-0.00038146228,0.001437828,0.0003085602,-0.00037782732,-4.1914172e-05
GPR173,1.1378899e-05,3.4021214e-05,-2.1703541e-05,0.00014507119,-0.0011347532,-4.3598935e-05,-7.3300675e-05,7.3947012e-06
B3GALNT1,-7.903203e-06,-0.00019975565,-0.00015174225,5.501602e-05,-0.0009959564,0.00013647694,0.00010999758,1.2175529e-05
FBXO16,0.0002210699,0.0002650898,0.00047209673,-0.00016991701,0.0020130798,8.375943e-05,-0.00024139043,-1.9452884e-05
PGBD4,-0.0002333019,-0.00034214184,-0.0001701247,8.667074e-05,-0.0010620952,-0.00012149289,8.954946e-05,1.6645878e-05
GNRHR,0.00012669712,5.3809956e-05,0.00012898631,3.232062e-05,0.0012162551,-5.437527e-05,-0.00014007743,-5.4598786e-08
TMPRSS12,-0.00020042993,-0.00048949756,-0.00035823882,0.000111783855,-0.0011415333,-6.857421e-05,0.00020181295,2.5935937e-05
NANS,-0.00010723621,-3.466755e-05,-0.00013306737,0.00021746103,-0.001751326,-0.000118097756,-4.4310465e-05,1.538673e-05
FGFR1,-0.00050855055,-0.0007234644,-0.0005815271,0.0002805777,-0.0006439984,-0.000309763,0.00024235528,4.191918e-05
RBKS,0.00040430762,7.972121e-05,0.00035348535,-0.0002491204,0.0003561601,0.00023403391,-8.06395e-05,-1.5869387e-05
SDHD,-0.0002516862,-0.00011712499,-6.632693e-05,0.00015293807,-0.0002867952,-0.00020298222,-6.043166e-05,1.3583805e-05
EMP3,-7.811934e-06,-0.0003963709,-0.00019922107,-9.188987e-05,-0.0018628538,0.00016523525,0.00024647918,1.353689e-05
HTR5A,0.00031650066,0.00033586286,0.00038509816,-9.652227e-05,7.8722835e-05,0.00021714438,-0.0001968639,-1.7773476e-05
MTERF1,0.0003888607,0.00042225048,0.0005193539,-0.00022675376,0.0011478439,0.00023733731,-0.00024075154,-2.4236739e-05
PANX3,-0.00021708943,-0.00048895366,-0.00036055222,0.00012257323,-0.0011222437,-8.885935e-05,0.00019481964,2.6362599e-05
TTL,-0.00017565489,-9.348057e-05,7.070415e-05,4.4867396e-05,0.0014395863,-0.00026808959,-0.0001289947,8.821255e-06
GPRIN3,0.00025977194,0.00053937174,0.0005655121,-8.209422e-05,-0.00071178377,0.0001410367,-0.0003300449,-2.4775276e-05
PTER,0.00015927292,-0.00021337345,-1.9615516e-05,-0.00011059921,0.001469329,0.00021066424,8.946285e-05,4.3042237e-06
CCDC36,0.00015282072,-0.00011083111,8.03601e-05,-0.000117446296,0.0009906068,0.00010172557,1.5255064e-06,7.0547685e-07
ZNF793,-0.00013357773,-0.00062070414,-0.0003193803,-3.098976e-05,0.0012404397,-3.5199337e-05,0.00023920182,2.3646862e-05
STRN4,-4.753284e-05,-8.53166e-05,-3.3114105e-05,0.000112172216,-0.000107996166,-0.00011001667,-5.790405e-05,1.0072952e-05
PIGU,0.00015525706,0.00012117252,0.00027665496,-9.248778e-05,0.0010836199,3.8770027e-05,-0.00015920307,-6.7189103e-06
TCF19,0.0001699347,0.00012802519,0.00020361319,-1.99629e-05,-0.00028143823,0.00010939967,-0.0001127189,-6.8162335e-06
GPR12,0.00013272278,-0.00014221855,2.3461878e-05,-1.7405488e-05,-0.00011063367,8.8624656e-05,7.641502e-06,4.4243643e-06
GHITM,-4.970655e-05,-0.00012896396,3.0212104e-06,2.416689e-05,0.0005554855,-2.4360605e-05,-2.6091002e-05,8.080737e-06
RBM11,0.00010571815,0.0003224928,0.00046922453,-0.00012466963,0.0014365315,2.9847957e-05,-0.00026931707,-1.771818e-05
HSD17B12,5.7499856e-05,-0.000115145,-3.6319718e-05,-2.525933e-05,-0.0002728328,0.00015860144,7.021893e-05,4.610978e-06
KLF1,0.00012980588,-1.4845282e-06,0.0001380369,-5.7075173e-05,0.00061781704,0.00011174474,-5.8267266e-05,-2.1032756e-06
ZNF212,0.00029570237,0.00030996092,0.0004224535,-0.00014364999,-0.00044252723,0.00017160177,-0.00020158384,-1.8301187e-05
FAHD2B,-0.00019963644,-0.00025064312,-0.00018515624,0.00015702192,-0.00104063,-0.00024800329,1.5591271e-05,1.9970234e-05
LAYN,0.0001683589,0.00012404472,0.0002243761,-6.5168366e-05,0.0011109263,0.00010254793,-0.00012579467,-6.8472e-06
NEUROD4,-0.00037645362,-0.001037443,-0.0007627532,7.9644844e-05,-0.003912911,-4.7394074e-05,0.0005495101,4.6957284e-05
TLK1,-0.00013036095,-9.035878e-05,-5.710125e-05,0.00014836062,-0.00021614134,-0.00016689068,-6.795768e-05,1.2539211e-05
ANGPTL5,-0.000105988234,-0.00032567047,-0.00021982007,8.35862e-05,-0.0009694323,-2.3783185e-05,0.00011919625,1.7939019e-05
SERTAD4,0.00034770928,0.00012265332,0.00040662847,-0.0002849577,0.0027154833,0.00023050886,-0.00013552886,-1.6287668e-05
PYGO1,-0.00035908073,-0.0011459123,-0.0010609087,0.0002645962,-0.0021766648,7.1208924e-06,0.0006296309,6.225309e-05
HEXIM1,-0.00057279505,-0.0010789204,-0.00084742345,0.0001764372,-0.002146341,-0.00020312937,0.00052772556,5.3565833e-05
ZNF239,5.0336123e-05,0.00021829829,0.00034062378,6.0470775e-06,0.0009344071,-0.00017608888,-0.00028750207,-7.82148e-06
RPL19,-8.009374e-06,-0.00026986562,-0.0001287926,1.2568198e-05,0.0005884841,4.3577515e-05,8.580834e-05,1.2760982e-05
TREX1,7.682294e-05,-0.0003455747,-0.000121733174,-7.4412674e-05,0.000729166,5.6040473e-05,0.00012705382,1.1742115e-05
F2RL3,3.0910596e-05,-0.00010413304,3.6861748e-05,6.193295e-07,0.00038288534,-1.5674159e-05,-3.5212375e-05,4.5346096e-06
PPP1R3F,0.00041256845,-3.0094758e-05,0.00017501228,-0.00026684254,0.0010207668,0.0004060259,6.0877763e-05,-9.403797e-06
ZNF611,0.0003252048,0.00035478547,0.0005550217,-0.00017639622,0.0017850026,2.9236078e-05,-0.0003309613,-2.0761043e-05
RNF112,-0.00030701607,-0.00092632696,-0.0008101687,0.00021866802,-0.004706517,1.7078593e-05,0.00051902793,4.7720037e-05
ECHS1,-0.0001330357,-0.00030107237,-0.00023839623,0.00013539102,-0.00033558905,-0.00011097919,7.813983e-05,2.0901323e-05
ZNF579,0.0003683623,0.00012127869,0.00033514202,-0.00021776557,0.0020121634,0.00024274085,-0.00011308957,-1.368497e-05
IDI1,-0.00040361285,-0.00065687485,-0.0005563088,0.00023628213,-0.0010763407,-0.00021817023,0.0002567619,3.8698898e-05
ZFAND2B,-0.0004620403,-0.00031986833,-0.0003081523,0.00034700893,-0.0013782158,-0.0005890168,-4.807301e-05,3.193831e-05
TMEM59,-0.00013694167,-0.00019073486,-6.129779e-05,7.325038e-05,0.00031467527,-0.00015085982,-1.7902814e-05,1.2320932e-05
TTC4,0.000572158,0.00078602135,0.0008697305,-0.0002701087,0.0026756972,0.00025682244,-0.00047599617,-4.3155043e-05
TLCD1,-0.00025161915,-0.00048644096,-0.00036800653,5.849451e-05,-0.0025735497,-5.6309626e-05,0.0002512047,2.4572248e-05
DTNBP1,8.391216e-06,5.7928264e-06,6.431341e-05,-1.2924895e-05,-0.0008286163,3.9798208e-05,-3.5297126e-05,3.5364646e-06
CHIA,-0.00022753887,-0.00049558096,-0.00036660582,0.00012714788,-0.0011247545,-0.000100187026,0.00019505154,2.6889611e-05
CD46,-0.00013588183,-0.0001520291,-1.1814758e-05,4.2382628e-05,0.00012892485,-0.000120438635,-2.827216e-05,9.594602e-06
HEY2,-3.8502738e-05,0.00041946024,0.00048134476,4.4479035e-05,0.0023258254,-0.00021812087,-0.00041604694,-1.5660422e-05
METTL8,1.0512769e-05,-0.00023846328,-3.2220036e-05,8.921139e-06,0.000888817,-0.00012871716,-3.2197684e-05,1.2994045e-05
ARID3C,-0.00019096583,-0.00048515946,-0.00036173686,0.00011845585,-0.00055778027,-8.227583e-05,0.0001867963,2.6789494e-05
GGN,-0.0001169648,-0.00026164204,-0.0001292117,8.116476e-05,-0.0003534332,-0.00010723714,4.2386353e-05,1.46484235e-05
NFKBIB,3.154017e-05,-0.0002627503,-3.5149977e-05,-0.00014064927,-0.001768522,0.00017648377,0.00015873834,4.868605e-06
ATP5S,-0.00021708943,-0.00048895366,-0.00036055222,0.00012257323,-0.0011222437,-8.885935e-05,0.00019481964,2.6362599e-05
TMEM178A,-0.00036359392,-0.0006921701,-0.0006336104,0.00020741764,-0.0021207258,-0.00015117135,0.0003343029,4.1746767e-05
INSYN2,-0.00021708943,-0.00048895366,-0.00036055222,0.00012257323,-0.0011222437,-8.885935e-05,0.00019481964,2.6362599e-05
HPDL,0.000117678195,0.00017948076,0.00019487366,-4.511699e-05,0.0002445057,0.00014581904,-0.00010177214,-7.2008697e-06
ARL4C,-0.00038415194,-0.0009609461,-0.00080322474,0.00016620662,-0.0025991201,-4.333444e-06,0.0005183676,4.8668473e-05
APOL5,-0.00022810698,-0.0004959293,-0.0003626123,0.00012802891,-0.0010014176,-0.000111724716,0.00018860586,2.6874943e-05
CPT2,-0.00017766282,-0.00018660538,-8.3025545e-05,5.146768e-05,-0.0014934614,-0.00015898794,2.3150817e-05,1.2776698e-05
HP1BP3,-0.0006318968,-0.0011819378,-0.001029795,0.00034388807,-0.0021897554,-0.0002773013,0.00054481626,6.508187e-05
TEKT5,-0.00022006966,-0.00050289184,-0.0003777556,0.00013069529,-0.0010970384,-9.914022e-05,0.00019877497,2.747355e-05
CRY2,0.00038857758,0.00011194125,0.00039081275,-0.0002950849,0.0027342886,0.00018636137,-0.00013776403,-1.4742254e-05
EIF3K,-0.00013198331,-0.00025548786,-0.00016531162,0.00010674074,2.6457012e-05,-0.00010338612,4.518032e-05,1.7108861e-05
C1orf87,-6.326288e-05,-0.00016359799,-7.801317e-05,3.8906e-05,-3.799051e-05,2.5769696e-05,3.9407052e-05,9.732903e-06
AICDA,0.00014542602,0.0001496952,0.00023550168,-1.634378e-05,0.0006522089,1.4867634e-05,-0.00017150026,-5.342299e-06
PIANP,7.017888e-05,9.343214e-05,0.000117305666,4.3241307e-05,-0.0011791065,1.5776604e-05,-9.965617e-05,-1.0326039e-07
ZFP69B,-5.6801364e-05,8.174032e-05,0.00024304166,5.5562705e-05,5.7913363e-05,-0.0003035809,-0.0002459092,-8.336501e-07
ABI3,-0.00024053268,-0.00055669807,-0.0004623942,0.00017343462,-0.0010792911,-0.0001306315,0.00023336988,3.194844e-05
CA4,0.00018431246,-1.4333054e-05,0.00020497106,-0.00016263686,0.0012554452,0.00016505364,-4.1710213e-05,-6.6304347e-06
SNX30,0.0005304646,0.00027141348,0.0005976148,-0.00044765696,0.0028626919,0.00035705324,-0.00017385837,-2.886972e-05
RMDN1,0.00030212477,0.00022940524,0.00041919388,-0.0002902383,0.0028334484,0.00030894578,-0.00013526436,-1.8702238e-05
NKX1-2,-0.00020870939,-0.0004917085,-0.00036538392,0.0001186803,-0.0011062026,-7.7505596e-05,0.00020043645,2.6479946e-05
VSIG1,-6.8103895e-05,-0.00023837388,-0.00012770481,6.730575e-05,0.00014100969,-9.964034e-05,2.9401854e-05,1.49674015e-05
SRI,-2.315268e-05,-4.9289316e-05,0.00013118051,-1.818128e-05,0.0010563582,-6.70515e-05,-9.559933e-05,8.487841e-07
CECR2,-0.00022365153,-0.00019395724,3.6796555e-05,8.692127e-05,5.8352947e-05,-0.00029473566,-0.000101094134,1.0597287e-05
MYL6B,-0.000116867945,-2.1211803e-05,3.598258e-05,0.00012610015,-0.00021794438,-0.00018621981,-0.00011488702,7.2537223e-06
LDHC,-0.00022361428,-0.0004936978,-0.00036593527,0.0001263693,-0.0011237562,-9.5377676e-05,0.00019566063,2.674642e-05
SERPINB3,-0.00021068938,-0.00048221461,-0.00035033748,0.00011854246,-0.0010478869,-8.9623965e-05,0.00018879212,2.5859219e-05
SELENOP,-0.00027474947,-0.00013612956,0.00018139556,6.443728e-05,0.0031680837,-0.0004680357,-0.00024463702,5.536014e-06
ODF1,-0.00017911196,-0.00046750158,-0.00032767653,9.6812844e-05,-0.000988774,-5.5864453e-05,0.00018940959,2.4105306e-05
C14orf28,-5.9548765e-06,-0.00012430735,-0.00013715588,0.00015515182,-0.0012309924,-4.81382e-05,7.976778e-06,1.3423734e-05
COX18,0.00010237098,0.00019350834,0.00032740086,-5.4725446e-05,0.0011320859,-6.1181374e-05,-0.00022696238,-9.174575e-06
RIT2,8.512661e-05,-0.00038586184,-0.0003389567,-9.355601e-05,-0.0016619265,0.0003405502,0.0003570784,1.5422585e-05
LIM2,-0.00021708943,-0.00048895366,-0.00036055222,0.00012257323,-0.0011222437,-8.885935e-05,0.00019481964,2.6362599e-05
BTN3A1,0.0002739653,-0.00021771155,0.00012308173,-0.00032707956,0.0014674813,0.00034226477,0.00012904685,-5.3147087e-06
FANCB,-0.00012081489,0.00026904047,0.00011942163,0.00022772886,-0.0020709708,-0.00018256018,-0.00021645147,1.0428485e-06
TRIM15,-0.00021708943,-0.00048895366,-0.00036055222,0.00012257323,-0.0011222437,-8.885935e-05,0.00019481964,2.6362599e-05
PSG1,0.00046797283,0.00012725964,0.00052611716,-0.00039975345,0.00060319155,0.00050118845,-5.834829e-05,-2.7882983e-05
RASD2,0.0003267862,0.0004139766,0.0005151797,-0.00019159634,0.00092822313,0.00021980703,-0.00024542306,-2.388726e-05
AKR1A1,-5.9934333e-05,-0.00021158718,-6.1724335e-05,-1.9838102e-05,-0.0004047677,1.899898e-07,6.0951337e-05,9.939307e-06
TOM1L1,-0.00012855045,0.00015163235,1.4401972e-05,0.00023283437,-0.0011641905,-0.00014717877,-0.0001509944,5.528098e-06
CRNN,-0.00021708943,-0.00048895366,-0.00036055222,0.00012257323,-0.0011222437,-8.885935e-05,0.00019481964,2.6362599e-05
BTNL2,-0.00029493682,-0.00061045773,-0.0004528053,0.00013741758,-0.0017542541,-0.00011662673,0.00026193168,3.1572068e-05
ZNF529,-0.000111375004,-0.0002642963,-6.878562e-05,9.2186965e-05,0.0008760169,-0.0002377443,-4.0346757e-05,1.4360528e-05
SOHLH1,-0.00021068938,-0.00048221461,-0.00035033748,0.00011854246,-0.0010478869,-8.9623965e-05,0.00018879212,2.5859219e-05
SOCS6,0.00047991984,0.00044765323,0.00057850406,-0.00028950162,0.0020009875,0.0003792653,-0.0002373932,-2.8407201e-05
TMEM143,-0.00027931668,-0.00015575811,-9.32347e-05,0.00020569842,0.00047097355,-0.0003625634,-0.00010364782,1.7985585e-05
TFPI,0.00021184795,0.00024515763,0.00034017488,-9.298325e-06,0.000101953745,3.3725053e-05,-0.00024578255,-1.0202406e-05
PLEK,-0.0005758032,-0.0011013281,-0.0010407045,0.00037030596,-0.0032333657,-0.00026005087,0.00055315346,6.313017e-05
FBXO15,7.4990094e-05,8.458085e-05,0.0002102796,1.07474625e-05,0.00030720234,-5.016569e-05,-0.00016878452,-2.6795315e-06
RHOQ,-0.0007166378,-0.0018222686,-0.0015972797,0.0004233783,-0.0034933686,-0.00028372277,0.00091173686,9.488058e-05
FAM111A,9.9960715e-05,-0.00022886135,6.8068504e-05,-0.00020878576,0.00034032762,0.00020376965,0.000100672245,9.307405e-07
CCNB1IP1,-0.00032692775,-0.0004584547,-0.0001568105,7.2497874e-05,0.0019422546,-0.00041199522,-9.248033e-07,2.2876193e-05
PANX1,-0.00042463467,-0.00035784394,-0.00023923069,0.00028561708,-0.0014789253,-0.0005282522,-2.3321249e-05,2.6554568e-05
TIMELESS,0.00023836829,3.6168844e-05,0.0001472868,-0.00010087341,0.0012973174,0.00014118385,-6.3224696e-05,-2.6895432e-06
DKK2,0.00012933649,-3.7191436e-05,0.00014567003,-6.6019595e-05,0.0012375712,-1.1446886e-05,-9.4165094e-05,2.6042107e-07
OSCAR,-9.268522e-05,-0.00035200454,-0.00020834617,4.3408945e-05,-0.0007042438,2.3253262e-05,0.0001481073,1.6339007e-05
HSD17B2,-2.30968e-06,-0.0002905205,-8.357316e-05,-1.278054e-05,-0.0001271218,1.806859e-05,7.5864606e-05,1.092942e-05
SFXN4,0.00012543984,-7.6835975e-05,0.0001351498,-6.227661e-05,0.0019709691,3.277883e-05,-7.310696e-05,-1.1065276e-06
CHCHD3,-0.00013777986,-0.00010079704,3.233552e-05,4.5368448e-05,0.000116072595,-0.00020225532,-7.929932e-05,8.216826e-06
GDPD3,0.00016986765,5.5184588e-05,0.00020752288,-8.013472e-05,0.0023643672,1.2824312e-05,-0.00014420506,-3.0475203e-06
SLC30A8,-3.2162294e-05,-0.00014897063,-5.9202313e-05,4.0438026e-05,-3.5516918e-05,3.1031668e-06,2.087839e-05,9.375275e-06
STARD6,-0.00010859221,-0.00037579052,-0.0002242364,4.373584e-05,-0.0006284788,-1.7196871e-05,0.00014395919,1.797534e-05
SLC10A7,0.0002818089,0.00012898631,0.00020061433,-3.660191e-05,0.002681911,6.189756e-05,-0.00016220938,-4.889909e-06
FAM192A,-0.00021708943,-0.00048895366,-0.00036055222,0.00012257323,-0.0011222437,-8.885935e-05,0.00019481964,2.6362599e-05
PTGR2,0.00010107644,0.00014053099,0.0002505388,-1.800619e-05,0.0007407218,-9.307638e-06,-0.00017306674,-7.459661e-06
COPS7A,-0.00023658574,-3.225729e-05,3.4330413e-05,0.000106271356,0.0006958246,-0.00022861268,-0.000108256005,7.593306e-06
FAM81A,-6.524101e-05,-0.0004324466,-0.0003624875,0.000106127,0.0004467517,-1.5163794e-05,0.00017511006,2.566434e-05
CABP2,-0.00022361428,-0.0004936978,-0.00036593527,0.0001263693,-0.0011237562,-9.5377676e-05,0.00019566063,2.674642e-05
STIMATE,0.00023713522,6.4920634e-05,0.00025974587,-0.00013145525,0.0011843741,7.726997e-05,-0.00012817327,-6.9838716e-06
GLRX3,-0.00027254783,-0.00034622662,-0.0003099963,0.00023164134,-0.0010113791,-0.00027833693,5.972851e-05,2.7187867e-05
PSEN1,8.4679574e-05,-0.00011868961,-0.00010867603,4.428625e-05,-0.0013115183,0.00015067961,8.2834624e-05,8.3402265e-06
GTSE1,0.0001752358,0.00012458116,0.00030182488,-0.00019629486,0.0015508309,0.00017953012,-0.00010458287,-1.0595075e-05
LDHD,-0.00023885444,-0.00044099614,-0.0002578143,8.4038824e-05,-0.0010281876,-0.0001264289,0.00014488399,2.165814e-05
TRAPPC2L,-0.0002634637,-0.00040523708,-0.00029665604,0.00015459768,-0.0005008504,-0.00024404144,9.389222e-05,2.6298338e-05
SRRM1,-0.00024605542,-0.00072564743,-0.0005584415,0.00013021845,-0.0008767918,-7.322896e-05,0.00032267626,3.7981314e-05
XRCC3,-8.677691e-05,-0.0003851056,-0.00037008524,0.00015078485,0.0004672557,-3.9706007e-05,0.00015198998,2.6200432e-05
ATP13A3,-9.026192e-05,-0.00072739646,-0.0005461406,3.4232624e-05,-0.0015223995,0.00017113145,0.00041601062,3.112387e-05
C19orf47,0.00018977374,6.0040504e-05,0.00020641461,-3.2939017e-05,0.00037450343,-3.838353e-05,-0.00015335064,-2.5396002e-06
RASL10A,-0.00027452782,-0.00033138134,-0.0002544243,0.0001228461,-0.00023775548,-0.00013381243,0.00010568369,2.0531006e-05
PPP2R3C,-0.0003468711,-0.00051947497,-0.0004128944,0.00019406341,0.00031250715,-0.00027667545,0.00014155172,3.3376506e-05
WDR82,-0.00029700063,-0.00073050335,-0.0006132219,0.00016484503,-0.0014114082,-6.098207e-05,0.00035818107,3.9793085e-05
FAIM2,3.1162053e-05,6.73607e-05,0.0002977252,-7.15917e-05,0.0025586039,-0.00018624915,-0.00022854935,-4.2632455e-06
GPKOW,0.00026894547,0.00031569786,0.0005664788,-0.00017145276,0.0029570088,-8.302182e-05,-0.00036619324,-1.9282568e-05
SH3GLB1,1.8481165e-05,-0.0005901791,-0.00035109743,-8.186977e-05,0.00013900548,0.00018713996,0.00031472463,2.3620552e-05
COLEC11,-0.0003243368,-4.4118613e-05,1.4254823e-05,0.00019349996,-0.0019027665,-0.0002701003,-0.00010458287,8.521718e-06
RUNDC3A,-8.081831e-05,-0.00013901293,-0.00020631775,0.00017917063,-0.001923345,-1.177378e-05,6.69267e-05,1.5469617e-05
NUDT12,0.0002619624,0.00045396574,0.00068008155,-0.00023895875,0.0027760938,1.9961037e-05,-0.00038213748,-2.7856906e-05
EIF3H,-8.5074455e-05,-0.00027368777,-0.00013179332,8.017663e-05,-0.00010871142,-7.536262e-05,4.4372864e-05,1.5110825e-05
ST8SIA1,-0.00013428181,-0.0001945924,-1.1075288e-05,-7.434748e-06,0.0010578409,-0.00012414483,-1.0626391e-05,9.448384e-06
TIMMDC1,-7.0983544e-05,-0.00015308149,1.0367483e-05,1.6051345e-05,-0.0007942617,-4.6027824e-05,-6.6440552e-06,7.468043e-06
RAB39B,-0.000141887,-0.00023016706,-0.00018057041,0.00015146751,-0.0005769059,-0.00018949201,1.5377998e-05,1.8827152e-05
CCDC105,-0.00020708144,-0.0004810933,-0.0003452152,0.00011580251,-0.0009460002,-9.372085e-05,0.00018464215,2.569519e-05
LIN37,5.0999224e-05,-6.2413514e-05,7.81063e-05,-1.1303462e-05,0.0010398701,-3.3255666e-05,-7.60369e-05,5.1798997e-06
PRAM1,-6.2745064e-05,-0.00046975538,-0.00027936138,-3.4524128e-05,-0.00054848194,0.00015786663,0.00025942456,1.8329127e-05
ZNF200,0.00042978115,0.00054081716,0.0006978754,-0.00020392425,0.002282329,0.0001522256,-0.00039502885,-3.1427713e-05
MED6,-0.00015929155,-7.382408e-05,-1.7398968e-05,0.00011499878,-0.0008255765,-0.00015284494,-5.117897e-05,8.356292e-06
DUSP12,-0.00024139881,-0.0004683286,-0.00034849718,0.00013805367,-0.00087627023,-0.00014065392,0.00016882923,2.6752357e-05
PRKRIP1,0.00042012334,0.00021453388,0.0004915185,-0.0003766371,-0.000127092,0.00042830035,-7.943995e-05,-2.4627545e-05
RASL11B,-0.00036425143,-0.00047932193,-0.00031838566,0.0001353044,-0.00054106116,-0.00024998328,0.00013000239,2.7421745e-05
IPMK,0.00032286532,0.00038828887,0.00032250024,7.5716525e-07,-0.00047358125,0.0002806848,-0.00019508321,-1.538219e-05
TRIM54,-6.231107e-05,-0.00028952584,-9.2249364e-05,2.2059307e-05,0.0005697012,-8.612126e-05,3.285613e-05,1.3983226e-05
TXNDC15,-0.0008320939,-0.0012336485,-0.001118999,0.0005256077,-0.0009356439,-0.0006583063,0.00042955484,7.657334e-05
ZNF85,0.0001182612,-0.000114494935,-2.0883977e-05,1.7694198e-05,0.0004504174,4.8352405e-05,2.713874e-06,6.7905057e-06
ITM2C,-0.00043256953,-0.0008148551,-0.0006571263,0.0001507951,-0.0019671768,-0.00014051283,0.00040451065,4.2141182e-05
TEX13A,-0.0001910869,-0.0004441552,-0.00030828267,0.00010721944,-0.00088632107,-8.3186664e-05,0.00016419124,2.3716246e-05
CAT,-0.00032687932,-0.0003758967,-0.00037712604,0.0002607787,-0.0021876395,-0.0001584813,0.00014402717,2.6988215e-05
VIL1,-0.000252584,-0.0005146079,-0.0003964994,0.0001505902,-0.0010237768,-0.00013691932,0.00019314792,2.9341667e-05
CSRP2,-2.6451424e-05,-0.00038691796,-0.00018396415,-2.3943372e-05,0.00077144057,4.9220398e-05,0.00014251098,1.6030506e-05
LRRC63,-0.00013677776,-3.7375838e-05,-3.7044287e-05,0.00010444783,-0.000641346,-3.806688e-05,-1.99629e-05,7.0236856e-06
SNAPC3,-1.640059e-05,-1.5467405e-05,1.8663704e-05,8.130167e-05,-0.0007496998,-4.7494657e-05,-5.9950165e-05,6.381306e-06
TRHR,-0.00019419938,-0.00047733448,-0.0003364142,0.00010509603,-0.0009753108,-7.4434094e-05,0.00018847827,2.4863984e-05
EMC10,-0.000107489526,-0.00038053654,-0.00018927269,-3.0041672e-05,-0.0010317862,2.4531037e-06,0.00017333217,1.586706e-05
CD1E,-0.00016319752,-0.00048466213,-0.00035081804,8.9919195e-05,-0.0010582656,-2.9572286e-05,0.00021081418,2.5020796e-05
TMEM59L,-9.665638e-05,-0.00021639094,-4.2641535e-05,3.763195e-05,-0.00016295165,-0.00011891499,-3.6172569e-06,1.19112665e-05
ARL10,0.00033373572,0.0005308576,0.0006929692,-0.00028846785,0.00080789626,0.00030898303,-0.00029186625,-3.4421217e-05
FOXE3,-0.00021913461,-0.0005014483,-0.0003725458,0.0001226142,-0.0011915937,-8.5039064e-05,0.00020446721,2.6933383e-05
RAPGEF4,-9.9580735e-05,0.00015586801,3.9309263e-05,0.00015182234,-0.0013706982,0.00012970995,-5.4655597e-05,-4.2957254e-07
CSRP1,4.5392662e-05,-0.00031214207,-0.00021757372,5.4635108e-05,-0.0017245188,6.60494e-05,0.00014023762,1.6543898e-05
CD5L,-9.3257055e-05,-0.00032933243,-0.00022107735,9.868387e-05,-0.0007844195,-7.807929e-05,0.00010284595,1.8612598e-05
TM2D1,-8.626096e-05,6.0983002e-05,0.00016926229,3.3135526e-05,0.0006284937,-0.00022900663,-0.0001879232,1.9429717e-06
DCAF12L2,0.00030964427,0.00054247864,0.0006753281,-0.00025796238,0.0020164847,0.00015098415,-0.00034259167,-3.1427015e-05
ARMH1,0.00039294548,0.00057720207,0.00067136064,-0.00013829954,0.001308687,8.279644e-05,-0.0004100455,-3.056065e-05
PRDX3,-0.00016301312,-0.00040346757,-0.0002525635,8.180924e-05,-0.00034121424,-0.00012801308,0.00011502858,2.3196335e-05
C9orf24,-0.00024062023,-0.00069683976,-0.00042060018,6.896909e-05,-0.00082132965,-0.0001821043,0.00026205648,3.0349125e-05
TUBA1A,-0.0005689226,-0.0012353659,-0.0010889042,0.00033546425,-0.0023110881,-0.00016031787,0.0006143823,6.5516564e-05
SFRP5,-4.517287e-05,-0.00013447553,5.1409006e-06,4.331302e-05,-0.0014032722,-2.3219734e-05,-1.4416873e-06,6.07688e-06
NCEH1,-1.7432496e-05,4.632026e-05,7.243268e-05,9.062514e-05,-0.0013300627,-4.0411018e-05,-8.619297e-05,1.5323749e-06
NOV,-0.00021708943,-0.00048895366,-0.00036055222,0.00012257323,-0.0011222437,-8.885935e-05,0.00019481964,2.6362599e-05
TFAP2B,0.00018109754,0.00015592948,0.00017330609,-4.060939e-05,-0.0006466955,0.00021422189,-6.929878e-05,-6.8310183e-06
TTC23L,8.556992e-05,-0.00011517666,3.397651e-05,-4.632678e-05,-0.0004774183,8.240249e-05,2.251938e-05,2.4121255e-06
NELL2,-0.00023445487,-0.00037418865,-0.00034513697,0.0002463106,-0.00045929104,-0.00022238074,7.885136e-05,2.8229551e-05
WBP11,-0.0003617797,-0.000328755,-0.0003303159,0.00022201892,-0.0017117336,-0.0002289936,0.000102058984,2.619566e-05
ZBTB6,-0.00012464821,-0.00065061264,-0.0004153382,9.142421e-05,0.00019472092,-0.00011366932,0.00022561103,3.0255876e-05
AVPR1B,-0.00025407597,-0.00050474517,-0.0004042033,0.00015322026,-0.0012769848,-9.618327e-05,0.00021129474,2.8335955e-05
CAB39L,0.00027200207,0.00016172417,0.00031266548,-0.00016427599,0.0014050975,0.00018306356,-0.0001282962,-1.2455392e-05
FRRS1L,5.483441e-05,4.322827e-05,0.00010863878,2.5147572e-05,-0.00012426078,-9.434298e-06,-0.00010925438,2.5142217e-06
ALYREF,-0.0002753809,-0.00058401935,-0.0004680194,0.00016770884,-0.0015971661,-0.00019693328,0.00022101589,3.431854e-05
RAB29,-0.00018207729,-0.00015107729,-0.00015758537,0.00016370323,6.213784e-05,-0.00019994564,-9.213574e-06,1.6108621e-05
C20orf96,0.00041976012,0.00021870248,0.0004586503,-0.00037428457,0.0014891997,0.00042767357,-7.709209e-05,-2.4281908e-05
ZNF75D,0.00040910766,0.00048465095,0.0006164629,-0.00027931016,-0.00024057925,0.00040135346,-0.00020663906,-3.458711e-05
MFF,-1.1716038e-06,-0.00022416562,8.154847e-05,-9.9250115e-05,0.0015801489,-8.179806e-05,-2.6833266e-05,5.7079596e-06
ZNF584,0.00037382543,0.0003748294,0.00061137974,-0.00023415685,0.0028651878,4.5290217e-05,-0.00034851115,-2.39308e-05
SLC38A1,-0.00057806075,-0.0013709608,-0.0012731105,0.00034472067,-0.0042504594,-6.197486e-05,0.00076947827,7.375714e-05
RNF150,0.0003749337,0.00026038848,0.00044983253,-0.00014519505,0.0023706183,2.2557564e-05,-0.00029356312,-1.4177407e-05
MMP20,-0.00022281893,-0.0004922431,-0.00035965815,0.00012394134,-0.0010574088,-0.0001015896,0.00019088574,2.6568538e-05
PLEKHM2,0.00018299557,-0.0003360007,-0.0001325272,-9.930879e-05,-9.781867e-05,0.00021102559,0.00017393101,1.0134187e-05
FUT9,-0.0007034186,-0.0013469607,-0.0011398867,0.00034765713,-0.0028107464,-0.0002630744,0.000635799,7.078436e-05
CBLL2,-0.00023302436,-0.0005213469,-0.00038745254,0.00012124609,-0.0013292432,-8.340925e-05,0.0002187211,2.7677277e-05
IFI44,-0.00064150244,-0.000960391,-0.0008474458,0.00031977985,-0.00096844137,-0.00034881756,0.00039541814,5.6312187e-05
DERL3,0.00026506186,-0.00023226812,4.000962e-06,-0.00018402096,-0.000367783,0.00036898535,0.00016964693,-9.881333e-07
PDILT,-0.00021708943,-0.00048895366,-0.00036055222,0.00012257323,-0.0011222437,-8.885935e-05,0.00019481964,2.6362599e-05
TIGD2,0.00020021386,0.00022504665,0.00033918768,-0.00012192782,-0.0005703494,0.00013188738,-0.0001549786,-1.3758894e-05
SERPINA3,-0.00021708943,-0.00048895366,-0.00036055222,0.00012257323,-0.0011222437,-8.885935e-05,0.00019481964,2.6362599e-05
RCSD1,0.0001892075,0.00022883154,0.0002583731,-6.3590705e-06,0.00019662082,0.00010481011,-0.00016079564,-9.862357e-06
CBR4,0.000107932836,0.00031837076,0.0004314985,-0.00016278308,0.0008307323,5.5280514e-05,-0.0002266774,-1.6087899e-05
CACNG5,-0.00019279867,-0.0004346799,-0.0002970472,0.00010226667,-0.000935629,-8.2116574e-05,0.00016022567,2.3097615e-05
ZNF20,0.0005085729,0.0006863903,0.0007735938,-0.00026220456,0.003209941,0.00024045538,-0.0004284745,-3.748061e-05
MBNL2,9.61218e-05,-0.00015162118,0.00016226433,-0.00023360178,0.0003085509,0.0001451904,4.0198676e-05,-3.8071303e-06
A4GNT,-0.00023016706,-0.0004679393,-0.00036095455,0.0001444025,-0.0009260848,-0.00011786213,0.00017316826,2.702477e-05
TRIM11,0.00024480931,0.0002861563,0.0004554186,-0.00028616283,0.0014137998,0.00029952265,-0.00013163034,-2.246024e-05
CLDN4,-0.0005941782,-0.0013772268,-0.0011920184,0.00032039732,-0.003961012,-0.0001290203,0.00071267784,7.045746e-05
CSTF3,-4.8330054e-05,-0.00020625815,-0.00012040138,-1.0915101e-06,-0.0007384345,6.249733e-05,9.824522e-05,1.2010802e-05
GTF2F2,-0.00019668601,-0.0003609471,-0.00021265633,6.7153946e-05,-0.00068195164,-0.00017277896,9.208545e-05,2.1217507e-05
RHOF,1.9324943e-05,-0.00019094162,-7.931888e-05,2.8798357e-05,-0.0005232245,-8.441508e-06,3.625173e-05,1.0754215e-05
LTB4R2,-0.00018551014,-0.00048286468,-0.00034018978,9.5820054e-05,-0.0010641515,-5.0351955e-05,0.00020147488,2.4630339e-05
ZSCAN30,0.00021674111,0.00023649819,0.00018315203,5.018711e-05,-0.0012390837,7.804576e-05,-0.00015881937,-4.803296e-06
TIGD3,-2.4786219e-05,2.736412e-05,0.00023215823,-8.709729e-05,0.0016716495,-7.911958e-05,-0.00013525318,-4.194211e-06
FOXL1,0.00023943931,0.00034104288,0.0004106164,-0.000100904144,-9.395182e-06,0.00015358254,-0.00022002403,-1.685787e-05
PRSS50,-8.2496554e-05,-9.535998e-05,-9.184703e-05,7.0815906e-05,-0.00094503164,6.902404e-05,5.2240677e-05,8.1546605e-06
H2AFY,-0.00021708943,-0.00048895366,-0.00036055222,0.00012257323,-0.0011222437,-8.885935e-05,0.00019481964,2.6362599e-05
EPHX3,-7.8385696e-05,-0.00031418167,-0.00022113323,7.060729e-05,-0.0010001138,2.7799979e-06,0.0001290515,1.73843e-05
CD9,-0.00044636615,-0.00031654723,-0.00030479208,0.00033017993,-0.0016032979,-0.0004249732,-7.1320683e-06,2.8550392e-05
LRP2BP,0.00033593737,0.00019666739,0.00040051527,-0.00021198764,0.0017097443,0.00013994798,-0.00017011072,-1.7779996e-05
TRIM63,-0.00020736456,-0.00046876073,-0.00033485703,0.00011101924,-0.0010573864,-8.344278e-05,0.00018321816,2.4996465e-05
ST8SIA3,6.0204417e-05,4.87417e-05,-8.08388e-06,2.0085834e-05,-0.001310952,0.00027448218,4.7639944e-05,1.8270221e-06
LSM11,5.5283308e-05,-0.000110361725,5.439669e-05,-4.5483932e-05,0.0019850284,1.9581988e-05,-3.3254735e-05,3.7130667e-06
P2RY2,-7.527508e-05,-0.00027758814,-0.000120213255,3.157556e-05,0.0001668334,-2.417434e-05,6.5702014e-05,1.3640616e-05
HMOX2,0.00014079362,0.00019680336,0.00030900538,-5.5479817e-05,0.00033801794,-7.402152e-06,-0.00020739716,-7.633469e-06
ST8SIA2,-0.00034924783,-0.00052148476,-0.00043881126,0.00020702183,-0.0013433993,-0.00018752553,0.00019184314,3.2635988e-05
RNF41,-0.00010758825,0.000106727704,0.00019444525,3.8699247e-05,-0.00025233626,-0.00013609324,-0.00016732421,-1.2045493e-06
CLEC17A,-0.00022011995,-0.00043330342,-0.00032005645,0.00013109948,-0.0009884909,-0.000100446865,0.00015971623,2.4235807e-05
GPR19,0.00041149743,0.000760505,0.001045147,-0.00033533294,0.0036032647,9.082537e-05,-0.00057392847,-4.791608e-05
LACTB2,0.00040225498,0.00047473796,0.00049261935,-8.285977e-05,0.0002450794,0.00013033487,-0.00030586403,-2.2469088e-05
SLC17A1,-0.00023342669,-0.00049858354,-0.0003705714,0.00013063289,-0.0011661127,-0.0001041349,0.00019611884,2.7144444e-05
ACOD1,-0.00021068938,-0.00048221461,-0.00035033748,0.00011854246,-0.0010478869,-8.9623965e-05,0.00018879212,2.5859219e-05
MAFG,-0.0002563242,-0.0006027166,-0.00047691166,0.00019687135,-0.0017839968,-0.00010144152,0.00025138818,3.1599426e-05
PIGL,0.0005706493,0.0005141217,0.00064593554,-0.00027412735,0.0016909912,0.00033568405,-0.0003079353,-3.127358e-05
TAF1A,0.00022020377,-0.00021393038,0.0002167765,-0.00032014027,0.0023871437,0.00016939081,2.8051436e-05,-5.4495176e-06
SERPINA10,-0.0001987759,-0.0004505813,-0.00031525642,0.000111467205,-0.00089200586,-9.023119e-05,0.00016588252,2.419483e-05
MTFR2,-8.553453e-05,-0.00014021806,-0.00014086999,6.1795115e-05,-0.0020535886,9.870436e-05,0.000104283914,1.0542804e-05
DPYS,-0.00020335987,-0.00048046373,-0.000348825,0.00011506397,-0.00093469024,-8.640252e-05,0.00018692203,2.5885645e-05
PSD4,6.9858506e-05,-0.0001299996,2.2809952e-05,-3.9254315e-05,-3.7811697e-05,6.120093e-05,1.3043173e-05,4.690606e-06
ZNF10,4.172884e-05,7.937662e-05,0.00028405339,-0.000103073195,0.0015928522,-5.294569e-05,-0.00017421786,-5.0913077e-06
VPS72,-1.9762665e-05,-0.00036828965,-0.00029873475,8.733943e-06,-0.00077117234,0.00015957281,0.00022584107,1.9946485e-05
RCE1,0.0002488941,-9.793788e-06,0.00027119182,-0.00027438905,0.0014987811,0.0002499316,-1.9641593e-05,-1.1262251e-05
RPL8,-4.5822933e-05,-0.00039196014,-0.00019671954,-9.5348805e-06,0.000966087,2.0743348e-05,0.0001379801,1.7485581e-05
CBR1,6.267242e-05,9.281561e-05,0.00013043731,1.3483688e-05,0.00023562461,-3.7295744e-05,-0.00011963863,-5.509937e-07
ZNF222,0.00022071414,0.00028901733,0.00038314238,-9.764917e-05,-0.0008827895,9.7249635e-05,-0.00019388739,-1.6551814e-05
ZNF594,0.00025185756,0.00034845993,0.0003935434,-4.410185e-05,0.0010426342,5.476177e-07,-0.00027729664,-1.5792903e-05
APOBEC3G,-0.00017728284,-0.00036236085,-0.00034402125,0.00021242537,-0.00076506287,-0.00015777024,0.00010876637,2.6274589e-05
SNX15,0.00017911196,7.5822696e-05,0.00011350028,2.2882596e-05,-0.0017942116,0.00012462772,-6.152596e-05,-1.7456478e-06
SCRN3,0.00014391169,0.0002555009,0.0002483204,-6.103702e-05,-0.0009970292,0.00011259131,-0.00013818871,-8.144765e-06
NPFFR1,-0.00020853058,-0.00048247166,-0.0003499575,0.0001174137,-0.0009771138,-8.840207e-05,0.00018805638,2.5893445e-05
NPAP1,-7.957965e-05,-0.00033316202,-0.00013498403,2.9246323e-05,1.5303493e-05,-0.00013947347,6.160885e-05,1.6117236e-05
CDCA8,-0.00012744777,-6.2696636e-05,3.9013103e-05,-5.6104735e-05,9.171665e-06,1.7657876e-06,4.9266964e-07,4.8344955e-06
FGF4,-0.00021708943,-0.00048895366,-0.00036055222,0.00012257323,-0.0011222437,-8.885935e-05,0.00019481964,2.6362599e-05
ADAMDEC1,-0.00010624342,-0.00031946786,-0.00023916177,0.00010762457,-0.0013318509,-3.0656345e-05,0.00012353994,1.8685358e-05
ALG10B,0.00029160082,0.00014703162,0.00041251443,-0.00030112173,0.0013988018,0.00021078717,-0.0001215199,-1.7221435e-05
PTGER2,8.7052584e-05,-0.00010536797,3.8085505e-05,-1.1979602e-05,-0.00069289654,8.538179e-05,2.4270266e-06,3.1334348e-06
RIMKLA,0.00027062,8.285791e-05,0.0003260933,-0.00019401405,0.0029670522,8.284859e-05,-0.00016411114,-9.050826e-06
FAM217A,-0.00021708943,-0.00048895366,-0.00036055222,0.00012257323,-0.0011222437,-8.885935e-05,0.00019481964,2.6362599e-05
CDR2L,-8.2701445e-05,8.0715865e-05,6.2160194e-05,0.00012956839,0.0010040477,-0.00024095131,-0.00018319208,6.4725755e-06
THG1L,-7.450581e-09,0.0002780687,0.00024901517,0.00012098439,-0.00096157193,-0.00021476671,-0.00028329436,-2.6291236e-06
PP2D1,-0.00018762425,-0.00041736662,-0.00029100105,0.00010106526,-0.00090642273,-6.509945e-05,0.00015805941,2.2440567e-05
SLFN12L,-0.00021068938,-0.00048221461,-0.00035033748,0.00011854246,-0.0010478869,-8.9623965e-05,0.00018879212,2.5859219e-05
DRG1,0.00012823753,7.905811e-05,0.00018950738,-4.4589862e-05,0.0010320544,3.4468248e-06,-0.0001343498,-2.9108487e-06
MOG,1.552701e-05,0.0002431944,0.00033477135,2.649054e-05,0.0018988922,-0.00020495895,-0.00031339098,-6.9494126e-06
WFDC1,-0.00032796524,-0.00053110346,-0.00046029873,0.0001764493,-0.00194709,-0.00012855697,0.00023895409,3.1472882e-05
IGFBP3,1.7285347e-05,-0.00028027967,-0.00013490021,4.518777e-05,0.00074006617,-2.5940128e-05,4.047528e-05,1.5834463e-05
USE1,-1.1101365e-05,-0.00023541413,-0.00014891662,4.6223402e-05,-0.0006518066,3.2008626e-05,8.7672845e-05,1.3881247e-05
CALCOCO2,0.00015599653,-3.9642677e-05,5.798042e-05,-8.466281e-05,-0.0005966574,0.00015857443,2.0587817e-05,5.0186645e-07
RABGAP1,-0.0004730448,-0.0011492744,-0.0009818096,0.0002493253,-0.002537541,-0.000117783435,0.0005811695,6.018416e-05
LYL1,0.00033577718,0.00025192834,0.00038508885,-0.000105157495,0.0018195659,0.00014302786,-0.00021885987,-1.5945523e-05
FUT8,0.00010956079,3.2763928e-06,-3.0810013e-05,0.0001321705,-0.00088136643,1.1585653e-06,-7.0118345e-05,9.41311e-06
PLEKHS1,-0.00024019927,-0.00056160055,-0.000444917,0.00013913866,-0.0014348254,-8.021947e-05,0.00024842191,3.0487194e-05
FBXW2,-3.729202e-05,-0.00012051687,6.050989e-05,-2.3544766e-05,0.00026445836,-2.448354e-05,-2.5356188e-05,5.0453236e-06
UGT3A1,-0.0002216585,-0.00049508177,-0.00036333688,0.00012443773,-0.0010294095,-0.00010019448,0.00019287597,2.6722555e-05
ZNF165,-4.0590763e-05,-0.00015547313,-5.5689365e-05,5.2738935e-05,-0.000781022,-4.6838075e-05,1.9774772e-05,8.909265e-06
IP6K3,-0.00018996187,-0.00042354688,-0.00032453984,0.00011409819,-0.0011199713,-5.6258403e-05,0.00017824862,2.3422414e-05
RAB13,-0.0005206857,-0.0009659864,-0.0008925665,0.00032314193,-0.0051232725,-0.00019048201,0.0005047545,5.4512173e-05
ZNF500,0.00032616034,0.00046404265,0.0006686505,-0.00021724962,0.0012893304,7.861387e-05,-0.00035300758,-3.0459603e-05
TRIM72,-0.00014326908,-0.00030809082,-0.00018721819,9.111781e-05,-0.0007985234,-0.000108558685,8.3821826e-05,1.6824459e-05
CHMP2B,-1.871027e-05,0.00039697252,0.0004441347,1.9747764e-05,-0.0011480674,-2.480112e-05,-0.000290188,-1.8572551e-05
CRYZ,-0.0003578849,-0.0007141419,-0.0005401205,8.11778e-05,-0.0031363443,-0.00015904289,0.00036144722,3.5907142e-05
MXD3,7.752702e-05,-0.00032751262,-0.00015588664,-2.8387643e-05,-0.00074866414,0.00012436695,0.00014572125,1.4057965e-05
ZNF835,9.447336e-06,2.652593e-05,0.00012873113,2.0449981e-05,4.9702823e-05,-9.7095035e-05,-0.000118107535,8.5518695e-07
SNX7,-0.00033165887,-0.0008029565,-0.000559099,-3.0132942e-05,-0.00038238615,0.00010869466,0.00046472903,3.12716e-05
ZNF440,0.00067620166,0.0005616993,0.0007740725,-0.00034020096,0.003525585,0.00028280076,-0.00038614962,-3.7244637e-05
TSEN34,5.1556155e-05,0.00014744699,0.00018372573,9.922311e-06,4.094094e-05,0.000119367614,-0.00010635983,-6.5930653e-06
ARHGEF5,-0.00032093376,-0.00044006482,-0.0003933441,0.0002595652,-0.001351364,-0.0002905419,0.00011359528,3.0882424e-05
CISH,0.00015069917,0.00029168464,0.00039950944,-6.619375e-05,0.0017975122,-3.769435e-05,-0.00029575732,-1.0577496e-05
IGFBP4,-0.00018981285,-0.00018204935,-0.00023242086,0.0002722228,-0.0031027123,-0.0002192622,1.916755e-05,1.9461848e-05
EXOG,2.4812296e-05,-0.00025291927,-0.00015893765,6.650295e-05,-0.0011804625,-5.8421865e-06,7.432699e-05,1.5961123e-05
PRELP,-0.00027862936,-0.00028131157,-0.00011789799,-7.139519e-06,-0.0019040108,-7.66851e-05,0.00011919532,1.3591722e-05
TNFRSF10A,-9.2545524e-05,-0.00026683137,-9.834021e-05,1.7669052e-05,-0.00028856844,-2.1303073e-05,7.123221e-05,1.16486335e-05
MTHFD2L,0.000630714,5.041249e-05,0.00040204637,-0.00046871044,0.001994051,0.00054156594,2.2340566e-05,-2.3469212e-05
OPN3,0.0005630329,0.00040472485,0.00055382773,-0.00038454589,0.0032020211,0.00047966093,-0.00018797908,-2.7269241e-05
CHST1,-0.00013683364,-0.00036660582,-0.00039676204,0.000121037476,-0.0015898496,0.00010936428,0.0002487842,2.310006e-05
ZNF70,6.492995e-05,4.5662746e-05,0.00023690425,-0.00012284517,0.0018313453,2.6475638e-05,-0.000118601136,-5.8007427e-06
FAXDC2,-0.00034501217,-0.00065089576,-0.00065195374,0.00026886445,-0.0038145557,-0.00012799911,0.00033735484,4.09371e-05
PLCL2,0.0001527816,0.0001987163,0.00015237555,7.364899e-05,-0.00083212554,1.9628555e-05,-0.00014678854,-3.888388e-06
C5orf22,0.00032028556,0.00036564283,0.00044733286,-0.00021324866,-0.0006239414,0.00032606442,-0.00015261304,-2.172403e-05
GSDMD,1.5771016e-05,-0.0004992746,-0.00025530346,-0.00010937452,-0.00038667023,0.0002674926,0.00029456243,1.5991274e-05
MMP3,-2.6902184e-05,-0.00030551478,-9.619258e-05,-5.4449774e-05,-4.015863e-05,9.190198e-05,0.00012450013,9.74955e-06
POF1B,5.1584095e-05,-0.00017814897,-5.1865354e-05,-5.9688464e-06,5.8807433e-05,6.194133e-05,4.970841e-05,7.474795e-06
IL13RA1,-0.00012086891,-0.0006319992,-0.00051092915,5.6765042e-05,-0.001979977,0.00016653538,0.000389223,2.9588933e-05
TIMP2,-0.0005681161,-0.0008796081,-0.0008124169,0.0003533475,-0.0018318221,-0.00032548048,0.00037685223,5.3242897e-05
SERPINA4,-0.00021708943,-0.00048895366,-0.00036055222,0.00012257323,-0.0011222437,-8.885935e-05,0.00019481964,2.6362599e-05
INSYN2B,0.00018136576,0.0002456978,0.00042570755,-0.00010558404,0.0012752339,-3.729947e-06,-0.00026184972,-1.440593e-05
SIL1,0.0002814848,0.00022295676,0.00039557926,-0.000119572505,0.001725845,3.7252903e-06,-0.00023869704,-1.4709542e-05
TENT5C,0.00037942082,0.00039687753,0.00047898293,-0.00013238285,0.0006798655,0.00021513831,-0.0002611177,-2.143567e-05
HTR1F,0.0002582725,0.00032377243,0.0003861133,-8.708704e-05,0.00023750216,0.00011656992,-0.00022680406,-1.501292e-05
RPE,-0.0002063401,-0.00023293309,-0.00012336113,0.00013340078,-0.0014453903,-0.00024404377,1.2293458e-07,1.6401988e-05
ENTHD1,-0.0002011843,-0.00047397614,-0.00033897534,0.000118339434,-0.0009945929,-9.626709e-05,0.00017877482,2.5382731e-05
ZNF714,-0.00021720119,-0.0006476976,-0.000491634,0.00011933874,0.00038991123,-8.9919195e-05,0.00026869588,3.3880584e-05
PCBP2,-0.00021785311,-0.00086219236,-0.000594195,4.1900203e-06,-0.00034220517,5.5845827e-05,0.00044110324,3.739039e-05
CEP295NL,0.0001599323,-5.7620928e-05,0.00015612505,-0.00013239123,0.00065501034,0.00016583223,-1.5592203e-05,-3.656838e-06
ST6GALNAC4,-0.00028522313,-0.00048187748,-0.00045460463,0.00024634227,-0.0017469451,-0.00012139045,0.00019375794,3.083935e-05
PTP4A2,-0.000112636015,-0.0004951488,-0.00034256466,3.8953498e-05,-0.0016185567,5.863607e-05,0.00025218632,2.3254543e-05
ETV3,0.00073443167,0.0006418545,0.0009763427,-0.00045144744,0.0037822053,0.00032856874,-0.00045939442,-4.6622474e-05
CFAP36,-2.8973445e-05,-0.00018525124,5.668029e-06,-2.0282343e-05,0.0011322349,-8.0863014e-05,-1.4025718e-05,7.796683e-06
SLC8A2,0.0005664304,0.00049093924,0.0006314013,-0.00024220161,0.0011381805,0.00029100105,-0.00031310786,-2.9191608e-05
RHBDL1,2.5266781e-05,0.00016588159,0.00012055971,0.00013471022,0.0008107424,-9.875186e-05,-0.0001944406,9.079231e-07
PARP11,-0.00011817925,-8.144975e-05,2.7773902e-05,8.647889e-05,2.1405518e-05,-0.0002085683,-0.00010373164,9.463285e-06
TMEFF1,-0.00016812794,7.7603385e-05,0.00020761229,4.5695342e-05,0.0020051897,-0.0002025566,-0.00019189436,-2.494431e-06
TSPAN32,-3.9881095e-05,-0.00016201846,-4.7147274e-05,6.5485016e-05,-3.2819808e-05,-7.042941e-05,-5.4240227e-06,9.49821e-06
PSTK,0.00024189241,-0.00023488142,8.607283e-06,-0.0002467446,-0.0013050511,0.00036695972,0.00019311626,1.405133e-07
CCND3,0.0003106948,1.43852085e-05,0.000284262,-0.00025441777,0.00075603276,0.0002231272,-4.897639e-05,-1.02429185e-05
SERPINA1,-0.00023237616,-0.0006796215,-0.00053396635,9.1467984e-05,-0.00043967366,-1.4770776e-06,0.00033322535,3.5644975e-05
UPK1B,-0.00015374273,-0.00040847622,-0.0002431199,7.524248e-05,-9.6052885e-05,-7.1541406e-05,0.00013057236,1.997617e-05
PDIK1L,-0.0001336541,-0.0001886934,-7.909536e-05,0.0001284359,-0.00096558034,-0.00012761168,-2.705399e-05,1.5177415e-05
AK3,6.192364e-05,-0.0003039688,-0.0001440011,-6.127823e-05,-4.979968e-05,0.0002122121,0.00016543735,1.1498807e-05
CHMP5,-0.00029191934,-0.0003697183,-0.00029110163,0.00022034347,-0.0010343269,-0.00022771303,7.213652e-05,2.5530346e-05
MAP3K20,-0.00036788918,-7.833168e-05,-2.6158988e-05,0.00022048596,-0.00084578246,-0.00040657073,-0.00014757086,1.4884397e-05
ZNF223,0.00040138327,0.00031070225,0.000574857,-0.00025972165,0.0033574477,0.0001493236,-0.00029319245,-2.3763976e-05
COPS6,-6.0923398e-05,-0.00012023747,-6.9202855e-05,9.7115524e-05,-0.00053245574,-5.3673983e-05,-6.516464e-06,1.06367515e-05
MMP1,-0.00016835332,-0.0004076492,-0.00028969347,0.00010837987,-0.0008854419,-6.4034015e-05,0.00015286822,2.2101565e-05
SLC30A7,-9.574741e-05,-0.00019935146,-0.00020433404,0.00011673197,-0.000801526,2.910383e-05,8.0539845e-05,1.7765444e-05
ATXN7L3,0.00016736984,0.00010856241,0.00019668415,-3.4196302e-05,0.00065506995,8.929521e-05,-0.00013065245,-3.9824517e-06
PTAR1,-0.00011495128,-0.00039912388,-0.00023129024,2.354104e-05,0.00012694299,-3.909692e-05,0.00014550891,1.8861145e-05
ENDOD1,-5.9455633e-05,-0.0001721941,7.6364726e-05,-5.9014186e-05,0.00159318,-0.00015570037,-6.120931e-05,6.7839865e-06
CHST7,0.00017168187,4.8927963e-05,0.00014672801,-8.480344e-05,0.0013768002,0.00011423696,-6.741751e-05,-3.7619611e-06
HAUS8,0.00039091706,4.8780814e-05,0.00026828423,-0.00025820918,0.00080970675,0.00034824666,-1.9920059e-05,-1.239893e-05
SLC38A5,-4.3058768e-05,-0.00076342,-0.0006077476,3.996119e-05,-0.0004293397,0.00019694865,0.000444063,3.3250893e-05
ZSWIM9,0.0002921,0.00034894235,0.00052824616,-0.00023899786,0.00013492256,0.00025252532,-0.00021049473,-2.397073e-05
AASDHPPT,-0.00033389404,-0.0007466953,-0.0006993376,0.00026322156,-0.00239864,-0.000102058984,0.0003672475,4.436157e-05
DHX29,-0.0002210848,-0.0004363712,-0.00032821856,0.00013750978,-0.0012601689,-9.424612e-05,0.00017049909,2.4859677e-05
CCNE2,0.00022664852,0.00022510439,0.0003435742,-8.572824e-05,0.0016314611,-9.988435e-06,-0.00024232175,-8.048373e-06
BCO1,-0.00013856776,-0.0003094636,-0.00017133541,5.8732927e-05,-0.00060068816,-5.694572e-05,9.6553005e-05,1.5625264e-05
RIMS4,0.0004045032,0.00047353283,0.00062001497,-0.000288127,-0.0015489757,0.00042667706,-0.00019737426,-3.2154145e-05
SLC39A7,-0.00024016574,-0.0003117174,-0.00022507645,0.00011604279,-0.0009972304,-0.00018574297,7.577799e-05,2.0880601e-05
FANK1,-9.601936e-05,-0.00034946762,2.4633482e-05,-5.740486e-05,0.00066591054,-0.00017769588,8.45734e-06,8.000177e-06
PDCD7,-0.00017984584,-0.0006951913,-0.00066252425,0.00022703409,-0.0024883375,-4.6950765e-05,0.00035264622,4.215364e-05
RHOBTB1,0.00033455528,0.0003175456,0.0004909262,-0.00012679584,0.0024548993,4.8704445e-05,-0.0003103325,-1.9087805e-05
OTUD1,0.00019366294,-0.00023601949,-8.972362e-05,-8.928683e-05,0.0007666275,0.00021063816,0.00011657085,9.187963e-06
GUK1,-0.00021971017,-0.00016682409,-0.00012256764,0.00017970242,-0.0012620911,-0.00021453947,-1.4419667e-05,1.5130034e-05
GRPEL2,0.0002153609,-7.82907e-05,4.463829e-05,-6.382074e-05,0.00018378347,0.00014012773,2.1215528e-06,2.2967579e-06
CPM,0.00026011094,0.00041768514,0.00062904134,-0.00018958654,0.0034394413,-4.522875e-05,-0.00040293206,-2.3362809e-05
HGH1,0.00023417547,0.00021638349,0.00030902587,-0.00015005097,-8.363277e-05,0.00023311563,-0.00010240171,-1.4809542e-05
SLC35F4,0.00017798506,0.0001890175,0.00032019988,-0.00011524744,0.00034146756,0.00012421142,-0.0001431806,-1.3010809e-05
RPS5,-8.203089e-06,-0.00030156597,-0.000140775,1.790002e-05,0.00052563846,3.5317615e-05,9.2497095e-05,1.3751094e-05
GDF3,-0.00020020083,-0.00047482736,-0.0003417395,0.00011267234,-0.00096369535,-8.1167556e-05,0.00018566381,2.534897e-05
FAM155B,0.00030694157,0.00048553385,0.0006829612,-0.00019326992,0.0020139292,-1.8640421e-05,-0.00040779728,-2.8581475e-05
CBFB,0.00012899563,-0.00017836131,-9.376556e-06,-8.118339e-05,0.0017239526,7.966906e-05,3.247708e-05,6.444636e-06
ADGRG5,-0.0001768712,-0.00051211566,-0.00038020313,9.5870346e-05,-0.001090236,-3.0591153e-05,0.00022765715,2.6605208e-05
ELMOD2,-0.00048918277,-0.00047892518,-0.00020124577,9.399187e-05,-0.00043274462,-0.0004202365,7.0287846e-05,2.3032073e-05
EIF2S1,0.00016900152,3.6241487e-05,0.00015869923,-0.00011244416,-6.107241e-05,0.00018397812,-3.4613535e-05,-3.6336714e-06
GLMP,-7.528439e-05,0.00027584657,0.0002835244,4.5718625e-05,0.0008715242,-0.00014028465,-0.00025091413,-7.376424e-06
UROS,0.00012588315,3.6885962e-05,0.0002538301,-0.00015272666,0.00014327466,0.00016376283,-6.141327e-05,-9.46247e-06
UNC119,9.685755e-07,1.9261613e-05,-4.9332157e-05,0.00010113884,-0.0004196465,5.2308664e-05,-3.3055432e-05,9.210082e-06
CRIPAK,-3.7310645e-05,-0.00022063777,-8.2815066e-05,-2.048444e-05,-0.0013864487,2.730824e-05,8.8208355e-05,9.88401e-06
P2RX6,-0.0001087524,-0.00034546293,-0.00018016621,3.985688e-05,-0.00062693655,-2.8238632e-05,0.00012216251,1.5295343e-05
RPS16,-9.986758e-05,-0.0004549343,-0.0002806876,4.6596862e-05,0.0005492419,9.08412e-06,0.00017706119,2.113753e-05
CHMP2A,9.637326e-06,-5.889125e-05,0.0001343526,-5.127117e-05,0.0013739541,-5.705096e-05,-8.857343e-05,1.5393598e-06
EXOSC7,6.151572e-05,-4.7205016e-05,0.00015657768,-8.41571e-05,8.736551e-05,4.319474e-06,-5.619973e-05,-1.7881393e-06
PARVG,-6.313063e-05,-0.00032344088,-0.00029407442,0.0001015719,-0.0014116764,1.2557954e-05,0.00016475935,2.0409701e-05
ST6GALNAC5,8.169562e-06,-0.00012543052,-3.3155084e-07,-0.00014282111,0.00022599846,0.00018533785,0.00010533538,3.1788368e-06
RAP2A,-0.00015388057,-0.0004731994,-0.00027636066,2.9587187e-05,-0.0007076338,-3.903918e-05,0.00019634701,2.1280604e-05
THAP11,1.1144206e-05,-0.0002923552,-0.00023339875,5.626306e-05,3.3006072e-05,-1.3438985e-05,0.00011773128,1.8719118e-05
ST8SIA4,-0.00023576617,-0.00045360066,-0.000439886,0.00019603875,-0.0021077543,6.603077e-07,0.00024461,2.706016e-05
MDP1,4.4161454e-05,0.00023620203,0.00035685115,1.5615486e-05,0.0029454753,-0.00021084445,-0.00032315496,-8.453499e-06
SPSB3,-0.0001486186,-0.00024839304,-0.00012293272,0.00011603534,-0.00036604702,-0.00018757302,8.7386e-06,1.5590922e-05
HCCS,-0.00019060634,-0.00028314628,-0.00020304322,9.186659e-05,-0.0025212318,-7.720757e-05,0.00011316221,1.8093851e-05
GLIS2,-2.5492162e-05,-0.00010675937,0.00012800284,-2.8090551e-05,0.00037391484,-0.00016353466,-9.787176e-05,2.647983e-06
MVB12A,-0.0002576001,-0.00046908297,-0.00049517676,0.00024518743,-0.00209824,-0.00017123856,0.00019365456,3.54317e-05
IRX3,0.00069784373,0.0001902841,0.00064918585,-0.000573555,0.005198136,0.00054359995,-0.00015190896,-3.0513736e-05
HOXA13,-4.8970804e-05,-0.0003206879,-0.00015907921,-1.1507422e-05,-0.00024615228,3.2003038e-05,0.00013257284,1.3351906e-05
WDCP,-1.3092533e-05,-2.4573877e-05,2.7973205e-05,2.5881454e-06,2.1532178e-06,2.1412037e-05,-1.7374754e-05,2.8772047e-06
RFXANK,-2.4233013e-06,-7.4012205e-05,5.74328e-05,7.2801486e-06,-0.0009034276,-9.136554e-05,-6.148312e-05,6.1402097e-06
NUF2,-3.575906e-05,-0.00023457408,-6.217696e-05,-8.997228e-05,0.0016812086,3.8464554e-05,7.572863e-05,9.304844e-06
RHOBTB2,0.00046690926,0.0004585702,0.00062792934,-0.0003133407,0.003425844,0.00028793328,-0.00029077101,-2.8759707e-05
ZSCAN5B,-6.652251e-05,-0.00029513612,-0.000155963,4.107505e-05,-0.00060351193,4.3148175e-06,9.920169e-05,1.4589168e-05
FOXM1,8.403696e-05,-0.00066267326,-0.0003854558,-0.00013592839,-0.0007521212,0.000223157,0.00037834607,2.3981323e-05
RAD51C,0.00010506436,-0.000110544264,0.0001326967,-0.00019427668,0.0012981296,0.00010769721,1.0253862e-05,-1.6946578e-06
GFOD1,0.00024298206,1.17868185e-05,0.00013631023,-0.000106700696,-5.5342913e-05,0.00028845854,6.652437e-06,-6.159302e-06
GOLPH3,0.00015794486,4.143268e-05,0.00012238137,-8.854177e-05,-0.00023449957,0.00018883124,-1.1895783e-05,-3.7769787e-06
GORASP1,0.00030136295,0.00012478605,0.00042557903,-0.00027317554,0.0028514266,0.00010072626,-0.00017536152,-1.6052742e-05
F11,-8.433126e-05,-0.00016067922,-7.824041e-05,7.62539e-05,-0.0004509017,-4.9195252e-05,1.5650876e-05,1.0666787e-05
UBE3B,6.2182546e-05,-6.092526e-05,-2.101995e-05,2.7190894e-05,0.00019188225,1.4058314e-05,-2.508983e-05,7.5189164e-06
PODNL1,-3.903359e-05,-0.00028172508,-0.00010755472,1.3916753e-05,-0.00030064583,-4.4006854e-05,6.180722e-05,1.3835845e-05
GTPBP1,0.00033196434,0.00021077134,0.0002209656,-5.1311217e-05,0.00022429228,0.000209786,-0.00012726989,-8.232892e-06
ELAVL4,-0.00077938475,-0.001326371,-0.0012602173,0.0005407352,-0.003506735,-0.00041692192,0.00059982296,7.939665e-05
GRXCR1,-0.00021708943,-0.00048895366,-0.00036055222,0.00012257323,-0.0011222437,-8.885935e-05,0.00019481964,2.6362599e-05
GID8,-7.2758645e-05,-0.00037802197,-0.0002575498,9.5813535e-05,-0.0014755875,-1.5459955e-05,0.00014450215,2.031913e-05
MRNIP,0.00039580278,0.000849016,0.00087242573,-7.859338e-05,0.00139492,-3.8351864e-06,-0.0006013075,-3.9751758e-05
FBXO17,0.00041611493,0.0003141109,0.0004427638,-0.00016779546,0.0020787641,0.00021585543,-0.00022893678,-2.0282343e-05
MACROD2,9.473972e-05,4.504621e-05,0.00021827407,-0.00013455562,0.00075642765,4.5282766e-05,-9.366032e-05,-4.5929337e-06
SLC29A3,0.00023495406,4.1726977e-05,0.00019180402,-0.00015794858,0.0018612146,0.00020809285,-4.3218955e-05,-7.374212e-06
DMAC2,4.5344234e-05,0.00011759065,0.00016564503,-3.8007274e-06,-0.0007106513,2.228748e-05,-0.00011324044,-2.0245789e-06
CRYBA2,9.451993e-05,-4.336238e-05,4.66574e-05,-7.848255e-06,-0.00021585077,8.461904e-05,-1.5476719e-05,2.1416927e-06
TCEA3,-0.0003163051,-0.00041833706,-0.00032535568,0.00018384308,-0.001434803,-0.00019067572,0.00012658164,2.5953748e-05
EMC2,-0.0001880899,0.0003605783,0.0003414508,0.00018119905,0.00017879158,-0.00035965536,-0.0003877962,-6.731716e-06
GBA,7.609278e-05,0.00047576986,0.00048607402,1.9313768e-05,0.00014331192,-9.3249604e-05,-0.0003736941,-1.7914223e-05
CHRM2,3.5142526e-05,-7.563643e-05,5.3519383e-05,6.3441694e-06,-0.00020133704,-1.6959384e-06,-4.7978014e-05,5.138223e-06
TFB2M,-4.3436885e-06,0.00023141876,0.00023718178,5.1907264e-05,0.0011335909,-0.00012589386,-0.00023064855,-6.0249586e-06
CDC37,-2.9742718e-05,-0.0001704637,-9.079091e-05,7.125642e-05,0.00048573315,-2.620276e-05,1.2605451e-05,1.2140255e-05
STARD5,-5.705282e-05,-6.653741e-05,-1.1796132e-05,8.9940615e-05,-0.0014128014,-1.445692e-05,-2.1147542e-05,6.349059e-06
CCKAR,-0.00025909953,-0.000598561,-0.00043396652,0.0001135217,-0.0016768649,-9.2644244e-05,0.00026273075,2.996216e-05
RCHY1,-3.9154664e-05,1.0559335e-05,8.521415e-05,1.3899989e-05,3.092736e-05,-2.608262e-05,-7.2245486e-05,3.125053e-06
PSMB8,-9.878352e-05,-0.00021473318,-0.00020149723,9.918958e-05,-0.001445204,4.4294633e-05,0.0001089694,1.545134e-05
KLC2,-0.00031282753,-0.00040928274,-0.00031832047,0.00016890652,-0.0009967536,-0.0002535684,0.000103269704,2.7615577e-05
ZNF674,0.0002933666,0.0001028236,0.00017375685,-0.00015436113,0.0011841059,0.00034613349,-3.1013042e-07,-1.0480755e-05
ZNF589,0.00010969862,-2.829358e-06,3.8065016e-05,1.19498e-05,-0.0010298416,0.00013976917,-9.024516e-07,1.2309756e-06
C1QTNF9,-0.00029374473,-0.0005777627,-0.00046691298,0.00016936753,-0.0015939027,-0.00012979936,0.00024459232,3.2336917e-05
DNTTIP1,0.00018770434,0.00011394173,0.00019204244,-0.00010418892,-0.0017433167,0.0001657838,-5.2747317e-05,-5.7283323e-06
SNAP25,-0.0002553463,-0.00042809732,-0.0003029313,0.00018101465,-0.0010247752,-0.00016563525,0.000120248646,2.5929185e-05
UBXN6,0.00029398687,-7.388741e-05,6.438419e-05,-0.00015243609,0.0009162873,0.0002522692,4.648138e-05,-6.5320637e-07
DDX50,0.0003768243,0.0004170388,0.0005968772,-0.00023205578,0.0022227317,0.00015464704,-0.00031447504,-2.4917419e-05
FYTTD1,-0.00014542975,-0.00033691712,-0.00029614568,0.0002072407,-0.0014738664,-0.00010914635,9.83458e-05,2.3565954e-05
GYS1,0.00030273944,0.000556482,0.00052927993,-8.449238e-05,0.00053724647,0.00012538396,-0.0003399821,-2.2396562e-05
THEMIS2,5.004555e-05,-0.00010602735,-5.929172e-05,2.2919849e-05,-3.9346516e-05,7.0018694e-05,2.9415824e-05,8.183299e-06
OCLN,-5.4955482e-05,-0.00040347688,-8.938648e-05,-7.841643e-05,0.0022250786,-0.00011328887,7.111486e-05,1.3265177e-05
INTS12,-1.897104e-05,8.722581e-05,9.3884766e-05,9.2080794e-05,-0.0015931651,-1.731608e-05,-9.993743e-05,1.0995427e-06
FBXO47,-0.00015878677,-0.0004353486,-0.00024812482,5.4668635e-05,-0.0010108203,-3.0041672e-05,0.00016713142,1.992099e-05
ARL8B,-2.4868175e-05,-0.00010312535,6.422028e-05,2.4361536e-05,0.0007565841,-0.00015606033,-9.831879e-05,7.1327668e-06
TNC,-0.00070798397,-0.000992218,-0.0009111501,0.00045033637,-0.0008999333,-0.0005276357,0.000337678,6.15312e-05
PDCD4,4.0732324e-05,-7.33044e-05,0.00012960471,-0.00012953114,0.0013479441,0.0001137862,-5.7648867e-06,-1.9801082e-06
ZFYVE1,-0.00010697171,-8.5681677e-07,0.0002709739,2.2593886e-06,0.002076082,-0.00031694258,-0.00023963023,-2.6386697e-06
SPATC1,-0.00020313263,-0.0004898235,-0.0003623031,0.000115298666,-0.0010664687,-7.3765405e-05,0.00019993074,2.6275637e-05
PRSS8,-0.00039065443,-0.0010018237,-0.0006886665,0.00014028419,-0.0008215979,-0.00017427141,0.0004048096,4.6884525e-05
ALG10,0.00026614778,0.00015682913,0.00030329637,-9.1827475e-05,0.0016104132,3.0158088e-05,-0.00019826833,-8.585397e-06
ICMT,0.00015867129,0.00040756539,0.000469042,-9.562913e-05,0.0012081861,6.3188374e-05,-0.0002943026,-1.8568593e-05
C5orf51,-0.00010612421,-6.171875e-05,7.723831e-05,7.158704e-05,0.0007575825,-0.00021196203,-0.00013520289,6.8008667e-06
RAB30,-0.00036376342,-0.00058253296,-0.0005403124,0.00026590284,-0.0009259209,-0.00021943031,0.00020224135,4.0343613e-05
FTH1,-0.000370102,-0.0008505434,-0.0007221438,0.00022023637,-0.0015804991,-8.2940795e-05,0.00041318592,4.5205117e-05
AQP5,-0.00018379278,-0.00050904416,-0.0004147254,0.00016014371,-0.00096748024,-8.6396e-05,0.00020448957,2.9131188e-05
ZNF410,-0.00017026067,-0.00017845072,-0.00014573894,0.00012341514,-0.00016836077,-0.0001245928,1.4747493e-05,1.5708501e-05
PCDHB13,0.00039013475,0.0005006492,0.0006058477,-0.00022586808,0.002834767,0.00018703472,-0.0003308216,-2.7411617e-05
IMPA2,-0.00024899654,-6.4505264e-05,-0.000101545826,0.0003104601,0.00034342706,-0.00038414542,-0.00015523192,1.6710139e-05
FGF11,0.0001859311,0.0002379734,0.0002966337,8.830801e-06,0.0021547228,-9.781495e-05,-0.0002781013,-6.5289205e-06
TNNI2,-9.303354e-05,-0.00038571842,-0.00023313798,6.732158e-05,-0.0003434345,-3.2522716e-05,0.00012635626,1.965987e-05
NUDT22,6.810017e-05,-3.8037077e-05,8.8004395e-05,1.9617379e-05,-0.00065582246,2.5358982e-05,-5.140342e-05,1.0628719e-06
APOA4,-0.00021708943,-0.00048895366,-0.00036055222,0.00012257323,-0.0011222437,-8.885935e-05,0.00019481964,2.6362599e-05
BDKRB1,-0.00024402514,-0.0005556997,-0.00042827427,0.00014127977,-0.0012802482,-0.00010608882,0.00022954028,3.0291616e-05
CA13,-1.3116747e-05,-3.674254e-05,2.1638349e-05,6.5512955e-05,-0.0004254952,-2.1422282e-05,-5.4380856e-05,5.3585973e-06
C1orf116,-0.0002065096,-0.00045093521,-0.00033581816,0.00012668874,-0.0010503232,-9.193551e-05,0.00017258804,2.5148503e-05
PM20D2,0.000120058656,1.456216e-05,8.326024e-05,1.3740733e-05,-0.00021065772,1.8332154e-05,-7.926673e-05,2.6144553e-06
WDR4,0.00023374893,-8.2772225e-05,0.00011064857,-0.00019272976,0.0006592721,0.00024382677,5.2091666e-05,-3.6227284e-06
WDR54,-7.518008e-05,-0.00016557239,-7.638708e-05,0.000121987425,7.137656e-05,-0.00023146952,-6.477162e-05,1.5662285e-05
ITPRIP,5.738996e-05,-0.00025087595,-3.2106414e-05,-0.0001799073,-0.0005339086,0.00028163102,0.00017837342,4.329835e-06
GLIPR1,-6.47679e-05,-0.00028861687,-0.00029719248,0.00010454841,-0.0019918904,0.00012018811,0.0002033962,1.705857e-05
ZNF79,1.5167519e-05,1.0389835e-05,6.4393505e-05,-5.907379e-06,-0.0015683547,0.00011272356,-3.729947e-06,4.5576598e-07
PDGFB,-0.00011154823,-0.0006615259,-0.0005264189,0.00013874471,-0.0011723712,1.0769814e-05,0.00032199454,3.2698386e-05
MAGT1,7.939711e-05,-0.000119486824,5.193986e-05,-8.384604e-05,0.00022802502,6.5971166e-05,1.201313e-05,2.8922223e-06
PURA,6.156787e-05,-0.00024232082,-0.00010978617,2.5806949e-05,6.9729984e-05,2.6501715e-05,4.6572648e-05,1.4820718e-05
BPHL,-0.00018068217,-0.0002501253,-0.00017642789,0.00014457665,-0.0013294145,-0.00015674764,4.6099536e-05,1.6997452e-05
NOVA1,-0.00036337972,-0.00070174783,-0.0006968379,0.0002667019,-0.0024089813,-8.0307014e-05,0.00035850052,4.4381595e-05
CRYZL1,6.254017e-05,-7.333234e-06,0.0002267491,-0.00016649347,0.0018132702,4.397612e-05,-7.439125e-05,-5.3222757e-06
ERCC8,0.0005084276,0.00088457204,0.0009911526,-0.0003043469,0.0020408705,0.0002461113,-0.0005459441,-4.640082e-05
IFIT2,2.5615096e-05,6.157532e-05,0.00013073348,6.5378845e-06,-0.0002879575,-4.737638e-06,-9.9503435e-05,-4.3248292e-07
MRPS15,-0.0002820287,-0.0002931077,-0.00019710697,0.00016366318,-0.0012581199,-0.00024298579,2.9644929e-05,2.1259766e-05
HERPUD1,-0.00015668198,-0.0005976595,-0.00038631633,5.76796e-05,-0.0016187727,1.7710961e-05,0.00027038064,2.802373e-05
ZNF2,-8.875504e-06,-0.00036351383,-7.3110685e-05,-0.000119706616,-1.5832484e-05,8.845795e-05,0.00014150329,9.925454e-06
ATG3,-0.00019583665,-0.00020679832,-0.00025590695,0.0002512578,-0.0012361631,-0.00018291315,2.7485192e-05,2.1805521e-05
DSCC1,-0.0002661422,-0.00047457218,-0.00042705983,0.00022584107,-0.001557827,-0.0001798505,0.00016895868,3.115309e-05
GRINA,3.518723e-05,-0.00013368577,-5.169213e-05,-1.1455268e-05,-0.00021205097,0.0001234673,6.160885e-05,6.6653593e-06
GCNT4,-0.00010797009,-0.000444185,-0.00029266253,4.2147934e-05,-0.00076392293,1.488626e-05,0.00019832235,2.1239626e-05
C1orf94,-1.4772639e-05,-0.00010957755,-7.1231276e-05,7.426739e-05,-0.00083822757,4.698988e-05,2.558995e-05,8.590752e-06
PSMD5,0.00039759092,0.0007125605,0.00086515024,-0.00025975145,0.003576599,0.000121212564,-0.0005059978,-3.791123e-05
SLC4A11,-9.8122284e-05,-0.00024397112,-8.7870285e-05,3.9988197e-05,-6.688386e-05,-8.263253e-05,3.711786e-05,1.1932454e-05
SCRN1,-0.0002615489,-0.0003957618,-0.0003012251,0.00018842332,-0.0010556132,-0.00020198757,0.000101109035,2.5640358e-05
SLFN12,0.00030795857,0.00034804456,0.00040358864,-9.864196e-05,0.0008421466,0.00015153363,-0.00023434032,-1.7360318e-05
FGF18,0.00013886765,0.00017426349,0.0003173519,-8.79094e-05,0.0012052655,-1.03376806e-07,-0.00020227488,-8.609728e-06
ELL3,-0.00017816387,-0.00033936277,-0.00013758242,4.90807e-05,-0.00038029999,-0.00013546739,6.173551e-05,1.6892096e-05
C14orf39,4.4070184e-06,-0.00017223321,-1.6072765e-05,-9.092502e-06,2.1480024e-05,-2.8973445e-06,2.142135e-05,6.6690845e-06
PEF1,-4.408881e-05,-0.00031198934,-0.0002296213,2.749823e-05,-0.0018483624,7.179752e-05,0.00016784016,1.7404906e-05
C12orf40,-0.00016386993,-0.0004358422,-0.00027550198,6.0661696e-05,-0.0008545518,-1.8480234e-05,0.00018035248,2.0970125e-05
CLPP,7.1231276e-05,9.054318e-06,0.00011865236,2.5383197e-05,-0.00078235567,-3.3270568e-05,-0.00010556262,2.6769703e-06
CD209,-0.00010739453,-0.00023550168,-9.783171e-05,7.973984e-05,-0.00064829737,-0.00010696659,2.5820918e-05,1.30434055e-05
SAXO1,-0.00017979369,-0.00022071041,-0.00016453117,0.00014049001,-0.0005679652,-9.544939e-05,3.9868057e-05,1.5541096e-05
C8orf76,4.4154003e-05,-0.00031524524,-0.00022022054,-4.846044e-05,-0.002957359,0.00022354443,0.00024505612,1.3330602e-05
LAT,0.00034727715,0.0002241619,0.0003312342,-0.00011533126,0.0020527393,0.00015130825,-0.00019776169,-1.1999044e-05
TNMD,-0.00021708943,-0.00048895366,-0.00036055222,0.00012257323,-0.0011222437,-8.885935e-05,0.00019481964,2.6362599e-05
KLF5,0.00036290474,0.00016073883,0.00040268898,-0.0002850024,0.0024495646,0.0002290858,-0.00014165882,-1.6392092e-05
B3GNT2,0.00017028674,-6.772764e-05,0.00012212619,-0.000114726834,-2.0198524e-05,0.0001435224,1.1416152e-05,-3.4184195e-06
SIRT7,0.00022738986,0.00048174337,0.0004996024,-5.606655e-05,0.001014553,2.435688e-05,-0.0003506234,-1.988816e-05
SPATA2,0.00038616173,0.00018516183,0.00026638247,-0.00017155055,0.00071668625,0.00029888283,-8.817855e-05,-1.2064818e-05
AP5M1,5.1612034e-05,0.00035013072,0.00052337535,-0.00019329973,-4.1015446e-05,9.03653e-05,-0.0002378663,-2.1878514e-05
RABL6,-0.000106249005,-0.00042870827,-0.00030352362,7.2603114e-05,-7.1823597e-06,-9.8954886e-05,0.00014623348,2.4278066e-05
PDK3,3.973767e-05,-0.00018794462,6.12922e-05,-0.00014772266,-0.0017177463,0.00017071608,0.00010421686,7.447088e-07
UGT2B4,-0.0003567245,-0.00068552047,-0.0005161185,0.00015105773,-0.0004914403,-0.00020792475,0.00026305392,3.740925e-05
TMPRSS11B,-0.00013915077,1.5160069e-05,6.363727e-05,0.00013333838,-0.00073491037,-0.00018153386,-0.00013926346,6.864313e-06
CHERP,0.00014181435,2.947636e-05,0.00014266744,-0.000102509744,0.00012675673,0.00017370656,-2.257526e-05,-3.0540396e-06
NUBPL,0.00026482716,0.00023222156,0.00043722987,-0.00023293309,0.0012258813,0.0002403101,-0.0001460081,-2.2078748e-05
CLEC4F,-0.00022753887,-0.00049558096,-0.00036660582,0.00012714788,-0.0011247545,-0.000100187026,0.00019505154,2.6889611e-05
VTI1B,0.00044263154,0.00035920925,0.00042870082,-0.00015988387,0.00044795126,0.00021203049,-0.00022484455,-1.8196995e-05
PON1,-0.00030528754,-0.0001972001,-6.871857e-05,0.00014790706,-0.0005806014,-0.00028964737,-5.032681e-05,1.451862e-05
TIGD4,0.00035619922,-4.280731e-05,0.000113276765,-0.00025484152,-0.0011824518,0.00049140677,0.00013716426,-7.2689727e-06
RXFP3,-0.0001665894,-0.00039601326,-0.00025087036,9.5152296e-05,-0.00064922124,-9.7721815e-05,0.00012374856,2.1128915e-05
NKX2-8,-7.8294426e-05,-0.00049510226,-0.00025457703,-7.4040145e-06,0.0007452741,2.275221e-06,0.00018701795,1.9613537e-05
LPAR5,-0.00040196627,-0.0009105094,-0.0008041635,0.0002210578,-0.0022942126,-7.853098e-05,0.0004802849,4.8715156e-05
ZNF284,0.00026407465,0.00014199689,0.0004665777,-0.00025233533,0.0028816015,1.8134713e-05,-0.0002264576,-1.6310369e-05
DOLPP1,0.00015426613,0.00039263256,0.00044778176,-3.4318306e-05,0.001442194,-5.6149438e-05,-0.0003404813,-1.5259953e-05
UBE2Z,-0.00029107556,-0.00097176805,-0.00081030093,0.00015418138,-0.00091394037,1.4798716e-06,0.00049916655,4.9611786e-05
PERM1,-0.00016320497,-0.0003516171,-0.00023464486,9.0814196e-05,-0.0010147467,-5.954504e-05,0.00012785196,1.8986291e-05
PTHLH,-9.126961e-06,-0.00020233542,-2.7609989e-05,-3.0296855e-05,-0.00033260882,5.0624833e-05,5.11799e-05,7.655588e-06
SNX21,-3.7956983e-05,-0.00011848658,3.2531098e-05,3.3710152e-05,0.000780493,-0.00014359225,-8.3476305e-05,8.792966e-06
PLTP,-0.0007903036,-0.0010593664,-0.0009954385,0.00043818075,-0.0054770485,-0.000505229,0.00048490055,6.3122134e-05
FAM53A,3.7178397e-06,-0.00015215203,-2.675131e-05,-8.835457e-06,0.0006704852,4.1146763e-05,2.4436042e-05,6.82252e-06
GMEB1,5.2725896e-05,0.00012660772,0.00032307766,-0.00014618505,-0.0004797727,0.00010114722,-0.00010273885,-1.2627337e-05
SNX8,8.625537e-05,-4.9846247e-05,-1.4621764e-05,-4.922971e-06,-0.00043933094,0.00011205487,2.5560148e-05,4.462898e-06
GFI1,-0.00021224841,-0.00031764433,-0.00024007261,0.00012659654,-0.0008395836,-8.621439e-05,0.00010752864,1.919025e-05
PITPNB,-4.0873885e-05,6.0275197e-05,0.00015017577,2.4544075e-05,-0.00013526529,-6.798189e-05,-0.00012409221,-7.52043e-08
BMP8A,6.176904e-05,0.000407245,0.00040481798,4.8099086e-05,0.00073941797,-0.00012480002,-0.00035224203,-1.2760283e-05
MAFF,0.00016240217,-5.286187e-06,0.0001305379,-7.845927e-05,-9.085983e-05,0.00013922527,-3.5614707e-05,-1.4075777e-06
NECAB1,9.462237e-06,-0.00024007447,-0.00025658496,7.910747e-05,0.00024673343,9.203795e-05,0.00012362003,1.8408522e-05
ZFYVE26,6.6941604e-05,0.0001223404,0.00033001415,-0.00014396943,0.0028643534,-0.00011828542,-0.00020811614,-7.855939e-06
ADRB3,-0.00021708943,-0.00048895366,-0.00036055222,0.00012257323,-0.0011222437,-8.885935e-05,0.00019481964,2.6362599e-05
NPTX2,0.00025948882,-0.0005507227,-0.0001948215,-0.00016833469,0.0028368458,0.00016821455,0.00021432899,1.531234e-05
VASH2,-0.0011701584,-0.002328461,-0.002153486,0.000604989,-0.0053938404,-0.0003971411,0.0012388341,0.00012433843
FKBP8,-0.0002690144,-0.00044755638,-0.000472283,0.00023893267,-0.0023847222,-0.00010689022,0.00021041371,3.1776843e-05
H2AFX,-0.00021708943,-0.00048895366,-0.00036055222,0.00012257323,-0.0011222437,-8.885935e-05,0.00019481964,2.6362599e-05
CCNJ,0.000110017136,0.00015091151,0.00016278215,7.472653e-05,0.0013505071,-8.446071e-05,-0.00020959694,1.3620593e-08
TUFT1,0.0001251772,0.00021996163,0.00036513247,-6.689597e-05,0.0009268075,4.8149377e-06,-0.00022623967,-1.2484728e-05
RBBP8NL,-0.00020265952,-0.00049808994,-0.0003535468,0.000104770996,-0.0010534227,-6.377138e-05,0.00020305254,2.570555e-05
C1QTNF3,3.0109659e-05,-0.00022437237,-0.00013320707,-6.424356e-05,-0.0024876148,0.00015778933,0.00016751513,1.0240707e-05
YJU2,1.670979e-05,0.000101298094,0.00034471415,-0.00015144423,0.0013841316,-9.092782e-05,-0.00018270034,-9.957701e-06
RAB3D,0.00011162646,-0.00019453838,-3.967434e-06,-6.110128e-05,-0.0005675778,9.915419e-05,5.6829304e-05,5.1102834e-06
FHL5,-5.5005774e-05,-0.000111678615,2.585724e-05,9.492971e-06,9.0777874e-05,-2.8249808e-05,-2.3806468e-05,5.706097e-06
RPS3,-0.00015486404,-0.0005552713,-0.00038988702,9.366404e-05,4.3287873e-05,-7.4189156e-06,0.00023330376,2.7116272e-05
PIGM,-9.1595575e-05,-0.0001095701,-6.3795596e-06,0.00010933075,0.0011396483,-0.00023938064,-0.000117030926,1.1550612e-05
MKRN3,1.5201047e-05,-0.00020372123,0.00013791956,-9.764638e-05,0.0013196841,-0.00018192967,-7.989351e-05,3.6078272e-06
CLN8,0.00012391806,2.45329e-05,3.3579767e-05,5.9055164e-05,-0.0009005964,8.4687956e-05,-3.415905e-05,1.3575191e-06
PRSS57,-0.00021791272,-0.00046395324,-0.00033217855,0.00012132712,-0.0010421202,-0.00010202918,0.0001730388,2.5205198e-05
EYA2,-0.0002872534,-0.0004771743,-0.0004288368,0.00026411936,-0.0025943518,-0.00022658566,0.00015367754,3.213936e-05
ZNF280C,4.4588e-05,-0.00012819655,-3.8689002e-05,1.0472722e-05,1.2688339e-05,1.2921169e-05,9.9428e-06,8.715782e-06
TATDN3,4.0451065e-05,8.611567e-05,0.00022339821,-4.2410567e-05,0.001221858,-6.0217455e-05,-0.0001658285,-2.0646257e-06
CELA1,-0.00013757311,-0.00044336542,-0.00028058141,4.7375448e-05,-0.00065428764,4.829839e-06,0.00018956047,2.0989683e-05
BMI1,-0.00019524246,-0.0006614402,-0.00046895817,3.653951e-05,-0.0016736984,5.524326e-05,0.00034575257,3.0293944e-05
SPEM2,-0.00026248768,-0.00048571452,-0.0003236737,0.0001267204,-0.0013700724,-0.00016861269,0.00015911087,2.615794e-05
SAMD15,6.4512715e-05,-3.6738813e-05,3.749691e-05,-4.0302984e-05,-0.0007921532,0.00015944988,4.29051e-05,-1.2511155e-06
GPD1,-0.00014389865,-0.0003971234,4.025735e-05,-0.00010349788,0.0016761273,-0.00025679544,-2.4199486e-05,1.2767385e-05
ANKRD29,9.1770664e-05,-0.00041591935,-0.00021834671,-5.8724545e-05,-0.0009723604,0.00015172828,0.00020500738,1.6806996e-05
SC5D,-0.0005890783,-0.00089882314,-0.00086111017,0.00038188417,-0.0027324483,-0.0002918057,0.00040595513,5.5329758e-05
TONSL,0.00010452792,-0.00030034967,-0.0001334101,-0.00012290571,0.0008590892,0.00026971847,0.00018095691,1.0361429e-05
MTA1,-0.0001695212,-0.00048760697,-0.0003478732,4.931353e-05,-0.0018374845,6.4723194e-05,0.00026742555,2.2547436e-05
GPRC5A,-2.3435801e-05,-0.000302691,-0.00010459311,-2.5127083e-06,-0.00016345829,-7.0920214e-06,8.610543e-05,1.1603348e-05
ARL1,-6.880239e-05,-6.385334e-05,-3.441423e-05,0.00011462346,-0.0015093684,-0.000118543394,-4.1479245e-05,9.038253e-06
CCNA2,-5.7484955e-05,-0.00042156503,-0.00018709898,-0.00012697373,0.00020880997,0.00011853594,0.00021374319,1.5133875e-05
SLC30A4,6.4611435e-05,1.4215708e-05,0.00022247247,-2.4775974e-05,0.0012471154,-0.00015757745,-0.00018255506,-1.6336562e-06
POLDIP2,2.748333e-05,-0.00025948137,-9.671785e-05,-5.359389e-05,-0.0009844601,0.0001140479,0.00011949241,1.0627555e-05
ZNF431,0.00040330924,0.00038701482,0.00039064698,-8.772127e-05,0.0010236278,0.00026505254,-0.00022741873,-1.7405255e-05
OSGEPL1,8.766726e-05,0.00023654662,0.00036790036,-7.045362e-05,0.0020105913,-0.00010331627,-0.0002741767,-9.499607e-06
JUP,-0.0002467949,-0.000795573,-0.00062621385,0.00019056909,-4.4181943e-06,-0.0001755096,0.00031820685,4.2247237e-05
ZMYND12,8.37259e-06,-6.9160014e-05,6.0824677e-05,1.9170344e-05,0.0007595271,-8.1722625e-05,-7.236656e-05,3.8724393e-06
ABHD17A,0.00021014735,2.3245811e-06,1.4683232e-05,-5.810242e-05,-0.0013028681,0.0002904944,6.745756e-05,-3.9872248e-07
NMNAT1,0.00021534786,0.00019759312,0.0003180988,-0.00014562439,0.001156263,0.00021280255,-0.00012756791,-1.3351906e-05
SYNE4,0.00017241202,-0.00016533583,5.808659e-05,-0.00013935752,0.00082025677,0.00018516276,5.4871663e-05,7.7078585e-07
TM9SF1,-0.00013187528,-1.8619001e-05,2.5916845e-05,0.00017937832,-3.3393502e-05,-0.00028151693,-0.00016699452,1.02490885e-05
UGT2B28,0.00017578714,-3.7394464e-05,7.5533986e-05,-0.000103186816,0.00061379373,0.00019031018,1.3022684e-05,-5.8684964e-07
IFIT1B,-0.00020343438,-0.0005032681,-0.00037530996,0.000115029514,-0.0011808351,-6.5407716e-05,0.00021149125,2.6876922e-05
TRIM69,-8.950196e-05,-4.967116e-05,-9.5890835e-05,0.00015456788,-0.001417011,-5.6690536e-05,-1.472421e-05,1.1522905e-05
B3GNT9,-0.00013648346,-0.00040930137,-0.00025358796,6.202888e-05,-0.0011430457,-2.9467046e-05,0.00015565567,2.0838692e-05
AZI2,-0.00042913854,-0.0006523393,-0.0006155092,0.00027333945,-0.0028087646,-0.000176501,0.00031375512,3.944151e-05
ATCAY,-0.00032396428,-0.0008169357,-0.0005881414,0.000110038556,-0.00068223476,-7.427391e-05,0.00037179422,3.9630453e-05
KCTD17,0.00023015402,0.00012300536,0.000299016,-0.00021967106,0.0019681007,0.00020653475,-8.44663e-05,-1.2859702e-05
ASB18,-0.00018354505,-0.00050254725,-0.00029130094,3.1184405e-05,-0.0007934645,-6.49998e-05,0.00019471906,2.3569446e-05
PDLIM3,-4.0492043e-05,-0.0006406903,-0.0004862137,2.1186657e-05,-0.00083776563,0.00010456983,0.0003636442,2.6951893e-05
CAPG,-0.0004454255,-0.0009353757,-0.0008071698,0.00018811133,-0.0036142096,-5.6442805e-05,0.00052215625,4.789373e-05
BTN2A1,0.00014504418,0.00033979118,0.0005458705,-0.00015781075,0.0011948422,-2.4929643e-05,-0.0003238814,-1.8759747e-05
SLC38A9,4.4818968e-05,0.00023450516,0.0002937615,2.7460977e-05,0.0011101961,-0.00013891514,-0.00025601406,-7.4923737e-06
TMEM44,0.00010983832,8.406118e-06,0.0001292061,5.1064417e-05,0.0028716028,-0.00019860035,-0.00019345712,2.8798822e-06
ZDHHC12,7.017888e-05,-0.00024347007,-4.6234578e-05,-0.00012888107,-9.407103e-05,0.00025091227,0.00015167613,4.4663902e-06
NUFIP1,0.00012507662,0.000111594796,0.00024788082,-0.00015268382,0.0002990961,0.00016017351,-7.051602e-05,-9.365496e-06
ZNF195,-0.0003490746,-0.00085883215,-0.0007377807,0.00021613855,-0.0019383132,-9.2666596e-05,0.00042628124,4.5740162e-05
ATXN7L2,0.0004388541,0.00024539232,0.000504842,-0.00039190985,0.0010501444,0.00047821272,-8.071307e-05,-2.7551316e-05
FEZ1,5.5588782e-05,0.00016032718,0.0001954101,3.2494776e-05,0.001446411,-2.267398e-05,-0.00018836278,-2.2531021e-06
CEP68,0.0002747737,0.00017347746,0.0003241673,-0.00013783947,0.0018144771,0.00023837015,-0.00013913494,-1.3986137e-05
KCTD16,0.0005237628,0.0005314443,0.0005946569,-0.00026464276,0.0020741075,0.00035911147,-0.00026927982,-3.0571246e-05
MAGEC1,-0.00021708943,-0.00048895366,-0.00036055222,0.00012257323,-0.0011222437,-8.885935e-05,0.00019481964,2.6362599e-05
SLC35B4,0.00010480173,0.00024450757,0.00030620024,-1.8685125e-05,0.0015619099,-7.3611736e-06,-0.00023497548,-9.181444e-06
C4orf50,-0.00021708943,-0.00048895366,-0.00036055222,0.00012257323,-0.0011222437,-8.885935e-05,0.00019481964,2.6362599e-05
C1orf43,-2.7598813e-05,-0.0003891699,-0.00014176592,-7.752236e-05,0.0010154173,5.532056e-06,0.00013603922,1.4029909e-05
KLK10,-0.00018688478,-0.00034040026,-0.000257032,0.00013831258,-0.0010731146,-7.278286e-05,0.00011309516,2.0927051e-05
CNOT7,-8.840673e-05,-0.0003215745,-0.000185702,4.9413182e-05,-0.0008069128,-1.5845522e-05,0.000116917305,1.6236678e-05
ZNF416,0.00016694143,-0.00017051958,0.00013866462,-0.00026024878,0.0018826276,0.00019608065,6.371457e-05,-4.770467e-06
LRRC32,0.000417009,0.0006060656,0.00074639544,-0.00024955254,0.0013663471,0.0002572108,-0.00037485827,-3.5885372e-05
FOLR2,-0.0004020296,-0.00076064654,-0.0007422045,0.0002727881,-0.0013368875,-0.00013921736,0.00037697237,4.6071364e-05
SEPHS1,-0.00011687726,5.8915466e-06,1.6026199e-05,0.00013143383,0.0005723238,-0.00021072663,-0.00013678614,9.245705e-06
RRAS,0.00040982477,0.0007814877,0.00094281696,-0.00030168518,0.0026069656,0.00023009907,-0.00048859324,-4.689675e-05
MPPED2,-0.0003683064,-0.0004453957,-0.00034825876,0.00025621988,-0.0015938431,-0.00026650494,0.00010541454,2.8593931e-05
WBP4,6.0990453e-05,-0.00025602058,-4.4463202e-05,-7.6877885e-05,-0.00036688894,0.00010407157,9.129476e-05,8.354546e-06
HPX,4.2021275e-05,-8.151494e-05,0.00010145269,-9.8538585e-05,0.00021596998,2.2353604e-05,-2.0637177e-05,9.764917e-07
TK1,0.0001838021,-0.0006279126,-0.00032870844,-0.00013190694,0.0004600212,0.0002364656,0.00031625573,2.2762339e-05
KRAS,-8.569099e-05,-0.00028682128,-0.00029635243,0.00015106238,-0.0018437356,-3.6070123e-06,0.00012980774,2.246094e-05
EIF3M,-3.4749508e-05,-0.00022205152,-8.8905916e-05,-2.5192276e-06,-6.1795115e-05,3.4879893e-05,6.898306e-05,1.0942109e-05
GFI1B,-4.8704445e-05,-0.0001976993,-0.00011687353,8.349586e-05,-0.00087880343,-9.205192e-06,4.6920963e-05,1.2468197e-05
ANXA9,-0.00024637207,-0.0004919749,-0.00036131777,0.0001441259,-0.00097245723,-0.00014562486,0.00017372426,2.73427e-05
GOSR1,1.128763e-06,-5.5518e-05,6.2286854e-05,6.256066e-05,0.00059756637,-8.733105e-05,-9.3179755e-05,4.6417117e-06
DNAJC27,0.00015029684,-0.00030423328,0.00015143119,-0.00028159842,0.0013559237,0.000107917935,5.2367337e-05,2.5029294e-07
ZNF28,7.857755e-05,-1.9341707e-05,0.00010535866,-4.8978254e-05,0.0002764985,4.368648e-05,-4.0091574e-05,-1.0404037e-06
PIGK,-0.00020421483,0.00014970079,-1.742132e-05,0.00027410872,-0.0009184554,-0.00026302692,-0.00017352682,9.515905e-06
DNAJC9,0.00014405325,-0.00024048425,1.5785918e-05,-0.00017100666,0.0017273426,0.00013093371,6.96294e-05,5.7471916e-06
STK17B,-0.00031697564,-0.00057469495,-0.0006204862,0.0003035944,-0.0034638494,-7.339567e-05,0.00029151235,4.0270854e-05
FCF1,0.00049580075,0.00032008067,0.00055928715,-0.0003128117,0.002400048,0.00038355403,-0.00019729603,-2.8193695e-05
TMEM129,0.00020117499,-7.0448965e-05,0.000115958974,-0.0001509022,0.0013649762,0.00022591185,2.4551526e-05,-4.6037603e-06
RNASEH2C,-0.00041424856,-0.00047778524,-0.00040890835,0.0003142329,-0.0015645847,-0.00045186607,7.253233e-05,3.4682802e-05
LEFTY1,6.8807974e-05,-0.00018368289,-5.1867217e-05,-4.6628527e-05,9.050965e-05,0.00013149064,8.305907e-05,6.273389e-06
AURKA,-0.0001184009,-0.00048789755,-0.00036583282,1.3141893e-05,2.5965273e-05,0.00010745134,0.00026598573,2.3350236e-05
PPP1R3C,-0.0001680199,-0.0006106738,-0.00026181154,-8.300599e-05,-0.001113683,-0.00015490782,0.00024093408,2.072344e-05
RFTN2,-0.00017697178,-0.0005346332,-0.0003755428,8.296128e-05,-0.0012630671,-0.00010444317,0.00020775478,2.7784612e-05
IMPA1,0.000108644366,3.453903e-05,0.00021107495,-0.000119777396,0.0009974241,-1.578033e-05,-0.000112741254,-3.0638184e-06
DMTN,-0.00031010993,-0.0005621668,-0.00057244673,0.0003508879,-0.0023795292,-0.00019865949,0.0002017431,4.1102525e-05
ANXA13,-0.00020020083,-0.00047482736,-0.0003417395,0.00011267234,-0.00096369535,-8.1167556e-05,0.00018566381,2.534897e-05
THPO,-0.00023371167,-0.00042471476,-0.00028738193,0.00011530053,-0.0011244863,-0.00012715114,0.00014172122,2.3376546e-05
C18orf63,-0.00021412224,-0.0004879646,-0.0003598202,0.00012645498,-0.0011405498,-9.4848685e-05,0.00019111298,2.6406837e-05
PYCR2,-0.00011967681,-0.00010623969,1.3994053e-05,-1.5255064e-05,-0.0012094006,2.9988587e-05,3.577117e-05,3.6776764e-06
ADARB1,0.00011269748,-5.705282e-05,0.00021023862,-0.00013113208,0.0012558699,-9.755604e-06,-9.757187e-05,-2.251938e-06
OPCML,-4.984066e-05,9.7017735e-05,-2.8844923e-05,0.00017084274,-0.0024889633,1.4172867e-05,-4.7112815e-05,6.1827013e-06
CIAPIN1,-3.4784898e-05,-7.9469755e-05,4.518777e-06,4.0381216e-05,0.0004984215,-5.4293312e-05,-4.6233647e-05,7.447321e-06
COPE,-7.1674585e-05,-0.00022988766,-0.00017438829,9.7327866e-05,-0.0009824634,-2.798345e-05,7.891469e-05,1.5067519e-05
SSUH2,-7.128343e-06,-0.00013600104,-6.0757622e-05,4.8315153e-05,-0.00011527538,9.509735e-06,1.7758459e-05,9.040581e-06
CYB5D2,0.0001548212,0.0002886504,0.00038670376,-5.2858144e-05,0.0010459945,-6.694347e-05,-0.00027471315,-1.2243865e-05
MARCH5,-0.00021708943,-0.00048895366,-0.00036055222,0.00012257323,-0.0011222437,-8.885935e-05,0.00019481964,2.6362599e-05
HSD17B1,-3.842078e-05,4.0028244e-05,3.670901e-05,0.00013085082,-0.00042951107,-0.0002013091,-0.00013604108,6.4302003e-06
NEUROG3,-0.00021708943,-0.00048895366,-0.00036055222,0.00012257323,-0.0011222437,-8.885935e-05,0.00019481964,2.6362599e-05
ARMH4,0.00011808053,-0.00018471666,4.1002408e-05,-0.00014841184,0.0010023788,0.00022072345,7.458031e-05,1.9944273e-06
MROH2B,-0.00010293163,-0.00031511858,-0.0002614688,0.00012065191,-0.0010372251,-2.7127564e-05,0.0001229588,1.9710511e-05
UNC50,0.000118298456,-0.0002507195,-2.8565526e-05,-0.00014019199,0.0016267151,0.00012900028,8.370448e-05,7.853843e-06
TEPSIN,0.00023573264,0.00028266385,0.0002911277,-4.248321e-05,0.0005669892,8.826144e-05,-0.00020249654,-8.964562e-06
GHSR,-6.80089e-05,-0.0004719682,-0.00016115978,-0.00012238882,-0.00021900982,9.096414e-05,0.000211454,1.4211633e-05
SIAH1,-6.526895e-05,-0.00018049031,-0.0001299195,0.0001271423,0.00018753856,-0.00012649875,-1.5143305e-05,1.6195932e-05
DPEP2,-0.00020386279,-0.00038521923,-0.00028483756,0.00016043615,-0.0013069585,-0.00015409617,0.00011313893,2.3165368e-05
STPG3,-0.00021708943,-0.00048895366,-0.00036055222,0.00012257323,-0.0011222437,-8.885935e-05,0.00019481964,2.6362599e-05
NDUFAF1,0.00023236126,0.00014675595,0.00024335645,-0.00011142623,-0.0004884228,0.0002057273,-8.2179904e-05,-9.961426e-06
GTF2E2,-0.00028293952,-0.00036512502,-0.00028180704,0.0001972774,-0.0017622113,-0.0002554562,7.8286044e-05,2.5252346e-05
ALKBH1,0.00039415061,0.00023395382,0.00035315193,-0.00019705854,0.001397498,0.00027270056,-0.00013022963,-1.72219e-05
SURF4,-0.00018666312,-0.00017650425,-0.00011779368,0.00014782976,-0.0010667965,-0.00016214419,-6.16163e-06,1.542212e-05
ELMOD3,0.00051287,0.0004679896,0.0005709175,-0.00024779234,0.0022457317,0.00024877116,-0.0002997322,-2.5966554e-05
ARRDC4,0.00049110875,0.00068906136,0.00079162046,-0.0002379017,0.0027422905,0.00022512209,-0.00044875126,-3.701204e-05
ABRAXAS2,0.00036272965,-1.2068078e-05,0.0002055075,-0.00022601895,0.0017596558,0.0002483884,-2.5019981e-05,-7.0920214e-06
ZNF846,-5.0943345e-05,-0.00014594756,-7.676892e-05,8.940324e-05,-0.0013640821,-5.0364994e-05,2.4767593e-05,9.311712e-06
AKIRIN2,-0.0004197769,-0.0009967852,-0.00079306774,0.0002024537,-0.0016749278,-0.00015089149,0.00046069454,5.0697476e-05
SYT4,-0.0005043987,-0.0009029284,-0.0009008087,0.0003790008,-0.0031867698,-0.00022300798,0.0004500188,5.5577373e-05
HM13,-0.00011683069,-0.00016777404,-2.9698014e-05,4.4051558e-07,-0.0002933666,-3.3890828e-06,3.172178e-05,8.408329e-06
AK1,-2.7066097e-05,-0.00016443245,-0.00011060573,8.168258e-05,-0.00045396388,-3.056135e-05,3.7048943e-05,1.1518714e-05
PRLHR,-0.0003970228,-0.000612719,-0.00037090294,0.00012237765,-0.000532642,-0.00036997395,0.00017421227,3.006612e-05
PIM2,-0.00012679584,-6.0154125e-05,-8.657947e-05,0.00021007378,-0.0013780519,-0.00024162093,-9.350572e-05,1.596543e-05
SLC12A3,-0.00020974502,-0.0003528837,-0.0002888348,0.0001573395,-0.0014615059,-9.5602125e-05,0.00012284704,2.2723805e-05
ARHGEF39,0.00020400994,-0.00040372647,-0.00016239285,-0.000201975,-0.0010318682,0.00033618324,0.00026448537,1.17792515e-05
STX10,-0.0002068691,-0.0002922006,-0.00013933703,2.3071654e-05,-0.00013190508,-0.00017077988,5.931221e-05,1.6833772e-05
TMEM108,-0.00016093254,-0.00021288358,-9.5652416e-05,8.4976666e-05,-0.001068756,-0.00014930218,2.9109418e-05,1.2178789e-05
DUSP6,2.7298927e-05,-4.4183806e-05,2.554059e-05,4.3199398e-05,-0.00033351034,-4.4125132e-05,-6.3442625e-05,6.756047e-06
RTL5,0.00031625293,-7.69645e-05,-5.2526593e-07,-6.898958e-05,0.0005202815,0.0002555037,4.6556816e-05,2.3457687e-06
HTR3C,-0.00016156584,-0.00051398575,-0.00037495606,7.61915e-05,-0.0008421913,-1.4109537e-05,0.00023132283,2.6384136e-05
NEMP2,8.9949e-05,-0.00027233548,-2.368167e-05,-0.0002002921,0.001210995,0.00026850495,0.00015096087,4.8530055e-06
POM121L2,-0.00021708943,-0.00048895366,-0.00036055222,0.00012257323,-0.0011222437,-8.885935e-05,0.00019481964,2.6362599e-05
PTGFR,0.00022612885,0.00016843155,0.00027500652,-5.964376e-05,0.00028450042,5.6049787e-05,-0.00016959663,-8.400879e-06
PAPSS1,-0.00014097616,-0.00015891902,-0.00010706298,0.0001511965,-0.00041241944,-0.0001446358,-2.3853034e-05,1.504703e-05
RPL6,-8.159131e-05,-0.00033131614,-0.000224296,7.255003e-05,8.375198e-05,2.889987e-05,0.00012564287,1.788477e-05
RLF,-0.00014513545,-0.00026061758,-0.00021145679,0.00018298533,-0.0010200515,-0.0001406665,3.777258e-05,2.0136125e-05
ZPBP,-0.0002205912,-0.0004629325,-0.00035571493,0.00013327505,-0.0011450499,-8.067768e-05,0.0001880806,2.5646528e-05
JMJD7,0.00015400536,0.00029520318,0.00028713793,5.296711e-05,0.00075607,-8.125976e-05,-0.0002751751,-7.611583e-06
SERPINA11,-0.00018510409,-0.00047404692,-0.0003375765,0.00010056794,-0.0010616779,-5.476363e-05,0.00019540172,2.4585519e-05
PLPP7,0.0002064202,0.0003302265,0.00030014105,-3.9760023e-05,0.00047762692,0.00016100518,-0.00018392596,-1.224631e-05
UBE2W,-0.00010731444,-0.00030651875,-0.00016557984,5.8388337e-05,0.00026183575,-0.00013415655,6.609224e-05,1.7097685e-05
NMUR2,-0.0002048891,-0.00046036206,-0.00033883005,0.00011943746,-0.0010382459,-8.060504e-05,0.00018146541,2.498948e-05
GAR1,0.00026448816,0.00018550642,0.00028291345,-9.992067e-05,0.001628302,0.00012242235,-0.0001722062,-7.8404555e-06
C19orf57,0.0006120205,0.0004390329,0.0007577874,-0.0004898673,0.002430983,0.000488515,-0.00022318494,-4.0565268e-05
CHIT1,-0.00021708943,-0.00048895366,-0.00036055222,0.00012257323,-0.0011222437,-8.885935e-05,0.00019481964,2.6362599e-05
CDR2,0.00077624246,0.0009256676,0.00095788017,-0.00029467698,0.0001449287,0.000446314,-0.00047971588,-5.0623203e-05
GLYATL1,-0.00015243888,-0.00033865124,-0.0002362188,0.00010201987,-0.0009826347,-5.8330595e-05,0.00011858251,1.9230414e-05
YWHAQ,-0.00031505525,-0.00068780966,-0.00056598336,0.000185824,-0.0010700375,-7.2427094e-05,0.0003144415,3.7277467e-05
SSR1,-0.00036388822,-0.00056186505,-0.00044650026,0.00020603463,-0.0011049435,-0.00022635097,0.0001889281,3.444578e-05
FHOD1,0.00026254356,0.00021175295,0.0003070142,-7.508043e-05,0.0019594356,4.348904e-05,-0.00021144282,-9.284937e-06
DUSP26,0.00025143288,0.00013031252,0.0003330093,-0.00016678125,0.000641495,0.00017728284,-0.0001251502,-1.2838398e-05
H2AFJ,-0.00021708943,-0.00048895366,-0.00036055222,0.00012257323,-0.0011222437,-8.885935e-05,0.00019481964,2.6362599e-05
NAF1,0.00020512193,0.00011276081,0.00015445985,-2.951175e-05,0.0008973852,0.00013324898,-9.924453e-05,-3.973022e-06
DHRS12,-0.00021323748,-0.00024215505,-0.00014326908,9.347685e-05,-0.00058139116,-0.0001929598,3.352482e-05,1.6543432e-05
KCTD15,-0.00013869442,-0.00034869835,-0.00020646118,8.882489e-05,-0.0010848716,-0.00012188265,0.000103601255,1.8194434e-05
SLC39A11,-0.000119037926,-2.9077753e-05,-7.8773126e-05,0.00020257011,0.00022801757,-0.00020179246,-0.0001032548,1.3331883e-05
PLAG1,-2.187863e-05,-1.6966835e-05,0.00026944466,-0.00014236942,0.0018461496,3.9372593e-05,-0.00010206457,-7.852679e-06
ZNF792,0.00013867766,8.897856e-06,0.00010580942,-7.0224516e-05,0.00031162053,0.00012164377,-1.728069e-05,-3.3350661e-06
CAPZA2,-9.880029e-05,-0.0001854524,-0.00010242313,0.00012108963,-0.00055188686,-9.566266e-05,2.4959445e-06,1.3279612e-05
MIA2,0.00034351833,0.0005529709,0.00062736124,-0.00013054069,3.9234757e-05,2.7935952e-05,-0.00039444584,-2.599135e-05
WBP1L,-0.0005830005,-0.0011540558,-0.0008690357,0.00018389896,-0.00057063997,-0.00031549344,0.0004994264,5.684665e-05
RAB33A,-0.00021610968,-0.00024852343,-0.00010032952,0.00011620484,-0.0011836067,-0.00028766645,-3.0175783e-05,1.8295133e-05
TATDN1,0.00045881793,0.00033221953,0.0005571563,-0.00038214028,0.00015740842,0.00049797166,-0.000119361095,-2.9276707e-05
FAM83E,0.00012239628,-9.075552e-05,7.391535e-05,-6.042514e-05,0.0004538074,6.166939e-05,-1.98856e-05,1.6510021e-06
QKI,-0.00032363832,-0.0008175336,-0.00062927045,0.00016201567,-0.0004031062,-0.00013212627,0.00035167672,4.1532563e-05
SH2D7,-0.00021625124,-0.0004959274,-0.00036404096,0.00012544636,-0.0009879097,-0.00010459032,0.00019060262,2.6874477e-05
APOBEC3B,-5.751662e-05,-0.000333298,-0.00019639358,4.2472966e-05,-0.0011956915,9.611249e-06,0.0001302734,1.6775448e-05
HSPB7,-0.00012941845,-0.0003929939,-0.0002751276,8.844491e-05,-0.0010945722,-2.5573187e-05,0.00015751831,2.1184795e-05
SELL,-2.7703121e-05,-0.00026501343,-9.7841024e-05,-3.2048672e-05,-0.00038303435,4.9744733e-05,0.00010692701,9.618816e-06
HIC1,0.00037764385,0.00041696802,0.000537185,-0.00019586924,0.0005463064,0.00024323352,-0.00025031995,-2.5123241e-05
ZNF768,5.694665e-05,-7.808767e-05,1.9613653e-06,3.673043e-05,0.0031150207,-2.4531037e-05,-5.5874698e-05,4.869071e-06
LRRC42,-0.00010416843,-0.0002621375,5.379319e-06,-7.5033866e-05,0.0005196929,-0.00012939516,1.5218742e-05,9.4606075e-06
POLR2B,-0.00026820973,-0.00050972216,-0.00042187423,0.00018695183,-0.001330547,-7.04322e-05,0.00020902045,3.0618976e-05
RNFT1,0.00016797706,-0.00039934367,-0.0002561286,-8.5708685e-05,-0.0004496202,0.00019564107,0.00024192221,1.5499769e-05
FOXI2,-0.00021708943,-0.00048895366,-0.00036055222,0.00012257323,-0.0011222437,-8.885935e-05,0.00019481964,2.6362599e-05
STRADB,-0.00016671419,0.00032956712,0.00040057302,8.757785e-05,0.0014197081,-0.0003897124,-0.00040420983,-7.5167045e-06
WIPF3,-3.015995e-05,-8.3575025e-05,-0.00015248358,0.00012306962,-0.0013412535,0.000145033,7.930398e-05,1.0276795e-05
RTF2,8.6130574e-05,2.9496849e-05,0.00013529323,-1.3880432e-05,-4.49121e-05,4.1057356e-05,-8.450542e-05,-1.107459e-06
PIGN,0.00011270493,0.00019130297,-4.3660402e-06,0.00016438682,-0.0020543113,5.942583e-05,-8.930359e-05,4.720059e-06
FAM47A,-0.00022987649,-0.00034974702,-0.00018290989,8.232705e-05,-0.00036649406,-0.00015611248,8.1813894e-05,1.7628889e-05
FGFR2,-0.000660222,-0.0012118556,-0.0010221787,0.00029981043,-0.00080020726,-0.00030374294,0.00054425653,6.34389e-05
PRSS54,-0.00021708943,-0.00048895366,-0.00036055222,0.00012257323,-0.0011222437,-8.885935e-05,0.00019481964,2.6362599e-05
FOXA3,-0.00021708943,-0.00048895366,-0.00036055222,0.00012257323,-0.0011222437,-8.885935e-05,0.00019481964,2.6362599e-05
TERF1,-2.6058406e-05,-0.00025075302,-3.4248456e-05,-5.9181824e-05,0.0002661273,4.0915795e-05,6.085448e-05,8.965144e-06
DAP3,1.50464475e-05,6.124191e-05,0.00011861138,4.2099506e-05,-0.0013535097,-1.38022e-06,-8.721743e-05,-3.5460107e-07
CKAP5,-0.00021995604,-0.00024763122,-0.00014297105,9.3122944e-05,-0.00054967403,-0.00013916101,5.01452e-05,1.5184283e-05
ZNF205,0.00023342855,0.00038808212,0.00057134964,-0.00016269553,0.0035322756,-2.8301962e-05,-0.00036038924,-2.2777007e-05
BHLHE40,-8.928031e-05,0.00017292425,0.0001913365,0.00017245952,0.0018581301,-0.00025365362,-0.0002811635,-1.2479722e-06
ZNF329,-0.00015676022,0.00020069256,0.0003124196,0.00015491247,-0.0007516816,-0.00044308137,-0.0003552949,-2.7851202e-06
PPID,8.025579e-05,0.00020716898,0.00027941726,-1.7204322e-05,0.00041405857,-5.105883e-05,-0.00021119136,-6.7764195e-06
DIABLO,0.00012965873,0.00018215552,0.00030999258,-4.8846006e-05,0.00081466883,-2.0126812e-05,-0.0002078237,-8.988311e-06
SOWAHC,-0.00028908812,-0.00011636689,-4.037656e-05,0.00028500613,0.0006961599,-0.0006231088,-0.00024361815,2.0134146e-05
ZNF266,0.00033822656,0.00015173852,0.00047309324,-0.0003176676,0.0019692555,0.00028274022,-0.00012266915,-2.3087603e-05
RPS3A,-0.0003831815,-0.0009094626,-0.00076522306,0.00024210382,-0.0013308004,-0.00010083523,0.00042660255,4.8045185e-05
E2F1,-0.0007243827,-0.0014195442,-0.0011573471,0.00022512116,-0.003144443,-0.00016258191,0.0007394068,6.922288e-05
CRYGA,-4.7057867e-05,-0.00017312914,-0.0001026392,0.00010675285,-8.830428e-05,-8.00509e-05,-6.2296167e-06,1.3669138e-05
NEPRO,2.7302653e-05,-0.00019074231,3.5205856e-05,-0.00010137353,0.00050511956,6.0513616e-05,3.033597e-05,5.6554563e-06
NEIL3,0.0005104486,0.00010235235,0.00035550073,-0.00034246966,0.0013567433,0.00049981195,-1.9072555e-05,-1.7858576e-05
CTSZ,-3.984943e-05,-0.00045159645,-0.00018245913,-8.7758526e-05,0.0005142912,0.00012532715,0.00021309033,1.2950506e-05
NOX3,-0.00016538799,-0.00018201768,-6.939098e-05,9.650923e-05,-3.824383e-05,-0.00015309174,-1.9973144e-05,1.2493925e-05
DOK2,4.1471794e-05,-0.00011311844,1.9516796e-05,-2.9140152e-05,8.2947314e-05,7.6048076e-05,1.6578473e-05,3.8389117e-06
GINS1,0.00018741563,-9.045191e-05,0.00011487119,-0.00022592768,0.0024875402,0.0002638586,4.6937726e-05,-4.0717423e-06
PGC,-0.00014110282,-0.00037247688,-0.00023999996,6.941147e-05,-0.00081121176,-3.561005e-05,0.00014056824,1.9602012e-05
MFAP4,-0.0006463863,-0.0012668129,-0.0010310914,0.0003203284,-0.005511932,-0.00032770727,0.00059549324,6.5179775e-05
RGS20,-0.00036286004,-0.00094562024,-0.00093769096,0.00028455164,-0.002834633,-9.8186545e-05,0.0005116882,5.5850018e-05
HS3ST3B1,3.5671517e-05,-3.106706e-05,6.929226e-05,-7.2428957e-06,-0.00094024837,6.0899183e-05,-2.5550835e-05,1.7515849e-06
PSG6,2.1457672e-06,-0.00016174652,7.0294365e-05,-6.963126e-05,-0.00030466914,7.169135e-05,2.3255125e-05,1.8430874e-06
LCMT1,-2.0712614e-05,-4.2555854e-05,6.2977895e-05,0.0001044292,1.4655292e-05,-0.00017082272,-0.00012488943,6.552087e-06
FBXL3,-1.1054799e-05,-0.00023920089,-8.7941065e-05,-6.397534e-05,0.00026198477,0.000119424425,0.00012687128,7.550698e-06
TIMM21,0.0002349168,0.00013551489,0.0002873633,-8.758623e-05,0.0005803704,6.942451e-05,-0.00015741866,-9.22021e-06
ARMC12,0.00013242662,-1.3671815e-06,7.662363e-05,-5.559437e-05,9.325147e-05,0.00019278098,4.723668e-06,-1.6373815e-06
PARP16,0.000150064,0.0001807008,0.00028016604,-8.315127e-05,-0.00063661486,0.00016308203,-0.00011093635,-1.12259295e-05
TNFAIP1,-0.0003447663,-0.0005146954,-0.00040902756,0.00025531836,-0.00012481213,-0.00024389522,0.00012112409,3.3016782e-05
PAQR3,4.462898e-06,-0.0005209632,-0.00045270473,7.1583316e-05,-0.0018089563,0.00012474228,0.00030419882,2.807076e-05
CNOT8,-0.0005028192,-0.00064520165,-0.000619635,0.000328579,-0.0017808899,-0.00031995773,0.00023709238,4.427042e-05
CENPI,-0.000102804974,-0.00023878925,-0.0001166109,1.4931895e-05,-0.00096390396,6.815232e-05,0.000103375874,1.1297292e-05
DCN,0.00046350434,0.00027938187,0.00047614612,-0.00037401915,0.00043264776,0.00054956507,-4.5266002e-05,-2.8101378e-05
MISP,-0.00020699576,-0.00048389658,-0.00035043806,0.00011597108,-0.000971891,-8.890778e-05,0.00018900819,2.5886111e-05
CLNK,-0.00018342212,-0.00044786,-0.0003142394,0.00010377541,-0.00087789446,-7.205829e-05,0.00017041899,2.3893896e-05
SLC22A25,-0.00021922402,-0.00048903376,-0.00036212988,0.00012973882,-0.0011825189,-9.846222e-05,0.00019116048,2.6568421e-05
CRYM,-0.0007316787,-0.0006689746,-0.0006902721,0.00043713767,-0.0019554123,-0.0006396966,0.00018175691,5.2778865e-05
SELENOI,4.9296767e-05,0.00027035177,0.0002179686,0.00016201753,-0.00040804595,-0.00014609424,-0.00027107168,-2.9323855e-06
NFKBID,-6.647222e-05,-0.00025805272,-0.000104440376,4.69964e-05,-0.00015063584,-6.179139e-05,5.2047893e-05,1.253956e-05
HSD17B13,0.0001787059,-2.880022e-05,0.00019950792,-0.00015578698,0.00043506175,0.00017956458,-2.7367845e-05,-6.2334584e-06
CPA2,-0.00013582036,-0.00027574413,-0.0001983922,0.000119170174,-0.00087136775,-8.613337e-05,7.079076e-05,1.8090592e-05
AKAP3,-0.00011193007,-0.00046697631,-0.00035823695,0.00010931492,-0.0014498532,8.219853e-06,0.00021269359,2.4766894e-05
CNN1,-0.00014729612,-0.00042565912,-0.00025444105,6.448105e-05,-0.0005123392,-8.510798e-05,0.00013914332,2.1661515e-05
APCDD1L,-0.00015020557,-0.00020223111,-9.374693e-05,7.879175e-05,2.0302832e-05,-7.724203e-05,2.1581538e-05,1.1940254e-05
PEX14,0.00028737076,6.5393746e-05,0.00022259168,-0.00010568928,0.00080792606,9.327289e-05,-0.00011831429,-5.7847938e-06
TRIM29,-0.00015601516,-0.00044806674,-0.0003061518,9.187311e-05,-0.0009642318,-3.8480386e-05,0.00017682556,2.3067463e-05
THAP3,-0.000108988956,0.00012768991,0.0001448188,6.1105005e-05,-0.0015094802,-5.297549e-05,-0.000118044205,-1.0691583e-06
TM9SF4,-5.553849e-05,-0.00020955689,-0.00019323826,0.00012337323,-0.0006008819,-2.863817e-06,6.3084066e-05,1.681142e-05
ABHD17B,0.00023466162,-6.096065e-05,0.000108396634,-0.00012089405,0.0018276125,0.00014513265,-2.1883287e-05,-1.3423851e-06
IL1R1,0.00012873113,0.00016593747,0.00034674816,-0.00011284836,0.00044114888,0.00012260489,-0.00015753787,-1.39899785e-05
RPL13A,-0.00013464317,-0.0004614871,-0.00025709718,3.5284087e-05,0.00027567893,-3.478676e-05,0.0001649335,2.087804e-05
UBQLN3,-0.00020020083,-0.00047482736,-0.0003417395,0.00011267234,-0.00096369535,-8.1167556e-05,0.00018566381,2.534897e-05
NGDN,-0.00020498969,-0.0002465397,-1.9816682e-05,4.0662475e-05,0.0019055307,-0.00027005514,-6.1450526e-05,1.3322337e-05
RSPO1,-0.00014091842,-0.0004512202,-0.0003249999,7.517263e-05,-0.0009105429,9.984709e-06,0.00020623859,2.268108e-05
CHID1,-0.00017692335,-0.00011864491,-1.3940036e-05,0.000118973665,0.0006443113,-0.00026371423,-0.000106531195,1.2698583e-05
LHFPL3,-4.4075772e-05,-0.00032679737,-2.688542e-05,-0.00019507483,-0.00077053905,0.0001477357,0.0001801867,4.443573e-06
LRR1,0.00015670992,-0.00016274862,7.13598e-05,-0.00019290391,0.0010404885,0.00014015846,5.1408075e-05,2.310495e-06
MMAB,0.00020171143,0.00015540048,0.00028218888,-0.00012693275,0.0012375265,0.00011488516,-0.00012633856,-1.0679243e-05
FCMR,2.3014843e-05,-0.00023367628,-4.688278e-05,-6.584544e-05,0.0007451251,0.00011392776,8.131843e-05,7.3644333e-06
SLC16A6,1.941435e-05,-7.9089776e-05,2.3784116e-05,-1.4394522e-05,-0.0013843253,7.6941215e-05,2.4833716e-05,2.7635833e-06
RAB4A,-0.000181254,-0.0002911389,-0.0003224127,0.00021848083,-0.002645731,-0.0001599621,0.000107426196,2.455071e-05
WDR61,9.462237e-06,-0.00012070872,-9.564683e-06,-4.0536746e-05,0.00025610626,8.426607e-05,2.9313378e-05,6.576767e-06
GPATCH11,0.00011771917,3.0240044e-05,0.0001994688,-1.3096258e-05,0.00055798143,-5.7485886e-05,-0.00015736837,-2.0123553e-06
L3HYPDH,0.00018132105,0.00014025718,0.00019518659,-0.0001618443,-0.0003267452,0.00019547809,-4.8036687e-05,-6.650691e-06
NFKBIA,-0.00014083646,-0.00059716776,-0.00046029687,9.652134e-05,-0.0009344369,4.400499e-05,0.00029964093,2.9961346e-05
ZDHHC20,0.00019778684,-3.950298e-05,0.00013191625,-9.7467564e-05,-7.040799e-05,0.00014550705,-2.2580847e-05,-1.4376128e-06
PRSS1,-0.00021708943,-0.00048895366,-0.00036055222,0.00012257323,-0.0011222437,-8.885935e-05,0.00019481964,2.6362599e-05
PLEKHG7,-9.426661e-05,-0.00026348233,-0.00018134527,9.879563e-05,-0.00046180934,-6.112456e-05,6.559957e-05,1.6828883e-05
CDH24,0.0005703997,0.0008394886,0.0008182749,-0.00021872856,0.0012862161,0.00024348125,-0.00046933535,-4.0875748e-05
SSTR2,-0.00013203546,-0.00020584092,-8.1060454e-05,7.0413575e-05,-0.00073911995,-6.5731816e-05,3.241375e-05,1.0805321e-05
ZNF256,-1.0039657e-06,-0.00016574934,8.175522e-05,-0.0001023449,-0.0009978861,1.1426397e-05,2.9551797e-05,1.4578691e-06
REEP1,-0.0010240022,-0.0018511917,-0.0017353836,0.00061201677,-0.004855916,-0.0004114015,0.0009321533,0.000102627324
OTUD3,0.0006009806,0.000501737,0.0008319523,-0.00047700573,0.0044573247,0.00043377746,-0.00032634754,-4.0493207e-05
SIGLEC11,6.421842e-05,-0.00025465712,-7.7117234e-05,-8.883141e-05,0.0008457303,0.00017111283,0.00011928752,8.09459e-06
PRIM1,-8.59648e-05,-0.0003445428,-0.00015062839,-7.152744e-05,0.00049974024,7.451326e-05,0.00015499815,1.3494049e-05
AGFG1,-0.00057833456,-0.0012142267,-0.00089821965,0.00022212695,-0.0010686293,-0.00031775935,0.0005126791,5.864259e-05
CTSG,-0.0002795495,-0.0005984381,-0.00049560145,0.0001709843,-0.0017135963,-0.00010819873,0.00026624463,3.340782e-05
ZSCAN22,-0.00034997799,-0.0003111288,-0.00020411424,0.00019538123,0.00042723864,-0.00037867157,-1.2630597e-05,2.286397e-05
M6PR,0.00027413853,0.0003535617,0.00048574246,-0.00012752973,0.0015198886,3.1914562e-05,-0.00029197056,-1.9131345e-05
USP46,-0.0001976043,-0.00034856796,-0.00031520985,0.00017692521,-0.0014806017,-4.2720698e-05,0.00014899299,2.2113905e-05
AKR1C3,-5.4676086e-05,-0.0003053043,-0.00019835308,7.353444e-05,-0.00078085065,-5.991198e-06,0.00011121482,1.6272883e-05
SOX15,0.00023549981,0.00016037934,0.00032531284,-0.00017689914,0.00026019663,0.00030257553,-7.228553e-05,-1.6450998e-05
MIPOL1,0.00019936636,-0.00032293424,-1.3211742e-05,-0.0002628956,-0.00094848126,0.0004049735,0.00023935176,4.3108594e-07
CDC25C,0.0004777927,0.00037622638,0.0005340744,-0.00031303242,0.0011651218,0.00037643034,-0.00018978212,-2.5350018e-05
PURG,0.00022816472,0.0002823472,0.00052336045,-0.00018007681,0.0023507252,9.411946e-06,-0.0002934439,-2.037466e-05
LANCL3,-0.00012894906,-0.00022046268,-0.000109544024,0.00011336431,-0.00025560707,-0.00015972182,2.30968e-07,1.4330726e-05
DCUN1D1,-0.00011354871,-1.6765669e-05,1.5979633e-05,8.372497e-05,-0.0015361682,-3.7886202e-05,-2.805423e-05,3.676978e-06
GIPC2,-8.6637214e-05,-0.00022611953,-0.000110019,6.495975e-05,-7.0400536e-05,-7.945113e-05,3.4273602e-05,1.3123266e-05
TRIM34,-5.662255e-05,-0.00028995797,-0.00014540367,3.4513883e-05,-0.00066225976,-5.8589503e-06,8.8927336e-05,1.4781486e-05
BSX,-0.00020020083,-0.00047482736,-0.0003417395,0.00011267234,-0.00096369535,-8.1167556e-05,0.00018566381,2.534897e-05
CCDC121,0.00012532249,-0.00019827858,8.812733e-05,-0.00023966003,0.00048460066,0.00021014735,9.841472e-05,-1.2388919e-06
TRIM59,1.4286488e-06,-0.00016555935,4.07286e-05,-0.00013001636,0.0008823946,3.6506914e-05,3.16957e-05,4.3625478e-06
CHMP3,-3.894046e-05,-0.0006531924,-0.00028240494,-0.000136571,-0.00013449788,5.857926e-05,0.00029687863,2.230797e-05
ZNF385B,0.0003049299,0.00064672716,0.0005928632,-7.905066e-05,0.0022798404,0.00015418697,-0.00039605703,-2.792012e-05
BARX1,-2.658926e-05,-0.0001241602,-8.3800405e-06,4.5970082e-05,-0.00029841065,-6.217882e-05,-2.8523616e-05,8.213799e-06
GSG1,0.0001731962,2.7101487e-06,0.00013644062,-8.717831e-05,0.0013064668,7.8483485e-05,-5.591195e-05,-2.8428622e-06
SHLD2,-4.1393563e-05,0.00021618791,0.00024721958,0.00010845903,-0.0001243949,-0.00024338067,-0.00028436724,-1.4314428e-06
NHEJ1,0.00023777783,0.000270525,0.00029087253,-8.117966e-05,0.0006007254,0.00015567616,-0.00016489346,-1.05075305e-05
PRRX2,-0.00021708943,-0.00048895366,-0.00036055222,0.00012257323,-0.0011222437,-8.885935e-05,0.00019481964,2.6362599e-05
SFTPC,-0.00042644702,-0.0008238852,-0.0006128084,0.00029231142,0.0003347844,-0.0004908899,0.00019518565,4.80694e-05
SMTNL1,-0.00014481507,-0.00023295917,-7.987395e-05,9.466056e-05,-0.00018909574,-0.00015377207,-1.135841e-05,1.3997778e-05
PSPC1,-8.34316e-05,-0.00017465279,-1.1850148e-05,-1.2363307e-05,-0.00015306473,-3.642682e-05,1.5036203e-05,8.6337095e-06
TMEM127,0.0002991371,2.0520762e-05,0.000109791756,-0.00014444534,-0.00063981116,0.0003324803,4.6789646e-05,-5.3393887e-06
AHNAK,0.00010153651,-9.1940165e-06,0.00021084026,-8.503441e-05,7.915497e-05,1.060497e-05,-8.6383894e-05,-6.800634e-06
MORF4L1,-0.00059132464,-0.0011331141,-0.0010212995,0.0003622938,-0.0019865483,-0.00022634026,0.0005344413,6.310607e-05
RRS1,-0.00027215667,-0.00012050755,-4.4692308e-05,0.00012784451,0.00019456446,-0.00028660893,-8.236896e-05,1.401559e-05
PRR5L,-1.9429252e-05,-0.00020764396,-0.00017563999,7.0548616e-05,-0.0019665733,0.00010706298,0.00012323167,1.1843862e-05
LRRC66,-0.00018989854,-0.000553187,-0.00040752813,8.492172e-05,-0.0013627261,-2.2409484e-05,0.0002581207,2.7972623e-05
CRYBB2,-5.9943646e-05,-0.00018799864,-3.2657757e-05,5.5303797e-05,0.00051709265,-0.00011400506,-2.7918257e-05,1.0588905e-05
CHRM1,0.00021848641,-4.638359e-05,9.928271e-05,-0.000119057484,0.00077532977,0.00020837411,9.59821e-06,-2.3415778e-06
RAC1,-0.00035089254,-0.000660263,-0.00053171813,0.00017265044,-0.0011925474,-7.4745156e-05,0.00030589104,3.5008416e-05
ZBED8,-0.00015852042,-0.00010133721,0.00025666133,-4.2125583e-05,0.0014594346,-0.0003159279,-0.00019144546,-5.675247e-07
RASGEF1C,-0.0002593696,-0.0005077813,-0.00047755986,0.00018758047,0.0007593557,-9.20631e-05,0.00020940322,3.2625743e-05
ITPK1,-0.00030731596,-0.00034162402,-0.0002668444,0.00023182202,-0.000593476,-0.00038163783,1.9662082e-05,2.5496469e-05
ANKRD63,-0.00021162629,-0.0004865732,-0.00035703555,0.000119164586,-0.001081422,-8.5116364e-05,0.00019404199,2.6134308e-05
CD19,3.5604462e-05,0.00025356002,0.0003364347,3.80259e-05,0.0006251335,-0.00014953455,-0.00028731022,-8.165836e-06
HTR3E,-0.0002117455,-0.0004848279,-0.00035250746,0.00011893269,-0.0010122359,-9.22475e-05,0.00018905196,2.6034657e-05
ZNF157,-0.00018818863,-0.00043597445,-0.00031274743,0.000115122646,-0.0008649528,-8.918531e-05,0.00016046409,2.395804e-05
ZNF101,0.00039339997,0.0004290901,0.00059138425,-0.00024894346,0.0036459044,0.00020735059,-0.00029901322,-2.8077397e-05
FGF22,-0.0002197437,-0.0004947074,-0.0003656894,0.00012381654,-0.001090534,-9.2295e-05,0.0001967214,2.6700902e-05
EOMES,-0.000911342,-0.001591472,-0.0013156086,0.00038544368,-0.005296074,-0.00049708784,0.00074937195,8.16168e-05
ENTPD8,-0.00012424588,-0.0003395658,-0.00023044087,9.379443e-05,-0.0010848492,-4.78141e-05,0.00011787657,1.916138e-05
MAD2L1BP,0.0003028512,0.0005231481,0.00067780167,-0.00015950203,0.0019712746,1.1827797e-05,-0.00042796042,-2.6886002e-05
HSPA1L,0.0005365703,0.0009857435,0.0010449458,-0.00015765522,0.0040025488,8.185115e-05,-0.0007017972,-4.834216e-05
SOST,-2.4270266e-05,-0.00020878576,-6.096065e-05,2.7978793e-05,0.00025102496,-3.1094998e-05,2.1286309e-05,1.0209624e-05
CYC1,-0.00012729876,-6.1238185e-05,3.945455e-05,6.645452e-05,0.00035288185,-0.00012727408,-8.649845e-05,7.584924e-06
ZNF837,-0.00016681291,-0.00044805184,-0.00022670999,5.96866e-05,-4.3980777e-05,-0.00010129623,0.0001287125,2.0416803e-05
NUBP1,-0.00017179735,-0.00018223375,-0.00028561242,0.00017740298,-0.0023902059,7.001683e-06,0.00013082102,1.8589315e-05
DECR1,-3.8804486e-05,-0.00025611743,-0.00026706606,1.5861355e-05,-0.002730459,0.00014952198,0.00021501537,1.6653677e-05
ZBTB5,-0.00013927929,0.00028679892,0.0003170669,0.00010711048,0.0020183027,-0.00022671139,-0.00032173563,-7.1935356e-06
FAM173B,-0.00021708943,-0.00048895366,-0.00036055222,0.00012257323,-0.0011222437,-8.885935e-05,0.00019481964,2.6362599e-05
TMEM30B,-0.00016753562,-0.0004439298,-0.0003501717,0.00011372194,-0.0025142357,1.23670325e-05,0.00022137817,2.364046e-05
FBXW12,-0.00017154962,-0.00046785176,-0.00032898597,0.00012375321,-0.00084364414,-0.0001092609,0.0001616301,2.5214395e-05
PRSS22,-0.00019992515,-0.0004468728,-0.00033087656,0.00012269523,-0.0010460839,-8.514989e-05,0.00017221458,2.4783076e-05
TCF21,-9.389408e-05,-0.0002776645,-0.00017856061,8.60719e-05,-0.0011812598,-2.064649e-05,9.612925e-05,1.5296973e-05
HP,-0.00019728579,-0.00049565546,-0.0003704056,0.00011289213,-0.0010639355,-6.3843094e-05,0.0002070805,2.6581343e-05
N4BP3,0.00028664246,1.2986362e-05,0.00035162643,-0.00030958373,0.00218793,0.00025369227,-6.76373e-05,-1.3943994e-05
SULT1A2,-0.00017988868,-0.00029819645,-0.00019806623,0.00011503603,-0.00097571313,-0.00010542665,7.955264e-05,1.7882674e-05
IFNLR1,-2.713129e-05,-0.00027615577,-0.00024261326,6.6893175e-05,-0.0011097416,0.00011783559,0.00016636867,1.5558559e-05
PLP1,-0.0006129239,-0.000691209,-0.000629995,0.00045593735,2.2113323e-05,-0.00065901736,8.657854e-05,5.189248e-05
TOMM34,-0.00016792864,5.9450045e-05,5.8140606e-05,0.00020059291,-0.0014623478,-0.00025921408,-0.0001787031,8.492847e-06
PPP1R36,-6.7161396e-05,-0.0003547836,-0.00016079843,1.5353784e-05,6.8083405e-05,-3.1402335e-05,0.000107297674,1.5244237e-05
ARHGAP36,2.1755695e-05,-0.00010076724,9.155832e-05,-7.7257864e-05,0.0007120818,6.363727e-06,-3.4874305e-05,2.9724324e-06
RABGGTB,-0.00037881546,-0.00063787587,-0.0004757084,0.00019967556,-0.00050816685,-0.00024737325,0.00021298137,3.5307487e-05
NUP58,-0.00022477284,-0.0003566295,-0.00023449771,0.00011269655,-0.00031795353,-7.654261e-05,0.00010752492,2.0501204e-05
XPNPEP3,8.042157e-05,-0.00025894307,-5.0852075e-05,-0.0001458358,-0.0006415695,0.00025384873,0.000164886,5.1837415e-06
CCDC130,-0.0001413878,-0.00024160743,-7.312e-05,5.667843e-05,0.0015088022,-0.00019791722,-2.365373e-05,1.4523626e-05
KCTD1,0.00015492365,-0.0004876461,-0.00033973344,-1.8134713e-05,-0.0027941093,0.00014691707,0.00027241092,2.344593e-05
ZNF775,0.00031656586,0.00053471886,0.0005985778,-0.000110748224,0.0019194409,5.142484e-05,-0.00038864557,-2.586504e-05
SCD,-0.0002483558,-0.00071424246,-0.0005364623,0.00010269042,-0.00075713545,-2.8965063e-05,0.000340241,3.4230878e-05
KCNN2,-0.0004086867,-0.00032883137,-0.0004226826,0.0003683949,-0.00293158,-0.0003414983,7.428415e-05,3.2940414e-05
WDR25,0.00017552637,0.00018355064,0.00030197017,-0.00011404231,-0.00018047541,0.00011218246,-0.00015411247,-8.733245e-06
JAM3,-8.873455e-05,-0.0004952401,-0.000259256,-8.9313835e-07,-0.0004305169,-6.152969e-05,0.00017896574,2.2043125e-05
PIP4K2C,0.00022012182,0.00020385534,0.00033018924,-9.5235184e-05,-0.00027777255,0.00012430083,-0.00016605947,-1.279579e-05
RPUSD4,0.00027875602,0.00013311207,0.0003158599,-0.00013865344,0.00062643737,9.2532486e-05,-0.00015755277,-1.0080286e-05
RNF144A,-0.00038864277,-0.0007352084,-0.00065565854,0.0002144454,-0.002534464,-0.00010892702,0.0003694184,4.1396124e-05
MSS51,-1.8268824e-05,6.4350665e-05,0.00016376562,4.222244e-05,0.00030495226,-8.026324e-05,-0.00014664885,-1.1413358e-06
ST3GAL4,-7.730909e-05,-0.00020419247,-0.00019338913,0.00012986548,-0.0009680912,-8.596759e-05,3.576558e-05,1.9349623e-05
GFRA4,-0.00021708943,-0.00048895366,-0.00036055222,0.00012257323,-0.0011222437,-8.885935e-05,0.00019481964,2.6362599e-05
SCML4,0.000570897,0.0009795893,0.001012234,-0.0002432866,0.0012370124,0.00028275792,-0.00058134366,-4.9071736e-05
ARMT1,0.00014591031,-1.3805926e-05,0.0001956299,-0.00016227551,0.000802584,0.0001780456,-2.7145259e-05,-5.8115693e-06
ZNF391,0.00022734888,0.00024082139,0.00038846955,-0.00011685863,0.0014113709,0.00011558458,-0.00021625776,-1.5139813e-05
PRSS42,-0.00021708943,-0.00048895366,-0.00036055222,0.00012257323,-0.0011222437,-8.885935e-05,0.00019481964,2.6362599e-05
LRRC56,0.00020610169,0.00016971678,0.00023340061,-4.622154e-05,0.00050219893,0.0001321854,-0.00013936777,-7.582945e-06
PLD2,-0.00032484345,-0.000505371,-0.00038499385,0.0002558045,-0.00044245273,-0.00037140632,8.8770874e-05,3.285613e-05
ACP6,0.00020953268,9.916164e-05,0.00023973547,-4.9987808e-05,0.0006276518,5.173683e-05,-0.00015333388,-6.032642e-06
KCMF1,-0.0001119189,-0.00033009425,-0.00021218881,8.748751e-05,0.00047523528,-8.185115e-05,8.8955276e-05,1.9370578e-05
PMP22,-0.00020193309,-3.4403056e-06,1.8753111e-05,0.00012514647,-0.0015659928,-0.00015509594,-6.7041256e-05,5.1077222e-06
THEMIS,-0.00017344765,-0.000498686,-0.00032093562,6.679259e-05,-0.000786908,-5.2795745e-05,0.00019807369,2.4351291e-05
TRIM14,5.4514036e-05,-1.3798475e-05,0.00013606064,-4.2048283e-05,0.0010244623,4.4956803e-05,-7.858034e-05,-3.0500814e-07
VNN3,-0.00016835332,-0.0004076492,-0.00028969347,0.00010837987,-0.0008854419,-6.4034015e-05,0.00015286822,2.2101565e-05
ZNF57,-6.686337e-05,-7.559359e-05,-1.1444092e-05,6.780587e-05,0.00023832917,-0.00010884972,-6.041862e-05,9.154668e-06
S1PR1,-0.000522187,-0.00097118504,-0.00095880404,0.00038374495,-0.004004121,-0.00023705745,0.0004891483,5.7088677e-05
GKAP1,0.0002871044,2.985634e-05,8.811429e-05,-0.00017701462,-0.00079524517,0.00044448022,0.000101517886,-6.6458015e-06
CSRNP1,1.7687678e-05,0.00020864606,0.00026425533,2.5500543e-05,0.00020923465,-3.7119724e-05,-0.00020020176,-7.463619e-06
VPS37A,-3.9169565e-05,6.825477e-05,7.10357e-05,1.4092773e-05,-0.001125142,8.219574e-05,-3.318861e-05,1.0955846e-06
MRPL45,4.5951456e-05,-0.00014689937,5.5860728e-05,-9.604264e-05,0.00075214356,7.946417e-05,2.5267713e-05,2.5582267e-06
NUDT13,8.2081184e-05,-3.3713877e-05,0.00015277974,-7.640757e-05,0.0020363852,1.1362135e-06,-9.558629e-05,-2.4936162e-07
RPL18,0.00018842705,-8.028373e-05,0.00010057911,-0.00010991469,0.0015797764,0.0001461627,-1.323875e-05,-4.301546e-07
SERPINB2,-0.00020815246,-0.0005110465,-0.0003700629,0.000108939596,-0.0010466948,-6.6055916e-05,0.00021070894,2.664933e-05
INHBA,0.00037468784,0.00040856935,0.0005671885,-0.00019367598,0.0030678734,0.00017646234,-0.000312089,-2.5037676e-05
OGFOD3,0.00036030263,0.00021901727,0.00034036115,-0.00015844591,0.0010610744,0.00022617914,-0.0001423927,-1.6179867e-05
ATG5,-0.00041082874,-0.00054787286,-0.00042830035,0.00023821462,-0.0018853396,-0.0003507794,0.00015342794,3.41892e-05
GNL3L,7.2814524e-05,5.2470714e-05,0.00013987161,-4.4957735e-05,0.00069211423,6.555021e-05,-8.489005e-05,-1.1419179e-06
SGPP1,0.0001409445,0.00011714175,-2.8856099e-05,0.00011672638,-0.0008094609,0.000118269585,-4.1212887e-05,3.4009572e-06
ZNF181,0.00027434528,0.00036081113,0.0005257018,-0.0002197586,0.00037167966,0.00014678761,-0.00023827236,-2.3247674e-05
FGFR1OP2,0.00022099353,-0.000118656084,0.00020594895,-0.00020485278,0.0021388084,0.00012917724,-4.382897e-05,-3.14496e-06
NAGK,0.00016345643,-0.00011940673,0.00010368042,-0.00018518884,0.0013105646,0.00021568965,4.931912e-05,-1.8571736e-06
SLC39A8,0.00027185678,0.00014186837,0.00035691075,-0.00020082295,0.0018452406,0.00014133472,-0.00015986804,-1.1581229e-05
VAT1L,0.00046652183,-1.2718141e-05,8.136034e-05,-0.00013679266,0.0013130233,0.00034340005,1.0610558e-05,1.0081567e-07
ASPA,-0.00022099167,-0.0004732255,-0.0003453456,0.00012450386,-0.0010932535,-0.00010063499,0.00018161908,2.5705202e-05
ZNF213,-5.1125884e-05,-0.0003323704,-0.00028162822,9.730272e-05,-0.0019489899,1.1527911e-05,0.000163652,1.9769417e-05
LRRC47,-0.00027472153,-0.0007323418,-0.0005397536,0.00013704598,-0.0002906397,-0.00013697939,0.00028607436,3.8965605e-05
DUSP5,0.000311438,0.00017003343,0.00026719272,-8.5652806e-05,-0.00088882446,0.0002086293,-0.00012600701,-8.797157e-06
CBLN3,-0.00015866384,-0.00049798004,-0.0002788063,1.890026e-05,-0.00026127696,-1.9700266e-05,0.0002049692,2.0541484e-05
TMEM256-PLSCR3,0.00016168691,0.00030991808,0.000558218,-0.00022700522,0.0041725934,5.4696575e-06,-0.00030480046,-2.3170724e-05
SLC38A6,7.063337e-05,0.00069891475,0.0006623138,3.5381876e-05,0.0015913174,-0.00015739212,-0.00053031277,-2.6319642e-05
METAP1D,0.0005088635,0.00025928393,0.00041762367,-0.0003027143,0.003036648,0.00031292252,-0.00015615392,-1.9734609e-05
RBM22,-2.0675361e-06,-0.00023108535,-5.471334e-05,-3.053993e-05,-0.00019530207,7.712189e-05,7.8356825e-05,8.026604e-06
CX3CL1,0.00065024383,0.00090556964,0.0008502379,-0.00013157167,0.00049009174,0.00026741903,-0.000534364,-4.1758758e-05
ABHD10,-2.2163615e-05,-0.0001866445,-4.467368e-05,2.1266751e-05,0.000888519,-2.8703362e-06,1.0593794e-05,9.92103e-06
GPR84,-6.854534e-05,-0.00022232533,-0.00014943816,8.251425e-05,-0.0009204149,-2.9623508e-05,6.2913634e-05,1.4903722e-05
SFXN3,-0.00038199313,-0.00038785487,-0.00023626536,0.00023478828,-0.00013202429,-0.00047095772,-1.9813888e-05,2.6896596e-05
ACOT7,-0.00014061853,-0.00025122985,-0.00025482662,0.00020365603,-0.0007074103,-0.00010171719,6.0342252e-05,2.1709595e-05
LHFPL4,0.0005588215,0.00043547153,0.0006180238,-0.00034945924,0.0011107996,0.00044656917,-0.0001982646,-3.3067423e-05
WWTR1,-0.0005196072,-0.00041052513,-0.00017933547,0.00023450796,0.0027132481,-0.00062053837,-9.145308e-05,2.4265843e-05
ZNF18,0.00027841516,0.00059694797,0.00084172934,-0.00020246208,0.0037351027,-5.565863e-05,-0.00051989686,-3.6423095e-05
LEFTY2,-0.00018696673,-0.0004444588,-0.00030783005,0.00010974798,-0.000904426,-8.9883804e-05,0.00016129296,2.3748958e-05
RND1,8.470751e-05,0.00040624477,0.00039742142,1.6690232e-05,-0.0010869205,-5.7186e-05,-0.00030969735,-1.2405217e-05
SLC25A2,-0.00021075085,-0.00046323054,-0.00034282357,0.00012299977,-0.0010829493,-8.441694e-05,0.0001825532,2.5244546e-05
AGTRAP,6.922521e-05,-7.287413e-05,7.545017e-05,1.7823651e-05,-0.0005737692,-5.8266334e-05,-5.9092417e-05,2.4298206e-06
AQP8,-0.00013186224,-0.00034000166,-0.00023123063,8.82037e-05,-0.00047450513,-6.92578e-05,0.000108418055,1.9943342e-05
COQ10A,-0.0001595337,-0.00036944635,-0.00013572723,-2.5062822e-05,0.0008092597,-6.976165e-05,0.00011134986,1.43019715e-05
CDS1,0.00019644387,0.0002747737,0.00042420812,-5.8289617e-05,0.0009490773,-0.000106157735,-0.00030047912,-1.4101854e-05
NOMO1,0.00019602478,-0.0002536606,-7.497147e-05,-0.00014299247,0.00061510503,0.00024289545,0.00014318433,8.081202e-06
ATG4A,0.00013203919,0.00016100332,0.00018345006,-8.159503e-05,-0.0021626502,0.00024357438,-2.763234e-05,-8.020783e-06
CEACAM5,-7.5977296e-06,-8.255616e-05,-1.1032447e-05,0.00010363292,-0.0003656447,-0.00010683201,-6.5541826e-05,8.478528e-06
ZNF443,-0.00011760369,-0.00023547374,6.145239e-05,-1.672376e-05,0.0013108626,-0.0002964479,-8.689612e-05,9.618234e-06
ZNF799,0.0003308002,0.00033941492,0.00045494735,-0.00019354653,0.0014755353,0.00024353992,-0.00021758024,-1.9555097e-05
DUSP15,-0.00015587732,-0.00027523562,-0.00010420941,6.339047e-05,-0.00043809414,-0.00013656775,3.597699e-05,1.4147488e-05
SFRP1,-0.0007162541,-0.0010669883,-0.0008672308,0.00040575955,-0.0008864254,-0.0006457786,0.00032250956,6.238255e-05
WTAP,-0.0002944339,-0.0005708281,-0.00046155974,0.00016268343,-0.0009132251,-8.2870945e-05,0.00024414156,3.2225624e-05
TMC1,-1.1483207e-05,-0.00022706203,-6.151199e-05,1.1324883e-06,0.00035455078,1.015421e-05,3.6071986e-05,1.0830001e-05
GRB2,-0.00026859343,-0.0005848948,-0.00043259375,0.00016395282,-0.0008892417,-0.00010449719,0.0002272604,3.12723e-05
CALN1,7.891841e-05,-0.00026611798,-0.00014767796,-7.918384e-05,0.0006563887,0.00019937102,0.0001551127,1.1047465e-05
ZNF250,-0.00023918785,-0.0003813617,-0.00029086694,0.0001853276,0.00044549257,-0.0002676365,6.2154606e-05,2.6603695e-05
SERPINB10,-0.00029255822,-0.00057629496,-0.00042444654,0.00013497379,-0.0015362352,-0.00012562098,0.00023790635,3.0380324e-05
SPSB4,3.0571595e-05,0.00015495345,8.379482e-05,9.180885e-05,-0.0013384745,-4.9281865e-05,-0.00012626778,2.234825e-06
ARFRP1,-5.124323e-05,-0.00016768835,-0.00012195483,0.00010145269,0.00036242604,-8.718297e-05,1.3655052e-05,1.2250617e-05
BLZF1,-0.000114798546,0.0003161542,0.00037140772,0.00018065982,-0.0005802661,-0.00037637213,-0.00040923152,-5.102949e-06
STX16,4.5867637e-05,-0.00021176971,-0.00011014193,7.000752e-06,0.0015279353,2.931431e-05,4.9747527e-05,1.1928612e-05
DUSP11,-6.7139044e-05,-0.0001640264,-2.5905669e-05,6.145984e-05,0.0002137348,-9.773206e-05,-3.158301e-05,1.04374485e-05
TOX2,-0.0005492475,-0.0013893377,-0.0010868069,0.00015608128,-0.0027322099,3.7830323e-06,0.00076481793,6.230443e-05
DCTN2,-0.000119498,-0.00030866452,-0.00021025725,0.000116804615,-0.00011014938,-8.2674436e-05,8.540321e-05,1.8008053e-05
RP2,-0.00011637993,-0.00040935166,-0.00026728027,8.247327e-05,-0.0011142939,-9.898003e-05,0.00013817102,2.2272114e-05
B4GALT1,0.00048712455,0.00032931753,0.00036515854,-0.00014098268,0.0014592037,0.00035295077,-0.00016762037,-1.9057887e-05
HOXB7,-4.8758462e-05,-0.0001286827,-3.105402e-05,7.170532e-05,-4.0076673e-05,-8.969754e-05,-2.645608e-05,8.699484e-06
DNAJB2,0.00011125021,-0.00014013425,9.545311e-05,-0.00012578815,0.0018943399,2.9010698e-05,-2.5481917e-05,2.7260976e-06
HARBI1,0.0001323279,-0.00010485016,4.5057386e-05,-9.097904e-05,-8.0913305e-05,0.00018915441,4.712213e-05,4.0978193e-07
UGT2B11,2.0679086e-05,2.5982037e-05,6.5378845e-05,5.6380406e-05,-0.00023916364,-5.4873526e-06,-7.612631e-05,2.3387838e-06
PYGL,-0.0003385879,-0.0007587094,-0.00052099116,8.541625e-05,-0.0028948784,-0.00014839927,0.0003575841,3.4480006e-05
TWIST2,-0.00024103373,-0.0005109962,-0.00038402528,0.00013606902,-0.0011081323,-0.00011250749,0.00020035915,2.7981703e-05
ATP1B2,-9.647943e-05,-0.00013431162,5.6695193e-05,3.4583732e-05,0.00077955425,-0.00016149227,-8.25515e-05,6.264192e-06
EXOC4,-6.024167e-05,-0.0004357025,-9.795278e-05,-0.00017581042,-0.00027818978,0.00016888604,0.00022181775,8.456176e-06
CSHL1,-0.00021162629,-0.0004865732,-0.00035703555,0.000119164586,-0.001081422,-8.5116364e-05,0.00019404199,2.6134308e-05
PDE4B,-0.00011711009,-0.00017708167,-0.00011100061,3.5231933e-05,-0.000545755,6.614253e-05,7.626321e-05,1.0967022e-05
ZNF852,0.00049322844,0.00048711337,0.0006653853,-0.00029069465,0.0019381568,0.0002672281,-0.0003216425,-2.9953197e-05
SLC25A53,0.00027883798,0.00018900074,0.00024443865,-8.222461e-05,0.0004095435,0.0001484612,-0.00012849923,-9.102863e-06
LRRC39,0.000118754804,-5.4977834e-05,0.00013086759,-0.00012230221,0.0013729557,7.644668e-05,-3.3569522e-05,-1.5468104e-06
CHRNA10,-0.00026770867,-0.0007041581,-0.00059550814,0.00012995116,-0.0023456141,-1.7987564e-05,0.00037277956,3.778038e-05
HFE,-0.00013181381,-0.00024859793,-0.0001509171,0.00012156181,-0.0006227866,-0.00013007037,3.0634925e-05,1.6413396e-05
SULT1C2,-0.00018542446,-0.0003518816,-0.00024534576,0.00014133286,-0.0011400282,-0.00015020184,9.341352e-05,2.0875596e-05
TMEM26,-4.1266903e-05,-0.00023998134,-0.00013803132,1.9437633e-05,-0.00070325285,3.5353936e-05,0.000100594014,1.2131524e-05
B3GNT8,-4.9494207e-05,-0.0003153123,-0.00017708912,5.055964e-05,-0.00036931038,-1.24769285e-05,0.00010326877,1.560303e-05
NOB1,-4.1864812e-05,8.3772466e-05,0.00015523098,4.5290217e-06,-0.00038476288,-7.916428e-05,-0.00012902264,9.1746915e-07
ARRDC3,-0.00049806945,-0.0008479599,-0.00074528717,0.00030169543,-0.0015032515,-0.0002161283,0.00036433898,4.8818998e-05
EGFL8,-8.550286e-05,-0.00029131025,-0.0001501739,1.9091181e-05,-0.0011814907,2.036523e-05,0.00011833664,1.3734447e-05
KIAA0513,0.00038269907,0.00041334704,0.00038572587,-7.8110956e-05,0.0001938641,0.00019654259,-0.00022730324,-1.7808401e-05
CLDN14,-0.00024220534,-0.00050305016,-0.0003760662,0.00013469346,-0.0010255352,-0.000119575765,0.000190977,2.8061913e-05
TRIM21,-3.6019832e-05,-5.9546903e-05,7.842481e-05,8.5785985e-05,0.000466384,-0.00025095465,-0.00015556719,7.533352e-06
CA7,-0.00021708943,-0.00048895366,-0.00036055222,0.00012257323,-0.0011222437,-8.885935e-05,0.00019481964,2.6362599e-05
AVEN,8.246489e-05,0.00014097989,0.00014620833,7.947255e-05,-9.547174e-05,-7.2187744e-05,-0.00017682742,4.982576e-07
CUEDC2,3.3333898e-05,0.00016931444,0.00021959841,2.424419e-05,1.6257167e-05,-4.4026412e-05,-0.00017972756,-4.1601015e-06
ZNF467,7.974915e-05,-0.00027376972,-5.636178e-05,-0.0001068078,-0.0005833283,0.00015570503,0.00012931041,7.840688e-06
MINDY3,6.971881e-05,0.00020235963,0.0001734551,9.893067e-05,-0.0006069094,-8.950755e-05,-0.00019699428,-1.8613646e-06
PROSER1,0.00021219067,-5.622953e-05,0.00014655478,-0.00012197252,0.002338782,8.043554e-05,-6.290432e-05,-2.482906e-06
ZNF8,0.00014167838,0.00052454136,0.00039485656,3.0460767e-05,0.0006310269,4.6662986e-05,-0.0003162166,-1.6863341e-05
ANKRD2,-0.00018242933,-0.00048578903,-0.00030821562,8.671731e-05,-0.0006945431,-0.000101557,0.00017139874,2.4163048e-05
C1QL2,5.9204176e-05,0.00022197515,0.00039825216,-0.00011033751,0.0038905218,-9.794999e-05,-0.00027391966,-1.2739212e-05
UBAC2,0.00012267195,0.00016366504,0.00028288923,-9.368174e-06,0.00038973242,-9.204727e-05,-0.00022259075,-6.7789806e-06
GSC,-0.00021162629,-0.0004865732,-0.00035703555,0.000119164586,-0.001081422,-8.5116364e-05,0.00019404199,2.6134308e-05
IL1RL1,-0.00025123358,-0.00048982166,-0.00038625114,0.00015632808,-0.0013201535,-0.000118967146,0.00019184034,2.8114882e-05
RPLP0,-0.0001859609,-0.000559086,-0.00037875772,8.873362e-05,0.00021624565,-5.3315423e-05,0.00021924824,2.733653e-05
RBMS2,9.897165e-05,0.0001548212,0.00018181093,8.267257e-05,0.0012078732,-7.943995e-05,-0.00020536501,-2.7249334e-06
TSPAN9,0.0003042575,0.0004994981,0.0004982706,-1.5586615e-05,0.0011335835,5.3056516e-05,-0.00036732573,-2.0698179e-05
ZFAND1,0.00022931956,0.0002605617,0.0004499033,-6.6941604e-05,0.00069431216,-0.00011918601,-0.0003268523,-1.3162149e-05
CHP1,-7.669814e-05,-0.00024965033,-0.00021630898,0.00011194777,-0.00084760785,1.7084181e-05,9.51495e-05,1.7911312e-05
TXNIP,-0.0004027579,-0.00083169155,-0.00066801533,0.00019137003,-0.00074579567,-0.00010220893,0.0003785938,4.404504e-05
MEGF9,-0.00051905215,-0.0011872705,-0.0010663625,0.00031833816,-0.0017025694,-0.00021589221,0.0005820794,6.474729e-05
ARPC2,-0.0001965668,-0.00034001656,-0.0002729632,0.000101411715,-0.0011278912,2.4734065e-05,0.00016570743,1.9909116e-05
HSPBP1,-0.00018248148,-0.0005330127,-0.0002792962,-5.107373e-06,0.00011412054,-6.0838647e-05,0.00020506419,2.2702268e-05
PIP4P1,0.00018705241,4.7478825e-06,0.00021054596,-0.00018436462,0.0009918064,0.00020000152,-2.9887073e-05,-6.5197237e-06
WARS2,-0.0002586376,-3.899634e-05,-9.1025606e-05,0.00020979345,-0.0020480305,-0.00023216847,-7.196516e-05,1.51071e-05
SLC35F2,-0.0001833085,-0.00026697665,-0.00032847002,0.00017590262,-0.0016930029,-7.04946e-05,0.00013922341,2.3709727e-05
HOXC5,-0.00021708943,-0.00048895366,-0.00036055222,0.00012257323,-0.0011222437,-8.885935e-05,0.00019481964,2.6362599e-05
IFIT1,0.00023222715,0.00019649789,0.00035213865,-0.00015175994,0.0008659512,0.000115092844,-0.00016075652,-1.3941899e-05
RNF113A,-0.00016058981,-0.0002487637,-0.00023647025,0.00021073874,-0.0017741024,-0.0002013552,2.2459775e-05,2.3883651e-05
HOXC8,-2.556108e-05,-6.92755e-05,-3.2762066e-05,4.8140995e-05,-0.0002585873,3.030803e-05,5.1874667e-06,6.104354e-06
CAPN10,3.384985e-05,0.00018038414,0.0002969224,7.635914e-06,0.0022732317,-0.00017572846,-0.00026439782,-6.599468e-06
ZNF345,0.00024187565,0.00034107268,0.0004947223,-0.00013349857,0.0029826984,-6.834138e-05,-0.00034042168,-1.7406652e-05
SCAMP3,1.4228746e-05,5.77569e-05,5.1304698e-05,5.7871453e-05,-0.00017769635,-1.6395003e-05,-8.695293e-05,4.5157503e-06
ITK,-8.357689e-05,-0.00034385733,-0.00016834028,3.332086e-05,-8.650124e-05,-6.3703395e-05,9.723846e-05,1.6222824e-05
DUSP8,-0.00024414062,-0.00035519525,-0.00032481365,0.000203236,-0.00031609833,-0.00018808292,9.294413e-05,2.6652124e-05
RAB3A,-0.00010975078,1.825951e-05,9.94131e-05,0.0001338711,0.0004567057,-0.00020590425,-0.00016943458,5.1032985e-06
KLK6,-0.00042940304,-0.00053245947,-0.0004111193,0.00027531572,0.00042559952,-0.00049279956,5.635526e-05,3.7251273e-05
BCL9L,0.00035902858,0.0001242198,0.00036215968,-0.0002068337,0.00026407093,0.00013497751,-0.00014671031,-1.2499746e-05
SLC15A5,-0.0002118107,-0.0005053468,-0.000378754,0.00011947937,-0.0011807755,-7.4448995e-05,0.00021061301,2.7131871e-05
KIAA1191,-0.00018789433,-0.00025462173,-0.00016514212,0.00014341716,-0.0008171275,-0.00011578156,4.0262938e-05,1.700723e-05
IL17RB,-0.00035722926,-0.0004810188,-0.00041319802,0.0002418654,-0.00056833774,-0.00031035533,0.00011535082,3.3751712e-05
SERPINB13,-0.0002336409,-0.0005048234,-0.0003772527,0.00013180356,-0.0011021867,-0.000105559826,0.00019880477,2.7516042e-05
DDAH1,-7.212162e-05,-0.0001565814,-7.600151e-05,6.805174e-06,0.00017436594,4.90658e-05,5.5632554e-05,8.884468e-06
DAAM2,-9.562448e-05,0.00010557473,0.0001937598,4.064478e-05,-0.001047723,-9.3912706e-05,-0.00015072431,-2.4031615e-06
SMAD2,-7.661246e-05,-0.0006127469,-0.0004509464,3.0282885e-05,-0.00086314976,0.00011896528,0.00033323094,2.781942e-05
AFMID,0.00033985823,0.00039547682,0.0005239863,-0.00017816201,0.0025464967,0.00016708206,-0.00028323103,-2.361124e-05
EBP,-4.6107918e-05,-3.072992e-05,4.833378e-05,4.5964494e-05,-4.0903687e-05,-3.2827258e-05,-5.5099837e-05,3.676745e-06
RPL23,-0.00018927455,-0.0006193835,-0.00044789538,0.00011046324,-0.00037337095,-1.8781982e-05,0.0002719732,3.0093244e-05
CYB561,4.951097e-05,0.00017034821,0.00033013895,-7.195957e-05,0.0011942834,-0.00014070235,-0.00023075473,-8.509145e-06
WDR17,-0.00015881471,-0.00026460178,-0.00019309297,0.00016300473,0.00014094263,-0.00018319441,1.8881634e-05,1.9145198e-05
DNAJB6,-0.0004523564,-0.00096367113,-0.0008217916,0.00029303972,-0.0018482283,-0.00018333364,0.00043490715,5.2380725e-05
TRNT1,-6.8977475e-05,-0.0001756493,-3.4675002e-05,1.1920929e-05,0.00016528368,-7.953867e-05,1.14087015e-05,8.833827e-06
DPEP1,-0.00012523681,-0.00049429387,-0.00034026057,9.4229355e-05,-3.5725534e-05,-5.0666742e-05,0.0001882771,2.4226494e-05
ZMYM4,-8.608773e-05,-0.00055961683,-0.0003414601,-1.768209e-05,0.0002983585,5.818717e-05,0.00026417803,2.4099136e-05
EFCAB12,-0.00022251159,-0.00026795268,-0.00014590472,0.00019652583,-0.00066480786,-0.00040218,-5.2575022e-05,1.948676e-05
IL13RA2,7.123314e-05,-0.00019907206,1.9824132e-05,-0.00014144927,0.0003645718,0.00011955481,7.460546e-05,3.47069e-06
FOXS1,0.0001765117,7.049367e-05,0.00021225587,-0.00017134938,9.534508e-05,0.00029860064,-7.664785e-06,-7.714145e-06
C12orf50,-0.00019992515,-0.0004468728,-0.00033087656,0.00012269523,-0.0010460839,-8.514989e-05,0.00017221458,2.4783076e-05
FCN2,-0.00021344237,-0.00049787574,-0.00036836416,0.000119367614,-0.001190953,-7.917732e-05,0.00020412356,2.6619877e-05
UCK2,-5.5793673e-05,-0.00017509796,-9.51644e-05,7.015746e-05,0.00024261326,-5.969312e-05,1.0564923e-05,1.2141536e-05
ADAM20,-1.1574477e-05,-0.00013544969,-1.9924715e-05,-1.6108155e-05,-0.0001996234,6.738771e-05,4.1238964e-05,5.5375276e-06
FAR2,0.00014996901,0.00015304983,0.00014900044,-1.6619451e-05,-0.00078918785,0.00016767066,-7.4878335e-05,-3.945199e-06
GOLM1,-0.00024539419,-0.0005676653,-0.00044835918,0.00015446357,-0.001053825,-0.00010045897,0.00022814423,3.2286625e-05
HSD17B3,-0.00021708943,-0.00048895366,-0.00036055222,0.00012257323,-0.0011222437,-8.885935e-05,0.00019481964,2.6362599e-05
CYP2A13,-0.00019581802,-0.000318598,-0.00024962798,0.00015486963,-0.0012095347,-0.00012317393,8.8666566e-05,2.1192012e-05
MLF2,-0.00033217855,-0.000376625,-0.00031866878,0.00025214255,-0.00038468093,-0.00031456957,4.55454e-05,2.8736307e-05
GAL3ST1,-7.020682e-05,1.2552366e-05,0.00012888946,-2.8256327e-05,-0.0005027577,-6.469898e-06,-5.7258643e-05,-1.1839438e-06
GTF2E1,0.0005891789,0.00057837367,0.00071067736,-0.0002760794,0.0018614829,0.0004128227,-0.00032823812,-3.642845e-05
PSG3,0.00024775974,-0.00036368333,7.284805e-05,-0.00034231786,-0.0016375855,0.0005827043,0.0002995925,-7.6234573e-06
ASS1,0.0004556179,0.00040345266,0.00054817833,-0.00025587995,0.001474224,0.00035431236,-0.0002244534,-2.7430826e-05
AKTIP,9.1116875e-05,7.474609e-05,0.0002700463,-0.000102791935,-0.0010011941,4.59617e-05,-0.00011521671,-7.953378e-06
NKX2-3,-0.00015100278,-0.00013873354,-0.00012380257,0.000115192495,-0.0004018396,-4.9325638e-05,2.4277717e-05,1.2489618e-05
AQP6,-0.0003128741,-0.00045143813,-0.00036020018,0.0002020225,-0.0010046884,-0.00022121333,0.00012335368,2.9262155e-05
COQ4,2.332218e-05,-1.3800338e-05,0.00019470602,-9.496696e-05,0.0016279444,-4.313793e-05,-0.00010235328,-2.7265633e-06
BMP8B,-0.0001247488,-0.000251906,-0.00013166852,6.58771e-05,-0.0003175959,-0.000104073435,4.7084875e-05,1.4330959e-05
FUZ,-0.000223184,-0.0003390368,-0.0001911223,8.646771e-05,-0.0021804646,-0.00011964515,0.000110003166,1.8063467e-05
ETV7,5.1196665e-05,5.8680773e-05,0.00016849488,-1.3922341e-05,0.0010071993,1.9001774e-05,-0.0001214752,-2.3327302e-06
ACTL8,-0.00019915588,-0.00045230612,-0.0002975911,0.00012882054,-0.00070114434,-0.00015821634,0.00013018586,2.456957e-05
SRD5A1,0.00034873746,0.00038264133,0.00048708543,-0.00017986819,0.0008188337,0.00018982217,-0.00023951288,-2.2321241e-05
LRRC75A,0.0003835447,0.00043826923,0.0007212721,-0.00033381768,0.0030550882,0.00014485233,-0.00035012234,-3.1175558e-05
FGF12,-0.0001156684,-0.000425715,-0.00025934726,5.073659e-05,-0.001154542,-5.9176236e-06,0.00017136987,2.1491316e-05
KCTD10,4.466623e-05,-6.207451e-05,-7.779151e-05,0.00010897219,-0.0010302588,3.7029386e-06,-1.8739142e-05,1.0945485e-05
FAM53C,-5.302392e-05,-1.6601756e-05,5.7034194e-06,0.00011287443,0.00044876337,-0.00017712452,-0.00011281762,9.27248e-06
ZNF140,6.435253e-05,-0.00012306869,7.428415e-05,-1.7094426e-05,0.0017353445,-7.693563e-05,-8.0005266e-05,5.270005e-06
FAM102A,0.00025547855,0.0005369596,0.000639949,-0.00014098268,0.0016573891,4.064478e-05,-0.00038910192,-2.8890325e-05
OAS1,-0.00013730302,-0.0005051438,-0.00034919567,7.512886e-05,-0.0007541403,-2.8966926e-05,0.00022284314,2.4321256e-05
UBOX5,1.848489e-05,-0.00018203631,-9.864941e-05,3.7007965e-05,0.00025365502,7.213e-05,5.4894015e-05,1.0661082e-05
KLK14,-0.00021068938,-0.00048221461,-0.00035033748,0.00011854246,-0.0010478869,-8.9623965e-05,0.00018879212,2.5859219e-05
CCDC114,3.4077093e-05,-9.5834956e-05,2.2791326e-05,1.6706996e-05,0.00014375895,-8.587446e-05,-4.7783367e-05,6.386079e-06
PEX26,0.00016417354,0.00027076527,0.00031027384,-3.4133904e-05,0.0013303906,-1.2080185e-05,-0.00023264717,-9.770389e-06
PCDHB11,9.794161e-05,0.00022135116,0.00034285896,-1.16135925e-05,0.001914151,-0.00011354638,-0.0002695052,-1.0100193e-05
CCDC112,-0.00022084266,-0.00059187226,-0.00052251667,0.00018024165,-0.0012570173,-5.4385513e-05,0.00027243607,3.5784557e-05
SSRP1,-0.00029714778,-0.0008096006,-0.00059936196,0.00013153907,-0.0010507628,-0.00010692701,0.0003621867,3.992382e-05
ZSCAN18,-0.00015977025,-0.00048059598,-0.0002922546,4.150439e-05,-0.00037508458,-4.6788715e-05,0.00018358603,2.401392e-05
SERPINB5,1.1896715e-05,-0.00018581934,-3.925152e-05,-1.2066215e-05,0.00012746453,8.268282e-06,3.1443313e-05,8.429633e-06
BTN3A3,-5.3215772e-05,-0.00017387979,-0.00014282018,6.971788e-05,-0.0009012595,4.0488318e-05,7.286016e-05,1.25251245e-05
GPBP1L1,-0.0004873108,-0.00076690316,-0.0007081516,0.00035585463,-0.0026480928,-0.0003346037,0.00029761996,4.837243e-05
CHGA,-0.0003387127,-0.00049212575,-0.0002936162,0.00016606599,-0.0009402633,-0.0002629594,0.0001014024,2.8983923e-05
LDAH,-1.0352582e-05,9.09809e-05,0.0001872126,1.7472543e-05,0.0016267523,-0.00012609409,-0.00017633196,-1.8898863e-06
BBOF1,9.643473e-05,-1.6732141e-05,0.00015061349,-3.7825666e-05,0.0010109544,-9.297393e-05,-0.0001013251,-2.4845358e-06
CENPB,-4.68418e-05,-0.00043237396,-0.0003692098,6.7112036e-05,-0.00054290146,9.341724e-05,0.0002325233,2.4258392e-05
MLLT1,-0.0001644995,-0.00025537238,-0.0002280362,0.0001473967,-0.00061068684,-0.0001341668,5.5990182e-05,2.0852429e-05
ANTXRL,-0.00021162629,-0.0004865732,-0.00035703555,0.000119164586,-0.001081422,-8.5116364e-05,0.00019404199,2.6134308e-05
DENND1B,-0.00034524314,-0.00031744875,-8.065626e-05,8.055754e-05,0.00072316825,-0.00035416707,-2.7373433e-05,1.6289297e-05
DHRS7C,-0.00021708943,-0.00048895366,-0.00036055222,0.00012257323,-0.0011222437,-8.885935e-05,0.00019481964,2.6362599e-05
ERRFI1,0.00030538812,5.6337565e-05,0.00020076148,-0.00016098656,0.0012553483,0.00023574848,-6.272923e-05,-5.569076e-06
CHRDL1,-0.0006875992,-0.0011058636,-0.0009063259,0.00029907376,-0.0021479279,-0.00038132584,0.00046921708,5.9618615e-05
PXMP2,1.8458813e-06,-0.00026548654,-0.000127526,-6.814767e-05,-0.00062698126,0.00016224105,0.00015720166,1.08671375e-05
NCK1,4.807487e-05,2.7276576e-05,8.990802e-05,-3.301911e-05,-0.00074941665,7.5265765e-05,-3.3830293e-05,7.9197343e-07
TNFRSF1B,3.0444935e-05,-0.00026868097,-0.000101305544,-9.449199e-06,0.0002587512,6.1084516e-05,9.738654e-05,9.779702e-06
SERPINI2,5.0913543e-05,-0.00018664822,1.8959865e-05,-9.36836e-05,0.001015693,0.00010061916,5.257316e-05,3.1224918e-06
SLA,-0.000550624,-0.00087582134,-0.0006934926,0.00025878567,-0.0017722547,-0.00028504664,0.00036250427,4.6204892e-05
DERL1,-7.841736e-05,-0.000119332224,2.6701018e-05,1.047086e-05,-3.1352043e-05,-0.00011244463,-3.3050776e-05,6.8090158e-06
ZFP1,-5.0118193e-05,-0.00018543005,-0.00010646321,7.938873e-05,-0.0008339286,-6.627664e-05,3.071502e-05,1.3340381e-05
HAND2,-1.2148172e-05,-0.00024048053,-0.00010386109,2.2380613e-05,-0.00057314336,4.8202462e-05,8.049514e-05,1.0812306e-05
ZNF331,0.0001943428,0.00022995844,0.0002378095,-1.221057e-05,0.0003317669,0.00017809216,-0.00013452116,-1.0356773e-05
PANX2,0.00021220557,0.0003305897,0.00034346245,-2.7508475e-05,0.0014847517,2.5527552e-06,-0.00026930775,-1.0931748e-05
RHOC,4.415959e-05,-0.00029132143,-6.57551e-05,-9.6946955e-05,-5.066395e-06,0.00015043281,0.00013692118,6.9143716e-06
IPCEF1,-0.00018946454,-0.0005879663,-0.00038862228,2.5765039e-05,-0.0018950328,6.961916e-05,0.0003136685,2.5864341e-05
LMO2,5.474314e-05,-0.00027202442,-0.00013694912,1.7736107e-05,0.00021290034,5.794689e-05,8.819252e-05,1.28152315e-05
UPK1A,-0.00017316453,-0.00046473555,-0.00032329,9.621773e-05,-0.00067005306,-6.775558e-05,0.00017879996,2.4317764e-05
DNAJB13,-9.611249e-05,-0.00027953275,-0.00012798607,3.8233586e-05,-0.0010212138,-8.143205e-05,7.397495e-05,1.3359822e-05
CD276,-1.7262995e-05,-0.00037032366,-0.0002644211,5.9098937e-05,-0.0014398172,2.297014e-05,0.00016891956,1.9170344e-05
SDF2,0.00012725033,0.000101052225,0.00020370074,-7.635821e-05,0.00057751685,5.9055164e-05,-0.000108691864,-5.2768737e-06
NXF3,-0.00021922402,-0.00048903376,-0.00036212988,0.00012973882,-0.0011825189,-9.846222e-05,0.00019116048,2.6568421e-05
ELFN1,0.00034512393,0.000458844,0.0006905701,-0.00031518005,0.0018216074,0.00019717403,-0.00030555297,-3.2779877e-05
ELAVL1,-0.00012468919,-0.0002684854,-0.00021495298,0.00010192394,-0.00200437,-1.0652468e-05,0.00012486242,1.6602338e-05
KLK12,-0.00021162629,-0.0004865732,-0.00035703555,0.000119164586,-0.001081422,-8.5116364e-05,0.00019404199,2.6134308e-05
PPM1N,6.502494e-06,-0.00013145432,9.695254e-05,-6.7885034e-05,0.0009853393,2.6959926e-05,-2.8503127e-05,1.7713755e-06
CCDC38,-0.0001603011,-0.0003957078,-0.00023533218,0.0001046462,-0.0005430952,-0.00013673026,0.00010821596,2.0472566e-05
NEGR1,-0.00071592256,-0.0011653639,-0.0012656283,0.00056283455,-0.0031316057,-0.00038073398,0.0005653044,7.913157e-05
B3GALT4,0.00033928826,0.00023379736,0.0004023891,-0.00016719382,0.0013811141,0.00012393482,-0.00020968821,-1.529546e-05
DHRS9,-0.0004793126,-0.0011421647,-0.000976244,0.00022703689,-0.0022139624,-0.00010289159,0.0005975459,5.8301957e-05
RASA2,-0.00011366606,-0.0002034884,-0.0001921244,0.00019750465,-0.00033461303,-0.00022707181,-4.8177317e-06,1.7561717e-05
GLT8D2,0.00015975162,0.00035345182,0.00046016276,-9.4961375e-05,0.001059778,7.1385875e-05,-0.00027611386,-1.7854269e-05
TBL2,4.2663887e-05,-7.6498836e-05,4.8682094e-05,-5.0092116e-05,-1.5370548e-05,0.00012733601,1.9626692e-05,1.0830117e-06
BHLHE41,-0.00020795874,-0.0004941579,-0.00036122464,0.00012873206,-0.00070603937,-0.00020081457,0.00016705506,2.7923496e-05
TLR1,-0.00030326657,-0.0008366294,-0.0006608218,9.3714334e-05,-0.0019964948,7.272232e-05,0.00047296938,3.9123814e-05
FOSL2,0.000113438815,0.00021103956,0.00027890876,-3.199093e-06,-0.00064219534,5.100947e-05,-0.00017108303,-1.0623131e-05
PSMD7,-0.00036096387,-0.0005430244,-0.00042833574,0.0002236003,-0.002264008,-0.00022176467,0.00019127596,3.206078e-05
ZDHHC18,0.00034446083,0.00028621964,0.00047523342,-0.0001271842,0.0017533824,-1.4398247e-05,-0.00031687226,-1.5308615e-05
ANKRD10,-0.0004027728,-0.0007716119,-0.0005993601,0.00020828936,-0.00095131993,-0.00018541142,0.00031191576,4.1169347e-05
CYB5R2,-4.2669475e-05,7.181056e-05,0.00014931709,3.5628676e-05,0.0015030652,-0.00016429601,-0.00018481445,3.4832628e-06
VEGFD,-0.00021708943,-0.00048895366,-0.00036055222,0.00012257323,-0.0011222437,-8.885935e-05,0.00019481964,2.6362599e-05
KCTD12,-0.00034657307,-0.0004828386,-0.00029964745,0.00015229918,0.0008944571,-0.000370475,8.210819e-05,2.6668655e-05
SF3A2,-5.5050477e-05,-0.00013938546,-2.2087246e-05,2.2684224e-05,-0.00049063563,-8.4532425e-05,-1.4540739e-05,1.0469812e-05
TCN2,1.1958182e-06,-0.000116473064,-3.9774925e-05,4.456658e-05,0.00016452372,9.898096e-06,-4.9704686e-06,9.220443e-06
KLF11,0.00016200542,-0.00018159486,-0.00012589246,2.55825e-05,0.00022174418,0.00014572497,6.91209e-05,1.2106611e-05
GORAB,6.077811e-05,-7.54036e-05,0.000121332705,-0.00017018244,0.00030679256,0.00012439117,1.7317943e-05,-1.95147e-06
CYGB,0.00032989495,0.00038277544,0.00059450977,-0.00025197677,0.002648443,0.00021511037,-0.00026994478,-2.8236886e-05
RCAN3,0.00042155758,0.0005797185,0.0007594619,-0.00031041075,0.0009985715,0.00035244692,-0.00031798426,-3.854814e-05
SLC16A12,-3.891997e-05,0.00013643317,0.000202341,3.9463863e-05,-0.00061906874,-7.524155e-05,-0.00016307551,-3.1980453e-06
FCN1,-0.0001645051,-0.0004785806,-0.00030815043,3.7231483e-05,-0.0010037422,4.400406e-05,0.00023124926,2.1532294e-05
CDADC1,0.0003456846,0.0006231703,0.0007135775,-6.4386986e-05,0.001547724,-0.00010726275,-0.0005279267,-2.6838505e-05
MSRB1,0.00013885088,-2.9224902e-06,0.00020877272,-4.3519773e-05,0.00054424256,-6.07064e-05,-0.00014868286,-1.5308615e-06
MAPK12,-5.982816e-06,-0.00050198287,-0.0002473723,-5.8688223e-05,3.0361116e-05,3.7066638e-06,0.00021259952,1.8698513e-05
GPR37L1,-0.0007892456,-0.0009990819,-0.0010212846,0.00050064176,-0.0030947402,-0.0005202573,0.00040130224,6.8378635e-05
CABLES2,0.00039452128,0.00020222925,0.00029707514,-0.000116460025,0.00056926906,0.0001715552,-0.00016467366,-1.0537449e-05
DCUN1D4,9.825267e-05,8.866936e-05,0.00018967688,-1.5941449e-05,-0.0009894744,6.8807974e-05,-0.00010682922,-3.0722003e-06
LCA5L,9.329617e-05,8.990988e-06,0.00018564053,-9.815395e-05,0.0005809665,5.0790608e-05,-6.821845e-05,-5.7012076e-06
ZNF275,-4.2783096e-05,-0.00014263205,-0.00016612746,8.648075e-05,-0.0024975166,0.00013156142,0.000104207546,1.3146084e-05
ELOVL4,-0.0005396884,-0.0010383986,-0.0007569697,0.00021587498,-0.0009894744,-0.0003139968,0.00040136836,5.380204e-05
SNRNP48,0.0002717264,-4.6268106e-05,0.0001845453,-0.00020557921,0.0022180974,0.00020299572,-3.4698285e-05,-3.934372e-06
SPATA16,-0.00017858483,-0.0005306229,-0.0003850311,0.00010311976,-0.001256071,-2.788473e-05,0.00023410935,2.658891e-05
SNUPN,0.0002944991,0.00016047806,0.00021767057,-7.4912794e-05,0.0012637749,0.00017441716,-0.00012941565,-6.739865e-06
NRTN,-0.00013807788,-8.474849e-05,-7.9166144e-05,0.0001587933,-0.00046947598,-0.00012699515,-4.5479275e-05,1.24480575e-05
ZNF551,0.00039133243,0.00014233962,0.0004029274,-0.00024368707,0.0019175708,0.00025346968,-0.00014436338,-1.6607577e-05
B4GAT1,-0.00024618022,-0.00037839636,-0.00033062883,0.00020631775,-0.0014991611,-0.0001853928,0.0001113927,2.602581e-05
ASTL,-0.00017148815,-0.00044260174,-0.00031350367,9.68324e-05,-0.0010164008,-4.3444335e-05,0.00018183049,2.302532e-05
IK,-0.00039704703,-0.00044422038,-0.00038086623,0.00029078405,-0.0011437461,-0.00037338538,7.6758675e-05,3.238325e-05
P2RX3,-0.00028644316,-0.00029276498,-0.00010869652,0.00010763947,0.0035060942,-0.0003812369,-6.390177e-05,1.8121558e-05
FBXO25,-8.968636e-06,3.1329691e-06,7.090159e-05,8.036662e-05,0.00022428483,-0.00020204717,-0.00014372636,6.2007457e-06
ZNF625,1.4325604e-05,-1.780875e-05,7.612072e-05,2.9720366e-05,-0.00042825937,-7.3898584e-05,-8.903444e-05,4.8448564e-06
DPH7,-0.0003060568,-0.00040981732,-0.0002901759,0.00013359543,-3.0271709e-05,-0.00012137834,0.00012822635,2.3910543e-05
SLC32A1,0.00027491152,0.00039355084,0.0002626218,0.000101411715,-0.0006540641,0.00010304432,-0.0002567945,-8.394825e-06
EFNA4,-0.0001414679,-0.00032699108,-0.00025800616,0.00012912042,-3.7647784e-05,-4.2352825e-05,0.0001071915,1.990085e-05
AKAP4,-8.53017e-05,-0.00024159625,-0.0001000911,2.7148053e-05,-9.959936e-05,-2.7682632e-05,6.222911e-05,1.1650496e-05
CDC20B,-6.217137e-05,-0.00028547645,-0.00018074363,0.000107897446,-0.0021614432,-5.420763e-05,9.1391616e-05,1.6040169e-05
WDR89,0.00034859776,0.00047953054,0.0005656406,-0.0001956597,0.0016277805,0.00023311097,-0.00029045623,-2.6306603e-05
TRABD,9.089708e-06,-0.0003181137,-6.648153e-05,-7.510092e-05,0.0006587431,8.630846e-05,0.000109488145,8.407282e-06
DCAF8L2,-0.00024078041,-0.00052885525,-0.0004090909,0.00013906416,-0.0012898594,-9.76529e-05,0.00021971017,2.896809e-05
ZNF571,0.0003090538,0.00022241287,0.0003882274,-0.0002313517,0.0016100258,0.00019637123,-0.00013927277,-1.8839375e-05
SERPINB12,-0.00014740042,-0.0004933998,-0.00033365563,9.620283e-05,-0.0004979521,-8.305255e-05,0.00017843302,2.5363173e-05
MOSPD2,0.00050683133,0.000756938,0.0008180104,-0.00014868192,0.0038386881,-1.7065555e-05,-0.0005697431,-3.6177225e-05
RCN3,-0.00019164197,-0.0005902108,-0.0003446173,2.286397e-05,6.4857304e-05,-3.33637e-05,0.0002423469,2.5966321e-05
ZNF543,-0.0003472194,-0.00038796663,-0.0003237035,0.00027310196,-0.0003292933,-0.0003047157,5.4076314e-05,2.7200207e-05
CELA2B,-0.00023356266,-0.00051973574,-0.00036883727,0.00010589138,-0.0013544187,-8.204579e-05,0.0002153432,2.6848167e-05
TSPAN11,0.00022158958,-3.728643e-05,0.00018319488,-0.00024704076,0.0010122657,0.000324036,4.077144e-05,-7.5805e-06
ACPP,-0.00021708943,-0.00048895366,-0.00036055222,0.00012257323,-0.0011222437,-8.885935e-05,0.00019481964,2.6362599e-05
PQLC2,-0.00021708943,-0.00048895366,-0.00036055222,0.00012257323,-0.0011222437,-8.885935e-05,0.00019481964,2.6362599e-05
TJAP1,-4.6808273e-06,-0.00019389763,-0.00012874231,-1.6011298e-05,-0.0011425763,6.722007e-05,0.00011292845,1.09846005e-05
MEOX2,-0.00018576719,-0.00044808537,-0.0003217701,0.00010307133,-0.00089555234,-6.460305e-05,0.00017747097,2.397853e-05
PRSS21,-0.00010311976,-0.0003779009,-0.00023231842,2.3993663e-05,-0.0008129999,3.5376288e-05,0.00017090421,1.783343e-05
CRX,4.336238e-05,-9.046495e-05,-1.7434359e-06,-4.789792e-05,-9.2417e-05,0.00012947619,4.2171218e-05,3.4004916e-06
KCNK2,-0.00027485378,-0.000604745,-0.00041115843,3.806129e-05,-0.0006310418,-0.000125519,0.00026283786,2.875051e-05
ABHD16B,-0.00018792413,-0.00028820336,-0.00020151213,0.00015845336,-0.0009943619,-0.00018798327,4.4507906e-05,1.898047e-05
HECA,-0.0004962068,-0.00070954487,-0.0005273856,0.00025883596,-0.0021738186,-0.0003107614,0.0002364358,4.0128012e-05
PTPMT1,3.5995618e-05,-0.00013428554,-8.000061e-06,-3.9450824e-05,0.00020610541,4.8894435e-05,3.5780482e-05,4.674075e-06
RNF10,-0.0003218092,-0.0005340297,-0.0003581997,0.00013951119,-0.00089595467,-0.0001709531,0.00017592963,2.9477873e-05
TFDP1,-0.00012230314,-0.0002486091,-0.0001237113,9.211712e-06,-0.00054656714,-7.076189e-06,9.338278e-05,1.2792647e-05
ADORA3,-0.00025088154,-0.00079586916,-0.0006737672,0.00015138928,-0.0012590811,6.4074993e-06,0.00042568706,4.0322077e-05
ZNF43,0.000115713105,-8.767843e-05,0.00010411441,-0.00017646607,0.0012919679,0.0002082726,3.0880794e-05,-1.3888348e-07
BBX,-0.00025751442,-0.0004394073,-0.0002344586,5.5096112e-05,-0.0006786287,-0.00012438139,0.00013565645,2.1602726e-05
SRFBP1,7.9257414e-05,3.4980476e-05,0.00011433102,3.15262e-05,0.0010022447,1.16424635e-05,-0.000117515214,9.948853e-07
ZDHHC9,-0.00031852908,-0.00032760575,-0.00017040223,0.00017037801,-0.0006014183,-0.00032679737,6.3739717e-06,2.0482927e-05
CNR1,-0.0005956013,-0.0013404936,-0.001117453,0.00030096155,-0.00324329,-0.00020919647,0.00065822154,6.833649e-05
PODXL,-0.00015109591,-0.00073784404,-0.00042792223,-4.2585656e-05,0.0008091107,-2.335012e-05,0.00031359214,3.0168798e-05
CA8,-0.00013448298,-0.00014147907,-5.228445e-05,9.456463e-05,-7.485598e-05,-0.00014711404,-4.678592e-05,1.3043755e-05
ASB6,-4.104525e-05,-0.0001624953,-4.3071806e-05,5.195476e-05,-0.00023917109,-0.0001213816,-2.1373853e-05,1.1199387e-05
QPCT,0.00051553175,0.00068598986,0.0006767884,-0.00011915341,0.00016202033,0.00022721943,-0.00040149596,-3.2822485e-05
RASSF9,-2.1865591e-05,-0.00021413155,-9.479374e-05,2.161786e-05,-0.00013852865,1.1461787e-05,5.4445118e-05,1.1332566e-05
MAGEE2,0.000113621354,-5.4724514e-06,0.000113572925,-1.9644387e-05,-0.00058960915,-1.809001e-05,-7.6870434e-05,4.48199e-07
USP8,0.00025300682,-0.00026462413,0.00017692521,-0.0003404077,0.0024867505,0.00023768004,7.906556e-05,-5.2269315e-06
MCAT,-5.9176236e-05,-0.00028904714,-0.00016366318,-3.6316924e-05,-0.0013099611,0.00015477464,0.00018761121,1.0654097e-05
NTSR1,0.00015862659,-5.8801845e-05,0.00018245168,-0.0001371419,-8.969009e-05,7.0462e-05,-4.1991472e-05,-2.895249e-06
SCG2,-0.00039293803,-0.001413621,-0.0012100674,0.00024013221,-0.0011859164,1.2512319e-05,0.00076485984,6.877165e-05
GTDC1,0.00011433661,7.882714e-05,0.00025351346,-5.6690536e-05,0.0020785332,-7.229205e-05,-0.00018296111,-5.015172e-06
C16orf71,-0.00021882728,-0.0004559718,-0.00031010062,0.00010203477,-0.00051049143,-0.000114357565,0.00016845763,2.2949534e-05
RAB24,0.00016185455,0.00026603974,0.00037023798,-5.073659e-05,0.0014165193,-2.6207417e-05,-0.00025939103,-1.1369702e-05
ABRAXAS1,0.00059634075,0.0004372634,0.0007856861,-0.00038565975,0.0033211634,0.00024103653,-0.0003580125,-3.6465586e-05
TTPA,8.393079e-06,-0.0003440492,-6.4231455e-05,-0.00012189057,0.00011936575,8.195359e-05,0.00013122242,8.741394e-06
ADGRG3,-3.286451e-05,-0.000316998,-0.00014301948,3.3169053e-05,-7.814914e-05,-3.1911768e-05,7.424038e-05,1.558126e-05
TSFM,0.00015615113,0.00027997792,0.0005140323,-0.000150932,0.002447404,-7.53412e-05,-0.0003181221,-1.7701765e-05
GOT1L1,-0.00021708943,-0.00048895366,-0.00036055222,0.00012257323,-0.0011222437,-8.885935e-05,0.00019481964,2.6362599e-05
KRT37,-0.0002197437,-0.0004947074,-0.0003656894,0.00012381654,-0.001090534,-9.2295e-05,0.0001967214,2.6700902e-05
MYLK4,-0.00014956854,-0.00029822066,-0.00019984692,0.0001284955,-0.0009356886,-0.00013215467,6.7611225e-05,1.8330291e-05
CDK3,0.00048685074,0.000647841,0.0008507166,-0.00036716368,0.003142111,0.00032254588,-0.00039355922,-4.189508e-05
MAPK11,0.00026609004,6.685592e-05,0.00016143732,-0.00013096072,0.0017664135,0.00015932787,-6.321259e-05,-4.22867e-06
CYP2A7,-0.0002459269,-0.00050007924,-0.00038342178,0.00014915131,-0.000952594,-0.00013504364,0.00018425006,2.8596143e-05
GPR153,0.00020010583,-0.00022255257,-6.0956925e-05,-1.2294389e-05,0.00073426217,7.897429e-05,3.851112e-05,9.67714e-06
RER1,-3.9787963e-05,-0.00013593957,-5.5527315e-05,2.8761104e-05,-0.00091063976,-4.8817135e-05,1.5621074e-05,1.0246062e-05
ANGPTL3,-0.00012084842,-0.00039613806,-0.00025760382,4.7942623e-05,-0.0010088757,-9.587966e-06,0.00017002039,1.9439845e-05
TSPYL2,0.00018560886,0.00038332678,0.00044170208,-4.114583e-06,0.0017477795,-0.00010066852,-0.00035940204,-1.4046091e-05
PNMA8B,3.1590462e-06,-0.00012263842,3.4183264e-05,-3.8710423e-05,0.00017410517,-1.5592203e-05,-4.3120235e-06,4.971749e-06
GTF2H3,5.3212047e-05,-6.511249e-05,-7.99112e-05,0.00010311417,-0.0010165498,5.112216e-05,7.740222e-06,9.064097e-06
GDPD1,4.9697235e-05,6.417744e-05,0.00012166053,-2.1074899e-05,0.0003805533,0.000115987845,-5.5655837e-05,-2.1688174e-06
PCDH1,0.00030259416,0.000442395,0.00047382154,-8.369703e-05,0.0008595437,0.00020078663,-0.00027332548,-2.2294e-05
GPN1,0.00060425885,0.0003304407,0.0006321985,-0.0004240265,0.0014738962,0.00044128392,-0.0001851609,-3.1940057e-05
LDHB,-0.00021127053,-0.00051951036,-0.00037621893,0.000103538856,1.2792647e-05,-3.8599595e-05,0.0002154233,2.6764232e-05
TNFSF13,-0.00019478984,-0.00048551336,-0.00034873,0.00010562129,-0.0009916872,-6.7132525e-05,0.00019750651,2.5397632e-05
PI4K2A,0.0003310535,0.00025964156,0.00030058995,-7.320102e-05,0.0008946806,0.0001518717,-0.00018482935,-1.1358992e-05
NSFL1C,-0.0002547484,-0.00033523515,-0.00013411045,8.226931e-05,0.00030985475,-0.00025520893,1.1541881e-05,1.9780593e-05
ANKRD9,-1.4457852e-05,0.00010375492,3.3844262e-05,0.00012161117,-0.0011125952,-9.498466e-05,-0.00010467414,3.8781436e-06
ZNF496,-4.279241e-05,-0.00023263693,-7.4984506e-05,-7.431023e-06,-0.000986293,-1.0933727e-06,7.3667616e-05,9.569339e-06
FAM172A,0.00028170832,0.00045088492,0.0005085021,-0.000102263875,0.00203754,1.4234334e-05,-0.00034227502,-2.063706e-05
RNF130,-1.2762845e-05,-0.0005484801,-0.00033713505,-6.788038e-05,0.00012240559,0.00011134893,0.0002903724,2.1415646e-05
ADPRHL1,-0.0001249779,-0.0002962984,-0.00021946989,0.00011383183,-0.0007093027,-0.00011931546,7.0089474e-05,2.0224601e-05
CYP2A6,-0.00022664294,-0.0003505461,-0.00030464493,0.00018294062,-0.0008340776,-0.00011936901,0.000113727525,2.3181085e-05
STAM2,0.00030243956,0.00025582127,0.00045071915,-0.00025049224,0.002498731,0.00017896574,-0.00019687321,-1.8935883e-05
PTGIR,-0.00021708943,-0.00048895366,-0.00036055222,0.00012257323,-0.0011222437,-8.885935e-05,0.00019481964,2.6362599e-05
ZFYVE27,-2.8396025e-05,0.00010700524,4.5148656e-05,0.000116403215,-0.00090046227,-2.7092174e-05,-0.00010091346,3.7091086e-06
DHH,-5.300343e-05,-0.00021116436,-6.767176e-05,1.4476478e-05,0.00058822334,-1.6204081e-05,3.2804906e-05,1.0442105e-05
SLC30A10,0.0004032068,0.00035421178,0.00047433004,-0.00015498418,0.0007082969,0.00019986928,-0.00024460908,-2.1706452e-05
PYCR1,-0.00018247776,-0.00026633032,-0.00018260442,7.0878305e-05,-0.0014677718,-0.00012694066,7.661898e-05,1.8164283e-05
ZNF461,0.00021362118,0.00035454705,0.00043779984,-0.00017653592,0.00022125244,0.0001995368,-0.00017652567,-2.2541499e-05
FAM151A,-0.00021708943,-0.00048895366,-0.00036055222,0.00012257323,-0.0011222437,-8.885935e-05,0.00019481964,2.6362599e-05
FAM78A,3.9916486e-06,-0.00034667365,-0.0002652444,6.564055e-05,-0.00088817626,0.00010068901,0.00018006377,1.7414102e-05
EXOSC2,0.00023849495,5.891733e-05,0.0003121011,-0.00013635308,0.0017034635,-4.7301874e-06,-0.00017472636,-8.6227665e-06
UFD1,-1.3679266e-05,-7.2920695e-05,7.269718e-05,-1.7890707e-06,0.0006431043,-0.000108939596,-7.766858e-05,5.372567e-06
HAO1,-0.00021708943,-0.00048895366,-0.00036055222,0.00012257323,-0.0011222437,-8.885935e-05,0.00019481964,2.6362599e-05
WISP3,-0.00021708943,-0.00048895366,-0.00036055222,0.00012257323,-0.0011222437,-8.885935e-05,0.00019481964,2.6362599e-05
GFRA3,7.559359e-05,-7.2646886e-05,0.0001532659,-7.7653676e-05,0.0011081174,-4.3218955e-05,-9.127613e-05,9.704381e-07
ZNF549,0.00011206791,-0.00028293394,0.00017372519,-0.00024590176,0.0010839105,8.0561265e-05,3.1149015e-05,-1.2852252e-06
JMJD4,0.00014608167,-0.0002540704,4.8853457e-05,-0.00023742486,0.000730522,0.000190299,0.00011972338,1.0714866e-06
DCAF17,-5.5018812e-05,-4.118122e-05,-2.1085143e-06,0.00011662673,-0.0004153177,-0.00017811824,-8.62591e-05,8.881558e-06
PTX4,-0.00021708943,-0.00048895366,-0.00036055222,0.00012257323,-0.0011222437,-8.885935e-05,0.00019481964,2.6362599e-05
KRT34,-0.00064659305,-0.00089243054,-0.00079189986,0.0003819298,-0.0018047467,-0.00050657056,0.00031070132,5.522184e-05
MPND,-2.2312626e-05,-0.00047906302,-0.00022517331,-1.1511147e-06,0.0019301921,-0.00012849877,0.000119890086,2.0660344e-05
ZNF330,-0.00011981465,4.675612e-05,0.00015497394,5.211681e-05,0.001300782,-0.00019360334,-0.00017789472,2.0619482e-06
RIOX2,0.00045465305,0.00065180287,0.0008841641,-0.00028822664,0.0034018233,8.669682e-05,-0.0005046418,-3.9335806e-05
SLC22A9,3.9404258e-05,-0.00018798374,-2.1064654e-05,-2.2910535e-05,1.2241304e-05,1.4564022e-05,3.0267984e-05,7.1610557e-06
STRIP2,0.00029462762,0.00049924105,0.00047437288,-7.457193e-05,-0.00083225965,0.00022932235,-0.00026171748,-2.3810891e-05
ENTPD3,8.070655e-05,0.00017225184,0.0002793111,-2.6570633e-06,0.00075346977,-9.240117e-05,-0.00023239385,-4.882342e-06
PSME4,0.0001629144,1.7944723e-05,1.0151416e-06,-4.1387975e-06,-0.0019309446,0.00025749765,5.7201833e-05,2.0884909e-07
PALM3,-7.083826e-05,-0.00036359392,-0.0002593901,0.00010285713,-0.0005703941,-5.5730343e-05,0.00012559444,2.042076e-05
PGBD5,0.0002623368,0.00013124943,0.000106461346,-7.778406e-05,0.0018737242,0.0002739178,-2.7838163e-05,-5.10097e-06
LRRC31,7.78418e-05,7.830374e-05,0.00011523254,3.3023767e-05,0.00060759485,-3.8333237e-06,-0.000121164136,3.8417056e-07
SLC25A19,0.00039939024,0.0003776867,0.0006324332,-0.0002305042,0.0021182746,9.464752e-05,-0.0003484795,-2.4741981e-05
MLLT3,-0.0004227478,-0.00059566833,-0.00049255043,0.00015422609,-0.002187699,-5.19529e-05,0.00030634366,3.194972e-05
MLF1,0.00013037771,-0.00012140535,4.4435263e-05,-8.801464e-05,0.00022410601,0.00011315383,2.3682602e-05,2.5645131e-06
ODF2L,8.295104e-05,-0.0001119487,0.00015571341,-0.00011042785,0.0017350465,5.294569e-06,-5.625747e-05,-8.0349855e-07
ZNF383,0.00023583695,0.00035969168,0.00045317598,-0.00012905244,0.0014928803,9.92734e-05,-0.0002626693,-1.8734136e-05
TMEM175,0.00016795099,1.5944242e-05,0.00012801401,-0.00010385364,-1.039356e-05,0.00025407597,-9.275973e-07,-3.901194e-06
USP51,0.0006899554,0.00067803636,0.0008588061,-0.00038848072,0.0034979135,0.00041533262,-0.00038026925,-4.5192428e-05
PARD6A,0.00036141835,0.00042933226,0.0005239267,-0.00011086278,0.0027369186,4.7972426e-06,-0.00036813226,-1.9677798e-05
LRRC28,0.00051192567,0.00063637085,0.00079833344,-0.00031025708,0.0035810694,0.00022571255,-0.00042163115,-3.7809485e-05
ACTRT3,2.3137778e-05,4.5677647e-05,0.00025085174,-0.000106538646,0.0009793192,-1.8971972e-05,-0.00012445729,-6.6729262e-06
RP9,-9.483658e-05,-7.8955665e-05,-4.110858e-06,0.00010097772,-0.0001417622,-0.00016157096,-8.239411e-05,1.0440825e-05
PRDM11,0.00047324412,0.0006936826,0.0008216668,-0.00034219027,0.0020911023,0.0003186157,-0.00037280377,-4.2989734e-05
HOXB4,-6.5485016e-05,-0.00023975223,-0.0001638867,9.6468255e-05,-0.0007496327,-3.71933e-05,6.208196e-05,1.5398255e-05
POLR2A,-4.4917688e-05,-0.00039555132,-0.0002970714,3.4169294e-05,-0.0012127161,0.0001128139,0.0002221046,2.0236475e-05
POLR1A,0.00018873625,6.8956986e-05,0.00022133626,-4.834961e-05,0.0012810379,-7.219892e-05,-0.0001697978,-3.9912993e-06
SNX32,0.00018376298,0.00019229017,0.00025226176,-5.534757e-05,0.0015128404,9.2474744e-05,-0.00015861075,-8.992734e-06
DPEP3,-0.00023069791,-0.00062318146,-0.00041391328,4.510861e-05,-0.0008320585,1.79559e-05,0.00029923208,2.8001843e-05
IFT52,-0.00031759404,-0.0008753948,-0.00072528794,0.00017423462,-0.00075957924,-9.7567216e-05,0.00041411538,4.691712e-05
SYT12,0.00016938336,6.146729e-08,0.00012667663,-4.3326057e-05,0.00024057925,8.248165e-05,-6.19553e-05,-1.4953548e-06
GPRC5D,-0.00021708943,-0.00048895366,-0.00036055222,0.00012257323,-0.0011222437,-8.885935e-05,0.00019481964,2.6362599e-05
SLC22A18,-0.00028519705,-0.0005303845,-0.00045060553,0.00019381754,-0.0019887984,-0.00011947518,0.0002228627,3.166357e-05
MAGEL2,0.0008096937,0.0006488636,0.0008674022,-0.0005301954,0.0020232573,0.0006437171,-0.00028020795,-4.7186506e-05
EFCC1,-0.0005589295,-0.0010625273,-0.00082830526,0.00021470897,-0.0032583028,-0.00029833708,0.000498347,5.0925068e-05
METTL2B,0.00043516234,0.00038859993,0.000642024,-0.00030950923,0.0020307377,0.00025549065,-0.000276112,-2.9371586e-05
KCTD18,1.2094155e-05,-0.0002678968,-9.275414e-05,-3.2474287e-05,0.00019580871,0.00010348298,9.335484e-05,1.0263058e-05
L1CAM,-0.0005134735,-0.0007847864,-0.0006000344,0.00025150366,-0.000392735,-0.00035403902,0.00026488584,4.401186e-05
TLR6,3.3950433e-05,-0.00024179369,-0.00011520274,-2.6143156e-05,0.00014705211,0.00014801975,0.00011423975,1.0472839e-05
PLIN1,-0.0002123192,-0.0003975872,-0.00028548017,0.0001406502,-0.0010842755,-0.00015486637,0.00012435764,2.2861524e-05
U2AF2,-3.1007454e-05,-0.0003240835,-0.00020962954,8.1490725e-07,-0.0011914,3.9748847e-05,0.00015889574,1.6895356e-05
ZNF620,0.00032556988,0.0004634261,0.0005765371,-0.00022155885,0.00070242584,0.00017865002,-0.00029224996,-2.465176e-05
ZNF248,2.6078895e-05,-0.00041414052,-6.695464e-05,-0.00021564122,0.0008701682,0.00016973168,0.00020246301,6.604241e-06
USP12,0.00052302144,0.0006984398,0.00071537495,-0.00014810916,0.0010907426,0.00020273216,-0.0004398534,-3.2543903e-05
ZBTB8B,0.0002320148,0.00045870803,0.0005575828,-9.610411e-05,0.0021520555,4.3474138e-05,-0.0003661206,-2.2382941e-05
LYSMD3,0.00014645606,0.00021364167,0.00030493364,-2.2459775e-05,0.00055252016,-3.4142286e-06,-0.00021511037,-9.173062e-06
MPV17L2,-0.00038733706,-0.00032062829,-0.00022931956,0.00020036753,-0.0023866296,-0.0003503668,4.0508807e-05,2.2416236e-05
CHD7,-0.0002865456,-0.00042071193,-0.00025910325,0.00014581252,-0.001071319,-0.00019688159,9.652041e-05,2.4400302e-05
GPR176,0.00049798563,0.0007911287,0.00085088424,-0.0002843039,0.0032148287,0.0003230609,-0.00044844393,-4.314375e-05
CD55,0.00041152537,0.0002088584,0.00056440756,-0.00037797354,0.0015050396,0.00029464904,-0.00017109048,-2.5829766e-05
RNF165,-0.00052652694,-0.000932293,-0.000857709,0.000267501,-0.002096139,-0.00015618699,0.00047799852,5.3349067e-05
TNFSF11,-0.00023607723,-0.0005309973,-0.0004123561,0.00013630465,-0.0012777373,-8.9603476e-05,0.0002241265,2.9020244e-05
ATXN3,-1.6121194e-05,2.07033e-05,4.5245513e-05,5.0973147e-05,0.0007392466,-3.6696903e-05,-8.4327534e-05,4.510279e-06
MBIP,-0.000175355,2.8183684e-05,0.00011258945,0.00013488065,0.0014224872,-0.000292541,-0.00021391269,5.9847953e-06
PDP2,0.0002818331,0.00019915216,0.00038685463,-0.00019754283,0.0010251403,0.00018745102,-0.00015633833,-1.6335165e-05
CBX2,9.615533e-05,-0.00016821921,0.00016761199,-0.00017371401,0.0023914576,-6.4351596e-05,-7.2709285e-05,2.971501e-06
SLC9A3R2,-0.00018843077,-0.00033955276,-0.0001397524,2.8579496e-05,0.0007186681,-0.0001746146,6.3394196e-05,1.592806e-05
ANGPT1,0.00021129847,-0.00049189106,-0.0003755074,-0.00011454057,-0.0019389018,0.0005019782,0.0004140865,1.7088722e-05
BBC3,0.0005122237,0.00030878745,0.0005583279,-0.00032316148,0.0016475692,0.00028995145,-0.00021034945,-2.6224181e-05
C9orf50,-0.00020071678,-0.0003693886,-0.00028369948,0.00015234295,-0.0005758926,-0.00015263027,9.6045434e-05,2.457574e-05
CYP4Z1,-0.0001336392,-0.00029830076,-0.00019603968,7.529557e-05,-0.00029215217,-6.90585e-05,9.094365e-05,1.7123413e-05
FASTKD3,9.389967e-05,0.00019093603,0.0002653133,-6.6822395e-06,0.0005035028,-6.847177e-05,-0.00021227542,-5.9803715e-06
PAFAH2,0.0002296418,2.553314e-05,0.00022514164,-0.00017995574,0.0009439662,0.00018075574,-4.6887435e-05,-8.54081e-06
MPPE1,0.00058635697,0.0006016679,0.00072061457,-0.00033850782,0.0008298978,0.00043950975,-0.00027522352,-3.9282953e-05
TSPAN2,-0.000495838,-0.00085372664,-0.0005623121,0.00015693065,-0.0012212992,-0.0004003332,0.0002877945,4.3137232e-05
AAMP,-8.725189e-05,-6.776489e-05,3.228523e-05,4.5859255e-05,-0.00040154904,-0.00011417549,-6.230734e-05,6.7551155e-06
GPR83,-4.565157e-05,-0.00030680373,-0.00021297857,2.7135946e-05,-0.0008287728,5.1132403e-05,0.00014715176,1.5994301e-05
RERG,-0.00030444376,-0.00095251575,-0.00057486445,-5.5258162e-05,-0.005606875,2.8809533e-05,0.0005522752,3.3279066e-05
LCOR,-1.144968e-05,-8.332543e-05,-3.8705766e-06,8.202903e-05,3.1128526e-05,-0.00011381367,-7.2596595e-05,9.617186e-06
ZNF324B,0.00026169606,0.00027684122,0.00042498112,-0.00011589285,0.001592055,8.616783e-05,-0.00024558883,-1.710048e-05
PCGF5,0.0005244836,0.0007026959,0.0007665586,-0.00029396452,0.0025024936,0.00040953048,-0.00037244055,-3.993523e-05
SNF8,0.00048185326,0.00035763532,0.00043442287,-0.00023948215,0.0009704307,0.00035028625,-0.00016437005,-2.1842541e-05
GCLC,0.0003307499,0.000436455,0.00051522255,-0.00013586413,0.002171211,6.8462454e-05,-0.0003218064,-2.2132881e-05
ZNF511,-0.00022919662,-0.00045217574,-0.00028309226,6.1111525e-05,-0.0018147752,-0.00012687454,0.00017624442,2.3124507e-05
A4GALT,-2.9746443e-06,-0.0001217071,2.072379e-05,-1.6577542e-07,-0.00018437952,1.8042512e-05,-5.6978315e-06,5.218084e-06
SEPHS2,0.0003500171,0.00032019988,0.0005341247,-0.0001920797,0.0023611113,2.2527762e-05,-0.0003163824,-1.9245897e-05
CCNE1,0.00041186437,0.00031172857,0.00044108927,-0.00022844691,0.0010517165,0.00031586178,-0.00017672125,-1.950434e-05
IYD,-0.00031217,-0.00045007467,-0.0004072208,0.00024058297,-0.0010671318,-0.00024842238,0.00013509858,3.1202682e-05
C2orf81,6.5378845e-07,-3.937818e-05,-3.7649646e-05,9.132363e-05,4.3570995e-05,-3.893487e-05,-4.5422465e-05,9.54594e-06
TMLHE,0.0002874434,0.00045417622,0.000599755,-0.00015968736,0.0010005534,0.00010855589,-0.00034166966,-2.5083544e-05
CYP8B1,0.00016222894,2.0079315e-06,0.00019189715,-0.0001378553,0.0018331707,0.00012225192,-6.6716224e-05,-4.9625523e-06
THUMPD2,-3.4332275e-05,-5.0246716e-05,7.264316e-07,8.3139166e-05,0.00017759204,-0.00010891864,-7.413514e-05,8.586678e-06
AADAT,-7.2125345e-05,-0.00024670362,-0.00014904328,1.1970289e-05,-0.001839906,3.7763268e-05,0.00012970157,1.2305914e-05
MDH1B,0.00031480007,0.000633711,0.00084819645,-0.00023876596,0.0026006997,3.6636367e-05,-0.000488664,-3.8143946e-05
COL21A1,5.0075352e-05,-2.2500753e-06,0.000103445724,-2.8686598e-05,-6.2189996e-05,0.00010250509,-3.7064776e-05,-8.707866e-07
C10orf68,-0.00021708943,-0.00048895366,-0.00036055222,0.00012257323,-0.0011222437,-8.885935e-05,0.00019481964,2.6362599e-05
ZNF783,0.00014775619,0.00029822998,0.00035490096,-1.6544014e-05,0.0018508583,-0.00010127667,-0.00028990116,-1.1165743e-05
FYB2,-0.0003527589,-0.0005387962,-0.00052418374,0.00024287403,-0.0034743547,-0.00011895783,0.0002665799,3.4260564e-05
C9orf64,-4.615262e-05,2.136454e-06,0.0001043044,4.034862e-05,0.00038541853,-0.00012761448,-0.00011549797,1.9303989e-06
ABHD6,-0.00022044405,-0.00060235336,-0.00044048764,0.00014403462,-0.0030197054,-0.0001607323,0.00025261287,3.1006755e-05
GRASP,0.00048089772,0.00026044808,0.0004355237,-0.00027094316,0.0007300526,0.00038927235,-0.00012161117,-2.2598659e-05
ZNF257,5.286932e-05,-0.00011998601,-1.0903925e-05,-2.4242327e-06,-0.0017655864,5.0703064e-05,4.054513e-05,4.6055065e-06
KRT222,0.00041382574,0.0007458888,0.0007661283,-0.00012737606,-0.0011431947,0.0002511246,-0.0004292382,-3.6559417e-05
PAAF1,-9.7488984e-05,-0.00013055652,-3.3119693e-05,6.7963265e-05,-0.0007795319,-0.00015685381,-3.2978132e-05,1.0777963e-05
PFKL,-0.00031008013,-0.00037528388,-0.00018801354,9.3404204e-05,0.00036696345,-0.00021628942,6.420817e-05,1.986185e-05
MYCN,-4.403107e-05,-0.00021784939,-0.00010897964,6.5209344e-05,0.00035771728,-0.00014786469,-1.9324943e-06,1.4773221e-05
ELF4,-1.9831583e-05,-0.00020846911,-0.00013906509,4.8409216e-05,-0.00024037808,4.7639012e-05,7.5638294e-05,1.2703822e-05
ABHD1,-0.00019198097,-0.0004901178,-0.00037516654,0.00013468042,-0.0011781156,-0.000112302136,0.00018466823,2.825656e-05
XBP1,9.1046095e-05,-0.00013823062,0.000106101856,-0.00014937762,0.0009873137,7.17761e-05,1.5217811e-05,-4.0361192e-07
LRP5L,0.0003440883,0.0005064998,0.00058299117,-0.00013674982,0.0028677434,0.00011236407,-0.00036449637,-2.578157e-05
HTR3D,-0.0002197437,-0.0004947074,-0.0003656894,0.00012381654,-0.001090534,-9.2295e-05,0.0001967214,2.6700902e-05
ADAL,0.00025357306,0.00025693513,0.00042740256,-0.00013186038,0.0019395873,-2.2812746e-05,-0.00027316716,-1.3415702e-05
HOXD4,-0.0002379939,-0.00049456954,-0.00037252717,0.00013651606,-0.0012861043,-0.000102833845,0.00019626133,2.7157716e-05
ZFP69,0.0001344569,0.00019126385,0.0001866743,5.8696605e-05,-0.0012058169,-1.4808029e-05,-0.00016663503,-4.069181e-06
MYBPHL,-0.00014760345,-0.00028317794,-0.0002044402,0.00011381693,-0.0009457469,-6.35311e-05,8.828845e-05,1.7470215e-05
GDF9,0.00020709075,0.00026812963,0.00032475963,-6.78068e-05,7.021427e-05,0.0001248736,-0.00018704962,-1.2417673e-05
CYP21A2,-6.3907355e-05,-0.00014023855,-6.0344115e-05,9.3559735e-05,-0.00033884495,-9.5059164e-05,-2.2293068e-05,1.1119526e-05
HAAO,-0.00032871775,-0.0003794022,-0.00020807423,0.00014206674,-0.0017946213,-0.00025808532,7.710047e-05,2.0834967e-05
ERVFRD-1,-2.6574358e-05,-0.00018195622,-8.0412254e-05,4.885532e-05,-0.0005988851,2.2631139e-05,3.834814e-05,1.0458287e-05
EPHX4,-8.903444e-06,-4.4966117e-05,7.6709315e-05,-2.1662563e-06,0.00093089044,-3.625173e-05,-7.1329996e-05,2.9769726e-06
ZNF726,0.00044648536,0.00037145615,0.00058054924,-0.00037170295,0.0016549453,0.00037066825,-0.00019599777,-2.7276808e-05
RTBDN,-0.00025573373,-0.00057552755,-0.0004991833,0.00019371789,-0.00079624355,-0.00017784256,0.00022550765,3.4869066e-05
PCMTD2,-1.8911436e-05,-0.0003765691,-0.0001037959,-9.5658004e-05,0.00045802444,8.692499e-05,0.00013819616,1.2660166e-05
SF3B4,0.00018415041,0.00014626421,0.00031225197,-0.00015499815,-0.00046689063,0.00016687624,-0.00010907557,-1.1445023e-05
USP25,8.722767e-05,0.000245722,0.0002256427,-1.1251308e-05,0.0010170788,8.069165e-05,-0.00016273651,-7.0253154e-06
SAG,-0.00020991638,-0.000495065,-0.00036840327,0.00011943001,-0.001070559,-8.030608e-05,0.00020110793,2.6696594e-05
ZIC3,-0.00052379817,-0.0009587426,-0.00086806156,0.0003024852,-0.0029036924,-0.00015385449,0.00048241485,5.2382704e-05
CAMKMT,-0.0002686251,-0.00040226616,-0.000345869,0.00015152525,-0.0012898967,-0.00014913827,0.00014418084,2.8053299e-05
DGLUCY,0.0004698597,0.0002766028,0.0004453417,-0.00030049123,0.000665009,0.00036773086,-0.00012522843,-2.1939864e-05
ODC1,2.8125942e-07,-0.00032432564,-0.00022805482,6.215647e-06,-0.00042770803,0.00011975225,0.00016918499,1.6743783e-05
ZNF717,0.00022362918,0.00015531853,0.00038491376,-0.00021720864,0.0017550588,0.00011988729,-0.0001604585,-1.4351448e-05
PTPN14,-4.079193e-07,7.607229e-05,0.00037011132,-7.884018e-05,0.0018539354,-0.00023877155,-0.0002572937,-9.550131e-06
MBLAC2,0.000376679,0.000718005,0.0009219106,-0.00019493233,0.0033086836,-2.2232533e-05,-0.0005754037,-4.1923602e-05
HSPB2,-8.608587e-05,-0.0004554484,-0.0003865827,0.00011280831,-0.000723131,-5.1372685e-05,0.00019653607,2.7733739e-05
GNMT,0.000152627,6.4319e-05,0.00017536059,-9.4137155e-05,0.0007438287,0.00016466621,-5.7448633e-05,-5.8267033e-06
VAX2,-0.00014436245,-0.0002550315,-0.00015070103,7.5836666e-05,-0.0012064204,-6.3823536e-05,7.3984265e-05,1.5030615e-05
PNLIPRP3,-0.00019346736,-0.00047963113,-0.0003487803,0.00010982528,-0.00095964223,-7.0766546e-05,0.0001923209,2.559449e-05
TBC1D13,-2.707541e-05,-0.00021583214,-0.00011366606,-5.912967e-06,0.00026404858,-1.07185915e-05,5.675573e-05,1.3519195e-05
AQP4,-0.00035960414,-0.0009716097,-0.0009694882,0.00022923201,-0.0023669899,1.9493513e-05,0.00057677366,5.520077e-05
STX1A,8.525327e-06,-0.00010127388,1.6352162e-05,4.0295534e-05,0.00027870387,-3.564637e-05,-4.4231303e-05,6.7439396e-06
ZBTB7B,-1.8812716e-05,-0.00024997257,-5.699508e-05,-8.9405105e-05,-0.00042974204,0.00015694275,0.0001340732,6.414135e-06
NDRG3,0.00010649674,0.00019458868,0.00021702237,-1.984369e-05,8.5011125e-05,7.243734e-05,-0.00014167931,-5.925889e-06
TMEM135,-9.2806295e-05,0.0003784392,0.00038651377,0.0001013726,0.0022250637,-0.00037110178,-0.0004235981,-6.934046e-06
SLC14A1,0.000177674,-9.961426e-06,7.791817e-05,-7.0702285e-05,0.0006717667,0.00015437137,-2.2954307e-05,7.649651e-07
H2AFY2,-0.00021708943,-0.00048895366,-0.00036055222,0.00012257323,-0.0011222437,-8.885935e-05,0.00019481964,2.6362599e-05
TM6SF1,-0.00012167171,-0.00025740266,-0.00021877512,0.00018459,0.0009843111,-0.00019670324,8.275732e-06,2.055266e-05
ZMAT1,6.328896e-05,-0.00018834323,5.3253025e-06,-5.3648837e-05,0.00031711906,6.395206e-05,4.014466e-05,4.3227337e-06
SMPD1,0.00022505969,0.00020153075,0.00035591982,-0.00018579513,0.001961857,8.235127e-05,-0.00017943513,-1.1941069e-05
MIP,-0.000153929,-0.0005808119,-0.0003650766,2.230145e-05,-0.0009062141,5.665701e-05,0.00027695298,2.4856068e-05
EBPL,9.6989796e-05,0.00017193519,0.00028096512,-2.988521e-05,0.0012219176,-5.275756e-05,-0.00021625776,-6.439048e-06
SP2,0.00014855713,0.00025313534,0.00032131374,-6.82259e-05,0.0002828315,6.788038e-05,-0.00019063521,-1.2020813e-05
LRIF1,-0.0002297461,6.0759485e-05,-5.19678e-07,0.00024836697,0.0009134039,-0.00038377242,-0.00022847671,1.5301513e-05
TRIM60,-0.00011204928,-0.00027367845,-0.000234887,0.00012012664,-0.00060360134,-6.324705e-05,8.578785e-05,2.0350562e-05
LIPN,-0.00021776743,-0.0004885476,-0.00035718642,0.00012246054,-0.0010557622,-9.596627e-05,0.0001906585,2.6322436e-05
STRN3,-0.00018633902,-0.00040101074,-0.00030031614,6.775372e-05,-0.0009186864,1.10678375e-05,0.00019022916,2.2140797e-05
ZNF34,0.00037115067,0.0006575193,0.00075795315,-0.00019973516,0.002205506,0.00010212883,-0.00044127274,-3.4851255e-05
TSPAN33,-6.740913e-06,-0.00022640079,-8.109957e-05,-6.0336664e-05,-0.00060977787,0.00010146387,0.00012713205,6.6541834e-06
DPM1,-0.00012909621,-0.0002966132,-6.607175e-05,-4.821457e-06,0.00038882345,-0.00012922613,3.525801e-05,1.3148878e-05
GPD1L,-0.00030514225,-0.00053846464,-0.00040251575,0.00015094876,-0.0028145164,-0.00013914658,0.00023525674,2.787658e-05
AADACL2,-0.00021351501,-0.0004910361,-0.00036090985,0.00011998322,-0.0010451749,-8.8229775e-05,0.00019525737,2.6401249e-05
DUSP7,0.0005703531,0.0007833019,0.000881372,-0.00024921168,0.0033414066,0.00019242801,-0.00052080397,-4.1400315e-05
PRL,-0.00046150386,-0.00095690973,-0.0008485969,0.00033414457,-0.00473544,-0.00016724132,0.00046003982,5.2854768e-05
TRMT61B,0.00040483288,0.0008149743,0.00090435706,-0.00015745591,0.0009717047,3.0720606e-05,-0.00058839004,-3.793952e-05
FAM131B,3.490597e-05,3.4753233e-05,3.810413e-05,0.00010940991,-0.00033140928,-0.0001371121,-0.00011691358,5.580834e-06
MRPS35,4.0935352e-05,0.00015999004,0.00037856027,-0.0001357263,0.0005771369,9.743497e-06,-0.00018360373,-1.2777629e-05
NDUFV3,-0.00021929294,-0.00037612207,-0.00031023845,0.00016824435,-0.0010839254,-0.00015982799,0.000119247474,2.5221263e-05
ZNF789,0.00015746616,-8.453615e-05,0.00013669766,-0.0001300145,0.002269335,4.4823624e-05,-4.9701892e-05,-1.2804521e-06
CTTNBP2,-0.00016807951,-0.0003033001,-0.00012502633,9.7257085e-05,-0.0001392886,-0.00017416803,2.8473325e-05,1.5509664e-05
UBFD1,-1.8274412e-05,-0.00047119148,-0.00018477067,-9.739958e-05,-0.00016256422,9.3222596e-05,0.0002070088,1.5630736e-05
SAMSN1,-0.00039622933,-0.000842914,-0.0007811915,0.00026304368,-0.0029679313,-0.00010598777,0.00045074988,4.643353e-05
MTHFD2,9.661354e-05,6.069243e-05,0.00022736378,-9.288918e-05,0.00017758459,9.736791e-05,-9.1757625e-05,-6.2533654e-06
B3GALT1,-0.0001947321,-0.00032308698,-0.00027328543,0.00013612956,-0.0014668554,-8.749589e-05,0.00012269057,2.12905e-05
B3GNT7,-0.00014322251,0.00012321025,0.0001686681,0.00013761595,-0.00025370717,-0.00032249326,-0.0002465481,2.4784822e-06
GJB4,-0.00021708943,-0.00048895366,-0.00036055222,0.00012257323,-0.0011222437,-8.885935e-05,0.00019481964,2.6362599e-05
ENTPD1,-9.557046e-05,-0.00035504438,-0.00022324547,-1.0620803e-05,-0.00013957918,9.1348775e-05,0.00018649269,1.5727594e-05
PDZD3,6.692484e-05,1.2278557e-05,0.00013124943,-4.0801242e-05,0.00036922842,8.870009e-05,-5.5117533e-05,-2.6398338e-06
GDF1,0.00054176897,0.00024780445,0.00040561706,-0.00029008742,0.0013737977,0.0003999574,-0.000100706704,-2.228748e-05
ZNF619,-6.064959e-05,-0.00014646351,5.2547082e-05,-1.4590099e-05,7.493049e-05,-0.00012826081,-4.2980537e-05,6.3842162e-06
ACP4,-0.00014530681,-0.00046987645,-0.00031873584,5.3905882e-05,-0.00068099797,5.303882e-06,0.00020885933,2.3180386e-05
SGO1,-2.6987866e-05,-0.00037564896,-0.00021134317,-0.00010129996,-0.00051161647,0.00024559442,0.00025720987,1.2827106e-05
ANKRD65,-0.00022231601,-0.00020834617,-0.00015921518,0.00016772002,0.0009324476,-0.0002113129,-1.8655322e-05,1.7701066e-05
PRMT6,0.00033224002,4.483387e-05,0.00021285377,-0.00022829045,-0.0012811869,0.00036510825,2.8572977e-05,-1.0104035e-05
SLC9B2,0.00014630891,0.0002670847,0.00029881485,-3.1556003e-05,0.0014197454,4.3253414e-05,-0.0002159113,-9.9006575e-06
GJB2,-0.00021803565,-0.000390701,-0.00032404624,0.00014567375,-0.0012826696,-8.885097e-05,0.00015408918,2.4184701e-05
PGBD2,0.00021817535,0.00020829774,0.00037909113,-0.00018604752,-0.00079942495,0.0001447266,-0.00013285223,-1.6302918e-05
GALR3,-0.00015717,-0.00036476552,-0.00025497563,8.827634e-05,-0.0010028705,-5.613547e-05,0.00014101155,1.9662548e-05
ZNF510,0.0003654696,0.00029508956,0.00034973957,-0.00013947394,0.0013944656,0.00024318602,-0.00017444324,-1.5743542e-05
ATF7IP2,0.00030028075,0.00025233068,0.0003466066,-0.000114883296,0.002217561,0.00016298238,-0.0001944201,-1.4778227e-05
SUDS3,5.5987388e-05,1.1660159e-06,0.00016881153,-2.0269305e-05,0.000686869,-4.98211e-05,-0.00012297835,-6.608898e-07
TMEM184B,6.049499e-05,-0.00010411814,-4.6901405e-05,4.7562644e-05,-0.00041508675,6.183982e-06,-3.164634e-06,8.410425e-06
CELA3B,-0.00020870939,-0.0004917085,-0.00036538392,0.0001186803,-0.0011062026,-7.7505596e-05,0.00020043645,2.6479946e-05
PPP1R32,-1.7093495e-05,-0.00035543367,-0.00031246617,4.1837804e-05,-0.000975959,6.445311e-05,0.00019946508,2.120412e-05
MYL6,-0.00025159866,-0.000678204,-0.0005190801,0.00015580747,-0.0006519258,-6.12326e-05,0.00029320735,3.4864293e-05
CRACR2B,-5.491078e-05,-0.00017475523,2.6114285e-06,-5.213544e-06,0.0011201054,-8.564256e-05,-1.9896775e-05,8.025207e-06
KLK9,-0.00021708943,-0.00048895366,-0.00036055222,0.00012257323,-0.0011222437,-8.885935e-05,0.00019481964,2.6362599e-05
HDHD5,-0.00015531108,-0.000189282,-0.0002488289,0.0001840014,-0.0012940913,-0.000121815596,4.3460168e-05,2.263335e-05
ZNF554,-5.8285892e-05,-0.00016951002,-5.134195e-05,2.5458634e-05,0.0013932809,-2.0659529e-05,7.0175156e-06,9.398325e-06
USP54,-0.00013662875,-7.8484416e-05,-9.0615824e-05,0.00018470269,0.0007022768,-0.00024770712,-0.00010093767,1.5256228e-05
ICAM3,-7.666647e-06,-0.0003002379,-0.00012595206,-6.324425e-05,0.00026991218,0.00015149079,0.00015090965,9.722658e-06
PLPP3,-0.00027047843,-0.00031456538,-0.00024202093,0.00017339084,0.00027437508,-0.00023947516,4.4832937e-05,2.1403073e-05
SLC22A24,-0.00021162629,-0.0004865732,-0.00035703555,0.000119164586,-0.001081422,-8.5116364e-05,0.00019404199,2.6134308e-05
SHCBP1L,-0.00023342669,-0.00049858354,-0.0003705714,0.00013063289,-0.0011661127,-0.0001041349,0.00019611884,2.7144444e-05
ZNF81,0.00021079741,0.00047544204,0.0005804822,-8.101016e-05,0.0013910457,-4.3515116e-05,-0.00038542133,-2.3478293e-05
FOXQ1,0.00016240962,-4.1866675e-05,-4.4083223e-05,6.3822605e-05,-0.001068823,0.00015337672,1.0123476e-05,6.6250795e-06
LEXM,-0.00020631403,-0.0004865881,-0.00035534054,0.00011578016,-0.000998795,-8.348934e-05,0.00019347761,2.6052585e-05
CCDC84,0.00020312332,0.00024081022,0.0003012009,-7.593911e-05,0.00030458719,0.00015154481,-0.00016652327,-1.0816031e-05
NLRP10,-0.00021708943,-0.00048895366,-0.00036055222,0.00012257323,-0.0011222437,-8.885935e-05,0.00019481964,2.6362599e-05
VSIG10,0.00017740019,0.00016786344,0.00019800104,-7.195212e-05,0.001605913,0.00013097934,-0.00012163352,-6.760005e-06
DRC3,0.00019011833,0.00047466904,0.0005500503,-4.759617e-05,0.0023941845,-3.420096e-05,-0.0003976198,-2.2048596e-05
PPP1R37,0.00029580854,6.408803e-05,0.00028057955,-0.00023033097,0.0023986623,0.00022135582,-7.9991296e-05,-9.25886e-06
DNASE1,0.00016015954,0.00015367381,0.00031547807,-6.0006976e-05,0.00039639324,-5.468633e-05,-0.00020556245,-8.845585e-06
CCDC96,0.00012937933,-0.0005142782,-0.0001638066,-0.00023678318,-0.00050266087,0.00023269933,0.00029446743,1.0503689e-05
CBARP,-0.000100066885,-0.00013823994,-4.8719347e-05,0.000101411715,-0.00073250383,-0.00010927161,-2.5529414e-05,1.04203355e-05
PPM1L,0.00038580783,0.0006592013,0.000682801,-0.0001511136,-0.00023052096,0.00023709703,-0.00037873257,-3.2280805e-05
PIP5KL1,0.00061397254,0.00026872195,0.0005315002,-0.00038012303,0.0016334578,0.00048692152,-0.00012354832,-2.822117e-05
TMPRSS11D,-0.00012158044,-0.0003969893,-0.00022526085,2.6760623e-05,-0.00068449974,1.1296943e-05,0.00016458798,1.8054736e-05
ZNF491,0.00015613437,0.00012244657,0.00031220168,-0.00010250602,0.00058843195,-4.6211295e-05,-0.00017411914,-1.0403921e-05
SERPINB8,-7.213466e-05,-0.00021729805,3.116578e-05,-0.00010966882,-0.00071991235,7.558521e-05,7.008761e-05,4.8121437e-06
TRAPPC10,0.000301335,0.00028346106,0.000380449,-0.0001809448,0.0012575164,0.00023254193,-0.00017766561,-1.5257974e-05
JRKL,-3.961101e-05,-0.00011015311,8.376129e-05,1.3607554e-05,0.000489302,-0.00019069621,-0.000103629194,6.815535e-06
WISP2,-0.00021708943,-0.00048895366,-0.00036055222,0.00012257323,-0.0011222437,-8.885935e-05,0.00019481964,2.6362599e-05
UNG,-0.00033169612,-0.00032760948,-0.00029919297,0.00016267598,-0.0026458055,-0.000109030865,0.00015306007,2.2411812e-05
DCP1B,0.0002539102,0.00016209297,0.000325948,-0.00017174799,0.00030495226,0.00016856845,-0.00012656022,-1.2327335e-05
MPPED1,-0.00032946654,-0.0004813075,-0.00047856383,0.00026023202,-0.00025209785,-0.00020378409,0.00018412806,3.140536e-05
COQ9,-0.0001126118,-0.0004726518,-0.00034876727,1.9344501e-05,-0.0018410087,6.0174614e-05,0.00027103815,2.2328924e-05
GSDMA,-0.00019140914,-0.00038513727,-0.00028712675,0.00013755541,-0.00122042,-0.00010480825,0.00013285223,2.2586319e-05
PINX1,0.00028177164,0.00059225224,0.00051819906,1.4226884e-05,0.0004746914,5.3096563e-05,-0.00038739946,-2.1689106e-05
RPS10,-7.669628e-05,3.4749508e-05,0.00011794455,7.022172e-05,0.0011311471,-0.0001356625,-0.00014988799,2.529472e-06
PQBP1,0.0002489481,0.00022776797,0.0003602095,-0.00013506971,0.00078048557,0.00013284385,-0.00018286798,-1.2904173e-05
PPM1H,0.00045709126,0.0005097985,0.0006318819,-0.00017182715,0.0010468513,0.00018864963,-0.00035814662,-2.8030481e-05
BRMS1L,0.0004472118,0.00043386593,0.00053052977,-0.00018642377,0.0015483052,0.00014077965,-0.00029711705,-2.281915e-05
HOXA11,-0.00021922402,-0.00048903376,-0.00036212988,0.00012973882,-0.0011825189,-9.846222e-05,0.00019116048,2.6568421e-05
VGF,-5.332753e-06,-3.1974167e-05,0.00020313449,-8.247048e-05,0.0012750551,-2.247002e-05,-9.314809e-05,-2.6697526e-06
ATG13,0.0003589224,0.00045383722,0.0005284324,-0.00017886981,0.0013073087,0.00021425448,-0.00028052274,-2.3330213e-05
STX18,9.166822e-05,-4.1114166e-05,0.000102285296,-6.2851235e-05,-0.00075716525,6.795116e-05,-2.6460737e-05,1.3598474e-06
BMP15,-0.00021708943,-0.00048895366,-0.00036055222,0.00012257323,-0.0011222437,-8.885935e-05,0.00019481964,2.6362599e-05
TTC29,-7.12201e-05,-0.00029384904,-0.000121226534,1.2079254e-06,0.00017209351,2.0900741e-05,9.0828165e-05,1.2215227e-05
BCL3,0.00010991283,0.00019043498,0.00018813461,7.128902e-05,0.0006798133,-3.9998442e-05,-0.00020207372,-2.634828e-06
TMEM43,0.00018956326,-0.0002744887,-5.5219978e-05,-0.00015413854,-7.6659024e-05,0.0002283426,0.00015001372,6.5064523e-06
TMOD3,-8.7272376e-05,-0.00039677136,-0.00018393435,-9.841286e-06,0.00019811839,-2.7502887e-05,0.00013600755,1.7248443e-05
FJX1,-0.00063508004,-0.001300646,-0.0011029523,0.00032566488,-0.0025342554,-0.00037115254,0.0005932832,6.868632e-05
ACOT9,0.00015615858,0.00026683323,0.000317337,-9.5603056e-05,-0.0005083084,0.00013200473,-0.00014755782,-1.40937045e-05
SPATA22,-0.00026407652,-0.0005497001,-0.00042638555,0.00015401747,-0.001288712,-0.00013135513,0.00021898467,3.0495808e-05
DECR2,-0.00031916052,-0.0004600566,-0.00040103123,0.00020440761,-0.00030192733,-0.0003166115,0.000119444914,3.2328768e-05
TNFAIP2,0.00027188472,0.00022666156,0.00034323335,-8.952804e-05,0.0022681653,6.674789e-05,-0.00021253433,-1.3581477e-05
MBNL3,0.00038577057,0.00036577508,0.0005637612,-0.00028135907,0.0021846443,0.000258144,-0.00024138112,-2.5951886e-05
RAP2B,1.8645078e-06,-0.00022382848,-9.432249e-05,7.322058e-06,-0.00071424246,4.7554262e-05,8.717738e-05,9.001582e-06
TTC22,-0.00019516051,-0.00047357567,-0.00033935532,0.00010964554,-0.0009251386,-7.7637844e-05,0.000185485,2.5181449e-05
MRPS27,1.0093674e-05,0.00024987012,0.00025734678,5.323626e-05,-6.830692e-05,-8.574594e-05,-0.000234331,-5.5716373e-06
PTGES2,0.00017096102,-7.2857365e-05,2.9919669e-05,-3.6115758e-05,0.00037065148,8.046068e-05,-1.206249e-05,4.099915e-06
ENDOU,-0.00015569106,-0.0003955774,-0.00027058274,9.0335496e-05,-0.0009376928,-4.7512352e-05,0.00015060697,2.1127285e-05
PARL,-3.64054e-05,-3.7882477e-05,0.00016378425,7.426366e-06,0.0012479872,-0.00021898234,-0.00016739871,3.0971132e-06
REXO4,8.963607e-05,0.000164859,0.00032780878,-2.1453947e-05,0.0018876716,-0.00015434064,-0.00026864652,-7.314142e-06
NDUFAF3,-0.00026495382,-0.0005281791,-0.00040726736,9.058323e-05,-0.00053150207,-9.92585e-05,0.0002335934,2.9145973e-05
ALKBH3,-0.00017150678,-7.411465e-06,-5.8880076e-05,0.00017385092,-0.0017683879,-0.00018354738,-6.770529e-05,1.1786469e-05
ZNF503,0.0002390761,0.00025743432,0.00046994537,-0.00023773685,0.0016412437,0.0001465464,-0.00019886065,-2.0448351e-05
CAMK4,0.00028586015,0.0005095601,0.00051752105,-0.00013018213,0.00016427785,0.0001789229,-0.00028011668,-2.4563516e-05
SEMG2,-0.00021708943,-0.00048895366,-0.00036055222,0.00012257323,-0.0011222437,-8.885935e-05,0.00019481964,2.6362599e-05
ADIPOR1,-0.00012509152,-7.1512535e-05,2.1904707e-05,6.015785e-05,-0.0017711967,-2.5494955e-05,-9.197742e-06,4.300615e-06
FAM57A,-0.00021708943,-0.00048895366,-0.00036055222,0.00012257323,-0.0011222437,-8.885935e-05,0.00019481964,2.6362599e-05
MSLN,-0.00013157539,-0.00048038922,-0.00028820336,9.49204e-06,-0.0002597794,2.02097e-05,0.00021312758,2.120668e-05
TRIM56,0.0001811888,-9.903498e-05,4.0322542e-05,-0.00011414755,0.0022179708,7.8822486e-05,-1.8612482e-05,5.7703583e-06
RNF212,0.00020228326,8.887611e-05,0.0001973249,-0.00011528283,0.00051404536,0.00023621507,-4.317891e-05,-8.524512e-06
SCO1,2.7358532e-05,-0.00023311004,-3.0973926e-05,-0.00018051825,-0.0011067316,0.00025581382,0.0001708772,5.227397e-06
PCDHB12,-5.1973388e-05,2.9936433e-05,0.00021085143,2.8545968e-05,0.00079945475,-0.00017614523,-0.00019050669,-5.833572e-07
RPS26,-2.0677224e-05,-0.00032465905,-0.00018741749,3.1553209e-06,0.00047840923,6.0098246e-05,0.00014096592,1.4832127e-05
SEPT14,-0.00021708943,-0.00048895366,-0.00036055222,0.00012257323,-0.0011222437,-8.885935e-05,0.00019481964,2.6362599e-05
ZNF436,-6.970018e-06,-8.9842826e-05,1.825206e-05,6.0632825e-05,0.00062356144,-0.0001104055,-7.9469755e-05,8.1703765e-06
ACOT2,-0.00023406558,9.892136e-05,-3.4008175e-05,0.00027964916,-0.0008424148,-0.0002519018,-0.00016108993,1.1411845e-05
ZNF513,0.0007382743,0.0008300245,0.0008986257,-0.00026377104,0.0027587637,0.0002626432,-0.0005322313,-4.176516e-05
CADM4,-0.00025805272,-0.00061798654,-0.0004217066,9.9440105e-05,-0.00043310225,-0.000107660424,0.00024095271,3.1278934e-05
SAGE1,-0.00021708943,-0.00048895366,-0.00036055222,0.00012257323,-0.0011222437,-8.885935e-05,0.00019481964,2.6362599e-05
RHAG,6.5399334e-05,-0.00018516928,-8.2701445e-07,-5.9681013e-05,0.00060687214,0.00010130275,4.4816174e-05,5.324022e-06
C11orf80,0.00038703345,0.00026847422,0.00035339408,-0.000190272,0.0009829774,0.00029486697,-0.00013308879,-1.679163e-05
TRIB1,0.00017547421,4.1259453e-05,0.00021766499,-0.00011127163,0.00014650077,7.016864e-05,-8.750986e-05,-5.687936e-06
MAGEE1,0.0004456602,0.0006348081,0.0006781947,-0.00020945165,0.0012570098,0.0003083814,-0.00034237932,-3.4882105e-05
AHSA1,-4.5437366e-05,-0.0002789218,-0.000114846975,-1.4825724e-05,-0.0008157566,4.689675e-05,0.00011158176,1.1828728e-05
GTF2F1,0.00029134564,0.00016836636,0.0003733579,-0.0002232166,0.0027566552,0.00016136747,-0.00016276632,-1.4289864e-05
PRRC1,0.00026340038,0.00030837208,0.00044725835,-0.00024224166,-0.00021656603,0.00027745496,-0.00015056971,-2.0025065e-05
TAL1,0.00042142347,0.00032167695,0.00032015517,-0.00013209973,-0.00074250996,0.0004352359,-0.00010103453,-1.73921e-05
FAM114A2,0.00014523603,0.000186285,0.00030637532,-4.5738183e-05,-0.0006251931,-3.4566037e-05,-0.00020236988,-8.092611e-06
STK33,0.00040137768,-0.0002462566,0.00023023598,-0.00038567,0.0029819682,0.00014756434,1.4508143e-05,-5.1641837e-06
CALB1,0.0001744423,-0.0002814848,0.00012809038,-0.00022241194,0.0028978735,9.0778805e-05,1.9471161e-05,4.156027e-07
SLC52A2,0.000117402524,-0.0002139248,-1.7335638e-05,-0.00010402687,-0.0015956685,0.00022264011,0.00013072416,3.498979e-06
ALX3,-0.00023346208,-0.00050489046,-0.00037922896,0.00012815464,-0.0012669712,-9.264052e-05,0.00020645466,2.7335249e-05
TSPAN18,0.00028146058,6.220676e-05,9.891018e-05,-4.734285e-05,-0.00073325634,0.00027737487,-1.7235056e-05,-2.795714e-06
NTHL1,-0.00036087446,-5.634874e-05,-0.00011783838,0.00027194992,0.0005626604,-0.0004516421,-0.00014567841,1.9192812e-05
PTCHD1,0.00043058954,0.00019315071,0.00030851923,-0.00032176543,0.0025256202,0.00048466865,-2.3039058e-05,-1.6942387e-05
KCNC2,0.00031248853,0.00029195845,0.0003070552,-0.00010525342,0.000116832554,0.00023821928,-0.00014183577,-1.4076359e-05
DNAJB1,-5.3321943e-05,-0.00031306595,-0.00020662509,4.0745363e-05,-0.00095558167,9.661261e-05,0.00015389454,1.5707454e-05
RANBP3L,-0.00035475753,-0.0004297085,-0.00040580519,0.0002378039,-0.0020837933,-0.00019862736,0.00016246643,2.8191018e-05
CCDC71,0.00022470206,-0.00016926229,7.6321885e-05,-0.00020257942,0.0006977841,0.00025220308,7.658824e-05,-3.1187665e-07
VASP,0.00035235286,0.0003950987,0.00053374283,-0.00024022907,0.00012523681,0.00023076776,-0.00023459364,-2.2913446e-05
GLT8D1,0.00014436617,0.00010773912,0.00025478564,-9.3630515e-05,0.0011568889,3.6911108e-05,-0.00014819857,-6.190967e-06
SLC5A5,-0.00031394511,-0.00072239153,-0.00052380934,0.00014083274,-0.00085408986,-0.0001517646,0.00028980244,3.678701e-05
RTN4IP1,0.00032039918,0.0006146915,0.00076791085,-0.00023377035,0.0006117448,8.45287e-05,-0.0004155347,-3.5212375e-05
MSANTD4,0.00020579807,4.4107437e-06,0.00019733049,-0.0001335917,0.0013372079,0.00011382718,-7.2638504e-05,-4.1608e-06
ZNF502,0.00016066432,0.00012077764,0.00025141984,-4.9220398e-05,0.00042823702,1.8685125e-05,-0.00014952291,-7.4087875e-06
SHISA6,8.508004e-05,-0.00024043955,-4.455447e-06,-0.00022258144,-0.0008425936,0.00037470553,0.00020983256,-5.537877e-07
PABPN1,0.00023923442,0.0005950816,0.000687208,-7.66376e-05,0.0020423904,-6.838329e-05,-0.0004832754,-2.7686241e-05
SPAM1,-0.00020870939,-0.0004917085,-0.00036538392,0.0001186803,-0.0011062026,-7.7505596e-05,0.00020043645,2.6479946e-05
ZBTB33,0.00026271865,0.0001651328,0.0004072804,-0.00020908471,0.0016432032,0.00017173402,-0.00015919749,-1.6814913e-05
C17orf80,4.4092536e-05,-9.099022e-06,2.4775043e-05,4.113838e-05,6.41495e-05,-7.062312e-05,-8.3849765e-05,7.1113463e-06
ABR,-0.00027849153,-0.00051712804,-0.0005282685,0.00029066578,-0.002048768,-0.00015995139,0.00020511169,3.70224e-05
HOXC11,-0.00019701943,-0.0004530698,-0.00032468885,0.00011435989,-0.0008255169,-8.755736e-05,0.00017026067,2.4472014e-05
TADA2B,0.00027026795,0.00014432333,9.373017e-05,-2.7557835e-05,0.0014233515,0.0002802601,-4.8238784e-05,-4.3924665e-06
GORASP2,-0.00012331642,-0.00035817362,-0.00031143054,0.00011295732,-0.0019086525,-4.6738423e-05,0.00015280955,2.4774927e-05
MPDU1,-0.00027688406,-0.00023139082,-0.00027100742,0.00026986375,-0.0010145679,-0.00022382103,2.9873103e-05,2.3076078e-05
FGL2,-0.00014784932,-0.00030265376,-0.00017680414,3.9557926e-05,-0.000772506,1.528114e-05,0.0001244722,1.5549012e-05
HSD3B2,-0.00021708943,-0.00048895366,-0.00036055222,0.00012257323,-0.0011222437,-8.885935e-05,0.00019481964,2.6362599e-05
FCAMR,-0.00021708943,-0.00048895366,-0.00036055222,0.00012257323,-0.0011222437,-8.885935e-05,0.00019481964,2.6362599e-05
SYT17,0.0005203113,0.0004237704,0.0006100703,-0.000256788,0.0028360635,0.00022096187,-0.00031132903,-2.761907e-05
CABYR,0.00017794035,0.00021888502,0.00027262047,-2.956111e-05,0.0005740598,3.5643578e-05,-0.0001908699,-8.387491e-06
MED27,-5.6304038e-05,-0.0003119707,-6.4633787e-07,-0.0001476882,-0.00074212253,7.9899095e-05,0.00012098905,6.46268e-06
TNFRSF11A,-0.00021785684,-0.0005280543,-0.0003967695,0.000121550635,-0.0011929274,-8.381903e-05,0.00022078678,2.8196257e-05
MFNG,0.00010002218,-0.00029860623,-9.8686665e-05,-7.043779e-05,0.0003349632,0.00017069001,0.00013303105,9.101466e-06
LILRA6,2.8846785e-05,-0.00025551766,-0.00011484511,-5.1837415e-06,-0.00023917109,9.1686845e-05,0.00010168459,1.0638731e-05
RPAP2,0.00014388375,0.00045570545,0.0005358625,-4.5456924e-05,0.0012014061,-6.951019e-05,-0.00038957503,-1.9005383e-05
FAM114A1,1.4521182e-05,-8.7983906e-05,7.822737e-05,-3.3185817e-05,0.00058570504,-9.860843e-06,-3.1204894e-05,1.5676487e-06
CTTNBP2NL,-0.0003100522,-0.0009044446,-0.0005952902,5.4775737e-05,-0.0022661835,-1.6990118e-05,0.00044755172,3.8031605e-05
FOLR1,-0.00025876425,-0.0007296633,-0.00050316565,0.00010581594,-0.001354292,-3.5661273e-05,0.00031879637,3.408233e-05
IKBIP,4.9117953e-06,0.0003230702,0.00026795082,0.00014449935,0.0008433983,-0.00019014208,-0.00030980725,-6.247661e-06
ADRB1,-0.00025343522,-6.303564e-05,-0.00013908558,0.00023907237,-0.0008043647,-0.00020875502,-6.413646e-05,1.7100945e-05
FEZF1,-7.0251524e-05,-2.5099143e-05,2.3838133e-05,7.860176e-05,-0.0004227981,-6.659422e-05,-6.845221e-05,6.4572087e-06
SAPCD2,0.00036880188,0.00010026246,0.00030617043,-0.00027503073,0.00094423443,0.00038638152,-1.9622967e-05,-1.5998143e-05
TOX,-0.0001691524,-0.00074679404,-0.00056512654,9.0405345e-05,-0.0012974963,-4.1463412e-05,0.00035411026,3.8317405e-05
ZBED6,0.00046636537,0.00050280057,0.0006562043,-0.00026023947,0.00191015,0.00024590548,-0.0003300393,-2.9164483e-05
SFXN2,0.0002473239,0.00024694204,0.0003992617,-0.00018630922,0.00016662478,0.0002084272,-0.00015479792,-1.6764388e-05
C5orf38,8.566491e-05,5.228445e-05,0.00015204772,4.0731393e-05,-0.0003721416,-7.185247e-05,-0.00014635082,3.3830293e-07
RAB1B,0.00010332279,1.23903155e-05,6.208941e-05,-2.6483089e-05,0.00090143085,9.9031255e-05,-4.5129098e-05,2.5450718e-06
TICAM2,-3.151968e-05,7.623248e-05,0.00017213449,-6.663613e-06,-0.00022500753,-3.8301572e-05,-0.000104165636,-4.080008e-06
ZNF721,0.00014496222,7.604435e-05,6.9851056e-05,3.733579e-05,0.0013747811,3.5246834e-05,-0.000104376115,2.1938467e-06
LTBR,0.00029095635,-1.8648803e-05,0.000318693,-0.0003700517,0.0016219988,0.0005078763,5.3818338e-05,-1.7151237e-05
FBXO43,0.00030498207,6.67572e-05,0.00024368055,-0.0001970185,0.00050178915,0.00031032972,-3.4749508e-05,-1.0497519e-05
HOXD12,-0.00021708943,-0.00048895366,-0.00036055222,0.00012257323,-0.0011222437,-8.885935e-05,0.00019481964,2.6362599e-05
TDRKH,4.383363e-05,0.0001291763,0.00019781105,-2.1968037e-05,-0.00024054945,-7.229857e-06,-0.00014304463,-1.6769627e-06
PAIP1,-0.00045686215,-0.00060002133,-0.0005226359,0.00024060532,-0.0010916144,-0.00024111802,0.00022702198,3.8005877e-05
ALCAM,-0.00039455295,-0.00056804344,-0.0004980061,0.00022696517,-0.0015164986,-0.00025157863,0.00023380108,3.334228e-05
RCAN1,-0.00015822053,-0.00023510493,-0.00025236607,0.00017182622,-0.0021410808,-4.8266724e-05,0.00011021085,1.8482795e-05
SNX31,-0.00022378378,-0.00032198802,-0.00025614165,0.00014086533,-0.0014783293,-0.00012355018,0.00010880642,2.0724954e-05
HYAL1,4.8745424e-05,-5.511567e-06,5.1945448e-05,3.484264e-05,-0.0002919808,5.2972697e-05,-3.9937906e-05,1.6121194e-06
ADRA1B,0.00021428801,0.0003189016,0.00037003309,-6.929599e-05,0.0005430579,0.00011096522,-0.00021625403,-1.5883008e-05
DHRS7B,0.00040045753,0.0006452985,0.0006830506,-0.00020993501,0.002321273,0.00023660809,-0.00038183574,-3.2373937e-05
UBR5,-0.000529876,-0.0008156579,-0.00079146586,0.0003879955,-0.0015126616,-0.00032960018,0.00032003783,5.292229e-05
PRSS27,0.00017659366,-8.4251165e-05,6.662868e-05,-8.461252e-05,0.00056088716,0.00018433109,2.4713576e-05,-1.7619459e-06
KLF4,0.00012646802,0.00014634058,0.00021103211,1.4254823e-05,0.002145134,-1.5940517e-05,-0.00019684527,-3.7818681e-06
DDRGK1,9.5753e-05,0.00015715882,0.00016169995,4.1128136e-05,5.583465e-05,-5.6955032e-05,-0.00017173495,-4.734611e-07
ATP6V0D2,-1.5925616e-05,-0.00034781545,-7.207692e-05,-7.520057e-05,0.00061447173,-1.0930002e-05,8.869078e-05,1.1490076e-05
SLC16A13,0.00028013252,-1.41542405e-05,0.00023825467,-0.0002772957,0.00035962462,0.00040839985,4.9550086e-05,-1.2094621e-05
TMCO1,0.00014074892,-5.7922676e-05,0.00021822937,-0.0002068514,0.0013256148,9.721331e-05,-3.688503e-05,-5.8494043e-06
FGF17,-0.00016934797,-0.00066995434,-0.00071482547,0.00019116607,-0.0013300851,6.1865896e-05,0.0003944328,4.2310916e-05
ZBTB34,5.7725236e-05,-0.0002576355,-0.0002129469,7.6956116e-05,0.00072095543,3.809575e-05,8.9194626e-05,1.6767299e-05
IL22RA1,-0.00021708943,-0.00048895366,-0.00036055222,0.00012257323,-0.0011222437,-8.885935e-05,0.00019481964,2.6362599e-05
BLM,0.00015363656,0.00014732778,0.00021926686,-0.00010045618,0.001544185,4.8667192e-05,-0.0001436146,-4.0889718e-06
PUS7L,0.00044146366,0.0003156755,0.00060699694,-0.00034054648,0.0030276105,0.00031339005,-0.00023328606,-2.8558541e-05
ZNF350,-2.06884e-05,0.00013341941,7.960759e-05,0.000114445575,-0.0015077889,-3.914535e-05,-0.000118515454,2.2056047e-06
UTP3,-5.0613657e-05,1.3396144e-05,7.6744705e-05,7.81836e-05,-7.183105e-05,-0.00019426923,-0.00013641361,6.1118044e-06
ATMIN,-5.708076e-05,-0.00065199286,-0.00053112395,5.7126395e-05,-0.0009407848,0.00012223236,0.0003658943,3.2274867e-05
SNX11,0.00014047511,0.00031437166,0.00041381642,-0.00010500569,0.000113248825,8.990057e-06,-0.00024600606,-1.4450401e-05
SHH,-0.00019061938,-0.000444334,-0.00031858124,0.00012781564,-0.0009254217,-0.00010718359,0.00015780423,2.4279347e-05
MFSD4B,0.00014915876,5.545281e-05,0.0003010109,-0.00012598,0.0009792447,2.7365983e-05,-0.00013840292,-1.0033022e-05
GUCY1A1,3.4639612e-05,3.1564385e-05,-2.4443492e-05,0.000118670054,-0.00080312043,8.893572e-05,-2.591312e-05,6.1673345e-06
HTR1B,-0.00021708943,-0.00048895366,-0.00036055222,0.00012257323,-0.0011222437,-8.885935e-05,0.00019481964,2.6362599e-05
CDKL1,0.00025485083,0.00034235977,0.0004595779,-0.00012742449,0.0012404099,0.00013216585,-0.00026199874,-1.8408522e-05
HSDL1,-0.00029284135,-0.0001469031,-0.0001875665,0.0002919836,-0.002216749,-0.000288493,-4.1104853e-05,2.03104e-05
ANKUB1,-0.00026427023,-0.0007285848,-0.00052920356,7.799175e-05,-0.0015245602,-3.575161e-05,0.00035177823,3.468222e-05
ERGIC1,2.240017e-05,-0.00015562214,7.390976e-06,-1.998432e-05,0.00040807575,-2.9415824e-05,-1.2334436e-05,7.429626e-06
EFCAB3,-0.00018227473,-0.0005435627,-0.00035718083,7.118471e-05,-0.00075131655,-6.0407445e-05,0.00022745226,2.5060028e-05
SLC26A5,-0.00013455749,-0.00014519878,-4.6737492e-05,4.43412e-05,-9.088963e-05,-5.926378e-05,4.6202913e-06,9.745709e-06
CHMP4C,-0.00026365556,-0.00051529333,-0.0004176721,0.00017517433,-0.0016152337,-0.00012944546,0.0002053529,2.9598013e-05
MBP,-9.570271e-05,-0.00034105405,-0.00012019463,1.1649914e-05,0.0014575869,-0.00016276911,2.9932708e-05,1.7366023e-05
FAM189A2,4.051067e-05,9.742752e-05,0.00023200177,-3.692694e-06,0.00025785714,-9.666011e-05,-0.00017286558,-4.9272785e-06
CPA4,-6.346591e-05,-0.00036784634,-0.000104509294,-3.0484982e-05,0.00016386807,1.1473894e-05,0.00010823086,1.2418139e-05
BFAR,-0.00012607686,-0.00020774268,-7.9702586e-05,8.867495e-05,0.00033952296,-0.00019900547,-2.401974e-05,1.3797078e-05
ARID3B,-5.2936375e-06,-0.00027216412,-0.00018074922,3.6918558e-05,-0.002027735,7.9287216e-05,0.00014501251,1.3833051e-05
FOXD4L1,-4.3839216e-05,-0.00014551356,6.793067e-06,6.6962093e-07,-4.81382e-05,-2.108328e-05,-1.1222437e-06,6.3584885e-06
NAA30,-3.9488077e-07,-0.00022121519,-0.00012321025,1.9418076e-06,0.00024470687,0.00016642455,0.00011853408,9.140116e-06
PTK2,-0.00019535981,-0.00033338554,-0.00023131259,0.0001432458,0.00024306029,-0.0001806058,5.9286132e-05,2.145744e-05
CNN2,-0.00015415996,-0.00026960112,-8.635223e-05,0.000113319606,0.0014013276,-0.00021800864,-4.0350482e-05,1.5010941e-05
SFTPB,-9.991229e-06,-0.0003791768,-0.00015936047,-4.3449923e-05,0.0010022074,1.0105781e-05,0.00012408756,1.56631e-05
GAS8,0.00017442368,2.0870939e-05,7.9553574e-05,-8.604396e-05,-0.0006913319,0.00017682556,-2.5741756e-06,2.363231e-07
GMEB2,0.0002515968,0.000389643,0.00028797053,1.1537224e-05,-0.00061079115,0.00016690232,-0.00019503478,-1.3359473e-05
PRSS3,6.175414e-05,-0.00016719848,3.0640513e-06,-2.2874214e-05,0.00037575513,2.7579255e-05,9.357929e-06,6.122049e-06
HPR,-0.00016230717,-0.0004215669,-0.00033079274,0.00013135653,-0.000816226,-6.606057e-05,0.00016440917,2.425944e-05
EME1,0.000103671104,-0.00014231727,7.2026625e-05,-9.666663e-05,0.0015596375,5.1774085e-05,-1.1620112e-05,2.6019989e-06
TTC23,-0.00024459325,-0.00021253899,-0.00014139526,0.00016586669,-0.0011187717,-0.0001819958,5.297363e-06,1.603784e-05
FBXL12,0.00030357763,0.0002673082,0.00038936548,-0.00016145594,0.00024196506,0.00014431681,-0.00019088667,-1.50856795e-05
TRA2B,-0.0003452953,-0.00065967627,-0.00054445304,0.00021438114,-0.0012634769,-0.00014863908,0.00027391873,3.7311576e-05
GCNT3,-0.00021708943,-0.00048895366,-0.00036055222,0.00012257323,-0.0011222437,-8.885935e-05,0.00019481964,2.6362599e-05
CEP57L1,0.0005382374,0.00073384866,0.0007763561,-0.0002890462,0.0017474666,0.00037524104,-0.00037630554,-4.022324e-05
ATP5F1C,-0.0001835078,-0.00030970573,-0.00024225563,0.0001555169,-0.0002600178,-0.00011637481,7.564295e-05,2.1474669e-05
PYCR3,2.1161512e-05,-0.00023812242,-0.00012175925,-5.566515e-06,-5.7011843e-05,-9.248033e-06,7.4104406e-05,1.2577861e-05
PCBP3,0.0005126279,0.0003596265,0.00047523342,-0.00025245734,0.0016755834,0.0003958037,-0.00017696526,-2.3958622e-05
MUCL3,-4.8860908e-05,-1.816824e-05,7.7812e-05,3.672298e-05,-0.00047313422,-8.993782e-05,-8.11778e-05,3.3869874e-06
SSBP2,-0.00037190504,-0.000562286,-0.00053194724,0.00024982542,-0.000812158,-0.00018353434,0.00023163017,3.6300276e-05
RFX1,0.00030119345,0.00012766942,0.00035782158,-0.00019482616,0.0021742359,0.00012679677,-0.00016043242,-1.2853532e-05
RBFOX3,0.00021721423,-2.066046e-05,5.658157e-05,-9.566359e-05,-0.00063899904,0.00025036,4.3196604e-05,-7.606577e-07
EDIL3,-0.00035089068,-0.00043389387,-0.0005206056,0.0003445251,-0.0010260716,-0.00022008317,0.00015588664,3.6677928e-05
PCNX2,0.00039477646,0.00023708865,0.00040829182,-0.0001867786,0.0013092309,0.0001856396,-0.00018540304,-1.740863e-05
TGIF1,-0.00037968904,-0.0007673092,-0.0007653516,0.00026530307,-0.0033067837,-0.00011270819,0.0004039891,4.809792e-05
CIRBP,-0.00015023537,-0.00045424886,-0.0003425125,0.0001242552,-0.0009564981,-2.9206276e-05,0.00018755626,2.4965731e-05
UGT8,-0.0002354607,-0.00021734275,-5.5238605e-05,0.000101257116,0.000556916,-0.00032364763,-7.209089e-05,1.6128528e-05
C5,-0.00013764016,-0.0001966022,-4.611537e-05,7.495843e-05,7.432699e-05,-0.00019322988,-3.725756e-05,1.3065874e-05
ABHD11,-0.00014428608,-0.00049696676,-0.00026251934,2.4846755e-05,0.0004810691,-8.502789e-05,0.00015486125,2.3082015e-05
CLDN7,-0.0002085045,-0.000733247,-0.00047386624,1.2932345e-05,-0.0014323667,0.00012930017,0.00038610678,2.9574498e-05
NUDT9,0.00014884211,7.433072e-05,-1.7058104e-05,6.646663e-05,-0.002516754,0.00016637053,7.645227e-06,3.557885e-06
IL2RG,-0.00018741563,-0.00048175268,-0.0003671609,0.00011975225,-0.0010421574,-6.4026564e-05,0.0001998404,2.6243622e-05
TADA3,-0.00019861944,-0.0005076565,-0.00039760023,9.84557e-05,-0.001571931,-5.71711e-05,0.0002379762,2.7954811e-05
ZFP37,0.00025716238,0.00029026344,0.00047553517,-0.00023327116,-0.0021876395,0.0002417583,-0.000143365,-2.215046e-05
MX2,-0.00014184788,-0.0003787335,-0.000228649,7.115863e-05,-0.0007042065,-6.0039572e-05,0.00012707617,1.9425876e-05
IL21R,-0.00014572404,-0.00035008974,-0.0002068691,7.097516e-05,-0.00064695626,-5.2069314e-05,0.00011869054,1.7577666e-05
TRIM22,0.0001412537,-0.00022273138,-9.3897805e-05,-0.00014830101,0.00035338104,0.00034394208,0.0001867991,5.5819983e-06
EN1,-0.00086867437,-0.0010781456,-0.0008644052,0.0003650179,-0.0033441857,-0.00048792316,0.0004332997,5.9042708e-05
UNC5CL,1.8697232e-05,5.291775e-05,7.255003e-05,7.209089e-05,-0.00088085234,2.8871e-07,-8.5039064e-05,2.021785e-06
C17orf75,-0.00015752204,-0.00035958737,-0.00016960502,1.949165e-05,0.0008829981,-0.00015086355,8.236896e-05,1.8002233e-05
NODAL,0.00018383004,0.00025746413,0.0003327038,-0.00013651885,-0.000609532,0.00019093882,-0.00012989622,-1.3869721e-05
FBXO32,-0.00025268458,-0.0005733147,-0.00043607876,0.00016117003,-0.000463441,-0.00024354458,0.00018227845,3.341376e-05
ADPRM,0.0005677901,0.00062066317,0.0009520389,-0.00048689079,0.0025346056,0.00039510615,-0.00037307944,-4.6760775e-05
DNAJB4,-0.00031053834,-0.00062080845,-0.0003816802,7.189624e-05,-0.00024925172,-0.00015519699,0.00023542158,2.8589042e-05
ZNF662,0.00036071055,-0.00010578893,0.00021572225,-0.00036942773,0.0019627288,0.0004759645,0.000114277005,-1.35101145e-05
MIEF2,-0.0001580324,-0.0002394747,-0.0001594089,7.129181e-05,-0.002016291,-4.5944005e-05,0.00010648277,1.2650969e-05
BEND7,0.0001861956,0.00017161667,0.00034480728,-0.00013064127,0.0007672012,9.496976e-05,-0.00016627181,-1.2838747e-05
SMUG1,-4.7951937e-05,-8.730218e-06,0.00025289506,-8.507259e-05,0.0015151054,-0.00015930412,-0.00016814005,-2.3372704e-06
DGAT2L6,-0.00020208396,-0.0004842095,-0.00034095906,0.0001011556,-0.0010802597,-7.081311e-05,0.00019543897,2.5183777e-05
EIF4E2,-0.00027479604,-0.00041793287,-0.00035402738,0.00023219734,-0.001391992,-0.00026365556,9.6757896e-05,2.9840157e-05
CLDN3,-0.0001991447,-0.0005287416,-0.00037504733,0.00010406971,-0.0012474284,-4.5171008e-05,0.00022246875,2.678705e-05
PCMTD1,0.0002015438,-0.00026101992,-4.8317015e-06,-0.00017635524,0.0003464222,0.00026067067,0.00013281964,3.573834e-06
BAZ1B,-0.00023393892,-0.00083838403,-0.0007076245,0.00015704054,-0.001538448,1.3244338e-05,0.00044075958,4.3223496e-05
CALB2,-0.00042744912,-0.0010073502,-0.0007447675,0.0002525989,-0.0010788888,-0.0002864753,0.00036862586,5.205802e-05
OVGP1,0.00029534101,0.00019829348,0.00036944076,-0.00017546024,0.0022524297,0.00019299891,-0.00016805623,-1.551269e-05
SS18,-0.00018690899,4.394166e-05,0.00017714314,-9.965152e-07,0.00047062337,-0.00017208047,-0.0001381198,-5.2677933e-07
CPQ,-0.000597205,-0.0011231247,-0.0009363871,0.00026451983,-0.004777968,-0.000322619,0.00056401826,5.634874e-05
IL20RA,-6.635673e-05,-0.00031770207,-0.00015955232,-9.685755e-06,-0.00080768764,7.671863e-05,0.00014922582,1.291791e-05
SMYD1,-0.00021162629,-0.0004865732,-0.00035703555,0.000119164586,-0.001081422,-8.5116364e-05,0.00019404199,2.6134308e-05
SSC5D,0.00013957545,0.00013104267,0.0002808217,-0.00013580639,0.00012680888,0.00019283034,-9.333063e-05,-1.0559917e-05
DACT3,-9.940751e-05,-0.00020094775,-0.0002124887,5.3697266e-05,-0.0015387908,9.26787e-05,0.00014503859,1.6450998e-05
ZNF214,0.00045470335,0.0008184239,0.000768302,-0.00016382895,0.0023044422,0.00023086648,-0.00047407392,-3.745372e-05
ANKRD33B,0.00012333505,0.00015646033,0.00018127263,5.1980838e-05,0.00038066506,-6.242376e-05,-0.00018147286,-2.6697526e-06
ZNF641,0.0004308205,0.00023558736,0.00039218925,-0.00026652217,-0.000120066106,0.00042393617,-7.260777e-05,-2.0413543e-05
RNF32,0.00020258501,0.00013709627,0.0002613943,-0.00011092331,0.00018730015,0.00011738576,-0.0001192363,-8.772942e-06
FKBP6,-0.00020204857,-0.00049718097,-0.0003728848,0.00011573639,-0.0011011213,-6.7027286e-05,0.00020747539,2.67484e-05
CKAP2,-0.00030163862,-0.0004760921,-0.0003623478,0.00017704442,-0.00027780235,-0.00018981285,0.00014170818,2.8782059e-05
HDX,0.0001653079,0.00034854934,0.00037688576,6.3794665e-05,0.0018867478,-0.00015638955,-0.0003531454,-1.1207769e-05
CREB3L1,0.00020518154,-0.00013686903,3.1000003e-05,-0.00013001356,0.00038835406,0.00021292362,6.7942776e-05,1.6100239e-06
ATOH8,-0.00042284466,-0.00046347454,-0.00039774552,0.00025301054,-0.001572229,-0.00031526852,0.00012665894,3.143924e-05
TFAM,-7.150695e-05,-0.0006079078,-0.0003977958,5.7272613e-05,-0.000111460686,-8.486584e-05,0.00022522546,3.0747033e-05
C7orf25,0.00019110739,0.0007065758,0.000687642,-4.244689e-05,0.0008874014,-9.18936e-05,-0.00050435495,-2.7097878e-05
RAB33B,-8.131564e-05,-0.0003948938,-0.0001060348,-9.7011216e-05,-0.0012402833,1.0614283e-05,0.00017213635,1.0663178e-05
NME7,1.6558915e-06,0.0001329314,0.00028405339,-3.8584694e-06,0.002120383,-0.00016428856,-0.00024205353,-5.0161034e-06
MYF5,-0.00021708943,-0.00048895366,-0.00036055222,0.00012257323,-0.0011222437,-8.885935e-05,0.00019481964,2.6362599e-05
TOX3,-0.0011192821,-0.0020397604,-0.0019388571,0.0005651703,-0.0036089048,-0.00033798954,0.0010788459,0.00011220726
MYZAP,3.9551407e-05,-0.00015405379,1.9717962e-05,-2.2319146e-05,-0.0002817288,3.9015897e-05,9.904616e-06,5.164882e-06
VTI1A,0.0005086474,0.00055420026,0.00052892603,-0.00013954751,-0.00034027547,0.00033916812,-0.00027039554,-2.710137e-05
PPM1F,0.0006058924,0.00036664307,0.0005996004,-0.00036887452,0.0016185045,0.00046106428,-0.00017831754,-3.159698e-05
ZNF415,6.904267e-05,-1.2874603e-05,2.2988766e-05,-4.6985224e-06,-0.00048436224,0.000108932145,2.794899e-06,2.4168985e-06
PHOX2B,-0.0011078641,-0.0016310737,-0.0012670588,0.00044180732,0.0038288534,-0.00094377156,0.0004982846,9.2204544e-05
NAP1L4,-0.0002959054,-0.0005675107,-0.00041186437,0.0001498675,-0.00046475232,-0.00018499698,0.00019946974,3.1178002e-05
CA9,-0.00012932532,-0.00025935285,-0.0002132263,0.0001643505,-0.0011935085,-0.00012256671,5.795248e-05,1.8745312e-05
SLC15A3,-3.582798e-05,-0.00040699355,-0.00021066517,-4.4640154e-05,8.523464e-05,0.00013843458,0.00020092912,1.5486148e-05
SULT4A1,-0.0002483055,-0.00038541108,-0.00024119951,0.00010512397,-0.00028381497,-0.00014030514,0.00010584947,2.2110646e-05
FRMD5,0.0004674811,0.0005159229,0.0007903818,-0.0003285315,0.0020419136,0.00020804815,-0.00038714986,-3.501249e-05
THRAP3,-0.00016846135,-0.00027884543,-0.00016230345,0.00013363454,-0.00020373613,-0.00015167193,2.8657727e-05,1.7842744e-05
SMYD3,-5.805306e-05,9.616278e-05,0.00017135963,2.8861687e-06,-0.00048536062,-2.8013252e-05,-0.00010765437,-2.5158515e-06
SLC7A13,-0.00021708943,-0.00048895366,-0.00036055222,0.00012257323,-0.0011222437,-8.885935e-05,0.00019481964,2.6362599e-05
PCYOX1L,0.00014064088,0.00031480007,0.00029122457,0.00010822341,-0.0003741458,-8.406397e-05,-0.00029044505,-7.5941207e-06
RNF144B,0.00020160154,4.4895336e-05,0.00023061037,-0.000101692975,0.00076245517,9.957794e-05,-9.269174e-05,-8.059316e-06
HERPUD2,0.00028673746,-1.0568649e-05,0.00016102567,-0.00019197259,0.0005529076,0.00030675624,3.380701e-05,-8.233823e-06
LGMN,-0.00018921681,-4.3176115e-05,-5.817041e-06,0.00017269235,-0.000614278,-0.0002669082,-0.00011722464,1.012499e-05
SKP2,-0.0002873335,-0.00029807165,-9.423308e-05,6.0632825e-05,-6.841868e-05,-0.00023898715,4.919246e-06,1.6419915e-05
ZAR1,-0.00019652769,-0.00044666603,-0.00030848384,0.00010957755,-0.00090289116,-9.285379e-05,0.00016230159,2.3832661e-05
DUSP10,-0.00028381124,5.653128e-05,5.2019954e-05,0.0002568001,-0.0019375831,-0.00022287201,-0.00016684737,6.7708315e-06
SLC17A4,-0.00011425838,-0.00036167353,-0.00027961284,9.542052e-05,-0.0008883029,-1.8052757e-05,0.00015235692,2.0762207e-05
MS4A14,-0.00020040572,-0.00051682815,-0.00039436668,0.000100553036,-0.0010119155,-3.0030496e-05,0.00023351703,2.7592178e-05
PPIE,0.00018808246,0.00030051358,0.00044277497,-7.0393085e-05,0.0010007694,-8.40174e-05,-0.00031559635,-1.3581361e-05
IGSF21,-2.273731e-05,-9.7882e-05,-4.056841e-05,9.65856e-05,-0.00021511316,-8.711405e-05,-4.2576343e-05,9.747804e-06
LEKR1,-8.880161e-05,-0.00027318113,-0.00012538023,3.566593e-05,-0.0010209084,-2.4072826e-05,9.2756934e-05,1.1989148e-05
GJB5,-0.00020265952,-0.00049808994,-0.0003535468,0.000104770996,-0.0010534227,-6.377138e-05,0.00020305254,2.570555e-05
KDM8,-7.070601e-06,1.7585233e-05,0.00010196678,4.8092566e-05,-0.00010178983,-9.0686604e-05,-0.00011747796,2.985238e-06
CCT3,-0.00014651008,-0.00034305453,-0.00021095946,0.000120945275,-0.00015856326,-0.00016100239,6.0124323e-05,2.1014828e-05
RBM4B,-7.302128e-05,-0.00025859475,-5.5681914e-05,-5.8815815e-05,-0.00019450486,4.116725e-05,9.330921e-05,9.123236e-06
MARCH9,-0.00021708943,-0.00048895366,-0.00036055222,0.00012257323,-0.0011222437,-8.885935e-05,0.00019481964,2.6362599e-05
MKRN2,0.00027973205,0.00056157634,0.00061382167,-0.00010629557,0.0014560744,4.8353337e-05,-0.00039310846,-2.6340946e-05
MIER2,-4.2775646e-05,-0.0002477914,-0.00028609484,6.914977e-05,-0.0020666346,0.000116826035,0.00019372161,1.6813166e-05
TCEA1,-0.00038966723,-0.00056514144,-0.0004117433,0.00018640235,-0.00062705576,-0.0002934211,0.000167666,3.2723183e-05
TBXA2R,0.00040201098,0.0003557559,0.00062583014,-0.00030372944,0.0028863177,0.00028314628,-0.00026012864,-2.974819e-05
BMP10,-0.00021708943,-0.00048895366,-0.00036055222,0.00012257323,-0.0011222437,-8.885935e-05,0.00019481964,2.6362599e-05
PABPN1L,-0.00013553724,-0.00042052567,-0.00025397912,3.2296404e-05,-0.0008941516,-7.1097165e-06,0.00017768238,1.9673724e-05
NAP1L1,-0.00034102052,-0.0008088276,-0.0006472748,0.00019927882,-0.001087591,-0.00011177827,0.00036426075,4.1553285e-05
LNPK,0.00011195056,1.8091872e-05,2.9332936e-05,3.3647753e-05,0.00033538043,0.00010657124,-3.4077093e-05,2.1898886e-06
HYAL4,-0.00019510463,-0.00024629757,-0.00022626482,0.00020211656,-0.00048474222,-0.000209942,1.4973804e-05,2.190203e-05
NMUR1,-0.00022138283,-0.0003286004,-0.00018763542,0.00012774393,-0.0011346266,-0.00022364594,5.8877282e-05,1.8464052e-05
POLR1E,0.0002836585,-8.866191e-06,0.00021369942,-0.00025651883,0.0037227124,0.00025951117,-2.9621646e-05,-7.175142e-06
MYF6,2.2584572e-05,-0.00016619451,-5.2459538e-05,8.603558e-06,0.00021719187,5.9111044e-05,3.1535514e-05,9.071664e-06
PJVK,-4.957989e-05,7.3779374e-06,2.9794872e-05,9.385217e-05,-0.00083729625,-8.3053485e-05,-7.822458e-05,5.2241376e-06
RASL10B,4.78141e-05,-0.00040932558,-0.00020376407,-4.9529597e-05,-0.00065532327,0.0001098318,0.0001904266,1.5931553e-05
SLC38A2,-0.0005296897,-0.0008061491,-0.0007389169,0.0003159996,-0.0019395202,-0.00024352362,0.0003557615,4.8089307e-05
RMI1,8.33869e-05,0.00021328591,0.00023105182,-2.656132e-05,-0.000250414,5.5302866e-05,-0.00015981216,-5.4335687e-06
UGT3A2,-0.00021708943,-0.00048895366,-0.00036055222,0.00012257323,-0.0011222437,-8.885935e-05,0.00019481964,2.6362599e-05
DNAAF2,0.0001590345,0.0002974309,0.000318937,-2.4694018e-05,0.00087094307,2.4507754e-05,-0.00023256894,-1.0982389e-05
UGT2B7,-3.5787e-05,-0.00024235435,-0.00014857389,6.5547414e-05,-0.00063417107,2.393499e-07,7.155351e-05,1.4264602e-05
ANXA4,-0.00030357018,-0.00074086525,-0.00060156174,0.00017605815,-0.0019553378,-5.1943585e-05,0.00036265422,3.7439284e-05
RAD23A,-8.583255e-05,-0.00022422522,-7.07414e-05,3.4162775e-05,-0.00084991753,-5.60591e-05,3.992021e-05,1.1222786e-05
PSMB4,-0.00013640523,-0.00030467845,-0.00018974394,0.00010536052,-0.0002103895,-0.00012515532,6.263517e-05,1.8686755e-05
MAP3K8,0.00011773966,-0.00010002591,7.5921416e-06,-5.6591816e-05,-0.00012351573,0.00015920307,3.4007244e-05,4.436588e-06
APRT,-0.00031885318,-0.00045713596,-0.00035957806,0.00017541647,-0.001866065,-0.00023109,0.0001519816,2.8604642e-05
CAPZB,-0.00025277957,-0.00020994432,-0.00014915131,0.00016247109,-0.00056577474,-0.00022311183,-4.0084124e-06,1.7906423e-05
DLK1,0.0007514991,0.00033056736,0.0007296223,-0.0005569989,0.0009447634,0.0007466031,-9.711925e-05,-4.202954e-05
CCDC65,0.00018756837,0.000364881,0.00033218414,-1.4756806e-05,-6.8321824e-05,4.174933e-05,-0.00023291912,-1.3593817e-05
NAPSA,-0.00015817955,-0.00037974305,-0.00024377741,9.648036e-05,-0.0004976392,-0.00012128521,0.00010850001,2.1181419e-05
DNASE1L2,0.0001058653,-3.6269426e-05,0.00011754222,-5.7716854e-05,0.00017041713,3.1908043e-05,-5.8739446e-05,1.2322562e-06
ADORA2A,0.00044371188,0.00019430928,0.0002842527,-0.00014074706,-0.00010664761,0.00037573092,-9.079836e-05,-1.328974e-05
ZNF254,-0.00023359805,-0.0006560702,-0.00035113096,3.9851293e-05,0.0006868169,-0.00021222094,0.00019060075,3.116601e-05
SLC25A45,-2.8217211e-05,0.0001383461,0.0002272781,7.99112e-05,0.00071142614,-0.00023628259,-0.00024715718,-1.9856961e-06
PJA2,-0.00050138496,-0.0009753201,-0.0008876901,0.00032300036,-0.0028389692,-0.00017963769,0.00047734566,5.49237e-05
GRK1,-0.00014614686,-0.0005214438,-0.00034153648,2.5874004e-05,-0.0014501587,5.6345947e-05,0.00026573893,2.264732e-05
IFIT5,-7.433817e-06,0.0002025105,0.00034782663,5.2747317e-05,0.00075440854,-0.00020919554,-0.00031021517,-6.989576e-06
CTDSP1,0.00016670302,6.744824e-05,0.00020315312,-5.680695e-05,0.0011708364,-3.739167e-05,-0.00015152711,-2.3751054e-06
NUFIP2,-0.00046387687,-0.0009617843,-0.000800563,0.0002454035,-0.0012374595,-0.00018057879,0.00044260174,5.058723e-05
RNLS,-1.1609867e-05,8.120388e-05,0.00012135133,8.907262e-05,-0.00034777075,-0.00013650674,-0.00015257206,2.100598e-06
DGKQ,-3.9936975e-05,8.769333e-05,-4.938245e-05,0.00017137919,-0.0007468015,-2.1976419e-05,-6.836373e-05,7.6021533e-06
RAB4B,0.000610264,0.00086617284,0.00092169084,-0.0002398612,0.0011136904,0.0002804231,-0.00051648077,-4.5254594e-05
PSTPIP1,-6.62934e-05,-0.00025428087,-0.0001416225,5.6069344e-05,-0.0005632937,-3.4500845e-05,7.149391e-05,1.37960305e-05
CACNG7,-6.183237e-05,-5.0507486e-05,8.016825e-06,7.723365e-05,-0.0011547282,-4.1801482e-05,-3.0685216e-05,6.1115716e-06
GSX2,-0.00024608895,-0.00050111674,-0.00037983805,0.00014124624,-0.001297988,-0.000110298395,0.00019794703,2.7659116e-05
RNF39,-0.00020851195,-0.00048696809,-0.00035293773,0.000116502866,-0.0009361282,-9.183586e-05,0.00018945709,2.6080059e-05
SLCO6A1,-9.864196e-05,-0.00029604882,-0.0001731161,4.753098e-05,-0.00036866963,-6.0526654e-06,0.00010483712,1.575076e-05
ZIM2,0.0004399456,0.00017874688,0.0005653128,-0.00040821172,0.0038341135,0.00023478083,-0.00018907432,-2.589426e-05
PPP2CB,-3.7901103e-05,-0.0006024651,-0.00036761165,-5.6407414e-05,-0.0013114512,0.0001670532,0.00033856463,2.3276662e-05
TRIM50,-0.00021752156,-0.0005397573,-0.0004089363,0.000117628835,-0.0012660697,-5.5436045e-05,0.00023644324,2.8419192e-05
SLC35E1,-1.40070915e-05,-0.0004732497,-0.00020446628,-3.183633e-05,-1.6063452e-05,2.807565e-05,0.00016238168,2.0042411e-05
ADAM29,-0.00013164617,-0.00032264926,-0.0002264753,0.00010567438,-0.0013096854,-5.491823e-05,0.00011104904,1.8740306e-05
ZNF776,5.634874e-05,8.150563e-05,0.00024320185,-1.1508353e-05,0.0009772032,-0.00010207202,-0.00020588096,-1.952285e-06
ZNF319,-1.784414e-06,-0.00013774633,0.00012233667,-8.583628e-05,-0.0008825213,-1.4824793e-05,-1.3959594e-05,1.3908138e-06
SFRP4,-3.7262216e-05,-0.00020895526,-0.00013967417,4.6606176e-05,-0.0013795123,3.2373704e-05,9.198487e-05,1.1702185e-05
CRYBA1,-0.000123851,-9.919144e-05,-9.730458e-06,8.80491e-05,-0.0002789572,-0.00017690426,-6.3006766e-05,9.531737e-06
LRRC24,2.611801e-05,-7.5683e-05,-2.168119e-06,0.000108720735,-0.0017319843,-1.0212883e-05,-3.8965605e-05,6.547896e-06
ZNF398,0.00029543787,0.00045181252,0.0005065799,-5.7656318e-05,0.0022264645,9.712763e-06,-0.0003720438,-1.9134255e-05
ZNF30,-9.281002e-05,4.1794032e-05,6.0534105e-05,0.00014007371,-0.0016004369,-0.00024446193,-0.00013675448,5.195383e-06
MVB12B,-0.0005556904,-0.0013282448,-0.0012315046,0.00036648195,-0.0028024018,-0.00022700801,0.0006679958,7.37767e-05
DTX2,0.00026986003,0.0001887884,0.00027923845,-8.4244646e-05,-0.00016389787,0.00015101489,-0.00013840664,-1.0813354e-05
TRIM65,0.00034527853,0.00020592846,0.00028593652,-0.00017224252,0.0006160289,0.00026527885,-9.562913e-05,-1.2952951e-05
FAAH2,-0.0002465304,-0.00032799877,-0.00031745434,0.00019799545,-0.0017249286,-0.00010207109,0.00012717769,2.2914493e-05
ZBTB25,1.6134232e-05,6.774999e-05,0.00016754307,4.3006614e-05,0.0012036487,-0.00017477898,-0.00018948596,8.365605e-07
CETP,0.00019154325,1.3990328e-05,0.00020276941,-0.00013133977,0.00045354664,0.00013399124,-5.9464946e-05,-6.1289174e-06
SLC39A4,-0.00019213371,-0.00063804537,-0.0004353486,3.3924356e-05,-0.0006241128,-1.2058765e-05,0.00030031241,3.0379975e-05
SLC17A3,-0.00020601228,-0.0004918277,-0.00036164,0.000115136616,-0.0011860132,-7.228553e-05,0.00020259153,2.6160269e-05
DEDD,-0.00023525767,-0.0001720041,-7.263571e-05,0.000114312395,-0.0016932338,-0.00013789441,7.9814345e-06,1.1204975e-05
LRRN4,-0.00021162629,-0.0004865732,-0.00035703555,0.000119164586,-0.001081422,-8.5116364e-05,0.00019404199,2.6134308e-05
CDK5,-2.9111281e-05,0.00012574531,0.00017710589,8.5476786e-05,5.3323805e-05,-0.00014209608,-0.00018728431,-1.3391254e-06
G6PC2,-0.00011410192,-0.00028739497,-0.00016896613,8.308515e-05,-0.00069090724,-4.767347e-05,8.1519596e-05,1.5576836e-05
APOBEC3D,7.619895e-05,-0.0002457071,-6.664358e-05,-9.509269e-05,0.00015632808,0.00016925856,0.000121536665,7.188879e-06
SOX12,-0.00013650954,-0.0006246716,-0.0004374329,7.038843e-05,3.671646e-05,-8.413475e-05,0.00024735276,3.263494e-05
TFB1M,0.0006512087,0.00021246634,0.000587523,-0.00048113614,0.0023045242,0.0005105855,-0.000113883056,-3.0334457e-05
ADCY1,-0.00030470267,-0.0004204847,-0.00030139647,0.00017150026,0.001556538,-0.0002740547,6.349664e-05,2.784771e-05
HSD17B8,-0.0001666341,-0.0003036093,-0.0002437029,0.00010860525,-0.0014996678,-4.2050146e-05,0.00012280513,1.9290135e-05
LRRC23,0.00021879561,8.5193664e-05,0.0002707541,-0.00018008985,0.0007817745,0.00011695456,-9.655114e-05,-9.335345e-06
ST3GAL5,-0.00023712963,-1.1254102e-05,1.1336058e-05,0.00017013773,-0.000332281,-0.00026820833,-0.00013951305,1.0988675e-05
RFC3,0.0002421923,8.2898885e-05,0.00030037947,-0.00019114278,0.0019938424,0.00015124772,-0.000116284005,-9.456999e-06
METTL2A,0.0003522504,0.00010039285,0.00042632222,-0.00032221433,0.0010901168,0.00024350546,-0.00010340568,-1.851283e-05
ACY3,-0.0002444107,-0.0006167721,-0.000512233,0.00019199215,-0.00093541294,-0.00015036901,0.000249519,3.5377336e-05
SVOP,-1.4845282e-05,9.7785145e-05,9.4398856e-05,0.00013602339,0.0011340454,-0.00020627072,-0.00020255987,6.126007e-06
SLC39A13,8.116104e-05,-0.00018158183,-4.289672e-06,-2.223067e-06,-0.000119276345,-5.7809986e-05,-1.052767e-05,8.158269e-06
NIPSNAP2,-0.00018824078,-0.0003411621,-0.00026402995,0.00013287552,-0.0010884553,-0.00010423269,0.0001112381,2.16458e-05
ROM1,3.1683594e-05,-0.00031637587,-0.00016522594,-5.8817677e-05,-0.00086691976,0.00013939198,0.00018121302,1.11894915e-05
RAB8A,4.332885e-05,-2.7133152e-05,-7.636845e-07,6.8293884e-05,-0.0022671148,3.7600286e-05,-2.0705163e-05,6.253482e-06
ST8SIA5,7.302873e-05,1.4232472e-05,0.00034048967,-0.00014674291,0.0033729672,-0.00020130165,-0.00023966562,-5.3418335e-06
TMEM198,-0.0003177654,-0.00036573224,-0.00022561848,0.0002118228,0.00019117445,-0.0004192125,-2.4778768e-05,2.6626978e-05
RMND1,0.00023736618,0.00060994364,0.00061745197,-7.030554e-05,0.0017691553,3.41041e-05,-0.00042618532,-2.6290072e-05
ZNF652,-1.128763e-06,-0.00013431162,2.004765e-05,-3.4951605e-05,-0.00020068139,0.00010318216,2.7090311e-05,5.385722e-06
MAGED2,-0.00038797222,-0.0007510148,-0.0005949009,0.00020460226,-0.0002259165,-0.00018765405,0.00030117203,4.0702755e-05
TRMT2B,0.00020886399,2.8565526e-05,0.00019259565,-0.00017415639,-0.00012675673,0.00020257663,-1.150649e-05,-7.875147e-06
VKORC1L1,4.172325e-06,-0.00057987496,-0.00038594753,-2.8882176e-05,0.00037581474,0.00011361949,0.00029411074,2.5658635e-05
GDF2,-0.00019992515,-0.0004468728,-0.00033087656,0.00012269523,-0.0010460839,-8.514989e-05,0.00017221458,2.4783076e-05
IFT57,-0.00015985966,-0.00032717176,-0.0001925528,5.7774596e-05,-0.00077008456,-0.00013612863,8.784607e-05,1.8958468e-05
FOXD2,-9.39779e-05,-0.00085831806,-0.00078818947,8.553732e-05,-0.0048837364,0.0003253799,0.0006353967,3.8723345e-05
TSG101,-0.0002916623,-0.0004342813,-0.0003056135,0.00019177422,-9.072572e-05,-0.00024862634,9.602029e-05,2.5861082e-05
ARHGAP1,5.9602782e-05,5.5877492e-05,0.00010768697,1.7359853e-05,-0.00058510154,4.5267865e-05,-6.8709254e-05,-9.599607e-07
CKAP2L,4.8385933e-05,-0.00060627796,-0.00032520667,-0.00018895231,-0.00013002753,0.00035201758,0.00039897673,1.7453218e-05
POT1,0.00022533908,0.00019334629,0.0003427975,-0.00020498037,-0.0001244545,0.00025341194,-9.072479e-05,-1.6088365e-05
OLA1,-4.274398e-05,5.8963895e-05,8.155778e-05,9.616837e-05,-0.00010188669,-9.004492e-05,-0.00012701284,3.8865255e-06
SDF2L1,-0.00026646443,-0.0001362674,-8.1617385e-05,0.00010445807,-0.0024019107,-1.9921921e-05,5.652383e-05,9.233481e-06
NPFFR2,-0.00017558038,-0.0004502982,-0.00030846708,7.835124e-05,-0.001261197,-3.6753714e-05,0.00018887036,2.313871e-05
DNASE2B,-0.00024213456,-0.00052207895,-0.00039176643,0.00013544783,-0.001081787,-0.00011308445,0.00020541903,2.8473907e-05
DEGS2,-0.00015708804,-0.00043186173,-0.00030032173,0.0001213029,-0.0002520904,-8.75704e-05,0.00013874099,2.357189e-05
KRR1,2.90405e-05,6.16312e-05,9.771064e-05,4.8117712e-05,-0.0018032938,6.682798e-05,-5.9201382e-05,-1.0344665e-06
ZNF35,9.933859e-05,5.579181e-05,0.00020663254,-6.7378394e-05,0.0013049394,9.871088e-06,-0.0001262268,-3.7315767e-06
HAPLN2,0.0002701208,0.00014382601,0.00039662048,-0.00031165592,0.0017618313,0.00027444307,-8.65832e-05,-1.8487568e-05
RS1,-0.00018486194,-0.00044438243,-0.00031424314,0.00011024065,0.00021629035,-0.00013651978,0.00013476983,2.4946406e-05
CENPN,6.567687e-06,-0.00027391687,-0.00013210624,-2.4741516e-05,0.00049286336,2.5292858e-05,9.706337e-05,1.27168605e-05
ZSCAN25,0.00019655935,0.0003580395,0.00052542984,-8.5540116e-05,0.0022916645,-0.00016873237,-0.00039469358,-1.6103848e-05
EFNA3,0.00018893741,-0.00032097474,-2.4447218e-05,-0.00020524208,1.3820827e-05,0.00029239058,0.00017345231,4.543108e-06
RBMS3,-0.0005887784,-0.00080987625,-0.00067035295,0.00025146827,0.002132006,-0.00041304156,0.00026622415,4.9778027e-05
TESPA1,-0.00011113472,-0.00042905286,-0.00028576516,3.308151e-05,-0.0012673512,2.006255e-05,0.00020336639,2.0585372e-05
TENT5B,-0.00028451346,-0.00043486618,-0.0002778005,0.00013465527,-0.00048302114,-0.00022163335,0.00010779686,2.363685e-05
BTN2A2,0.00026160292,-6.105751e-05,0.00019928999,-0.00018501654,0.0018789023,0.00016614236,-3.2501295e-05,-7.376424e-06
CARNMT1,0.00032610446,0.000113777816,0.000265304,-0.00014729798,-0.000110685825,0.0002718214,-7.037725e-05,-1.1588447e-05
UTP11,3.6515296e-05,-0.000139229,-3.553927e-06,-4.3120235e-06,-0.0010048077,5.509518e-05,1.7299317e-05,7.3779374e-06
APOA5,-0.00021708943,-0.00048895366,-0.00036055222,0.00012257323,-0.0011222437,-8.885935e-05,0.00019481964,2.6362599e-05
NDE1,3.3155084e-05,-0.000488285,-0.00037832744,-3.9270148e-05,-0.0019599274,0.00029975828,0.0003450606,2.1606218e-05
SLC46A1,0.000553038,0.00056883134,0.00075655803,-0.00027226564,0.0022240207,0.00030795764,-0.00036981236,-3.7364895e-05
ZNF23,0.0005051363,0.0004011765,0.000534188,-0.00023650657,0.0009264052,0.00032947585,-0.00023284461,-2.580299e-05
CSNK1A1,-0.00020232052,-0.00046123378,-0.00039677508,0.0001451755,-0.0014068112,3.7325546e-05,0.00023848284,2.5846064e-05
RABEPK,-0.00018948503,-0.00010386109,-5.9837475e-05,0.00012573134,0.00011189282,-0.00019956892,-5.192496e-05,1.2229313e-05
TBC1D32,0.00022922829,0.00015506148,0.00032483786,-0.00019651651,0.00020387024,0.00028511416,-7.635821e-05,-1.4963443e-05
CD5,-0.00018784963,-0.00046910718,-0.00032118522,0.00010125525,-0.00083292276,-8.910801e-05,0.0001748614,2.4446636e-05
TRABD2A,-0.00017836504,-0.00048240647,-0.000334939,9.121187e-05,-0.00028120726,-6.774161e-05,0.00018696766,2.4323119e-05
RRP8,-0.00029859133,-0.00047472306,-0.00026286207,9.021349e-05,-0.002201967,-0.00022063917,0.00016320497,2.206827e-05
E2F3,0.00018438138,-0.00025082007,-0.000103769824,-0.00017901696,-0.0008557141,0.00036287587,0.00022109598,6.3298503e-06
ABHD8,0.00019137561,0.000247512,0.00017823279,8.483697e-05,0.0008867532,-1.9476749e-05,-0.00021820609,-2.3999019e-06
TCTE1,-0.00013212115,-0.00039482862,-0.0002733767,7.953029e-05,-0.0011489466,-1.5525147e-05,0.00016604457,2.0342413e-05
SPAG4,-0.00014065392,-0.0003810227,-0.00031920336,0.00011911802,-0.0014619157,-2.6058406e-05,0.0001741238,2.2377702e-05
HOXB8,-0.00019902922,-0.00045480952,-0.00033471547,0.00012059044,-0.0011204183,-8.075312e-05,0.00017669704,2.5009736e-05
CLYBL,8.770265e-05,0.000105312094,0.00021365471,-0.00010134559,0.0005418509,0.0001343973,-7.4772164e-05,-8.429633e-06
BCL6B,1.183711e-05,-0.00031690672,-0.00019278936,3.3353455e-05,-0.0007852614,9.444542e-05,0.0001460407,1.3567391e-05
IGLON5,2.2647902e-05,-4.2099506e-05,7.7456236e-05,-3.4396537e-05,0.00053536147,4.6662986e-05,-3.072992e-05,2.0660227e-06
RAB5B,-0.000751026,-0.0014761593,-0.0013013668,0.00039897393,-0.003673941,-0.00026589166,0.0007298598,7.868698e-05
AASS,-0.00028628297,-0.00042504817,-0.0002542548,0.00010500755,0.0009305924,-0.00022612931,9.176321e-05,2.3052678e-05
SFXN5,-0.00058530085,-0.0010393132,-0.0009907801,0.00038919225,-0.0031143203,-0.00035285717,0.00046737492,6.416009e-05
DMRTA1,0.00010740012,0.00022996031,0.00035237707,-0.0001156684,8.121133e-07,4.0303916e-05,-0.00018888246,-1.207774e-05
CALR,-0.00017116033,-0.00023327395,-0.00016916543,0.00010508299,-0.00080067664,-7.542595e-05,6.688479e-05,1.5803264e-05
CSNK1G2,-0.00031699613,-0.00023870543,-0.00010613352,0.00013709627,0.0016805604,-0.00032763416,-6.2667765e-05,1.8291175e-05
DUSP4,-0.00060559995,-0.0007303152,-0.0006303638,0.0003209943,-0.0035998225,-0.00028860103,0.00030669756,4.3415464e-05
PDIA3,-0.00022923388,-0.0005317554,-0.00041434355,0.00010834169,-0.0018908307,-8.0103055e-06,0.0002662139,2.7264701e-05
PACSIN1,-2.3854896e-05,-3.118068e-06,3.8530678e-05,7.007271e-05,0.00033655763,-7.4427575e-05,-8.419901e-05,4.6879286e-06
ANKRD33,-4.9972907e-05,-0.00024184398,-0.00015133806,5.384721e-05,-0.00022307038,-1.4156103e-05,8.160714e-05,1.3107783e-05
GTF2B,-0.00034318492,-0.00041421503,-0.0003376305,0.00024238788,-0.0014472455,-0.00028621545,9.120442e-05,2.9172515e-05
NPTN,-0.00024995394,-0.0005534701,-0.00040648133,0.00010247994,-0.0022320822,-7.607788e-05,0.00024953764,3.0165305e-05
TBC1D22A,0.00016673654,0.0002986677,0.00042835064,-0.000101792626,0.00025182962,9.5735304e-05,-0.0002350146,-1.6440637e-05
SCTR,-0.000104306266,-0.00028921105,-0.0002181232,9.121187e-05,-0.0009104684,-1.7325394e-05,0.00011080969,1.7681392e-05
ZDHHC3,0.00014198571,-2.1345913e-06,0.00015611574,-0.00012539048,0.00071076304,0.00012626685,-3.75323e-05,-3.138557e-06
NECAB3,0.00020062178,-9.91486e-06,-2.93646e-05,1.3767742e-05,-0.00020431727,0.00019731652,2.0058826e-05,4.187459e-06
SLC25A51,0.00040528737,0.0004176125,0.00060267746,-0.0002870392,0.0012965649,0.0002709506,-0.00026353355,-2.6260735e-05
ARL8A,-0.00023851916,-0.00036018528,-0.0002050586,7.2745606e-05,-0.00035318732,-5.5226497e-05,0.00012665521,1.7033773e-05
GAK,0.00029740855,2.4819747e-05,0.00023468025,-0.00018476229,0.0011425167,0.00018958561,-6.0245395e-05,-8.128933e-06
STK19,0.00038163736,-6.103888e-06,0.00034081377,-0.00031854492,0.00074359775,0.00027286075,-3.132131e-05,-1.551502e-05
MYOZ3,0.00020843185,0.00036989525,0.0004964005,-7.7357516e-05,0.00017979741,5.117245e-05,-0.0002856562,-2.1876418e-05
ZNF540,0.00028727576,0.0006275531,0.00059088133,-6.494019e-05,0.00072995573,6.11078e-05,-0.00039876532,-2.6050373e-05
ZNF233,0.00011314638,0.0001671426,0.00016649254,3.4932047e-05,0.00025548786,0.00010568835,-0.00012157019,-5.553011e-06
POLR2F,0.00018948689,-0.00012534857,0.000120451674,-0.00015269965,0.0013598874,0.00011845585,-4.8633665e-06,-2.4028122e-07
EMC3,-5.6233257e-05,-5.102344e-05,0.00015649758,-1.6141683e-05,0.0017573386,-0.00017699273,-0.00014802162,3.3921096e-06
SHBG,-0.00010321848,-0.00035656244,-0.00022121705,5.827099e-05,-0.000576742,-2.5816262e-05,0.00013031345,1.8200139e-05
WDR47,-0.00014328212,-0.00035221316,-0.00021877699,8.483883e-05,-0.0014239624,1.3039447e-05,0.00013998523,1.8246355e-05
TLE6,0.00016270019,7.789582e-06,0.00017175823,-0.000102009624,-0.00068678707,0.00018598698,-2.0627864e-05,-6.286078e-06
SUPT3H,0.00041108206,0.0006047357,0.0008378457,-0.00028983504,0.0022066087,8.571707e-05,-0.00045132358,-3.726827e-05
ARFIP1,0.00018805265,6.0563907e-05,0.00018345751,-1.932215e-05,0.001018852,3.28999e-05,-0.000135337,-3.4635887e-06
SNPH,0.00025193766,0.0004220605,0.00074552186,-0.00029354356,0.0028388798,-4.4979155e-05,-0.0003997581,-2.9950053e-05
C9orf43,-7.230975e-05,-0.00032766536,-0.00023095496,9.614602e-05,-0.001200296,-3.2050535e-05,0.000115129165,1.9008294e-05
MAPK1,-0.00011275709,-0.00023991428,-0.00014882348,5.7469122e-05,-0.00022189319,-4.9090013e-06,7.9617836e-05,1.4294055e-05
ZNF300,-0.0002948884,-0.00039207377,-0.00025796704,0.00019443687,-0.00015975535,-0.0002922658,3.9843842e-05,2.6021036e-05
B3GAT2,1.809001e-05,-0.00027192198,-0.00012833998,-8.461159e-05,-0.0013735592,0.00024016108,0.0002011573,7.760711e-06
CPA5,-0.00010534935,-0.000397427,-0.00019988604,-5.326234e-06,-0.0007887259,3.813114e-05,0.00017019454,1.634343e-05
KDM4E,-0.00021708943,-0.00048895366,-0.00036055222,0.00012257323,-0.0011222437,-8.885935e-05,0.00019481964,2.6362599e-05
SH2D2A,-0.00016781501,-0.00042178668,-0.00028825924,6.560609e-05,-0.00067299604,-1.6828999e-06,0.00018562563,2.1004002e-05
ZFPL1,0.00013927743,0.0002878122,0.00039401278,-3.1949952e-05,0.0017304942,-0.000114168506,-0.00031639915,-1.0221847e-05
HOXB13,-0.00021068938,-0.00048221461,-0.00035033748,0.00011854246,-0.0010478869,-8.9623965e-05,0.00018879212,2.5859219e-05
FAM83C,-0.00022015162,-0.0005149748,-0.00039021857,0.00012562051,-0.0011584088,-8.268375e-05,0.00021458138,2.7751317e-05
CYBA,-0.00011055358,-0.00013594888,-0.0002795253,0.00023771357,-0.0013419837,9.568408e-06,8.304976e-05,1.9109924e-05
ABRA,-0.00016438216,-0.0004597716,-0.00031589903,9.146519e-05,-0.0006026849,-6.5647066e-05,0.0001746947,2.3952802e-05
SERINC3,-0.00014046021,-0.0002573058,-0.00018566102,5.982723e-05,-0.00071331114,1.3671815e-05,0.00011521764,1.6174512e-05
BACE2,1.7169863e-05,0.00016607158,0.00012514368,0.00012786407,6.121397e-05,-0.00012115296,-0.00018886011,1.1065276e-06
KPRP,-0.00021708943,-0.00048895366,-0.00036055222,0.00012257323,-0.0011222437,-8.885935e-05,0.00019481964,2.6362599e-05
TNIP3,0.000119389966,-0.00015054084,2.4409965e-05,-9.391643e-05,0.0008665323,0.00016991328,5.6859106e-05,1.742621e-06
WDR92,9.240955e-05,0.00014741905,0.00033154152,-5.882047e-05,0.0019416213,-0.00017373217,-0.00026143808,-6.8905065e-06
OPRK1,0.0005462244,0.00066548213,0.00092380494,-0.00031906366,0.004133962,0.00018066075,-0.00050541665,-4.2692176e-05
GLMN,0.00026754476,7.0286915e-05,0.0003850758,-0.00024316553,0.0023149252,9.240862e-05,-0.00016299915,-1.187867e-05
AGT,-0.0009138398,-0.0016519893,-0.0016600806,0.00048752408,-0.0068708584,-0.00024601258,0.0009912904,8.9567155e-05
SMAP1,-0.00015452318,-0.00019266084,-5.2860007e-05,6.5569766e-05,-0.00054783374,-8.994993e-05,3.9227307e-06,1.20144105e-05
GCH1,0.0002777893,0.0003968794,0.000555072,-0.00021171942,0.00032038987,0.00025458168,-0.00022499543,-2.7822214e-05
ZSCAN21,0.000119030476,0.00011602044,0.00019118935,-0.00011301413,2.8938055e-05,0.00015961193,-6.4216554e-05,-5.443115e-06
RRAGD,0.00036587566,0.00018166378,0.0004961584,-0.00037811976,0.003237754,0.0003152173,-0.00014260877,-2.2805529e-05
USP9X,-0.00020319782,-0.0006871801,-0.00046880916,7.625949e-05,-6.669015e-05,-5.283486e-05,0.0002937857,3.301294e-05
POMC,-0.00012499467,-0.00046962686,-0.00036348403,0.000110446475,-0.0011745393,-4.7204085e-05,0.00019941758,2.594688e-05
C11orf96,-0.00024887174,-0.00034750812,-0.00019105338,0.00015214738,0.00030324608,-0.00022039982,2.3896806e-05,2.0754407e-05
ADGRB1,-0.00037349574,-0.00029109232,-0.00040612184,0.00035774242,-0.0024786815,-0.00019669207,9.2764385e-05,3.0196272e-05
ZNF526,-0.00026201643,-0.0003294088,-0.00022168458,0.00017257035,0.00013350695,-0.00023486186,3.5551377e-05,2.2066175e-05
SLC30A3,1.4729798e-05,0.00015188381,0.00026723742,1.3434328e-05,0.000100426376,-7.275026e-05,-0.00020322856,-6.078044e-06
PRMT3,-4.0974468e-05,0.00033730268,0.00019288063,0.00017428305,-0.0014212951,-0.00017608376,-0.00025821012,-2.2082822e-06
CCDC86,0.00040234812,0.00038784742,0.00055751204,-0.0003004009,-0.0002707094,0.00038055982,-0.00016515981,-3.0010007e-05
UBE2J1,-0.00020630844,-0.0006324332,-0.00054930337,0.00013911817,-0.00078745186,-2.7776696e-05,0.00031951722,3.4310273e-05
SOX21,-0.00045111403,-0.0004340168,-0.00034594163,0.00022503361,-1.2643635e-05,-0.00036846474,6.769039e-05,3.0760886e-05
C8orf34,-0.00036363304,-0.0007030424,-0.0006283317,0.00024761818,-0.0005444214,-0.00030989805,0.00027412735,4.2005675e-05
B4GALT5,-0.00042741,-0.00097413175,-0.0007864777,0.00021698792,-0.0017710179,-0.00024316926,0.00043844618,5.1402138e-05
CCDC137,-2.5143847e-05,-0.00027643144,-7.381849e-05,-6.898027e-05,-2.7045608e-05,0.0001373021,0.00012211781,8.021016e-06
NHLRC3,0.00025050156,0.0001218915,0.00028724223,-0.00012306962,0.0016154945,0.00013905112,-0.00013499986,-1.0868767e-05
SERPINE1,1.5152618e-05,-0.00022263452,-8.736178e-05,7.600617e-05,0.00037579238,-2.0022504e-05,1.43880025e-05,1.10698165e-05
CREB3L2,0.00028144568,0.00047956593,0.0006293114,-0.00016407948,0.0022655576,7.638428e-05,-0.0003709728,-2.7152128e-05
ST3GAL2,1.9557774e-06,-4.4506043e-05,3.820099e-05,-3.3020973e-05,-0.001137808,9.9376775e-05,2.7650967e-05,1.6922131e-06
PCYT1B,0.0003262572,0.00023762323,0.00026443414,-7.009506e-05,0.0006379038,0.00015684217,-0.000152261,-1.0862248e-05
ASB5,-0.00019065477,-0.00044603832,-0.00031466596,0.00011516083,-0.00060482323,-0.000103580765,0.00015376508,2.4776557e-05
POU5F1B,-0.00014383718,-0.000367634,-0.00023423508,8.9826994e-05,-0.0015428737,-3.3023767e-05,0.0001383014,1.9263825e-05
NECAP2,-0.00012095645,1.7799437e-05,-4.861504e-07,0.00011754315,-0.0002657622,-0.00010735029,-7.6723285e-05,7.184106e-06
RBP4,0.0001848787,-6.858446e-05,9.500608e-05,-0.0001236517,0.0018186271,0.00021487474,9.489246e-06,-1.6244594e-06
MPV17,-8.678436e-05,-0.00022764318,-0.00019472837,0.0001433529,0.00048053265,-0.00017596548,1.360476e-05,1.9254046e-05
GAS2,-0.00012794882,-0.000115862116,-8.828938e-05,0.000100764446,-0.0014430061,-9.015296e-05,-1.5599653e-06,1.2936187e-05
GABPB2,4.582107e-05,0.00017417222,0.00018817186,1.290068e-05,0.00013341755,2.5465153e-05,-0.00014800299,-3.363355e-06
RPL18A,-0.00012237765,-0.0005096812,-0.000345828,8.1151724e-05,0.00010675192,-1.897756e-05,0.00020035356,2.5437912e-05
OGFRL1,9.1291964e-05,-0.00020002946,-8.210912e-05,5.756505e-06,-0.0006484166,3.685523e-05,5.8043748e-05,1.0222895e-05
FAM124A,0.00012763403,0.0003006775,0.00042152032,-0.00010447297,0.001991123,3.2305717e-05,-0.00025304686,-1.6804202e-05
COQ5,0.00010113418,-0.00025606155,-6.952882e-05,-0.00010842085,-0.0008257702,0.00020751357,0.0001590196,5.8469595e-06
GZMB,-0.00024866313,-0.00057864934,-0.00047823414,0.00015249476,-0.0014379844,-7.8808516e-05,0.00026407186,3.1954492e-05
IL23R,-0.00016947463,-0.0006038118,-0.0004970636,0.000125858,-0.0020123497,4.7273934e-06,0.0003067106,3.1479867e-05
AGK,2.9521063e-05,0.00011283904,0.00011922605,7.671304e-05,-0.0010369197,-9.290129e-05,-0.00014331844,2.0035077e-06
SLC46A2,-0.00020340085,-0.00048419647,-0.0003559962,0.00012127869,-0.0010897815,-8.707866e-05,0.0001905188,2.613361e-05
NPHS1,-1.0399148e-05,-0.00029791892,-8.643977e-05,1.804065e-05,7.979572e-05,-6.3174404e-05,4.4689514e-05,1.2576813e-05
PCDHB8,-0.00029938854,-0.0004974101,-0.00037685782,0.00016663875,-0.0011383817,-0.0001915791,0.00016640406,2.9475428e-05
ZNF648,-0.00021708943,-0.00048895366,-0.00036055222,0.00012257323,-0.0011222437,-8.885935e-05,0.00019481964,2.6362599e-05
CLUAP1,-4.191324e-05,2.9020011e-05,0.00013870001,5.9089623e-05,0.00096550584,-0.0001759287,-0.00016721431,2.0844163e-06
KBTBD13,-7.755868e-05,-0.00026244484,-0.0001449734,3.960915e-05,-0.0007259697,-1.1976808e-06,9.01185e-05,1.3926416e-05
SLC16A2,-0.00019301288,-0.00035821088,-0.00034676865,0.00012084935,-0.0015197322,4.219357e-05,0.0002024835,2.281461e-05
PGGT1B,0.00036831573,0.00046297535,0.00049599446,-0.00011706818,0.00046186894,0.00021881144,-0.00028025452,-2.226187e-05
PSMD8,3.909692e-06,-7.88644e-06,9.775348e-05,4.2002648e-07,0.0006201863,-1.2014061e-06,-7.2984956e-05,1.7798739e-06
WIPF2,0.00018191524,-1.8825755e-05,0.00032625347,-0.0002532294,0.0033372492,4.0174462e-05,-0.00012939703,-9.090407e-06
MFSD9,-0.0002167616,2.387166e-05,7.0836395e-06,0.00021092221,-0.00039248914,-0.00032473262,-0.00017792638,1.1591008e-05
THOC6,-0.00063616596,-0.0007900521,-0.0005966872,0.0003087772,6.146729e-06,-0.00058133435,0.00017881487,4.8523536e-05
EXTL2,-0.00019254722,-0.00046476535,-0.00021529011,5.408749e-05,0.00036609918,-0.00015487242,0.00010944903,2.066628e-05
CWC27,-0.00027045794,-0.00028193742,-0.00019391254,0.00010611862,-0.0009762123,-0.00014492171,7.348508e-05,1.9705622e-05
ADK,3.888458e-05,-7.669255e-05,0.00014507025,-0.0001337342,-0.00039254874,0.00010839198,9.634532e-06,-3.7130667e-06
B4GALT6,0.00045832992,0.00077348575,0.0008295756,-0.00021638256,0.0008953437,0.00018805917,-0.00046011526,-4.100066e-05
CAP2,7.504225e-05,-0.00020107627,-7.01379e-05,-1.6433187e-05,-0.000351578,8.4990636e-05,6.285589e-05,9.66643e-06
CERS1,3.0860305e-05,-0.0001920797,-0.00027508475,9.5686875e-05,-0.0020488724,0.00016380101,0.00016714167,1.521979e-05
LANCL1,-7.830188e-05,3.9005652e-05,0.0002450496,4.8864633e-05,0.0006203577,-0.00019160425,-0.00021684449,-1.5404075e-06
VWA1,-5.9543177e-05,-0.0002682656,-0.00018626079,9.802356e-05,-0.00031585246,-3.1261705e-05,7.363595e-05,1.5675672e-05
REEP3,-4.229322e-05,-0.000143148,-0.00013847277,0.00013160333,-0.0012494177,-5.2483752e-05,1.9701198e-05,1.4018151e-05
DIRC2,-0.00021708943,-0.00048895366,-0.00036055222,0.00012257323,-0.0011222437,-8.885935e-05,0.00019481964,2.6362599e-05
TMOD2,-0.0002810061,-0.00040850602,-0.00019058771,0.00012952834,-0.00078163296,-0.0002281391,6.6822395e-05,2.066372e-05
GPR142,-0.00021708943,-0.00048895366,-0.00036055222,0.00012257323,-0.0011222437,-8.885935e-05,0.00019481964,2.6362599e-05
STAC,0.0003104098,0.000219848,0.0002608411,-7.993635e-05,0.0009884685,0.00017733686,-0.00014471542,-1.06168445e-05
TAB1,-1.21649355e-05,0.00014108978,0.00019677542,5.522743e-07,0.0012732148,-0.00010932423,-0.00018785428,-1.7455313e-06
PNMA3,0.00034734234,0.00030400604,0.00039394945,-0.00013901014,0.0012746453,0.00015958957,-0.00022097956,-1.4667516e-05
GNPTG,-0.00013202615,-4.9374998e-05,9.004027e-05,3.0866824e-05,-0.0005280897,-0.00014736084,-9.259302e-05,4.7028298e-06
PAQR6,0.00038809516,0.0006199572,0.0007269159,-0.00014934782,0.0021920875,-2.5995076e-05,-0.0004825974,-3.056007e-05
C11orf49,-0.0001609493,-0.00022519007,-0.00013965927,0.00011423137,-0.001620546,-0.00014439085,3.174506e-05,1.6435632e-05
SKAP1,-0.00023394078,-0.0005223248,-0.00040076487,0.00013485085,-0.0013274178,-8.857716e-05,0.00021859538,2.8407783e-05
TCEA2,0.0004469715,0.00016507693,0.00024702586,-0.00027083047,-0.0001392588,0.00054686423,3.1795353e-05,-1.525355e-05
FBXO44,-8.188933e-05,-9.213388e-05,-7.900037e-05,0.000113247894,-0.001078032,-7.31023e-05,-1.5436672e-05,1.2232806e-05
GAL3ST3,0.00021711178,0.00041009672,0.00048934855,-8.069072e-05,0.0021012798,-1.3465993e-05,-0.00034377258,-1.7636805e-05
SASH3,-3.6308542e-05,-0.00029393658,-0.0002414994,0.000118212774,-4.657358e-05,-3.951229e-05,9.268336e-05,1.965114e-05
ATXN10,-2.2739172e-05,-0.00014271401,-7.002428e-05,4.9098395e-05,-0.0008048713,2.224464e-05,3.0690804e-05,1.035654e-05
LACTB,0.00022316165,-2.2798777e-05,0.0002501253,-0.00025705714,0.0019422099,0.00018280931,-3.5460107e-05,-8.218922e-06
SFXN1,-7.842854e-05,-0.00017168187,-8.456409e-05,4.402455e-05,-0.00085647404,1.5636906e-06,3.9648265e-05,1.1995318e-05
PEX3,0.00042199902,0.00053791143,0.0006594416,-0.00017292425,0.0019162297,8.2151964e-05,-0.0004112115,-2.6449678e-05
FBXO28,0.00045142882,0.0006545596,0.0007245336,-0.00024613645,0.0020344704,0.00027414318,-0.00037538167,-3.523368e-05
IRX1,0.00016427413,0.0005216934,0.00038142316,0.00015223492,-0.00013258308,1.0857359e-05,-0.000358128,-1.5248079e-05
GPR137B,0.00012992881,-7.073395e-05,2.7874485e-05,-5.427748e-06,-0.00030355155,5.66924e-05,-1.968816e-05,4.142872e-06
ARG1,-0.00016703829,-0.00048737787,-0.00034695677,9.112805e-05,-0.0008063838,-4.920643e-05,0.00020196661,2.5150483e-05
RNF219,-0.00021708943,-0.00048895366,-0.00036055222,0.00012257323,-0.0011222437,-8.885935e-05,0.00019481964,2.6362599e-05
TEX9,0.0003201384,0.0004633963,0.0007001683,-0.00026190002,0.0006265342,0.00014128722,-0.00033469964,-3.2214564e-05
P4HB,-0.0002397243,-0.0003709104,-0.00025767088,0.0001231255,-0.00055767596,-0.00016395608,0.00010235142,2.2578053e-05
ANKRD54,0.00022734143,0.00033597276,0.0004111193,-0.00010994449,0.0016433,2.4912879e-05,-0.0002636118,-1.5704078e-05
CDC7,0.00029481947,0.00023024157,0.00034549832,-0.00017846003,0.00087216496,0.00029070955,-0.00012390781,-1.599011e-05
LPO,-9.888783e-05,-0.00017784163,-0.000100933015,9.876024e-05,-0.0016862527,-2.9304065e-05,3.777165e-05,1.1638738e-05
TRAPPC4,-0.00026382506,-0.00054346584,-0.00040632673,0.00012837723,-0.001500383,-7.697195e-05,0.0002309503,2.9870076e-05
ZNF836,0.0002541095,0.00046389364,0.00070122443,-0.00027970783,0.0025525242,0.00013116933,-0.00034622382,-3.0736206e-05
SMS,-2.855435e-05,-0.00024605915,-0.000121206045,-1.8737279e-05,-0.0010794401,0.00013768673,0.00013621524,1.0928954e-05
CALCRL,-0.000254903,-0.0008543264,-0.0007025823,-1.1176802e-05,-0.0038658455,0.00024010055,0.0006056307,3.4980243e-05
TRMT11,-0.00017448701,8.9207664e-05,4.308857e-05,0.00010481477,-0.0024739504,-9.966176e-05,-7.953495e-05,4.7750073e-06
SRSF2,-0.00012404472,-0.0004293993,-0.00029558502,5.410146e-05,-0.0006120652,3.8667582e-05,0.0001969384,2.1716347e-05
IKZF3,-3.9810315e-05,-0.00016718917,1.18128955e-05,-1.575984e-05,0.0012202486,-3.56948e-05,-1.9348226e-05,7.9676975e-06
ZKSCAN4,5.9789047e-05,-2.6639551e-05,0.00012956187,-0.00011946913,0.0010055006,0.0001263246,-2.0634383e-05,-2.1719607e-06
ZBTB22,0.00043655373,0.00031228364,0.0004550796,-0.00027516205,0.002581969,0.00034607574,-0.00016141031,-2.3011467e-05
GBGT1,-0.00013789907,-2.9930845e-05,8.0561265e-05,0.00010242872,0.00036138296,-0.00023651635,-0.00013619568,5.0767558e-06
TRIM58,8.568168e-05,-2.5691465e-05,0.00022166967,-0.00011088047,0.0009971336,1.894869e-05,-9.53367e-05,-4.1509047e-06
PLOD2,-0.00017045438,-0.00066800416,-0.00044489652,1.4292076e-05,3.720075e-05,-6.832648e-05,0.00029686932,3.009336e-05
KCTD8,0.00020344555,-5.917065e-05,0.0002087485,-0.00021887943,0.0015695393,0.00014514569,-2.7348287e-05,-5.451846e-06
CIAO1,-0.00017118454,-0.0002819784,-0.00016757101,0.0001329016,-0.001072757,-0.00013521966,4.7449954e-05,1.7695478e-05
AGA,-9.976327e-06,-0.00025586225,-4.1766092e-05,-0.0001341952,-0.0013679862,0.0001518419,0.00016327389,3.9301813e-06
ADAM2,-0.00019897707,-0.0004908927,-0.00035779923,0.00010863226,-0.0009306073,-7.2187744e-05,0.00019849837,2.6129303e-05
RFC2,-6.122701e-05,-9.160675e-05,-7.661618e-05,9.423308e-05,-0.00052815676,-1.5377067e-05,1.6310252e-05,8.3009945e-06
MBOAT4,-0.00021513179,-0.00036092848,-0.00028180704,0.0001785392,-0.0013404265,-0.00016451301,9.670574e-05,2.3434637e-05
SMYD5,-0.00012829714,-0.00027346238,-0.00017292239,0.00015507359,0.0002901703,-0.00028330414,-1.2754463e-05,1.9441592e-05
ST6GALNAC6,0.0001463797,3.197603e-05,0.00011794828,-4.0957704e-05,0.0013642162,8.6334534e-05,-7.975288e-05,-4.4098124e-07
STK17A,-0.0002652891,-0.00053231604,-0.00049799494,0.00024416298,-0.0026899427,-0.0001850063,0.00022042263,3.540679e-05
SLC8A1,-0.00023213774,-0.0007570181,-0.00044913217,-6.8857335e-05,-0.0024046302,0.00013667252,0.00043603778,2.7683564e-05
SPATA6,-0.00011790916,-0.00012611039,-8.539297e-05,3.9578415e-05,-0.00045409054,2.9062852e-05,5.6646764e-05,8.667819e-06
RPL10L,0.00012140535,0.00033325516,0.00035299174,-1.3498589e-05,0.00024918467,-9.408221e-06,-0.00026359688,-1.0747579e-05
ZNF573,-0.00012765825,0.00025386363,0.0003202837,0.00012895372,0.0017545223,-0.00031030597,-0.00034892838,-5.618669e-06
FGF3,-0.00021708943,-0.00048895366,-0.00036055222,0.00012257323,-0.0011222437,-8.885935e-05,0.00019481964,2.6362599e-05
RDH11,-9.656511e-05,-0.00026692636,-0.00022438727,0.00012462027,-0.001084514,-9.575859e-06,9.9771656e-05,1.781364e-05
ZNF385A,-0.0002737809,-0.0001735352,-0.00021209754,0.00033156108,-0.0016649067,-0.00039102882,-7.379055e-05,2.2928696e-05
DUSP1,-0.00015341118,-0.00042512268,-0.00029447302,0.00012179464,-0.00080898404,-2.3010187e-05,0.00016085058,2.2034044e-05
CUTC,0.0002784785,0.00016962737,0.00022178516,-9.891018e-05,0.0007625744,0.00020378269,-0.000105143525,-8.661998e-06
SYT11,-0.00034692138,-0.0008285213,-0.00070072524,0.00023413077,-0.0014638528,-0.00013835728,0.00037150085,4.539406e-05
SDE2,-0.00020437688,-0.00016121753,-9.3827024e-05,0.00015538372,-9.62913e-05,-0.00019312231,-4.2244792e-05,1.4489051e-05
FICD,-3.3712015e-05,-0.00025248528,-8.741394e-05,-3.148336e-05,-0.001265198,0.0001169974,0.00013848394,6.8523223e-06
B4GALT4,0.00021332875,8.990057e-05,0.00040795282,-0.0001783343,0.0007318109,4.1839667e-05,-0.00018364843,-1.465634e-05
ITGA5,-0.00025155954,-0.0003694836,-0.00035695918,0.0002689585,-0.0010968298,-0.00021129567,8.718576e-05,2.7084956e-05
PPP2CA,-8.4821135e-05,-0.00013085268,-3.727153e-05,7.192418e-05,-0.0002591312,-2.5668181e-05,-9.26666e-06,9.487034e-06
SLC39A14,0.00033847615,0.0004782509,0.0006244946,-0.00024597254,0.0017966256,0.00018731412,-0.00030988548,-2.8764596e-05
SLC16A3,4.8259273e-05,-0.00018164143,-0.00014817901,6.9970265e-06,-0.0008973107,0.00022124965,0.00013450999,9.977724e-06
FAM83F,-0.00020441972,-0.00047550164,-0.00034023635,0.00011462718,-0.000977613,-9.0299174e-05,0.00018279906,2.5367015e-05
PRKCB,-0.00043344684,-0.00095575675,-0.0010145698,0.0004199734,-0.0044485927,-7.369742e-05,0.00053739175,5.8842124e-05
CCDC120,-4.068762e-05,-0.00039536878,-0.00017574057,-5.3098425e-05,-3.1225383e-05,-1.2028962e-05,0.00014996156,1.6537379e-05
NT5C3B,-1.4960766e-05,-0.0004004296,-0.00018634833,-2.4665147e-05,7.712841e-05,6.224774e-05,0.00015424844,1.5920727e-05
NECAB2,0.00043989532,0.00018206425,0.00033484586,-0.00023827888,0.001940839,0.0003394112,-7.923227e-05,-1.7895363e-05
POU1F1,-0.00021162629,-0.0004865732,-0.00035703555,0.000119164586,-0.001081422,-8.5116364e-05,0.00019404199,2.6134308e-05
PRKACA,-0.00012677349,-0.00062999316,-0.00048970245,7.280335e-05,-0.0015203059,-2.6648864e-05,0.00031104963,3.31637e-05
SIRT2,8.448213e-05,5.5456534e-05,0.0002215039,-9.784475e-05,0.00048349053,6.433856e-05,-9.052921e-05,-6.5303175e-06
NR1H2,0.00033792108,0.00013384223,0.00035799854,-0.00028338656,0.0011096969,0.00035266113,-5.8032572e-05,-1.7166138e-05
HSPB1,-5.1740557e-05,-0.00011953525,-9.6017495e-05,0.00013024826,-0.0008466393,-7.069949e-05,-9.228475e-06,1.20357145e-05
INPP5D,-0.00010177679,-0.0005041994,-0.0003790334,7.318985e-05,-0.0011904612,6.153621e-05,0.0002652835,2.3712637e-05
NSUN6,0.0002956614,0.00030134246,0.00045800954,-0.00024221558,0.0014213547,0.0002816161,-0.00016105082,-2.2430904e-05
SLC16A9,-0.00028366037,-0.00033084303,-0.0002798196,0.0001377482,0.00063917786,-9.378046e-05,9.252224e-05,2.3780973e-05
AP5B1,0.00042974576,0.00030703284,0.00051045977,-0.00026308373,0.0021500885,0.00029377174,-0.00020202715,-2.4725916e-05
SNX5,-6.916933e-05,-0.00023678504,-7.448904e-05,4.0642917e-06,-0.0001784414,-4.2156316e-05,4.6429224e-05,1.1222204e-05
ECH1,8.7264925e-05,-3.351271e-05,5.8803707e-05,-4.9099326e-06,0.0010493249,4.0332787e-05,-5.0520524e-05,3.254274e-06
MYLK2,0.0003140606,5.4880977e-05,0.00023906678,-0.00012185704,0.0013867393,0.00014717504,-0.00010678079,-8.067815e-06
NKX2-4,-0.00016072765,-0.00038781948,-0.00029233284,0.00010545645,-0.0010960177,-4.5908615e-05,0.00015997235,2.1610875e-05
TRADD,-0.000101447105,-0.00033276528,-0.00023123622,9.281095e-05,0.00012384355,-2.0436011e-05,0.000110480934,1.8595718e-05
FAM98C,7.036328e-05,-6.38403e-05,0.00012364052,-0.00011319667,-0.0011856928,4.811678e-05,-2.794899e-06,-1.576962e-06
HOXA5,-0.0003148131,-0.00062027946,-0.00047328137,0.00016764458,-0.0019898638,-0.0001816582,0.00024887268,3.375439e-05
GRSF1,-0.00014438853,-0.0003735125,-0.00028099678,7.3793344e-05,-0.000260517,-3.0909665e-05,0.00015282352,2.1661283e-05
NOSIP,0.00010034628,-7.970445e-05,1.5784055e-05,-4.2970292e-05,0.00043666363,8.220319e-05,5.736947e-06,4.6988716e-06
RIOK1,-2.974458e-05,2.3338944e-06,0.000115001574,-1.9771978e-05,-0.0010643005,-3.994722e-05,-6.8702735e-05,1.9758008e-06
PIP4P2,-9.915605e-05,-0.00010496937,1.563318e-05,4.6572648e-05,-0.0003851205,-0.0001288401,-5.5056065e-05,8.559553e-06
MROH1,0.0001361277,-0.00015613623,-0.00014482439,-6.3991174e-06,-0.0007191673,0.0003289692,0.00016011856,6.9106463e-06
GJD4,-0.00022641197,-0.00046566315,-0.00029704347,7.729884e-05,1.9349158e-05,-0.00010698615,0.00015894324,2.399506e-05
HMX2,-5.230494e-05,-0.00016233325,5.0099567e-05,-3.77018e-05,-0.0008232966,-1.7375685e-05,1.34296715e-05,3.2687094e-06
EFCAB14,-8.016825e-06,-0.00042009912,-0.00031704828,-3.1134114e-06,-0.0003954023,0.00016568415,0.00024897046,1.978653e-05
SERPING1,-2.1968037e-05,-0.0004293248,-0.00019305013,-8.5933134e-05,0.0006609708,6.494578e-05,0.0001768088,1.7394545e-05
PROZ,-0.0001768414,-0.00041148253,-0.0002974756,0.0001126593,-0.0008110106,-7.675309e-05,0.00015208032,2.285093e-05
FCRL4,-9.354204e-05,-0.0003747139,-0.00026714243,3.8303435e-05,-0.0013719127,8.798763e-05,0.00020097382,1.805427e-05
DDI1,-0.00021708943,-0.00048895366,-0.00036055222,0.00012257323,-0.0011222437,-8.885935e-05,0.00019481964,2.6362599e-05
UGT2B10,1.5053898e-05,-0.00013003312,-5.9539452e-05,2.7380884e-05,-0.0005240366,8.7362714e-05,4.7042966e-05,7.1153045e-06
CCDC82,-0.0004458148,-0.000835333,-0.0006666146,0.00022401474,0.00045711547,-0.00028371252,0.00031389762,4.6880683e-05
PRTFDC1,0.0002639629,-3.1838194e-05,0.00013810396,-0.00017950404,0.0003220439,0.00020875689,1.1814758e-05,-3.6802376e-06
ZNF671,0.00019114092,7.421151e-05,0.00020160154,-4.5570545e-05,0.0016702712,-8.331612e-06,-0.000149169,-3.4010736e-06
VCAM1,-0.0002722647,-0.0004348792,-0.0002987031,0.00020943675,0.00068020076,-0.00031053834,5.3337775e-05,2.502068e-05
SCAP,-4.0886924e-05,-0.0001712311,-4.36157e-05,3.2503158e-05,0.00017052889,-8.466281e-05,1.9939616e-06,9.05199e-06
UBXN4,-0.00013837218,-0.00042756274,-0.0002766233,6.915722e-05,-0.00072761625,-9.631738e-06,0.00017249957,2.1263026e-05
BTBD18,-0.00037550554,-0.0003277883,-0.0003617052,0.00032928959,-0.0019424483,-0.0004024855,3.6430545e-05,3.0403957e-05
TNFRSF11B,-0.00014124997,-0.00020481832,-0.00016883016,9.655859e-05,-0.0025179833,2.0843e-06,0.00010203477,1.2838398e-05
CEP72,0.00027659163,0.00023597851,0.00015526637,-3.7811697e-07,7.4505806e-07,0.0002241917,-0.00010274071,-6.102957e-06
IRGQ,-0.00038209558,-0.00083710067,-0.00073669665,0.00022611767,-0.0011723861,-0.000110910274,0.00040128827,4.7034235e-05
LIPA,-0.00013211183,-8.814037e-06,-3.6682934e-05,0.00012178719,-0.00034868717,-0.000102510676,-5.4154545e-05,7.794355e-06
TSN,-0.0003381744,-0.00072694756,-0.00055267103,0.00013247225,-0.00028684735,-0.00015184004,0.00030032825,3.9214618e-05
TEKT2,-0.00035913102,-0.0012882967,-0.001001142,4.5378692e-05,-0.00648655,6.954372e-05,0.00079036504,5.5469805e-05
ZSWIM3,1.5305355e-05,0.00037199073,0.0004501231,-3.333669e-05,-0.00010371953,-3.5893172e-05,-0.00029854197,-1.5521655e-05
FAM155A,-0.0009968206,-0.0019386318,-0.0018241107,0.0005426202,-0.0053556412,-0.00032822974,0.001038257,0.000106488704
DOCK5,0.0002388712,3.337674e-05,0.00018237717,-0.000115276314,0.00035273284,0.00020450074,-4.1860156e-05,-7.0133246e-06
FAM131A,0.0002445411,0.00044517964,0.0005441159,-0.00016117189,0.00097605586,0.00014228094,-0.0002936432,-2.3111235e-05
ASRGL1,-0.00013801642,-0.00046468712,-0.00019135699,-1.4628284e-05,-0.00074988604,-0.000107871834,0.00013749488,2.0286185e-05
NIF3L1,0.00021409057,0.0002110228,0.0003339108,-0.000111425295,0.0011002645,0.0001258105,-0.00018042978,-1.1039199e-05
FBXL7,0.00020918436,5.557947e-05,0.00018238835,-0.00010056887,0.000535056,2.1638349e-05,-0.000105918385,-2.088258e-06
HOXA1,0.00023538806,-0.000108961016,0.00011784397,-0.00019313302,0.00076954067,0.00023323856,4.088506e-05,-2.59839e-06
KCTD13,5.4888427e-05,0.0001476258,0.00019942783,-8.3539635e-07,0.00021269917,9.997748e-06,-0.00015284214,-3.6890851e-06
TRIM10,0.00016681105,8.117221e-05,0.0002492536,-0.00011006929,0.0014447123,6.9955364e-05,-0.00012355763,-7.880386e-06
GSX1,-0.00022495352,-0.00034089014,-0.00026295148,0.00015063025,-0.00033456087,-0.00021051196,6.758422e-05,2.3757922e-05
DCPS,-1.2088567e-06,0.00016320497,0.00021754205,1.20494515e-05,-0.0005371496,-2.3117289e-05,-0.00015858281,-4.9814116e-06
ACOT4,-9.858422e-05,-0.00023753382,-9.2193484e-05,3.2697804e-05,1.718849e-05,-3.5893172e-05,4.8168935e-05,1.2008706e-05
KIAA1328,0.00031198934,0.00083614886,0.0009082407,-0.0001504356,0.0024434626,4.705228e-05,-0.00058112387,-4.1594496e-05
PLPPR5,-4.462898e-06,-0.00077535026,-0.00053128786,-0.00011085067,-0.001151517,0.00033126492,0.00049813185,2.8991839e-05
TEDC2,-0.00014145672,-0.00017867796,-4.0234998e-05,0.00013328902,0.0008772835,-0.000342967,-0.000107468106,1.43658835e-05
TMEFF2,-0.0005582012,-0.0010922272,-0.000800807,0.0002174899,0.0005925745,-0.00031513534,0.0004239874,5.4012286e-05
METTL1,-0.00017075986,-0.0002694372,-0.0001974944,0.00011543464,-0.0014034286,-9.76678e-05,8.1673265e-05,1.7587794e-05
HSD17B14,-0.00020593405,-0.00019521639,-0.00029112585,0.00027222745,-0.0019446984,-0.00023286277,2.6946887e-05,2.3367233e-05
STAR,3.9374456e-05,-0.000100750476,6.502867e-05,-0.00011102762,0.000582695,9.910669e-05,2.5318936e-05,7.2596595e-07
WWC3,0.0004186146,5.231239e-05,0.00021386147,-0.0002823025,0.00093021244,0.00048242602,4.969258e-05,-1.3460522e-05
CD82,-7.070601e-05,-0.000101355836,8.4005296e-07,6.9751404e-05,0.0010406077,-9.223446e-05,-6.0571358e-05,7.819384e-06
PARVB,0.00033207983,0.00038378127,0.0003828965,8.948147e-06,0.0004980564,5.65378e-05,-0.00030276086,-1.3009179e-05
UTP18,-9.777397e-05,-0.0003183037,-0.00012475811,-2.1387823e-05,-0.0005425513,4.503131e-05,0.00012965873,1.2240605e-05
TC2N,2.4922192e-05,4.04194e-07,6.544776e-05,5.653221e-05,-0.00027111918,-2.706796e-05,-7.936638e-05,2.8536888e-06
SLC6A17,0.00032746233,9.279512e-05,0.00018578395,-0.00020563044,0.00038208812,0.00040290318,2.595596e-05,-1.0225689e-05
CYP2F1,-9.2742965e-05,-0.00032643043,-0.00019912235,7.948559e-05,-0.00058844686,-6.174296e-05,9.8672695e-05,1.7459504e-05
ACIN1,-0.00017602183,-0.0007227864,-0.00053616613,4.6118163e-05,-0.0008025989,9.310059e-05,0.00038463064,3.3240998e-05
CRTC1,0.00036768802,0.00016579963,0.00036643632,-0.00024968013,0.0014844313,0.00027723517,-0.00010487158,-1.735671e-05
ING5,4.560128e-05,-4.7937036e-05,8.871779e-05,-2.9466115e-05,0.0011113808,-4.877709e-05,-7.571746e-05,2.5624176e-06
SLC41A2,5.5985525e-05,0.0003044512,0.00033393875,6.5350905e-06,9.377301e-05,-2.9394403e-05,-0.00024781097,-1.1613127e-05
XKR8,-2.4696812e-05,-3.6999583e-05,0.00018823333,-8.672476e-06,0.0029573962,-0.0001998758,-0.0001956923,2.36684e-06
CCDC60,-0.00014674664,-0.00046373717,-0.0003559962,9.186193e-05,-0.0013547689,-3.6712736e-06,0.00021930039,2.4508336e-05
TAF5,0.0005313251,0.0008715149,0.0008542165,-0.0001755692,0.0012134388,0.0002467828,-0.0005115913,-4.1153864e-05
BHMT,-2.9632822e-05,-0.00032738782,-0.00014625117,-4.3646432e-05,1.8395483e-05,8.95001e-05,0.00014828332,1.22439815e-05
PEX16,-0.0001737941,-0.00014228933,-8.1490725e-05,0.00018683635,0.0002188459,-0.00035785185,-0.00011752639,1.6732258e-05
C1QTNF1,9.476766e-05,3.1480566e-05,0.00014641322,-5.0378032e-05,-0.0006171465,0.00010190625,-5.0873496e-05,-3.4091063e-06
SERPINB6,-1.925975e-06,-0.00018852949,-5.4445118e-05,-4.289858e-05,0.0001989305,8.2990155e-05,7.2216615e-05,6.821356e-06
MAP6,-0.00087416917,-0.0016175713,-0.0015189629,0.00047136936,-0.003896378,-0.00030323863,0.0008461997,8.9607085e-05
FAM49B,2.785027e-05,-0.00013506971,-0.00010134652,6.370712e-05,-0.0007850528,0.0001030853,6.1484985e-05,9.544194e-06
FOXE1,-3.7048012e-06,-0.00024176762,-0.00011909939,2.2659078e-06,0.00033722073,4.403945e-05,7.9850666e-05,1.2325472e-05
KCNIP2,7.868558e-05,0.00028632395,0.00040586852,-5.4702163e-05,0.00035018474,-3.1348318e-05,-0.0002593333,-1.4423858e-05
ZDHHC1,-3.2678246e-05,-0.0001419615,-5.1077455e-05,4.4529326e-05,-0.00063513964,-3.7467107e-05,1.0411255e-05,9.572366e-06
CEP78,0.0005094893,0.00052768737,0.0007805079,-0.00043740496,0.0022922829,0.00043931045,-0.00028842222,-3.84507e-05
MGME1,1.3889745e-05,-6.3745305e-05,0.00015670434,-9.5546246e-05,0.00021549314,-8.2599e-06,-5.44386e-05,-1.5841797e-06
HOXA2,-0.00021708943,-0.00048895366,-0.00036055222,0.00012257323,-0.0011222437,-8.885935e-05,0.00019481964,2.6362599e-05
SGK494,-0.00021708943,-0.00048895366,-0.00036055222,0.00012257323,-0.0011222437,-8.885935e-05,0.00019481964,2.6362599e-05
RUSC2,0.00018292852,0.00036333688,0.00028300472,5.6584366e-05,-0.0012057722,0.00011037383,-0.00022483151,-9.109848e-06
RSPO2,-0.0001113601,-0.00021008775,2.8626993e-05,-0.00014082156,-0.0011950955,0.00011823233,0.00011446513,1.8974533e-06
ZBTB3,2.9785559e-05,-5.0105155e-06,4.6638772e-05,6.613135e-05,0.00048546493,-5.5653043e-05,-8.193031e-05,2.9003713e-06
NELFA,5.9289858e-05,5.833432e-05,0.00023376942,-6.2704086e-05,0.0005351305,5.035661e-06,-0.00012404565,-6.3274056e-06
LILRB5,-0.00027553365,-0.00039991923,-0.00032853894,0.00024441537,-0.00094821304,-0.00030326983,6.959308e-05,2.7927337e-05
DMRT3,-0.00044579245,-0.00066204555,-0.0006500799,0.00029029045,-0.0018044785,-0.0001497101,0.0003171414,4.0580868e-05
HTR7,3.4319237e-05,-8.377805e-05,1.5268102e-05,8.0941245e-06,0.00030879676,2.8852373e-05,-2.0503066e-05,5.3435797e-06
HYLS1,0.00014413334,0.000116825104,0.00027641281,-0.00012437534,0.000842005,3.9776787e-05,-0.0001372518,-8.479692e-06
WSB2,-0.00016274676,-0.00046733394,-0.00037017278,0.00012117624,-0.000250943,-7.394701e-07,0.0002093995,2.5495538e-05
DHRS7,-0.00023026764,-3.984943e-05,-5.944632e-05,0.00018433295,-0.00113336,-0.00016601151,-5.322788e-05,1.0361662e-05
TGDS,0.00051978417,0.00086846575,0.0008972902,-0.00018756371,0.0011056364,0.00017106626,-0.0005536163,-4.1441177e-05
RNPEPL1,-4.8268586e-05,-0.00013273768,-0.00019120611,0.00018442143,0.00081733614,-0.000105988234,-1.519639e-05,1.7445534e-05
ZNF782,0.00032212026,2.9910356e-05,0.00023084879,-0.00019927509,0.0012392551,0.00023948494,-4.150346e-05,-9.274227e-06
SLC35F6,0.000118101016,6.4730644e-05,0.00010466762,2.0637177e-05,-0.00074763596,-1.6065314e-06,-9.316299e-05,5.5890996e-07
DMRT2,-0.00014180318,-0.00032308325,-0.00017901696,-1.613982e-06,-0.0023151934,5.698856e-05,0.00018064771,1.2739794e-05
HMG20B,-0.00040043704,-0.0007409826,-0.00058540143,0.00014061481,-0.0020176321,-0.00014434755,0.00034762826,3.924407e-05
ERG,3.800355e-05,-0.00021769106,-0.00011889264,5.957298e-05,-0.00028908253,4.6111643e-05,6.062351e-05,1.0942342e-05
OXTR,0.0004088767,0.00052282587,0.0008110702,-0.00038943533,0.001524277,0.00027914252,-0.00032710377,-4.0088897e-05
SLC24A5,-5.039014e-05,-0.00011134893,9.8319724e-05,2.7451664e-05,0.0014011115,-0.0002868832,-0.00014390144,6.3033076e-06
DENND3,-6.997958e-06,-0.00025657192,-4.8844144e-05,-7.803552e-05,0.00029253215,6.43488e-05,0.00010244455,6.830902e-06
SLC36A1,0.00028184615,0.00032219663,0.00061663985,-0.0002970919,0.002582565,0.00014228094,-0.00026194286,-2.7770526e-05
NAMPT,-0.00024813786,-0.0005564187,-0.00042018294,0.00014078058,-0.0010182634,-4.9618073e-05,0.00024217926,2.873002e-05
HSPBAP1,9.9651515e-05,-4.6562403e-05,6.609596e-05,-5.742628e-05,-0.00077813864,0.0001076404,1.0263175e-05,6.03497e-07
SRR,0.00030034222,0.00032347068,0.0004448779,-0.00015233178,0.0008410886,0.0001540333,-0.00021620002,-2.0750682e-05
CATSPER3,-3.9754435e-05,-6.864965e-05,6.430037e-05,-1.9798055e-05,-8.491427e-05,3.0389987e-05,-1.31698325e-05,1.2937235e-06
INHBE,-0.00014650263,-0.0003666971,-0.00025189482,0.000100046396,-0.0011143088,-9.022374e-05,0.00012856163,2.0043924e-05
ARRB1,6.867945e-05,-0.00038795732,-0.00026614033,3.3492222e-05,-0.00039870292,0.00013198331,0.00019986928,1.697219e-05
PSKH1,0.00033082068,0.0003170371,0.00042980164,-0.00018618908,0.0016096383,0.00024770573,-0.00018322188,-2.172694e-05
FOXR1,-0.000120304525,-0.00036571734,-0.00025806576,8.0906786e-05,-0.0008948818,-1.8396415e-05,0.00014810637,1.9950909e-05
RNF175,-5.615875e-05,-0.00016546622,-6.769225e-05,-1.1404045e-05,-6.0632825e-05,5.1506795e-05,7.104408e-05,7.5256685e-06
SLC16A4,0.00025373697,0.00011046603,0.00026147254,-9.053014e-05,0.001245223,0.0001317719,-0.00012868922,-9.77749e-06
OPHN1,-0.00034014322,-0.00025410578,-0.00011113472,0.00020953454,0.0008172095,-0.00035429792,-7.737521e-05,1.821632e-05
TENT5A,7.128157e-05,-0.00022936612,-0.0001138784,-7.480383e-06,-0.0013185963,0.00020802021,0.0001401212,8.499133e-06
GATA1,5.2645802e-05,-0.00010959804,7.817522e-05,-0.00010351464,0.0008740425,0.0001162719,1.2701377e-05,1.1577504e-06
PLEKHO2,0.00030756183,0.00020923279,0.00022270344,-2.7474947e-05,-0.00069303066,0.00020200573,-0.000117924996,-9.326381e-06
MIER3,4.656613e-06,2.9657036e-05,0.00010218285,-1.3336539e-05,0.001081869,5.701557e-06,-8.456409e-05,1.7059501e-06
REPS2,0.00022671372,0.00019373186,0.00022237934,2.4411827e-05,0.00137043,-2.0972453e-05,-0.00020443555,-5.890266e-06
RIMKLB,-0.0004102327,-0.0007139407,-0.0005428884,0.00020496361,-0.00084619224,-0.00028002122,0.00024174899,4.097761e-05
TSPAN15,5.066581e-05,-0.00017305277,2.9057264e-06,-3.8752332e-05,0.0006941259,3.4675933e-05,1.529511e-05,6.763148e-06
C1QTNF2,0.00016910583,-0.00026304089,-4.522875e-05,-0.00014470331,0.00068389624,0.00020668749,0.00012809504,6.0658203e-06
PLPP1,0.0005298592,0.0005061552,0.0006560758,-0.00031922013,0.0021612197,0.00032875966,-0.0002844939,-3.2672193e-05
SAE1,-3.9592385e-05,-0.00026944093,-0.00018127263,2.5421381e-05,-0.0005535856,7.293373e-05,0.00013299193,1.45511e-05
DAW1,-0.00022324361,-0.0004154574,-0.00012267008,1.7352402e-05,0.0012047291,-0.00025035534,4.293397e-05,1.6427948e-05
FEN1,-0.00010295771,-0.00014166906,-1.6059726e-05,-1.8060207e-05,0.00016063452,7.8082085e-06,2.0669773e-05,7.5439457e-06
STK32A,0.0005463902,0.0005998574,0.0006978065,-0.00028037094,0.002288483,0.00026527885,-0.00037286896,-3.1450996e-05
STXBP4,6.1294064e-05,0.00016688742,0.00021564774,-3.0335039e-05,-0.0004265532,-1.5120022e-05,-0.00014938135,-5.0046947e-06
BTNL9,6.525405e-05,-3.279932e-05,9.790249e-05,-2.9494986e-06,-0.00035886467,5.47627e-05,-5.4577366e-05,3.7776772e-07
SERINC1,-0.0005367119,-0.00090007484,-0.0008653216,0.00039089564,-0.002631463,-0.00023291819,0.00041332096,5.498901e-05
ASCC1,4.8521906e-05,-6.774627e-05,9.0448186e-05,-4.952401e-05,0.0006692186,-5.9039332e-05,-7.064454e-05,4.234491e-06
LOXHD1,-0.00011497736,-0.0002809316,-0.00016421452,8.2843006e-05,-0.00046423823,-4.1465275e-05,7.70092e-05,1.5260535e-05
G6PC3,-9.820238e-05,-0.00044497848,-0.00030226633,-7.0370734e-06,-0.0016005784,5.8394857e-05,0.00024192594,2.037466e-05
MOB3C,0.00019068457,0.00015745871,0.00025344826,-8.5412525e-05,0.0001386106,0.00017793104,-0.00010709185,-9.768759e-06
ATP6V0D1,-0.00014153123,-0.0001812987,-7.534772e-05,7.24243e-05,0.00040252507,-0.0001268806,9.564683e-07,1.232489e-05
UBXN7,0.0004616864,0.000425566,0.0007293951,-0.00040004868,0.002729565,0.0003824262,-0.00026955362,-3.5986304e-05
DRD3,-0.00022281893,-0.0004922431,-0.00035965815,0.00012394134,-0.0010574088,-0.0001015896,0.00019088574,2.6568538e-05
DYNC1LI2,-0.00039229356,-0.0007794313,-0.00066319853,0.00025401823,-0.0010017008,-0.00018442748,0.00032947678,4.3897424e-05
BRD1,-0.00015592203,-0.00029157475,-0.00032589212,0.00014461204,-0.00080562383,7.824972e-06,0.00015829131,2.2086082e-05
PCDHB3,-0.00022287108,-8.77846e-05,7.0407987e-06,0.00021797139,-0.00018525124,-0.0004286277,-0.00018355902,1.3449928e-05
HHEX,-0.00011161156,-0.00047144294,-0.00034153275,0.00012253504,-0.0006031096,-3.972184e-05,0.0001868438,2.3827306e-05
CREB5,-0.000658663,-0.0008930359,-0.00084587187,0.00037695467,-0.002157487,-0.00034434441,0.00039267913,5.2893767e-05
CELF5,-0.00095906295,-0.0016364343,-0.0015254635,0.000563018,-0.004581921,-0.0004560789,0.00078214053,9.381492e-05
NEUROD6,-0.00028586946,-0.00026318617,-0.00022710674,0.00021900516,-0.00095737725,-0.00018461188,4.155375e-05,2.0056032e-05
ENPP1,0.00027328543,0.0002792161,0.00042728707,-0.0002075294,0.0013084635,0.0002529435,-0.00017027091,-1.9608997e-05
FRYL,-0.00014827959,-0.0005700998,-0.00040239096,9.025168e-05,-0.0014989004,3.4734607e-05,0.0002778191,2.596213e-05
ZNF264,-0.00018775463,-0.00022085197,-8.047186e-05,8.0933794e-05,0.00028066337,-0.00017211959,-4.7655776e-06,1.3452256e-05
SLC30A1,0.00043606386,9.034388e-05,0.00023060106,-0.00024003722,0.0005689338,0.00042024348,5.3718686e-06,-1.2555043e-05
ST6GAL2,-0.00053612515,-0.00083480217,-0.0008085761,0.00038095564,-0.0024218336,-0.00026137242,0.00036161207,5.3064432e-05
HAPLN1,-0.0003206432,-0.00016859546,-0.00026034564,0.00031002518,-0.00279776,-0.00020771427,2.3431145e-05,2.1478278e-05
SAMD14,0.00033454783,0.00048568845,0.00046621822,-5.4794364e-05,0.0012142137,0.00010698661,-0.0003225794,-1.915684e-05
ENPP4,0.00022225082,0.00029694475,0.00037202798,-7.3364004e-05,0.0013383925,-5.8421865e-06,-0.00026549306,-1.1153985e-05
P3H4,3.6684796e-05,-0.00027480163,-6.7351386e-05,-7.890351e-05,0.0010302067,6.8456866e-05,8.809939e-05,8.899486e-06
MAP7D3,0.00029206462,0.0002891235,0.00043098442,-0.00018744357,0.0016828552,0.0001835078,-0.00020127464,-1.9053463e-05
STAC3,-1.5126541e-05,-2.192147e-05,6.6675246e-05,3.1473115e-05,-0.00047584623,-6.337557e-05,-6.653834e-05,3.1315722e-06
ZNF527,0.0004091598,0.00040754862,0.0005866252,-0.00016799942,0.00094432384,0.000108996406,-0.0003308123,-2.5114277e-05
EMX1,-0.0009839106,-0.0015526004,-0.0014158897,0.0005132789,-0.0060436726,-0.00045979768,0.00076677185,8.587248e-05
SH3D21,-0.0001540035,-0.00047784112,-0.00040866248,0.000112967566,-0.0018437281,3.726594e-05,0.0002583377,2.5913352e-05
RGPD4,-1.5223399e-05,-9.861216e-05,5.1837415e-05,2.212543e-05,0.00019428879,-4.903972e-05,-5.226489e-05,4.440546e-06
MTCH2,0.00015587173,0.00018724054,0.00028309226,-9.114854e-05,-0.00012506545,0.0001445245,-0.00012836512,-1.0156771e-05
CTSE,2.7453527e-05,-0.00021783635,-3.5826117e-05,-2.8290786e-05,-0.00070537627,9.372551e-05,7.281825e-05,6.654649e-06
ZNF277,0.00025443733,7.461384e-05,0.00025084428,-0.00012678653,0.0022115037,1.0930002e-05,-0.00015102047,-6.415765e-06
TRIM4,0.00013708137,4.4930726e-05,0.00025402196,-0.00012884289,0.0019768476,-3.814604e-05,-0.00014784653,-4.8661605e-06
RPAP1,-0.000159055,2.7909875e-05,7.083081e-05,0.0001430884,0.00022034347,-0.00031350926,-0.0001865169,7.970957e-06
VHL,-0.0008071754,-0.0016037896,-0.0014207121,0.00047294982,-0.0027387887,-0.00038161734,0.00074858125,8.663407e-05
AZIN2,0.0002919957,2.8442591e-05,0.00022757426,-0.00023739599,0.0020715147,0.0003312612,-1.6354024e-05,-9.8249875e-06
RAB11A,-0.00028741173,-0.00058500655,-0.0004232712,0.00015588757,-0.0010305345,-0.00014334265,0.00022150017,3.096962e-05
ARSB,-0.00034948625,-0.00047097355,-0.000377737,0.00022453349,-0.0012148619,-0.00035112211,0.00011252053,3.0923053e-05
TTC21B,0.00035231933,0.00028391555,0.00041031837,-0.00017756503,0.0027914047,0.00016506016,-0.00022655074,-1.6239006e-05
ZNF132,0.00017135777,0.00022806972,0.00038857572,-0.000105544925,0.00062767416,5.5894256e-05,-0.00022184383,-1.3394863e-05
TAF9,-0.0002629254,-0.00033749454,-0.00034538098,0.00023422111,-0.0021379888,-0.00012095366,0.00013551209,2.506096e-05
GALNTL5,-0.00020020083,-0.00047482736,-0.0003417395,0.00011267234,-0.00096369535,-8.1167556e-05,0.00018566381,2.534897e-05
B3GNT6,-0.0002326686,-0.00016916357,-4.780665e-05,0.00010187924,0.00027294457,-0.0002022488,-4.660245e-05,1.2894743e-05
NXPE3,0.00021285377,-5.025603e-05,5.7486817e-05,-0.00011593476,-0.000532791,0.0002573151,4.9283728e-05,4.2456668e-07
UNC93A,-0.00021708943,-0.00048895366,-0.00036055222,0.00012257323,-0.0011222437,-8.885935e-05,0.00019481964,2.6362599e-05
SPATA7,0.00015042536,0.0003462769,0.00042583048,-5.0212257e-05,0.0005986169,-1.2716278e-05,-0.00029237103,-1.4366e-05
METTL22,-1.4184043e-05,3.1149015e-05,3.107451e-05,0.000111980364,0.00013130903,-0.00011904165,-0.00012681354,8.232775e-06
DRGX,-0.00021162629,-0.0004865732,-0.00035703555,0.000119164586,-0.001081422,-8.5116364e-05,0.00019404199,2.6134308e-05
KIF25,-0.00017669238,-0.000492936,-0.0003285762,7.120147e-05,-0.000812836,-3.5302714e-05,0.00020710938,2.405874e-05
GCM1,-0.00024813972,-0.0007094331,-0.00047232024,8.296128e-05,-0.0011434108,-3.6569312e-05,0.00031098444,3.1986157e-05
TCERG1L,5.898811e-05,0.000122029334,0.00013125688,0.00011520833,-0.00034691393,-0.00010836031,-0.00018649828,2.840883e-06
RPS2,-6.262213e-06,-0.00036691502,-0.00018989295,-3.179349e-05,0.0005341321,0.00013122056,0.00017200503,1.4440273e-05
MYCL,0.00017680041,0.00020371005,0.00040478446,-0.00024277624,0.00091697276,0.00016828813,-0.00012721214,-1.7435057e-05
MAN2A1,0.00031772442,0.00015047006,0.0002602674,-0.0001407275,0.0016474202,0.00019818358,-0.000116896816,-9.928248e-06
LIG1,-8.488074e-05,-0.00022449717,-0.00014976598,0.0001120856,-1.3016164e-05,-6.289221e-05,3.672298e-05,1.5113386e-05
ZNF675,0.0004214719,0.00042700395,0.00061991625,-0.00025596842,0.0032423064,0.00015683006,-0.00033601467,-2.5874237e-05
APOE,-4.2596832e-05,2.944097e-05,-6.0116872e-05,0.00012439396,-0.0006117746,0.000106213614,1.1163764e-05,5.297363e-06
NDUFA13,-8.0399215e-05,-0.0002995897,-0.0001812987,5.776994e-05,0.00043042004,1.2859702e-05,0.00010226481,1.5630852e-05
LINGO4,-0.00019516051,-0.00047357567,-0.00033935532,0.00010964554,-0.0009251386,-7.7637844e-05,0.000185485,2.5181449e-05
CACNG2,5.049631e-06,-4.8331916e-05,0.00011240691,-6.5921806e-05,-0.00048409402,0.00011186022,-1.58716e-05,1.5011756e-06
RASSF1,3.9549544e-05,-5.8673322e-05,-6.3294545e-05,5.0914474e-05,-0.00092012435,0.00010736566,3.2879412e-05,7.2061084e-06
ZNF829,0.00048179552,0.0002016183,0.0006440766,-0.0005260324,0.0020694435,0.00045570266,-0.000112705864,-3.196427e-05
CDK20,0.00014914759,0.0003264062,0.00048218854,-0.000119565986,0.000936836,-7.187296e-05,-0.00030592736,-1.647661e-05
POLE2,0.00021270476,-4.4822693e-05,0.00017351285,-0.00016553607,0.0009543225,0.00020810869,-8.591451e-06,-5.1347306e-06
UBE2Q2,3.385544e-05,-0.00039436482,-0.00020398013,-2.620276e-05,-0.00097469985,0.00012205634,0.00018888153,1.5298021e-05
IKZF4,-0.00058281794,-0.0010209884,-0.0008527264,0.00028697308,-0.0022399053,-0.0003121253,0.0004523145,5.535665e-05
HOXC10,-0.00020999275,-0.00036183745,-0.00019190647,0.000103066675,-0.0007904172,-0.0001703822,7.524714e-05,1.912308e-05
RNF2,-7.1793795e-05,-0.00026010908,-8.011609e-05,-4.9850903e-05,0.0008852184,4.5442954e-05,7.926114e-05,1.1614757e-05
TXNDC16,1.8147752e-05,-0.00014772825,-8.004531e-05,4.921388e-05,-0.00044067204,-3.5734847e-06,2.7735718e-05,1.1099037e-05
NKPD1,-1.5685335e-05,-0.00017071515,-2.1753833e-05,2.1110289e-05,0.000220038,-6.20801e-05,-9.804033e-06,9.173644e-06
HSF5,-0.00017998554,-0.00045059994,-0.00032183342,0.0001016669,-0.0009827763,-5.348213e-05,0.00018303283,2.3634639e-05
VRK3,-0.00039166212,-0.0003252048,-0.00034267828,0.00030544214,-0.00077521056,-0.0003781803,3.9471313e-05,2.798182e-05
ZNF33B,2.9288232e-05,-0.00029925443,-8.8214874e-05,-7.189717e-05,0.0020215288,4.7300942e-05,9.136088e-05,1.05150975e-05
HOXB1,-0.00022361428,-0.0004936978,-0.00036593527,0.0001263693,-0.0011237562,-9.5377676e-05,0.00019566063,2.674642e-05
NMNAT3,7.049553e-05,0.00027235225,0.00021912344,2.7559698e-05,3.8653612e-05,1.6514212e-05,-0.00018037017,-6.710412e-06
ENPP5,0.00014824234,0.00014771149,0.00014737807,3.420841e-05,-0.0016612336,0.00012748875,-9.200256e-05,-4.505506e-06
DAB1,0.00030522048,0.00050274096,0.00048781373,-8.08537e-05,-0.00036176294,0.00020530913,-0.00026979018,-2.3727189e-05
GFAP,-0.00034083053,-0.00040596537,-0.00039251894,0.00029513985,-0.0003954172,-0.00042428728,3.361795e-05,3.4521217e-05
OGFOD2,-8.252449e-05,-0.00016880408,5.52088e-06,-1.4139339e-05,-0.0013833717,-8.7426044e-05,1.3961457e-05,7.0056412e-06
CADM3,2.836436e-05,-7.1076676e-05,7.66404e-05,-1.2302771e-06,0.00028681755,-7.123593e-05,-6.3329004e-05,3.0564843e-06
MECR,-4.1740015e-05,-0.00022945367,-0.00016137958,5.5216253e-05,-0.00034802407,-6.391853e-05,5.8578327e-05,1.6146223e-05
DDB2,-0.00015787221,-0.00018917769,-0.0001074411,0.00014394056,-0.00011678785,-0.00012886617,-1.1424534e-05,1.4530611e-05
BCKDK,-0.00030292943,-0.00035040453,-0.00029759482,0.00014090631,-0.0028157532,-0.00012042932,0.00016131159,2.2389693e-05
PDE5A,-0.00024146028,-0.0005565118,-0.0002661068,-2.0556152e-05,0.00016168505,-0.00012744078,0.00019920059,2.205267e-05
FIBP,6.923452e-06,-9.767711e-06,9.516999e-05,-7.3574483e-06,-4.81084e-05,-1.4740042e-05,-6.420631e-05,1.7284183e-06
CELA2A,-0.00021068938,-0.00048221461,-0.00035033748,0.00011854246,-0.0010478869,-8.9623965e-05,0.00018879212,2.5859219e-05
GBX1,-0.00022361428,-0.0004936978,-0.00036593527,0.0001263693,-0.0011237562,-9.5377676e-05,0.00019566063,2.674642e-05
TOR2A,1.26212835e-05,-0.00013677031,3.1474978e-05,-1.7260201e-05,-5.029142e-05,-4.5534223e-05,-2.194196e-05,6.7251967e-06
RAD51D,-0.00014115497,0.0001375936,0.0001272466,0.0001441082,-0.0003773272,-0.00026672473,-0.00021418836,4.1921157e-06
GRWD1,-1.966022e-05,-9.636022e-05,8.1202015e-05,-4.375633e-05,0.00044549257,-6.099604e-05,-5.1282346e-05,3.788853e-06
SLC25A21,0.00043841265,0.00044734217,0.0006006863,-0.00018465146,0.00093500316,0.00010028388,-0.0003467044,-2.4923705e-05
TBP,-9.0721995e-05,0.00015378557,0.00030596554,2.4994835e-05,0.0012965202,-0.00024622213,-0.00027619023,-4.796544e-06
RAB39A,0.00019998848,6.923266e-05,0.00029404648,-0.0001598075,0.0011771619,6.603822e-05,-0.00013698917,-8.173403e-06
ABHD12,-0.00017545559,-0.00027608685,-0.00022090785,9.114947e-05,-0.0015359744,-0.00010643108,0.00010547973,1.8283376e-05
PRSS35,-0.0010623038,-0.001847513,-0.0019057598,0.0006567165,-0.009743735,-0.00032194844,0.0010793116,0.000106116524
VIT,-0.00044358335,-0.0013593044,-0.0010774061,0.000165198,-0.0031418726,-0.00010331441,0.0006974917,6.536371e-05
RETREG3,-0.00011443719,-0.00014593452,-4.3902546e-05,7.445831e-05,0.0007640049,-0.00015056645,-4.1013584e-05,1.1606608e-05
SPOCK1,-0.0003422238,-0.00047746487,-0.00038579665,0.00016508251,-0.0020003244,-0.00010961434,0.00022631884,2.5225105e-05
VMP1,0.0003480576,-4.2725354e-05,0.00016371906,-0.00020551495,0.00021543354,0.00035031326,4.2675063e-05,-7.4771233e-06
USP20,0.00019531138,0.00021776743,0.00025952235,-1.7854385e-05,7.599592e-06,3.8402155e-05,-0.00020054448,-6.7861984e-06
PLEKHA2,-5.9377402e-05,-0.00010292232,-3.6830083e-05,0.00012839213,0.00062945485,-0.0001865169,-8.333381e-05,1.1338387e-05
UST,0.00020226277,6.430969e-05,0.00013231672,-8.216407e-05,0.00016245246,0.0001593288,-2.8393231e-05,-5.2739633e-06
CTSS,3.3931807e-05,-0.0003204681,-0.00015831925,-3.4963712e-05,-0.00028129667,0.000121994875,0.00015664287,1.2738863e-05
TUBB6,3.780611e-05,-0.0001985617,-5.7948753e-05,-5.0977804e-05,0.0004530102,0.00016823784,9.76501e-05,6.1625615e-06
STX3,0.0005709473,0.000677133,0.000616638,-0.00018873066,0.0012834892,0.0004613055,-0.0002980614,-3.5246136e-05
SSBP4,-7.0385635e-05,-0.0006516203,-0.00032312982,-8.876063e-05,0.00071976334,6.6399574e-05,0.0002876157,2.3573986e-05
DRD5,0.00034994818,0.0004168339,0.0004845932,-0.00016407575,0.00026747584,0.00025985576,-0.00023168605,-2.2739987e-05
HRC,-5.180575e-05,-7.651374e-05,8.967891e-05,-3.632065e-05,0.00014519691,-7.186085e-06,-3.1825155e-05,1.92679e-06
KDELC2,-0.00021708943,-0.00048895366,-0.00036055222,0.00012257323,-0.0011222437,-8.885935e-05,0.00019481964,2.6362599e-05
ZNF613,0.0002657082,8.16267e-05,0.00018550456,-0.00014891196,0.00058390945,0.00021402724,-5.0033443e-05,-6.1342726e-06
C2orf78,-9.008683e-05,-0.00020380132,-5.4027885e-05,1.0089949e-05,-2.7365983e-05,-8.699484e-06,4.2027794e-05,8.83732e-06
PIGS,-9.395555e-05,-0.0002615247,-0.00017703511,7.3146075e-05,-0.001020059,-8.55336e-05,7.06967e-05,1.789385e-05
KLHDC9,0.0005519986,0.0005184747,0.0006399192,-0.00023129955,0.0024722442,0.00025278144,-0.00034417305,-2.9849121e-05
FOXD4,-0.0002152361,-0.0004779268,-0.00034138933,0.00012927596,-0.0010278374,-0.00012336532,0.00017001666,2.613815e-05
CASC4,-0.00032903254,-0.0005481094,-0.00043020025,0.00017573219,-0.0008541867,-0.00019843178,0.00020033121,3.145926e-05
GOPC,-6.358698e-05,-0.0004417505,-0.0002353061,-3.1777658e-05,-0.00038686395,0.0001236787,0.00021908898,1.6926555e-05
CRELD2,-0.0001785513,-0.00030412525,-0.00019461289,8.229073e-05,0.00035553426,-0.00012350362,6.842427e-05,1.834333e-05
C7orf31,0.0003777668,0.00052900985,0.0007128641,-0.0002722349,0.0027052164,0.00021613762,-0.00035326462,-3.429351e-05
PRDM7,3.0253083e-05,-6.6746026e-05,6.3266605e-05,1.053419e-05,4.9203634e-05,-1.4735386e-05,-5.6141987e-05,4.066038e-06
NFKBIE,0.00018285774,0.00037722662,0.00040591322,2.4511479e-05,0.0018986687,-0.00011119852,-0.00035417732,-1.2536766e-05
CYFIP1,-0.00019010156,-0.00050949305,-0.00038204715,0.00010763109,-0.00074698776,-0.00012766896,0.00019980408,2.8063194e-05
EI24,4.9592927e-05,-0.0007375851,-0.0004556682,-0.00011896342,-0.00010162592,0.0002849484,0.00042678043,2.694549e-05
PPM1A,-0.00064444356,-0.0008605048,-0.00087722763,0.0004014196,-0.0033081993,-0.00033744657,0.00040212367,5.6316378e-05
ABHD2,0.00020958856,0.00015871786,0.00036373734,-0.00018111058,0.0015117005,0.00016513653,-0.00015170407,-1.3799989e-05
DLX6,0.00035104342,8.044764e-06,0.00052714907,-0.00039778557,0.004624568,0.00011209678,-0.0001860829,-1.9116793e-05
UFSP2,0.00010986999,-3.316067e-05,0.00017822534,-4.989095e-05,0.0007229373,-8.417573e-05,-0.0001357859,1.1920929e-06
EFNB2,-0.0003676545,-0.0006845277,-0.00053974614,0.0001903968,-0.0005966872,-0.00020481925,0.0002655508,3.782031e-05
VRK1,-0.0002264101,-3.0986965e-05,-2.0790845e-05,0.00021101069,-0.0005124882,-0.00029647117,-0.00014075171,1.303805e-05
ZNF471,-4.3224543e-05,-0.00011552498,-0.0001525972,0.00017473567,-0.000957042,-5.930476e-05,-9.611249e-07,1.609011e-05
FBXL6,0.00031673722,-1.3496727e-05,0.00018012896,-0.0001730537,0.002198249,0.00021804124,-4.0549785e-05,-5.825772e-06
NSDHL,-0.00020416826,-0.00024974905,-0.00017458946,0.00011485815,0.00037433952,-0.00023076544,1.6405247e-05,1.94842e-05
CTD-3088G3.8,-0.00021708943,-0.00048895366,-0.00036055222,0.00012257323,-0.0011222437,-8.885935e-05,0.00019481964,2.6362599e-05
REEP2,7.5491145e-05,4.1140243e-05,0.00017378666,2.1946616e-05,0.0005660504,-9.7228214e-05,-0.00016038772,-1.4039688e-07
GPR61,-4.18555e-05,-0.00012258254,-8.53166e-05,0.00010192953,-0.0011033341,4.142523e-06,1.544971e-05,1.0420219e-05
CNOT9,-0.00014624186,-0.00026154332,-0.00010981038,2.4908222e-05,0.00015524775,-7.724576e-05,5.090516e-05,1.4341436e-05
ANKRD16,0.0007468723,0.0001450926,0.0004838314,-0.0005318988,0.002399832,0.00064541213,-1.5240163e-05,-2.611638e-05
METTL4,0.00048171356,0.0003141351,0.0005158335,-0.00032552425,0.0009830445,0.00042437017,-0.00014237221,-2.6493799e-05
NKX6-2,0.00031294487,0.00038945675,0.00042957626,-0.00018480979,0.0011393502,0.00026956014,-0.00018988643,-1.9526808e-05
EHF,-1.1127442e-05,-0.00013106689,4.6938658e-07,6.91507e-06,0.0001399368,1.967512e-05,-1.8468127e-06,6.441376e-06
CTSW,-0.00013991818,-0.00045909733,-0.0002922509,4.8359856e-05,-0.00063239783,-6.0563907e-06,0.00019532721,2.163276e-05
RAPGEFL1,0.00029074028,0.000506334,0.00065656006,-0.00018690806,0.0034712255,-9.371806e-05,-0.00044191908,-2.5199726e-05
TACR3,-0.00013118051,-0.0004425235,-0.00032880716,0.00012859702,-0.00088839233,-8.227024e-05,0.00016229413,2.4485053e-05
PPP1R15B,-0.00025042333,-0.0003765896,-0.00034507364,0.00022722036,0.00019816309,-0.00023877388,7.120799e-05,2.8499286e-05
ZNF766,0.00018202513,0.00031908974,0.00048037805,-9.91961e-05,0.0015744045,-9.345729e-05,-0.0003239354,-1.6337377e-05
MTG2,-1.796335e-05,9.395555e-05,0.00021890365,-2.0535663e-05,0.0006251633,-9.313226e-08,-0.00013458636,-5.20295e-06
MMP21,0.00015174039,-0.00012474135,0.00010984577,-0.000153183,0.0003857836,0.00015620235,2.135057e-05,-3.46452e-07
ATP6AP1,-0.00012248382,-8.48379e-05,-4.9572438e-05,0.00014083926,-0.00035567582,-0.00016158214,-6.612297e-05,1.203327e-05
WDSUB1,7.1350485e-05,-0.00035375915,-0.000182949,-7.026363e-05,-0.00097421557,0.00023093075,0.00021727756,1.1085067e-05
LMAN2,-0.00012763403,-0.00024769083,-0.00014252774,6.434694e-05,-0.00038004667,-7.522199e-05,5.7140365e-05,1.6032369e-05
UGT2A3,-0.00022479892,-0.0004972257,-0.00036888942,0.0001267977,-0.0010883063,-9.789877e-05,0.00019650534,2.695818e-05
RP11-723O4.6,-0.00021708943,-0.00048895366,-0.00036055222,0.00012257323,-0.0011222437,-8.885935e-05,0.00019481964,2.6362599e-05
IFI16,0.00013204478,-0.00011583604,8.262135e-05,-8.876249e-05,0.00071683526,0.00016745552,2.0558946e-05,-2.6938505e-07
FSD1,-0.00013596378,-0.00021180138,-0.0001632236,0.00017050095,0.0008504465,-0.00024064071,-3.7691556e-05,2.01863e-05
TRIM47,-0.0006679706,-0.0009716172,-0.0010254905,0.00044525322,-0.003335461,-0.00033758394,0.00047144108,6.288884e-05
FMO2,-0.0002618283,-0.00041382387,-0.0002710037,0.00014149118,-0.0010098442,-0.00017733546,0.000110572204,2.346083e-05
CDC6,0.0001772698,-0.0001755599,0.00014609843,-0.00023629516,0.0023415461,0.00014096964,1.1538155e-05,-1.0156073e-06
RNPC3,1.10939145e-05,-0.00025590695,-0.00013105012,3.4233555e-05,9.711087e-05,1.5311874e-05,7.8991055e-05,1.2744218e-05
C1QTNF9B,-0.00018646382,-0.0004831422,-0.00033978187,9.19085e-05,-0.0011883825,-4.6607107e-05,0.00020457152,2.4652225e-05
ZNF449,-0.00010457449,0.00031615235,0.00015204959,0.0002752794,-0.0024805218,-0.0003030789,-0.0002977932,2.5520567e-06
GABPB1,0.00032179058,0.00026174076,0.00041885488,-0.00016804598,0.0016704649,0.0001215525,-0.00022058468,-1.6760547e-05
BOC,0.00029945932,-6.76848e-05,8.178316e-05,-0.00018022675,0.00016061962,0.00033631362,7.436983e-05,-3.9528823e-06
TMCO6,3.6556274e-05,-8.404069e-05,2.5425106e-05,-6.9751404e-05,-0.0011522323,0.00018609129,7.2421506e-05,2.2200402e-07
RNMT,-0.00021880306,-0.00044654496,-0.00025649555,0.00013211928,-0.0003363937,-0.000195147,9.589922e-05,2.4263281e-05
MPST,-0.00014548004,-0.00032098033,-0.00033125468,0.0002363231,-0.0016407296,-0.00012593484,8.8933855e-05,2.6232563e-05
FAM92A,-0.00036964193,-0.0003848113,-0.00032924674,0.00023666117,-0.0010555387,-0.0002947636,8.872058e-05,2.6601017e-05
ATF7,-3.531389e-05,-0.0002811756,-0.00019711815,1.9478612e-05,-0.0012454689,9.17539e-05,0.00015735906,1.4163088e-05
PROSER3,-6.749667e-05,-3.2283366e-05,-3.1221658e-05,5.565025e-05,0.0002905205,4.663132e-06,-2.0381995e-05,7.570372e-06
HOXB2,-0.0001905039,-0.00037611835,-0.00027069263,0.00013203081,-0.0011789277,-0.00011385977,0.00012101047,2.206571e-05
FN3K,-2.285093e-05,-4.5802444e-05,6.63735e-05,3.8837083e-05,0.00048159808,-6.3273124e-05,-8.097384e-05,4.015048e-06
GSG1L,0.00046474487,0.0002751723,0.00032998994,-0.00014289934,0.0027822927,0.00028145406,-0.00017508026,-1.41466735e-05
MRM3,-0.000112487,0.000113621354,0.00027460605,9.5630996e-05,0.0011511743,-0.00040295534,-0.00031798426,3.403984e-07
ZNF324,-0.00046503544,-0.00079806894,-0.0007267166,0.00037185755,-0.000995405,-0.00039330404,0.00025650486,5.1919254e-05
RIT1,0.00022831,0.0001749564,0.00032973848,-0.00013830233,-0.00080499053,0.00014791451,-0.00012661982,-1.3367389e-05
CYP20A1,-0.00015766546,-0.0004620906,-0.00021801703,2.0946376e-05,0.0021417886,-0.00015781773,9.592343e-05,2.153893e-05
TANK,-0.00017066859,-0.00035365857,-0.00029845722,0.00017513148,-0.002046831,-0.0001497874,0.00011276547,2.4090055e-05
CAMK1G,0.00041564927,0.0005270727,0.0006484259,-0.00020913314,0.001405187,0.00018118694,-0.00035083946,-2.9236078e-05
MYH11,-0.00028648227,-0.00042095408,-0.00031028315,0.0001679007,-0.00055552274,-0.00023206417,0.000105432235,2.6060618e-05
AFM,-0.00014162809,-0.00037660263,-0.00026163086,9.8411925e-05,-0.0005939901,-6.0782768e-05,0.0001320839,2.1017739e-05
GPN3,-0.00015901588,-0.00058866665,-0.000393847,2.2592954e-05,-0.0019702166,2.987124e-05,0.00031977706,2.4731271e-05
GPRASP2,0.00015041791,-0.00015061349,3.624335e-05,-0.00012610853,0.00010237098,0.00020571798,7.466134e-05,1.3215467e-06
HMCES,-0.00019867346,-5.9550628e-05,-3.2177195e-05,0.000181349,-0.0007177666,-0.0002478715,-9.5595606e-05,1.1750031e-05
CSRNP2,-9.280257e-05,-0.0004389789,-0.00034483708,8.277595e-06,-0.0006729588,0.00014413241,0.00026535802,2.2035907e-05
DDX53,-0.00021708943,-0.00048895366,-0.00036055222,0.00012257323,-0.0011222437,-8.885935e-05,0.00019481964,2.6362599e-05
NAPG,0.00019197352,0.00018440932,0.0003604889,-9.9073164e-05,0.001508981,4.6400353e-05,-0.00021294784,-1.1592871e-05
SH3GLB2,2.884306e-05,-0.0002632402,-0.000102262944,-7.345341e-06,0.0006707534,1.0324642e-05,6.35162e-05,1.1849799e-05
ABHD3,-0.00059994124,-0.0009000711,-0.0008970201,0.000342628,-0.0052130073,-0.0002367734,0.0004935181,5.3881085e-05
FDPS,-0.00015695766,-0.00026129,-0.00021774508,0.00014888868,-0.00042650104,-0.00015752297,4.473515e-05,2.0349165e-05
RPL7,-0.00011749938,-0.00040058233,-0.00026711076,9.465311e-05,6.232411e-05,-1.5297905e-05,0.00014310516,2.0668725e-05
CFHR4,-0.00021337718,-0.0004871469,-0.00036485493,0.0001270147,-0.0009161085,-9.5875934e-05,0.00018880423,2.696237e-05
ACTRT2,-0.00021708943,-0.00048895366,-0.00036055222,0.00012257323,-0.0011222437,-8.885935e-05,0.00019481964,2.6362599e-05
CPN1,-0.00014406629,-0.00030703098,-0.00022356585,0.000106580555,-0.001043573,-6.0310587e-05,0.00010630675,1.8377206e-05
HOMER1,0.00036231242,0.00050559826,0.0004924629,-0.000111769885,0.0009056777,0.00022886787,-0.0002884483,-2.230308e-05
FASTKD2,0.00017357618,0.0002689138,0.00041813217,-0.0001256885,0.0013925806,2.5074929e-05,-0.0002452815,-1.4910707e-05
MCMDC2,0.00010284968,0.00022504292,0.00029423647,-4.0590763e-05,0.0008829832,8.690171e-06,-0.00020020921,-8.548377e-06
RIBC1,7.691793e-05,-0.00030796416,-0.0001826454,-4.7330745e-05,-0.00089125335,0.00016428158,0.0001893267,1.1127908e-05
DNAAF4,0.00016649999,0.00018135831,0.00036500767,-0.00015384797,0.0015045851,1.1061318e-05,-0.00019626599,-1.2128032e-05
SIGIRR,-0.00021033362,-0.00022180006,-1.0412186e-06,0.00012038648,-7.738918e-05,-0.00043049874,-0.00012531597,1.6327482e-05
AKAP8,0.00022899732,-6.299466e-06,6.8822876e-05,-4.3303706e-05,-0.00017497689,0.00021255761,5.3914264e-06,-2.2640452e-06
ANGPTL4,0.00030162744,0.0006510969,0.0007657986,-0.00016442314,0.0010364801,9.046495e-05,-0.0004652338,-3.1557633e-05
UGP2,1.8035993e-05,-0.00046015158,-0.000257032,-5.53336e-05,-0.0013882965,0.00016287435,0.00025795307,1.7195474e-05
PRPS1,0.00012014061,-7.8801066e-05,3.0234456e-05,-8.370727e-05,0.00020289421,0.00012778118,2.2909604e-05,3.5540434e-06
RFFL,-0.00015961751,-0.00023098104,-0.00011431426,7.91708e-05,0.00019481033,-0.00012181047,1.8142164e-05,1.5033758e-05
ZNF746,0.00032004155,0.0002366975,0.00029442646,-0.00016838219,0.0016942397,0.00027034245,-0.00012006145,-1.30647095e-05
GET4,-0.00010103732,-0.00037159957,-0.00035067648,0.00010273792,-0.0004671514,4.80311e-05,0.00019752886,2.3768866e-05
MARCH1,-0.00021708943,-0.00048895366,-0.00036055222,0.00012257323,-0.0011222437,-8.885935e-05,0.00019481964,2.6362599e-05
KIAA1586,0.00021936372,0.00017097406,0.0002641864,-0.00010707043,0.0008907467,0.00019422732,-0.00011620764,-1.0067248e-05
BBS1,1.1537224e-05,-0.00012187287,-8.864701e-05,6.150361e-05,-0.0009956658,7.650908e-05,5.169306e-05,7.838826e-06
MED26,0.00030593574,0.00043295324,0.00061732717,-0.00021151453,0.001997374,9.817816e-05,-0.0003305925,-2.8018374e-05
TRPV6,-5.1964074e-05,-0.00019900315,-8.6165965e-05,1.7886981e-05,-0.00084698945,3.321469e-05,6.672926e-05,1.0562362e-05
PARP3,0.00030973367,8.48826e-05,0.00035116635,-0.00024394691,0.0018962324,0.00018983893,-0.0001101112,-1.4614896e-05
GPR108,-0.00013466924,-0.0002164524,-0.0001127664,2.5194138e-05,-0.00038263202,-5.3809956e-05,5.864259e-05,1.3181008e-05
CYP7A1,-0.00017776713,-0.0004571434,-0.00033153966,0.00010148622,-0.0010122657,-4.6141446e-05,0.00019023754,2.4056062e-05
PITPNM3,0.00036299787,0.0002484154,0.00033157133,-0.00017227046,0.0017757565,0.0002984265,-0.00012637768,-1.6867532e-05
MEX3A,-0.00026022457,-0.00082521327,-0.0006766133,0.00015330873,-0.0011566132,-2.400484e-05,0.00040720124,4.302361e-05
SHOC2,-0.0002212692,-0.00038152002,-0.0002464652,0.00013628975,-0.0004961863,-0.00019114232,7.866975e-05,2.3392262e-05
CEP152,0.00040620938,0.00020810589,0.00031382777,-0.00031959452,0.0012463108,0.00054302346,7.42916e-06,-1.9759405e-05
FAM198A,-0.00021708943,-0.00048895366,-0.00036055222,0.00012257323,-0.0011222437,-8.885935e-05,0.00019481964,2.6362599e-05
SMPD2,-0.00015706569,-1.5215948e-05,-1.1622906e-05,0.00024380907,-0.0016524792,-0.0002860576,-0.00015136134,1.1572847e-05
CPB1,-0.00016552024,-0.00045145676,-0.0003047362,9.14e-05,-0.0006070882,-7.0589595e-05,0.00016751885,2.3405417e-05
PSTPIP2,0.00014854409,-0.00012555905,0.0001303982,-0.0001277579,0.001835376,1.5549362e-05,-4.5931898e-05,2.7089845e-07
TBRG1,0.00015573204,-7.897802e-05,0.00011122227,-0.00013703201,0.00021079928,0.0001815958,1.7958693e-05,-1.983135e-06
TTLL10,-0.00020259805,-0.00045619346,-0.0003350377,0.00011828821,-0.0010707527,-7.705297e-05,0.00018053595,2.471928e-05
KDM4D,0.00017005205,0.000252001,0.00042387098,-0.000150471,-0.0004896298,0.00012423191,-0.00018665846,-1.7568236e-05
CWC25,-3.361143e-05,0.00018849224,0.00027153827,7.171184e-08,0.0011761263,-7.68872e-05,-0.00022129063,-4.922622e-06
MUM1L1,-0.00021708943,-0.00048895366,-0.00036055222,0.00012257323,-0.0011222437,-8.885935e-05,0.00019481964,2.6362599e-05
SRSF5,-0.00037330575,-0.000581298,-0.00045485422,0.00020619202,-0.0011279806,-0.00021405518,0.00020393264,3.3952994e-05
TMEM237,-0.00021110289,-8.635782e-05,-4.5141205e-05,0.000116601586,0.0005170852,-0.00021685334,-7.1483664e-05,1.2935954e-05
POGK,-0.00014485233,-0.0004636962,-0.00037963875,0.00015837047,-0.00095576793,-9.711739e-05,0.00017903931,2.7467497e-05
ACBD5,0.00012196228,-3.587082e-05,3.172271e-05,3.6150217e-05,0.00029354542,-5.4350123e-05,-6.795395e-05,4.665111e-06
WASF3,-0.00023918971,-0.0005985871,-0.0005208235,0.00015510432,-0.002002515,-0.00012234133,0.0002886299,3.4393743e-05
GFRA1,-0.000972664,-0.0012568329,-0.001082262,0.00033575017,-0.0042063,-0.00032803183,0.00062889047,6.877154e-05
TMEM184C,0.00020746142,9.6496195e-05,0.00025438145,-0.00018564239,6.401539e-05,0.00018621329,-5.649496e-05,-1.1314638e-05
DBT,0.00010552257,0.00025488622,0.00033071265,1.2452714e-05,0.0012655556,-0.00013292767,-0.0002936041,-8.036615e-06
POFUT1,-0.00015645102,-0.00022027083,-2.4862587e-05,2.849847e-07,0.00039322674,-0.00018911576,-1.1391006e-05,1.1339318e-05
ATPAF2,-0.000108389184,-0.0001405403,-8.486025e-05,7.355865e-05,-0.0003459379,-6.5723434e-05,1.1194497e-05,1.1026743e-05
PDK4,0.00027526356,-0.00057477877,-0.00020365231,-0.0003065504,0.0014029741,0.00047402736,0.0003813915,9.622192e-06
MIIP,-0.00023133866,-8.383021e-05,-4.2106956e-05,0.00015587267,-0.000389643,-0.00020530773,-7.356424e-05,1.13826245e-05
TCAIM,0.00029447302,0.00026434287,0.00029744953,-7.781014e-05,-0.00039892644,0.00022897217,-0.00014586654,-1.2721517e-05
RAB11B,-9.731576e-05,-0.00011515245,-5.394779e-05,0.00011407025,-0.00019638985,-0.0001364788,-4.2181462e-05,1.15084695e-05
TMEM231,6.684102e-05,-8.80938e-05,0.00011639111,-9.000022e-05,0.00037254393,2.3621134e-05,-2.9087067e-05,-3.381865e-07
LGALS3BP,1.685135e-05,0.00041048974,0.00040282495,1.8915161e-05,-0.000851132,-3.8302504e-05,-0.00029025506,-1.4315359e-05
CAPNS1,5.8624893e-05,-0.00046756119,-0.00031303428,-6.2970445e-05,-0.00019033253,0.00024841446,0.000300508,1.7527258e-05
EIF2S2,0.00013097934,0.0001316499,0.00024417974,-6.809272e-05,0.0006399974,9.707082e-05,-0.00013017002,-7.300987e-06
PIGW,1.7551705e-05,1.2474135e-05,0.00017093867,2.3330562e-05,0.0011608228,-0.00014009001,-0.00017247815,1.4859252e-06
FBXO34,9.844825e-05,8.016266e-05,0.00017728843,-3.7416816e-05,0.0008721575,9.22475e-06,-0.00012873206,-1.8452993e-06
ZNF567,0.0004285425,0.0005059391,0.0006761942,-0.00025319122,0.0020860285,0.00021332409,-0.00033996906,-3.15957e-05
AMDHD1,-0.00019421987,-0.00042903796,-0.0002933424,0.00010800455,-0.0008791089,-9.334646e-05,0.00015117042,2.318644e-05
ATG4D,-2.6483089e-05,1.1609867e-05,0.00012799539,2.0623207e-05,0.0014983043,-0.00013435585,-0.00014975574,4.203641e-06
TNNI1,-0.000100368634,-0.00040052272,-0.00026744232,4.3245032e-05,-0.0001174137,4.7367066e-06,0.00016990583,1.9583502e-05
C17orf47,-0.00021708943,-0.00048895366,-0.00036055222,0.00012257323,-0.0011222437,-8.885935e-05,0.00019481964,2.6362599e-05
THBD,0.00016254745,-0.00010125339,-9.014085e-05,1.4113262e-05,-0.0007314831,0.0002568029,8.638296e-05,6.1345054e-06
UTP14C,0.00016100146,9.7369775e-05,0.00016188622,-8.055195e-05,0.0020136386,7.319171e-05,-0.00010595936,-2.404675e-06
OXSM,0.00013952516,-3.1059608e-05,0.00016755238,-3.9649196e-05,0.0016848668,-9.8123215e-05,-0.00013881084,-7.788185e-08
SLX4,0.00063976087,0.00087870844,0.00093110465,-0.00030275062,0.0038098767,0.00025876146,-0.00053800736,-4.4454588e-05
NIPSNAP1,-0.00012109801,-8.322671e-05,4.8873946e-05,3.251899e-05,0.0004730448,-0.00015476765,-8.317549e-05,7.9895835e-06
LMBRD1,-0.00019568764,-0.00035261363,-0.00023798831,6.2237494e-05,-0.000542596,-0.00012598932,0.00011926424,2.1213898e-05
AMN,-0.00021274574,-0.0004002098,-0.00029010326,0.00014676806,-0.00092508644,-0.0001504845,0.00012192223,2.3344532e-05
LRRTM1,-0.0003700629,-1.1591241e-05,-5.795993e-05,0.0002818536,-0.00087055564,-0.0004580072,-0.00016882736,1.4589401e-05
SLC25A40,0.00033111311,0.00022809394,0.00048242882,-0.00026052352,0.0021943524,0.0001483038,-0.00020307768,-2.0380132e-05
SLC25A33,0.00024865195,0.0003214758,0.0004422348,-0.00014295522,0.00053216517,0.00014968496,-0.00021605846,-2.0356616e-05
PRPSAP2,-6.365031e-05,-0.000113841146,-1.7190352e-05,8.167699e-05,-0.00035644323,-0.0001234482,-4.671607e-05,9.236392e-06
NKX3-2,0.00013834983,-6.0884282e-05,8.1567094e-05,-9.526685e-05,2.1472573e-05,0.00015941542,1.1492521e-05,2.6263297e-07
HTR2A,3.493391e-05,-0.0006504059,-0.00048300624,-7.578079e-05,-0.0031937063,0.00041352678,0.0004877271,2.3344648e-05
PRDM4,0.00016829185,0.00031408295,0.00042613596,-9.589549e-05,0.0025802404,-7.914193e-05,-0.00031545665,-1.1912547e-05
TMEM79,0.00017398968,-0.00017826073,7.5288117e-06,-9.897817e-05,-0.00016589463,0.00012448523,6.651785e-05,3.3183023e-06
ZNF786,0.0003009364,0.00039506704,0.000550719,-0.00023283064,-0.00029373914,0.00020721182,-0.00023337174,-2.5664922e-05
MTDH,-0.00031363592,-0.00078179315,-0.0006242674,0.0001795236,-0.0016336218,-0.0001020506,0.0003598351,4.1016494e-05
TMPRSS11E,-0.00018661655,-0.00045308843,-0.0003219638,0.000105629675,-0.00093764067,-7.132068e-05,0.00017567351,2.4226145e-05
ZSCAN31,0.00028697215,0.00046339072,0.00054298155,-0.00021498371,0.0012562424,0.00024830364,-0.00025620963,-2.5796355e-05
HYI,0.00045950152,0.0006204955,0.0006467644,-0.00018705986,0.0016047806,0.00027636345,-0.00035743136,-3.090757e-05
DNAJC18,-0.00019155629,-0.0005904678,-0.00042763166,8.7680295e-05,-0.0006178096,-3.345404e-05,0.0002651075,2.9250281e-05
MCM3AP,-0.00014289282,-0.00043378025,-0.00021342188,1.5365891e-05,0.0002984777,-8.778088e-05,0.00012994185,1.9975705e-05
TRIB3,0.00030370057,0.0003661085,0.00041048042,-8.376315e-05,0.0010780767,4.313886e-05,-0.00028226245,-1.4589168e-05
LRRD1,-0.00011674315,-0.00033728406,-0.00015622564,4.3987297e-05,-0.00059816986,-6.546732e-05,9.059161e-05,1.5907455e-05
FAM50A,-0.00021249615,-0.00024860539,-0.00025692023,0.00022663269,-0.0012849867,-0.00022548903,3.1810254e-05,2.3038476e-05
PI4K2B,-0.0003494788,-0.0006088726,-0.0004904885,0.0001282515,-0.0018072054,-8.8356435e-05,0.00030919444,2.9811985e-05
CASP2,-0.00029833987,-0.00041813776,-0.00032540224,0.00014514476,-0.0018165112,-7.3920004e-05,0.00017627329,2.435036e-05
MVD,-0.00033478066,-0.00042920373,-0.00025811978,0.00014923513,-0.0006764382,-0.00031032646,7.730443e-05,2.5187852e-05
ZBED5,-0.00017188303,-0.00021369755,-0.00011263788,0.0001022229,-0.00027228892,-0.00015411759,7.6089054e-06,1.4766469e-05
STK32B,-0.00018306822,-0.00028059632,-0.00027374737,5.390495e-05,-0.0018655434,0.00012040418,0.00022376236,1.5115133e-05
NAPA,-0.00015388057,-0.00035760738,-0.00022745878,2.0323321e-05,-0.0013199821,7.205177e-05,0.00019461103,1.5969737e-05
TRMT13,0.00024685264,-0.00028962456,9.8425895e-05,-0.00027590618,0.0020847842,0.00013920106,6.391108e-05,2.4511246e-06
CES1,-0.00014480576,-0.00023280457,-0.00016463548,0.00012328662,0.00031963736,-0.00010664528,3.1544827e-05,1.62028e-05
DAB2,0.00040711835,0.00012883544,0.00028591976,-0.0002657324,0.0009558052,0.0004493855,-1.0673888e-05,-1.534936e-05
ZNF808,0.00038175285,0.00035128184,0.0005504694,-0.00027232897,0.0005772114,0.0002674358,-0.00020597037,-2.6609749e-05
OPN4,-0.00021708943,-0.00048895366,-0.00036055222,0.00012257323,-0.0011222437,-8.885935e-05,0.00019481964,2.6362599e-05
GPR149,0.00028580427,0.00031218678,0.00044111907,-0.00016523432,0.00067777187,0.00019436516,-0.00020392146,-1.9563013e-05
FOXI1,-0.00021162629,-0.0004865732,-0.00035703555,0.000119164586,-0.001081422,-8.5116364e-05,0.00019404199,2.6134308e-05
PCDHB16,-7.973239e-05,0.0001609996,6.549992e-05,0.00013235863,0.00071334094,-0.00012781518,-0.00016820151,4.5530032e-06
CD36,-0.0002070237,-0.00055992045,-0.00038664043,7.769093e-05,-0.001485832,-0.00015878351,0.00024733786,2.5870162e-05
RAB6A,3.6805868e-06,7.867813e-05,0.0001549311,2.4071895e-05,-6.7695975e-05,-6.2687322e-06,-0.00012247171,-6.1350875e-07
WIF1,-0.00025274418,-0.000350127,-0.00021914393,0.00014370214,-0.0015619695,-0.00021509826,6.9069676e-05,2.1592365e-05
RNF180,0.00032263063,0.00040853396,0.0005046278,-0.00016392581,0.0013113022,0.0001426125,-0.00028759707,-2.1273387e-05
GABPA,0.00018419325,0.0005582571,0.00050952844,-1.3869256e-05,0.0008205697,4.1481107e-05,-0.00037377048,-2.0417268e-05
MLIP,6.0655177e-05,-0.00012549199,2.5834888e-05,-4.7119334e-05,0.00030475855,3.7422404e-05,2.708286e-06,5.264301e-06
SYT6,0.00017783418,-0.00017238036,1.1790544e-06,-0.00011405442,-0.000243783,0.0002785297,9.993743e-05,3.0559022e-06
HOXA10,-3.4207478e-05,-0.00024652854,-0.000116571784,4.7612935e-05,-0.0010383874,3.0333176e-06,7.423572e-05,1.2047822e-05
B3GALT2,0.0001633875,-2.990663e-05,0.00016106665,-0.00013985019,0.0005535558,0.00021244679,7.458031e-06,-5.49329e-06
TICAM1,-0.0001566112,-0.0002154652,-9.8025426e-05,7.6117925e-05,-0.00047947466,-0.000102037564,1.5783124e-05,1.3983343e-05
SLC39A5,-0.000104377046,-0.0003212709,-0.00024184026,0.000106038526,-0.0012182146,-5.4885633e-05,0.00011708494,1.9086641e-05
CACNG8,0.0001525376,-0.00010496937,9.724125e-05,-0.00013633445,0.00015196949,0.00015307218,2.2391789e-05,-5.455222e-07
NIPAL1,-0.0003172867,-0.0004933663,-0.00040136464,0.00020447746,-0.0021795034,-0.00019729044,0.0001790896,2.9678456e-05
ZNF653,0.00021894276,0.00011249818,0.00025696307,-0.00014831219,0.000200741,0.00018400233,-7.133186e-05,-1.1367025e-05
RELT,0.00016197748,-0.00012686849,-9.313226e-08,-0.0001026066,0.00062569976,0.00022064615,7.161591e-05,3.3290125e-06
FHOD3,0.00031222403,0.0005387962,0.00058569014,-0.00016524643,0.0008559525,0.00016517006,-0.00032281224,-2.6517198e-05
CCDC102B,0.00012941845,8.302927e-05,0.000409035,-0.00017837994,0.0016381294,-7.037446e-05,-0.00021149684,-1.2104516e-05
SASS6,0.00033772923,0.00037789159,0.00057809055,-0.00015125982,0.0024886578,4.9977563e-05,-0.00034830254,-2.3065018e-05
CHMP7,-0.0002090931,1.5703961e-05,8.959323e-07,0.00020719692,-0.0003113374,-0.00027164584,-0.00015173387,1.104956e-05
FBXO46,1.6467646e-05,0.00014012307,0.000116502866,8.360483e-05,0.001230821,-3.9719976e-05,-0.00016057026,5.705515e-07
RPRD1B,0.00024721771,0.00041428395,0.00048179924,-0.00017932989,0.00040673465,0.00022592861,-0.00022375677,-2.0914362e-05
PCDHB10,-0.00045284815,-0.0007792134,-0.0006949268,0.00030570012,-0.002304323,-0.00036020018,0.00029395334,4.7932845e-05
ACAT2,-3.5056844e-05,-8.657202e-05,-5.653873e-05,8.83257e-05,-5.13494e-05,-5.8813952e-05,-2.5779009e-05,1.0233489e-05
CARD9,-0.00014614873,-0.00048647076,-0.00042105652,9.1447495e-05,-0.0004229918,4.6579167e-05,0.0002558073,2.735015e-05
B3GNTL1,4.2535365e-05,-0.00025730208,-4.186295e-05,-0.0001854701,-0.0023116618,0.00024511013,0.00019789394,4.7154026e-06
MMP13,-0.00019516051,-0.00047357567,-0.00033935532,0.00010964554,-0.0009251386,-7.7637844e-05,0.000185485,2.5181449e-05
ZNF77,0.00034647807,0.00044132397,0.0004093293,-7.073395e-06,0.0016348585,5.081203e-05,-0.0003343532,-1.4866353e-05
NDRG2,-0.00032765232,-0.0005378742,-0.00033266284,0.00014343206,-1.6599894e-05,-0.00031291274,0.00012389477,2.8811512e-05
HOXB9,-0.00021708943,-0.00048895366,-0.00036055222,0.00012257323,-0.0011222437,-8.885935e-05,0.00019481964,2.6362599e-05
RAB5C,0.00010319427,0.000109277666,0.00027280673,-0.00012205634,-0.00036163628,0.00011425279,-9.704847e-05,-9.71579e-06
HRH3,0.00035688654,0.0005418286,0.0006491132,-0.00017186627,0.0026522428,9.444356e-05,-0.0003905734,-2.8918963e-05
HTR1A,-7.577054e-05,-0.00021246076,-0.000109234825,7.034466e-05,-0.00087780505,-3.7097372e-05,4.4051558e-05,1.28385145e-05
FAM227B,0.0003564302,0.00027762726,0.00035867654,-0.0001365114,0.0007916391,0.00018075295,-0.00018276367,-1.5076017e-05
CENPT,4.2734668e-05,0.0001068078,0.00013499334,4.004687e-06,0.00043375045,5.149003e-05,-9.720307e-05,-2.1341257e-06
IP6K1,-1.2256205e-06,-0.00014515407,-4.9190596e-05,2.7691945e-05,-0.0004954636,3.4714118e-05,2.8362498e-05,8.797739e-06
CTSH,-0.00012895837,-0.00047907792,-0.00027663633,3.9015897e-05,0.00020594895,-9.583961e-05,0.00016939733,2.1946034e-05
STAG1,0.000286486,-3.2858923e-05,0.00018300489,-0.00019014627,-8.813292e-05,0.00024455227,3.7327409e-06,-5.9262384e-06
CRK,-2.8014183e-05,-0.00044484437,-0.00014455058,-1.1486933e-05,0.0008564368,-0.0001302259,9.040348e-05,1.6445993e-05
TACR1,-0.00010461733,0.000120325014,0.000119691715,0.00017340202,-0.0003644973,-0.00028155604,-0.00020838622,1.2834789e-06
KM-PA-2,-0.00021708943,-0.00048895366,-0.00036055222,0.00012257323,-0.0011222437,-8.885935e-05,0.00019481964,2.6362599e-05
HSD11B1L,-0.00027590804,-0.0004992746,-0.00017824769,9.41474e-06,-0.0001245588,-0.00022283616,0.00010769814,2.114533e-05
FUT7,-0.0001912918,-0.00029073842,-0.00019856542,0.00014430657,-0.0004505366,-0.00017248467,4.099775e-05,1.9638916e-05
GFRA2,0.0004149992,0.0005137976,0.0006521344,-0.00020133145,0.0015776828,0.00015707873,-0.00035321992,-2.9990682e-05
TMEM120B,0.00021992065,0.00033722073,0.00028229877,-5.355105e-07,-0.00012689829,0.00016344711,-0.00018853787,-1.2370758e-05
GLYCTK,4.582852e-05,0.00013307668,0.00015920587,5.1520765e-05,-0.00030934066,-1.2340955e-05,-0.0001428714,-2.10281e-06
PTPN3,0.00024790876,0.0004734546,0.00073424354,-0.00025923364,0.0014459267,7.62064e-05,-0.00036921818,-3.227836e-05
TFG,1.5221536e-05,-8.26288e-05,9.033643e-05,-4.9167313e-05,0.0007337481,-1.6954727e-05,-4.8427843e-05,2.7978094e-06
NLRP1,8.642301e-05,-0.0002183821,2.4376437e-05,-0.00014483184,0.0012747571,0.0001621535,7.127132e-05,4.140893e-06
CDC25A,2.2241846e-05,-0.00012217276,3.7930906e-05,-9.3461014e-05,-0.0020718202,6.192364e-05,5.2006915e-05,3.947993e-06
SH3GL2,-7.39526e-05,0.00017448142,0.00010941923,0.00020307582,-0.0013790429,-0.0002184594,-0.00021033082,3.6933925e-06
GADL1,-0.00022340938,-0.00045153685,-0.00031733885,0.00012739934,-0.001158148,-0.00012275437,0.0001558587,2.4976442e-05
RSRC1,0.00031334348,0.000307858,0.00034152158,-7.986557e-05,0.0007503852,0.00017281529,-0.0001995815,-1.404318e-05
CLDN16,-0.00020500273,-0.0005361121,-0.00034255162,6.543007e-05,-0.00077632815,-7.3835254e-05,0.00021799933,2.5460497e-05
SEPT2,-0.00021708943,-0.00048895366,-0.00036055222,0.00012257323,-0.0011222437,-8.885935e-05,0.00019481964,2.6362599e-05
CYLD,-0.00016323477,-0.0006890893,-0.00053358637,7.485505e-05,-0.0017599612,8.593965e-05,0.0003774222,3.3193384e-05
HACD3,-0.00012183562,-0.00042150542,-0.0002969429,0.00011512358,-0.0006064549,-6.96592e-05,0.00014593173,2.313836e-05
PIK3R6,-3.7044287e-05,-0.0004113,-0.0002566427,3.22517e-06,-0.0012503639,0.0001723906,0.00023305696,1.6325386e-05
LAG3,-0.00014703721,2.245605e-05,0.00011222437,9.402167e-05,-3.5315752e-06,-0.00021987502,-0.00015063304,3.0687079e-06
ZNF207,-0.00020048022,-0.000488529,-0.00031157024,2.7557835e-05,-0.00077892095,8.964911e-06,0.00022492092,2.3007276e-05
RNF170,0.00041851588,0.0004070066,0.00066792965,-0.00029897038,0.0021480247,0.00016234163,-0.00031101238,-3.0445051e-05
CAGE1,-0.00022846647,-0.0004257206,-0.00031789392,0.00015753508,-0.0007035956,-0.00015726732,0.00013100449,2.494501e-05
ZNF672,0.0002597291,0.00040361285,0.0005046278,-0.00010438077,0.0014476031,6.868597e-05,-0.0003154343,-1.9971398e-05
CCDC62,0.00020762533,0.00023160689,0.00035608932,-0.00012666453,0.0010303184,0.00010716915,-0.00018661562,-1.3303594e-05
RAB15,4.7076494e-05,0.00016702339,0.00023289956,3.5445206e-05,0.0023012608,-4.0737912e-05,-0.00021142606,-4.3944456e-06
CERKL,-0.0002185572,-0.0006331429,-0.00036791153,2.2338703e-05,-0.0018709823,-7.892959e-05,0.00027931947,2.5909045e-05
HIF1AN,2.4620444e-05,-0.00016000867,-0.00018977001,9.3032606e-05,-0.00055054575,2.127979e-05,7.439498e-05,1.5008845e-05
LRIT1,-0.00021708943,-0.00048895366,-0.00036055222,0.00012257323,-0.0011222437,-8.885935e-05,0.00019481964,2.6362599e-05
NBEA,-0.0008828845,-0.0015578102,-0.0015652273,0.0006243242,-0.0036322474,-0.00042203162,0.0007593185,9.404239e-05
SLC46A3,0.00012562238,8.372031e-05,0.0001744274,1.1376105e-05,-0.00071822107,-1.5066005e-05,-0.00013052206,-2.5012996e-06
ZDHHC23,0.00020175055,6.353669e-05,0.00019063987,-0.00012417417,0.00012516975,0.00017199572,-4.4044107e-05,-7.2865514e-06
AURKB,-0.00045273267,-0.00079356506,-0.00073044375,0.00025067944,-0.0033318177,-0.00015599187,0.0004074052,4.5837718e-05
GJB6,-0.0003394764,-0.0005635731,-0.00048638694,0.0001982553,-0.0024287775,-0.00011591194,0.00026073214,3.2381155e-05
ZKSCAN3,0.0002761148,0.00019124523,0.00041200966,-0.00016083848,0.002667278,3.5815872e-05,-0.00023252796,-1.4715595e-05
ISLR2,-0.0002873335,-0.0010577366,-0.0010321159,0.0002028402,-0.0015285835,9.092782e-05,0.0006320067,5.951419e-05
PIGZ,0.00015588105,6.1266124e-05,0.0001112055,-5.469378e-05,-0.0003251657,0.00015907921,-3.503915e-05,-2.0610169e-06
RAB26,7.231161e-05,-0.00024061836,-1.8976629e-05,-2.9808842e-05,-0.0011070594,2.0001084e-05,4.1289255e-05,8.789706e-06
SLC13A5,-0.0008464977,-0.0013540685,-0.0014679078,0.00061646756,-0.0055009723,-0.00039065722,0.00069972035,8.772046e-05
TCP11L2,0.00020664744,0.0002588872,0.0003785193,-0.000117494725,-7.6681376e-05,0.0001342278,-0.00017700251,-1.6621198e-05
FAHD2A,-0.00039099902,-0.0004886687,-0.00046309084,0.00031462312,-0.0012752563,-0.00037104357,0.00011237711,3.705267e-05
RAB25,-0.00012989342,-0.00032145157,-0.00017535128,5.7969242e-05,-0.0010810718,-2.9226765e-05,0.000106249005,1.6345759e-05
RRP36,0.00011861138,7.925369e-05,0.00013641827,-1.4279038e-05,-0.0003078431,3.238395e-05,-9.1976486e-05,-1.3890676e-06
EPHX2,-0.0002387315,-0.00040760823,-0.0003735721,0.00013597403,-0.0017766953,-6.38254e-05,0.00019658078,2.7038273e-05
METTL25,-0.000115748495,-0.0001539886,-0.00020636804,8.886121e-05,-0.00072867423,4.843902e-05,9.383075e-05,1.575204e-05
PXYLP1,-0.0006260667,-0.0010702517,-0.0009294953,0.00031151064,-0.0018774495,-0.00032990612,0.0004599737,6.253156e-05
AGMAT,0.00012847409,0.00022101216,0.00031447597,-5.945936e-05,0.0021735951,7.676054e-05,-0.00020206813,-1.1390657e-05
PSMD13,-0.00012794137,-0.00022700988,-0.00014988519,9.834021e-05,-0.0009749532,-4.2231753e-05,6.056484e-05,1.5309546e-05
STAG3,2.451241e-06,-1.5141442e-05,7.66702e-05,6.623566e-05,0.00035119057,-0.00014891708,-0.00012177322,3.815745e-06
PPP1CC,-8.769333e-05,-0.00028829835,-0.0002730135,9.450037e-05,-0.0011034906,6.904639e-05,0.00015748572,1.9166619e-05
SCRN2,0.00016449764,1.16135925e-05,8.421391e-05,-2.5904737e-05,-0.0004235506,0.00014632475,-1.6352162e-05,-2.7223723e-06
PPP1R15A,-0.00017380528,-0.00035051443,-0.0001479797,7.57128e-05,0.00056577474,-0.00013881456,4.8477203e-05,1.7670682e-05
SLC16A5,7.974729e-05,-0.00011734851,-2.3063272e-05,1.9855797e-05,-0.00020579994,6.387755e-05,1.18445605e-05,6.348826e-06
PCYOX1,0.00021905638,0.000288615,0.00048040785,-0.00025294907,0.0022892207,0.00018735696,-0.0002020793,-2.0907144e-05
DPYSL3,-0.00061035156,-0.0013589114,-0.001210928,0.00038845837,-0.0024721175,-0.0002359217,0.00065566786,7.393956e-05
NTF3,-0.00024024583,-0.0007160269,-0.00049644336,2.0046718e-05,-0.0008319691,-4.658941e-05,0.00034528505,3.290025e-05
PNPO,-0.0004034005,-0.00045652315,-0.00038341247,0.0002761716,0.00016342849,-0.00052638166,2.4710782e-05,3.5212375e-05
ELF2,0.0003448669,0.0006458126,0.0007064976,-0.00014406256,0.00068382174,0.00015789084,-0.0004190458,-3.1312695e-05
XK,0.00019176863,0.00017541274,0.0003427174,-0.000110382214,0.00023932755,0.00013224408,-0.000164886,-1.2208475e-05
TNIP2,-0.0001140926,-0.0005646255,-0.00048560277,0.0001259176,-0.0016340613,-5.1370822e-05,0.00026654266,3.3177435e-05
DLX5,-0.00010496378,-0.0005975645,4.7916546e-05,-0.00021752901,0.00481534,-0.0003709863,-1.5932135e-05,1.4378107e-05
AQP3,-0.00013889559,-0.00025777705,-0.0001689326,8.752197e-05,-0.00027568638,-6.974954e-05,6.653741e-05,1.6109203e-05
RDH10,1.8257648e-05,0.00029590167,0.0003378205,7.817242e-05,0.0005016178,-0.00020336639,-0.00033360627,-6.784452e-06
FAM49A,0.0002882816,-8.102506e-06,0.00019877777,-0.00018947385,-0.0001494661,0.00025746878,-4.039146e-06,-6.8729278e-06
ARAF,0.00015217438,7.7370554e-05,0.00031574816,-0.00018180907,0.001428917,9.9299476e-05,-0.00011928659,-1.1019525e-05
ATP9A,-0.0006308295,-0.0012396462,-0.0011011083,0.00037439167,-0.0025737584,-0.00027125794,0.0005829977,6.871077e-05
PASD1,-0.00018184073,-0.0004811734,-0.00033972785,9.5166266e-05,-0.0010675564,-4.5570545e-05,0.00020219758,2.4501467e-05
ZNF582,-0.00023088604,-0.00042359158,-0.00024610758,2.5557354e-05,-0.002194211,-6.731786e-05,0.00019162428,1.9231695e-05
HTATSF1,-0.00025540218,-0.0005664434,-0.0003908556,0.00010800455,-0.00043720007,-8.214079e-05,0.00022830162,2.7908478e-05
RINL,0.0001477655,6.698072e-05,0.00021298975,-0.00016660243,-7.030368e-05,0.0002627913,-5.7462603e-06,-9.775977e-06
TRMT5,-1.9563362e-05,-3.6185607e-05,6.845221e-06,3.5873614e-05,-0.0003434047,-6.9843605e-05,-5.460996e-05,8.464791e-06
KIAA2012,4.1909516e-07,-0.00013977289,4.252419e-06,-1.1337921e-05,-0.00016158819,4.3986365e-06,1.37500465e-05,5.29876e-06
SMC6,-7.132068e-05,-0.00078670867,-0.00049315393,-9.682216e-05,-0.00040129572,0.00017301273,0.00043468643,3.0950294e-05
PIAS4,-0.00022275932,-0.00048988126,-0.00015320815,7.010065e-06,0.0009045601,-0.00024629943,8.6743385e-05,1.8112944e-05
LSM14A,-0.00023634359,-0.00033981726,-0.00014064088,9.449478e-05,0.0006951466,-0.00028156675,6.7232177e-06,1.9328902e-05
FSCN1,-0.00019135326,-0.00043485686,-0.00028033182,0.00010516029,-0.00061270595,-6.251503e-05,0.000146484,2.302276e-05
CASS4,8.16416e-05,4.3902546e-05,0.00019634888,-8.108467e-05,0.00068959594,8.541066e-05,-8.299388e-05,-5.3028343e-06
REXO5,-0.00021708943,-0.00048895366,-0.00036055222,0.00012257323,-0.0011222437,-8.885935e-05,0.00019481964,2.6362599e-05
ZNF365,0.00046297722,0.00048786588,0.0005841926,-0.0002449518,0.002250135,0.00027231313,-0.00028772,-2.8293114e-05
SLC16A8,-0.00021320023,-0.00024067797,-0.00014766492,0.00010630209,-6.207079e-05,-0.00013005314,3.6794692e-05,1.5560072e-05
HAO2,-0.00021708943,-0.00048895366,-0.00036055222,0.00012257323,-0.0011222437,-8.885935e-05,0.00019481964,2.6362599e-05
IL1RAPL2,-0.00021111593,-0.0004618466,-0.0003353171,0.00012283958,-0.00094213337,-0.000108375214,0.00017035007,2.5533722e-05
MYOT,-0.00010150112,-0.00040270574,-0.0002203118,4.082732e-05,-9.559095e-06,-6.2583946e-05,0.00012327358,1.982483e-05
DCAF8L1,-0.00021922402,-0.00048903376,-0.00036212988,0.00012973882,-0.0011825189,-9.846222e-05,0.00019116048,2.6568421e-05
CLVS2,-0.00012047216,-0.00034748204,-0.00030950084,0.00015569758,-0.0005267188,-8.5398555e-05,0.00012059137,2.3862347e-05
ENO4,4.840456e-05,-0.00028651953,-8.977018e-05,-1.4499761e-05,0.0012081191,-4.737638e-05,5.676225e-05,1.0332908e-05
WEE2,4.4865534e-05,-0.000113058835,7.612258e-05,-4.7380105e-05,0.00079767406,-1.813192e-05,-4.515145e-05,4.1505555e-06
BHLHE23,-0.00021708943,-0.00048895366,-0.00036055222,0.00012257323,-0.0011222437,-8.885935e-05,0.00019481964,2.6362599e-05
ARHGAP40,-0.00013974123,-0.0002880916,-0.00016589835,0.00010222662,-0.0008413717,-0.00011212472,5.6511723e-05,1.7000944e-05
NIPA1,-0.00019169413,-0.0004643835,-0.0002962146,6.459374e-05,-0.0008588508,-0.00010056887,0.00017452147,2.4375506e-05
MTHFSD,0.0002883803,0.0005104691,0.00062074326,-0.00018446986,0.0013817176,7.9553574e-05,-0.000343672,-2.888136e-05
SYNC,0.0010179318,0.0011701547,0.0014126115,-0.0006141141,0.0036837533,0.0005701855,-0.0006545717,-7.400918e-05
GBP5,-0.00021822564,-0.0004907306,-0.00037051924,0.00013361406,-0.0007642284,-0.000113439746,0.0001825355,2.7718372e-05
EDNRA,-0.0010226239,-0.0013511237,-0.0013399143,0.00055896863,-0.005628884,-0.00046804314,0.0006696405,8.369924e-05
APOBEC3F,-0.00014344044,-0.00032396242,-0.00031561404,0.00019146968,-0.0018193275,-9.33921e-05,0.000117030926,2.3595174e-05
ZNF704,2.251193e-05,-0.00039301626,-0.00024890713,-1.5877187e-05,0.0004926324,0.00012693368,0.00018753018,1.7862534e-05
CLIC5,-7.4194744e-05,-0.0003901329,-0.00019852072,1.4749356e-05,-0.0002906397,-2.8425828e-05,0.00013092719,1.7774291e-05
BAIAP2L2,-6.530993e-05,-0.0005293004,-0.00038294308,2.7038157e-05,-0.0004022792,7.417053e-05,0.0002700407,2.451369e-05
UBIAD1,0.00042511895,0.00022471324,0.000507243,-0.0003630966,0.0010932684,0.00045762304,-9.7560696e-05,-2.689159e-05
LRRC43,0.00019787997,0.00015319884,0.00023503974,-6.5012835e-05,-0.00042324513,0.00014439411,-0.00010939967,-8.9114765e-06
CAST,0.00024170801,0.00017279014,0.00029742718,-7.651374e-05,-0.000636898,7.583294e-05,-0.00015975628,-9.797979e-06
ZNF24,6.761029e-05,-0.00038576126,-0.00021506846,-2.526585e-05,-0.0011284202,0.0001638066,0.00020570122,1.4741789e-05
PRMT1,-0.0002576094,-0.0004145261,-0.0003694687,0.00021077879,-0.0018763691,-0.00016951188,0.00014954153,2.7771806e-05
FBXO5,-5.3942204e-05,-0.00038705207,-0.00023001432,-1.43013895e-05,-0.0018920377,8.211937e-05,0.00020672008,1.647917e-05
GBP4,-0.00012625009,-0.00011419505,-8.194707e-05,0.00020807702,0.00056865066,-0.00022381218,-8.732639e-05,1.2479606e-05
ELF3,0.00014870614,0.0001762081,0.00029728748,-7.633306e-05,-8.267164e-05,0.00015391782,-0.0001371419,-1.1514407e-05
R3HCC1L,0.00049275346,0.00045927987,0.0007138401,-0.00033645798,0.002431728,0.00029935222,-0.00030580256,-3.4272438e-05
SCN1B,-4.8153102e-05,-0.0005311519,-0.00025360845,-9.986758e-05,-0.00023031235,0.00017037056,0.0002778992,1.760677e-05
PLEKHB2,-0.0002955962,-0.0004826244,-0.00027992576,0.00013445318,0.00047425926,-0.00023940345,9.7116455e-05,2.6301132e-05
ZNF397,-0.00015710294,-0.0004914049,-0.00023291633,-2.9602088e-05,0.0004150793,-3.4485012e-05,0.00018175971,2.0015636e-05
ATP6V1A,-0.00072978437,-0.0012490544,-0.0011886172,0.00047110394,-0.003849268,-0.00034838682,0.00059894286,7.3665404e-05
DSEL,-0.00018365495,1.7672777e-05,8.415617e-05,6.683357e-05,-0.0002482161,-0.00019720569,-0.00011975411,4.8846705e-06
SMOC1,3.918074e-05,-0.0002948381,4.662946e-05,-0.00018557627,0.0020663366,3.614649e-05,6.116461e-05,3.6641723e-06
SEMA6C,1.3517216e-05,-0.00017016008,-0.00013236888,9.84557e-05,0.000314489,-6.3710846e-05,1.9306317e-06,1.5205354e-05
UCP1,-0.00027663633,-0.0006308742,-0.0004496146,0.00013917871,-0.00019729137,-0.00018123724,0.00022890698,3.228709e-05
GP6,7.284619e-05,-2.610311e-05,0.00011530332,-4.7323294e-05,0.00087507814,2.0827167e-05,-6.68494e-05,4.3900218e-07
ASAP2,-0.0004387144,-0.00087125413,-0.00080422685,0.00030750036,-0.0010424182,-0.00023078592,0.00038505532,5.1402953e-05
MYD88,-0.00022319518,-6.4788386e-05,-2.6453286e-05,0.00022114627,-0.00035303086,-0.00036707846,-0.00014781673,1.30406115e-05
RBMS1,-0.00033164956,-0.001046164,-0.00072357245,8.7757595e-05,-0.00046349317,-0.0001318208,0.00046019536,4.890829e-05
NYX,-0.00025000237,-0.00053063035,-0.00041101873,0.0001434721,-0.0013334379,-0.000104608946,0.00021938793,2.9125717e-05
CCDC185,-0.00021708943,-0.00048895366,-0.00036055222,0.00012257323,-0.0011222437,-8.885935e-05,0.00019481964,2.6362599e-05
PITPNC1,-4.903786e-05,-0.000315791,-0.00030381978,0.00012870505,-0.00087711215,-5.293265e-05,0.00013307389,2.1817978e-05
CACNB2,0.00046632253,0.0009006895,0.0009617433,-0.00014905352,0.0027026236,-4.636124e-06,-0.0006636167,-4.1302294e-05
LASP1,-0.00024626218,-0.00045391358,-0.00027165562,0.000114086084,0.00042922795,-0.00015239371,0.00011481065,2.416037e-05
BROX,-3.5699457e-05,0.00016541779,3.4375116e-05,0.0001808973,-0.0011054426,4.356727e-06,-0.000111403875,2.0804582e-06
RAE1,-2.3469329e-07,-0.00018138625,-0.00010073744,2.3377128e-05,-0.0009890869,3.46452e-05,5.7469122e-05,1.2478908e-05
HAPLN4,3.511086e-05,-1.7173588e-05,0.00012292899,-3.130175e-05,0.000854671,-0.00012214435,-0.00011301879,2.2075837e-06
ZNF283,0.00039276853,0.0005457923,0.0006538555,-0.00021775626,0.0025048703,0.00022312906,-0.0003513703,-3.0281371e-05
SHB,-4.163757e-05,-0.00019123964,-0.00018500723,0.00018161256,-0.0007914007,-0.00015288265,5.903654e-06,1.8029357e-05
ANGPT4,-0.00019496307,-0.00046937354,-0.00033296645,0.00010937918,-0.0008972287,-8.259341e-05,0.00018024817,2.4932553e-05
NOC4L,-0.00026896968,-0.0006678961,-0.00054957345,0.00014865026,-0.0017298833,-0.00011546584,0.00031144265,3.5959063e-05
STRN,-0.00024242699,-7.473864e-05,-0.00011922978,0.00026553962,-0.000180386,-0.00031170296,-0.00011083949,1.835043e-05
TRAM1,7.388368e-05,7.310696e-05,0.00016369298,-1.4478341e-05,0.001065366,2.0059757e-05,-0.00012575742,-1.8220162e-06
ZNF665,0.00036762469,0.000643244,0.00073474273,-0.00023199152,0.0025258362,0.00015548337,-0.00041375775,-3.399409e-05
TAPBPL,4.9494207e-05,-9.0623274e-05,1.8116087e-05,-1.6835518e-05,0.0005102679,4.6226196e-05,-9.322539e-06,4.6094647e-06
GJD3,0.00011357479,-6.485544e-05,0.00015119277,-7.576309e-05,0.0009936988,2.4839304e-05,-7.16839e-05,-1.1051307e-06
EIF3E,-7.083453e-05,-0.00015646219,4.928559e-05,-2.0274892e-05,0.0017055944,-0.00013026642,-6.508827e-05,7.86758e-06
ERICH6,-9.0595335e-05,-0.00012714788,-8.6771324e-05,0.00010455493,-0.0005865693,-7.7687204e-05,-4.9844384e-06,1.1982629e-05
LMOD3,0.00048637576,0.00047170743,0.00061814114,-0.00030987896,0.0027109236,0.00035054795,-0.00026873965,-2.9945862e-05
CYP3A7,-0.00021708943,-0.00048895366,-0.00036055222,0.00012257323,-0.0011222437,-8.885935e-05,0.00019481964,2.6362599e-05
RHO,-0.00020162761,-0.00049716793,-0.0003670454,0.0001182016,-0.0012098327,-6.994512e-05,0.00020569842,2.6290654e-05
DBNL,-0.0002137497,-0.00028106757,-9.198859e-05,9.162072e-05,0.00011855364,-0.00022051064,-1.3755634e-06,1.519965e-05
ATP6V1D,2.7544796e-05,-9.793788e-05,8.754432e-08,5.0691888e-05,-0.00018575788,-2.8137118e-05,-3.4443103e-05,7.346389e-06
IRAK3,6.3942745e-05,0.000102017075,0.00016410649,8.5461885e-05,0.0009853542,-0.00014541391,-0.00020975526,7.7323057e-07
FAM222B,-6.8103895e-05,-0.0003210958,-0.00022863597,4.1303225e-05,-0.00011011958,9.579025e-05,0.00014717598,1.773471e-05
ZNF394,0.00021068938,0.00013355166,0.0003097728,-0.00015457347,0.0016495734,0.00010768231,-0.00014436152,-1.109438e-05
UBR1,-0.00013669766,-0.00022647157,-0.00012568384,8.82037e-05,0.0003395006,-0.00011590216,1.8077902e-05,1.5872181e-05
EHBP1L1,0.0005680118,0.00050646625,0.00059455074,-0.00031014346,0.0031661838,0.0004255576,-0.00025106128,-3.1500356e-05
WAPL,0.00013488531,-0.00014806353,-1.29677355e-05,-0.00011233706,1.399219e-05,0.00030443724,0.00011696201,1.918641e-06
KLHDC7B,-0.00022353046,-0.0003770031,-0.00021088868,9.323098e-05,-0.00083450973,-0.00013116933,0.00010169484,1.9438448e-05
HOXA4,-0.00020020083,-0.00047482736,-0.0003417395,0.00011267234,-0.00096369535,-8.1167556e-05,0.00018566381,2.534897e-05
HIRIP3,4.3472275e-05,-0.00028791465,-0.00016216934,4.9499795e-06,-0.0004666075,6.7076646e-05,0.000116946176,1.4522928e-05
ZNF750,-0.000111199915,-0.00026392192,-0.00018698536,0.00011014659,-0.00090263784,-7.790886e-05,7.0258975e-05,1.7156126e-05
GDF7,-0.00020100921,-0.00045089237,-0.00031614117,0.00011256337,-0.00096704066,-9.106286e-05,0.00016709603,2.4182722e-05
ACP5,-4.0648505e-05,-2.1200627e-05,6.773695e-05,6.691087e-05,0.000557296,-0.000111045316,-0.0001081666,4.7002686e-06
RHBG,-0.00030336902,-0.000529306,-0.00043459795,0.00019476376,-0.0015475824,-0.00022280356,0.00018776953,3.1926786e-05
PARP15,-0.00047642738,-0.00046847388,-0.00038115866,0.00030550826,-0.0002469793,-0.0004288978,5.8099627e-05,3.2944838e-05
CHST10,-0.0001152996,-0.0005063433,-0.00040683895,4.0267594e-05,-0.0013603345,4.8751943e-05,0.00028949324,2.5118934e-05
SLC6A3,-4.3079257e-05,-7.526949e-05,0.00026929379,-0.0001614429,-0.0011472926,4.079938e-05,-4.00329e-05,-8.8158995e-06
TRIM16,9.7384676e-05,0.00012819469,0.00030602142,-6.18035e-05,0.0018618554,-9.2559494e-05,-0.00021709409,-7.733121e-06
RSAD1,0.00010266341,0.00032004155,0.00026731938,2.5600195e-05,3.413111e-05,4.518777e-05,-0.00021660794,-8.143717e-06
ETNK2,0.00037083402,0.000163747,0.00039699115,-0.00020544138,0.0036458373,8.904375e-05,-0.00020785723,-1.471967e-05
FCRL5,-0.00018852763,-0.00044183247,-0.0003237445,0.00011592824,-0.0009606555,-7.775426e-05,0.0001704311,2.4322071e-05
NDUFAF6,-0.00038493425,-0.00054147653,-0.00041432306,0.0001395503,-0.0024508461,-0.00018741703,0.00022945926,3.0831667e-05
VSX1,0.00018050149,4.3436885e-06,0.0001971256,-0.0001671752,0.00084349513,0.00021791644,-1.9122846e-05,-7.751281e-06
SNRNP40,0.00019731931,0.00018719584,0.0002480112,-7.753447e-05,-0.00021327287,0.00016342569,-0.00011777785,-9.11497e-06
DHPS,0.0001313556,-4.2092055e-05,0.00011738576,-6.82855e-05,0.0003344044,9.572785e-05,-2.8921291e-05,-1.7306302e-06
SEPT3,-0.00021708943,-0.00048895366,-0.00036055222,0.00012257323,-0.0011222437,-8.885935e-05,0.00019481964,2.6362599e-05
NDUFAF5,0.0002789218,0.00032863393,0.00048943795,-0.00019603688,0.0008082688,0.00018649735,-0.00022002775,-2.1406799e-05
MORN1,0.00023840368,-0.00019217841,9.245984e-05,-0.00021934416,0.00052230805,0.00027660746,9.9579804e-05,-2.7188798e-06
MMP11,0.00022562407,4.4487417e-05,0.00036184676,-0.00024345424,0.0015984699,0.0001062816,-0.00011778716,-1.3685902e-05
NBEAL2,0.00051493756,0.00047786534,0.00057467446,-0.00026451983,0.002504103,0.00032672565,-0.00026912522,-2.8013019e-05
RMDN2,4.2613596e-05,0.00020759366,0.00020785071,8.061435e-05,-0.00012167543,-3.7298538e-05,-0.00019267853,-5.152775e-06
TSC22D2,0.00025577843,0.00026054494,0.0005520806,-0.00022610277,0.0021265224,6.240141e-05,-0.0002783453,-2.1346263e-05
ST6GALNAC1,-4.8296526e-05,-0.0002889894,-0.0001481697,5.5469573e-05,8.995086e-05,-1.9412488e-05,7.4153766e-05,1.4118035e-05
CRTAP,0.00025059655,-0.00013243407,2.5993213e-05,-0.00017899647,-0.0007296726,0.0003565885,0.00013789907,-7.6578e-07
MAP2K3,0.00019936636,0.0004019551,0.00048218295,-0.00010107458,0.0014783144,9.104423e-05,-0.0003007846,-1.9086408e-05
CDC123,8.612126e-05,0.000264531,0.00034825318,-4.3759122e-05,0.0016709492,2.2193417e-06,-0.00024116319,-1.150195e-05
ARAP3,0.00069769286,0.000677811,0.0007679034,-0.00021675136,0.0011720955,0.00032443833,-0.00041097868,-3.8548373e-05
SLC8A3,0.00022176467,0.00053308904,0.00057660416,-7.2821975e-05,0.00090841204,7.560756e-05,-0.00037405547,-2.4779001e-05
EYA1,0.0003082417,0.0007895343,0.0009296704,-0.00018110964,0.0048110485,-0.00019444432,-0.00066568423,-3.7247315e-05
RBAK,0.00019903667,4.3462962e-05,0.00019004568,-8.897297e-05,0.0030760765,5.7237223e-05,-0.0001294231,-3.393623e-06
SH2B2,4.439801e-05,0.00017307326,0.00023855269,-1.6867183e-05,0.00021363795,-3.5437755e-05,-0.00017637666,-4.6525383e-06
RIPK3,-0.00010325201,-0.0003792178,-0.00023491122,3.9491802e-05,-0.00058327615,1.9384548e-05,0.00015811902,1.8450432e-05
TDG,-0.00026976503,-0.00038896315,-0.00027270615,0.00021946616,4.6625733e-05,-0.00030478882,3.2451004e-05,2.635771e-05
LRIG3,-6.4892694e-05,-0.00024704635,-8.370541e-05,-1.0835938e-05,3.3266842e-05,-1.1364929e-05,7.090997e-05,1.0375516e-05
TRAIP,0.00018695183,-4.534051e-05,5.555153e-05,-0.00015777815,-0.0014667511,0.00039574783,0.0001202384,-2.9646326e-06
NOG,-0.00034951046,-0.000702668,-0.0007711202,0.0002809167,-0.0031799749,7.175375e-05,0.00044294447,4.30434e-05
DNAJC28,9.420328e-05,-4.598871e-05,9.107962e-05,-5.19529e-05,0.00025109202,8.960534e-05,-3.6579557e-05,1.526787e-06
CCDC155,-0.00012345985,-0.0003676694,-0.00020541996,2.8719194e-05,-0.00056698173,-1.5892088e-05,0.00014149118,1.7033773e-05
ALLC,-0.000207562,-0.0004914589,-0.00035347976,0.00011351425,-0.0010130629,-8.920487e-05,0.00019302405,2.6086112e-05
TRMT12,0.00017182529,0.00037014484,0.00022892281,5.4103322e-05,-0.00046873838,0.00014429167,-0.00019651558,-8.12707e-06
PGAM1,-0.0002558399,-0.00011529587,-7.859059e-05,0.00017409585,-0.00058490783,-0.00023627747,-5.5809505e-05,1.3574725e-05
SBDS,-0.00041572563,-0.0005105566,-0.0004352741,0.00029382017,-0.0018974841,-0.00031782873,0.00012804568,3.537233e-05
SNX33,-4.4927e-06,0.00024668314,0.00037798472,3.3043325e-05,0.0019603148,-0.00026230467,-0.00034486968,-8.768053e-06
SURF1,6.16312e-05,-1.825951e-05,-4.1985884e-05,6.961264e-05,-0.00086224824,3.8344413e-05,-3.6228448e-06,6.6643115e-06
FAM43A,0.00026532635,0.0002791956,0.00041185692,-0.00013858546,0.00042369217,0.00012615137,-0.00021211524,-1.6640406e-05
TMEM184A,6.645918e-05,3.2389536e-05,-9.23872e-06,9.6679665e-05,-0.0015957132,3.5014004e-05,-4.1189604e-05,5.774549e-06
PSRC1,-0.00013753772,-0.00015832856,-0.00011023879,3.4107827e-05,-0.00061725825,1.3155863e-05,7.650908e-05,1.007074e-05
SH3GL3,0.00015205704,-0.000246685,-7.536262e-05,-7.11875e-05,0.0004022494,9.2321075e-05,8.976925e-05,8.322764e-06
DLX2,-0.00042877533,-0.0010049902,-0.00046964549,1.6046688e-05,0.0022965297,-0.00042320183,0.00025498588,4.225457e-05
NEUROD1,-0.00016047433,-0.00019052997,-0.00018552691,0.00018853787,-0.0014851317,-6.926805e-05,4.086271e-05,1.5998376e-05
SPATS2L,-0.00034468248,-0.00079122186,-0.00048286282,7.8561716e-05,-0.0002943799,-0.0001685638,0.00031282194,3.4091645e-05
SQOR,1.5720725e-05,-9.17539e-05,2.077967e-05,2.4073757e-05,0.0006025657,-1.2721866e-05,-3.715139e-05,5.927519e-06
RNF214,0.00026004575,0.00042675808,0.00038870424,-1.31437555e-05,0.000581719,0.00014108233,-0.0002607396,-1.7460086e-05
TPRA1,-0.0001545474,-0.00034996495,-0.000105988234,-5.5325218e-05,-0.0007982403,-6.3765794e-05,0.00012025889,1.1909986e-05
SLC18B1,-0.00017970987,-0.00013636239,-5.3562224e-05,9.664241e-05,-0.0016087219,-0.00016249437,-1.6655773e-05,1.1396129e-05
ZACN,-0.00018989854,-0.0003248155,-0.00027240068,0.00015955791,-0.0007569641,-8.699205e-05,0.000102897175,2.15529e-05
ILF2,-0.00015655532,-0.0004334934,-0.0002530869,7.131416e-05,0.0006256029,-8.388702e-05,0.00012683216,2.205011e-05
AQP2,-0.00021708943,-0.00048895366,-0.00036055222,0.00012257323,-0.0011222437,-8.885935e-05,0.00019481964,2.6362599e-05
IRAK4,0.00021562725,5.118549e-06,0.000194503,-9.4369985e-05,0.00057689846,0.00010180846,-8.6496584e-05,-3.693276e-06
HTR4,-1.3038516e-07,-0.00030438974,-0.00013426319,-3.7811697e-07,-6.791949e-05,2.1834858e-05,9.5433556e-05,1.3862387e-05
M1AP,-0.00019888207,-0.0004791692,-0.00034031458,9.3312934e-05,-0.0008388832,-5.157292e-05,0.00019815005,2.51116e-05
MARCH4,-0.00021708943,-0.00048895366,-0.00036055222,0.00012257323,-0.0011222437,-8.885935e-05,0.00019481964,2.6362599e-05
C6orf222,-0.00021708943,-0.00048895366,-0.00036055222,0.00012257323,-0.0011222437,-8.885935e-05,0.00019481964,2.6362599e-05
PDXK,-6.64182e-05,-0.00025442988,-0.00015933439,7.0610084e-05,-0.00020156801,-6.183982e-06,7.488765e-05,1.5036203e-05
IVL,-0.00021708943,-0.00048895366,-0.00036055222,0.00012257323,-0.0011222437,-8.885935e-05,0.00019481964,2.6362599e-05
ECI1,0.00030556135,-6.918982e-05,0.00019607879,-0.00020011328,0.0020780116,0.00014959741,-5.2022748e-05,-3.6390265e-06
SLC25A36,-0.00058616884,-0.0012110174,-0.001080269,0.00030734856,-0.0033330992,-9.5784664e-05,0.0006496832,6.377825e-05
POLD3,0.00029747374,0.00034459122,0.00041251443,-0.0001047859,0.002057217,0.00013779942,-0.00025299285,-1.6696285e-05
OSGEP,9.797513e-07,-7.893145e-05,0.00013221987,-3.2503158e-05,0.001601018,-0.00011981325,-0.00011180248,2.7440256e-06
UBR7,-5.1965937e-05,-0.00025735423,-4.084967e-05,-7.8146346e-05,0.0006844327,7.760804e-05,8.87448e-05,8.853502e-06
CNST,2.4784356e-05,0.00023926981,0.00040562823,-5.3261407e-05,0.0015889928,-0.00013728626,-0.0002883086,-1.1503696e-05
IFRD1,-0.0002902802,-0.00047503226,-0.0003699772,0.00015746243,-0.0014297739,-8.4250234e-05,0.0002010651,2.6561902e-05
GRM7,0.00021981075,0.00013064593,0.0001643654,-0.00011064019,0.00047361106,0.00033758953,-1.1138618e-06,-1.1187862e-05
ZNF148,-0.0005227048,-0.000880355,-0.0007979721,0.00037915073,-0.0013638437,-0.00035311142,0.00032595173,5.4684468e-05
ZNF565,0.0004544556,0.00035722926,0.0006546192,-0.00036557298,0.003975183,0.00022302754,-0.0002926467,-2.857123e-05
MLST8,-0.0001459755,0.00010369159,7.515773e-05,0.00012510922,-0.00038903952,-0.00016094651,-0.00014107767,3.7616119e-06
AP3B1,0.00013651885,0.0001450479,0.00036543608,-0.00014033448,0.0014432818,1.6437843e-05,-0.00019662175,-1.1686818e-05
ZNF614,0.00016188808,3.0364841e-05,0.00015984848,-5.5198558e-05,-0.0009101033,7.763598e-05,-5.746819e-05,-3.3212127e-06
GLT1D1,0.0001004599,3.1534582e-05,9.466708e-05,1.8741004e-05,2.0943582e-05,9.3905255e-06,-8.4243715e-05,1.2501841e-06
ERICH6B,-0.00015198812,-0.00023265183,-0.0001310017,9.9004246e-05,-0.00038131326,-0.000121512916,2.8984621e-05,1.4981255e-05
PAX6,-0.0008567106,-0.0011664256,-0.0011713672,0.0005279286,-0.005569607,-0.0004457906,0.0005685119,7.136061e-05
MRPL43,2.6538968e-05,-4.141219e-05,4.4252723e-05,1.2458302e-05,-6.170571e-05,-9.331852e-07,-4.0831976e-05,4.051486e-06
SLCO1A2,0.00013507344,0.00020963699,0.00028631277,2.2087246e-05,0.0011876449,-6.559305e-05,-0.00024798792,-7.1033137e-06
FOSL1,-9.339489e-05,-0.0004909951,-0.00034065172,1.9589439e-05,-0.0010644346,0.00011150632,0.00026675873,2.1548825e-05
CD37,-0.0005111676,-0.000998605,-0.0008865688,0.00030512735,-0.0018010587,-0.00021866709,0.00047379546,5.525176e-05
CELF1,-0.0006245915,-0.0014449339,-0.0012274776,0.00030438788,-0.0032358393,-0.00014929846,0.00074463245,7.3111616e-05
MDH2,-0.00024237297,-0.00048078783,-0.0003421884,0.00014360808,0.000510782,-0.00018945057,0.0001338711,2.8172624e-05
EPM2AIP1,-0.00051846914,-0.0010881182,-0.00092853047,0.00026119966,-0.0021876767,-0.00015530363,0.0005404912,5.7060388e-05
RNF121,0.00011425838,0.00032024086,0.00028365664,6.886292e-05,0.0005926341,-0.00014949543,-0.00029258896,-6.40878e-06
QRFPR,0.00016862899,3.5401434e-05,0.00013656914,-2.5527552e-05,-7.685274e-05,7.062685e-05,-8.177478e-05,-1.8074643e-06
CPA3,-0.00021776743,-0.0004885476,-0.00035718642,0.00012246054,-0.0010557622,-9.596627e-05,0.0001906585,2.6322436e-05
ZNF607,0.0004224945,0.0005450547,0.00067398325,-0.00023719855,0.0016529784,0.00024794322,-0.0003300598,-3.418431e-05
PCDHB2,-9.520352e-05,-0.0002819281,-0.00015056133,3.098976e-05,-0.00145524,-7.108599e-05,9.381492e-05,1.4885794e-05
NSMCE4A,-0.00015095994,-5.093962e-05,8.6236745e-05,4.280638e-05,9.164959e-05,-0.00020937948,-0.00011227187,5.429494e-06
FUT1,2.8247014e-05,-0.000175789,-8.7913126e-05,9.578653e-06,-4.002452e-05,0.00013034325,8.017104e-05,8.072238e-06
METTL15,0.0005736891,0.0006729737,0.0007121898,-0.00021168496,0.00068178773,0.00030775834,-0.00037644152,-3.648922e-05
ANKRD34A,0.00017924607,0.00018087402,0.00033118762,-8.007325e-05,0.00024329126,3.267359e-05,-0.00019252021,-1.0732445e-05
GRIN3A,0.00042729639,0.00068052486,0.00072544254,-0.0002099676,0.0005832389,0.0003241673,-0.00036127958,-3.638491e-05
FUT11,2.82377e-05,-0.00012983382,6.0815364e-06,-2.0436011e-05,4.9732625e-05,9.685755e-06,5.0459057e-06,6.8916706e-06
CLDN10,-0.00081354193,-0.0010466855,-0.001160942,0.0005771229,-0.004874356,-0.000495465,0.0004821159,7.314712e-05
TEDC1,0.00015212595,-0.00022474676,-7.3097646e-05,-0.00013094489,-0.00018095225,0.00020783767,0.00013935659,6.7220535e-06
PACSIN3,-8.338131e-05,-0.0004426837,-0.00030865334,5.9958547e-05,-0.0010921732,1.9669533e-05,0.0002029324,2.1429616e-05
ADRA2A,-0.0008288622,-0.0017185155,-0.0016100295,0.0003549531,-0.0051668063,-0.0001169513,0.0010241559,8.7352935e-05
WDFY2,0.00028122962,8.003041e-05,0.0002872292,-0.00030725077,-0.00028192252,0.0003996594,2.5152229e-05,-1.400325e-05
ZNF564,9.167939e-06,0.00010632165,0.00016404688,2.5164336e-05,0.0009275824,-5.546678e-05,-0.00016155187,-1.9231811e-07
TIAL1,-1.190789e-05,1.542829e-05,0.00013082102,2.6608817e-05,0.00092469156,-5.3809956e-05,-0.00011714455,-1.6170088e-07
NDUFS3,-0.00012691878,-0.00033265539,-0.00022975355,0.00011977833,-0.00046519935,-0.00011767214,8.426607e-05,2.09813e-05
ADRA2B,-0.00016116165,-0.0003137756,-0.00021972135,0.00011890009,-0.0013498515,-7.1245246e-05,0.0001035491,1.821795e-05
GPC3,0.00029868074,0.0004791543,0.0005689636,-0.00012238976,0.00011571497,0.00012089871,-0.00031962898,-2.4949666e-05
DCK,3.9711595e-06,0.00016459636,0.00017038919,5.7110563e-05,-0.00083196163,-6.9251284e-05,-0.0001644874,-1.1201482e-06
WASF2,-0.00024924055,-0.0005969405,-0.00040842593,9.320304e-05,-0.0015502572,-0.00017307978,0.00023743417,3.0367402e-05
CRBN,-0.00013554282,-0.00054868497,-0.00028602965,-1.312606e-05,-0.002013281,-1.4474615e-05,0.00023501273,2.3653614e-05
FHL1,-7.817149e-05,-0.00029508956,-0.00018746592,7.226132e-05,-0.000152044,-2.2482127e-05,9.275135e-05,1.6200473e-05
RIPK2,0.0002145525,0.00021118112,0.0004072301,-0.0001677433,0.0005542636,0.00010546483,-0.00020000618,-1.4306861e-05
GPR137,-0.00033537298,-0.00056019984,-0.00046759844,0.0002087513,-0.0024448037,-0.00026756292,0.00020795222,3.4392695e-05
CYP2C8,9.259023e-05,6.210245e-05,0.00014368072,2.5909394e-05,0.0003209859,-6.4012595e-05,-0.00014068093,-9.49949e-08
GAMT,-0.0001740437,-8.794293e-05,-3.549084e-05,0.00012802053,0.0004035756,-0.00021485519,-8.6764805e-05,1.2866803e-05
MCU,6.493367e-05,0.00021334738,0.00023751706,3.5379082e-05,-0.00037558377,2.7094036e-05,-0.00016883668,-8.325791e-06
CYP39A1,-9.536743e-07,2.111122e-05,0.00012858771,-4.406832e-05,-0.0007433817,-1.4029443e-05,-6.422028e-05,3.8382132e-07
ZNF41,0.00026136264,0.00035678968,0.00045634434,-0.00014051981,0.00039560348,0.00014168397,-0.00023454335,-2.0499807e-05
RTCA,0.0001228489,7.8082085e-06,0.00010829605,-7.729605e-05,-0.0004426539,0.00019177701,1.3774261e-06,-2.409215e-06
ZNF569,0.00018825755,0.0005293768,0.00060571544,-0.00012357999,0.0019452348,3.3620745e-05,-0.00037774723,-2.5812886e-05
SPTAN1,-0.00017314218,-0.00039940327,-0.00025623105,0.00010306481,-0.00013709068,-0.00012179883,0.00011957344,2.2108085e-05
PTGER3,1.2112781e-05,9.600259e-05,0.00013105571,-2.618786e-05,-0.0017493591,0.00011591893,-1.8629245e-05,-5.2358955e-06
FOXK2,0.00010999851,0.00014893338,0.00013336167,3.8266182e-05,0.0013011992,2.9598363e-05,-0.00014701393,-3.571622e-07
MXRA8,8.274242e-05,-0.00022339262,-1.4323741e-05,-0.00011247676,0.00047056377,5.8548525e-05,7.373933e-05,5.3681433e-06
SERINC2,-0.0003384892,-0.0007255636,-0.0006008111,0.00019618403,-0.0022983998,-6.693322e-05,0.00035111606,3.7826016e-05
ZNF616,-4.985556e-05,0.00030385703,0.00028203428,0.00010811631,2.9735267e-05,-0.00011076871,-0.0002669962,-7.912284e-06
RBM46,-0.00027727522,-0.00069451146,-0.0004725922,5.1899813e-05,-0.0019512847,-3.3953227e-05,0.00033775065,3.1504198e-05
ZDHHC6,-4.2485073e-05,-9.871274e-05,6.0746446e-05,5.799532e-05,0.00032109767,-0.00017522508,-0.00010296237,6.1580213e-06
CLCC1,-8.411147e-05,6.230362e-05,0.00023601018,-5.1844865e-05,0.0012707859,-9.680912e-05,-0.00014554616,-4.870468e-06
NAGPA,0.00038482994,0.0005433783,0.00063946284,-0.00023368374,0.0023947135,0.00019492302,-0.00033710618,-2.9739807e-05
ZNF528,0.00011538714,0.00032867305,0.0003669355,3.070198e-05,0.0010214001,-7.52667e-05,-0.00030864682,-1.077191e-05
MRPS30,0.00013320334,-8.8637695e-05,0.00012615137,-0.00012655929,0.00064754486,8.4920786e-05,-1.5628524e-05,-2.0031584e-06
PTBP1,-0.00030219182,-0.00050849095,-0.00054144114,0.00023408979,-0.0021646172,-0.00012658257,0.0002457397,3.5934383e-05
FLI1,1.4213845e-05,-0.00043498538,-0.0003087502,6.657839e-05,0.00016210228,7.7730976e-05,0.00019473024,2.0553824e-05
SIGLEC12,-0.00021290407,-0.00032206066,-0.00025591068,0.0001611542,-0.00082296133,-0.00016197376,7.63135e-05,2.2463733e-05
TBC1D24,-0.00043009222,-0.0010310505,-0.0008953139,0.00019342732,-0.0015888438,-2.97511e-05,0.00055041537,5.3986907e-05
PEX13,0.00014925748,3.601238e-05,0.00018810853,-9.156484e-05,-0.000714615,0.0001464244,-5.3212047e-05,-5.3776894e-06
POLDIP3,-6.617606e-05,-0.00015007704,-0.00010966137,9.8094344e-05,-0.001146689,-9.357929e-06,3.1200238e-05,1.24721555e-05
SLC16A7,0.00025963224,-7.600337e-05,0.00017440878,-0.00016658008,0.0018893778,0.00018021371,-3.101211e-05,-4.707137e-06
C17orf53,-0.00021708943,-0.00048895366,-0.00036055222,0.00012257323,-0.0011222437,-8.885935e-05,0.00019481964,2.6362599e-05
RIOK2,2.5810674e-05,3.5641715e-05,0.0002039969,-7.285457e-05,0.0006021187,-9.042304e-05,-0.00013702083,-1.0542572e-06
POLD2,-8.4603205e-05,-0.00013885461,-0.000100249425,8.5117295e-05,-0.00035978854,-4.82006e-05,2.3757108e-05,1.1074473e-05
FSD1L,-0.00028984807,-0.00053269975,-0.00039024837,0.00013161544,-8.165836e-05,-0.0001528901,0.00019442756,2.9000337e-05
SETD4,-0.00021147355,9.1968104e-05,0.00020177662,0.00013725832,-0.0010581464,-0.00036530662,-0.00024828222,2.3780158e-06
CTSD,-0.00016634353,-0.0003551189,-0.0002599731,0.000103622675,-0.0015399158,-4.5188703e-05,0.00015175529,1.9270694e-05
LILRB3,-8.1095845e-05,-0.00033722632,-8.61045e-05,1.0614283e-05,0.00023813546,-0.00014244067,3.6515296e-05,1.4544232e-05
RAVER1,-0.00037213415,-0.00041939504,-0.0003898628,0.00022731815,-0.0027049035,-0.00029470026,0.00013611745,3.0785683e-05
CCDC141,-3.6928803e-05,-0.000113869086,-5.482696e-05,0.00012120791,0.0007665232,-7.966254e-05,-5.419925e-05,1.05714425e-05
CHADL,0.00010422431,0.00014846213,0.000254035,-6.53686e-05,-0.00026094168,6.91833e-05,-0.00013000052,-8.0927275e-06
AUH,0.00019880943,0.00023381598,0.0003227573,-8.6849555e-05,-0.00073324144,0.00016725436,-0.00014708284,-1.3604062e-05
SLC16A10,-2.6693568e-05,-0.00014575571,-4.486926e-05,1.5154481e-05,-0.00060849637,6.3133426e-05,4.5310706e-05,6.9251982e-06
SLC28A2,3.2013282e-05,9.988807e-05,0.0002308879,3.4803525e-06,0.001227431,-0.00012007542,-0.00020551588,-1.973589e-06
SLC22A10,-0.00021708943,-0.00048895366,-0.00036055222,0.00012257323,-0.0011222437,-8.885935e-05,0.00019481964,2.6362599e-05
VPS26B,-3.506802e-05,-0.00025712885,-0.00011302717,-5.0867908e-05,-0.00057034194,7.6795e-05,0.0001282515,1.1201948e-05
ITGAL,0.00019643083,-5.0999224e-05,0.00011655316,-0.00010020472,0.0007067099,0.0001747869,-4.1183084e-06,-2.8888462e-06
CHST12,0.0002076719,0.000290988,0.00030528754,-1.7229468e-05,0.0010316968,7.67922e-05,-0.00021459442,-1.1542579e-05
CREB1,-0.00031177886,-0.0004963167,-0.00049491413,0.00027265865,-0.0005526319,-0.00021266239,0.00017260853,3.5569305e-05
TBCB,-3.405474e-05,-7.1406364e-05,-8.053519e-05,0.00013464782,-0.000436306,-2.0922162e-05,-2.1501444e-05,1.1014054e-05
ADRA1D,-0.0001685638,-0.00046593882,-0.00032291748,8.5237436e-05,-0.0005322546,-4.5761466e-05,0.00018596929,2.4110079e-05
YTHDF2,-0.00021211803,-0.0005173627,-0.0004116129,0.00014297292,-0.0009380281,-3.145449e-05,0.00022687297,2.8598239e-05
NUDC,-0.00010156259,-5.7315454e-05,-1.8229708e-05,0.00012016017,-0.00043024868,-0.00012745336,-7.3743984e-05,9.941054e-06
KIAA0391,-0.00021708943,-0.00048895366,-0.00036055222,0.00012257323,-0.0011222437,-8.885935e-05,0.00019481964,2.6362599e-05
SPOP,-0.0001475215,-0.0003469158,-0.00030717254,0.00014337525,-0.0014006123,-2.440717e-05,0.00015170872,2.2980967e-05
MYBPC3,-5.272031e-05,-0.00023899414,-0.00012803078,4.3755397e-05,-0.00090096146,1.3366342e-05,7.836521e-05,1.2902659e-05
LRRIQ3,0.0002619475,0.00034108013,0.00040968135,-0.000109285116,0.0017074123,7.6117925e-05,-0.00025895517,-1.530652e-05
ACCSL,-0.0002485104,-0.00052713044,-0.00040793605,0.00014278851,-0.0013682246,-0.00010171998,0.0002186494,2.8900919e-05
CYP3A4,-0.00019376725,-0.0004812088,-0.00034477934,0.0001078099,-0.0008123666,-8.213241e-05,0.00018677395,2.5646412e-05
ABLIM3,0.00037338585,0.0003511533,0.00053065084,-0.00018812716,0.0012861341,0.0002078712,-0.00025156792,-2.3932778e-05
HRH1,-0.00023921579,-0.0003110096,-0.00036296993,0.00027696975,-0.003617674,-0.00018753856,0.00012408104,2.5756308e-05
LOXL2,-0.00031565875,-2.7058646e-05,3.6129728e-05,0.00012490805,-0.0017436296,-0.0002755057,-9.6081756e-05,7.4842246e-06
CRYBB1,-0.00028110854,-0.00054808334,-0.00050990283,0.0002298262,-0.0016553476,-0.00016724877,0.00023513846,3.447139e-05
PRKCE,-7.607043e-06,-0.0003870856,-0.00022155046,-2.5099143e-05,-0.0019710585,0.000104946084,0.00021244213,1.5648198e-05
WNT8A,-0.0002197437,-0.0004947074,-0.0003656894,0.00012381654,-0.001090534,-9.2295e-05,0.0001967214,2.6700902e-05
PRPH2,0.0003480669,0.00026487187,0.00043446757,-0.00018737651,0.0008395761,0.00012624357,-0.00020975713,-1.795066e-05
TMX3,9.441748e-05,-0.00016029552,1.9501895e-06,-2.652686e-05,0.00016783178,3.4220517e-05,1.0014512e-05,6.468734e-06
RBM4,-0.00036537647,-0.00070585683,-0.0005528014,0.00019325968,-0.00053494424,-0.00024450477,0.0002682181,3.9516133e-05
CARF,-5.799532e-05,0.00014827773,0.00029654615,4.0974468e-05,0.0018809512,-0.0003194362,-0.00029651914,-4.17151e-06
TOX4,-1.0212883e-05,-6.0737133e-05,0.00014796294,-5.840324e-05,0.0012615845,-1.6631559e-05,-7.0449896e-05,-1.1277152e-06
EXOSC4,-0.0002773106,-0.0003236439,-0.000311872,0.00022785738,-0.0018552393,-0.00024782307,8.117221e-05,2.5594374e-05
MGAT4C,0.00025924295,0.00038686208,0.00030120648,1.3525598e-05,-0.0014147013,0.00015869178,-0.00018974859,-1.4744699e-05
BAG4,4.9140304e-05,-1.761131e-05,6.831437e-05,1.3532117e-06,0.0010716319,3.2745302e-06,-6.751064e-05,3.0316878e-06
SLC25A4,-0.00012156926,-0.00017698295,-0.00012460165,0.00015485846,-0.0011397377,-0.00012557348,1.1604279e-06,1.4700927e-05
COL23A1,3.857538e-06,-0.00011855364,-3.3235177e-05,2.1741726e-05,1.2606382e-05,4.7535636e-05,1.9285828e-05,6.5409113e-06
MNS1,0.0003455989,9.457022e-05,0.00028161705,-0.00019536074,0.0027835593,0.00014380366,-0.00012664776,-1.0063173e-05
KSR1,1.5303493e-05,-0.00017452613,1.7672777e-05,-4.027784e-05,0.0005631298,-3.7502497e-05,-1.963228e-06,6.7829387e-06
RGP1,-0.00021768548,-0.00029850192,-0.00020775944,0.00018126797,-0.0013406277,-0.00020230608,4.43412e-05,1.9723084e-05
NUP43,0.00015836209,6.795302e-05,0.00020303205,-9.0362504e-05,0.0013811141,4.5119785e-05,-0.00011224579,-4.1814055e-06
NKX6-1,-0.00013918057,-0.00031321496,-0.0002011992,6.611738e-05,-0.00063005835,-3.6296435e-05,0.00011661742,1.6745296e-05
RBMXL1,-0.00011794269,-0.00017597899,-0.00014486536,0.00014257431,-0.0005764961,-7.046573e-05,2.1332875e-05,1.4713849e-05
CCDC51,9.4383955e-05,2.0973384e-06,0.00022918172,-0.00018622912,0.00080914795,0.00012560189,-5.6272373e-05,-5.783164e-06
PRSS33,-0.00034902245,-0.00053262524,-0.00040864758,0.00019137375,-0.00092773885,-0.00023990171,0.00016846135,3.1546457e-05
ZNF225,6.03199e-05,0.00016198494,0.00023478828,4.2015687e-05,0.0012537241,-0.00011134893,-0.00022947323,-3.2640528e-06
SLC25A32,0.000111276284,-0.00015245937,5.7788566e-05,-0.00011114217,0.0012211353,4.3696724e-05,6.1513856e-06,2.9393705e-06
MNX1,-0.00024643727,-0.0005307626,-0.0004023835,0.00013761036,-0.0011071265,-0.00011467142,0.00021157693,2.901e-05
ETNK1,-0.000118298456,-0.0002490487,-0.00011357851,3.272388e-05,-0.0009928867,6.267335e-05,0.00010629464,1.09756365e-05
NIT2,0.00015715137,-4.4558197e-05,0.00016499497,-0.00015145261,0.0014041066,4.943367e-05,-5.238224e-05,-1.979177e-06
DGAT2,0.00041185506,0.00031147525,0.00041798316,-0.00016677193,0.0013479441,0.00026075728,-0.00019122753,-2.0557316e-05
TRAFD1,0.00015657395,0.00016866624,0.0003636405,-0.00013003312,0.001416795,3.7935562e-05,-0.0001904061,-1.2774253e-05
GIT2,0.00015033782,0.00016254373,0.00036352128,-9.327289e-05,0.0018465668,-1.2151897e-05,-0.00023230445,-1.0533724e-05
SS18L1,-0.0003407821,-0.0006634984,-0.000616204,0.0002777623,-0.001023829,-0.00018839492,0.00026990287,4.1377847e-05
CLVS1,0.00036198087,0.00041232444,0.0004475359,-5.5011362e-05,0.0002534017,0.00018204469,-0.00028239284,-1.840759e-05
RASSF5,0.00021277554,0.0001257658,0.00027125515,-0.00012137834,0.00080954283,0.00014757365,-0.00010893401,-1.0582386e-05
TCFL5,0.00018400699,-4.2987987e-05,1.376681e-05,-7.588789e-05,0.0013935193,0.00020331051,3.266055e-05,1.07917e-06
CDK11A,0.00022121333,-0.0001841113,8.632988e-05,-0.0001741331,0.0007908344,0.000116980635,2.2514723e-05,3.9793085e-06
BMT2,0.00024281256,-0.000102974474,0.00024042465,-0.00032813288,0.0011199266,0.00033529103,5.2591786e-05,-9.888434e-06
ELANE,-0.00025830418,-0.00055662356,-0.00044234283,0.00014995877,-0.0014563724,-9.998586e-05,0.00023969635,3.0595693e-05
HNRNPA2B1,-0.00032520853,-0.0007217303,-0.0006176457,0.00020847376,-0.0012602732,-5.505886e-05,0.0003460301,3.8910657e-05
AK2,-0.0001600422,-0.00041807443,-0.0002908334,1.1073425e-06,-0.0023578256,0.00012029614,0.0002609035,1.8618652e-05
CCDC85A,0.0004958715,0.0009084325,0.0008817259,-0.0002128724,0.0008127615,0.00033081323,-0.00047985,-4.4963323e-05
HOXA6,-0.00019061938,-0.00047649443,-0.0003411714,0.00010401197,-0.0011048838,-5.8437698e-05,0.00019626599,2.4816603e-05
SERPINF1,-0.00066831894,-0.0015383884,-0.001367772,0.00030125398,-0.0039373934,-0.00010985276,0.0008526053,7.897767e-05
ZNF84,-0.00022788532,-0.00069772825,-0.0005468521,0.00017847121,-0.0006815493,-0.0001287735,0.00027885195,3.767875e-05
ASCL1,4.286319e-05,-5.2170828e-05,0.00015243515,-0.00013308227,0.0017848536,7.212069e-05,-4.7992915e-05,-1.4959369e-06
CCDC7,0.00039030612,0.00075518154,0.00077622756,-0.00019049086,0.0016189516,0.0001664795,-0.00046381447,-3.4814002e-05
FDXACB1,-0.00029085763,-0.0003327839,-0.0003752932,0.00023930892,-0.0020397156,-0.00012774626,0.0001452472,2.5144662e-05
B3GAT3,0.00022280216,0.0002479814,0.0003508702,-8.367095e-05,0.0012796521,1.6298145e-05,-0.00022957008,-1.1293683e-05
ACMSD,-9.797886e-05,-0.00025201216,-0.0001187101,6.13397e-05,-0.0006408021,-7.400196e-05,4.8547052e-05,1.4084508e-05
TENT4A,-0.00017674267,-0.00023106672,-0.00015815161,0.00015884545,-7.608533e-05,-0.00017013261,3.403984e-06,1.76389e-05
PELI1,-0.00026503764,-0.0003731586,-0.0002689995,0.0001467634,-0.00088409334,-0.00016222987,9.8940916e-05,2.3742323e-05
CCDC148,0.00010519102,-0.00025363453,-4.0203333e-05,-0.0001079645,0.0014134496,5.973596e-05,7.0082955e-05,8.0321915e-06
DAPK3,0.0003358759,0.00012966245,0.0003412161,-0.00020795967,0.0020524561,0.00016833562,-0.00014714431,-1.1630589e-05
TMEM39A,0.00034272857,0.00042127632,0.00049437024,-0.00015486684,0.00043111295,0.00017316267,-0.00026128907,-2.2673514e-05
HSD17B10,-7.9652295e-05,-0.00010518357,-2.4000183e-05,6.579701e-05,-0.00043836236,-9.666942e-05,-3.505312e-05,1.0051299e-05
DMC1,-0.0005892329,-0.0009922031,-0.00068036653,0.00022293534,-0.0011334047,-0.00042900536,0.00034621637,4.989165e-05
ERLIN1,-5.5233017e-05,-0.00013433956,-9.402819e-05,4.2358413e-05,-0.0008507669,8.9876354e-05,6.7356974e-05,8.766772e-06
EGLN2,-0.000113474205,-6.312877e-05,3.7470832e-05,0.000100144185,-0.0013187602,-0.00016370602,-8.1630424e-05,7.759314e-06
NTN5,-0.00027923845,-0.00054969266,-0.00042207912,0.00014190283,-0.0014792532,-0.00011578482,0.000230968,2.9966352e-05
CLIC6,-0.00016556494,-0.00039626844,-0.00026843138,7.3676e-05,-0.0004319921,-4.175119e-05,0.00015307404,2.0986889e-05
GC,-0.00023342669,-0.00049858354,-0.0003705714,0.00013063289,-0.0011661127,-0.0001041349,0.00019611884,2.7144444e-05
ACP2,2.5810674e-05,0.0001418069,0.00023242645,4.8042275e-05,-0.00064935535,-0.0001350725,-0.00019723084,-3.901194e-06
PPME1,-0.00022465363,-0.00028716214,-0.00022518635,0.00017421227,-0.0014664307,-0.00012690062,6.762426e-05,2.0992127e-05
SRRM3,-5.6084245e-05,4.6499074e-05,5.1315874e-05,0.0001533879,6.110221e-05,-0.00016474118,-0.00015359279,6.6352077e-06
ZSCAN2,-0.00013896078,-0.0002602134,-5.4661185e-05,3.1712465e-05,0.0008652583,-0.00021273317,-2.537109e-05,1.4753779e-05
CDK14,-0.000102516264,-0.00075665116,-0.00045650266,-4.6638772e-05,-0.0007773936,0.00014133751,0.0004019169,2.7545495e-05
KMO,4.30122e-05,-0.00034984015,-0.00035015866,2.0154752e-05,0.0013176948,0.00020895898,0.00020931382,2.33131e-05
ASPG,-0.00012871996,-0.00059158355,-0.00038880855,4.8436224e-05,-0.00043280423,-1.4206395e-05,0.00025778543,2.6978436e-05
VRK2,-0.00011106022,0.00055754185,0.00041778013,0.0001828894,-0.00037590414,-0.00028920034,-0.00044920016,-1.0585645e-05
ZNF774,5.574152e-05,1.5189871e-05,0.00020527095,-0.000105861574,0.00064216554,2.5308691e-05,-8.540042e-05,-4.12378e-06
SH2D4B,-0.000106066465,-0.00045899674,-0.00029977784,5.6401826e-05,-0.00058579445,-9.292737e-06,0.0001886813,2.2325548e-05
LTN1,0.00013227947,-0.00014122948,0.00016111508,-0.00020783115,0.0003438443,0.00022450369,4.9303286e-05,-4.341011e-06
LARP7,-8.866377e-05,-0.0002052784,1.0674819e-05,-6.3695945e-05,0.0012336522,-1.4605932e-05,1.9412488e-05,7.257797e-06
PEX12,3.0221418e-05,0.00020781718,0.00014229678,6.307103e-05,-0.002261512,5.8878213e-06,-0.00011710171,-3.4172554e-06
LBX2,-0.00026128627,-0.00045194477,-0.00035569258,0.00020260643,-0.0010495484,-0.00023202924,0.00012701377,2.7921633e-05
HOXD10,-0.00018308498,-0.00047243573,-0.0003504213,0.000114558265,-0.0013279095,-5.0576404e-05,0.0001991475,2.5120447e-05
NSUN7,0.00011574291,-3.4967437e-05,0.00016186386,-0.00015657302,-0.00019975752,8.026138e-05,-1.8943101e-05,-3.600493e-06
NAB1,-0.00055495463,-0.00075280666,-0.0005822107,0.00026474148,-0.0024138093,-0.0003854013,0.0002508415,4.4585322e-05
EMILIN3,-0.0002113264,-0.00034986623,-0.00027284212,8.477084e-05,-0.0003516078,-4.88339e-05,0.00014685467,2.0951498e-05
ZBTB42,-0.0001641661,-0.00014398061,-9.747967e-05,0.00011202507,-0.0006496161,-0.00013039913,-5.979091e-07,1.2433389e-05
KRT20,-0.00016413443,-0.00045286864,-0.0003060773,8.769892e-05,-0.00080996007,-5.3999946e-05,0.00017701555,2.3042317e-05
TEAD4,-3.4451485e-05,-1.9501895e-05,2.7528033e-05,7.186923e-05,-0.00038386136,-1.5814789e-05,-5.935412e-05,5.004811e-06
UCHL5,-1.6540289e-05,-1.7253682e-05,5.760044e-05,4.112255e-05,-0.0005322173,-2.8607436e-05,-6.0684048e-05,3.7329737e-06
PDZD7,0.00013825111,1.8626451e-05,0.00030649267,-0.00013885554,0.0014669672,-3.737118e-05,-0.00015875418,-7.589697e-06
PNPLA1,-0.0001487825,-0.00040543266,-0.00028649718,8.537527e-05,-0.0010472164,-5.4049306e-05,0.00016055349,2.1798187e-05
NCOA2,0.00024468265,6.8638474e-06,4.6944246e-05,-6.4864755e-05,0.00022883713,0.0002848627,1.3110228e-05,1.3262033e-06
ZBTB8A,0.00011923909,-0.00021486357,-9.004958e-05,-4.7683716e-05,-0.00029879808,0.0002323864,0.00012393482,8.096453e-06
SLC1A4,-8.267909e-05,-0.0002001226,-0.00020643882,0.00020721927,-0.001409471,-0.000101523474,3.2789074e-05,1.660746e-05
NRL,-4.2565167e-05,-0.00027967244,-0.00015877374,8.50847e-05,-0.00089683384,-6.781425e-05,6.498024e-05,1.561211e-05
NOSTRIN,0.00032742508,0.00028818473,0.00043926015,-0.00016219635,-0.00032959133,0.00023226533,-0.00018885266,-1.9534491e-05
RPIA,0.00032553263,0.00064946525,0.00051208027,3.298931e-05,0.00037319213,0.00014531706,-0.000380476,-2.3964443e-05
HOXC13,-0.00020162202,-0.00045443326,-0.00032201782,0.00011314545,-0.0009974614,-8.686073e-05,0.00017170329,2.441986e-05
STK24,-0.00018284656,-0.00036151707,-0.00032836944,0.00014470797,-0.0010007247,-0.00014876202,0.0001264885,2.5457703e-05
VIRMA,0.000355063,0.0003186725,0.00047891028,-0.0002203444,0.0022651553,0.00016757846,-0.00023740996,-1.998141e-05
KLK11,-0.00021708943,-0.00048895366,-0.00036055222,0.00012257323,-0.0011222437,-8.885935e-05,0.00019481964,2.6362599e-05
CHST13,-0.00019540265,-0.00049648434,-0.00036415271,0.00010779966,-0.0012060851,-5.8033504e-05,0.00021023117,2.6080641e-05
MEX3D,3.9361417e-05,-0.000108031556,-2.4380162e-05,3.6724843e-05,0.0013016239,-6.681867e-05,-4.4589862e-05,9.156647e-06
DYNC1LI1,-0.00018801726,-9.4490126e-05,-0.00013341941,0.00021675043,-0.00029663742,-0.0002147709,-6.7484565e-05,1.8087449e-05
RPL10,-0.00021746568,-0.0005296562,-0.00043403357,0.00017235894,-0.0006176159,-7.691141e-05,0.00021392666,3.0534924e-05
HOMER3,0.0001276955,-0.00039416924,-0.00013310649,-0.00015086774,0.0012015998,0.000119424425,0.00016796961,1.2295321e-05
ABCD2,0.000121826306,0.00013607927,0.00010142103,4.2184256e-05,-0.00089649856,5.8351085e-05,-9.87472e-05,-5.5879354e-09
VRTN,-3.7128106e-05,-0.0002828911,-8.4167346e-05,7.4906275e-06,0.0011944994,-6.7393295e-05,3.501214e-05,1.2482633e-05
MKKS,8.941814e-05,-2.3797154e-05,4.529953e-05,7.357448e-08,2.0243227e-05,-5.875714e-06,-5.4809265e-05,4.8821094e-06
CARS2,0.00014055148,-0.0004404392,-0.00030523725,-3.3015385e-05,0.0009359643,0.0001358036,0.00022267923,2.0376989e-05
CPPED1,-0.00048589148,-0.00032931194,-0.00027691387,0.00034886412,-0.00044890493,-0.00059245294,-6.9512054e-05,2.9964838e-05
SPRYD3,0.0005012546,0.00032362528,0.00035070255,-0.0002155453,0.0010728687,0.00045112148,-0.00010672491,-1.9030063e-05
ELFN2,0.00013357215,0.00016631186,0.00025313906,-5.837716e-05,0.0010766089,0.00013630372,-0.0001374511,-7.968047e-06
POU4F1,0.00010982901,-0.00033228472,-0.00029240735,-1.43274665e-05,0.00043393672,0.00025387201,0.00019178074,2.1472806e-05
CDK6,-0.000108066946,-0.00027433597,-0.00017081015,6.2308274e-05,0.000567697,-1.8992461e-05,6.545149e-05,1.7754035e-05
FBLIM1,0.0002713222,0.00021946616,0.00039104186,-0.00021004025,0.0018468201,0.00019117724,-0.00016305503,-1.663575e-05
LRRC40,-2.4903566e-05,-0.00040741637,-0.00018521771,-7.7765435e-06,0.001534462,-0.000105164945,9.0342015e-05,1.9835308e-05
KLHDC1,0.00031834468,0.00040688366,0.00039684214,-2.1915883e-05,0.001365751,4.2323954e-05,-0.00029902626,-1.631782e-05
LOX,0.00021393597,3.4825876e-05,0.00022872351,-0.00024878047,0.00180538,0.00024112128,-1.9453466e-05,-9.59204e-06
PBXIP1,3.684871e-05,-5.0449744e-05,0.00016582012,3.926456e-06,0.0018405318,-0.00025813188,-0.00018959958,3.2222597e-06
FBXW4,3.4291297e-05,-0.00039160438,-0.00035837665,8.8742934e-05,-0.0013651326,4.0614977e-05,0.00019517634,2.4746056e-05
NEK7,0.00023037568,-0.00016550906,4.4936314e-05,-0.00017966237,0.0019408092,0.00021953322,7.7145174e-05,3.0151568e-07
KIN,0.00024634786,0.0003588237,0.00041357428,-5.427096e-05,0.0017130524,1.06291845e-05,-0.0003004307,-1.4526653e-05
SGCB,-0.00032274425,-0.00022507831,-0.0001276005,0.00020382833,0.00074233115,-0.00036052894,-7.703155e-05,1.96232e-05
WIPI1,-7.82758e-05,-0.00018890202,-5.8837235e-05,7.321965e-05,-0.00048033893,-8.3990395e-05,5.9977174e-07,1.0334654e-05
ZNF334,-0.00011397898,-0.00044565462,-0.00021266192,3.582053e-05,-0.0008396208,-3.669411e-05,0.00015224982,1.8498977e-05
FMO3,-0.000221394,-0.0004997179,-0.00037018582,0.00012282282,-0.0012269914,-8.710101e-05,0.00020304695,2.68562e-05
HMX1,-0.00014726818,-0.0005189907,-0.00036455505,9.407103e-05,-0.0013191476,-4.193466e-05,0.00021627918,2.641778e-05
WDR5,-4.2619184e-05,-0.00020693429,1.665391e-05,-8.019246e-05,-0.0012758002,-3.8556755e-07,5.2807853e-05,6.091199e-06
CCDC110,0.00019476749,0.00017633848,0.0002340991,-6.3893385e-05,0.00061868876,0.00018371083,-0.00011962373,-8.90356e-06
ZNF189,0.00033148192,1.2388453e-05,0.00031360053,-0.00030205864,0.0037446395,0.00019632932,-9.284448e-05,-1.0119402e-05
UCP3,7.461384e-05,-5.680695e-05,9.000301e-06,4.3924898e-05,-0.00021733344,7.78269e-05,-9.613112e-06,2.8755749e-06
CTU2,0.00021193177,0.00021298416,0.00032883696,-0.00011284277,-0.00038013607,0.00016800128,-0.00014074799,-1.3980898e-05
PCDHB14,0.000111438334,1.215376e-05,0.00020559318,-9.550061e-05,0.0012680441,6.6906214e-05,-8.150749e-05,-6.582821e-06
RRN3,-0.00019730255,-0.00020436756,-9.183027e-05,0.00014180038,-0.0009901226,-0.0002445532,-2.4442561e-05,1.4816644e-05
PKMYT1,1.29099935e-05,-0.0003029704,-0.00029917434,0.00012316369,-0.0017753765,0.00010754634,0.00016671605,2.0686188e-05
ITGAM,-0.00016105175,-0.00047551654,-0.0003455337,9.1686845e-05,-0.001271613,-2.3772009e-05,0.00022457726,2.3500063e-05
PREB,1.819618e-05,0.00010477565,0.00022446923,1.5615486e-05,-0.0005021095,-9.2089176e-05,-0.00017618667,-3.2216776e-06
TOE1,0.00061117485,0.00048531964,0.0006626025,-0.00033997465,0.0013485476,0.00048295595,-0.00023201946,-3.5641016e-05
CYP19A1,0.00010698289,-0.000116009265,6.0662627e-05,-4.908908e-05,-2.4624169e-05,0.000108644366,5.6801364e-06,1.6158447e-06
SERINC4,0.00017622486,-8.624047e-06,0.00017502904,-0.00013636984,0.00071579963,0.00014015194,-4.3823384e-05,-3.87663e-06
CREBRF,-9.978376e-05,-0.00010709837,6.9350004e-05,7.338822e-06,0.0006548315,-6.8752095e-05,-5.918555e-05,4.9647642e-06
CFAP47,4.496798e-05,-5.0865114e-05,0.00014661811,-5.142577e-05,0.0015813634,-6.719958e-05,-0.00010791328,8.548377e-07
ASAP1,-2.5918707e-05,-0.00055146776,-0.00027184747,-1.5256926e-05,1.7009676e-05,1.7276965e-05,0.00021766406,2.0706444e-05
KRT86,-0.00016263686,-0.00038557313,-0.00028838217,0.00011315476,-0.00066476315,-6.463565e-05,0.00015007984,2.1302374e-05
NFYA,1.4530495e-05,-0.00020475127,-1.7194077e-05,2.5740825e-05,-0.0003733635,-8.7376684e-05,-2.082996e-05,1.14204595e-05
ZNF470,0.00048065186,0.000519488,0.0005941093,-0.00015807524,0.002979964,0.00019173697,-0.00036333408,-2.7062604e-05
EPM2A,0.00042540953,8.518994e-05,0.00021468103,-0.0002113888,0.00095683336,0.00033555552,-1.8768013e-05,-1.037796e-05
STOM,-0.00016939826,-0.0002614539,-0.0002925489,0.00019585248,-0.00089490414,-9.739399e-05,8.2257204e-05,2.3107976e-05
MSX1,-0.00038657524,-0.00019393116,-0.00030561164,0.0003121933,-0.002938807,-0.00013752328,7.932633e-05,2.0908774e-05
COPS5,5.733967e-05,4.703179e-05,0.00016020983,1.121033e-05,-0.00024346262,-8.260831e-06,-0.00010710675,-2.7259812e-06
LSM14B,0.00018557161,-0.0005353503,-0.00028100982,-0.00021300744,-7.446855e-05,0.00045063067,0.00038649142,1.4435733e-05
CBLL1,0.00022492744,0.00030512922,0.00037924945,-0.00012181699,-0.00031200796,0.0002277689,-0.00016238634,-1.8267194e-05
HLX,9.952299e-05,-5.5316836e-05,5.7049096e-05,3.1106174e-05,0.0012601316,-2.858229e-05,-7.8694895e-05,3.392226e-06
ERLIN2,0.0004854761,8.7728724e-05,0.0003588479,-0.00035149232,0.00097391754,0.00038650073,-3.825873e-05,-1.7024111e-05
IGSF11,0.00011122972,0.000160411,0.00039904565,-0.00014949776,0.002871804,3.1916425e-06,-0.00022374559,-1.3633748e-05
DNAJB12,0.000109467655,-0.00023166649,-0.00014028512,-7.5723976e-05,-0.0013043582,0.00027617067,0.00019276701,8.535688e-06
KIF24,9.600632e-05,-0.00020296499,-5.3020194e-05,-2.803374e-05,-0.00021351129,7.363688e-05,7.309951e-05,6.5000495e-06
ARL6IP4,-8.250959e-05,-0.00029527955,-0.00014736317,1.1934899e-05,-3.2112002e-06,2.4468638e-05,0.00010983646,1.3182289e-05
APEX2,-0.00016647018,-0.0005043801,-0.0004135128,0.00011158269,-0.0027901307,-6.614439e-05,0.0002544159,2.7407776e-05
FBP1,-7.607788e-05,-0.00037596375,-0.0002058167,1.8595718e-05,-0.0002695322,3.0284747e-05,0.0001482144,1.7022132e-05
VSIG10L,0.00022324175,0.00035531446,0.00040807016,-6.055832e-05,-0.00018642098,0.0001305351,-0.00022798125,-1.8254854e-05
ASB10,-0.00021708943,-0.00048895366,-0.00036055222,0.00012257323,-0.0011222437,-8.885935e-05,0.00019481964,2.6362599e-05
CYP2B6,-0.00019826926,-0.00047325715,-0.00036242418,0.00013212301,-0.0011052042,-7.65007e-05,0.0001908876,2.6046298e-05
ZNF816,-7.835589e-05,-7.4885786e-05,-9.413809e-06,0.00010482408,-0.00019583851,-0.00016475655,-9.233039e-05,1.1121039e-05
ORC4,-0.00013284944,-0.00028232113,-0.00012251362,7.255282e-05,0.0005502105,-0.00016088458,1.6492791e-05,1.6574282e-05
TNNI3,-0.00021713227,-0.00048791617,-0.00028603896,0.00012148917,0.00038859248,-0.000275983,8.559972e-05,2.7235248e-05
ZNF347,-3.5502017e-06,-7.5984746e-05,9.67104e-05,6.649364e-05,0.0002501607,-0.00025742035,-0.00014416594,5.643931e-06
ELOVL5,5.7553872e-05,-0.00026699156,-0.00014332123,-6.73132e-05,-5.5514276e-05,0.00021183863,0.00016696937,1.0395306e-05
CRYL1,-3.344752e-05,8.359551e-06,4.0050596e-05,-1.9440427e-05,-0.0027532354,0.00014987774,5.5491924e-05,-1.062057e-06
PHOX2A,-0.0013932046,-0.001628045,-0.0014677681,0.0007371437,0.0031399801,-0.001274928,0.00044886395,0.00010385958
HOXA9,-0.00021708943,-0.00048895366,-0.00036055222,0.00012257323,-0.0011222437,-8.885935e-05,0.00019481964,2.6362599e-05
PTOV1,0.00013744459,-0.00019569881,1.507625e-05,-0.00013156328,0.00018078834,0.0001850985,8.542463e-05,3.6688289e-06
PRMT8,0.00063216314,0.00037518144,0.00071326643,-0.00047444738,0.003973782,0.00038420875,-0.00026262645,-3.279792e-05
CLCNKA,-6.363727e-05,-0.00022582337,-9.7010285e-05,3.3260323e-05,-0.0005395338,1.8831342e-06,6.349478e-05,1.10120745e-05
RRP1,6.389432e-05,0.00019678846,0.0002640225,-3.1059608e-05,0.0005159527,-1.7171726e-05,-0.00019670185,-5.0623203e-06
GNL3,-0.00013556145,-0.00019622408,-9.64012e-05,8.1341714e-05,-0.00011610985,-5.8175065e-05,2.732873e-05,1.2015807e-05
ADGRF2,-3.349036e-06,-0.00020777248,-6.808154e-05,3.249757e-05,-2.310425e-05,-3.358163e-05,2.4377368e-05,1.0331045e-05
FOXB2,-0.00021708943,-0.00048895366,-0.00036055222,0.00012257323,-0.0011222437,-8.885935e-05,0.00019481964,2.6362599e-05
CASQ2,0.0001215972,-0.00012832694,-4.116632e-05,-3.3242628e-05,0.00024005026,0.0001589153,5.479064e-05,6.1790925e-06
ZNF442,0.0002813395,0.00052999705,0.0004844945,-2.2426248e-05,-0.00064215064,0.00017639995,-0.00030438323,-2.2751512e-05
DCP2,-0.00033229217,-0.00040131249,-0.00035887957,0.00023250096,-0.000338085,-0.00023337733,9.181909e-05,3.0276016e-05
DLX1,-0.00087704137,-0.0013911799,-0.0009196028,0.00029821694,0.0012625903,-0.00079981657,0.0003772052,7.181021e-05
MAGEC3,-0.0002703257,-0.0005389955,-0.00043664686,0.00017104857,-0.000997737,-0.0001531532,0.00020367932,3.1953678e-05
RAB36,2.8148293e-05,-0.00021417439,-2.3745e-05,-4.298985e-05,-0.0011372566,2.0833686e-05,5.35585e-05,7.465016e-06
SRSF1,-8.96994e-05,-0.0003540255,-0.00019770302,3.944803e-05,-0.00040391833,-9.383075e-06,0.0001269374,1.7321552e-05
PPP4C,-0.00011026487,-0.0004976187,-0.00032178685,6.4639375e-05,-0.0011208579,-9.120442e-05,0.00019301288,2.4657813e-05
TMEM68,-6.1513856e-05,-0.00014548749,-9.659678e-05,8.3722174e-05,-0.00050105155,-9.844452e-05,-1.6549602e-06,1.3529789e-05
LRRC6,-0.00014544465,-0.00032558478,-0.00017491356,2.7284026e-05,0.00013243407,-1.8014573e-05,0.00011130888,1.5935162e-05
PPP1CB,-0.00025960058,-0.00046699494,-0.00033355877,0.00014241878,-0.0011971593,-0.00010060985,0.00016796682,2.5852583e-05
KRT38,-0.00021344237,-0.00049787574,-0.00036836416,0.000119367614,-0.001190953,-7.917732e-05,0.00020412356,2.6619877e-05
TRAF3IP2,-0.00021556392,-0.00035693124,-0.00016679615,9.112712e-05,0.0009860322,-0.00028235652,1.7594546e-05,2.0008185e-05
ELP4,-8.2483515e-05,0.00019645877,0.00011672452,0.00015723798,0.00012341887,-0.00016177492,-0.00020236429,7.8207813e-07
ZNF317,0.000371838,0.0004775338,0.00063608214,-0.00026022736,0.0016120821,0.00021899585,-0.00030341465,-2.9850984e-05
KRT40,-0.00018792972,-0.0004895441,-0.0003565792,0.00010348391,-0.0011980012,-5.1414594e-05,0.00020804722,2.55825e-05
CYP3A5,-0.00030447356,-0.00036620535,-0.0002202969,9.511225e-05,-0.0013062954,-0.000109994784,0.00012589898,1.9266387e-05
EIF3I,-8.6475164e-05,-0.00020097569,-3.2085925e-05,3.6654063e-05,-0.00074604154,-0.000105714425,6.3329935e-07,1.0227552e-05
UPRT,7.188879e-05,0.00047774613,0.0005477704,7.6342374e-05,0.0027034879,-0.00041370932,-0.0005323412,-1.5007681e-05
FAM227A,0.00018653087,-1.9064173e-05,0.00013065152,-6.5196306e-05,0.00079512596,7.072091e-05,-6.608665e-05,-1.3670651e-06
PTPA,-1.1362135e-05,-0.000406852,-0.00021345355,-2.9162504e-05,-0.00036002696,3.8338825e-05,0.00017148536,1.7418177e-05
PPP1CA,-0.00024159253,-0.0004778821,-0.00028371066,8.729566e-05,-0.0028121397,-0.00013108086,0.00018161163,2.3878994e-05
PNPLA5,-0.00023380294,-0.0004762262,-0.0003549438,0.00013386738,-0.0012307763,-0.00010958593,0.00018350687,2.6266556e-05
RRM1,-8.9934096e-05,-0.00010645576,5.7866797e-05,3.6654994e-05,0.0006554499,-0.00019570393,-0.000101397745,8.3511695e-06
CHD5,-0.00026589073,-0.0007195305,-0.0005226303,8.9905225e-05,-0.0021518767,1.6233884e-05,0.0003666673,3.3690943e-05
SMPDL3A,0.00019313954,0.00020437129,0.00045408309,-0.00023118686,0.0012054145,0.00017979648,-0.00016411301,-2.0703184e-05
SCEL,-0.00019535981,-0.00049106963,-0.00034700893,0.00010288879,-0.0009639263,-7.457007e-05,0.00019637961,2.5485177e-05
CYP2E1,0.00018027425,0.00012282096,0.00021506101,-5.4641627e-05,0.0010301992,9.3447044e-05,-0.00012717862,-6.4697815e-06
CTRC,-0.00021708943,-0.00048895366,-0.00036055222,0.00012257323,-0.0011222437,-8.885935e-05,0.00019481964,2.6362599e-05
SLC16A14,-1.7860904e-05,-0.00036060624,-0.00021830201,3.5141595e-05,-0.0010911003,0.000109896064,0.00017311238,1.527241e-05
ZNF281,-0.00020883419,-0.00085953064,-0.000650065,9.43644e-05,-0.0012580678,8.23373e-05,0.00044902693,3.9248844e-05
ZCCHC14,-0.00011736341,-0.0004346911,-0.0003281068,8.370727e-05,-0.0007777512,-3.112387e-05,0.00019225199,2.343615e-05
SHC3,-0.0003676042,-0.0005739182,-0.00043863244,7.7652745e-05,-0.00081411004,-4.903134e-05,0.00028857123,2.918858e-05
ENTPD5,-1.0082498e-05,-0.0004675202,-0.00018540211,-8.322671e-05,0.0005399734,4.976429e-05,0.00018260907,1.6360544e-05
TP53BP2,-0.00013233908,-0.00018622354,-5.3131953e-05,4.9379654e-05,-0.00022469461,-3.8826838e-05,1.3129786e-05,1.089822e-05
SEPT12,-0.00021708943,-0.00048895366,-0.00036055222,0.00012257323,-0.0011222437,-8.885935e-05,0.00019481964,2.6362599e-05
RAD54B,-8.304976e-05,-0.00028042123,-0.00017274357,2.099201e-05,-0.00036227703,2.382975e-05,0.00011450797,1.4877878e-05
BAIAP2,-0.00011999905,-0.00047395192,-0.00044064038,0.00014484022,-0.0007060915,-4.8795715e-05,0.00022099074,2.9411167e-05
FLVCR2,3.7303194e-05,-3.5852194e-05,0.00010754913,7.7793375e-06,0.0007120222,-1.0875985e-05,-8.3829276e-05,1.8277206e-08
PPM1B,-0.00017972104,-0.0002397392,-0.00022528693,0.00018058158,-0.00035702437,-0.00011665886,3.8621016e-05,2.1007843e-05
RGS12,2.2411346e-05,-4.5161694e-05,6.200187e-05,8.8848174e-07,0.00027884543,4.5716763e-05,-3.8260594e-05,2.456829e-06
ISM1,-9.288825e-05,-0.0002488289,-0.00012730621,7.433258e-05,-0.00034423918,-5.4155476e-05,5.2519143e-05,1.3414654e-05
ASPSCR1,0.00015064701,-0.00019159727,-9.654276e-05,-9.031035e-05,0.00030761957,0.00033093244,0.0001531234,6.3823536e-06
CCDC78,-0.00019356981,-0.0004311353,-0.00031528994,0.00013624411,-0.00034003705,-0.00016302057,0.00012928061,2.5214162e-05
GGA2,0.00024481863,0.00032147393,0.0004265029,-0.00010391325,0.0007930249,5.2591786e-05,-0.0002566306,-1.659873e-05
PRSS56,-0.00022547506,-0.00049376115,-0.00036742166,0.00013334677,-0.0011833981,-0.00010484271,0.00019200798,2.6949332e-05
C1QTNF4,-0.00012397394,-0.00026671775,-0.00012556463,6.0575083e-05,0.00046740472,-7.56979e-05,4.856102e-05,1.3961806e-05
SLC25A17,0.0002575405,0.00019740127,0.00029577315,-0.00015185494,0.00033136457,0.00024170242,-0.00010728184,-1.2129196e-05
CEP55,0.0003313925,0.0002515018,0.0004778821,-0.0002894802,0.00047956407,0.0003545871,-0.00014010165,-2.167304e-05
ZNF426,0.00042706542,0.0006292071,0.00074292533,-0.00015557464,0.0012096688,7.67e-05,-0.00046374183,-3.273785e-05
ZGPAT,0.0003445074,7.3054805e-05,0.00038391352,-0.00029543974,-0.00067171454,0.0003371425,-5.6550838e-05,-1.6452279e-05
SMTNL2,-9.233691e-05,-0.000275312,-0.00017348304,4.500337e-05,-0.00045080483,-7.1004033e-06,0.000100847334,1.5386846e-05
TTLL8,-0.00021708943,-0.00048895366,-0.00036055222,0.00012257323,-0.0011222437,-8.885935e-05,0.00019481964,2.6362599e-05
KDM5C,-0.00034013018,-0.00042043626,-0.0002597589,9.302143e-05,0.00015886128,-0.000166832,0.00012279488,2.3465487e-05
PLEKHM3,5.61513e-05,-0.00010555796,-9.655952e-06,-2.3636036e-05,0.0008253902,1.0094605e-05,-1.1838973e-05,8.463743e-06
BAZ1A,-0.00014448166,-0.0005371887,-0.00031753443,3.5656616e-05,-0.00061600655,-5.4753385e-05,0.00020023435,2.5768299e-05
HNRNPH1,-0.00032478943,-0.00080158375,-0.0007037781,0.00021170732,-0.0014498532,-3.7654303e-05,0.00040193088,4.3789158e-05
ADIPOR2,-7.930584e-05,-0.00023765117,-5.6600198e-05,3.4965575e-05,0.0012129024,-0.00013355305,-1.4923513e-05,1.2515346e-05
ADGRB2,3.496185e-06,-0.00013750419,-8.894503e-05,0.00010426063,-0.0004805401,-8.257292e-05,-1.4550053e-05,1.236645e-05
PSAT1,-0.00048185512,-0.00043870136,-0.0003314875,0.00020946469,-0.00019533187,-0.00039591314,7.496774e-05,2.9611401e-05
DNAJB14,-0.00015372597,-1.905486e-05,-3.408268e-05,0.0001394935,0.0004118979,-9.764638e-05,-6.91805e-05,9.716838e-06
ISPD,-0.00021708943,-0.00048895366,-0.00036055222,0.00012257323,-0.0011222437,-8.885935e-05,0.00019481964,2.6362599e-05
ZNF48,-7.162243e-05,-0.0002819784,-0.00024914928,0.00015946105,-0.0008338839,-0.00015857676,5.7289377e-05,2.1576881e-05
ZDHHC7,0.00024082139,0.00010025874,0.00038412213,-0.00023872405,0.0024999604,7.400103e-05,-0.00017712917,-1.1005322e-05
MAPK14,0.0003767386,0.00030457228,0.00028696842,-0.00010057539,0.0021343902,0.0002694195,-0.00016455818,-1.2538047e-05
RASGEF1A,0.00020232424,-0.00012178719,2.9621646e-05,-9.633228e-05,-0.0002603233,0.00023077987,6.069336e-05,1.4844118e-06
FGF13,9.903498e-05,1.885742e-05,0.00023808889,-7.9982914e-05,0.00076304376,-1.2722798e-05,-0.00012919959,-4.4167973e-06
TYMS,9.798631e-05,-0.0009032916,-0.0006162282,-0.00023034588,-0.0012745783,0.0003582267,0.0006064633,3.359234e-05
ORC2,0.00030543283,0.00018496998,0.00035141595,-0.00016146619,0.0018364862,0.00015155412,-0.00017321575,-1.2457487e-05
CDK2,-0.00042982958,-0.0007394571,-0.0006885249,0.00031051505,-0.0030225217,-0.00029519526,0.0003003925,4.8038317e-05
ADGRE3,-0.00019934401,-0.00041404553,-0.00030918233,0.000120393,-0.0012492165,-7.857662e-05,0.00016338378,2.3013097e-05
ENDOV,-0.00022719055,-0.00036413968,-0.00016298331,8.237641e-05,0.00021182,-0.00028006407,2.4951063e-05,2.0589912e-05
ROS1,-0.00020706095,-0.0004946608,-0.00036397204,0.00011551939,-0.0011487901,-7.47852e-05,0.00020300876,2.6337919e-05
ARSG,0.00010818802,-0.00020207092,-4.783459e-05,-5.0527975e-05,2.965331e-06,0.0001490349,7.884763e-05,6.8111112e-06
ATG4C,0.0003393907,2.1664426e-05,0.00035093725,-0.00032813475,0.0020036101,0.00024666917,-5.6216493e-05,-1.4623045e-05
GPM6A,-0.00041676685,-0.00093618594,-0.000805635,0.00025998522,-0.0018859729,-9.842776e-05,0.00045513734,4.980329e-05
PLEKHD1,-0.0001504086,-0.00039151125,-0.00026088767,7.662363e-05,-0.0008968264,-5.979836e-05,0.00014902093,2.0306325e-05
BDNF,6.676279e-05,0.0003998205,0.0005719587,-0.0001298748,6.1787665e-05,4.7435053e-05,-0.00029874127,-2.4937093e-05
KIAA1211L,0.00021505356,-0.00015896559,-9.983778e-07,-0.000106291845,0.00043295324,0.00020483881,7.911865e-05,2.547633e-06
IL18RAP,-0.00021708943,-0.00048895366,-0.00036055222,0.00012257323,-0.0011222437,-8.885935e-05,0.00019481964,2.6362599e-05
LY9,-6.142259e-05,-0.000211576,-9.714998e-05,5.1920302e-05,-0.00054620206,-2.8298236e-05,4.438404e-05,1.1572498e-05
MAEL,0.00012042932,0.000119818375,0.00026920252,-4.538428e-05,0.00078291446,-4.895963e-06,-0.0001774868,-6.929273e-06
ATP11C,-0.0006844271,-0.001224367,-0.0010323413,0.00029356126,-0.0021898597,-0.00031951722,0.00056955125,6.634509e-05
ZFP82,0.00034793653,0.0005527325,0.00064504147,-0.00025436375,0.0005681142,0.000288303,-0.0003013229,-2.9830495e-05
DLST,0.0002588164,0.00022865832,0.00043160468,-0.00020666141,0.0017255172,0.00023254566,-0.00016485434,-2.0573614e-05
FRMD1,-0.0001771599,-0.0003693048,-0.00026501156,0.00012709945,-0.0005577281,-9.019021e-05,0.00011756364,2.1321466e-05
TTLL11,0.00032926723,0.00051160343,0.00061346404,-0.00015396159,0.0019992068,9.364169e-05,-0.00036907475,-2.6443508e-05
OXA1L,-0.00011322647,0.0001752805,0.000117199495,0.00016847253,-0.00054092705,-0.00020241551,-0.00020643417,3.302819e-06
CCDC17,-8.358434e-05,-0.000109059736,-5.1407143e-05,7.51093e-05,-0.000114649534,-4.4670887e-05,-1.1253171e-05,9.417185e-06
SLC35C2,-0.00012409315,-0.00029268675,-0.00023898296,0.00014676433,-9.173155e-05,-0.00016806042,4.234817e-05,2.2332068e-05
GYG1,0.00012286194,-0.00014906749,-9.460002e-05,4.740432e-06,-0.0013885945,0.00018992275,9.109825e-05,8.530682e-06
IL2RB,2.9601157e-05,-0.00028173067,-0.00011864677,-2.9444695e-05,-0.0006660819,0.0001163343,0.00012751203,1.0570628e-05
C4BPA,-0.0001944527,-0.00047222525,-0.0003365837,0.00010806229,-0.00110282,-7.583015e-05,0.000186841,2.497132e-05
FAM71E2,-0.00021708943,-0.00048895366,-0.00036055222,0.00012257323,-0.0011222437,-8.885935e-05,0.00019481964,2.6362599e-05
TIMM50,6.1858445e-05,-2.5957823e-05,5.960837e-05,-3.6358833e-05,-0.0009743199,0.00012455694,4.5634806e-08,1.726672e-06
C5orf34,-6.535463e-05,0.00033898465,0.00045643002,-5.2752905e-05,0.00035883486,-0.0001334548,-0.0002998663,-1.532014e-05
ZNF770,-7.3067844e-05,-0.00034290552,-0.00024332292,8.722115e-05,-0.0003350526,1.42669305e-05,0.00013518799,1.794903e-05
TRAF4,-0.0002671238,-0.00026266836,-0.00025727786,0.0002517486,7.981807e-05,-0.00032918062,-1.9016676e-05,2.5992165e-05
CNGA2,-0.00025554,-0.00053305924,-0.00041459128,0.00014695246,-0.0013780594,-0.00010826718,0.00022025034,2.9355171e-05
ZNF518B,0.0003299117,0.00014019944,0.00032141805,-0.00019828882,0.0014862716,0.00021045841,-0.00012439396,-1.288217e-05
PAPOLB,0.00016088411,9.4305724e-05,0.00022458099,-9.658467e-05,0.00039179623,0.00012669619,-9.341445e-05,-8.00984e-06
LSS,-9.2722476e-05,-0.0003902167,-0.00021406822,2.0130537e-05,0.0006502718,-6.2654726e-05,0.00012933649,1.7962186e-05
TMEM181,-0.00028116629,-0.0007661022,-0.0006374251,0.00014905445,-0.0010998249,-5.6648627e-05,0.00037552696,4.0249666e-05
NOCT,0.00016999617,0.0004076641,0.00058058836,-0.00010785833,0.0021424294,-0.00011293823,-0.0003994936,-2.082577e-05
TFEC,-0.00030766428,-0.00067516975,-0.0005600229,0.00019589812,-0.0014295653,-0.00013857707,0.0002998514,3.7388178e-05
RBMXL2,-0.00021922402,-0.00048903376,-0.00036212988,0.00012973882,-0.0011825189,-9.846222e-05,0.00019116048,2.6568421e-05
HMMR,9.827502e-05,-2.835691e-05,0.00018027425,-0.00020729378,-0.0004305169,0.0002028821,1.978781e-05,-5.236594e-06
ZNF563,5.8252364e-05,3.697723e-05,0.0001898054,-1.9748695e-05,0.0013319924,-0.000100495294,-0.00016773958,-1.0593794e-07
TMCC3,-0.00012910366,-0.00015738979,0.00023788027,-0.000118762255,0.00060644,-0.00011692196,-8.414034e-05,-2.8479844e-06
CNP,-0.0002557896,-0.0002783928,-0.00020474195,0.0001515355,-1.3738871e-05,-0.00021521887,3.5240315e-05,2.0147301e-05
ADGRF4,-0.00018629804,-0.00048889965,-0.00035879388,0.000104566105,-0.0010839775,-5.3754076e-05,0.00020597037,2.5790185e-05
RNF168,-4.4915825e-05,-0.00028871372,-0.00010498986,3.170222e-06,-0.0002695322,-1.5634112e-05,8.0103986e-05,1.187867e-05
FOXA1,-0.0002510827,-0.00038040243,-0.00027392618,0.00010674819,-0.004300557,-4.593376e-05,0.00021017529,1.7798739e-05
SOX18,-0.00028580613,-0.0005948376,-0.0005908627,0.000295653,-0.0018586218,-0.00013216771,0.0002581533,3.770122e-05
ZNF839,0.00028520636,0.00011209771,0.00018682517,-0.00010319613,0.0014719665,0.00023681577,-7.385202e-05,-6.7615183e-06
RNFT2,0.0006260779,0.00053927116,0.0007400941,-0.0004429845,0.0030544624,0.0004794756,-0.00026781764,-3.8261875e-05
ADGRL4,-3.8731843e-05,-0.00041452423,-0.00030973554,9.959377e-05,-0.0016959906,9.0862624e-05,0.00020259991,1.9964413e-05
MYNN,8.3334744e-05,0.00030208193,0.00034029968,0.00013201125,0.00092003495,-0.00021906476,-0.0003561424,-7.994589e-06
GPATCH2,7.619895e-05,0.0001481492,9.577721e-05,4.740432e-05,0.00078752637,2.679322e-05,-0.00012260955,4.414469e-07
KLK8,-0.00021708943,-0.00048895366,-0.00036055222,0.00012257323,-0.0011222437,-8.885935e-05,0.00019481964,2.6362599e-05
IRX2,2.4640933e-05,-0.00013049692,-9.9347904e-05,7.2470866e-05,0.000108242035,6.892532e-05,3.776513e-06,1.3870886e-05
SPNS1,-5.620718e-05,-0.00027150288,-0.00016104616,0.00011387188,0.00018697232,-0.00014772732,7.0203096e-06,1.9674306e-05
TTYH3,-0.0003368538,-0.0008120723,-0.00065629743,0.00019462407,-0.00108964,-0.00018941145,0.00034210924,4.43561e-05
SOX14,-3.646873e-05,0.0002577193,0.00015853345,0.00011879578,-0.0019551069,3.932044e-06,-0.00015936699,-3.749621e-06
SP1,0.00029205903,-0.00040886737,-6.655045e-05,-0.0002952693,0.00045205653,0.00040539447,0.0002548825,4.759757e-06
HNRNPH3,-0.0005194377,-0.0008857902,-0.0007502716,0.00027136132,-0.0018013418,-0.00022017816,0.00039169565,4.903355e-05
GNB3,0.00033198856,0.0005567707,0.0005866345,-0.00015203655,-0.0008989349,0.00030123536,-0.0002785856,-3.010116e-05
PRB2,-0.0002580136,-0.00055358,-0.00043686107,0.0001494782,-0.0014265627,-0.00010437053,0.00023530796,3.0385097e-05
ZNF236,0.00018843077,0.00018007867,0.0004151482,-0.00022213627,0.0010458827,0.00015434343,-0.000158499,-1.6523292e-05
NDEL1,7.844716e-05,0.00016171671,0.0002136901,2.3020431e-05,0.0012074709,-3.349688e-05,-0.00019433256,-3.1521777e-06
RASD1,7.996522e-05,0.00017184019,0.00025507435,2.7739443e-05,-4.6893954e-05,-0.00013481965,-0.00022723246,-3.5462435e-06
SUN5,-0.00021708943,-0.00048895366,-0.00036055222,0.00012257323,-0.0011222437,-8.885935e-05,0.00019481964,2.6362599e-05
B4GALNT2,-0.00021068938,-0.00048221461,-0.00035033748,0.00011854246,-0.0010478869,-8.9623965e-05,0.00018879212,2.5859219e-05
ANXA7,-0.00014617853,-0.0002950579,-0.0003028456,0.000107184984,-0.0023230687,8.376315e-05,0.00020358525,1.8220977e-05
INHBB,0.00021918304,0.00029953383,0.00039362907,-8.337945e-05,0.001764223,4.5691617e-05,-0.00025539752,-1.6049366e-05
HSD17B6,-0.00026989728,-0.00046598166,-0.0004078634,0.00015127659,-0.0016418844,-0.00010530744,0.00021177623,2.780906e-05
DNAJC25,0.0001098644,-0.00017357245,9.2383474e-05,-0.00012296066,0.002485156,-9.20333e-06,-4.593376e-05,5.192589e-06
E2F4,-0.0001967419,-0.0004900582,-0.0004469566,0.000121656805,-0.0011393875,-2.9873103e-05,0.00024184957,3.1306292e-05
ZNF384,-7.901527e-05,-0.00010149926,2.1925196e-05,2.0306557e-05,-0.0005508214,-4.3212436e-05,-2.308283e-05,6.8007503e-06
NARF,-0.00040536,-0.000759555,-0.000649536,0.0002659848,-0.0020200387,-0.0002559605,0.00030564144,4.477438e-05
CWF19L1,0.000104554,-0.0001750607,-2.1010637e-06,-8.564256e-05,0.0007724762,0.00015346147,5.74952e-05,5.2838586e-06
DLK2,0.00013091415,0.0005050935,0.0004739128,5.1662326e-05,0.0025510937,-0.00013186643,-0.00042891968,-1.5734811e-05
YTHDF1,0.0003128536,2.6337802e-05,0.00023085438,-0.00021090079,0.0018522888,0.00023871288,-3.928505e-05,-9.576441e-06
HOXD13,-0.00020708144,-0.0004810933,-0.0003452152,0.00011580251,-0.0009460002,-9.372085e-05,0.00018464215,2.569519e-05
MSI2,0.0007050261,0.0005540401,0.00085471757,-0.000434923,0.004007809,0.0003837049,-0.00037148688,-4.2513595e-05
EN2,-0.0003850013,-0.0006690826,-0.00046212226,0.00014756713,-0.0008650273,-0.00022829743,0.00023510866,3.584614e-05
LHX8,-0.00020853058,-0.00048247166,-0.0003499575,0.0001174137,-0.0009771138,-8.840207e-05,0.00018805638,2.5893445e-05
ADGRG7,-0.0001931414,-0.00041827,-0.0003167931,0.0001291465,-0.0011084825,-9.103306e-05,0.00015674718,2.4418812e-05
ZNF880,0.00027002394,0.0006922055,0.00075429305,-7.164758e-05,0.0027053282,-0.00011947425,-0.0005716337,-2.89093e-05
CYR61,-0.00021708943,-0.00048895366,-0.00036055222,0.00012257323,-0.0011222437,-8.885935e-05,0.00019481964,2.6362599e-05
RABEP2,0.0006080661,0.00037256628,0.0005055256,-0.00027190335,0.0025316402,0.0003646575,-0.00021490548,-2.5063055e-05
CALR3,-0.00015581027,-0.00031419098,-0.0002101548,9.957515e-05,-0.0008594692,-6.80089e-05,9.812601e-05,1.8277788e-05
TRIM7,-0.0001580771,-0.00015467033,-0.00016968697,0.00015497208,0.0004093647,-0.00015151361,-6.9849193e-07,1.6599311e-05
MAP2K4,0.00012038089,4.8583373e-05,0.00021232665,-0.00015102979,2.2418797e-05,7.592514e-05,-6.821565e-05,-4.670699e-06
SLTM,-0.00032097846,-0.0010356996,-0.00069140457,-9.271316e-06,-0.00063453615,3.8499944e-05,0.0005270364,4.329218e-05
PRIMPOL,0.00046200491,0.00060193054,0.00078780577,-0.0003352305,0.0031054094,0.00032044481,-0.00036117528,-3.98478e-05
ZNF221,-1.7909333e-05,-0.00034376234,-0.00017613173,4.223548e-05,-0.0013282746,9.491108e-06,0.000118424185,1.5555182e-05
CATSPERE,-0.0003326945,-0.0006427653,-0.0005278196,0.00017527491,-0.0024035573,-7.6870434e-05,0.0003116941,3.411481e-05
TUSC3,-0.00011469051,-0.00055237673,-0.0003507398,1.6306527e-05,-0.0009478554,3.5149977e-05,0.00026638806,2.4301698e-05
ZSCAN32,8.449517e-05,8.64435e-05,0.000106945634,3.249012e-05,-0.0012257323,2.907496e-05,-8.7511726e-05,1.014676e-06
TRPM6,6.2724575e-05,-0.0002297312,-5.994737e-05,-6.314088e-05,-0.001015909,0.00015853252,0.00011980999,6.2105246e-06
RDH13,0.00034348853,0.0006917678,0.0008809231,-0.00019299891,0.003609255,-7.402338e-05,-0.0005878387,-3.5355217e-05
CR1L,-0.00021711923,-0.00052346475,-0.00042904355,0.0001595635,-0.0013876632,-8.8383444e-05,0.00022169016,2.9563322e-05
MRPL37,7.6243654e-05,-6.87819e-05,8.349866e-05,-4.5155175e-05,0.00015661865,-3.4803525e-06,-4.5266002e-05,3.0109659e-06
CXADR,-0.00062214956,-0.0012587067,-0.0011296608,0.00036560092,-0.0036607236,-0.00020372774,0.0006320793,6.912148e-05
HS3ST4,-8.439645e-05,-0.00014269724,1.7113984e-05,-3.908854e-05,-0.0003303364,-6.3336454e-05,2.2869557e-05,4.5646448e-06
PLPP4,-0.0001774095,-0.0004825294,-0.00018383749,-0.00015364587,-0.000963822,5.7008117e-05,0.00026488863,1.232326e-05
PGBD1,0.00018202886,-6.303191e-05,0.00013749674,-5.2279793e-05,0.0005782172,6.686617e-05,-6.920751e-05,-1.3287645e-06
EIF2AK3,0.00018741004,0.00019587949,0.00024374016,-8.042995e-05,0.00035241246,0.00017746724,-0.00010190625,-1.163187e-05
HS3ST6,-0.00021708943,-0.00048895366,-0.00036055222,0.00012257323,-0.0011222437,-8.885935e-05,0.00019481964,2.6362599e-05
HTR2B,-0.00020801835,-0.00055268407,-0.00039305724,9.136088e-05,-0.0020355657,-3.6522746e-05,0.0002555484,2.7133268e-05
PHF6,0.00038446486,3.4727156e-05,0.0003054645,-0.00029667094,9.636581e-05,0.00038967654,5.066395e-07,-1.4717225e-05
NECTIN4,-9.968318e-05,-0.0003002826,-0.0001892075,7.07889e-05,-0.0007284954,-8.284114e-06,0.000107806176,1.5891623e-05
ZNF175,0.00028790906,0.0001026541,0.0003423486,-0.00022659544,0.0017401204,0.00016225502,-0.00013048109,-1.1992175e-05
ACTL9,-0.00021162629,-0.0004865732,-0.00035703555,0.000119164586,-0.001081422,-8.5116364e-05,0.00019404199,2.6134308e-05
PNCK,0.00036404654,0.00034782104,0.0003439337,-0.0001443997,-0.00042707473,0.00038228277,-0.00012033526,-1.7650076e-05
TK2,0.00014296174,5.965121e-05,0.00012819469,-5.734712e-05,0.00050551444,0.00012916885,-6.1745755e-05,-1.9673025e-06
SLC25A18,-0.0007438995,-0.0010734946,-0.0011820793,0.0005363766,-0.0055022985,-0.0003096913,0.00056364574,7.1318005e-05
CHMP1A,-0.0002721157,-0.00020154752,-0.00012503564,0.0001541134,-0.00089693815,-0.00021059532,2.5946647e-06,1.4769961e-05
UBA5,2.2718683e-05,-0.00015555695,-0.000117255375,-4.9900264e-06,-0.0025411695,0.00019207783,0.00014379714,7.7978475e-06
GOLPH3L,0.000113910064,0.00034532696,0.00042063743,-2.5064684e-05,0.0020030364,-0.00010746671,-0.00032154378,-1.49873085e-05
SPAG8,6.453507e-05,-0.00012417883,0.00017433055,-0.00014859997,0.0010949448,-1.411885e-05,-4.527718e-05,-2.7030474e-06
WSB1,-0.0005843174,-0.0011840295,-0.0010385178,0.00034072064,-0.002366811,-0.0002023098,0.0005721394,6.344938e-05
GXYLT2,-0.00019210763,-0.000490319,-0.00034810975,0.00010204315,-0.001087971,-6.273389e-05,0.00020049326,2.5395653e-05
TBKBP1,0.0001704488,5.4078177e-05,0.0001524426,-7.066503e-05,0.00093752146,2.6177615e-05,-9.045936e-05,-2.586632e-06
FNTA,-5.643815e-06,-2.7647242e-05,1.6650185e-05,6.1921775e-05,-0.0009953827,1.8316321e-05,-3.3988617e-05,4.7470676e-06
SLC38A4,0.00015296228,-0.0001230333,0.000118386,-0.00013151485,0.0013150871,9.243563e-05,-9.882264e-06,-7.6321885e-07
PRG4,-0.00020236894,-0.0004429035,-0.00033602305,0.00013905764,-0.00047648698,-0.00013553211,0.0001431331,2.6567723e-05
ZNF433,0.0002419632,0.00026127324,0.0004358515,-0.00020623859,0.00028789043,0.00017500017,-0.00017988589,-1.8485938e-05
RGPD3,-1.07791275e-05,-0.00012754835,-3.289804e-05,3.0325726e-05,-9.069592e-05,7.5576827e-06,9.4799325e-06,7.773633e-06
ZNF446,0.00025565177,0.000108312815,0.0002587773,-0.00017112307,0.00069123507,0.00017202832,-8.976739e-05,-8.939533e-06
DMKN,-0.00016209856,-0.0003208369,-0.00021251664,0.00013345573,-0.0008741021,-0.00012047216,7.314887e-05,1.9720988e-05
CRTC3,0.00012990646,0.00025565922,0.0003897287,-9.856466e-05,0.0013999343,-2.4517067e-05,-0.00022822153,-1.5871017e-05
PAICS,-6.0796738e-05,-8.7123364e-05,-9.87947e-06,2.6801601e-05,0.00034211576,-2.3926608e-05,-2.2566877e-05,7.3972624e-06
SP140L,4.5802444e-06,-0.0001382418,-1.0989606e-06,-2.0135194e-06,-0.00020682812,-5.7294965e-06,7.489696e-06,6.0431194e-06
ZNF530,0.00024061091,7.791445e-05,0.00016015396,-0.00015900936,-0.001424171,0.00029101036,1.7609447e-05,-6.3772313e-06
AMACR,0.00056093186,0.0006683506,0.0009183977,-0.00044405926,0.0016911179,0.00036123116,-0.00038360897,-4.617148e-05
MAPRE2,-0.00032239594,-0.0006250758,-0.00058340654,0.00024210941,-0.0016485527,-0.00015594717,0.00027364772,4.023395e-05
PEX7,-0.00019844249,-0.00011849217,-4.018657e-05,0.00016193371,-0.0021458864,-0.00025441404,-6.572623e-05,1.2363191e-05
NKD2,0.00013369136,5.191937e-05,0.00019818544,-5.8645383e-06,0.00087994337,-1.5227124e-05,-0.00015450548,-3.120862e-06
NPAS4,-0.00011367537,0.0001732707,0.00013941526,0.000117355026,-0.0030897781,-1.918152e-05,-0.00012062583,-8.1711914e-07
ATAD3B,-7.068738e-05,-0.0001856368,-0.00011300668,8.874945e-05,-0.001488246,-6.58324e-05,3.6607496e-05,1.2950273e-05
PPP2R2A,-0.00034943782,-0.00039175525,-0.00029923208,0.00027892925,-0.00025428087,-0.00038218917,1.2934208e-05,2.813153e-05
LAMB4,-3.315136e-05,-0.00038812682,-0.0001936052,-2.8308481e-05,-0.00090963393,7.756241e-05,0.00017889123,1.5305472e-05
SOBP,-0.00079875067,-0.0021006726,-0.0018159244,0.00038554985,-0.0042245835,-0.0001369426,0.0011380091,0.000102980994
RNASEL,0.00012118742,0.00040889904,0.00051419996,-6.243214e-05,0.0017208457,-0.00012985524,-0.00037433114,-1.8434599e-05
BUB3,-0.00021749549,-0.00033233687,-0.00020446256,7.92956e-05,-0.00033807755,-0.000112185255,9.162631e-05,1.9858591e-05
PTPN18,-0.00021678954,-0.0002965741,-0.00024607033,0.00014755875,0.00044824928,-0.00026228605,4.7340058e-05,2.2088294e-05
RMDN3,0.00012267567,0.00031263568,0.00054007955,-9.656139e-05,0.0031908303,-0.00015638769,-0.0003879359,-1.7685117e-05
PSIP1,-0.00033817254,-0.0008079987,-0.0005925987,0.00015558302,-0.0014238134,-0.00010106992,0.00035433564,3.98939e-05
ZNF182,5.5734068e-05,-0.00013888068,0.00014335103,-0.00013547111,0.002107136,-2.843421e-05,-4.580524e-05,6.534392e-07
WASF1,-0.00015773997,-0.00023426674,-0.00017688051,5.722884e-05,-0.0015395805,8.1265345e-05,0.00013894401,1.3892655e-05
DHRS11,0.00049025007,0.00033844262,0.00044233724,-0.000194652,0.0017263517,0.00031394884,-0.00019607227,-2.1842541e-05
ARL13B,0.00031612813,0.00036081672,0.00046985783,-0.00012119301,0.0010754764,0.00010301359,-0.00028113555,-1.849886e-05
NMD3,-9.838678e-05,0.00031542964,0.00036873668,0.00012826826,0.00015651435,-0.00028088037,-0.00036118086,-8.145347e-06
ARG2,0.000102207065,9.283237e-05,0.00018479116,5.202368e-06,-0.0011358261,9.843148e-06,-0.0001257835,-7.4808486e-07
GJB1,-0.00018754974,-0.00025408342,-0.00015438534,0.00012622308,-0.00032311678,-0.00017973827,1.5176833e-05,1.7742976e-05
PRRG3,0.00044310652,0.00062043034,0.00085441023,-0.0003129579,0.0025853366,0.0001814384,-0.00043835212,-3.982673e-05
PDP1,6.921962e-05,-0.00023459643,-2.4225563e-05,-8.155126e-05,-0.00025103986,0.00011218339,8.744653e-05,7.437193e-06
ADRA1A,6.552227e-05,-4.4375658e-05,6.413646e-05,-3.677141e-05,-0.00019786507,4.803296e-05,-2.6118942e-05,2.7101487e-06
EIF4A2,-0.00044768304,-0.00093125924,-0.0007960554,0.00027162582,-0.0017170757,-0.00014895666,0.00043254998,5.0320872e-05
GPATCH8,5.4232776e-05,-0.00021709688,-8.174591e-05,-2.2416934e-05,0.0002438575,9.2215836e-05,7.187016e-05,1.0141637e-05
LRRTM4,0.0002043657,0.00046148337,0.00044489838,-3.216602e-05,-0.0008543655,0.00012812577,-0.00027251896,-1.8927385e-05
RTL9,8.3955005e-05,-0.00019083731,3.7910417e-05,-0.00013367645,-0.0019807592,0.00018856395,0.000109362416,7.4121635e-07
RBM17,-0.00020731613,-0.00047712214,-0.0003036335,3.702473e-05,-0.0012218282,1.3460405e-05,0.00021919329,2.237747e-05
FAM171A2,-4.0614977e-05,-0.00028788485,-0.00018782914,6.474368e-05,-0.0014167279,-1.3908371e-05,0.00010283105,1.6590348e-05
SLC52A3,-0.00014369749,-0.0003679823,-0.00020989962,9.334646e-05,0.00017858297,-0.00011327909,8.603092e-05,1.9081286e-05
DTX3L,-0.00010607578,-0.00017033517,-0.00018403493,0.0001682667,-0.0009822994,-0.00016994076,9.593554e-06,1.8070801e-05
NSUN4,7.944554e-05,0.00015909784,0.0003694836,-0.000103192404,0.00074894726,-0.00013920385,-0.00024426263,-8.941395e-06
ERLEC1,-0.00017496198,-0.00031224638,-0.00027712248,0.00020362344,-0.00051835924,-0.00023730099,3.9921142e-05,2.5561894e-05
PGAM2,0.00032898597,0.0005215183,0.0006362535,-0.00015780516,0.0013060719,7.683411e-06,-0.00039794575,-2.5294721e-05
ARNTL2,0.0005566422,0.0006539859,0.00077667646,-0.00023321062,0.002287276,0.0002582632,-0.0004284298,-3.746641e-05
MDH1,-0.00014761277,-0.00031585805,-0.00014002435,4.382804e-05,-0.00017051399,-7.8307465e-05,7.4217096e-05,1.6240054e-05
GNAT3,-0.00021708943,-0.00048895366,-0.00036055222,0.00012257323,-0.0011222437,-8.885935e-05,0.00019481964,2.6362599e-05
SCML2,0.00035090558,0.00021797977,0.00046964549,-0.00019205082,0.00216569,3.208127e-05,-0.00025359448,-1.8071965e-05
CCNA1,0.0003965646,0.0004118327,0.0005276408,-0.00030615553,0.00075606257,0.00037376862,-0.0001736125,-2.6833732e-05
KRT74,-7.58376e-05,-0.0002550874,-6.907992e-05,-1.4592893e-05,-0.00010231882,4.910864e-06,6.957445e-05,9.806128e-06
NEDD1,-0.00037344173,-0.00029215403,-0.00019296259,0.00013166387,-0.0004169941,-0.0002243612,4.703924e-05,1.9756262e-05
G6PC,-8.476339e-05,-0.000302732,-0.00014141016,5.0350092e-05,-2.0816922e-05,-6.808899e-05,6.7998655e-05,1.507788e-05
PRSS16,-0.00015434623,-0.00037646852,-0.00026263297,9.8884106e-05,-0.0008633211,-6.454624e-05,0.0001358185,2.0965352e-05
AP3M1,-0.00018506497,-0.00016883016,-9.4341114e-05,0.0001084907,-0.00085036457,-0.00020221574,-7.878058e-06,1.3358891e-05
POC1A,0.00038609654,0.00021199137,0.0003370028,-0.00019034185,0.0022441745,0.00030802563,-0.00013318751,-1.461606e-05
ZNF778,8.6279586e-05,0.00024619512,0.00035047345,-9.061955e-05,0.0012552738,3.1122006e-05,-0.00021606963,-1.1239434e-05
SLC7A14,0.0004463885,0.0004747957,0.0005053729,-0.0002530655,-0.0011401847,0.00045431685,-0.00014654081,-2.9659714e-05
UGCG,-1.5102327e-05,-8.690357e-05,4.0128827e-05,3.910344e-05,0.0019456297,-0.000112727284,-8.7701716e-05,6.262795e-06
GZF1,-6.557815e-05,5.172938e-05,9.929761e-05,8.0117956e-05,0.0016199201,-0.00017368514,-0.00016103033,4.467787e-06
FYB1,-0.00036865287,-0.0010152347,-0.0008094162,0.00015949644,-0.0015802756,-3.9556064e-05,0.000525048,4.8618414e-05
HIVEP2,-0.00018760376,-0.00045920536,-0.00036424026,8.675177e-05,-0.00013320148,-1.8493272e-05,0.00022562128,2.2626598e-05
SLC25A14,-6.8075955e-05,0.0002672337,0.00033803284,9.346381e-05,0.00058579445,-0.00024700118,-0.00032213796,-7.479335e-06
RABGEF1,5.256012e-05,9.965338e-05,0.0001653023,6.7406334e-05,-0.00027597696,-7.0244074e-05,-0.00017086137,2.0582229e-07
ZNF777,0.00052810274,0.00022592396,0.000387704,-0.00026399177,0.00047101825,0.0003162017,-0.00011428725,-1.904543e-05
CNNM3,-2.6142225e-05,-0.0005138926,-0.00034271367,-8.376129e-05,-0.00051469356,0.00020152889,0.0003178306,2.140808e-05
QTRT2,1.3362616e-05,6.810203e-05,9.0630725e-05,0.00011739135,0.00072701275,-0.00016001007,-0.0001701871,4.5205234e-06
DHRS3,-0.00013808347,-0.0004127156,-0.00032826886,0.00015966874,-0.00038761646,-0.00013361778,0.00013681687,2.3764442e-05
CDCA7,-0.00022161752,-0.00057515875,-0.0003980007,7.1687624e-05,0.00059513,-9.058509e-05,0.00022680219,2.8632e-05
SNX17,-0.00016683154,-0.000386443,-0.00031630136,0.00013155211,-0.0005184412,-8.8461675e-05,0.00015211292,2.2801803e-05
SGK2,-5.5486336e-05,-3.292598e-05,3.432855e-05,8.884724e-05,-0.0005924627,-8.637272e-05,-7.7856705e-05,5.563139e-06
ZNF700,2.9774383e-05,3.3073127e-05,0.00012158416,3.0783936e-05,-0.00017566979,-0.00010915985,-0.00013360847,3.2919925e-06
TDP2,0.00029010512,0.00039084628,0.00048477575,-0.00010335725,0.0017826036,9.54438e-05,-0.00030720513,-1.9461615e-05
ZMYM5,0.0003280379,0.0003221128,0.0005552247,-0.00025098585,0.0019027516,0.00015656278,-0.00026073772,-2.3446744e-05
FAAP100,7.295422e-05,5.6555495e-05,0.00015824474,-4.313793e-05,0.0006243363,4.6055764e-05,-0.00010273885,-1.4114194e-06
UCK1,-9.150244e-05,-3.7312508e-05,-0.00010868907,0.00017702207,-0.0017230213,-0.00014158757,-4.4084154e-05,1.4232588e-05
CPB2,-3.3689663e-05,-0.00030735694,-0.00015259534,-2.8001145e-05,-0.0005338192,6.4618886e-05,0.00014122017,1.2601726e-05
KLHDC4,0.00022010505,0.00019259751,0.0003906265,-0.0001967987,0.0017664358,0.00023396127,-0.00014481787,-1.6844482e-05
FAM135A,0.00020050444,-6.635487e-05,-2.4992973e-05,-3.9549544e-05,0.00079671293,7.362105e-05,1.1352822e-06,7.038354e-06
LIPK,-0.00022361428,-0.0004936978,-0.00036593527,0.0001263693,-0.0011237562,-9.5377676e-05,0.00019566063,2.674642e-05
ALX1,-0.0002213791,-0.00048966333,-0.0003641434,0.0001368206,-0.0012406856,-0.000108129345,0.00018778257,2.6800204e-05
C17orf50,-6.608106e-05,-0.0003107451,-0.00014622323,1.6168691e-05,6.482005e-05,4.5448542e-07,9.8095275e-05,1.4302554e-05
BCAT2,2.8256327e-06,-0.00016652234,2.1513551e-05,-7.8722835e-05,-3.5963953e-05,5.6294724e-05,5.2090734e-05,3.5457779e-06
MPG,8.599833e-06,-9.957142e-05,0.00017870031,-0.00010895077,0.00086375326,-5.8379956e-05,-8.424744e-05,5.2852556e-08
FBXO7,0.00013494492,-2.2523105e-05,0.00011160225,-8.4660016e-05,-0.0014879778,0.00017880648,1.1551194e-05,-2.2402965e-06
MTMR9,-0.0005224217,-0.0012182798,-0.0009751972,0.00026089512,-0.00077177584,-0.00023742905,0.0005429555,6.14482e-05
PCOLCE2,0.0001675617,0.00035914406,0.0003366042,3.0426309e-06,-0.0004119277,2.3006462e-05,-0.00025573093,-1.1264114e-05
HOXB5,-0.00018527545,-0.00031144358,-0.00024712272,0.00013255049,-0.0010076761,-6.852951e-05,0.00011032075,1.9487925e-05
BAIAP2L1,-4.8317015e-05,-4.4452026e-05,-6.4915046e-05,8.0272555e-05,-0.0012896508,6.228406e-05,1.8743798e-05,7.88609e-06
ASTE1,0.0002598241,0.00022891909,0.00057980046,-0.00025670696,0.0020407438,-2.5551766e-05,-0.0003014775,-2.0318781e-05
WIPI2,0.00017391704,-0.00031394511,-5.2154064e-06,-0.00021423306,0.0014277846,0.00021639653,0.00012866035,5.0960807e-06
CLDN18,5.9187412e-05,-9.367056e-05,2.8891489e-05,-6.877817e-06,0.0006591901,1.7550774e-05,-2.3923814e-05,4.446949e-06
ZNF7,-0.00011447258,-0.00016975962,6.6123903e-06,2.660416e-05,-0.0005885437,-0.00016921014,-3.8576312e-05,9.6366275e-06
NAAA,-0.00013858825,-0.00036149286,-0.00020633824,0.000103897415,0.00021060556,-0.00022503966,4.736986e-05,2.1602493e-05
PADI3,5.2424148e-05,4.015863e-06,8.85129e-05,-9.857118e-06,0.0003151521,4.1274354e-05,-5.993154e-05,1.3149111e-06
RSAD2,-0.00014181621,-0.00013012066,-3.8780272e-05,0.00011056941,0.000108107924,-0.00015107263,-4.484132e-05,9.707524e-06
VASN,0.00028117374,0.00066401996,0.00064967945,-6.632134e-05,0.0015629157,-4.8478134e-05,-0.00047336984,-2.670777e-05
ZIC4,0.00032054074,0.00035382435,0.0004693363,-0.00014142226,0.00070153177,0.00017691497,-0.00024291966,-2.031168e-05
GPATCH3,0.0002326332,0.0005084686,0.0005168896,-5.5555254e-05,0.0006713569,2.413895e-05,-0.00035818946,-2.0491658e-05
ZNF274,2.0137057e-05,0.00028190948,0.00042795204,-1.4825724e-05,0.0009013638,-0.00019973051,-0.00033690315,-1.0832096e-05
NDUFS8,0.00021950714,2.3150817e-05,0.00017838739,-0.00016972609,0.00040335208,0.00022605993,-1.2504868e-05,-5.7222787e-06
ARHGAP19,0.00014708005,-3.189221e-05,2.9318035e-05,-2.5325455e-05,-0.0014706329,0.00018155482,3.2901764e-05,7.2689727e-07
WDR12,0.0003641434,0.00028206408,0.00041808933,-0.00017662812,0.0009655729,0.00024934392,-0.00018451083,-1.91984e-05
SLC25A34,-3.0249357e-05,-0.00034692138,-0.00012957864,-7.616356e-06,0.00072203577,-0.00012782542,6.610807e-05,1.4466816e-05
UQCC1,0.00013791211,0.00022932328,0.00026414916,2.6365742e-06,0.0015782267,-3.608968e-05,-0.00022745412,-6.8644295e-06
SHPK,-0.0001318939,-0.00010079518,-2.082251e-05,5.560741e-05,-0.00027305633,-0.00012888992,-3.94471e-05,1.002464e-05
MDM2,0.00018892065,-3.856048e-05,0.00021119975,-0.00021394528,0.0026110932,0.0001807725,-3.54629e-05,-6.754184e-06
SLC17A2,-0.00022200868,-0.00046660937,-0.00035480037,0.0001532007,-0.0015960187,-0.00010066759,0.00017912406,2.6208698e-05
CD2AP,0.00040424988,0.00030773692,0.0004346855,-8.376036e-05,0.0012881905,5.6232326e-05,-0.00028486457,-1.7062062e-05
HOXC4,-0.00021708943,-0.00048895366,-0.00036055222,0.00012257323,-0.0011222437,-8.885935e-05,0.00019481964,2.6362599e-05
SUGP1,-4.800409e-05,-0.0001893416,-6.8096444e-05,-8.060597e-06,-0.0020499825,2.5686808e-05,7.909257e-05,9.872252e-06
GCC1,0.00027853996,0.0003925059,0.00047980808,-9.4215386e-05,0.0018102527,8.329749e-05,-0.00031526107,-1.702644e-05
BARHL2,-0.00012852438,-0.00033767708,-0.0002814941,0.00012861937,-0.000973627,-5.424302e-05,0.00012512598,2.1778513e-05
SNTG2,-0.00013986602,-0.0003146939,-0.00018351153,8.927472e-05,2.6002526e-06,-0.00011268491,6.684661e-05,1.7905608e-05
NEIL1,-2.3009256e-05,-0.0003719926,-0.00016344897,-9.616185e-05,0.0010139272,0.00011802558,0.00017943326,1.2347824e-05
ZNF169,0.0003163144,3.8372353e-05,0.00031269528,-0.00029717013,0.0008260757,0.0003206106,-1.4992431e-05,-1.4825957e-05
LIPM,-0.00021708943,-0.00048895366,-0.00036055222,0.00012257323,-0.0011222437,-8.885935e-05,0.00019481964,2.6362599e-05
SGMS2,-0.0001605656,-0.00033310428,-0.00021477416,8.8870525e-05,-9.568781e-05,-0.00010468438,8.696783e-05,1.980993e-05
CLMP,-0.00053258426,-0.0009616576,-0.0008550156,0.00024040136,-0.001512982,-0.00020669261,0.00047842972,5.1093637e-05
ASAH1,-0.0002683811,-0.0003254544,-0.0003367141,0.00027405098,-0.002344288,-0.00020811893,8.5630454e-05,2.7234666e-05
LRRC8E,6.570853e-05,-3.4648925e-05,7.215515e-05,-9.858049e-06,-0.00016704947,5.3725205e-05,-3.7499703e-05,1.6789418e-06
CA11,0.0005503483,0.0007482674,0.000772167,-0.00014326256,0.0020628273,0.00011080783,-0.00051722955,-3.3963006e-05
BBS9,0.00021870434,2.0066276e-05,0.0003097728,-0.00018839445,0.0018298253,0.000119875185,-0.000115129165,-1.0535936e-05
ARID3A,6.557442e-05,-0.0001774393,0.00010307133,-5.6962483e-05,0.0025451928,-5.802512e-05,-7.07889e-05,2.529705e-06
SOCS4,0.0003064219,0.00031077676,0.00056406297,-0.00028959196,0.0014676899,0.00034094322,-0.00019173045,-2.7816859e-05
RBBP7,-0.00018304959,-0.0006179046,-0.00046921894,5.176291e-05,-0.0020676553,0.000106721185,0.00035398267,2.8947019e-05
BEST2,-0.00018603541,-0.00044893473,-0.00032455288,0.00010820292,-0.00094658136,-6.606616e-05,0.00017802697,2.4042209e-05
B4GALNT4,-0.00087977014,-0.0014327932,-0.0014388412,0.0006054519,-0.003978826,-0.00045046723,0.00068862736,8.677121e-05
RPS6KB2,-0.00027467683,-0.0004930552,-0.0003112778,0.00013192743,0.00013964623,-0.00030671246,9.5152296e-05,2.9383693e-05
DCLK3,-0.0001488924,0.0001314953,0.00013721362,0.0001440486,-0.0015393943,-0.00017767539,-0.00017828587,2.0096777e-06
PTF1A,-9.731203e-05,-0.0003698431,-0.00023505464,5.0557777e-05,-0.00042578578,-2.0462088e-05,0.00014231354,1.8444727e-05
CDH6,-0.00021432899,-0.00014542788,-8.8403e-05,0.00021218695,-0.0004946515,-0.00041728746,-0.00012038555,1.8984778e-05
PDX1,-0.00020631775,-0.0004849173,-0.0003542602,0.00011602696,-0.0010397956,-8.155126e-05,0.00019359961,2.5945832e-05
CDHR5,-0.00019476376,-0.00045495294,-0.00031819753,0.00010604691,-0.001031436,-7.348694e-05,0.00017629843,2.3942674e-05
DHRS1,-0.00011107884,-0.00027206168,-0.00012495182,2.372358e-05,-8.481741e-05,-6.297603e-05,8.878112e-05,1.1445256e-05
CYP2S1,0.00013910979,-2.5175512e-05,4.746951e-05,-2.8409064e-05,-0.0009116009,0.00015014783,8.57003e-06,1.1725351e-06
BECN1,0.0006199349,0.0007371139,0.00070622563,-0.00022912119,-0.00036384165,0.00044916477,-0.00034611952,-3.5776873e-05
C16orf58,0.00019349158,-5.0000846e-05,0.000111903995,-0.00013806392,0.00021789968,0.00017659366,1.9025989e-05,-2.7643982e-06
ADAM30,-0.00021708943,-0.00048895366,-0.00036055222,0.00012257323,-0.0011222437,-8.885935e-05,0.00019481964,2.6362599e-05
GBP2,-0.00016564503,-0.0005300306,-0.0002991557,6.608665e-06,-0.0007879734,4.7042966e-05,0.00024073385,2.1241838e-05
TMPRSS4,0.000101616606,-2.98433e-05,0.00017545559,-0.00010487158,0.0005106628,9.26042e-05,-5.093403e-05,-3.841473e-06
GLIS1,-3.5604462e-05,-0.00026427396,-0.00012614764,2.3961999e-05,-0.00069108605,3.1241216e-05,8.844677e-05,1.2822915e-05
FBXW9,0.000116093084,0.00020358711,0.00028454512,3.0640513e-06,0.0011515543,-0.0001610876,-0.00026387442,-4.360918e-06
DDIAS,-6.854534e-07,-3.774278e-05,7.335283e-05,-0.0001351228,0.00019651651,0.00024519023,6.761961e-05,-2.0860462e-06
MAPKAPK2,-0.0002166573,-0.00036464445,-0.000309797,0.00016366597,-0.0017724261,-0.00017053913,0.00012739282,2.351473e-05
DYRK4,0.00016036816,-1.4811754e-05,0.00020529516,-0.00024459045,-0.0007406473,0.00027197227,4.4227578e-05,-9.566662e-06
COPS4,-0.0004104171,-0.00080274604,-0.0006824024,0.00019981433,-0.002499655,-0.00020127371,0.0003746571,4.6116067e-05
HPSE,-3.119372e-05,-0.00024076551,-0.00013249554,2.797041e-05,-0.0001925677,2.0194799e-05,7.93878e-05,1.3146666e-05
PPP2R2C,0.00013115257,-0.00034301914,-0.00022067875,-6.6638924e-05,-0.00033076853,0.00026660785,0.00021457858,1.5788828e-05
RANGAP1,0.00013105758,-0.0001437068,-2.861023e-06,-7.772166e-05,0.00082820654,0.000103678554,3.8706698e-05,5.682581e-06
NEU2,-0.00021162629,-0.0004865732,-0.00035703555,0.000119164586,-0.001081422,-8.5116364e-05,0.00019404199,2.6134308e-05
NNT,-0.0003142003,-0.00047110394,-0.00034901686,0.00016073976,-0.0003703907,-0.00016695494,0.00014267955,2.8786832e-05
LDHA,-0.00025117584,-0.00034335814,-0.00023331493,0.00014558528,0.00013094395,-0.00019123312,6.501004e-05,2.132589e-05
EXOSC9,0.00024168566,0.0002116654,0.0004083831,-0.0001491243,0.0023515671,3.928691e-05,-0.0002347054,-1.4423742e-05
ATP6V1C2,-0.00012269802,-0.00026066974,-8.616783e-05,1.3267621e-05,0.00060103834,-0.0001118239,3.6231242e-05,1.2789154e-05
CCDC151,-3.1964853e-05,9.836443e-05,0.00016437285,3.4317374e-05,-0.0006353259,-5.6501478e-05,-0.00012519304,-2.38535e-06
MSL1,-0.0002029892,-0.0006111432,-0.00039794296,4.997477e-05,-0.00069603324,-3.6240555e-05,0.00027109124,2.7843751e-05
NPRL2,0.0003157556,9.385124e-05,0.00020906888,-0.00014406163,0.001049079,0.0002127802,-6.79167e-05,-7.79354e-06
BZW2,-0.00028650276,-0.0005770512,-0.00051520765,0.00021555461,-0.001323767,-0.0001492966,0.00023519713,3.6980375e-05
FANCG,-3.3324584e-05,4.4150278e-05,0.00010648742,2.6891008e-05,-0.000605911,-6.645173e-05,-9.586569e-05,2.1395972e-06
ARMC9,0.00049046427,0.00036234036,0.0005503725,-0.00032695662,0.0014638305,0.00039255805,-0.0001802994,-2.8420356e-05
CDK5R2,0.00034205057,0.0002490189,0.0003902223,-0.00022906903,0.0017798916,0.00028226618,-0.00014559273,-1.68205e-05
DZIP1L,0.0004629325,0.00021112338,0.0003894493,-0.0002633063,0.0009947419,0.0003575487,-9.704847e-05,-2.0577689e-05
SLC17A5,0.00029974058,7.111579e-05,0.00019251369,-0.00014822744,0.0013691038,0.0002183877,-4.973542e-05,-8.347211e-06
RLBP1,-0.0005558785,-0.0007420741,-0.00070073456,0.00033454318,-0.0030049458,-0.00031343848,0.00030922983,4.748162e-05
MESP2,-0.0001345817,-0.00027104653,-0.00018046051,0.000119938515,-0.0011780784,-0.00010071136,6.29155e-05,1.7272658e-05
TOLLIP,-0.00023810193,-0.00037363172,-0.00020137243,7.527601e-05,-0.0017211214,-0.000105129555,0.00013125036,1.805625e-05
ADAMTS6,-0.00028139167,-0.00027019158,-0.00038097054,0.00018754788,-0.0011627898,2.5788322e-05,0.00018259417,2.3597968e-05
MICALCL,-4.3783337e-05,-0.0004127063,-0.0002626013,1.7975457e-05,-0.00083608925,6.811321e-05,0.00019545853,1.8964522e-05
HACL1,-6.9309026e-05,-9.2152506e-05,0.00017193705,-4.0861778e-05,0.00259009,-0.0002123299,-0.00016080681,3.3261022e-06
CFHR5,-0.00023660623,-0.000527991,-0.00041132048,0.00014275871,-0.0013723001,-9.621959e-05,0.00022003613,2.9026996e-05
GPR22,0.0006116163,0.0009264052,0.0009766407,-0.00026638992,0.0015992895,0.00025165547,-0.0005637342,-4.5204884e-05
KIAA1147,-0.00021708943,-0.00048895366,-0.00036055222,0.00012257323,-0.0011222437,-8.885935e-05,0.00019481964,2.6362599e-05
RAB3IP,-2.9658899e-05,-0.00020261668,-1.7616898e-05,-4.0830113e-05,0.0007922724,-5.8316626e-05,-1.7788261e-06,1.1222088e-05
RBM44,-5.5335462e-05,-0.00033907965,-0.00023279525,6.253645e-05,-0.0016724691,3.896933e-05,0.00016091391,1.670327e-05
RAB40C,0.00025544874,0.00026401877,0.00039366446,-0.00014187023,0.0017335862,0.00012893789,-0.00020400714,-1.619279e-05
SEH1L,0.00012652762,7.8082085e-06,5.9444457e-05,-1.2890436e-05,0.00027751923,0.00012471527,-3.4221448e-05,2.0726584e-06
DNAJA1,-0.0002506543,-0.00052747317,-0.00043215416,0.00019043684,-0.0012218058,-0.00012343796,0.00020553265,3.073516e-05
CATSPERD,-0.00015915185,-0.00040464476,-0.00027636997,7.0258044e-05,-0.0015587509,-2.3946166e-05,0.00017470773,2.1180604e-05
HOXC12,-0.00021708943,-0.00048895366,-0.00036055222,0.00012257323,-0.0011222437,-8.885935e-05,0.00019481964,2.6362599e-05
OGFOD1,-2.0993873e-05,0.0004452616,0.0004982166,1.9120052e-06,0.0008297041,-0.00015274342,-0.00038674008,-1.6148551e-05
CASP10,0.00019946136,-0.00020248443,6.973185e-05,-0.00020593498,0.0010340884,0.00029293168,0.000103665516,-1.7730054e-06
OLFM4,-0.00016008876,-0.00039513037,-0.00025130063,9.142887e-05,-0.0006312281,-8.8580884e-05,0.00012672227,2.1016458e-05
SHROOM1,0.00020294823,-0.00017822534,3.9562583e-06,-0.00018618256,0.00126113,0.0003321683,0.00012885127,7.6927245e-07
IBA57,2.3636967e-05,0.00058211386,0.0005461518,0.00017716363,0.0020813793,-0.00040963478,-0.0005831374,-1.4251098e-05
EMX2,-0.0005550757,-0.0011935923,-0.001225464,0.000360718,-0.006413609,7.6540746e-05,0.0007587075,6.77004e-05
ZNF484,0.0005790945,0.0010520685,0.0011350792,-0.00025045034,0.003096059,0.00019674748,-0.0006854227,-5.532126e-05
BPIFB4,-0.00021162629,-0.0004865732,-0.00035703555,0.000119164586,-0.001081422,-8.5116364e-05,0.00019404199,2.6134308e-05
DNAJB11,-0.00020355172,-0.00021761656,-2.9895455e-05,9.567477e-06,-9.43616e-05,-0.00016018515,6.1979517e-06,1.0770862e-05
PCDHGA4,-0.00025429204,-0.0005744882,-0.00038423203,8.797832e-05,-0.0007027015,-0.00012402283,0.00022215862,2.8757728e-05
RBFOX2,-0.0007037036,-0.0014012139,-0.0012744404,0.00040866062,-0.0030124187,-0.00022436399,0.000706831,7.690326e-05
LMOD1,-0.00031479448,-0.00030376948,-0.00029408745,0.00021727383,-0.0005859509,-0.00020604441,6.263703e-05,2.5116722e-05
WFIKKN1,-0.00024284422,-0.0005173795,-0.00043640658,0.00016797334,-0.001562126,-0.000110784546,0.00021448825,3.0911062e-05
TMEM168,0.00010619871,-7.545203e-05,0.00017175451,-0.0001286082,0.0017744079,1.2053177e-05,-7.390976e-05,-1.2879027e-06
ZNF354B,0.0003197249,0.0004496351,0.0006109737,-0.00023517013,0.0019450486,0.00018996559,-0.0002965359,-2.8800452e-05
RRAD,0.0005181283,0.0003755577,0.0004880894,-0.00027032662,0.0011145025,0.00038813427,-0.00017532054,-2.4517649e-05
HMGCLL1,5.3463504e-05,0.00015620328,0.0004842952,-0.00017564464,0.002098985,-0.00017764792,-0.00028483663,-1.3566576e-05
GPR162,0.00044120103,0.00051901117,0.0006019231,-0.00018640049,0.0020067468,0.00018596649,-0.0003454322,-2.6319874e-05
FAM234A,-0.00021772645,-0.00015852973,-0.00018348917,0.00023977645,-0.00080724806,-0.00027224375,-3.576558e-05,1.9770698e-05
MAGED1,-0.0001732409,-0.0004448779,-0.00031600147,9.64934e-05,-0.00034180284,-2.9711984e-05,0.00017907657,2.3804954e-05
WDR3,0.00019215234,0.00031751394,0.00045559928,-0.00019408856,0.00251849,9.188522e-05,-0.00024029892,-1.897302e-05
ICA1L,-0.00011522323,-0.000367295,-0.00016944669,1.0617077e-06,0.0006600544,-2.8861687e-06,0.00012279954,1.5827245e-05
TRMT10A,0.0004883744,0.0006750263,0.000961449,-0.00041054748,0.004226692,0.00018934906,-0.0004901467,-4.4262386e-05
PLA2G4C,0.0001518391,0.00024376437,0.00029504485,-4.468765e-05,0.0021641403,8.1927516e-05,-0.00021125283,-9.025796e-06
CAMKV,-7.610768e-05,-0.00013260543,-8.381903e-08,5.6492165e-05,0.00017264485,-9.887759e-05,-4.024245e-05,8.217292e-06
SLC27A6,-3.0718744e-05,-0.00021426752,-4.1896477e-05,-1.37761235e-05,-0.00062874705,7.1413815e-05,6.595906e-05,7.3582632e-06
DENND2D,5.19678e-07,-9.2955306e-05,-3.1260774e-05,6.147474e-05,0.00024849176,-6.953254e-05,-4.4781715e-05,1.0271324e-05
CEP170,-0.00062415935,-0.0011755098,-0.0010760818,0.0004111603,-0.0027638823,-0.00026341388,0.0005486235,6.726582e-05
GPRC5C,0.0005359687,0.0008277409,0.00088958815,-0.00022478309,0.0018931851,0.00019858312,-0.00051514525,-4.3428037e-05
CAMK1,0.00033053942,0.00026166998,0.00044983625,-0.00019816868,0.0026061237,8.738786e-05,-0.00024985988,-1.6855076e-05
FBP2,-0.00021708943,-0.00048895366,-0.00036055222,0.00012257323,-0.0011222437,-8.885935e-05,0.00019481964,2.6362599e-05
ZNF267,0.0003139209,0.00033975765,0.0005403608,-0.00017731823,0.0022662356,8.816458e-05,-0.00029725675,-2.2946508e-05
HADHA,0.0001272466,-4.5921654e-05,0.00011932291,-6.804895e-05,0.0009852648,6.464403e-05,-4.7527254e-05,-1.0189833e-06
MIOX,-0.00021708943,-0.00048895366,-0.00036055222,0.00012257323,-0.0011222437,-8.885935e-05,0.00019481964,2.6362599e-05
ZNF627,4.451163e-05,-8.039363e-05,0.00020728447,-5.07785e-05,0.0019068345,-0.00013376866,-0.00015109312,-3.754394e-07
ZNF12,8.3955005e-05,5.9075654e-05,0.00010634959,-3.6325306e-05,-0.0001816228,0.0001225071,-4.6308152e-05,-5.502952e-07
RAB34,-0.00029464625,-0.00048335083,-0.0004868526,0.00022950768,-0.0038082004,6.426126e-07,0.00028723385,2.9049348e-05
BCLAF3,8.576922e-05,-9.725802e-05,3.0107796e-05,-6.813463e-05,0.0017046705,0.00011564791,1.4679506e-05,2.1298183e-06
MRPL4,-0.00020179898,-0.00040580705,-0.0002842974,7.386878e-05,-0.0010021329,-5.4189004e-05,0.0001632683,2.2417633e-05
THRA,-0.00025482848,-0.0007637497,-0.0005695224,0.0001459783,-0.0010065734,-0.00016132416,0.0003104508,3.962987e-05
IGFALS,-0.00015912764,-0.00039007142,-0.00024558045,8.199457e-05,-0.0007294491,-6.5525994e-05,0.00013453607,2.0276988e-05
RNF44,-0.0002283398,-0.00061359815,-0.00049057417,0.0001227893,-0.0017658472,1.6596168e-06,0.0003072461,3.1796633e-05
TTI2,-1.0037795e-05,0.0001045838,0.00022640079,-5.800184e-05,0.00050361454,-3.978517e-05,-0.00013661478,-5.1035313e-06
EXOC3,0.00025501475,0.00022767484,0.0004218407,-0.0001407899,0.0017576069,-4.5867637e-06,-0.0002525458,-1.4822814e-05
ATXN1L,7.410161e-05,3.8526952e-05,0.00028427504,-5.7377852e-05,0.0023970753,-0.00020921463,-0.00024007913,-2.0762673e-06
PIGA,0.00028118305,0.0006021336,0.0006901156,-0.00013987906,0.0021369457,1.9846484e-05,-0.00043966714,-2.997613e-05
TMEM183A,-0.00032308698,-0.00066224113,-0.0008178279,0.00044948794,-0.0043059364,-0.00013089553,0.0003501894,5.054334e-05
TCP11L1,-7.9216436e-05,-0.0004001353,-0.00025769882,4.3949112e-06,-0.0010909438,5.9758313e-05,0.00020912103,1.8047635e-05
ZIC1,-0.00056888536,-0.0008525122,-0.00077700056,0.00037349947,-0.0034113675,-0.000382761,0.00033755694,5.397061e-05
HAT1,-0.00025939196,-0.0007427074,-0.000557974,0.000119382516,-0.0018434748,-0.00017196545,0.0003180448,3.92223e-05
GABRR2,-0.00021162629,-0.0004865732,-0.00035703555,0.000119164586,-0.001081422,-8.5116364e-05,0.00019404199,2.6134308e-05
STUB1,0.0002300255,0.0003345441,0.0003608372,-3.1395815e-05,0.0005508736,2.111122e-05,-0.00024761725,-1.4093239e-05
SLC5A1,-0.0002025459,-0.00048745796,-0.0003553126,0.000120578334,-0.00089259446,-9.358488e-05,0.0001864126,2.6357477e-05
ARFGAP3,-4.2861328e-05,-0.0001824256,-8.314848e-06,-5.7499856e-06,-0.0002997592,-5.1431358e-05,4.839152e-06,8.787843e-06
SLC35F3,0.00013729185,-0.00010704808,4.3816864e-05,-7.8082085e-05,-0.0009713471,0.00016082916,5.3359196e-05,1.6402919e-07
NSMF,-2.8163195e-05,-0.00019793957,5.982816e-06,5.600974e-06,0.0010067001,-0.000100734644,-2.5355257e-05,7.453258e-06
TRIM42,-0.00021708943,-0.00048895366,-0.00036055222,0.00012257323,-0.0011222437,-8.885935e-05,0.00019481964,2.6362599e-05
GAS2L3,9.3651935e-05,-0.00034715421,-8.859299e-05,-0.0001447862,0.001870133,0.00014132727,0.00013532024,9.774114e-06
SLC41A3,-0.00011414662,-0.0001604706,1.4780089e-05,6.338768e-05,-0.00059087574,-0.0002795537,-7.7433884e-05,1.1079363e-05
TAMM41,-3.0282885e-05,-0.00023739412,-0.00011766702,-1.2825243e-05,-0.0002925694,8.131377e-06,8.493848e-05,1.2298115e-05
FAM8A1,-0.00018642284,-0.00026711822,-9.293482e-05,0.000111763366,-0.0017559528,-0.00018282933,4.3492764e-07,1.6615959e-05
ARPC1B,-4.9445778e-05,-0.0005182419,-0.00027477182,-4.315283e-05,0.00053963065,0.00012156274,0.0002428731,1.9291416e-05
XRRA1,0.00048163533,0.00027538463,0.0004124213,-0.00026906468,0.0016232133,0.00038471166,-0.0001210561,-2.0886306e-05
PLPP2,0.00011250004,-0.00016970001,-4.33214e-05,-3.1711534e-06,-0.0008834973,6.947294e-05,3.8790517e-05,7.756054e-06
PRKCZ,0.00044900738,0.00046514533,0.000503622,-0.00015376601,0.00056698173,0.00025858358,-0.00026767608,-2.263789e-05
RET,0.00025955774,0.00036280788,0.00039852224,-0.00011197571,-0.000835903,0.00022112671,-0.00018321071,-1.8522493e-05
LIMS1,-0.00021092594,-0.000543138,-0.00035625137,6.614532e-05,-0.00026699156,-9.1863796e-05,0.00020975992,2.7052476e-05
DNAJA4,-0.00012217835,-0.00017585792,-0.00015540794,0.00013151672,-0.0005397722,-3.4903176e-05,2.4292618e-05,1.7120969e-05
AGO2,0.00029992126,2.2763386e-05,0.00018085726,-0.00023058243,0.0010896549,0.00030129217,1.4078803e-05,-7.016002e-06
GALNT8,0.00011548959,-0.00026219152,-5.7147816e-05,-8.756388e-05,0.00026892126,0.00014612265,9.363424e-05,9.149197e-06
MBTPS2,0.00019947067,0.00017165393,0.0003638789,-0.0001548212,0.0012998953,-6.3134357e-06,-0.00021599326,-8.958043e-06
CLN5,-9.015389e-05,-8.059293e-05,6.845966e-05,3.16957e-05,-0.0008652508,-0.0001784726,-7.756427e-05,5.424954e-06
CLEC11A,-0.00018983893,-8.3420426e-05,-0.000108404085,0.00018300023,-0.0006168559,-0.00019147294,-5.3056516e-05,1.4951453e-05
CYB5RL,0.00044642016,0.00014113262,0.00040017627,-0.0002690563,0.0011927187,0.00029320084,-0.000103079714,-2.0092819e-05
PGK2,-8.717179e-06,-0.00028635375,-0.00017659925,2.6175752e-05,-0.0011349842,6.6674314e-05,0.00012994464,1.4510122e-05
PRKAR2B,-0.0006641075,-0.0013489928,-0.0012562424,0.00040522683,-0.0038428828,-0.00018268451,0.00070494134,7.4895215e-05
SLC25A48,-0.0006146729,-0.0009853113,-0.00097111054,0.00037607644,-0.004204169,-0.00023472635,0.00050827116,5.8869482e-05
A2ML1,-0.00014057942,-0.000217041,-0.00010345876,0.00013158005,0.00014612079,-0.00020286907,-2.735667e-05,1.4598016e-05
FASTK,0.00015586801,1.3431534e-05,0.00013704039,-8.55932e-05,0.0008752793,5.0830655e-05,-7.635914e-05,1.2572855e-08
CXorf57,-0.00021708943,-0.00048895366,-0.00036055222,0.00012257323,-0.0011222437,-8.885935e-05,0.00019481964,2.6362599e-05
DOK3,0.0001249332,-0.00014333986,-3.391318e-05,-7.474702e-05,0.00082078576,0.00017817691,7.15917e-05,5.4065604e-06
CCDC61,0.00029519014,0.00011047907,0.00025601126,-0.00013055373,0.001314193,9.5320866e-05,-0.00012817513,-8.409144e-06
SDCCAG8,0.00013536774,7.0955604e-05,0.00019403547,-3.830623e-05,0.00036762655,6.8814494e-05,-0.000107088126,-4.9463706e-06
CEP63,0.00024004467,0.00024267659,0.00033353642,-0.000115143135,4.9233437e-05,0.00019624364,-0.00014664698,-1.4077639e-05
CCDC9B,-0.000168344,-0.0004539434,-0.00032774732,0.0001024669,-0.0013470054,-5.1344745e-05,0.00019417424,2.3279921e-05
RMND5B,2.4480745e-05,-0.00020873547,8.476339e-05,-0.00012833066,0.00011789054,4.017912e-05,2.6514754e-05,2.49804e-06
ZNF570,9.8694116e-05,8.4687024e-05,0.00043105148,-0.00020235311,0.00287693,-7.0674345e-05,-0.00023839157,-1.11548e-05
MDM4,-0.00020221062,-0.0007287152,-0.00044101477,-2.4718232e-05,0.0005019009,1.8272549e-05,0.0003386587,2.9815594e-05
UPF3A,-0.00023562275,-0.00026136078,-0.0002442822,0.00022385176,-0.0017692968,-0.00016829744,5.0520524e-05,2.148049e-05
ZNF202,9.81614e-05,0.00010502711,0.00013956428,2.318062e-06,-0.0006155744,6.9005415e-05,-8.332636e-05,-3.0187657e-06
KRT78,-0.00018564612,-0.00044609793,-0.000323819,0.0001092935,-0.000948593,-6.5943226e-05,0.0001766868,2.4011359e-05
PRRX1,1.1134893e-05,0.0002799146,0.00026204437,6.300397e-06,-0.0009211153,-0.00011208048,-0.00022531394,-5.225069e-06
YBX2,4.2987987e-05,4.0678307e-05,0.00013955869,-1.9779429e-05,0.0015971437,-1.2568198e-05,-0.00011151191,-1.2058299e-06
TRIM68,-4.6301633e-05,-0.00019878894,-7.451698e-05,1.6713515e-05,0.00072458386,-6.257277e-05,2.2295862e-05,1.1113589e-05
CABLES1,9.967573e-05,6.0018152e-05,0.00014397874,-5.272124e-05,1.7665327e-05,4.9055554e-05,-7.6321885e-05,-1.8881401e-06
PAK2,-0.0002468638,-0.0006097276,-0.00047448277,0.00014228653,-0.00071413815,-2.6799738e-05,0.00027277693,3.217184e-05
PPM1E,-4.851818e-05,-0.00020590797,-3.105402e-05,-2.7348287e-05,7.926673e-05,4.8000365e-06,5.1107258e-05,7.374794e-06
CCDC154,0.00019215606,0.00017225556,0.0003469754,-0.00015855953,0.00028946996,0.00013914518,-0.00013891887,-1.3902667e-05
ATRIP,0.00024176948,0.00026440062,0.00035980344,-0.00011691637,0.0011401922,4.2141415e-05,-0.00022940803,-1.0742806e-05
PABPC3,0.00044030696,1.335144e-05,0.00016120076,-0.0002808012,0.0009908602,0.00048853643,7.721875e-05,-9.517302e-06
RGS11,-7.375516e-05,-0.00018264726,-0.00021337532,9.3904324e-05,-0.0002630204,2.7831644e-05,9.442307e-05,1.5805592e-05
ALDH3B2,-0.00018852949,-0.00046596304,-0.00032976829,0.00011169072,-0.00087977946,-8.4574334e-05,0.00017559342,2.4837791e-05
PTPRZ1,-0.00026300177,-0.00053021684,-0.00036695786,0.00011529401,-0.00039387494,-5.556736e-05,0.00021694787,2.5103102e-05
GPR75-ASB3,0.00046358816,0.00061851926,0.0007240772,-0.0002470333,0.0013389736,0.00025306828,-0.00037251133,-3.4027267e-05
SPATA21,-0.0001179073,-0.0004264079,-0.000253018,2.5109388e-05,-0.0012553111,-8.311123e-06,0.00017874967,2.0321226e-05
NOL11,-0.00017210841,5.026348e-05,-4.8056245e-07,0.0001555495,0.00016140193,-0.00016571581,-0.00011928473,9.0440735e-06
E4F1,0.00014138035,-2.6570633e-05,0.00020900369,-0.0001891097,-0.000685744,0.00018036552,-2.433546e-06,-6.5140193e-06
GAREM2,5.8289617e-05,-6.9681555e-05,-1.10622495e-05,1.9045547e-06,-4.8816204e-05,9.330455e-05,2.2961758e-05,3.4986297e-06
GIPC1,-0.00023636967,-0.00055459514,-0.00038265064,0.000102996826,-0.00014712662,-0.00017511612,0.00018009078,3.125891e-05
ZFYVE16,-0.00020734034,-0.0006955471,-0.00044171512,4.9217604e-05,-0.0020164624,-5.745329e-05,0.00031001586,3.1050993e-05
STON2,-0.0003358014,-0.0001555346,-0.00016467273,0.00019636843,-8.98093e-05,-0.00018461747,-2.7567148e-07,1.5548663e-05
PCDHB6,0.0002273526,-0.00018042699,-1.8725172e-05,-9.391364e-05,0.0008099824,0.0002057571,7.267855e-05,4.642643e-06
C2CD2L,0.0005118046,0.00034210645,0.0005369466,-0.00026160385,0.0023569316,0.00024221744,-0.00024427194,-2.4781562e-05
CDS2,-5.973503e-06,-0.00015575625,-7.419288e-05,4.8782676e-06,-0.00075300783,0.000118958764,7.9574995e-05,8.007861e-06
RIC8A,0.00018605031,-0.00013779849,-1.1462718e-05,-6.912276e-05,2.4184585e-05,0.00017545652,5.1153824e-05,5.180016e-06
SNTG1,-0.0005686302,-0.0005009081,-0.00014425255,0.000109332614,0.0009754598,-0.0005674823,-2.0763837e-05,2.474757e-05
FBXL17,0.00026896037,0.0004225131,0.00070800073,-0.00024102349,0.0032134503,5.5056065e-05,-0.000394688,-2.9012328e-05
ACR,-0.00022361428,-0.0004936978,-0.00036593527,0.0001263693,-0.0011237562,-9.5377676e-05,0.00019566063,2.674642e-05
ACBD4,1.7648563e-05,-0.0004355088,-0.00027129985,2.6197173e-05,-0.00020239502,2.9029325e-05,0.00017848052,2.011063e-05
DCLK2,-0.00076018274,-0.001357425,-0.0011387691,0.0004083719,-0.002064377,-0.00045748148,0.0005583633,7.4733165e-05
RCOR1,-0.00025586784,-0.00043912604,-0.00022875704,5.1506795e-05,0.00051226467,-0.00015305169,0.00012217276,2.0696432e-05
RBM26,-0.00043068267,-0.00074769184,-0.00069113635,0.0002740696,-0.0022379234,-0.00015646592,0.00034586154,4.502735e-05
PLD3,-0.00013449788,-0.00018159114,-0.00011296384,0.00011639111,-0.0010229573,-0.00010558963,2.3876317e-05,1.3319892e-05
PLPPR3,0.00023584254,0.00018995255,0.00024115108,-7.445086e-05,0.0010356084,9.7581185e-05,-0.00014572311,-7.4143754e-06
PPP1R18,-0.00027539767,-0.0008381903,-0.0006874278,0.00017075893,-0.001463443,-8.8497996e-05,0.0004109796,4.173629e-05
ACACB,-1.6374514e-05,-0.00014287978,-0.00012665801,8.475035e-06,-0.0014773235,0.00015986618,0.00013256073,6.984803e-06
PNPLA3,-7.679686e-06,-0.00036750175,-0.00021125376,-9.38382e-05,5.351752e-05,0.00021612737,0.00021953229,1.544191e-05
GRHL3,-0.00035086088,-0.00069472566,-0.000612244,0.00021136831,-0.0022399724,-0.0001252694,0.00033051427,3.954477e-05
HSD3B1,-3.8830563e-05,-0.00049223006,-0.00023605488,-4.2509288e-05,-0.0009564087,0.000119150616,0.00022963248,1.7139711e-05
FKBP5,0.00011590868,5.8976933e-05,0.00014334172,-3.423635e-05,-0.00020714849,0.00014618225,-6.177556e-05,-2.6655616e-06
CFAP206,0.00052688643,0.0007096678,0.00082831644,-0.00024772342,0.002300769,0.0002476247,-0.0004392555,-4.225364e-05
PARP9,-0.0003192015,-0.0006895736,-0.0006270185,0.00022418611,-0.0022128746,-6.8237074e-05,0.00034461636,3.9036036e-05
ADAP2,-2.0932406e-05,-0.00039752573,-0.00025005452,-1.7973594e-05,-0.00085736066,0.0001362022,0.00022265036,1.6884063e-05
TMEM131,3.950484e-05,0.00016691163,0.000112093985,0.00010406878,-0.0012422949,-1.6854145e-05,-0.0001280224,-8.49599e-07
ABCG1,0.0002606064,0.00019734912,0.00034401566,-0.00011564605,0.001261361,0.00014361739,-0.00017523114,-1.3209879e-05
GAS7,8.234382e-05,-0.00031527504,-7.66851e-05,7.0231035e-06,0.0018128082,-0.00010752445,4.3902546e-06,1.3727578e-05
DNMBP,0.000454735,0.00081457756,0.00076217577,-0.00021459442,0.0010500327,0.00031600893,-0.00041145366,-3.8812752e-05
BCAM,2.1904707e-06,-0.00033630803,-0.00026103668,5.6554563e-05,-0.0021126345,0.00013488531,0.0001959391,1.7194427e-05
CCDC102A,0.000250889,0.0003110338,0.0003200937,-5.8943406e-06,0.001056239,6.702263e-05,-0.0002349848,-1.2970413e-05
HSD11B2,-5.5324286e-05,-0.00016170368,-5.4428354e-05,4.5485795e-05,-0.0006971583,-1.5613623e-05,2.0051375e-05,9.440584e-06
DGKB,-0.00020447746,0.00018984452,8.290447e-05,0.00024529453,-0.00040415674,-0.00030950177,-0.00024695043,6.209011e-06
NPSR1,-0.0002367124,-0.00043969043,-0.00032472797,0.00015521888,-0.001081273,-0.0001635584,0.00014179945,2.5472604e-05
CSGALNACT1,2.477318e-07,-0.00010042265,-2.5326386e-05,2.7296133e-05,-0.00031788647,-7.963274e-05,-1.8524937e-05,8.181203e-06
LRRN2,0.00013098866,-0.00018672645,0.00014446862,-0.00024867896,0.0015074387,0.00014294125,4.148949e-05,-2.3890752e-06
PEX10,9.8545104e-05,-6.616674e-05,8.171052e-05,-7.2800554e-05,-0.00035212934,9.3483366e-05,3.6442652e-06,-2.386514e-07
HIPK4,-0.00020735525,-0.00039700978,-0.00029647164,0.0001311237,-0.0010699555,-8.319691e-05,0.00014719926,2.2536842e-05
CPNE8,-9.997189e-05,-0.0003647115,-5.0533563e-05,-7.9329126e-05,0.003300935,-0.00018533273,1.5650876e-05,1.4322228e-05
IKZF2,0.00021369569,0.00012104213,0.00012347102,5.5345707e-05,-0.0012485534,5.1908195e-05,-0.00010264013,-3.1566015e-06
COPS3,2.9895455e-06,-0.00023516081,-9.699352e-05,-2.6883557e-05,-0.0005320236,0.00010151975,9.9208206e-05,1.1067023e-05
LILRB1,-8.177757e-05,-0.00046748482,-0.00034939498,3.9177947e-05,-9.5523894e-05,9.461958e-05,0.00024054386,2.3298198e-05
PHYKPL,-4.8562884e-05,-8.017756e-05,4.2438507e-05,9.70196e-05,0.00023519993,-0.00024772948,-0.00012582075,7.70879e-06
DDX39A,0.00011034496,-6.0267746e-05,0.00014508143,-0.00014518481,0.0008812994,0.0001252275,-1.7143786e-05,-1.8955907e-06
GABRE,2.0293519e-05,-4.669465e-05,6.500073e-05,1.3094395e-06,1.4685094e-05,-1.2772158e-05,-4.8896298e-05,3.0805822e-06
MYLIP,0.00031116977,-0.0002445504,-4.3760985e-05,-0.0002419129,0.00041494519,0.00042873062,0.00021485332,2.1466985e-06
SYT14,0.00011189096,0.00030832924,0.0003275685,4.536938e-05,-4.7415495e-05,3.7558377e-05,-0.0002338821,-1.30860135e-05
CYTH3,-0.00021918863,-4.1611493e-06,-0.00014035963,0.0003374312,-0.000942871,-0.00025991583,-0.00011028629,1.5827594e-05
RAB3IL1,-0.00011755712,-0.00044951215,-0.00029560365,2.8588809e-05,0.00045022368,4.3096952e-05,0.00020613708,2.1188287e-05
PROX2,-0.00021561608,-0.00043149106,-0.00029799342,0.000123851,-0.0016738474,-0.00010299776,0.00015552994,2.3732544e-05
CCNB2,-0.00051025115,-0.0007214546,-0.0005739201,0.00023480691,-0.0026303008,-0.00034098234,0.00026944,4.1326857e-05
ACTL7B,-0.00021708943,-0.00048895366,-0.00036055222,0.00012257323,-0.0011222437,-8.885935e-05,0.00019481964,2.6362599e-05
VLDLR,6.256439e-05,0.00030401535,0.00034440123,2.197083e-05,0.00027498603,-2.6577152e-05,-0.00024563167,-1.33472495e-05
CDC25B,-5.4718927e-05,-0.00021593273,-4.861504e-05,-8.930452e-06,-0.0005318895,-5.7612546e-05,3.470294e-05,1.0456773e-05
NSRP1,0.0002701357,2.3690984e-05,0.00021396391,-0.00021288171,0.0013574511,0.00028108992,-1.3930723e-05,-8.9114765e-06
NDUFB9,-0.00016292371,-0.00043264218,-0.00033101626,0.00011840463,-0.00054207444,-3.656e-05,0.00018098298,2.411718e-05
SLC41A1,2.9232353e-05,-0.00015886687,-0.0001769606,6.991159e-05,-0.00057477504,6.0934573e-05,8.735433e-05,1.2469827e-05
MAP3K10,0.0002726689,0.00022074953,0.00029348768,-4.7079287e-05,0.00066538155,7.343199e-05,-0.00019197445,-9.868527e-06
THADA,6.3991174e-05,-0.00025032274,-5.0498173e-05,-6.0617924e-05,0.00054752827,-3.735628e-05,4.9885362e-05,9.97039e-06
CSE1L,8.9989975e-05,-7.347576e-05,6.091036e-05,-6.0962513e-05,-0.0001520291,9.214133e-05,-7.5343996e-07,2.7840724e-06
EIF2S3,-0.00018883683,-0.0004503671,-0.0003591124,9.775534e-05,-0.0003734976,-3.327802e-05,0.00020270422,2.5676796e-05
RASGRF1,-6.205961e-05,-8.6545944e-05,-1.979433e-05,9.6566044e-05,-0.00038467348,-9.601377e-05,-5.2754767e-05,8.843723e-06
GPC6,6.759539e-05,0.0003159959,0.00047222152,-0.00015495159,0.0005600229,1.2063421e-05,-0.00026387442,-1.5761936e-05
EFNB1,-0.00010583177,-0.000600256,-0.00043075904,4.3446198e-05,-0.0011870563,7.3625706e-05,0.00031364057,2.7193455e-05
SLAIN2,-0.00027844124,-0.0007188264,-0.00044884905,5.7146885e-05,-0.0001379177,-0.00014215475,0.00027834438,3.350631e-05
LRRC8B,0.000210898,-0.00016553514,4.07286e-05,-0.00018040929,0.00095482916,0.0002738554,0.000106016174,-8.6356886e-07
NEMP1,-2.2798777e-06,-0.00037739053,-0.00013179705,-3.8352795e-05,-0.00067539513,-4.479289e-05,0.00011561066,1.4455523e-05
CTSK,0.0003968738,0.0006673131,0.0007964168,-0.00023925211,0.0006394014,0.00025304966,-0.00039691012,-3.8521364e-05
TMOD4,-3.3298507e-05,-0.00021834858,-0.000108847395,3.8337894e-05,-0.0003387779,8.9053065e-06,6.0211867e-05,1.187704e-05
LBX1,-0.00021162629,-0.0004865732,-0.00035703555,0.000119164586,-0.001081422,-8.5116364e-05,0.00019404199,2.6134308e-05
TSEN2,0.0003195759,0.00038075633,0.0004704725,-0.0001475988,0.0020502284,0.00018394273,-0.00026552845,-2.0002946e-05
IFT140,-8.4785745e-05,7.993542e-05,-3.2151118e-05,0.00012678094,-0.00040249527,3.1606294e-05,-5.7076104e-05,7.611001e-06
RAP1GDS1,-0.00013990328,-3.986433e-05,0.00012765266,1.1103228e-05,0.00087129325,-0.00020466605,-0.00012385007,3.329711e-06
PCDHB1,-0.00021708943,-0.00048895366,-0.00036055222,0.00012257323,-0.0011222437,-8.885935e-05,0.00019481964,2.6362599e-05
DACH1,-0.00037902407,-0.0010107365,-0.0007577203,0.00012620073,-0.00030745566,-3.1854026e-05,0.00048397016,4.7779642e-05
PDLIM2,-0.00031373836,-9.488687e-05,-2.6412308e-05,0.00021866057,-0.0027077347,-0.00036855368,-0.000118727796,1.418544e-05
CASP7,0.00046540983,0.00038451143,0.0004845783,-0.00018208753,0.0008915588,0.00031534024,-0.00022434164,-2.3332657e-05
TAGAP,1.15297735e-05,-0.00036486238,-0.00033221208,0.00010013115,8.817762e-05,1.7587095e-05,0.00016008224,2.3701461e-05
SLC43A3,0.00022200681,-0.00021965429,-0.00012251176,-0.00015754439,-0.000997141,0.00047772191,0.00025417935,2.6221387e-06
BANP,0.00022881478,0.0003538467,0.0005042441,-0.00018850341,-0.00027940422,0.00018331036,-0.00022171158,-2.2486201e-05
LMBR1L,-0.00011117384,0.00012818351,0.00020958297,6.640237e-05,-0.00033897907,-0.00024299836,-0.00022369903,9.054784e-07
HIF3A,-0.00017336197,-0.00024485588,-0.0001436416,0.00017250888,0.0005230382,-0.00021297252,-2.3787841e-05,1.7419225e-05
NDRG1,3.6761165e-05,7.543713e-06,0.00010286644,3.2889657e-05,0.0005422607,-4.1648746e-05,-9.614322e-05,1.3571698e-06
FAM189B,0.0002402179,0.00038162246,0.0005000755,-0.00022380613,0.002266556,0.00012984406,-0.0002640793,-1.95225e-05
CHST11,0.000112494454,-1.209043e-05,0.00017278828,-0.00016096514,-0.00035865605,0.00016577914,-2.144836e-06,-4.629139e-06
ATF2,-0.00025913492,-0.00048541278,-0.00031742267,0.00010813959,-0.0010397658,-8.149445e-05,0.00018760841,2.4271081e-05
USP3,-0.00021370687,-0.00024165586,-5.3824857e-05,0.00012479722,0.00062808394,-0.00029449398,-7.250346e-05,1.5668455e-05
HNRNPA0,-0.00038532913,-0.0007961914,-0.0006898474,0.00020133983,-0.0020051524,-4.518684e-05,0.00040805247,4.32363e-05
POGLUT1,0.00016408972,7.253513e-05,1.2407079e-05,8.236524e-05,-0.0011587366,0.00011410657,-4.0316023e-05,2.350891e-06
ZXDC,0.00029821694,7.139519e-05,0.00015506707,-0.0001471052,0.000111706555,0.0003412636,5.526468e-06,-7.340568e-06
DOK4,-0.00013841316,-0.00013886392,-0.00017837994,0.00027636532,-0.0010914877,-0.00026181154,-6.6096894e-05,1.9986182e-05
STYK1,0.00011961907,0.0001571998,0.00036796927,-0.000116960146,-0.00012303889,4.6424568e-05,-0.0001769932,-1.2776116e-05
CHEK1,0.00030374154,-0.00012734532,0.0001261644,-0.00030500628,0.0006624833,0.00046491995,0.00013744552,-6.6250795e-06
CYP4X1,0.00021312013,0.00058335625,0.00059949234,-1.4794059e-05,0.001583837,-0.00011462672,-0.00046978611,-2.2084569e-05
ALG11,0.0003742166,0.00022774935,0.0004385691,-0.00029801577,0.0017483756,0.00033606868,-0.00012385007,-2.155744e-05
BIVM,-8.152425e-05,-0.00025009736,-0.00011022203,4.2935833e-05,-0.00029711425,-4.7998503e-05,4.862342e-05,1.3744924e-05
PCDHB5,0.0002174303,0.00012841076,0.00026688538,-0.00020391122,-0.00012396276,0.0003516646,-1.4851801e-05,-1.4739344e-05
REN,-3.9048493e-05,-0.0004519727,-0.00021834485,-7.095933e-05,-0.0015505478,0.00018772576,0.00025933422,1.4386373e-05
MAFA,-6.357208e-06,5.904399e-05,5.9962273e-05,9.530503e-05,-0.00077510625,-4.7065318e-05,-9.510573e-05,2.501998e-06
CUZD1,-9.122491e-05,-0.00041142665,-0.00028550997,6.111059e-05,-0.00108926,2.2126362e-05,0.00018742867,2.0498526e-05
POC1B,5.090423e-05,-5.4597855e-05,3.621541e-05,2.2916123e-05,0.0011540428,-7.7785924e-05,-8.430239e-05,6.892951e-06
BRD9,0.00015156716,-0.00017951243,2.983585e-05,-8.39578e-05,0.0010611713,3.8556755e-06,-6.80238e-06,6.1247265e-06
THUMPD3,0.000114537776,0.00019028783,0.00029786676,-8.246489e-05,-0.00026783347,5.4514036e-05,-0.00015870947,-9.836513e-06
THSD1,-0.00013176724,-0.00035721064,-0.0004149787,0.0002567144,-0.0007538572,-8.04048e-05,0.00013604388,2.8269365e-05
TATDN2,-7.012859e-05,-0.00025133602,-0.00017648004,0.0001304308,-0.0008776933,-0.00012652483,3.726408e-05,1.8289662e-05
FOXL2,-0.00013848022,-0.00060138106,-0.00045324303,0.00011894014,-0.0016560182,-1.9877218e-05,0.0002747234,2.9954128e-05
ZNF215,-1.8373132e-05,0.00022215024,0.00043803267,-1.2627803e-05,0.0016160309,-0.00022921385,-0.00034833606,-1.0619522e-05
CYB5R4,0.000106403604,6.178953e-05,0.0001301486,-3.4086406e-07,-0.0017017201,8.043833e-05,-5.8298e-05,-2.227258e-06
LRRC71,-9.2849135e-05,-0.00033849292,-0.00020774268,3.5754405e-05,-0.00064724684,1.0241754e-05,0.0001454167,1.5693717e-05
FAM198B,-0.00021708943,-0.00048895366,-0.00036055222,0.00012257323,-0.0011222437,-8.885935e-05,0.00019481964,2.6362599e-05
RILPL1,0.00042415224,0.0002813395,0.00046169944,-0.00022213813,0.0014057457,0.00014657993,-0.00021989923,-1.9208179e-05
MYBPH,-0.00021162629,-0.0004865732,-0.00035703555,0.000119164586,-0.001081422,-8.5116364e-05,0.00019404199,2.6134308e-05
HOXC6,-7.255934e-05,-0.00014298782,-9.499118e-05,0.00012002885,-0.00112167,-3.8170256e-05,1.1080876e-05,1.1388212e-05
KCNJ13,-0.00023511052,-0.0003190413,-0.00021209754,0.00012882892,-0.000975132,-0.00017647538,7.562246e-05,1.9674306e-05
MMP17,0.00029063597,-5.6291e-05,4.896894e-06,-7.214863e-05,0.0004980266,0.00031379052,5.8384612e-05,1.2073433e-06
SNX2,-7.2715804e-05,-4.448369e-05,2.142042e-05,5.9070997e-05,-0.0012669787,-2.8725713e-05,-3.180839e-05,5.3165713e-06
BIN2,-0.00049367547,-0.0010672547,-0.000948824,0.00030688848,-0.0022329092,-0.00020307722,0.0005197339,5.7837227e-05
PDE3B,0.000581434,0.0004094746,0.0006686412,-0.00042758975,0.0020354614,0.00038482994,-0.00022498053,-3.3279997e-05
KDSR,-7.46008e-05,-1.8699095e-05,1.5888363e-05,5.853921e-05,7.311255e-05,-7.0258975e-06,-5.5478886e-05,6.365706e-06
AFTPH,0.00025404058,-0.00015380606,0.000138361,-0.00020589773,0.0015430897,0.00013482198,-5.1204115e-06,6.908085e-07
UBE2Q1,-0.0003413353,-0.0009996351,-0.0007351823,8.77846e-05,0.00038799644,-6.396603e-05,0.00048000086,4.5435503e-05
SLC17A9,-3.55877e-05,-0.0002820175,-0.0001599025,-2.592802e-06,-0.0010394305,0.00012646522,0.0001495108,1.2809411e-05
PIGR,-7.9223886e-05,-0.00024672225,-0.00013121776,3.0697323e-05,0.00045066327,-2.477318e-05,6.853044e-05,1.2717792e-05
KPTN,-2.1087006e-05,0.00013508834,0.00024622865,-2.946239e-05,0.0012541264,-3.7699938e-05,-0.00016812328,-6.6021457e-06
SETD6,0.00019650348,0.0001782719,0.00038767233,-0.00021588895,0.0014826879,0.00017369445,-0.0001431061,-1.609628e-05
IL1RL2,-0.00024471618,-0.0005471222,-0.00042987242,0.00013815239,-0.0014439374,-7.0865266e-05,0.0002416512,2.947438e-05
RNPEP,-1.674518e-05,-0.0002241563,-8.871034e-05,1.0453165e-05,-0.0015238002,-1.6652048e-05,8.7539665e-05,9.966083e-06
RAB37,0.00011039339,-0.0001521334,4.3751672e-05,-0.00011320319,0.0007298738,8.255243e-05,2.4860725e-05,3.7814025e-06
ZNF534,0.0003907513,7.245131e-05,0.0002538599,-0.0002185246,-0.0002888739,0.00031529553,-2.1651387e-05,-1.2313947e-05
PDK1,8.195639e-06,0.0005428251,0.0005191099,6.886292e-05,0.00041007996,-0.00025966158,-0.0004675286,-1.4353311e-05
PREPL,-0.00039212033,-0.0006922465,-0.00056046806,0.00023476873,-0.0022840053,-0.00017910823,0.00028280355,3.997283e-05
ZEB2,4.8128888e-05,-6.839819e-05,0.00019605458,-0.00011873059,0.002160132,-4.5688823e-05,-9.734277e-05,-2.0877924e-06
ERI2,0.00020529516,0.00012778118,0.000148803,-9.807944e-05,0.0005578846,0.00021697115,-4.991889e-05,-4.3369364e-06
TFE3,0.00034598075,0.00029787607,0.0005309209,-0.00025294162,0.0019811317,0.00014569703,-0.00024168845,-2.2075255e-05
XIAP,-0.00018128008,-0.00054724514,-0.00039604492,6.386731e-05,-0.00018977374,3.469456e-05,0.00026880763,2.5710906e-05
CES3,-7.986277e-05,-0.00032377243,-0.0001861956,4.8669055e-05,-0.00064695626,-1.0499731e-05,0.00011130236,1.660292e-05
POLR3C,0.00016837008,8.594617e-05,0.00016263314,-3.068149e-05,0.00013244152,6.712228e-05,-9.839889e-05,-3.6894344e-06
GDPD5,0.00018404983,5.7069585e-05,0.0002740752,-0.00010782108,0.000748761,3.0964613e-05,-0.00014060829,-7.5794524e-06
VPS9D1,0.00041636825,0.0002428405,0.0003878232,-0.00024431385,0.0020383447,0.0002758773,-0.00014622603,-1.6936567e-05
SYT5,-6.9309026e-05,-0.00013639033,-0.000122016296,0.000154268,-0.00089903176,-0.00010071322,-1.3119541e-05,1.5451806e-05
MPP1,0.00037121587,0.00036831014,0.0004067775,-7.679686e-05,0.0015935078,0.0001700269,-0.00025889557,-1.6817357e-05
FBXW8,0.00044717826,0.0006522238,0.0006325636,-0.00015724543,0.0023331642,0.00020601973,-0.00039363187,-2.9321644e-05
TTC21A,0.0002342686,0.00054274313,0.0005602781,1.8212944e-05,0.00090586394,-0.00014808914,-0.00045361836,-2.122519e-05
SESN3,-0.00033949688,-0.0005954858,-0.000497004,0.0002126079,0.0010757148,-0.0002142773,0.00020637922,3.533461e-05
LEMD2,-0.00021638349,-0.00039589405,-0.0003284309,0.00021772739,0.00025770813,-0.00028904295,4.898198e-05,2.9123854e-05
BUD23,-0.00017440692,-0.00037800893,-0.00028109178,0.00015509315,-0.00035168976,-0.00020886026,7.652305e-05,2.5287387e-05
HMGXB4,-6.566383e-05,-0.00010065921,1.6378239e-05,5.981885e-05,0.0016571581,-0.00017913664,-0.00010090042,9.51055e-06
MEFV,4.1350722e-05,-0.00015804172,3.8921833e-05,-0.00010147598,0.0006081909,0.000120621175,4.9628317e-05,2.0706793e-06
ADRA2C,0.00026312657,0.00021330453,0.00032404065,-0.00012024492,-7.7188015e-05,0.00020687655,-0.00013029855,-1.49825355e-05
B4GALT2,0.00020007603,-0.00033045746,-0.0002184175,-5.7772733e-05,0.00020428002,0.00022285152,0.00019836146,1.3971818e-05
TLX3,-0.00021708943,-0.00048895366,-0.00036055222,0.00012257323,-0.0011222437,-8.885935e-05,0.00019481964,2.6362599e-05
MRPL38,3.1379983e-05,-6.5421686e-05,5.1131472e-05,-2.793502e-05,-0.0006572753,3.5768375e-05,-1.5810132e-05,4.120753e-06
CHKA,0.00012956746,-1.0211021e-05,7.564016e-05,-7.743016e-06,0.00088886917,1.3206154e-05,-7.46632e-05,2.6806956e-06
FAM98B,0.00021542981,0.00012348592,0.00027251244,-0.00014858134,0.00084310025,0.00014962628,-0.000112227164,-8.728821e-06
ZCCHC7,0.00042815506,0.0006888453,0.0007482618,-0.00020549074,0.0027524158,0.0002512345,-0.00042760652,-3.5626465e-05
CWH43,-0.00018661655,-0.00045308843,-0.0003219638,0.000105629675,-0.00093764067,-7.132068e-05,0.00017567351,2.4226145e-05
ROBO1,-0.00028099678,-0.0007204432,-0.000588879,0.00018092431,-0.002101533,-3.6393292e-05,0.00035278033,3.8441853e-05
TARBP2,-0.000119159,2.2426248e-06,4.4824556e-05,0.00011930615,0.0003886968,-0.00028593233,-0.00015749875,8.544768e-06
DNAAF1,-0.00023921952,-0.0004970934,-0.00028948113,8.297991e-05,-0.00044992566,-0.00020839134,0.00012885034,2.6800786e-05
PGAP2,-0.0001472719,0.00014974736,0.00014480203,0.00019126944,-0.00016732514,-0.00032196613,-0.0002612276,4.746369e-06
CTGF,-0.00021708943,-0.00048895366,-0.00036055222,0.00012257323,-0.0011222437,-8.885935e-05,0.00019481964,2.6362599e-05
KDR,-9.011105e-05,-0.0004800968,-0.00034303032,0.00013506971,-0.0009013042,-1.787208e-05,0.0001896089,2.3106113e-05
KCNJ1,-0.00021708943,-0.00048895366,-0.00036055222,0.00012257323,-0.0011222437,-8.885935e-05,0.00019481964,2.6362599e-05
PUM3,-0.0003069453,-0.0005979687,-0.00035311095,4.3717213e-05,-0.0008360371,-0.00012432411,0.00024174806,2.6214402e-05
PRICKLE4,0.00013467856,5.4350123e-05,0.0001627393,-1.8325634e-05,0.00048540533,3.4393743e-05,-0.00010678824,-3.1195814e-06
HEATR3,0.0003404729,0.00014078431,0.00035892427,-0.0002471041,0.001974389,0.0002430249,-0.00011433754,-1.5729456e-05
POM121C,-0.00015160069,-0.00050034747,-0.00040306896,0.00012459047,-0.000991255,2.2226945e-05,0.00023776013,2.6659342e-05
SENP5,-0.00010309927,-0.00037667342,-0.00015803799,1.4139339e-05,-0.00018776208,-4.608929e-05,0.00011135638,1.6031787e-05
FOXN3,-0.0002554711,-0.00056583807,-0.0005044509,0.00023086276,-0.0008372143,-0.00013257843,0.0002209451,3.560842e-05
BNIP2,-0.00018393993,-0.00029953383,1.5230849e-05,-4.8438087e-05,9.936839e-05,-0.0001805299,7.5455755e-06,9.819749e-06
SHC1,0.0001454167,5.9455633e-05,0.00021854974,-6.2224455e-05,0.0016141906,-4.2902306e-05,-0.00015505496,-3.316789e-06
PAPPA2,0.0004312992,0.0005075373,0.0006364472,-0.00020640064,0.00031790882,0.00029412564,-0.00030417833,-3.126613e-05
PPT1,-9.734184e-06,-0.00032512844,-5.343184e-05,-9.951368e-05,0.00034370273,2.7763657e-05,9.888597e-05,9.697047e-06
CYB5R1,-0.0002561193,-0.00034809485,-0.00021056645,0.000115529634,-0.00059915334,-0.00020653708,7.586181e-05,2.0372681e-05
STOML1,0.00011823699,0.00028757006,0.0004384108,-6.303657e-05,0.0013736337,-0.00013210764,-0.0003095055,-1.4643883e-05
HIVEP3,-2.2731721e-05,-0.00018779188,-2.0734966e-05,5.9736893e-05,0.0014254898,-0.00014891662,-5.7986937e-05,1.0931981e-05
NUB1,0.00025137328,6.586313e-05,0.00017032959,-0.00018571969,0.002225548,0.00034475327,-1.2240373e-05,-6.129034e-06
NDC1,5.693361e-05,-0.00031045638,-5.4445118e-06,-7.2801486e-05,0.00070625544,-0.000110491645,6.960705e-06,1.1528493e-05
RNF34,0.000118235126,-8.586608e-05,0.0001501292,-0.00015765056,-0.0003476292,0.00015294366,6.681308e-06,-2.2179447e-06
NOP9,0.0002724398,-8.091517e-05,0.00011378713,-0.00011553988,0.0016729608,6.788876e-05,-5.3667463e-05,1.2133969e-06
MCCC2,0.00030053593,0.00028985925,0.00051081367,-0.00025437586,0.0014006644,0.00016644597,-0.00022875797,-2.0506093e-05
YAP1,-0.00052506104,-0.0008876249,-0.00068806857,0.00024518277,-0.0008222908,-0.0004828549,0.0002963487,4.8862537e-05
DCAF12,-3.4691766e-05,-0.00031332672,-0.000114297494,-3.9832667e-06,-8.250773e-05,5.294569e-06,9.045098e-05,1.30949775e-05
VEGFA,-0.0004515499,-0.00043874048,-0.00046147592,0.00027264562,-0.0020030886,-0.00020608772,0.0001783697,3.229815e-05
GRM5,-0.0011192411,-0.0012033042,-0.0014857259,0.00083554164,-0.012486331,-0.00036530336,0.00073906407,8.42429e-05
MAPK4,0.00044264086,6.2767416e-05,0.00020407513,-0.00031226873,0.0018970072,0.00046464615,4.3430366e-05,-1.0572956e-05
NIPA2,1.216121e-05,-0.00020833872,-0.0001282394,6.451458e-05,-0.0023881197,4.6610832e-05,8.409098e-05,1.191895e-05
ZNF33A,-0.0002651792,-0.0003584344,-0.0003200788,0.00013084337,-0.0005047098,-2.8303824e-05,0.00017072354,2.2414257e-05
RPH3AL,9.804964e-06,-0.00023582578,-6.312877e-05,1.055561e-05,0.0009838715,-7.463619e-05,1.19339675e-05,1.1189608e-05
CSNK2A3,0.0008178968,0.0007530153,0.00092413276,-0.0004285546,0.0025732294,0.0005408814,-0.00038033258,-5.10104e-05
DOK6,-0.000647787,-0.0010546297,-0.0010604598,0.0005588075,-0.004090011,-0.00043459795,0.00043495093,7.004524e-05
TLR5,0.00013687462,0.0002013687,0.00035931543,-0.00012086332,0.0011485443,0.00011630729,-0.00017380435,-1.4283694e-05
MYH15,-0.0001532957,-0.00031575747,-0.00020268187,8.521974e-05,1.4476478e-05,-9.398628e-05,8.122623e-05,1.892948e-05
GDPD2,-0.00045680627,-0.0007466711,-0.000737831,0.00031134207,-0.0021263734,-0.0003253012,0.0003319513,4.632317e-05
KNG1,4.7033653e-05,-0.000121861696,1.238659e-06,-1.6909093e-05,6.5751374e-05,5.7599507e-05,5.376525e-06,6.726361e-06
SLC27A2,0.00013478287,-4.381314e-05,5.881861e-05,-5.03622e-05,-0.00027551502,0.00016153883,1.4669262e-05,-4.6403147e-07
IRF2BP1,-0.00010451116,-0.00057128444,-0.00036136247,-2.7881004e-05,-0.0001469031,3.1154603e-05,0.00027921423,2.5126734e-05
KDELC1,-0.00021708943,-0.00048895366,-0.00036055222,0.00012257323,-0.0011222437,-8.885935e-05,0.00019481964,2.6362599e-05
AEBP2,0.00014417805,0.00041565485,0.00056911446,-0.00013431441,0.0016793162,6.903615e-05,-0.00032177102,-2.4351873e-05
FEM1B,-0.0008062497,-0.0014340933,-0.0014123768,0.00055171084,-0.0041133016,-0.00038004527,0.0007073991,8.512207e-05
TRMT6,-0.0001858361,7.054955e-05,0.00018181093,0.00017394498,-0.0010373518,-0.0004933621,-0.00029574055,7.1635004e-06
C2CD2,0.00022684224,0.0003789831,0.0005123038,-0.00016674306,0.0020793602,0.0001173215,-0.000271325,-2.34826e-05
OMA1,0.00013819337,0.00011921674,0.00037787482,-0.00012964103,0.002362959,-0.000107457396,-0.000246807,-9.6125295e-06
CLDN5,-0.00037468784,-0.00088247657,-0.0006990712,0.00024267752,-5.736947e-06,-0.00027369522,0.000327589,4.708208e-05
PA2G4,0.00015251152,2.7548522e-05,0.00023822486,-0.00015783496,0.0010507181,0.00012433995,-7.493235e-05,-6.770133e-06
PLBD1,-7.164292e-05,-0.00027668104,-0.00016367994,0.000109544024,-0.00018215925,-0.00012281863,3.3084303e-05,1.7504673e-05
HSF2,-7.3082745e-05,-0.00016295537,-5.188398e-05,3.5731122e-05,-0.000102870166,-6.3681044e-05,8.082017e-06,1.0272721e-05
LRRN1,-0.00016017072,-0.00034215674,-0.00017532893,3.4846365e-05,0.0012624711,-0.00012005214,6.6723675e-05,1.9371393e-05
AOC1,-0.00039589033,-0.0006645061,-0.0004960317,0.00024716463,-0.00012958795,-0.0003900975,0.00015832484,4.0387386e-05
DHX58,5.3260475e-05,-0.00017134286,-1.7771497e-05,-4.8282556e-05,-8.442253e-05,6.545428e-05,4.232209e-05,6.738119e-06
VWA5A,9.597652e-05,-2.2966415e-06,0.00018377043,-2.1190383e-05,-0.0011868775,4.8033893e-05,-9.195134e-05,-2.2248132e-06
AMZ1,-2.6347116e-05,-0.0003186725,-0.00015139394,4.7627836e-06,-0.0010329783,1.8728897e-05,0.0001193732,1.4551915e-05
CYP4B1,-0.00021784566,-0.00048623048,-0.0003536474,0.00012161862,-0.0010155663,-9.725988e-05,0.0001878012,2.6243273e-05
RHCG,-0.00013704598,-0.00019155443,-0.00014269911,0.00012339279,-0.00038990378,-0.00010219123,1.661852e-05,1.575402e-05
LRRC49,-9.2441216e-05,-0.00023061223,-7.8069046e-05,2.668798e-05,-0.0002855137,-4.2331405e-05,3.5586767e-05,1.3106852e-05
SESN1,0.00016974658,-3.3875927e-05,7.275306e-05,-8.264277e-05,-9.5926225e-05,0.00018711854,2.1440908e-05,-1.2795208e-06
RORA,-6.173551e-05,-5.6613237e-05,-3.937073e-05,6.928574e-05,-0.0046794787,0.00024823286,0.00011402089,1.0548392e-06
ARMC6,-3.6414713e-06,-0.00019424409,-5.977787e-05,-6.149523e-06,0.00047972053,4.1265972e-05,4.353095e-05,1.0089367e-05
GDF11,6.7913905e-05,0.00033212826,0.0003743451,-4.9642287e-05,-0.001977846,7.111393e-05,-0.00018221606,-1.5656347e-05
TSTD2,0.00043574162,0.0004763119,0.000676699,-0.00031909626,0.001394935,0.00032682065,-0.0002737427,-3.3435063e-05
BUD13,0.00016556866,0.00011532009,0.00020581856,-0.000113572925,0.0015307441,0.00014353637,-8.4666535e-05,-6.81018e-06
DTHD1,-0.0006791465,-0.0010311417,-0.0008949246,0.00036286097,-0.0039207563,-0.0004677903,0.00045284536,5.5716257e-05
ZNF606,-0.00028239563,-0.0003333874,-0.00034951977,0.00021474622,-0.0011212304,-0.00017649587,0.00011557434,2.6243157e-05
CERS3,-0.00016872585,-0.0004266631,-0.00031465292,0.00010910351,-0.00092139095,-6.0499646e-05,0.0001681922,2.3367116e-05
RBBP4,-0.000112185255,-0.00027754344,-0.00025484152,0.00010259822,-0.0011177287,1.6901642e-05,0.00013532117,1.8911087e-05
NOL9,-2.1718442e-05,-0.00020339899,-3.453344e-06,-2.1831132e-05,0.00015489012,-2.9037707e-05,1.746323e-05,6.9735106e-06
PDIA5,0.00044474378,0.00034258515,0.00051917136,-0.00027508195,0.0016132668,0.00028604735,-0.00020002667,-2.6148511e-05
PHB,-0.0002718158,-3.167428e-05,-3.0236319e-05,0.00021062791,-0.002327472,-0.0002873065,-0.0001075631,1.2236065e-05
PPT2,0.00011016242,-7.5202435e-05,3.4460798e-05,-5.7984143e-06,-0.00016765296,2.0804815e-05,-2.556108e-05,3.902125e-06
MELK,-0.00013883412,-0.0004557632,-0.0002907999,7.565506e-05,0.001209408,-0.0001198235,0.00013647694,2.3480621e-05
CCDC77,0.00023292936,0.00014174171,0.00011476688,-5.7662837e-05,-0.00078064203,0.00027322955,-2.764538e-05,-4.055677e-06
SLC35B2,-0.00015498325,-0.00026377104,-0.00012331083,6.576069e-05,-0.0008101985,-0.0001896089,2.9963441e-05,1.5947153e-05
UAP1L1,-0.00022294931,-0.0007085856,-0.000616407,0.00011771172,-0.0018092021,3.8006343e-05,0.00039277505,3.767421e-05
NKAP,0.0004021842,0.0004208833,0.0006835349,-0.00031258166,0.0018713772,0.00024443306,-0.00029181037,-3.2812706e-05
CCDC50,-0.00015310757,-0.0004600268,-0.00033088215,6.0923398e-05,-0.00096616894,-1.35796145e-05,0.00020549912,2.5163754e-05
PRDM13,-0.00015673041,-0.0004422646,-0.00028386712,6.025564e-05,-0.00080091506,-6.096158e-05,0.0001739962,2.1787244e-05
CHRDL2,-0.00021075085,-0.00046323054,-0.00034282357,0.00012299977,-0.0010829493,-8.441694e-05,0.0001825532,2.5244546e-05
USP26,-0.00019346736,-0.00047963113,-0.0003487803,0.00010982528,-0.00095964223,-7.0766546e-05,0.0001923209,2.559449e-05
TTYH1,-0.00052049384,-0.0011165403,-0.00087231025,0.00020031724,-0.00030490756,-0.00025337376,0.0005027754,5.3485157e-05
CRLF3,-0.0002018474,-0.00022696145,-0.00019869581,0.00017251167,0.0006396696,-0.0001773648,1.6091391e-05,1.9328785e-05
KDM3A,-0.00094228797,-0.0018005539,-0.0015804898,0.00047121942,-0.0030934736,-0.0004202961,0.0008481499,9.740773e-05
WDR93,-3.9121136e-05,-5.404651e-05,7.559545e-05,4.8099086e-05,0.00013836473,-0.00014846772,-0.00010198634,4.5909546e-06
APTX,5.3703785e-05,-0.00017659366,-2.3340806e-05,-2.8460287e-05,0.00022396445,5.2916817e-05,3.7065707e-05,7.2420808e-06
CYP4F2,-0.00022479892,-0.0004972257,-0.00036888942,0.0001267977,-0.0010883063,-9.789877e-05,0.00019650534,2.695818e-05
SLC9A7,0.000118108466,0.00014938228,0.0002064053,1.2696721e-05,0.001143299,-7.945672e-05,-0.00019319821,-2.7456554e-06
SERPINF2,-0.00014919601,7.330254e-05,8.854084e-05,0.00021310244,0.00034348667,-0.00036847126,-0.00023283157,6.205635e-06
SLC35F5,7.450022e-05,7.838756e-05,0.00019170716,-7.209461e-05,-0.0012301281,8.236058e-05,-6.903894e-05,-5.856389e-06
MEOX1,-0.00026028417,-0.0005614776,-0.000457149,0.0001537418,-0.0016156882,-8.257851e-05,0.0002537463,3.079872e-05
TXLNG,4.1274354e-05,0.00031863898,0.00022952631,0.00015304983,0.0003341511,-0.00017188257,-0.00029973034,-2.9775547e-06
PTBP2,-0.0002804622,-0.00063732825,-0.00048634224,0.000118114054,-0.00123135,-1.5793368e-05,0.00030912645,3.177917e-05
CDK4,-0.00030957162,-0.0004467275,-0.00041011535,0.00022399891,-0.0012004301,-0.00021137483,0.00014950428,3.059476e-05
ZUP1,4.374981e-05,0.00036151148,0.00039999746,3.936328e-05,0.0010090768,-0.00013093231,-0.00033859257,-1.1477852e-05
CSF1R,-0.0002600737,-0.0007666014,-0.0007100571,0.00019261241,-0.0010098517,2.2417866e-05,0.0004225839,4.142092e-05
SORBS1,-0.00033875182,-0.00042451918,-0.0003430061,0.00018969271,-0.0010285228,-0.00015995232,0.00014194101,2.681918e-05
NSF,-0.0002644416,-0.00042533316,-0.00046037696,0.00020942278,-0.0027223527,-2.6530586e-05,0.00023482554,3.0617928e-05
RRNAD1,0.00011255592,-0.00025831535,7.5772405e-05,-0.00014315639,0.0015798733,-1.238659e-06,1.0683201e-05,3.846595e-06
MCAM,-0.00031147897,-0.00039628707,-0.00029486604,0.00019130856,-2.0980835e-05,-0.00019578869,8.774176e-05,2.4594367e-05
PJA1,-0.00026397407,-0.00039113127,-0.00036901422,0.0002372032,-0.0013431236,-0.00017984118,0.00012319256,2.8384035e-05
KIAA0408,-0.002179007,-0.0043712873,-0.004174577,0.0011888323,-0.012155615,-0.00064756535,0.002424012,0.00023376395
TLX2,-3.4866855e-05,-9.966642e-05,1.4510006e-05,2.9240735e-05,-0.00012879819,-1.1521392e-05,-2.3344532e-05,5.826587e-06
SAV1,0.00012201816,-0.00036741793,-0.000150932,-6.9160014e-05,-6.940961e-05,0.00010368321,0.00014213286,1.399871e-05
GIPR,-7.5511634e-05,-0.0003390778,-0.00013307855,-2.3311935e-05,-9.4756484e-05,-3.165286e-05,0.00010816101,1.4147838e-05
ETS1,0.000122044235,-9.070337e-05,6.852485e-05,-6.4319e-05,-0.0004492104,0.00020159129,3.4453347e-05,-1.7893035e-07
PCDHB7,-6.837398e-05,7.791072e-05,0.00016892515,4.5657158e-05,0.00012296438,-9.315461e-05,-0.0001490647,-1.4471589e-06
SLC13A1,-8.0328435e-05,-0.000406811,-0.00027470104,2.1242537e-05,0.00095772743,3.8585626e-05,0.00017283205,2.0529027e-05
KIAA2013,7.910654e-05,-0.00013502873,7.409416e-05,-9.766035e-05,2.3186207e-05,2.2280961e-05,-5.543232e-06,3.9502047e-06
TRO,-0.0003827028,-0.00049382634,-0.00046198443,0.00027429126,-0.0011125281,-0.00024036271,0.00015457813,3.561168e-05
TROVE2,-0.00021708943,-0.00048895366,-0.00036055222,0.00012257323,-0.0011222437,-8.885935e-05,0.00019481964,2.6362599e-05
ACOT8,-5.136244e-05,0.00021469593,0.000328023,-7.40625e-05,-0.00082259625,-2.168119e-05,-0.0001602536,-1.265062e-05
SEMG1,-0.00021708943,-0.00048895366,-0.00036055222,0.00012257323,-0.0011222437,-8.885935e-05,0.00019481964,2.6362599e-05
NOXA1,0.00021846965,0.00027439557,0.00021505356,-4.440546e-05,0.0017923117,0.0001799548,-0.00015610922,-7.112045e-06
ASL,-4.132092e-05,0.00015266798,0.0002491977,8.667074e-05,0.001047425,-0.0002294844,-0.00027308334,-1.765904e-06
SAMD3,-1.2176111e-05,-0.00037522241,-0.00020710006,5.739741e-06,-0.0010929108,8.823443e-05,0.00017547328,1.5394995e-05
GPNMB,0.00023729913,6.518699e-05,0.00028043985,-0.00022968277,0.0001386106,0.00026338082,-2.5541522e-05,-1.277402e-05
TUBB4A,1.0501593e-05,0.00020974688,0.00013205223,0.00016626809,-0.00017607957,-0.00010487158,-0.0002093343,9.920914e-07
ZNF655,3.0566007e-05,-0.00032562576,-9.040348e-05,-9.94429e-05,0.00047100335,8.136872e-05,0.00013580732,9.429175e-06
SYVN1,0.00032527372,0.00043947622,0.0004520528,-4.7177076e-05,0.00051989406,0.00010337774,-0.0002999222,-1.886778e-05
LIPH,-7.0892274e-05,-0.0002345629,-0.00015784986,8.4173866e-05,0.0001308173,-4.994031e-05,5.1697716e-05,1.5334925e-05
SEMA7A,0.0005518701,0.00060172006,0.0006955601,-0.00023820344,0.0017365441,0.00032066368,-0.00035389233,-3.451493e-05
ADAP1,0.00019844249,0.00019743852,0.00020737201,-3.194809e-05,0.0013155714,0.00015157554,-0.00012829993,-8.149422e-06
TRIM26,-0.00010595098,-0.0004975274,-0.00039446726,0.0001029782,-5.4463744e-05,-0.00010406878,0.00018910225,2.903759e-05
SUGCT,-0.0005767606,-0.0007904433,-0.000669159,0.00032816362,-0.0022927672,-0.00039159786,0.00027942192,4.7490932e-05
MKNK1,-8.9088455e-05,-0.00028331578,-0.00021308474,8.011516e-05,0.00016575307,2.5632791e-05,0.00011632871,1.6126665e-05
LIX1L,-0.0002478063,-0.00026327185,-9.6708536e-05,0.00010899268,0.0006030053,-0.00029143877,-2.7796254e-05,1.5792553e-05
CEP70,-7.387623e-05,-7.92183e-05,8.542836e-05,-0.000117023475,-0.00012674928,6.8400055e-05,3.3824705e-05,-1.3728859e-06
MFAP3L,-0.0005593952,-0.0009964034,-0.0010095313,0.00032442994,-0.005041197,-9.494554e-05,0.00059027504,5.80278e-05
ZNF599,6.0463324e-05,0.00033995882,0.00044264458,-6.0372055e-05,0.000988014,-7.3364936e-05,-0.00030475017,-1.45618105e-05
MFSD4A,6.415881e-05,-0.00022033043,-0.00013104826,-3.8324855e-05,-0.0009508729,0.00016529392,0.00015426707,8.027186e-06
ETV1,-0.00037898496,-0.00068828836,-0.0006263796,0.00020902418,-0.0012690425,-7.128157e-05,0.00034318492,3.9464794e-05
PRLR,0.00038716756,0.00069372356,0.0006878432,-0.00017213915,0.0012063608,0.0002486389,-0.00038354378,-3.3972785e-05
SRMS,-0.0002197437,-0.0004947074,-0.0003656894,0.00012381654,-0.001090534,-9.2295e-05,0.0001967214,2.6700902e-05
THAP7,-0.0001298096,-0.00045138597,-0.0002684202,-1.973845e-05,-0.0013194904,1.1491589e-05,0.00022067036,1.9537634e-05
ATF6,-0.00019685924,-0.00042781048,-0.00038553588,0.00017925818,-0.0028537735,-6.7252666e-05,0.0002041338,2.5907648e-05
RAX,-0.00013979152,-0.00027900934,-0.00020553544,0.00010697171,-0.0012680963,-5.1945448e-05,9.759236e-05,1.7108046e-05
HPS4,-0.00017400831,-7.79964e-05,-8.707121e-05,0.00013536308,-0.000886105,-8.8785775e-05,-1.0706484e-05,1.1363183e-05
AMMECR1L,-4.4036657e-05,-0.00045165792,-0.00028666854,-2.015382e-05,0.0009172484,7.2462484e-05,0.00020520948,2.0948355e-05
CCNK,0.0005056206,0.00039768405,0.0005636364,-0.00029224437,0.0014153495,0.0003991574,-0.00020811614,-2.9116985e-05
PATJ,0.00019020587,-8.5398555e-05,0.00024621934,-0.00021856464,-1.8410385e-05,9.44864e-05,-2.501905e-05,-7.930677e-06
DOC2A,0.0006064866,0.00050125644,0.00063911267,-0.00027534738,0.0009818524,0.00037305336,-0.0002728207,-3.305741e-05
KIAA0895L,-0.0006053783,-0.0013165493,-0.0011459664,0.0003089998,-0.0032245517,-0.00014051748,0.00069018453,6.819598e-05
TAF1B,0.00020163134,0.00022120401,0.0003689397,-0.00015369896,0.0020307153,8.882396e-05,-0.00018585753,-1.4785561e-05
HS2ST1,-3.3527613e-05,5.5400655e-05,0.00010643713,-4.065223e-06,-0.0014297441,3.815908e-05,-4.6554953e-05,-1.7083948e-06
HTR3B,0.00024673343,0.00020754524,0.00033389218,-7.506553e-05,0.0019224808,2.4078414e-05,-0.00023330655,-1.0123826e-05
STK3,0.00024355762,0.0001540836,0.00043324754,-0.0003073141,0.0013524443,0.00019790884,-0.00012696441,-1.8301303e-05
TGFB3,0.00015519932,0.00014179014,5.8701262e-05,0.00010144245,-0.0005145371,0.00010319799,-9.7778626e-05,1.4872057e-06
SUCLG1,-0.00010957569,-7.4412674e-05,-4.003197e-05,0.00011133496,2.1159649e-05,-0.000113826245,-4.953239e-05,1.0300195e-05
SPNS3,-3.098324e-05,-0.00031019747,-0.00016080402,2.15834e-05,-1.1771917e-05,3.8016587e-05,0.00011685304,1.3898243e-05
RAD51,-0.0002301056,-0.00068853423,-0.00051490404,8.2327984e-05,-0.0029843524,0.00010094419,0.00039206538,3.1137257e-05
CCDC181,0.00020214356,1.099892e-05,0.00021150522,-0.00010416005,0.0019122139,4.45731e-06,-0.0001243921,-4.537753e-06
MAP2K6,0.00018594041,0.00035378337,0.00038225017,-6.426498e-05,0.00091172755,8.1547536e-05,-0.00023843069,-1.6520498e-05
SESN2,0.00018377416,0.00017279945,0.00027158484,-9.3567185e-05,0.00063721836,1.878757e-05,-0.00017444324,-6.674207e-06
HNRNPLL,8.667447e-05,-0.00032280572,-0.00019303337,-1.6373582e-05,-5.6549907e-05,7.764436e-05,0.00013305899,1.6727485e-05
MSR1,7.7441335e-05,-9.905547e-05,8.9384615e-05,-0.00013139844,-0.00069571286,0.00025583152,8.038897e-05,-3.8699945e-06
PPP2R5A,0.0002852287,0.0004794877,0.00042104907,-6.8377703e-06,0.0007574409,0.000104214996,-0.00030522328,-1.88353e-05
ANXA11,-8.1855804e-05,-0.00034871325,-0.00024280511,0.000105389394,-0.00095971674,-8.3799474e-05,0.0001123352,2.0330423e-05
SPOCK2,-0.00034490228,-0.0007294137,-0.0006938856,0.00029355194,-0.0029656664,-0.00015225774,0.00034244917,4.386797e-05
SLC34A3,-0.0002336409,-0.0005048234,-0.0003772527,0.00013180356,-0.0011021867,-0.000105559826,0.00019880477,2.7516042e-05
ST14,-0.00024219789,-0.00044354424,-0.0003245473,0.00016143359,-0.0011161938,-0.00016698195,0.00014458876,2.5460147e-05
AKNAD1,0.00032296032,0.0005119927,0.00050392933,-9.665638e-05,0.0010132864,0.0001831064,-0.0003105076,-2.2853492e-05
C1RL,0.00013718195,4.9188733e-05,0.0002370812,-0.0001266133,-0.0006925985,0.00012448523,-6.042421e-05,-9.109499e-06
RSPO3,-0.00021204166,-0.0005368013,-0.0004183054,0.0001182165,-0.0017182902,-0.00013447087,0.00023357011,2.8566341e-05
C15orf39,-0.0001740884,-0.00020331703,-0.00023317896,0.00022894423,-0.0015932173,-0.00017845724,2.450589e-05,2.0419597e-05
FAM83D,-9.161793e-05,4.545413e-05,6.343052e-05,-8.777715e-06,-0.0012068525,0.00012417976,-1.2554228e-06,4.3131877e-07
OTX2,0.00015979446,3.195554e-05,0.00010704808,-8.035824e-05,0.0015456751,0.00012663193,-6.0842372e-05,-1.405133e-07
TRIM2,-0.00037768856,-0.0007806178,-0.0006920453,0.00023712218,-0.0023863614,-8.241739e-05,0.00038875546,4.3907086e-05
RBM14,-2.1310523e-05,-0.00024214387,-0.00016888231,3.5288744e-05,-0.0013492629,9.6440315e-05,0.00012306217,1.3807556e-05
RIN1,-0.0001672227,-0.00041990168,-0.00030275062,0.000103199854,-0.0010038689,-6.3907355e-05,0.0001684269,2.2193999e-05
PLAU,-8.650124e-06,-8.667074e-05,5.207956e-06,2.2214837e-05,-0.0010304153,4.7218055e-06,-2.101995e-06,5.523092e-06
PLPPR2,0.000101756305,-0.00020090118,-6.823428e-05,-2.1373853e-05,-0.0002251938,0.00012531877,7.185899e-05,8.9238165e-06
SNX6,-4.0121377e-06,-0.00012690388,-8.75257e-06,-6.80238e-06,-0.000254035,2.9825605e-05,1.7834827e-05,6.450806e-06
RIOK3,-0.00016538985,-0.00072964095,-0.00048062205,-3.0601397e-05,3.4429133e-05,7.434841e-05,0.00038275216,3.0418858e-05
LRRN3,-0.00043071248,-0.0011038743,-0.00087917596,0.00023410097,-0.0012037009,-0.00018454855,0.00049550366,5.5607758e-05
UBXN11,-6.193854e-05,-0.00041725673,-0.00023156218,6.963499e-06,-0.0014279485,9.741634e-06,0.0001798803,1.874636e-05
ENG,-1.7641112e-05,-0.00017205067,-5.2809715e-05,0.0001442777,0.00073427707,-0.00021875324,-8.932222e-05,1.3330486e-05
WDR41,-7.57426e-05,-0.00025021657,-0.00011586957,-4.0706247e-05,-0.00057499856,0.00012468919,0.00012734719,1.2343982e-05
WHRN,-0.00014212728,-0.00026481785,-0.00022349507,0.00012955256,-0.0016892403,-5.7984143e-06,0.00011564139,1.6970676e-05
ABHD15,5.9422106e-05,-0.00036121532,-0.00022892095,-7.557124e-05,-0.0012623519,0.0002563279,0.0002547158,1.3482873e-05
NEK6,-0.00036053546,-0.0006167162,-0.0006492976,0.0002975082,-0.0029895082,-0.00012076134,0.00031141564,4.0802173e-05
PPFIA2,-0.0005531702,-0.0012472216,-0.0009084996,0.00025230367,-0.0024940744,-0.00024758605,0.0005382402,5.8684964e-05
MKRN1,-0.0006061159,-0.0011921283,-0.001081571,0.0003611017,-0.0020150319,-0.00022008223,0.0005760221,6.67572e-05
BAG5,0.00014586188,4.406087e-05,0.00022472814,-8.8064e-05,0.00012524426,7.148739e-05,-9.61395e-05,-5.69399e-06
TGFB2,-1.4346093e-05,0.0001914408,0.0001446046,1.7103739e-05,-0.0050035417,0.00013821386,-1.9037165e-05,-7.3022675e-06
UGT2A2,-0.00021708943,-0.00048895366,-0.00036055222,0.00012257323,-0.0011222437,-8.885935e-05,0.00019481964,2.6362599e-05
C6orf132,-8.664653e-05,0.0001501143,0.00024642237,9.175576e-05,0.00097649544,-0.00029222947,-0.0002816068,-1.3528625e-06
PRDM8,-0.0002909694,-0.00024970248,-0.00018653087,0.00017812382,-0.0010084212,-0.00023249118,1.3385899e-05,2.061145e-05
CHAF1B,-0.00013205595,-0.00037699193,-0.00025275163,7.5265765e-05,0.00014457107,-3.615115e-05,0.00013538916,2.0474545e-05
MFSD14B,0.00016458519,0.00027487986,0.0001954902,9.636767e-05,-0.00027852505,4.6691857e-05,-0.00020440575,-4.4129556e-06
GXYLT1,0.00019503012,0.00022281706,0.00038282573,-0.00013956334,0.0006263405,8.6758286e-05,-0.00018632691,-1.5479047e-05
UEVLD,0.00012538582,0.0004380159,0.0006686542,-0.0001272019,0.0016574264,-0.00015220419,-0.00043238793,-2.5382265e-05
BABAM2,-0.00021196157,-4.957989e-05,1.2094155e-05,0.00013326108,-0.00091003627,-0.00022963854,-9.471271e-05,9.236159e-06
ACAT1,-2.3651868e-05,-0.000114290044,-6.575696e-05,7.743016e-05,-8.417666e-05,-3.3133663e-05,-4.867092e-06,1.08293025e-05
ZMYND10,-0.00035268813,-0.00062782876,-0.0004415512,0.00019950047,-0.0014652759,-0.0003409977,0.0001985887,3.1199655e-05
TRIM62,0.00030509755,0.0004634615,0.0005028788,-6.873906e-05,0.00042505562,2.2075139e-05,-0.00035359059,-1.8460676e-05
SLC15A4,0.0002445113,6.051734e-05,0.00029640645,-0.00015890133,0.0013396218,9.113271e-05,-0.00012414996,-9.78366e-06
PLEKHN1,-6.736815e-05,-0.00024687685,-0.00011956878,4.282221e-06,-0.0009634197,5.148165e-05,0.00010916125,1.1262018e-05
B3GALNT2,0.00024053454,7.273257e-05,0.00028385594,-0.00024688337,5.96866e-05,0.00030470267,-2.1994114e-05,-1.2641889e-05
SAMM50,-2.082996e-05,-0.00044051372,-0.0002374053,-4.9126334e-05,-0.00045650452,6.353017e-05,0.0002037054,1.87119e-05
STK32C,6.285682e-05,-1.07791275e-05,4.691817e-05,6.26361e-05,-0.00017828494,-2.4502166e-05,-7.347576e-05,3.3531105e-06
HTRA4,7.958524e-05,-0.00013049506,5.5450946e-05,-3.6210753e-05,0.0005385503,2.2180378e-05,-2.9762276e-05,4.5920024e-06
ADCY4,0.00015143305,-1.5154481e-05,9.063445e-05,-1.1171214e-05,-5.71236e-05,0.00010037236,-4.6815723e-05,-1.1618249e-07
LOXL1,-9.743497e-05,-0.00071012415,-0.00045269728,-3.0101277e-05,-0.00094699115,7.7462755e-05,0.00034747925,3.1526783e-05
SEPT1,-0.00021708943,-0.00048895366,-0.00036055222,0.00012257323,-0.0011222437,-8.885935e-05,0.00019481964,2.6362599e-05
BRD7,-0.00011703558,-0.0004973337,-0.0003432557,7.322803e-05,-0.000758104,-4.0913e-05,0.00020327698,2.5711022e-05
YJEFN3,0.00013006665,0.00021671318,0.00030598417,-5.407259e-05,0.0012886524,-3.903173e-05,-0.00022274163,-8.239411e-06
DNAH5,9.93181e-05,0.0002004318,0.00031698123,-3.9157458e-05,1.7002225e-05,1.6720034e-05,-0.00018263143,-1.2932345e-05
ARRB2,8.473359e-05,0.00018216297,0.00023739971,6.762426e-05,-0.0005012378,-9.7953714e-05,-0.00021431316,-4.9314694e-06
NEK8,0.00040102378,0.00040148944,0.000631785,-0.00033195876,0.0029807314,0.0002506608,-0.00027418416,-2.9611518e-05
PTGIS,0.00014842302,-0.00046460703,-7.3779374e-05,-0.00024496857,0.0015454367,0.0001667086,0.00018005352,1.0870048e-05
AP1M2,-0.00015532598,-0.00047694892,-0.00032348558,7.713772e-05,-0.00094781816,-1.1739321e-05,0.00020078011,2.3571774e-05
CCDC157,-7.979572e-06,-2.3303553e-05,2.0591542e-05,2.9243529e-05,-0.0014206171,5.6055374e-05,-4.9043447e-06,3.2056123e-06
LRMP,0.00011388026,-0.00031983852,-8.014962e-05,-0.00020356383,0.00038262457,0.00035235658,0.00022318773,5.77874e-06
SLFN13,-8.623861e-05,5.761534e-05,6.6809356e-05,0.00012182724,0.00062862784,-0.00011102948,-0.00013603922,4.2568427e-06
ELOA2,-0.00018668175,-0.00044787675,-0.00032076426,0.0001083184,-0.00087691844,-7.349346e-05,0.0001733806,2.3982371e-05
TSEN54,9.602681e-05,7.565878e-05,0.000103615224,1.7602928e-05,-0.00026096404,1.4508143e-05,-9.4030984e-05,4.3283217e-07
ENOX2,0.00018506311,3.5114586e-05,0.00022616237,-0.00013071578,-0.000675343,7.736683e-05,-7.818267e-05,-5.4982956e-06
AFP,-0.00018656254,-0.0002928581,-0.00020820647,0.000120135956,-0.0006513968,-9.0362504e-05,8.378364e-05,1.7934013e-05
RRM2B,-0.000518173,-0.0005197432,-0.00038068742,0.00030039158,-9.647012e-05,-0.00060146395,2.5756657e-05,3.5647186e-05
ZKSCAN8,-4.803203e-05,-3.4302473e-05,4.397705e-06,7.1406364e-05,0.00020291656,-7.269438e-05,-5.809497e-05,6.5993518e-06
GJA4,0.000207901,1.9749627e-05,0.0002055876,-0.000106637366,0.0017142743,0.00014370587,-8.5075386e-05,-6.1317114e-06
SOX1,0.00030729175,-0.00014382228,0.00016662665,-0.00022856519,0.0020715073,0.00024993438,2.5015324e-06,-3.2258686e-06
B3GLCT,-0.00053034537,-0.0005127732,-0.00067101046,0.00042126048,-0.0032825172,-0.0002812771,0.00022868812,4.475878e-05
TRAF5,0.00015337393,-2.055429e-05,0.00014487468,-0.0001176605,0.0013656765,0.000104861334,-4.2309985e-05,-2.7263304e-06
ZNF841,0.00028150156,0.00046481565,0.0006188117,-0.00012074411,0.0023946613,-2.1575019e-05,-0.0004188111,-2.3122877e-05
CCDC170,-5.4985285e-05,2.4704263e-05,0.00026819296,-8.349307e-06,0.0011156872,-0.0002886043,-0.00022967253,-2.7815113e-06
CAP1,7.575005e-05,-0.00011666864,9.604916e-05,-0.000103517435,0.00014124066,0.00010704249,1.1620112e-05,2.636807e-07
ITFG1,-0.00018543005,4.2438507e-05,7.941201e-05,0.00017486513,-0.0006073788,-0.0002762801,-0.00018244889,7.3669944e-06
WDR83,0.0003479533,0.00034371763,0.00031577237,-0.0001126118,0.0007211417,0.00034893304,-0.00013217237,-1.6462523e-05
APOBR,-9.4912946e-05,-0.00024307519,-0.00013781153,5.1218085e-05,-0.00042822212,-2.2475608e-05,7.776357e-05,1.35953305e-05
ERGIC3,6.489456e-05,2.1900982e-05,0.00015567802,-5.4416247e-05,0.0014038086,4.356727e-06,-9.958539e-05,-1.2196833e-06
SDS,-4.8048794e-05,-0.00022398122,-0.0001146663,4.109554e-05,-0.0005463064,3.889948e-05,7.810723e-05,1.1169468e-05
UGT2A1,-0.00017648377,-0.00046256557,-0.0003225971,9.837933e-05,-0.00074312836,-6.82706e-05,0.0001783222,2.426072e-05
TMEM87B,-7.728301e-05,-0.00028110854,-0.00019834377,5.3141266e-06,-0.0017423481,0.00023720879,0.000211698,1.1830707e-05
VPS33B,0.00038327277,0.0006431844,0.000706302,-0.00013336632,0.0024771616,5.5709854e-05,-0.00046905223,-3.0020718e-05
SCLT1,0.0001604259,0.00013201125,0.00013846718,-4.224386e-05,0.00066625327,0.00011102483,-8.7927096e-05,-2.6227208e-06
NCAPD2,-0.00011387095,-0.0006386284,-0.0003710799,-8.875504e-05,8.781254e-05,0.00015942752,0.00034108572,2.3913686e-05
SLCO1B1,-2.933666e-06,-8.781627e-05,5.2127987e-05,-3.9942563e-05,-0.00028693676,6.9603324e-05,5.9083104e-06,2.4917535e-06
HAS1,0.00017143041,0.00013110973,0.0001967717,-1.6358681e-05,-0.001298137,8.895062e-05,-0.00010907184,-5.4480042e-06
DHRS13,0.00023611076,0.00034749694,0.0005154237,-0.00021374132,0.0014488399,0.00015244912,-0.00023886282,-2.313673e-05
TMCO3,0.00014917925,7.845461e-06,-3.5868958e-05,4.28902e-05,-0.0012123287,0.00017476734,1.70134e-05,5.282229e-06
CALCR,0.00010601804,-0.00013028271,1.0466203e-05,-2.1936372e-05,0.0004574731,3.5521574e-05,-8.920208e-06,6.098184e-06
CCDC63,-0.00021351501,-0.0004910361,-0.00036090985,0.00011998322,-0.0010451749,-8.8229775e-05,0.00019525737,2.6401249e-05
PLD5,0.00033307448,0.0004474651,0.0006274693,-0.0002975855,0.0015627816,0.00030258298,-0.00025428552,-3.059162e-05
REL,0.00053873844,0.00038039312,0.0006856341,-0.000333908,0.0026481524,0.00025023427,-0.0003034873,-3.1620497e-05
SPATA17,4.2473897e-05,4.686974e-05,0.00023230352,-2.799835e-05,-0.0009940714,-3.1421892e-05,-0.00011499319,-7.2274124e-06
IL4R,6.830692e-05,-6.115623e-05,3.884174e-05,1.3530254e-05,-0.0015541986,4.3444335e-05,-4.601665e-06,2.8864015e-06
KIF2B,-0.00021708943,-0.00048895366,-0.00036055222,0.00012257323,-0.0011222437,-8.885935e-05,0.00019481964,2.6362599e-05
ZNF44,0.00019971468,0.0004453212,0.00048885867,-7.995777e-05,0.0011248365,2.4134293e-05,-0.00033790153,-1.8125982e-05
GLUD2,0.0006196387,0.0007549636,0.00083743036,-0.00026881695,0.0014746562,0.0003463477,-0.00043315906,-4.240661e-05
GYS2,-0.00014133751,-0.00030579604,-0.00018646568,8.97022e-05,-0.00041799992,-8.612126e-05,8.044019e-05,1.71992e-05
STOML3,3.6092475e-05,0.00016328506,0.00022004731,3.96464e-06,-0.00078718364,1.6662292e-05,-0.00014582183,-5.403883e-06
WDR45B,-6.184913e-05,-0.0003182683,-0.00014076382,5.2781776e-05,0.0004054904,-7.6258555e-05,5.649589e-05,1.6186736e-05
TOGARAM1,3.8057566e-05,-0.00034059212,-0.00014678389,-5.311705e-05,0.0010648221,7.437449e-05,0.00012314599,1.3837009e-05
KIF3B,-1.5638769e-05,-0.00011227466,-5.250983e-05,3.386382e-05,0.0002361834,5.7272613e-05,2.2658147e-05,8.1552425e-06
APBB1IP,-0.00037504174,-0.00092761964,-0.0008327551,0.00027447008,-0.0021766275,-0.00014400668,0.00045601,5.1109702e-05
STAMBPL1,0.00017949566,8.3032995e-05,0.00037981197,-0.0002550101,0.0014237463,0.00016754214,-0.00010879431,-1.4669611e-05
FHL3,-0.00011245906,-0.00054336153,-0.00029923394,-3.763195e-05,-0.0005210489,4.0234067e-05,0.0002488196,2.2062915e-05
SLC29A1,4.625134e-05,-0.00014362484,-4.854612e-05,-1.568906e-05,-0.0005591959,0.00010658149,6.690435e-05,6.222632e-06
ZFP30,-0.00012520142,-0.00031761825,-0.00030601956,0.000110164285,-0.00083599985,2.3077242e-05,0.00016495585,2.124987e-05
SLC39A10,-0.00033507124,-0.00087319873,-0.00072801113,0.00022519473,-0.0017634109,-0.00015112385,0.0003934959,4.767964e-05
MAB21L2,0.00028724596,0.00014944747,0.00027729385,-0.00011131819,0.0013860762,0.00017776527,-0.00013494957,-1.0514981e-05
ZNF441,0.00019100495,-2.2172928e-05,0.00020650029,-7.800944e-05,0.0012691617,1.671724e-06,-0.00012809504,-2.3979228e-06
STAMBP,-3.0752271e-06,2.27727e-05,2.7926639e-05,5.8856793e-05,-0.00033409894,-5.4937787e-05,-7.382408e-05,6.1406754e-06
KRT6B,-0.0002197437,-0.0004947074,-0.0003656894,0.00012381654,-0.001090534,-9.2295e-05,0.0001967214,2.6700902e-05
SLC19A3,-0.0001366958,-0.00043896213,-0.0002970621,6.190874e-05,-0.00072450936,2.2851862e-05,0.00018734764,2.2046384e-05
CHKB,0.00013607182,-2.9606745e-05,0.00018535927,-0.000117789954,0.0014661476,-2.857484e-05,-9.495299e-05,-2.5847694e-06
DACT2,-8.5765496e-05,-0.00040354393,-0.000284506,6.772019e-05,-0.0011932254,1.8220395e-05,0.00018273573,2.039841e-05
TMOD1,-0.00039868057,-0.00056366995,-0.0003608875,-1.9234605e-05,-0.0017740875,3.0036084e-05,0.0003277734,2.2058142e-05
NAPEPLD,8.755736e-05,-0.0001961235,1.8624589e-05,-0.00016400684,0.0013585389,0.00011950731,7.3188916e-05,4.232046e-06
ZNF425,0.00023540854,0.000358345,0.00043643452,-0.00011039153,-0.00044944882,0.00012634508,-0.00022503082,-1.90977e-05
NIT1,-0.00017857365,-0.00024551712,-2.557598e-05,-2.456177e-05,-0.0017015636,-0.00019245269,2.6337802e-05,1.14664435e-05
GPR143,-5.0690025e-05,-0.00028246082,-0.00018381514,8.997694e-05,-0.00067495555,-2.4304725e-05,8.480344e-05,1.6066246e-05
SEC13,-6.1767176e-05,-0.00030835532,-9.7693875e-05,-9.574927e-06,-0.0007182732,-9.68948e-06,8.899532e-05,1.2419536e-05
ENPP7,-0.00021708943,-0.00048895366,-0.00036055222,0.00012257323,-0.0011222437,-8.885935e-05,0.00019481964,2.6362599e-05
LETM2,0.0004016459,0.00062526576,0.00076071173,-0.00030502398,0.00059746206,0.00027261116,-0.00035359059,-3.6247657e-05
ZNF16,-0.0002307985,-0.00014748983,-5.150214e-06,3.4449622e-05,-0.0005143136,-0.00020560762,-3.224332e-05,9.042211e-06
GPR161,-2.7365983e-05,-0.00031897984,-7.7456236e-05,-5.1656738e-05,-0.00034621358,5.727634e-05,0.00011227559,1.0041171e-05
OTC,-0.00020362996,-0.0004956499,-0.00035773776,0.00011089165,-0.0010794997,-7.825252e-05,0.00019962527,2.6179594e-05
TFDP2,1.1626631e-05,-0.0002514515,-0.00010380708,-5.3705648e-05,0.0005929917,0.00013046712,0.00011099968,9.886222e-06
ZNF282,0.00035099126,0.00021018274,0.00033105537,-0.00013681501,0.0014206097,0.00016852841,-0.00017045531,-1.24522485e-05
MADD,1.7741695e-05,5.3020194e-05,2.4693087e-05,0.0001212731,-0.0014633387,-2.977904e-05,-9.0462156e-05,6.3817715e-06
CELF3,-0.00034006126,-0.000526635,-0.00056923926,0.00032093003,-0.002981022,-0.00018067891,0.00023427885,3.967283e-05
MLPH,-0.00014325976,-0.00036900677,-0.00023404136,8.317549e-05,-0.0007447377,-7.091928e-05,0.00012497045,1.9403407e-05
ACSBG2,8.964911e-06,-0.00024204515,-0.00011652708,9.769574e-07,-0.0008966625,9.9185854e-05,0.0001090467,1.0433258e-05
SLC25A16,4.5463443e-05,6.073527e-05,0.00027996674,-0.00013096258,0.001089856,-1.8432736e-05,-0.00012642238,-8.414849e-06
TERB1,-0.00022339076,-0.0005041063,-0.00037062354,0.00012693368,-0.0010183081,-0.00010454282,0.00019582827,2.7152942e-05
FADS2,-0.0001044292,-0.00039906427,-0.00028783642,5.1323324e-05,-0.001190193,3.3690594e-05,0.00020522624,1.906557e-05
STON1,0.0003861226,0.00059982017,0.00081821345,-0.00032458082,0.0042861477,6.992929e-05,-0.000457461,-3.6916463e-05
RHOBTB3,-0.00023667328,-0.000724148,-0.00060241856,0.0001364164,-0.0011262745,3.614463e-06,0.0003761826,3.7091086e-05
CTIF,6.4168125e-05,1.830794e-05,6.0779974e-05,5.100388e-05,0.00135535,-8.222833e-05,-0.00011377316,3.627967e-06
WDR36,5.337596e-05,-0.00022850558,9.2390925e-05,-0.00014028233,-0.00018720329,6.7837536e-05,3.644824e-05,1.698616e-06
MLKL,-0.0001648888,-0.0005555302,-0.00037939288,2.1059997e-05,-0.0008530021,7.2097406e-05,0.00028388016,2.6032678e-05
EBNA1BP2,-0.0002644807,-0.00019917078,-0.0002051536,0.00021219812,-0.0017973483,-0.00021032058,2.935715e-05,1.8342398e-05
HASPIN,-0.00022828393,-0.00041352212,-0.00034508482,0.00016013905,-0.0020562187,-0.00011367258,0.00016319193,2.661359e-05
ETNPPL,8.636713e-05,-0.000109059736,3.5183504e-05,-5.642604e-05,0.00053527206,3.9099716e-05,-1.0291114e-06,3.6176061e-06
UBQLN2,-0.00023149513,-0.00035630167,-0.00034224987,0.00023876876,-0.0020829365,-0.00015642634,0.000114860944,2.6286347e-05
STK36,-2.0323321e-05,-9.386614e-05,-8.113682e-05,0.00011729635,-0.0003040284,-8.3638355e-05,-3.8177706e-05,1.2453296e-05
GJA3,-0.0002508834,-0.00050495006,-0.00039168075,0.00015240349,-0.0010198578,-0.00013353303,0.00018931367,2.898532e-05
PPP1R9B,-0.00015942194,-0.0003881082,-0.00033528171,0.00017374102,-1.2427568e-05,-0.00011663465,0.00011444092,2.5904854e-05
RPN2,-0.0001199469,-0.00030996837,-0.00017113052,5.9781596e-05,-0.00051754713,-6.1393715e-05,8.824747e-05,1.6800244e-05
FMO4,-0.00018564984,-0.00032345764,-0.00018163025,0.00011084508,-0.00076603144,-0.00011739461,7.9208054e-05,1.6932609e-05
AGER,0.0002579596,0.00022209994,0.00034702756,-0.00015783403,0.0015313402,0.00016501639,-0.00016009156,-1.4094985e-05
MARCH10,-0.00021708943,-0.00048895366,-0.00036055222,0.00012257323,-0.0011222437,-8.885935e-05,0.00019481964,2.6362599e-05
FUT4,0.00013906322,0.00034658797,0.00034732744,-1.8241815e-05,0.0009372756,3.0416064e-05,-0.0002540527,-1.2228498e-05
TBC1D10A,-0.00036677718,-0.0004248824,-0.00035732426,0.00021394994,-0.002932027,-0.00020193029,0.0001465436,2.7998118e-05
TMEM62,-7.2244555e-05,-0.00040850416,-0.00032611564,9.2349015e-05,-0.001840055,-6.6681765e-05,0.000182054,2.3374218e-05
RAVER2,-1.1462718e-05,0.00017881393,0.00037556142,-8.087512e-05,0.0012271777,-0.00017922604,-0.00025685038,-1.0206946e-05
VNN1,-7.6919794e-05,-0.00027863495,-0.00020108931,7.601455e-05,-0.0011315048,1.6488135e-05,0.00011209026,1.6373699e-05
FRS2,0.0001507923,0.00017483346,0.00014749914,-2.3073517e-05,0.000106461346,0.00012352038,-8.962117e-05,-4.9726805e-06
PPIL2,0.00024417415,0.0004249923,0.00055179,-0.000113016926,0.0021041706,3.2186508e-06,-0.00035908166,-2.1981308e-05
BBS10,0.00029745512,0.0004550591,0.00049398467,-7.999409e-05,-0.0006498322,0.00010671187,-0.0003047781,-1.9461615e-05
NEU3,-0.00015585683,-0.00034368224,-0.00022493489,9.285752e-05,-0.0005436614,-6.064959e-05,0.00011428259,1.8492457e-05
ANKRD13D,0.00024372339,0.00032322295,0.00030759163,-7.1302056e-05,0.00034292042,0.00023292191,-0.00015504193,-1.4333287e-05
CASQ1,-0.00049253553,-0.00084976107,-0.0008930601,0.00035233796,-0.003728561,-0.00017339457,0.0004571285,5.3289812e-05
ACSM4,-8.0060214e-05,-0.00030289963,-0.00019543245,6.8569556e-05,-0.0007176995,-1.0048971e-05,0.00010537356,1.6866135e-05
TBCE,4.1261315e-05,0.00017062388,0.0002025459,4.035607e-05,0.0019263029,-8.6504035e-05,-0.00021796022,-1.1646189e-06
RPL3,-7.068738e-05,-0.00039495528,-0.00025234,5.5641867e-05,0.00023797154,1.7439947e-05,0.00015358627,1.92991e-05
KCTD20,0.00013450533,-0.00015555881,4.0486455e-05,-0.00013358984,-0.00031675398,0.00017675478,6.9499016e-05,2.307468e-06
FOXB1,-0.00017955154,-0.0005063843,-0.0003668368,0.00011963863,-0.0020688027,-6.225053e-05,0.00021387916,2.6461552e-05
RNF123,0.00043810531,0.0002762098,0.00038884953,-0.00016742758,-0.00072769076,0.00028187968,-0.00014961231,-1.8578954e-05
RPL3L,-0.00018354878,-0.00043303147,-0.0003125351,0.00011318829,-0.00089179724,-7.783063e-05,0.00016316492,2.3798435e-05
CYP11B2,-0.00015504286,-0.00039663352,-0.000295287,0.00010341685,-0.0011458546,-4.4836663e-05,0.0001643002,2.171041e-05
SPINT1,-0.00019755773,-0.0005376674,-0.00037822686,9.414833e-05,-0.001600124,9.001233e-06,0.0002500452,2.5068643e-05
MTF2,-0.000387799,-0.0007231105,-0.0005962495,0.00022216514,-0.001728192,-0.000117346644,0.00032161642,3.9928476e-05
RING1,-0.00019834936,-0.0002740007,-0.00013213605,6.281864e-05,0.0006265119,-0.00016743038,3.920868e-05,1.5462982e-05
PADI4,-0.00021068938,-0.00048221461,-0.00035033748,0.00011854246,-0.0010478869,-8.9623965e-05,0.00018879212,2.5859219e-05
EXOC3L4,-0.00021708943,-0.00048895366,-0.00036055222,0.00012257323,-0.0011222437,-8.885935e-05,0.00019481964,2.6362599e-05
NT5C1A,-0.00021708943,-0.00048895366,-0.00036055222,0.00012257323,-0.0011222437,-8.885935e-05,0.00019481964,2.6362599e-05
BMP2,0.00060663,0.00042142533,0.00078014284,-0.0005275281,0.004404016,0.00041999016,-0.0002707364,-3.7722755e-05
RAD52,0.00012056343,0.00040933304,0.0003665127,4.334189e-05,-0.00010456145,-1.1510216e-05,-0.00028738845,-1.4138641e-05
SAMHD1,0.00011716783,-2.3739412e-05,0.00022733957,-0.00012579281,0.00022102892,3.0085444e-05,-7.323362e-05,-7.3522096e-06
GLCE,0.0001987461,-1.9930303e-07,5.1364303e-05,-2.0020641e-05,-0.001468569,0.000145006,-2.7148053e-06,5.7870056e-07
PTH2R,-0.00035738572,-0.0008474663,-0.00071564317,0.00017589983,-0.0031509995,-5.6379475e-05,0.00044530164,4.4245622e-05
PNLDC1,-0.00015658699,-0.0002723951,-0.00017150491,0.00013830699,-7.031113e-05,-0.00013785949,2.979301e-05,1.766102e-05
SH2B3,8.203089e-06,-0.00020553358,-0.00012021139,6.531086e-05,5.8546662e-05,-8.794386e-05,2.3677945e-05,1.3829791e-05
ZCCHC4,-0.00028529763,-3.9711595e-06,-4.858151e-05,0.00024176668,-0.0019733086,-0.00031921966,-0.00012393761,1.2771692e-05
DBX1,-0.00021162629,-0.0004865732,-0.00035703555,0.000119164586,-0.001081422,-8.5116364e-05,0.00019404199,2.6134308e-05
IRF2,0.00013603456,2.1185726e-05,0.00010829605,1.183711e-06,0.00045497715,-2.1152198e-05,-9.199884e-05,3.3772085e-07
OLFML1,0.00019443221,0.00030239113,0.00041032955,-7.682666e-05,-2.8088689e-06,7.859338e-05,-0.00023513753,-1.6141916e-05
LCP2,0.00017646328,-7.785857e-06,5.8520585e-05,-1.801923e-05,9.320676e-06,0.00011837948,-3.0578114e-05,1.6292324e-06
CHGB,-0.0001561679,-0.0003797561,-0.00028930418,0.00013421569,-0.0011054426,-0.0001258906,0.00012251176,2.4212059e-05
C9orf131,-6.4132735e-05,-0.00020975433,-7.8722835e-05,2.5183894e-05,-0.00025371462,-2.5910325e-05,4.0190294e-05,1.1403812e-05
PARS2,6.3696876e-05,0.00012722611,0.0002024211,-8.336268e-06,0.0010261089,1.9570813e-05,-0.00014411751,-5.7303114e-06
FSCN2,-0.00028656982,-0.0005536489,-0.00042706728,0.00016000122,-0.0014062524,-0.00015133526,0.00021554623,3.0910713e-05
TMEM30A,-0.0001534298,-0.00036030822,-0.00030316226,0.00013410393,-0.0012309328,-9.756442e-05,0.00012593064,2.5017187e-05
ATP6V1B2,-0.00012336113,-0.00024080649,-7.348135e-05,2.5032088e-05,-3.065914e-05,-3.2874756e-05,3.9029866e-05,1.2621749e-05
OS9,-0.00012082793,-0.00014462695,-5.7233498e-05,0.00010146573,0.00043804944,-0.0001671575,-4.0522777e-05,1.15160365e-05
TLR4,-0.00023687631,-0.00078765117,-0.0006281119,8.706376e-05,-0.001709789,5.6663528e-05,0.00044294726,3.681192e-05
CDKL2,0.0005053021,0.00023217686,0.0005233623,-0.0003871834,0.0025122762,0.00033635926,-0.00015438255,-2.3704022e-05
TYSND1,-5.946681e-05,-0.00028581172,-0.00019424222,4.0677376e-05,-0.001117006,-1.5887432e-05,0.00011588447,1.6687089e-05
BLMH,4.239008e-05,1.5031546e-05,3.1929463e-05,8.8645145e-05,-0.00020892173,-8.784421e-05,-0.00010938477,7.5629214e-06
FAM234B,0.0001547616,9.4277784e-05,0.00033300184,-0.00018834975,-9.136647e-05,0.00011283532,-0.00011476409,-1.0518939e-05
NAB2,0.00011301972,0.00031173415,0.00040402636,-7.065199e-05,0.00093461573,-3.9387494e-05,-0.00027815346,-1.2434786e-05
ZFAND4,0.0004245974,0.0003383495,0.00046078674,-0.00023167022,-0.0016218573,0.00033558067,-0.00014573988,-2.2255233e-05
TBX19,-7.279217e-05,3.1106174e-05,0.0001459755,-5.243346e-07,0.0005073473,-6.0176477e-05,-0.00010352861,-1.1192169e-06
GBP7,-0.0002220925,-0.00049386546,-0.00036372617,0.00012381282,-0.0010839552,-9.645708e-05,0.00019464549,2.6696012e-05
SPAG17,0.00018848665,0.00030842982,0.00045755133,-0.00010418426,0.00091882795,-6.231293e-05,-0.00029016007,-1.7146813e-05
SLC35F1,-0.0006603375,-0.00090724416,-0.00087234005,0.00036007445,-0.0020704195,-0.0003103488,0.00041050557,5.6435703e-05
ELF1,2.0982698e-05,-0.000260856,-0.00020778552,3.1728297e-05,-0.0006317049,0.0001636995,0.00016887859,1.2794393e-05
OSCP1,5.1997602e-05,-3.3443794e-05,3.5710633e-05,-1.7039478e-05,-0.0013720915,7.1660616e-05,8.530915e-06,1.4507677e-06
NSUN5,1.6748905e-05,-0.00013285503,8.358434e-05,-5.6766905e-05,0.0012279823,-4.467368e-05,-4.0579587e-05,2.5307527e-06
ANKMY2,-2.0185485e-05,-4.4027343e-05,0.00016364455,-2.7945265e-05,0.00084874034,-0.00013436563,-0.00013076048,1.8489081e-06
CACNG4,-0.00037604384,-0.0006688107,-0.00063353963,0.00024124328,-0.003043294,-7.6243654e-05,0.0003523277,3.941194e-05
ILDR2,-0.000107798725,-0.0004248321,-0.00030804984,5.00381e-05,0.002833739,1.9828789e-05,0.0001596529,2.2070482e-05
KREMEN2,-0.00015146285,-0.00047910959,-0.00032457337,6.071385e-05,-0.0011051968,2.624467e-06,0.00021687057,2.3196451e-05
ENPP6,-0.00022390857,-3.9217994e-05,1.1615455e-05,0.00015439559,-0.000114932656,-0.00030722795,-0.00013570394,9.651878e-06
LONRF2,-0.0002280511,-0.0007351488,-0.000583224,9.128079e-05,-0.0020361245,0.00011804141,0.0004177261,3.56636e-05
NEK3,0.00021631643,0.00040309504,0.00045406073,-9.0581365e-05,7.521361e-05,0.00012716465,-0.00025494304,-1.9919826e-05
DDI2,-0.000110995024,-0.00032767467,-0.00019983202,6.970111e-05,-0.0015058741,-1.38916075e-05,0.0001245914,1.6753795e-05
NEURL1B,-7.805601e-05,-0.00020598061,-4.29973e-05,9.7777694e-05,-0.00058411807,-0.00017528702,-3.278628e-05,1.2381701e-05
MAPKAPK5,-5.9500337e-05,-7.2576106e-05,6.6837296e-05,-1.4590099e-05,0.00032296032,-5.9289858e-05,-5.3353608e-05,5.1787356e-06
RPL5,-0.00029817037,-0.0007815398,-0.00064240396,0.00019026268,-0.0009837598,-6.2400475e-05,0.0003656596,4.085747e-05
SWAP70,-0.00013927184,-0.00050373,-0.000317052,2.9108487e-05,-0.00074695796,6.7865476e-06,0.00022296049,2.365408e-05
IMP4,-1.3004988e-05,-9.52445e-05,3.045611e-05,-7.0194714e-05,-0.0021579117,0.00016141124,7.705763e-05,1.954264e-06
HSPA5,-0.0001558084,-0.00037670135,-0.00015911087,-3.6302954e-06,-0.00015994161,-3.639981e-05,0.000130184,1.4898367e-05
KRT32,-0.00022910722,-0.0005253088,-0.00038178265,0.0001194505,-0.0010078028,-9.068102e-05,0.00021028798,2.7639093e-05
RANBP3,-8.514151e-06,0.00016308948,0.00014818087,8.314662e-05,-0.0005818382,-5.733501e-05,-0.00016819779,1.2246892e-07
ADHFE1,-0.0003711395,-0.00061057135,-0.0006173011,0.00020755455,-0.0039415285,-0.00011044508,0.0003576232,3.684219e-05
MPHOSPH10,4.8128888e-05,-0.00011136569,6.792694e-05,-8.2287006e-05,0.0011631995,0.00011101924,8.095987e-06,1.3599638e-06
PCSK1,-9.650551e-05,-0.00067857467,-0.0006435402,0.00016432256,-0.0042958036,0.00019057281,0.00045104232,3.600691e-05
MINDY1,0.00015345588,2.5458634e-05,8.733384e-05,2.8467737e-05,-0.0009842068,2.2101216e-05,-7.272046e-05,1.5314436e-06
MARVELD2,-5.4014847e-05,-8.3630905e-05,2.7228147e-05,1.7855316e-05,-6.6675246e-05,-5.268585e-05,-3.372226e-05,5.2627875e-06
CKB,-7.98814e-05,-0.0003986489,-0.00023591146,4.2387284e-05,8.0898404e-05,2.3050234e-06,0.00014868472,1.9037747e-05
TXNDC5,-0.000149915,-0.00034259818,-0.0001652129,3.7699006e-05,-0.0005741492,-7.01407e-05,0.00010156352,1.6470207e-05
SPECC1L,6.824732e-06,8.974224e-06,5.8285892e-05,7.364247e-05,0.001008302,-0.0001788023,-0.00015418138,8.660019e-06
STRAP,-0.00032799132,-0.00041702576,-0.00038771518,0.00026700646,-0.0011876598,-0.00026686583,0.00010394398,3.130047e-05
ZFX,0.00029864348,-0.00014107488,6.19404e-05,-0.00020051654,0.0005655065,0.0003740983,0.00012496673,-5.4083066e-06
FPGT,-1.7840415e-05,-4.8428774e-08,0.0001962781,-7.485319e-05,8.521974e-05,-6.834231e-05,-9.687338e-05,-3.1274976e-06
PDHX,-2.8826296e-05,-0.00026143342,-0.00011982955,-3.4487806e-05,-0.0009236038,6.486289e-05,0.00011756644,1.2172735e-05
TRIM35,0.00032808073,0.00033719093,0.00032686815,-3.8011e-05,0.00066946447,0.00012635347,-0.0002390286,-1.0279124e-05
CAMKK1,0.00016153976,0.00032429583,0.00037318654,-5.9083104e-05,0.00093640387,9.406544e-05,-0.00023125578,-1.4715246e-05
HPSE2,0.000108875334,3.6470592e-05,0.00011629239,2.1168962e-06,0.00021914393,4.931353e-06,-9.611342e-05,3.1862874e-07
ADA2,0.0002578441,-0.00026751123,-0.00011999905,-9.053014e-05,0.0014964715,0.0002279263,0.00012949668,1.0499731e-05
ADCK2,7.984415e-05,-4.8534945e-05,-0.000102475286,0.00016171299,-0.00016548485,-4.5373105e-05,-3.9970502e-05,1.1696946e-05
RPUSD2,8.651987e-06,-1.986511e-05,0.0001078248,-2.3912638e-05,-2.7120113e-05,-1.273863e-05,-6.486103e-05,1.4669495e-06
ZDHHC16,-0.00043840706,-0.00030052476,-0.00031727366,0.00033619534,-0.001454182,-0.00044380175,-1.784414e-06,2.8476468e-05
EIF4A3,-0.00045602582,-0.0005066097,-0.00044408254,0.0002977047,-0.0018725172,-0.00032432377,0.00014267582,3.4181518e-05
MAX,0.00018549897,0.00018246844,0.00031290948,-8.781254e-05,0.0003515631,8.230843e-05,-0.00015883613,-1.1725817e-05
CPNE1,-0.00015344843,-0.0004551988,-0.00030305795,5.8111735e-05,-0.0007394776,-6.0759485e-06,0.00019358844,2.2917637e-05
TMEM104,-0.00025174022,5.7958066e-05,5.249679e-05,0.00021752808,-0.0010311604,-0.00028386945,-0.00016501825,5.761045e-06
ZNF480,0.00025696494,0.000107157975,0.0003346186,-0.00021950621,0.0029610544,0.00013454445,-0.0001449557,-1.147273e-05
ATP8B2,0.00038712844,0.0002551712,0.0005988572,-0.00037952978,0.0015171021,0.00022818428,-0.00021002535,-2.530578e-05
ETFA,-3.1534582e-06,-0.00041977316,-0.00019932538,-6.566942e-05,-0.0010711253,6.198231e-05,0.00019561965,1.6033533e-05
EIF2AK4,0.00016720966,4.4766814e-05,0.00019856915,-9.829365e-05,0.0015144348,9.90415e-05,-9.6411444e-05,-4.516798e-06
PSAP,-4.816614e-05,-0.00012364239,3.8035214e-06,3.1677075e-05,0.00037828833,-3.7294813e-05,-2.5608577e-05,7.0169335e-06
CCDC27,-0.00019729696,-0.00042429753,-0.00028513744,0.000108559616,-0.00085374713,-0.00010128133,0.00014478713,2.285745e-05
PTPN22,-0.00021707267,-0.0005660821,-0.00048035756,0.00016989186,-0.0016931295,-8.603372e-05,0.0002500359,3.2803393e-05
CCBE1,0.00011385232,-0.00025373884,-8.427724e-05,-8.11005e-05,0.0024468377,0.00019049551,0.00010809861,6.8296213e-06
ST5,-0.00021708943,-0.00048895366,-0.00036055222,0.00012257323,-0.0011222437,-8.885935e-05,0.00019481964,2.6362599e-05
CARM1,0.00020308979,-8.039549e-05,0.00010537356,-0.0002011517,-0.000498876,0.000273088,6.886944e-05,-1.7867424e-06
LSR,-0.00025517493,-0.0003885571,-0.00029546767,0.00014711078,-0.000248231,-0.00015373155,0.00011542998,2.3282599e-05
GPR107,6.188452e-05,0.00031405874,0.00030870177,5.87143e-05,0.0012706369,-0.00012411457,-0.00030512642,-6.6322973e-06
OAS2,-4.6353787e-05,-0.0003258381,-0.00021663308,6.3689426e-05,-0.00053296983,3.4045428e-05,0.00012952276,1.7008395e-05
TMEM8B,-0.00022973493,-0.00010537729,1.2226403e-05,0.00013000518,-5.259365e-05,-0.00032885047,-0.00011479948,1.130579e-05
GBP3,-0.00017238408,-0.00023286231,-0.0001450032,0.00014407933,-0.00049623847,-0.00016134931,1.5053898e-05,1.556729e-05
NDUFAF7,0.00032673404,0.0007081814,0.0007052347,-0.0001620939,0.0024338812,0.00020468421,-0.0004134411,-3.4541707e-05
ZNF408,-5.2209944e-06,6.537698e-05,0.00011732243,8.058362e-05,0.00067456067,-0.00018092385,-0.000171897,2.5168993e-06
LMAN2L,-3.2037497e-07,0.00027556345,0.0002997853,8.3412975e-05,-7.891655e-05,-0.00018547615,-0.00028138887,-7.581315e-06
TTC19,-0.001152942,-0.0022432823,-0.0021577906,0.0006951215,-0.005472347,-0.0004388229,0.0011616899,0.00012616895
MAP10,-7.275492e-05,2.3523346e-05,7.674657e-05,9.635463e-05,-0.0008979738,-0.0001308173,-0.000113445334,3.8043363e-06
HSPA2,-7.1555376e-05,-0.00025028363,-0.00018546917,0.00010427646,-0.0010181293,-7.1555376e-05,5.747471e-05,1.8486637e-05
FOXK1,-0.000330586,-0.00037193857,-0.0002225712,0.00019693002,-0.00013005733,-0.00028039422,3.152527e-05,2.240017e-05
DYTN,-0.00024334341,-0.0005158838,-0.0004076138,0.00014596153,-0.0013716966,-9.191688e-05,0.00021794252,2.8579496e-05
GRHPR,-0.00016293675,-0.00021962821,-0.00015931763,8.150935e-05,-0.0012421906,-6.9814734e-05,6.640237e-05,1.6333768e-05
RAB44,-0.00021068938,-0.00048221461,-0.00035033748,0.00011854246,-0.0010478869,-8.9623965e-05,0.00018879212,2.5859219e-05
HCLS1,-0.00036728568,-0.00095126405,-0.0007156506,7.910095e-05,-0.0016423538,5.0583854e-05,0.00051877927,4.246144e-05
SNTB2,0.00024680048,-0.00012718886,0.00012229569,-0.00020448305,0.00056575984,0.00024706684,6.538071e-05,-4.9665105e-06
POLR2C,0.00016271323,-4.365295e-05,8.3835796e-05,-9.4384886e-05,-0.0022167042,0.00017355569,3.563706e-05,-1.2620585e-06
IL17RE,-0.00021154433,-0.0005165618,-0.00039410405,0.00012176577,-0.0011437163,-7.152464e-05,0.0002194792,2.7822563e-05
RENBP,-0.00012998097,-0.00045844913,-0.00027909875,2.323743e-05,-0.00055888295,4.30895e-05,0.00020994525,2.0370004e-05
ESCO2,9.289384e-05,6.6118315e-05,9.125285e-05,8.28132e-06,-0.00039673597,0.00010555424,-6.439909e-05,6.222399e-07
CCDC9,-0.0001861658,-0.00030261092,-0.0001602266,9.410456e-05,0.00064337254,-0.00012407638,4.8957765e-05,1.6778125e-05
COQ2,0.00014905445,0.00026622228,0.00031775795,-4.48972e-05,0.0007221699,-4.4963323e-05,-0.0002444787,-7.995637e-06
FAM178B,-6.216392e-05,-0.00014073774,-6.0835853e-05,6.242376e-05,-0.0003913343,-4.0290877e-05,1.4649704e-06,1.0318705e-05
CYTH4,-0.0001789201,-0.00064548105,-0.00051603466,0.000107037835,-0.0006709993,3.860332e-06,0.00031983294,3.324682e-05
PUS3,-2.4417415e-05,-0.00013296492,-1.5005469e-05,1.8319115e-05,0.00031477213,-7.8307465e-05,-8.540228e-06,6.768387e-06
PRODH2,-0.00026450306,-0.0005676374,-0.000458451,0.00016044825,-0.001544036,-0.000108625274,0.00024382211,3.1579635e-05
KRT9,-0.00011838414,-0.00033996813,-0.00019093603,6.0625374e-05,-0.00056230277,-4.8507005e-05,0.00010491349,1.7510029e-05
PSMD2,-0.0004176367,-0.0010246169,-0.00081951916,0.00019375049,-0.0014492646,-0.0001861332,0.0004719952,5.2802847e-05
SEC24D,0.00037765503,0.0002972465,0.00041342154,-0.0001338087,0.00095544755,0.00013672654,-0.00023900624,-1.5050522e-05
ZNF823,0.00041737407,0.0007511005,0.00068048574,-7.225387e-05,0.0013691857,0.00020106602,-0.00043917727,-3.4014345e-05
SLC29A2,0.0003002733,0.00040717237,0.0005728658,-0.00020410772,0.0023505092,0.00010272581,-0.00032197405,-2.4112873e-05
CYP3A43,-0.0001910124,-0.00049228594,-0.00036016665,0.00010711234,-0.0008354187,-7.127598e-05,0.00019924529,2.6211725e-05
SRM,-0.00029747188,-0.0006766021,-0.0005065203,8.31075e-05,-0.00070080906,-2.0770356e-05,0.0003360249,3.2344367e-05
GHRHR,-0.00015426055,-0.00045982935,-0.0002908148,6.8575144e-05,-0.0007399693,-5.2723102e-05,0.00017398782,2.2778753e-05
HINFP,0.00020926818,0.00040324964,0.00041551702,-4.9276277e-05,3.9495528e-05,6.238464e-05,-0.00026796665,-1.7084647e-05
GK2,-0.00021708943,-0.00048895366,-0.00036055222,0.00012257323,-0.0011222437,-8.885935e-05,0.00019481964,2.6362599e-05
LAS1L,9.862147e-05,-4.2542815e-05,6.190501e-05,1.1737458e-05,-0.00013356656,5.305372e-05,-4.2444095e-05,1.9776635e-06
DDX19B,0.0004000347,0.00053936616,0.00057600625,-0.00016141124,-0.0011838451,0.00034099258,-0.00025782455,-3.0057621e-05
ETAA1,0.00029635802,0.0005032029,0.00067858025,-0.00023583602,0.0015131086,0.00016607717,-0.00033921655,-3.172108e-05
NOS1AP,0.00032544136,0.0005986821,0.00088865124,-0.00028614048,0.004868254,-7.476378e-05,-0.00054027047,-3.602251e-05
N4BP1,-0.000115318224,-0.00068927184,-0.00050535984,5.3972937e-05,-0.0007613301,2.4272129e-05,0.00033563934,3.3365097e-05
CSGALNACT2,1.981482e-05,-0.00034701824,-0.00014556386,-9.994395e-05,-0.0012638345,0.00018399023,0.00020483788,1.1399272e-05
ATXN7L1,0.00032223202,-6.3301995e-05,0.00029618293,-0.0003031334,0.003450118,9.499118e-05,-9.232666e-05,-6.7200745e-06
MYOD1,-0.00021708943,-0.00048895366,-0.00036055222,0.00012257323,-0.0011222437,-8.885935e-05,0.00019481964,2.6362599e-05
TTPAL,8.530915e-05,0.00046138838,0.0004546009,1.4502555e-05,0.00042255223,-2.4461187e-05,-0.0003397921,-1.6859965e-05
PHYHD1,-0.00021323748,-0.00076835975,-0.00059636496,7.8659505e-05,-0.003517285,5.250424e-05,0.00043271203,3.541098e-05
SEC14L2,-0.00023011863,-0.00020293891,-2.938509e-05,5.3261407e-05,-0.00041490048,-0.00016059354,-1.9798987e-05,1.1613942e-05
UBP1,-0.00043694116,-0.0006341431,-0.0004960783,0.00028007198,0.00027684867,-0.00043483404,0.00013277028,4.0386105e-05
BACE1,-0.00035396032,-0.0004713703,-0.000366671,0.00020488258,-0.0008107722,-0.00031543104,0.000112636015,3.099302e-05
RUFY4,-0.0002508834,-0.00050495006,-0.00039168075,0.00015240349,-0.0010198578,-0.00013353303,0.00018931367,2.898532e-05
SLFN5,0.0002338048,0.00050068833,0.0005360283,-0.00011974946,0.0006897375,0.00020208117,-0.00029154215,-2.5441055e-05
LRRC4B,-9.186752e-05,-0.000355646,-0.0003135875,0.000114262104,-0.0017130896,-6.4130872e-06,0.00017864723,2.0899926e-05
CTSB,4.66872e-05,-8.0490485e-05,7.7638775e-05,-6.511714e-05,0.00034908205,6.70068e-05,-9.085983e-06,1.7337734e-06
LRRC37B,0.0003561508,0.00033045374,0.00036950782,-0.00013306178,0.001692228,0.00023025181,-0.0001989929,-1.5890691e-05
MYC,-0.00026647933,0.0003012307,6.999634e-05,0.0003308868,-0.0021635666,-0.00029035518,-0.00026538502,7.2313705e-06
NIPAL4,-0.00012194924,-0.00039021485,-0.00019079074,-2.6570633e-06,-0.0006161332,9.806827e-06,0.00015538745,1.6446807e-05
ITGB1,-0.00028667785,-0.0006563552,-0.0005130805,0.00012828782,-0.00088992715,-0.00012095412,0.00028400682,3.594486e-05
ZNF219,0.0002497509,0.00014449283,0.00042108074,-0.00024580956,0.0010405779,0.00012264214,-0.00016020145,-1.6032835e-05
IREB2,-5.644746e-05,-0.00030987896,-0.00011501089,-1.8924475e-06,0.0007256344,-3.5823323e-05,6.367732e-05,1.50506385e-05
ZNF845,0.00035795197,0.00031550415,0.0005754512,-0.00024126563,0.0016629323,0.000108290464,-0.00028522406,-2.4240115e-05
ZCCHC24,-0.00022857077,-0.0005423166,-0.0003752876,2.8756447e-05,-0.0013550818,6.3295476e-05,0.00028742198,2.4462584e-05
APBA3,-5.0565228e-05,-0.00014078803,-8.460693e-05,0.0001342427,-0.0004849434,-4.7473237e-05,-1.4396384e-05,1.1641998e-05
TDRD9,-1.4739111e-05,-0.00023513846,-0.00012151338,2.2777356e-05,-0.00062152743,5.1124953e-05,9.385683e-05,1.0809512e-05
NR0B1,-0.00031812117,-0.00040139444,-0.0002813246,0.00015979819,-0.0015069097,-0.00023588864,0.00010208413,2.4940586e-05
DHX32,0.00043782964,0.00071974285,0.0008796081,-0.00028711092,0.0042313784,0.00017695129,-0.0005011922,-4.0484243e-05
STAT4,0.00046829134,0.0006164629,0.0007611476,-0.00030294806,0.00239899,0.00024929736,-0.0003807051,-3.591599e-05
MOK,-0.00011205487,-0.00046063587,-0.00022415817,-3.4021214e-05,0.0006882623,-1.8091872e-05,0.00016974192,1.9296887e-05
DCAF15,6.908551e-05,-0.00015479885,-9.086914e-05,7.7166595e-05,-0.00039622933,-7.269997e-05,1.3178214e-06,1.1314987e-05
NDUFS7,-2.883561e-05,-0.00022032112,-0.00011097267,8.719601e-05,0.0005065277,-7.3738396e-05,1.6479753e-05,1.3522338e-05
STAC2,-2.3487955e-05,-0.00011446141,2.8908253e-05,3.5134144e-05,0.0007465333,-0.00012092199,-6.4864755e-05,6.654649e-06
SPRTN,0.00034594722,0.00036244094,0.000387894,-0.00011161808,-0.00040869415,0.0002812529,-0.00018209685,-1.808384e-05
FLRT3,0.00018910877,0.00020677224,0.00036959536,-0.00016822014,0.0011969507,0.0001697978,-0.00016100798,-1.4948659e-05
RNF169,0.00046722218,0.0005978532,0.0006616842,-8.775387e-05,0.0028627217,2.3911707e-05,-0.00047652703,-2.692279e-05
EMID1,-6.0116872e-05,-0.00044052117,-0.00030758046,3.3422373e-05,0.00061033666,-2.7543865e-05,0.00018518325,2.1655811e-05
DICER1,-0.0005463492,-0.0013748761,-0.0011214148,0.00024666172,-0.001933232,-0.00021065539,0.00066111423,7.020414e-05
SELE,-3.251061e-05,-0.00033390522,-0.0001839269,3.9267354e-05,-0.0005045384,2.632849e-05,0.00012355112,1.4948775e-05
SLC22A12,-0.00021162629,-0.0004865732,-0.00035703555,0.000119164586,-0.001081422,-8.5116364e-05,0.00019404199,2.6134308e-05
PGK1,-0.00018085353,-0.0002851393,-0.00016132556,0.000107734464,-3.46452e-05,-0.0001235609,4.6782196e-05,1.7190468e-05
GJA9,-0.00021708943,-0.00048895366,-0.00036055222,0.00012257323,-0.0011222437,-8.885935e-05,0.00019481964,2.6362599e-05
PPP3CB,-0.0002991706,-0.00066080876,-0.00064416043,0.00022000074,-0.00076729804,-5.2021816e-05,0.0003515184,3.8830214e-05
HYAL2,-0.00012290105,-0.00039511546,-0.00011412427,-3.3178367e-05,-0.00021338463,-0.00015635509,7.9588965e-05,1.6406644e-05
ZFP91,-0.0004505217,-0.0007464085,-0.0005281158,0.00017684512,-0.00041940808,-0.00030547287,0.00024997443,4.0621962e-05
METAP1,0.00031188317,-0.00010775775,0.0001453422,-0.0002197586,0.00065190345,0.0003125919,4.6704896e-05,-3.870111e-06
VPS36,2.0740554e-05,-0.00015400909,-0.00012391433,8.101575e-05,-0.00030035526,3.5108067e-05,3.822986e-05,1.3216049e-05
WRAP73,-0.00012957491,-2.7120113e-05,5.081296e-05,6.758049e-05,-0.0003573224,-0.00015250035,-8.8532455e-05,5.7477737e-06
SHF,0.0003122855,0.00045092218,0.0005191434,-5.814247e-05,0.0009925589,2.6176684e-05,-0.00037640613,-1.7906656e-05
BARHL1,0.00048273988,0.0003860984,0.0006168857,-0.00030444376,0.001843974,0.00032600388,-0.00024954882,-2.9832823e-05
GABRG1,0.00015650876,0.00049617887,0.0004377663,1.60411e-05,0.0007010475,0.00012244191,-0.000308712,-1.9203639e-05
CCDC178,-1.0639429e-05,-3.4224242e-05,5.602464e-05,8.8848174e-07,-0.0002656877,-7.793307e-06,-4.460849e-05,3.84578e-06
COQ6,0.0002299659,0.0005164128,0.0006046202,-0.00012545567,1.000613e-05,9.5419586e-05,-0.00033667032,-2.7919654e-05
MINPP1,5.6652352e-05,9.7109005e-05,0.00017047673,-1.44355e-07,0.00013309717,1.1099502e-05,-0.00012629759,-2.4662586e-06
WDR62,-0.00011928193,-0.00033987872,-0.00016287155,7.148646e-05,-0.0005485192,-0.00012696022,6.912835e-05,1.7393962e-05
LANCL2,0.0004529804,0.0002100002,0.0005356427,-0.00039656647,0.0010257885,0.0003209086,-0.00013023708,-2.5477726e-05
APCDD1,0.00013495423,-0.00025371835,-0.00010485202,-0.00014390517,0.0015474409,0.0001734905,0.00014121085,8.665724e-06
FBRSL1,-0.00018606521,-0.0005299859,-0.00030413084,3.446266e-05,0.0005944222,-0.00013210066,0.00016571302,2.6737922e-05
PPP2R5B,0.0004351437,0.00036886893,0.0005429182,-0.00022005662,0.002242349,0.00018427614,-0.0002677301,-2.4099601e-05
TIPARP,-7.259287e-05,-0.00035417266,-7.465109e-05,-9.277556e-05,0.0021653026,-6.457046e-05,7.1357004e-05,1.3423385e-05
CLPTM1L,0.00039173104,-0.0003865026,-6.9400296e-05,-0.0002815323,-0.00029593706,0.00048494618,0.00028603058,1.3362151e-06
EPS15,0.00012123585,-0.00021036342,3.3522025e-05,-0.00011814851,0.0001892969,0.00013471954,6.3019805e-05,3.5220291e-06
PITX3,-0.00048147887,-0.00061490946,-0.0004001651,0.00016995054,-0.0038513392,-0.00026803464,0.00023688562,3.070326e-05
PTCHD4,-3.3400953e-05,-0.00013820268,-4.008785e-05,-7.278286e-06,-0.0001354739,3.760867e-05,3.7811697e-05,7.951981e-06
TTC5,0.00020951778,0.00038193166,0.00047576986,-7.791538e-05,0.0016530976,-7.278286e-06,-0.00032585394,-1.6883598e-05
GTF2H1,5.3279102e-05,8.742511e-05,8.793734e-05,4.902482e-06,0.0005856529,6.338488e-05,-7.303152e-05,1.839362e-08
AKAP8L,0.0005388204,0.0004185345,0.0005207285,-0.0002686102,0.0013667047,0.00036196504,-0.00021927524,-2.4789711e-05
APEX1,9.2912465e-05,-6.146729e-07,0.00014807843,-6.946176e-05,0.000770621,0.00010469556,-5.5057928e-05,-2.6195776e-06
KRT23,-0.00015595928,-0.00038133375,-0.00025255606,9.316206e-05,-0.0012131333,-2.6999973e-05,0.00014265347,1.998851e-05
ELN,-0.00046673603,-0.00045533292,-0.0004401561,0.0003733011,-0.0023274943,-0.00045662886,6.18482e-05,3.66522e-05
XKR7,-0.00014829263,-0.00023086742,-0.00014706329,0.00011330377,-0.0012770221,-7.375516e-05,5.6779943e-05,1.4001736e-05
ZNF493,0.00014590286,0.000103615224,0.00027348474,-9.152107e-05,0.0020303354,-2.7436763e-06,-0.00016993005,-6.8333466e-06
HOMEZ,0.00053595565,0.00031993724,0.0005636364,-0.00033142976,0.00084050745,0.00045455433,-0.00015731808,-3.0047959e-05
IGF2BP3,5.303882e-05,0.00032841228,0.00044380687,-9.012874e-05,0.0019297153,-4.056655e-05,-0.000300291,-1.3913144e-05
VNN2,-0.0001728423,-0.00045471452,-0.00031558424,0.0001304932,-0.0008711666,-0.000119730365,0.00014822278,2.4699373e-05
TMEM232,-0.00025273114,-3.6824495e-05,0.00011178106,0.00016512536,1.616776e-06,-0.0004919432,-0.00022826437,7.900875e-06
B3GAT1,-0.00015205145,-0.00036617182,-0.00034335628,0.00024538208,-0.0008242205,-0.00020701764,7.167831e-05,2.8372859e-05
TRIM25,0.00030052662,0.0003645569,0.00047554448,-0.00016927533,0.0014442652,0.00020111911,-0.00024778303,-2.0052423e-05
KRT13,-0.00028812513,-0.0005398113,-0.0004042592,0.00017534848,-0.0011751577,-0.00021438999,0.00018215925,3.0430034e-05
PPP2R5E,-0.00025719404,-0.0008788705,-0.00068202056,0.00011616852,-0.0011431128,-8.041039e-06,0.00044228137,4.2167725e-05
CIP2A,0.00052450784,0.0003800001,0.00069979765,-0.00035094097,0.002791293,0.00024544355,-0.0003095707,-3.170129e-05
ASB7,0.00039077923,0.00037011877,0.0005976781,-0.0003181789,0.0024163872,0.000351171,-0.00021730084,-3.0259485e-05
YY1AP1,-0.00015649572,-0.00049013086,-0.0004369747,0.00014663953,-0.0023289174,1.8925406e-05,0.00025462173,2.9015704e-05
PLA2G4D,-0.000235999,-0.0005065985,-0.0003752429,0.00013655052,-0.0010499135,-0.00012604007,0.00018989202,2.7838163e-05
SWT1,0.00028083287,2.1437183e-05,0.00030934624,-0.00029245485,0.0011523217,0.00020722672,-5.2492134e-05,-1.1110096e-05
RPS6KL1,9.437278e-05,0.00020089187,0.0003930144,-3.650505e-05,0.0008344129,-0.00015074154,-0.0002963366,-9.520561e-06
RSRC2,-0.0003429912,-0.00055148825,-0.00040302798,0.00018606335,-0.0005884841,-0.00018702401,0.00018185563,3.054971e-05
MAPT,-0.00038239174,-0.000494821,-0.00027791597,0.00021776743,-0.00013387948,-0.00045489566,2.6602298e-05,2.928311e-05
FOXF2,-0.00019906461,-0.00031458773,-0.00029294565,0.00018240325,-0.0025052205,-7.0957467e-06,0.00014561974,2.1435902e-05
SP3,0.000111432746,0.00011559576,0.00017818436,-7.4574724e-05,0.0007371679,0.000103347,-8.7934546e-05,-4.5039924e-06
UTP15,-0.00012295507,0.00015705079,5.629845e-05,0.00013632048,-0.00019534677,-5.926937e-05,-0.00013831723,4.6029454e-06
MANEAL,0.00010595657,1.902692e-05,0.00012087636,-5.804561e-05,0.001421012,2.0903535e-05,-8.492917e-05,1.0926742e-06
MINDY4,9.8686665e-05,0.00026265718,0.00030628964,-4.2437576e-05,0.0010497123,-4.1979365e-05,-0.00023457129,-8.197385e-06
CLCN7,0.00038422272,9.6419826e-05,0.00032354705,-0.0002547605,0.0030514374,0.00021764357,-0.000105305575,-1.3610115e-05
GPC4,-0.00054212846,-0.00058781914,-0.0004950203,0.00028508902,-0.00048445165,-0.00032567093,0.00017901044,3.6531943e-05
NFYC,-0.00017264299,-0.00024280511,-8.422695e-05,6.736722e-05,-0.00030760467,-0.00014521042,1.2333505e-05,1.4119549e-05
GPR37,0.0003080275,0.00039705075,0.00039633177,-7.701572e-05,0.0011844113,0.0001438316,-0.0002583554,-1.5844591e-05
GLP2R,-0.00021708943,-0.00048895366,-0.00036055222,0.00012257323,-0.0011222437,-8.885935e-05,0.00019481964,2.6362599e-05
WHAMM,-7.627532e-06,-0.00014048629,-5.1392242e-05,0.00011380017,-0.00064184517,-0.00013179332,-3.4859404e-05,9.706826e-06
SLC25A41,-3.6422163e-05,-0.0003064964,-0.00021497533,2.7324073e-05,-0.0009962022,0.000116692856,0.00016651023,1.5936675e-05
MROH6,-0.00035497732,-0.0007043779,-0.0006005652,0.00017883442,-0.0025150925,-0.00016056094,0.0003370028,3.8968632e-05
PAK3,9.857118e-06,-0.00026332587,-0.00010848604,7.303152e-05,-0.0016257986,2.2785738e-05,5.882047e-05,1.3149227e-05
SRF,-0.000324348,-0.00076714903,-0.0005331505,0.00014502648,0.0008083731,-0.00026848353,0.00025106408,3.942987e-05
CLN6,0.00024899282,0.000264436,0.00055687316,-0.00027089845,0.0027498677,3.6465935e-05,-0.00026986282,-2.1680025e-05
SLC13A4,6.409176e-05,-2.8220937e-05,9.700656e-05,-9.09809e-06,0.0012818202,-6.012339e-05,-0.00010114629,2.6474008e-06
NDC80,-0.00014220923,-0.0003490001,-0.00013934821,-3.251247e-05,-6.402284e-05,-8.528121e-05,0.00010988489,1.5240046e-05
SLC25A35,0.00023145974,0.00010503456,0.00018947572,-0.00011476409,-0.0006130114,0.00025615282,-3.332179e-05,-8.565607e-06
SOWAHB,6.4330176e-05,-0.00015897863,3.0454248e-06,-2.998393e-05,0.000254184,5.5788085e-05,2.135802e-05,5.2510295e-06
EDA,0.000107742846,4.6575442e-05,0.00014675595,-9.624474e-05,-8.813292e-05,0.00017096754,-2.377294e-05,-4.670932e-06
ZNF628,0.00014516897,0.0001741238,0.00034846738,-0.00012735091,0.0012413263,1.5455298e-05,-0.00018998142,-1.1702534e-05
PDE6C,-0.00022789836,-0.00031639822,-0.00024721958,0.00015401561,-0.0013002753,-0.00016885623,8.6919405e-05,2.0696083e-05
PCID2,-0.00030744635,-0.00037345476,-0.00031627156,0.00019517634,-0.0012580007,-0.00019795075,0.00011748914,2.4325214e-05
GTF3C4,0.0005390197,0.0004932508,0.00057104044,-0.00026114658,0.0017102286,0.0004026685,-0.00024276692,-2.9557501e-05
HKR1,-0.00021708943,-0.00048895366,-0.00036055222,0.00012257323,-0.0011222437,-8.885935e-05,0.00019481964,2.6362599e-05
CFAP53,0.0004255511,0.000947902,0.0009691119,-0.00015935488,0.0025140122,6.9569796e-05,-0.00063223485,-4.569278e-05
FAM126A,-0.00016069226,-0.00070862845,-0.0004444439,-7.152837e-05,-0.0011703223,0.00013043452,0.00039532222,2.7318369e-05
PHYH,0.00031495653,0.00031429902,0.00028240494,-3.077183e-05,-0.0008420646,0.00021399092,-0.00015411619,-1.3131998e-05
PIP5K1B,2.9748306e-05,-0.00013287365,-6.99684e-05,1.4709309e-05,-0.00046998262,0.00012269989,5.7865866e-05,9.03802e-06
LRP3,0.00034997053,2.7863309e-05,0.00017300807,-0.00015861541,0.001351431,0.00024252571,-4.4075772e-05,-4.71517e-06
ETV6,0.00026392564,0.0002886951,0.00032879785,-0.0001114225,-0.0010170564,0.00016577356,-0.00015464518,-1.3581244e-05
REC8,4.767254e-05,-0.00026837923,-5.3856522e-05,-9.528082e-05,0.0005793497,2.8879382e-05,7.48625e-05,1.0706834e-05
SGCZ,0.00037956238,0.0002578944,0.0004232861,-0.0001983568,0.00071166456,0.00022664573,-0.00017999578,-1.838e-05
RAG2,-0.00019562058,-0.00045341998,-0.00033047795,0.0001186952,-0.0009089783,-8.9298934e-05,0.00017125811,2.4940819e-05
NUMB,-0.00014113449,-0.00032889843,-0.00025226176,0.00013396144,-0.0020420998,-0.00010948675,0.00010542292,2.1784334e-05
PTPRC,-9.583868e-05,-0.0006463714,-0.0005413927,6.8562105e-05,-0.001019597,0.0001251325,0.00037924014,3.186881e-05
LCLAT1,0.00031279214,0.00010767393,0.0003224332,-9.807199e-05,0.0015070587,1.8390827e-05,-0.00019728485,-1.0241405e-05
USH1G,-0.00019574352,-0.0004951563,-0.00036712177,0.00011571869,-0.0011512414,-6.983522e-05,0.00020408444,2.6452355e-05
PTCD3,-3.888458e-05,-0.00038859062,-0.00017039105,-5.3308904e-05,0.0015641302,4.98686e-05,0.0001395708,1.5664264e-05
CCDC149,0.00018566474,7.0294365e-05,0.00020413287,-0.00013163779,0.0010751709,0.00014463905,-7.055607e-05,-6.917864e-06
EPN1,-0.0001783818,-0.000628544,-0.0005215723,0.00014641415,-0.0019684061,-6.221887e-05,0.00028695725,3.617385e-05
ARHGAP15,0.00029650517,0.00026903115,0.0004027579,-0.00013107713,0.0017712489,0.0001088595,-0.0002332693,-1.4885678e-05
CYP2J2,-7.103011e-05,-0.00031220168,-0.00014065765,1.623854e-05,-0.0001982525,-3.7942082e-06,9.422377e-05,1.4194171e-05
ENO1,-9.049103e-05,-0.00013078004,1.617521e-05,1.9771047e-05,0.00049239397,-6.0379505e-05,-2.5418587e-05,6.3539483e-06
FAM171B,0.0006557759,0.0006501153,0.00083589554,-0.00038968027,0.0017428845,0.00050123874,-0.0003262451,-4.4724788e-05
CHEK2,6.7204237e-06,8.0687925e-05,9.026006e-05,6.2266365e-05,-0.00046976656,5.42216e-06,-8.705817e-05,8.5378997e-07
SLC43A1,-3.5127625e-05,5.3070486e-05,8.6545944e-05,0.00014588423,0.00029268116,-0.00019913726,-0.00018639397,5.6970166e-06
PIAS3,0.00040663593,0.00038204528,0.0005294923,-0.00025444757,0.0013064444,0.00031252764,-0.00022257213,-2.4400302e-05
RELB,8.247048e-05,-1.8930063e-05,0.00012837537,-7.910933e-05,0.0005306378,5.2705407e-05,-5.3444877e-05,-3.047753e-07
SNTB1,9.2700124e-05,0.00011058897,0.0003417395,-0.00019014534,0.0010838732,-1.1793338e-05,-0.00014497992,-1.190335e-05
JPH1,0.00035105273,0.0001590345,0.00031170994,-0.00014296547,-2.168119e-06,0.00023024436,-0.00011310447,-1.3593468e-05
TLX1,-0.00019034185,-0.00046904013,-0.00033136085,0.000106334686,-0.00085793436,-7.92183e-05,0.00018056855,2.4812063e-05
ZNF354A,0.00017047115,4.7465786e-05,0.000152139,-7.2386116e-05,0.0016331375,7.308088e-05,-0.00010914635,4.238682e-07
TMPO,-0.00045419857,-0.00082358345,-0.0007210262,0.00028551556,-0.0015581772,-0.00021046074,0.00034853816,4.7816196e-05
NBN,-4.0149316e-05,-0.00012224913,-5.6970865e-05,4.361756e-05,-0.0012428239,-2.637785e-05,2.3156404e-05,8.975156e-06
HOXB6,-0.00020601228,-0.0004918277,-0.00036164,0.000115136616,-0.0011860132,-7.228553e-05,0.00020259153,2.6160269e-05
IL27RA,0.00045403466,0.00048139133,0.0006375909,-0.0002639154,0.0017360076,0.00022592116,-0.0003125826,-2.8881594e-05
GPAM,-1.61957e-05,-0.00015315786,-1.3826415e-05,-2.977252e-05,0.00047884136,2.4959445e-06,1.4355406e-05,7.904717e-06
CBX8,0.00039004348,-5.799532e-05,0.00031790882,-0.00042713713,0.00035254657,0.0004196614,6.780401e-05,-1.5635858e-05
DCLRE1B,0.00026270188,0.00034964643,0.0004709307,-0.00011035707,0.0012018606,3.7938356e-05,-0.00028482545,-1.9332278e-05
POU3F2,-0.00048338994,-0.001141049,-0.0009385962,0.00024258997,-0.0027444363,-0.00012203399,0.0005708458,5.651766e-05
ATG14,0.00017369911,-8.43592e-06,0.0001444444,-0.000115163624,0.0018124208,0.00011874735,-6.128196e-05,-1.4490215e-06
ZNF483,0.0003808532,0.0008410029,0.00097390264,-0.00022404268,0.0024946854,2.7805567e-05,-0.00059851166,-4.3687294e-05
KIAA0100,3.5120174e-05,0.000118777156,0.000111270696,0.00013353303,0.0009478852,-0.00018265983,-0.00021375436,3.921916e-06
SOAT1,-0.00026679225,-0.00041393563,-0.0002862066,0.00010384433,-0.00061992556,-0.000130055,0.00014519319,2.2849883e-05
ZBTB24,0.00014096126,-8.97143e-05,-1.7739832e-05,-4.719477e-05,0.0002515316,0.0001529362,3.8224272e-05,5.3256517e-06
AP3M2,0.00020710751,-9.601191e-05,0.0002627503,-0.0002636565,0.0021774247,9.201467e-05,-4.7894195e-05,-7.0151873e-06
FAM193B,-9.4138086e-05,-0.0006918721,-0.00055794604,0.00012258906,-0.0008601472,-2.4729408e-05,0.00031964201,3.6380137e-05
FAM161B,0.00010994822,0.0005997345,0.0007274058,-0.000115741976,0.0010343716,-2.6158988e-05,-0.00043751393,-3.203901e-05
BICDL2,-0.00024871528,-0.00042054243,-0.00026394613,0.0001455117,-0.00072444975,-0.0001964448,9.696931e-05,2.3578294e-05
PLA2G3,-0.00030359998,-0.0005650036,-0.00042326376,0.00016876217,-0.0015437752,-0.00015973719,0.00021446869,3.0752388e-05
LRRC45,-7.541105e-05,-0.0005494561,-0.00025866553,-4.022196e-05,0.00039091706,2.2415072e-05,0.00021350756,2.0658365e-05
FRS3,0.00013012625,0.00017067604,0.00020201318,-3.462471e-05,0.0012779981,8.3948486e-05,-0.00013746787,-5.48712e-06
VKORC1,-0.000144694,-0.000120388344,-6.2990934e-05,2.813153e-05,-0.0011061728,-2.2156164e-06,4.6226196e-05,9.176903e-06
EARS2,-0.00025002472,3.9365143e-05,0.00011106208,0.00014767982,0.00031342357,-0.00036519952,-0.00020863768,6.2461477e-06
GJA10,-0.00021708943,-0.00048895366,-0.00036055222,0.00012257323,-0.0011222437,-8.885935e-05,0.00019481964,2.6362599e-05
NCF2,-8.172169e-05,-0.0004270021,-0.00023597106,-2.7929433e-05,-0.00023507327,0.00013181474,0.00022118166,1.6660895e-05
UNCX,-0.0002130419,-0.00039879605,-0.00024480186,5.907379e-05,-0.001571253,-3.975816e-05,0.00016460288,1.972157e-05
ACCS,0.00018785708,0.00022087432,0.00028536282,3.3894554e-05,0.00094231963,-0.0001441217,-0.0002668416,-6.7511573e-06
HTR2C,0.00035730377,0.0006270651,0.00083251856,-0.00029370096,0.0026157647,0.00010895729,-0.00044413563,-3.844418e-05
EGLN1,-0.00047037192,-0.0010179766,-0.00071386434,0.00021230523,-0.0008395463,-0.00037517957,0.0003672326,5.0157076e-05
MXI1,-0.0007481314,-0.0015533641,-0.0013852883,0.00038281642,-0.0033050403,-0.00019280612,0.00080395676,8.1204926e-05
ERN2,6.5490603e-06,-0.000109812245,4.489161e-05,-4.227832e-05,-6.80238e-06,4.5783818e-05,2.2267923e-06,3.3561373e-06
ALDH8A1,0.00038986467,0.0005007386,0.0005695671,-0.00018898211,0.0025360435,0.0003055632,-0.0002848925,-2.9768911e-05
BLNK,-0.0005692374,-0.001124423,-0.000993913,0.0003055483,-0.002832286,-0.0001915493,0.0005681077,6.034074e-05
GDF6,-8.635037e-05,-0.00011996366,-3.3957884e-05,5.702488e-05,-0.00037442893,-7.321406e-05,-1.5980564e-05,9.395299e-06
TRRAP,0.00034393743,0.0006089285,0.0005520601,-6.683264e-05,-0.0001559034,0.0002298085,-0.00033279601,-2.6843627e-05
IRX4,4.473701e-05,-4.0479004e-05,0.00021124445,-8.4250234e-05,0.002120182,-8.4166415e-05,-0.00013400894,-2.3175962e-06
FOXA2,-0.0002682414,-0.0008725729,-0.0007476453,0.00010620803,-0.0029091835,0.00011262018,0.0005285479,4.36696e-05
ERAL1,-0.00035635754,-0.00058211945,-0.00047816336,0.00011264533,-0.0023842826,-0.00011179969,0.00030130614,3.1754957e-05
GCFC2,0.000101938844,7.124804e-05,0.00018907338,-8.6039305e-05,0.0003120005,9.339303e-05,-7.679686e-05,-5.7317084e-06
MFSD11,-3.8854778e-05,0.00019450486,0.0002666153,4.7670677e-05,1.5981495e-05,-0.00012161629,-0.00022096466,-5.934504e-06
AGPAT1,0.0002321098,0.00040361658,0.0003564041,-2.0854175e-05,0.00065642595,7.997826e-05,-0.0002656309,-1.306145e-05
CDC45,0.00039156154,0.00033539347,0.00046622567,-0.00023352541,0.001166895,0.00033784844,-0.00018567313,-2.0318432e-05
NKX2-2,-5.7611614e-06,-0.0001961533,-7.18683e-05,-5.203765e-05,-0.0010294691,3.15411e-05,7.876847e-05,8.967938e-06
PRR14,0.00027591176,-2.7962029e-05,0.0002677031,-0.000267677,0.0014656857,0.00028095767,-1.8253922e-05,-1.0420452e-05
ZSCAN12,0.0003195461,0.00029075518,0.0004152041,-0.0001808228,0.00314603,0.00011640135,-0.00023943279,-1.5860074e-05
WARS,-0.00021708943,-0.00048895366,-0.00036055222,0.00012257323,-0.0011222437,-8.885935e-05,0.00019481964,2.6362599e-05
ZNF629,-2.8908253e-05,-0.00028610788,-0.00018856116,0.00013397355,-0.000288181,-8.6848624e-05,4.857406e-05,1.7737504e-05
FBXO21,-0.00048899837,-0.00071864016,-0.0006203186,0.00030875858,-0.0009843484,-0.00028995285,0.00025458168,4.3919426e-05
NT5DC3,6.6006556e-05,0.00020080991,0.00032908656,-0.000112557784,0.0020461455,0.00010805018,-0.00016048085,-1.418672e-05
DCAF4,-9.006448e-05,-0.00038356148,-0.00018494949,-6.896444e-05,-0.0010514855,3.1763688e-05,0.0001838142,1.5043304e-05
RCOR2,-0.00024805777,-0.00039444864,-0.00029611588,0.00015502516,-0.0012997091,-0.00012786454,0.000127987,2.436433e-05
GCGR,-0.00020631775,-0.0004849173,-0.0003542602,0.00011602696,-0.0010397956,-8.155126e-05,0.00019359961,2.5945832e-05
CHN1,-0.00021876395,-0.0006791614,-0.00053934567,0.00012039021,-0.00031354278,-1.1262484e-05,0.00032029208,3.491214e-05
FBXO31,0.0002519954,-0.00013316609,4.9414113e-05,-0.00024849642,0.0017997473,0.00033433922,0.00011892896,-2.2036256e-06
CLGN,0.0006791651,0.0007819962,0.0009043645,-0.0003766371,0.0025333464,0.0003830092,-0.00045530964,-4.295772e-05
NARS,-0.00021708943,-0.00048895366,-0.00036055222,0.00012257323,-0.0011222437,-8.885935e-05,0.00019481964,2.6362599e-05
TMEM259,3.381446e-05,-0.00038460642,-0.00028117746,4.2431056e-06,-0.000999935,0.00013993122,0.00020976644,1.9684318e-05
PTK6,-8.442998e-05,-0.00034307502,-0.0001716055,4.5483e-05,4.1127205e-05,-7.981714e-05,9.14922e-05,1.6740058e-05
BBS4,0.00033293478,0.0003740415,0.00050012395,-0.00016593188,0.00044509023,0.00014556572,-0.00025733467,-2.1478743e-05
SLC9A8,0.00037047267,0.00020247884,0.00031881407,-0.000115318224,0.00043457747,9.8518096e-05,-0.00018052105,-1.12293055e-05
RIC8B,0.0004130099,0.00027042255,0.00043750927,-0.00022350438,0.00049616396,0.00028108433,-0.00016456004,-1.9530184e-05
SYN1,0.00028730743,2.3916364e-06,0.00021923892,-0.00020143297,0.0027302355,0.00027186424,-3.550388e-05,-8.5305655e-06
SNX1,2.11671e-05,-0.00022880174,-9.723939e-05,-6.3027255e-05,-0.001134336,0.000144355,0.00013251603,9.768526e-06
GAS6,3.9840117e-05,-0.0001640059,-0.00012678839,1.4577992e-05,-0.0005017221,0.00012071617,0.0001006918,9.9370955e-06
RALBP1,0.00015079416,-0.00024433061,1.5132129e-05,-0.00011406746,0.00038466603,0.00012514647,6.0639344e-05,5.486072e-06
SLC8B1,-7.84453e-05,-0.00028853677,-0.00024970807,9.959936e-05,-0.001241371,4.8128888e-05,0.000136354,1.8831808e-05
PRKAA1,0.00014682859,-0.00026127137,-6.5885484e-05,-0.000106143765,-0.000969775,0.00021754391,0.00015600864,5.5582495e-06
ACADSB,0.00010851398,0.00015892833,0.00017386675,3.8565136e-05,-0.001190804,-2.1048822e-05,-0.00014427397,-3.3933902e-06
FBXL20,-5.032122e-05,-0.00013116747,-8.9004636e-05,4.3438748e-05,0.00030020624,8.155685e-05,3.5282224e-05,1.1374941e-05
ZNF814,0.0001675114,0.0003202334,0.0004125163,-8.422136e-05,0.0020558685,5.5506825e-05,-0.00026890915,-1.5048427e-05
KRT76,-0.00021162629,-0.0004865732,-0.00035703555,0.000119164586,-0.001081422,-8.5116364e-05,0.00019404199,2.6134308e-05
UIMC1,3.7115067e-05,0.00011018105,0.00020545162,-1.950562e-05,0.00081689656,-3.6986545e-05,-0.00015533622,-3.3349497e-06
FUT10,-3.0735508e-05,0.00025410578,0.0002740547,0.000101474114,-1.6346574e-05,-0.00020990334,-0.00028876867,-3.874302e-06
PARVA,-2.6747584e-05,-0.000216363,2.434291e-05,-0.00011837389,-0.0008170381,1.6122125e-05,6.0610473e-05,5.999347e-06
DRD2,-0.0005074851,-0.0006148778,-0.000446558,0.00022839755,-0.008137763,-0.00019196654,0.00031029712,3.1051924e-05
SPAG6,-0.0005955454,-0.0012628529,-0.0010667574,0.00025341194,-0.004480645,-0.00023519853,0.00066735595,6.146892e-05
RNF14,0.0003544446,0.0002761241,0.000256937,-3.5794452e-05,-0.00015479326,0.0001905933,-0.00016588066,-8.460018e-06
CTSF,-7.454865e-05,-0.00012589619,-6.660633e-05,8.460879e-05,0.00014153123,-0.00012114784,-1.813285e-05,1.0661664e-05
HMG20A,-0.00028422847,-0.00044300966,-0.00038644113,0.00018223282,-0.0011979789,-0.00016457494,0.00015721098,3.1113275e-05
RPAP3,0.00011975318,1.21332705e-05,0.00022519939,-0.00021563936,0.0014777929,0.00015730318,-2.9080547e-05,-7.932424e-06
LTV1,-0.00014278479,-0.00028252974,-1.9473955e-05,-2.012588e-05,0.000508219,-5.105231e-05,3.917981e-05,8.2432525e-06
SLC25A43,-9.069219e-06,-0.00015895814,1.427345e-05,-5.1154755e-05,-0.0005217418,6.110314e-05,4.0248036e-05,4.412257e-06
SH2D3A,-0.00020652823,-0.00047807395,-0.00033018924,0.00010385364,-0.001706712,-5.6744553e-05,0.00019924063,2.390251e-05
FASTKD5,0.00022547692,0.00026368536,0.00038810447,-9.761937e-05,0.0011409,4.960131e-05,-0.0002374677,-1.4898251e-05
KRT3,-0.00021708943,-0.00048895366,-0.00036055222,0.00012257323,-0.0011222437,-8.885935e-05,0.00019481964,2.6362599e-05
EXOC5,-0.00028870068,-0.00063885935,-0.00044474937,9.7207725e-05,-0.0005723834,-0.00013475586,0.00026429817,3.1392672e-05
KCNAB1,1.8751249e-05,-2.0436943e-05,0.00017790683,-5.1246956e-05,0.001683116,-0.00016272254,-0.00012680981,-2.5136396e-06
NIM1K,-3.9974228e-05,-8.406118e-06,7.867813e-05,-1.0570511e-06,-0.0017987713,-5.317852e-06,-3.0341558e-05,1.649023e-06
SVOPL,-0.00017668307,-0.00046272762,-0.00031501427,9.4302e-05,-0.0009984002,-7.1745366e-05,0.00017844606,2.385769e-05
NONO,-0.00023769774,-0.000646133,-0.0004984308,0.000120910816,-9.860098e-05,-4.778523e-05,0.00028540567,3.389921e-05
ZNF473,-2.2714958e-05,0.0006258376,0.00050839037,0.00016654935,-1.4796853e-05,-0.00027585728,-0.00049878005,-1.639116e-05
BIRC2,1.3388693e-05,9.022653e-05,0.00016895123,4.9663708e-05,0.0011931807,-0.00010919757,-0.00018373597,1.8125866e-07
USP35,0.00019091927,0.00031620823,0.0004407242,-0.00010914728,0.002357699,-2.4986453e-05,-0.00029342342,-1.49735715e-05
SLC22A13,-0.00017190911,-0.0004191529,-0.00032866374,0.00012283865,-0.0014848337,-4.8507005e-05,0.00018177088,2.330204e-05
MEIOC,2.2657216e-05,-0.00010707788,2.0204112e-05,-6.22496e-06,-2.8982759e-06,3.058929e-05,-8.164905e-06,5.3368276e-06
ONECUT3,-0.00021708943,-0.00048895366,-0.00036055222,0.00012257323,-0.0011222437,-8.885935e-05,0.00019481964,2.6362599e-05
LRRC8A,-3.4727156e-05,-9.4750896e-05,-0.00010520965,0.00013033953,-0.0015005544,-3.898237e-05,-3.80259e-06,1.2675067e-05
MAML1,0.00013537332,6.778911e-05,0.00011366606,6.187707e-06,-0.0019055456,0.00014249235,-4.653074e-05,-2.0746375e-06
FAR1,2.4778768e-05,-0.0004233718,-0.000231985,-6.491877e-05,-2.4408102e-05,0.00020552054,0.00023491215,1.5979633e-05
POU2F3,0.00012565963,-0.00017222203,1.5567988e-05,-0.00012892764,0.00082135946,0.00020106602,7.267762e-05,3.5437988e-06
SOCS5,0.0003666971,0.00046695396,0.00066450424,-0.00030859932,0.0032615662,0.00030071568,-0.0002883142,-3.1902688e-05
POU3F3,-0.0006532669,-0.0011721458,-0.0009040944,0.0002496736,-0.001164481,-0.00036845682,0.0004928792,5.844212e-05
HNRNPDL,-0.00050988793,-0.001092691,-0.0009223893,0.00028332043,-0.0015444383,-0.00018348172,0.0005116733,5.7354104e-05
ZNF622,-0.00019178167,-0.00010162033,6.46729e-05,5.3215772e-05,-0.00044741482,-0.00021146424,-8.132402e-05,6.236369e-06
SLC13A2,-0.00021708943,-0.00048895366,-0.00036055222,0.00012257323,-0.0011222437,-8.885935e-05,0.00019481964,2.6362599e-05
TFEB,3.436953e-05,-0.00010235794,-2.7643517e-05,4.3760985e-05,0.00018075109,6.1457977e-06,-1.2166798e-05,7.1329996e-06
QDPR,-0.00016548857,-0.00016117282,-0.00013179518,0.00012871064,-0.0007637739,-6.178953e-05,3.2541342e-05,1.3467157e-05
TTC30B,0.00025301427,0.00022911094,0.00034001656,-0.00016966928,-0.00092324615,0.00023804046,-0.00010495912,-1.546985e-05
STK38,-0.00021604262,-0.0006722063,-0.00051247515,0.00011041388,-0.00088080764,-2.2918917e-05,0.00031735562,3.463938e-05
FBXL5,-8.852035e-05,-0.00017717853,6.041862e-05,-1.3681129e-06,-0.0005812645,-0.00012621144,-4.502386e-05,6.8994705e-06
POU5F1,1.649186e-05,-0.00014584698,3.812276e-05,7.951632e-06,0.0013489872,-0.0001553325,-7.660501e-05,7.2661787e-06
HSD3B7,-0.0001278799,-0.0003991276,-0.00034413114,0.0001383489,-0.0009411052,-5.0917268e-05,0.00016026571,2.5161076e-05
SGMS1,0.000121107325,0.0002539158,0.00032906793,-8.265488e-06,0.0019665211,-3.857445e-05,-0.00026688445,-8.938485e-06
CCNL2,-0.00054962933,-0.0011581294,-0.00095085986,0.00027379394,-0.0017115027,-0.00027087238,0.0005115969,6.20418e-05
FAM149B1,0.00027086213,-1.9831583e-05,0.00012601167,-0.0001307223,-0.00079265237,0.00027739257,2.7588569e-05,-4.631118e-06
NUP54,-4.6731904e-05,-0.00030266494,5.1520765e-06,-6.7145564e-05,0.0003947094,-4.8470683e-05,2.2539869e-05,1.0553049e-05
UVRAG,1.2334436e-05,0.00019011088,0.00026811287,-7.993542e-06,0.0012006387,-8.5779466e-05,-0.00021751877,-5.6701247e-06
CYP51A1,-0.0002824813,-0.00042881072,-0.00031784736,0.00014018267,-0.00046890974,-0.00012930762,0.0001544999,2.4189707e-05
KRT33B,-0.00024260208,-0.0005248729,-0.0004046932,0.00013943296,-0.0013283044,-9.769108e-05,0.00021802448,2.8684619e-05
OTX1,-0.0001909174,-0.00055354834,-0.0005012583,0.00012268219,-3.6135316e-06,1.7398968e-05,0.000285279,3.258884e-05
CFAP100,0.00037101284,0.00036790222,0.00057272054,-0.00023796875,0.0035656244,0.00014574546,-0.00029548537,-2.6557944e-05
SP4,-7.1235e-05,-0.00021459721,-1.3001263e-05,7.2596595e-06,0.0011839941,-0.000111471396,-2.5228597e-05,1.1049211e-05
KRBA1,5.509518e-05,0.00013128296,0.00020512007,1.39204785e-05,0.00013940036,-3.701914e-05,-0.00016578007,-3.1030504e-06
ZNF180,0.00026092492,0.00029431283,0.00039100647,-2.9263087e-05,0.0005201027,1.7818995e-05,-0.00027892087,-1.29828695e-05
LIAS,0.0003512036,0.00044040754,0.0007373933,-0.0003226353,0.0019718483,0.00019661151,-0.00032872427,-3.4193392e-05
ADAM32,-0.00018041953,-0.00050679594,-0.00033125095,7.9596415e-05,-0.0015813783,-6.613601e-05,0.00020577107,2.519763e-05
SNIP1,0.00062196143,0.00076762773,0.0008734651,-0.00034382008,0.0034414083,0.00041520037,-0.00041796174,-4.647544e-05
CLCA4,-0.0002197437,-0.0004947074,-0.0003656894,0.00012381654,-0.001090534,-9.2295e-05,0.0001967214,2.6700902e-05
TNFRSF25,0.0003301967,0.00023085997,0.00030915812,-0.0001066057,0.0016816854,0.00016253069,-0.00018168893,-1.1215452e-05
ZW10,0.0004936494,0.0001669135,0.0004914738,-0.00040504523,0.002151616,0.00035014004,-0.00012483168,-2.1415413e-05
TES,0.0001333449,-0.00021672994,-4.749745e-06,-0.00012418814,0.0006752163,0.00018270314,9.359233e-05,4.017027e-06
LMNTD2,-6.671809e-05,-0.00034672953,-0.00016205013,1.8524006e-05,-6.0595572e-05,-1.3341196e-05,0.000111762434,1.5049474e-05
SPHK2,0.00021093525,-0.00016363151,-8.16714e-05,-0.00010701362,-0.002460152,0.00033706054,0.00018832833,3.172434e-06
CRMP1,-0.00075934455,-0.0014141724,-0.0013352633,0.00048518833,-0.0031725392,-0.00026594428,0.0007037064,8.044613e-05
LCMT2,1.5923753e-05,0.00012687594,0.00015212223,1.725927e-05,-0.0008267686,2.3685396e-05,-0.00010182988,-2.837507e-06
SLC44A3,-6.433204e-05,-0.0002524648,-0.00020473823,0.00011266954,-0.0017502457,-9.748153e-06,9.506475e-05,1.6914913e-05
SLC2A9,-0.00017278455,-0.00040478073,-0.00027686357,0.000104792416,-0.0006274432,-9.66955e-05,0.00013944041,2.1777116e-05
CLK1,-0.00033767335,-0.0008580219,-0.00063561276,0.00016993936,-0.00088135153,-0.000118342694,0.00036787987,4.21945e-05
OSGIN1,-3.0823052e-05,-0.0002995506,-0.00010391325,-1.2380071e-05,4.6037138e-05,6.4373016e-06,9.563286e-05,1.0606949e-05
GUCY2F,0.00018867478,4.9535185e-05,0.00023887306,-0.00012543611,0.0011655912,5.459506e-05,-0.000116593204,-5.702139e-06
CIR1,3.228523e-05,-4.665181e-05,0.00012922473,-5.8337115e-05,0.0010216087,-2.9759482e-05,-8.0617145e-05,1.2157252e-06
TEAD3,0.00032106228,0.00029156543,0.0004459303,-0.00018268824,0.00063061714,0.00016220473,-0.00020563137,-1.9649742e-05
KPNA3,-0.00032978877,-0.0006818455,-0.00054668635,0.00016719848,-0.001528427,-0.00010972237,0.00031619053,3.610272e-05
CYP4A22,-0.00020631775,-0.0004849173,-0.0003542602,0.00011602696,-0.0010397956,-8.155126e-05,0.00019359961,2.5945832e-05
GPC2,-0.0006669741,-0.0014907364,-0.0013483036,0.00039814413,-0.0033268332,-0.000260605,0.00074742734,8.213811e-05
PRSS23,-0.00056165084,-0.0009198226,-0.0007477179,0.000289076,-0.0020194799,-0.0003605429,0.0003820099,4.819478e-05
TAF6L,-0.00044997968,-0.0004842542,-0.00034050457,0.00024930015,-6.4752996e-05,-0.0005005887,4.5952387e-05,3.1805946e-05
DAPK2,-7.1801245e-05,-0.0005342234,-0.00036313757,-1.0494143e-05,-0.0020557642,0.00020377897,0.00032943394,2.1195738e-05
FOXJ1,-2.6496127e-05,-0.00059886463,-9.379536e-05,-0.00025451276,0.00022178888,5.8822334e-06,0.00024187192,8.803676e-06
FRRS1,-0.00016866066,-0.00046638213,-0.0003172774,9.587873e-05,-0.0005245805,-8.029025e-05,0.00016884506,2.4485053e-05
CYP46A1,0.00012033805,-0.000105461106,5.9159473e-05,-5.696714e-05,0.0014631525,7.1992166e-05,-3.0442141e-05,4.1995663e-06
FZD2,-0.000471849,-0.0009030886,-0.00070449896,0.00023889635,-0.00048343837,-0.00032188836,0.00033319928,4.8537855e-05
DOK5,-0.0001714807,-0.00039177202,-0.00021141395,1.261849e-05,-2.2687018e-05,1.1946075e-05,0.00016689207,1.5824684e-05
CCNT1,0.0002090875,0.00036868826,0.00037901476,-4.8315153e-05,0.00035671145,0.00016730279,-0.00022726785,-1.5928294e-05
DIS3,0.00010623783,-0.0003405474,-8.58102e-05,-0.00013348926,-2.8386712e-05,0.00017317757,0.00015732832,9.934418e-06
PRPSAP1,-0.0003610514,-0.0004301779,-0.0003575515,0.00021405425,0.00024541467,-0.00026326487,0.0001021903,2.8811628e-05
JHY,0.0004800167,0.00054751337,0.00061330944,-0.00019924808,0.00032503158,0.00026480574,-0.000306678,-3.0115014e-05
INTS9,0.00023251958,0.0003727246,0.00054676645,-0.0001979135,0.0020942986,7.5998716e-05,-0.00030592363,-2.1870015e-05
UMPS,2.4156645e-05,3.6882237e-05,0.00011621229,-6.5993518e-06,0.001274012,-6.392598e-06,-0.00010319147,1.0310905e-06
ALG12,-6.858073e-05,-0.00024529174,-0.00016355328,9.0742484e-05,-0.00048229843,-6.697886e-05,5.7301484e-05,1.5926897e-05
STAT2,-0.00024232268,-0.00023416989,-4.769489e-05,0.000108677894,0.0017582774,-0.00034532137,-8.687936e-05,1.5376718e-05
PATZ1,0.0001114849,-0.00013349019,3.0854717e-05,-6.157346e-05,0.0017812178,3.4375116e-05,-2.2987835e-05,5.962909e-06
POU4F2,-0.00021832064,-0.00030691177,-0.00029537827,0.00022114534,-0.001841858,-9.072013e-05,0.00010356866,2.21011e-05
EIF2B2,6.418675e-06,0.00017464161,8.800998e-05,9.734649e-05,-0.0015585423,5.141832e-05,-9.627361e-05,3.9115548e-08
MINDY2,3.0959025e-05,-0.00027556717,-0.0001306273,1.3040379e-05,-8.530915e-06,3.9823353e-06,7.61589e-05,1.3615936e-05
FMO5,3.7262216e-05,-0.00040365756,-0.00016624294,-0.00010594539,0.00060363114,0.00017742813,0.0002011396,1.2513134e-05
THOP1,-3.721565e-06,-0.00019055419,-8.8179484e-05,3.5615638e-05,0.00054290146,-2.8619543e-05,2.0080246e-05,1.149904e-05
PACSIN2,0.00024277717,0.00010884553,0.00022563338,-0.00013372488,0.0003960058,0.00020547677,-6.897468e-05,-8.468283e-06
C17orf66,-0.00021708943,-0.00048895366,-0.00036055222,0.00012257323,-0.0011222437,-8.885935e-05,0.00019481964,2.6362599e-05
ZNF136,0.0003608521,8.410774e-05,0.00019014999,-0.00017676689,0.0013757423,0.00033164863,-2.6967376e-05,-8.117757e-06
RBM23,-0.0001313407,-0.00016048178,-5.9138983e-06,4.5853667e-05,-0.0007769391,-6.555393e-05,9.927899e-07,7.5541902e-06
WFIKKN2,6.2704086e-05,6.1392784e-06,0.00014590286,-8.807611e-05,-0.00027232617,0.00012394693,-2.8841197e-05,-3.4500845e-06
FBXL4,2.515316e-05,0.00023652427,0.000311777,-6.040558e-06,0.0006541759,-8.945726e-05,-0.00024605822,-8.291914e-06
GSPT2,-0.00019741617,-0.0006416198,-0.00050891377,0.00015120301,-0.0003425628,-7.856917e-05,0.0002649501,3.599527e-05
THNSL2,0.00017403252,0.000107003376,0.00022537261,-0.000118312426,0.00041330606,9.657815e-05,-9.254273e-05,-7.8205485e-06
PPHLN1,-0.00011875108,-0.00042054616,-0.0002634637,3.3754855e-05,-0.000117488205,-2.0311214e-05,0.00016427226,2.1656393e-05
MFSD1,-0.00020723231,-0.00016179867,-0.00014504045,0.0001767287,-0.001120694,-0.00019494165,-1.2040138e-05,1.6965438e-05
ZSCAN10,-0.00021708943,-0.00048895366,-0.00036055222,0.00012257323,-0.0011222437,-8.885935e-05,0.00019481964,2.6362599e-05
TMEM145,0.00017720647,-7.5602904e-05,8.40798e-06,8.304603e-06,-0.000414595,8.5419975e-05,-1.9432046e-05,6.1446335e-06
IL17RA,-6.5863132e-06,-0.00031434558,-0.00019094348,8.665398e-05,-0.00025912374,-5.559344e-05,8.263346e-05,1.732551e-05
FUCA1,0.00014277361,8.68272e-05,9.248592e-05,-1.4513731e-05,-0.0006762743,0.00017373916,-1.9166619e-05,-3.8630096e-06
PTBP3,-0.000799017,-0.001463458,-0.00138589,0.0005315738,-0.0037371889,-0.0003512227,0.0007065246,8.466584e-05
SLC25A28,0.0004534442,0.0004571732,0.0005892236,-0.00020582136,0.002502665,0.0001573395,-0.0003351206,-2.5193905e-05
KCNJ10,-0.00075771287,-0.0008499939,-0.0007694997,0.0005145613,-0.0029532388,-0.0006433106,0.00021682587,5.7377387e-05
TUBD1,8.8131055e-05,-0.00014929473,1.4036894e-05,-0.00017392728,0.0008775294,0.00027209055,0.00011383556,5.958136e-07
IQCE,0.00013956986,0.0001253616,0.00015448965,2.6625581e-05,0.00012210011,1.4101155e-05,-0.00013191905,-2.5307527e-06
ETV4,-0.00032722577,-0.00035523064,-0.0003631562,0.00022058096,-0.0020211637,-0.00016955473,0.00013025664,2.8243754e-05
CHST15,0.00018948875,-0.0001192186,3.5259873e-06,-0.00014343765,0.00037941337,0.00029557664,0.00011729635,1.7217826e-07
GBP6,-5.1844865e-05,1.9790605e-05,3.7474558e-05,7.737707e-05,-0.0002449453,6.053597e-08,-5.67222e-05,2.4699839e-06
CSAD,-0.00018122047,-0.00072551705,-0.0005132854,7.4406154e-05,0.00024610013,-1.11805275e-05,0.0003276039,3.320491e-05
MACC1,-0.0001714807,-0.0005782768,-0.00034358166,0.000102629885,2.8125942e-05,-0.0001836745,0.0001644576,2.8431648e-05
SLC1A5,0.00031125546,0.00017100759,0.0001802966,-8.090027e-05,0.00080708414,0.00026964676,-7.687416e-05,-7.581897e-06
DALRD3,0.0001453273,0.00045736507,0.00048172846,1.6657636e-05,0.00035900623,-0.00013858126,-0.0003906479,-1.5982077e-05
CEP57,-6.828271e-05,-8.1470236e-05,-4.2991713e-05,7.351488e-05,-2.6963651e-05,3.311783e-06,-8.927658e-06,8.421019e-06
TOM1,7.796101e-05,-0.00021233968,-2.210401e-05,-0.000111931,-0.0014852062,0.00017480552,0.00013085362,3.0660303e-06
SGO2,5.5233017e-05,-0.00014030561,-4.9449503e-05,-8.496363e-05,-0.0002978295,0.00019390229,0.0001047235,5.7438156e-06
SLC25A5,-0.00018875487,-0.0003135074,-0.0002022963,0.00011873059,-0.0002693683,-0.00014460087,6.1091036e-05,2.0283856e-05
POU3F4,0.0003422033,0.00043787062,0.00059436634,-0.00032388512,0.0025491044,0.00028070062,-0.00024663936,-2.7496135e-05
TRAF3,0.00037092157,0.00022973679,0.0003446024,-0.00021434575,0.0020327792,0.00019156095,-0.00015765335,-1.2981007e-05
CDCP1,-6.0569495e-05,-0.00038615055,-0.00016679056,-5.884096e-06,-0.00011823326,-4.3361448e-05,0.000115958974,1.6781152e-05
EFCAB13,-7.636845e-06,0.00011982396,0.0001786612,4.5181252e-05,-0.00015117973,-0.00010430068,-0.00015700702,-2.9230723e-06
CDYL,-0.00019779429,0.0001300089,0.00029841252,9.741727e-05,0.0021049753,-0.0004652273,-0.0003549112,1.8288847e-07
TBRG4,9.3581155e-05,-0.00013739802,3.4958124e-05,-5.458668e-05,-4.7691166e-05,8.023996e-05,2.979301e-05,2.0874431e-06
LAP3,-3.4390017e-05,-2.6341528e-05,9.652227e-06,3.725663e-05,-0.00073860586,1.3760291e-05,-1.8888153e-05,5.507027e-06
CHST8,-0.00012320839,-0.00041457824,-0.00028175674,6.609317e-05,-0.0014989972,-1.1650845e-05,0.00017221272,2.2657681e-05
CNDP2,-3.6753714e-05,-8.4588304e-05,-3.747642e-05,5.447492e-05,0.001095295,-3.2562762e-05,-3.0168332e-05,8.494593e-06
TFCP2,-0.00016589463,-0.0005034264,-0.00036801398,9.4722025e-05,-0.00020918995,-4.2128377e-05,0.00019798707,2.7272967e-05
MTPAP,-0.00033151917,-0.00075219385,-0.00065198913,0.00020611659,-0.0017852336,-0.000104601495,0.00034964085,4.267902e-05
TXLNA,0.00020528212,-0.00024601072,4.6288595e-05,-0.00025758427,0.0006786883,0.0003021909,0.00015181769,-4.278263e-07
CHRNA6,0.00024144724,9.8833814e-05,0.0002712123,-0.00013406202,0.000791125,0.00012656767,-0.000121480785,-8.715782e-06
MAPK3,-5.7293102e-05,-0.00010785274,-0.00011566095,0.00016884599,-9.9644065e-05,-0.00016273418,-5.0078146e-05,1.5451806e-05
NCOA4,0.000100750476,9.454787e-06,0.00018451735,-3.145449e-05,0.0017219186,-5.7971105e-05,-0.0001447862,-1.2404053e-06
FANCC,0.00031527318,0.00052250177,0.0006368775,-0.00013730954,0.00092954934,9.127613e-05,-0.00038499478,-2.6937574e-05
NASP,-8.964911e-05,-0.00037957914,-0.00019904785,4.635472e-05,0.0001673922,-2.9869378e-05,0.00011171214,1.8277322e-05
UACA,0.00017247349,-0.00035296567,-0.0001020506,-0.00015298184,0.0010445938,0.00032050442,0.00019473676,7.6266006e-06
FARS2,0.00040535256,-1.4739111e-05,0.00028922036,-0.00027191546,0.00021660328,0.0003512744,-4.223548e-06,-1.314003e-05
SLC1A7,-0.00019919872,-0.00048033707,-0.00034854934,0.000111727044,-0.00099127,-7.7076256e-05,0.00019169506,2.5592977e-05
MARCH6,-0.00021708943,-0.00048895366,-0.00036055222,0.00012257323,-0.0011222437,-8.885935e-05,0.00019481964,2.6362599e-05
FZD4,2.8083101e-05,-0.00027779676,-0.00014516152,-2.4416484e-05,0.0012352839,5.801674e-05,9.562727e-05,1.3252255e-05
TNIP1,0.000108862296,0.00011342205,0.00030083954,-0.00014953874,0.0024152324,8.838158e-05,-0.00014726538,-9.594951e-06
UBA2,-0.0004278887,-0.0007591788,-0.00077817775,0.0002912674,-0.0030072927,-0.0001015421,0.00040636119,4.8935763e-05
TOP1MT,0.0004437603,0.00022603013,0.00043763034,-0.0002540797,0.0008657947,0.00034358446,-0.00013839733,-2.0489097e-05
ZBTB48,0.0002617836,0.00019669347,0.00044454448,-0.00017022248,0.0026300699,-1.0989606e-05,-0.00025857147,-1.5660888e-05
CTCFL,0.0002639182,0.00011202879,0.00027748384,-0.00015331432,0.0018730685,0.00015930831,-0.00012456346,-9.487849e-06
KPNA2,-0.00057595037,-0.0011963621,-0.0010564644,0.00027702004,-0.002252236,-0.00013309112,0.00062473863,6.31779e-05
NFKBIZ,0.00016591325,0.0003306698,0.00043722056,-5.7894737e-05,0.0011035651,4.6128407e-06,-0.00027510803,-1.7747749e-05
MMACHC,3.855303e-05,-4.942715e-05,4.4099987e-05,-4.814472e-05,-0.0017632544,0.00013295095,2.9851682e-05,1.8612482e-06
PMPCB,-2.2027642e-05,-9.181909e-05,-4.8950315e-05,8.565653e-05,-0.0007188916,-5.5134296e-05,-2.355408e-05,1.0664808e-05
SLC25A47,-0.0002019424,-0.00046490878,-0.00033040717,0.000107819214,-0.001056239,-7.7812e-05,0.0001826724,2.4670037e-05
PIAS2,0.00018697232,-0.0001179371,6.322563e-05,-0.00015230663,-0.0005808696,0.00025410205,7.6039694e-05,2.6659109e-08
CCDC173,-0.00017995946,-0.00018732622,-7.778406e-06,5.202554e-05,-0.0010438189,-0.00017464999,-3.741216e-05,1.1715223e-05
MZF1,0.00014075078,-0.00017672963,-3.6153942e-06,-8.1503764e-05,-0.00034976006,9.4235875e-05,4.3649226e-05,7.169787e-06
RDH12,-0.00016175024,-0.00038469583,-0.00030761212,0.00013980549,-0.0012377799,-9.858515e-05,0.00013716333,2.4217414e-05
SOX4,-0.00058715604,-0.0012720767,-0.0011228919,0.00034634583,-0.0023545027,-0.00017530145,0.00063117966,6.74926e-05
CDC14B,0.00031826086,0.00023468956,0.0002408009,-0.00013184268,1.2010336e-05,0.00039586704,-5.6808814e-05,-1.3094279e-05
BNC1,-0.00015545636,-0.00038376823,-0.0002927538,0.00010916684,-0.0009904578,-5.2113086e-05,0.0001495136,2.2431137e-05
RTN3,-0.0003215354,-0.0007481612,-0.0006165188,0.00019646063,-0.0015334412,-7.691886e-05,0.00034600962,4.0379586e-05
UGT1A6,-0.00021708943,-0.00048895366,-0.00036055222,0.00012257323,-0.0011222437,-8.885935e-05,0.00019481964,2.6362599e-05
SLC18A3,-0.0001431331,-0.0003162697,-6.1577186e-05,-1.2755394e-05,0.004246399,-0.0002806359,-4.594773e-05,1.7316313e-05
KRT7,-0.00065800734,-0.0012411885,-0.0010727383,0.00046156347,-0.003034845,-0.00046734232,0.00047643296,7.1884715e-05
DDO,-0.0002908837,-0.00059669465,-0.0004915036,0.0001707077,-0.0017085448,-0.000113280956,0.00026452355,3.323797e-05
CMAS,0.0001312904,6.939657e-05,0.00021224096,-8.0510974e-05,-0.0008890778,0.00013949815,-7.093046e-05,-6.511458e-06
CYP1A2,0.00011732057,8.9982525e-05,0.00023031235,-0.00013484433,0.0006413609,0.000104658306,-8.256454e-05,-7.991795e-06
SLC23A3,-0.000253357,-0.00040286034,-0.0002826918,0.00015175063,-0.0010307357,-0.0001521171,0.00011668261,2.3548026e-05
PBX3,-0.0012609884,-0.002574442,-0.002301328,0.0005667275,-0.004907079,-0.000340892,0.0013709767,0.00013304269
PLXDC1,-0.0007380657,-0.0010831151,-0.0010274053,0.00033435132,-0.0042919144,-0.0002048323,0.0005903514,6.3211424e-05
TEAD2,5.699694e-05,-0.000119296834,2.5866553e-05,-8.692406e-05,-0.0013468266,8.9299865e-05,5.120691e-05,2.8298236e-06
CC2D2B,-0.00018047728,-0.0002758652,-0.00019387342,0.00011788774,-0.0011145398,-9.4173476e-05,7.692538e-05,1.7718412e-05
TTC14,-0.00048220716,-0.00074445084,-0.0005826652,0.00023061968,-0.0026760474,-0.0002735532,0.00030265097,4.0428364e-05
USP1,-0.0006387606,-0.0013521668,-0.001232177,0.00034911186,-0.003754042,-0.00020286813,0.0007018717,7.3672505e-05
SLC9A6,-0.00034190714,-0.000621764,-0.00071326457,0.00034753606,-0.0035602376,-7.850677e-05,0.00034255348,4.342303e-05
FBRS,-0.0001375582,-0.0005420353,-0.0002840478,5.9330836e-05,0.00036559254,-0.00014080806,0.00014200434,2.535875e-05
SRPK3,-0.00014444068,-0.00041189417,-0.00023336709,-1.7243437e-05,-0.00076147914,4.9675815e-05,0.0001998758,1.789711e-05
SERPIND1,-0.00013974495,-0.00037182122,-0.0001961384,3.4056604e-05,-0.0004509911,-4.59617e-05,0.00012763962,1.7199316e-05
TMPRSS2,-0.00023966096,-0.00047356263,-0.0003517978,0.00014360528,-0.00076811016,-0.00014351076,0.00016137213,2.7274597e-05
ARGLU1,-0.0003697425,-0.00081173703,-0.00059214793,0.00016825553,-0.0008842349,-0.00017601904,0.0003272649,4.100101e-05
ZBTB1,-1.1920929e-05,-0.0001455266,0.000114226714,-6.638374e-05,0.000812985,-7.41519e-05,-6.090291e-05,3.3309916e-06
VANGL2,-0.00010768697,-0.0004435666,-0.00029393844,2.9658899e-05,-0.0018804446,9.884406e-05,0.00023246463,2.0499807e-05
TSTA3,-0.00015263818,-0.00018837117,-0.00013347901,0.00012899097,9.141862e-06,-0.0001975582,-2.043508e-05,1.7300947e-05
ZNF235,0.00027434528,0.00050442293,0.0005344171,-6.376207e-05,0.00030355155,3.810972e-06,-0.0003620172,-2.159574e-05
SLAIN1,0.00019632652,2.2908673e-05,0.00014501251,-6.730948e-05,0.0016788766,6.284006e-05,-8.2758255e-05,-3.580586e-06
ZBTB16,0.00023295358,0.00024966523,0.00057056546,-0.00016768835,0.0036233366,-0.00021318113,-0.00039561186,-1.7325277e-05
BIN1,-5.4964796e-05,-0.00025156513,-0.0002573058,0.00019751675,-0.00019487739,-0.00010486413,5.6711957e-05,2.0791776e-05
AC005358.1,-0.00021708943,-0.00048895366,-0.00036055222,0.00012257323,-0.0011222437,-8.885935e-05,0.00019481964,2.6362599e-05
KIAA1024,-0.00021708943,-0.00048895366,-0.00036055222,0.00012257323,-0.0011222437,-8.885935e-05,0.00019481964,2.6362599e-05
ANAPC7,9.4095245e-05,0.00011801906,0.00015840493,2.7763657e-05,-0.00027365983,1.954101e-05,-0.000129872,-1.6334234e-06
CES2,-0.00012554042,0.00012380816,7.839687e-05,0.0001505753,-0.00010932982,-0.0001473003,-0.00015927386,3.7871068e-06
BEND4,0.00066517666,0.0005104821,0.00068916567,-0.0004189713,0.0014707223,0.00057005417,-0.00021383818,-3.7869206e-05
CDHR4,-0.000251865,-0.00049922615,-0.0003967788,0.00015530549,-0.0013208166,-9.7833574e-05,0.00020593125,2.792338e-05
DPYSL4,-0.00019965321,-0.0004065577,-0.0003160555,0.00011354592,-0.0010653064,-6.2794425e-05,0.00017050281,2.3728819e-05
SLC49A3,2.828613e-05,-0.00013453141,4.110858e-06,2.3370609e-05,0.00056565553,-2.6796944e-05,-2.4464913e-05,6.579561e-06
AHI1,-0.00054464675,-0.0010579862,-0.00087658316,0.00030039344,-0.0023722723,-0.0002762871,0.00045450497,5.7994737e-05
SPATA18,4.881993e-06,-5.8224425e-05,9.570643e-05,-4.5811757e-05,2.7686357e-05,1.3607554e-05,-3.1056814e-05,1.13621354e-07
POLM,0.00041589886,0.00033162348,0.00032306276,-9.678677e-05,0.00016263127,0.00030159857,-0.0001676539,-1.4730613e-05
ZNF780A,0.0005986355,0.0002625715,0.00039179437,-0.0003609853,0.0012193769,0.00063123927,-2.2405759e-05,-2.4620327e-05
VCP,-0.0001461003,-0.00029695593,-0.000117199495,1.7863698e-05,-0.00025497377,-4.6584755e-05,8.123461e-05,1.3865414e-05
C6orf10,-0.00021708943,-0.00048895366,-0.00036055222,0.00012257323,-0.0011222437,-8.885935e-05,0.00019481964,2.6362599e-05
DHDDS,0.00016221777,0.00040269457,0.0005452167,-0.00017915666,0.00037418306,0.00016430486,-0.0002550697,-2.4523819e-05
MFSD6L,-1.4491379e-05,-0.00036267005,-0.0001759585,-4.3287873e-06,-0.00020613521,6.339047e-05,0.00014260039,1.48505205e-05
FLYWCH1,0.00016027503,1.5439466e-05,5.182624e-05,-5.4837205e-05,0.00088350475,0.00013964064,-1.9810162e-05,1.6299309e-06
CNBD2,-6.9526955e-05,-0.00018484518,-0.00015353598,7.4512325e-05,-0.0017663538,3.0475669e-05,8.838158e-05,1.3289857e-05
TENT2,0.00020662136,7.012859e-06,0.00015152618,-0.0001536347,0.0002843961,0.00019944273,-5.9064478e-06,-4.831585e-06
IPO9,-5.3979456e-05,-0.0005496349,-0.00027479604,-8.629728e-05,-0.001916945,0.00015842821,0.00030753948,1.7969054e-05
ZMPSTE24,-0.0002282057,-0.0002899114,-0.00034548715,0.00021231268,-0.0016220659,-0.000101206824,0.00012435485,2.476119e-05
ZPR1,8.9060515e-05,0.00017707981,0.00025548227,-9.721145e-06,0.000516288,8.228235e-06,-0.00017492939,-7.545459e-06
MLC1,-0.00025668927,-0.0009862687,-0.0007753074,9.2215836e-05,-0.002888292,1.7310493e-05,0.000548183,4.406739e-05
CTNS,0.00031157024,0.00021229684,0.00030651875,-0.00012508221,0.0012080967,0.00019210763,-0.00014777761,-1.2648758e-05
LMOD2,-0.00021708943,-0.00048895366,-0.00036055222,0.00012257323,-0.0011222437,-8.885935e-05,0.00019481964,2.6362599e-05
DNAAF3,5.1455572e-05,-0.00030530058,-0.00019994564,8.370727e-06,-0.0012137964,8.409284e-05,0.00015443005,1.4869613e-05
IL1RAPL1,8.978695e-05,0.0003819745,0.00028805435,4.9317256e-05,0.00039804727,2.764538e-05,-0.00023903418,-1.1281809e-05
MRI1,0.00020180084,-1.1032447e-05,0.0001038108,-8.785725e-05,0.00052077323,0.000109728426,-3.594905e-05,-2.3352914e-07
BTD,0.00024047308,0.00022453256,0.00031239167,-3.386475e-05,8.472055e-05,6.1935745e-05,-0.0002085222,-1.09159155e-05
RSPH3,0.00036657043,0.00038209558,0.00064190105,-0.00034568273,0.0011435449,0.0002812352,-0.0002278639,-3.1415373e-05
OTUD5,0.0003310684,0.00029298104,0.0005251244,-0.00019890442,0.004167579,5.8682635e-05,-0.00031188037,-2.0458945e-05
CYP26B1,0.00015825592,0.00016650371,0.0005312823,-0.0001821518,0.003696479,-0.00022583501,-0.00036820676,-1.3532001e-05
DDX20,-0.00010228343,-0.00038565323,-0.00029791333,0.0001280848,-0.0020852238,-2.2715889e-05,0.00017548539,1.9789091e-05
SLITRK6,0.0005136747,0.0007718969,0.00087736174,-0.00023358501,0.0016973019,0.00017388538,-0.0004961239,-4.3067383e-05
SPATS2,5.665049e-05,-0.00025596283,-9.808317e-05,4.3013133e-05,-0.00090830773,-1.6205013e-07,4.7290698e-05,1.2933626e-05
DCX,-0.0006867703,-0.00145901,-0.0013079587,0.00039256457,-0.0026646182,-0.00020593405,0.0007376289,7.872644e-05
HNRNPA1,-0.00018099137,-0.0005002413,-0.00033771433,7.104874e-05,-5.0239265e-05,-2.4301931e-05,0.00020319037,2.5487388e-05
FGG,-0.00021363609,-0.00050354376,-0.0003760513,0.00011924375,-0.0012120828,-7.610023e-05,0.00020918716,2.7033268e-05
PLCZ1,-0.00021162629,-0.0004865732,-0.00035703555,0.000119164586,-0.001081422,-8.5116364e-05,0.00019404199,2.6134308e-05
DRC1,-0.00014757365,-0.0002556257,-5.8189034e-05,-3.6852434e-06,-0.0011103973,-0.00011563394,6.148592e-05,8.734758e-06
PPP1R16B,0.0002079662,0.000105980784,0.00018370897,-5.1892363e-05,-0.0008677766,0.00012589898,-8.661207e-05,-5.8222795e-06
SGPL1,-0.00032616593,-0.00033302978,-0.00035714358,0.00026034098,-0.00132218,-0.00021328079,9.203423e-05,2.7705333e-05
FOXN2,-3.6576763e-05,8.72463e-05,0.00036091544,-0.00015260372,0.0025956258,-0.00013186038,-0.00021432992,-9.082374e-06
MKNK2,0.00010205619,-0.00015386753,6.2927604e-05,-4.5360066e-05,0.0018116012,-1.4264137e-05,-4.7571026e-05,4.8544025e-06
TTC38,0.00020129234,-0.00017398968,-1.4552847e-05,-0.00011721905,-0.000500381,0.0002446007,0.00010576192,3.886642e-06
TH,-0.0009916145,-0.0017489325,-0.0012753792,0.00040489621,-0.0018415973,-0.00064855674,0.0006658202,8.656969e-05
ZBED4,-0.000108741224,-0.00033390336,-0.00030037388,0.0001572473,-0.00021068752,-0.00017321482,8.861162e-05,2.4656183e-05
CNOT4,0.00019172393,9.064749e-05,0.0004043337,-0.00024582725,0.0017947257,6.9886446e-05,-0.00016786996,-1.2260745e-05
CPVL,-0.0005572736,-0.00104478,-0.0009255372,0.00023980439,-0.0025340617,-0.00014426047,0.00054331403,5.7044672e-05
KPNA4,-0.00023758411,-0.0005245544,-0.00033449754,5.3364784e-05,1.0706484e-05,-7.6491386e-05,0.000193947,2.7665868e-05
NOM1,0.00032974035,0.00029344298,0.0004276391,-0.00017007068,0.0004509762,0.00018834043,-0.00020607281,-1.6288483e-05
KLHL38,-0.00021708943,-0.00048895366,-0.00036055222,0.00012257323,-0.0011222437,-8.885935e-05,0.00019481964,2.6362599e-05
CNTN1,-0.00045016594,-0.0005355533,-0.00051143207,0.00028630346,-0.0029763281,-0.00016317936,0.00023933966,3.508164e-05
SLC25A31,-0.0002485104,-0.00052713044,-0.00040793605,0.00014278851,-0.0013682246,-0.00010171998,0.0002186494,2.8900919e-05
TRDMT1,0.00011653453,0.00013780966,0.00020770356,-3.703963e-05,0.0010802075,-5.322136e-05,-0.00017573033,-2.3061875e-06
AMH,0.0004609134,0.00016288273,0.0003321059,-0.0002657147,0.0015282258,0.00038037542,-6.1878e-05,-1.7627375e-05
DDX56,9.4905496e-05,-0.00014444068,0.00015287846,-0.00021642819,0.0018018037,0.00019725878,3.4879893e-05,-4.5819907e-06
PWWP2A,7.336214e-05,2.7820468e-05,4.7856942e-05,0.00013631303,0.001293473,-0.00013840199,-0.000156275,5.668844e-06
ANGPTL6,-0.00022076443,-0.00040210597,-0.0002980847,0.00015759375,-0.00054401904,-0.00017561857,0.000106855296,2.4850364e-05
PLD1,0.00021436624,-3.1273812e-06,0.00016322918,-0.00015290733,0.0016795173,0.00020860508,-2.5643967e-05,-5.2280957e-06
SMU1,-0.00021130405,-0.00026321597,-0.00012151897,0.00018204004,-0.0002206862,-0.0002974989,-5.1359646e-05,1.9146712e-05
IL17RD,-0.00019800477,-0.00047238916,-0.000290934,4.6445988e-05,-0.0005155653,-8.3659776e-05,0.00017825142,2.3846049e-05
POM121,0.00040164404,3.258884e-05,0.00034743175,-0.00037093833,0.0021963343,0.00036828034,-2.7080998e-05,-1.5592435e-05
CD44,3.9163977e-05,-1.4079735e-05,0.00011632964,-3.0869618e-05,0.000739865,-2.0432286e-05,-8.5610896e-05,1.4281832e-06
ZNF112,0.00011281669,0.00015026703,0.00032967702,-8.3419494e-05,0.0014616251,-9.872019e-05,-0.00022847857,-8.023693e-06
GCM2,-0.00020036288,-0.0003779363,-0.0002842322,0.0001351703,-0.0012253672,-9.340886e-05,0.00013325177,2.2315304e-05
STK35,-0.00031953678,-0.0003105849,-0.00014837086,0.00021627545,-8.9377165e-05,-0.00049115485,-8.5461885e-05,2.2969907e-05
GJA5,-5.6426972e-05,-0.00022454932,-0.000100925565,5.947333e-05,-0.0005004257,-2.3644418e-05,3.360212e-05,1.3382174e-05
CYP11B1,-0.00024260208,-0.0005248729,-0.0004046932,0.00013943296,-0.0013283044,-9.769108e-05,0.00021802448,2.8684619e-05
HOXC9,-0.00016126223,-0.0004011877,-0.0002796296,9.406917e-05,-0.0010077059,-4.658196e-05,0.0001559481,2.156326e-05
KCTD5,-0.000162879,-0.0004755389,-0.0003299266,6.7722984e-05,-0.0013112947,-0.00010452233,0.0002089506,2.2931607e-05
CYP2W1,-0.00023412518,-0.00046910904,-0.00036825612,0.00014883373,-0.0010665283,-9.7067095e-05,0.00018586963,2.639729e-05
ITPKB,-0.00028907508,-0.0004963465,-0.00039833784,0.00015166216,-0.0003381148,-0.00016826903,0.00018740073,2.8218725e-05
AIP,3.3179298e-05,-1.3884157e-05,9.9517405e-05,1.2568198e-05,0.0014510453,-0.0001137238,-0.000119199045,3.3004908e-06
TNNT3,-0.00015715882,-0.00037568435,-0.00023530424,6.9377944e-05,-0.00059734285,-5.739834e-05,0.00013055094,1.9901665e-05
FBXL13,0.0005306881,0.00039443374,0.00060587935,-0.0004142644,0.001932919,0.00051120855,-0.00015829783,-3.2899436e-05
RAD50,-0.00016227178,-0.00033853576,-0.00031831302,0.00018015504,-0.001899749,-1.4656223e-05,0.00015322492,2.1967804e-05
AOC3,9.635277e-05,4.639104e-05,0.0001319889,-3.332831e-05,0.00037627667,9.754766e-05,-6.7027286e-05,-2.6507769e-06
SYBU,-6.935373e-05,-0.00013217144,-0.0003038533,0.00019835494,-0.000688985,3.663171e-05,0.00010133907,1.9276165e-05
FAM205A,-0.00021708943,-0.00048895366,-0.00036055222,0.00012257323,-0.0011222437,-8.885935e-05,0.00019481964,2.6362599e-05
ZNF729,5.5022538e-06,-0.00023335591,-6.293692e-05,-1.7021783e-05,-0.00013051927,2.6253052e-05,5.738251e-05,9.96131e-06
EDNRB,-0.00025288016,-0.00069128163,-0.00051493384,7.473957e-05,0.0008289516,-3.3227727e-05,0.00031677075,3.2496988e-05
COG8,0.00015865825,4.60241e-05,0.0001762826,-0.00012505613,0.000977084,0.00017075334,-5.2871183e-05,-4.6343775e-06
SLC1A1,7.8842044e-05,-6.4484775e-05,0.0002067443,-0.0002241768,0.0016245395,8.7095425e-05,-3.2733195e-05,-4.5953784e-06
ZNF574,-0.0001291465,0.00017292984,0.000155624,0.00013245642,0.002195336,-0.00019109249,-0.00023666676,9.798678e-07
HDAC8,0.0002842825,0.0005751718,0.0006546825,-0.00013247412,0.0029100254,1.4144927e-05,-0.00043634605,-2.7626753e-05
TFCP2L1,4.5076013e-06,7.741153e-06,8.198619e-05,5.722977e-06,0.0003504604,6.053131e-05,-4.9466267e-05,-8.626375e-08
ARHGAP25,7.145479e-05,-0.00017961115,-3.337115e-05,-1.7514452e-05,5.0999224e-05,9.293482e-05,4.775077e-05,6.9480157e-06
PAX3,0.00027259253,0.0002170857,0.00018295832,-7.0097856e-05,0.0004101619,0.0002821926,-7.9625286e-05,-8.3690975e-06
LMBR1,1.6940758e-05,-0.0008605942,-0.0003904663,-0.00016252697,0.0011418909,0.00011451449,0.00038466044,2.6412192e-05
PATL2,-0.0001229886,-0.00035386533,-0.0002229847,6.805826e-05,-0.0007659346,-5.1140785e-05,0.00012489595,1.8371153e-05
PRTG,3.0839816e-05,-3.0579045e-05,7.145293e-05,-4.127063e-05,0.00034884363,8.3278865e-06,-4.697498e-05,2.1767337e-06
NPRL3,0.00031902455,0.00035747513,0.000466289,-0.00015667826,0.0013534203,0.00017336477,-0.00025243778,-1.9449508e-05
FBXO33,0.00015590154,2.938509e-05,0.00011030957,3.279932e-05,0.0003963709,-2.6172958e-05,-0.0001300713,2.7463539e-06
KRT31,-0.0015847739,-0.0025921147,-0.0024228375,0.0006771581,-0.00800769,-0.0007135682,0.0013719639,0.00014075718
CEL,-8.2384795e-06,-2.820976e-05,3.572926e-05,5.4723583e-05,0.00044581294,-9.8122284e-05,-7.9490244e-05,5.4925913e-06
ERO1A,0.00029659458,8.557364e-05,0.00018333271,-0.00011683907,-0.0012462214,0.00027244166,-2.396945e-05,-7.825089e-06
THBS1,-0.00057915784,-0.00097014196,-0.00076418556,0.00024315994,-0.0017014667,-0.00043981476,0.00037344452,5.339447e-05
MIGA1,-0.00021200255,-2.323836e-05,2.7200207e-05,0.00019652303,-0.00075048953,-0.0003291238,-0.0001568934,9.698444e-06
CLP1,0.00033047982,-6.7491084e-05,0.0002799388,-0.0002443958,0.0017612949,0.00020200294,-5.420111e-05,-9.958167e-06
CLK4,-8.195266e-05,-4.8030168e-05,-2.8692186e-05,0.00013107061,0.00064849854,-0.00011079712,-8.371379e-05,1.0470627e-05
VSX2,5.4279342e-05,-7.117167e-06,0.00015362725,-5.3858384e-05,0.00030382723,-9.313226e-08,-8.319039e-05,-1.214561e-06
SLC33A1,0.00015472248,0.00025843643,0.0005131364,-0.00022619776,0.00143525,0.0001271721,-0.00022813212,-2.0034844e-05
ANXA6,-0.0002010744,-7.0251524e-05,0.00014204346,2.3494475e-05,0.0017588064,-0.00031353394,-0.00016616378,4.4995686e-06
STRC,-0.0001397673,-0.00022931583,-5.3329393e-05,2.3537315e-05,-0.00054986775,-0.0001069,3.141258e-05,1.0325341e-05
RACK1,-0.00011096522,-0.0004942361,-0.00032212213,6.582588e-05,0.00031869113,3.0733645e-07,0.00019414257,2.3868168e-05
IGSF8,-0.00020641275,-7.632561e-05,1.999177e-05,0.0001711538,0.0006631464,-0.0003435067,-0.00015704054,1.103722e-05
MBOAT7,0.00038125739,0.00027994253,0.00041988306,-0.00021851715,0.0021809638,0.00027620047,-0.00016692001,-2.0551495e-05
USP30,-5.624257e-05,-2.2122636e-05,5.3739175e-05,-2.6830472e-05,0.0015768856,-2.7809292e-05,-6.0405582e-05,4.9468363e-06
COG6,0.00033622608,0.00037878938,0.0006926153,-0.00032643322,0.0022287518,0.00012617093,-0.00031905528,-2.9633753e-05
TBC1D19,0.00015693717,-5.0649047e-05,5.8766454e-05,-2.1192245e-05,0.00018726289,6.131083e-05,-3.496837e-05,3.1342497e-06
KRT36,-0.0001924485,-0.00047243387,-0.00033866428,0.00011380669,-0.00094441324,-8.403696e-05,0.00018158648,2.523372e-05
EEFSEC,-0.000358399,-0.0005616583,-0.00038109347,0.00015938003,-0.0023319125,-0.0002840613,0.00018000789,3.098778e-05
SRRM4,-0.00037133507,-0.00091425516,-0.00075927936,0.00021738373,-0.0017186329,-6.882567e-05,0.00044844765,4.756509e-05
UGT1A10,-0.00020020083,-0.00047482736,-0.0003417395,0.00011267234,-0.00096369535,-8.1167556e-05,0.00018566381,2.534897e-05
LRRC8D,0.00035452284,0.00028466806,0.0003797263,-0.00011735689,-0.00071618706,0.00019338727,-0.00018626172,-1.5608151e-05
ZSCAN29,5.5180863e-05,0.00016774051,0.00019775517,6.7899e-05,0.0010589287,-0.00010075327,-0.00021169987,-2.243556e-06
MAPK6,-0.00015176646,-0.0005499087,-0.00048523396,0.00017087068,-0.001386933,-8.347444e-06,0.00026618782,3.1861826e-05
STK25,0.00019211508,-0.00024086423,-9.504147e-05,-0.00011304021,-0.0005224049,0.00028492697,0.00016401242,7.354771e-06
PLA2G4A,0.00017474592,-2.45478e-05,0.00014353916,-9.474717e-05,0.0018248409,0.000106193125,-6.0335733e-05,-2.0962907e-06
B4GALT3,-0.00032235496,-0.0003731139,-0.0003733281,0.00033349358,-0.0020977482,-0.0003089672,6.078556e-05,3.07553e-05
SNX18,0.0001317691,8.2103536e-05,0.00021000393,-0.00010247994,0.0024223179,5.5289827e-05,-0.0001223227,-4.1996827e-06
ZNF135,-9.935349e-05,-0.00039415993,-0.00025462173,6.7991205e-05,-0.0016065091,-8.782372e-07,0.00017813873,1.7187791e-05
PIK3AP1,-8.638017e-05,-0.00012391806,-7.319823e-05,0.00011874735,-0.00018052757,-0.00011263229,-2.43932e-05,1.1362485e-05
FOXN1,-1.1662021e-05,-0.00019616075,-5.606003e-05,6.882474e-06,-0.00022072345,1.2832694e-05,4.6598725e-05,8.4358035e-06
CPZ,0.00010092743,-4.2259693e-05,0.00016084313,-8.3870254e-05,0.0005215779,8.682348e-05,-5.6676567e-05,-2.4025794e-06
ATP6V1B1,-5.631335e-05,-0.00042050146,-0.00025506504,5.6596473e-06,-0.00086099654,5.4330565e-05,0.00019849557,1.7821556e-05
SYN3,0.0005332101,0.00065176934,0.00068000704,-0.00017753989,0.004127674,0.00014192797,-0.00045562815,-2.8523267e-05
QRSL1,3.974326e-05,0.00023306906,0.00029362366,-1.257658e-05,6.7941844e-05,-4.034117e-05,-0.00021718908,-8.231844e-06
GPAT2,-0.00025271997,-0.00049388036,-0.00050317496,0.00019072555,-0.0031893924,-9.333715e-05,0.00026820786,3.179349e-05
GDAP1,-0.0010639913,-0.0019430239,-0.0017758515,0.0005609654,-0.0037048534,-0.00048580905,0.000955631,0.000106211286
PELI2,-2.0097941e-06,0.0001365412,0.00023752265,-2.971664e-05,0.0013914034,-0.00016346527,-0.0002145404,-7.613562e-07
DEUP1,9.914115e-05,-3.458187e-05,0.00019765832,-0.00015149731,0.00032459944,0.0001153294,-3.6756508e-05,-4.9421797e-06
SLC23A1,-0.00020807236,-0.00044891797,-0.00032697432,0.000107284635,-0.0009855255,-6.237812e-05,0.00018343236,2.3969216e-05
MARCO,9.370595e-05,-0.00014727376,5.5655837e-06,-9.26042e-05,-0.00063320994,0.00022295397,8.940324e-05,2.6144553e-06
F13B,-0.00023041666,-0.00051518343,-0.0003903322,0.00013177004,-0.001211971,-9.460561e-05,0.00021084584,2.792268e-05
CDAN1,-8.9854e-06,-0.00010599941,6.057322e-05,-1.5462749e-05,0.00075504184,-6.870832e-05,-5.783327e-05,4.54823e-06
PROB1,-4.4301152e-05,-0.00028540194,-0.00013487041,2.5734305e-05,-0.00044883043,9.2517585e-06,8.790754e-05,1.3782876e-05
DCTN4,-0.000119296834,-0.0004937351,-0.00033134036,5.1223673e-05,-0.0013586134,2.1786429e-05,0.0002288362,2.3917062e-05
DYRK2,-0.00049130805,-0.0009995047,-0.00091203675,0.00033580232,-0.0036276057,-0.00016970979,0.00050233677,5.5126962e-05
FUCA2,0.00016270205,3.114529e-05,0.00023843907,-0.00016512908,0.00072740763,0.00015483797,-6.553624e-05,-7.104827e-06
C3orf20,8.936785e-05,-0.00017421693,2.3832545e-05,-7.06017e-05,0.0008820668,5.7696365e-05,1.9741245e-05,4.514004e-06
ZNF160,-0.00015348941,-0.00027442724,-0.00011136755,0.000112290494,0.0014279336,-0.00020289049,-2.0045787e-05,1.5739119e-05
SLC25A44,-6.253086e-05,-0.0005178135,-0.00028320402,-7.3505566e-05,-0.0024632066,0.00013686158,0.00030273013,1.7957529e-05
PRPS2,0.00018306263,-4.0724874e-05,9.617582e-05,-0.00010482501,-0.00013814867,0.00024085678,2.6763417e-05,-2.5102636e-06
PPIL4,-9.3370676e-05,-0.00021986477,-3.4810975e-05,1.6691163e-05,-0.00048026443,-0.00012854254,1.0095537e-06,1.1591241e-05
NOLC1,-0.0002204068,-6.517209e-05,4.9663708e-05,9.169895e-05,-0.0001558587,-0.00019915449,-9.216834e-05,6.27141e-06
RGS7,0.00059511885,0.00067199767,0.0008519087,-0.0003386708,0.0015247241,0.00037121028,-0.0003890274,-4.242058e-05
WNT2,-0.00020081922,-0.00048404187,-0.00034839846,0.00010156818,-0.0011404976,-5.0846487e-05,0.0002056798,2.4996465e-05
TARDBP,0.0001764819,5.7406723e-06,0.00023432449,-0.00017726235,0.0013079867,0.0001634555,-6.281212e-05,-6.9036614e-06
GGT7,2.175197e-05,0.00034688413,0.00038362108,9.874441e-05,0.00039912015,-0.00028162217,-0.0003921548,-7.113209e-06
PPM1G,2.2782013e-05,-8.213706e-05,0.000110622495,-9.589363e-05,0.0010943264,5.1290728e-05,-2.4485402e-05,4.261965e-07
KLHDC8A,0.00025639124,0.00027053244,0.0002903249,-3.3612363e-05,0.0009685606,0.00017203856,-0.00018698256,-1.11379195e-05
AATF,-0.00020884909,-0.00043043494,-0.00026274472,8.259062e-05,-0.0015883669,-9.492319e-05,0.00015575252,2.296688e-05
MAP1B,-0.000540562,-0.001189081,-0.0010350961,0.00031774212,-0.002203934,-0.00015507266,0.000584716,6.273098e-05
DDX19A,6.747246e-05,0.00023307279,0.000302976,-4.7069974e-05,0.00083845854,-1.4323741e-06,-0.00021203328,-8.052215e-06
OTP,0.00019228645,0.00043262914,0.0004118774,1.6636215e-05,-0.0014054477,0.00011851173,-0.00027872156,-1.5852042e-05
MCOLN2,8.684583e-05,-0.00013384409,0.00011265278,-9.103678e-05,0.0014993548,-5.367212e-06,-4.7190115e-05,1.8348219e-06
FBXO40,-0.00024692342,-0.00057970174,-0.00040461682,9.5495954e-05,-0.0013829395,-8.065626e-05,0.00024934765,2.881512e-05
MYOM3,-0.00013798662,-0.000480406,-0.00031851977,7.117633e-05,-0.00043931603,-3.7797727e-05,0.00019173045,2.3409259e-05
SATL1,-0.00013997965,-0.00038011745,-0.00024850108,9.056367e-05,-0.00028466433,-6.290898e-05,0.00012383237,2.0609237e-05
GEM,-0.00029134005,-0.00043275766,-0.0004782658,0.00018016435,-0.0034448057,7.012859e-07,0.00027781073,2.9355986e-05
HERC3,0.00018671155,2.6738271e-05,0.00015516393,-3.4818426e-05,-0.0002725795,5.4477714e-05,-9.899121e-05,1.1327211e-07
TFRC,-8.310564e-05,-0.00012199581,-0.00019562244,0.0002031643,-0.00060582906,-8.136034e-06,2.862513e-05,1.55007e-05
SNX4,-0.0003802944,-0.00064284913,-0.0004951805,0.00022589043,-0.0012100041,-0.00027735205,0.00021144934,3.7509948e-05
NKX2-5,-3.4570694e-05,-0.00022990815,-8.293614e-05,1.6464852e-05,3.5107136e-05,6.556511e-06,5.336292e-05,1.1118362e-05
GMCL1,-4.1626394e-05,0.00013543665,6.055087e-05,0.00014307443,-0.0011026636,-0.00011494104,-0.00014132727,4.499103e-06
ANKK1,-0.00019227341,-0.00039952435,-0.00032738037,0.00013688579,-0.0014406741,-6.6323206e-05,0.0001670653,2.3749773e-05
LIMCH1,-0.0003379844,-0.0013463553,-0.0010037944,0.00014197826,0.00033219904,-7.543899e-05,0.0006332798,6.0409657e-05
RAB35,-0.00012034923,0.0002035927,0.00013083965,0.00018082839,-0.00022663921,-0.00021301256,-0.0002273703,2.5677728e-06
JADE3,0.00021876581,-2.2023916e-05,0.00034755655,-0.00036407635,0.0013943538,0.0003158357,-8.868985e-06,-1.5005004e-05
TF,-0.0002960954,-8.683279e-05,5.427748e-05,0.00015608687,0.0012082383,-0.00045112846,-0.0001977766,1.0755146e-05
PRF1,-0.00020501204,-0.0004231166,-0.0003425032,0.00014457572,-0.0011340678,-8.014962e-05,0.00017023087,2.4775509e-05
NEURL1,0.0005501751,0.00027954578,0.00050109625,-0.0003364114,0.0018477738,0.0003436692,-0.00016250927,-2.4811947e-05
FUT2,7.746741e-06,-4.7050416e-05,-2.3690984e-05,0.00015472248,0.0011413395,-0.00020747958,-0.0001303209,1.1570286e-05
FBLN7,6.065145e-05,6.66976e-05,0.00016479567,-3.0467287e-05,0.0004434809,5.8993697e-05,-9.8875724e-05,-2.821791e-06
TTC24,-0.00020631775,-0.0004849173,-0.0003542602,0.00011602696,-0.0010397956,-8.155126e-05,0.00019359961,2.5945832e-05
PARP2,4.7128648e-05,0.000108199194,0.00018086098,5.101785e-06,-0.00033143163,-4.056096e-05,-0.0001442926,-1.4562393e-06
ACOT12,-0.0002683755,-0.00058312155,-0.00045017898,0.00014138035,-0.0018400773,-9.702891e-05,0.00025765598,3.1130156e-05
REM2,0.000101052225,0.0004367754,0.00028216653,0.00015145633,-0.0025343746,-3.212318e-05,-0.00028896797,-6.8296213e-06
SPDL1,3.6636367e-05,0.00027636997,0.00032530725,-8.698553e-06,0.00052188337,-6.9301575e-05,-0.00024502818,-9.124749e-06
HMX3,-0.00021708943,-0.00048895366,-0.00036055222,0.00012257323,-0.0011222437,-8.885935e-05,0.00019481964,2.6362599e-05
NADK2,-0.00011995062,-0.0001813434,4.0896237e-05,-2.5536865e-05,0.0025472492,-0.00014470331,-5.350914e-05,5.922164e-06
SEL1L2,-0.00010504201,-0.00021352991,-8.0455095e-05,4.598871e-05,-0.0006369874,-5.34039e-05,3.7943013e-05,1.15311705e-05
DPY19L2,0.0003427714,0.00026113167,0.00038330257,-0.00021667033,0.0021794066,0.00025821105,-0.0001464421,-1.9026338e-05
KRT39,-0.00019992515,-0.0004468728,-0.00033087656,0.00012269523,-0.0010460839,-8.514989e-05,0.00017221458,2.4783076e-05
IL1RAP,2.630055e-06,0.00031322427,0.000403909,1.1663884e-05,0.001031071,-0.00020419015,-0.0003518602,-9.021605e-06
RYR3,0.0005373303,0.00036450848,0.0005444661,-0.0002745837,-7.225573e-05,0.00035737362,-0.00018008705,-2.9245974e-05
SQLE,-0.00021660514,-0.00048765168,-0.00035955943,0.0001193881,-0.0010738075,-8.761138e-05,0.0001972327,2.636551e-05
NLRC4,-0.00010372512,-0.00028170086,-0.00016475469,7.928442e-05,-0.0006593764,-8.202251e-05,7.664319e-05,1.5191035e-05
NKX2-6,-0.00021708943,-0.00048895366,-0.00036055222,0.00012257323,-0.0011222437,-8.885935e-05,0.00019481964,2.6362599e-05
PPARG,-0.00016482547,-0.0005645603,-0.00037980266,8.551031e-05,-0.0008427724,-1.9340776e-05,0.0002369918,2.6724534e-05
ALPG,-0.00020020083,-0.00047482736,-0.0003417395,0.00011267234,-0.00096369535,-8.1167556e-05,0.00018566381,2.534897e-05
CCDC177,0.00038403273,0.0001342427,0.00029484183,-0.00018413458,0.001252532,0.00017121248,-0.000119755976,-1.1728145e-05
FDFT1,-0.00023808703,-0.00043831393,-0.00035817362,0.00017262995,-0.0011074245,-0.00011927867,0.00016235001,2.6424765e-05
ZNF184,0.00013945438,0.00018491782,0.00021109357,-1.9703992e-05,-0.00023114681,8.536596e-05,-0.00014613103,-4.0250598e-06
NUTM1,0.00013006106,0.00015811436,0.00029181316,-8.0912374e-05,0.0015220568,3.3013523e-05,-0.0001755124,-9.50729e-06
SLFN14,-9.313412e-05,-0.00033191778,-0.00018032268,4.8310496e-05,-0.00057489425,-2.6607886e-05,0.00010605436,1.677766e-05
TMEM117,4.7458336e-05,0.00017709658,0.00027621724,-2.7432106e-05,-0.00021092594,-3.4930184e-05,-0.00018560793,-7.347786e-06
LTK,-0.00017562136,-0.00046415068,-0.00033662654,0.0001018513,-0.00089950114,-5.384907e-05,0.00018751621,2.4856068e-05
ACSM5,-4.5344234e-05,-0.00039913505,-0.00026124343,-2.6116148e-05,-0.0014726445,0.0001862552,0.00025573093,1.6174163e-05
SLC6A14,-0.00013806112,-0.0004247818,-0.00027087517,7.9729594e-05,-0.00048001856,-6.651878e-05,0.00014747586,2.1724729e-05
WASHC2A,0.00011823885,0.00020582601,0.00019981153,3.0832365e-05,-0.00023324788,1.7389655e-05,-0.00015927758,-5.1565003e-06
GHR,0.00016733445,0.0003551673,0.0004687868,-9.9474564e-05,0.0003722906,5.958602e-06,-0.00028096233,-1.8805964e-05
BAP1,-0.00012722239,-0.00029204413,-0.0002783779,6.0392544e-05,-0.0023252442,8.333195e-05,0.0001966441,1.9484316e-05
IDH3A,3.100373e-05,8.860789e-05,1.44168735e-05,0.00010496937,-0.00037760288,1.5768223e-05,-8.497387e-05,5.171867e-06
STEAP4,-0.0002742987,-0.00061514415,-0.0005075969,0.00014795735,-0.0020003095,-7.756427e-05,0.00029654335,3.2862998e-05
GAPDHS,-0.00020125881,-0.00048134103,-0.00034673885,0.00011252891,-0.0009318441,-8.5046515e-05,0.00018813089,2.5647692e-05
TIA1,-0.0005403366,-0.0012411661,-0.0010510832,0.0002703406,-0.0018858761,-0.00013689185,0.00061945803,6.362575e-05
ZKSCAN7,0.0003212653,0.00048396364,0.0005636774,-0.0001449557,0.0018979609,9.95649e-05,-0.00034124684,-2.3717992e-05
SLC2A7,-0.00013322197,-0.00037982315,-0.00021355785,3.3442862e-05,-0.0006634146,1.389347e-05,0.00015296135,1.7465907e-05
CARD6,5.1576644e-06,-0.00020768307,-7.314794e-05,1.706276e-05,-0.00013324618,2.6431866e-05,4.759524e-05,9.9163735e-06
IDH3B,-0.0001935102,-0.00038797222,-0.00018163212,5.155336e-05,-0.0004976392,-7.545762e-05,0.00011473242,1.7202809e-05
ATRN,0.00024612807,-7.0076436e-05,-4.876405e-06,-9.951554e-05,-0.0001276657,0.00034421775,0.00010577217,-5.540205e-07
FAM186B,-9.464659e-05,-0.0001832731,-6.15567e-05,7.465109e-05,4.5269728e-05,-8.627679e-05,-4.989095e-06,1.0901946e-05
LRRC36,0.00024702214,0.00014249794,0.00028790347,-0.00011710543,0.00015892088,0.00019374955,-0.00010815356,-1.223851e-05
HEPHL1,-1.9729137e-05,-0.00025115348,-0.00013261847,3.423076e-05,-0.00069542974,2.7517788e-05,8.258596e-05,1.3365643e-05
CCNB3,6.2357634e-05,-0.00018906407,-2.3929402e-05,-5.0913543e-05,-0.00013870001,0.000105179846,6.4351596e-05,6.1920146e-06
ZBTB44,-7.033348e-06,-0.00014871545,-4.5262277e-07,-3.7950464e-05,0.001017943,-3.83351e-05,-4.05591e-06,7.5589633e-06
AGBL4,0.00027500838,3.085658e-05,0.00035730563,-0.00029051676,0.0024202093,0.00014795642,-9.665545e-05,-1.3293466e-05
KLHL41,-0.00010772236,-0.00018200465,-0.00013620965,9.5249154e-05,-0.00081630796,-6.1773695e-05,3.6298297e-05,1.475343e-05
ALDH1B1,-0.00026560202,3.552623e-05,5.0837174e-05,0.00019886997,-0.00042878836,-0.00036515482,-0.00019265618,9.168638e-06
ZSCAN9,0.00014352426,1.8430874e-05,0.00022210926,-0.0001765145,0.0029604062,0.00013043173,-7.892307e-05,-6.565824e-06
CES4A,2.268888e-05,-0.00013848767,-7.950328e-05,0.000119903125,-0.00034260005,-0.00012425007,-3.4318306e-05,1.1725351e-05
MAF,0.00033736043,6.0632825e-05,0.00032131,-0.00029203948,0.004894741,0.00024429336,-8.7948516e-05,-1.2903358e-05
KCNAB2,0.00016574934,0.00012951717,0.00033166632,-9.7671524e-05,0.0016629025,-3.3170916e-05,-0.00020691846,-8.785166e-06
SLC29A4,-0.00010265224,-0.0005059708,-0.0005285777,0.00019084476,-0.001543887,-1.4903955e-05,0.00026805792,3.270351e-05
NAALADL2,-0.00013302453,-0.00033437274,-0.0002177488,6.214902e-05,-0.0011504516,3.0037947e-05,0.000147718,1.6719103e-05
RFC4,0.0002465304,0.00011788495,0.00028674677,-0.00015961844,0.00025113672,0.00016523991,-0.00010357145,-9.487034e-06
SLC12A8,0.000101834536,-0.00024712272,2.9079616e-05,-0.00014375336,-0.0005376488,0.00016426016,9.1159716e-05,3.5770936e-06
IQGAP2,0.00012432598,-0.0004923586,-0.00020607561,-0.0001862077,-0.00064864755,0.00025849696,0.00029415358,1.24721555e-05
BYSL,-0.00026987493,-0.000193635,-2.6337802e-05,5.51939e-05,0.00024423003,-0.00025460776,-4.720688e-05,1.2717326e-05
SLC25A11,-0.00010519102,-0.00022379309,-0.00018699281,0.00013567321,-0.0010563135,-7.472001e-05,5.5725686e-05,1.7540064e-05
SREK1,-7.598102e-05,-0.00042352453,-0.00028944574,3.9663166e-05,-0.0008298978,8.454174e-05,0.00020722672,2.041459e-05
SLC25A20,0.00018101744,0.00042442605,0.00043749996,-8.926634e-05,0.0007078573,0.00014493428,-0.00025248062,-1.9376981e-05
SLC1A2,-0.0004985668,-0.0009275153,-0.00096320175,0.0004533669,-0.003691882,-0.00024993764,0.00044151954,5.9088576e-05
CYP7B1,6.372295e-05,0.00010868721,6.6597015e-05,8.244626e-05,-0.0005143434,7.765647e-05,-8.145813e-05,3.0861702e-07
POU3F1,0.0005817283,0.0005088616,0.0006286837,-0.00029887073,0.002583094,0.0003098445,-0.000310882,-2.8671464e-05
ATAD3C,0.0001796186,-0.00020551682,0.0001404304,-0.00023933314,0.00083432347,0.00016187225,5.0655566e-05,-2.5291229e-06
IFT172,0.00014206581,0.0002716519,0.0003040731,-5.918555e-05,0.0020131618,0.00010093022,-0.00020157453,-1.1507538e-05
GJB3,-0.0001194682,-0.00037033483,-0.00023795478,4.0519983e-05,-0.0008313954,3.365986e-05,0.00016972981,1.76155e-05
ZFP62,0.000397373,-8.721836e-05,0.0002113767,-0.0002852641,0.0006709546,0.00038582645,5.5455603e-05,-1.06182415e-05
BDH1,2.2355467e-05,2.6818365e-05,7.8963116e-05,3.706105e-05,-0.0009238273,9.583309e-06,-5.9557147e-05,9.845244e-07
ILDR1,6.910227e-05,-0.000118417665,7.583946e-05,-8.588843e-05,0.00061555207,5.5929646e-05,-5.811453e-06,2.2082822e-06
KLHL23,-0.0002118405,-0.00078741834,-0.0007408485,0.00019678287,-0.0047011077,0.00014709122,0.00049083866,4.3028384e-05
ADGRF1,-0.00023174658,-0.00054207444,-0.00041337498,0.00013405364,-0.0010074154,-0.00010266341,0.00022020563,2.9395684e-05
ZNF311,0.00014941953,-0.00015111454,-1.9241124e-06,-2.7768314e-05,-0.00044313818,0.000106079504,3.6107376e-05,4.9399678e-06
CDRT1,-9.023957e-05,-0.00019875914,-0.00010322966,5.1535666e-05,-0.0014168695,-1.0863878e-05,6.538443e-05,1.1275872e-05
MYEF2,-0.0001928769,-0.00047977827,-0.00030451454,6.1160885e-05,-0.00073207915,-2.6051886e-05,0.0001963498,2.3575732e-05
PRR36,-0.00011815131,-0.0001338385,-0.00021710433,0.00018552225,-0.0007644594,-8.691382e-05,3.88911e-05,1.76006e-05
ALG9,-2.9429793e-06,-0.00016280636,7.4673444e-06,-3.2668002e-05,-0.00063257664,3.868714e-06,2.705399e-05,5.6799036e-06
RPN1,-7.0668757e-06,-6.819703e-05,4.3649226e-05,-2.2479333e-05,-0.00037302077,-1.5115365e-06,-2.358295e-05,5.6212302e-06
HOXB3,-0.00019667484,-0.00047240965,-0.0003357958,0.00010532886,-0.0010120198,-5.9863552e-05,0.00019060448,2.4596578e-05
MAPK13,8.507073e-05,0.00014301576,0.00025181472,-5.2223913e-05,0.0007818714,7.719733e-06,-0.0001649661,-6.179791e-06
ACRBP,0.00017137825,8.5750595e-05,0.00018480234,-4.3485314e-05,0.00013462454,6.569084e-05,-0.000106439926,-4.621921e-06
RAD21,-0.0008345563,-0.0015921555,-0.0014014449,0.00041904487,-0.0025302097,-0.00033745356,0.00077072345,8.498249e-05
PLXNC1,-0.00012383237,-0.0006732084,-0.0004921295,6.916281e-05,-0.0017794743,0.00012080278,0.00036198366,3.0244351e-05
GLP1R,-0.00024996698,-0.00050588325,-0.00040367246,0.00015038718,-0.0011974573,-9.5363706e-05,0.0002112193,2.8325012e-05
GTF2H4,3.4425408e-05,5.475618e-05,5.5450946e-05,7.218588e-05,-0.00050587207,1.9227155e-05,-8.823909e-05,3.6048004e-06
ASB16,-9.7827986e-05,-0.00042900257,-0.00023356266,2.9745512e-05,-0.00040972233,-7.3639676e-06,0.00015898701,1.8921564e-05
CRHR2,-0.0002633799,-0.0004626438,-0.0003863778,0.00014549308,-0.0022342503,-6.2019564e-05,0.0002275873,2.6350608e-05
RUSC1,-0.00043518096,-0.00072622113,-0.0006250441,0.00022844225,-0.0015432015,-0.00020137476,0.0003215298,4.2430474e-05
STRADA,0.00020090677,0.00032873824,0.00042123906,-0.00011753384,0.0013197586,6.835256e-05,-0.00024621468,-1.6795588e-05
XRCC6,-4.922971e-06,-0.0001441855,-7.9348683e-07,-2.3614615e-05,0.0005947575,4.481338e-05,1.908373e-05,5.8696605e-06
CDH19,-0.0001468081,-0.000424359,-0.00028626435,9.630155e-05,-0.0011852309,-5.9159473e-05,0.00015744194,2.2508902e-05
WDR13,-2.3279339e-05,-4.759617e-05,5.2429736e-05,5.134195e-05,9.769946e-05,-0.00014769891,-9.400863e-05,6.3402113e-06
CCDC174,0.00026612915,0.00029740483,0.00039055198,-8.484721e-05,0.0011265725,0.00016223174,-0.00022679288,-1.5762402e-05
ZNF185,5.828403e-05,-6.1078e-05,9.5045194e-05,-1.7035753e-05,-0.0010003895,-2.7826987e-05,-4.483387e-05,1.5455298e-06
SLC25A3,-0.00014525838,-0.00029022433,-0.00018226914,9.335112e-05,-0.00059304386,-5.058665e-05,8.415617e-05,1.6712816e-05
PADI1,-8.918531e-05,-0.00020726025,-2.4907291e-05,2.1740794e-05,-0.0006597936,-3.913045e-05,2.0087697e-05,8.610077e-06
DAXX,-0.00059290975,-0.0007578805,-0.0006282758,0.00031855516,-0.0007536113,-0.00045439275,0.00022974424,4.6954723e-05
ARFGAP2,0.00019927882,0.0003101658,0.00046006404,-0.00010017399,0.0023667961,-4.667137e-05,-0.00031087268,-1.654413e-05
DDX28,0.00014091283,0.00025389157,0.0002494827,-4.9977563e-05,-0.00062453747,0.00018953439,-0.0001115771,-1.1374941e-05
TADA2A,0.00042996556,0.00088932365,0.00090992637,-0.00014188606,0.001247257,8.0892816e-05,-0.0005814517,-4.279497e-05
ZNF585B,-0.00022071227,-0.00030149333,-0.00021564029,0.00018146448,0.00080664456,-0.00031687832,-6.758608e-06,2.3120898e-05
NEU4,-0.00012314506,-4.110858e-06,7.966161e-05,9.804405e-05,0.0015546903,-0.0003114133,-0.00019431021,8.8646775e-06
USP22,-0.0004613567,-0.0009182934,-0.0007740557,0.00024217274,-0.0024115667,-0.00013706367,0.0004424788,4.9230177e-05
ALDOB,-0.00020814501,-0.00046465173,-0.00033228844,0.00012212899,-0.00094843656,-0.0001049554,0.00017005485,2.5260728e-05
CTPS2,0.0003400892,0.00028179027,0.00041903183,-0.00023327675,0.000568524,0.00028277282,-0.0001499774,-1.895416e-05
ANKRD42,0.00019520894,0.0003581848,0.0005035959,-9.6503645e-05,0.0043893605,-0.00012832461,-0.00038386416,-1.7284183e-05
ZSWIM2,-0.00022122078,-0.00043001957,-0.00031706132,0.00014473777,-0.0010097176,-0.00013435166,0.00014278479,2.4689944e-05
ZBBX,-0.00016127154,-0.00031598285,-0.00013698265,4.1471794e-06,-0.0010991767,-8.0680475e-05,0.00011648424,1.1584256e-05
PUS10,8.340739e-05,-0.00015550107,1.9446015e-06,-6.724615e-05,0.00052437186,0.0001283167,4.641153e-05,4.4319313e-06
TUBE1,-0.00048662722,-0.00067632645,-0.00067399815,0.0004082648,-0.003009908,-0.00040189922,0.00021576136,4.9167196e-05
REPS1,0.00033352524,-0.00041302666,-0.00014627166,-0.00020483043,0.0011664629,0.00028444268,0.00021736044,1.1027441e-05
REST,0.00010119937,-0.00028672628,-8.9693815e-05,-0.00011104345,0.0017860979,0.00011123624,9.402912e-05,1.1362834e-05
UBQLN1,-5.4633245e-05,-0.00016958639,-7.757917e-05,8.757133e-05,0.0007773563,-8.218642e-05,-1.8938445e-05,1.2284843e-05
KCNC3,6.598048e-05,-0.00015042722,3.229454e-05,-6.455649e-05,9.204447e-05,0.00010012463,3.5352074e-05,3.0563679e-06
SLC6A16,0.00013391487,0.00032052211,0.000334125,-2.6422553e-05,0.0001771003,7.3117204e-05,-0.00020857807,-1.4164834e-05
DDX6,-0.00060845725,-0.0011223741,-0.0010320768,0.00035510026,-0.0020908713,-0.00023528794,0.0005412977,6.411935e-05
NECTIN2,1.0784715e-06,-0.00021879375,-0.000114882365,-1.471024e-05,-0.000115044415,6.821286e-05,8.996762e-05,1.2993696e-05
CYTH2,-0.00015307963,-3.087148e-05,-2.445653e-05,0.0001704935,-0.0014383644,-8.387305e-05,-5.9634447e-05,8.6062355e-06
WLS,-9.771623e-05,-0.00039988756,-0.000108178705,-1.2859702e-05,0.0014230013,-0.00021557882,3.1805597e-05,1.6541686e-05
SHC4,0.00034672022,0.00028187782,0.00037701987,-0.00016201474,0.0010477677,0.00021107495,-0.00018593576,-1.5694299e-05
CNTN4,-0.00044048578,-0.0012187436,-0.0008627046,0.00011434872,-0.0035752878,-0.0002490254,0.00057630707,5.5657118e-05
TGS1,0.00034518167,0.0005368497,0.0006578341,-0.00017050188,0.0028311387,0.00012233015,-0.0004023956,-2.8216396e-05
KBTBD3,-2.242066e-05,0.00016858615,0.00019714423,7.079914e-06,-0.0009882078,7.030554e-06,-0.0001328243,-3.5268022e-06
RAD17,0.00010313466,0.00011053309,0.0001248382,3.6418438e-05,-0.00013402104,3.244076e-05,-0.00011435989,-1.370674e-06
PRRT3,0.00027007982,0.00017205998,0.00030858628,-0.0001823958,0.0018419549,0.00016113278,-0.00013872515,-1.1069584e-05
TSC22D1,-0.00025317818,-0.00067446753,-0.000498265,0.00011683907,-0.0005749762,-4.3056905e-05,0.00030287635,3.35956e-05
KCNK10,6.333552e-05,6.546825e-05,0.00022066943,-0.00015563518,0.0010087788,0.0001593167,-7.34292e-05,-5.0644157e-06
SDHB,5.872734e-05,-0.00016710721,-9.812415e-06,-4.591141e-05,-0.0006060153,8.584559e-05,5.0880015e-05,6.34382e-06
GSTCD,0.00014590845,0.00010408275,0.00016668439,6.736256e-06,0.002022989,-7.596705e-05,-0.00018532854,3.798632e-07
DISC1,0.000119410455,0.00017228909,0.00024346448,-7.4412674e-07,7.364154e-05,2.0164996e-05,-0.00017202366,-7.0356764e-06
ZNF516,-0.00030646287,-0.00030750968,-0.00032872893,0.00028902944,0.00042298436,-0.00028546294,2.3824163e-05,2.711278e-05
ZNF624,0.00023813173,0.00031693652,0.00046328828,-3.9304607e-05,0.002020426,-9.8722056e-05,-0.00035440456,-1.4377409e-05
MARCH7,-0.00021708943,-0.00048895366,-0.00036055222,0.00012257323,-0.0011222437,-8.885935e-05,0.00019481964,2.6362599e-05
SCARB2,-0.0004900433,-0.00073956326,-0.0006803069,0.0002740426,-0.002303891,-0.00020064414,0.00034971256,4.378357e-05
CDKN2A,-0.00014609471,-0.0004731454,-0.0003405828,8.431263e-05,-0.0008357316,-1.2692995e-05,0.00020207465,2.4567242e-05
EED,0.0002070032,7.5068325e-05,0.00018118508,-9.1363676e-05,0.0008452013,0.0001194682,-8.533336e-05,-4.418427e-06
EVL,-0.00024498813,-0.00052342005,-0.00040297583,0.00012113806,-0.0013407096,-7.5152144e-05,0.00023120642,2.93802e-05
SSX2IP,-6.6498294e-05,-0.00050825067,-0.00041183457,7.941667e-05,1.937151e-06,2.9556453e-05,0.00024149846,2.7228962e-05
SH3RF2,-0.00020233169,-0.00049828365,-0.0003736969,0.000115945004,-0.0010628104,-6.945338e-05,0.00020689424,2.6845839e-05
IFT74,0.00026541576,0.00055085495,0.0006121397,-0.00014933012,0.00015562028,0.00021734089,-0.0003146315,-2.9584742e-05
ACSM1,-0.00014877506,-0.00037290715,-0.00024619326,8.290168e-05,-0.0010212734,-4.77219e-05,0.00013869535,1.990411e-05
C9,0.00019834377,4.7057867e-05,0.00019971654,-0.000104792416,0.00046183914,0.0001611188,-6.850809e-05,-6.14929e-06
PPM1J,0.00027473085,3.577955e-05,0.00020201132,-0.00014955644,0.0015803203,0.00024507474,-4.866626e-05,-7.4659474e-06
SLC18A1,2.4113804e-05,-0.00012591854,0.00031137094,-0.00023151841,0.00019581616,3.055483e-05,-4.5469962e-05,-1.0626274e-05
RDH5,-0.00019319169,-0.00039214455,-0.00025068037,9.1926195e-05,-0.0003504604,-0.00013515353,0.0001107892,2.2130203e-05
DEPDC1B,-0.0002003517,-0.0005602669,-0.00036109984,-2.1327287e-07,-0.001801908,4.8625283e-05,0.00029860064,2.4307286e-05
CFAP45,-0.0004879944,-0.00059808977,-0.0003725905,0.00023105089,-0.0014545843,-0.0005033496,0.00011829473,3.1172764e-05
FAM83G,-0.00021708943,-0.00048895366,-0.00036055222,0.00012257323,-0.0011222437,-8.885935e-05,0.00019481964,2.6362599e-05
RGMB,-0.0002640467,-0.0004995633,-0.00045041926,0.00019736402,-0.001559265,-8.596014e-05,0.00021653343,3.1213393e-05
RNF139,0.00019583479,0.00035396963,0.0004020743,-8.9715235e-05,-5.0008297e-05,0.00017031096,-0.00020478014,-1.84885e-05
SLC39A6,-0.00022510439,-0.00059932284,-0.00046262704,0.00017931964,-0.00025916845,-0.00021342747,0.00019534025,3.5313074e-05
HPD,-0.00012890063,-0.00028542615,-0.00022556074,0.00010231603,-0.0006773025,-1.3966113e-05,0.00010543596,1.8627266e-05
ITPKC,0.00044994615,0.0003586579,0.00042043813,-0.00020186882,0.0012999922,0.00040695257,-0.00015853439,-2.1506334e-05
TMEM209,0.00010588206,0.00017858483,0.00033039227,-0.00012864359,0.001350157,8.53464e-06,-0.00018883031,-9.9878525e-06
MFSD14A,-0.00036034547,-0.0005689021,-0.0004361458,0.00023165345,-0.0020388588,-0.00033578463,0.0001554098,3.5200967e-05
ZNF395,-0.0003164634,-0.0008167438,-0.00060139224,0.00012583751,0.0007515773,-9.209849e-05,0.00035866443,3.836013e-05
HAUS6,8.072704e-05,-6.410107e-05,8.072518e-05,-1.7672777e-05,0.0021924227,-5.0963834e-05,-8.4448606e-05,3.1046802e-06
SYT9,-0.00034761056,-0.0005971957,-0.00048352964,0.00020988006,-0.00062752515,-0.00028657075,0.00018579978,3.738748e-05
KRT27,-0.00021708943,-0.00048895366,-0.00036055222,0.00012257323,-0.0011222437,-8.885935e-05,0.00019481964,2.6362599e-05
PEX1,0.00026624277,0.00010968745,0.0002975259,-0.00015072059,0.0014775246,0.00015675835,-0.000117973424,-1.1888915e-05
CHRNA5,0.0003475938,0.00038831495,0.00046167523,-0.00014301855,0.0013920665,0.00015482586,-0.00026046392,-1.9381405e-05
ASCC2,-0.00031789578,-5.051121e-05,-0.00011324696,0.0002674479,-3.9607286e-05,-0.0003866558,-0.00013690721,1.844461e-05
RTN4,-0.0007104594,-0.0015340485,-0.0013610553,0.00040324777,-0.0030408949,-0.00021658791,0.0007759705,8.0818776e-05
DRG2,-5.1850453e-05,-0.00014970265,2.8381124e-05,1.0156073e-05,0.00061456114,-9.9912286e-05,-3.6044978e-05,6.55686e-06
ZNF544,6.202422e-05,0.0002521444,0.00031952746,-4.4316985e-05,0.00012853742,-7.679686e-06,-0.00020187255,-1.1385651e-05
TMPRSS11A,-0.00015852042,-0.00036315806,-0.00021779723,6.980356e-05,-0.0007611364,-6.64331e-05,0.00012295973,1.865509e-05
MGAT2,-0.00018615462,-4.8296526e-05,-0.00011701323,0.00016239565,-2.9064715e-05,-0.00019087968,-6.150734e-05,1.6850652e-05
VIPR1,-5.343929e-05,-0.00020389818,-7.085316e-05,1.293607e-06,-0.0005903691,-1.1937693e-05,5.4499134e-05,1.03048515e-05
ZPLD1,-0.00017824769,-0.000469042,-0.0003124792,6.936863e-05,-0.00097586215,-1.9798055e-05,0.00020281784,2.2823922e-05
GJC1,-0.00040484965,-0.0011253208,-0.0009205509,0.00015868898,-0.00050485134,-0.00010086689,0.00055054575,5.805085e-05
ITIH6,-0.00020958297,-0.00048621,-0.0003455188,0.00011158828,-0.0011819303,-8.4167346e-05,0.00019225013,2.5594723e-05
KLHL34,-1.2647361e-05,2.0960346e-05,0.00023404695,-7.300824e-05,0.0003920868,-5.498901e-05,-0.0001299521,-3.5922276e-06
KLHL33,-0.00021708943,-0.00048895366,-0.00036055222,0.00012257323,-0.0011222437,-8.885935e-05,0.00019481964,2.6362599e-05
TP53BP1,-6.4611435e-05,-0.00051011145,-0.00024740957,-1.6716309e-05,-0.00010685623,2.1076761e-05,0.00020113774,1.9752653e-05
HOXA3,-0.00022152252,-0.00050954893,-0.00036318973,0.0001077801,-0.001378566,-8.761976e-05,0.00020637829,2.6793568e-05
ACTL7A,-0.00020659529,-0.00045611337,-0.00032489002,0.00011636689,-0.0010369644,-9.029545e-05,0.00017215963,2.4608918e-05
GGT5,0.00042848662,0.0005439911,0.0006618742,-0.00020385347,0.0015528277,0.0001996113,-0.000354846,-3.013399e-05
ZNF133,-0.00034673698,-3.7916005e-05,2.7162954e-05,0.00020025484,0.0008067116,-0.0004278822,-0.00018936861,1.2499979e-05
URI1,0.00026253238,-5.182065e-05,8.126348e-05,-0.00016344339,0.0016537458,0.00026494358,2.7507544e-05,-9.998912e-07
COX10,0.00022051111,0.00054845214,0.0005716104,-5.689636e-05,0.0010870099,-1.3730489e-05,-0.00040226895,-2.2632768e-05
KRT24,-6.0506165e-05,-0.00015283562,-0.00013231486,0.00012142025,-0.0011116639,-4.7569163e-05,2.5845133e-05,1.3322686e-05
PCDHGB3,-0.00010218099,-0.00037221238,-0.00019975007,4.300382e-05,-0.00011506677,-4.7661364e-05,0.00011947099,1.7475919e-05
OSBPL2,4.4491142e-05,0.00028844178,0.00040853582,-4.9282797e-05,0.0018530712,-7.24541e-05,-0.00028818008,-1.3768906e-05
CCDC47,-0.00019256398,-0.00033051148,-0.00023438409,0.00013998616,-0.00049277395,-8.979067e-05,9.1652386e-05,1.9991188e-05
DEPDC7,-0.00025469437,-3.67444e-05,-1.3770536e-05,0.000183912,0.00046479702,-0.00031263148,-0.00013887417,1.1769356e-05
NHSL2,-6.4590946e-05,-0.00037454627,-0.00017598085,-1.1705793e-05,-0.00021178275,7.646158e-06,0.00013788138,1.5776837e-05
SLCO4C1,-0.00010486506,-0.0001989156,-0.00010008551,8.132961e-05,-0.0007723719,-9.4453804e-05,2.1571293e-05,1.3184035e-05
FUBP1,-9.681471e-05,-0.00015239604,-2.5233254e-05,7.391162e-05,-0.00034242123,-0.000116311945,-2.7573667e-05,9.636278e-06
RSPH6A,-0.00021708943,-0.00048895366,-0.00036055222,0.00012257323,-0.0011222437,-8.885935e-05,0.00019481964,2.6362599e-05
GPAA1,-0.00015776046,-0.00010678731,-9.2152506e-05,0.00015891623,-0.0005076304,-0.0002033338,-5.6656078e-05,1.51921995e-05
SLC22A15,0.00050247274,0.0010237731,0.0011287909,-0.00027867034,0.00060973316,0.00024806615,-0.00060997624,-5.5864803e-05
MOV10L1,-0.00010875985,-0.0002402179,-0.00016858801,0.00010592397,1.2114644e-05,-0.0001344909,3.234297e-05,1.7031329e-05
NKRF,-0.0002982244,-0.00049923547,-0.00031312555,0.00021900702,-0.0007131994,-0.0003094296,7.317308e-05,3.03681e-05
ADAM28,-0.00020230561,-0.0008217711,-0.00062631257,6.3372776e-05,-0.00042411685,4.7113746e-05,0.00043131132,3.8374914e-05
RHPN2,0.00021677837,0.0004236214,0.00050427765,-5.9955753e-05,0.0013060495,4.105922e-05,-0.0003342824,-2.092449e-05
MAEA,-3.2812357e-05,-0.0001255367,5.7760626e-06,-2.481509e-05,0.00072865933,7.784925e-06,8.288771e-07,7.29796e-06
MTRF1,0.00050072,0.0004446637,0.00060238875,-0.00029733125,0.0012554154,0.0003772797,-0.0002387492,-2.9989635e-05
LMCD1,0.00017672032,-0.00030573085,-4.9727038e-05,-0.00018280745,0.00055047125,0.00020999461,0.00017733034,2.2036256e-06
PCDHA1,-0.00017018057,-0.00045857579,-0.00031530112,9.4954856e-05,-0.0006601438,-7.116143e-05,0.00017494522,2.3620552e-05
SSH2,-0.00068321265,-0.0010163989,-0.0008516945,0.0003129961,-0.0017270893,-0.00038982183,0.00041417126,5.7747937e-05
HES6,-8.998625e-05,-0.00053106435,-0.00024804287,-9.410642e-05,0.0012177601,5.5421144e-05,0.00022443105,1.9713189e-05
EGF,3.6245212e-05,-0.00017477944,-1.0319054e-05,-2.6232563e-05,0.00053967535,2.1774322e-05,1.5734695e-05,7.043476e-06
SLC22A3,7.28257e-05,-9.211898e-05,-8.601695e-06,1.527369e-07,0.00010038167,8.556992e-05,1.2084842e-05,5.1102834e-06
EIF2D,0.0003516134,0.0003299676,0.0005275812,-0.00027870107,0.0019756854,0.00023081806,-0.00022064988,-2.413441e-05
L3MBTL4,1.5497208e-05,-0.0002203118,-7.1406364e-05,9.406358e-06,-0.0011473447,-2.9951334e-06,6.14468e-05,8.938252e-06
CYP24A1,1.9064173e-05,-0.0002650004,-1.963228e-05,-9.522401e-05,0.00024859607,7.961504e-05,8.0343336e-05,7.129973e-06
KBTBD11,-0.0002464354,-0.00020618923,-0.00015543029,0.00021187495,-1.7426908e-05,-0.00025874004,-4.5005232e-05,1.9395491e-05
THSD7A,0.00017910078,-7.747114e-05,6.229803e-05,-8.619204e-05,0.00025547296,0.0001702318,1.9716099e-05,1.5069963e-06
SRL,-0.00024840608,1.2654811e-05,0.00012441911,0.00011420809,0.0026656985,-0.00037959637,-0.00023064669,6.5849163e-06
MGAT3,0.00023704395,0.00015216693,0.00024299882,-0.00013707113,0.0003331229,0.0002194466,-7.654354e-05,-8.9877285e-06
ALKBH8,0.000307573,0.00050115585,0.0005399808,-8.534826e-05,0.0012359098,3.918819e-05,-0.00036939885,-2.1288288e-05
ZNF791,0.00011671707,0.00019001402,0.0002811551,-7.578824e-05,0.0009821877,5.7464465e-05,-0.00018119346,-7.198658e-06
NLRP4,-0.0002607517,-0.0005081929,-0.00037470274,0.00018163864,-0.0012484491,-0.00020566676,0.00015586428,2.9104296e-05
SCPEP1,0.0002969876,0.0005724076,0.00068053044,-0.0001801448,0.0016821846,2.6307069e-05,-0.00041221362,-2.9499177e-05
PAX4,-0.00020750985,-0.00051759556,-0.00038567372,0.00011361297,-0.0012919009,-6.298814e-05,0.00022248179,2.7287286e-05
ATP10B,0.000119220465,0.0001475513,0.00019880012,-8.461904e-05,-0.0003066361,8.7651424e-05,-8.8046305e-05,-6.74685e-06
GPR156,5.7367608e-05,-0.00032687932,-0.00013059191,-4.6157278e-05,-0.00035444647,0.00014948379,0.00014960859,1.0735705e-05
TRIM41,0.00013945438,-0.00021936372,0.00021995418,-0.00021014735,0.0025190413,-3.5874546e-05,-5.884003e-05,-3.4315744e-06
CACNA2D1,-0.00028155558,-0.00036202557,-0.00015555508,9.202678e-05,-0.00067500025,-0.00021045282,6.902311e-05,1.6555307e-05
MRPS9,9.177253e-06,0.00011399947,0.00019545108,3.3355318e-05,-0.00017199665,-0.00011564372,-0.00016806554,-2.945657e-06
TGM4,-0.0001066532,-0.00015914068,-5.601719e-05,0.000114833005,8.1926584e-05,-0.00014283042,-4.1261315e-05,1.1447584e-05
KRT79,-6.144866e-05,-0.00035466067,-0.0001873672,1.9240193e-05,-2.2731721e-05,-4.059635e-06,0.00012172107,1.670525e-05
AMT,0.00010484643,5.0323084e-05,0.00023527257,-4.4520013e-05,0.0012790263,-0.00011610938,-0.00018115994,-3.318186e-06
PWP1,0.00022787973,0.00014916994,0.00033059902,-0.0001334371,0.0012595803,0.00013742875,-0.00015078206,-1.26907835e-05
NRIP1,0.00024322234,4.079193e-07,3.905967e-05,-8.735806e-05,0.00047513098,0.0002913503,3.9726496e-05,-5.965121e-07
DENND1C,-5.872734e-05,-0.00045800023,-0.0003090445,-1.0095537e-06,-0.0015335307,0.00014892314,0.00026314147,1.9825762e-05
NETO1,0.00022292696,0.00025646016,0.00017362833,-3.1975098e-05,0.00033766776,0.00026482437,-8.4899366e-05,-8.711824e-06
MTF1,0.00039600208,0.00030556135,0.00043657236,-0.00021064281,0.0022824258,0.00019406155,-0.00022063125,-1.7845072e-05
GSAP,-9.7060576e-05,2.4110079e-05,7.154606e-05,3.790483e-05,-0.0009003803,-2.4324283e-05,-6.365683e-05,3.511319e-06
ZNF598,0.00024414994,-0.0002661366,5.9260055e-05,-0.0002602404,0.0030963495,0.00019613933,8.291099e-05,1.8189894e-06
BAG3,-0.000106383115,-0.0002975613,-1.4254823e-05,-6.4082444e-05,0.0004336238,-8.734502e-05,4.9162656e-05,7.690745e-06
GATAD2B,4.7337264e-05,0.0001624059,0.00026049092,1.2842938e-05,0.0001065433,-3.918074e-05,-0.00020009931,-5.4029515e-06
FAM98A,5.6084245e-05,-9.3953684e-05,-5.468726e-06,6.5957196e-05,-7.105619e-05,2.0582229e-07,-3.8797967e-05,8.200528e-06
PDHA2,3.0137599e-05,-0.00036895834,-9.198487e-05,-0.00013129413,0.00075387955,0.00013868976,0.0001662448,8.715666e-06
PCDHGA1,-0.00012821145,-0.00031673536,-0.00015800633,4.601013e-05,-3.4719706e-06,-3.4037046e-05,8.85101e-05,1.553807e-05
PRSS53,0.0002599433,0.00027978048,0.00034100935,-8.12551e-05,0.00020821393,0.00014349166,-0.00020137522,-1.1844444e-05
TMCC1,-0.00023461692,-0.00050046854,-0.00046330504,0.0002532266,-0.0011259317,-0.00016656611,0.00017072912,3.3575925e-05
ZNF287,0.0001956299,-1.867488e-05,3.8890168e-05,-8.495618e-05,-0.0010133758,0.00027527846,5.446747e-05,-6.464543e-07
ZFYVE19,-0.00044430234,-0.00045151636,-0.0003013052,0.00026335102,0.00011270493,-0.0005070814,3.6396086e-06,3.113423e-05
SECISBP2L,-0.00034842826,-0.00063443184,-0.0005617626,0.00025575608,-0.00066895783,-0.00019801268,0.00023875665,3.881054e-05
DNAJC3,-9.121746e-05,-0.00042840093,-0.0002563577,-1.4889054e-05,-0.00141,9.1961585e-05,0.00022697914,1.7324695e-05
TRIP6,-2.9206276e-05,-5.7540834e-05,9.077042e-05,4.172884e-05,0.0010743067,-0.00018102443,-0.00014844816,7.716939e-06
ZKSCAN5,0.0001344718,-2.0518899e-05,0.00015413761,-0.00010854658,-0.00044932961,0.00015628245,-1.735799e-05,-3.1940872e-06
KHDC4,0.00012748316,-0.00017116591,-1.24536455e-05,-0.000106382184,-0.00074760616,0.000208918,9.455811e-05,5.439506e-06
SERGEF,0.00013386086,-9.70047e-05,0.00015865453,-0.00020096172,-0.0006286204,0.000159055,4.175678e-05,-5.5946875e-06
SLC22A16,-0.00019870698,-0.00047712214,-0.00034287944,0.00011124089,-0.0009632483,-8.1406906e-05,0.0001871949,2.5373069e-05
SLC25A42,6.800331e-05,0.0003030412,0.00031013973,0.00013680756,0.0010700747,-0.0002553519,-0.0003611287,-5.272799e-06
SLC2A3,-0.00042086095,-0.00063906796,-0.0005661156,0.0002415916,-0.0018550009,-0.00016175909,0.0002776971,3.84195e-05
ASNSD1,-0.00015664287,-0.0004385747,-0.00034306385,0.0001484165,-0.0011117384,-0.000106398016,0.00015822332,2.6216032e-05
TRAF3IP3,-0.00019822456,-0.00049591064,-0.00034542195,8.3871186e-05,-0.0011840388,-2.5113113e-05,0.00022326689,2.4345238e-05
GABRP,-0.00020749308,-0.00048074126,-0.00034929626,0.00012245588,-0.0010681003,-9.547267e-05,0.00018486287,2.5886227e-05
ACTR3B,-0.00015754998,-0.00045274384,-0.00034245104,4.8303977e-05,-0.0011194572,4.689768e-05,0.00024926662,2.1657092e-05
SOX2,-0.00038217008,-0.00076043606,-0.0006235093,0.0001814207,-6.569922e-05,-0.00015925523,0.00032633636,4.0655024e-05
PISD,0.00034761988,0.00052037276,0.0006410368,-0.0001336839,0.0011255145,0.00012688339,-0.0003872728,-2.6982045e-05
CANX,-0.0003215652,-0.0008031167,-0.000631148,0.00015712809,-0.0011253282,-6.9055706e-05,0.00037889183,4.0370505e-05
TAZ,-6.9266185e-05,-5.5592507e-05,-9.7595155e-05,0.00023148768,0.00067987293,-0.00018985942,-0.00010319892,1.3577985e-05
NR1I2,-0.00012109801,-0.00035309233,-0.00024568103,9.480212e-05,-0.00086541474,-5.605817e-05,0.00012889598,1.915812e-05
SH3BP5,-0.0017978977,-0.0033588484,-0.0033655874,0.001233425,-0.009923771,-0.0007268684,0.0017693639,0.00019268855
TENT4B,-0.00045868382,-0.0006989073,-0.0006771758,0.00031784363,-0.0034902766,-0.00020290539,0.00032414496,4.466367e-05
ADGRG1,-0.00019648857,-0.00047475658,-0.00039597973,0.00014768634,-0.000105150044,-3.7654303e-05,0.000197405,2.7814065e-05
ALG6,-5.8632344e-05,4.6009198e-05,0.00015632063,8.988567e-05,0.0003998056,-0.00025450764,-0.0002003396,3.2774406e-06
ZER1,0.00022304058,-0.00011531636,-0.00011651032,1.5106052e-06,-0.0021464229,0.00024519954,0.00011918601,7.5917924e-06
FKBP4,-4.9280003e-05,-0.00022288412,-0.00012887269,7.957406e-05,-0.00063435733,1.8029474e-05,5.6103803e-05,1.3940851e-05
LUC7L,-0.00029824115,-0.0005626455,-0.00040282868,0.00016077142,-0.0007156655,-0.00016472349,0.0001919968,3.0680327e-05
RBFOX1,-0.0003849771,-0.00082189403,-0.0005979389,0.0001375014,-0.0008529946,-0.00010864157,0.00036927685,3.965071e-05
DNAJA3,-0.000172209,-0.00029147975,-0.00012435764,3.2190233e-05,-0.0004428029,-0.00014713174,5.9645623e-05,1.4298712e-05
TBC1D17,-0.0003316719,-0.00027567148,-0.00014279783,0.00017073005,-0.0009692088,-0.00035765674,-2.6059337e-05,2.044253e-05
DZIP1,-0.00016253442,-0.00065432116,-0.000558326,7.864088e-05,-0.003100127,0.00011297595,0.00039440207,3.4249737e-05
CAMTA1,-0.00043754652,-0.0009341445,-0.0008143373,0.0002652295,-0.0026159137,-0.00015084492,0.00045286957,5.122542e-05
C2CD3,0.00041394494,0.00035502948,0.00045964122,-0.00016705878,0.0031151026,0.00018826872,-0.00027574133,-1.8315972e-05
SLC28A3,-0.00021913275,-0.00050107203,-0.000367051,0.000120473094,-0.0010847449,-9.41474e-05,0.00019897055,2.685748e-05
DLAT,-0.00037270412,-0.00059586205,-0.0006840266,0.00036112405,-0.0027532429,-0.00020191306,0.00028174743,4.4452143e-05
KMT5A,-8.3519146e-05,-0.00030171126,-0.00019712187,3.494229e-05,-0.00069506466,4.551187e-05,0.00014556386,1.4555524e-05
SLC30A6,0.0005230624,0.000450762,0.0006447118,-0.00033242628,0.0022174492,0.00038471352,-0.0002629934,-3.1826785e-05
KIRREL2,-4.2367727e-05,-0.00027099252,-8.628331e-05,5.5985525e-05,0.0011365488,-0.00018862868,-2.6872382e-05,1.5749712e-05
SLC22A2,-0.00017657876,-0.00033848174,-0.00026841648,0.0001475215,-0.0016157255,-8.42046e-05,0.00011815224,2.1388987e-05
SYT10,0.00035715103,-5.1632524e-06,0.00023460202,-0.00021435693,0.001435414,0.00024531316,-3.6217272e-05,-9.153038e-06
QSOX2,-0.00021337159,-0.00036475435,-0.00027597137,6.556418e-05,0.00031717122,-0.00011684513,0.00014299154,2.1329266e-05
GABRA6,-0.00020840392,-0.0004895404,-0.0003542304,0.00011274591,-0.0011124015,-7.662177e-05,0.00019826926,2.5817542e-05
ZNF276,0.00028476864,0.00023904629,0.0004066676,-0.00024581887,0.0014095008,0.00033022743,-0.00011094939,-2.0902487e-05
HAGH,-0.00030925684,-0.0002464354,-0.00017959252,0.00019944739,-0.0007067174,-0.00030158227,-8.690171e-06,2.027594e-05
SLC2A14,-8.6398795e-05,7.338822e-07,7.8568235e-05,6.606616e-05,-0.0009896234,-4.7808513e-05,-7.551536e-05,2.202345e-06
APPL2,-4.124269e-05,-0.00025852025,-0.00012157485,2.966728e-05,0.0006392747,-5.9420243e-05,4.8365444e-05,1.3784855e-05
CNKSR3,-4.670024e-05,-0.0002844315,-8.153729e-05,-1.7679296e-05,-2.9876828e-05,-4.017912e-05,6.2646344e-05,1.1967728e-05
ZNF208,-0.00043345243,-0.00063042156,-0.00054126605,0.00020948332,-0.0011105761,-0.00028651673,0.0002406817,3.7689344e-05
CCDC81,-0.0004106369,-0.00056088157,-0.0004405696,0.0002387343,-0.002190411,-0.0004237811,0.00015276857,3.476662e-05
KRT71,-0.00021708943,-0.00048895366,-0.00036055222,0.00012257323,-0.0011222437,-8.885935e-05,0.00019481964,2.6362599e-05
TRAPPC12,0.00021084212,0.00026899762,0.0003065113,-9.43616e-05,-0.00011394173,0.00014726166,-0.00015302282,-1.2411387e-05
EIPR1,-8.843094e-05,-0.00024783984,-5.618483e-05,8.421391e-05,0.00028277934,-0.0002819216,-5.13196e-05,1.4274381e-05
RELA,-8.427724e-05,0.00011708774,-1.6225502e-05,0.0002171332,-0.0018871501,-4.7107227e-05,-9.29581e-05,6.444752e-06
KRT72,-0.00012574159,-0.00031108782,-0.00019464642,8.772593e-05,-0.0005866587,-5.8824196e-05,9.155646e-05,1.742167e-05
SRPX,0.00034937263,0.00026901625,0.0005424451,-0.00028237607,0.002522245,0.00016656425,-0.00024264399,-2.1886663e-05
GRID1,-6.51069e-05,1.4653429e-05,6.556511e-06,6.999541e-05,-0.0004561022,-4.6258792e-06,-3.7735328e-05,4.4567278e-06
MYBL1,0.00028543547,7.187016e-05,0.0002836585,-0.0002926318,0.003306739,0.00038463715,-2.647005e-05,-1.379312e-05
ANKRD18B,-1.8740073e-05,-2.1731481e-05,-1.944974e-05,9.9778175e-05,-0.0008690432,1.08340755e-05,-3.2416545e-05,6.1187893e-06
ZNF585A,-8.052029e-05,-0.00018562935,-7.384643e-05,-6.3851476e-06,-0.0014394224,7.3660165e-05,9.325519e-05,8.33848e-06
LAMB3,0.00010283664,4.0574e-05,0.00028374232,-0.00012548268,0.0011037514,-3.1650998e-05,-0.00014330726,-7.2966795e-06
PTPN7,-0.00022351369,-0.00049952045,-0.00040415116,0.00017255079,-0.0010059401,-0.00012638187,0.00018899702,2.8847717e-05
FSCN3,-0.00018993393,-0.00036395527,-0.00026442483,0.00012653321,-0.0011795759,-9.325892e-05,0.000121620484,2.1518674e-05
ERMARD,0.00020640902,0.00031341612,0.0005165599,-0.00018783472,0.0022329912,2.0891428e-05,-0.00028571766,-2.0138337e-05
WASHC2C,0.00044373423,0.00053186156,0.00067371875,-0.00021831691,0.0015185103,0.00026177242,-0.0003381977,-3.2317126e-05
TBX6,-0.0002695974,-0.0005107168,-0.00039948337,0.00015699398,-0.0010593832,-0.00014100736,0.0001945151,2.912851e-05
CHUK,0.000369953,0.00040281005,0.0005946215,-0.00025568344,0.00274086,0.0002154531,-0.00028738286,-2.6029767e-05
NLRP11,-0.00022548437,-0.0004895646,-0.0003581699,0.00014323369,-0.0010609254,-0.00013378728,0.0001734756,2.706144e-05
DACH2,0.00030195154,0.00045857579,0.00050671585,-7.533468e-05,0.0030776188,7.042941e-05,-0.0003493661,-2.1344866e-05
PHACTR4,-7.5265765e-05,-0.00043213367,-0.0002931878,5.1642768e-05,-0.0006073266,1.2218952e-05,0.00018687733,2.153439e-05
FOLH1,-0.0002803728,-0.0007391237,-0.0006829947,0.00015756115,-0.0036001205,5.0915405e-06,0.00042518973,4.1924766e-05
HSPA8,-0.00036831014,-0.0008872524,-0.0007200595,0.00021531805,-0.001153402,-0.00011484651,0.00040421542,4.6116184e-05
KPNA7,-0.00023657084,-0.00051133335,-0.0003634151,0.00013145432,-0.0010914207,-0.00012376346,0.0001872154,2.7274946e-05
CYP2U1,0.00022524968,0.00037604012,0.00042955764,-5.289167e-05,0.0019479245,-5.301647e-05,-0.00033271778,-1.4352379e-05
CBFA2T3,6.281957e-05,2.8887764e-05,0.00014541298,8.8103116e-07,0.001799792,1.6318634e-05,-0.0001115473,-2.2441382e-06
INPP5A,0.00042992458,0.00014248304,0.0003431104,-0.00037633348,6.843358e-05,0.0005129259,3.2656826e-05,-2.0047068e-05
NCAPH2,5.0142407e-06,-0.0005942825,-0.000353273,-7.8835525e-05,-7.428229e-05,0.00013653282,0.00030868035,2.338586e-05
HAS2,-7.437542e-05,0.00011859834,0.00041571818,-5.1829033e-05,0.0039146766,-0.0002826508,-0.0003254721,-1.2238044e-05
GRB14,-0.00036575831,-0.00084724836,-0.0007957667,0.00017539598,-0.0029342994,5.525537e-05,0.000518986,4.4605462e-05
ENPP2,-0.0004412122,-5.5572018e-05,0.000122739,0.00021929108,0.0022924468,-0.000746639,-0.00034860056,1.486775e-05
CPNE7,0.00011020154,-2.5352463e-05,0.00015575252,-0.00012655929,0.0016521588,0.00013630465,-3.5219826e-05,-3.0512456e-06
TNNT1,3.7724152e-05,6.7103654e-05,0.00013155118,4.0534884e-05,0.00020128489,-0.00011372473,-0.00015501957,2.6756898e-06
MGAT4A,0.0002929177,0.00014575198,0.0003462322,-0.00022344664,0.00135912,0.0002275249,-0.00010429416,-1.5245983e-05
SAMD8,-0.0004708562,-0.00079626404,-0.0007678885,0.00038914848,-0.0036978498,-0.000351076,0.00032289512,5.1174546e-05
THAP12,2.3817644e-05,-0.00017930195,-1.1943281e-05,-3.787037e-05,0.0016155094,4.2364e-05,1.6362406e-05,7.0281094e-06
OPA3,0.00022264756,-1.3832003e-05,0.00016968325,-0.0001600096,0.0016199797,0.0001886487,-1.5820377e-05,-7.454073e-06
ILVBL,0.00015470013,0.00020287558,0.00032728538,-0.00011299364,-0.00012202561,0.000121650286,-0.0001468854,-1.3075885e-05
SLC2A12,-4.9006194e-05,0.00046842918,0.0003905911,0.00017405115,0.00022681803,-0.00030472595,-0.0004307134,-9.64955e-06
PHC2,4.500337e-05,-0.00044396892,-0.000280248,-7.4152835e-05,0.00014532357,0.00014576968,0.00024258345,1.9657076e-05
BACH2,-0.00023534149,-0.0003306903,-0.00032725744,0.00022039749,-0.0010587275,-0.00021216739,8.107256e-05,2.7473783e-05
ENO2,-0.0005147997,-0.0010488499,-0.00091429614,0.00032293145,-0.0024438426,-0.00023131445,0.00048959255,5.7850848e-05
SPOPL,4.038401e-05,-0.00029398315,3.3430755e-05,-0.0001423955,0.0009911731,5.4126605e-05,5.706679e-05,5.6094723e-06
DVL2,-0.00023803115,-0.00049001724,-0.00028820708,6.579049e-05,2.1032989e-05,-0.00020799972,0.00014426932,2.4809968e-05
ANKRD55,0.00042708963,0.00068810396,0.0006671827,-0.00013571605,0.0002597198,0.00023851544,-0.00038008485,-3.284926e-05
ZBTB49,0.0002550874,0.00011152029,0.00041325018,-0.00020684674,0.0018658116,2.8319657e-05,-0.00020911265,-1.1683907e-05
PDZD8,-0.0002482962,-0.00035860203,-0.00031368434,0.00014168024,-0.001880236,-7.933751e-05,0.00016132183,2.2548018e-05
GDA,-0.0001333002,-0.00047226436,-0.00039728172,6.616302e-05,0.0004079342,-1.38916075e-05,0.00022703689,2.6288093e-05
RTN2,0.000271732,-0.0001247041,-7.081218e-05,-6.324053e-05,0.00079067796,0.00022582524,7.6195225e-05,6.804825e-06
HOOK1,0.00031483732,-0.00013756752,7.7582896e-05,-0.00019685831,-0.0012595952,0.00032269303,0.00010224432,-1.9653235e-06
TMCC2,0.00025079213,0.0006274972,0.0006928127,-0.00012592599,0.0027501732,6.363727e-06,-0.00045638252,-2.9243296e-05
SEPT6,-0.00021708943,-0.00048895366,-0.00036055222,0.00012257323,-0.0011222437,-8.885935e-05,0.00019481964,2.6362599e-05
KRT28,-0.00022361428,-0.0004936978,-0.00036593527,0.0001263693,-0.0011237562,-9.5377676e-05,0.00019566063,2.674642e-05
ZNF800,0.00024922378,0.00027017295,0.0003515128,-0.00013476983,4.7445297e-05,0.00026246067,-0.00013180356,-1.7739716e-05
MATN3,0.00017302856,-4.3598935e-05,7.444993e-05,-2.706796e-05,-0.00021027029,9.714998e-05,-2.9940158e-05,8.5576903e-07
AUP1,-0.00026573427,-0.00044601783,-0.00038023107,0.00017804839,-0.0006506592,-0.00015021442,0.00015742704,2.8806855e-05
CBFA2T2,-0.00016369857,-0.0005756896,-0.00038875267,2.830755e-05,-0.0008354485,-3.2923184e-05,0.0002643885,2.8003124e-05
SLCO1B7,-0.00021068938,-0.00048221461,-0.00035033748,0.00011854246,-0.0010478869,-8.9623965e-05,0.00018879212,2.5859219e-05
SLC19A2,5.349517e-06,-0.00037238374,-0.00021798536,-4.960224e-06,-3.6858022e-05,4.2423606e-05,0.00014721788,1.8580817e-05
SLC17A8,0.00050600804,0.00055669807,0.00057154335,-0.00019461941,0.00040284544,0.00038123038,-0.00027457345,-2.8889277e-05
KY,-0.00026421994,-0.00049012713,-0.00028754398,0.00014448818,-0.00024472177,-0.00025954237,9.8742545e-05,2.6237336e-05
HNRNPAB,-9.3214214e-05,-0.00076451525,-0.0006018989,3.3051707e-05,-0.001880683,0.00019038562,0.00046176556,3.4554512e-05
MMP19,7.0653856e-05,-0.00018512271,-1.48471445e-05,-4.2057596e-05,0.00031112134,8.789729e-05,3.980007e-05,6.0972525e-06
BCKDHB,-9.5298514e-05,-0.00031695887,-0.00019910745,2.0903535e-05,-0.00074435025,-5.520601e-05,0.000120699406,1.7495826e-05
SIX1,0.00014605373,0.00013189204,0.00026839226,-0.00012512226,0.00057831407,0.00012314785,-0.00011917669,-8.2171755e-06
MAPK8,-0.00030757673,-0.0006173216,-0.0006701611,0.00027931295,-0.0017924681,-6.0898252e-05,0.00033177342,4.189508e-05
AKT2,-0.00012615137,-0.00034248643,-0.00026015006,0.00010833796,0.00011134148,-9.195879e-05,0.00011773687,2.0235428e-05
DCAF10,2.7798116e-05,-0.00030455552,-9.724684e-05,-0.00010278635,0.0012981594,9.419583e-05,0.000120311975,1.0914402e-05
SEC14L4,3.0206516e-05,-5.737692e-05,8.4728e-05,-5.438272e-05,0.0010978654,5.3112395e-05,-2.733618e-05,5.225884e-07
SNRK,-0.00045039132,-0.0005073007,-0.00042498857,0.00025712047,-0.0019920766,-0.00035334937,0.0001397403,3.4555444e-05
CCDC13,3.3255666e-05,-7.821247e-06,2.981536e-05,6.700307e-05,-0.00073169917,-6.190315e-05,-6.283913e-05,3.911322e-06
CWF19L2,0.00010221079,3.6148354e-05,0.00024197064,-8.1687234e-05,0.0009334162,4.2364933e-05,-0.000118277036,-6.4474298e-06
KHNYN,0.00010614842,3.4861267e-05,0.00017751381,-0.00013423245,0.0004066229,0.00013633072,-5.3866766e-05,-3.6564888e-06
RLIM,-0.00021441467,-0.0005881544,-0.0002929829,1.9820407e-05,0.00036723912,-0.00011953898,0.00018506311,2.611929e-05
GRAP2,-8.0181286e-05,-0.00030248798,-0.00018901564,9.660795e-05,-0.0006290823,-4.5291148e-05,8.215755e-05,1.6900827e-05
HSF4,-2.308935e-05,-3.9860606e-06,0.00010307878,2.1398067e-05,0.001358062,-0.00010464247,-0.00011541229,2.4661422e-06
CHRM3,0.00039840862,0.00016409531,0.00034690462,-0.0001732288,0.00072631985,0.00024422724,-0.00014021713,-1.354306e-05
WSCD2,0.00021854043,0.00014949031,0.00033075176,-0.00013215188,0.0019428656,4.9858354e-05,-0.00019009877,-9.793672e-06
NOA1,-0.00017605163,-0.00017459877,-3.0355528e-05,8.58875e-05,0.001120016,-0.00020167092,-5.0359406e-05,1.1123368e-05
LMAN1,-0.00020429865,-0.00060579367,-0.00036544725,-1.3997778e-06,-0.0022900328,2.4834648e-05,0.0003158506,2.4280744e-05
FNTB,0.00050993636,0.0005945489,0.0007869899,-0.00024468917,0.0011793599,0.00011644233,-0.0004259674,-3.674673e-05
NLE1,7.954799e-05,0.00022668019,0.00031448528,-4.5606866e-06,0.00085612386,-4.227087e-05,-0.00023827981,-9.01171e-06
SLC9A9,-0.0002953522,-9.273738e-05,-9.3469396e-05,0.0002152957,-0.00044950098,-0.00029791053,-7.710513e-05,1.4671823e-05
SPATA5L1,-0.00015970506,-0.00041023083,-0.00020302832,6.609876e-05,-0.00021836907,-0.00018427894,9.259954e-05,1.9832049e-05
IQCA1,0.00038050674,0.00032511167,0.0004904717,-0.00018855557,0.002112329,0.00015339907,-0.0002558669,-2.1864194e-05
TOR1AIP1,-0.00035132281,-0.0003124643,-0.00029479712,0.00027982518,-0.0016844422,-0.00041088508,-5.494803e-07,2.8909883e-05
ADAMTSL2,1.8388033e-05,-0.00045908056,-0.00021488778,-8.6025335e-05,0.0013150498,0.00015033316,0.00022015441,1.4870428e-05
ECHDC2,0.00025325082,-5.8226287e-06,0.0002510976,-0.00027565844,-0.00055606663,0.00032407977,4.7577545e-05,-1.41817145e-05
THOC2,-0.00027708523,-0.00063169934,-0.00049834326,0.00012767408,-0.00087310374,-2.0788051e-05,0.00030223187,3.267941e-05
DDX18,-1.7585233e-05,-0.00027539209,-8.466281e-05,-1.4019199e-05,0.00058466196,2.9960647e-06,6.118417e-05,1.2599397e-05
EFHC2,0.00016937032,0.00014261529,0.00020996109,-4.6604313e-05,0.0004498735,7.279217e-05,-0.00012170058,-7.69319e-06
FES,0.00021605566,-0.0001594387,-1.7460436e-05,-0.00010645669,0.00011946261,0.0002522245,0.00010226574,2.9646326e-06
ACSBG1,-0.0005974602,-0.0009870231,-0.0011280123,0.00044702273,-0.0058703274,-0.00013014022,0.00059758406,6.431644e-05
PABPC4,-0.00024339743,-0.0006070789,-0.00050211884,0.00018278882,-0.001299195,-7.6180324e-05,0.0002689017,3.373751e-05
CFLAR,-0.00019047223,-0.00036856718,-0.0002799686,0.00015130173,6.60494e-05,-0.00011611916,0.00010378659,2.26103e-05
GJD2,-0.00020505488,-0.00048173405,-0.00034091808,0.00012610015,-0.0012265071,-0.00010803528,0.00017716736,2.5735586e-05
PRRT4,0.00035510026,-0.00010414049,0.00014739111,-0.00025465712,-0.00062681735,0.0003784774,9.450596e-05,-7.10506e-06
WNT11,0.00017344952,3.0184165e-05,0.000113453716,-7.134676e-05,-6.215274e-05,0.00018743332,-2.3745e-05,-2.7698698e-06
TBX5,-2.479367e-05,-0.00015847199,-6.855838e-05,4.2952597e-05,-0.0003183335,4.23491e-05,3.5495497e-05,9.2111295e-06
ATXN7,0.0003549587,0.00023605488,0.00044286437,-0.00025778078,0.0026631355,0.00019327644,-0.00018673297,-1.9152067e-05
NLRP8,-0.0002444815,-0.00053006597,-0.000368556,0.00013888441,-0.00064879656,-0.00017605303,0.00016655587,2.946239e-05
AOAH,-0.00011427514,-0.00056630187,-0.00046792813,5.9759244e-05,-0.0013120323,0.00016709697,0.00035134237,2.6928843e-05
AGXT2,-0.0001970008,-0.00047362968,-0.00034079328,0.00011659507,-0.0009845197,-8.711591e-05,0.00018180441,2.5383662e-05
SLC2A11,0.00039688498,0.0003449358,0.0005416572,-0.0003663143,0.0021532848,0.00033745542,-0.0001758663,-2.5891233e-05
LCORL,0.00020654127,-4.4703484e-08,0.00020523183,-0.00014720671,0.0015095919,0.00014517084,-6.594043e-05,-5.197944e-06
EIF2B3,1.5459955e-06,-9.595603e-05,8.266978e-05,-3.866665e-05,0.0007528439,-0.00012776675,-7.8645535e-05,5.938462e-06
EFCAB7,0.00032858737,0.0005546864,0.00061542913,-0.00011196826,0.00033108145,0.000107841566,-0.0003757244,-2.6226044e-05
FAM83H,0.0001981929,0.00013735145,0.00031872652,-0.00019716844,0.0017037541,0.00014783163,-0.00011698995,-1.2626057e-05
HS3ST2,0.00031437166,0.00020068698,0.00027295947,-0.00013686344,0.00074838847,0.00030199252,-9.465497e-05,-1.2357486e-05
TRIM6,0.00010545552,-0.00021814182,5.6197867e-05,-0.00015225168,0.0007979572,0.00020419154,8.03899e-05,1.0528602e-06
TEX11,-0.00014422834,-0.00046208687,-0.00031249598,8.053798e-05,-0.00077559054,-3.1129457e-05,0.00018669572,2.3172004e-05
KLHDC7A,3.2812357e-05,-0.00031857006,-7.1365386e-05,-7.952191e-05,0.0006387234,7.8878365e-05,0.00010757055,9.445474e-06
AOC2,0.00015852414,0.00011053495,0.00017309748,-4.2318366e-05,0.0003247559,0.00014629588,-9.173155e-05,-4.785252e-06
CAPS2,0.0003423784,0.00022078305,0.00047656894,-0.00026562158,0.0002867356,0.00019202102,-0.00016637985,-2.197933e-05
DNAJC21,0.00022196025,-5.8462843e-05,0.00012607686,-0.00017811917,0.0015253276,0.00025456585,2.3009256e-05,-3.088615e-06
SYTL4,0.00023035519,0.00020482391,0.00031834468,-0.00013008714,0.0005316287,0.00018039346,-0.00013634283,-1.3112789e-05
WNT8B,-5.9796497e-05,-0.00028267503,-0.00014505908,-1.6086735e-05,-0.0017638505,0.00010726135,0.00015697721,1.1128373e-05
CTAGE5,-0.00021708943,-0.00048895366,-0.00036055222,0.00012257323,-0.0011222437,-8.885935e-05,0.00019481964,2.6362599e-05
BFSP1,-3.9782375e-05,-0.0003570784,-0.00023817644,2.2198074e-05,-0.0006752908,7.892866e-05,0.00017765723,1.675461e-05
NLK,-0.0002043061,-0.00079251453,-0.0005945731,0.0001642583,-0.00016742945,-0.00013959175,0.00030576717,4.1959924e-05
PTPN2,8.379668e-05,3.7895516e-05,0.00013974309,-3.2830983e-05,0.00095900893,4.503224e-05,-9.2883594e-05,-7.1537215e-07
SPNS2,0.00038837455,0.0005484577,0.0007580053,-0.00016900804,0.0036407337,-9.480864e-06,-0.00048986915,-3.087113e-05
ZYG11A,-2.3880973e-05,-0.00025136955,-5.7343394e-05,-2.4045818e-05,0.00015258044,1.1451542e-05,6.171223e-05,8.888426e-06
SIX3,-0.00018821098,-0.00051260926,-0.00057945587,0.00027252082,-0.005314812,6.4941123e-06,0.00031364057,3.462413e-05
NEK5,-6.0914084e-05,-3.103167e-05,0.00012511574,2.7380884e-07,0.0013690665,-0.0001698467,-0.00012625474,2.1021115e-06
ZNF711,-0.00043519028,-0.0008062571,-0.0007914156,0.0003281301,-0.002298139,-0.00015239976,0.00039772503,4.8754155e-05
GABRA3,0.0002545491,0.00041426532,0.00048328564,-7.486157e-05,0.0013528764,6.1471015e-05,-0.00031475257,-1.9596308e-05
PFKP,2.9446557e-05,0.00015777163,0.00030583888,-5.4769218e-05,-0.0012074038,-2.7818605e-06,-0.00015805196,-9.718118e-06
PALB2,-0.00017927401,-7.773191e-05,-0.00015518256,0.00020095333,-0.0028333738,-0.00013036514,2.1303073e-05,1.3325363e-05
NYAP1,0.00014184229,-9.857118e-05,5.1809475e-05,-3.7938356e-05,0.0005451068,5.5712648e-05,-9.51346e-06,2.986053e-06
ATAD1,-0.0002417434,-0.0006449539,-0.00046819635,0.00010713376,-0.0009546578,-5.86221e-05,0.00028996356,3.2776385e-05
GBP1,-6.854907e-05,-0.00045533106,-0.00025404617,3.385637e-05,-0.00012592971,7.578172e-06,0.00016818382,2.0047068e-05
BICRAL,-5.4612756e-06,-0.0004965216,-0.0003251247,7.2611496e-05,-0.0002123639,-6.93975e-05,0.00017815828,2.4123816e-05
FLOT1,-0.0003013555,-0.00048753992,-0.00034945086,0.00018452294,-0.00030083954,-0.00024108402,0.0001248056,2.8347713e-05
SUCLA2,-0.00017125905,-2.5831163e-05,-2.0988286e-05,0.00018039625,-0.001600951,-0.00018876465,-8.491799e-05,9.7260345e-06
IGF2BP1,-0.00025608763,-0.0006247498,-0.0003714338,6.0576014e-05,-0.0007898137,-0.00015650131,0.00022648554,2.9296149e-05
KRT84,-0.00020020083,-0.00047482736,-0.0003417395,0.00011267234,-0.00096369535,-8.1167556e-05,0.00018566381,2.534897e-05
LRRC1,0.00038489886,0.00060341135,0.00066524185,-0.0001435224,0.0018206015,0.000194191,-0.00038953032,-3.1729694e-05
TRIM8,-0.00013906695,-0.00057526864,-0.0004280433,4.666671e-05,-0.0016121939,1.856219e-05,0.00030193292,2.7490896e-05
OSGIN2,0.00023825653,0.00027345866,0.00050537474,-0.0001983922,0.0039148703,3.570039e-05,-0.0002832776,-2.0568608e-05
RETSAT,0.00018237717,-0.00011604652,-2.0556152e-05,-5.354639e-05,0.00047691166,0.00013580639,3.0784868e-05,6.1796745e-06
TBXAS1,-0.00034228154,-0.0008997265,-0.0007398296,0.0001878133,-0.001235351,-0.00010186806,0.00043285266,4.6812114e-05
BBS12,0.00041100755,0.00088375434,0.0009475723,-0.00018372573,0.001813978,3.254693e-05,-0.0005991077,-4.3742708e-05
SLC45A3,0.00021464936,-0.0001325868,4.5951456e-06,-7.138308e-05,0.000323914,0.00016523805,4.710909e-05,3.031455e-06
FMO1,7.327646e-06,-2.1222979e-05,0.000104650855,-2.5820918e-05,0.0008360669,-2.3612753e-05,-7.939339e-05,2.6755733e-06
GATM,-0.00016420893,-0.00038205087,-0.0003188327,8.384045e-05,-0.00037279725,-8.867122e-06,0.0001780903,2.2626016e-05
TOMM70,-0.00018310547,-0.00048812293,-0.00038962625,0.00019011926,2.7477741e-05,-0.00014133612,0.00014954992,2.9884744e-05
NKD1,-0.00029960088,1.7587095e-05,9.363517e-06,0.00024689175,0.0006104186,-0.00043596933,-0.00022156443,1.3027689e-05
SH3BP4,4.4902787e-05,-0.00015951134,-4.3444335e-05,7.717777e-05,-0.00047543645,2.1988526e-05,-1.4835969e-06,8.064788e-06
USP16,-0.00022488087,-0.000440415,-0.00033255666,0.00011469796,-0.0017850026,-3.0088238e-05,0.00019931886,2.3533474e-05
KCNS2,-0.00017680041,-0.00014686771,-5.730614e-05,8.152332e-05,-0.0008163005,-7.755216e-05,1.0389835e-05,9.6091535e-06
DVL1,-8.779764e-05,-7.642619e-05,-0.000113284215,0.00019107852,0.00032309443,-0.000181654,-7.456727e-05,1.546403e-05
RPS6KA6,0.0005405117,0.000103024766,0.00020367093,-0.00021843147,8.3222985e-06,0.00046350155,1.3643876e-05,-1.13565475e-05
TRIM28,4.479848e-05,-5.881302e-05,3.9204955e-05,-2.154801e-05,0.00028157234,3.251154e-05,-2.1274202e-05,4.3078326e-06
MIS18BP1,4.461035e-05,-0.0003471356,-0.000120015815,-0.00010748673,0.0010520443,0.00018151198,0.00016904529,9.887852e-06
KCNJ11,2.2722408e-05,0.00017278083,0.00028572232,2.5358982e-05,0.002032213,-0.0002020821,-0.0002739476,-4.517031e-06
UHRF2,-1.0337681e-06,-0.000116353855,5.5296347e-05,-2.7430244e-05,0.00044950098,-1.2824312e-06,-3.211107e-05,4.9067894e-06
GMPR2,-0.00020803697,-0.00039896183,-7.020868e-05,-1.3353303e-05,0.00074748695,-0.0003066226,1.5345402e-05,1.6390462e-05
PGAP1,-0.000778107,-0.0013043005,-0.0012177024,0.00044353586,-0.0043615103,-0.0002934523,0.0006545717,7.419707e-05
SEPT11,-0.00021708943,-0.00048895366,-0.00036055222,0.00012257323,-0.0011222437,-8.885935e-05,0.00019481964,2.6362599e-05
QTRT1,-0.0003524553,-0.00058440305,-0.00034212507,0.00013476145,0.0003272593,-0.0003810227,0.00010615587,3.2676267e-05
ADNP2,0.00010850839,-0.00013755448,1.446344e-05,2.6386231e-05,0.0005997494,-5.6732446e-05,-6.0669146e-05,9.605661e-06
MMRN2,0.00024470128,9.7200274e-05,0.00020640716,-9.027589e-05,-0.00050041825,0.00019016583,-6.9729984e-05,-8.020666e-06
RAB11FIP3,0.00032809936,0.00021197274,0.00030395947,-5.8867037e-05,0.0027607158,-1.507625e-05,-0.00025936496,-6.8871304e-06
SENP3,1.6018748e-06,-1.4554709e-05,5.7142228e-05,0.00011344254,-4.1350722e-05,-0.00020165555,-0.00014394242,6.940798e-06
HNRNPM,-7.838383e-05,-0.000265453,-3.0938536e-05,-6.0955994e-05,0.00056872517,6.2296167e-06,6.2864274e-05,8.823583e-06
CPNE4,3.3732504e-06,-4.319288e-05,-8.071773e-05,0.00019030459,-0.0022700205,-0.00010079518,-6.712787e-05,1.450628e-05
ST7L,0.0002136305,0.0003569275,0.00039695576,-4.170835e-05,0.001594089,-7.722527e-06,-0.00029879157,-1.302606e-05
SH3BP5L,0.00014298037,0.00012044795,0.00036638975,-0.00014654547,0.00091759115,-9.983778e-07,-0.00018929038,-1.1529541e-05
MAMDC2,-0.00010352954,-0.0004425943,-0.00024407357,-2.83923e-05,-0.0011907741,4.5437366e-05,0.00021607894,1.8136227e-05
ACSL4,-0.0008146167,-0.0014106836,-0.0013034195,0.00048123486,-0.0027911589,-0.00046397746,0.0006435923,8.167233e-05
KANK3,0.0003379006,0.0004924778,0.0005131569,-7.6117925e-05,0.0015681982,0.000117995776,-0.00034413207,-2.1203305e-05
PCDHB15,0.0002568122,0.00052507967,0.0006959904,-0.00014886446,0.0022396222,-9.6826814e-05,-0.00045883562,-2.6897644e-05
MROH9,-0.00010813959,-0.00043518655,-0.00029736757,4.561059e-05,-0.001560919,3.045611e-05,0.00021204259,2.074847e-05
BACH1,9.29907e-05,0.0003009811,0.00016510673,0.00011053961,0.0013252869,-3.0935742e-05,-0.0002296241,-1.8832507e-06
ASIC4,0.00033870526,0.0008732192,0.00071349926,1.8302351e-05,0.0013797805,6.712973e-06,-0.0005823532,-2.9193936e-05
CDCA2,0.00047622062,0.00034661777,0.0005375948,-0.00033654738,0.0018647388,0.0003509475,-0.00019328203,-2.46251e-05
CDHR1,0.0002595894,0.000106213614,0.0003364496,-0.0001663547,0.0016679764,4.7951005e-05,-0.00017216522,-1.08175445e-05
NFKB2,0.00012326427,0.000221733,0.000252679,9.974465e-06,0.00019023567,3.5678968e-06,-0.00019254256,-7.002265e-06
PRPF38A,-2.4721026e-05,7.253885e-05,0.0001261551,6.154273e-05,0.00038196892,-0.00013666647,-0.00016860943,3.9064325e-06
SALL2,7.450022e-05,-0.0003183987,-0.00010965206,-4.696846e-05,0.0019899756,-7.295981e-06,7.2512776e-05,1.206575e-05
IL12RB2,-0.00013987534,-0.00037310086,-0.00025533698,0.00010625739,-0.00067962706,-7.947441e-05,0.0001265658,2.0216568e-05
BMP4,0.00013500638,-1.6042963e-05,3.9225444e-05,-4.427042e-05,-0.00073278695,0.00022320636,3.5981648e-05,-3.222376e-07
ARFIP2,-7.616915e-05,-0.00030077994,-0.00025088713,9.580236e-05,-0.0023339614,3.655255e-05,0.00015527755,1.8771621e-05
MBOAT1,-0.00025641918,-0.00055980496,-0.00025499798,-1.5594065e-05,-0.0002502203,-0.0001253304,0.00019492954,2.2440217e-05
DPP7,-4.1753054e-05,-0.00013712421,-7.567927e-05,5.5001117e-05,-0.00012297928,1.1868775e-05,2.660323e-05,9.496114e-06
NGFR,0.00033539906,0.00024331361,0.00045043975,-0.0002420079,0.00040955096,0.00018164795,-0.0001916876,-1.7239829e-05
ZCCHC8,0.00018246286,-0.0001915507,1.8104911e-06,-0.00012833439,0.00016029924,0.00019531325,7.981155e-05,5.381764e-06
PBX2,0.0003193654,6.0640275e-05,0.00015477091,-5.3962693e-05,0.00034291297,0.00012375321,-8.0497004e-05,-4.029018e-06
PCDHA10,-7.722154e-05,-0.00016866997,-2.1189451e-05,2.4363399e-06,-0.0012315735,5.379319e-06,4.217308e-05,6.683287e-06
CALCOCO1,-4.3593347e-05,0.00027829595,0.0004506819,2.7609989e-05,0.0003418848,-0.00027719978,-0.00036911014,-1.1765864e-05
LCTL,3.476627e-05,-0.00030032173,-0.00012787431,-3.9819628e-05,0.00028577447,0.00012157112,0.0001322832,1.1004042e-05
CTNNAL1,7.961877e-05,-0.00010483898,0.00014691427,-0.00017831102,0.0010015145,0.00011363346,-1.1958182e-05,5.0640665e-08
GNA15,-8.366816e-05,-0.0002802089,-0.00014315732,5.908031e-05,-0.00040642917,-6.425474e-05,6.6124834e-05,1.546531e-05
TTF1,0.0002407115,0.00011849962,0.00035038777,-0.0002329927,0.0011001155,0.00027230103,-8.5554086e-05,-1.5807222e-05
SHTN1,-4.7413632e-05,-0.00021275692,3.7267804e-05,-1.6640872e-05,0.0012065545,-0.000103255734,-3.8604252e-05,8.161878e-06
FAF2,0.0001895316,0.00020009279,0.00031567365,-0.00010698754,0.0018184409,9.433925e-05,-0.00018185657,-1.0659802e-05
NFIC,5.1110983e-06,-0.00022651069,-4.191138e-05,-9.966362e-05,-0.0013062358,0.00012419838,0.00012309104,6.383634e-06
SLFN11,-0.00016924739,-0.00034673885,-0.0002173353,0.00010215212,-0.00074861944,-8.0117956e-05,0.00011227466,1.8529012e-05
TRAF3IP1,-7.148087e-05,-0.0003358014,-0.00019913726,2.0939857e-05,-0.0003657341,6.72359e-05,0.00014349166,1.6049598e-05
PHF1,-0.00012798794,-0.00058622286,-0.00038343668,-1.05481595e-05,-0.00028211623,0.00010506995,0.00030262396,2.51421e-05
TARS,-0.00021708943,-0.00048895366,-0.00036055222,0.00012257323,-0.0011222437,-8.885935e-05,0.00019481964,2.6362599e-05
ATAD3A,0.00024470687,0.0001316145,0.00023333542,-0.00011796132,0.0006292388,0.00013929885,-0.00011300016,-6.6370703e-06
ZNF862,0.0005106218,0.00072236545,0.00079455227,-0.00019734632,0.002313085,0.000113424845,-0.0005036844,-3.541063e-05
CFAP221,0.00029658526,8.324906e-05,0.00017997436,-0.000106009655,0.00015838444,0.00014001317,-7.076375e-05,-5.9837475e-06
RRP1B,1.0177493e-05,-0.00029288605,-0.000121403486,-5.7251193e-05,-0.0012357235,0.00016292743,0.0001556091,1.1452241e-05
ALG5,-1.3722107e-05,0.00042318553,0.0004622452,9.1786496e-05,0.0017746389,-0.00027477648,-0.00043954048,-1.2639677e-05
INTU,5.844608e-05,-0.00032195263,-0.0001179371,-4.0797517e-05,-0.00040572137,9.3187205e-05,0.00013824832,1.05449e-05
PHACTR3,5.4782256e-05,-0.000112431124,9.980984e-05,-7.022824e-05,0.0007504001,5.274918e-05,-2.6591122e-05,1.3638055e-06
SLC47A1,-0.00018416904,-0.0002539754,-0.00015430711,0.0001446139,-0.0006654635,-0.0001624832,1.7358921e-05,1.7382321e-05
CDYL2,-1.8870458e-05,8.856878e-06,3.738515e-05,5.8042817e-05,-0.0014800206,8.061528e-06,-3.717374e-05,2.7582282e-06
GJA8,-0.00011990033,-0.0002794806,-0.0001879204,7.334165e-05,-0.0010039285,-2.097059e-05,9.672344e-05,1.735019e-05
SLC17A6,-0.00049574673,-0.0007930882,-0.0007511433,0.0003100913,-0.0046414733,-7.391069e-05,0.00043391343,4.5238645e-05
DUSP16,5.3444877e-05,-0.00033324212,-0.00016621128,-6.768666e-05,0.0006068647,0.00022011064,0.00018978305,1.0893564e-05
MFSD5,0.00043205917,0.0003287606,0.0005391501,-0.00030008145,0.0025881752,0.0002963394,-0.00021467824,-2.5717425e-05
PNLIP,-0.00017771311,-0.0003413465,-0.00021175481,8.8313594e-05,-0.0006839782,-9.4405375e-05,0.00010250881,1.8529827e-05
RNF8,-0.00029671192,-0.0006428547,-0.00040737167,0.00014201924,-0.00042817742,-0.000289388,0.00017240644,3.4355326e-05
ALG2,0.00017778389,-6.921217e-05,9.307079e-05,-0.00017179642,0.00021215528,0.00029922277,6.194506e-05,-1.7295824e-06
WDR37,-0.00020533055,-0.00010237098,-4.41242e-05,0.0001637144,-0.00060524046,-0.00028377306,-9.545591e-05,1.3722456e-05
PIGB,0.0001671724,0.0005166996,0.0003584139,6.869342e-05,-0.0023390204,9.961706e-05,-0.00027437042,-1.4920719e-05
MSI1,-0.0002473537,-0.00038665906,-0.0002617091,6.65579e-05,-0.00041511655,-0.00011467375,0.00014113355,2.1905056e-05
IKZF1,-0.00022329763,-0.00039647892,-0.0002980586,0.00017126556,-0.00058113784,-0.0001843907,0.000105516054,2.4757464e-05
LRGUK,-0.00010032393,-0.0004513096,-0.0001237262,-4.4465065e-05,-0.00017726421,-0.00014626188,0.00010387041,1.6116886e-05
SLC9A4,-0.00029946677,-0.00043323077,-0.00032430142,0.00019161403,2.3797154e-05,-0.0002955529,8.2969666e-05,2.764701e-05
MMP24,0.00011955388,3.6459416e-05,0.00012587383,-9.411946e-06,-0.0009870231,0.00014561322,-4.462246e-05,-1.3798708e-06
ROCK1,-0.00034317188,-0.0008033477,-0.00051961467,0.00010223314,-0.00023639947,-0.00014978228,0.00030206144,3.8561877e-05
TKTL2,-0.00021162629,-0.0004865732,-0.00035703555,0.000119164586,-0.001081422,-8.5116364e-05,0.00019404199,2.6134308e-05
RCL1,0.0003001988,4.495494e-05,0.0003245063,-0.00027683843,0.0010818914,0.0002570888,-5.4817647e-05,-1.2924545e-05
MPP7,0.0002705548,0.0003632363,0.00059748814,-0.00019322895,0.0016718805,3.948901e-05,-0.00033154245,-2.3707165e-05
SCMH1,0.0005064197,0.00043798238,0.0005604252,-0.0002704952,0.0014957711,0.00034690183,-0.00023253169,-2.7830014e-05
HSPA12A,-0.00039746612,-0.0009942949,-0.00073854625,6.4723194e-05,-0.001008071,-9.766873e-05,0.0005095443,4.6178e-05
WNT9A,-0.00018386357,-0.0004757736,-0.0003398247,0.00010202639,-0.0009864047,-6.1004423e-05,0.00019286573,2.494664e-05
GRAMD4,-0.00018982403,-0.0006090347,-0.00069835223,0.00028780475,-0.002833262,-6.755721e-05,0.0003435174,4.097121e-05
DHODH,0.00010098517,-7.257238e-05,7.9264864e-05,-6.407127e-05,2.4348497e-05,8.321181e-05,-1.9297004e-06,-8.5285865e-07
ARFGAP1,0.00022426434,-0.0005474072,-0.00023579411,-0.00014674384,-0.00012663007,0.00022100378,0.00027638022,1.5186961e-05
DNAJC1,0.00011584349,-0.00016225316,-1.580827e-05,-8.966774e-06,-0.0012905076,7.336587e-05,3.063772e-05,7.1937684e-06
ARSH,-0.00021068938,-0.00048221461,-0.00035033748,0.00011854246,-0.0010478869,-8.9623965e-05,0.00018879212,2.5859219e-05
ANKRD13C,0.00026216917,1.7669052e-05,3.742613e-05,-2.6486814e-05,-0.0009058565,0.0002748184,2.71108e-05,-8.100178e-07
MAPKAP1,0.00029912405,-0.00015608966,-4.693307e-05,-0.00012539513,-0.0010239333,0.00032235775,0.00013764668,3.855792e-06
SLC25A22,6.858632e-05,-3.8634986e-05,0.00016903318,-0.0001297025,0.0008348152,8.1701204e-05,-4.2754225e-05,-2.7155038e-06
FBXO9,0.00015905872,-0.00027292967,-0.00013069436,-3.4453347e-05,-8.124113e-05,0.00024026912,0.0001497399,8.971314e-06
PARG,0.00014787354,-7.512048e-06,0.00011334941,-7.692911e-05,-0.0002636984,0.000108495355,-3.2403506e-05,3.1490345e-07
MEF2A,-2.852641e-05,-0.00015915371,3.3529475e-05,-1.2785196e-05,0.0013668314,-0.00011510076,-5.2436255e-05,8.052564e-06
LMF1,-0.00010669604,-7.774681e-05,3.3713877e-06,0.00010513887,0.00095558167,-0.00020114426,-0.00010557007,9.299489e-06
PIGV,0.00023474358,0.00031182915,0.0003644824,-6.517954e-05,0.0010130629,0.000121136196,-0.00022073928,-1.5378115e-05
PIAS1,8.089654e-05,-0.00019154884,9.754114e-05,-0.00015144516,0.0016350672,-7.246621e-06,-1.0533258e-06,2.3909379e-06
NRF1,-5.5169687e-05,9.445287e-05,0.000113423914,7.802434e-05,-0.00072618574,-8.634105e-05,-0.00012115296,6.8277586e-07
SLC2A6,4.7711655e-05,-0.000108530745,-0.00017228723,9.8319724e-05,-0.0010003373,8.4434636e-05,6.929692e-05,1.301954e-05
KRT18,-0.00020021945,-0.0005269386,-0.00027383678,0.0001177825,-0.0018747672,-0.00012715627,0.000147718,2.388237e-05
MEF2B,4.7167763e-05,-0.0001913365,-1.7700717e-05,-4.6879053e-05,0.0006333515,5.6753866e-05,4.18555e-05,6.178627e-06
PRKD2,2.7438626e-05,5.3230673e-05,0.00017529912,4.1211024e-05,0.001240991,-0.0002599093,-0.0002244087,2.4007168e-06
RFX5,-0.0003951136,-0.0008010417,-0.00071210787,0.00023100153,-0.002792202,-0.00017114356,0.0003935611,4.4699875e-05
ZC3H12D,-9.8405406e-05,-0.00019657426,-5.337596e-05,2.8276816e-05,-0.000114910305,-7.3884614e-05,2.1094456e-05,9.8675955e-06
PMPCA,9.361841e-05,-0.00029906258,-1.741387e-05,-0.000103489496,0.00025355816,3.025122e-05,6.169081e-05,9.2764385e-06
AKT3,-0.00016986951,-0.00025590882,-0.00016671419,0.00011259969,-0.0010799915,-6.9567e-05,6.3245185e-05,1.6919104e-05
IRF9,0.0002991464,9.7123906e-05,0.00021320023,-0.00018685404,0.00078219175,0.00030375086,-3.306847e-05,-8.693081e-06
CDC16,0.00020763092,-0.00020537898,5.745329e-05,-0.00019983016,0.00077124685,0.0001724707,7.605739e-05,1.8290011e-06
AQP1,-0.00010997057,-0.00021156855,-0.00010645203,8.3511695e-05,-9.275973e-05,-0.00011044508,1.6403385e-05,1.3340265e-05
GGA1,-0.00013837405,-0.00027013943,-0.00020457245,0.00018028915,0.0005043745,-0.0002942239,-2.7382746e-05,2.3084343e-05
TGFBRAP1,0.00013123825,-9.820424e-05,4.9436465e-05,-2.2409484e-05,0.0017992705,-4.353933e-06,-6.3337386e-05,5.974667e-06
SLITRK5,0.00019256212,3.2464042e-05,0.00013016723,-1.1792406e-05,0.0016232654,-2.41315e-05,-0.00013233814,1.0567019e-06
TAF4B,0.00016799383,2.8207898e-05,0.00021546893,-8.75853e-05,0.00073216856,7.33491e-05,-0.000102524646,-5.5994606e-06
ATF6B,-0.00036615692,-0.00040907413,-0.00029016845,0.00025476702,0.00043719262,-0.0003974978,1.6380101e-05,2.8020702e-05
PHKG2,3.508106e-05,-3.6964193e-05,7.340312e-05,2.5755726e-05,0.00038773566,-8.192193e-05,-9.411108e-05,4.662783e-06
LRWD1,0.0002535209,8.510612e-05,0.00027341023,-0.00017614663,0.00031360984,0.00018764008,-7.5764954e-05,-1.0617077e-05
MEIS1,4.732795e-05,-0.00012834929,-8.787215e-05,9.011105e-05,0.00020194799,-4.2382628e-05,-1.7542392e-05,1.2112549e-05
API5,-8.260831e-05,-0.00010547228,1.5094876e-05,4.9754977e-05,-0.0013914555,-4.457403e-05,-2.147071e-05,7.1483664e-06
LIN54,-0.000256788,-0.00014978833,-0.00023521297,0.0002641268,-0.0011797622,-0.00021793833,-4.902482e-06,2.148305e-05
MAG,-0.0006254986,-0.0007044971,-0.00056181476,0.00037157442,0.00036203116,-0.0006633117,8.934084e-05,4.8734015e-05
NEK2,0.00011443719,0.00027897581,0.00025949068,-1.9657426e-05,-0.00037463754,0.00012875069,-0.00014740136,-1.1396944e-05
C3orf67,4.548952e-05,-2.9282644e-05,3.922172e-05,4.3191947e-05,-0.001610592,2.815947e-05,-3.7190504e-05,3.9406586e-06
PLBD2,-7.88942e-05,0.00016770884,0.000104080886,0.00017516688,-0.0012488142,-0.00021843472,-0.00019947346,4.4927e-06
SCFD2,0.000112367794,0.000113312155,0.0001588352,-5.029235e-05,-0.000661172,0.00014439411,-5.944632e-05,-5.512731e-06
ZNF217,2.5890768e-06,0.000106045976,0.00017307326,-1.6200356e-05,0.0006110072,5.9062615e-05,-0.0001025917,-4.961621e-06
POLR1C,7.570721e-05,0.00031448528,0.00036445633,-2.3111701e-05,0.0010168627,-0.00011520367,-0.00029976573,-7.969094e-06
AFAP1L2,0.0003569033,0.00036633573,0.0006134715,-0.0002906015,0.000984095,0.00022763293,-0.0002605347,-2.720207e-05
CSRNP3,-0.0007102657,-0.001506364,-0.0013528783,0.00039163977,-0.00464765,-0.000205955,0.000803777,7.938733e-05
RNF103,-0.0001471974,-0.00022790581,-0.00015479513,0.00017619226,-0.0004932955,-0.00017534196,-9.532087e-06,1.7666025e-05
CDCA7L,6.201863e-05,5.904585e-06,3.359653e-05,-4.165899e-05,0.001569286,7.591955e-05,-3.0742027e-05,3.8536964e-06
ZDHHC13,-0.00023804232,-8.862838e-05,-0.00010636076,0.00022340845,-0.0012804195,-0.00021404075,-5.8912672e-05,1.47605315e-05
ZFP90,3.356859e-05,-0.00041733123,-0.00019947067,-7.69943e-05,0.0004912019,0.00011586957,0.00018695649,1.6446575e-05
TOM1L2,0.00013766065,5.0937757e-05,0.00023119152,-5.8851205e-05,0.0011570081,-8.897297e-05,-0.00017113145,-3.5647536e-06
TTC8,1.7732382e-06,5.21224e-05,0.00019699335,3.3909455e-05,0.0016169772,-0.00031787157,-0.00024141837,2.2758031e-06
UTP4,-0.00020545721,-0.00027420744,-0.00017815828,9.0926886e-05,-0.001316756,-0.00013558101,7.760618e-05,1.72609e-05
TRMT2A,0.00012573227,0.00025405176,0.00042914227,-0.000171436,0.0010603443,3.7189573e-05,-0.00022520963,-1.542049e-05
PLXDC2,-0.000101594254,-0.00034459867,-0.00023830123,6.571133e-05,-0.0025909469,-8.040108e-06,0.00016995333,1.7695944e-05
MUM1,-0.00021708943,-0.00048895366,-0.00036055222,0.00012257323,-0.0011222437,-8.885935e-05,0.00019481964,2.6362599e-05
GLDC,0.0003472697,0.00037537888,0.00037880614,-8.342136e-05,0.0009668991,0.00023329817,-0.00021132361,-1.9107712e-05
CAMK2D,-4.681386e-05,-0.00029576756,-8.6314976e-05,-5.9289858e-05,-0.0005558729,3.4288503e-05,0.00010863319,1.1118595e-05
ADGRE5,-7.753447e-05,-7.632002e-05,4.2676926e-05,0.00010999851,0.0008362904,-0.00022842176,-0.00012946595,8.257804e-06
KCNJ16,-0.00027272105,0.0002940558,0.00029909983,0.0002078535,-0.0006235689,-0.0004171091,-0.00037528295,-2.4392502e-06
LIMD1,0.00016141124,2.9811636e-05,0.00039496087,-0.00022272952,0.0021523237,1.9036233e-06,-0.00015760679,-1.4293706e-05
WDR1,-0.00010965392,-0.00014313683,-9.926222e-05,0.00014536083,-0.0008560717,-9.089522e-05,-1.4095567e-05,1.3239216e-05
PTCHD3,-0.00018353947,-0.00043497607,-0.00029999763,0.0001065461,-0.0009743795,-8.722488e-05,0.00015736837,2.338877e-05
SEPT4,-0.00021708943,-0.00048895366,-0.00036055222,0.00012257323,-0.0011222437,-8.885935e-05,0.00019481964,2.6362599e-05
USF1,0.0005600173,0.00018738769,0.0005314499,-0.0004313821,0.003713578,0.00044712424,-0.00011682231,-2.7306378e-05
CEP85,0.00043671206,-4.5381486e-05,0.0002584271,-0.0003467556,0.001606144,0.0003982028,3.4190714e-05,-1.2395671e-05
SLC22A17,5.1606447e-05,-0.0002686102,-0.0002510026,9.9565834e-05,-0.0010698363,6.8751164e-05,0.00012806337,1.8194434e-05
SLC1A3,-0.0003624428,-0.0007722303,-0.0005304348,0.00011150539,3.6515296e-05,-0.00016977917,0.0003074417,3.65898e-05
HABP2,-0.000102432445,-0.00021906383,-0.00015362725,0.00011110585,-0.0011782795,-5.2913092e-05,5.6444667e-05,1.4497666e-05
DSC3,0.0001310017,-1.8978491e-05,0.00011393428,-5.0680712e-05,-0.00029014796,4.0860847e-05,-4.183501e-05,-1.9368017e-06
PLCH1,0.00041407347,0.00055219047,0.00064707734,-0.00016890373,0.00059375167,0.0002177339,-0.00034271274,-3.209419e-05
KRT77,-0.00020631775,-0.0004849173,-0.0003542602,0.00011602696,-0.0010397956,-8.155126e-05,0.00019359961,2.5945832e-05
ZNF74,4.4450164e-05,5.4934993e-05,0.00021655671,-5.9990212e-05,0.0005292818,-8.433964e-05,-0.00014923234,-1.755543e-06
DNAJC14,0.0005805511,0.0006809607,0.00082896464,-0.00038951542,0.0041604266,0.0003872281,-0.0003811894,-4.253199e-05
LRFN1,0.0005822666,0.0005258545,0.000612529,-0.00027172826,0.0016973764,0.0003923662,-0.00026816968,-3.1243195e-05
NUAK2,0.00026673079,0.00013302639,0.00028868765,-0.000218153,0.0011366457,0.00036874227,-3.7507154e-05,-1.4785561e-05
IL31RA,-6.548315e-05,-0.0002925545,-0.00017161109,4.369393e-05,8.542091e-05,-1.7481856e-05,9.1277994e-05,1.5542959e-05
MID1,-0.00047045574,-0.00086611696,-0.00062628277,0.00020805933,-0.0017418265,-0.00031862687,0.00032474846,4.4297078e-05
QSOX1,0.00013029575,4.6843663e-05,0.00013724342,-3.6275014e-05,-0.0009988695,0.000103651546,-5.953759e-05,-2.3106113e-06
EPS8L3,-5.0429255e-05,-0.00026029535,-0.00012377836,3.3396296e-05,0.00024932623,-1.9362196e-05,6.0652383e-05,1.3862853e-05
TMEM132A,3.0169263e-05,-0.00015072525,-0.00011230074,0.00015336089,0.0005610809,-0.0001595444,-6.0406514e-05,1.6767066e-05
PPP3CC,0.00026378408,0.0004303176,0.0005215164,-0.00011515152,0.00092050433,3.22368e-05,-0.00031800848,-2.2417982e-05
ZNF333,5.2239746e-05,0.00035784952,0.00036042556,5.590357e-05,0.0015742555,-0.00013898173,-0.00033075828,-9.949552e-06
CEP83,0.00014576316,0.00014166348,0.00021329336,3.7802383e-06,9.1299415e-05,-6.650202e-05,-0.00018446054,-3.3157412e-06
RBM28,0.00012377277,-8.366816e-05,0.00012151338,-0.00011403859,0.0007215291,0.00015670154,1.1930242e-06,-1.691049e-06
CCT6A,-0.000149576,-0.0004515648,-0.00033865124,0.000114615075,-0.00078862906,-4.48348e-05,0.00017808285,2.5380403e-05
FASTKD1,-6.148964e-05,-0.00010447763,-0.00010814518,0.00015063118,-0.0017582253,-0.00012150174,-1.7152168e-05,1.3370765e-05
PHC1,-0.00045055337,-0.0011510737,-0.0009143129,0.0001823809,-0.0009389818,-0.00016012415,0.0005416246,5.883025e-05
C2orf42,4.8423186e-05,7.386878e-05,0.00010264292,-4.797522e-05,-0.0015097708,0.00012646336,-1.6706064e-05,-2.4096807e-06
PGD,0.00025107712,0.00013660826,0.00028327107,-0.00015615392,0.0010517985,0.00017009582,-0.000114939176,-9.714044e-06
TROAP,0.00020534545,2.61534e-05,0.0002817791,-0.0002547875,0.00034747273,0.00023514777,-3.1654723e-05,-1.0608812e-05
TNFRSF1A,8.114427e-05,-0.00038759038,-0.00013087876,-0.000119072385,0.00014963001,0.00013790373,0.00017251354,1.26137165e-05
LRRC8C,1.1511147e-05,-0.00019150972,-0.00025234,0.000116670504,-0.0012384579,0.0001364192,0.00014876947,1.4550518e-05
CDK5RAP3,-0.00044656545,-0.0006269086,-0.00046796724,0.0002133837,-0.00091713667,-0.00032325974,0.00019129645,3.675185e-05
CIAO3,-0.00029510632,-0.00029556826,-0.0002297014,0.00012873672,-0.0012014806,-0.00017457502,8.012168e-05,2.1632295e-05
LPCAT3,-7.813983e-05,5.735457e-05,0.000116162,3.9297156e-05,-0.0010694787,-9.2060305e-05,-0.00010080729,4.7206413e-07
PRKAA2,0.00037078,0.00021478161,0.00049243495,-0.00034763198,0.0021393672,0.00034038257,-0.00014238339,-2.3004948e-05
PDZD4,-0.00035182573,-0.0009372942,-0.0007562861,0.00010755472,-0.00077275187,-1.9013882e-05,0.0004834747,4.775822e-05
F2,-0.0002197437,-0.0004947074,-0.0003656894,0.00012381654,-0.001090534,-9.2295e-05,0.0001967214,2.6700902e-05
TMEM161A,-0.00013333932,-0.0002665948,-0.00020110048,7.368624e-05,-0.0015871748,-5.2526593e-06,0.000116903335,1.673738e-05
SMARCD3,-6.8379566e-05,-7.6990575e-05,7.558614e-06,2.9149465e-05,0.00039955974,-5.942583e-05,-4.398357e-05,8.387491e-06
EEPD1,-0.0003770683,-0.0009470135,-0.00087130815,0.00025418028,-0.0024656355,-0.00013944879,0.00048006233,5.2746967e-05
ADCK1,0.00018765032,0.00038997084,0.0004492905,-4.3725595e-05,0.0015822127,-9.19709e-05,-0.00034615118,-1.5641563e-05
TUBB2B,-0.00041141734,-0.0009866394,-0.0008409694,0.000245546,-0.0019246638,-8.132309e-05,0.0004892275,5.151867e-05
ZBTB47,-8.419156e-07,-0.00015058368,-4.2082742e-05,-5.5533834e-05,-0.0008051917,0.00013772584,9.146333e-05,5.9310114e-06
TRIM32,-0.00021454506,-1.2613833e-05,6.981939e-05,7.167645e-05,-0.0013049766,-0.00019024871,-8.791778e-05,4.8703514e-06
NYAP2,0.00018146634,-5.982816e-06,0.00015146099,-6.666593e-05,0.00081210583,3.768038e-05,-8.9828856e-05,-5.674083e-07
TMEM63C,8.258969e-06,8.447282e-05,8.249469e-05,0.00011010375,-0.0008025244,-4.4586137e-05,-0.00012303796,2.1334272e-06
HDAC2,-0.0004556477,-0.0010213032,-0.0009035785,0.00026113912,-0.0018986315,-8.7469816e-05,0.00051870383,5.5635464e-05
MDM1,3.2361597e-05,0.0001198221,0.00019458868,2.4121255e-06,0.001709409,-5.0107017e-05,-0.00016857404,-2.8983923e-06
PCDHA9,0.00036936998,0.00011543371,0.0004248675,-0.0003544595,0.0005217865,0.00033984333,-5.6920573e-05,-2.1334388e-05
AJM1,-0.00020659529,-0.00045611337,-0.00032489002,0.00011636689,-0.0010369644,-9.029545e-05,0.00017215963,2.4608918e-05
KLHL17,-0.00014015287,0.0001328513,-2.4329871e-05,0.00026700273,-0.00017982721,-0.00025857193,-0.00018981192,1.1111959e-05
ABHD4,-0.00012590364,-3.9240345e-05,-0.00011910871,0.0002162857,-0.0023279414,-0.00017395802,-4.8131682e-05,1.3679732e-05
MASTL,0.00014255196,0.00020346232,0.00035073422,-0.0001305798,0.00022259355,0.00011290703,-0.00016296562,-1.2772391e-05
STEAP2,3.8269907e-05,-0.0003617853,-0.00022435188,1.4117919e-05,-8.696318e-05,8.449424e-05,0.00014063902,1.9460218e-05
NELFE,-0.00038689747,-0.0004634764,-0.0003418941,0.00020959694,-0.0005053282,-0.0003388035,8.997414e-05,3.0140975e-05
NLRP9,-0.00012526102,-0.00036115944,-0.00022297539,7.963367e-05,-0.0005252063,-6.491039e-05,0.00011399854,1.901784e-05
DOK7,0.00013521686,-7.1920455e-05,4.134141e-05,-2.3616478e-05,-0.00024915487,7.381011e-05,-1.1312775e-05,3.0325027e-06
PSMC6,-0.0001443699,-0.00036424212,-0.00018666685,1.5072525e-05,0.000105924904,-1.5096739e-05,0.00012901891,1.726055e-05
CLINT1,4.3248758e-05,-3.3931807e-05,0.00012136251,-0.00011170097,-0.001119718,0.00012564287,4.5597553e-06,-7.668277e-07
MIER1,-0.00015677139,-0.00022530183,-0.00016282685,0.00012268312,3.33786e-06,-4.897453e-05,3.5995618e-05,1.6981503e-05
GPM6B,-0.0004973151,-0.00095734186,-0.00072280504,0.00023750588,-0.0001296252,-0.00030544866,0.0003612833,4.955975e-05
EPS8L2,0.0003684424,0.0002054032,0.00025645085,-5.7456084e-05,0.0013563782,0.0001632506,-0.00016829278,-9.001116e-06
NUCB1,-0.00022258796,-0.00044401735,-0.00034108944,9.028334e-05,-0.0009140596,-5.6815334e-05,0.00020508748,2.4155248e-05
C10orf71,-0.00015760586,-0.00051628053,-0.00033600256,6.648805e-05,-0.0005453974,-4.296843e-05,0.00020743348,2.4756417e-05
RALGPS2,0.00010278635,-3.9830804e-05,0.00013793632,-6.999262e-05,0.003037557,-5.4294243e-05,-0.00010321941,8.8941306e-08
GDI2,-0.00017137639,-0.000726033,-0.0005330909,0.00010566786,-0.0010179579,-3.7515536e-05,0.00033247098,3.4973957e-05
GABRQ,-0.00022317469,-0.00042694248,-0.00031468645,0.00015350059,-0.0011111647,-0.00015265727,0.00013730768,2.4777837e-05
ZNF45,-4.52511e-05,-0.00023985468,-3.406033e-05,-9.4439834e-05,0.0006080866,5.5014156e-05,7.587578e-05,8.286559e-06
WDR76,-0.00012061,-0.00029317848,-0.00021584146,0.000114277005,-0.000499323,-0.000110323075,6.8343244e-05,2.0458363e-05
IRF7,-5.2416697e-05,-0.00023948029,-0.0001748465,6.167218e-05,-0.0001244396,-1.6065314e-05,7.968489e-05,1.5081605e-05
HSPA12B,-6.608479e-05,-0.0004550349,-0.00028692186,8.328445e-05,0.00064789504,-3.7853606e-05,0.00014593173,2.2223801e-05
CHST5,0.00022826344,0.0002711881,0.0004009083,-8.50223e-05,0.0008621365,5.9597194e-05,-0.000244868,-1.4498015e-05
CSTF1,0.0001703389,0.00035570748,0.0004947316,-0.00021007285,0.0020422637,0.00012501515,-0.00024410617,-2.1090731e-05
CREM,-6.33169e-05,-0.0002022516,-0.000108568,8.7765045e-05,-0.0005132109,-0.00010688836,3.3713877e-06,1.485995e-05
DNM2,5.196221e-05,-0.000120902434,-5.7781115e-05,8.772127e-05,-0.000600338,-4.7991052e-05,-1.2630597e-05,9.264913e-06
NDUFA9,-0.00021204725,-0.00035945326,-0.00018046424,7.819198e-05,-0.0014974251,-0.00012204889,0.00010284409,1.8151011e-05
FEM1C,7.517636e-05,-6.023422e-05,6.289035e-05,-1.0109507e-05,0.00030387193,-3.7854537e-05,-6.67125e-05,6.354414e-06
UBA3,-0.00025470927,-0.00054435804,-0.00042513385,0.00014799088,-5.3986907e-05,-0.00011159899,0.00021234341,3.084517e-05
PHF10,0.00011032075,7.721409e-05,0.0002164226,-5.5576675e-05,0.0016583577,4.979968e-05,-0.00013561454,-5.5793207e-06
EGFL6,0.00025988556,0.00030786172,0.00054668076,-0.0002851477,0.0015684962,0.00026745908,-0.0001912443,-2.6278314e-05
PRKAG3,-0.00019061938,-0.00047649443,-0.0003411714,0.00010401197,-0.0011048838,-5.8437698e-05,0.00019626599,2.4816603e-05
SCUBE1,7.907674e-05,-5.5022538e-05,3.2894313e-05,2.8571114e-05,0.0016126037,-6.719958e-05,-7.942133e-05,5.096197e-06
CRLF1,7.519312e-05,7.174909e-06,7.315725e-05,-1.5688129e-05,0.00045580417,0.00013488624,-2.493523e-05,-7.544877e-07
A2M,-0.00020000525,-0.0005569123,-0.00047654472,0.00015345588,-0.0013269335,-2.5895424e-05,0.000269942,3.1079864e-05
TXNDC11,0.00042773038,0.00075636804,0.0007529855,-0.00015851762,0.0018891245,0.00018331781,-0.0004649749,-3.4754397e-05
URGCP,0.00012177974,0.00015703589,0.00019495375,-1.834426e-05,0.0008412376,4.336238e-05,-0.0001318017,-6.4924825e-06
CCDC33,-0.00015470013,-0.0003960356,-0.0002118107,3.2478943e-05,-0.0005131364,-5.355198e-05,0.00014218967,1.7863931e-05
MAT2A,-6.954372e-05,-0.00025938824,-0.00016739406,5.4183416e-05,-0.0010505244,2.4680048e-06,9.32971e-05,1.5664264e-05
MPI,3.3341348e-07,-0.00033775903,-0.00013331324,-4.4225715e-05,-3.0383468e-05,-3.6978163e-05,0.000101692975,1.4495105e-05
AGPAT3,0.00028266758,-0.00011983141,8.425489e-05,-0.00014764909,-1.5981495e-05,0.00019568019,4.075747e-05,-1.577544e-06
DDX52,-0.000124285,-0.00033461116,-0.00016665272,1.6288832e-06,-0.00050896406,-1.56397e-05,0.00012751296,1.5174039e-05
PRKAG1,-0.00015426427,-0.000106066465,-8.061528e-06,8.559879e-05,-0.0011988953,-0.00015333854,-3.675837e-05,8.403789e-06
TSNAXIP1,-0.000101771206,-8.477457e-05,0.0001833234,-1.6318634e-05,0.0019939095,-0.00022954587,-0.00016051438,1.0814983e-06
PCDHGA9,-0.00020250864,-0.0005180873,-0.00037737936,0.00010377355,-0.001003623,-6.784685e-05,0.00021633506,2.7092407e-05
NADK,0.00023628399,0.00014545023,0.00020618364,-4.9085356e-05,0.0019156933,3.6086887e-05,-0.00016002636,-4.71191e-06
GK5,9.5622614e-05,0.00029973127,0.000390701,-3.413763e-05,-0.00018714368,-8.808449e-06,-0.00024960283,-1.42772915e-05
KRT82,-0.00021708943,-0.00048895366,-0.00036055222,0.00012257323,-0.0011222437,-8.885935e-05,0.00019481964,2.6362599e-05
PPARGC1A,0.00025971234,0.00033427775,0.00042928942,-0.00016194303,-0.0006541088,0.00019932818,-0.00019101147,-1.82176e-05
DMAP1,-0.00019453652,-0.00041093305,-0.00024168193,0.000113840215,-0.00071454793,-0.00017437804,9.8961405e-05,2.2109016e-05
ZC3H6,0.00042596832,0.0002953764,0.0004009679,-0.0002184771,0.00090106577,0.00032946002,-0.00014245417,-1.9609579e-05
SCLY,0.00012329221,-0.00010323897,0.00017561764,-0.00019791722,0.00034464896,0.0001197299,8.7553635e-06,-5.5069104e-06
GMPR,0.00017278641,0.0002009701,0.00032343157,-8.6613e-05,-0.00010572374,8.980371e-05,-0.0001607025,-1.2922217e-05
PDSS1,0.00013037212,-0.00024475902,-7.364713e-05,-0.000110431574,-0.0018873289,0.00020015333,0.00014795735,7.840921e-06
CHST4,-0.00021708943,-0.00048895366,-0.00036055222,0.00012257323,-0.0011222437,-8.885935e-05,0.00019481964,2.6362599e-05
EP400,-0.0003488846,-0.00043894164,-0.00024456158,0.00016502477,-0.0002593547,-0.00027845195,6.976444e-05,2.4028937e-05
CHRNB3,-4.6718866e-05,-0.00024485216,-6.173365e-05,1.4783815e-05,-0.0017191768,-1.554098e-05,6.2231906e-05,9.950367e-06
GEN1,0.0004431624,-0.00015825406,6.622262e-05,-0.00029150583,0.00033407658,0.00049891695,0.00016113091,-4.671281e-06
JPH2,-6.6541135e-05,-0.00018964335,-8.076988e-05,3.9634295e-05,-0.0005808249,-4.336238e-06,4.419498e-05,1.0569696e-05
CAPN5,-1.37500465e-05,0.00018299744,0.0002411399,5.987473e-06,0.00038580596,-0.00012367172,-0.00021792855,-2.469751e-06
GLRB,-0.00011852011,0.00012359582,0.00016339868,8.6857006e-05,-0.0010063797,-0.00018364564,-0.00018029008,1.0607764e-06
APEH,5.8406964e-05,0.00013178773,7.931702e-05,0.00013120007,-0.00018902868,-4.961528e-05,-0.00014576409,2.5831396e-06
ACBD3,-0.00035589002,-0.00064903684,-0.0004049465,0.000105326064,-0.0014533624,-0.00019452162,0.00024240557,3.0882307e-05
AIPL1,-3.130734e-05,-2.5665388e-05,8.468889e-05,1.1549331e-05,0.0002644956,-5.809404e-05,-7.565506e-05,2.9163202e-06
FHL2,8.5962936e-05,-5.5786222e-05,6.398931e-05,-3.0918978e-05,0.00025440753,5.2047893e-05,-3.258884e-05,2.1879096e-06
PPP1R26,0.00029521622,0.00016352162,0.00033965707,-0.00027808547,0.0034213439,0.0002653217,-0.00010030065,-1.540524e-05
PRICKLE2,-1.421012e-05,-0.0002295468,-0.00023631752,0.00013635028,-0.00058305264,9.535253e-05,0.0001203008,1.5127123e-05
GALK1,5.4894015e-05,-7.808581e-05,1.848489e-05,-1.5891157e-05,-1.6063452e-05,6.230734e-05,-1.9464642e-06,4.14066e-06
HELB,0.00022550672,-0.00024472922,3.8878992e-05,-0.00019065477,0.001369074,0.0002228953,9.1870315e-05,2.1407614e-06
ISL1,-0.0010656994,-0.0017674714,-0.0013880059,0.00043626316,0.0024198666,-0.00086282194,0.00060781464,9.821181e-05
CDH17,-9.5743686e-05,-0.00032839924,-0.0002002567,3.9853156e-05,-0.0011110976,1.4715828e-05,0.00014483929,1.5407568e-05
DPH2,0.00018498674,0.00032730028,0.00025836565,2.1690503e-05,-0.0002681464,0.00018016715,-0.000176345,-1.0559801e-05
HPS1,-0.00018195435,-0.00023770891,-4.3485314e-05,-2.3150817e-05,5.1103532e-05,-0.000109450426,3.9424747e-05,1.0452e-05
NDUFA10,-0.00014172867,-0.00024704076,-0.00011102855,7.429812e-05,-0.00039963424,-0.00012271712,3.0626543e-05,1.4137011e-05
KDM2A,3.5502017e-05,-0.00027761236,-0.00016030297,3.4388155e-05,-0.0009059608,0.000102714635,0.00011334382,1.4304533e-05
PIPOX,0.00026754476,0.00029419735,0.0002696067,-4.450325e-05,0.0006613061,0.00017459318,-0.0001785038,-1.0578078e-05
SIRT1,-4.7873706e-05,2.5989488e-05,2.8334558e-05,0.00012967177,-5.9373677e-05,-7.220823e-05,-0.00010782201,6.435439e-06
DHX40,-0.0003180448,-0.0009568874,-0.0007745065,0.00014888495,-0.00033328682,-6.8033114e-05,0.00046465173,4.8020156e-05
BRD2,-0.00020735525,-0.00022310391,-0.0001418069,0.00019603036,-0.0003886819,-0.0002440121,-3.298931e-05,1.776428e-05
EXD3,7.747114e-05,-7.725507e-05,0.00010825507,-9.403285e-05,0.0025654733,4.639756e-05,-4.2056665e-05,-3.17581e-07
LCA5,0.00017249957,0.00020355545,0.00044936314,-0.00011842325,0.00065356493,-7.342268e-05,-0.00024710316,-1.8389663e-05
MID2,0.0003892593,0.00050885975,0.00045929104,-0.00014450401,-0.000673987,0.00033097062,-0.00021472294,-2.2852328e-05
TBC1D10C,-0.00013488717,-0.00056849606,-0.00040422566,4.2153522e-05,-0.00068181753,6.1028637e-05,0.00028607156,2.6452472e-05
FOXP3,-0.00014266185,-0.00034975074,-0.00029326044,0.00012405496,-0.00081091374,-4.182197e-05,0.00014682673,2.0968262e-05
SYCP2L,0.000102840364,1.000613e-05,0.000118726864,-8.8764355e-06,0.0006771758,-1.1005439e-05,-0.00010278355,1.3977988e-06
SLC25A37,0.00021249242,0.00024034642,0.00041458942,-0.0001892671,0.0017596111,0.0002795374,-0.00016371999,-1.7322833e-05
PCDHA12,0.00012453087,9.1820955e-05,0.00026400946,-9.7925775e-05,0.0012526512,3.6065467e-05,-0.00014164206,-7.658731e-06
SCNN1B,-0.00023162737,-0.0005201865,-0.000397671,0.0001325719,-0.0012457445,-9.026192e-05,0.00021644961,2.8231763e-05
SMARCAD1,-0.00016896613,-0.0007141717,-0.00048477016,3.013108e-05,-0.00036101788,4.512258e-06,0.00033962075,3.217836e-05
KLHL35,0.00032956712,0.00058024377,0.0005609244,-0.00010496378,0.0016205832,0.00019261241,-0.00035094004,-2.508203e-05
DCST1,-0.00027576275,-0.0004967302,-0.00037086196,0.00016663503,-0.0015159547,-0.00014949217,0.00017982163,2.768077e-05
ANO10,-7.368624e-06,0.00018529966,0.0002102051,7.41696e-05,3.1672418e-05,-0.00015563844,-0.00022119563,-1.7018756e-06
ESRRA,0.00034863316,0.00030683912,0.0004766062,-0.00015876163,0.0021907836,0.00011412334,-0.00027526636,-1.868722e-05
MPP2,-6.316975e-05,0.00011856109,0.00017865747,7.274654e-05,0.00081359595,-0.00022467831,-0.00021402258,1.1535594e-06
NLRP7,-0.00014747679,-0.0003060531,-0.0001725275,0.0001006769,-0.00043576956,-0.0001068702,6.1533414e-05,1.713424e-05
PLK2,1.0835007e-05,-0.00047690608,-0.00035662577,-1.3876706e-06,-0.0018779188,0.0002514636,0.00030970387,2.139085e-05
GPAT3,-0.00021708943,-0.00048895366,-0.00036055222,0.00012257323,-0.0011222437,-8.885935e-05,0.00019481964,2.6362599e-05
IRAK1,0.00016386248,1.5739352e-06,0.00027235597,-0.00020325836,0.00083147734,0.00010713283,-6.363727e-05,-9.715208e-06
PDE12,0.00015538558,8.8933855e-05,0.00024949014,-0.0001409091,0.0010898933,0.00012671668,-0.00010554027,-7.0236856e-06
NDST1,0.00016875379,-7.416308e-05,4.5554712e-05,-8.421298e-05,0.00025110692,0.0001806384,3.1886622e-05,6.890623e-07
P4HA3,-0.00019335188,-0.0004884545,-0.00034564175,0.00010595471,-0.0007616654,-8.633267e-05,0.00018792413,2.574001e-05
TTLL9,-4.9689785e-05,-0.0002413597,-0.00012486987,2.7175061e-05,-0.0014113486,1.052022e-05,9.026751e-05,1.22260535e-05
FKTN,4.44334e-05,0.00027354062,0.00036441907,5.305931e-05,0.0024677813,-0.00025504502,-0.0003604414,-8.675037e-06
ATXN1,9.519979e-06,-0.00022141449,2.2489578e-05,-0.00011899602,0.0021262541,5.932059e-05,4.639756e-05,3.669411e-06
TTC39B,0.00014975481,-0.000114593655,1.2416393e-05,-6.559305e-05,-0.00018485636,0.00019944087,5.565677e-05,2.7263304e-06
SEC14L3,-0.00020749308,-0.00048074126,-0.00034929626,0.00012245588,-0.0010681003,-9.547267e-05,0.00018486287,2.5886227e-05
NOP58,-0.00010253303,-0.00018526614,-0.00015123934,6.442703e-05,-0.0008078441,6.715581e-05,9.094272e-05,1.3107201e-05
ZNF343,0.00012291782,0.00034988858,0.000406323,-1.7758459e-05,0.0007347241,-6.102305e-05,-0.0003023399,-1.3111974e-05
TLR8,-0.00014853477,-0.00045412965,-0.0002994649,5.503744e-05,-0.0008426681,3.432855e-06,0.00020017475,2.1884218e-05
TSHZ3,-0.000113256276,-0.00028342754,-0.00014924258,8.716993e-05,0.0011032522,-0.00019381335,7.3201954e-06,1.863658e-05
FOXRED2,-6.929226e-05,-0.00032836944,-0.00019525364,0.000100854784,-0.0006746128,-0.0001660129,5.956646e-05,1.9064057e-05
STAT5A,0.00047246553,0.00014629215,0.00043113343,-0.00033305772,0.0024609715,0.00038367324,-9.637978e-05,-2.0992593e-05
MASP1,-9.38233e-05,0.000288561,0.00023134798,0.00015164632,0.0011964962,-0.00020103017,-0.0002949098,-2.9217917e-06
NMNAT2,0.000100854784,-0.000358928,-0.00013942644,-1.3003126e-05,0.0008847192,3.5908073e-05,8.968543e-05,1.5872647e-05
SSBP3,-0.00045111217,-0.0011595637,-0.0010221396,0.00026116055,-0.002389893,-8.303672e-05,0.00060229003,6.163574e-05
SUMF1,-0.00049058534,-0.00060801767,-0.00046616234,0.00019088108,-0.0018286183,-0.00034660427,0.00020504836,3.61274e-05
LRTOMT,-0.00021043234,-0.00021106377,-7.261895e-05,0.00010794308,5.980581e-05,-0.0002462361,-3.7204474e-05,1.4717225e-05
NCLN,0.00055540726,0.00069351494,0.0008472912,-0.00028422475,0.0023985356,0.00026315078,-0.00045340788,-4.0744082e-05
FA2H,-0.00010677613,-8.910708e-05,4.146062e-05,8.805003e-05,0.0007845834,-0.00022569392,-0.00012329873,8.810777e-06
PXK,0.0002847612,0.00020053796,0.0002927985,-7.4646436e-05,0.00057215244,8.0067664e-05,-0.000187953,-8.533127e-06
ARHGEF25,0.000551939,0.0006246846,0.000661334,-0.00017598644,-6.823242e-05,0.00023647398,-0.00037180353,-3.152294e-05
NCDN,0.00020086952,0.0002614539,0.00034496374,-5.0670467e-05,-0.00012995303,8.4969215e-05,-0.00020756666,-1.2430479e-05
BFSP2,-0.00026021898,-0.0005355757,-0.00041843578,0.00015498884,-0.0010673851,-0.00013802666,0.00020624045,3.0492782e-05
SF1,-0.00038537942,-0.00081259385,-0.0006522685,0.0002056472,-0.0016669184,-0.00019829627,0.0003465768,4.4224784e-05
ERAP2,-0.00028882548,-0.000113297254,-0.00021744892,0.00029822625,-0.0021453425,-0.00021144841,-8.891337e-06,1.8795137e-05
NRBP1,-3.918633e-05,-0.00021225587,-0.00015513971,0.00011877157,-0.0011902675,-0.00010566041,2.8456561e-05,1.6650301e-05
MFSD8,1.779385e-05,-0.00017605163,-6.666221e-05,2.6158988e-05,-0.0017062202,-3.9931387e-05,3.910996e-05,9.263982e-06
GNAI2,0.000110425055,-0.0001350306,5.412847e-06,-6.842334e-05,0.00028847158,0.00016834121,5.3505413e-05,3.357185e-06
GJA1,-0.0005510133,-0.0010377411,-0.00095624104,0.00032912847,-0.0031335428,-0.00027438998,0.000503364,5.7568075e-05
SELENBP1,-0.0005772095,-0.0011049509,-0.0009986814,0.00027515553,-0.0034527555,-0.0002156198,0.00056834705,6.106729e-05
KCNH4,0.0002715476,0.00019397959,0.0003532134,-0.0001614308,-0.00011074543,0.00019627996,-0.00012869295,-1.6021659e-05
MORC2,0.00063852966,0.00050114654,0.0008405857,-0.0005354062,0.003208898,0.0005075261,-0.00027151871,-4.2548287e-05
DZANK1,0.00074211136,0.00093696825,0.0010892805,-0.00038119033,0.002656348,0.00036562048,-0.00056017097,-5.514105e-05
MBD3,-0.00010891445,-0.0003251601,-0.00014848821,2.2574328e-05,0.0007184446,-8.2223676e-05,7.372908e-05,1.57865e-05
FOXO4,0.00047623925,0.0002949126,0.0005730521,-0.00031393953,0.002539441,0.00028960872,-0.0002301475,-2.6504276e-05
TMPRSS3,-3.5474077e-05,-0.0001531206,-1.466088e-05,1.4279969e-05,0.00031626225,-7.5940974e-05,-1.0223128e-05,7.362687e-06
ZNF512,-0.00035285577,-0.00073868595,-0.00057232566,0.00012051128,-0.0009292513,-3.0213036e-05,0.00036918372,3.619073e-05
PPAT,3.701262e-05,-1.8671155e-05,6.1111525e-05,-6.791204e-06,-0.0002497062,9.310432e-05,-2.1647662e-05,1.3279496e-06
ALDH1A2,-8.76002e-06,-0.00012393482,-6.4074993e-06,2.3790635e-05,-0.0002309382,-4.950911e-06,-9.845942e-06,7.935916e-06
HHATL,-0.00018035807,-0.0004491601,-0.00030498765,8.880999e-05,-0.0008833334,-6.589107e-05,0.00017387792,2.329296e-05
AGRN,-0.00039641,-0.0009781271,-0.00081360526,0.00022204593,-0.0010516793,-0.00011673989,0.0004587844,5.1156734e-05
TMEM132E,0.0003424771,0.0003733486,0.00040851347,-0.00013739802,0.0015812218,0.00021464471,-0.00021684077,-1.8461607e-05
RASGRP2,0.00015171431,0.000321785,0.00028706528,3.474485e-05,0.001107499,-1.1081807e-05,-0.00025532488,-8.7780645e-06
VEZT,-0.00049284846,-0.0008068904,-0.0007616263,0.00031714048,-0.0021483377,-0.00024145795,0.00035853125,5.0560804e-05
ALB,-7.660873e-05,-0.00029769726,-0.00019690208,8.025952e-05,-0.0010391101,-1.9288622e-05,0.00010463875,1.6721548e-05
PDE7B,7.94176e-05,0.0007831827,0.0007479079,2.1987595e-05,0.0015107244,-0.00016613118,-0.00058607105,-3.0052033e-05
DLD,-0.00010356866,-0.0002324488,-0.00014304183,2.9699877e-05,-0.00055701286,2.9451214e-05,0.00010162871,1.3293466e-05
MEIS3,-0.00013010763,-0.0005047545,-0.0002462305,1.4577061e-05,0.000654608,-0.000101524405,0.00015463307,2.1146727e-05
PARP6,5.4970384e-05,-0.00013049506,-2.1848828e-06,-3.103912e-05,0.00047857314,7.306319e-05,2.0713545e-05,6.2357867e-06
ADGRG2,-3.7966296e-05,-0.00027120486,-7.907301e-05,1.8124469e-05,0.00077762455,-0.00010081008,1.4687888e-05,1.3913959e-05
MEPCE,0.00014127418,0.0001940988,0.00029786862,-0.00010593794,0.0021981448,0.00013247598,-0.00016042683,-1.0505202e-05
NFIX,-0.00019382127,-0.00036961213,-0.00030168146,0.00012856629,-0.0009232834,2.0048581e-05,0.00016993843,2.02253e-05
SLC13A3,0.000174677,0.00053991936,0.0005371887,-6.164424e-06,0.002458021,-8.094031e-05,-0.00043696258,-1.9866973e-05
TBXT,-0.00019018538,-0.0004727561,-0.0003373269,0.000106537715,-0.00088615716,-7.411279e-05,0.00018555485,2.5036396e-05
EVX2,-0.00021708943,-0.00048895366,-0.00036055222,0.00012257323,-0.0011222437,-8.885935e-05,0.00019481964,2.6362599e-05
HMGCS1,-0.00059887767,-0.0012508575,-0.0011242162,0.00034804456,-0.0020423383,-0.00021999469,0.0006137248,6.8025314e-05
FAF1,0.00022154301,0.0002914667,0.00036119856,-1.34035945e-05,0.00040772557,-2.7587637e-05,-0.00027289148,-1.167017e-05
KRT19,-0.00028817728,-0.0007451065,-0.0005587563,0.00015106145,-0.001707375,-0.00011598319,0.00031717774,3.822986e-05
ZNF536,0.00044739246,0.0003075078,0.00071027875,-0.00040669646,0.003998764,0.00016503967,-0.00031230878,-2.9635848e-05
ANKRD62,0.00052728876,0.0005345959,0.00069611333,-0.00024551898,0.0020742118,0.00020632613,-0.0003702687,-3.2016775e-05
CCNL1,-0.000605125,-0.00082360394,-0.0007864367,0.0003838092,-0.0014454871,-0.00033164583,0.0003279401,5.2551157e-05
KRT73,-0.00017705373,-0.0002744235,-0.00016031414,9.261817e-05,-0.0014615431,-6.3710846e-05,8.257385e-05,1.5294994e-05
TMEM8A,-0.00021708943,-0.00048895366,-0.00036055222,0.00012257323,-0.0011222437,-8.885935e-05,0.00019481964,2.6362599e-05
MUS81,4.065968e-05,-0.0001654718,-1.9235536e-05,-6.356463e-05,-0.00013256073,7.184129e-05,4.9894676e-05,7.7855075e-06
TPM4,-8.566119e-05,-0.0004920289,-0.00034479797,2.4910085e-05,-0.0013478771,0.00011597946,0.00026733428,2.3004483e-05
SEPT8,-0.00021708943,-0.00048895366,-0.00036055222,0.00012257323,-0.0011222437,-8.885935e-05,0.00019481964,2.6362599e-05
ELL,3.9422885e-05,-0.00016349182,-2.5929883e-05,-7.748604e-07,-0.000532873,4.601665e-06,1.688581e-05,8.17352e-06
FAM161A,-0.00017193332,-0.00045882352,-0.00022457726,8.189306e-05,0.000687927,-0.00018812204,9.346567e-05,2.1467917e-05
DDX55,7.0851296e-05,-0.00011639111,7.308461e-05,-3.2326207e-06,-0.0006074235,-6.7013316e-05,-6.9738366e-05,7.4536074e-06
GALE,-0.00026810355,-0.00012751296,-0.00020647049,0.00019412022,-0.00074903667,-0.0001604855,2.962444e-05,1.7729239e-05
TRMU,0.00016613491,1.5603378e-05,0.00019890256,-0.00012281723,-0.000376679,0.00010898523,-5.9823506e-05,-5.272799e-06
CDC14A,-0.00030065514,-0.0005827788,-0.0003072638,8.995645e-06,2.0816922e-05,-9.3694776e-05,0.00022708159,2.3698667e-05
PLK1,0.00027087517,-0.0003002789,-4.7752634e-05,-0.00030581187,-0.00089419633,0.0005718982,0.00030160882,-4.8440415e-07
SMARCA4,-0.00036458112,-0.0009903889,-0.00085417926,0.00024211407,-0.002973318,-8.819997e-05,0.000498713,5.3053023e-05
FAM160B2,7.649884e-06,-0.000325324,-0.00017666258,-6.266404e-05,-0.0021236613,0.00018173829,0.00021998957,1.0878546e-05
NCBP3,0.0002096612,-0.00013893843,0.00011289865,-0.0002033757,0.0011302456,0.00026172027,5.6231394e-05,-2.4486799e-06
DTL,0.0003700778,4.0549785e-06,0.00015980937,-0.0002397066,0.001592651,0.00039436575,2.7355738e-05,-5.3253025e-06
GLRA4,-0.00021351501,-0.0004910361,-0.00036090985,0.00011998322,-0.0010451749,-8.8229775e-05,0.00019525737,2.6401249e-05
GNAI3,-0.0002579298,-0.00042764843,-0.00034777634,0.00018168613,-0.0014556795,-0.00015523238,0.00014867075,2.6747817e-05
ERO1B,0.00012736022,-2.578646e-05,0.00010710955,-6.0506165e-05,0.002143085,2.3091212e-05,-7.972773e-05,1.3185199e-06
SLITRK2,0.00032816269,0.000666013,0.00076257996,-0.0002516592,0.0014325082,0.00022471882,-0.0003889082,-3.707339e-05
ABCB9,0.0002473127,0.00012449734,0.000249004,-8.904375e-05,0.00036188215,0.00013791118,-0.000121298246,-9.009847e-06
FBL,-0.00013767555,-0.0004830081,-0.00033463165,5.3487718e-05,-0.0009690821,-2.7352944e-06,0.00022443663,2.3500994e-05
NAALAD2,0.0006073918,0.0007899124,0.00079311803,-0.00021094736,0.0021312684,0.00022839382,-0.00048580486,-3.6563724e-05
SLC37A1,0.00020972267,0.00012636185,9.5764175e-05,-2.3804605e-06,-0.0009564832,0.0002640495,-2.8411858e-05,-3.302819e-06
MMP16,0.00018305518,0.00019592792,0.00036324933,-0.0002381634,-0.0009024143,0.00035394263,-4.3681823e-05,-1.9465107e-05
SH2D4A,-0.0002729278,-0.00065100007,-0.0005075317,0.00015521329,-0.00096108764,-4.0875748e-05,0.00028874446,3.3618882e-05
GK,0.00034378283,-9.523146e-05,0.00019862689,-0.00033257343,0.0016733035,0.00044527836,0.00010483619,-1.323875e-05
SIGLEC10,-0.0006341841,-0.0011635907,-0.0011109151,0.00038704835,-0.002987802,-0.0002639098,0.0005886657,6.7004585e-05
DENND6B,-4.407391e-05,8.412264e-05,9.150989e-05,8.494221e-05,0.000647299,-0.00013164617,-0.00015011337,4.1670864e-06
FOXC1,1.7303973e-05,-0.00011956692,-0.00015402958,0.00012827292,-0.0023781434,0.00013775378,8.4792264e-05,1.1304044e-05
KRI1,-4.5802444e-06,0.00015400909,0.0003030803,2.5877729e-05,0.0015568659,-0.00024958374,-0.00029622484,-3.0241208e-06
CYP4F11,-0.00020668283,-0.00043182634,-0.0002956111,0.00011553243,-0.00090296566,-0.00010693073,0.00014837738,2.344849e-05
KNTC1,0.00017945655,-0.00022953376,5.5821612e-05,-0.00024905242,0.002053827,0.00018284842,9.6792355e-05,1.6224803e-06
SOX3,-0.0006031785,-0.0013276897,-0.0012166332,0.00030057505,-0.0039584786,-6.257184e-05,0.0007499587,6.905326e-05
ITGA1,-0.00021352619,-0.00033679418,-0.00029138476,0.00017356034,-0.0029761717,-2.5914982e-05,0.0001514079,2.2019725e-05
INCENP,0.0001378581,5.0751492e-05,0.00012867525,1.1333264e-05,-0.00030115992,2.8057024e-05,-9.590853e-05,-8.5600186e-07
BRPF1,5.1535666e-05,0.00027267635,0.00019504502,0.00013426133,-0.0004268363,-0.00012966478,-0.00024971087,-1.2841774e-06
TMPRSS13,9.842217e-06,-8.338131e-05,6.003119e-05,-3.759563e-05,-0.0013577491,8.16714e-05,9.622425e-06,3.1824457e-06
MICAL2,-0.00013728626,-0.00033850595,-0.00023104809,0.00014936272,0.000673227,-0.00019974355,4.4618733e-05,2.1314365e-05
CDC20,-0.00014335662,-0.00044131652,-0.00017207302,-8.392986e-05,0.00035282224,3.986992e-06,0.00017695688,1.5635276e-05
SPOCD1,-0.00015841611,-0.00041736104,-0.0003012605,9.725429e-05,-0.00084208697,-4.0136278e-05,0.00016873702,2.2353488e-05
THOC1,0.00024269708,7.545017e-05,0.0002382081,-0.00015838817,0.0007296577,0.00018972065,-6.810203e-05,-9.218813e-06
SCNN1G,8.663535e-05,-1.8898398e-05,0.00015285239,-9.1427006e-05,0.0013409853,0.00012032222,-4.527159e-05,-4.2612664e-06
FLOT2,0.0003473945,7.104874e-05,0.00022414327,-0.00022286549,0.0008570552,0.00032909494,-1.01439655e-05,-1.0632677e-05
TMPRSS11F,-0.00014359131,-0.00030148588,-0.00019510835,9.4074756e-05,-0.00081736594,-8.237548e-05,8.476619e-05,1.802668e-05
RRP9,-0.00024534762,-0.00021936558,-0.00019248202,0.00021887384,-0.0002161935,-0.00030833855,-3.1993724e-05,2.0916457e-05
TDP1,0.000322273,0.0006372072,0.0006840322,-0.00013137609,0.0028426126,9.766873e-05,-0.00044783298,-3.0093011e-05
SLC27A5,0.00033403933,0.00017575547,0.0002539605,-0.000111691654,0.0017936453,0.00012695137,-0.00015894789,-7.632305e-06
STK11,0.00016049482,3.154017e-05,8.419901e-05,-5.614478e-05,8.2589686e-05,0.00018403027,-7.849187e-06,-2.5096815e-06
EPPK1,0.00036529265,0.00053511746,0.000635257,-0.00014436524,0.0017810389,9.474438e-05,-0.00038297754,-2.8462382e-05
FIBCD1,0.0004238151,0.000520559,0.0006900914,-0.0002704542,0.0028835535,0.00020587258,-0.00034963991,-3.3014454e-05
PCDHA7,-0.0002788268,-0.0008616261,-0.00066000596,6.418489e-05,-0.0013996065,0.00019519404,0.0005124742,3.7731603e-05
HJV,-0.00023342669,-0.00049858354,-0.0003705714,0.00013063289,-0.0011661127,-0.0001041349,0.00019611884,2.7144444e-05
TCTN1,9.414554e-05,2.1552667e-05,-1.513958e-05,6.0958788e-05,-0.0009792,8.7975524e-05,-1.1910684e-05,4.013069e-06
USP39,-3.5500154e-05,-0.0005555656,-0.0003665462,-1.5365891e-05,-0.0012097284,0.000120198354,0.000299084,2.4068053e-05
ALOX15,-6.184913e-05,-0.00018697791,-9.169243e-05,6.8140216e-05,-0.0010269508,-3.106147e-05,3.5768375e-05,1.1547469e-05
SLC45A2,-0.00017126836,-0.00046946667,-0.00033448264,9.217858e-05,-0.0010605082,-4.1113235e-05,0.00019889977,2.420228e-05
FAM129A,-0.00021708943,-0.00048895366,-0.00036055222,0.00012257323,-0.0011222437,-8.885935e-05,0.00019481964,2.6362599e-05
OTUD7A,-0.00018956698,-0.00034243427,-0.00024222024,0.00011363346,-0.00094684213,-0.00010294095,0.00010393839,2.130086e-05
PCK1,0.00023520924,0.00037487224,0.00055393577,-0.00017730985,0.0019741356,8.764211e-05,-0.00029976014,-2.3641158e-05
C16orf96,-0.00021335296,-0.00049060583,-0.00036883913,0.00012918375,-0.0008533746,-0.00010261964,0.00018723775,2.74193e-05
RTCB,9.62317e-05,-3.7442893e-05,0.00016121753,-7.0554204e-05,-0.00017823279,-4.959386e-05,-9.168312e-05,4.1769817e-07
DDX59,8.727983e-05,0.00020840205,0.00030146353,7.756986e-06,9.343028e-05,-4.0049665e-05,-0.00022377726,-8.612173e-06
ING3,-2.3745e-05,-0.00064831786,-0.00050775707,6.1323866e-05,-0.0013087019,0.000118114054,0.00034841243,3.1078816e-05
GTF3C5,-0.00016017072,-0.00043097697,-0.00018875301,2.1072105e-05,-0.0011361614,-7.645227e-05,0.00013847742,1.8319115e-05
TMC8,-0.00024237484,-0.0003846418,-0.00036855415,0.00024648383,-0.0015860274,-0.00020560622,0.00012212899,2.7226866e-05
SRSF4,-1.31726265e-05,-0.00022364594,-9.59523e-05,-2.0116568e-07,-0.0007510558,4.5578927e-05,8.145254e-05,1.1019409e-05
SLC37A2,-0.00016651303,-0.00052228756,-0.00037257373,7.3892996e-05,-0.0010745078,-2.8861687e-06,0.00025611185,2.406363e-05
ADAD1,-0.00014335662,-0.0004246924,-0.00029709004,8.540135e-05,-0.0009523034,-2.6521273e-05,0.00017587375,2.208585e-05
ADCYAP1R1,5.6322664e-05,-0.00015535206,-5.8718026e-05,1.0224059e-05,0.00079459697,-3.4197234e-05,9.991229e-06,8.879113e-06
SLC2A5,-0.00024941936,-0.0008283146,-0.0006277375,5.478505e-05,-0.001633361,0.00014555547,0.00047933776,3.6376412e-05
TMEM161B,-8.963607e-05,-0.00028954446,-0.00033399463,0.0001795534,-0.0011159629,4.1125342e-05,0.00014675595,2.263626e-05
GSR,-5.1930547e-05,-0.0003624335,-0.0002697967,3.346149e-05,-0.000918366,9.8875724e-05,0.00019338541,1.875835e-05
FNDC7,-0.00019540265,-0.00049648434,-0.00036415271,0.00010779966,-0.0012060851,-5.8033504e-05,0.00021023117,2.6080641e-05
TRIP13,0.0002230294,2.878718e-05,0.00031420216,-0.0001983298,0.0015953109,8.45436e-05,-0.0001184782,-9.945827e-06
MTBP,0.0004121177,0.0004445184,0.0006231945,-0.00023977738,0.0037104636,7.9850666e-05,-0.00037251506,-2.4620676e-05
NT5DC2,-5.5829063e-05,-0.00022724085,-0.00016620755,8.36486e-05,0.00042922795,-9.585265e-05,3.4727156e-05,1.7444836e-05
SYTL5,0.00026823208,0.00013869628,0.0003045164,-0.000101510435,0.001102969,9.03178e-05,-0.00016399007,-1.0747695e-05
MAPK8IP3,0.00038686022,1.0950491e-05,0.00018500909,-0.0002489863,0.0009419322,0.00039150286,3.5325065e-05,-8.982141e-06
CYTH1,0.00013905205,-8.07289e-05,0.0001281146,-9.607151e-05,0.0016707778,5.334895e-05,-6.0210004e-05,9.1129914e-07
KANK4,8.757785e-05,0.00012927316,0.0002274327,4.667137e-05,0.0009358078,-3.9963983e-05,-0.00020441879,-4.5620836e-06
PPEF2,-7.032603e-05,-0.00024239533,-0.00012678653,5.2951276e-05,-7.95424e-05,-4.250277e-05,5.7743862e-05,1.304422e-05
ARHGEF33,7.8871846e-05,-5.4633245e-05,0.00013815612,-0.000113043934,0.00013940036,5.410798e-05,-2.4976209e-05,-1.8229475e-06
LMX1A,-0.0004502423,0.00024234504,0.00021749549,0.00013460405,-0.0054101124,-0.00021677744,-0.00015456695,-4.8635993e-06
SERPINC1,-0.00022237003,-0.0004906617,-0.00036701374,0.00014886446,-0.001329273,-0.00012475159,0.00018130522,2.7173082e-05
MAOB,0.00032554194,0.00011687912,0.00019318052,-0.00015455205,-0.00028971583,0.00033505168,-5.587004e-06,-1.0894029e-05
ACAN,1.2895092e-05,-6.662309e-05,6.15865e-05,-3.7606806e-06,-6.493926e-05,-4.971493e-05,-5.788915e-05,4.322268e-06
PARP10,-5.968474e-05,-0.00048531406,-0.00028833933,-2.5398098e-05,0.00033321977,0.000101361424,0.00023904722,1.9899686e-05
ZC3HC1,0.00013495609,0.00019709766,0.00027058646,-0.00010602269,0.00025672466,0.0001584515,-0.00011566188,-1.0897522e-05
C7orf55-LUC7L2,-0.00021708943,-0.00048895366,-0.00036055222,0.00012257323,-0.0011222437,-8.885935e-05,0.00019481964,2.6362599e-05
PCDHA4,1.3409182e-05,-0.000102270395,-7.824972e-06,1.8095598e-05,0.00011161715,6.0177408e-05,8.06991e-06,5.2807154e-06
OTOA,-0.00015723146,-0.00038710237,-0.00026336685,0.0001113629,-0.000755772,-8.61045e-05,0.00012787804,2.1190732e-05
APBA2,-8.7898225e-05,-0.00018868595,-0.00013562106,8.587539e-05,-0.0020964816,-2.7297996e-05,6.0173683e-05,1.4264486e-05
IQCB1,-0.00013292767,-0.00060581975,-0.00037386082,-8.177012e-07,-0.00054164976,-3.8861297e-05,0.00027645472,2.6066904e-05
FAM160A1,-0.00016086921,-0.00039653853,-0.0002670139,7.3286705e-05,-0.00054746866,-5.969312e-05,0.00014975201,2.1100044e-05
MFSD2B,-0.0001190193,-0.00033930317,-0.00023628771,7.469952e-05,-0.0007492751,-6.8675727e-06,0.000138551,1.8110033e-05
EXD2,-3.1851232e-05,-1.3222918e-05,-1.6584992e-05,9.334739e-05,8.8341534e-05,-4.6528876e-05,-5.6992285e-05,6.3531334e-06
ALDH1A3,-0.00012445264,-0.00048336945,-0.00031220168,3.239885e-05,-0.0005879402,3.413204e-05,0.00021951925,2.243009e-05
SLITRK4,-0.0002608206,-0.0008886773,-0.0006630402,0.00015972275,0.00019349158,-0.00015647663,0.0003663022,4.4653192e-05
DMTF1,-0.00029855222,-0.00062445365,-0.000447236,7.5638294e-05,0.00017196685,-1.4454126e-05,0.00028791,3.0631316e-05
TRMT44,0.00032659248,0.00029201433,0.00044794567,-0.00013749395,0.0019862354,6.5751374e-05,-0.00026868936,-1.7976156e-05
HERC5,-7.4723735e-05,1.2593344e-05,5.136989e-05,7.839408e-05,-0.000635691,-6.492529e-05,-8.331798e-05,4.719477e-06
RARS2,-4.4684857e-05,0.0002499707,0.00026056357,9.845756e-05,0.0010896996,-0.00020321272,-0.00028885063,-3.1205127e-06
KLHL10,-0.00023147278,-0.00052666664,-0.00040479563,0.00013186783,-0.0013911799,-8.115079e-05,0.00022515468,2.8430833e-05
F10,0.00016248226,3.4458935e-05,0.0002311375,-0.000113566406,0.0002790764,9.724684e-05,-9.1172755e-05,-6.173039e-06
ZC3HAV1,1.7298386e-05,3.2464042e-05,8.817203e-05,4.3301843e-05,0.00068029016,-9.802729e-05,-0.00012971926,4.354515e-06
TBCCD1,5.2878633e-05,8.575991e-05,0.00017152727,-4.052557e-05,-0.00036960095,4.0537678e-05,-8.660834e-05,-4.113419e-06
KHSRP,-5.0611794e-05,-0.00039074942,-0.00030361302,5.907286e-05,-0.0014604256,3.5748817e-05,0.00018562283,2.2674678e-05
IL17RC,-0.00037235394,-0.00083255954,-0.0007441975,0.0002699904,-0.0035219118,-0.00013285037,0.00040867925,4.6160305e-05
MAP3K2,-0.0005855635,-0.0014816634,-0.0011890754,0.00026250817,-0.002272196,-0.00021310616,0.00071429275,7.292733e-05
DDN,2.8667971e-05,-0.00037495792,-0.000120481476,-6.498117e-05,0.0016930252,-6.805174e-06,8.7997876e-05,1.4845515e-05
DGCR2,-0.0002926346,-0.0005067289,-0.00035515428,9.981077e-05,-0.0004983619,-0.00013952935,0.00019314699,2.6920694e-05
SEPT9,-0.00021708943,-0.00048895366,-0.00036055222,0.00012257323,-0.0011222437,-8.885935e-05,0.00019481964,2.6362599e-05
LIN9,-4.0600076e-05,-0.000495743,-0.00027731806,-2.2946857e-05,-0.0021335036,0.00014058221,0.0002685152,1.8638093e-05
SLC24A3,0.00018503703,0.00019994006,0.00017029606,-8.631311e-05,0.0007021129,0.0002542166,-5.9694983e-05,-7.446739e-06
CCDC175,-0.00024926104,-0.00066955015,-0.000516193,7.4998476e-05,-0.0014823303,1.7051585e-05,0.00035039522,3.284053e-05
ACTL6A,-9.679608e-05,-0.00037402287,-0.00014942326,-4.7860667e-06,0.0012461841,-0.00013077818,7.209182e-05,1.7205137e-05
METAP2,-0.00014867261,-0.00035888888,-0.00021238625,7.7201985e-05,-0.0003278479,-4.985556e-05,0.000115367584,1.8331571e-05
GRIPAP1,0.00030079111,6.6105276e-05,0.00027934276,-0.0002128398,0.0019769594,0.00019339845,-9.0179965e-05,-9.781914e-06
TENM2,-0.0010639746,-0.0020355023,-0.0019717924,0.0007027667,-0.0035431907,-0.0004932196,0.0010005422,0.00011773582
MALT1,0.00043329783,-2.8150156e-05,0.000351822,-0.00035202596,0.001561746,0.00032872427,-3.7513673e-05,-1.4336663e-05
PPP2R2B,-0.00046600588,-0.0005804561,-0.000478819,0.00028379355,-0.0006566271,-0.0003487952,0.00016193837,3.687991e-05
KCNN1,8.7292865e-05,0.0001895111,0.00014628097,0.00015357416,0.0013502389,-0.00017525163,-0.0002497742,1.4026882e-06
ZYX,-5.5758283e-05,-0.00013126619,-5.141087e-05,5.5161305e-05,0.0010353774,-0.00012300955,-3.3923425e-05,1.0851538e-05
BTBD1,0.00026823767,0.00012598559,0.00023402646,-0.000103009865,0.00038711727,0.00020765234,-9.180792e-05,-8.088886e-06
PPP2R5C,-0.00022463873,-0.0003025867,-0.00024149567,0.00012642331,-0.0009267479,-6.900448e-05,0.00010716077,1.9978732e-05
ASIC3,-2.3594126e-05,-8.254498e-05,5.5441633e-05,3.1629577e-05,0.0005448535,-9.221397e-05,-8.048676e-05,6.4002816e-06
SIGLEC1,-7.462688e-05,-7.646531e-05,8.912012e-05,8.040294e-05,0.0010372475,-0.0002458468,-0.00014329422,5.5562705e-06
PIP5K1A,0.0004138928,0.00011550076,0.00045911595,-0.0003977837,0.001817204,0.000376462,-8.121319e-05,-2.0595267e-05
EXOC3L1,0.0002355352,2.2176653e-05,0.00027295947,-0.0001702467,0.0012914166,0.00018645078,-8.076243e-05,-1.00045e-05
APAF1,0.00037728995,8.976832e-05,0.00031931326,-0.00029452145,0.001495257,0.0004095547,-2.0048581e-05,-1.6652863e-05
DCST2,-0.00012329035,-0.00044243224,-0.00027738698,3.2855198e-05,-0.0010030642,3.2817014e-05,0.00020349398,2.024218e-05
NR2E1,-0.000682503,-0.0015043691,-0.0014949329,0.00041514728,-0.005779512,-4.158076e-05,0.0009056553,8.215697e-05
ACSL5,0.0001550056,-8.706003e-06,0.00020048395,-6.525405e-05,0.0019267425,1.1127442e-05,-0.00012226868,-3.9543957e-06
ADCK5,0.00033273362,0.00012234598,0.0002995357,-0.00023631658,0.0006908402,0.00031049643,-5.7624653e-05,-1.3600686e-05
CRACR2A,-6.941892e-05,-0.00022400357,-0.00014826469,7.516891e-05,-0.001148887,-4.235655e-06,7.495098e-05,1.37438765e-05
GNAS,-0.000540372,-0.0012884457,-0.0011220947,0.00030112546,-0.002364613,-0.000106900465,0.00066556875,6.6387e-05
MLXIPL,-0.00018080138,-0.00046796352,-0.0003223978,8.420274e-05,-0.000567466,-5.560927e-05,0.0001847297,2.4373876e-05
AFAP1,0.00017920323,0.00022588857,0.00031415187,-9.4989315e-05,0.00047169626,0.00011782721,-0.00016721245,-1.0869466e-05
GALNT12,-7.637404e-05,4.094839e-05,0.00013787486,5.5972487e-05,-0.0007344857,-0.00012585381,-0.00013570208,1.1612428e-06
SMYD4,-0.00022234209,-0.00020119548,-0.0001351405,0.00018819049,0.0007654503,-0.00025349762,-4.955195e-05,1.8236693e-05
GALNT15,-5.593337e-05,-1.4783815e-05,0.00010292418,3.8557686e-05,0.0003324747,-0.00015550386,-0.00012294855,3.4531113e-06
ICAM5,-0.00016596913,-0.0003183633,-0.00026453845,0.00012790505,-0.0005912185,-3.7163496e-05,0.00012430083,1.9590603e-05
OLFML3,-0.00012855977,-0.00030791946,-0.00023517758,6.191339e-05,-0.0014791563,5.7955272e-05,0.00016414002,1.8843682e-05
CERS5,-7.768534e-05,-9.8630786e-05,8.392334e-05,-5.9604645e-08,0.00254485,-0.00017752638,-0.00011557806,6.5068016e-06
PLK3,0.00025239773,0.0002440568,0.00033704005,-7.933285e-05,-0.0007439181,0.00015826244,-0.00016949978,-1.3264827e-05
TRPM2,-0.00010933913,-0.0004926808,-0.0003527347,8.6546876e-05,-0.0003870502,-5.176291e-05,0.00019289553,2.5985064e-05
PHB2,-0.00018879212,-0.00017804839,-6.527081e-05,0.0001079645,-9.961426e-06,-0.00020308886,-3.881287e-05,1.3914658e-05
ULK3,-0.00013088621,-0.0003010165,-0.00013388321,2.0686537e-05,0.0004370287,-6.0345046e-05,7.4483454e-05,1.557765e-05
C12orf10,7.201545e-05,-0.000106805936,0.000113269314,-0.00015273411,0.00052220374,8.7792985e-05,1.335144e-05,3.9173756e-07
KCNJ12,-0.00013824552,-0.00038319267,-0.00022020936,2.185814e-05,-0.0006655231,1.0084361e-05,0.00016727485,1.701538e-05
SLCO4A1,0.00027119927,0.00017300434,0.00022359006,-4.863832e-05,-0.0010329112,0.00017942023,-0.00010204036,-9.725336e-06
CCKBR,-3.7804246e-05,-0.00014290214,-4.8181042e-05,6.0356222e-05,0.0001013577,-0.00012345845,-2.320204e-05,9.577256e-06
GATAD2A,-0.00021223351,-0.0007451307,-0.0006490629,0.00021750573,-0.0025243834,-0.00012676138,0.00033994392,4.2520813e-05
PHACTR2,-0.00012877956,-0.0005424507,-0.00049125776,0.00013660174,-0.0028669387,4.814379e-05,0.00030438602,3.0944822e-05
RASIP1,0.00023424253,8.0363825e-05,0.00019826181,-7.9074875e-05,0.0007900074,0.00017573405,-8.3821826e-05,-7.5156568e-06
PTH1R,0.00022555329,0.00031346828,0.00036418252,-4.244689e-05,0.00049265474,8.925516e-05,-0.00023753662,-1.3946556e-05
CSF2RB,-0.00016381405,-0.0003459286,-0.00029496476,0.00019222498,-0.00047204643,-0.00021920633,6.659981e-05,2.5284011e-05
RNF19B,-0.00031245686,-0.0001248233,-0.0003180653,0.00033023022,-0.002410926,-0.00022833748,1.4076009e-05,2.7076108e-05
AKAP1,-0.00019819848,-0.00037355162,-0.00042690337,0.00026815478,-0.0019087791,-0.000122461,0.00015932042,2.8202892e-05
NIPAL3,0.00039170682,0.00060775504,0.0006111283,-0.0001260154,0.00041359663,0.00015325844,-0.00037123729,-2.7710572e-05
NECTIN3,-0.00029856712,-0.0010460373,-0.00072378106,-3.7573278e-05,-0.004680775,0.000106488355,0.00064148195,4.0079118e-05
SLITRK1,9.0524554e-05,-3.4175813e-05,3.966689e-05,8.202158e-05,0.0009064153,-0.000104728155,-0.0001196051,7.8796875e-06
GALK2,0.0006881431,0.0005514845,0.0008554328,-0.0004589595,0.0024414062,0.000393752,-0.0003383858,-4.3026754e-05
GCNT2,0.00018116832,5.2232295e-05,0.00020968355,-7.7652745e-05,0.0019041747,1.5260652e-05,-0.00014247466,-2.5836052e-06
NXN,-0.0002300702,-0.0005603358,-0.00039278716,0.0001313053,-0.00052871555,-0.00020170864,0.00017344579,3.2429816e-05
RBM47,-0.00015873462,-0.0005355291,-0.0003643576,7.116422e-05,-0.00034987926,-6.3464046e-05,0.00022124778,2.6445836e-05
CCDC6,5.481392e-05,-0.00046241283,-0.00017085113,-7.990282e-05,-0.0016981885,0.00014541578,0.00023080129,1.2896606e-05
PPP6R1,-2.6820228e-05,-0.00012643076,-7.387437e-05,7.796008e-05,0.00041660666,-0.000106978696,-2.0213425e-05,1.1016498e-05
IMPG1,-0.00016442128,-0.00047036447,-0.00033265352,0.000100594945,-0.0009065494,-5.8731996e-05,0.0001866091,2.4512992e-05
FOXC2,-0.00012396462,-0.00036755763,-0.0002288688,6.353017e-05,-0.0007304996,-3.7340447e-05,0.00013388041,1.9027735e-05
RXFP2,-0.00018570013,-0.0004743077,-0.0003185235,7.360894e-05,-0.0009826422,-2.6893802e-05,0.00020387676,2.3252564e-05
MON1A,0.00021618605,0.00030247122,0.00025550835,5.6507066e-05,0.00038906187,-2.2232533e-05,-0.0002520429,-5.0705858e-06
SPEN,-0.00035735965,-0.0007460825,-0.0005843658,0.00016535725,-0.0015028715,-8.747075e-05,0.00034163147,3.8591214e-05
SUSD1,1.1615455e-05,8.2103536e-05,0.00018359534,9.705778e-05,9.4369054e-05,-0.00020673778,-0.00021108892,-2.7718488e-07
PIGQ,-0.00016714633,-0.00046990626,-0.0005666502,0.00020006485,-0.0016143993,0.000118220225,0.0003189454,3.224064e-05
C1S,-0.00013397262,-0.00046506897,-0.00042584166,0.00010251533,-0.002384603,0.00015202351,0.0002910141,2.5646877e-05
WNT7A,0.00040101074,0.0006362144,0.0009066388,-0.00030238274,0.0046021193,-8.056872e-06,-0.00055185426,-3.8247206e-05
SUV39H2,5.890429e-05,2.9208139e-05,0.00012912042,-1.7509796e-05,0.0013067424,-2.0466745e-05,-0.000106009655,6.8580266e-07
CTNND2,-0.00040911697,-0.0008762423,-0.00077661313,0.00023671426,-0.0019610003,-8.460041e-05,0.0004394343,4.8691407e-05
PARP12,-0.00020102784,-0.0005990211,-0.00031768158,7.2639436e-05,0.00086470693,-0.00018345937,0.00016381126,2.6792288e-05
ARHGAP6,0.0004234966,0.00032752194,0.0004807636,-0.00022219308,0.0019906312,0.0002196813,-0.0002259938,-2.1859654e-05
N4BP2L2,1.7728657e-05,-8.479506e-05,5.7274476e-05,2.6559457e-05,0.0010012984,-7.1335584e-05,-8.121785e-05,5.607959e-06
DNPEP,0.00012504682,-3.1048432e-05,9.4946474e-05,1.78162e-05,0.0006015077,-5.652476e-05,-0.00011345837,4.088739e-06
EPN3,-0.0002786573,-0.0004244242,-0.00029606186,0.00016488135,-0.0017212331,-0.00018933229,0.00011898484,2.5047804e-05
ARHGEF16,-9.872764e-05,-0.00040956587,-0.00024506263,2.961792e-05,-0.0008127317,1.365412e-05,0.00017337315,1.9055791e-05
AMFR,-0.00040642172,-0.00067531504,-0.00045042485,0.00015626475,-0.0019373074,-0.00032400992,0.00022546761,3.5138684e-05
PDE7A,4.7132373e-05,-0.0003708806,-0.00025111437,-4.124455e-05,-0.00029186904,0.00021897443,0.00023148675,1.5751226e-05
BTBD3,5.4927543e-05,-4.377775e-05,0.00021313131,-0.00010648742,0.00078300387,-2.2769906e-05,-0.000104679726,-2.577901e-06
COG7,-0.0002718903,-0.00018930994,-0.00018064678,0.00020127278,-0.0011213124,-0.00018151896,1.799222e-05,1.7203856e-05
KLHL4,0.00040914677,0.00031424128,0.00030923076,-0.0001532333,0.00091763586,0.00037579518,-0.00010831002,-1.7811195e-05
PCARE,-6.849319e-05,-0.00019114465,-8.116476e-05,7.900316e-05,0.00021191686,-5.2556396e-05,1.0863878e-05,1.116225e-05
OSBP,-0.00021820329,-0.0004921742,-0.00032319315,0.00015979726,-0.0014889017,-0.00016016839,0.0001527546,2.5927671e-05
CNOT6L,-0.00010753237,-7.048249e-05,-9.606592e-05,0.00013319589,-0.0012137219,-5.0198287e-06,2.7297065e-06,1.1574128e-05
KMT5C,0.00047991052,0.000430597,0.0005565714,-0.00024103839,0.0021569058,0.00020430889,-0.00028820988,-2.416689e-05
KIAA1841,-9.506196e-05,-0.00015821122,5.93625e-05,3.2242388e-06,0.0008451566,-0.00016352674,-6.396044e-05,6.719376e-06
SRSF6,-0.00019128434,-0.00051443465,-0.00033380464,4.3861568e-05,0.0001237765,1.4567748e-05,0.00022260193,2.4388894e-05
FBXO30,0.00035228208,4.8231333e-05,0.00043669157,-0.0004200777,0.0008257404,0.00038746,-1.0153279e-05,-2.3134751e-05
NPHS2,-0.00020313263,-0.0004898235,-0.0003623031,0.000115298666,-0.0010664687,-7.3765405e-05,0.00019993074,2.6275637e-05
ZBTB4,0.0001642853,-0.00024637952,-4.775077e-05,-0.00014462043,0.00016893446,0.00027792994,0.00015046261,4.5062043e-06
NAE1,1.3846904e-05,3.908947e-05,0.0001679752,-7.297099e-05,0.0007654205,7.87843e-05,-6.795116e-05,-3.536581e-06
MTSS1,-0.00024646893,-0.0007038973,-0.00050791167,0.00012843497,-0.00040660053,-7.8286044e-05,0.00028922688,3.607117e-05
AGXT,-0.00022361428,-0.0004936978,-0.00036593527,0.0001263693,-0.0011237562,-9.5377676e-05,0.00019566063,2.674642e-05
NCAM2,-0.00014029816,-0.00032086298,-0.0001947917,7.420592e-05,-0.0020161122,-5.762186e-05,0.000108192675,1.7903163e-05
LYN,-0.00040286966,-0.0008759331,-0.0009340346,0.000288981,-0.0052030534,7.2814524e-05,0.0005880762,5.0336588e-05
CYP4V2,0.00037102215,0.00019288436,0.00039659813,-0.0002727341,0.0013175011,0.00030225236,-9.7806565e-05,-2.060295e-05
TRAF6,5.858764e-05,7.9793856e-05,0.00027836487,-0.00012128521,0.0019458234,-1.9373372e-05,-0.00016310904,-5.897833e-06
CYP26A1,-0.00039594993,-0.000897754,-0.0008031819,0.00022965204,-0.0010414869,-0.00014371984,0.00044228323,4.9348222e-05
SLCO1C1,-0.0008806996,-0.0010959189,-0.001282163,0.000651259,-0.0057556927,-0.000441649,0.0005483199,7.8616664e-05
PROM1,7.805042e-05,-0.00070133246,-0.00039570034,-0.00025279168,-0.00051541626,0.0003868919,0.00049003493,1.8768595e-05
C12orf4,0.00034541078,0.0004920475,0.00067489035,-0.000297972,0.0025445,0.00025850628,-0.000314991,-3.108324e-05
DDX49,-0.0001697857,-0.0004936904,-0.00028830953,-2.5636517e-05,-0.0012693852,5.281251e-05,0.00025654119,2.0049163e-05
PTPN9,6.424263e-05,2.493523e-05,0.00015763566,-3.16184e-05,-0.00055624545,-4.6140514e-05,-9.894837e-05,-8.578645e-07
THOC5,4.1224062e-05,-9.313971e-05,3.0929223e-05,-4.0663406e-05,0.00025767833,-1.3206154e-06,-1.2808479e-05,4.01109e-06
DDX51,0.00040082075,0.00025904924,0.00047225133,-0.00023675803,0.0015932918,0.00019972958,-0.00021057297,-1.9978732e-05
GP2,-0.0003646966,-0.00048036315,-0.00043783337,0.00023528561,0.00021997839,-0.00032644672,0.000119684264,3.4632045e-05
SMAD5,0.00021209195,-1.2813136e-05,0.00019986369,-0.00012057088,0.0015139729,8.042995e-05,-9.6208416e-05,-3.3976976e-06
NEK11,-7.549301e-05,-0.00029231608,-0.00010771118,1.5275553e-05,-0.0006192401,-0.00015535671,5.1618554e-05,1.36327e-05
KIF21B,-0.00071236305,-0.001478875,-0.0012932066,0.00036479533,-0.0034214184,-0.00022292789,0.00073999446,7.886789e-05
TAX1BP1,-0.00014065392,-0.00021977164,-8.139573e-05,5.26309e-05,0.0007066056,-9.0264715e-05,1.5819445e-05,1.2421282e-05
IP6K2,-0.00014980696,-0.0005253069,-0.00033124723,4.8106536e-05,-0.0003748536,-2.9122457e-05,0.00020542555,2.6601017e-05
GAB2,-0.00011079386,-3.0299649e-05,8.413568e-05,4.0754676e-05,0.0013930649,-0.00014925562,-0.00010440219,4.279311e-06
RNF43,-1.173839e-05,-0.00016670302,5.3741038e-05,-4.5374036e-06,0.00037849694,-7.417612e-05,-3.9831735e-05,5.2026007e-06
ACTBL2,-6.572716e-05,-0.0002838783,-0.00016345643,5.4561533e-05,-0.00031165034,-3.5428442e-05,8.250121e-05,1.5392783e-05
GPT,-0.00013761967,-0.0004056003,-0.00026103854,7.3892064e-05,-0.0009339303,-3.3069402e-05,0.00015489291,2.0465348e-05
HAUS5,0.0001772698,9.1448426e-05,0.00015545078,-3.234204e-05,0.0002387017,0.0001152996,-9.786803e-05,-2.5865156e-06
SYTL1,-0.00023612753,-0.0006658416,-0.0004612375,7.50497e-05,-0.001049757,-4.3957494e-05,0.0002995152,3.1458796e-05
BARD1,-0.00031490438,-0.0005904399,-0.00046214648,5.5371784e-05,-0.0006021485,-1.6760081e-05,0.00030485913,3.1437376e-05
SGCA,-0.00021618046,-0.00048889033,-0.00035709888,0.00012187008,-0.0009864271,-9.557698e-05,0.00018975232,2.6382157e-05
C1orf112,0.00022306107,-5.455874e-05,2.7051196e-05,-0.00015517324,-0.001256898,0.0004352238,0.00013348926,-1.7575221e-06
PGM3,-4.893914e-05,0.00015026331,0.00014771894,2.2497028e-05,-0.00059488416,2.0915642e-05,-0.00010413397,-3.1219097e-06
ACE2,-0.00018699653,-0.00046796724,-0.00032643043,0.00010387786,-0.0007583797,-8.343626e-05,0.0001764521,2.4654903e-05
PROM2,0.00017398223,9.625219e-05,0.00017284788,-5.647354e-05,0.00043284893,0.00010175072,-9.279605e-05,-5.14125e-06
HSPA4L,0.00051899254,0.0006261915,0.00078571215,-0.00027887244,0.0015535876,0.00022113975,-0.00041806046,-3.526325e-05
FBXO41,0.0005562324,9.0828165e-05,0.00036533922,-0.0003609322,0.0019844994,0.00042580348,-4.573632e-05,-1.7503044e-05
PLS3,-0.000818843,-0.0013083108,-0.00076330826,0.00021443237,-0.00053471327,-0.00069935434,0.00036772992,6.1028288e-05
SLC22A6,-0.00010342896,-0.0002491884,-0.00018060394,0.00010495074,-0.0003247708,-3.7952326e-05,6.7210756e-05,1.5976722e-05
SMARCA2,3.2654032e-05,2.272427e-05,2.225861e-05,0.00012721121,-0.00011434406,-4.4938177e-05,-0.00010110717,5.82519e-06
KMT2B,2.440624e-05,-0.0004796367,-0.00027012266,-9.695068e-06,0.00033572316,-7.6089054e-07,0.00018670317,2.0496198e-05
IL4I1,0.00010893494,-0.00027379952,-9.457208e-05,-0.000113002025,-0.0023783296,0.0002381932,0.00020404067,6.0088933e-06
ECD,0.0004153289,0.0003684461,0.0005131047,-0.00022254791,0.0020408332,0.00020937435,-0.00025764387,-2.2211345e-05
CDH18,4.8860908e-05,0.00011355057,0.00026327,-4.641246e-05,0.0016227961,-0.00016733306,-0.0002022488,-5.2824616e-06
ZBTB46,0.00046579167,0.00076544285,0.0007850528,-0.00024865288,-0.00016290694,0.0003247941,-0.00037701894,-4.0652347e-05
NR1I3,-0.0001387503,-0.00037717447,-0.0002878029,0.00011195522,-0.0006406307,-4.9196184e-05,0.00014258921,2.1889573e-05
TBC1D30,0.00027863123,6.823428e-05,0.00032416545,-0.00023883954,0.0033904016,0.0001963554,-0.00010639522,-1.2297067e-05
CSTF2,0.00019719079,0.00016269088,0.00036109425,-0.00016269647,0.0016350672,8.58549e-05,-0.00018087868,-1.1669006e-05
OPRM1,1.1101365e-05,3.610179e-05,0.00024346635,-5.695969e-05,0.0021660998,-7.6905824e-05,-0.0001565637,-5.0987583e-06
PTPN12,-0.0005198717,-0.0012946464,-0.0011661313,0.000304793,-0.002409026,-0.00017277012,0.0006631641,7.032545e-05
TMEM63A,-0.00016407296,-0.0005144607,-0.00034901313,2.729334e-05,-0.0024648458,3.8703904e-05,0.0002826266,2.1966058e-05
COL18A1,-0.00032265112,-0.0005182624,-0.00042303652,0.00017628167,-0.0024171025,-0.00022564922,0.00021957979,2.8356677e-05
TNK1,1.7181039e-05,-0.00026897527,-6.428175e-05,-0.00010339636,-0.00033114105,0.00018496532,0.00014566258,6.478047e-06
TULP3,6.4492226e-05,-2.0803884e-05,0.00020032376,-9.3884766e-05,-0.0014000833,4.173629e-05,-6.253924e-05,-3.807363e-06
ACTR3,-0.00020925887,-0.0007250495,-0.0005787201,6.895419e-05,-0.0019138604,0.00013087038,0.00042316318,3.4698285e-05
CDH16,-0.00030758604,-0.0006002039,-0.00045427494,0.00014956389,-0.0016027391,-0.00013643317,0.0002500331,3.2050884e-05
SPICE1,0.00039096735,0.0006137099,0.0008509308,-0.0003543673,0.003232047,0.00021419302,-0.0004015779,-4.196074e-05
ZNF804A,0.00045051798,0.0002904851,0.0004033707,-0.0002877945,0.00048713386,0.0004829839,-7.249415e-05,-2.3267115e-05
PTPN5,-0.0002448298,-0.00028055534,-0.00020223483,0.00014437363,-0.0014464408,-0.00019670231,6.1858445e-05,2.0123669e-05
ZNF420,9.747781e-05,0.0003451053,0.00048099272,-0.00012223143,-0.0001444295,0.00012718793,-0.00023789238,-2.0455569e-05
TFAP2D,0.000275746,0.00019984134,0.00033141114,-0.00012429524,0.0004882738,0.00017762091,-0.00015371386,-1.29980035e-05
RXFP1,0.00022314116,-8.009374e-06,0.00014702976,-0.00013406388,0.0014303923,0.00024455227,-9.026378e-06,-5.5795535e-06
CATSPERB,-7.145479e-05,-0.00023813732,-9.761378e-05,3.2217242e-05,0.00012776256,6.253831e-06,5.8592297e-05,1.1255965e-05
ANKRD18A,0.00017277338,0.0003335029,0.00037073903,-7.7138655e-05,0.00061802566,0.00019902084,-0.00018940959,-1.7662649e-05
PRMT7,0.00019586645,0.0003111288,0.00025643967,-4.0174462e-05,-0.0008869469,0.00022805389,-0.00012307707,-1.2108241e-05
TUBA3D,-1.1574477e-05,2.592802e-06,0.0001251325,-2.2203662e-05,1.2457371e-05,-2.780091e-05,-8.085929e-05,7.3737465e-07
KIAA1614,7.474795e-05,2.6915222e-05,0.00019318797,-6.1217695e-05,0.0013664067,-5.0315633e-05,-0.0001323307,-2.587214e-06
ARHGAP28,0.00043914653,0.00034293905,0.00043810718,-0.00017387327,-0.0007334277,0.0003359802,-0.00016747694,-2.2194232e-05
LRCH4,0.00015692599,0.0001529716,0.000253018,-0.00010740943,-0.0010086298,0.00017787423,-6.982591e-05,-1.1653989e-05
HAGHL,0.000119782984,0.00013273582,7.17435e-05,7.541664e-05,0.00042105466,8.299388e-05,-9.6750446e-05,-1.1292286e-08
MFSD13A,0.00031271018,0.00038412772,0.00048338808,-0.0001517972,0.0013189986,0.00017336849,-0.0002634162,-2.0535546e-05
MGAT4B,0.00030528568,0.00035439245,0.0005490519,-0.00018793158,0.0017385185,5.589612e-05,-0.00030667987,-2.2047083e-05
DDX25,0.00039240532,0.00060472265,0.0007201154,-0.00023143832,0.0007091984,0.00023748726,-0.00036308635,-3.3760327e-05
CPEB1,0.00031893514,0.00024096295,0.00037526712,-0.00019739196,0.000115446746,0.00033371244,-0.00010998454,-1.8263469e-05
KAT5,-7.691607e-05,-0.00028148852,-0.00021258369,0.00015855115,-0.000738889,-0.00011600973,5.277153e-05,1.9613537e-05
JAKMIP3,0.0003372971,0.00027577952,0.00042010657,-0.00023148488,0.001515612,0.00029280502,-0.00014611054,-2.0292238e-05
NACAD,0.00017255917,-0.00018456578,-3.4747645e-05,-8.348469e-05,0.0014456362,0.000112291425,5.5561773e-05,6.566639e-06
PXDNL,0.00015542842,0.00022959709,0.0003756564,-6.236136e-05,0.0012431368,-1.1937693e-05,-0.00025060493,-1.2150151e-05
CEP97,-7.202849e-06,0.00015339814,0.00017834827,0.00011080876,0.00014397502,-0.00018293271,-0.0002254108,6.771879e-07
PICK1,0.00023741089,-8.85427e-05,0.00017900765,-0.00015711505,0.0019866452,8.6131506e-05,-6.262958e-05,-2.7127098e-06
MATN1,-6.6921115e-05,-0.00020820834,-9.821169e-05,7.968675e-05,-0.0015923679,-2.8428622e-05,4.325155e-05,1.1887518e-05
EMILIN2,0.00019060262,4.1114166e-05,0.0002913624,-0.00015456602,0.00086108595,0.00010075234,-0.00010719802,-9.826501e-06
BBS5,0.00018254295,3.6181882e-05,0.00022976846,-0.000117980875,0.0015702099,-1.4361925e-05,-0.00013760757,-4.129368e-06
ACSM2A,-2.0630658e-05,-0.00029399805,-0.00015245192,7.641502e-06,-0.00052174926,5.180668e-05,0.0001153443,1.3799756e-05
IGDCC3,-6.83181e-05,-0.0003716275,-0.00016558915,1.4319085e-05,0.0011474043,-0.000108006876,7.1610324e-05,1.7300248e-05
DDX47,-0.00022276491,-0.00020416081,-0.00015247986,0.00018647313,-0.0014831722,-0.00021056365,-1.12121925e-05,1.8278486e-05
ZP1,-0.00011069514,-0.00030690618,-0.00017084554,5.6359917e-05,-0.00073409826,-2.9445626e-05,0.00010001939,1.5715952e-05
CFAP69,8.438714e-05,0.00028802268,0.00035732053,5.7942234e-05,0.00084264576,-0.0001871651,-0.00033335295,-8.396688e-06
NT5E,-0.0011800416,-0.0013712924,-0.0014551245,0.0006871056,-0.004698001,-0.0007197214,0.0006076498,9.250874e-05
ZNF592,0.00015756488,0.00023432262,0.00024179742,5.736109e-05,0.00029490888,-5.0943345e-07,-0.000213488,-6.5945787e-06
PDLIM7,-4.3120235e-06,5.3569674e-05,0.00012172572,2.1133572e-05,-0.00022501498,-5.1477924e-05,-9.5053576e-05,-4.5762863e-07
ETV5,-0.00023203343,-0.00031275116,-0.00024341233,8.7087974e-05,-0.00029552728,-8.839648e-05,0.000110791065,2.0969426e-05
PGS1,-0.0002398435,-0.00040838122,-0.00026315264,0.00012420956,1.2405217e-05,-0.00021617487,9.252597e-05,2.401031e-05
PLEKHG2,-0.00011834875,-0.00030027702,-0.00015947036,8.972362e-05,0.0003562495,-8.6568296e-05,4.8696063e-05,1.7029815e-05
PAK5,-0.0004771538,-0.0010104161,-0.0008726772,0.00030065328,-0.0041815564,-0.00017797993,0.0004999628,5.414884e-05
HPN,-0.00021890365,-0.00049518235,-0.00036599673,0.00012290571,-0.0010814145,-9.347219e-05,0.00019618403,2.6803114e-05
SIX6,-0.00020020083,-0.00047482736,-0.0003417395,0.00011267234,-0.00096369535,-8.1167556e-05,0.00018566381,2.534897e-05
RUBCNL,-0.00045261718,-0.0008298028,-0.000817623,0.00030745286,-0.0031725466,-0.00012086332,0.00044364482,4.941027e-05
CYP4A11,-0.00014444627,-0.0003314875,-0.00024425052,0.000105037354,-0.0010081753,-5.7413243e-05,0.00011992082,1.9816565e-05
ZYG11B,-0.0004355125,-0.00074725784,-0.00072691776,0.00033275038,-0.0016774312,-0.00017265929,0.00033745263,4.65943e-05
MAPK8IP1,3.921613e-05,-0.00019150414,-6.4626336e-05,1.3346784e-05,0.0019832924,-1.4664605e-05,9.505078e-06,8.851755e-06
CATSPER4,-0.00022361428,-0.0004936978,-0.00036593527,0.0001263693,-0.0011237562,-9.5377676e-05,0.00019566063,2.674642e-05
FCRLB,-0.00024322793,-0.00033597834,-0.00028740428,0.00015012454,-0.0019323751,-9.5939264e-05,0.00014004018,2.1404703e-05
MON1B,8.892082e-05,0.00015726127,0.00020276569,-1.4947727e-05,0.0015379488,-3.2464042e-05,-0.00018064398,-2.7006026e-06
EPHA6,0.00013051555,0.00025459193,0.00024583377,-4.651025e-06,0.0010680333,5.5036508e-05,-0.00018896256,-8.04849e-06
PTGFRN,-0.00040319748,-0.00044280477,-0.0003082212,0.0001564715,-0.0010824502,-0.00028232485,0.00012996327,2.482615e-05
SLC25A24,0.00041741692,-3.0379742e-06,0.00034576468,-0.00031386223,0.0012548566,0.00032709073,-3.4901313e-05,-1.46999955e-05
DUSP13,-0.00015574135,-0.00035205297,-0.00023076497,9.259768e-05,-0.00094463676,-6.598141e-05,0.0001198845,1.9166153e-05
ADAT1,8.479692e-05,-5.2794814e-05,0.00022435747,-0.00011412613,0.0007050112,1.8727966e-05,-9.1546215e-05,-4.363712e-06
FAM193A,-0.00011733174,-0.00012719072,0.00010328926,4.0492974e-05,0.00011654943,-0.0002649827,-0.000119720586,5.560112e-06
ANKRD30A,-0.000217814,-0.00042038783,-0.00031025521,0.000120176934,-0.00083694607,-9.128358e-05,0.00015641097,2.3764675e-05
CPNE6,-9.770878e-05,-0.0003773328,-0.00028266013,0.0001021428,0.00058277696,-7.882994e-05,0.000115868635,2.3120549e-05
MTUS2,0.000693731,0.0008834824,0.0009575784,-0.0003335392,0.0029232204,0.00042918324,-0.00048640836,-4.9300026e-05
TCP1,-0.00036110543,-0.0006535426,-0.00053249486,0.00019949768,-0.001292929,-0.00015171804,0.000275434,3.669702e-05
YARS2,0.00011702068,-8.517876e-06,0.00020910054,-0.00016709417,0.000948675,0.00014337432,-3.4185126e-05,-7.217983e-06
GJC2,3.0446798e-05,-0.00011116639,-2.8347597e-05,4.7733076e-05,0.0007940605,5.6969e-06,-1.5658326e-05,7.5197313e-06
SLC25A27,0.00045431405,0.0005672835,0.0007189177,-0.00031820964,0.0020783767,0.00042167027,-0.0002907375,-3.89209e-05
CHAT,-0.00016865507,-0.00040698797,-0.00019883364,6.148033e-05,0.00018458068,-0.00011440646,0.00010164641,1.8842169e-05
CFAP52,-0.00033225864,-0.00049174204,-9.4335526e-05,5.14742e-06,-0.0003200993,-0.00038589584,5.0797127e-05,1.659256e-05
NPR3,0.0003124941,0.0006258171,0.00047620386,3.6696903e-05,0.0012714863,8.039735e-05,-0.0003843354,-2.0531239e-05
FAM129C,-0.00021708943,-0.00048895366,-0.00036055222,0.00012257323,-0.0011222437,-8.885935e-05,0.00019481964,2.6362599e-05
CEP126,0.00018897466,-5.2835792e-05,0.00014732406,-0.00014021434,-0.0005301833,0.00019290298,8.90065e-06,-4.881411e-06
MAMLD1,-0.00025851652,-0.0002796352,-0.00016014278,0.00022249576,0.0017086938,-0.00038042292,-7.960107e-05,2.1052896e-05
BCL6,1.4590099e-05,9.640679e-05,6.465055e-05,5.5345707e-05,-0.00049600005,5.8286823e-05,-5.7761557e-05,-7.3737465e-07
ABHD18,0.00030094944,0.0003601201,0.00040399097,-0.00012055226,-0.0005525872,0.00021004584,-0.00019153673,-1.8278835e-05
VAX1,0.00020134635,-1.0792166e-05,0.00023679249,-0.00014240108,0.0023502856,3.3436343e-05,-0.00011273939,-6.2374165e-06
BRDT,0.00028877705,-0.00011279434,0.00010618009,-0.00020216499,0.0008500293,0.00034246873,7.283781e-05,-3.8630096e-06
ABI1,2.2342429e-05,0.00014360808,0.0002128873,-9.699725e-06,-0.00072396547,3.9366074e-05,-0.00012633856,-5.4517295e-06
L2HGDH,-0.00024164282,-0.00024600327,-0.00017678179,0.00019168947,0.0005374998,-0.0002545365,-1.9568019e-05,1.9745086e-05
WDPCP,0.00014987774,0.00035505928,0.0004330855,6.79167e-05,0.001564376,-0.00012719212,-0.00035878364,-1.7057871e-05
KCNJ5,-0.00016671978,-0.00035867468,-0.00028075464,0.00017096195,0.0008702725,-0.0002573277,4.481338e-05,2.5625806e-05
SRRM5,-0.00023386069,-0.0004131794,-0.00024987385,0.00011798181,-0.0017319247,-0.0001555332,0.0001272764,2.1472108e-05
GOLGA1,0.00043199398,7.9039484e-05,0.00035315938,-0.00032422878,0.0025934204,0.0003549615,-4.737731e-05,-1.8200953e-05
KRT17,0.00010037422,-0.00054312684,-0.00039403513,-4.882086e-05,-0.0009789988,0.00027014036,0.00034211203,2.3061992e-05
DET1,0.0001522433,0.00024101138,0.0004380159,-0.00013072044,-3.7252903e-08,-7.604435e-05,-0.00026320945,-1.2978795e-05
NMT2,-0.00012639165,-0.00036198273,-0.00017675757,0.00010596961,0.0012386143,-0.0002810387,2.3925677e-06,2.204266e-05
KANK2,0.00041581504,0.0005552042,0.000692904,-0.00024446752,0.0024749115,0.00016553793,-0.00038080383,-3.0469499e-05
ABL1,-0.00029909052,-0.0004732255,-0.0004900582,0.00018960238,-0.0032704547,6.36559e-06,0.00029169582,3.0107447e-05
PEAR1,0.00037177093,0.00043808483,0.0006155949,-0.00019220635,0.0018926784,0.0001420984,-0.00033481326,-2.7146772e-05
UNC79,-0.00040430203,-0.0006861761,-0.00037479773,0.00013928674,-0.0006702244,-0.00033806544,0.00017469842,3.30772e-05
FAM20B,0.0002423022,-0.00019249506,1.8853694e-05,-0.00019623991,-0.00027923286,0.0002437802,0.00010782294,3.2916432e-06
GBX2,9.04277e-05,0.00043697841,0.00027693622,0.00012456719,-0.00068843365,-5.2335672e-05,-0.00029409025,-7.727533e-06
MARS2,0.0002642665,0.0003704857,0.00042557716,-0.000108537264,0.0029601008,0.0001495583,-0.00025942829,-1.9064406e-05
KRT8,-0.00026976876,-0.0010034591,-0.0007805396,0.00021577906,-0.003095962,-4.4000335e-05,0.00047214888,4.8992573e-05
SEC61A2,-0.0001637023,1.8769875e-05,4.2170286e-05,0.00012927968,0.0010967031,-0.00019860221,-0.00014493894,7.763156e-06
CLASP2,-0.00042219646,-0.00097563677,-0.0008242633,0.00025837496,-0.0022553653,-0.00011801906,0.00047282875,5.136081e-05
SYCP1,-0.00014980882,-0.00034747645,-0.00022490323,8.0054626e-05,-0.00075434893,-3.6627986e-05,0.0001262119,1.82488e-05
CABP1,-2.146326e-05,-0.00014019571,-5.0846487e-05,9.093154e-05,0.00026132166,-9.6588396e-05,-3.256835e-05,1.0520453e-05
IL12RB1,-0.00014868379,-0.00022912584,-0.00016046874,0.00013505202,-0.00010794401,-0.00012540072,2.8656796e-05,1.5922938e-05
ZP2,-0.000116072595,-0.00027958676,-0.00018885359,6.515533e-05,-0.00088696927,3.2586977e-06,0.00011404138,1.55936e-05
SLC44A1,9.3011186e-05,-2.9399991e-05,0.00014742091,-0.00010695588,0.001106441,9.3321316e-05,-3.323052e-05,-4.260568e-06
SHMT1,0.00041217916,0.00038766302,0.0004995316,-0.00031111576,0.0006923452,0.00043937843,-0.00014489982,-2.5691232e-05
KAT14,-0.00021708943,-0.00048895366,-0.00036055222,0.00012257323,-0.0011222437,-8.885935e-05,0.00019481964,2.6362599e-05
OSBPL11,7.143617e-05,-0.000114262104,-4.2408705e-05,1.6786158e-05,0.0005996525,0.00011633802,2.490636e-05,6.825663e-06
NETO2,-0.00019603036,-0.0006913915,-0.00046131946,7.691514e-05,-0.0010864139,1.728069e-05,0.00032669771,2.973713e-05
CDH26,-1.8490478e-05,-0.00036146678,-0.00025958382,6.2907115e-05,-0.00083614886,3.2360666e-05,0.00015032571,1.9939034e-05
PCYT2,-0.00046397373,-0.0006386563,-0.0006545596,0.00031941477,-0.0019926205,-0.00029212516,0.00026047975,4.436297e-05
NARS2,4.1129068e-05,-0.00012585521,-9.136461e-05,7.644668e-05,-0.00049711764,-1.1499971e-05,1.3725832e-05,1.0733958e-05
ZCWPW1,0.00033110194,0.000120129436,0.00019355305,-0.00014480483,0.0010662228,0.00024265144,-5.632732e-05,-8.4528e-06
TESK1,0.0003245473,0.00041803718,0.00050760433,-0.0001303358,0.00039049238,0.00012550876,-0.00028030854,-2.2417284e-05
TTLL12,-4.1041523e-05,-0.00027727894,-0.00017713942,2.7148053e-05,-0.0004936829,8.1053e-06,0.000100228935,1.7072423e-05
ADD3,-0.0002487488,-0.00025060587,-0.00010232441,0.000113389455,-0.00054323673,-0.00025577005,-1.6242266e-05,1.6897917e-05
ESF1,7.532351e-05,-3.858283e-05,0.00015995093,-9.188987e-05,-0.00016319752,9.533204e-05,-4.726462e-05,-2.1689339e-06
GEMIN4,6.93351e-05,8.4377825e-06,0.00015334785,-2.7398579e-05,2.4713576e-05,-1.3699755e-06,-9.06894e-05,-1.7755665e-06
CORO2A,0.0004370995,0.00048432872,0.000785226,-0.00040300377,0.004210733,0.00029315893,-0.00033298787,-3.7882943e-05
GATA5,-0.00010723621,-0.00024868548,-0.0001408793,7.6977536e-05,-0.00013320148,-5.4546632e-05,5.291868e-05,1.4820718e-05
DDOST,6.167218e-06,-8.074008e-05,7.493794e-05,-2.4352223e-05,-0.00057026,-2.679415e-05,-4.1767955e-05,4.0557934e-06
P4HA1,-0.00016392581,-0.00019388087,3.2167882e-06,3.2579526e-05,-0.00064758956,-0.00016055908,-2.0155683e-05,8.402625e-06
CHTOP,-0.0001487229,-0.00022141822,-9.020232e-05,7.182732e-05,0.00045026094,-0.00013151206,6.0219318e-06,1.3193581e-05
ZDHHC17,-0.0007660445,-0.0012691151,-0.001187427,0.0004826449,-0.002806671,-0.00043683173,0.00057448633,7.417903e-05
GPAT4,-0.000110855326,-0.00024559908,-0.00011121668,9.830203e-05,-0.00073676556,-0.00015552295,-3.7383288e-06,1.7318642e-05
SLC24A2,-0.0002553016,7.821247e-06,-4.6480447e-05,0.0003154846,-0.0003909096,-0.0004003048,-0.00020209607,1.6947975e-05
RBCK1,3.3207238e-05,-0.0002475474,-1.3526529e-05,-8.853525e-05,0.0016713738,-2.3236498e-06,3.655255e-05,8.381554e-06
TCHP,5.226396e-05,2.5467947e-05,7.5850636e-05,-1.5528873e-05,-0.00079128146,0.00010568462,-2.2931956e-05,9.161886e-08
MAP3K11,0.00019802526,1.6685575e-05,4.5262277e-05,-3.1016767e-05,-0.0005164817,0.00017119665,3.7429854e-06,-1.5599653e-08
CMIP,-0.0008100383,-0.0016920492,-0.0015828907,0.00045868754,-0.0037499517,-0.00026803417,0.0008899998,9.3298266e-05
CXXC1,6.895326e-05,-2.8517097e-05,9.53041e-05,-5.9604645e-08,-0.00058963895,2.8470531e-05,-5.855784e-05,1.4617108e-06
RNF111,-4.420802e-05,-0.00029119104,3.8931146e-05,-4.4020824e-05,0.00011488795,-0.00017565954,-2.0845793e-05,8.956529e-06
IDH1,-0.00038521178,-0.0007072352,-0.0005696807,0.0002246499,-0.00085615367,-0.00022765389,0.00026128814,4.108192e-05
GLA,-6.874278e-05,0.00019416213,8.707307e-05,0.00018809084,-0.0009717122,-0.00017212285,-0.00019097421,3.699679e-06
HDAC10,0.00014201365,-2.6095659e-06,7.561222e-05,-1.6302802e-05,0.0015208647,-2.589915e-05,-8.936599e-05,3.4269178e-06
PCDHA5,0.00022352673,0.00010639615,0.00030717254,-0.0001628967,0.001443766,0.000115981326,-0.00012650993,-1.1626747e-05
PCDHA2,-9.525567e-06,-0.0003166534,-0.00015848689,-2.0180829e-05,-0.0007222891,8.258596e-05,0.00014403742,1.3484503e-05
FRMPD2,-0.000176562,-0.00043557957,-0.00035699084,0.0001300592,-0.001213856,1.3889745e-05,0.00020392891,2.4146982e-05
PHGDH,-0.00039897487,-0.00056385994,-0.00041090697,0.00015877374,-0.00047157705,-0.0002898299,0.00017739087,3.143307e-05
VIPR2,-7.4258074e-05,-9.058043e-05,-9.49353e-05,0.0001227865,-8.390844e-05,-9.205099e-05,-3.2621436e-05,1.3126875e-05
DHX9,-0.00030578487,-0.000561472,-0.0004168041,0.00017092284,-0.0012947246,-0.00017864816,0.00020320248,3.10482e-05
BICDL1,0.0002188813,0.00022005104,0.00024306774,-3.9713457e-05,5.1535666e-05,0.00014799275,-0.00015260931,-7.839291e-06
CENPC,-2.2817403e-06,-7.4245036e-06,0.000268735,-0.00010109972,0.002443917,-4.9005263e-05,-0.00014856551,-5.240552e-06
CCP110,4.159659e-05,-1.3539568e-05,8.6687505e-05,-3.3900142e-07,0.00016688555,2.85469e-05,-6.459933e-05,2.5217887e-06
CEP89,0.00015021488,-7.698312e-06,0.00024753064,-0.000109023415,0.00072404,-5.203299e-06,-0.00011673104,-5.5357814e-06
MICU1,1.1317432e-05,-0.00033139624,-7.891655e-05,-4.8547983e-05,-0.00036617368,2.0960346e-05,9.5842406e-05,1.1456548e-05
WNT4,-3.8079917e-05,-7.331185e-05,6.564893e-05,-3.659632e-05,-0.0010825917,3.753882e-05,4.841946e-06,1.6832491e-06
TNFSF12,9.8552555e-05,-3.187917e-05,6.0984865e-05,-6.231293e-05,-0.00061326474,0.00019900687,4.647672e-05,-2.733199e-06
SNX19,0.00031728484,-2.0476058e-05,0.00019862875,-0.00028604735,-0.0001341477,0.00038197264,7.2145835e-05,-1.0168762e-05
SPAG1,-6.069988e-05,2.8403476e-05,0.00017158501,8.805469e-05,0.00063063204,-0.000328328,-0.00022435468,1.5667174e-06
KYAT1,0.00021147542,0.00024111755,0.00045219064,-0.00017853174,0.0014560446,9.733066e-05,-0.00022376236,-1.7295824e-05
ZBTB17,0.00022193044,0.00012583658,0.00027834438,-0.00015319232,0.0010880753,0.0001578778,-0.00010950025,-9.821029e-06
TUBA3E,-0.00017905794,-0.0005630087,-0.00040876493,9.089988e-05,-0.0014469028,-1.7386861e-05,0.00025682338,2.8169714e-05
MAP4,-0.0005759038,-0.0011067633,-0.0009784121,0.00037039164,-0.0016160831,-0.00032143388,0.00047788676,6.3056126e-05
GAD1,-0.0006076135,-0.0011224542,-0.0010341816,0.0004047118,-0.0036380962,-0.00030139834,0.00051038805,6.656931e-05
COL3A1,-0.0008012336,-0.0009166915,-0.00083187595,0.00040367525,-0.004433036,-0.00032502878,0.00041843206,5.5767712e-05
LPP,-0.00034125522,-0.00034191646,-0.00026283786,0.00022238772,-0.0008138716,-0.00025412068,5.5585057e-05,2.3058034e-05
PPIG,-0.00015845336,-0.00017492473,-6.111525e-05,0.000149359,-0.001188539,-0.00019754376,-4.897546e-05,1.3877056e-05
FCHO1,-3.658235e-05,8.702278e-05,0.0001452174,0.00014355965,0.000908874,-0.0002369089,-0.0002258746,2.6703347e-06
CASC1,5.355291e-05,2.9271469e-05,0.00013335049,-3.0218624e-05,-0.00090897083,3.6104582e-05,-5.086977e-05,-3.0257506e-06
RCC1,0.0006445646,0.0004061982,0.00069815665,-0.00050255004,0.0021913797,0.00055177417,-0.0001841383,-3.6368263e-05
TNN,0.00014447235,0.0001554396,0.00025431998,-7.929746e-05,-0.0002566725,9.288546e-05,-0.00012401957,-8.426257e-06
GNA14,1.3943762e-05,-0.00017151982,-6.216951e-05,3.320165e-06,-0.00050305575,9.060651e-05,6.1520375e-05,8.037197e-06
OGG1,0.00036216155,0.0003850516,0.0004361663,-2.1687709e-05,0.00094551593,2.3767352e-05,-0.0003240304,-1.5956e-05
LMTK2,-4.4619665e-05,-0.00011311285,0.00018400326,-8.642208e-05,0.0010684207,-0.00015453715,-0.00010651257,2.6030466e-07
TLR9,-9.035319e-05,-0.00014239177,1.9818544e-06,6.4492226e-05,0.00049292296,-0.00014431635,-5.6068413e-05,8.87108e-06
LZTS2,0.00016012229,0.00050142966,0.00062140636,-7.712748e-05,0.0026721135,-0.00018474273,-0.00047492702,-2.0399923e-05
GOT1,-2.071634e-05,-0.0004453659,-0.00034694,4.7823414e-06,-0.00094185024,0.00016255025,0.00026512519,2.2484339e-05
ALDOC,0.00021249056,0.00044575334,0.0003596302,-1.4204532e-05,-0.00083179027,0.00014871918,-0.0002373131,-1.5429803e-05
TASP1,0.00040004775,0.00026993267,0.0005149022,-0.00027575716,0.0025868192,0.00019017328,-0.00022527482,-2.151914e-05
TTC39C,-0.00033778138,-0.00019220263,-0.00012900494,0.00022129714,0.00017996132,-0.0004096469,-9.179488e-05,1.9978266e-05
NLRC5,-4.6934932e-05,-0.00024057738,-0.00013845041,5.7583675e-05,-0.00019069016,-1.1982396e-05,5.6964345e-05,1.46800885e-05
PCDHGA7,-0.0002256278,-0.0004751142,-0.00031693466,9.987131e-05,-0.001091294,-0.00012190733,0.00017112028,2.517784e-05
SERPINH1,-0.00037553534,-0.0008305367,-0.0006627925,0.00022787042,-0.0010475442,-0.00022580568,0.00033569802,4.405086e-05
ACSM2B,0.00029356964,0.00014638342,0.00033692643,-0.00020175148,0.0012314171,0.00021433923,-0.00010888185,-1.5128171e-05
SOX7,-2.9819086e-05,-0.00027359277,-0.00013346784,7.742923e-05,0.0008125752,-6.371178e-05,3.624335e-05,1.4030025e-05
BRAP,0.00017190352,0.00018031895,0.00032368116,-0.00012770575,0.00039982796,0.00014462974,-0.00013972912,-1.3190671e-05
SLC26A2,0.00040009432,-0.00011811219,0.00012875907,-0.00027929246,0.0018347055,0.00042854715,9.503681e-05,-6.4297346e-06
RNF207,0.00027766638,0.0002920553,0.00028894097,-6.6273846e-05,0.0011601821,0.00011772476,-0.00019912887,-1.0520453e-05
STS,5.531311e-05,0.00016557798,0.0002393499,-4.8290007e-05,-0.0006609857,8.822605e-05,-0.00011355523,-8.410891e-06
CNOT10,0.0002711378,0.00016215816,0.00043959543,-0.00025859755,0.0005956739,0.00022887345,-0.00013141055,-1.9319821e-05
BMP6,-2.9578805e-06,-2.1880493e-05,-4.5103952e-05,9.954721e-05,-0.0013909563,5.1569194e-05,-4.755333e-06,6.6276407e-06
SEMA4F,0.00034127384,3.2579526e-05,0.00027209334,-0.00018305052,0.0021346286,0.00011016615,-0.00011334848,-8.139061e-06
CKMT2,0.00011573732,-5.2195042e-05,0.00022331811,-0.0001382092,0.0024789348,-8.103438e-06,-0.000109466724,-3.9914157e-06
GAB1,-0.00015308522,-0.00038873777,-0.0003033057,7.379055e-05,-0.0033583716,4.3699518e-05,0.00022999477,1.933705e-05
TTC39A,-0.00019398145,-0.00049357116,-0.00034834445,0.00010521803,-0.001029022,-6.625522e-05,0.00019780546,2.5476678e-05
SLC7A6,-0.00029470213,-0.00039353967,-0.0003458485,0.00024053361,-0.00053789467,-0.0002764254,8.328911e-05,2.8289156e-05
CPOX,0.00025971793,0.0003655795,0.000673471,-0.00020867027,0.0025410503,-6.4549968e-06,-0.0003817724,-2.7088681e-05
DSC2,0.00030100346,0.00018649362,0.00031353347,-9.872671e-05,-0.0001270622,0.00013506413,-0.00015289616,-1.2117904e-05
SLC44A5,-0.00037185475,-0.0007424373,-0.0005877223,0.00018778443,-0.0020724162,-0.00014135707,0.00032995176,3.908889e-05
NAALADL1,0.00016167574,-4.9322844e-06,0.00021612644,-8.890405e-05,0.0013342872,4.7162175e-06,-0.00012854952,-3.0375086e-06
TBC1D25,5.9420243e-05,-0.00021848083,4.0395185e-05,-0.00010958128,0.000726901,-7.974915e-06,1.4620833e-05,5.85604e-06
COASY,-0.00017873012,-0.00018003769,-0.00011459552,0.000120375305,-0.0025522187,-0.000104255974,3.614649e-05,1.3301382e-05
SLC4A1AP,-7.469021e-05,-0.00018475577,-1.5996397e-05,7.158611e-05,-0.00025975704,-0.00014265813,-3.732741e-05,1.0067131e-05
ITIH3,-0.00019336864,-0.00055391155,-0.00040040538,8.810777e-05,-0.0014325306,-3.2191165e-05,0.00025303755,2.7669477e-05
TNS4,-0.00026031025,-0.00055879354,-0.0004383009,0.00015036762,-0.001260519,-0.000115044415,0.0002317233,3.0738534e-05
MASP2,0.00010623969,-4.9084425e-05,3.5477802e-05,-5.3346157e-06,-0.00051419437,5.4212287e-05,-2.1865591e-05,3.2359967e-06
PHKG1,0.00018567406,6.203912e-05,0.0002686493,-0.00013430137,0.0011860356,4.761573e-05,-0.00013808813,-6.6021457e-06
ZNF546,0.00019137189,0.00013335235,0.0002230443,-8.282531e-05,0.0007951781,0.00012323074,-0.00011871476,-5.8461446e-06
NAGA,1.2585893e-05,-0.00015613437,-3.4824014e-05,-2.6457943e-05,-0.00041846186,5.193986e-05,5.0815754e-05,7.251976e-06
SHOX2,0.0002200231,0.0006603915,0.0006432701,-9.4095245e-05,0.0001783967,0.00019107666,-0.000386036,-2.9813149e-05
TGFBR2,8.675456e-05,0.000102052465,9.6622854e-05,-6.3134357e-06,-0.00032190979,0.00021543913,-2.2432767e-05,-3.6674319e-06
PTPRS,-0.0001437664,-0.000486454,-0.0003401693,0.00011174008,-0.0005437061,-8.135568e-05,0.00017308723,2.6538037e-05
SESTD1,-0.0008596089,-0.0017937459,-0.0016828049,0.0005225986,-0.004095599,-0.00030557904,0.00093757175,9.774545e-05
CPNE9,2.5430694e-05,-5.7782978e-05,3.825873e-05,4.1746534e-05,0.00013630092,-2.2242777e-05,-5.9371814e-05,5.074311e-06
PPP1R12C,-0.00019754283,-0.0003857836,-0.00034693815,0.00022232067,-0.0013006479,-0.00024096435,9.1539696e-05,2.8518029e-05
CES5A,-0.00018866174,-0.0004986543,-0.00036056153,0.00010361709,-0.0008993149,-5.7442114e-05,0.0002033487,2.6273425e-05
ANKS3,0.00020282902,-4.267879e-05,0.00017092377,-0.00014205836,0.0008387491,6.4041466e-05,-5.7532452e-05,-2.4780165e-06
KANSL3,-0.00024809875,-0.00034977868,-0.00032800622,0.00020964537,0.0003920868,-0.00020202203,9.0348534e-05,2.4978537e-05
PPP1R16A,-0.00022686087,-0.00086523406,-0.00078113936,0.00012494158,-0.0013156608,5.5182725e-05,0.00050602946,4.3981476e-05
TGFBR3,-7.4159354e-05,-0.00018728152,-0.000103481114,1.7581508e-05,-0.001586549,-7.0482492e-06,8.054264e-05,1.0531046e-05
ARHGAP35,-0.0004497189,-0.0011337325,-0.000870483,0.00016628299,-0.0017873943,-0.00013079913,0.000536683,5.5385404e-05
MAPK10,0.00015220046,-0.00013372116,0.00019828603,-0.00019385666,0.0014778823,4.1246414e-05,-4.8344024e-05,-1.4828984e-06
CCDC15,0.0002604667,0.00019352697,0.0004287511,-0.00019892585,0.0027822405,6.0951337e-05,-0.0002316339,-1.4652498e-05
ITPRID1,-0.00012375042,-0.00031447224,-0.00022985227,9.730086e-05,-0.00032382458,-5.9807673e-05,9.6876174e-05,1.9504223e-05
COG2,-5.8189034e-05,0.00030110963,0.00029029697,6.928854e-05,0.0015078485,-0.0001751706,-0.00028132182,-8.914969e-06
TRDN,0.000163408,-7.3695555e-05,0.00012154877,-0.0001420211,0.0020479113,0.00014830101,-1.31754205e-05,-1.8182909e-06
CHFR,-1.4761463e-05,-0.0002424363,-0.00014799461,9.13525e-05,-0.00010994077,-8.098502e-05,2.230145e-05,1.7293962e-05
YARS,-0.00021708943,-0.00048895366,-0.00036055222,0.00012257323,-0.0011222437,-8.885935e-05,0.00019481964,2.6362599e-05
ALX4,9.0314075e-05,0.00019173138,0.00025017187,7.790513e-06,-0.0013532043,5.5688433e-05,-0.00015814696,-7.549068e-06
GALNT13,0.0007934049,0.00068373233,0.00089719705,-0.00054348726,0.004347861,0.00062288344,-0.00032828283,-4.752027e-05
CBLC,-0.00016216934,-0.0003639497,-0.00025422126,0.00010358915,-0.00096939504,-6.928854e-05,0.00012858305,2.0589796e-05
SACM1L,-0.00022699125,-0.00051891804,-0.00049323216,0.0002496764,-0.001656346,-0.00017530192,0.00019902084,3.459095e-05
KBTBD8,0.00032377243,0.00041187182,0.00052521937,-0.00020518154,-0.00093414634,0.00034305174,-0.00018006843,-2.8837938e-05
DAGLB,0.00011320785,-0.00018598884,-2.2405759e-05,-2.1832064e-05,-0.00021834671,4.1091815e-05,3.602542e-05,6.842194e-06
IFFO1,6.5555796e-05,1.1676922e-05,0.00015029311,-1.4779158e-05,-0.0001360029,1.2725592e-05,-9.154901e-05,-9.932555e-07
PTPN1,8.425489e-05,8.492917e-05,0.0001770854,-6.271992e-05,-0.0007210821,0.00016656239,-5.5295415e-05,-5.0421804e-06
LIMS2,2.2042543e-05,-0.00044859014,-0.00022711605,-3.9505772e-05,0.0005951151,0.0001022527,0.00019191578,1.7157057e-05
GRAMD1C,8.3068386e-05,-0.0002119448,-0.00020404905,4.7987327e-05,-0.0017147213,0.00016063359,0.00014495384,1.4127581e-05
MAPK7,4.515797e-05,-1.4675781e-05,0.00019698031,-7.499568e-05,7.943809e-05,-5.6015328e-05,-0.000120465644,4.232861e-07
TCTN3,-4.925579e-05,-0.00020532496,-0.00019510835,3.5270117e-05,9.332597e-05,4.8413873e-05,9.816978e-05,1.6715494e-05
KRT14,0.00035480037,-0.00031999312,-0.00014293008,-0.00021786056,0.001194045,0.0004247753,0.00025196,5.834503e-06
CCDC14,1.925975e-06,-0.00026358105,-5.896762e-05,-8.022785e-05,0.0012577847,0.000106544234,9.376649e-05,8.4666535e-06
ITGAV,-0.000354629,-0.00045944564,-0.00047136098,0.00023171306,-0.001462996,-0.00020718295,0.00018901099,3.38183e-05
TYMP,0.0001837574,-0.00018273294,-2.3469329e-07,-9.831879e-05,0.0005311966,0.00023313146,8.50549e-05,2.471148e-06
NKX2-1,-0.00010244362,-0.0002604928,-0.000114044175,4.961621e-05,-0.0002567768,-9.138696e-05,4.1261315e-05,1.4326419e-05
ZCCHC2,0.00016586669,-0.00025494583,7.47107e-05,-0.00022880454,0.0013753325,0.00028957706,0.00010924507,3.4971163e-07
RNF157,-0.00016333163,-0.00017357804,-0.00012123585,0.00016363338,0.0010189265,-0.00022665039,-5.940441e-05,1.789059e-05
SOX8,4.6998262e-05,-0.0002185069,-9.716675e-05,-4.389789e-05,0.0015096739,2.9860064e-05,6.761681e-05,9.905663e-06
JPH4,-0.00036711805,-0.00089806505,-0.00071758777,0.00022916961,-0.0018544421,-0.00014604582,0.00040465407,4.636636e-05
ACTR10,-0.0001765769,-0.0003146194,-0.000278946,0.00020074658,-0.0007719472,-0.00013026828,7.9758465e-05,2.3236265e-05
IQCN,0.00032152422,0.00034500659,0.00045095757,-0.00014615897,0.0013483763,0.0001672199,-0.00023785699,-2.0504696e-05
CAMKK2,4.096888e-05,-0.00013521314,5.436875e-05,-2.5703572e-05,0.0011335388,-4.983321e-05,-5.2659772e-05,6.0151797e-06
HK1,-0.00020042062,-0.00026516058,-0.00011684932,0.00011173077,-5.7153404e-05,-0.00016711373,1.9182451e-05,1.5277416e-05
CLN3,6.307848e-05,0.00011168048,0.0003163144,-9.9870376e-05,0.0013839453,-4.9033202e-05,-0.00018749852,-8.859555e-06
LIPC,-0.00021708943,-0.00048895366,-0.00036055222,0.00012257323,-0.0011222437,-8.885935e-05,0.00019481964,2.6362599e-05
PPP6R2,-7.5455755e-05,-0.00025968812,-0.00015896931,6.641541e-05,-0.00029382855,-5.1300973e-05,6.259512e-05,1.6473e-05
ANGPTL2,-0.00039712153,-0.00030376576,-0.00025830045,0.00014627725,-0.0002098754,-0.00021731248,6.528478e-05,2.4563516e-05
MSH3,0.00021770038,0.00024372898,0.0003232956,-2.4056062e-05,0.00075336546,8.7264925e-07,-0.0002389038,-1.0060379e-05
XRCC5,-0.0003315769,-0.00084582716,-0.0006797984,0.00019541569,-0.0012679473,-7.875357e-05,0.00039591547,4.300254e-05
ZMYM1,0.0003838148,0.00031164289,0.0006225314,-0.0003887061,0.0031463131,0.00028985925,-0.0002139872,-2.8966926e-05
SIMC1,0.00041295215,0.0004343763,0.0005654283,-0.00025129318,0.0012067854,0.0002597971,-0.00025936496,-2.5549787e-05
ARNT2,-0.0004904587,-0.0012566168,-0.0011271965,0.00028596818,-0.0023658052,-9.377487e-05,0.0006589191,6.7172456e-05
KRT83,-0.00021708943,-0.00048895366,-0.00036055222,0.00012257323,-0.0011222437,-8.885935e-05,0.00019481964,2.6362599e-05
GNA11,2.8228387e-05,-0.00021209382,7.782504e-05,-0.00011955481,0.0010400638,-9.610318e-06,3.4924597e-06,4.0042214e-06
KRT12,-0.00017823838,-0.00051644817,-0.00039533153,0.000110019,-0.0019212663,-9.95677e-06,0.00024428405,2.684258e-05
PAOX,9.8207965e-05,8.837134e-05,8.436851e-05,1.7693266e-05,4.722178e-05,4.98835e-05,-7.440895e-05,1.5844125e-07
DPY19L1,-0.0006097257,-0.0011811312,-0.0010169558,0.0002671443,-0.0027063563,-0.0002456284,0.00058827177,6.0802093e-05
IL6ST,-0.00018901005,-0.00047334842,-0.0003842134,0.000120256096,-0.0015515536,-4.0896237e-05,0.00022753235,2.5656074e-05
RPS6KB1,-0.00035920925,-0.0005833246,-0.00047626905,0.00018846523,-0.0019523725,-0.00021146052,0.00023399666,3.3963122e-05
WNT3,-9.4059855e-05,-5.587563e-05,-6.4056367e-06,0.00014707819,0.0005031228,-0.00024505984,-0.00012297649,1.0284362e-05
KRT10,-6.695092e-05,-0.0005213842,-0.00034660846,1.2081116e-05,-0.00066592544,5.88689e-05,0.00025830977,2.3493427e-05
ZNF780B,-0.00036731735,-0.00071673095,-0.0005862005,0.00020520855,-0.001626052,-0.00020446209,0.00030296762,3.9884355e-05
TSPEAR,-0.00019664876,-0.0004837904,-0.0003504455,0.000109882094,-0.0009207055,-7.6871365e-05,0.00019285269,2.571859e-05
RBM15B,-0.00020822324,-0.00055459887,-0.0005152263,0.00017360877,-0.0002022013,-4.405342e-05,0.00025636144,3.4427037e-05
LGI2,-5.3174794e-05,0.00023943372,0.00031804666,2.0655803e-05,-0.0027413666,-9.529479e-05,-0.00019787904,-1.0021729e-05
INTS10,-2.6084483e-05,2.815947e-05,0.00011481717,1.1031516e-05,0.00028621405,-3.2979995e-05,-9.464007e-05,9.2945993e-07
GNL1,3.2225624e-05,-0.00012028776,-9.2003495e-05,6.237719e-05,-0.0024233386,6.0090795e-05,6.447453e-05,8.607865e-06
GAS2L2,-0.00019360706,-0.00033273362,-0.00021129474,0.00011464115,-0.0008714944,-0.0001307237,8.467492e-05,1.9122264e-05
PLAA,4.7216192e-05,-0.00040465407,-0.00020732172,-6.571412e-05,-3.644824e-05,0.00015605614,0.0002008481,1.572643e-05
TBC1D15,-2.5369227e-05,-0.00027882308,-0.00010894984,-8.133054e-05,-0.00061603636,0.00020021014,0.00017530564,7.704599e-06
COL2A1,-0.00011056475,-0.00084236823,-0.00062467717,-2.5177374e-05,0.0003682226,0.000100883655,0.0004515415,3.7405058e-05
PDLIM5,-0.0003356617,-0.0005763713,-0.00034007058,4.3605454e-05,-0.0006669313,-0.0001611053,0.00022245012,2.5120797e-05
AGAP1,-0.00083981827,-0.0014760699,-0.001360327,0.0004653791,-0.004055284,-0.00033476856,0.00073524844,8.2543935e-05
IDH2,-0.00016066246,-0.00021911971,-4.0607527e-05,5.5217184e-05,-0.00037433952,-0.00014529424,-5.0477684e-06,1.1192053e-05
PDHA1,-0.00057669356,-0.00096959807,-0.00082219206,0.00032466464,-0.0016071051,-0.00034348387,0.00039731897,5.4258388e-05
KANSL2,-0.00024021044,-0.0004483331,-0.00022366643,8.569099e-05,2.951175e-05,-0.00021941308,9.2474744e-05,2.2743014e-05
MATR3,-0.00055612996,-0.0011359751,-0.0009812936,0.000314435,-0.0018420741,-0.00021209056,0.0005324185,6.125786e-05
DBN1,-5.5557117e-05,-0.000276668,-0.000119544566,3.2429583e-05,-0.00015497953,-3.724359e-06,7.48802e-05,1.2814882e-05
LNX1,-0.00031737238,-0.00032734498,-0.00019808114,0.00011797249,-0.0002911538,-0.00022354675,6.506778e-05,1.9614235e-05
CRTAC1,0.00037294813,0.00022537448,0.00040532462,-0.00029100198,0.0008628592,0.00037242938,-8.706935e-05,-2.0945095e-05
SNX9,0.00028650835,0.00023312308,0.00045889616,-0.00016235933,0.0010105148,8.17189e-05,-0.00023269374,-1.840666e-05
CHRNA1,-6.0541555e-05,-0.00042803027,-0.00026720017,5.7627447e-05,-0.00084190816,2.5578775e-05,0.00017252658,2.0257314e-05
TNRC18,-0.00020355731,-0.00071710907,-0.0005029347,6.697979e-05,0.00015316159,-9.821262e-05,0.00030170474,3.4973724e-05
DMGDH,-0.00030920282,-0.0005873572,-0.00049609505,0.00019633118,-0.0010768175,-0.00017926237,0.00022774655,3.5414705e-05
SLC37A3,-0.00022818148,-0.00045566447,-0.0002805125,0.00011267327,0.00082234293,-0.00020538364,0.00010156445,2.465176e-05
GNA13,-0.00036507845,-0.0007566009,-0.0005323626,7.7609904e-05,-0.0013811514,-7.065479e-05,0.00037277397,3.4404336e-05
CPSF3,0.00038189627,0.00024142116,0.00045691617,-0.00028323475,0.0014448389,0.00027266704,-0.00016643759,-1.940492e-05
SCARB1,-0.0004506521,-0.0005919244,-0.0005100649,0.00029395614,-0.0006645024,-0.0003557657,0.00016073324,3.893487e-05
ARMH3,4.9732625e-06,-2.2295862e-06,-1.1539087e-05,6.505847e-05,-0.0004987195,4.9240887e-05,-6.0591847e-06,3.4819823e-06
GDF5,1.870282e-05,-0.00017641112,-5.6724995e-05,1.6353093e-05,-0.00064633787,4.144851e-05,4.346855e-05,8.775387e-06
GPR155,-0.00042134523,-0.00041139126,-0.00031773,0.00020308048,-0.0005952567,-0.00032452354,8.454453e-05,2.745213e-05
VEPH1,0.00013623014,-0.00012725219,-3.935769e-06,-4.786253e-05,0.0009939522,0.00015437976,3.703218e-05,2.6915222e-06
POLA2,-0.0001372341,-0.0004945062,-0.00041777082,0.00014337711,-0.0026027635,1.5451573e-05,0.0002515996,2.8204988e-05
SEMA4C,0.00015258975,8.2701445e-05,0.00018313527,-0.00010592304,0.0014525056,0.00018657185,-6.664358e-05,-5.912385e-06
KRT15,-2.1690503e-05,-0.00034370273,-0.00019365177,-2.3143366e-06,-0.00015366822,7.2054565e-05,0.00015027635,1.5252386e-05
FDXR,1.9310042e-05,3.6114827e-05,1.587905e-05,7.568952e-05,0.00024514645,-3.333576e-05,-9.113178e-05,7.484923e-06
HOXD3,-0.00021708943,-0.00048895366,-0.00036055222,0.00012257323,-0.0011222437,-8.885935e-05,0.00019481964,2.6362599e-05
ATP8A1,-0.0001033023,-0.00025791302,-0.00020864233,0.00015530735,-0.00081343204,-3.0431896e-05,9.0243295e-05,1.5698955e-05
HGD,-0.00022649392,-0.0004942473,-0.00038141757,0.00013477914,-0.0011712238,-8.880906e-05,0.00020296499,2.7259463e-05
CPNE5,-0.00012975745,4.8056245e-07,5.4191798e-05,0.00013786834,-0.0005783513,-0.000238501,-0.00014752429,8.131145e-06
ISY1,0.00010175817,5.171448e-05,0.00029065646,-0.00015131943,0.0010169148,2.8070994e-05,-0.00012950879,-7.916708e-06
APPL1,-0.00013913959,-0.00055281445,-0.00029647537,-3.1558797e-05,0.0008512214,7.5701624e-05,0.00025247503,2.028828e-05
TUFM,-2.9414892e-05,-0.00017451495,-7.8603625e-06,2.9578805e-06,0.0007928461,-6.524753e-05,-1.3986602e-05,8.592731e-06
CFP,6.5457076e-05,-0.00023323856,-0.00015265495,6.750226e-06,-0.0011020601,0.00014504883,0.000134008,1.0918826e-05
RTKN2,-0.00034415908,-0.00042657182,-0.00048027374,0.00020499527,-0.0013194233,-8.620415e-05,0.00022850279,3.1681266e-05
SPATA31E1,-0.00018641166,-0.00025855936,-0.00019599125,0.00012266915,-0.0009849146,-6.1463565e-05,8.3138235e-05,1.6450998e-05
PLRG1,2.1478161e-05,7.885508e-05,0.0002310928,-3.0491501e-05,0.0011683553,-3.8444065e-05,-0.00015844125,-4.474423e-06
TPTE2,-2.7641654e-06,-0.00025937334,-0.00015114248,2.4685636e-05,-0.0012335703,9.829737e-05,0.00012948457,1.1609867e-05
P2RX2,-0.00021708943,-0.00048895366,-0.00036055222,0.00012257323,-0.0011222437,-8.885935e-05,0.00019481964,2.6362599e-05
PTCD1,0.00070778094,0.0007239748,0.00095803663,-0.0004356783,0.0034184977,0.0003934903,-0.0004309779,-4.8712012e-05
PPP1R13L,-0.0001327619,-0.00050285086,-0.00033407286,5.5958517e-05,-0.0010703057,2.797041e-05,0.00022624806,2.340693e-05
ETF1,-0.000111643225,-0.00023518316,-6.217137e-05,-4.1318126e-05,0.0015938431,-6.063655e-05,4.8245303e-05,9.702868e-06
CASD1,-0.00020171516,-0.00040995888,-0.00040466897,0.00023331959,-0.0026561692,-4.4399872e-05,0.00018517394,2.8392999e-05
DOLK,0.00017479062,8.8237226e-05,0.00012668595,-8.3653256e-05,-0.00075960904,0.00025345106,-6.0154125e-06,-5.4212287e-06
TAF5L,-2.8263777e-05,6.684847e-05,0.00016789883,7.895753e-05,0.0021793172,-0.0001835823,-0.00020752009,7.9348683e-07
SIAE,-0.00023231283,-0.00052292086,-0.00043948554,0.00018422026,-0.0038164705,-0.0001470861,0.00024061184,2.9352494e-05
KLHL30,-5.867146e-05,-0.00032254122,-0.00016837381,4.320219e-05,9.1440976e-05,-4.8590824e-05,8.753035e-05,1.6062171e-05
SPIRE1,-0.0005781241,-0.0008145608,-0.00070985965,0.00031480193,-0.0026576817,-0.00035988726,0.00032619014,4.9071736e-05
WDR33,-0.00024076365,-0.00040760636,-0.00025238283,9.567756e-05,0.0004210025,-0.00021007005,9.457674e-05,2.3092842e-05
ATE1,2.5257468e-06,-0.00023437291,0.000121403486,-0.00023810752,0.0010547638,0.00012697466,8.093007e-05,-1.0451768e-06
MAT1A,5.4914504e-05,-0.00015974231,1.0387972e-05,-5.6105666e-05,0.00033566356,6.6448e-05,2.6436523e-05,5.5540586e-06
SLC7A9,0.0002189409,0.000150593,0.00025393255,-0.00011597853,0.00075401366,0.00026738457,-7.669721e-05,-1.2534321e-05
RNF19A,-0.00016812421,-0.00033922307,-0.00014204904,0.00012627337,7.044524e-05,-0.00026580552,2.3283064e-07,1.8484425e-05
LTF,-5.1660463e-05,-0.00031256862,-0.00011168048,-1.3908371e-05,0.00015190244,1.164712e-05,9.520538e-05,1.2160279e-05
SLC30A9,2.7939677e-06,7.618405e-05,6.0090795e-05,0.000108798034,-0.00080613047,-1.6916543e-05,-9.886827e-05,3.4831464e-06
CLIP4,0.00018240511,0.0003407877,0.00041963533,-5.958602e-05,0.0017068014,-9.543449e-05,-0.00032527838,-1.2214412e-05
EIF3L,-0.00023367442,-0.00053385086,-0.0003535226,0.0001236219,0.00020287186,-0.00012435298,0.00017601158,2.7364586e-05
SLC22A4,5.5205077e-05,-5.9027225e-06,3.1126663e-05,4.8189424e-05,-0.00077292323,6.742682e-05,-3.543403e-05,2.970104e-06
CPNE2,-0.0001387503,-0.0003129691,-0.00018726476,0.00010551792,0.0008397922,-0.00014396198,4.7196634e-05,1.7731101e-05
PSMC1,-8.889474e-05,-0.00020206347,-0.0001328662,8.866843e-05,-0.0008292347,-4.224293e-05,4.8477203e-05,1.4132471e-05
DDX58,0.00021661818,-4.976988e-05,0.00013057515,-0.00014746655,2.142787e-05,0.00020762905,2.7569942e-05,-5.386537e-06
USP47,-0.0002906192,-0.0006289035,-0.0005168021,0.00015776511,-0.0022353008,-3.4430064e-05,0.0003156867,3.3453107e-05
BICD2,0.000100960955,-0.00034761243,-0.00027230382,-4.246831e-07,-0.0020073205,0.00020717923,0.0002375599,1.5967526e-05
ANKRD13B,0.00019347854,3.591366e-05,0.00014691427,-0.00011109188,0.0013452247,0.00019114465,-5.250238e-05,-2.2263266e-06
ZNF227,-0.00017515942,-3.4995377e-05,3.875792e-05,0.00012702774,-0.0007658154,-0.00019476889,-0.00011579972,8.0529135e-06
RYK,0.00025281496,0.00042146072,0.00052608177,-0.00010885205,0.002190873,9.019859e-06,-0.00035848562,-1.9724132e-05
FXR1,-6.774254e-05,-0.00024518743,-0.00012922473,0.00010212604,-0.0006174445,-0.00011564698,1.9231811e-05,1.5870319e-05
PCDH20,9.648129e-05,0.00025132485,0.00028203987,-9.342469e-05,-0.0006874874,0.0001793215,-0.00011189375,-1.3260171e-05
NT5C1B,2.8334558e-05,-0.00019173138,-6.8992376e-05,8.644536e-06,-0.0006869659,5.3346157e-05,5.769357e-05,9.257579e-06
SYNE3,-0.000118572265,-0.00035951287,-0.00022640638,7.203035e-05,-0.00077436864,-3.7851743e-05,0.0001286054,1.8603052e-05
CCT2,-0.00037322752,-0.000728013,-0.00053616054,0.00017360225,-0.00034495443,-0.00018846849,0.00027935766,3.7942198e-05
NEU1,-0.0001622811,-0.00033198297,-0.0001795087,9.913184e-05,-0.00045998394,-0.00016573258,5.474314e-05,1.8801307e-05
GPT2,0.00022428669,-7.728301e-05,6.5624714e-05,-0.00015686359,0.0010786355,0.0001908904,3.248453e-05,2.8999057e-07
CPEB3,5.736947e-06,-4.1048974e-05,0.00011344254,2.4330802e-05,0.0010059699,1.1604279e-06,-8.411426e-05,9.405194e-07
MOXD1,-0.0011426806,-0.0020213947,-0.0018468518,0.0005304273,-0.00902459,-0.00038357917,0.0011232449,0.00010601152
SELENOO,0.00025366433,-7.029064e-05,4.208833e-05,-0.00013892539,0.00048299134,0.00029224437,6.6540204e-05,-1.1065276e-06
TPX2,9.704381e-05,-0.0001298599,4.402548e-05,-0.00019464735,0.00055807084,0.00025934726,0.00010582525,-2.7462374e-07
PDZD2,-0.00010988861,0.0001425948,0.00012475252,7.331744e-05,-0.00030303746,-3.5000965e-05,-0.00013105106,2.7718488e-07
ALG3,8.317828e-05,5.3478405e-05,7.760711e-05,1.01896e-05,-8.8870525e-05,5.9140846e-05,-7.184688e-05,1.5244586e-06
TMEM132D,0.00014420785,0.00012533367,9.668991e-05,-8.867681e-05,-4.8413873e-05,0.0003439244,2.7318485e-05,-6.432412e-06
PPP2R1B,-0.00015754439,-0.00020983629,-9.370223e-05,5.4543838e-05,-0.0016846135,-9.369198e-05,5.723536e-05,1.0702759e-05
DONSON,-0.00012551062,-0.00020582229,-7.616915e-05,7.25314e-05,0.0020898804,-0.00022767903,-6.27283e-05,1.6505597e-05
FNBP1L,-0.0006122049,-0.0012837984,-0.0011363737,0.00037232693,-0.00268206,-0.00023123622,0.00062144455,6.9610425e-05
ADD1,-0.00018340349,-0.00055896305,-0.00034183636,9.9679455e-06,-0.00081282854,1.8337741e-05,0.00025676843,2.5123358e-05
ANGEL2,0.00018604472,0.00010173023,0.00021966733,-0.000104165636,0.000853166,0.00012653321,-9.854417e-05,-7.301802e-06
ARHGEF12,-0.0012156162,-0.0023375321,-0.0022078343,0.0006867908,-0.0054835454,-0.00043478142,0.0012264056,0.00012803497
TXK,-0.00012962148,-0.00025491416,-0.00018990412,9.577442e-05,-0.0011558011,-2.3907982e-05,0.00010050181,1.5199301e-05
SEC23A,-7.484481e-05,-0.00023147464,-0.00014851987,9.319838e-05,-0.0008207634,-4.8140995e-05,5.615782e-05,1.4776015e-05
RAB11FIP1,0.00036865287,0.00014685094,0.00031345896,-0.00019594654,0.0004974231,0.00022355281,-0.00010332931,-1.319882e-05
POMGNT2,0.00011432171,-6.482378e-05,4.1473657e-05,-0.00013173278,0.0004066378,0.00013919082,4.964322e-05,2.1816231e-07
SNX25,0.00041502155,0.00033766218,0.00035242736,-0.00012545474,0.00086726993,0.0002983082,-0.00016659405,-1.7440296e-05
CYP11A1,-0.00027237833,-0.0007714443,-0.0005481504,0.0001283288,-0.0009099543,-5.5746175e-05,0.00033042394,3.677653e-05
GPATCH2L,0.00012905896,-0.00011944771,6.7083165e-05,-6.341282e-05,0.0001129508,0.00012168381,1.4571473e-05,3.73926e-07
PTGS2,0.00044430047,0.00055873767,0.0006835982,-0.00023196358,0.0021478012,0.00020632148,-0.0003685346,-3.0708266e-05
NUGGC,0.0002202373,-0.00014584325,0.00013716891,-0.0001881998,0.0020610616,0.00011801347,-6.9998205e-06,-1.5558908e-06
PROX1,0.00031685457,0.0005522389,0.0005667135,-8.422416e-05,0.0021465495,2.5066547e-05,-0.00042444374,-2.0638923e-05
PAN3,0.00015422143,8.194521e-05,0.00018978864,-9.6884556e-05,0.0003472343,0.00019691326,-6.012153e-05,-5.8853766e-06
SALL4,0.00019032694,-9.147078e-05,0.00014476664,-0.00019277632,-0.0005594194,0.0001811143,2.5073998e-05,-2.0234147e-06
RAP1GAP,0.00010401942,0.00017497316,0.0001716353,3.8874336e-05,0.0015806705,-5.6345016e-05,-0.00020105857,-9.770738e-07
TMCO4,-8.983538e-06,-0.00032791123,-0.00018583052,-2.9921532e-05,-0.00078662485,0.00013113115,0.00017418806,1.4073448e-05
MAP7D1,-0.00064633414,-0.0013473239,-0.0012414064,0.0003782157,-0.0037570596,-0.00022929115,0.00069391634,7.444713e-05
ZNF197,0.0002479758,-4.820153e-05,8.483976e-05,-0.00012305472,0.0008558631,0.00021512154,2.4616718e-05,-2.8533395e-06
MGAT1,-0.00034151413,-0.0005880669,-0.0004181359,0.00016323011,0.00044187158,-0.00028445898,0.00016385783,3.3033546e-05
SORT1,-6.239116e-05,-2.7792528e-05,-3.505498e-05,0.00010468252,-0.0003967136,-1.8133782e-05,-3.498979e-05,7.709023e-06
RBMX,-0.00027637556,-0.0007246062,-0.0005943496,0.00017074123,-0.0008676946,-5.4956414e-05,0.0003382368,3.840786e-05
ELMO3,-0.00018324517,-0.00058549084,-0.00045925006,0.00011976622,-0.00154116,-5.9217215e-05,0.0002749944,3.0034571e-05
SLC27A4,8.935109e-05,0.00015113689,0.00023856573,3.0246563e-05,2.041459e-05,-0.00015042396,-0.00022767205,-1.5848782e-06
DSG2,2.8979033e-05,-0.0006752424,-0.00034006685,-0.00016671326,-0.0028020963,0.00018823426,0.00039364956,2.1270942e-05
SLC27A1,-0.0002135206,-0.00018138997,-3.800541e-05,9.3601644e-05,0.00043206662,-0.00023969868,-5.466584e-05,1.2302189e-05
SH3RF1,0.00025497377,-0.00033562072,-2.9489398e-05,-0.00024913345,0.00016471744,0.0003187051,0.00019715633,4.1780295e-06
GLDN,2.547726e-05,0.0001037959,9.7792596e-05,0.000113825314,-0.00013500452,-7.9695135e-05,-0.00014933106,2.8088689e-06
TGFB1I1,0.0005767364,0.00038177148,0.0005598832,-0.0003445251,-0.0006355196,0.00054995995,-0.00012922566,-3.1034928e-05
TNNT2,-0.00012081675,-0.00045033917,-0.00029840507,4.6295114e-05,-0.0010770336,5.7089143e-05,0.00021940377,2.0324602e-05
STK4,0.0004630424,0.00038206577,0.0005106665,-0.00023072492,0.00119064,0.00030332804,-0.00021605846,-2.5361776e-05
ARHGAP17,0.00022092834,-0.00033119507,-5.4296106e-05,-0.00023847539,-0.00017929822,0.000347225,0.00023131166,3.3457763e-06
CYP2R1,0.00026552938,0.0006306246,0.0007867273,-0.00017842837,0.002656728,-2.8239563e-05,-0.00049393903,-3.2920623e-05
FAM126B,-0.00044639967,-0.00096919574,-0.00084606,0.00030791946,-0.00042822212,-0.00021123933,0.0004155757,5.4016127e-05
LHX9,7.540546e-05,-2.7177855e-05,0.00018053502,-8.288585e-05,0.0002953112,9.0039335e-05,-5.9809536e-05,-3.902358e-06
SLC12A6,0.00025193952,0.0003432799,0.00046479702,-0.00012726616,0.0014599338,0.0001381198,-0.00025326665,-1.9464176e-05
SPIRE2,4.883483e-05,-0.00034004822,-0.00019427575,1.881551e-05,0.0003456995,6.1316416e-05,0.00013121776,1.4749938e-05
OSMR,-6.604567e-05,-0.0002242811,-0.00013199262,8.214358e-05,-0.0012687445,-5.1514246e-05,5.8759935e-05,1.3273326e-05
MED17,-0.00027840957,-0.00031892955,-0.00021736696,0.00017799251,-0.0012079477,-0.00022858009,4.6124682e-05,2.160226e-05
F9,-0.00020659529,-0.00045611337,-0.00032489002,0.00011636689,-0.0010369644,-9.029545e-05,0.00017215963,2.4608918e-05
LARP4,6.5047294e-05,-0.00010894798,-1.1412427e-05,5.0436705e-05,-0.0014695004,6.4386055e-05,9.493902e-06,5.6711724e-06
DEF6,-2.4270266e-05,-0.00017133169,-7.546693e-05,6.364845e-05,-0.0009185672,-5.4626726e-05,2.9612333e-05,9.217765e-06
CCDC22,0.00017362274,0.00023702532,0.00032327697,-7.0884824e-05,0.0008852184,6.330665e-05,-0.00019247737,-1.2193574e-05
PAN2,5.0099567e-05,0.00011726096,0.00026639178,-1.901295e-05,0.0005328804,-0.00016037934,-0.00021573063,-3.974419e-06
KBTBD7,0.00021365844,0.0004062429,0.000344323,-3.278535e-05,0.00062391907,0.00010856893,-0.00024008472,-1.3580895e-05
KIDINS220,-0.0007871557,-0.0014389548,-0.0012883395,0.00044098217,-0.0029660985,-0.0003329441,0.00068530906,7.9527614e-05
DEF8,1.9105151e-05,-0.00033390895,-7.192232e-05,-0.00013327599,-0.0015111342,0.00011337176,0.00017343462,8.185976e-06
GANC,0.00047332793,0.00058231317,0.0007502157,-0.00031489972,0.0034622103,0.00020788703,-0.0003836071,-3.5485486e-05
KDM4A,0.000503622,0.00065968186,0.00064593554,-0.00016017165,0.0016451105,0.00032180827,-0.00036222022,-3.2332027e-05
FIGNL1,0.0004521832,0.00063956715,0.0009854212,-0.0004451461,0.00224749,0.00022930373,-0.00045200344,-4.47348e-05
TMEM151B,5.3526834e-05,-0.0001970958,-0.0001333747,3.217347e-05,-0.0004394278,0.00011845026,8.918997e-05,1.2003235e-05
DDX1,-6.5287575e-05,-0.0003623385,-0.00012439676,-2.892781e-05,7.656962e-05,-2.7215108e-05,0.00010738056,1.4350517e-05
HDAC3,0.00023378618,6.6900626e-05,0.0003044922,-0.00024139043,0.0028796643,0.00020729564,-8.5455365e-05,-1.1941884e-05
DEPDC1,9.267032e-05,-1.3036653e-05,0.00011192821,-0.00012915675,0.0004970506,0.00026877504,2.6233494e-05,-3.7575373e-06
TMEM214,0.00030183233,0.0004030913,0.0005060192,-0.00016387552,0.0012320131,0.000191167,-0.00026402902,-2.2164662e-05
POLN,-0.00025368668,-0.00044727698,-0.0003154464,0.000119832344,-0.00081790984,-0.00011291867,0.00016797334,2.3779576e-05
HOOK3,-0.00019116513,-0.00023974106,-0.00025667623,0.00022714864,-0.00032889843,-0.00014551682,3.494881e-05,2.1923333e-05
PCDHAC1,-0.00019374117,-0.000381127,-0.00023590028,0.00010925997,-0.0005891174,-0.00012852624,0.00010603387,2.0246953e-05
USP10,-8.283742e-05,-0.00022787228,-0.00010363199,5.073659e-05,-0.00075666606,-2.4112873e-05,5.655177e-05,1.24872895e-05
PHF19,9.4601884e-05,5.1738694e-05,0.00013115257,-6.433576e-05,0.0012486428,9.545311e-05,-5.4927543e-05,-3.7194695e-06
AMPH,9.4024464e-05,-9.311363e-06,-1.7529353e-05,7.047411e-05,0.0017020106,4.8493966e-05,-3.306847e-05,4.2534666e-06
WDR46,-0.00023337267,-0.0004429035,-0.00039573014,0.00020415802,-0.00039290637,-0.00017571868,0.00014344789,2.9348652e-05
TFAP2E,0.00020979904,-0.000116460025,0.000104220584,-0.00016521942,0.00012008101,0.00020520855,4.24413e-05,-1.7257407e-06
MEP1A,-0.00022180937,-0.00042202137,-0.00026112236,0.0001204405,-0.000616692,-0.0001472081,0.00011681672,2.2295746e-05
A1CF,-2.194941e-05,-0.00037009642,-0.00024122372,1.5014783e-05,-0.0012890324,0.00012057554,0.0001963554,1.6540522e-05
SLC15A1,-0.00012210943,-0.00039082952,-0.00021337532,6.135646e-05,0.00024479628,-0.00013242476,9.236485e-05,2.0831008e-05
FLAD1,0.00014190003,0.00011430308,0.00023469515,-3.5056844e-05,-9.4763935e-05,3.9467588e-05,-0.00014281552,-5.926122e-06
SETD3,-1.694262e-05,-6.14021e-05,2.4395064e-05,-3.1320378e-06,-0.0024933144,5.4281205e-05,2.8880313e-05,2.8557843e-06
IFFO2,0.00050987303,0.00034599937,0.00052126497,-0.00029034354,0.0013608411,0.00041043665,-0.00017178338,-2.7005095e-05
RUVBL1,-7.710792e-05,0.00013089925,0.00019193813,6.64657e-05,0.001098521,-0.00022563944,-0.00022560637,2.2724271e-07
SPTY2D1,0.00036165304,0.00039771013,0.00042410567,-6.779004e-05,-0.00024098158,0.00017656572,-0.0002512252,-1.8077786e-05
SMC1A,-0.00019497052,-0.00044442713,-0.0003453754,0.00012584776,-0.0020326301,-5.1083043e-06,0.00021312665,2.3329281e-05
ZNF804B,8.014031e-05,2.32663e-05,0.00019650534,-5.5225566e-05,0.0002117902,1.0074116e-05,-0.00010492932,-3.9038714e-06
OTUD7B,-1.290068e-05,-1.4023855e-05,0.00017180666,-1.527369e-05,0.00025366992,-2.8010458e-05,-0.00010601338,-1.8886058e-06
DCLRE1C,0.00032773986,0.0005922038,0.0006468203,-0.00017665792,0.0026421845,0.0002684286,-0.00035047997,-3.2367418e-05
WDR75,-0.00019290112,-0.00027034804,-3.522262e-06,-8.969568e-06,-0.0005912557,-0.00016369065,6.244518e-06,1.0529184e-05
EEF1D,-8.355267e-05,-0.0003663022,-0.00013659336,-6.1858445e-05,0.00079520047,2.1938235e-05,0.00013190508,1.37604075e-05
TMEM132C,-0.00018183514,-0.000117206946,0.00015056506,-9.01008e-05,0.00027080625,-0.00017492846,-5.8740377e-05,-1.268927e-07
GNPAT,3.941171e-05,-3.8797036e-05,7.5759366e-05,9.183772e-06,0.000132218,-3.9072707e-05,-6.673206e-05,2.9727817e-06
MICALL1,0.00015254691,0.00019514188,0.00023165718,-3.858283e-05,0.00085133314,6.78841e-05,-0.00015744288,-6.961054e-06
SYT16,0.00037646666,0.0004266873,0.00058429874,-0.00012482516,0.003152281,-1.8778257e-05,-0.00040645245,-2.1681422e-05
DAZAP1,-0.00038059428,-0.00093756244,-0.00085830316,0.00022751838,-0.0017440319,-5.5131502e-05,0.00048799068,5.3236145e-05
MYCBPAP,0.00013628043,1.1101365e-06,0.000114684924,-3.2128766e-05,0.00044070184,7.882062e-05,-6.3717365e-05,-8.6205546e-07
NRBP2,-0.0007749945,-0.0012081601,-0.0011335257,0.00045864657,-0.00124342,-0.00048474688,0.0005212594,7.052231e-05
PPAN,-0.00013504364,-0.00015832856,-0.00013571419,0.00020128768,-0.0005660355,-0.00022125384,-4.655961e-05,1.6512931e-05
TMEM245,-0.00016948208,-0.0010003485,-0.0007362291,1.706276e-05,-0.0015027523,0.00012206938,0.00055883825,4.289113e-05
PIDD1,-1.7665327e-05,-0.00015139766,-0.0001069624,3.3048913e-05,8.367002e-05,0.00010156818,6.521214e-05,1.0372722e-05
DDX23,0.0001745671,-3.4864992e-05,0.00016721524,-0.00020940974,1.847744e-05,0.00032912567,4.9135648e-05,-6.5709464e-06
ARCN1,4.581362e-05,-3.4132972e-05,8.5081905e-05,-5.9078448e-05,-0.00019060075,0.00011108164,-3.2484531e-06,-1.7345883e-08
ROBO4,-0.00014989078,-0.0006841887,-0.0006121509,0.00022695679,-0.002161324,-3.899075e-05,0.00031661894,3.8616243e-05
CLCA1,-0.00021922402,-0.00048903376,-0.00036212988,0.00012973882,-0.0011825189,-9.846222e-05,0.00019116048,2.6568421e-05
ESRP2,-0.0002010595,-0.0004815124,-0.00034782663,0.00011851173,-0.0009163618,-9.34992e-05,0.00018362608,2.5880174e-05
HHIPL2,-0.00016734749,-0.00042540208,-0.00032255612,0.00011636596,-0.0013341233,-4.5126304e-05,0.00017675757,2.3736036e-05
CSF3R,-0.0007087961,-0.001405511,-0.0012379363,0.00037945714,-0.0026056692,-0.00029373541,0.0006812075,7.567904e-05
GAREM1,1.40648335e-05,4.3248758e-05,2.4136156e-05,3.7266873e-05,0.00020130724,9.133294e-05,-2.6774593e-05,2.1834858e-06
LINGO1,-0.0005880073,-0.0010667071,-0.0011217464,0.00038557965,-0.0038724616,-0.00011395663,0.0006281119,6.475032e-05
EFHB,-0.0002660919,-0.00019879453,-4.6491623e-05,0.00012350734,0.0003726408,-0.00029312773,-7.0991926e-05,1.4103833e-05
TUBGCP2,7.183105e-05,-7.883273e-05,7.1477145e-05,-6.758701e-05,8.3617866e-05,8.60095e-05,-9.592623e-07,1.4626421e-06
GMDS,0.00016796589,0.000131879,0.00034179538,-0.00012355484,0.001613766,3.3431686e-05,-0.00018748734,-1.0191463e-05
MLLT6,-6.78245e-05,-0.00041970983,-0.00024833344,-5.768612e-06,0.00063159317,5.6022778e-05,0.00017501973,1.9532046e-05
GALNT1,-9.469688e-06,-0.00051659904,-0.00026603416,-7.44015e-05,0.00047320127,8.0186874e-05,0.00023534987,2.0178151e-05
FEM1A,0.00024476275,-1.2721866e-05,0.0002280511,-0.00014862604,0.0011414364,0.00018822122,-4.9288385e-05,-9.5755095e-06
ZFC3H1,-0.0001992546,-0.0002341941,-0.00020583533,0.00014998484,-0.0011864752,-8.850172e-05,7.030554e-05,1.7346814e-05
ANKRD6,0.00036234967,0.00045051798,0.0006297156,-0.00029396825,0.0036420077,0.00014562532,-0.00033537205,-2.6538386e-05
GRK3,-0.00042407773,-0.00058316626,-0.00049823895,0.00028843246,-0.00044818968,-0.00032426184,0.00016809069,3.7120306e-05
GRHL1,0.00065533444,0.0005227104,0.0007964093,-0.00037849322,0.0033512264,0.00029673334,-0.00037239213,-3.8573635e-05
GRHL2,-0.00023133308,-0.00041499175,-0.00033712387,0.00018483493,-0.0006804243,-0.0002068989,0.00011252146,2.7229195e-05
FHDC1,-0.00029999763,-0.00066863,-0.00032348745,-6.7992136e-05,-0.0023822635,7.336028e-06,0.0003456911,2.0680018e-05
SRPK1,9.376183e-05,-0.000111157075,1.3951212e-05,-3.8780272e-05,-3.9704144e-05,0.00010276027,1.8475577e-05,5.805283e-06
EZH2,-0.00022710674,-0.0005985182,-0.0004922226,0.00013974309,-0.0016282275,-4.5859255e-05,0.00028161425,3.365567e-05
SCFD1,0.000153739,8.8637695e-05,0.00011305697,-2.3326837e-05,-0.00029235333,0.00011486374,-6.8385154e-05,-1.390581e-06
PAPLN,-0.00016066618,-0.00036771595,-0.00024383515,0.00014167186,-0.0012867972,-0.00013926998,0.0001115296,1.8880353e-05
SPAG16,-0.00021942891,-0.0002387464,-0.00010146946,4.8012473e-05,-0.0012952164,-0.00010656146,7.1941875e-05,1.0724412e-05
DNAJC11,0.00048850663,0.0004914161,0.0005304143,-0.00029835384,0.00062163174,0.00050742645,-0.000162662,-2.9927236e-05
NUMBL,-0.00012767501,-2.6635826e-05,2.5220215e-06,8.6976215e-05,-0.0022685751,-0.00016227318,-4.8568472e-05,7.3460396e-06
PELP1,-0.00037832186,-0.00045965984,-0.0003762804,0.00028100517,-1.9587576e-05,-0.00046776515,2.6801601e-05,3.559806e-05
PCDHGB4,-0.00022131577,-0.0010787677,-0.0008663256,0.00011514779,-0.002886951,0.00016492512,0.0006284034,4.8784423e-05
WEE1,2.4318695e-05,-0.00031886436,-0.00014870986,-9.08738e-05,0.0009501353,0.00017003622,0.00015897304,1.234177e-05
CDK17,-0.0002479665,-0.00084243156,-0.0006224755,5.651638e-05,0.00047895312,4.040543e-05,0.00042162277,3.8378523e-05
ADSSL1,-0.00021708943,-0.00048895366,-0.00036055222,0.00012257323,-0.0011222437,-8.885935e-05,0.00019481964,2.6362599e-05
GABRA5,0.00018472224,-1.856871e-05,0.00018971227,-0.00012574159,0.0020748526,8.1808306e-05,-8.664653e-05,-3.5018893e-06
MCMBP,-0.0002008453,-0.00026097707,-0.00017506443,0.00013776682,-0.0010282844,-0.00015420839,4.0284358e-05,1.7890823e-05
OBSL1,0.0003539659,0.00018129125,0.00046682172,-0.00034125894,0.0015369579,0.00027086772,-0.00012410525,-2.1750107e-05
CHRNB1,0.0001502037,-6.06291e-06,0.0001407694,-3.8826838e-05,0.0008596629,-8.410774e-06,-0.00010353606,3.3644028e-07
ZFP28,0.00032546744,0.00039521046,0.00055699423,-0.00018140115,0.0007983595,0.00012798235,-0.00029670913,-2.3583649e-05
EXO1,0.00019037537,0.00016833656,0.00026656315,-9.577349e-05,0.0001719147,0.00013759732,-0.00014013518,-6.7671062e-06
ATP10D,1.3517216e-05,-0.00026570447,-0.00016530976,-8.32323e-05,-0.00081364065,0.00020551216,0.00020856224,1.0405667e-05
HHIPL1,0.000200307,-3.8607046e-05,0.00013369136,-9.676069e-05,0.0004415959,0.00015527755,-3.2987446e-05,-1.8007122e-06
NCL,-0.00037353858,-0.000780005,-0.0006389301,0.00022604875,-0.0020688847,-0.000110602006,0.00035718922,4.1159103e-05
RAI14,-0.00029557012,-0.00089446455,-0.000741072,0.00013633352,-0.0032940656,-4.4205226e-05,0.000491946,4.3657492e-05
THNSL1,-4.131347e-06,0.00025679544,0.00029271655,2.485793e-05,-0.0008633658,-8.843839e-05,-0.000229978,-6.8484806e-06
TRIP10,-6.41495e-05,-0.00037220307,-0.0002268888,4.8099086e-05,-0.0007727891,-1.5754253e-05,0.00013317447,1.9657542e-05
SGIP1,0.00027690455,0.000282662,0.00028747693,-2.0965934e-05,-0.0010307133,0.00018080603,-0.0001665419,-1.2056786e-05
SAFB,-0.000276085,-0.0006243903,-0.00055301376,0.00022175163,-0.0016912222,-8.311402e-05,0.00028728973,3.5649166e-05
SAFB2,0.00026637875,5.4281205e-05,0.00020201318,-0.00011627097,0.00021713227,0.00018095411,-6.076414e-05,-7.16222e-06
ALDOA,-3.0437484e-05,-0.00011193007,2.1154061e-05,2.4943613e-05,0.00047584623,-6.3231215e-05,-4.176423e-05,6.95535e-06
IRF6,-0.00021711737,-0.00028021447,-0.00025382452,0.0001892345,-3.4876168e-05,-0.00018176995,4.3745153e-05,2.2533815e-05
SH3BP2,-4.8872083e-05,-0.00011333823,1.5826896e-05,3.654044e-05,0.00091955066,-0.00015629595,-7.0125796e-05,8.5072825e-06
PTPRD,-0.0003641937,-0.0007207226,-0.00047498383,0.000108657405,-0.0011829063,-0.00014513358,0.00028984714,3.4505967e-05
KLHL15,-0.00041393377,-0.0007305816,-0.0005539432,0.00025631767,-0.0015479252,-0.00031255046,0.00024354178,4.0197046e-05
ADGRE2,-0.00010383874,-0.000254862,-0.00016412325,5.826913e-05,-0.0010715649,3.5408884e-06,9.8636374e-05,1.4442601e-05
KIAA1755,-9.6516684e-05,-0.00034191646,-0.00020047091,7.167738e-05,-0.00047186762,-0.00012047356,7.686019e-05,1.9549974e-05
PTPRT,-5.763024e-06,-6.2575564e-05,-0.00012792647,7.028878e-05,-0.0011721551,0.00028443895,9.983964e-05,8.672476e-06
TIMM44,-8.045696e-05,-0.00031911582,-0.000251133,8.124951e-05,0.00010368228,-6.0294755e-05,0.00011499319,2.0146137e-05
CRISPLD2,-0.0003415402,-0.00037523732,-0.00041412748,0.00032305904,-0.0034364387,-0.00024297554,0.000118459575,3.0350639e-05
ARMC3,-0.00092834607,-0.0015510172,-0.001268791,0.00039859116,-0.005149573,-0.0006469437,0.0006853724,7.979118e-05
RUVBL2,0.00010034628,-8.8335946e-05,8.215383e-05,-0.00010488555,0.00026606023,0.0001336541,2.3726374e-05,-6.85337e-07
TMEM87A,-0.0001560431,-0.00021008216,-3.8364902e-05,5.3858384e-06,0.0007611215,-7.101055e-05,1.8412247e-05,9.464682e-06
ARPP21,-8.443929e-05,-0.00033103675,-0.00019123219,8.1025995e-05,-3.926456e-06,-5.5673532e-05,9.025261e-05,1.6750302e-05
ARHGEF15,5.924329e-05,-0.00015188009,4.18853e-05,-3.989134e-05,-0.00011755526,5.9830956e-05,8.189119e-06,3.333902e-06
SAMD4B,-0.00015310384,-0.00016942807,-6.534532e-05,0.000100615434,-0.00046239793,-0.00020844024,-4.5216642e-05,1.493725e-05
AIRE,-3.4097582e-05,-0.0002930034,-0.00018882751,3.098324e-05,-0.00055521727,3.7317164e-05,0.00012956001,1.4433404e-05
MYB,7.3997304e-05,-0.00023854151,-5.9159473e-05,-0.00011599343,-7.455051e-05,0.00011829659,0.00010787044,8.539297e-06
PGM5,0.0002048593,0.00042805448,0.0004886519,-9.291712e-05,0.0019415691,8.126348e-05,-0.00030605216,-2.1455577e-05
LIPG,-0.00013067015,-0.00020452961,-2.8971583e-05,4.3203123e-05,-0.00018394738,-0.00013758708,-2.3072585e-05,1.0668067e-05
KRT1,2.523698e-05,-0.00020203926,-0.00010558963,3.0139461e-05,0.000106699765,5.6372024e-05,6.119348e-05,1.0851072e-05
CSNK1G1,0.00019654073,0.00017463975,0.0002468489,-3.3042394e-05,-0.001299642,5.0346367e-05,-0.00015021767,-6.740913e-06
PKD2L2,-0.00010248087,-0.00041550025,-0.00026119128,4.386995e-05,-0.00081054866,-1.4573336e-05,0.00017089676,1.9837637e-05
ZNF827,-0.00035532378,-0.0003127493,-0.00023774989,0.0002330197,-0.00060512125,-0.00035523856,6.435439e-07,2.463453e-05
LRRC41,2.0805746e-05,0.0002495274,0.0004121475,-2.0571053e-05,-0.00012352318,-0.00011872128,-0.00028534327,-1.248531e-05
ZNF532,-0.00012715906,-0.00044602342,-0.00027630664,3.0348077e-05,-0.0011215657,6.267801e-05,0.0002135532,2.022041e-05
CHRNA3,-0.0001938492,8.760393e-05,4.6247616e-05,0.00017662812,0.0017771274,-0.00023131352,-0.00018362422,7.072347e-06
AXDND1,-0.00012427568,-0.00031896867,-0.00024477765,0.00011318363,-0.00056745857,-5.681347e-05,0.00011229515,1.8973835e-05
ANKLE1,0.00013604201,4.502386e-05,0.00021257252,-0.00013101939,-0.00022652,0.00011528656,-6.14021e-05,-6.8206573e-06
CASC3,-0.00022990443,-0.00023922324,-0.00015224144,0.00018368289,-0.00027020276,-0.00022910023,-2.4855137e-05,1.9446714e-05
IGSF10,-0.00013394095,-0.0005390886,-0.0004336629,0.00010834541,-0.00079613924,-9.186566e-06,0.00025407132,2.8567156e-05
ZNF445,4.772097e-05,0.00014001317,0.0003052596,-1.3614073e-05,0.0018105209,-0.00010809954,-0.0002477197,-5.7735015e-06
FGD3,0.00036569312,0.00038034096,0.0006907061,-0.00035243947,0.0034487695,0.00014109164,-0.00032105763,-2.9752147e-05
COQ8A,-8.848868e-05,-0.00020967051,-6.798655e-05,6.0088e-05,0.0008318573,-0.00019983621,-4.0611252e-05,1.5104073e-05
KBTBD12,-1.94069e-05,-0.00017116964,-0.0001012627,3.3951364e-05,-0.0004492551,5.5758283e-06,4.727766e-05,1.1184951e-05
PRKCSH,-7.028505e-05,-0.00013704225,-4.7296286e-05,3.6852434e-05,-0.000894852,-3.0121766e-05,1.0306947e-05,1.0183896e-05
FOCAD,0.00026852824,0.00017844513,0.0002742801,-8.5540116e-05,0.002295211,6.194599e-05,-0.0001892345,-7.2950497e-06
INTS3,-2.313964e-05,-0.0003594719,-0.00023552217,1.183711e-06,-0.00027998537,3.248267e-05,0.00016582198,1.7771963e-05
ESPNL,-0.00020162202,-0.00045443326,-0.00032201782,0.00011314545,-0.0009974614,-8.686073e-05,0.00017170329,2.441986e-05
NOX1,-2.8422102e-05,-0.0002499111,-0.00010697171,6.016344e-06,-0.00037826598,-6.383285e-06,7.76751e-05,1.071312e-05
DUOX1,-0.000104567036,-0.00023396127,-3.3844262e-05,6.2555075e-05,0.00042829663,-0.00016366504,-2.610404e-05,1.0861899e-05
TDRD7,0.00019303523,0.00024406798,0.00036357902,-0.00010917522,0.0013817027,4.6990812e-05,-0.00020627584,-1.4111982e-05
NLRP14,-0.00017287582,-0.00036512874,-0.00022728369,8.240342e-05,-0.0010058433,-4.793983e-05,0.00013234187,1.845148e-05
SETD1B,0.00032892078,0.00022111274,0.00033735298,-0.00013592094,0.0012127683,0.00016143639,-0.00017121341,-1.2640492e-05
WDR24,-0.00027027167,-0.00022834353,-4.255958e-05,0.0001920769,0.0013962686,-0.00044207973,-0.00014853757,1.7324695e-05
TM9SF2,-0.00042656623,-0.000690585,-0.0005910564,0.0002886327,-0.0018846244,-0.00031901523,0.00024357345,4.225364e-05
TAF3,0.0006436091,0.00070069917,0.0008560512,-0.0003503086,0.001993604,0.00045304,-0.00037450064,-4.5349007e-05
LMF2,-4.2254105e-05,-0.00038150698,-0.00030965358,0.0001316201,-0.00042984635,-0.00012281258,0.0001188647,2.4036271e-05
MAP2K2,0.0002296865,6.996095e-06,0.0002665054,-0.00019396655,0.0013631433,0.000106783584,-8.913409e-05,-7.609604e-06
NGEF,0.00031062774,0.00026719272,0.00031053647,-7.583387e-05,0.00045715272,0.0001778733,-0.00017178152,-1.30193075e-05
MN1,-0.00039479695,-0.0010155141,-0.0008161124,0.00019013882,-0.0010703951,-7.648114e-05,0.0004929844,5.001377e-05
CYP4F22,-0.00019470043,-0.00045041926,-0.0003169719,0.00010910723,-0.00095021725,-8.221343e-05,0.00017020106,2.4095178e-05
RAPSN,-0.00021708943,-0.00048895366,-0.00036055222,0.00012257323,-0.0011222437,-8.885935e-05,0.00019481964,2.6362599e-05
TGM5,-0.00016008876,-0.00039513037,-0.00025130063,9.142887e-05,-0.0006312281,-8.8580884e-05,0.00012672227,2.1016458e-05
NELFB,0.0004366897,8.843094e-05,0.0002872739,-0.00024278928,0.0027170703,0.00023253728,-9.2179514e-05,-1.08965905e-05
LGR4,0.00030158088,1.4826655e-06,0.00018421188,-0.00022354256,0.00030224025,0.00034879055,2.1703541e-05,-7.5892312e-06
SOGA3,0.00054522976,0.00019481964,0.00027587824,-0.00026502833,0.00062354654,0.0005996963,1.8413179e-05,-1.8364051e-05
CPSF6,-2.1401793e-06,-0.00012778305,-5.3627416e-05,3.059022e-05,-1.0564923e-05,4.1063875e-05,1.7962418e-05,9.424868e-06
WWOX,-0.0002835747,-3.2516196e-05,5.574897e-05,0.0001396304,0.000627093,-0.0003762655,-0.00016591791,9.68657e-06
RXRA,0.00015592203,-0.00015756302,5.6525692e-05,-5.629845e-06,-0.0005211979,-9.53367e-05,-4.929211e-05,5.0435774e-06
RBPJL,-0.00017307512,-0.00045706704,-0.00031456538,9.650737e-05,-0.000684388,-6.8992376e-05,0.00017288048,2.3914152e-05
EPS8,-0.00030544214,-0.0004053358,-0.0003420934,0.00018633343,-0.0022463799,-0.00012630736,0.00016951375,2.4131266e-05
PSD2,-0.0001988709,-0.00040967576,-0.0003623087,0.00019396842,-0.0015381575,-0.00013570907,0.00015135948,2.7538277e-05
SH3TC1,1.7834827e-05,-0.00018421933,-4.9069524e-05,1.8754974e-05,0.00022490323,1.587905e-05,2.74349e-05,8.558738e-06
WIZ,4.4051558e-05,-0.00065152533,-0.0004023146,-6.635673e-05,-0.00042779744,0.00020032842,0.00036119577,2.3644185e-05
CEBPZ,-6.2322244e-05,-0.0002843961,6.251037e-05,-0.00010902062,0.000343889,-5.2438118e-05,2.2890046e-05,6.166636e-06
OAT,-0.00027596764,-0.00046369433,-0.00028301775,9.643566e-05,-1.7940998e-05,-0.00017141318,0.00013377424,2.437958e-05
ARHGEF10,0.00027281605,-5.379319e-06,0.00017687678,-0.0001139259,0.0013702959,0.00019347481,-5.206559e-05,-6.4406777e-06
CCDC80,-0.0008729659,-0.000992341,-0.0010818429,0.0005543195,-0.006446883,-0.00047225552,0.0004746616,6.946444e-05
UROD,3.406778e-05,9.295903e-05,7.848628e-05,8.177385e-05,-0.00013168156,-6.020069e-06,-0.00010301452,6.6973735e-07
NOTUM,-0.00026721507,-0.00044813938,-0.00029522553,0.00018559024,0.00039801002,-0.00034052273,4.558917e-05,2.8843293e-05
TPH1,-0.00017780997,-0.00037750974,-0.00019609742,5.9930608e-05,-0.00038260967,-0.00012236508,0.000104440376,1.8203165e-05
NCKIPSD,0.00014296547,-0.00017886423,-4.898943e-05,-4.359428e-05,-0.00035884976,0.00013415329,7.450953e-05,6.326707e-06
ANKLE2,0.0001642555,-5.9394166e-05,5.6598336e-05,-7.777568e-05,0.0008150935,0.00015402585,3.2503158e-07,1.3702083e-06
KCNV1,-0.0002453234,-0.0002642572,-0.00025573745,0.00023701787,5.199015e-05,-0.00028866716,5.8626756e-06,2.3005996e-05
TAF1C,-9.7377226e-05,-0.00019186549,-8.572824e-05,6.174855e-05,-0.00043842942,-0.00012660306,8.598901e-06,1.2325938e-05
NLRP6,-0.00021776743,-0.0004885476,-0.00035718642,0.00012246054,-0.0010557622,-9.596627e-05,0.0001906585,2.6322436e-05
AIFM3,-0.0005346462,-0.0007958766,-0.00081700645,0.00034596212,-0.0037002861,-0.0002324176,0.00040242076,5.0401315e-05
SFSWAP,4.6493486e-05,-7.07563e-05,0.00014407001,-5.6985766e-05,0.0009130314,-3.588479e-05,-8.673314e-05,6.4913183e-07
FAM160B1,-0.00025350973,-0.0004097633,-0.00025570765,0.000114594586,-0.0001790747,-0.00020066556,8.709077e-05,2.5080866e-05
ACTC1,0.0002958253,0.00016885623,0.00030533783,-5.882699e-05,-0.0006968528,6.223284e-05,-0.00017714035,-9.642681e-06
TBC1D14,0.0002612304,0.00023750961,0.00029276125,-7.735379e-05,0.0020457283,9.29581e-05,-0.00020915736,-7.707975e-06
OLFM2,-0.000269806,-0.00041919574,-0.00037327223,0.00012230035,-0.0020381883,-0.0001259963,0.00019307341,2.7491362e-05
TKTL1,-0.000104567036,-0.00088587217,-0.0006187111,2.5268644e-05,-0.0018051639,2.6830472e-05,0.00044912565,3.7800753e-05
SLC4A2,-0.00017261878,-0.0004560016,-0.00043625385,0.00017425325,-0.0019212067,-5.1035546e-05,0.00022311229,2.8713373e-05
TXLNB,-0.00014114007,-0.0002468601,-9.306148e-05,2.8451905e-05,-0.0020140633,-7.0541166e-05,8.005742e-05,1.0778429e-05
PCDHA3,2.7697533e-06,2.3810193e-05,0.000120015815,1.3746321e-06,0.00081352144,-2.4999492e-05,-0.000100475736,8.3085615e-07
SLCO2A1,-0.00043171085,-0.00095099956,-0.0008220598,0.00031426642,-0.0008753538,-0.00023162272,0.00039113592,5.274464e-05
ZNF341,6.491691e-05,-0.000101933256,2.35755e-05,4.7599897e-06,-9.0293586e-05,-6.5378845e-06,-3.2253563e-05,6.184913e-06
CERS2,-0.00020303391,-0.00058466755,-0.00044187717,4.1759573e-05,-0.0033241063,-1.4934689e-05,0.0003307145,2.8633978e-05
NEXN,8.7399036e-05,-4.3839216e-05,6.811507e-05,2.1398067e-05,-0.0015577152,2.4930574e-05,-3.7290156e-05,2.2350578e-06
IRX6,-0.00010573119,-0.00023995154,-9.874068e-05,3.6261976e-05,0.00044298172,-4.3301843e-05,3.9583072e-05,1.300266e-05
RBM12B,0.00029633008,0.00033792667,0.00045526028,-0.00015724916,0.0021865666,0.00013430603,-0.0002598213,-1.8815976e-05
LRCH2,-7.109903e-05,-0.00045027025,-0.0003705807,8.735899e-05,-0.0010449737,0.000104228966,0.00023186766,2.4866196e-05
KLHL24,-0.00035733357,-0.001014879,-0.0008872356,0.00022889022,-0.002041489,-6.0068443e-05,0.00052238256,5.3241034e-05
CYP27A1,-0.0003399942,-1.6186386e-05,-9.765476e-05,0.00028062612,-0.00062637776,-0.0003520865,-0.00013644528,1.6680104e-05
CPEB4,-0.0007017944,-0.0011013709,-0.0011170581,0.00051607564,-0.0044840276,-0.0003239573,0.0005273698,6.936712e-05
MED16,-0.00049175136,-0.0005342234,-0.00048423558,0.00032320805,-0.00196065,-0.00047087763,0.00012521911,3.832928e-05
G2E3,-0.00013392605,-0.0002825074,-0.00017020106,2.7630478e-05,-0.0010978058,3.6703423e-05,0.00013437774,1.37803145e-05
MITF,-0.00015264191,0.0004323069,0.00039798953,0.00025385432,0.0013381094,-0.00047850749,-0.00049482007,-7.633236e-06
AK5,0.0004550852,0.00039448403,0.00047635473,-0.00020743255,0.000794217,0.000375255,-0.00019097421,-2.4811248e-05
WNT3A,-0.00021708943,-0.00048895366,-0.00036055222,0.00012257323,-0.0011222437,-8.885935e-05,0.00019481964,2.6362599e-05
ZNF432,0.00038808212,0.00025757402,0.0005517099,-0.00023432635,0.0033650622,-2.6635826e-06,-0.00031275023,-2.0809006e-05
THAP4,0.00014374778,0.00023073517,0.00035162456,-0.00015122537,0.0003028065,9.220466e-05,-0.00016625877,-1.2518605e-05
NR1H4,-8.843653e-05,-0.00019184127,2.5276095e-06,2.5980175e-05,9.421259e-05,-0.000102812424,-2.0395033e-05,8.255825e-06
DPY19L4,-0.00011850521,-0.0002020374,-3.8661063e-05,5.4668635e-07,0.00058712065,-6.450992e-05,2.535712e-05,9.2565315e-06
SLC44A4,-0.000106114894,-0.0003262069,-0.00018097647,6.847549e-05,-0.00032485276,-6.673671e-05,8.5095875e-05,1.7106067e-05
RGL2,-0.00028203614,-0.00060309656,-0.0004156381,0.00013367273,-0.00023715943,-0.00024666777,0.00019403547,3.172655e-05
SLF2,8.003414e-05,-3.7791207e-05,0.00013324618,-0.00010740664,0.00094643235,8.041132e-05,-4.314538e-05,2.2118911e-08
ZFYVE28,8.324906e-05,-9.894371e-06,0.00016357005,-7.269345e-05,0.0009429157,-2.474431e-05,-9.498652e-05,-1.5805708e-06
TUBA1B,-0.00052881613,-0.0011369344,-0.0009902455,0.00030538999,-0.0021288395,-0.00014179945,0.00056077074,6.006367e-05
PGGHG,-0.0001012031,-0.00021392107,-0.00011401251,4.27654e-05,-0.0022654012,6.6244975e-06,0.000101122074,1.03763305e-05
FIGN,0.00052188523,0.00036241673,0.00058163516,-0.00034693442,4.9307942e-05,0.00033693854,-0.00020198803,-2.6481343e-05
ARHGAP4,-0.00014072284,-0.00037562102,-0.00024119578,0.00012789946,0.00017052144,-0.00018393155,7.6034106e-05,2.1785498e-05
SLC34A2,4.066527e-05,-0.00012777373,1.6536564e-05,-2.8411858e-05,0.00014714897,3.568828e-05,4.6873465e-06,5.1427633e-06
NPNT,-0.00046297535,-0.0005938485,-0.0007696599,0.0004241988,-0.0030615777,-0.00013495749,0.00032797735,4.53525e-05
TAB2,-0.0002451595,-0.00028989092,-0.00011856295,0.00011239201,0.0007124096,-0.00023711659,-1.4790334e-05,1.8165563e-05
HARS,-0.00021708943,-0.00048895366,-0.00036055222,0.00012257323,-0.0011222437,-8.885935e-05,0.00019481964,2.6362599e-05
NR1D2,8.353032e-05,3.065169e-05,-8.653849e-05,0.00017453078,-0.0020614937,-1.0107644e-05,-4.687719e-05,1.1212309e-05
LUZP1,0.00019734539,-1.8952414e-05,0.00027112663,-0.00025076605,0.002189137,0.00021226611,-5.0971285e-05,-8.676434e-06
C8A,-0.00020265952,-0.00049808994,-0.0003535468,0.000104770996,-0.0010534227,-6.377138e-05,0.00020305254,2.570555e-05
ZBED9,0.0004780367,0.00019688345,0.00058531575,-0.00042174757,0.001231581,0.000375228,-0.00013700966,-2.8228853e-05
ACTG2,-0.00023807399,-0.00051543675,-0.00029959157,3.5296194e-05,-0.00093844533,-5.816482e-05,0.00021447055,2.2414257e-05
PGBD3,7.389672e-05,4.0845945e-05,0.00010565296,1.6102567e-06,-0.0014218464,5.7888217e-05,-5.826913e-05,-1.17812306e-07
RIN3,2.2506341e-05,-0.00025186688,-0.00014614873,6.543286e-05,0.00027707964,-3.079232e-05,5.2190386e-05,1.4636316e-05
SLC7A4,0.00017621182,9.618886e-05,0.00020922348,-4.239008e-05,0.00041427463,0.00010876637,-0.00010941271,-7.206574e-06
AGAP2,0.00019555166,5.3934753e-05,0.00015215203,-5.7152472e-05,0.00030894578,0.00020370074,-5.1556155e-05,-4.11144e-06
ATP5F1B,-0.00024738163,-0.0006792154,-0.00053532235,0.0001427466,-0.0009781271,-5.0507486e-05,0.00031467061,3.5328674e-05
PDXDC1,3.17432e-05,-0.00013259612,3.716722e-05,-8.97618e-05,0.00016270578,0.00016928371,5.3152442e-05,2.5189947e-06
CORIN,-0.0013571158,-0.0031274538,-0.0024168696,0.00024327543,-0.007927828,-0.00042950455,0.0016932059,0.00013571198
USP42,-0.00040058047,-0.00047175214,-0.00032408163,0.00020970777,0.0003708899,-0.00037162798,7.040519e-05,2.9827701e-05
HGS,5.370006e-06,-0.000112861395,-6.556511e-07,3.1120144e-05,0.00018514693,-6.251875e-05,-3.7639402e-05,8.850708e-06
SNRNP70,5.1515177e-05,-9.821728e-06,-4.297495e-05,5.7633966e-05,0.00050290674,5.933456e-05,-1.9199215e-05,8.081202e-06
XPO1,-0.00067617185,-0.0013888255,-0.0012240075,0.00034636166,-0.0025020614,-0.0002275859,0.0006898977,7.444597e-05
RASGRP4,-0.0001784116,-0.00048135035,-0.0003992729,0.00014761556,-0.00066354126,-7.146131e-05,0.00020331144,2.7703238e-05
RABEP1,-6.221421e-05,-0.0004779324,-0.00028401613,-1.0579824e-06,-0.0013953745,9.5996074e-05,0.00024464447,1.9648345e-05
F7,8.333102e-05,-0.00016287528,-3.783405e-05,-3.1359494e-05,-0.00025728345,0.00011431333,5.9111975e-05,6.737071e-06
PHTF2,-0.00012358464,-0.00011294149,-7.338822e-07,6.2491745e-06,0.00040323287,-5.505886e-05,-7.289462e-06,7.5231073e-06
KCNJ8,-0.0007464364,-0.0005730279,-0.0006902795,0.00051541254,-0.0041463748,-0.00045303302,0.00021691713,4.720653e-05
PHLDB3,0.00028824434,2.2251159e-05,0.00023374148,-0.00022041891,0.00021028519,0.0003398899,4.748814e-06,-1.0230113e-05
ARMC5,-9.723008e-07,0.000107580796,0.000114671886,6.8751164e-05,0.00058205426,-0.00011078874,-0.00015589688,1.5646219e-06
SP110,-4.3394044e-05,-0.00035242364,-0.00032345392,3.1915493e-05,-0.002437137,0.00025442988,0.00027742423,1.7745653e-05
ASIC2,0.00020970777,0.0005417038,0.0005448833,-8.242484e-05,0.001287356,8.714944e-05,-0.00034673233,-2.395385e-05
ARX,-0.00045128912,-0.0010353029,-0.0005777739,-2.454035e-05,0.0002834499,-0.00028603012,0.0004196139,3.9652456e-05
CCHCR1,-0.00014405511,-0.00013988279,-0.00010444224,0.00018306822,-0.00046244264,-0.00027029216,-6.0929917e-05,1.4382298e-05
MAP7,0.00037197396,0.00014918298,0.00037811883,-0.000217814,0.0006547272,0.00013111252,-0.0001355717,-1.6833888e-05
PRMT5,0.0004356131,0.0003900975,0.0005268045,-0.00028100424,0.0011199787,0.00034699868,-0.00020460505,-2.5633257e-05
GABRG3,-9.650178e-05,-0.00014056079,-4.9712136e-05,5.614292e-05,-0.00088731945,-7.493701e-05,4.936941e-06,9.986339e-06
ZNF507,7.63759e-05,-4.1188672e-05,0.00021922216,-9.5398165e-05,0.0026848093,-0.00013207551,-0.0001541758,-2.326211e-06
TM9SF3,-6.867014e-05,-0.00043990836,-0.000280438,6.0106628e-05,-0.00035084784,-1.8002465e-06,0.00017355382,2.133532e-05
PPARA,0.00010656193,0.00014374219,5.9153885e-05,7.141195e-05,-0.00030507892,0.00016605016,-5.6688674e-05,-1.1686934e-06
SCAPER,-0.00022443384,-0.00058967806,-0.0003135223,5.16586e-05,1.9021332e-05,-0.00013770629,0.00019804761,2.5631627e-05
CCDC30,9.5764175e-05,0.00011186302,0.00021184236,-6.0688704e-05,0.000943847,5.1857904e-05,-0.00011419784,-7.158378e-06
SLC7A3,0.00035925955,0.000372082,0.00041159615,-9.685662e-05,0.0011350214,0.00024505518,-0.00022232067,-1.916173e-05
DNAJC7,-0.00016553886,-0.00035705045,-0.00024393201,0.00011630915,-0.0022269785,-0.00012701144,0.00012103189,2.0910753e-05
RABGGTA,3.2696873e-05,0.00018644333,0.00021773018,5.7877973e-05,0.0003286451,-0.000100876205,-0.00020574499,-3.6606798e-06
WNT6,-0.00021708943,-0.00048895366,-0.00036055222,0.00012257323,-0.0011222437,-8.885935e-05,0.00019481964,2.6362599e-05
PCSK9,-3.1655654e-05,-0.00051001646,-0.00038455427,5.24614e-05,0.00025637448,0.000112243,0.00025442895,2.4696928e-05
FAM20A,0.00015894137,-0.00017078966,5.8718026e-05,-0.00017969962,0.0010918081,0.00025576353,8.063018e-05,1.6612466e-06
WNT10B,0.00052109174,0.0007122252,0.0008408055,-0.00038558058,0.002895631,0.00038775895,-0.00037713442,-4.320673e-05
XPO5,-0.000108586624,-0.00033128448,-9.116717e-05,-5.603209e-05,0.0015418977,-3.6677346e-05,8.1561506e-05,1.3016746e-05
KCNJ14,0.00016366504,-8.986518e-05,0.00016584247,-0.00019588973,0.00086245686,0.00015822425,4.3120235e-07,-3.1966483e-06
PADI2,0.00017571263,0.00022813492,0.00031816773,-4.8887916e-05,0.0013405606,-6.1731786e-05,-0.00023210142,-1.061894e-05
SLITRK3,0.0005692225,0.0009150822,0.0009672139,-0.00029258803,9.766966e-05,0.00036552362,-0.00048025232,-5.0184433e-05
SPRED1,-0.0005100444,-0.00069846027,-0.0006230101,0.00029560458,-0.0009531453,-0.0002944232,0.00026356336,4.290801e-05
AP4B1,6.172806e-05,4.354492e-05,4.2311847e-05,0.00017071422,-0.00078079104,-0.00014580367,-0.00016231928,8.511357e-06
ARHGAP11A,-0.00014526397,-0.0005912408,-0.00047568232,4.7476962e-05,-0.0022323802,0.00015283376,0.00036931876,2.7174596e-05
PPARGC1B,0.00023270398,0.00011627376,0.0002114959,-9.1462396e-05,-0.00011686981,0.00016742386,-8.43592e-05,-7.404131e-06
PTPDC1,0.00015429035,0.00012668408,0.00033293664,-0.00018797629,0.0022829324,0.00010388903,-0.00014091749,-1.2169243e-05
ARID1A,-0.00035450794,-0.001029579,-0.00075982325,7.969327e-05,-0.0007140115,-5.2015297e-05,0.0005129203,4.7270092e-05
IFT81,7.4133277e-07,-0.0003961604,-0.0003210716,2.7029775e-05,-0.0014021099,0.00018588733,0.00025151297,2.0062784e-05
GCKR,-0.00022976287,-0.00047303177,-0.00034671277,0.00013171323,-0.00084991753,-0.00011886703,0.00017211214,2.6219292e-05
RGL1,-9.5017254e-05,-0.00027827173,-0.000348825,0.00026756246,-0.0020774603,-0.000123417,8.900184e-05,2.5286456e-05
RFWD3,2.1876767e-05,-0.0002988726,-0.00014732964,-3.4390017e-05,-0.0013377592,8.422695e-05,0.00014658552,1.2725592e-05
UTP25,-7.552281e-05,8.577481e-05,0.00011803396,4.262477e-05,-0.0009924918,-7.4611045e-05,-0.00011029933,8.3853956e-07
JADE1,0.00019609556,-0.00022413395,2.9932708e-06,-0.00016697403,0.00060196966,0.000258917,0.00012042187,2.0378502e-06
CHDH,-0.000381222,-0.0004440993,-0.00044309534,0.00035264716,-0.0011877492,-0.00042251544,6.7099e-05,3.5759294e-05
CCDC191,0.00034782663,0.0004894845,0.0005355831,-0.0001296727,-0.00032611936,0.00017694104,-0.0003081737,-2.2697612e-05
BRAT1,-0.0001379028,-0.00027986243,-0.0001328662,3.685523e-05,-0.00052849203,-7.863715e-05,6.950274e-05,1.5468802e-05
CAMK2B,-0.00042098388,-0.0011016801,-0.0009844396,0.00030448288,-0.004196048,-7.07265e-05,0.0005778847,5.8877748e-05
EPB42,0.00013378263,-2.0856038e-05,0.00010416284,-7.6645985e-05,0.0016022399,0.0001371596,-3.0555762e-05,-1.6437843e-06
COL8A1,0.000105531886,0.00010873377,0.0001902543,-2.7925707e-05,-0.00028345734,7.3991716e-05,-0.000100362115,-6.1087776e-06
PIWIL3,-0.00013440475,-0.00043469667,-0.00026223063,6.08908e-05,-0.00046639144,-5.2000396e-05,0.00015524123,2.1189218e-05
SLC3A2,-0.00025193766,-0.00048141927,-0.00032367185,0.00011931453,-0.0008237809,-0.00015126774,0.00016545784,2.5312882e-05
EVI5,0.00018351525,0.00017191097,0.00031147525,-7.527508e-05,0.0014617294,-3.0559488e-05,-0.00022735726,-7.0671085e-06
ABCG8,-0.00021708943,-0.00048895366,-0.00036055222,0.00012257323,-0.0011222437,-8.885935e-05,0.00019481964,2.6362599e-05
HDC,-0.00014151633,-0.00037101656,-0.0002724789,0.00011964142,-0.0018730909,-6.5885484e-05,0.00014381949,2.0600273e-05
COL4A4,0.00027993135,0.0004990138,0.0006391313,-0.00014821999,0.002152525,1.3930723e-05,-0.00039604772,-2.717902e-05
EVX1,-0.00021162629,-0.0004865732,-0.00035703555,0.000119164586,-0.001081422,-8.5116364e-05,0.00019404199,2.6134308e-05
SYNPO2L,8.158386e-05,-0.00041970424,-0.00016866252,-0.00010449719,0.0016745031,0.00014533848,0.0001663547,1.5201629e-05
MFSD2A,-0.00021648593,-0.0007508844,-0.00047661364,4.967954e-05,-0.00046289712,-6.6428445e-05,0.00031900965,3.2738782e-05
ZRSR2,3.4924597e-06,-0.0001705233,-3.2112002e-05,1.1585653e-06,0.0017030016,2.1426007e-05,1.0687858e-05,7.862342e-06
ATG16L1,0.00025197305,0.00013510138,0.00026096217,-0.00014822185,-0.00033875555,0.000209352,-8.871406e-05,-8.905656e-06
VPS11,0.00021108426,-0.00010627508,7.6828524e-05,-8.8053755e-05,-0.00081229955,0.00015801191,1.8035993e-05,9.0140384e-07
CEP95,-0.0002506189,-0.0007002838,-0.0004893709,0.000100165606,0.00017655641,-0.00011067651,0.00027982146,3.4426106e-05
HTR3A,9.283237e-05,-0.00020990707,4.3656677e-05,-9.607244e-05,0.0039584264,-5.2843243e-06,-1.5172176e-05,5.072332e-06
PDCD6IP,-0.00018903986,-0.00019792467,-8.7004155e-05,9.391364e-05,-9.209663e-05,-0.00016401662,-1.22198835e-05,1.4675083e-05
ZNF280D,4.4317916e-05,-0.00033683144,-9.429827e-05,-0.0001619542,0.0012548789,0.00018035993,0.00017922465,8.184812e-06
NOL8,0.00019159913,-2.5171787e-05,0.00020979904,-0.00019215047,0.001146391,0.000146023,-3.5724603e-05,-6.6488283e-06
XKR4,0.00054142624,0.00059481896,0.00057394244,-0.00025954284,0.00034049898,0.000568551,-0.00019640755,-3.3692457e-05
ASB2,8.920208e-06,7.709488e-05,0.0001470428,8.828938e-07,-0.0018454343,1.7968938e-05,-8.062739e-05,-2.0019943e-06
INO80D,-0.00019486435,-0.0002969522,-0.00036431476,0.000237545,-0.001982443,-2.9646792e-05,0.00014144182,2.483558e-05
PRKN,0.00042099692,0.0003626868,0.00060238503,-0.00030886754,0.00060531497,0.00025029853,-0.00023977552,-2.7216971e-05
ACOXL,-8.323789e-05,-0.00016342849,-0.00011006743,9.9983066e-05,4.8175454e-05,-7.838663e-05,4.8168004e-06,1.3038865e-05
TESK2,-3.180094e-05,-0.00016468391,-4.835427e-06,1.3412908e-05,0.00051121414,-7.896777e-05,-2.1854416e-05,8.704606e-06
ATL1,-0.00024394877,-0.00035627373,-0.0003527999,0.00025725365,-0.0013058409,-0.000245546,7.652026e-05,2.990989e-05
ANKS6,2.37301e-05,-0.00011317432,5.9371814e-05,-8.179806e-05,-0.00054982305,7.1758404e-05,1.7544255e-05,3.0638184e-06
ZSCAN20,-5.744025e-05,-0.00023886375,-0.00018493831,8.295942e-05,-0.0015590563,3.2193027e-05,0.00010640919,1.44250225e-05
PDE1A,-0.00021030754,-0.0006391406,-0.0004439298,8.560158e-05,-0.0037442595,5.5822544e-05,0.00034761988,2.782757e-05
HOOK2,-2.1247193e-05,8.420274e-05,0.00018328428,-3.0285679e-05,0.0005396828,-3.789831e-05,-0.00011966098,-3.1382078e-06
SYNJ2,0.00018743053,-6.299466e-06,7.608719e-05,-3.888551e-05,0.0010073856,0.000102496706,-5.2710064e-05,1.6904669e-06
NOC3L,0.00012205355,0.0004187394,0.00038928725,2.1246262e-05,0.0008488372,-3.5506673e-05,-0.00031584408,-1.2799865e-05
FKBP9,-0.00019612722,-0.00042361952,-0.00031539425,0.0001316648,-0.00034342706,-0.00014114939,0.00013206154,2.5104964e-05
CDH11,-0.00021511503,-0.0008360036,-0.00058620423,5.8297068e-05,-0.001122646,7.326715e-05,0.00042514596,3.6203768e-05
WASL,-3.487803e-05,-0.00012080185,-3.5371631e-06,-1.7425977e-05,0.00045538694,-4.7725625e-05,-1.2352131e-05,8.430681e-06
GNS,-2.1398067e-05,0.0002006162,0.00021048822,6.220024e-05,0.00074026734,-0.00016334234,-0.00023255032,-1.4447141e-06
HEATR4,0.00015515275,3.789738e-05,9.608455e-05,-3.646221e-05,0.0003542006,0.000115072355,-4.7296286e-05,-1.2775417e-06
ARHGAP19-SLIT1,0.00046098232,0.00070285983,0.00085837394,-0.00036506634,0.003022872,0.00032552984,-0.00040519144,-4.217215e-05
SEMA6B,0.0002328027,-0.0001695659,5.747564e-05,-0.0001594983,0.001179181,0.00013633538,3.499631e-05,2.6386697e-06
SEPSECS,0.000119058415,0.00061785616,0.00068734586,-6.0458668e-05,0.0014138445,-0.00016330741,-0.00049467105,-2.6297872e-05
MPP3,-5.615875e-05,8.6173415e-05,0.00013729371,9.422749e-05,0.001479879,-0.00023086462,-0.00020455476,3.462541e-06
ISYNA1,-0.00011491403,-0.000109594315,-0.00013215095,0.00012601167,-0.0018392503,-2.9299408e-06,5.075615e-05,1.2311968e-05
KLHL13,5.3999946e-05,0.000109234825,0.0002380833,2.344139e-06,-0.0005103275,-2.7558766e-05,-0.00016828347,-3.820285e-06
MELTF,-3.874302e-07,0.000119663775,0.00027524307,-3.0153431e-05,0.000120304525,-0.00010216609,-0.00019151252,-3.8389117e-06
BUB1,-5.979091e-05,-0.00024485588,-0.00016830117,4.861504e-07,-0.0011057705,7.417053e-05,0.00014046114,1.3265177e-05
MCF2,0.00036148913,0.0003829971,0.0003833752,-5.0790608e-05,0.0037489086,6.1950646e-05,-0.00030412432,-1.3813027e-05
UFL1,0.00020367466,-5.8338046e-06,0.00010933913,-0.00015668571,-0.00045255572,0.00034376793,6.7260116e-05,-6.08596e-06
PIGT,-0.00016483851,-0.00041274913,-0.00024635904,3.7407503e-05,-0.001677908,-5.9849583e-05,0.00017610658,1.9383617e-05
ARHGEF17,-0.0002534669,5.048886e-05,3.376603e-05,0.00021692365,-0.0010751113,-0.00030249404,-0.0001784442,1.0989024e-05
BRINP1,0.0005257409,5.840324e-05,0.00031499192,-0.00033477042,0.0014608875,0.0004408108,-1.0453165e-05,-1.5138765e-05
FRMD3,7.980503e-05,9.322725e-05,0.00017648563,-5.0980598e-05,-0.00022730976,9.687617e-06,-0.000106670894,-2.1937303e-06
PPFIA1,2.9198825e-05,-0.00019651651,-0.00015109591,3.7886202e-06,-0.00033047795,0.00020151772,0.00013561267,9.98145e-06
FECH,0.0004930105,0.0005903356,0.0006063692,-0.00014616922,0.0027029365,0.00025596283,-0.00036091823,-2.9543648e-05
FAM171A1,-0.00046618097,-0.0006918572,-0.00062448904,0.00032730214,-0.001097478,-0.0003613541,0.00023120735,4.444085e-05
DAG1,-0.00022901781,-0.00035766698,-0.00010154396,6.674044e-05,0.0002881661,-0.00035198452,-1.43880025e-05,1.7631333e-05
SLC9C2,0.00013088621,1.6180798e-05,0.00017093308,-8.0307946e-05,8.3871186e-05,0.00010790117,-6.0483813e-05,-4.18548e-06
MIGA2,0.00035247765,0.00029977597,0.0004735589,-0.00021240953,0.0024322346,0.000104939565,-0.00025443267,-1.9212719e-05
HEXB,9.139255e-05,-9.88245e-05,3.4496188e-06,-9.413809e-06,-0.0006465614,6.645452e-05,9.057112e-06,5.487236e-06
FAH,-0.00022426993,-0.00043848157,-0.00022347085,7.103849e-05,-0.001377657,-0.00015157787,0.00013881642,1.9360916e-05
WNT5B,-2.6844442e-05,-0.0002724547,-0.00023302995,0.00014466699,0.00011357665,-8.791778e-05,6.622262e-05,1.850503e-05
RALGPS1,-0.0003273189,-0.00043759868,-0.00044131652,0.00019963365,-0.003601849,-2.3065135e-05,0.00026120897,2.8170878e-05
GRIK5,0.00042829663,0.00028161705,0.00040316582,-0.00017865933,0.0030274168,0.00015990902,-0.00022800732,-1.6667997e-05
RPL4,-0.00023035333,-0.00067291036,-0.00048935786,0.00013054628,-0.00033660233,-6.857794e-05,0.00028110575,3.3438788e-05
GALNT4,0.00031785853,0.00036816858,0.00044499338,-0.00010461081,0.002222143,0.00010675937,-0.00028941873,-1.7392216e-05
PAFAH1B1,-0.0007519573,-0.0011920966,-0.0011698902,0.00045765284,-0.0032542273,-0.00025893515,0.0006087711,7.0240465e-05
EPAS1,6.9892034e-05,0.00020162761,0.00035898387,1.2204982e-05,0.00020116568,-0.0001003705,-0.00026796106,-1.019577e-05
KCNG4,-0.00021708943,-0.00048895366,-0.00036055222,0.00012257323,-0.0011222437,-8.885935e-05,0.00019481964,2.6362599e-05
POU2F2,-0.00057633966,-0.0014546197,-0.0013912935,0.00045586098,-0.0042395964,-0.00015360117,0.0007804008,8.081412e-05
MMP2,-0.00015282445,0.00010809302,0.00012367032,0.0001899898,0.00090785325,-0.0003841007,-0.00027201977,7.129507e-06
ZMYND15,-0.0001580324,-0.000469381,-0.00030902773,4.952401e-05,-0.00042385608,7.463619e-06,0.00020484813,2.2807042e-05
TUBA8,0.0002826359,0.00017317198,0.00032426044,-0.00013999175,0.00042815506,0.000112735666,-0.00016110297,-1.1249445e-05
STK31,6.741658e-05,-0.00021166168,-0.00016619638,8.768216e-05,-0.0007106662,3.4184195e-05,6.445218e-05,1.4492194e-05
NR5A1,-0.00018603541,-0.00044893473,-0.00032455288,0.00010820292,-0.00094658136,-6.606616e-05,0.00017802697,2.4042209e-05
LMLN,-6.6231936e-05,-0.00016405992,-8.3878636e-05,8.341111e-05,0.00016513467,-6.417744e-05,-4.4526532e-06,1.1323951e-05
DDX24,-0.00062689744,-0.0011813864,-0.00091804564,0.00030298065,-0.0018129423,-0.00038624834,0.0004746914,6.1739e-05
EMILIN1,0.00028477423,0.00023530982,0.00029750355,-0.00013125408,0.00042057782,0.00024052989,-0.000124502,-1.1947937e-05
ZNF14,0.0004137084,0.00077493116,0.0009052884,-0.0002613701,0.0014334992,0.00022661034,-0.00048190076,-4.3784617e-05
EVI5L,1.9177794e-05,-4.9430877e-05,-0.00011506304,6.4260326e-05,-0.0014226809,0.00020229351,8.776784e-05,7.82765e-06
FRK,-9.85153e-06,-2.4812296e-05,5.9705228e-05,2.9532239e-05,0.0006612092,-4.5294873e-05,-8.1046484e-05,4.7767535e-06
EPS8L1,3.5127625e-05,-0.000111319125,-7.762015e-05,5.2125193e-05,-0.00041037798,3.8929284e-06,2.7044676e-05,9.502051e-06
IDS,-0.000589421,-0.0011942722,-0.0010280646,0.00037697982,-0.0025219917,-0.00033784518,0.0005161287,6.634928e-05
DDHD2,3.7156045e-05,-0.00017600879,0.0001137387,-0.00013377983,0.0011021644,6.82883e-05,-5.375594e-06,2.5118934e-06
ALDH18A1,-2.397038e-05,-0.00037430227,-0.00020102784,-2.833549e-05,0.0001052022,8.10232e-05,0.00016117841,1.7113518e-05
KLHL9,-0.00044055842,-0.0006950423,-0.0006407276,0.00027596205,-0.001357764,-0.00021081464,0.0002937587,4.3101492e-05
LHX6,-0.00054584444,-0.0010961052,-0.0007437449,0.00018311758,0.0020418093,-0.0005291784,0.00033148658,5.5675046e-05
ADGRF5,8.370727e-05,3.4987926e-05,0.00013796613,2.6705675e-05,0.0001795739,5.637575e-05,-0.00010155607,-1.4929101e-06
MAP3K4,0.0001723636,0.00042987056,0.00039232709,3.199652e-05,0.0005046427,-6.15567e-05,-0.0003315555,-1.2869947e-05
DLL3,0.00029136427,0.00032226183,0.0004489012,-0.00014166906,0.0020831898,0.00011132844,-0.00025880244,-1.7542625e-05
ZNF709,-1.5953556e-05,-0.00013020262,0.00010799058,-8.101016e-05,0.00068499893,-2.2429042e-05,-2.5367364e-05,8.218922e-07
RADIL,0.0004047919,0.0004190132,0.00057538226,-0.00023724046,0.0020872205,0.0002861591,-0.00025122333,-2.925261e-05
SOAT2,-0.00018386357,-0.0004757736,-0.0003398247,0.00010202639,-0.0009864047,-6.1004423e-05,0.00019286573,2.494664e-05
SETMAR,-0.00020468794,-0.00031359307,-0.00026668608,0.00019329414,-0.00031095743,-0.00017638272,5.9647486e-05,2.2700522e-05
HBP1,3.5401434e-05,0.00019069389,0.00015900843,0.00015304238,-0.00049772114,-2.266001e-05,-0.00019188877,-2.5556656e-06
CCDC39,-5.6983903e-05,-0.00018876977,2.0958483e-05,-2.8276816e-05,-0.0008216277,-0.00013026502,2.9662624e-06,5.7609286e-06
FGGY,-0.00017453544,-0.00043358095,-0.0004437957,0.00017837435,-0.0025982633,2.95043e-06,0.00022717379,3.0551222e-05
TULP2,1.4523044e-05,3.3438206e-05,0.00011635199,3.2126904e-05,-3.2544136e-05,-3.4876168e-05,-0.000106896274,5.1187817e-07
SLU7,-0.00014027953,-0.00049628504,-0.00036066398,4.9366616e-05,-0.000960581,5.9282407e-05,0.00024865568,2.4858862e-05
SYNPO,-2.5471672e-05,-7.09258e-05,6.828457e-06,8.004904e-05,0.00040676445,-0.00012585148,-7.723272e-05,7.799012e-06
SSH3,0.00017867051,-0.00013478845,0.000104665756,-0.00019816589,0.0012186319,0.00018273015,4.197657e-05,-1.2061791e-06
NPHP1,0.00041229464,0.00016765483,0.0002442617,-0.00015851855,0.0014585108,0.00035086647,-6.411318e-05,-1.3471581e-05
SEZ6L2,-0.0007356256,-0.0016715787,-0.0015562996,0.0004786458,-0.002422385,-0.00027555274,0.00084307324,9.334716e-05
UBTF,-0.00014199503,-0.00027652085,-0.00016124733,0.0001201611,-0.0015018135,-0.000108234584,5.69392e-05,1.664611e-05
E2F8,0.00028419122,0.00036232732,0.00044013932,-0.000111938454,-0.00036911666,0.00012574345,-0.000245207,-1.7448794e-05
SEPT5,-0.00021708943,-0.00048895366,-0.00036055222,0.00012257323,-0.0011222437,-8.885935e-05,0.00019481964,2.6362599e-05
CCDC142,0.0001079496,9.721331e-05,0.0003094226,-0.00010090321,0.0020465031,-6.204378e-05,-0.00019801687,-8.019037e-06
ANKRD50,0.0001372993,-0.00023753941,7.914379e-06,-0.0001959065,0.0013946593,0.0002372479,0.00012777373,1.9605504e-06
HS6ST2,0.00021190383,5.0302595e-05,0.00022950768,-0.00014169235,0.00094037503,0.0001607174,-8.967426e-05,-5.6283316e-06
ZBTB38,-0.00060995296,-0.0013461411,-0.0012408253,0.000402743,-0.0021162704,-0.00015573017,0.0006938074,7.188984e-05
STRBP,0.00010178052,-0.00010728836,-4.8801303e-07,-3.570039e-05,8.3468854e-05,0.00013576634,3.5860576e-05,4.7818758e-06
SENP1,0.00019002333,-3.8599595e-05,0.0002687294,-0.00017976947,0.00080741197,3.6971644e-05,-9.6897595e-05,-6.2366016e-06
AP5Z1,-0.00059608,-0.0007271692,-0.00060434453,0.00036996882,-0.0016174838,-0.0005112458,0.00017885491,4.727696e-05
PLXNB1,-0.00015594065,-0.00056024455,-0.00029210933,-1.9924715e-05,0.0001032725,-5.506631e-05,0.00021582562,2.288993e-05
ZNF512B,0.00021434203,6.770156e-05,0.00010126829,-2.3648143e-05,0.0022650063,0.00014907215,-8.384511e-05,-1.2922101e-07
DDB1,9.034015e-05,-3.8942322e-05,0.000115973875,-5.3288415e-05,4.1007996e-05,6.276276e-05,-4.9980357e-05,7.1304385e-07
WASHC5,0.00011481531,-4.7536567e-05,0.00015879981,-8.914992e-05,0.0007759109,0.00011640042,-4.077051e-05,-4.0669693e-06
TMEM132B,-0.00045020506,-0.0011050664,-0.0009861309,0.00021657068,-0.004582301,0.00010470208,0.0006731488,5.4591103e-05
TWNK,0.00030912645,0.0001343824,0.0002965834,-0.000151027,-0.00015875697,0.00018083584,-0.000115719624,-1.1602067e-05
WDR44,0.00044443645,0.00037381053,0.0006258823,-0.00033220835,0.0027664602,0.00025086477,-0.00025529508,-2.9961579e-05
AMOTL2,-0.00016686879,-0.00045107305,-0.00034696236,8.4124506e-05,-0.0024587363,3.596302e-05,0.00023208,2.4560955e-05
ENOX1,-0.00038053468,-0.00081203505,-0.00064329617,0.00014898088,-0.0035170615,-6.735884e-05,0.00043472555,4.0155603e-05
TP53,-0.00038997084,-0.00095547736,-0.00080253,0.000141019,-0.0036957487,-6.426405e-05,0.0005352115,4.7604786e-05
CHPF,0.0003773626,5.121343e-05,0.00041709468,-0.00041816756,0.0003547743,0.0004287986,1.0014512e-05,-2.2754306e-05
NLN,-0.00015156344,-0.0003928095,-0.00012823194,-6.633904e-05,0.00017310679,3.6763027e-05,0.00014639087,1.4025369e-05
VPS4B,5.474314e-05,0.00017327629,0.00010701455,0.000121247955,-0.00020796806,-6.3936226e-05,-0.00017963443,2.9939692e-06
ACSF2,-0.00012512133,-0.00016436912,-0.00012395903,0.00017071422,-0.0011037365,-0.00022729207,-3.7726015e-05,1.6796519e-05
KCNA4,9.934977e-05,-0.00011372194,8.630566e-05,-7.940084e-05,8.793175e-05,0.00010071695,8.8103116e-07,5.9686136e-07
CTTN,-0.0003780406,-0.00071606785,-0.0005757604,0.0001848219,-0.0028254539,-0.000109108165,0.00034247246,3.762904e-05
AHCY,-0.0002653133,-0.0005194191,-0.0004773941,0.00011833105,-0.0023204535,-2.6886351e-05,0.00028907135,3.1541218e-05
RGS6,-0.0007222779,-0.0010207836,-0.00094738975,0.00044044293,-0.0066998824,-0.00044687837,0.00048320554,5.814398e-05
PCDHGB2,-6.411038e-05,-0.0003745742,-0.00013678148,-2.7100556e-05,-0.00018375367,-1.4248304e-05,0.00012356229,1.3749814e-05
CACNB3,0.00022012554,-0.00018182956,4.608929e-05,-0.0001433799,0.00047383457,0.00024227146,7.998012e-05,7.18981e-07
VTN,0.000104734674,3.163889e-05,0.00011791289,-4.256051e-05,-0.0010062084,7.28108e-05,-4.7514215e-05,-8.859206e-07
PER3,0.00040485337,0.00054154545,0.0005622823,-0.00011428632,0.0006124601,0.00017096475,-0.000337963,-2.5660265e-05
ITGB7,-0.00019268692,-0.0004443247,-0.00028725527,8.3700754e-05,-0.0007771179,-6.635394e-05,0.00016758125,2.2340915e-05
PLCD3,-0.0001875218,-0.00016112626,-4.1808933e-05,0.00013972819,0.0003900081,-0.00022853026,-7.9292804e-05,1.2674369e-05
MAP7D2,0.00020074658,0.00016988814,0.0002900064,-2.7534552e-05,0.00069684535,-1.2079254e-05,-0.00020225998,-8.346746e-06
KLHL31,-0.00017476454,-0.0005774256,-0.0004226435,8.150563e-05,-0.0016722381,1.028087e-05,0.00028175674,2.8051203e-05
DCBLD2,-0.0004298836,-0.0011005905,-0.00099089,0.00025177468,-0.002193451,-0.00011573173,0.00056840945,6.0673803e-05
PIK3R2,-2.641417e-05,-0.00034989044,-0.0001734756,-5.94398e-05,0.0003978014,9.117648e-05,0.00016165152,1.5008147e-05
TUBB1,0.00030533224,0.00029734336,0.0004514642,-0.00012866966,0.00080593675,0.000114487484,-0.0002488466,-1.7469516e-05
ACSS3,-0.00026507303,-0.0005520955,-0.0004226491,0.00017908029,-0.0007135123,-0.0001726565,0.00019331742,3.0591735e-05
RUFY2,-0.00032285042,-0.00047283992,-0.00033701025,0.00019568484,-1.7434359e-05,-0.00027538184,0.000102370046,2.9674964e-05
DSE,0.0004836619,0.00048783422,0.0006236881,-0.00024774484,-0.0014482886,0.00032739528,-0.0002429625,-3.2251817e-05
SF3A1,0.0001490321,-9.4594434e-05,7.7061355e-05,-7.818546e-05,0.00031372905,0.00010401849,-3.354624e-06,1.0350486e-06
RXRG,-0.0007690862,-0.0008489359,-0.00056838244,0.00029326603,0.0030148178,-0.0007794243,0.00013266504,4.8615737e-05
ANAPC5,-9.8003075e-05,-0.00031377003,-0.00016309507,4.32292e-05,-0.000974454,-2.5683083e-05,0.00010249857,1.6297912e-05
ALPP,-0.0001045987,-0.00033716112,-0.00018856302,5.946681e-05,-0.00029478967,-4.13917e-05,0.000103235245,1.696148e-05
KLHL11,0.0005291533,0.0003713183,0.0005992744,-0.00027865265,0.0025861561,0.00024070498,-0.0002786899,-2.8346549e-05
GLI1,-3.7733465e-05,0.00010175817,0.00030314922,-8.6426735e-07,0.0018056706,-0.00021660933,-0.0002639694,-4.3335604e-06
TUBB4B,-0.00023016334,-0.00024892576,-0.0002345629,0.00021262653,-0.0012074187,-0.0001850687,4.303176e-05,2.0353007e-05
RINT1,-0.00045796856,-0.000868734,-0.0006870106,0.00021206215,-0.0009858012,-0.00023196358,0.00036143884,4.663423e-05
ERMP1,0.00017137639,0.0005907379,0.00055366755,-1.440011e-05,0.0008549318,2.5870278e-05,-0.00041112583,-2.1304702e-05
ITGBL1,0.0001240354,-2.4141744e-05,0.00017368421,-8.621346e-05,0.00093205273,2.7816743e-05,-9.502005e-05,-5.166512e-07
GSE1,-0.00064240955,-0.0010524895,-0.0010207072,0.0004133787,-0.002227679,-0.0002898639,0.00049622357,6.355648e-05
SLCO5A1,0.00024044514,6.7483634e-05,0.00027351454,-0.00022455398,0.0017060488,0.00024786126,-6.301142e-05,-1.05969375e-05
ZFR2,0.0004512258,0.00043844432,0.0004495047,-0.00015448406,0.0011663437,0.00032976642,-0.0002210075,-2.1850108e-05
ZNF337,-0.000129655,-0.00048178807,-0.000410866,0.0001551155,-0.0005000755,-6.721541e-05,0.00018847361,2.9194169e-05
GRK6,0.0003669914,9.291805e-05,0.00041933544,-0.00025720615,0.0022359788,0.000118240714,-0.00016417261,-1.620315e-05
KAT7,-1.856871e-05,0.00017613918,0.00017247163,0.00012392644,0.00048030913,-0.00022543129,-0.00024330337,6.383052e-07
FGFR3,-0.00015345588,-0.00044681318,-0.0003999602,0.00013662316,0.00026495755,-4.032906e-05,0.00018776394,2.7000671e-05
APBA1,-3.569573e-05,-0.00041006505,-0.00029610284,7.9567544e-05,-0.0021754727,1.1473894e-06,0.00018089078,2.2401684e-05
SFMBT1,0.00041073747,0.0004244838,0.00064123236,-0.0003083488,0.0006358549,0.0003037043,-0.00024158787,-3.1092553e-05
SELP,-8.060597e-05,-0.0003434457,-0.00015476719,3.2382086e-06,-0.00031987578,9.42871e-06,0.000121304765,1.4410587e-05
CNTROB,5.0619245e-05,2.5700778e-05,1.7518178e-05,8.9335255e-05,-0.0003130287,-5.4133125e-05,-7.860083e-05,6.0672173e-06
RSBN1L,0.00018147193,-9.162724e-05,0.00016734004,-0.000113347545,-0.00047209114,7.647555e-05,-4.5161694e-05,-9.879004e-07
SKIV2L,3.5380945e-05,2.7753413e-07,5.5147335e-05,4.636869e-05,2.4743378e-05,-5.6865625e-05,-8.444581e-05,3.9325096e-06
LGI3,-0.00024500303,-0.0007764194,-0.0005126409,1.0685995e-05,-0.0019213185,-1.4376827e-05,0.0004084725,3.057823e-05
KLC4,1.6128644e-05,8.291751e-05,-5.7978556e-05,0.00017229188,-0.0018244162,4.9105845e-05,-3.5580248e-05,6.068847e-06
MIPEP,-0.0001505483,-0.00032945164,-0.000106560066,-1.2958422e-05,-0.00051445514,-9.11057e-05,9.6108764e-05,1.2318953e-05
LNPEP,0.00034583174,0.00031026825,0.0004339721,-0.00018048007,-2.463907e-05,0.0002505714,-0.00018094573,-1.9486994e-05
FGR,-0.00015644915,-0.00045388192,-0.0003524553,0.00010136701,-0.0011644661,-9.796582e-06,0.00020763837,2.4386682e-05
DLGAP5,0.00018342957,0.00019007921,0.0003350228,-0.0001737168,-6.6526234e-05,0.00018334016,-0.00011561904,-1.3703597e-05
GNA12,0.00014571287,-0.00015943684,2.6594847e-05,-0.00012597162,0.0015247464,0.00013120752,4.056003e-05,3.4226105e-06
PNKD,-0.0002655238,-0.00025814213,-0.00012681633,0.000119712204,3.966689e-05,-0.0002706321,-1.1984259e-05,1.8535648e-05
NAGLU,7.386692e-05,-3.563799e-05,5.129166e-05,-2.0929612e-05,0.0005437583,3.4415163e-05,-3.6368147e-05,3.3876859e-06
USP2,-9.573996e-06,4.6811998e-05,0.00026172772,-5.435571e-05,-0.00031092763,-6.201677e-05,-0.00014965143,-4.5631314e-06
TPM3,-4.2920932e-05,-0.00048664585,-0.00026013143,-2.7079135e-05,-0.0002990961,8.063018e-05,0.00022144243,1.9516912e-05
RGL3,-1.8680468e-05,-0.00029483996,-0.00014654174,-8.009374e-06,-0.00024949014,9.9940225e-05,0.0001329109,1.2221863e-05
ARHGAP24,4.770048e-05,0.00020131283,0.0002929736,-9.5088035e-06,-0.0031851754,2.055522e-05,-0.00013937708,-1.1785771e-05
MOCOS,-0.00017267838,-0.00037462637,-0.00026157498,0.00010679383,-0.0007859692,-7.333141e-05,0.00012987852,2.1053595e-05
ANKFY1,-0.00012949109,-0.0005104877,-0.00034240447,6.701145e-05,-0.0005063042,-3.4303404e-05,0.00020926632,2.5258632e-05
ARHGAP32,0.00026842393,-9.078719e-05,0.000120677054,-0.00018793065,-1.3180077e-05,0.0002824152,6.0457736e-05,-3.9548613e-06
TRIP4,6.2126666e-05,6.516278e-05,6.4885244e-05,8.2575716e-05,-0.0018189773,7.610768e-06,-7.543154e-05,2.771616e-06
NLRP2,0.00030534714,-1.5757978e-06,0.00021493994,-0.00019509066,0.0015173852,0.00022665225,-4.152395e-05,-7.368042e-06
PLK4,0.00034879707,0.00022630394,0.00037928484,-0.00019313581,0.0018327609,0.00022576563,-0.00016659219,-1.5501282e-05
TAB3,0.00013108738,9.717606e-05,0.00018714927,-0.00010945927,0.00033685565,0.00013263896,-5.9398822e-05,-6.936956e-06
NAGS,-0.0001008939,-0.00032062083,-0.0001506675,3.8696453e-05,-0.00065832585,-4.18853e-05,0.00010008924,1.4804304e-05
ASH2L,4.8782676e-05,-9.2025846e-05,-8.301996e-05,7.1026385e-05,-0.00018239021,2.4638139e-05,1.125969e-05,1.0188553e-05
RPS6KC1,0.00057277083,0.00055982545,0.0007504299,-0.00028149784,0.0021625087,0.00025805365,-0.00037830602,-3.578805e-05
HTRA1,-0.00031260215,-0.0005940683,-0.00044539385,0.00014104787,-0.0011734888,-0.0001990064,0.0002500629,2.9000104e-05
PLA2G15,0.00015385821,7.8096986e-05,0.0002380237,-9.839237e-05,0.0005789846,6.752089e-05,-0.00010667276,-7.886789e-06
LRSAM1,-0.00010795146,-0.00027521886,-0.00022735074,0.00014738087,0.00023527443,-0.00015530223,4.723482e-05,1.9705854e-05
ADGRE1,-0.00019622967,-0.000477897,-0.00033653155,0.000108938664,-0.0007289946,-9.350851e-05,0.0001788605,2.5358284e-05
ABCG4,0.000185946,0.000161767,0.00031199493,-6.811414e-05,0.000624083,-2.9077753e-05,-0.000204877,-8.928124e-06
EVC,-0.00014502741,-0.00030359253,-0.0001749415,0.00013433676,-0.0008736029,-0.00015558908,4.447438e-05,1.7774757e-05
BMPR1B,-0.0003242623,-6.0901046e-05,-0.00022135302,0.0002999371,-0.0028367639,-0.0002572583,-3.3480115e-05,2.050295e-05
KLC3,-9.5229596e-05,-0.00033558533,-0.00022793747,6.786268e-05,-0.0010151714,2.0992942e-05,0.00014161877,1.7240061e-05
PFKFB4,-9.312108e-05,-0.00013518892,-5.1427633e-05,0.00016652234,0.0005103797,-0.0002538669,-0.00010844972,1.425494e-05
KLKB1,-9.225681e-06,-0.00022787042,-5.429983e-05,-9.201467e-06,-0.00017351657,3.4030527e-06,4.5980327e-05,9.788084e-06
MMP9,-0.00016013533,-0.00026401505,-0.00014047325,8.73534e-05,-0.00091026723,-0.000121001154,4.3217093e-05,1.6560778e-05
LIPE,0.0001977291,0.00066067465,0.0006495826,-2.9294752e-05,0.0012401044,-6.777514e-05,-0.0004796395,-2.7070637e-05
ADGRD1,0.00041105598,0.00035717525,0.00048622303,-0.0002646288,0.0015070289,0.00040923152,-0.00015739072,-2.531975e-05
RCBTB2,-0.00016240403,-0.00058398023,-0.00038358197,3.5495497e-05,-0.00083240867,3.141351e-06,0.00026479177,2.7555856e-05
PRKAR1A,-0.0008249618,-0.0013562366,-0.0012799017,0.000532154,-0.0035947114,-0.00041782763,0.0006261878,7.9048914e-05
ARHGEF3,0.00019638799,0.00050482526,0.0006506834,-6.657373e-05,0.0019432083,-0.00014942186,-0.00046884175,-2.402591e-05
MPP4,-0.00021390803,-0.00049715117,-0.00036322698,0.00011695735,-0.0010851994,-8.180551e-05,0.00020106137,2.635736e-05
PCDHGA3,-0.00029264763,-0.00024938956,-0.00023990683,0.00022245478,-0.00078675896,-0.00022029039,3.2226555e-05,2.1224376e-05
PRX,0.00015681423,-7.5278804e-05,0.00015209988,-0.00017766934,0.0002509132,0.000250672,3.0226074e-05,-5.022739e-06
RUFY3,-0.00070010684,-0.0014762096,-0.00136072,0.00041450933,-0.0037735999,-0.00018511014,0.00077503733,8.040154e-05
PABPC1,-0.00017715432,-0.00055776536,-0.00043028593,0.000125085,-0.00078834593,-1.6983598e-05,0.00025069434,2.9254355e-05
KLHL22,0.0002883114,0.00020892546,0.00023237243,-8.565094e-05,1.7121434e-05,0.0002071131,-0.00010782946,-9.7596785e-06
ARHGAP10,0.00021203049,0.00011236407,0.00031748042,-0.00019019097,0.00097449124,0.0001757592,-0.00010590162,-1.2596021e-05
SUPT20H,8.353777e-05,-0.00034654886,-3.4712255e-05,-0.00016881432,-0.0002681613,0.000190299,0.0001621684,6.587361e-06
BSCL2,-0.0002307333,-0.00085402466,-0.00070765056,0.00010691397,-0.0016021878,2.8094277e-05,0.00047096703,4.3630367e-05
OSBPL10,0.00017785281,0.00045370683,0.0005048439,-7.78744e-05,0.00068347156,-2.8382987e-05,-0.0003389651,-1.9227038e-05
UBN1,6.57253e-05,-0.00010618009,8.9827925e-05,-0.00013427064,0.0016432479,0.00015012082,1.7472543e-05,-1.2421515e-07
PCDHGC5,-0.000115029514,-0.00031963736,-0.00025097653,0.00012270454,-0.0014339536,-2.4196692e-05,0.000124529,1.9401312e-05
CALD1,-0.00018632412,-0.00026069582,-0.00015646219,9.764545e-05,-5.7399273e-05,-8.489005e-05,4.800316e-05,1.6294187e-05
MYSM1,-4.0344894e-05,-0.00020833313,-8.8918954e-05,3.2275915e-05,-2.9414892e-05,-2.4524517e-05,3.489107e-05,1.2016739e-05
COL4A2,-0.00076972693,-0.0012204852,-0.0012071487,0.0005345829,-0.003134556,-0.00047308765,0.000530201,7.754599e-05
PRC1,-3.2819808e-05,-0.00053096004,-0.0003610924,-3.534369e-05,-0.0008450374,0.00018904451,0.00031990465,2.11054e-05
ACTA2,1.34781e-05,0.00014590658,0.00023735873,-1.0785647e-05,0.000521414,-5.7131052e-05,-0.00017335918,-5.639391e-06
NOD1,0.00032391772,3.4403056e-06,0.0001581572,-0.00018979609,0.0018497407,0.00033646822,6.017275e-06,-6.8066875e-06
PRPF4,-0.00046678632,-0.0003054086,-0.00023021922,0.00031987112,-4.4852495e-05,-0.00045900932,-5.7110563e-05,2.607191e-05
RPTN,-0.00023465604,-0.00049660355,-0.0003310833,0.00010697357,-0.0011697412,-0.000113888644,0.00018343888,2.55435e-05
GRN,-1.9242987e-05,-0.00012935139,-2.8081238e-05,3.6978163e-05,-0.0008455515,-2.3525208e-06,1.276657e-05,7.6021533e-06
ANAPC1,-0.00029903837,-0.00024425238,-0.00023322925,0.00023206975,-0.00028788298,-0.00029424345,1.1602417e-05,2.031948e-05
PES1,0.00017294474,0.000121226534,0.00024301745,-0.00018159207,-0.0004851669,0.0003041001,-1.16257e-05,-1.3151788e-05
TBC1D2B,0.00016328134,0.00020676479,0.00019126758,-6.46906e-05,-0.0014790222,0.00026118197,-5.2610412e-05,-8.097035e-06
SLC38A10,5.589053e-05,-0.0002719611,-9.432621e-05,-3.6485493e-05,0.0015225336,3.526546e-05,9.0229325e-05,8.1841135e-06
SH3PXD2B,-0.00016600452,-0.0006367378,-0.00033302233,3.827922e-05,0.001344867,-0.00017027976,0.00017265975,2.872257e-05
TBC1D12,0.00021513924,0.00052655675,0.00054423884,-7.7461824e-05,0.0017081127,3.8964674e-05,-0.0003660852,-2.2840803e-05
RUNX3,-4.984811e-05,0.00033887476,0.00029696524,0.00011808053,-0.00025526434,-0.00014558528,-0.0002911603,-7.844181e-06
SUN2,3.014505e-05,-3.4429133e-05,0.00013342127,-6.18808e-05,0.0014741197,-2.568122e-05,-7.7561475e-05,2.750894e-07
ITPRID2,9.14e-05,-0.00026707537,-4.9635768e-05,-0.00011297688,-0.00097245723,0.00014810357,0.0001193285,8.036732e-06
MBTD1,0.00020987913,-0.000172358,0.00020362437,-0.00025716983,0.0027342215,8.381624e-05,-2.7700327e-05,-3.142748e-06
SF3A3,-5.3042546e-05,-0.00015070103,-5.7253987e-05,4.281476e-05,-0.00079923123,-5.0652772e-05,1.2948178e-05,1.0364223e-05
COG3,0.00016072579,0.00018057786,0.00037585013,-0.00017015729,0.0014503375,7.9314224e-05,-0.00018690247,-1.1696946e-05
STOX2,-5.8364123e-05,-0.00029395707,-0.00011382438,-2.9345974e-06,0.0014144629,2.534315e-05,7.86921e-05,1.1502649e-05
COQ8B,0.00012612715,4.29675e-05,0.00014206022,-6.333087e-05,0.00021970272,3.615953e-05,-7.5709075e-05,-1.7343555e-06
KATNB1,-1.648441e-05,-0.00010307133,0.00010397658,1.0409392e-05,0.0010345355,-0.00014734874,-0.00010945555,5.1548705e-06
PORCN,-0.0003965292,-0.0002875626,-0.00012994744,0.00018073712,-0.0012521222,-0.00044556567,-3.813859e-05,1.978071e-05
FOXRED1,6.420724e-05,0.000109151006,0.00018737093,6.259978e-05,0.00071864575,-0.00017028209,-0.00022048596,1.143897e-06
SLC6A15,-3.8268045e-05,0.00011327118,2.07033e-05,0.00017809588,-0.00045072287,-9.648502e-05,-0.00013332535,6.7487126e-06
OAS3,-2.1155924e-05,-0.00022548996,-0.00013340078,7.5603835e-05,-5.3569674e-06,-5.404465e-05,3.386289e-05,1.4866237e-05
POLR3E,-0.00021522306,-0.00036848336,-0.00044523738,0.0002351543,-0.0011446327,-0.00012342772,0.00016278867,3.0126073e-05
DNAJC16,0.00031062588,0.00012331828,0.00026775151,-0.00015551224,-2.7231872e-05,0.0002692081,-8.133333e-05,-1.0195887e-05
CCNF,0.00022856519,0.00030932017,0.00043830462,-0.00019378681,0.0023502707,0.000118263066,-0.00022869278,-1.7750077e-05
LRCH1,-0.00016875006,-0.00028915703,-0.00012970902,0.00011911709,-7.098168e-05,-0.00023582717,-3.496185e-06,1.7364277e-05
TBC1D5,0.000115051866,-1.6581267e-05,2.5700778e-05,-1.3792887e-05,-0.00033972412,7.905252e-05,-1.6581267e-05,4.4720946e-06
IRF5,0.00012022257,4.9697235e-05,0.0001102034,-1.7342158e-05,0.00026949495,9.710528e-05,-5.7316385e-05,-1.7010607e-06
SLC11A2,0.00014406256,9.961799e-05,0.00022797845,-0.00016797334,0.00025184453,0.00023114122,-3.9576553e-05,-8.903327e-06
WBSCR16,-0.00021708943,-0.00048895366,-0.00036055222,0.00012257323,-0.0011222437,-8.885935e-05,0.00019481964,2.6362599e-05
MEP1B,-0.00019614585,-0.00042474456,-0.0003146939,0.00011574011,-0.00073210895,-0.00011742255,0.000151176,2.4216832e-05
SPATA31D1,3.5453588e-05,-8.535385e-05,9.814277e-06,2.2846274e-05,-0.00038714707,3.870111e-05,-1.1326745e-05,5.256152e-06
SYDE2,-1.30888075e-05,-0.00050318986,-0.00022860989,1.62879e-05,0.0014134645,-9.3145296e-05,0.00012180768,2.1008193e-05
CYBB,-0.00048509054,-0.0010947846,-0.0010154676,0.00029131863,-0.0027858987,-0.00013821851,0.0005866671,5.9882062e-05
IVD,-4.431419e-05,-0.00013730302,-9.296462e-06,5.3916126e-05,0.00052500516,-0.0001314315,-5.1780604e-05,9.465031e-06
WSCD1,-0.00044310093,-0.00071673095,-0.00072967634,0.00035468582,-0.001994215,-0.00030955533,0.00028214883,4.987861e-05
GLS2,9.370968e-06,-0.000106221065,-8.699112e-05,8.532312e-05,-0.00022759289,1.4466234e-05,1.1488795e-05,9.896932e-06
RASEF,-0.00014195777,-0.00028082542,-0.00017772615,0.00010261685,-0.001516059,-5.502347e-05,8.6870976e-05,1.588033e-05
WNT1,-0.0004660599,5.5180863e-05,-0.00010089204,0.00033130683,-0.003159389,-0.00041580526,-0.0001383042,1.749408e-05
EXT2,-3.8716942e-05,-0.0004421249,-0.00036072358,3.460888e-05,-0.0007413775,5.7969242e-05,0.00023011398,2.5676098e-05
ZBTB41,-0.00013659336,-0.00037948415,-0.00024131872,9.266101e-05,0.0006280914,-6.431341e-05,0.00011287257,2.0682695e-05
TUBA4A,0.00023240782,0.00022010133,0.0004733503,-0.00020789541,0.0017201826,0.00010842644,-0.00020631496,-2.0532752e-05
MAP3K7,0.00023573078,-0.00010429323,0.00016418844,-0.00022923853,0.0010728985,0.0002454389,3.507547e-05,-5.426351e-06
SLC5A8,-0.000104382634,-0.00015220605,-8.945167e-05,0.0001323279,-0.00040383637,-0.00013201125,-2.3463741e-05,1.338427e-05
CCT4,-0.00016796775,-0.00046060234,-0.00035397895,0.00010279566,-0.0006534532,-2.32663e-05,0.00020277221,2.5496352e-05
FKBP10,9.295158e-05,-0.0002419632,-0.00017823465,4.365109e-06,2.4564564e-05,3.5387464e-05,8.268934e-05,1.7472194e-05
STIL,0.0004705973,0.0002716668,0.00044946373,-0.00028737076,0.0013624281,0.00035679433,-0.00015085097,-2.0974549e-05
TELO2,2.4240464e-05,-9.231642e-05,-2.4959445e-06,7.878803e-05,0.00028959662,-3.0834228e-05,-4.937686e-05,6.3702464e-06
CPED1,7.3568895e-05,3.84897e-05,0.00014059432,-1.5627593e-06,-0.00074516237,4.842505e-05,-6.8786554e-05,-2.4244655e-06
KLHL6,0.00010164827,-0.00021139346,2.4415553e-05,-0.00018296484,-2.3037195e-05,0.00025986694,0.00012986269,1.1189841e-06
RFT1,-0.00026310608,-6.791204e-06,-2.1196902e-06,0.00027711224,0.0008654371,-0.00050673867,-0.00023646187,1.3665645e-05
FRMD6,3.7034974e-05,0.00020067208,5.6669116e-05,9.968504e-05,-0.0016642213,0.00019267295,-5.8703125e-05,-1.338427e-06
CREB3L3,-0.00020659529,-0.00045611337,-0.00032489002,0.00011636689,-0.0010369644,-9.029545e-05,0.00017215963,2.4608918e-05
MOCS1,-0.00016472675,-1.4094636e-05,-0.00011620298,0.00014086161,-0.003763035,3.666617e-05,5.6428835e-05,1.0001939e-05
HDAC9,-6.816536e-05,-0.00018524006,-5.084835e-05,3.339071e-05,-5.7809055e-05,-0.00010959478,-2.7753413e-07,1.109601e-05
PKP2,0.00043015368,0.00041797943,0.0005745832,-0.00021042116,0.0025883466,0.00022435561,-0.00029624533,-2.6772846e-05
SMO,6.457046e-05,-0.0005273055,-0.0002492033,-0.00016205758,0.00086280704,0.00020394009,0.0002737064,1.7801882e-05
MYOCD,2.3931265e-05,-3.1515956e-06,0.00014399178,-5.094614e-05,-0.0004818812,4.4480897e-05,-5.3175725e-05,-2.0242296e-06
D2HGDH,0.0001404006,0.0002557896,0.0001873523,6.692577e-05,0.00085320324,-6.3329935e-05,-0.0002220003,-2.8331997e-06
RPS6KA5,0.00029146113,0.00039744563,0.0005299393,-0.00014109071,0.0026568621,4.8619695e-05,-0.00032826606,-2.1739514e-05
ADAMTS19,-0.00035769492,-0.00039649755,-0.00019852072,0.000117149204,-0.0008664727,-0.00025384268,6.9427304e-05,2.0947191e-05
TRIM36,-0.00021046028,-0.00040377304,-0.00035113096,0.00020472519,-4.6797097e-05,-0.00014589587,0.00011742022,2.79675e-05
UBASH3B,-6.450899e-05,8.300692e-05,4.0978193e-06,0.00023298524,-0.0015893355,-0.00022153603,-0.00016248506,1.003244e-05
NR4A1,-0.000707373,-0.00087409094,-0.00079328567,0.00047097355,-0.000488624,-0.0005965717,0.00023802649,5.8020465e-05
SRP72,8.237921e-05,-0.00052093714,-0.00034254603,-1.6347505e-05,0.00036566705,0.0001833681,0.00026557688,2.2809952e-05
ZMIZ2,-0.00023336895,-0.0005792491,-0.00029993057,2.0743348e-05,-0.0007307157,-0.00016101683,0.00018818956,2.737064e-05
SUOX,0.00012571923,0.00026668608,0.0004067961,-5.9415586e-05,0.0011198372,-0.00015039742,-0.00029507373,-1.2996723e-05
FSTL5,0.00019818358,0.00011763163,0.00016669929,2.3679808e-05,0.0012834817,3.189966e-05,-0.00015379954,-2.2229506e-06
TPTE,-6.875396e-05,-0.0002761986,-0.00022796169,0.00013266876,-0.001079835,-3.9689243e-05,9.1739e-05,1.7976388e-05
CHST3,0.00022645108,-2.5451183e-05,0.00011474639,-0.0001872275,0.0006529838,0.0002196068,2.5020912e-05,-3.7458958e-06
ALG13,-8.8835135e-05,-0.00041680224,-0.00015131943,-4.0797517e-05,0.0003222525,-0.00010591466,0.0001059873,1.7432962e-05
SPTLC1,-0.0002848711,-0.00048932806,-0.00044621527,0.00029941462,-0.000805676,-0.00028064474,0.00012323353,3.368163e-05
DNAAF5,0.0004476998,0.00032245927,0.00067429803,-0.00043442845,0.0030764937,0.0003103381,-0.00023610797,-3.1147036e-05
ACVR1,-9.0904534e-05,-0.00042177364,-0.00018907338,-8.941628e-06,-0.00030646473,-1.4845282e-05,0.0001558885,1.5180092e-05
SLC2A1,-0.00028366037,-0.0005805772,-0.0005253628,0.00022893399,-0.002233088,-0.000101299025,0.00025576074,3.5487115e-05
LEF1,2.1338463e-05,1.4035031e-05,9.1124326e-05,-1.3811514e-06,0.0015252009,5.711522e-05,-7.2294846e-05,6.0221646e-07
TTC7A,0.00026727654,0.0003489107,0.00052350014,-0.0001615556,0.0025211126,1.4370307e-06,-0.0003295811,-1.8739142e-05
NPEPPS,-0.00064307824,-0.0012926161,-0.0011610612,0.0003404282,-0.003298901,-0.00015124539,0.0006830413,6.819598e-05
CCDC93,-1.4875084e-05,3.9111823e-05,3.5967678e-06,8.2750805e-05,-0.0006151274,3.9197505e-05,-4.022196e-05,4.851725e-06
GTPBP4,-0.00010959804,-0.00021475367,-0.00012484379,0.00013122801,-0.0012631342,-0.00012987107,1.8485822e-05,1.4653779e-05
WDR70,1.36327e-05,-7.542595e-05,4.559569e-05,6.250292e-05,-0.0007144585,-8.999091e-05,-7.588416e-05,5.5162236e-06
GRAMD1A,8.462742e-05,-8.423813e-05,-6.1541796e-06,1.8796884e-05,-7.233024e-05,-7.529743e-06,-1.4019199e-05,6.4970227e-06
CLIP3,5.9576705e-05,3.5773963e-05,0.00013066642,3.2425858e-05,4.3272972e-05,-5.613733e-05,-0.00012411084,8.4284693e-07
SLC43A2,-0.00017601438,-0.00025601313,-6.9610775e-05,7.59149e-05,0.00064531714,-0.0001493576,-2.7641654e-06,1.2627221e-05
KIF14,0.00017676689,-0.0002783481,-0.00011018105,-0.00016136374,0.0002027303,0.00036686193,0.00021811575,6.042188e-06
KCNA1,-2.0828098e-05,-0.000110080466,4.734844e-05,2.378691e-05,-0.00041098148,-4.5238994e-05,-3.6693178e-05,4.4263434e-06
ARSK,0.00025413,1.9874424e-06,0.00034174696,-0.00024085958,0.0013871863,9.120256e-05,-0.00010980759,-1.1729542e-05
JCAD,8.938648e-05,-5.9437007e-05,6.827526e-05,3.3683144e-05,0.0006069988,-1.7006882e-05,-7.011276e-05,1.866254e-06
ACVR1C,0.00019615516,5.7203695e-05,0.00028545223,-0.00015665777,0.0019068867,7.714145e-05,-0.00011654105,-1.0219519e-05
CAPN6,-9.9031255e-05,-0.0004050266,-0.00024236739,5.2557327e-05,-0.00011647493,-4.412327e-05,0.00013411604,2.0501553e-05
ZRANB1,-0.00020518526,-0.0007688403,-0.0004542917,-2.8014183e-06,7.902086e-05,1.8570572e-06,0.0003453577,3.057008e-05
FAM13B,0.00017596968,-0.00047762133,-0.00019228086,-0.00018087681,0.00058570504,0.00025616307,0.00026035774,1.3908721e-05
L3MBTL2,-0.0001625698,-0.0002653394,-0.00020144135,0.00011774432,-0.00065957755,-0.00010938896,6.905012e-05,1.7415616e-05
LSG1,-0.00018822588,-0.0006443225,-0.000333786,-3.5112724e-05,0.00039471686,-9.0687536e-05,0.0002486501,2.5582383e-05
RPA1,-0.00033863634,-0.00044561736,-0.00034013204,0.00015981868,-0.00095727295,-0.00018350827,0.00015802402,2.5883666e-05
TLE1,-0.0003063809,-0.00047339685,-0.00037750788,0.00016646646,-0.0025489852,-0.00011791987,0.00019737426,2.8221984e-05
RNGTT,-6.175041e-05,0.00035716966,0.00032058358,0.00010219775,0.0012274534,-0.00021267869,-0.0003267089,-7.5548887e-06
MTRR,0.00035419315,0.00028237328,0.0004698988,-0.00023731496,0.002040282,0.00024631247,-0.00019917917,-2.1343818e-05
WDR91,6.054528e-05,-0.00014962256,5.610101e-05,-8.309912e-05,0.00043343753,0.00012317486,3.7703663e-05,1.3174722e-06
SLCO2B1,-0.0003848821,-0.00090269744,-0.0008918792,0.00030129775,-0.0019860566,-9.149406e-05,0.0004833117,5.233509e-05
PDZRN3,-8.701347e-05,-0.00094757415,-0.00023098849,-0.00032869168,0.0049128756,-0.00012907712,0.0002812408,2.4813693e-05
ATP7A,0.0005540401,0.0006670356,0.00082538836,-0.00033938233,0.0015363172,0.0003510872,-0.0003748415,-4.102115e-05
XRCC1,-0.00015832111,-0.00043632463,-0.0002290383,4.8196875e-05,-0.0015787557,-0.00020757457,0.00012206007,2.2535329e-05
WNT5A,0.00014784187,0.0002509933,0.00058422424,-0.00025940128,0.0033325106,-0.00010565389,-0.0003194278,-2.2306107e-05
FMNL2,-0.00027404912,-0.00029308163,-0.00026545115,0.00019423664,-0.0016343519,-0.00015742565,8.259993e-05,2.1843938e-05
DDX10,3.658794e-05,7.835589e-05,0.0003287308,-0.00015991181,0.0008344427,-2.209656e-05,-0.00015272293,-9.049429e-06
PSEN2,-3.4481287e-05,8.451566e-05,6.131455e-05,8.5236505e-05,0.0014840886,-0.00017448282,-0.00014890265,4.864298e-06
GOLGA4,-0.0003551524,-0.00058463775,-0.00046809018,0.00020617712,-0.00088552386,-0.0001993645,0.0002118526,3.427628e-05
SELENON,-0.00025123544,-0.00070906803,-0.00058799237,0.00024515763,-0.00046542287,-0.0002741539,0.00024877302,4.0668878e-05
ABCB7,0.0005342923,0.00063545816,0.00078093633,-0.00023928285,0.0021224096,0.00014392659,-0.0004529087,-3.473903e-05
PDE2A,-6.66026e-05,2.0518899e-05,2.9923394e-05,0.00017247908,-0.00044744462,-0.00020556059,-0.00015520211,9.36212e-06
VPS51,3.6003068e-05,-0.0002987571,-3.3767894e-05,-8.1786886e-05,0.00071388483,-1.565367e-05,5.751103e-05,9.842101e-06
GALNT6,-0.00018829294,-0.00038225017,-0.0002945047,0.00016052648,-0.0015952215,-0.00013093092,0.00012277626,2.330402e-05
SLC2A13,0.00021815114,0.0005076695,0.0005035121,-8.412637e-06,0.000993073,-6.928295e-05,-0.0003937306,-1.790165e-05
SEMA4B,0.0001000762,0.0004924536,0.0005018562,2.9485673e-05,0.0004779473,-0.00015818188,-0.00041207206,-1.657824e-05
UBA1,-9.551644e-06,-0.00046553835,-0.00032010302,-3.1190924e-05,-0.0009304285,0.0001764223,0.00028333254,1.987291e-05
CDH15,-8.442998e-05,-9.842962e-05,-1.4221296e-05,6.502308e-05,-0.0006676614,1.0663643e-06,-5.3253025e-06,6.120652e-06
KIF12,-0.00016015023,-0.00023128092,-0.00017225929,0.00016684365,-0.00065504014,-0.00018966664,6.051734e-06,1.8530991e-05
SLC25A23,0.00013456866,-9.9355355e-05,5.894713e-05,-6.2814914e-05,2.873689e-05,8.315593e-05,-8.6138025e-06,3.274181e-06
EFHC1,0.00021801703,3.6479905e-05,0.00017993152,-0.00011930708,0.0017136186,0.00014407374,-6.777607e-05,-4.375237e-06
PACS2,-0.00018007867,-0.0004670322,-0.00025028922,0.00012335181,0.0006566793,-0.0002664188,6.4794905e-05,2.5403453e-05
DLGAP3,-0.00021311641,-0.000108907,-0.00015033223,0.0002071634,0.000586845,-0.00031265384,-7.45533e-05,1.809129e-05
KCNJ9,-2.2001565e-05,-0.0001588501,4.824251e-06,-1.228787e-05,0.0003318265,-4.7590584e-07,2.7669594e-06,6.5908534e-06
KIAA0319L,-0.0001089368,4.4593588e-05,1.3947487e-05,0.0001822561,-0.000593625,-0.00015417906,-0.00011868309,6.3943444e-06
GABRR1,-0.00014208257,-0.0003726352,-0.00027653016,0.000100277364,-0.0011866465,-3.5329722e-05,0.00015411526,2.0580832e-05
RFX2,5.2705407e-05,-0.00012438372,-0.00010122359,-4.5808032e-05,-0.0008398816,0.00018795673,0.00011912733,7.994124e-06
AMDHD2,-6.905198e-05,-9.919703e-05,-1.6532838e-05,8.024555e-05,-0.0002022013,-9.847339e-05,-3.977958e-05,9.03965e-06
KCNK4,-0.00012987852,-0.00046177767,-0.00035221875,8.7229535e-05,-0.0007958561,-4.3548644e-06,0.00020912755,2.4517183e-05
RARS,-0.00021708943,-0.00048895366,-0.00036055222,0.00012257323,-0.0011222437,-8.885935e-05,0.00019481964,2.6362599e-05
TRPM8,0.0001050327,0.00027929246,0.0002615042,4.3713488e-05,-0.00091101974,7.759221e-05,-0.00018487405,-9.989017e-06
SLC14A2,-0.00021781027,-0.0004143715,-0.00033352338,0.00015136134,-0.0019980818,-0.00014172122,0.00015103072,2.550974e-05
PCDHGA2,-0.0002485402,-0.00050567463,-0.0003952626,0.00014703535,-0.0013354421,-0.00010363478,0.00020702649,2.8150971e-05
COL5A3,-2.5499612e-05,-0.00029136986,-0.00024531782,2.7876347e-05,-0.002171211,6.928947e-05,0.00018220767,1.6342383e-05
GMPPA,5.561486e-05,6.827712e-05,0.00010997988,2.9196963e-05,0.0008227527,-3.5472214e-05,-0.00012780447,1.7198035e-06
CDH9,0.00043558516,0.00056478195,0.0005394798,-0.00017194636,0.00027512014,0.00034203753,-0.000270986,-2.6315683e-05
GOLIM4,-5.7548285e-05,-0.00014358573,-0.00010131113,6.977655e-05,-0.001468651,-2.913177e-06,5.9302896e-05,8.954201e-06
ZKSCAN2,-6.662868e-05,-0.00069701485,-0.0004768949,-8.9602545e-06,-0.00016145408,0.00013392884,0.0003766399,2.886483e-05
LGR6,-0.0005162824,-0.0007480271,-0.0008165091,0.00036738813,-0.0033988953,-0.00018403167,0.0003896542,5.0247647e-05
SLC2A4,-2.4028122e-05,-0.00024687313,-0.00011456199,1.2366101e-05,-4.2140484e-05,2.8371811e-05,7.819664e-05,1.1968892e-05
NOC2L,0.00024543516,5.800277e-05,0.00036077946,-0.0002180459,0.0027941465,7.349439e-05,-0.00015230197,-1.3403478e-05
HCN1,0.00037012622,0.00047078356,0.0005696919,-0.00014043879,0.00247176,4.3857843e-05,-0.0003757039,-2.271554e-05
GSN,-0.00013479404,-0.0005124286,-0.0004219655,8.8849105e-05,-0.0018799156,7.678382e-05,0.0002791891,2.8317445e-05
IKBKE,-1.7521903e-05,-0.00030083954,-8.4701926e-05,-7.544551e-05,-7.598102e-05,0.00012476463,0.00013033953,1.0005431e-05
AKAP12,-0.00062776357,-0.0010339934,-0.00088479184,0.0003240658,-0.002489321,-0.00035614893,0.00044316333,5.9045153e-05
SHMT2,-0.000329813,-0.00018375553,-0.00019909628,0.0002628276,-0.0017615855,-0.00030736672,-2.6768073e-05,2.1294458e-05
GOLGA2,-9.02731e-05,-0.0005033873,-0.000324741,-2.878718e-05,-0.000119924545,0.00011187885,0.00026393216,2.2752793e-05
SART1,0.00014508702,-0.000117952004,-6.067753e-05,1.404807e-05,0.0013592094,3.979355e-05,-7.0575625e-06,9.971904e-06
ANO3,0.0001223702,-3.2091513e-05,7.712096e-05,-8.857157e-05,0.00047057867,0.0001649661,2.3187138e-05,-3.6297133e-06
PGR,-6.740168e-05,-0.00018256158,-0.00012452714,8.008629e-05,-0.00048904866,-2.508331e-05,3.5324134e-05,1.3923738e-05
ARSJ,-0.00020021759,-0.0005331207,-0.00041674636,9.7454526e-05,-0.002036482,-2.9802322e-07,0.0002719462,2.7353992e-05
TGFBR1,-0.00022989139,-0.0006477274,-0.00061833486,0.00020116381,-0.0010869429,-3.0422583e-05,0.00033893995,3.7970254e-05
LGI4,-7.080287e-05,-0.00038998947,-0.0004086867,0.00012741145,-0.00070067495,0.0001201313,0.00023372006,2.4420093e-05
TSHR,-0.0002621524,-0.00071325526,-0.00056427345,0.000115988776,-0.0008901432,-4.310906e-05,0.00034611952,3.598258e-05
STOML2,2.8915703e-05,-0.00035557896,-0.00011954084,-9.706337e-05,-0.00014852732,4.6353787e-05,0.00013498776,1.3973564e-05
LIG4,0.00059615634,0.00048794784,0.0005916357,-0.0002871696,0.0014126524,0.00051087234,-0.00021241326,-3.298954e-05
TMTC4,0.0002568122,0.00033321418,0.0005140137,-0.00013535097,0.002186589,-6.667152e-05,-0.00034822244,-1.663377e-05
ENGASE,0.0002037324,-0.000134103,4.8400834e-05,-0.00010138936,-2.117455e-05,9.58778e-05,2.9022805e-05,1.66893e-06
MCM10,4.213862e-05,-0.00027249567,-9.022467e-05,-6.7618676e-05,0.00075010955,0.00014958251,0.00011226814,1.0230113e-05
ANGEL1,0.0003818702,0.00039831363,0.00059645995,-0.00027472805,0.0012705177,0.00029355567,-0.00022880267,-3.0637486e-05
BAHD1,0.00025634468,0.00053309463,0.00048419833,1.898501e-05,0.001751624,3.6766753e-05,-0.00038839038,-1.8876162e-05
TYR,-0.00020256825,-0.00050328113,-0.00037110597,0.00011262763,-0.0011216402,-6.389618e-05,0.0002114987,2.6449794e-05
ICA1,0.00021819584,-0.00015460886,8.362904e-05,-0.00017610099,0.0016078129,0.0001318464,1.9345433e-05,1.5073456e-06
RASGRP1,-0.00040343404,-0.00020945258,-8.9496374e-05,0.00019850768,0.0008059591,-0.0003929753,-9.11504e-05,1.7330982e-05
YES1,0.00023139454,4.1078776e-05,0.00026812404,-0.00018344261,0.001459159,0.0001081517,-9.8806806e-05,-8.619041e-06
SLC5A7,0.0006400924,0.0005771052,0.0006539617,-0.00028569903,0.0020569488,0.00040202402,-0.00030021463,-3.285054e-05
G6PD,0.00044100545,0.0004096795,0.00055936724,-0.0002728682,0.0021868572,0.00032203272,-0.00023041945,-2.728228e-05
USP44,0.00015126914,0.00021681935,0.00030290708,-7.17612e-05,-0.000116072595,6.6013075e-05,-0.00017089304,-1.0372605e-05
GPRASP1,-0.0002649147,-0.00042234547,-0.0005270038,0.00024791528,-0.0033558235,3.9754435e-05,0.00027932506,3.238092e-05
TXNRD2,0.00015327707,-0.00013281964,-2.6211143e-05,-7.3242e-05,0.00019408762,0.00013648532,6.1090104e-05,5.5612763e-06
WDR86,-0.00034486316,-0.000572443,-0.0005888585,0.0002842564,-0.0017813072,-0.00022143079,0.00024175178,3.9865845e-05
FOXP4,-0.00029285066,-0.0010237284,-0.0007681027,0.00015029497,-0.004689835,-0.00014297105,0.00049404986,4.9178256e-05
TRMT1,-0.000112980604,-0.0003146995,-0.00016774982,4.553888e-05,5.798787e-05,-9.320583e-05,7.729884e-05,1.7305021e-05
IFIH1,-0.00020351261,-0.00028923713,-0.00024499558,0.00020006206,-0.0009785816,-0.00016755844,5.308073e-05,2.1088286e-05
RUNX1,7.608533e-05,-0.00016532838,2.3022294e-06,-6.326381e-05,-2.592802e-05,0.00011502579,5.824305e-05,3.854395e-06
PCDH18,-0.0003666114,-0.0009416174,-0.0006985143,-3.7746504e-06,-0.0034943,0.00013045035,0.0005672164,4.184409e-05
MATK,-0.00019698031,-0.00035228394,-0.000370007,0.00021663588,0.00014274567,-0.00014880719,0.000108917244,2.7590198e-05
PALD1,2.1396205e-05,8.096732e-05,0.00017834269,2.3087487e-06,0.0007208064,-2.0539388e-05,-0.0001336066,-2.9511284e-06
SPIDR,0.00015545823,0.0002388265,0.00024300069,-4.3266453e-05,0.0002791956,0.00013334118,-0.00014614593,-7.646158e-06
DIXDC1,0.00010714866,0.00022654608,0.00035647862,-7.459428e-05,0.0023939982,-3.4353696e-05,-0.00024553295,-1.1892756e-05
AIFM1,3.1182542e-05,8.7291e-05,0.00011680275,1.746323e-05,-0.0020142347,8.7033026e-05,-4.2142347e-05,-2.800487e-06
SCAI,-0.00010430999,3.6478043e-05,-4.8248097e-05,0.00023349002,-0.0003196597,-0.0001925379,-0.00014192518,1.3228855e-05
ALG8,-0.0005222801,-0.00052352436,-0.00052707456,0.0003633462,-0.0016012713,-0.0005074134,0.00011475105,4.1719642e-05
IL16,-0.00017378852,-0.00047331676,-0.00039892457,0.00016902387,-0.00063201785,-9.990204e-05,0.00018169265,2.885575e-05
LONRF1,-0.00021307543,-0.00071760453,-0.0005886201,0.00016265828,-0.0017337054,-6.993301e-05,0.00031826086,4.0873303e-05
FCHSD1,4.6843663e-05,0.00039291382,0.0004165843,4.0754676e-05,0.0014296398,-0.00021418976,-0.00037412625,-1.2181001e-05
COBL,0.0007630121,0.00067164004,0.001015462,-0.0005377438,0.0048540756,0.00043668877,-0.00041781086,-5.2918564e-05
INTS5,0.0005088784,0.00039172918,0.0006806385,-0.00041706115,0.0034115687,0.0004320247,-0.00022515003,-3.468676e-05
SIX4,-0.00014723279,-0.00013256632,-2.8437003e-05,9.4954856e-05,0.00035512447,-0.0001562559,-5.1105395e-05,9.864103e-06
TDRD12,-0.00020239316,-0.0004899278,-0.0003591068,0.00011470541,-0.0009333119,-8.030422e-05,0.00019507296,2.630311e-05
ERAP1,0.00048063695,0.00028542243,0.0005877819,-0.00039717183,0.0022685006,0.0003449591,-0.00018869806,-2.7299277e-05
SLC26A11,0.00050360523,0.0004402846,0.0005024038,-0.00030683726,0.0005820915,0.0005095089,-0.00013489183,-2.9117451e-05
SMARCA1,-0.00016380474,-0.00030202605,-0.00018389337,0.00011170376,-0.00074377656,-0.00010060053,7.879548e-05,1.7242273e-05
ACOT11,-0.00025076792,-0.00043726154,-0.00032823533,0.00016299356,-0.0008628145,-0.00020341622,0.00012841355,2.628821e-05
WDR49,0.0001585707,7.2153285e-05,0.0002904199,-0.00015314855,0.0013779253,9.342283e-05,-0.00011679623,-1.0604155e-05
SCARF2,-8.800998e-05,-0.00041379407,-0.00018610246,-3.05539e-05,0.00018146634,-6.704405e-05,0.00013709534,1.7615966e-05
ACSS1,-0.00010542013,-0.0004083272,-0.00022699125,2.025254e-05,0.00011513382,6.1858445e-06,0.00016898103,1.6153208e-05
ST7,-5.789101e-05,-0.00014185905,2.3342669e-05,-4.2114407e-06,-0.00036974996,-7.1534887e-06,1.4342368e-07,5.586422e-06
ACAA1,1.3032928e-05,-0.00017565675,-4.6683475e-05,6.5173954e-06,-0.00029423833,-1.4715828e-05,1.851935e-05,1.0503456e-05
ADAM17,6.4026564e-05,5.6413934e-05,9.870902e-05,6.8441965e-05,-0.00027995557,-7.681269e-05,-0.00012263563,1.5844125e-06
VANGL1,0.00017772056,-2.1802261e-05,0.00013448484,-0.00012547057,-0.0009307042,0.00018461887,1.1853874e-05,-4.254398e-06
USP6NL,0.00021809712,0.00026705116,0.00035968982,-0.00016474724,0.0013507605,0.00018128473,-0.00016211625,-1.5431084e-05
DAGLA,0.00027381815,0.00019270368,0.00037600286,-0.00021642819,0.0017252192,0.00016547926,-0.00015281234,-1.5100115e-05
SNX14,-0.00026870146,-0.00044158287,-0.0004266873,0.00021024793,-0.0009072125,-0.00013942784,0.00017326418,3.1074276e-05
SMAD9,1.5854836e-05,-0.00022343732,-6.700307e-05,-0.00010208879,-0.0017721951,0.00020747446,0.00017540809,4.011905e-06
ZNF418,0.0003253799,0.0004848782,0.00067552365,-0.00015788805,0.0036460683,7.079914e-06,-0.0004413696,-2.6399153e-05
DQX1,-0.00014109164,-0.0003389232,-0.00021504238,8.70917e-05,-0.0005719587,-6.45211e-05,0.00010195095,1.9240892e-05
FCHSD2,-0.00020050444,-0.0004565753,-0.00038155355,0.00019325968,-0.00065576285,-0.00018214528,0.00014014728,2.892071e-05
SOX13,0.00039212406,0.00034386292,0.0006351508,-0.00031804852,0.0037925541,0.00021386519,-0.00028635655,-2.947892e-05
SAP130,2.833642e-05,-9.313412e-05,-2.5914982e-05,-5.2796677e-05,0.00068210065,0.00010794494,4.1078776e-05,6.2509207e-06
NBR1,-7.946603e-05,-0.00032707676,-6.003864e-05,-6.557256e-05,-0.00086538494,1.7709099e-05,0.0001052646,1.102814e-05
ACADS,0.0001816731,0.0001327768,0.00010419451,5.501602e-05,-0.00057994574,8.0878846e-05,-9.985734e-05,-2.0166626e-06
MCM7,1.7490238e-06,-0.00031355955,-8.044019e-05,-0.00010678638,0.00096429884,7.668231e-05,0.0001226468,9.696232e-06
SLC44A2,-0.0002486147,-0.00037234463,-0.00017437339,7.202849e-05,0.00106702,-0.00026046112,3.7289225e-05,2.0616222e-05
GLS,-0.00034225173,-0.00063350797,-0.00057685,0.000180359,-0.0008670613,-8.89143e-05,0.00031299423,3.818574e-05
SNCAIP,-4.333444e-05,-0.000246061,-6.6379085e-05,-5.382113e-06,0.00051277876,-5.1999465e-05,3.1016767e-05,1.2074597e-05
STON1-GTF2A1L,0.0002895426,0.00048040226,0.00059165247,-0.00015142094,0.0025060922,6.5648e-05,-0.00036639813,-2.4968642e-05
PML,-7.79517e-06,-3.5651028e-05,-8.654781e-05,0.0001103729,-0.00077456236,3.4365803e-06,-7.845461e-06,1.0594842e-05
TUBA1C,-0.00036593713,-0.0010942146,-0.00092491694,0.00022213906,-0.002017565,-3.3924356e-05,0.0005654795,5.5022305e-05
SDAD1,0.00010806881,0.00018623285,0.00029249303,2.4341978e-05,0.0008851737,-0.00014160154,-0.00025968906,-6.347196e-06
BMP1,-0.0005179774,-0.0006167907,-0.00016308203,1.4167279e-05,-5.7145953e-06,-0.000554977,7.0216134e-05,2.3390283e-05
NPAS3,-0.00041576102,-0.0012779217,-0.00096471794,0.000119705684,-0.0010414347,-4.1681342e-05,0.0006355485,5.924888e-05
HELQ,0.00029101595,0.00048930757,0.0005311873,-0.00010522362,0.0012899861,9.196997e-05,-0.00033781398,-2.1897373e-05
TCF7,0.00018465705,-7.671118e-05,0.00028061308,-0.0002487125,0.0023873746,8.116476e-05,-6.911345e-05,-8.565141e-06
IRF8,-0.00033739582,-0.00072962604,-0.00064929016,0.000264531,-0.0015166476,-0.00023116404,0.0003024228,4.3558073e-05
SPTLC3,0.00017998926,-0.00015236996,5.551614e-05,-0.00015356857,0.0011567026,0.00025306083,6.940402e-05,-1.2526289e-07
DNAI2,-0.000117275864,-0.00028046593,-0.00017188676,0.000103791244,-0.00142432,-5.0012022e-05,8.013379e-05,1.5935395e-05
BCAR3,0.00033663586,7.348508e-05,0.00022234768,-0.00017797202,0.0013310686,0.00024914928,-6.0048886e-05,-8.231495e-06
IHH,-0.00019919872,-0.00048033707,-0.00034854934,0.000111727044,-0.00099127,-7.7076256e-05,0.00019169506,2.5592977e-05
FRMD8,3.5287812e-05,-0.000120438635,-7.5737014e-05,0.00010594074,-0.00014531612,-6.2569976e-05,-2.0187348e-05,1.0779593e-05
SLC22A5,0.00015909411,0.00034220703,0.0005243011,-0.00018261187,0.0013732463,3.913138e-05,-0.000288642,-1.9730767e-05
FARSA,4.0529296e-05,-0.00013665482,-1.6465783e-06,-3.3400953e-05,0.00055515766,8.030608e-05,2.5718473e-05,5.2896794e-06
FZD9,-0.00027032197,-0.000108988956,0.00010243431,7.791724e-05,0.0016085207,-0.00039304234,-0.00018111896,7.874332e-06
EFEMP2,-0.00021912158,-0.000296738,-0.00028595887,0.00019311532,-0.0016623661,-0.00014413381,0.000103398226,2.0931591e-05
NLGN4X,-0.0004021246,-0.00068561174,-0.000776818,0.00033656042,-0.0028517023,-1.2524426e-05,0.00039642397,4.6088826e-05
GEMIN5,-2.723746e-05,0.00022041611,0.00035718642,-5.5106357e-06,0.0010273606,-0.0001459457,-0.00027936604,-8.652103e-06
AACS,-0.00015019812,-0.00038755685,-0.00016122125,1.0435469e-05,0.0001873821,-0.00016054278,8.226093e-05,1.8408871e-05
NCAPG2,8.15168e-05,0.00012104772,0.0002380833,-5.394686e-05,0.0003836155,6.731413e-05,-0.0001353072,-6.8007503e-06
SIPA1L3,0.00051326863,0.0006495621,0.00076020136,-0.0002634134,0.0016056895,0.0002530543,-0.00039379392,-3.749528e-05
NTNG2,0.00031521916,-2.1910295e-05,0.0001731515,-0.00016951188,0.0019197315,0.00020941999,-3.789924e-05,-4.470814e-06
PHC3,0.00025256723,8.7186694e-05,0.00033684447,-0.00019114092,0.0030352622,9.543821e-05,-0.00016500335,-1.0633841e-05
SLC19A1,6.0815364e-05,0.00030135736,0.00028433464,7.6081604e-05,-0.0014242381,-1.0557473e-05,-0.00023283716,-8.2384795e-06
ENTPD7,0.00038926676,0.00035570003,0.00069361925,-0.00030728616,0.0036382526,3.8072467e-05,-0.00036358368,-2.8307666e-05
PCDHGB1,-0.000242671,-0.00056187436,-0.00039879233,0.00011008512,-0.0011771619,-9.842776e-05,0.00023094937,2.8749462e-05
P3H2,-7.805787e-05,-0.00049607083,-0.0003339015,5.1815063e-05,0.00033319741,-6.476976e-05,0.00019032042,2.468261e-05
POU2F1,-0.0005132109,-0.0011698063,-0.0011404771,0.00037871115,-0.0028619096,-0.00011987379,0.0006209789,6.659597e-05
ALPK1,-0.00020753965,-0.00038742833,-0.00032998063,0.0002064649,-0.0018546209,-0.0001765294,0.000118754804,2.5957008e-05
SUGP2,-0.00053927116,-0.0010355674,-0.00087196566,0.0003068624,-0.0023193806,-0.00026430143,0.0004595248,5.5824872e-05
GLE1,-0.0002941545,-0.00035756268,-0.0002535954,0.00019626599,-0.0016943738,-0.00034305826,4.7381036e-05,2.5043148e-05
ARHGAP12,5.6028366e-06,2.1757558e-05,0.000112066045,5.746074e-05,0.0021614954,-5.191285e-05,-0.0001425175,2.1051383e-06
KANSL1L,0.00015456416,0.00019647554,9.326637e-05,8.162856e-05,-0.0011929944,0.000102384016,-0.00010247063,-2.0079315e-06
AGBL3,-0.00010629371,-0.00027604774,-0.00012044236,-6.205402e-05,-0.0021944642,0.00012827758,0.00018629059,8.851872e-06
MAN2C1,-0.00023300946,-0.0004039202,-0.00033866055,0.0002301503,-0.0010361075,-0.00026551867,7.9490244e-05,2.8950279e-05
IQCH,-3.065355e-05,-0.0003993567,-0.00023033842,-6.2957406e-06,-0.0011421368,5.1090494e-05,0.0001992574,1.5677884e-05
RPRD2,-6.014295e-05,-0.00028018467,-0.0001782924,0.000113220885,-0.0012597963,-1.8170103e-05,8.004811e-05,1.6361359e-05
ARMC8,6.630272e-05,-5.199574e-05,7.084198e-05,-1.2025237e-05,0.00012601912,2.411846e-05,-4.7151e-05,3.4299446e-06
TINAGL1,-8.106232e-05,-0.00026439503,-9.661354e-05,2.6067719e-05,-0.0006993264,2.527982e-05,8.119829e-05,1.0430696e-05
SLC12A7,-0.00027686916,-0.0008453056,-0.00046468154,-1.5271828e-05,-0.00083321333,-0.00010683108,0.00035724137,3.422785e-05
PCDHA11,0.000429295,0.00036258623,0.000561228,-0.00026446395,0.0021704882,0.00018571876,-0.00026556198,-2.5219284e-05
HIF1A,-0.00031267293,-0.0007294193,-0.00057551265,9.6849166e-05,-0.0011086464,4.4233166e-05,0.00038842857,3.62579e-05
TDRD1,4.1769817e-05,-0.0002334658,-0.000118171796,-3.9823353e-06,-0.0010492727,9.140279e-05,0.00010465179,1.1445722e-05
ZBTB10,-0.0004748609,-0.0011945534,-0.0010122489,0.00029334333,-0.0021834,-0.00025079446,0.00055525266,6.260874e-05
PCDH9,4.3731183e-05,-0.00031415187,-0.0002135858,7.1434304e-05,-0.00071095675,2.6719645e-05,0.00010286458,1.94998e-05
SNX27,-0.0002844669,-0.00017761998,-0.00010950677,0.0001584785,-0.0006511435,-0.00020321459,-2.4538487e-05,1.6068574e-05
CATSPERG,1.8263236e-05,0.00025109947,0.00037980825,-3.615115e-05,0.0007185042,-0.00014001178,-0.00027807895,-1.0001822e-05
TM7SF2,-0.00020692125,-0.00013673678,-0.00016272627,0.00020003505,-0.0005301386,-0.00019907486,-2.4964102e-05,1.6900594e-05
CERCAM,0.00010843016,-0.00023925863,4.2837113e-05,-0.00017262343,0.003074132,4.858058e-05,2.7055852e-05,4.603993e-06
METTL13,-0.00021708943,-0.00048895366,-0.00036055222,0.00012257323,-0.0011222437,-8.885935e-05,0.00019481964,2.6362599e-05
SYNRG,-0.0001300294,-0.00039897487,-0.00030551665,0.00015641563,0.0002899617,-0.00012198975,0.00010236446,2.5485526e-05
MYRIP,0.00040248595,0.00038650073,0.00053722784,-0.00019737706,0.0008986369,0.0002924269,-0.0002344409,-2.6516966e-05
NFS1,4.470162e-05,7.276237e-05,0.00017860346,5.7697296e-05,0.00023647398,-0.00014183111,-0.00019078981,2.7695205e-07
SPAG5,-0.0002526082,-0.00043093972,-0.00031043217,0.000119135715,5.4448843e-05,-0.00017329073,0.00013582781,2.505863e-05
SNW1,-0.00013662316,-0.00036142766,-0.0002804175,0.00013196468,-0.0014066622,-4.174281e-05,0.00014066696,2.1539046e-05
DPF3,1.5459955e-07,-2.3599714e-06,2.1172687e-05,4.2188913e-05,-0.0013685375,-4.986301e-06,-2.7270056e-05,3.9779115e-06
SLC26A10,-0.00038529374,-0.0003620442,-0.00034413114,0.00031983852,-0.0024481341,-0.00035818946,3.4078956e-05,3.1303032e-05
TTLL6,-9.1947615e-05,-0.00025430694,-0.00016324408,7.4090436e-05,-0.0010388196,-2.844911e-05,8.555595e-05,1.43947545e-05
HEXDC,-0.00021708943,-0.00048895366,-0.00036055222,0.00012257323,-0.0011222437,-8.885935e-05,0.00019481964,2.6362599e-05
MCM9,0.00038824417,0.0003167987,0.0003363192,-0.00019541848,5.4180622e-05,0.00037586968,-0.000103616156,-1.7393962e-05
SMARCB1,-8.138828e-05,-0.00013118796,-2.1915883e-05,4.516449e-05,-0.0012410283,-8.9602545e-06,7.846393e-06,8.274452e-06
CHST6,9.1701746e-05,-0.00024089217,4.047528e-06,-0.00010336004,0.0015297085,2.9804185e-05,5.222857e-05,3.8688304e-06
PHF20,-0.00015895627,-0.00037531368,-0.0002410058,0.00010338798,0.0006985292,-7.043686e-05,0.00010276027,2.0982581e-05
CFAP58,0.00016003288,-2.5376678e-05,9.0954825e-05,-5.713757e-05,0.00010403991,0.00014409423,-1.5493482e-05,-1.0781223e-06
UXS1,-3.2274053e-05,-9.0582296e-05,1.3507903e-05,-2.6106834e-05,-0.0032491907,0.00017481856,9.44715e-05,1.1930242e-06
SLC40A1,0.0004228428,0.00038370304,0.0005081892,-0.0002002893,0.00031972677,0.00035378896,-0.00020472426,-2.5271554e-05
PGM1,-0.00023698807,-3.4768134e-05,-0.00013379939,0.00025258213,-0.0012796372,-0.00019204337,-7.396843e-05,1.71375e-05
APBB2,-0.00025972165,-0.0006955266,-0.00046385452,9.747967e-05,-0.00038430095,-0.00016290834,0.00025653653,3.516709e-05
VWA2,0.00025092065,-3.4924597e-06,0.00016961247,-0.00015962403,0.0014818236,0.00021871552,-2.7537346e-05,-5.5353157e-06
CSK,-8.129701e-05,-5.6780875e-05,-5.8667734e-05,0.00011587143,3.08007e-05,-8.758437e-05,-4.170183e-05,1.0695774e-05
RARB,0.00018130615,-4.5374036e-05,0.00016037002,-0.00020161457,0.001479432,0.00019325688,9.313226e-10,-4.374655e-06
CCDC136,-0.00029765628,-0.0009499062,-0.00074869953,0.00018113479,-0.0002490133,-0.00014361553,0.00042163022,4.8315153e-05
ARSE,-0.00021708943,-0.00048895366,-0.00036055222,0.00012257323,-0.0011222437,-8.885935e-05,0.00019481964,2.6362599e-05
MFAP1,8.642115e-05,2.2938475e-05,0.00028171763,-0.00011210982,0.0012479648,-5.4176897e-05,-0.00014721695,-6.705639e-06
CHRNB2,0.00017966889,1.8235296e-05,0.00012115389,-6.756e-05,0.0005726367,7.359777e-05,-5.7443976e-05,-2.0541484e-06
EEF2K,0.000105017796,5.7332218e-05,0.00023378432,-7.2921626e-05,0.00045008957,7.977709e-06,-0.000110474415,-7.1926042e-06
MARK4,0.00049889646,0.0002845805,0.0005047638,-0.0003183866,0.00095696,0.00039413106,-0.00014092121,-2.5677611e-05
ESPN,-3.7383288e-05,-0.00024118647,-0.00013016537,6.213412e-05,-0.00030029565,-1.9651838e-05,5.906541e-05,1.3281708e-05
COG1,0.00015921332,-2.5797635e-05,0.0001992248,-0.00015269592,0.0004959032,4.5775436e-05,-6.2596984e-05,-4.603411e-06
CPSF1,-0.00022959523,-0.00045607425,-0.00033376366,0.00017275568,6.634742e-05,-0.0003070538,8.053798e-05,3.036228e-05
ADAMTS16,-1.9507483e-05,-0.00033399835,-0.00012317486,-2.9866584e-05,5.3979456e-05,3.0127354e-05,0.00011073705,1.2789853e-05
IMPG2,-1.6003847e-05,-0.00014938228,1.1835247e-05,2.268795e-05,-7.994473e-06,-9.313878e-05,-3.872253e-05,8.334522e-06
USP31,-1.9147992e-05,-7.377006e-05,-1.2438744e-05,6.7427754e-07,-0.0016501546,0.00016671605,6.857701e-05,3.1263335e-06
VIPAS39,-0.0002788715,-0.00035945885,-0.00036186725,0.00021905173,-0.0012419969,-0.00019836659,0.000106411986,3.0018855e-05
TSR1,0.00037528202,0.0005413871,0.00051994063,-6.746221e-05,0.0011143163,0.00012651831,-0.0003529312,-2.2735097e-05
WT1,-0.00021637045,-0.00047472864,-0.00035037473,0.00012282562,-0.0016188174,-8.892268e-05,0.00019362476,2.5562244e-05
ARSD,0.00019286387,-3.1126663e-05,0.00014047325,-0.00012226123,-0.00051576644,0.00022041425,1.4282763e-05,-5.697715e-06
BBS7,-2.0064414e-05,4.7424808e-05,0.00015129894,6.448571e-05,0.0008753836,-0.00016057445,-0.00017658714,1.4430843e-06
GNL2,8.288771e-05,-0.0002188608,-5.7304278e-05,2.8442591e-06,-0.0006207153,8.274801e-06,3.9636157e-05,1.0389369e-05
NTN4,0.00047920272,-0.00010570884,0.00046073645,-0.00051241275,0.004120134,0.00019767135,-7.475354e-05,-1.6900245e-05
DENND4A,0.0006247498,0.00050771795,0.0007171035,-0.00035582576,0.003185317,0.00040754676,-0.00030084606,-3.6699697e-05
NSUN2,3.886409e-05,0.0002754759,0.00038622692,4.1493215e-05,0.0017508864,-0.0002240166,-0.00035515707,-8.515781e-06
HADHB,-0.00023915246,-0.0002718661,-0.00018765591,0.00013042241,-0.00045618415,-0.00018125074,4.9311668e-05,1.8081395e-05
STXBP3,-0.00016690046,-0.00021445565,-0.00021730736,0.00018363167,-0.000516735,-0.00018737605,2.1080486e-05,1.9363011e-05
POLL,0.000298962,0.00030878372,0.0005162582,-0.00020171609,0.0014395714,9.36836e-05,-0.00026489142,-2.0676991e-05
SEC63,-0.00021387637,-0.00030859,-0.00020548701,0.00014007743,-0.00026980788,-9.351317e-05,7.406436e-05,1.8592575e-05
PCDHAC2,0.00035016984,0.0004179906,0.0006480627,-0.00029370375,0.0022438094,0.00020556059,-0.00028515887,-3.068638e-05
PFKFB1,-0.00014353916,-0.00047378056,-0.00030818395,5.3533353e-05,-0.0008206293,-1.093559e-05,0.0002032211,2.262427e-05
SLC5A3,-0.00057072006,-0.001239324,-0.0010971949,0.00036559813,-0.0025490671,-0.00025732163,0.0005737841,6.923603e-05
ACSL3,-0.0005772598,-0.00090124644,-0.00085772574,0.0003804434,-0.0027256608,-0.00025815284,0.00041762553,5.3584343e-05
ADGRF3,-0.00020062365,-0.00050764903,-0.00034651533,0.00013839267,-0.0016435087,-0.00011561718,0.00018070918,2.640253e-05
USP37,1.065433e-06,-0.00011460669,-0.00011207536,0.00012717675,0.0009868369,-6.310921e-05,-4.0573068e-05,1.547893e-05
STIM1,0.0003632661,0.0004575234,0.00064224564,-0.0003253864,0.0020654798,0.00029974896,-0.00025400613,-3.252155e-05
PPP2R3A,-0.00013522804,-0.00034250878,-0.00034444034,0.0001718849,-0.0020132065,2.4172477e-05,0.00016898196,2.4121488e-05
NRG2,2.6077032e-05,-0.0003254544,-0.0001818072,-5.6280755e-05,-0.0004021302,0.00014919043,0.00017636456,1.3808021e-05
KRT4,-9.094179e-05,-0.00037275068,-0.00024156272,3.7704594e-05,-0.000722073,3.7015416e-05,0.0001699701,1.7724815e-05
GTPBP2,0.0005003549,0.00070688315,0.0006710831,-0.00015502702,0.0020896867,0.00021247286,-0.00041426253,-3.1285104e-05
TBCK,0.00013503432,-6.360002e-05,0.00027025864,-0.00024000648,0.001644209,0.00013318844,-3.7923455e-05,-1.0483549e-05
OSBPL9,4.2960048e-05,-0.00012531132,6.0630962e-05,-1.0892749e-05,0.00026965886,-6.707106e-05,-6.137695e-05,7.1921386e-06
PMFBP1,0.0006997455,0.0008940641,0.001031965,-0.0004042266,0.0013560504,0.00042490475,-0.00048313942,-5.2729156e-05
WNT10A,-2.7323142e-05,-0.0002828762,-0.00016510673,4.392583e-05,-0.0005322993,2.7639791e-05,0.00010046456,1.4644931e-05
FH,-0.00011238642,-0.00018575415,-0.00012899004,0.000104165636,-0.002755396,-3.800541e-05,6.7287125e-05,1.32118585e-05
TLE2,0.00049668923,0.0007889997,0.00081181154,-0.0001362972,0.0012778863,0.00017297082,-0.0005080262,-3.818632e-05
HAS3,0.00040416047,0.0004002452,0.00062939525,-0.00027667824,0.0019468814,0.0001377184,-0.00030964892,-2.6409863e-05
BMPER,0.00022916682,0.0003352221,0.00064761937,-0.00020617526,0.0029624626,-0.00011853315,-0.00039912295,-2.3026834e-05
BNC2,-0.0007972829,-0.001142906,-0.0007901024,0.00021287333,-0.008210063,-0.00034382427,0.00056802575,5.0637755e-05
GALNT16,2.0692125e-05,-5.8809295e-05,-2.3083761e-05,9.977259e-06,-0.00021693856,1.0326505e-05,-3.511086e-07,6.825314e-06
HERC6,0.00022510439,0.00014399737,0.00029314496,-0.00015287753,0.00071531534,0.00020381436,-0.000111783855,-1.1153636e-05
CFAP54,-0.00013554096,-0.00041980483,-0.00030192547,7.48802e-05,-0.0011365265,-2.6598573e-06,0.00018877257,2.2085384e-05
PKP3,-0.00017470308,-0.0005116742,-0.0003347881,7.680431e-05,-0.0005480945,-4.5351684e-05,0.00020139571,2.4884008e-05
SECISBP2,-0.00010281615,-0.00028810836,-0.00013575517,3.7718564e-05,0.00020934641,-7.920712e-05,6.757025e-05,1.5100115e-05
PPOX,-0.000108389184,-8.2273036e-05,-1.3303012e-05,0.0001247013,0.00051587075,-0.0002002772,-0.0001020683,1.110835e-05
FAM120B,0.00019965507,5.438924e-07,6.644614e-05,-1.6117468e-05,7.060915e-05,6.266404e-05,-6.240141e-05,3.7004938e-06
KCNT2,0.00061861984,0.0004660897,0.0007043239,-0.00041504297,0.0029439032,0.00038236007,-0.000271176,-3.4371507e-05
TTI1,0.00014933199,-0.00016405992,3.7459657e-05,-0.00015718397,0.000130333,0.00019145012,7.560477e-05,2.9180665e-06
LDB3,5.8429316e-05,0.00039031915,0.00045173243,-3.6804006e-05,0.00026758015,-6.016437e-05,-0.00030480977,-1.7073238e-05
FGD2,-0.00044349767,-0.001018241,-0.00091448054,0.0002695052,-0.001933448,-0.00015534041,0.00051353127,5.567714e-05
MCC,9.760633e-05,0.0006661415,0.0006436948,7.592887e-05,0.002448976,-0.00021629967,-0.0005708849,-2.3186207e-05
TFR2,0.00021575019,0.00022876263,0.00034827366,-2.2982247e-05,0.0024417266,-0.00012286613,-0.00030149054,-8.886331e-06
OTUD4,-0.00015127845,0.00010612421,6.384216e-05,0.00016041193,0.00074703246,-0.00013261242,-0.00016703736,5.128677e-06
ACTR2,-0.0003737416,-0.001014702,-0.00085590035,0.00018630363,-0.0018713549,-5.4751523e-05,0.00052415486,5.2156043e-05
VPS54,-8.4307045e-05,-0.0003074836,-0.0003388431,0.00022037793,-0.0016883537,-6.706361e-05,0.00013530534,2.1994463e-05
ESRP1,-0.0001640208,-0.00040081516,-0.0002411604,7.53738e-05,-0.0003919825,-4.7091395e-05,0.00013749395,1.9735307e-05
TBX15,-0.00011732429,-0.00019868091,-4.5590103e-05,4.848186e-05,-0.0007286817,-9.968039e-05,6.747432e-06,1.0735472e-05
KCNG1,-0.00030424073,-0.00076368824,-0.0005702097,0.00010657124,-0.0011063442,-0.00020339899,0.00033162255,3.849005e-05
HMBOX1,0.00039277598,0.00031524897,0.00045813248,-0.00017918088,0.0015047416,0.00018751714,-0.00023575593,-1.9041589e-05
PIF1,6.426871e-05,9.9651515e-05,0.00019867904,-0.00012439769,0.00057815015,0.00020114053,-5.462207e-05,-5.8268197e-06
PNISR,-0.00045190938,-0.0009990036,-0.0008133836,0.0002568392,-0.0016865134,-0.00017434964,0.00044862647,5.202205e-05
MCM5,-0.00020538457,-0.0005012769,-0.00041765347,7.298123e-05,-0.0019441545,5.5631623e-05,0.00029927958,2.5967136e-05
TMEM63B,0.00020108186,0.00027977675,0.0002121348,4.89885e-05,-3.3900142e-06,9.28957e-05,-0.00019605737,-4.841597e-06
HCFC2,-0.00030100346,-0.00011718087,-8.876994e-05,0.00020260457,-0.0018981174,-0.00030014617,-4.8852526e-05,1.3423152e-05
RPE65,-0.00025604106,-0.00045196526,-0.00046443567,0.00022606459,-0.0025639534,-7.291045e-05,0.0002207188,3.1158794e-05
MICAL3,-5.040504e-05,-0.00043804944,-0.00024508312,6.805174e-06,-2.413243e-05,3.215205e-05,0.00017336383,1.944846e-05
KIAA0586,0.0005974155,0.0005883798,0.000786826,-0.00036379788,0.001364179,0.0004270794,-0.0003159931,-4.0456303e-05
ARHGEF19,-0.00012523867,-0.00045474246,-0.0002539009,-3.9403327e-05,-0.00058965385,7.3286705e-05,0.00022231508,1.9231229e-05
EHD4,0.00019921176,0.0002868604,0.0003296826,-3.512483e-05,0.00090480596,6.492622e-05,-0.00022640917,-1.1932803e-05
KLHL7,-0.00041935034,-0.0009667352,-0.0008347593,0.00029296987,-0.0013437644,-0.00019603176,0.00042092055,5.4496923e-05
PLAT,0.00036482513,0.0004450921,0.00058016926,-0.00025284477,0.0004714355,0.0002351487,-0.00025723595,-2.6883092e-05
SLC4A4,-0.0003603939,-0.00067060255,-0.0006902274,0.00028488785,-0.0025409758,-0.00013653701,0.00034717284,4.113873e-05
R3HDM1,0.00026307628,-3.5213307e-05,0.0001540035,-0.0001666611,0.0011461973,0.0002820883,8.766539e-06,-5.5363635e-06
SCARF1,0.00028079748,-9.404123e-05,5.370006e-05,-0.000117558986,0.0018831342,0.00025756191,3.45055e-05,-8.3551276e-07
LHCGR,-0.0002045352,-0.00047947466,-0.00034642965,0.000114754774,-0.0010035336,-8.526351e-05,0.00018796418,2.5602058e-05
PRICKLE3,-0.0003357511,-0.0005672369,-0.0004616361,0.00016792864,-0.0019750595,-0.00014680158,0.00025129505,3.1316187e-05
AOX1,-0.0001545921,-0.00029018894,-0.00023109466,0.000111809,-0.00069242716,-3.7614256e-05,0.00011047535,1.7942744e-05
KIF3A,-0.0008932557,-0.0017529149,-0.001631381,0.0005220715,-0.0033975616,-0.00033331523,0.0008841092,9.70508e-05
ARSF,-0.0001359731,-0.0004239548,-0.0001653023,-2.5120564e-05,0.0004621148,-5.8718957e-05,0.00012739189,1.7333776e-05
RECQL4,0.0003997609,-0.00010279752,0.00017982349,-0.0003671078,0.001038909,0.00048197713,0.00011801347,-8.377596e-06
GALNTL6,6.1417e-05,-0.00023455359,-9.14298e-05,-2.524443e-05,-0.0004944131,9.3060546e-05,9.0510584e-05,1.0129996e-05
ZNF268,0.00041474588,0.0005988907,0.0007128287,-0.00022532418,0.0025032535,0.00016168505,-0.00040628668,-3.2000826e-05
ESR2,0.00013007782,7.644668e-05,0.00017348677,-5.0183386e-05,0.00012066215,7.238239e-05,-9.141769e-05,-4.1124877e-06
MAP4K2,-5.8198348e-05,-0.0005032476,-0.00036142394,-1.7219223e-05,-0.0013893098,0.00025487505,0.0003298344,2.0651263e-05
WNT2B,1.6164035e-05,-2.130121e-05,7.0689246e-05,4.7385693e-05,3.1523407e-05,-3.8740225e-05,-8.615386e-05,3.5722042e-06
SRRT,-0.00028400682,-0.00046930648,-0.0004689768,0.00020639692,-0.0019570738,-7.9356134e-05,0.00023321435,3.0925265e-05
ESR1,-0.0001808349,-0.0004520137,-0.0003346894,0.00011559855,-0.0013725609,-5.897414e-05,0.00017972011,2.5053741e-05
OXCT1,0.00016292371,8.517131e-05,0.00020454638,-7.727556e-05,-0.0002598539,8.1152655e-05,-9.911042e-05,-4.585483e-06
LPCAT1,-0.00030178204,-0.00028385036,-0.00021110103,0.00022850186,-5.528331e-06,-0.00042325165,-4.622806e-05,2.5573187e-05
ABHD16A,-0.00052177534,-0.0008366648,-0.00067190453,0.0002486622,-0.0033851862,-0.000251289,0.00036055036,4.557788e-05
HLCS,0.00016912632,0.00022891723,0.00037139282,-2.6156195e-05,0.0015439242,-0.00012873579,-0.00029973034,-9.07795e-06
NPLOC4,0.00051315315,2.2156164e-05,0.00023003481,-0.00026601553,0.00013629347,0.0004360769,3.1461008e-05,-1.268764e-05
KCNA5,0.00037993118,0.00048352033,0.0004686918,-9.4510615e-05,0.0016714036,0.00019537192,-0.00028954353,-2.2864318e-05
BCO2,-2.0746142e-05,5.7237223e-05,0.00010161288,4.9232505e-05,-0.001343742,-5.972013e-05,-7.261243e-05,-2.2654422e-06
NOS2,0.00019958988,-4.4858083e-05,0.00011036359,-0.00010162871,-0.00031865388,0.00021808129,1.8021092e-05,-4.045898e-06
RARG,0.0004335735,0.00066944957,0.0007379297,-0.00021659583,0.0014124513,0.00027043372,-0.0003811745,-3.8226717e-05
WDR72,5.3929165e-05,-0.0001858212,7.169321e-06,-6.288383e-05,0.00032135844,7.454492e-05,3.5967678e-05,5.478738e-06
FGA,-6.582774e-05,-0.00024247356,-7.0631504e-05,1.1743978e-05,-0.0007169023,1.0868534e-06,6.455835e-05,9.587384e-06
HSPH1,-0.00067145564,-0.0015683938,-0.0013850741,0.00037687458,-0.0039115474,-0.0001276359,0.0008283453,8.082762e-05
FAM120A,-0.0002011247,-0.00037161633,-0.00039768405,0.00024495367,-0.0008305907,-0.00013056677,0.00013386738,2.7799513e-05
NDOR1,-5.4303557e-05,-0.00034513697,-8.795224e-05,-0.00012692064,0.0004944429,2.9581599e-05,0.00013865903,1.0498916e-05
DPP10,4.8838556e-06,-3.862381e-05,7.102266e-06,9.55537e-07,-0.0022972077,3.4037046e-05,1.1419877e-05,5.3599942e-06
MICALL2,0.00041162968,0.00053778663,0.00069721416,-0.00025243964,0.0032720938,0.00017315708,-0.00037644338,-3.1952164e-05
CAMTA2,-4.1484833e-05,-0.00018372945,-8.9364126e-05,-6.248243e-06,9.676069e-05,6.698258e-05,6.314926e-05,1.0934309e-05
LRBA,0.0001706332,0.00031737797,0.00029624626,-4.486367e-05,-0.00027805567,0.000116566196,-0.00017598923,-1.2334902e-05
LPCAT4,0.00020626187,-9.283051e-05,-4.3790787e-05,-6.986689e-05,0.00110358,0.00026457384,7.273164e-05,5.2300747e-06
CLCN1,-2.66172e-05,-0.00021992251,-6.866455e-05,3.8015656e-05,0.00017613173,-5.3105876e-05,1.7119572e-05,1.141103e-05
CPAMD8,2.5365502e-05,0.00015398115,0.00026739202,1.0983087e-05,0.002237916,-0.00015283376,-0.00024532247,-3.7885038e-06
ITIH2,-4.8846006e-05,-0.00026248023,-0.00013054721,3.03071e-05,-0.00019821525,-2.0517036e-05,7.042941e-05,1.3973331e-05
LHX5,-0.00021708943,-0.00048895366,-0.00036055222,0.00012257323,-0.0011222437,-8.885935e-05,0.00019481964,2.6362599e-05
RANBP6,5.807914e-05,-9.668805e-05,7.003546e-05,-6.912276e-05,0.00065425783,0.00013677031,1.0248274e-05,1.17335e-06
AAK1,-3.6520883e-05,-0.00042456575,-0.00019407459,9.468757e-06,-0.00041442364,-9.581447e-06,0.0001420863,1.8002e-05
DDX21,-0.0001425799,-0.00022902153,-0.00013933517,0.000103552826,-0.00077276677,-5.628541e-05,5.0794333e-05,1.4255405e-05
KAT2A,0.0004747156,0.00018897839,0.00045707636,-0.00034529902,0.0025199875,0.0003677914,-0.00012193527,-2.1844287e-05
INTS8,0.00016322546,0.00028801896,0.0002580192,2.578646e-05,0.00021830946,7.882342e-05,-0.00020393636,-8.207164e-06
PCLO,-0.00053289905,-0.0012372397,-0.0010280162,0.00029153097,-0.0035237297,-0.00014691893,0.0006104857,6.3356245e-05
KCNG2,-0.00021708943,-0.00048895366,-0.00036055222,0.00012257323,-0.0011222437,-8.885935e-05,0.00019481964,2.6362599e-05
PPP1R21,0.0003267508,0.0003349986,0.00042599067,-0.0001298869,0.00058531016,0.00015778281,-0.00022573862,-1.7576502e-05
SEMA3E,-0.00048735738,-0.00056187436,-0.00047329627,0.0002953019,-0.0005838126,-0.00043168385,0.000119755976,3.819447e-05
PHEX,-6.49225e-05,-0.00033735298,-0.00023842044,9.240024e-05,-0.0012556762,3.2101758e-05,0.0001342725,1.9197236e-05
CARS,-0.00021708943,-0.00048895366,-0.00036055222,0.00012257323,-0.0011222437,-8.885935e-05,0.00019481964,2.6362599e-05
SLC25A25,4.95594e-05,-0.00011065602,1.2692064e-05,-2.7007423e-05,-0.0013868138,0.0001897756,5.483348e-05,3.280118e-06
ITIH4,0.00028132275,0.00011440739,0.00041944906,-0.00024029706,0.0034566373,7.204153e-05,-0.00019536074,-1.5445868e-05
ESRRG,-2.123788e-05,-0.00015376136,6.734766e-05,2.1094456e-06,0.0025024638,-0.00019018352,-0.00012007076,1.02504855e-05
CP,0.00021494552,-6.7569315e-05,0.0001581423,-0.00018028729,0.0010063946,0.00018652994,5.465932e-06,-5.1532406e-06
AMER1,0.00045121275,0.00076661445,0.00091150776,-0.00025823526,0.002502337,0.00013703201,-0.00052415114,-4.226854e-05
KCNA2,0.00013585389,-0.0001190342,-6.178394e-06,-6.5766275e-05,-0.0007438287,0.00018882565,6.373413e-05,4.220172e-06
DCBLD1,2.6274472e-05,-0.00013582967,-1.5066937e-05,1.659058e-05,-3.9063394e-05,1.2523495e-05,2.4652109e-06,6.9987727e-06
NR2F2,-0.00020624697,-0.001007596,-0.00091901794,0.00011632126,0.00016958266,8.131657e-05,0.00056673214,5.5198907e-05
COL8A2,-0.0001763571,-0.0004425291,-0.00035784952,0.00014046952,-0.0017469227,-6.9265254e-05,0.00019116886,2.5668996e-05
OLFML2A,0.00011635199,0.00046515465,0.00046706572,-1.2089498e-05,0.0008355677,-5.7726167e-05,-0.00035428721,-1.6318285e-05
LRRK1,-6.505288e-05,-0.00028420985,-0.0001621861,5.6633726e-05,-0.00072306395,-3.017392e-05,9.485148e-05,1.4676247e-05
KIAA1324L,0.0007574484,0.0007128939,0.0009991769,-0.0005204864,0.003616102,0.00049914233,-0.0004094867,-5.122437e-05
POLK,0.0003533326,0.00040546618,0.0003787391,-6.9814734e-05,-0.00039456785,0.00023941323,-0.00021284167,-1.6982667e-05
CCDC146,-9.9271536e-05,-0.00053495355,-0.00031820126,1.7680228e-05,-0.0010865778,-4.224293e-05,0.00023647863,2.1156156e-05
MIB2,1.8509105e-05,-0.00022782385,-0.00011633709,3.4882687e-05,0.0007642582,2.2941269e-05,5.3776428e-05,1.2282748e-05
LEPR,-3.4464523e-05,-9.454042e-05,3.3171847e-05,6.0815364e-05,-0.00016631186,-0.00013987161,-7.188786e-05,6.697839e-06
LARGE2,-7.092394e-05,-0.00039801374,-0.00022145733,1.8580817e-05,-0.0008871481,1.541432e-05,0.00015877001,1.778081e-05
ZDHHC5,0.00033813715,0.00028676167,0.00039767474,-0.00013646297,0.00062681735,0.00012804847,-0.00022151228,-1.4143297e-05
ADAMTS3,0.00011912361,-0.00016769394,-0.00012039952,-3.1411648e-05,-0.001168631,0.00029947143,0.00016597845,5.6835124e-06
PHTF1,-1.6415492e-05,-0.00015294366,0.00013535284,-4.5773573e-05,0.0021578819,-0.00017206138,-0.000114192255,4.0034065e-06
TRPS1,-0.000101586804,0.00033321604,0.00018508919,0.00023268256,-0.00019791722,-0.00025549997,-0.00031091925,-1.6961712e-07
DDX31,0.0003002975,0.00050466135,0.00059470907,-0.00011339132,0.0019010752,8.443091e-05,-0.00037738774,-2.5642104e-05
CDH20,-0.00013198145,-0.0002190955,-0.00011232495,7.682387e-05,0.00018697232,-0.00012983708,1.0129996e-05,1.5187077e-05
HSD17B4,-7.1667135e-05,-0.0001413934,-9.312108e-05,0.00010111276,6.314367e-05,-9.939447e-05,-1.4718622e-05,1.30041735e-05
BICC1,0.00023341179,0.00040301308,0.000470452,-0.00010994077,0.0006924942,0.00020298641,-0.00026397128,-2.026814e-05
DGKG,-0.00026658736,-0.00057161227,-0.00050693937,0.00022834633,-0.0018797293,-0.00018185796,0.00022564642,3.548048e-05
COLQ,0.00034838542,0.0003094133,0.0004498139,-0.00017836876,0.001894474,0.00013877358,-0.00023977552,-1.889607e-05
FLT1,-0.00025677495,-0.00039546937,-0.00034872815,0.00031179748,-0.0007773414,-0.00027449662,4.9536116e-05,2.8296607e-05
SRC,-0.00037046708,-0.00063738227,-0.0005554985,0.00022703223,-0.0015874952,-0.00017867982,0.0002697287,3.821263e-05
ETFDH,0.00036795065,0.0005115159,0.0005399324,-0.00019975472,0.0016965047,0.0002660593,-0.00027698372,-2.4031498e-05
ESRRB,0.00036829524,0.00024609827,0.00048516504,-0.00022262242,0.0024649277,0.00014085043,-0.0002395371,-1.9154279e-05
KCTD3,1.4454126e-06,-7.538125e-05,-4.3604523e-06,7.820316e-06,0.00072194636,4.3859705e-05,-9.556301e-06,6.715185e-06
ERICH3,0.00025472045,-6.3674524e-05,4.5020133e-05,-6.6970475e-05,0.0013670251,0.00016420335,1.1954457e-05,-1.0920921e-06
NAA16,-0.0007213671,-0.0013237502,-0.0009776093,0.0002708435,-0.0022123381,-0.0004184097,0.00054906495,6.455672e-05
COG4,0.00010578707,-9.249523e-05,9.546429e-05,-9.578001e-05,-0.00047221035,0.0001234049,8.33068e-06,6.828923e-07
MARVELD3,-0.00012060441,-3.6533922e-05,0.00019980036,6.5993518e-06,0.00025063008,-0.0002497905,-0.00016452279,-1.3655517e-07
SEL1L,-0.0001698304,-0.0007079188,-0.0005985629,0.00011083484,-0.0017267466,5.3198077e-05,0.00039042532,3.598677e-05
MED1,-0.00026627257,-0.0011456106,-0.0008477308,5.815178e-06,-0.0008801222,5.9915707e-05,0.00061713345,5.1459414e-05
RMC1,3.5703182e-05,0.000281211,0.00032024272,6.3329935e-07,-0.00068124384,-6.1597675e-06,-0.00021107029,-1.0813004e-05
ALOX12,-0.0001501143,-0.00017956644,-5.2519143e-05,0.0001142472,-0.00022813678,-0.0002013687,-5.1504932e-05,1.31588895e-05
WAS,-0.00027947687,-0.0006171651,-0.00052234344,0.0002076216,-0.0019093528,-0.00013086898,0.0002771914,3.430643e-05
MGAT5B,-3.0323863e-06,4.4133514e-05,6.3760206e-05,6.746873e-05,0.0015821531,-0.00012802752,-0.00012417603,3.719586e-06
STARD8,0.0004178211,0.00022950955,0.00042488053,-0.00026648864,0.0008251816,0.0004174877,-0.00010276679,-2.2094348e-05
TBC1D10B,-0.0001292415,-0.0005240012,-0.00038946606,0.00011454243,0.00038859993,-8.157734e-05,0.00019154791,2.912397e-05
KDM7A,0.0005193688,0.00056291185,0.0006268043,-0.00025380775,0.00036874413,0.00042927545,-0.00025527086,-3.4242752e-05
USP43,0.00022532977,-0.00024399906,-2.810359e-05,-0.00016909093,0.0017005727,0.00023806188,0.00011349097,4.6817586e-06
MTMR6,-0.00085201114,-0.0016428065,-0.0014273059,0.00043510087,-0.0037211552,-0.00041637896,0.00076875,8.950848e-05
TRPV4,-0.0001326222,-0.0004959293,-0.00026281737,-3.3471733e-05,-0.00031498075,8.06218e-05,0.00023658853,1.9333791e-05
PLS1,0.00035130605,0.00016834028,0.00024177507,-0.00013519078,-0.00033028424,0.0003258735,-5.936809e-05,-1.175236e-05
ZDHHC8,0.00025157817,3.8240105e-06,0.00021472573,-0.00017634872,0.0015287027,0.000107777305,-7.303804e-05,-5.7967845e-06
DRC7,0.00014578924,-0.00018452108,2.0081177e-05,-5.5477954e-05,0.000116214156,5.3400174e-05,1.861807e-05,5.136244e-06
NAA35,0.00017919391,0.00010959245,0.00021293573,-9.598769e-05,-4.863739e-05,0.00020058546,-7.1236864e-05,-8.098781e-06
SLC11A1,-0.00022274256,-0.0005440265,-0.00038360618,2.7566217e-05,-0.0017140508,0.00014553405,0.00032333843,2.3726025e-05
RAPGEF5,0.00035755523,0.00050677545,0.0006152876,-0.00016279239,0.0033600777,7.5588e-05,-0.0003884146,-2.6655616e-05
MECOM,0.00032151118,-2.5654212e-05,0.00011865422,-0.00012716651,-0.00033838302,0.00030777883,2.3521483e-05,-4.6584755e-06
CAMK2G,-8.697808e-05,-0.00035666488,-0.00021472014,7.132534e-05,-0.00064341724,-0.00011608936,9.362027e-05,2.0542415e-05
ALS2CL,-1.5543774e-05,-0.00046891905,-0.00024717487,-3.114622e-05,-7.426739e-05,0.000110150315,0.00021411758,1.8325634e-05
CHSY3,0.00045146234,0.0004925411,0.00063346326,-0.00023000315,0.0023821518,0.00025596842,-0.00032329094,-2.981862e-05
SREBF1,0.00016210228,4.1965395e-05,0.0001272466,-4.4512562e-05,0.00033017248,8.551031e-05,-6.0338527e-05,-3.1852396e-06
INPP4B,-1.1716038e-05,2.8019771e-05,0.00022631139,-4.4830143e-05,0.0015546232,-0.00013545714,-0.00017100293,-2.1110754e-06
COL4A1,-0.00035137497,-0.0008375272,-0.00068463385,0.00024887547,-0.0030619428,-0.00014352566,0.000370685,4.5509427e-05
HGFAC,0.00015215762,-7.3794276e-05,-5.4612756e-06,-9.038486e-06,-7.788837e-05,0.00014008302,1.9612722e-05,4.096073e-06
PANK2,-5.2155927e-05,-0.0006935019,-0.00035550445,-0.00011186488,0.002553217,2.7290545e-05,0.00028472394,2.6619993e-05
ZBTB40,0.00014416315,-0.00018617697,-4.500337e-05,-1.0580756e-05,0.00093737245,-5.896762e-05,-1.6763806e-06,9.573181e-06
SIX5,-7.496029e-05,1.0408461e-05,-4.4105574e-05,0.00020705909,-5.824119e-05,-0.00019043218,-0.00012669433,1.2185308e-05
MGAT5,4.8466027e-05,6.902404e-05,0.00016935356,-1.7210841e-06,0.0014675707,-9.535439e-05,-0.00016401429,2.4447218e-07
KIRREL1,-7.1842223e-06,4.9758703e-05,0.00016410835,-8.45734e-06,-0.0017702058,-3.2248907e-05,-9.36063e-05,2.302695e-07
GATA3,-0.0015226789,-0.0029120725,-0.0028951298,0.0009522075,-0.013057999,-0.00037786597,0.001672768,0.00016094814
MAP4K5,-0.00016788393,-0.00010066107,-5.098805e-05,0.000107981265,-0.0010815039,-7.300917e-05,-1.8929131e-05,1.0888674e-05
GRIN3B,-0.00021412224,-0.0004879646,-0.0003598202,0.00012645498,-0.0011405498,-9.4848685e-05,0.00019111298,2.6406837e-05
USP21,0.00018366426,-0.00027123652,-1.9874424e-06,-0.00022590812,-0.0024590567,0.00031236652,0.00021342654,-1.3632234e-07
KLHL26,5.4821372e-05,0.0004226584,0.00033760816,6.452296e-05,-0.00119555,1.9117258e-05,-0.00025966112,-1.3636542e-05
CPEB2,-0.0004278142,-0.00073204935,-0.0007168092,0.00025801826,-0.0064488575,4.5541674e-05,0.0004852563,3.9248844e-05
PCDHGA10,0.0002007205,0.00018821843,0.00032523833,-7.971842e-05,0.000574708,7.700827e-05,-0.0001801243,-1.2852717e-05
RNF216,0.00028815307,0.00030348636,0.00045736693,-0.0001664972,0.0015592575,0.00018976443,-0.00022156071,-2.0420062e-05
CCDC158,5.7211146e-05,-9.890087e-05,9.3750656e-05,-6.2942505e-05,0.00097637624,3.2332726e-05,-3.118068e-05,9.4773713e-07
DENND6A,-0.0001661852,-0.0002837889,-0.00020979904,0.00017989986,-0.000117987394,-0.00025332626,1.1827797e-07,2.2568856e-05
CDH5,-4.3282285e-05,-0.0005398113,-0.00041853637,9.90862e-05,-0.0008123517,8.895993e-05,0.00026146043,2.6236521e-05
KCNA6,0.00010448322,9.663403e-06,0.00012376718,-5.7888217e-05,0.00011661649,5.5522658e-05,-5.4290518e-05,-1.0624062e-06
RFX6,-0.00019162521,-0.00046448968,-0.00032604113,0.00011292193,-0.0008866191,-9.340234e-05,0.00017148443,2.4737674e-05
MACO1,-0.00052982755,-0.0009919181,-0.0009321403,0.00031285267,-0.002226971,-0.00013179751,0.00051262975,5.696423e-05
SAMD4A,0.00026142225,0.0002982393,0.00026093796,6.89514e-05,-0.001116395,-1.1160038e-05,-0.00023432355,-8.463743e-06
PANK1,2.6190653e-05,-8.812733e-05,-0.00016646273,0.00015897024,-0.0009826273,6.650761e-05,5.29401e-05,1.1808705e-05
MTMR1,-1.6765669e-05,-0.00046304613,-0.0002024211,-5.6618825e-05,-0.00014374405,4.2197295e-05,0.00018829573,1.613691e-05
PATL1,-9.62764e-05,0.0003699232,0.00033547357,0.00019083358,0.0005768314,-0.0003372077,-0.00040043984,-6.441842e-06
CLPB,-6.265007e-05,0.00020241551,0.00023406371,5.4916367e-05,0.0012507737,-0.00014066091,-0.00023478176,-3.5162084e-06
CAPN12,0.00042293034,0.0005827695,0.00059665926,-8.7975524e-05,-0.00035838038,0.00016878173,-0.0003582565,-2.803572e-05
MTMR8,7.198937e-05,-3.2063574e-05,5.927123e-05,3.0761585e-05,-0.00022662431,3.476534e-05,-5.5971555e-05,2.91178e-06
CNTNAP4,0.00036179833,0.00027872808,0.00031485222,-5.9597194e-05,0.00056535006,0.00012757443,-0.00021797884,-9.783427e-06
SLC6A6,0.0005475078,0.0003739912,0.0006995313,-0.0004032962,0.0029774532,0.00037874747,-0.00026085507,-3.440189e-05
PRPF40B,0.0007898323,0.0010848921,0.0011747405,-0.00036654156,0.0012713894,0.00038958155,-0.0006223349,-5.917647e-05
FANCM,0.00054650195,0.0006207563,0.0008681398,-0.0004233159,0.003018707,0.00033350475,-0.00037730765,-4.374457e-05
TCOF1,-0.0002313964,-0.00027010962,-0.00030482002,0.00016686227,-0.0030142814,-2.0735897e-05,0.00015504193,2.1674554e-05
CLOCK,-9.371154e-05,-0.00019638985,4.1007996e-05,-6.5329485e-05,0.0015622154,-2.1313317e-05,6.669201e-06,4.876987e-06
NCKAP5L,0.00047060102,0.00034155138,0.00044069067,-0.00018503424,0.0012746528,0.00026800204,-0.00020630565,-2.0454405e-05
UNKL,0.00015865453,0.000284018,0.0003023222,6.526243e-05,0.0011419877,-0.00015089009,-0.0003160024,-5.199574e-06
ZHX2,0.00022963993,0.000493668,0.000625832,-0.0001598522,0.0025964826,-6.398279e-05,-0.0004157303,-2.430228e-05
FBXL19,0.00036249496,7.467158e-05,0.00021709502,-0.00020164717,0.0004279986,0.00034588296,-2.0661391e-05,-7.465249e-06
JAKMIP2,0.00013357773,-0.00031238422,-4.2142347e-05,-0.00013396889,0.00085921586,0.00014931429,0.00011285115,7.908791e-06
SLC6A18,-0.00020631775,-0.0004849173,-0.0003542602,0.00011602696,-0.0010397956,-8.155126e-05,0.00019359961,2.5945832e-05
MCM4,-0.00016451441,-0.0008248426,-0.000682367,6.0068443e-05,-0.001412347,0.00015105121,0.00048231333,4.055607e-05
MAN1A2,0.00016962364,-6.11525e-05,0.00016557425,-0.00020948052,0.0012335852,0.0003123423,3.125891e-05,-5.7701254e-06
NLRP5,-0.0001804959,-0.00046528317,-0.00030987523,8.7659806e-05,-0.0010895953,-5.032029e-05,0.00018732063,2.3108325e-05
ROR1,0.00013158284,0.0001750011,0.0002250839,-4.6780333e-06,0.00019373745,5.8140606e-05,-0.00016188156,-6.382237e-06
SLC7A1,0.00011408515,-0.0003896039,-0.00015590526,-9.497069e-05,0.0008485615,0.00016398355,0.00018629059,1.0718242e-05
GLI3,-0.00067460723,-0.0011008848,-0.0011541042,0.00043077022,-0.0058304444,-0.00017168047,0.0006398978,6.619922e-05
WDR63,0.0003888011,0.00018364191,0.00045899488,-0.00029944256,0.0020050406,0.00024356786,-0.000136449,-2.3154076e-05
PPP4R1,-0.00023519434,-0.00035992824,-0.0003782846,0.00023121387,-0.001832135,-7.783342e-05,0.0001557963,2.5740708e-05
DENND1A,0.0001376532,9.179488e-05,0.0002319701,-0.00016730279,0.0014726594,0.00014751684,-6.921962e-05,-8.966541e-06
TRIM9,-0.00014699437,-0.00047598965,-0.00036657974,3.360957e-05,-0.0015810132,9.833649e-05,0.0002909107,2.138596e-05
PPWD1,0.0005518943,0.00022971258,0.00050199963,-0.0004024664,0.0023288578,0.00047865976,-0.00010386761,-2.6174006e-05
MAP3K3,0.00045206584,0.00040533207,0.00060542114,-0.00023188535,0.002281703,0.00017307699,-0.0003140075,-2.6688795e-05
KIAA1211,-0.00021708943,-0.00048895366,-0.00036055222,0.00012257323,-0.0011222437,-8.885935e-05,0.00019481964,2.6362599e-05
UNC5A,-9.645522e-05,0.00016733818,0.00014797598,0.00018655881,-0.0005479753,-0.00028326875,-0.00025475118,4.532747e-06
PRKG1,5.3202733e-05,0.00021802448,0.00035992824,-0.00011575688,0.0002264455,-5.213544e-06,-0.00018163677,-1.29733235e-05
LOXL4,-6.438792e-05,7.240288e-05,5.1168725e-05,0.000108552165,-0.0009832084,-5.1914714e-05,-0.00010009017,4.5025954e-06
GRB10,-2.0207837e-05,-0.000385914,-0.000102194026,-0.00015344657,-0.0013287365,0.00013882574,0.00020917598,9.430572e-06
PIBF1,0.00019253977,0.00037308782,0.0005048141,-0.00010678638,0.0013888925,2.9361807e-05,-0.00030733366,-1.9645202e-05
RPGR,8.897483e-05,6.382167e-05,0.00030931644,-7.599313e-05,0.0002546832,-0.00018016808,-0.00021646265,-5.2044634e-06
PCNX4,0.0001647342,1.30888075e-05,0.00021605194,-0.00010321289,0.0012523457,3.1352043e-05,-0.00011272263,-4.0533487e-06
CDH1,-2.8612092e-05,-0.00024342164,-4.3980777e-05,-5.871989e-06,0.00032299757,-4.8950315e-06,3.2432377e-05,9.805546e-06
GUCY1B1,-0.00080172904,-0.0016422439,-0.0016006455,0.00054016337,-0.0046866834,-0.00024106214,0.00086384267,9.595335e-05
SLC5A6,0.00015917234,0.0004911069,0.0004621949,1.6570091e-05,0.0018191934,-2.480857e-05,-0.00037606526,-1.692574e-05
CPT1C,-5.684793e-06,-0.0002009198,-5.1070005e-05,3.0035153e-05,9.75132e-05,-7.766951e-05,1.3755634e-06,1.1506956e-05
TUBB,-0.0005013831,-0.0011443477,-0.0010044444,0.00030443817,-0.0020871684,-0.00013130112,0.00056892727,6.0760067e-05
WDR66,-9.007752e-05,-0.00012121536,-7.865392e-05,1.7205253e-05,0.0005813986,0.000105137005,5.717948e-05,7.687602e-06
STXBP2,-0.00027473085,-0.0006462578,-0.0005107764,0.00016222335,-0.0012941211,-0.00013593724,0.00028296933,3.4178374e-05
IRF4,-0.00013672374,-0.00028591044,-0.00016270205,9.06121e-05,-0.0006095618,-7.998757e-05,6.980542e-05,1.5605474e-05
MRTFA,0.00066030957,0.0005927142,0.00062915124,-0.00029174425,0.0008740276,0.00052061863,-0.00024256762,-3.5334495e-05
GLRA3,-2.6073307e-05,-0.00017184205,-1.2975186e-05,3.80259e-06,0.00020183623,-2.8847717e-05,2.2798777e-06,8.216477e-06
DHCR7,-8.40351e-05,-9.236485e-05,-0.0001456216,0.00015749224,-0.0008207038,-0.00014686259,-1.2603588e-05,1.4908612e-05
RNF145,-0.00022618473,-0.00054135546,-0.0004245732,0.0001534503,-0.0015491322,-8.003693e-05,0.00023214426,2.9904302e-05
GTF3C3,0.00045283698,0.0004377924,0.0005595684,-0.00027555227,0.0022560284,0.00030117854,-0.00024769548,-2.6891474e-05
DHX33,0.00013929978,-0.00044349395,-0.00012676418,-0.00020701531,0.0016085729,0.00020798296,0.0002034884,1.2108474e-05
FNIP2,0.00033211708,0.0002935119,0.00042971224,-0.00014024507,0.0028267577,0.00014764443,-0.0002475707,-1.706928e-05
ALOX15B,-0.00014773197,-0.00029714964,-0.0002540592,0.00016152207,-0.0013227314,-0.00010360032,9.685662e-05,1.9769417e-05
DKC1,8.577295e-05,0.0001244694,0.00022244081,-6.851088e-05,-0.0008344501,0.00016025547,-7.820502e-05,-7.762341e-06
DZIP3,-8.3658844e-05,-0.00028433278,-0.00013368018,3.9971434e-05,-0.0007774234,-1.2004748e-05,9.325612e-05,1.3643294e-05
MDGA1,-0.00013067573,-0.00062325224,-0.0005140286,0.00011500437,-0.0012468249,4.227273e-05,0.00032099523,3.0989875e-05
MTA2,0.00011547282,-3.1787902e-05,0.00013647974,-0.00011069607,-0.0011410117,0.0001847446,6.9942325e-06,-3.6109705e-06
C9orf84,-0.00021708943,-0.00048895366,-0.00036055222,0.00012257323,-0.0011222437,-8.885935e-05,0.00019481964,2.6362599e-05
CD22,-1.15819275e-05,-0.00019877777,-2.9070303e-05,-2.1819025e-05,-3.7394464e-05,2.3467466e-05,4.1414052e-05,7.4225245e-06
CCDC57,-0.00016942993,-0.0003947299,-0.00041696802,0.00018205587,-0.0005795136,-1.5508384e-05,0.00019051507,2.7770177e-05
SLC9A3,-0.0002508834,-0.00050495006,-0.00039168075,0.00015240349,-0.0010198578,-0.00013353303,0.00018931367,2.898532e-05
UBR3,-0.00015615113,-0.00017563626,-0.00015440583,0.00012928247,-0.0007414073,-7.031299e-05,2.8956681e-05,1.624669e-05
UROC1,-0.00020322576,-0.00048040412,-0.00036069937,0.00011727307,-0.0012649894,-5.6669116e-05,0.00020535197,2.5560614e-05
MEI1,-4.1062012e-05,-3.2549724e-05,5.0295144e-05,7.8630634e-05,-0.00053650886,-5.6695193e-05,-8.067675e-05,4.904461e-06
PLA2G4B,0.0004988294,0.0005963538,0.0007823948,-0.000332837,0.0026364028,0.00026860833,-0.00037393626,-3.7658494e-05
ADAMTS4,0.00037644804,0.00063787773,0.00078011677,-0.00018990226,0.0031423867,4.1555613e-05,-0.00049054157,-3.3570104e-05
MUTYH,-0.00017905235,-0.0002896022,-0.00010066107,-6.265845e-05,-0.0003106445,3.8607977e-05,0.00012655463,1.0751537e-05
FOXJ2,0.00022720732,0.00030698813,0.0004076045,-8.6321495e-05,0.0017188191,0.00010973867,-0.00025456864,-1.550035e-05
VIM,-0.00044369698,-0.0009105392,-0.00069412217,0.00019357912,-1.4945865e-05,-0.00024401583,0.00036689453,4.615099e-05
VWA3A,-0.0004014559,-0.0008397121,-0.0007007569,0.00023017637,-0.0030457675,-0.00024119997,0.0003853999,4.3717213e-05
SLC24A4,0.00022195466,0.0003157258,0.00046699122,-0.00014674291,0.0023845881,8.8525005e-05,-0.00025821384,-1.9686064e-05
POLR3A,1.167506e-05,-0.00046797656,-0.0002889186,-8.828938e-07,-0.00063634664,3.451761e-05,0.00020011049,2.2331718e-05
ANKRD36,-0.0008212328,-0.0015453994,-0.0012660138,0.00040068105,-0.0022577345,-0.00044118613,0.0006761877,8.042983e-05
LMX1B,0.00012702681,4.7562644e-05,0.00026191585,-0.000262253,0.00024539977,0.00021899771,-1.5982427e-05,-9.720563e-06
FAM184B,0.0003075227,0.00023735501,0.00034453534,-0.0001653228,0.0012846664,0.00022511743,-0.00014804397,-1.4386023e-05
TDRD5,-0.00013371371,-0.0003408827,-0.00022841245,9.773765e-05,-0.00084955245,-5.431939e-05,0.000114001334,1.9005267e-05
SEMA3C,-0.00053270906,-0.001177758,-0.0010052305,0.00021833368,-0.00286147,-4.3684617e-05,0.00064566825,5.7993922e-05
RTF1,-0.00026425533,-0.00082369894,-0.0006184932,0.00011092983,-0.0016828403,1.4812686e-05,0.0004126504,3.9310777e-05
ADAM9,-2.4428591e-05,0.00016122684,0.00026006624,-7.466413e-06,-0.00034432113,-2.808217e-05,-0.00017094146,-7.2226394e-06
ENPEP,0.00014627166,5.4329634e-05,0.00020596012,-7.889327e-05,0.0006239563,0.00010473933,-9.6165575e-05,-5.369191e-06
RBM39,-0.0004181806,-0.0008136276,-0.00068417937,0.00024619605,-0.0017243102,-0.00016236771,0.0003625648,4.4638058e-05
OIT3,1.1939555e-06,-0.00030585937,-0.00011547282,-3.5247765e-05,-0.00010151416,5.5357814e-05,0.00011481065,1.1655153e-05
ADAM10,-0.0002498161,-0.00043927506,-0.0002686847,0.00010185968,0.00074800104,-0.00015574461,0.00011530053,2.2822991e-05
CHRNE,0.00011542067,-7.87992e-05,7.835403e-05,-4.8865564e-05,0.0002503991,7.382594e-05,-2.5076792e-05,1.7028069e-06
SUV39H1,3.585778e-05,-0.00063767657,-0.0004279837,-8.906238e-06,-0.0011243001,0.00014942884,0.00033697672,2.7119764e-05
TSGA10,0.0003757011,0.0005645752,0.0006974861,-0.00018845405,0.00032792985,8.739531e-05,-0.00039723422,-3.0613388e-05
NGLY1,0.00039005652,0.00024758466,0.0004528556,-0.0003224872,0.0017628968,0.00037685595,-0.00011998508,-2.1360116e-05
LCK,1.9986182e-06,-0.00028924271,-0.00010264292,-3.7811697e-05,0.00023034215,9.454135e-05,0.00011182111,1.0468997e-05
MARK3,-0.00026544742,-0.0006705057,-0.0004985258,0.00012870505,-3.5844743e-05,-0.000112068374,0.00027504936,3.5324367e-05
TRPC4AP,-8.72463e-06,-0.00019128248,4.7385693e-05,-6.8223104e-05,-0.0001167953,-3.8078986e-05,6.926246e-06,5.5821147e-06
NR2C2,0.0003938265,0.00011141226,0.00034535676,-0.00026331004,0.00085295737,0.00028057117,-9.875093e-05,-1.2389268e-05
ZNF831,-0.00010204129,-0.00035469793,-0.00023772754,8.632243e-05,-0.001430288,-2.0696782e-05,0.00013719033,1.8912251e-05
COLGALT2,0.00024949014,0.0003415458,0.00023702718,-3.4614466e-05,0.0011911616,0.00022595935,-0.00015165191,-1.1326629e-05
MPL,-0.00014287978,-0.00020976178,-9.2504546e-05,5.537551e-05,-0.00015616417,-0.00012220489,2.0762905e-05,1.2791716e-05
ITGA4,9.683706e-05,0.000121945515,0.00016812794,-5.7717785e-05,0.00050753355,0.00013673399,-9.5342286e-05,-1.0251533e-06
TPH2,-6.949343e-05,-0.0003723167,-0.00026703067,8.061249e-05,-0.0012488589,3.1720847e-06,0.00015805662,2.0073727e-05
CDH3,0.00026696734,0.00036774576,0.0005439874,-0.00022867694,0.0017384961,0.00015009195,-0.00025547016,-2.5031273e-05
AKNA,0.00039594062,0.0006247796,0.0007144883,-0.00019534118,0.0035827905,0.00014039408,-0.00042656343,-3.321783e-05
ARHGEF28,0.00045079924,0.00017344952,0.00041453354,-0.0002736384,0.0010840669,0.00030191056,-0.0001125494,-2.0515057e-05
ACTN1,-0.00012118183,2.8947368e-05,0.00013085641,3.6050566e-05,-0.0018195063,-1.773145e-05,-8.526165e-05,1.2122327e-06
NLGN1,-0.0002920553,-9.346381e-05,-0.0001415722,0.00025752746,-0.0020840988,-0.0002190033,-3.976375e-05,1.578452e-05
AFF2,0.0002005361,0.00014504418,0.00037733838,-0.00018206518,0.00025194138,0.00013039075,-0.00015650783,-1.36317685e-05
SIDT2,0.000267379,0.00059692375,0.00083586015,-0.00023618992,0.0026451647,-9.1976486e-05,-0.00051502977,-3.32176e-05
SEMA4D,0.00013373047,-0.00010620803,0.00011501275,-0.00010013301,0.0010780543,2.1913089e-05,-5.7148747e-05,3.714813e-06
ARIH2,-0.00023691356,-0.0006308332,-0.00046755,0.00012441352,-0.0012452006,-0.000107594766,0.0002678344,3.285834e-05
BMP2K,0.0002690088,0.000374211,0.00034344196,4.5681372e-06,-0.00046724826,9.4391406e-05,-0.00024910737,-1.3057492e-05
NXF1,-0.00041550584,-0.00066559203,-0.0006575342,0.00027753506,-0.002545692,-0.00016411161,0.00032280758,4.2065978e-05
ACAD8,0.00030341372,0.00029004924,0.00049090385,-0.00021984242,0.0012429655,0.00019202847,-0.00021601748,-2.1071406e-05
SLC6A20,0.00039262138,0.00015708432,0.0003920272,-0.0002379585,0.002044402,0.0001963703,-0.00015369896,-1.6550533e-05
ATF7IP,0.00010383502,-0.00029451586,-4.6873465e-05,-0.00013618544,0.000623405,0.00019628648,0.0001329761,7.551047e-06
STOX1,-0.00033822097,-0.0007067956,-0.00066281855,0.00016440172,-0.0031326264,8.8784844e-05,0.00045519974,3.5900855e-05
RNF6,0.00039536878,0.0005237274,0.0005412176,-0.00016231462,0.00051653385,0.0002668593,-0.0002836669,-2.6187161e-05
NOD2,-6.490946e-05,-0.0001356192,-8.905679e-05,6.334204e-05,-0.0006342679,3.326405e-05,4.749e-05,8.83406e-06
CC2D1B,0.0005790889,0.00044143014,0.00053542666,-0.0002604006,0.002745293,0.0004033679,-0.00023022201,-2.8723269e-05
NPAS2,-0.00011042878,-8.630194e-05,-9.2588365e-05,0.0001329314,0.0002802536,-0.000118751545,-3.389828e-05,1.1319877e-05
ANKRD30B,0.0003635604,0.0005014688,0.0006210245,-0.00020417944,0.0012272149,0.00021115132,-0.00032250118,-2.8612441e-05
N4BP2,-0.00021325797,-0.0007816218,-0.00055069476,7.113814e-05,-0.000983879,-4.8999675e-05,0.0003551487,3.744394e-05
KIF18B,-0.00013920106,-0.0004251264,-0.00023744814,-6.804988e-05,-0.0005460754,9.152945e-05,0.00022857916,1.7890125e-05
ATG16L2,0.00046992674,0.0004373379,0.0006334372,-0.00026876573,0.0032994524,0.00023730937,-0.0003111409,-2.9775198e-05
NR6A1,0.00039415248,0.00049101,0.00080029294,-0.0003796667,0.002515979,0.00016888697,-0.0003745379,-3.4203986e-05
TFAP2A,-4.0872023e-05,-0.0002949331,-0.00014975667,4.2170286e-05,-0.0009515211,5.6486577e-05,9.84855e-05,1.4693011e-05
TMPRSS7,-0.00022976659,-0.00054592825,-0.00028208643,5.0471164e-05,-0.00037048012,-0.00017977273,0.0001665838,2.4270033e-05
RPS6KA1,-5.2493066e-05,-0.00030758046,-0.00023476593,9.1884285e-05,-0.0019542053,5.026348e-05,0.00015600957,1.6628532e-05
GUF1,-5.4737553e-05,-0.00031211227,-0.00016880408,5.214475e-06,-0.00049518794,4.9042515e-05,0.00012515113,1.5836442e-05
DCAF13,0.00010657683,-3.81656e-06,9.058416e-05,-4.5184977e-05,-0.0001822412,9.252317e-05,-2.9767863e-05,-3.182795e-07
NR4A3,-0.00012214854,-0.00016959384,-0.00010180101,0.00017896015,-0.0011014119,-0.00033049146,-7.580686e-05,1.6966718e-05
FAM83B,-2.0496547e-05,-0.00028140098,-0.00014601089,2.908986e-05,0.00026201457,-3.3460557e-05,6.9519505e-05,1.5041558e-05
VPS33A,0.00055741146,0.00045556948,0.0006482564,-0.0003164867,0.0027523264,0.00032087974,-0.00030008983,-2.9931543e-05
CCDC186,0.00022474118,0.00043923594,0.00058465824,-5.986169e-05,0.00023722649,-5.9611164e-05,-0.00040206593,-2.0930078e-05
GALT,0.00015698932,-1.3099983e-05,8.85427e-05,-5.485583e-05,0.00043156743,7.535331e-05,-4.560873e-05,1.2962846e-06
IGHMBP2,0.0002965834,0.00024353899,0.00029214844,-0.0001127813,-0.00024826825,0.00023651402,-0.00012377556,-1.2959703e-05
SPECC1,0.00014216267,6.393716e-05,0.00028042868,-0.00013022497,0.0015227571,3.846921e-05,-0.00014771614,-6.002141e-06
RBP3,-0.000121722,-0.0003347881,-0.0002146177,5.9640035e-05,-0.0005408004,-2.2320077e-05,0.00012415089,1.7808168e-05
BEST4,0.00021468475,-0.00025412627,-6.322563e-05,-0.00017349795,0.00026383996,0.0003041327,0.00017540436,4.6517234e-06
DDX41,0.00012389012,0.00015012361,0.00033182465,-0.00013908744,0.0008731559,3.052689e-05,-0.00017166231,-9.819865e-06
MVP,-0.00021189265,-0.0005023163,-0.0003717374,0.00014599971,-0.0004683137,-9.9806115e-05,0.00017925259,2.778403e-05
DYNC1I1,0.00028281845,0.00032434054,0.00045337342,-0.00016043242,0.0023174807,0.000103312545,-0.00025529135,-1.8304447e-05
PTPRN,8.669309e-05,0.00025327317,0.00024237856,8.281693e-05,0.0028810352,-0.00014925748,-0.00028779823,-3.4458935e-06
PLEKHG4B,0.00016213395,0.00021963567,0.00031930208,-8.373242e-05,0.0004639551,9.306427e-05,-0.00017484557,-1.1576689e-05
AK7,-5.699694e-05,-2.6782975e-05,0.00012085028,6.8483874e-05,-0.00036207587,-0.00018586358,-0.00014004577,3.0876836e-06
CLASRP,0.00013256073,0.0001780875,0.00027387775,-6.006006e-05,0.0006984323,5.739648e-05,-0.00015694369,-1.0074233e-05
GCDH,-0.000111840665,-0.00031891838,-0.0002749283,0.00015775673,-0.002625011,-0.000120562036,0.000112975016,2.1697022e-05
SPTLC2,8.6272135e-05,-3.9653853e-05,0.00014308281,-0.00013028365,0.0012354106,7.44313e-05,-3.6592595e-05,-1.641456e-06
ZC3H12C,0.00033121184,0.0001315698,0.00027234294,-0.0001612762,0.0021432266,0.00017574802,-0.00013490487,-8.5518695e-06
MYH7,-4.2922795e-05,-0.00013452768,-2.0299107e-05,4.6768226e-05,0.00051722676,-7.5969845e-05,-3.2628886e-05,9.058858e-06
CNKSR2,0.0003261529,0.00016876124,0.00032074004,-0.0001495434,0.00047072023,0.00022683013,-0.00012670737,-1.2548058e-05
ELP3,0.000112121925,-3.2527372e-05,0.00015163422,-7.1012415e-05,0.00057875365,1.8670224e-05,-8.351449e-05,-1.2037344e-07
KLHL21,0.00020547397,4.61936e-06,0.00013996102,-0.0001264317,0.0011307746,0.000156641,-2.3234636e-05,-4.797126e-06
TAS1R2,-0.00021162629,-0.0004865732,-0.00035703555,0.000119164586,-0.001081422,-8.5116364e-05,0.00019404199,2.6134308e-05
FAP,-0.00011108443,-0.0003716536,-0.00020084158,2.04565e-05,-0.0007581189,3.6156736e-05,0.00015875231,1.605798e-05
NISCH,-2.72654e-05,-0.00041541643,-0.0003084913,8.338131e-05,-0.0009934828,1.4318153e-05,0.00017496105,2.3406814e-05
THAP9,0.00016643666,0.00016841106,0.0003134422,-0.00015940052,-2.4020672e-05,0.00017844606,-0.000100932084,-1.3821991e-05
TPM1,0.00019524992,-0.00023946911,0.00016445294,-0.00027939957,0.0010228083,0.00017794315,6.079115e-05,-3.1680102e-06
ANPEP,0.00018842518,0.00012556277,0.00027184375,-0.000117663294,-0.00036565214,0.00015322398,-0.000101770274,-1.0179356e-05
ICK,-0.00021708943,-0.00048895366,-0.00036055222,0.00012257323,-0.0011222437,-8.885935e-05,0.00019481964,2.6362599e-05
LMNA,-8.827075e-06,-0.00010266714,2.7725473e-05,3.853161e-05,0.00037705898,-9.458698e-05,-6.545521e-05,7.82276e-06
INA,-0.00092101283,-0.0020073783,-0.0018147845,0.0005131867,-0.0039075315,-0.00026585953,0.0010470068,0.000106015126
ELMSAN1,-0.00021708943,-0.00048895366,-0.00036055222,0.00012257323,-0.0011222437,-8.885935e-05,0.00019481964,2.6362599e-05
HEXA,0.00022362545,0.0002949834,0.00041771866,-0.00010570977,0.00084111094,2.9346906e-05,-0.00025477167,-1.5533995e-05
ODF2,-0.00022244267,-0.00043582544,-0.00039481372,0.00024091173,-0.0021640807,-0.00015668245,0.00015562866,2.7725473e-05
RBSN,0.0002673082,0.00015212223,0.0003749188,-0.00019443221,0.0018582642,0.00018897,-0.0001576906,-1.396914e-05
MAML3,0.00029434636,-0.000121051446,0.00016917661,-0.0002221549,0.000500001,0.00024160091,3.5058707e-05,-4.796777e-06
CDC27,-0.000241803,-5.2815303e-05,5.7546422e-05,7.749535e-05,0.0006803572,-0.00022614887,-0.00011890847,8.5560605e-06
ZC3H7B,-0.0005246587,-0.000504937,-0.0005395729,0.0004258901,-0.0020137131,-0.00042298203,0.000119178556,4.0229526e-05
PPP6R3,-0.00018381514,-0.00029124506,-0.0002648551,0.00016763993,-0.0012263581,-6.596465e-05,9.7771175e-05,2.1467451e-05
USP36,0.00025814027,-3.5578385e-05,0.00023805536,-0.000232297,0.0016232058,0.00023360178,-1.8686987e-05,-8.93313e-06
GNAO1,-0.00020663068,-0.00066246465,-0.00056922063,0.00019549672,-0.0016026795,-4.4378452e-05,0.0003111912,3.6914833e-05
ALPI,-0.00022605807,-0.0004878249,-0.00036371872,0.00012941752,-0.0011995807,-9.5250085e-05,0.00019349996,2.6608235e-05
PLEKHA4,0.00020224042,0.00029358827,0.00029090606,-6.758515e-05,0.000693582,0.00020910986,-0.00014694314,-1.2867618e-05
RTL1,-0.0001192037,-0.00035854802,-0.00022386387,7.076468e-05,-0.00069955736,-4.3597072e-05,0.00012285262,1.9039726e-05
KCNJ3,0.00026093982,0.00018757582,0.00043660775,-0.00021146052,0.0024772957,5.8022328e-05,-0.00022076536,-1.5643658e-05
TAS1R1,-0.00021708943,-0.00048895366,-0.00036055222,0.00012257323,-0.0011222437,-8.885935e-05,0.00019481964,2.6362599e-05
RECK,0.00022859126,0.00012032315,0.00035235845,-0.00019743852,0.0019894764,0.00013753772,-0.00013668928,-1.4792546e-05
NOP56,-0.00059443153,-0.0013400987,-0.0011672415,0.00031312462,-0.00216154,-0.000177335,0.00066703465,7.106364e-05
WDR78,9.512156e-05,0.00018678233,0.00046858937,-0.00019647926,0.001659371,-2.129376e-05,-0.00022031832,-1.8902821e-05
LATS2,0.0003438834,0.00022596121,0.0003629662,-0.00017686654,0.0010802224,0.00019715913,-0.00014868099,-1.6006874e-05
KCTD7,-3.7318096e-05,-0.00024233945,-0.00020236522,1.649186e-05,-0.0019726977,0.00015726779,0.00018644705,1.2840377e-05
KIAA0753,0.0004072748,0.00011988729,0.00031430833,-0.00020815153,0.0009619519,0.00020745769,-0.00011511613,-1.0958989e-05
KARS,-0.00021708943,-0.00048895366,-0.00036055222,0.00012257323,-0.0011222437,-8.885935e-05,0.00019481964,2.6362599e-05
HGSNAT,6.231107e-05,-6.696582e-05,5.50393e-05,-1.9840896e-05,-0.00050572306,1.561828e-06,-2.8319657e-05,3.5796547e-06
ATXN2L,-8.511357e-05,-0.00026562624,-0.000112861395,1.2490898e-05,0.00023035705,-2.3783185e-05,7.266179e-05,1.3206503e-05
XYLT2,0.00013752654,0.00013619661,0.00016853213,6.7836605e-05,0.00053907186,-6.997585e-05,-0.00018658023,-2.286397e-06
TUBG2,-0.000113446265,-2.771616e-05,1.5180558e-05,0.00011569448,-0.00064736605,-0.000193391,-0.00010082405,8.435571e-06
HYOU1,9.3046576e-05,-0.0005527679,-0.00028901175,-0.0001287004,-0.0005361736,0.00014767796,0.0002986081,1.937605e-05
ANKAR,0.00030492432,0.00015614368,0.00036084093,-0.00025863666,0.0007599443,0.0003439486,-6.703101e-05,-1.8002931e-05
ZHX3,-0.00013667531,-0.00030331686,-0.00021777116,0.00013663806,-0.00021136552,-0.00018726103,5.491264e-05,1.9012718e-05
RREB1,-4.0959567e-06,0.00018912926,0.0002859328,9.244587e-05,0.001996383,-0.00029566465,-0.0003233878,-3.5454286e-06
TTC27,0.00030411966,0.00014328025,0.0002948083,-0.00017434079,0.00053317845,0.00024367496,-9.09213e-05,-1.3145269e-05
JMY,0.0003397409,0.00014372543,0.0004008934,-0.00026728772,0.0018906072,0.00023180898,-0.00012478512,-1.7155195e-05
HSP90B1,-0.00040691532,-0.0009211097,-0.00070684403,0.00016792864,-0.0017813891,-0.00011337409,0.0004274845,4.575157e-05
SUN1,-0.0002887491,-0.0007969029,-0.0006253235,8.817203e-05,-0.0026359856,1.2274832e-06,0.00043345708,3.8818573e-05
EML2,0.00065174885,0.00060112216,0.00078567304,-0.00044231396,0.0021793768,0.00050739106,-0.00028496142,-4.127377e-05
ECT2L,-4.5632944e-05,-0.00018187054,-0.00021323375,9.8587014e-05,-0.0006265044,6.8055466e-05,0.00010652095,1.4250865e-05
VAC14,0.00027777068,9.061769e-06,0.00013553537,-6.89663e-05,0.0010625944,0.0001229886,-6.896537e-05,-2.2940803e-06
ANO4,0.00025940128,0.00034932233,0.0003971774,-0.00013460312,0.0013449416,0.00013561547,-0.00021716859,-1.6403617e-05
BTK,-0.00016674586,-0.0005411431,-0.0004212279,0.00011595059,-0.0005847961,-6.7618676e-05,0.0002311673,2.9551215e-05
MTM1,-3.725849e-05,0.00020001084,0.00012350455,0.00018148497,-0.0013878867,-0.00019308599,-0.00020272564,7.174676e-07
PFKFB3,0.00016636215,-4.676357e-05,0.00010667369,-7.150788e-05,0.00022265315,0.00013997778,-2.0036474e-05,-6.6973735e-07
AP2B1,3.726594e-05,-0.00014622696,-3.448315e-05,8.944422e-06,-8.866936e-05,2.664607e-05,1.9417144e-05,8.488656e-06
DENND2A,-0.0002626814,7.857755e-05,0.00013823248,9.298511e-05,0.0019347891,-0.00023219083,-0.00018908363,2.977904e-06
MAP4K3,-0.00020981394,-0.001027951,-0.0007883664,2.7424656e-05,-0.002652049,0.00017883629,0.0006184671,4.369393e-05
DCHS2,0.00043307804,0.0007106587,0.00084823556,-0.00021699816,0.0015748814,0.000106530264,-0.0004833294,-4.0541985e-05
PCDH7,-0.00021611899,-0.0006691497,-0.0006531868,0.00015920866,-0.0031808615,0.000133791,0.00043804757,3.650575e-05
KCNS1,-0.00016723387,-0.00014095381,-6.5295026e-05,0.00016628765,0.00015218556,-0.00024912506,-8.700136e-05,1.4562043e-05
SERAC1,-0.00014398992,9.933487e-06,2.489239e-05,0.00011020899,-0.0012985021,-0.00012212014,-8.390192e-05,7.734518e-06
SMOX,0.0002988819,0.0002747085,0.00040962733,-0.00017285999,0.0014215261,0.00018393621,-0.00019720849,-1.7663813e-05
KLHL18,0.00023547001,0.00041833147,0.0005352553,-0.0001917351,0.0008211285,0.00020233076,-0.00024948176,-2.4340814e-05
PTPRO,-0.00036978163,-0.00079767965,-0.00064882636,0.00018962845,-0.0029772595,-8.4553845e-05,0.00039653387,4.0984014e-05
KCNV2,-0.00011338107,-0.00035023876,-0.00025453232,7.717591e-05,-0.0016111806,1.5465543e-05,0.00016800966,1.8114923e-05
FSTL4,0.00033875555,0.00019615889,0.0005320925,-0.0002725618,0.0032051057,7.065479e-05,-0.0002582753,-1.986348e-05
RHOT1,7.34292e-05,-5.1682815e-05,-3.2206997e-05,2.618786e-05,-0.00038624555,0.000142348,2.2537075e-05,6.080256e-06
ITIH5,-0.00061666034,-0.001188824,-0.0008787941,8.285511e-05,-0.0044328496,-0.00016207201,0.0006499635,5.187397e-05
SH2D3C,-0.00025377423,-0.00073271245,-0.00067353435,0.00016551837,-0.0030557364,9.443145e-05,0.00042800047,4.2197295e-05
DSG4,-0.0002220925,-0.00049386546,-0.00036372617,0.00012381282,-0.0010839552,-9.645708e-05,0.00019464549,2.6696012e-05
APPBP2,-4.849769e-05,-0.00010344386,-1.7220154e-05,6.114878e-05,-0.0001225993,-0.000106165186,-4.1394494e-05,8.826028e-06
ARSA,-5.2345917e-05,-0.000306705,-9.5432624e-05,-9.5770694e-05,0.0005373731,7.222872e-05,0.00012170989,1.1343625e-05
FAM160A2,0.00011681393,-0.00015723333,3.4259632e-05,-1.201313e-05,0.00096824765,-7.483736e-05,-5.7134777e-05,8.060364e-06
ADD2,0.00020811334,0.0002825912,0.00025876984,5.783513e-07,-0.00012040138,0.000117354095,-0.00019325409,-8.056406e-06
PCDHGB6,0.00027212873,0.0002654791,0.0003518518,-0.00015308708,-0.00019980967,0.000231958,-0.00014016498,-1.554226e-05
FBLN5,-0.00012585521,-0.00047594495,-0.00021343678,-3.9857812e-05,-0.0007348284,-4.4421293e-05,0.0001954902,1.6584294e-05
MYO3A,-0.00016561896,-0.00048517063,-0.0003423579,2.079457e-05,-0.0023821443,6.0521998e-05,0.00029417407,1.983915e-05
NOX5,-0.00021708943,-0.00048895366,-0.00036055222,0.00012257323,-0.0011222437,-8.885935e-05,0.00019481964,2.6362599e-05
FZD6,-0.00015044957,-5.4128468e-05,2.727285e-05,0.00011647493,0.00075837225,-0.00021400303,-0.000120080076,7.946743e-06
LHX3,-0.00025758334,-0.00052705966,-0.00042501464,0.00015718862,-0.0012635812,-7.845368e-05,0.00022596307,2.9270886e-05
SMPD4,6.7997724e-05,0.000264002,0.00040433556,-4.3234788e-05,0.0011619031,-0.00016274676,-0.00031532254,-9.500422e-06
PRKCD,-0.00020783581,-0.00040131807,-0.00030804612,0.00022898987,-0.001051724,-0.00028067036,7.883925e-05,2.5613233e-05
FBF1,-0.00013205409,-0.0002992805,-0.0003049001,0.00015490875,-0.0016144365,-2.6671216e-05,0.00013274886,2.2643479e-05
PCDH8,0.00025141053,-0.000567127,-0.00029834546,-0.00014314055,0.00068725646,0.00025566109,0.00030057784,1.9339495e-05
PCDHGB7,0.0001792796,0.00013374165,0.00024211779,-7.415097e-05,0.00016956031,8.15317e-05,-0.00012605917,-8.27224e-06
PLXNA3,-0.0001902394,-0.0004304815,-0.00033308007,0.0001093559,0.00025206804,-4.4977292e-05,0.00017365161,2.4315901e-05
BICD1,7.760711e-05,-4.2766333e-05,3.9635226e-05,-2.4549663e-06,-8.02055e-05,8.226652e-05,-2.2806227e-05,3.581401e-06
DCAF6,-0.00031640567,-0.0003297832,-0.00033348985,0.00032370444,-0.001247786,-0.00038418826,3.7401915e-06,3.0513736e-05
ZNF644,-0.00033288263,-0.0005950574,-0.0004350897,0.00017470028,-0.00068861246,-0.00020091562,0.00019979198,3.32942e-05
SLC5A12,0.00014284253,-0.00014975481,6.168708e-05,-0.00012674741,0.00058050454,0.00013003964,3.8322993e-05,1.0655494e-06
GATA6,-4.1477382e-05,-0.0001701098,-5.45159e-05,-6.92904e-07,-0.00042176247,9.239558e-05,6.644428e-05,7.0231035e-06
DPYD,0.0002998039,0.00038786232,0.00035078637,-0.00010796264,-0.0012749955,0.00027007796,-0.00013885181,-1.9262661e-05
DCAF5,-0.0002353657,-0.00066350773,-0.0005338602,0.00013093464,-0.0007137805,-2.267398e-05,0.00031304825,3.516907e-05
DDX17,-0.00039103068,-0.0010548458,-0.00090033,0.0002224734,-0.0022976324,-1.215376e-05,0.0005588941,5.3355237e-05
ACTR1B,1.4811754e-05,-0.00012857653,-9.057298e-05,4.4494867e-05,-0.0005518347,2.4035573e-05,4.229974e-05,9.430456e-06
MROH7,-0.00015806966,-0.00035181828,-0.00023533218,6.7808665e-05,-0.0004940182,-3.5613775e-05,0.00013448112,1.865928e-05
ADGRL2,-0.00041395426,-0.00094223395,-0.00081808306,0.00023599807,-0.0015722886,-0.00014663814,0.00047524553,4.88566e-05
FXR2,5.8196485e-05,0.00014864281,0.000107996166,0.00014503673,-0.00093030185,-0.00010236725,-0.00017335173,1.937733e-06
HIVEP1,0.0002366621,7.953867e-05,0.00013093837,-5.672872e-05,0.0005918965,0.00016661081,-6.8611465e-05,-3.1829113e-06
HACE1,0.00027017295,0.000306841,0.00044783019,-0.0001899749,0.0022445843,0.00020828098,-0.00020597782,-2.0131003e-05
ELMO1,-0.00026889332,-0.0005859304,-0.0004129056,7.181149e-05,-0.0006270483,-6.78394e-05,0.00025377888,2.9833056e-05
INTS6L,8.694828e-06,-0.00041550584,-0.00035678037,6.0293823e-05,-0.0027497485,0.00014072098,0.00026274845,2.18465e-05
KLHL2,1.8030405e-05,-0.00017220154,2.2241846e-05,-5.1732175e-05,0.0009889379,-3.945455e-05,-3.8435683e-06,6.2242616e-06
NFE2L1,-0.00029088184,-0.0005530324,-0.00037087686,0.00015201233,-0.0008607507,-0.00029301085,0.00014782418,3.1878357e-05
ARMCX4,0.00026207604,0.0003000144,0.0004139226,-0.00011451449,0.0017675757,6.129779e-05,-0.00026073772,-1.4652032e-05
KIF22,-5.6393445e-05,-0.00020148419,-5.2055344e-05,2.4866313e-06,0.0010995716,-6.762333e-05,5.453825e-06,1.1009048e-05
NR3C1,0.00028757378,0.0003127735,0.00051756576,-0.00021316297,0.0022139996,9.752903e-05,-0.00026752148,-2.1253363e-05
CACNB4,7.439405e-05,-0.00015480258,-9.7425655e-05,5.969405e-05,-0.0012085438,1.11777335e-05,3.2155775e-05,1.2224074e-05
KIAA1324,9.395182e-06,-0.0001129061,-2.6997179e-05,5.8444217e-05,0.0005229041,-5.241111e-05,-3.8063154e-05,9.421608e-06
ARAP2,-0.0005245898,-0.00079844333,-0.00063612685,0.00024383143,-0.0036187544,-0.00035392912,0.00033607893,4.1931635e-05
GALNT7,-0.00012066029,0.00022116303,0.00019634515,0.00010385178,0.0019232705,-0.00011784071,-0.00022350345,-3.4001423e-06
SEC14L5,-0.000101080164,-0.00014993735,-7.8912824e-05,0.00011381693,-0.00034196675,-0.00012604566,-1.8593855e-05,1.16452575e-05
LONRF3,6.217696e-05,-0.00017689727,-7.238798e-05,1.9046478e-05,0.00076729804,3.573671e-05,2.8178096e-05,9.734882e-06
ACTR1A,-0.00012486614,-0.00045958534,-0.0002726391,2.6063062e-05,-2.5480986e-05,-1.6130507e-06,0.00018792227,2.1715183e-05
INPP5E,0.00057663023,0.00029511936,0.0005060807,-0.00033432618,0.0021383911,0.00042147655,-0.00016274024,-2.5065616e-05
NUP85,1.2582168e-05,6.1091036e-05,1.1695549e-05,6.133132e-05,-0.00022523105,0.00010636076,-2.833549e-05,2.8113136e-06
EFEMP1,-0.00016060844,-0.00024985708,0.0001659412,-6.219093e-05,-0.0005158037,-0.00037444057,-0.00010496285,3.4100376e-06
PCIF1,-0.00014112704,-0.0002590418,-0.000139568,4.045572e-05,-0.0011111572,-7.979944e-05,8.004159e-05,1.493399e-05
TULP1,-0.00019665435,-0.0004500132,-0.0003255047,0.000114558265,-0.0009997785,-7.812958e-05,0.00017478131,2.4258508e-05
ANKRD24,-0.00021795928,-0.00061283447,-0.00045396015,8.2968734e-05,0.0003964603,-5.102344e-05,0.00027198717,3.0582654e-05
URB2,0.00015544891,0.00020082481,0.00017775409,2.9559247e-05,0.00059292465,6.0507096e-05,-0.00016201194,-3.6656857e-06
KL,-8.1511214e-05,-0.00028878637,-0.00012277439,3.603287e-05,-0.00042506307,-3.8534403e-05,7.5349584e-05,1.3100682e-05
KLHL8,0.00021398626,-6.486848e-05,0.000111361966,-0.00010518264,-9.742379e-05,0.00017748866,1.3187528e-06,-1.8136343e-06
SEMA3D,0.000447236,0.00040681846,0.0005860459,-0.00032710284,0.0027308539,0.0003273422,-0.00023270864,-2.895284e-05
ENAH,-0.00032509677,-0.00062415376,-0.0004973598,0.0001639016,-0.00066125393,-0.000112914015,0.00026625115,3.3947872e-05
EIF4B,-0.00038648956,-0.0007017646,-0.0005719308,0.00026371703,-0.00043027848,-0.0002549449,0.00023576804,4.1353633e-05
CIZ1,2.896972e-05,-0.00026590377,-0.00015960075,6.461516e-06,0.00046601892,-2.9728748e-05,8.580461e-05,1.4684047e-05
CPXM1,-0.00043714046,-0.00027386472,-0.00020069256,0.00031820685,0.0001423508,-0.00060682883,-0.00012381654,2.7137576e-05
IGSF22,-1.7127022e-05,-0.0002602674,-4.5400113e-05,-2.6915222e-05,0.00040356815,-8.516014e-06,4.052464e-05,1.02580525e-05
ELAC2,1.5743077e-05,-6.751157e-05,2.268888e-05,-1.921039e-05,-0.0014927089,9.009987e-05,3.2302924e-05,2.8440263e-06
HSPA4,3.9832667e-05,3.0882657e-06,8.8116154e-05,-4.786998e-07,-9.122491e-05,7.9263e-05,-4.6451576e-05,1.03376806e-07
GPD2,0.00031765178,0.0006034821,0.0005556755,-0.00011151284,0.0005240962,0.00020589866,-0.00033860188,-2.4193898e-05
ITGB8,-0.0004135333,-0.0010762773,-0.00084765255,0.00014538039,-0.00097844,-5.983282e-05,0.000534459,5.145429e-05
USH1C,3.287755e-05,-0.00025330856,-6.9020316e-05,-3.156904e-05,0.0005239472,6.7147426e-05,7.3779374e-05,9.156414e-06
SH3PXD2A,-3.7189573e-05,-4.3008476e-05,-7.3984265e-06,8.518621e-05,-0.001303561,-8.750707e-05,-4.6366826e-05,8.771312e-06
KIF18A,0.00010950677,0.00039303117,0.0003581699,-1.6339123e-05,-0.00028126687,3.542006e-05,-0.00025018957,-1.3365643e-05
GPRC6A,-0.00025014766,-0.000522526,-0.00040076673,0.00014834478,-0.0013188645,-0.00011911988,0.00020696875,2.8887298e-05
GNAL,-0.0007051192,-0.0016867779,-0.0014004875,0.00024102256,-0.005083561,1.6154721e-05,0.0009878213,7.655111e-05
GFM2,0.00017871521,0.00030899607,0.00038568862,-6.726198e-05,0.00082956254,-2.3377128e-05,-0.00026809704,-1.2554694e-05
PTPRN2,-4.9889088e-05,-0.00038705766,-0.00025219843,1.3264827e-05,-0.00042755157,9.702239e-05,0.00019518379,1.8118648e-05
SLC6A4,0.00041128322,0.000342438,0.00039457344,-9.5799565e-05,0.0010350794,0.00017345138,-0.00023072865,-1.8180697e-05
TOPORS,-0.00018338487,-0.00016163848,-2.6548281e-05,0.00014618225,0.000743255,-0.00018919632,-8.6623244e-05,1.2622448e-05
ABAT,7.549301e-06,-0.00017062202,-0.00012182444,6.3546e-05,-0.0002623275,2.7879141e-05,3.9660372e-05,1.3013952e-05
PHF8,-0.00015830435,-0.00028749928,-6.857142e-05,-2.0856038e-05,-0.00039160997,-6.1020255e-05,7.187296e-05,1.083652e-05
STARD3,-1.3926998e-05,-0.00013530627,-8.817762e-06,3.5401434e-05,-0.00036842376,-9.9939294e-05,-3.036391e-05,8.561648e-06
ABCD3,-0.0003358405,-0.00047117472,-0.00042228587,0.00020659622,5.824864e-05,-0.00019199168,0.00016041473,3.186916e-05
BMPR1A,-7.314421e-05,7.716566e-05,2.2873282e-05,0.0001977887,-0.0009592995,-0.00020021014,-0.00015287567,7.522176e-06
RBM5,-0.00044136308,-0.0007898193,-0.0007333681,0.0003168434,-0.0022012964,-0.00023250142,0.00034332555,4.8393034e-05
ACVR2B,-0.00085675716,-0.0017759688,-0.001686383,0.0005264329,-0.004262276,-0.00033760956,0.0009223195,9.9267345e-05
RHBDF2,-0.00014486164,-0.00066202134,-0.00049610436,6.938446e-05,-0.0009162426,5.2330084e-05,0.0003432613,3.052107e-05
EYA4,-0.00020053424,-0.00018863566,-0.00011749752,0.00010000635,-0.0017752051,-9.8608434e-05,4.872121e-05,1.2273435e-05
PIWIL2,5.6549907e-06,-0.00021093525,-5.5288896e-05,1.9401312e-05,0.00011423975,-4.638266e-05,9.810552e-06,1.1440017e-05
HNF4A,-0.00015167706,-0.00033597462,-0.00022301078,0.00010214187,-0.0007837862,-8.795597e-05,0.000101826154,1.9206782e-05
PAX1,-0.00010977872,-0.0001907628,-8.459017e-05,5.8293343e-05,-0.00084526837,-3.834162e-05,4.1512772e-05,1.0760617e-05
FAM20C,8.8561326e-05,-0.0003014747,-0.00014126673,-8.0180354e-05,0.00043195486,0.00019934215,0.00015909411,1.1865748e-05
MCM8,3.2907352e-05,-0.00015209988,0.00012450665,-0.00013548788,0.0024095103,-4.356634e-05,-5.865842e-05,3.6945567e-06
ZNF318,2.1690503e-05,-4.5429915e-05,3.001839e-05,-2.052635e-06,-0.00042853504,9.21255e-05,-5.4445118e-06,4.094094e-06
USP38,0.00020449981,0.00035113096,0.00050561875,-0.00013315305,0.0014025494,0.00012942217,-0.0002716845,-2.1836488e-05
USP53,-0.00010824762,-2.3154542e-05,9.884499e-05,5.2667223e-05,0.0007980317,-0.00015534973,-0.00013179611,4.3470645e-06
SLC9A2,0.00011772849,4.1790307e-05,0.00014041364,-4.294049e-05,0.00024648756,0.00010039564,-6.164145e-05,-3.5882695e-06
CIITA,-0.00024248101,-0.00036182627,-0.00025114045,0.00011286978,-0.00095666945,-0.0001474428,0.00010663923,2.1734973e-05
GRIN2C,-0.00023532845,-0.0004289765,-0.00033739768,0.00015447848,-0.0014744997,-0.00013555773,0.00016208924,2.4820794e-05
GBE1,0.00015129708,0.0001427643,0.0002763979,-0.00013789162,0.0010650307,8.833781e-05,-0.00013050716,-8.650008e-06
DCT,-5.5745244e-05,-0.00039641932,-0.00018039346,-7.7039935e-05,-0.0019562542,0.00013077538,0.00021766685,1.4011632e-05
TRAK2,0.0001669433,7.385947e-05,0.00022903271,-0.00013584085,0.0014133602,0.00016213581,-9.066239e-05,-6.4201886e-06
IPO4,0.00022947043,-2.4544075e-05,0.0001282338,-0.00017769262,-5.8487058e-05,0.00023554917,3.6044046e-05,-4.9131922e-06
HCK,-0.00034664944,-0.0009292234,-0.0007474385,0.00014213473,-0.0013222545,-4.3070875e-05,0.00047740992,4.5689638e-05
PLEKHH2,-4.7268346e-05,-2.2107735e-05,7.969886e-05,-2.8740615e-05,-0.0033395886,5.9584156e-05,1.9233674e-05,6.4622145e-07
PITX2,0.0006848518,0.00024149194,0.0003992468,-0.00038548838,-0.0012216046,0.0007761242,5.3273514e-05,-2.7955743e-05
PIK3R3,-0.00046551414,-0.0011661481,-0.00094770826,0.00020328071,-0.0014060289,-0.00018404052,0.00055246614,6.0381368e-05
SYNJ1,-0.00014163554,-0.00045940094,-0.00026081502,6.391015e-05,-0.0006101206,-5.2641146e-05,0.00015978888,2.223358e-05
ANKRD35,-0.0003062319,-0.0006365869,-0.0006248951,0.00021954253,-0.0013841838,-0.00016236864,0.0002964437,4.0929182e-05
RIPOR2,-0.00015157647,-0.00014775805,5.458109e-05,0.00015563238,0.0016743094,-0.00047298288,-0.00022278074,1.4218735e-05
RXRB,-0.00034948438,-0.0005763173,-0.000488529,0.0002612956,-0.00048176944,-0.00036371965,0.00015176088,3.7342426e-05
ARHGAP31,-0.00023304112,-0.0003490746,-0.00037426874,0.00021428801,-0.002466336,-7.969234e-05,0.00016570557,2.5367131e-05
TUBGCP5,0.00024519302,0.00012877956,0.0002645366,-0.00011890754,-0.0008949861,0.00012827385,-0.000110707246,-8.268631e-06
TRPA1,1.1194497e-05,-6.451644e-05,6.582402e-05,4.1350722e-07,0.0007798299,-1.6039237e-05,-5.343184e-05,2.8146897e-06
ATP2B4,-7.9125166e-05,-0.00012996048,7.389113e-05,-2.1454878e-05,0.0021682456,-0.00012640422,-8.429028e-05,6.010523e-06
KIFC2,0.00024377741,0.00028514303,0.0004788842,-0.00015848968,0.00042866915,7.96793e-05,-0.00025159586,-1.7255777e-05
ITGAE,8.46982e-05,-0.00021307543,2.3528934e-05,-0.00011556875,0.00028848648,0.0001185881,6.261468e-05,3.945548e-06
PPL,0.00020975061,8.8475645e-07,0.00020499714,-0.00013202336,0.0008562654,0.00012565777,-6.235298e-05,-6.1076134e-06
NOP14,0.00034258515,0.00037469342,0.0004215166,-0.000118430704,0.00081320107,0.0001862105,-0.00023376476,-1.8779072e-05
GTF2IRD1,-0.00034504198,-0.0008824505,-0.0005481001,0.00014474988,0.00061036646,-0.00035650888,0.0002664458,4.1659107e-05
BAG6,-0.0001598224,-0.00014732964,-5.543232e-06,0.00012454204,-4.285574e-05,-0.00022851024,-8.570403e-05,1.0710093e-05
PTPRJ,-5.6743622e-05,-0.00015801191,-6.4948574e-05,0.00014140643,0.0001725629,-0.00014649425,-6.128289e-05,1.3444689e-05
TBX3,0.00030298904,2.1150336e-05,0.0001606457,-0.00012354832,-2.0436943e-05,0.0003166627,-4.025176e-06,-7.368042e-06
WDR48,-5.1336363e-05,-0.00012963451,-0.00014573894,0.00019495562,0.00012192875,-0.00014007837,-4.229974e-05,1.6548322e-05
ATXN2,-2.3234636e-05,-0.0005005114,-0.0001604706,-8.824188e-05,0.00015936792,2.0918436e-05,0.00017661322,1.5980448e-05
TCF7L1,1.2682751e-05,-0.0003817007,-0.00024121627,0.00011636503,-0.0011180639,-0.00011450052,7.987302e-05,2.240797e-05
STK11IP,0.00014069304,-0.00018104725,0.00021547079,-0.00022454932,0.0040081292,-0.00010306761,-0.00010730978,6.869668e-07
ILK,-0.00017212518,-0.00033191592,-0.00025862455,0.00010360964,-0.0016717017,-7.0406124e-05,0.00013937894,2.047536e-05
PTPRG,4.613772e-05,0.00019825995,0.00028948486,-7.5597316e-05,-0.0014127493,8.3772466e-05,-0.00013093185,-1.1053286e-05
ITIH1,-0.00021162629,-0.0004865732,-0.00035703555,0.000119164586,-0.001081422,-8.5116364e-05,0.00019404199,2.6134308e-05
FIG4,0.0003168881,0.00053012744,0.0006083343,-0.000116389245,0.000121332705,3.4135766e-05,-0.00038881134,-2.3561297e-05
MCTP2,-0.00014215335,-0.00016086176,1.2947246e-05,4.028529e-05,0.00034790486,-0.00014864653,-4.1907653e-05,7.8356825e-06
KANK1,-0.0001512859,5.8233738e-05,0.00020555034,5.1287934e-06,-0.00040427595,-0.00020332402,-0.00016594771,-1.4974503e-06
ALDH4A1,-0.00023063272,-0.00039378367,-0.00034788996,0.00016692095,-0.0021066964,-0.00013636285,0.00015974138,2.4839537e-05
XPNPEP2,-0.00013666414,-0.00030872412,-0.00019085221,9.1862865e-05,-0.0008490607,-6.9899485e-05,8.921418e-05,1.7290004e-05
PLEKHA6,-0.00017173961,-0.00038890168,-0.00035021082,0.00020344928,-0.0008011386,-8.155033e-05,0.000120770186,2.8623617e-05
SLC9A5,0.0005010683,0.0005890876,0.00054016896,-0.00012543332,0.0011804178,0.00029836036,-0.000310936,-2.7173548e-05
TANGO6,0.0004905816,0.0007465575,0.00091496855,-0.00027951878,0.0009491965,0.00024382211,-0.0004861066,-4.1871215e-05
ATP11B,0.0001650285,-0.00017968938,4.027784e-05,-0.00013254862,0.00052414834,0.00010314863,4.1733496e-05,3.2281969e-06
TEC,1.0678545e-05,-0.00026378408,-5.673617e-05,-5.8673322e-05,0.00024929643,6.725639e-05,8.283928e-05,9.195413e-06
MTMR10,3.701262e-05,0.00011499226,0.00012548268,5.3951517e-05,0.0001231134,-1.0346994e-05,-0.00012924057,-6.380724e-07
UNC5D,-6.545894e-05,-0.00019448064,-6.1415136e-05,7.0139766e-05,0.00087403506,-0.0001372369,-2.011098e-05,1.1398573e-05
MAP4K1,8.440763e-05,0.00023419596,0.0003112387,2.8813258e-05,0.0012404993,-0.0001211809,-0.00027571712,-6.8652444e-06
CTNNA1,-0.00014754757,-0.00030465797,-0.00010241009,1.2591481e-05,0.0012260005,-0.00010610046,5.415827e-05,1.3261568e-05
NR2C1,2.9129907e-05,-3.820099e-05,-8.8617206e-05,0.00010932982,-0.0006355718,0.000102474354,2.9276125e-05,7.1102986e-06
SGK223,-0.00021708943,-0.00048895366,-0.00036055222,0.00012257323,-0.0011222437,-8.885935e-05,0.00019481964,2.6362599e-05
LCP1,-0.00022501312,-0.0006062109,-0.000487715,0.00013508368,-0.0005120933,-2.6014633e-05,0.0002836343,3.2250653e-05
CD163,7.184036e-05,-8.792803e-05,0.00016716681,-9.376928e-05,0.00038122386,4.35533e-05,-4.2681582e-05,-2.9871007e-06
PNPLA8,-0.00010888837,-0.00021723099,-4.6027824e-05,3.943406e-05,-0.0014228821,-6.532855e-05,4.3055043e-05,8.983654e-06
PRPF31,-9.51346e-05,-6.384589e-05,4.23491e-05,5.0774775e-05,-0.00044861436,-9.0293586e-05,-6.107986e-05,5.5351993e-06
AREL1,0.00016532838,1.8553808e-05,0.00014441088,-7.548742e-05,0.00028958917,0.00010178983,-6.505102e-05,-1.9723084e-06
XPNPEP1,-1.8658116e-05,-0.00012900308,7.488951e-05,-5.094707e-05,0.0006477982,-7.736031e-05,-4.4210814e-05,4.8457878e-06
TRIM67,-0.0004311446,-0.0006507095,-0.0005884133,0.00021285005,-0.0017750412,-0.000132991,0.0003262842,3.817957e-05
AC018470.1,-0.00021708943,-0.00048895366,-0.00036055222,0.00012257323,-0.0011222437,-8.885935e-05,0.00019481964,2.6362599e-05
AP2A1,0.00045386888,0.00027565658,0.00042616017,-0.00021203794,0.00068030506,0.00027190987,-0.00017872173,-1.763564e-05
ZFAT,0.00031346083,8.259714e-05,0.00036709756,-0.00018529594,0.0009193346,4.812423e-05,-0.00016941223,-1.2781005e-05
SOX30,-0.00019866042,-0.00048379786,-0.00035016984,0.000110489316,-0.0011068806,-7.229857e-05,0.00019602105,2.5580986e-05
PLEKHH3,0.00075687096,0.0008880757,0.0011116508,-0.00043810531,0.0029749572,0.0003446769,-0.0005580904,-5.4400065e-05
ADAMTS2,0.0002663955,0.00037514418,0.0006103013,-0.00023547653,0.0013288185,9.550061e-05,-0.00028758775,-2.8481241e-05
SEMA3A,-0.00023024715,-0.0002529621,-0.00013905019,0.00017078873,-0.00023975223,-0.0001810207,1.6288832e-06,1.6929931e-05
TUBB3,-0.00045204535,-0.0010510888,-0.0009448547,0.0002983017,-0.002142921,-8.390378e-05,0.00053640734,5.7121273e-05
FKRP,0.0003224723,0.0003011003,0.00056573004,-0.0002446631,0.0036472976,2.5810674e-05,-0.00031536352,-2.1904823e-05
COL9A3,0.0005901251,0.0004783962,0.0006404314,-0.0003768867,0.0018948317,0.00066384114,-0.00015234295,-4.0248968e-05
CARD10,4.926324e-05,-8.997321e-05,5.3901225e-05,-2.9095449e-05,0.00022796541,2.6521273e-05,-1.6015954e-05,2.0923326e-06
SEZ6L,-0.0003685318,-0.00061039627,-0.00057832524,0.00021210779,-0.0014555976,-2.6845373e-05,0.0003197007,3.636279e-05
CEMIP,1.1734664e-05,4.2868778e-05,0.00017122924,5.3226016e-05,0.00020628422,-0.0002166247,-0.0001898976,1.3948884e-06
CAMSAP3,-5.6754798e-05,-0.0006329324,-0.00047053955,2.4705194e-05,-0.0017401129,0.0001377631,0.00034664106,3.0477764e-05
PNPT1,-0.00015547499,-0.00019484758,-9.215996e-05,6.852858e-05,-0.00052301586,-0.00011517573,2.4425797e-05,1.2209173e-05
LIMK1,0.0003398955,0.000543898,0.0005218331,-3.8726255e-05,0.0030692816,-5.946122e-05,-0.00042379927,-1.9582687e-05
GALNT11,-0.00017403439,-0.00043018535,-0.00026748702,1.5659258e-05,0.00012149662,1.3047829e-06,0.00019523688,1.9074185e-05
NR5A2,6.510876e-05,-7.6871365e-05,5.8781356e-05,-2.2151507e-05,0.0008124113,-5.898997e-06,-4.8618764e-05,3.776513e-06
KIAA1671,0.00034878217,2.8135255e-05,0.00027753413,-0.00023879483,0.0016656816,0.00023148768,-5.6851655e-05,-1.1926633e-05
RFX4,-0.00042585284,-0.00073620304,-0.00044307858,9.493902e-06,-0.00031094253,-0.00021345587,0.00029589608,3.207533e-05
SGCE,5.210936e-05,-3.24063e-05,0.00013015419,-3.9247796e-05,-0.00072835386,-1.4925376e-05,-7.180497e-05,1.391978e-06
ZRANB3,0.0006894227,0.00062006526,0.00096461736,-0.00053878967,0.0018882453,0.00048579928,-0.00034722593,-4.998746e-05
COBLL1,0.0002535116,3.4682453e-05,0.00020295195,-0.000117100775,8.383393e-05,0.00017813873,-5.747564e-05,-7.316936e-06
CNGA4,-0.00021068938,-0.00048221461,-0.00035033748,0.00011854246,-0.0010478869,-8.9623965e-05,0.00018879212,2.5859219e-05
P3H1,0.00055054575,0.00027710758,0.0003378112,-0.00019652676,-0.00046839565,0.00038723927,-0.000100235455,-1.7976156e-05
DPF1,-2.7522445e-05,-0.00014587678,-8.920208e-06,3.2157637e-05,0.00031003356,-5.156081e-05,-2.1147542e-05,8.82335e-06
ARHGEF26,-0.00020484626,-0.00024309196,-0.00016962737,0.00012006238,0.00027550012,-0.00020024134,1.0765158e-05,1.8568593e-05
KLHL1,-0.00011129677,-0.00039374456,-0.00027747825,8.5750595e-05,0.001318939,-1.1697412e-06,0.00013479311,2.2771768e-05
SCYL1,-4.1332096e-06,6.7483634e-06,9.4475225e-05,9.466242e-05,0.0007946864,-0.00023153005,-0.00017595757,6.227405e-06
ACOX1,-6.228313e-05,3.614649e-05,0.00019622408,-3.0756928e-05,0.000494346,-6.809272e-05,-0.0001225425,-3.1322706e-06
TBL1X,0.00014876574,-0.00013245828,-8.279458e-06,-0.00014213193,-0.0017798245,0.00035818107,0.000178135,-2.3544999e-06
NUP153,-5.474128e-05,-0.00014897808,-4.233606e-05,6.585568e-05,0.0005624294,-0.00018579746,-5.5149198e-05,1.2994278e-05
DNER,-0.0011387486,-0.0019161571,-0.0019309111,0.00077186245,-0.005965419,-0.0005247039,0.00096493773,0.00011435151
TMTC3,0.0002282951,1.6571954e-05,0.000268735,-0.00021269731,-0.00080145895,0.00021979678,-3.172923e-05,-1.027016e-05
DLGAP2,0.0003761351,0.0004188139,0.0006229952,-0.00033073965,0.0013389513,0.00033972785,-0.00021458697,-3.1274394e-05
ACAP1,-0.00022087619,-0.0003259387,-0.00016492046,7.908419e-05,0.00025292486,-0.00019352557,5.7609752e-05,1.7110724e-05
ABCB10,0.00019404106,-0.00020361133,9.572133e-06,-0.00014427677,-0.0011885464,0.00018902123,9.846222e-05,4.4659246e-06
ANKRD31,-0.00011746958,-0.00026867352,-0.00016009808,3.159605e-05,-0.0021495894,2.1133572e-05,0.00012736488,1.3883924e-05
LUC7L3,-0.00044222735,-0.0010238811,-0.00088294037,0.00026486348,-0.0018019304,-0.00011555804,0.000499866,5.455711e-05
DYNC1I2,-0.00037783384,-0.0008592326,-0.0007299688,0.00023826957,-0.0015939176,-0.00012835627,0.00039722212,4.704646e-05
NDST3,0.0004825443,0.00044236705,0.00044911169,-0.00017967261,0.0011377186,0.00041881576,-0.00019138958,-2.464815e-05
ASAP3,-0.00014703535,-0.00041196495,-0.00038832612,9.985268e-05,-0.0012986436,-1.5662983e-05,0.00021765102,2.598681e-05
IRS2,-0.0012432747,-0.0020755585,-0.0018806737,0.0006250432,-0.0046778917,-0.00057849893,0.0009997785,0.00011360494
KLHL29,0.00029664114,-0.0003398955,-1.3906509e-05,-0.0002374202,0.00032021105,0.0002787253,0.00017139222,3.059511e-06
RBPJ,-0.0001614783,-0.00034212694,-0.00024425797,0.00010374747,-0.0005639121,-5.858019e-07,0.00013004337,1.9289786e-05
ZNF335,0.00016142242,0.00041446276,0.00048270077,-5.216524e-05,0.0013192892,-7.0370734e-06,-0.00033827778,-1.7929357e-05
SYK,-0.00022715889,-0.0005040057,-0.000384463,0.0001631314,-0.0015411898,-0.00016131392,0.00019045081,2.8243521e-05
GPATCH1,0.00016306154,-2.1183863e-05,0.00014944561,-3.9991923e-05,0.0012770221,7.134676e-05,-8.844957e-05,-2.0178268e-06
TAS1R3,-0.00017774478,-0.00046733022,-0.00033180043,0.00010052044,-0.00080917776,-6.351713e-05,0.00018418394,2.4681096e-05
IDE,-0.00013425015,0.00012674741,0.00018349849,0.000120346434,0.0013830736,-0.0002891631,-0.00025272276,1.7177081e-06
RECQL5,2.2325665e-05,-8.3602965e-05,-5.4577366e-05,-8.701347e-06,-0.0018859729,0.00011319108,7.3215924e-05,5.80505e-06
PLCD1,0.00018254481,0.00032046996,0.0002462566,-2.015289e-05,-0.0014106631,0.00018920843,-0.0001326995,-1.10692345e-05
CAPN11,-0.00025068037,-0.00050533935,-0.00037046894,0.00013688579,-0.0010801628,-0.00013405923,0.0001875991,2.7700327e-05
STIM2,-0.00020151585,-0.00027850457,-0.00016477518,0.00011009723,-0.0015290529,-0.00010215957,6.3119456e-05,1.7203274e-05
BRCA2,0.00060867704,0.0003323797,0.00049642846,-0.00038131792,0.00055538863,0.0005716551,-8.833874e-05,-2.7636881e-05
BAZ2B,-0.00027145632,-0.00030346215,-0.00015757047,0.00013826508,-0.00028799474,-0.00020784931,3.013201e-05,1.7264043e-05
NCSTN,0.00026775897,0.00011173263,0.0003298726,-0.00026832242,0.0012123808,0.00025133602,-7.259566e-05,-1.39768235e-05
PAM,-0.00049920194,-0.0011715274,-0.0008928459,0.00019304734,-0.003237456,-0.00020710565,0.0005637277,5.5319746e-05
SAMD9,3.06461e-05,-4.8747286e-05,0.00017429143,-3.5794452e-05,0.0009292364,-8.3412975e-05,-0.00011950452,-3.1886157e-07
SLC6A11,-0.00046903268,-0.0009862185,-0.0009071622,0.00030936487,-0.0038195848,-0.00017159153,0.0005010832,5.5079698e-05
ELMO2,-0.00022720732,-0.00029695034,-0.00014507025,7.920712e-05,-0.0008760989,-0.00019672932,4.8528425e-05,1.7243903e-05
TRPC7,-0.00021110848,-0.00036525726,-0.00026698038,0.00012826361,-0.00056105107,-0.000110853,0.00011626445,2.1434273e-05
PAH,-7.6448545e-05,-0.00034973398,-0.00013809092,-3.1022355e-06,-0.0004914105,-1.9915402e-05,0.00011552498,1.3545738e-05
ACSL6,0.00015628524,0.00011143088,0.00011775829,-7.3920004e-05,-0.0005411431,0.0003251359,1.3711862e-05,-7.079798e-06
PHF20L1,0.000101123005,-0.00030528568,-0.00016327389,-5.518552e-05,-0.0003233254,0.00018267427,0.00016796216,1.2278208e-05
CUL7,8.443929e-05,-0.000128733,4.351698e-05,-9.391457e-05,-0.0015267432,0.00011668354,5.4773875e-05,2.64938e-06
MYO9B,-5.118735e-05,-0.0003333036,-0.00010946952,1.8657185e-05,0.00070976466,-0.00013477309,3.9915554e-05,1.4649355e-05
RGS9,0.0003841985,0.0007017404,0.00061424077,-8.399319e-05,-9.156764e-06,0.0001809001,-0.00037081446,-3.1382428e-05
SLC3A1,0.00014144741,0.00020822696,0.00030127913,-1.5701167e-05,-0.0004799068,2.1990389e-05,-0.00019324291,-9.909971e-06
JMJD1C,-0.00044180453,-0.0007486753,-0.0005579218,0.00019744132,-0.0012811497,-0.00021473318,0.0002921177,3.9646984e-05
RIMS2,-0.00061439537,-0.0012867376,-0.0011836682,0.0004411135,-0.0023998767,-0.00030041207,0.0005850028,7.526658e-05
DDX4,0.00015901215,0.00010505505,0.00016185269,-4.4618733e-05,0.00091710687,0.00012363121,-9.318162e-05,-4.169531e-06
LRCH3,0.00042434596,0.00053455494,0.00063941814,-0.00022013579,0.0021021292,0.00029941183,-0.00031171087,-3.259501e-05
IRS4,-0.00015995465,-0.00046404824,-0.00029212423,5.3666532e-05,-0.0010765195,-3.458094e-05,0.00019180309,2.2180262e-05
DPYSL5,-0.00032253936,-0.0007143244,-0.00056718476,0.00019448157,-0.0008348003,-0.00016379682,0.0002889121,3.957399e-05
PCSK7,4.792586e-05,-0.0001988057,-0.00014752895,-9.3905255e-06,-0.000523068,0.00021686219,0.00014671311,9.513926e-06
NOL10,0.00012043491,0.00034080818,0.00053410046,-0.00016652048,0.0016709417,-3.1114556e-05,-0.00031187478,-1.9009225e-05
SMAD3,-7.4202195e-05,-0.0003660228,-9.482354e-05,-5.0663948e-05,0.0011078417,-0.000121803954,6.0576946e-05,1.464528e-05
KLHL5,-0.00031606108,-0.00048127584,-0.00030751154,0.00018926803,-2.4832785e-05,-0.00035195565,6.415509e-05,3.0005933e-05
SOX9,-0.00040296838,-0.0011398308,-0.0009421408,0.00015954208,-0.00033093244,-2.1537766e-05,0.0005858978,5.5376324e-05
ADAMTS5,0.00062012486,0.00042131543,0.00067805685,-0.00029158033,0.0020910725,0.00026374217,-0.00031124335,-3.277522e-05
GLB1L3,-0.0003533531,-0.00065338984,-0.00054877996,0.00018898677,-0.0019233003,-0.00011560181,0.00029907748,3.6509242e-05
SCNN1A,9.542331e-06,-0.00023584813,-6.960146e-05,-1.619663e-05,-0.00018007308,2.1018088e-05,5.9591606e-05,1.03707425e-05
MCM2,-0.00016858242,-0.0008591153,-0.0006852988,-2.7374364e-05,-0.002816826,0.00031444244,0.0005930895,3.5958947e-05
ESYT2,-0.00017071888,-0.00068446994,-0.00053421035,7.778313e-05,-0.0023859292,6.768014e-05,0.00037692767,3.3113756e-05
NEK4,0.00013053976,-1.06059015e-05,0.00015585124,-0.0001487257,0.00083737075,0.00018099695,-9.623356e-06,-4.9379887e-06
FUS,-0.00016799755,-0.0006251931,-0.00041984953,5.496852e-05,-0.0009858608,-3.15411e-05,0.00028150715,2.9132818e-05
ACAD10,5.8993697e-05,-9.967014e-05,0.00017032586,-0.00013742968,0.0018519908,-2.695527e-05,-7.022731e-05,-7.6578e-07
SARS,-0.00021708943,-0.00048895366,-0.00036055222,0.00012257323,-0.0011222437,-8.885935e-05,0.00019481964,2.6362599e-05
STRA6,0.0002639126,-0.00036316365,3.0811876e-05,-0.00018631015,0.0033767223,0.00013624318,6.8751164e-05,3.523659e-06
PKD1,-0.00015897118,-1.0782853e-05,-9.0468675e-06,0.00021655299,2.7902424e-05,-0.0003139046,-0.00016048644,1.1172844e-05
ATP6V0A1,-0.00034292042,-0.00064352155,-0.00043075345,0.00016527995,-0.00051205605,-0.00025340682,0.00020402577,3.3383607e-05
ADAMTS8,2.6473776e-05,9.503774e-05,0.00018068403,1.9978732e-05,0.00085525215,-5.2089803e-05,-0.00015367288,-3.1143427e-06
KCNN3,0.00022061169,-2.5648624e-06,0.0002781134,-0.00016629044,0.00010039657,0.00013685133,-7.988233e-05,-9.597745e-06
SV2A,-0.00047488324,-0.0009430852,-0.0008293092,0.00030855462,-0.0037498772,-0.00020854315,0.00044799875,5.3489e-05
CEMIP2,0.0002920758,5.3970143e-05,0.00032678805,-0.00026811752,0.0025708228,0.00020710193,-9.515975e-05,-1.21119665e-05
KCNQ1,-0.00018147007,-0.0003798753,-0.00028672814,0.00015260093,-0.0007897839,-0.00024180952,8.843746e-05,2.3999019e-05
SPHKAP,-9.6088275e-05,-5.1690266e-05,-2.3912638e-05,9.3052164e-05,0.0008483827,-0.00013219845,-6.8717636e-05,8.932315e-06
ATP2C2,-9.493902e-06,-0.00013095699,5.7928264e-06,1.0275282e-05,0.00071273,-3.4155324e-05,-1.5567057e-05,5.1633688e-06
ADAMTS9,-3.900379e-05,7.9687685e-05,0.000118868425,6.0658902e-05,0.0007580742,-9.832904e-06,-0.0001251297,-1.6298145e-07
CLSTN1,-0.00027066283,-0.00065334886,-0.00050378963,0.00015868805,-0.0006806925,-0.00013276329,0.00026748236,3.4991303e-05
CHRNA4,0.00031377934,0.00024784543,0.0005040467,-0.00024243817,0.00036544353,0.00025887322,-0.0001700921,-2.4008681e-05
PCK2,3.3587217e-05,-0.00021641143,-8.3349645e-05,7.2102994e-06,-0.002732046,5.003065e-05,9.118114e-05,1.0046642e-05
MAP3K19,-0.000106031075,-0.0002779588,-0.0002068039,0.000114657916,-0.0011461973,-7.811654e-05,8.814782e-05,1.6690465e-05
IVNS1ABP,-0.00019719452,-0.0006978009,-0.0004881788,8.0970116e-05,-0.0005761236,-1.5869737e-06,0.00032182503,3.20666e-05
ARHGAP9,-0.000591008,-0.001028616,-0.0009894613,0.00042945333,-0.0031626,-0.0003473214,0.0004687803,6.192399e-05
MYORG,-0.00025609136,-0.0005336292,-0.00041263178,0.00021522027,-0.0012161061,-0.0002474757,0.00014612917,3.286486e-05
RGS22,-0.00022836775,-0.00022922643,-8.975156e-05,7.022638e-05,0.00011487305,-0.00022802455,-5.4147094e-06,1.4121528e-05
NCOA7,-2.5907531e-05,1.6726553e-05,0.000100411475,6.369036e-05,-0.0007442683,-0.0001384872,-0.000121994875,3.7188875e-06
COL19A1,0.00010103732,0.00012223236,0.00032634474,-8.971803e-05,0.001390338,-3.475137e-05,-0.00019648764,-9.6854055e-06
DSG1,-0.00017724559,-0.00040758774,-0.00025474094,4.695356e-05,-0.0009823516,-1.5283935e-05,0.00017826725,1.9018422e-05
MAML2,-0.00012357533,-0.0005157031,-0.00030387565,-2.8510578e-05,0.0016841441,2.822373e-05,0.0002227975,2.0876294e-05
SMG5,6.8293884e-05,-0.00025408156,-7.8525394e-05,-8.445233e-05,0.00059541315,4.8103742e-05,7.891562e-05,1.1846889e-05
ALDH7A1,-6.0047954e-05,-0.0004152134,-0.0002501551,2.4622306e-05,-0.00048487633,-2.5967136e-05,0.00016244594,1.9928091e-05
AKAP11,-9.423494e-05,-0.00033390522,-0.00024030171,7.684715e-05,-0.00029283762,2.75895e-05,0.00012836698,1.977873e-05
SENP7,-0.00041672215,-0.00083116256,-0.000666162,0.00022196211,-0.0017263442,-0.00018594787,0.0003602095,4.5311404e-05
DHX35,5.886145e-05,0.00010057166,-2.2482127e-06,0.00021177344,-0.0008703619,-0.00015364541,-0.00014443044,7.2441762e-06
LIMK2,-0.0001781378,-0.00044187345,-0.00030320883,8.7286346e-05,-0.00044354796,-2.0887703e-05,0.00017426535,2.3899367e-05
PKN3,-0.00017628632,-0.0007001888,-0.0005072709,2.7804635e-05,-0.0012981966,9.0777874e-05,0.0003779186,3.1395117e-05
KEL,0.00016789325,0.00019242056,0.00024031475,-4.564412e-05,0.0009775087,0.00010747649,-0.00015041139,-8.022296e-06
CNNM4,0.00016686693,0.00044644065,0.00037586503,6.44438e-05,0.00051460415,-2.1647662e-05,-0.00031749252,-1.3619661e-05
OLFM1,-8.661486e-05,-0.0003382992,-0.00029028393,0.0001275586,-0.0005466193,-4.7463924e-05,0.00012406241,2.3719273e-05
SP100,0.00023482926,5.689077e-05,0.00014783628,-7.288437e-05,0.00023887306,0.00021091197,-4.291348e-05,-4.5294873e-06
NRG1,-7.269159e-05,-0.0005423408,-0.00039454736,5.9837475e-05,0.00037198514,-8.419622e-05,0.00020513125,3.1374977e-05
PEG3,-0.0010855161,-0.0021940898,-0.0020223502,0.0005500214,-0.0056801215,-0.0002792566,0.001189298,0.000116624054
L3MBTL1,8.235499e-05,0.000341516,0.00033008493,6.278418e-05,-0.00018721074,-7.7947974e-05,-0.00028457213,-9.99053e-06
PPFIBP2,9.5490366e-05,7.100031e-05,0.00014931709,-2.956763e-05,-0.0011275858,7.723924e-05,-5.6851655e-05,-4.280824e-06
NAV3,6.000139e-05,-0.0002500713,-2.105534e-05,-8.1236474e-05,0.0010594577,8.19955e-05,5.9294514e-05,8.097617e-06
NOL4,-0.00050381944,-0.0008151736,-0.00076125935,0.0003078049,-0.0013419613,-0.00019736728,0.00036834273,4.9172086e-05
GLB1L2,-8.571893e-05,-0.0003719218,-0.00028722174,0.00022774935,-0.0016081855,-0.00023114635,5.0394796e-05,2.537726e-05
DPF2,-0.0001698602,-9.54438e-05,-2.8854236e-05,0.00011878647,-0.0006116703,-0.00017381646,-5.9567392e-05,1.109438e-05
PCDHGC4,0.00030747242,0.00015510805,0.0002929233,-0.00012540072,0.0003252402,0.00014946517,-0.00013086107,-1.0791235e-05
IGSF1,-0.00025868602,-0.00052117556,-0.00046255253,0.00016694609,-0.0029149875,-8.173566e-05,0.000250265,3.1388598e-05
CPXM2,-0.00013948046,-0.00014651753,0.00016608462,-5.684793e-06,0.0018932223,-0.00041624624,-0.0001730239,2.1883752e-06
DLL4,0.00012786314,-8.6778775e-05,4.0451065e-05,-3.0304305e-05,0.0018993765,7.543992e-05,-2.6928261e-05,2.6352936e-06
SEZ6,-0.00025562197,-0.00030414574,-0.00028673746,0.0002726568,-0.001030989,-0.00031724572,1.117494e-05,2.6994967e-05
GALNT10,8.368306e-05,8.3334744e-05,0.00030466728,-0.00011633057,0.0030295923,-0.00012590643,-0.00022042263,-5.0921226e-06
TMF1,-0.00042486563,-0.0010899026,-0.0008795336,0.00020171143,-0.001813665,-0.000110484194,0.00053228997,5.4360367e-05
CHL1,-0.00081254914,-0.001666233,-0.001462983,0.00042115618,-0.004059091,-0.00027144467,0.0008536633,8.592976e-05
SLC26A3,-0.00021708943,-0.00048895366,-0.00036055222,0.00012257323,-0.0011222437,-8.885935e-05,0.00019481964,2.6362599e-05
USP5,-0.00011695176,-0.00025937706,-0.00014396757,2.0426698e-05,-0.001251556,2.1239743e-05,0.00011298526,1.3735378e-05
ADAMTS13,0.000509616,0.0005754307,0.00066338107,-0.00019742083,0.00064691156,0.00022337306,-0.00035805907,-3.1377305e-05
EIF2B4,-0.00013334304,-0.0002651587,-0.00022993423,0.00015922543,4.377961e-05,-7.928815e-05,6.968435e-05,1.8030754e-05
MRC2,0.0003241971,0.00063548423,0.0007073842,-0.0001647016,0.0026087016,6.780494e-05,-0.00044936407,-3.037497e-05
AP2A2,-0.00012103468,-0.00016299076,-0.00012887828,0.00016556866,-0.00015993416,-0.0001891125,-2.904702e-05,1.5708269e-05
SRBD1,0.00024709292,0.00046752393,0.00046848692,-0.00010302663,0.00075918436,0.0002168836,-0.0002391627,-2.4269335e-05
ADGRA1,0.00021526776,0.00024620444,0.0003638938,-0.00010350719,0.0012291819,9.625405e-05,-0.00021249522,-1.402304e-05
ELOA,0.000119220465,9.426661e-05,0.00021837838,-9.154994e-05,0.00033283234,0.0001356611,-8.809939e-05,-6.317161e-06
ACOX3,3.445521e-05,0.0001678355,0.00018595532,0.000100368634,-0.0004414171,-4.573539e-05,-0.0001859339,-3.6023557e-06
INTS11,0.00021336041,0.00020479225,0.00029846467,-6.0766935e-05,0.00011239946,6.536674e-05,-0.00019163545,-8.0624595e-06
VWA5B2,5.9956685e-05,3.999099e-06,1.9460917e-05,-1.1711381e-05,-0.00035173446,0.00011448283,1.4621764e-07,2.6826747e-06
RSBN1,2.2521242e-05,-0.000388911,-0.000311777,9.790994e-05,-0.0010224581,0.000119889155,0.00018801913,2.1604938e-05
KLHL3,0.00031303056,0.00021310896,0.00029911846,-8.925889e-05,0.0013598204,0.00020466652,-0.0001544198,-1.2725708e-05
SCAF11,4.1408464e-05,-0.00031680986,-0.00012705475,-6.52466e-05,0.00023061782,8.8665634e-05,0.00011875853,1.4107209e-05
DTNB,-0.0001454167,0.00013194792,0.00018901005,0.00013174489,0.00050935894,-0.0003401325,-0.00026314985,2.6645139e-06
SPG7,-0.00037708133,-0.00096799433,-0.00076343864,5.690381e-05,-0.0019787997,0.00011421088,0.00057892594,4.2503932e-05
APLP1,-0.0006258823,-0.0012668502,-0.0012252182,0.00043264776,-0.0030038357,-0.00024176296,0.00064060744,7.39852e-05
MMS19,-0.00012622587,-0.00019014627,-0.00015974604,0.00018519163,0.0006507188,-0.00022951607,-4.0435232e-05,1.8356484e-05
MDGA2,0.00030059554,0.0004362166,0.00034549274,1.07763335e-05,0.00082788616,0.00018433575,-0.000259134,-1.4326302e-05
EXOC2,0.0001010783,-0.00016566925,-9.6855685e-05,2.4031848e-05,-0.002744101,0.00014978927,0.0001136167,7.3524425e-06
VPS35L,-0.00014412217,-0.0002344288,-9.523891e-05,1.6022474e-05,-0.0008501783,-6.67274e-05,5.833432e-05,1.2844335e-05
ALPL,-0.0009858608,-0.0010426547,-0.0012597069,0.00077982526,-0.0051565394,-0.00067192456,0.00042433664,8.090993e-05
MCCC1,-3.023073e-06,-5.1135197e-05,5.553104e-05,4.1753054e-05,-0.00031667203,-1.7468818e-05,-5.378481e-05,3.5417033e-06
NOP2,0.00021374226,0.00044936687,0.00043737143,-7.74255e-05,0.0010317713,4.7893263e-05,-0.000303098,-1.6199192e-05
PPP1R12A,-0.0008368138,-0.0014503375,-0.0013671406,0.00048600044,-0.00395374,-0.00033780513,0.0007251818,8.295302e-05
COLGALT1,-7.0109963e-06,-0.0004387442,-0.0002528131,-6.1364844e-05,0.0012350082,0.00012779888,0.00020994619,1.8980121e-05
SLC5A4,-0.00017624535,-0.00043448433,-0.00029888004,0.00011861231,-0.0005977154,-0.00011764653,0.00014004018,2.3848494e-05
UBE3A,-0.0002545435,-0.0007290002,-0.0005150717,6.4929016e-05,-0.0001745224,-6.2286854e-06,0.00034168735,3.4379074e-05
ADAM11,2.5860965e-05,2.891384e-05,-2.634339e-05,0.00012559444,0.00035435706,-6.9569796e-05,-8.5313804e-05,7.81694e-06
FYN,-0.00062132813,-0.0011666473,-0.0011272151,0.00039385725,-0.0028793365,-0.00019858358,0.0006044181,6.6678855e-05
LENG8,-0.0002370812,-0.00080309436,-0.00041515753,-5.3684227e-05,-3.502518e-05,-5.3452328e-05,0.0003459053,2.9327464e-05
FZD7,2.868101e-05,2.145581e-05,0.00022371672,-8.159131e-05,0.0017912313,-0.00011794595,-0.0001683319,-8.747447e-07
CRY1,-0.00017653778,-0.00044605695,-0.00022325292,4.189182e-05,-0.0022926778,-0.00010601012,0.0001566764,1.9871979e-05
SEC16B,-0.00010971725,-0.00041580386,-0.00030423515,8.183718e-05,-0.0008848533,6.7260116e-06,0.00018365122,2.1728803e-05
VPS45,0.00013151206,-7.261895e-05,-3.9083883e-05,2.9111281e-05,0.0002670437,6.698724e-05,-3.251247e-06,7.836963e-06
FER,0.00019965507,0.00023001991,0.00034588948,-0.000103573315,0.0013890266,8.050632e-05,-0.00020477828,-1.1641183e-05
XYLT1,0.00056484155,0.0005121697,0.0007982459,-0.0004907213,0.0023269579,0.00053147227,-0.00023293775,-4.3702545e-05
ADGRG6,0.00029567257,-2.996996e-06,0.00022736564,-0.00025433023,0.0003125295,0.0003342498,3.199e-05,-1.204724e-05
TYK2,-0.00014554709,-0.00019497983,1.1380762e-06,2.7775764e-05,0.00012802333,-0.0001522121,-1.7452054e-05,8.333242e-06
HECTD3,2.6546419e-05,-5.9027225e-05,9.758398e-06,3.3365563e-05,-0.00047309697,-2.3412518e-05,-2.6232563e-05,5.2916585e-06
DARS2,0.00058337674,0.00010585971,0.00028692372,-0.00032768212,-9.369105e-05,0.00051673315,3.446173e-05,-1.6845413e-05
UNC45B,-0.00019381568,-0.00040894374,-0.00032202154,0.00013820175,-0.00088991225,-6.584544e-05,0.00016045384,2.340856e-05
SART3,-4.6547502e-06,-0.00047267042,-0.00023447722,-2.3405999e-05,0.00031156093,5.189888e-05,0.00018060487,1.9214698e-05
PDE3A,-0.00023978949,-0.0001365114,3.106147e-05,-1.4871359e-05,-0.0022672117,-0.00012641493,1.2966804e-05,5.3519616e-06
SACS,-0.00019665435,-0.00061215274,-0.00051618554,0.00011637155,-0.00014322251,4.8466027e-06,0.00030644145,3.30857e-05
CEP112,0.00021809153,0.00014857948,0.00032658875,-0.00013638195,0.0022264197,4.1238032e-05,-0.00018186774,-1.0424643e-05
SLC5A11,-0.00014200062,-0.0003115926,-0.00025564432,0.00012829527,-0.0008925423,-2.1080486e-05,0.00012549479,1.8862658e-05
ZMYM6,0.00039658882,0.00027884357,0.00041280128,-0.00023082923,0.00047437847,0.00032630656,-0.00013986882,-1.9623549e-05
MPHOSPH9,0.000113530084,0.00047298148,0.0005889572,-4.870817e-05,0.0027161539,-0.00014761603,-0.00044869725,-2.0080013e-05
DHX16,-0.00030305795,-0.0002523493,-0.00016414933,0.00022470485,0.00013312697,-0.00033819815,-5.974807e-05,2.187572e-05
PPP1R10,-0.0002334658,-0.00013029203,-3.0908734e-05,0.0001764372,9.766221e-05,-0.00035113702,-0.00012316834,1.38334e-05
CMYA5,0.00052736886,0.00034509227,0.0005232524,-0.00034499168,0.0026207492,0.00046349503,-0.00015705917,-2.7797883e-05
HMGXB3,0.0002753064,0.00041108392,0.00049609505,-0.00014662184,0.00019796193,0.00016838685,-0.00025703292,-2.0776293e-05
RBM33,-0.0005913526,-0.0011003148,-0.0010920819,0.0004819287,-0.0029223114,-0.00032268884,0.00050007366,6.713823e-05
SLC20A1,-0.00014543533,-0.00028296,-0.00019140914,7.8074634e-05,-0.0004151985,-2.4904497e-05,9.50275e-05,1.7762999e-05
TRHDE,0.00038690493,0.00045889989,0.00057523325,-0.00023886282,0.001475066,0.0002562087,-0.00027513597,-2.6225578e-05
MSN,-0.000100340694,-0.0003242474,-0.00015573762,3.2101758e-05,0.0011989176,-0.00012467476,5.9436075e-05,1.6993377e-05
TTLL13P,5.874969e-05,-1.07735395e-05,8.170493e-05,-3.5415404e-05,-6.886572e-05,0.00010663178,-1.7415732e-05,-6.5821223e-07
FTCD,7.659197e-06,-0.00030580908,-0.00015949458,2.9785559e-05,0.0006770268,-7.751491e-05,6.2351115e-05,1.6957754e-05
PTPRH,-0.00025814213,-0.00044008717,-0.00030694343,0.00014158245,-0.0011506528,-0.00018037623,0.00012904592,2.5817775e-05
TECTA,-0.00013872795,-0.00035181642,-0.00029498152,0.00015315227,-0.0012253001,-5.029794e-05,0.00012895092,2.2604829e-05
ULK2,8.982606e-05,-0.00023470074,2.8211623e-05,-0.00013009273,0.0011517555,0.000118867494,5.648099e-05,4.9786177e-06
PNPLA6,-2.468191e-05,-0.00032503717,-0.00023566745,8.53464e-06,-0.000826329,0.00013335701,0.0001966171,1.4261692e-05
BCAS3,0.0001644846,0.00029841252,0.0004202854,-3.579259e-05,0.0015874952,-9.512529e-05,-0.00031687412,-1.3124314e-05
CLEC16A,0.000102333724,0.00032229535,0.0004127212,1.9234605e-05,0.0007928312,-0.00013785111,-0.0003522737,-1.0296004e-05
TYW1,0.00041121617,0.0002627466,0.0003782455,-0.00027779583,0.0013212785,0.00046004914,-6.138533e-05,-2.1889922e-05
OSBPL5,-8.280389e-05,-0.00022321753,-8.248724e-05,4.4401735e-05,-0.00029587746,-8.0821104e-05,2.34982e-05,1.2234552e-05
VPS41,8.173473e-05,1.673773e-05,4.1831285e-05,5.1083043e-05,0.00056204945,3.8192607e-05,-6.976072e-05,3.4780242e-06
KIT,0.00029717945,0.00031121075,0.00029814243,3.8006343e-05,0.00028581917,2.8014183e-05,-0.00026452448,-9.026495e-06
LAMC3,0.0002774857,0.00057393685,0.0006142501,-0.00015370175,0.0006890297,0.00020088255,-0.00033315178,-2.8266571e-05
RNF17,7.1203336e-05,-0.00019910932,5.185604e-06,-8.733757e-05,0.0006080866,0.00010577403,5.641952e-05,4.777452e-06
ANKZF1,-3.056228e-05,0.0003737025,0.00023490936,0.00021463353,0.0003874153,-0.00017435942,-0.00033524167,-2.5205081e-06
SSH1,0.000109227374,3.556162e-05,5.2100047e-05,6.941985e-05,-0.00018740445,2.146326e-05,-8.781068e-05,4.859874e-06
ADAMTS1,-0.00015093572,-8.171983e-05,0.0001230631,-1.3804063e-05,-0.00034300983,-0.00010460708,-6.8041496e-05,9.502983e-07
VPS50,0.00018453784,0.0001997929,0.00027522817,-3.8552098e-05,0.00078802556,6.155204e-05,-0.00017666537,-1.0187272e-05
CUL4A,-0.00017228164,-0.00021499023,-0.00026858225,0.00022444408,-6.16014e-05,-0.000121061224,4.4303015e-05,2.0534964e-05
LTBP3,2.620928e-05,-0.00020688027,-9.146519e-05,-3.1718984e-05,0.00052212924,0.00010848418,8.3300285e-05,9.859097e-06
TGM2,0.0002835244,0.00020877458,0.00032280385,-0.000108227134,0.0011423901,0.00022876356,-0.00015032012,-1.4469377e-05
PCDH17,-0.00085317343,-0.0010951255,-0.0011553094,0.00058871135,-0.005732633,-0.00045709405,0.00051801,7.14598e-05
ARHGAP27,-0.00016329624,-0.00012759678,-5.3364784e-05,0.00017309934,0.0013267621,-0.0002517132,-9.2229806e-05,1.1850381e-05
SEC23IP,0.000108558685,5.3627416e-05,0.000154173,-0.00015938468,-0.000990726,0.00023039337,2.4732202e-05,-6.279093e-06
VPS53,0.00018555857,0.00028374046,0.00034249015,-8.6876564e-05,0.00047180802,0.00016070623,-0.00017823,-1.4911406e-05
XPOT,-1.678802e-05,-0.00017314404,-0.00012740679,7.670652e-05,-0.00069120526,1.225248e-05,4.9570575e-05,1.2753182e-05
CD109,-0.00021106936,-0.00038308091,-0.00023844652,0.00016049668,-0.0007697344,-0.00025915122,6.9604255e-05,2.1343469e-05
SENP6,-0.00021142513,-0.00091558136,-0.0006171074,3.544707e-05,-0.00045870245,-7.2363764e-06,0.00043509528,3.9812876e-05
FAM120C,-0.00022588857,-0.0002059117,-4.0182844e-05,0.00011835713,-0.000536412,-0.0003065141,-7.060636e-05,1.4757388e-05
ZNF541,4.7929585e-05,-7.230975e-05,3.2924116e-05,-2.9689632e-05,0.0010036454,6.7217276e-05,-1.1167489e-05,3.1212112e-06
DHCR24,-0.000226086,-0.00048143603,-0.0004280936,0.00015244074,-0.0017013252,-7.9292804e-05,0.00022565573,2.9086135e-05
ANKRD44,-0.00022731349,-0.00018717349,-7.9434365e-05,8.59322e-05,-0.0016177967,-4.7963113e-05,4.848931e-05,1.04052015e-05
ANKS1A,-0.00018696114,-0.0009026751,-0.00074242614,0.00014701393,-0.0012260452,-1.5036203e-05,0.0004375372,4.800118e-05
CCDC150,0.00056463666,0.0008371081,0.000968758,-0.00031670183,0.0038725063,0.00024235994,-0.00054059643,-4.6504545e-05
GPLD1,0.00041412376,0.0009660814,0.0008736979,-6.212108e-05,0.0007336512,0.00014088023,-0.00058624987,-4.235073e-05
ZC3H7A,-0.00011974014,-0.00020718761,5.2900985e-05,-4.1070394e-05,0.00090233237,-6.762333e-05,-1.5790574e-05,6.2054023e-06
NLRX1,0.0002677329,0.0002058614,0.00032679178,-0.0001283912,0.0012207255,0.00016167387,-0.0001638243,-1.2630946e-05
ATP5F1A,-0.00024547987,-0.00068425015,-0.000523312,0.0001298394,-0.00084812194,-4.554633e-05,0.00031123776,3.51544e-05
PCDHGC3,0.00018218532,0.000316035,0.00037087314,-0.0001380723,-0.000502564,0.00020460505,-0.00014679227,-1.7749611e-05
UNC45A,0.0002955962,8.67378e-05,0.00028290972,-0.00014903862,0.0023542047,9.2440285e-05,-0.00014774222,-8.462812e-06
SREBF2,-0.0002501551,-0.00064382516,-0.00050880946,0.00013406016,-0.0006738007,-4.4182874e-05,0.0002990393,3.373425e-05
SGSM2,-0.00021136552,-0.0005083494,-0.0004554484,0.00018080231,-0.0026782155,-9.5834956e-05,0.00023718644,3.104075e-05
DCAF8,-2.1666288e-05,-0.00047905743,-0.0002025459,-0.0001005698,-0.001042597,7.404387e-05,0.00022592302,1.597125e-05
SVIL,-0.0002889093,-0.0005726293,-0.00044876337,0.00012449361,-0.0008189976,-8.270331e-05,0.0002661897,3.0641095e-05
CACHD1,-0.00015521422,5.13345e-06,4.4906512e-05,0.00011848193,0.00031888485,-0.00015594903,-0.00012218859,6.5723434e-06
FANCA,0.00043881685,0.00026029162,0.0004090201,-0.00020394009,0.0019996688,0.00027724728,-0.00018396694,-1.7345767e-05
FZD5,0.00014366396,0.0004314389,0.0004929211,-3.698282e-06,0.0012618005,-0.00012822775,-0.00040053856,-1.5180907e-05
NEK10,-7.66702e-05,3.1791627e-05,0.00012877025,6.894674e-05,0.00013327599,-0.00015673274,-0.00014820602,1.8549617e-06
ULK4,0.000168005,-4.2608008e-05,0.00013911165,-3.4879893e-05,0.00010896474,4.2591244e-05,-7.191766e-05,-1.5880214e-06
WDR64,9.2510134e-05,-5.2705407e-05,8.1751496e-05,-3.217347e-05,0.0002238378,7.840898e-05,-2.6997179e-05,3.7648715e-07
FERMT3,-6.2640756e-06,-0.00025699846,-0.00011489168,-2.6132911e-06,0.00044888258,5.833432e-05,9.441469e-05,1.1013588e-05
ST18,0.00012885593,3.873557e-05,5.681999e-05,0.00010463223,0.00067040324,-4.782714e-05,-0.00014130492,6.368151e-06
ACSL1,0.00038856082,0.00048643723,0.0006897282,-0.00021890737,0.0009435415,0.00013350509,-0.00036031287,-2.9932358e-05
SPATA20,0.00033386238,7.4468553e-06,0.00017134473,-0.00018263701,0.0014864281,0.0002407562,-2.347771e-05,-5.997601e-06
NPR1,-1.1967495e-05,-0.00026053935,-0.0001223702,3.7845224e-05,-6.137043e-05,1.6232952e-05,7.088017e-05,1.236808e-05
CAPRIN2,-0.00011045113,-0.00068243966,-0.00048689917,8.640066e-05,-0.0012654439,2.242066e-05,0.00032041594,3.132061e-05
PKN2,4.2395666e-05,-0.0003303215,-0.00014914945,-5.9316866e-05,-9.829551e-05,0.00013973285,0.0001583593,1.2888922e-05
AXIN1,-9.09362e-05,-5.7077035e-05,1.3353303e-05,0.00017557573,-0.0002900958,-0.00037672743,-0.00017036032,1.164584e-05
KATNA1,0.00051231496,0.0007625986,0.0008835215,-0.00025429856,0.002353713,0.00020996202,-0.0004990557,-4.1639432e-05
TYRO3,0.00025782548,0.00010454655,0.00037769042,-0.00025713444,0.001645185,0.00012747757,-0.00012556557,-1.5700352e-05
FZD3,-0.00043510832,-0.000881223,-0.00076910853,0.0002706861,-0.0010160655,-0.0002003801,0.0003878232,4.953018e-05
EXOC1,-0.000100411475,-0.00036149658,-0.00028811395,0.00011301972,-0.0004924759,-3.687106e-05,0.00013862923,2.1992251e-05
SLC4A8,-0.0002690386,-0.00069118105,-0.00056690164,0.0001667738,-0.0016882122,-2.8439797e-05,0.0003373511,3.6188634e-05
TMPRSS15,-7.5470656e-05,-0.00023647584,-0.00014398806,4.93275e-05,-0.00039107352,-5.1688403e-07,7.669348e-05,1.3846322e-05
UMOD,-7.121079e-05,-0.00029665604,-0.00010180287,-1.6094185e-05,2.0071864e-05,4.4684857e-06,9.019766e-05,1.166272e-05
ADAM15,-6.308593e-05,-1.3783574e-05,6.409548e-05,0.00010215212,0.00041022152,-0.0001590075,-0.00012605358,4.799105e-06
RBM10,-0.00017318875,-0.00039250404,-0.00029324554,9.035971e-05,-0.0012114048,-2.628658e-05,0.00016926415,2.219854e-05
ERCC4,0.0003263615,-5.448982e-05,8.356199e-05,-0.00024149008,0.0019044355,0.00038777385,0.000103560276,-6.472459e-06
SHROOM4,0.00018035434,4.8162416e-05,0.0001621861,-5.456619e-05,0.0007556379,6.006565e-05,-9.281654e-05,-3.2674288e-06
ERCC5,0.0007133074,0.0005117953,0.00072557665,-0.00039589312,0.0019976571,0.0005388977,-0.00025274698,-3.9137667e-05
YTHDC2,7.983856e-05,0.00032232143,0.00046294928,-5.0648116e-05,0.0012089089,1.8564053e-05,-0.00029925164,-1.6440987e-05
RPS6KA4,9.4242394e-05,-5.4491684e-05,2.8852373e-05,-1.7128885e-05,0.0007626191,0.00010123849,-5.9055164e-06,2.7287751e-06
KIAA1210,-9.885989e-05,-0.0003351774,-0.00022058003,6.591529e-05,-0.0005063936,-2.191402e-06,0.00013175607,1.7542043e-05
TBC1D8B,0.0001295302,-0.00016571954,-7.275492e-06,-4.494842e-05,0.0008374974,7.512327e-05,1.792144e-05,6.883987e-06
ADGRB3,-0.00010920502,2.4661422e-06,-6.0983e-06,0.00016253535,-0.00046624988,-8.331239e-05,-8.905213e-05,8.477364e-06
PMS2,0.00018433668,0.00033657812,0.00041667,-7.7505596e-05,0.0014100224,9.7397715e-06,-0.00028734002,-1.43563375e-05
HIP1R,0.00017614104,0.000198761,0.00035121478,-0.00014180038,0.00049735606,0.0001555318,-0.00014896598,-1.428742e-05
ACTA1,0.00026586093,-0.00021309778,-0.00016751327,-8.222181e-05,-0.0010566711,0.0004071612,0.00022379681,7.857103e-06
PZP,8.945167e-05,-0.00010490231,2.3201108e-05,2.142042e-06,0.00046932697,4.483573e-05,-1.916103e-05,4.610629e-06
GUCY1A2,-0.0012210477,-0.0020218082,-0.0021435712,0.0008457126,-0.008025266,-0.00050652586,0.0011017015,0.00012386311
UNC5C,0.0003124755,0.0004642289,0.0005858764,-0.0001264736,0.0032108948,-3.7893653e-05,-0.00040918496,-2.2309367e-05
MEGF11,-0.000393074,-0.00029537827,-0.00025557168,0.00028206222,-0.0002437979,-0.0004999577,-4.6578236e-05,2.6619644e-05
ATP8A2,0.0003953036,0.0004187338,0.0006179996,-0.00034802966,0.00071518123,0.00049558096,-0.00013597775,-3.73323e-05
MTMR7,0.00023970194,0.0005264543,0.0006385427,-0.00014596898,0.001986988,4.3456443e-05,-0.00038971845,-2.6277034e-05
PIWIL1,-0.00012132339,-0.0002080705,-0.00012711436,0.00014422555,-0.00028099865,-0.00017393054,-2.0551495e-05,1.6795238e-05
MTMR14,0.00035369582,0.0001597479,0.00032187067,-0.00018917304,0.0023357198,0.00016854983,-0.00015793461,-1.0784017e-05
VPS18,0.0003858544,0.0005146805,0.0006455947,-0.00029860623,0.001238361,0.00029984396,-0.00026854407,-3.223121e-05
MMS22L,4.2710453e-06,-0.00029800087,-2.2249296e-05,-0.00014496222,-2.5220215e-05,6.533135e-05,0.000113607384,6.501912e-06
PLEKHG3,9.682961e-05,0.00046561472,0.0004927423,-7.4878335e-05,-0.0002649501,-9.954907e-06,-0.00031909626,-1.8426334e-05
AHCYL2,-0.0001371596,-0.00018082,-0.00017755479,0.00013596937,-0.0011609048,-6.0337596e-05,4.915893e-05,1.6210135e-05
CNTN3,-0.0001677461,-0.0010162834,-0.000836486,-3.4163706e-05,0.00010998547,0.00027363282,0.0006548995,4.3162494e-05
RBM15,0.00030190125,7.445738e-05,0.00015417486,-7.1018934e-05,-0.00028102845,0.00022746436,-5.013682e-05,-5.3143594e-06
SIN3B,-7.946044e-05,-0.00053908676,-0.00031818822,-2.1982007e-05,-0.0008857697,2.7586706e-05,0.00025374442,2.2277702e-05
AARS,-0.00021708943,-0.00048895366,-0.00036055222,0.00012257323,-0.0011222437,-8.885935e-05,0.00019481964,2.6362599e-05
FOXO6,0.00024537742,0.00019504316,0.00029033422,-3.939029e-05,0.0005403161,4.1107647e-05,-0.00020160805,-8.378527e-06
SFMBT2,-2.2649765e-05,-0.00021973066,-0.00015076995,8.890312e-05,-0.0018663704,2.5640242e-05,0.00010108668,1.1627097e-05
GLB1L,-0.00016998313,-4.291162e-05,9.726547e-05,7.6067634e-05,0.0014534667,-0.0002498529,-0.00015308801,5.242997e-06
PRPH,-0.000112678856,0.00025618635,0.0004188586,2.2221357e-06,0.0033907667,-0.0003637895,-0.00037689228,-9.619398e-06
KIF1C,0.00017124042,1.1499971e-05,0.000119861215,-1.7080456e-05,0.00082362443,4.95743e-05,-9.361748e-05,-1.0360964e-08
PRKCQ,0.00028422102,0.00026739575,0.00042601489,-0.00019177608,0.00015754253,0.0002472587,-0.00016493816,-1.8864172e-05
NRDE2,1.7985702e-05,-6.3970685e-05,5.2506104e-05,-4.831981e-05,-0.0004804358,6.7788176e-05,2.66172e-06,2.9401854e-06
DDR1,-0.00040015578,-0.00043706037,-0.0003974829,0.00025722384,-0.00049208105,-0.0003146138,0.00010364689,3.1556236e-05
TRAP1,-4.0499493e-05,-0.0003634058,-0.00012422726,-9.604264e-05,0.00029153377,6.1392784e-05,0.00014999509,1.2948527e-05
HAL,9.9115074e-05,-4.047528e-06,8.992292e-05,2.0163134e-06,0.0006751269,3.81805e-05,-7.523503e-05,1.2908131e-06
FAM13A,-0.00031262264,-0.0007679481,-0.0005300641,5.0048344e-05,-0.0008017048,-5.2498654e-06,0.0003770655,3.3832504e-05
TAF2,-2.2543594e-05,-0.0002856925,-0.00018443726,7.236004e-05,9.3370676e-05,-2.0023435e-07,8.671824e-05,1.6365666e-05
MIOS,0.00032943487,4.9097463e-05,0.00022828579,-0.00024934392,-9.725243e-05,0.00036617648,2.2714026e-05,-1.08099775e-05
F13A1,2.9766932e-05,8.887425e-05,0.00019052811,2.0767562e-05,0.00055717677,-3.506802e-05,-0.00014681462,-4.064408e-06
XPR1,-0.0008507818,-0.0014651455,-0.0013943333,0.0005287342,-0.0042217895,-0.0003722408,0.0007200269,8.4958505e-05
LONP2,0.00029857457,0.0003009513,0.00043430552,-0.00019598287,0.0007532835,0.00020601973,-0.00018854905,-1.9050669e-05
ACAD9,3.07858e-05,-0.00032860413,-2.4739653e-05,-0.00012882799,0.00059230626,-3.5437755e-05,7.3899515e-05,9.569689e-06
SLC26A8,9.8785385e-05,-0.00011653826,5.812198e-05,-9.068195e-05,0.0009220764,9.780843e-05,1.2340955e-05,1.4858088e-06
ITGA9,-6.9491565e-05,-0.00027673878,-0.0001741983,5.2660704e-05,-0.0011583567,1.3655983e-05,0.00011294801,1.4706398e-05
PDE10A,0.0002772808,-0.00027429126,-4.44483e-05,-0.00018069614,0.00018948317,0.00027386844,0.00015248545,5.0752424e-06
CRAT,0.00012606941,-0.00016227737,-7.603876e-05,-3.2197684e-05,-0.00041413307,0.00016331486,7.769372e-05,9.351061e-06
PRSS36,2.0194799e-05,7.2082505e-05,0.00012376532,4.9078837e-05,0.00036167353,-4.999712e-05,-0.00012934487,3.6938582e-07
RBM20,0.00012063235,0.00011314638,0.00024558976,-6.1244704e-05,7.543713e-05,4.7048554e-05,-0.00013273675,-7.0455717e-06
SLC25A12,-3.2654032e-05,-9.024516e-05,-4.1851774e-05,0.0001210887,-0.00027419627,-0.00010404177,-6.642938e-05,1.25363e-05
ARHGAP23,-0.0004245285,-0.00093752705,-0.0008134544,0.00020729098,-0.001882501,2.7514063e-05,0.00051279366,4.8244372e-05
PMS1,0.0002756305,0.00024004653,0.0003409218,-7.053651e-05,0.000946939,0.00010710303,-0.00021358486,-1.1802069e-05
CPS1,0.00047221594,0.000454003,0.00066559017,-0.0003552949,0.002027005,0.00029182434,-0.0002746964,-3.1843665e-05
PLG,-0.00016430579,-0.00047190487,-0.00032888725,8.686539e-05,-0.00097443163,-3.860332e-05,0.00019735936,2.392556e-05
VPS16,1.10678375e-05,9.126775e-05,1.7929822e-05,0.00011762977,-0.0013675392,1.7331913e-06,-7.3181465e-05,4.9475348e-06
NR1D1,-7.6152384e-05,-0.00031867996,-0.00022357516,9.899214e-05,-0.0013738945,-5.4216944e-05,0.00010951795,1.857581e-05
LTBP2,-5.2921474e-05,-0.00015615486,-9.7151846e-05,0.000111093745,0.000391908,-0.00011058804,-2.6071444e-05,1.3857381e-05
CNGA1,-6.295182e-05,-0.00017275102,-6.0053542e-05,5.153753e-05,-0.0006761402,-5.0071627e-05,1.4225952e-05,1.0666088e-05
ARHGAP42,0.00023597479,0.00039235316,0.00043850392,-9.0306625e-05,0.00071323663,0.00012837444,-0.0002614269,-1.7847866e-05
NLGN3,-0.00015025027,-0.00024613924,-0.00021355413,7.400382e-05,0.00012362003,4.021544e-05,0.00012137368,1.5435857e-05
CNTN6,4.3386593e-05,0.00045165606,0.0005607419,-0.00012838747,0.00016415864,-0.00010338519,-0.000350588,-2.0082458e-05
SORCS2,0.0005442258,0.0006039385,0.00062716193,-0.00028411392,0.0014619306,0.00040875282,-0.00028103124,-3.2660784e-05
ERCC6L2,-0.00012784079,-0.0005922094,-0.00054380484,0.00014798716,-0.0012465566,-1.0328367e-05,0.0002988549,3.4781056e-05
ADAM12,-0.0003975369,-0.00032890216,-0.00020613521,0.00019376073,-0.0005533099,-0.00022883294,3.93074e-05,2.0271633e-05
VWA3B,3.9935112e-05,-0.00016226992,4.304014e-05,-8.93902e-05,1.411885e-05,6.122328e-05,3.2494776e-05,3.1451927e-06
PIEZO1,-7.714704e-05,-0.00025155395,-7.483363e-05,2.2360124e-05,-5.5760145e-05,-4.1639432e-06,6.2886626e-05,9.594252e-06
ACAP2,-5.7403e-05,-0.00019036978,1.1321157e-05,1.2702309e-05,-0.00035443157,-9.3158334e-05,-1.4840625e-05,7.87375e-06
EXOC8,0.00045144372,0.00056336634,0.0007073134,-0.00020376872,0.0011015385,0.00016092416,-0.00038566906,-3.3165095e-05
CLMN,9.870902e-05,0.00038858876,0.00056596845,-7.195864e-05,0.0017732382,-0.000115312636,-0.00039173197,-2.0120991e-05
CEP76,-3.7457794e-05,-8.845702e-05,-9.3672425e-06,1.4855526e-05,-0.0006806031,2.508238e-05,1.5503727e-05,5.2705873e-06
SYCP2,0.00035381503,0.00014907122,0.0003583096,-0.0002598418,0.0005333349,0.00028820056,-8.2441606e-05,-1.6677892e-05
MAN1C1,-0.00013641827,-0.0002971869,-0.000113178045,7.4764714e-05,0.0007670969,-0.00020578643,-2.8135255e-06,1.7619343e-05
TMEM94,-2.6199967e-05,-0.0002952572,-0.00022220798,6.694626e-05,-0.0005643666,-1.21016055e-05,0.00010907184,1.86658e-05
NUP93,-0.00043961965,-0.0005923547,-0.0004954748,0.00023186114,-0.001479581,-0.00022385223,0.0002248222,3.5710633e-05
WDR35,0.0002309177,0.00022165477,0.00048506074,-0.00028437655,0.0019662753,0.00020257197,-0.00016722735,-2.1657906e-05
NRDC,-0.00019089878,-0.00020875223,-9.034015e-05,0.00012369454,1.3336539e-05,-0.00022161053,-3.4200028e-05,1.5569618e-05
EWSR1,9.890273e-05,-0.00021654181,-6.505847e-05,-4.3137e-05,0.00028286874,0.000112704,7.515401e-05,8.804956e-06
PRKCA,9.6376985e-05,-0.00016723387,0.0002455432,-0.00018005632,0.00040759146,-2.1030195e-05,-6.517861e-05,-3.969297e-06
USP13,0.0002798438,0.00034021214,0.0003814008,-0.000119086355,-0.0002521053,0.00028074626,-0.00015529897,-2.0217849e-05
FTSJ3,0.0003415402,0.00026414357,0.00031629577,-0.0001410339,0.0013441294,0.00024464168,-0.00014057104,-1.5153084e-05
LRPPRC,-3.5803765e-05,-9.608269e-05,1.7147511e-05,2.3863278e-05,0.00027628988,-5.2697957e-05,-4.4248998e-05,7.877941e-06
SASH1,-0.00032281503,-0.00039947592,-0.000579156,0.00043771882,-0.0028392896,-0.0002579824,0.00014670659,3.9056642e-05
BUB1B,0.00019838475,1.739338e-05,0.00018014945,-0.00022203941,-0.0006829649,0.00035047438,5.2873977e-05,-8.54244e-06
ANLN,-5.108118e-05,-0.00021086447,-0.00017780066,8.857064e-05,-0.0015885383,5.75101e-05,9.407848e-05,1.4730031e-05
GART,0.000100094825,0.00011060573,0.00020859018,-1.7342158e-05,0.0014875978,-6.0370192e-05,-0.00017826725,-2.5236513e-06
PSMD1,-4.8002228e-05,-0.00019526109,-4.031323e-05,1.6761012e-05,-0.0006098524,-1.6136095e-05,3.0066818e-05,8.979114e-06
PITRM1,7.30101e-05,0.0002646651,0.00018335134,8.691847e-05,2.4914742e-05,-3.4154393e-05,-0.00020204205,-3.0833762e-06
DGKA,0.0001891423,0.00027495995,0.00037105381,-9.983592e-05,0.002174057,7.9611316e-05,-0.00022933166,-1.3793353e-05
DYM,0.0004889611,0.00044506416,0.0006796736,-0.0003559878,0.001347214,0.00035883766,-0.00024824496,-3.454741e-05
AVIL,0.00028128736,3.0452386e-05,0.00015462749,-0.00014067348,-0.00010175258,0.00026805978,1.0163523e-05,-7.610186e-06
SLC7A2,-6.527826e-05,-0.00026835874,-5.6408346e-05,-2.3379922e-05,-3.7118793e-05,-6.8448484e-05,4.4909306e-05,1.0310789e-05
THSD4,0.00029317662,1.9203871e-05,0.00025048666,-0.00017582718,0.003119357,0.000121931545,-0.00010150205,-8.753152e-06
FLT3,9.486079e-05,-7.129647e-05,7.5181946e-05,-6.6822395e-05,1.309067e-05,0.00010240916,-3.144145e-06,7.3655974e-07
KCND1,5.6624413e-06,-0.00010671094,0.0001280643,-9.9574216e-05,0.0009236485,-1.981575e-05,-4.4830143e-05,7.514609e-07
POSTN,-0.00012527034,-0.00047759153,-0.00030239858,3.057625e-05,-0.00074256957,-9.388663e-06,0.00021201652,2.1456275e-05
DPP9,0.000165781,-1.5225261e-05,0.00012498163,-0.00015126448,0.0010613501,0.00018705893,-1.5338883e-06,-2.6270282e-06
INPP4A,0.000177484,-1.427345e-05,0.00010223873,-0.00011050515,0.0006896481,0.00020264741,3.955327e-06,-1.2015225e-06
MAMDC4,4.359521e-05,-0.00010246225,4.3565407e-05,-3.187917e-05,0.0014737248,-2.918765e-05,-4.0126964e-05,4.8420625e-06
TRPV3,2.0179898e-05,-0.00016521104,4.4533983e-05,-7.235166e-05,0.0002662912,6.8591908e-06,6.2584877e-06,4.801783e-06
AHCYL1,-0.00024003349,-0.00066512637,-0.0005355235,0.00014809426,-0.0017159581,-3.4544617e-05,0.00032776129,3.374566e-05
AGBL1,-0.00010477938,-0.00041215867,-0.00023962744,4.476402e-05,-0.00034124404,-2.6072375e-05,0.00014812779,1.9703875e-05
IPO7,-8.483417e-05,-0.0005707033,-0.00040571392,-1.5314668e-05,-0.0017247796,0.00017266814,0.00034161657,2.5981455e-05
PRICKLE1,0.00042501837,0.00080981106,0.0008241292,-0.00011657551,0.0008046329,4.0565617e-05,-0.00055206846,-3.468606e-05
SEC31B,3.311783e-05,1.4293939e-05,6.7597255e-05,1.5283003e-06,0.00021723658,3.380701e-05,-5.510263e-05,2.1958258e-06
RPS6KA2,0.00022457354,-5.850196e-05,0.00010159612,-0.00010302104,0.0005673915,0.00017992966,6.655231e-06,-1.5490223e-06
PDZRN4,-0.00061474927,-0.000836052,-0.0005812906,0.00035073236,-0.0013631359,-0.0005195914,0.000188943,4.757149e-05
CNGA3,0.00011378713,-0.00021369383,-7.119775e-05,-6.8497844e-05,0.0016661286,9.1419555e-05,7.6695345e-05,8.0913305e-06
USP11,-0.0004468672,-0.00092623197,-0.00074693747,0.00022500101,-0.0015271679,-0.00017048279,0.00042141974,4.792295e-05
ZMIZ1,-0.0008250866,-0.0016928725,-0.0015815478,0.00049060024,-0.003995344,-0.00026232656,0.0008821087,9.295088e-05
TEX10,-0.00038910657,-0.0005983319,-0.00044946745,0.00020739157,-0.0013804063,-0.0002770382,0.00018369406,3.6315992e-05
APLP2,-6.319769e-05,-0.0005204249,-0.00030599162,7.690862e-06,-0.0011582151,8.799601e-05,0.00025387015,2.1139858e-05
TTBK2,0.0004151482,0.0004984364,0.0005392991,-0.00016829744,-0.0012769699,0.00029051304,-0.00024776254,-2.687343e-05
PCCA,0.00040930137,0.00037741102,0.0006055515,-0.00037256628,0.00095167756,0.00036454108,-0.00017990824,-3.1549134e-05
ADSL,0.00026761368,0.00013495237,0.00029758364,-0.0001762947,0.002511613,0.00015677884,-0.00013508555,-1.0357937e-05
ABLIM2,0.00032954663,0.00028005987,0.0004585106,-0.00020492822,0.0010647103,0.00015874021,-0.00021571945,-1.8526218e-05
ALOX12B,-0.00014980324,-0.0004273001,-0.0002939757,9.5518306e-05,-0.00085713714,-5.1274896e-05,0.0001640981,2.2212742e-05
EDEM1,0.00020307675,-0.00021221675,6.227195e-05,-0.00018152036,0.0005979687,0.00015725102,5.9954822e-05,3.193738e-06
ADAMTS7,-0.00032630377,-0.00064247847,-0.00044889748,0.00014234148,0.00018565357,-0.00027649617,0.0001935279,3.6019832e-05
KIF6,0.00012935884,-5.627051e-05,8.5955486e-05,-0.000100159086,-0.00017280877,0.00012745615,1.1654571e-05,-7.7369623e-07
PITPNM2,4.9244612e-05,0.00013007596,9.529106e-05,0.000101404265,0.0012808368,-9.599142e-05,-0.00017152634,2.4145702e-06
TTC7B,0.00019053742,1.1578202e-05,0.00022835843,-0.00015473552,0.001752846,8.982327e-05,-8.367654e-05,-6.482238e-06
PLCL1,-0.0005129017,-0.0014049895,-0.0012297761,0.00026055519,-0.0038089827,-7.8434125e-05,0.00078981277,7.088715e-05
ITGB6,-4.807301e-05,-0.00029329956,-0.00015562959,2.1360815e-05,-0.00045396388,3.7028454e-05,0.0001155613,1.3230601e-05
TAF15,-5.821325e-05,-5.0351024e-05,4.14066e-05,-1.7563812e-05,-0.00071436167,2.0170584e-05,1.871027e-06,2.298737e-06
BCS1L,0.00017379783,0.00011248514,0.00023922138,-8.559786e-05,0.00047070533,5.089119e-05,-0.00013554562,-5.588401e-06
UNC5B,5.3163618e-05,-8.146837e-05,-5.1725656e-06,3.6909245e-05,-0.0002450347,6.1971135e-05,-1.7181039e-05,7.4898126e-06
ALPK2,-3.6394224e-05,-7.349625e-05,-1.8218532e-05,5.6653284e-05,-0.000676848,1.9747764e-05,6.4168125e-07,5.7964353e-06
CORO7,7.488951e-05,2.9137358e-05,0.00010587834,6.811693e-05,0.00084844977,-8.996483e-05,-0.00014447141,3.1532254e-06
LRIG2,0.00027122907,0.0005218033,0.000723429,-0.00020255707,0.0020167455,-3.644079e-05,-0.0004436178,-2.818671e-05
ENPP3,-1.8630177e-05,-0.00036000274,-0.00017936155,-2.8973445e-05,-0.00053245574,8.749124e-05,0.00016468484,1.457613e-05
TARSL2,-0.00021708943,-0.00048895366,-0.00036055222,0.00012257323,-0.0011222437,-8.885935e-05,0.00019481964,2.6362599e-05
TBX2,0.00026299618,0.00013078377,0.00027423538,-0.00021235924,-0.00026001036,0.00033491477,-2.2643246e-05,-1.1967495e-05
ANKIB1,-0.00064441934,-0.0012731422,-0.0011574663,0.0004091235,-0.0023195967,-0.00033357693,0.0005888101,7.178553e-05
PEX5,8.549914e-05,-0.0002867505,-0.0002058316,-2.1142885e-05,8.92058e-05,0.0002262285,0.00018090103,1.2845034e-05
CAPN9,3.718771e-05,3.933534e-05,5.8697537e-05,5.1469542e-05,0.00035646558,-2.1518208e-05,-9.7158365e-05,4.3333275e-06
DYSF,0.00045071356,0.00025564618,0.00040368177,-0.00021933019,0.0014229193,0.0002940651,-0.00015168358,-1.9638566e-05
TCF25,2.966635e-05,-0.00016240403,-4.851632e-05,1.2022443e-05,0.0006419197,3.8458034e-05,2.6612543e-05,8.547329e-06
PARP14,-0.00021406077,-0.00046004727,-0.0002065897,8.137245e-05,0.0007169023,-0.00023934944,7.13449e-05,2.1719025e-05
TUBGCP3,-5.3083524e-05,-0.00038627535,-0.00024355203,2.7553178e-05,0.0013687909,-0.00010308623,0.0001038732,2.2299471e-05
KNL1,0.0002750419,0.00030633062,0.00044813193,-0.0002858434,0.00073293597,0.00039329287,-0.000112158246,-2.2614957e-05
DDHD1,-8.269027e-05,-0.00062205456,-0.00047069602,7.002056e-05,-0.0013597831,0.00011063088,0.0003282586,2.9657502e-05
ZNF609,-0.00022471882,-0.00078636967,-0.00064967014,0.00012322888,-0.000991337,3.96166e-05,0.0004157303,4.000368e-05
CMTR1,0.00020969845,0.00019324385,0.00023020059,-9.055156e-05,0.001414761,0.00018315949,-0.000114916824,-8.98994e-06
EML1,6.6146255e-05,-0.00020839274,-9.3284994e-05,-6.652437e-06,-0.0007529631,0.000103989616,8.8581815e-05,9.73756e-06
KLHL20,-1.789257e-05,-0.00025604106,-8.260831e-06,-8.6933374e-05,-0.00012669712,7.967651e-05,8.42046e-05,5.853595e-06
XAB2,0.00016227365,0.00030183047,0.00048792548,-0.00016459823,0.0016920194,3.4028664e-05,-0.00025753956,-2.0085485e-05
ALAS1,-2.9826537e-05,-0.00023008883,-0.000115284696,4.921481e-05,-0.001300484,-1.36923045e-05,6.747991e-05,1.2546545e-05
ADAM22,0.0003095772,0.00018250383,0.0004954152,-0.00036297273,0.003016688,0.0003262395,-0.00012915861,-2.362288e-05
INVS,-8.565746e-05,-0.00020677783,4.3367967e-05,-1.00201e-05,0.000772126,-0.00021341955,-6.314274e-05,9.270618e-06
VWA5B1,-4.000403e-05,-0.00028280355,-0.0001654122,5.2618794e-05,-0.0018555671,3.0992553e-05,0.00011722557,1.4111516e-05
RAPGEF1,-5.1535666e-05,-0.00033222698,-0.00019896962,6.5900385e-06,-0.0013040528,4.9337745e-05,0.00016208552,1.5499652e-05
BCR,-9.7623095e-05,-0.00035072118,-0.00023352355,6.9984235e-05,0.00029892474,-0.00012210198,8.700881e-05,2.2177352e-05
GPSM2,-1.25057995e-05,0.00026201643,0.00024967454,7.170066e-05,0.0002643317,1.8626451e-07,-0.00020924117,-8.281204e-06
SLC26A6,-8.801557e-05,3.9217994e-05,0.00014184043,7.9595484e-05,0.0005156845,-0.00016591465,-0.00017474126,2.5822083e-06
POLR1B,0.0001902245,6.221235e-05,0.00021441095,-0.00014009792,0.0010263696,0.00017585605,-6.0562044e-05,-7.746043e-06
MEGF6,0.00011308491,5.801581e-05,3.8873404e-05,-1.1723489e-05,0.00083681196,0.00011001993,-3.903359e-05,1.7083948e-06
ZNF568,1.6923994e-05,0.00014041737,0.00015881658,8.557923e-06,-0.00050264597,7.575378e-06,-0.00011006463,-3.2394892e-06
NAA25,-6.5993518e-06,0.00017144904,0.00021891296,4.3991953e-05,0.001878053,-8.1110746e-05,-0.00021269452,-3.215042e-06
TAP2,0.00025974214,0.00037229247,0.00048699044,-0.00016223174,0.00036429614,0.00020751171,-0.0002332693,-2.1636952e-05
SEMA6D,-0.0007266812,-0.0012379419,-0.0010443442,0.000388599,-0.002861239,-0.00039961142,0.00052866247,6.8471185e-05
TRIM33,-0.00016711466,-0.0005497597,-0.0004977714,0.00018011406,-0.0014276803,-5.173497e-06,0.000260056,3.3464632e-05
TJP3,-0.00013086013,-0.0001853276,-0.00013861991,0.00013747532,-0.0008748248,-8.890033e-05,2.501253e-05,1.3934448e-05
GPI,-0.00037486106,-0.00060553104,-0.00050222874,0.00022564456,-0.0011167005,-0.00024192082,0.00021813624,3.727409e-05
NFATC3,0.0001312811,0.00036664493,0.0005646348,-0.00017712265,0.0018106326,1.3154e-05,-0.00032726023,-2.0780251e-05
TRIM3,0.00012527592,0.00023830868,0.00021538138,3.605336e-05,5.092472e-05,4.365109e-06,-0.0001935279,-4.521571e-06
NEFH,0.00016034767,-0.00013942644,5.9328973e-05,-8.269865e-05,0.0016235262,-5.6335703e-06,-3.4710392e-05,4.917616e-06
ACTL6B,-0.000116353855,-7.300824e-05,6.6392124e-05,9.623077e-05,-0.00013094395,-0.00024665613,-0.00013077352,8.991687e-06
NAV1,-0.00074939616,-0.0013514999,-0.001319157,0.0005561905,-0.004456125,-0.00032971753,0.0006519342,8.0476864e-05
VPS35,-0.00017247722,-0.00038682297,-0.00033645518,0.00014696084,-0.00048212707,-5.997531e-05,0.00015101954,2.5056303e-05
EPB41L4A,0.000113213435,5.7972968e-05,0.00028759614,-0.0001507746,0.0019308627,-2.3292378e-05,-0.00014328677,-8.250703e-06
ANKRD36C,-0.00021708943,-0.00048895366,-0.00036055222,0.00012257323,-0.0011222437,-8.885935e-05,0.00019481964,2.6362599e-05
LDLR,-0.00021448173,-0.0005659554,-0.00036119483,0.00012184493,-0.00043749064,-0.00017131679,0.00017756037,2.8561684e-05
HFM1,0.0004958939,0.00070787035,0.00069764256,-0.00018346682,0.0021357834,0.00022749789,-0.00041355845,-3.36112e-05
NSMAF,0.00027598254,0.00026839226,0.0002662316,-5.7906844e-05,0.00013548881,0.00021531899,-0.00014636386,-1.1357246e-05
TGFBI,-0.000312645,-0.00017820112,-9.4052404e-05,9.932928e-05,-0.0016684681,-5.1338226e-05,6.7816116e-05,8.771545e-06
MAP2,-0.00058575347,-0.0012840405,-0.0011472534,0.0003406396,-0.002658248,-0.00014166301,0.000659802,6.8497146e-05
FGD5,0.0005400665,0.0006841887,0.00087650307,-0.0003482327,0.0028530285,0.00036439672,-0.00039967615,-4.590559e-05
RBMXL3,-0.00020772591,-0.0004909616,-0.00036230497,0.00012200046,-0.0012411475,-8.181669e-05,0.00019837916,2.6316964e-05
TDRD3,0.0001869835,0.0003319569,0.00037309527,-0.00012384076,0.00013571233,0.00020600762,-0.00017833244,-1.5800004e-05
CASKIN2,0.00029585138,0.00032166578,0.0005162116,-0.00017292332,0.001166679,6.634183e-05,-0.00027966406,-2.2001565e-05
EXPH5,-0.00018808246,-0.00043353997,-0.00018462911,2.5472604e-05,0.001043424,-0.00021468615,7.4159354e-05,2.0771637e-05
DLG3,-0.00036854297,-0.000827251,-0.0008592997,0.00036610104,-0.0020585805,-0.00013595354,0.0004021302,5.28394e-05
CLSPN,3.116578e-05,-0.00053903274,-0.0002120398,-0.00012889318,0.0006302744,5.1564537e-05,0.00021592528,1.8737395e-05
LOXL3,7.916242e-05,6.039068e-05,6.3555315e-05,-3.0972064e-05,-0.0031494051,0.00018988084,3.3468008e-05,-1.945882e-06
PDE9A,-7.859431e-05,-0.00045344606,-0.00035861135,0.0001047533,-0.00037886202,7.37533e-05,0.0002174899,2.2630673e-05
PDE8A,6.435625e-05,0.000115938485,0.00016166456,4.021451e-06,0.0006024912,5.770661e-05,-0.0001249155,-2.6128255e-06
GNPTAB,-0.0006209109,-0.001014065,-0.00096958876,0.0003610393,-0.0035678372,-0.00016299775,0.00053026434,5.9140148e-05
ESYT3,-5.6268647e-05,-0.00023006648,-8.097291e-05,2.2044405e-05,-0.00059857965,-3.054738e-06,5.9323385e-05,1.0475633e-05
CFAP61,2.9759482e-05,8.933246e-06,0.0001107268,-1.4171004e-05,-0.0004663542,1.9746833e-05,-5.8289617e-05,-6.913906e-07
TEX2,0.00024078973,0.00029827096,0.00027718395,-2.6052818e-05,0.0004785657,0.00011968147,-0.0001961803,-1.0410091e-05
C2CD5,-0.0002653282,-0.0007180553,-0.00042423606,3.0193478e-05,-0.0004028082,-5.74328e-05,0.00029371772,3.1774747e-05
MYBPC2,-6.9942325e-05,-0.00017146207,-8.6180866e-05,6.3209794e-05,-0.00055063516,-1.8882565e-05,2.750475e-05,1.1070864e-05
FGD1,-0.00022084266,-0.00043708272,-0.00020090304,4.329905e-05,-0.0015759841,-0.00013664505,0.00014160573,1.8280465e-05
CUBN,0.000120818615,4.9076974e-05,0.0003298521,-0.00014888588,0.000216946,-2.6083551e-05,-0.00015043002,-9.488314e-06
ARHGAP29,-0.000112488866,-6.910227e-05,-7.0435926e-05,0.00013122242,-0.0018603951,3.4079887e-05,1.560431e-05,8.200761e-06
ADGRA2,0.00028144382,0.0004863292,0.00055995956,-9.9143945e-05,0.00064682215,0.00015195459,-0.0003186604,-2.6089256e-05
ATG9B,0.00015723519,0.00016559288,0.00019679964,8.945353e-06,8.057803e-05,3.9685518e-05,-0.0001462223,-5.7294965e-06
CCDC18,0.0001553446,0.00031187013,0.00029351562,-7.497333e-05,0.00020989776,0.00024559535,-0.00012709852,-1.5501515e-05
LPIN3,0.00020814501,0.00024267472,0.00023564138,1.6820617e-05,0.0006695762,9.0862624e-05,-0.00018686894,-7.950119e-06
PPP1R9A,-0.0003062524,-0.00086689554,-0.0007033702,0.00015292503,-0.0027194023,-2.8936192e-06,0.0004620459,4.2261672e-05
NID1,-0.0008564554,-0.000983296,-0.0011823159,0.0006399797,-0.007067792,-0.00037205918,0.00053151883,7.136841e-05
EIF4ENIF1,-0.0003421884,-0.0007581897,-0.0006279424,0.00021357276,-0.0021252632,-0.000108001754,0.00034891814,4.1068648e-05
CACNB1,0.00011092238,-0.00018748082,9.175576e-05,-0.00011618342,1.4804304e-05,5.6223944e-05,1.0279007e-05,2.8415816e-06
MTHFD1,-0.0004197657,-0.00023179501,-0.0002456233,0.00033644214,-0.0007818639,-0.00049738074,-6.843731e-05,2.6069698e-05
MATN4,-3.650412e-05,-0.00013058819,-6.743893e-05,3.7627295e-05,-0.000957489,-1.0480173e-05,3.2542273e-05,9.310199e-06
USP48,0.00011653453,-2.5086105e-05,0.000115670264,-5.1395968e-05,0.000557743,8.39252e-05,-5.605817e-05,-3.480818e-07
ADGRG4,-0.00013525598,-0.00039326027,-0.00024098344,6.4730644e-05,-0.00061094016,-6.4942054e-05,0.0001321137,2.0665233e-05
AGO4,-0.00031117536,-0.000919722,-0.00070026144,0.00012977887,-0.00088122487,-7.255841e-05,0.0004314473,4.4610235e-05
TAP1,-0.00015734136,-0.0002796352,-0.00021724775,0.00015802495,-0.0012260005,-0.00013679592,5.4352917e-05,2.056139e-05
KPNB1,-0.00029152818,-0.00071201473,-0.00047898106,7.6053664e-05,-0.0004253313,-0.00010043476,0.00029856805,3.3936347e-05
DTNA,0.000101201236,-0.00030593947,-1.01700425e-05,-0.00014563184,-0.0001950264,9.035133e-05,0.00010479987,6.0540624e-06
TTLL7,-0.00022886135,-0.00048672035,-0.00019677728,7.19931e-05,0.0012010485,-0.0003598896,3.7486665e-05,2.496678e-05
ALDH16A1,2.3225322e-05,-0.00042090937,-0.00016957149,-5.2938238e-05,0.000511691,1.36317685e-05,0.00015831739,1.4274614e-05
SRCIN1,-0.0002079662,-0.0007001702,-0.0006650444,0.00021963753,-0.0013423562,1.3474375e-05,0.00036155712,4.1351537e-05
DDX27,0.0001052469,-0.00013422035,2.435036e-05,-9.0173446e-05,4.1902065e-05,0.00017244369,5.9013255e-05,2.1209707e-06
STAT1,-9.525567e-05,-2.5896356e-05,0.00018756837,-4.3676235e-05,0.00085333735,-0.00017066393,-0.00015032757,2.0790612e-06
SORBS2,-0.0004352592,-0.0008434765,-0.0005586017,0.00014307164,-0.0014212355,-0.00023487676,0.00033065397,3.976631e-05
SGSM1,0.00018341653,0.00028417446,0.0004582554,-0.0001796456,0.001360856,0.00013539102,-0.00022400822,-1.8270337e-05
LLGL1,0.0003481377,0.000229761,0.00045340508,-0.00021566916,0.002072461,0.00011942536,-0.00023476873,-1.645193e-05
CDH2,-0.0004609935,-0.0010089967,-0.0009098295,0.000286676,-0.0016420409,-0.00016362965,0.00049187616,5.566806e-05
USP40,0.00019483641,-4.1557476e-05,0.0001610592,-0.00012480933,0.0007481724,0.00015263166,-1.469627e-05,-7.038587e-06
ABCC8,0.00017319061,-0.00012361631,-1.9993633e-05,-5.9215352e-05,0.00010481477,0.00021127146,5.3239986e-05,5.8792066e-06
ASTN1,-0.00015199743,0.00011427514,0.00010725111,0.00014988054,0.000520736,-0.00025324943,-0.00019849371,3.952766e-06
BIRC6,-0.00024654716,-0.00084823556,-0.000574084,-2.0066276e-05,-0.00017947704,7.7667646e-05,0.00044500548,3.597932e-05
ELP2,8.579902e-05,0.00012818351,0.00018787198,-1.8924475e-05,0.0013136566,-9.479001e-06,-0.00015126634,-2.9640505e-06
VAV2,5.1621348e-05,-0.00020191073,-6.484985e-05,2.6245601e-05,0.0013854429,-4.9586408e-05,-4.2831525e-06,1.1744094e-05
UHRF1BP1L,-6.926246e-05,-6.963499e-05,-3.9650127e-05,7.491838e-05,0.0005712509,1.459755e-05,-2.0868145e-05,9.1987895e-06
BCKDHA,-0.0002483949,-0.0004817862,-0.00035091862,0.00014039781,-0.0012226477,-0.00019616866,0.00015762355,2.8154114e-05
KTN1,-0.00020630844,-0.0004525222,-0.0002924502,7.990468e-05,-0.0007506311,-3.372878e-05,0.00017949939,2.2549531e-05
TTLL4,-0.00021022558,-0.0003871657,-0.00038326718,0.00018338673,-0.0015470684,-8.505676e-05,0.00015563704,2.8246897e-05
NDUFS2,-0.00018845312,-0.00054514594,-0.00031890348,6.178487e-05,0.00025450438,-9.333808e-05,0.00018696394,2.5490532e-05
H6PD,-9.196997e-05,-0.00029035285,3.9663166e-05,-6.760936e-05,0.0019890442,-0.00024494017,-4.4451095e-05,9.249314e-06
KIF26B,0.0004085265,0.0006696135,0.0007728692,-0.00018062163,-0.0007400885,0.0001674071,-0.00041608978,-3.6357203e-05
RABGAP1L,-0.00019159727,-0.00057638064,-0.00037069805,8.231588e-05,-3.4451485e-05,-5.49173e-05,0.00022178236,2.7868664e-05
CNTLN,-0.00028361008,-0.00024697557,-0.00014566816,0.00018976536,0.0003213063,-0.00028449856,-3.2879412e-05,1.8708408e-05
ITGAD,-0.00011819601,-0.0003908407,-0.00023088604,7.0307404e-05,-0.00017388165,-6.6661276e-05,0.00012163725,1.9602594e-05
C6,2.9243529e-06,-0.0002297014,-9.336695e-05,1.8546358e-05,-0.00018224865,1.4849938e-05,5.908683e-05,1.11241825e-05
GIT1,0.00011264719,-0.00024808943,-0.000102488324,-3.197696e-05,0.00042814016,0.00011798926,9.860005e-05,9.899028e-06
HIPK1,-0.000262212,-0.00066373125,-0.0004671123,9.909272e-05,1.0803342e-05,-0.00016808324,0.00024570618,3.5309116e-05
QARS,-0.00021708943,-0.00048895366,-0.00036055222,0.00012257323,-0.0011222437,-8.885935e-05,0.00019481964,2.6362599e-05
COL17A1,-0.00013289973,-0.00046114996,-0.0002775956,4.3639913e-05,-0.0006608516,-2.9595569e-05,0.00017419085,2.2419263e-05
IKBKB,8.363649e-05,0.00012254715,0.00036665238,-0.00012728106,0.0013209283,-4.0112063e-05,-0.00020207185,-1.0465854e-05
BRWD1,-0.0004335977,-0.0008168202,-0.00078783184,0.00034841802,-0.0025702044,-0.00023162458,0.00035916828,5.2412506e-05
ZNF521,7.930584e-05,-9.093247e-05,-6.092526e-05,5.7423487e-05,-0.0011533052,0.00011950452,3.018137e-05,8.320436e-06
FNIP1,0.0006206576,0.0005895924,0.0007092692,-0.00039980933,0.001954697,0.00057110563,-0.00023076218,-4.0400657e-05
AP3D1,-0.000126509,-0.0005534999,-0.00042945333,7.47079e-05,-0.0002850145,4.1103922e-05,0.00027695112,2.8019771e-05
GLB1,0.00013093092,-0.00031953305,-8.489005e-05,-0.00023538433,-0.002067916,0.00035388116,0.00026787072,4.0149316e-06
PTPN6,-0.00026381016,-0.0004988052,-0.00046400726,0.00023715198,-0.00136666,-0.00017857505,0.00019395817,3.2535405e-05
CRYBG2,0.00014696829,-0.00014908053,7.6167285e-05,-0.00013563968,0.0005433485,0.00014467258,3.4245662e-05,1.0433141e-06
POP1,0.00017266907,0.00048252754,0.00052271783,1.1320226e-05,0.0021161363,-0.00017463462,-0.00044403318,-1.7335173e-05
SCAF4,-0.00044260547,-0.00067731924,-0.0006665457,0.0003884565,-0.0008993745,-0.000276878,0.00024760794,4.367379e-05
DDX42,-4.4668093e-05,-0.00066367164,-0.0004009474,-1.6240403e-05,-0.00018595159,0.00012101047,0.00032465626,2.5632908e-05
ABCD4,-9.202026e-05,-0.00036733225,-0.000103103,-5.760137e-05,0.00095113367,-4.150439e-05,9.2911534e-05,1.3585552e-05
FMN1,0.0002269093,0.00013578683,0.00029331073,-8.4546395e-05,0.00054387003,6.9364905e-05,-0.00015757326,-1.0037562e-05
CDHR2,-0.00016409904,-0.0004101675,-0.0002721995,0.000101566315,-4.991889e-06,-0.000117780175,0.000120536424,2.288178e-05
HERC4,-5.2345917e-05,0.00015431456,6.7166984e-05,0.00014948193,-0.0019011497,-3.6058016e-05,-0.000116008334,1.9014115e-06
ANKRD17,-3.4481287e-05,-0.0005807001,-0.00038089976,3.8451515e-05,-0.0007688105,2.0662323e-05,0.00025253277,2.7695904e-05
QSER1,-0.00034766272,-0.00093401596,-0.0007627811,0.0001547318,-0.0018115565,-9.228475e-06,0.0004946636,4.5605004e-05
HIPK2,-0.0005136095,-0.001256533,-0.0010624807,0.00022934843,-0.002610296,-6.630458e-05,0.00066464394,6.312947e-05
FBXW7,-3.976561e-05,-0.0005055666,-0.00041856244,0.000117550604,0.00017034262,4.8491172e-05,0.00023378711,2.744433e-05
ADARB2,9.519979e-06,-0.00025474653,6.1612576e-05,-7.8561716e-05,-0.0003559217,-2.7565286e-05,1.3030134e-05,4.6074856e-06
DHX30,-6.937422e-05,-0.00020766445,-0.00010680221,4.582852e-05,-0.0014674813,-1.7524697e-05,6.87195e-05,1.2098462e-05
SAMD9L,-9.505823e-05,-0.00032814592,-0.00022360869,7.888023e-05,-0.0011273324,-3.3383258e-05,0.00013058912,1.7475686e-05
PTPN13,-4.1441992e-05,-0.0007694494,-0.00037916563,-0.00017371122,0.0012230948,0.000112066045,0.00036904588,2.519507e-05
MCM3,-0.0006051939,-0.0009708889,-0.00086019374,0.00029730517,-0.0016376972,-0.00037964992,0.0004072953,5.8455975e-05
QRICH2,-2.1219254e-05,-7.290393e-06,-5.18132e-05,0.00014855433,0.0005858019,-0.00012336299,-8.519925e-05,1.002592e-05
ACADVL,-0.0001883693,-0.00057943724,-0.00040528923,5.4241158e-05,-0.00037422776,-4.3246895e-05,0.00025440287,2.926588e-05
EIF3A,-0.000409469,-0.00073103234,-0.0006472133,0.00027131662,-0.0017782375,-0.00018371362,0.00030945707,4.3963664e-05
MCTP1,-0.00029012002,-0.000271393,-0.00015297718,0.00017648283,-0.0020961612,-0.00023518875,1.2966804e-05,1.8457184e-05
HLTF,-0.00032935478,-0.000776235,-0.00062805787,0.00017941743,-0.0009784997,-0.00010996079,0.00035309047,4.065712e-05
NUP133,0.0001785811,-5.895458e-05,0.00017248653,-0.00012326986,0.0020584613,4.323572e-05,-7.9962425e-05,-2.4093315e-06
TARBP1,-0.00017554872,-0.00018154643,-9.085052e-05,0.00015885755,-0.0010193363,-0.00020357408,-2.9443763e-05,1.4323043e-05
PPFIA3,0.00036958978,0.00014758483,0.0003030058,-0.00015051756,0.0023468137,0.00013679359,-0.0001641931,-1.0743854e-05
RIPOR1,0.0003491342,-4.4984743e-05,0.00018029474,-0.00022519659,0.0008933544,0.00031529274,2.0648353e-05,-6.3477783e-06
GRM6,-0.00022601336,-0.0005564708,-0.0005001873,0.00016414095,-0.0027466118,-6.6442415e-05,0.0002857102,3.1311763e-05
SEMA3F,0.00028240122,0.00015955046,0.00022038259,-0.0001288997,-0.0009744391,0.00028761197,-4.363712e-05,-1.0332209e-05
KIF4B,0.00010361895,0.00023323111,0.00023468956,6.830506e-05,0.0012395754,-0.00010342058,-0.00025354046,-4.0496234e-06
AP3B2,4.6351925e-05,0.0001432132,0.00014564954,7.3990785e-05,0.00010556728,-5.96866e-05,-0.00016124081,-6.2584877e-07
CACNA1C,0.00068347715,0.00050980225,0.00069300644,-0.0003582649,0.0029728785,0.00047603063,-0.00027174037,-3.6125304e-05
PKP4,-3.8247555e-05,-8.269027e-05,-9.017438e-05,0.00010975264,-0.001189366,-1.7136335e-07,1.7881393e-05,8.506817e-06
CUL5,8.66577e-05,0.00017192587,0.00024123304,-6.596558e-06,-0.00028046966,4.140567e-05,-0.00015010964,-7.534516e-06
RFC1,-8.964911e-05,-0.00012711994,-5.4311007e-05,3.9013103e-05,0.00014679879,-7.400289e-06,1.497753e-05,9.2372065e-06
OSBP2,0.00047538616,0.0007712208,0.0008683987,-0.00019046944,0.0020781532,9.7326934e-05,-0.00053795706,-3.892847e-05
IPO13,0.00036804192,0.00030488148,0.0005076006,-0.00024473574,0.0022029132,0.0001391666,-0.00024468172,-2.0908192e-05
RGS3,6.7815185e-05,-0.0005077366,-0.00022958405,-0.00010959059,0.0007891506,7.088296e-05,0.00021202955,1.8974184e-05
CAND2,7.330626e-05,-1.065433e-06,4.8773363e-05,2.3755245e-05,2.335012e-05,4.0156767e-05,-5.953107e-05,4.267902e-06
OPLAH,-0.000410581,-0.0006779842,-0.00062161125,0.00023960415,-0.0025721788,-0.00015746802,0.00032564253,4.0359562e-05
NDST2,0.0003177561,0.0004042238,0.0005842261,-0.00018712413,0.0014580041,6.508082e-05,-0.00032647979,-2.3824512e-05
SIK2,9.5650554e-05,0.00020361692,0.00040346943,-0.00011381414,-0.00040453672,-3.816001e-05,-0.00020635221,-1.5086611e-05
WDR7,0.00039701723,0.0003661681,0.0005294122,-0.00025806762,0.00018200278,0.0003365688,-0.00019084942,-2.5149086e-05
GALC,5.0790608e-05,-0.000121537596,-2.8679147e-05,6.1625615e-06,0.00094360113,-7.901434e-05,-2.165325e-05,9.039068e-06
DIS3L2,9.44566e-05,0.00010198727,0.00022803247,-5.4079108e-05,0.0018691197,-4.9090013e-05,-0.00018055271,-3.3379765e-06
TMC2,2.8211623e-05,0.00032698363,0.00029691122,0.000120185316,0.0016255677,-0.00019000052,-0.0003336789,-6.221584e-06
OSBPL6,0.00011523068,-3.4598634e-05,0.00019301847,-0.00010838546,0.00026613474,0.00012066774,-4.1810796e-05,-5.9409067e-06
MUSK,-0.00028342567,-0.00057166256,-0.00046139024,0.00016505737,-0.0015936866,-0.00011856016,0.0002446035,3.184029e-05
ERN1,1.2366101e-05,-0.00019689836,-0.00011431612,3.4157187e-05,-0.00052086264,7.947441e-05,6.9006346e-05,1.1676922e-05
PPP1R12B,-7.135235e-05,-0.0002481602,-2.1511689e-05,2.5276095e-06,0.001613982,-0.00017931592,-3.681332e-05,1.232326e-05
HIPK3,6.279349e-05,-0.00029199012,-0.000102551654,-3.3718534e-05,0.000264816,0.00012207124,0.00010771956,1.1023949e-05
PDE8B,-0.0005796794,-0.0013777856,-0.0010189041,0.00013183337,-0.0041158497,-0.00019040843,0.0007155426,6.057415e-05
CAPN7,0.0003919378,0.000343455,0.00046102703,-0.00016016234,0.0005521327,0.00017986819,-0.00023046788,-2.068095e-05
CHRD,0.00055818073,0.00066114403,0.00069049373,-0.00018579978,0.0014760941,0.00029985048,-0.00038690772,-3.382424e-05
SLC20A2,0.00010545738,0.0001537446,0.00023263879,-0.00012759026,0.00031612813,0.00018524285,-7.143989e-05,-9.094132e-06
TECPR2,-0.00014160946,-0.00026755966,-0.00018267892,0.00010439288,0.00040326267,-0.0001527369,4.6881847e-05,1.669128e-05
TNIK,0.00013780966,-0.00028411113,-3.1866133e-05,-0.00014011655,0.0005437806,0.00014862698,0.000111072324,5.8205333e-06
DES,-0.00021922402,-0.00048903376,-0.00036212988,0.00012973882,-0.0011825189,-9.846222e-05,0.00019116048,2.6568421e-05
OSBPL1A,0.0003712587,0.0002515018,0.00041066855,-0.00027285516,0.0024736226,0.00029480457,-0.00012323912,-2.176012e-05
PRKCH,-7.846765e-05,-0.00047309324,-0.00022607297,4.5050867e-05,0.00077142566,-8.4968284e-05,0.00012512226,1.9315397e-05
ARHGAP45,-0.00017635338,-0.0004094988,-0.00020217709,0.0001088148,-0.00029640645,-0.00021528918,7.3315576e-05,1.9771745e-05
SHROOM2,-6.970577e-05,-0.00015182793,-7.13598e-05,9.3975104e-05,0.0008684918,-0.00012157718,-3.4367666e-05,1.2693577e-05
CENPE,0.0002318956,-7.334724e-05,0.00010752864,-0.00019682571,0.0004542172,0.00029760506,6.557908e-05,-3.878842e-06
AFF1,0.00025905482,0.00033498555,0.00037113577,-7.960759e-05,0.0017106235,0.0001719473,-0.00021802727,-1.644704e-05
IQSEC1,-0.00013007782,-0.0007771496,-0.0005859267,0.0001285281,-0.00060435385,-4.759617e-05,0.00034390204,3.7884107e-05
PRRC2A,-0.00046652928,-0.00077356026,-0.0006965939,0.00031026825,-0.0018218756,-0.00031905435,0.00030773412,4.5907567e-05
LARP1,-0.0005223565,-0.0011180099,-0.0010552481,0.0003436543,-0.0044682994,-9.749364e-05,0.0006057946,6.264774e-05
XIRP1,-0.00019509904,-0.00047066063,-0.00033797324,0.00011175219,-0.000885807,-7.9518184e-05,0.00018285587,2.5061076e-05
TTC17,-0.00011360645,-2.092868e-05,3.735721e-05,0.0001328988,0.00039286166,-0.00024875673,-0.00014984701,9.579235e-06
IRS1,4.694611e-05,-0.00048191845,-5.390495e-05,-0.00025486667,6.292015e-05,9.881612e-05,0.00020458549,8.037896e-06
AGBL5,0.00023199059,0.0003001094,0.00038803928,-9.405054e-05,-0.0003482625,5.8576465e-05,-0.00022718217,-1.3389159e-05
PPFIBP1,8.378178e-06,-8.509122e-05,-7.020123e-05,9.9595636e-05,0.00053519756,1.2998469e-05,-1.8448569e-05,9.691808e-06
NWD1,5.4880977e-05,-0.00012769364,0.00013598055,-0.0001216894,0.0007232502,6.2603503e-06,-2.8528273e-05,-5.372567e-07
PCCB,-0.00023255311,3.0376017e-05,-1.9872561e-05,0.0002593184,-0.00090325624,-0.000363254,-0.00018328149,1.3194513e-05
PLA2G6,-4.5455992e-05,-8.498691e-05,4.1676685e-05,-6.4013526e-05,-0.0013239011,0.00010839943,5.0012954e-05,1.3263198e-06
SMARCAL1,0.00033752248,0.000117708,0.00034007616,-0.00031012762,0.00040281564,0.0003434671,-3.5979785e-05,-1.5439931e-05
FHAD1,2.9904768e-05,3.6176294e-05,0.0001570005,-4.8521906e-07,0.0007918179,-5.2449293e-05,-0.00013030786,-9.775395e-07
ATAD5,0.00033404306,0.0004923083,0.0006697308,-0.00029747654,0.002804339,0.0002795225,-0.00030632224,-3.1325268e-05
PAXBP1,-0.00033336692,-0.00063627586,-0.00047273748,0.00015035085,-0.00024867803,-0.00023017032,0.00021878257,3.6309008e-05
TNPO1,-0.00050877035,-0.0010654498,-0.0010206196,0.0003406033,-0.0023422763,-0.0001451429,0.00055021886,6.1061e-05
MPRIP,-0.00024016574,-0.0009850152,-0.0007865261,0.00012406707,-0.0017535686,1.8244609e-06,0.0005054204,4.8946822e-05
TRIO,0.00027669035,2.2664666e-05,0.00018847547,-0.00016663969,0.0008807853,0.0002566306,-2.3171306e-05,-6.4986525e-06
HMGCR,-0.0007844623,-0.0016965326,-0.0015477128,0.00043487083,-0.0037595928,-0.00023011956,0.00088828895,9.048905e-05
TMEM131L,-8.190423e-05,-0.00028268062,-9.5298514e-05,1.610443e-05,-0.00052319467,-6.536301e-05,6.595533e-05,1.3452605e-05
LRRFIP2,0.000334505,0.0003330093,0.00051988475,-0.00024845824,7.6286495e-05,0.0002158368,-0.00020621065,-2.3535802e-05
LRIG1,-0.00045017153,-0.00038279034,-0.00035843998,0.00030010752,-0.0011102036,-0.0003810511,5.820766e-05,2.9165065e-05
TAF1L,0.00012591481,-3.1739473e-05,0.00021843612,-0.000117734075,-0.00060777366,4.84474e-05,-7.663481e-05,-4.0257582e-06
CARD11,4.6048313e-05,-0.0002451148,-7.392652e-05,-7.442199e-05,-0.00025251508,0.00020509027,0.00014092866,6.5090135e-06
SMG8,-0.0001598224,-0.0003464911,-0.00017811172,0.00012156088,-0.0007758215,-0.0002921312,2.1764077e-05,2.1043932e-05
CWC22,0.00049189106,0.0006527733,0.00076738,-0.0003192108,0.0012147948,0.00041534472,-0.00032842625,-3.9580627e-05
EFCAB5,0.00031721033,0.00024541095,0.0005531963,-0.0002681194,0.0018530637,0.000121493824,-0.00024364423,-2.2871653e-05
GARS,-0.00021708943,-0.00048895366,-0.00036055222,0.00012257323,-0.0011222437,-8.885935e-05,0.00019481964,2.6362599e-05
ARID4A,-0.0004805252,-0.0011703596,-0.00091939606,0.00021506567,-0.0022546574,-0.00015555369,0.00055957586,5.8047706e-05
ABLIM1,0.00010666251,-0.0005515758,-0.000293687,-0.0001253048,0.0020262748,0.000121360645,0.00025585387,2.1623564e-05
HEATR6,0.0002836939,0.00049202144,0.00066068023,-0.000243349,0.00038175285,0.00015332829,-0.0003110869,-3.0967756e-05
CR2,-0.00010010414,-0.0002712775,-0.00016662665,3.1408854e-05,-0.00065559894,3.6883168e-05,0.00011761207,1.4183694e-05
CLIP2,-0.00019611605,-0.0004034266,-0.00024856627,0.00015374646,0.0008566007,-0.0002999045,3.9029866e-05,2.4452107e-05
GOLGB1,-0.00013881736,-0.00037330203,-0.00023068301,0.00011301227,-0.00026845932,-9.654276e-05,9.07965e-05,2.1038344e-05
EPC1,-0.00023251213,-0.0008089468,-0.0005113352,2.1324493e-05,-0.0004342422,-7.434748e-06,0.00037796237,3.375986e-05
ANKRD52,0.0003014356,0.00030132383,0.00053850934,-0.0002589617,0.0019330904,0.00014819484,-0.00024580117,-2.1751737e-05
POLD1,-0.00022074021,-0.00054719485,-0.00048696809,9.812508e-05,-0.002002716,-2.1032058e-05,0.00028986856,3.388012e-05
GREB1L,0.0007661078,0.00080556795,0.0010271799,-0.0004551243,0.003695652,0.00043605175,-0.00047815125,-5.2335672e-05
SLC26A9,-9.143725e-06,-0.00016182847,-0.000100431964,4.4953078e-05,-0.00087322295,7.37356e-05,6.7251734e-05,9.726733e-06
REV1,-0.00025123544,-0.000889916,-0.000614021,2.7196482e-05,-0.00035856664,4.268624e-05,0.00044835452,3.80798e-05
SKOR2,-0.0002349075,-0.00042647123,-0.00032138266,0.00013892446,-0.0006697029,-0.00014779996,0.00014377013,2.4713343e-05
NHSL1,-0.00023027696,-0.0002313219,-0.00010704622,0.00011875853,-0.00035753846,-0.0002417406,-2.1283515e-05,1.6865786e-05
KCNH8,-0.0001206398,-0.00058637,-0.0002405364,-4.8030168e-05,0.00032919645,-5.611591e-05,0.00019541662,2.2085966e-05
LRP12,0.00011249073,-3.638491e-05,4.9525872e-05,-1.7750077e-05,0.0011277869,7.5132586e-05,-3.939867e-05,3.252877e-06
PDE1C,-0.00025781244,-0.00018497556,-8.6743385e-06,0.00010974612,-0.0005590245,-0.00027794717,-7.6370314e-05,1.2762612e-05
POMT2,0.00014429353,-0.00015839376,-4.532002e-05,-6.272085e-05,0.0004223585,0.0001205923,7.3695555e-05,5.488866e-06
KIF20A,0.00051601045,0.00023791753,0.0003867969,-0.00037923176,0.0009574443,0.00060964655,-1.3522804e-06,-2.3466186e-05
PLEKHG5,0.00037438795,7.584505e-05,0.00024502352,-0.00019052066,0.001671806,0.00030248612,-6.539095e-05,-9.195297e-06
FER1L6,-0.00016487204,-0.00011781789,-8.541718e-05,0.00014264323,-0.0005279705,-0.00014001131,-3.112387e-05,1.2646196e-05
NYNRIN,0.00019175187,-6.0083345e-05,3.6368147e-05,-0.00010925997,-0.00076396763,0.00025925972,7.409975e-05,-6.845221e-07
DNAH2,0.00026162155,0.00029159896,0.00041602366,-0.00012628548,0.0017675236,0.00014152564,-0.00022880454,-1.7081737e-05
DISP2,0.0002802983,2.8489158e-05,0.00018671341,-0.00012349896,0.00078345835,0.00018635485,-6.0224906e-05,-5.897833e-06
ZNF451,-0.00030696578,-0.0007248856,-0.00051741116,0.00016307645,-0.000992097,-0.00015740981,0.00028669462,3.575103e-05
EXOC6B,0.00042744912,0.00048726797,0.0006475616,-0.00023427885,0.0016555339,0.0002811458,-0.00031769928,-3.0495343e-05
NOTCH4,7.9166144e-05,-0.0003207978,-0.00019218214,-1.8147752e-05,-0.0004832968,0.00010306761,0.0001502661,1.4726538e-05
ASTN2,4.7152862e-05,0.0005221274,0.00056656264,7.291883e-05,0.002655208,-0.00037419982,-0.0005380688,-1.6269507e-05
OCRL,0.00023313984,0.00039778277,0.0005446989,-0.00023716968,0.0019813776,0.00023215264,-0.00024137925,-2.484722e-05
ANKRD28,-5.082041e-05,-0.00020343624,-0.00016720966,0.00013238937,-0.0018279031,-5.6218356e-05,5.58123e-05,1.4759484e-05
MICAL1,-0.00016538799,-0.00033230148,-0.00019447133,0.00011567492,-0.00017911196,-0.00019173138,4.9262308e-05,2.0365813e-05
SGSH,-0.00027600676,-0.00030378997,-0.00026766583,0.00021217391,-0.0027461126,-0.00019387528,8.7942e-05,2.1482585e-05
XPO6,-0.0001603011,-0.00034153275,-0.0003841687,0.00022906344,-0.0015232563,-0.000109415036,0.00014066137,2.6571448e-05
PAX7,0.00025421567,0.0006201975,0.0006152857,-5.0668605e-05,0.0009841472,6.4455904e-05,-0.0004164381,-2.7100905e-05
BCORL1,0.00035703182,0.00040586293,0.00048208237,-0.00015084445,0.002029635,0.0001990078,-0.00026044343,-2.1648128e-05
EMC1,0.00016657636,-7.943995e-05,0.00014996156,-0.00011093449,0.001533486,3.0186959e-05,-6.200001e-05,-9.634532e-07
RC3H1,-0.0003222339,-0.0008018352,-0.0005991664,0.00011041388,-0.0007888824,-3.3741817e-05,0.0003828369,3.9005652e-05
NCAN,-0.00027767383,-0.00068650395,-0.00055486336,0.00022441335,-0.00063349307,-0.0001529702,0.00025961082,3.8470956e-05
SOGA1,-0.00024187937,-0.00056753866,-0.00044094585,0.0001325421,-0.0011283383,-7.687323e-05,0.00024437252,3.1410134e-05
NDUFS1,-9.716675e-05,-0.00039024279,-0.00027881563,3.8851984e-05,-0.001819849,4.2195432e-05,0.00019598845,2.1049054e-05
PLEKHG4,5.5329874e-05,-3.5177916e-05,2.8003007e-05,4.022848e-05,6.266683e-05,-4.8043206e-05,-5.0381757e-05,4.1491585e-06
PHF14,-0.000304956,-0.0007731505,-0.00064089336,0.00021647662,-0.0021281242,-9.0996735e-05,0.0003547212,4.1555963e-05
CLCNKB,-0.00017085485,-0.00029454753,-0.0001816079,9.360444e-05,-0.001053676,-9.780377e-05,8.1286766e-05,1.7263112e-05
RDX,-0.00024635158,-0.00055308826,-0.0003759805,6.893743e-05,-0.0002702847,-3.280118e-05,0.00024367217,2.6103342e-05
NFXL1,0.0003033299,0.0002164226,0.00037229247,-0.00013487227,0.0010633171,0.000119761564,-0.00019561406,-1.4167512e-05
PPRC1,2.596341e-05,-0.00019963086,-6.9253147e-06,-3.3706427e-05,6.2584877e-07,-6.55381e-05,6.3786283e-06,9.344076e-06
ADAM19,0.0004900936,0.0005779285,0.0007096771,-0.00020877924,0.0023665503,0.00015749317,-0.00042022113,-3.0661467e-05
MROH2A,-0.00023119897,-0.0005256813,-0.0004078336,0.00013933331,-0.0013318658,-9.251572e-05,0.00021928363,2.8801383e-05
EPRS,-0.00021708943,-0.00048895366,-0.00036055222,0.00012257323,-0.0011222437,-8.885935e-05,0.00019481964,2.6362599e-05
DHX15,-7.802248e-05,-6.367266e-05,-1.3174489e-05,6.9526024e-05,-0.0005647242,-5.1829033e-05,-3.558118e-05,8.465489e-06
BTBD7,-0.00014751405,-0.00067060627,-0.00040063262,-6.7822635e-05,-0.00015893579,0.00019551255,0.0003812462,2.4112524e-05
PTPRM,-0.00025819056,-0.0009317007,-0.00086718425,0.0002648523,-0.004576668,-6.34538e-05,0.00050613564,5.080877e-05
DHX34,-0.0002811607,-0.00021178462,-0.00025116466,0.00032548327,-0.00096780807,-0.00038409233,-5.334895e-05,2.5096117e-05
CILP2,-8.737482e-05,-0.00033836626,-0.00014962442,-5.301088e-06,-0.0005415231,2.2820197e-05,0.00012827106,1.4060293e-05
ITGAX,-0.00023465604,-0.0008169692,-0.0006581303,0.00012417231,-0.0013774782,9.52743e-07,0.00042458717,3.9899256e-05
ABCF2,-2.2910535e-07,0.00015585497,0.000115487725,0.00014059246,0.0007078871,-0.00013657706,-0.00020383019,2.5943154e-06
MTMR11,-0.00010286644,-0.00047680736,-0.0003615059,4.1104853e-05,-0.0020368248,6.162096e-05,0.00025583897,2.4636043e-05
MAP3K12,0.0005451739,0.00022291392,0.00030652434,-0.00018366985,-0.0014483705,0.00045814365,-4.9987808e-05,-1.7155777e-05
C2orf16,5.4836273e-05,-0.000158282,5.871989e-05,-8.452032e-05,0.00032071024,4.7138892e-05,6.4363703e-06,3.8570724e-06
ANKRD26,-0.00020013377,-0.00065431744,-0.00047320686,0.00011478644,-0.00015333295,-0.00010617962,0.00024637114,3.5005156e-05
RP1,-0.00019708835,-7.173605e-05,-7.641688e-05,0.00018013734,-0.0006669313,-0.00013623014,-4.550349e-05,1.078099e-05
FAM214A,1.5312806e-05,-9.521097e-05,0.00010054372,-0.00012598559,-0.0017667562,0.00014715549,5.6149438e-05,-1.7387792e-06
FZD1,-0.00017997436,-0.00063983165,-0.0003926009,-3.9798208e-05,-0.00094105303,2.9541552e-06,0.0003071865,2.833549e-05
RELCH,0.00017229281,0.00019695237,0.0002758801,-9.07341e-05,0.0007211268,8.981489e-05,-0.00015518721,-8.781091e-06
KIF17,0.00037025474,0.00024965964,0.00042798556,-0.00018455274,0.0032267123,0.00015199464,-0.00022618752,-1.8015271e-05
ERC2,-0.00067128614,-0.0015914384,-0.0014013927,0.00040134136,-0.0053668767,-0.0002093981,0.00083301496,8.254615e-05
ZNF646,0.00036299042,0.00021734834,0.00054657273,-0.00034957565,0.0027307868,0.00023830403,-0.0001819795,-2.4666893e-05
NLRP3,8.933246e-05,-0.00026908144,-0.00015304051,-9.18936e-06,-3.2030046e-05,9.364728e-05,0.000120825134,1.2128963e-05
FRMD4A,-0.0006564129,-0.0010709073,-0.0010322444,0.00041141454,-0.0025740787,-0.00022885855,0.0005344078,6.139104e-05
MON2,1.9557774e-05,-0.00036635995,-0.00010810979,-0.00011775736,0.0009959564,0.00015035644,0.0001658583,9.648735e-06
NOTCH2,-0.00045751594,-0.00084562413,-0.00071533024,0.00015691761,-0.0027615428,-0.00013406109,0.00044050068,4.493643e-05
NADSYN1,0.00034086965,0.00048599765,0.0006129183,-0.00016703177,0.0018469021,9.258371e-05,-0.0003662156,-2.5809859e-05
NCAM1,-0.0007066969,-0.0013590083,-0.0012487415,0.00044539664,-0.0030409768,-0.0002824217,0.00066008884,7.574132e-05
MTMR3,-0.00010451488,5.4240227e-06,8.990988e-06,0.00013484247,-5.0842762e-05,-0.00013419706,-0.000102595426,7.728697e-06
MALRD1,-1.800619e-05,-0.0003122948,-0.00014600344,2.0621344e-05,0.00024122,-1.9461848e-05,7.979479e-05,1.52244465e-05
NFATC2,-0.00016759709,-0.00044954196,-0.00034259632,0.00012222026,-0.0016462579,-9.828806e-05,0.00019393303,2.3668515e-05
UBE4A,7.4133277e-07,-0.00038084947,-0.00017567724,-1.0674819e-05,-0.00039117038,2.9971823e-05,0.0001384262,1.6236678e-05
KCNB2,0.0001964625,0.0006643627,0.0007358007,-4.3802895e-05,0.0013744757,-5.5321492e-05,-0.0005135732,-3.068312e-05
GFPT1,-0.00037188455,-0.00040489994,-0.00039759092,0.000306407,-0.0009108335,-0.0002690996,8.5983425e-05,3.229105e-05
FNDC3A,-0.00046655908,-0.0010518786,-0.0007761214,0.00016303919,-0.0011228621,-0.00016430952,0.0004826272,4.916056e-05
TMTC1,0.0005524717,0.00035398267,0.0005316064,-0.00033025257,0.0029785186,0.00037583336,-0.00019760896,-2.5527086e-05
EFCAB6,0.0002059564,0.00029105507,0.00034625828,-4.2924657e-05,0.002096951,-9.392388e-06,-0.0002569547,-1.2209057e-05
IPO8,-0.00010498986,-0.00022066012,-0.00015563518,0.0001653973,-3.4458935e-05,-0.00022449298,-3.056694e-05,1.8675695e-05
GFPT2,-1.6232952e-05,-6.14766e-05,1.8266961e-05,2.977252e-05,0.0014470443,-2.43783e-05,-6.6301785e-05,7.3967967e-06
SLC5A9,-0.0002508834,-0.00050495006,-0.00039168075,0.00015240349,-0.0010198578,-0.00013353303,0.00018931367,2.898532e-05
FILIP1,0.00042225793,0.0003950894,0.0005446244,-0.00022279564,0.0021882206,0.00025478285,-0.00025338586,-2.685783e-05
WDR6,-8.329749e-06,-0.0002484955,-0.00013226643,1.5028752e-05,0.00029733777,2.3158267e-05,7.480197e-05,1.37108145e-05
BMS1,0.00015651062,-0.00027855858,-4.370883e-05,-0.00012313016,-0.0009041503,0.00027028285,0.0001481697,5.6090066e-06
SCN11A,0.00032887422,3.27155e-05,0.00022529624,-0.00019703992,0.0014731139,0.00027594622,-3.399048e-05,-9.885756e-06
MLLT10,0.00017858483,-0.0002747625,-5.2232295e-05,-0.00015985128,0.0011811629,0.0002087839,0.00013347808,6.899936e-06
KCNC4,-5.915016e-05,-0.0004300289,-0.00014679879,-4.8712827e-05,0.00041974336,-6.2434e-05,0.00011607353,1.6637729e-05
ZNF850,-5.186908e-05,-0.00023528934,-2.512522e-05,-8.093286e-05,0.0008466691,2.5683083e-05,7.297937e-05,6.185146e-06
WDR60,-0.000300413,-0.00035195798,-0.00016313419,0.00017324742,3.65898e-05,-0.00039021205,-2.1384098e-05,2.1613785e-05
WNK4,-0.00017295405,-0.00048159808,-0.00034692325,0.00010172464,-0.0009542629,-5.959347e-05,0.0001958562,2.5300193e-05
EDEM3,0.00037640892,0.00026172586,0.00035767257,-0.0002150936,0.0009282455,0.00029927958,-0.00012863707,-1.6361708e-05
TOP1,-0.00017642789,-0.00059225596,-0.00034767762,4.9889088e-05,0.00041412562,-8.062553e-05,0.00021180697,2.7023489e-05
EPHA5,-0.00043520518,-0.0008121934,-0.0004930198,0.0001961356,-0.0016291589,-0.00037682056,0.00024086423,3.911683e-05
DDX54,0.00017625839,0.00018475205,0.0004127398,-0.0001242347,0.0018396378,-5.9747137e-05,-0.00027110148,-1.0791002e-05
PDGFRA,-0.0008966364,-0.0013598595,-0.0012457296,0.00030906312,-0.0039055198,-0.00021175668,0.00076918676,7.161277e-05
STK10,0.00025341287,5.2843243e-05,0.00017695874,-0.00012645125,0.00016859174,0.00020909961,-3.9649196e-05,-6.2969048e-06
ZSWIM6,-0.00075023994,-0.0015587937,-0.0012173373,0.00023032818,-0.0010216832,-0.00024103606,0.0007500844,7.500255e-05
HNF1B,-0.00018746592,-0.0004744362,-0.00034273975,0.00010797661,-0.0008549988,-7.182453e-05,0.00018826965,2.5119749e-05
KEAP1,2.7164817e-05,2.323091e-05,9.9953264e-05,2.9052608e-05,-0.00031521916,-3.5802834e-05,-9.383913e-05,1.5065307e-06
PLCB2,-6.5591186e-05,-0.00029850192,-0.00015191175,8.336827e-05,-2.5480986e-05,-0.00013980921,4.7301874e-05,1.6041799e-05
MAP3K1,0.00037176535,0.0005961023,0.00059547275,-0.00013769418,0.002330102,0.00020705815,-0.0003561871,-2.7991016e-05
TRPC5,-7.34292e-05,-0.00033730827,-0.00021981634,5.4731965e-05,-0.00083880126,1.0556541e-05,0.00014093332,1.6898499e-05
LATS1,-6.946735e-05,-0.00062535144,-0.00045207888,1.9771978e-06,-0.0013762191,9.3179755e-05,0.0003517773,2.7444097e-05
ZSWIM8,-0.00023831055,-0.0009133741,-0.0007015262,0.0001463918,-0.0012968108,-9.3306415e-05,0.00041923672,4.584156e-05
SUCO,-0.0004608184,-0.0007644985,-0.00055984594,0.00018202141,-0.00082003325,-0.0002476615,0.0003028093,3.8835686e-05
FRMPD1,-3.116019e-05,-0.00021363236,1.9438565e-05,-8.554105e-05,0.0015027002,-1.7201528e-06,2.225954e-05,6.1126193e-06
PLEKHG1,-0.00017147511,7.907115e-05,1.821667e-06,0.00029235147,-0.0007176325,-0.0003269771,-0.00021208543,1.077971e-05
PARP1,-1.2345612e-05,-0.0001700893,-3.422983e-05,7.99913e-06,0.00020544231,-6.5471977e-07,1.3241544e-05,8.938834e-06
FAN1,0.00016410835,0.000576023,0.0005742479,-9.757467e-06,0.0016273409,-8.416362e-05,-0.00044634845,-2.1625892e-05
PLOD1,-0.00017576665,-0.00016696565,3.7614256e-05,0.00011642277,0.0011989772,-0.00032809796,-0.00013695937,9.988435e-06
HK2,0.00011208467,0.00017322972,0.00022588298,-8.090213e-05,0.00076097995,0.000106488355,-0.00011625793,-8.389819e-06
CEP170B,0.00026270002,-6.628968e-05,0.00014694966,-0.0002265796,0.0020769238,0.0002867449,3.9324164e-05,-6.429502e-06
NTRK1,-0.00027737208,-0.00037209317,-0.00017970242,9.4052404e-05,0.00059498847,-0.0002622893,4.0994957e-05,2.0324835e-05
COPB1,-0.00018396974,-0.0004245732,-0.0002416186,9.630341e-05,-0.0002899617,-0.00014211936,0.00010509603,2.2867462e-05
IMPDH1,-3.2017007e-05,-0.00032817945,-0.00015916117,-4.8352405e-05,0.000114001334,5.4127537e-05,0.00014347862,1.4113961e-05
ALPK3,0.00056208484,0.00032836758,0.0004145708,-0.00016463641,0.0010310039,0.00035636127,-0.00017816294,-2.1334272e-05
EML4,0.00011468865,-0.00026939064,-3.7353486e-05,-0.00010409672,-1.283735e-05,0.0001337044,0.00010337774,7.275259e-06
PRDM10,6.202236e-05,0.00032912754,0.00034862198,3.8072467e-06,0.0021112189,-0.00010721199,-0.00030368473,-1.0346994e-05
SEC24A,-2.168864e-05,-0.00024287961,-3.5362318e-05,-3.1946227e-05,-0.0005270317,-2.8179958e-05,4.403945e-05,9.763287e-06
PHLDB2,2.1241605e-05,0.00015443563,0.00035440177,-0.00012529362,0.001358293,-5.386304e-05,-0.00020111073,-9.665149e-06
EXOSC10,-2.803281e-06,7.130578e-05,0.0002873037,-0.0001241304,0.0012230426,1.6255304e-05,-0.0001434898,-7.053488e-06
TDRD6,-3.9970502e-05,-0.00015954301,1.9719824e-05,6.8387017e-06,0.00034504384,-5.976204e-05,-1.4754944e-05,5.9133163e-06
TOPAZ1,-0.00018215366,-0.00045289844,-0.00032048672,0.00010257773,-0.000902012,-6.79018e-05,0.00017615408,2.4110312e-05
KCNH5,7.352047e-05,-5.5747107e-05,2.7785078e-05,2.4685636e-05,-0.0005001947,6.138347e-05,-2.0367093e-05,3.7110876e-06
SLC25A13,0.00013264269,0.00033207051,0.00042311288,-0.00012879074,-3.0331314e-05,0.00011511892,-0.00021812785,-1.636811e-05
PRKCG,-0.0001817178,-0.00044557638,-0.0002867505,0.00011875387,0.00030508637,-0.00018647034,0.00011009909,2.4436973e-05
PKLR,1.2068078e-05,9.9806115e-05,9.9767e-05,9.037368e-05,-0.00070759654,2.6493333e-05,-0.000102628954,-6.2864274e-07
TRPC6,-0.0004055947,-4.307367e-05,-9.621866e-05,0.00029684976,-0.0014434531,-0.00030158134,-0.00010177959,1.5063328e-05
PARP4,-0.0002307389,-0.00044941343,-0.00036607124,0.00012085494,-0.0011195093,-0.00011724839,0.00016931258,2.8918032e-05
THBS3,-0.00014474802,-0.0004784111,-0.000416236,0.00015817024,-0.0012488142,-0.00016468484,0.00019284897,2.8846669e-05
KIF5A,0.00044112466,0.00044815615,0.00056993216,-0.00011812616,0.002353236,7.7498145e-05,-0.00037969928,-2.2661407e-05
IARS2,1.8939376e-05,-0.00012212619,-5.2057207e-05,-1.8589199e-06,0.0009223819,6.321911e-05,2.8676353e-05,7.6170545e-06
IQSEC3,0.00029583648,0.00036882237,0.0004378669,-9.4418414e-05,0.0017074496,1.4863908e-05,-0.00030754786,-1.5406287e-05
SND1,-0.000119516626,-0.00012896769,-6.419793e-05,0.00011857133,-0.0006002486,-0.00015343772,-4.7091395e-05,1.3626413e-05
HBS1L,-0.0001722034,-0.00022143312,-0.0001735352,0.00019001216,-0.00069223344,-0.00019605318,-4.4275075e-06,1.9095722e-05
RASAL3,-0.00039904937,-0.0007646475,-0.000656208,0.00022016093,-0.0015565008,-0.00012623705,0.0003665574,4.1772728e-05
SCAF8,1.6894192e-06,-0.00018544681,-1.882203e-05,5.346723e-06,0.00068534166,-9.322632e-05,-1.9164756e-05,1.0685995e-05
PASK,0.000104052946,-9.776652e-05,5.4944307e-05,-7.627718e-05,0.00046275556,0.00014950242,2.9585324e-05,1.0844087e-06
PANK4,-0.000110600144,0.00017709471,0.00015123747,0.00016653258,-0.00013533235,-0.00026764674,-0.00025107432,3.128429e-06
ABCA5,0.00020930171,-0.00017344579,0.000120628625,-0.00016797706,0.001926139,8.159038e-05,-7.180497e-06,-2.8661452e-07
ARHGEF10L,-0.00039899163,-0.0010320526,-0.0008997638,0.00020717084,-0.0035972819,1.7574988e-05,0.00058592577,5.2752206e-05
SLC12A2,-0.0002743993,-0.00046154112,-0.00025304034,5.37429e-05,0.00034993142,-0.0001985589,0.00011822581,2.3992267e-05
ITGA8,0.00019550882,0.00025526434,0.0004183054,-0.00020108465,0.0016405135,0.00020864699,-0.00017176848,-1.8410617e-05
SPG11,9.912625e-05,-0.00039793923,-9.222515e-05,-0.00013347995,0.00018902868,8.731801e-05,0.00015047286,1.10835535e-05
DOP1B,-0.00034953095,-0.0006914865,-0.00055413693,0.00018697139,-0.0027565658,-3.3837743e-05,0.000351076,3.4138095e-05
PTPRU,0.00022872724,0.00033486076,0.00031494722,-3.2368116e-05,-6.42091e-05,0.00015163328,-0.00019549858,-1.35280425e-05
GRM1,0.0005030148,0.00063220784,0.00068742223,-0.0002340218,0.0017918944,0.00033539534,-0.00035066437,-3.368198e-05
GRIP1,3.9605424e-05,-0.00010276586,0.0001215972,-5.3578056e-05,0.00048261136,-3.290642e-05,-6.670784e-05,2.1351734e-06
PEX6,0.00017401576,-7.528812e-05,0.00013860874,-0.0001288969,0.0025778338,1.2409873e-05,-6.134156e-05,-1.0069925e-06
PIK3R1,1.9799918e-05,-0.00036290288,-0.0002056472,-4.0636398e-05,-0.00016117096,0.00028235,0.00023121946,1.1930824e-05
PDE6A,0.0002797693,3.6824495e-05,0.00014460646,-0.0001769634,0.0001320988,0.0003523333,4.125759e-05,-8.795294e-06
EML6,-4.3302774e-05,-0.00018839352,-7.170811e-05,7.360149e-05,-0.0016346797,-0.00010197889,1.7728657e-05,1.158996e-05
DCTN1,6.324798e-05,-0.00016752072,-2.3834407e-05,2.4857e-06,-0.00037366152,2.3631379e-05,1.6507693e-05,8.674804e-06
AGAP3,-0.00020535663,-0.00053064525,-0.00042335317,0.00012609921,-0.00014638901,-2.7962029e-05,0.00022872165,3.0048657e-05
CAND1,-0.00042018853,-0.00084418245,-0.00068096444,0.00016276166,-0.0022841394,-8.7855384e-05,0.0004244186,4.3332344e-05
GRIK4,-4.425645e-06,0.00018090196,0.00030023046,-2.105441e-05,-0.0006825328,-6.90734e-05,-0.00018662494,-9.810668e-06
TTBK1,0.00024162605,7.428229e-05,0.00018441491,-0.00010576472,0.0012045875,0.00018649362,-7.079076e-05,-5.989801e-06
SMARCC1,-0.00032036565,-0.00068425015,-0.0005090255,0.00018002652,-0.0007480234,-0.00023872638,0.00023099221,3.8989354e-05
CDH4,-0.0006411597,-0.00128524,-0.0011151694,0.00030951016,-0.0037376806,-0.00016851956,0.0006734282,6.487209e-05
PHLPP1,-9.865314e-05,-9.237416e-05,3.8906932e-05,7.3667616e-06,3.145635e-05,-6.841216e-05,-3.2390468e-05,4.728092e-06
MYT1,0.00012263842,-0.00033469126,-6.395206e-05,-0.00013144221,0.00045331568,0.00016883109,0.00013510417,8.609146e-06
PAMR1,0.00016168691,0.00050149113,0.0005602464,-5.715806e-05,-7.4476004e-05,2.5475398e-05,-0.0003559338,-2.4345005e-05
NELL1,0.0006842669,0.00066463836,0.0007980112,-0.00037770253,0.0034409016,0.00041809957,-0.00036249962,-4.007935e-05
HR,-7.4442476e-05,-0.00037183985,-0.00030789152,0.000108256936,0.00023783743,-3.428571e-05,0.00014313869,2.2109365e-05
PIK3R5,-6.554276e-05,-0.00036682002,-0.00020601042,9.48552e-06,0.00040501356,4.5520253e-05,0.0001512561,1.646753e-05
DIS3L,7.346831e-05,-0.00013337284,3.8035214e-06,-0.00010011718,-0.00034877658,0.000203887,9.280071e-05,1.6503036e-06
LAMA4,-5.0554052e-05,-3.3196062e-05,9.283237e-05,8.9236535e-05,0.0012423396,-0.00012227194,-0.00014279876,3.5994453e-06
EPHA7,-0.00015015528,-0.0001633726,-1.9360334e-05,0.000118544325,-0.0013429299,-0.00026096962,-7.782783e-05,1.3569836e-05
ZNF142,0.00045714714,0.00038260221,0.00045316666,-0.00018969551,0.00020390749,0.00032441784,-0.000183505,-2.3528468e-05
ALDH1L2,-9.860843e-06,0.00021851435,0.00027821027,7.189065e-05,0.0025494918,-0.00027161138,-0.00031586085,-3.3450779e-06
EPX,-0.00017279759,-0.00036584027,-0.0002464056,0.00010651909,-0.0013566911,-8.3659776e-05,0.00012580492,2.0190957e-05
HNF1A,-0.00023707002,-0.0005167797,-0.0002676919,1.0652468e-05,-0.0009785146,-8.590333e-05,0.00020047277,2.1615182e-05
NFX1,5.2472576e-05,2.4057925e-05,7.9834834e-05,3.6443584e-05,-0.0013681054,4.3907203e-05,-4.2276457e-05,-2.7171336e-07
DGKI,0.00065573864,0.00057801977,0.00082431175,-0.00045004487,0.003620118,0.00041670166,-0.00033298042,-4.220137e-05
CUL2,0.000262402,0.00020045787,0.0004011728,-0.00014787633,0.00072851777,0.000114531256,-0.00019320752,-1.5433994e-05
RBM6,-0.00043564476,-0.00067427196,-0.0005682409,0.00026865583,-0.0018529743,-0.00026915083,0.00024540257,4.1143387e-05
ANKRD12,-0.0007088855,-0.0014325753,-0.0013331864,0.00045889243,-0.0034349486,-0.00024334947,0.0007187491,7.972028e-05
PPP1R13B,0.00033153407,-3.7625432e-06,0.00035005994,-0.00028893445,0.0016959086,0.00019352417,-8.947123e-05,-1.1855154e-05
ADAMTSL4,-1.7633662e-05,-0.0002524238,-6.0986727e-05,-3.0909665e-05,-0.00036793947,5.950313e-05,8.017197e-05,9.123003e-06
CASR,-0.00020839833,-0.0004574936,-0.00033056363,0.00011854526,-0.0009269044,-9.3285926e-05,0.00017278362,2.4898443e-05
GFM1,-0.00015942939,6.1392784e-06,-2.5518239e-06,0.00021640956,-0.0020430237,-0.0002255044,-0.00012030732,8.919858e-06
DDX60L,4.3924898e-05,-0.00029874966,-0.00015354343,-3.1430274e-05,0.0002238676,0.0001119785,0.00013524853,1.2364588e-05
PI4KB,-8.133054e-05,-0.00012414344,-0.00011074543,0.00010942761,-0.0012707189,4.8168004e-05,4.3598004e-05,1.0906602e-05
ATP7B,0.00040930323,0.00041774847,0.00056620874,-0.00030478928,0.0007002875,0.0004130453,-0.00018498022,-2.9457733e-05
KAT6A,-0.00045429356,-0.0007203389,-0.00068366714,0.00034518074,-0.0018537566,-0.00026824558,0.00029353146,4.5183e-05
RNF40,7.428229e-06,-0.00029841438,-0.00028169155,5.306583e-05,-0.001062572,0.000114193186,0.00017986167,1.899188e-05
OGDH,0.00015432946,4.7449023e-05,0.00014350191,1.5208498e-06,0.0011196584,-4.3984503e-05,-0.00013708416,1.2095552e-07
SLC5A10,-0.00021247007,-0.000513684,-0.0003817156,0.000117965974,-0.0010981485,-7.4110925e-05,0.00021418184,2.7182628e-05
ITGA2,-0.00017097406,-0.0007946454,-0.00066655315,5.016476e-05,-0.002917543,0.00021729246,0.00051813386,3.6086072e-05
LAMC2,7.4680895e-05,-7.371977e-05,0.0001346413,-4.3070875e-05,-2.682954e-05,-6.006658e-05,-7.683784e-05,7.3120464e-07
RBM27,-0.00017260015,-0.0004052017,-9.4214454e-05,-5.4175034e-05,-6.7278743e-06,-5.805213e-05,0.00011985749,1.2948993e-05
CRNKL1,0.0003442224,0.00031105988,0.0004637707,-0.00025317073,0.0007611215,0.00028338842,-0.00017193053,-2.167304e-05
DENND5B,-6.2342733e-06,-0.00051246025,-0.0003317464,-1.17551535e-05,-0.0010679513,0.00013682712,0.00027422234,2.1472923e-05
PCSK4,-9.43616e-06,-0.00020925514,-1.9226223e-05,1.8417835e-05,5.6035817e-05,-0.0001235283,-1.6945414e-05,9.567826e-06
BCOR,4.8620626e-05,-0.00030199252,2.8023496e-05,-0.000121523626,0.0017697513,-3.813766e-05,2.4267472e-05,7.5671123e-06
MTO1,7.0152804e-05,0.0002542585,0.0002810955,1.7771497e-05,0.00016143173,7.3118135e-06,-0.00020765979,-8.68435e-06
OGT,-0.00019155443,-0.0004606899,-0.00031670555,8.86824e-05,-0.00033893436,-3.303308e-05,0.00018645916,2.3664325e-05
PRSS12,-0.00022569112,-7.654913e-05,-5.9617683e-05,0.00016715378,0.00037300587,-0.00018145144,-7.558148e-05,1.1223485e-05
HDAC6,5.2914023e-05,-0.00012953393,-0.00011885166,6.1097555e-05,-0.00093607605,8.857902e-05,7.012114e-05,9.87458e-06
EPB41L5,9.236112e-05,0.00026683323,0.00029637478,4.8493966e-05,0.00059395283,-8.6735934e-05,-0.00025549997,-8.932315e-06
ARSI,-0.0002286695,-0.0005195588,-0.0003389623,8.923933e-05,-0.00097230077,-0.000116636045,0.00019733422,2.5569345e-05
ERBB4,-0.00029389746,-0.0010429882,-0.0006179027,1.8612482e-05,0.002121091,-0.00013971236,0.00040411856,4.3130014e-05
TNRC6C,-0.00096765347,-0.0018545799,-0.0016695391,0.00049882755,-0.0033119097,-0.00040815817,0.0009093592,0.000101302285
TBC1D31,0.0004510898,7.938407e-05,0.00034596585,-0.00031378958,0.0024665669,0.000334681,-7.723458e-05,-1.4140969e-05
CCDC168,-7.019006e-05,3.1106174e-06,7.660687e-05,6.4892694e-05,-0.0012709945,-8.076429e-06,-6.3774176e-05,1.9667204e-06
DGKZ,-9.2152506e-05,-0.0002509486,-0.0003662072,0.00026946608,-0.0012909025,-7.8166835e-05,9.338185e-05,2.6040827e-05
FGD6,0.0001664348,6.965548e-05,0.00026699342,-0.00015037227,0.0032196194,0.000113714486,-0.000119649805,-9.6579315e-06
MAP3K21,0.00028554164,0.0001273863,0.00027883984,-0.00015558861,0.0019826442,0.00020642579,-0.0001190966,-1.0426855e-05
FZD10,0.00044191442,0.00037360936,0.00047061034,-0.00018272642,0.0027703568,0.00016515888,-0.000274471,-1.934066e-05
COL6A6,-6.429292e-05,-0.000271352,-0.00015890971,5.6082383e-05,-0.00032691658,-2.978649e-05,6.881729e-05,1.6388483e-05
CENPJ,-0.00018058531,-0.00021563657,-0.00016285852,0.00017303694,0.00069563836,-0.00020151213,-1.6592443e-05,1.808873e-05
RAD54L,0.00024168007,6.4373016e-05,0.00016594678,-0.00012361724,0.00088030845,0.00020722579,-4.4015236e-05,-5.264068e-06
MAP3K6,-4.9294904e-05,-0.00023149326,-0.00015525334,8.6785294e-05,-0.000242576,-1.6668811e-05,6.1970204e-05,1.394155e-05
PLA2R1,-4.6210364e-05,-0.00011015311,-2.5490299e-05,7.629767e-05,-0.0007541552,-8.460414e-05,-2.6029535e-05,8.551404e-06
EPHA1,-0.0001743976,-0.00044086762,-0.0003035087,0.0001057554,-0.001058951,-7.212162e-05,0.00016569532,2.312474e-05
VAV1,-0.0003453344,-0.0010410696,-0.00085970387,0.00011565164,-0.0025143474,8.524675e-05,0.0006115148,4.857045e-05
KIF19,-3.389828e-05,-0.00028568134,-0.00017644279,4.572235e-05,0.00024275482,-4.139729e-06,8.9265406e-05,1.582515e-05
EVC2,2.1643937e-05,-6.990507e-05,5.2465126e-05,-1.1045486e-05,0.0013787225,-4.3706037e-05,-5.4858625e-05,3.8071303e-06
YME1L1,-7.984042e-05,-0.00037346967,-0.00021860562,6.548222e-05,-0.001280196,-8.954667e-06,0.00013751164,1.8416787e-05
MTREX,2.1509826e-05,-0.00024298206,3.2894313e-06,-0.00010689441,-0.00032839924,5.0514936e-05,7.411279e-05,6.334856e-06
TMPRSS6,3.8415194e-05,-0.0001329463,-2.6112422e-05,4.2963773e-05,0.00039266795,-1.7718412e-05,-2.0947307e-05,8.660601e-06
MED14,0.00016212091,-3.865175e-05,0.00011477992,-0.0001384709,-0.00020101666,0.00021105073,3.3781864e-05,-4.5009656e-06
DENND4B,3.0376017e-05,-0.00030633993,-0.00016649626,-0.000109911896,0.00034084916,0.0002464475,0.00021226238,1.0401476e-05
SMC5,-0.00030446425,-0.00041767582,-0.00026923232,0.00012618024,-8.21501e-05,-6.919354e-05,0.0001444472,2.1124142e-05
HDLBP,-0.000143338,-0.0005291663,-0.0004173778,0.00011662487,-0.0010150522,-1.994986e-05,0.000237572,2.8837589e-05
ZMYM3,3.2154843e-05,-0.00011765584,4.104711e-05,-5.493965e-05,0.0004358366,3.4444034e-05,-6.900169e-06,4.956033e-06
LRP5,0.00045347027,0.00038295612,0.0005471669,-0.0002727788,0.00010097027,0.00030770712,-0.00020879973,-2.6291353e-05
RBL2,0.0004961435,0.0003755577,0.00048099644,-0.00022387505,0.0010428131,0.0003848346,-0.00019914191,-2.3186207e-05
USP28,0.000344418,0.0005446747,0.0005971752,-0.00015998911,0.0017674714,0.00011688657,-0.0003734501,-2.4879468e-05
NHS,0.00065859593,0.0007916279,0.0008189231,-0.00031468552,0.0028959215,0.0004413221,-0.00039915275,-4.4222106e-05
UHRF1BP1,4.0289015e-06,0.00014033727,5.7084486e-05,0.0001526596,0.0003619194,-3.7336722e-05,-0.00013897475,2.7827919e-06
POLA1,0.0002781935,0.00041907653,0.000491783,-0.000198761,0.0012150332,0.0002792105,-0.00021235179,-2.4231384e-05
PLCG2,2.399087e-05,-0.00010952912,5.6287274e-05,-9.305775e-06,0.000940226,-2.7323142e-05,-4.08832e-05,3.868132e-06
CACNA1A,-0.00051994994,-0.0012641847,-0.0011817571,0.0004079258,-0.004033558,-0.0002593496,0.0006230576,7.196027e-05
MIA3,-0.00040698238,-0.0006121658,-0.0004755333,0.00019092672,-0.002559714,-0.00022233464,0.0002510734,3.4011202e-05
WWC1,-5.3098425e-05,-0.00058698654,-0.00012969226,-0.00017548446,0.003260374,-3.261119e-05,0.00015810877,1.5286147e-05
DDR2,-0.00010116398,0.0001967214,0.00027209893,6.153621e-05,-0.00085507333,-0.0001492463,-0.00022681896,-5.7057478e-06
NEMF,-0.00026666932,-0.00073241815,-0.0006026756,0.00016525667,-0.0014936551,-5.6005083e-05,0.00035769492,3.8076192e-05
ERCC3,-0.00018318556,-0.00038575195,-0.00016063452,6.934721e-05,-0.00037855655,-0.00015761144,6.72536e-05,1.8516788e-05
AFDN,-0.0002727788,-0.0007487051,-0.0006501265,0.00018560328,-0.0018833876,4.743226e-06,0.0003887657,4.0423125e-05
EDC4,0.00010701269,2.5637448e-05,0.00014590845,-6.459281e-05,0.00090488046,4.2065047e-05,-8.543674e-05,-5.6787394e-07
TEP1,0.0005047191,0.0005183872,0.000707563,-0.00027144328,0.0030477345,0.00023436453,-0.0003640605,-3.3024e-05
RNF20,0.00010411814,-0.00016656518,0.00011919625,-0.0001400141,0.0010564178,2.566073e-05,-6.0033053e-06,-1.4319085e-08
STAT5B,7.7152625e-05,-0.00010810234,7.9378486e-05,-9.676721e-05,0.0021145716,2.1046028e-05,-3.5916455e-05,3.3590477e-06
SLC12A5,-8.825213e-05,-0.00033824518,-0.00026535802,9.2284754e-05,-0.0019655451,0.00011932198,0.00019070599,1.825951e-05
GRIN2D,0.00053451024,0.00030749664,0.00052563474,-0.00026436523,0.00268922,0.00022736937,-0.00025200937,-2.1887012e-05
IGSF9,-0.00031490438,-0.00063835643,-0.00048206002,0.00013976917,0.0003067702,-0.00019836053,0.00023820903,3.5913778e-05
MBD1,-6.796606e-05,-9.491481e-05,-3.3780932e-05,8.685142e-05,-0.0005303025,-7.1913935e-05,-1.9692816e-05,8.4240455e-06
PLOD3,0.00030524656,0.0004080627,0.00063109025,-0.0003439281,0.001768142,0.00026137847,-0.00024515856,-3.0159019e-05
SEMA5A,-0.0012113638,-0.0019953456,-0.0019683894,0.0006808657,-0.008175164,-0.0004860256,0.0010627704,0.000117245014
KIAA1217,0.00012210011,-3.2048672e-05,7.965788e-05,-5.3575262e-05,0.0014183596,8.9440495e-05,-3.712438e-05,3.1176023e-07
CEP135,0.00021749362,-7.336214e-05,6.3097104e-05,-0.00014805887,0.0007125437,0.0002577547,5.6790188e-05,-1.1869706e-06
KIFC3,8.833781e-05,-0.00012308732,9.1101974e-05,-0.000115044415,0.0008154139,7.235445e-05,-5.587004e-06,1.26136e-06
MAP4K4,-0.0007767044,-0.0015272796,-0.0013982244,0.00045892317,-0.0034506023,-0.00031867716,0.00075361785,8.465815e-05
BRIP1,-6.2393025e-05,-0.00023416802,-0.00015181117,3.151968e-05,0.0018669441,-0.00012426917,2.1249987e-05,1.8196879e-05
ATP2A2,-0.0004062038,-0.0010383371,-0.0009071063,0.00023795012,-0.0023224428,-0.00010822993,0.00053114165,5.5201235e-05
CNNM1,0.00033040717,-2.0638108e-06,0.00017581321,-0.0002509365,0.0011349395,0.0003262665,2.9930845e-05,-7.335213e-06
ATP1A4,-0.000111382455,-0.00039321557,-0.0002437327,5.77271e-05,-0.00039039552,-1.0788441e-05,0.00015191827,1.8696534e-05
COL20A1,-0.0007851459,-0.0008118134,-0.0007574577,0.00040637422,-0.0014947876,-0.0005980008,0.00025152136,5.5241515e-05
NTRK3,-8.499622e-05,-4.9846247e-05,-6.296858e-05,0.00014835317,-0.0010519922,-0.00014822138,-6.361399e-05,1.2396136e-05
XRN2,-4.6379864e-05,-0.00061836466,-0.00038033724,-2.218876e-05,0.00015208125,9.997934e-05,0.00029694103,2.5923131e-05
SMARCA5,-0.00022368133,-0.0007757265,-0.0005809665,0.00010159705,-0.0021627694,4.4141896e-05,0.00040288456,3.6064885e-05
CLCN5,0.0004014913,0.0002444107,0.0005537346,-0.00031491276,0.0028897151,0.00014516246,-0.00023312587,-2.4500652e-05
BRPF3,-0.00015721843,-0.00041335076,-0.00034340657,9.6834265e-05,-0.0008146167,-1.39260665e-05,0.00019116513,2.4331966e-05
RHBDF1,0.00035010092,-7.1251765e-05,0.00017023645,-0.00023670495,0.0015615597,0.0003258502,2.872292e-05,-6.997725e-06
PPFIA4,0.00014170446,-6.847642e-05,-7.6476485e-05,-2.1592714e-05,0.0010726526,0.00021265075,6.428175e-05,6.2158797e-06
IDUA,0.00015951693,-0.00014421716,-1.4061108e-05,-5.5394135e-05,0.0003771931,2.6250258e-05,1.4238991e-05,7.1190298e-06
PIK3C3,0.00012424216,5.990453e-05,0.00017881766,-7.925928e-05,0.001150243,0.00013815612,-7.0774e-05,-5.7737343e-06
TBC1D9,-9.326823e-05,-0.00050601363,-0.00034798682,5.1913783e-05,0.00038977712,6.311573e-06,0.00021445565,2.5527319e-05
NTRK2,-0.0007458925,-0.001801787,-0.0016381536,0.00046494976,-0.0016660094,-0.00024305703,0.0009037452,9.472307e-05
ACTR8,0.0004339423,0.0002297759,0.00043817423,-0.00031316653,-1.9982457e-05,0.00030931924,-0.00011951756,-2.0424603e-05
SIK3,1.8673018e-05,-2.9403716e-05,-3.9564446e-05,0.00013369322,-3.2819808e-05,-5.8912672e-05,-7.466413e-05,1.0167481e-05
ATP13A4,-0.0006206371,-0.0010336097,-0.0010124855,0.00036865566,-0.0038147494,-0.00032139756,0.00050467905,6.3157175e-05
EPHA2,0.00028510392,0.00016369484,0.00035856664,-0.0001880629,0.0023441464,0.00020873267,-0.0001552878,-1.3995334e-05
SH3TC2,0.00027969666,0.0003269948,0.0004718788,-0.0001484789,0.0025571883,6.322004e-05,-0.00029100757,-1.7629121e-05
CAPN2,-0.0002236832,-0.00017630495,-1.45006925e-05,7.3413365e-05,0.0010511279,-0.00027441746,-7.88467e-05,1.2140488e-05
COL15A1,-0.0001533702,-0.00053891167,-0.00030224957,-5.889684e-06,-0.00090777874,-3.4336e-05,0.00023262482,2.2553722e-05
KIF4A,0.00014846772,-4.5726076e-05,-1.2898818e-05,-4.8111193e-05,-0.0005523786,0.0002550967,6.6287816e-05,2.290355e-06
CGNL1,0.000120621175,-0.00032682717,-0.00013747439,-3.6452897e-05,-3.1791627e-05,0.00013968069,0.00014108233,1.0475516e-05
ABTB2,-0.00012133643,-8.0842525e-05,-8.29231e-05,0.00018001162,0.0004767403,-0.00023274729,-9.386521e-05,1.4618156e-05
RAG1,1.8492341e-05,-0.00010040775,1.5495345e-05,3.4859404e-06,-5.2772462e-05,2.341345e-06,-1.285132e-05,5.302136e-06
MST1,0.00043687597,0.0004585944,0.00062302686,-0.00018813834,0.0031811,3.216602e-05,-0.0003982233,-2.4963636e-05
MYH1,-0.00021922402,-0.00048903376,-0.00036212988,0.00012973882,-0.0011825189,-9.846222e-05,0.00019116048,2.6568421e-05
CARMIL2,0.0002572313,0.00016895123,0.00032598712,-0.00016473513,0.0011733323,0.00017473474,-0.00013516191,-1.2707664e-05
NEK1,-0.00014465488,-0.00012237392,2.928637e-05,7.4342825e-05,0.001611717,-0.000318605,-0.00013504829,1.1461205e-05
GOLGA3,-0.00014973618,-0.0007494353,-0.00042314455,-6.005261e-05,-0.00053786486,0.00013990328,0.00038840715,2.6214635e-05
WNK3,-0.00042259693,-0.00063219666,-0.0005555656,0.00023378152,-0.0012965724,-0.00017235009,0.00026993826,3.7927064e-05
SMTN,0.00023693591,-0.00015157834,4.436262e-05,-0.00011758786,-0.00032316893,0.0002426384,6.9414265e-05,5.76023e-07
TNS2,0.00075985864,0.0010631029,0.0013294145,-0.00044225156,0.004318863,0.00019937381,-0.00073362794,-6.470829e-05
GCC2,-0.00013731979,-0.00023574382,-0.00017062947,0.000115284696,-0.0007096082,-6.8843365e-06,7.547159e-05,1.48718245e-05
TOP3A,0.00028553978,0.0003166683,0.00035592355,-0.00019369647,0.0011193529,0.00035065133,-0.00011014473,-1.9328785e-05
USP6,0.00019738078,9.730086e-05,0.00016703829,-8.01757e-05,0.0010062531,0.00013099331,-8.07289e-05,-4.894333e-06
STAG2,1.5478581e-05,-0.00027415343,-0.00012348406,-4.1071326e-06,-0.0003559813,0.00010973308,0.000117170624,1.0743039e-05
SPATA5,0.00041873753,0.000325948,0.0005601328,-0.00032559969,0.0016956255,0.00031362288,-0.00019884575,-2.7208822e-05
TRAPPC9,-0.00017109327,-0.00023217499,-0.00022063032,0.00013618357,-0.0019666553,-7.302035e-05,9.248499e-05,1.811434e-05
USP34,-0.000658812,-0.0013203081,-0.0011266861,0.00038073678,-0.0031968877,-0.00031110737,0.0006093187,7.0163514e-05
IPO5,-0.0003225729,-0.0006412063,-0.00050506555,0.00016275607,-0.0010898039,-0.00017359154,0.00026590563,3.5032514e-05
EPB41L2,0.0002554506,0.00031199306,0.00034554116,-0.00010066852,-0.00033131242,0.00019610021,-0.0001736423,-1.4561578e-05
ELP1,-0.00021073967,-0.00034055486,-0.00028771535,0.00020866189,0.0005367398,-0.0003250437,1.2934208e-05,2.8048758e-05
AMPD3,-2.230145e-05,-0.0002894085,-8.521229e-05,-4.3346547e-05,-0.0012806281,6.144494e-05,0.00011609495,1.0315445e-05
GRIN2A,0.00020572357,-0.00022505783,-4.151836e-06,-0.00021709315,-0.00059603155,0.00031054765,0.00018428359,-1.7787097e-06
STARD13,7.4153766e-05,0.00040811114,0.0005486626,-6.410014e-05,-0.00048570335,-9.766221e-05,-0.00035649817,-2.0477106e-05
PYGM,2.175197e-05,-0.0001470428,-3.511086e-05,9.88692e-06,-0.00032435358,1.7374754e-05,2.2043474e-05,7.943716e-06
MST1R,-5.6104735e-05,-0.0002195295,-0.00016543455,1.653377e-05,-0.0002630651,7.771887e-05,0.00011424441,1.34585425e-05
TRPC3,9.425357e-05,0.00028624944,0.0002806671,-1.1226162e-05,-0.00095406175,9.336043e-05,-0.00016667042,-1.0823249e-05
PRDM2,-2.1705404e-05,-0.0004631076,-0.00031879358,-1.2954697e-06,-0.000499025,0.00014923513,0.00025116187,2.1590735e-05
ARHGEF1,0.000144355,6.972253e-05,0.00012319908,-6.6412613e-06,0.0014103353,-6.0098246e-06,-0.00011294428,-9.948853e-07
GGCX,-5.1582232e-05,0.00018818863,0.00025949068,8.071866e-05,-0.00120271,-0.00015593227,-0.00022820849,-5.1727984e-06
ALOX5,-0.00019755214,-0.00033966638,-0.00037878565,0.0002564909,-0.0014930367,-0.00016429182,0.00011778064,2.7695438e-05
SMG6,0.00036047958,0.0004231967,0.0005441345,-0.00024764985,0.0015161112,0.0002910914,-0.00023394916,-2.5806483e-05
PIK3C2G,-7.530302e-05,-0.0002933815,-0.00018396042,7.9716556e-05,-0.0008037761,-1.3639219e-05,9.599794e-05,1.615216e-05
CARMIL3,1.0902062e-05,7.202849e-06,9.4249845e-06,8.2490966e-05,-0.0011925399,2.2383407e-05,-4.0318817e-05,5.1379902e-06
PKM,8.6274e-05,1.6307458e-05,0.00017269887,-0.00010119472,0.0009146929,8.0722384e-05,-6.2611885e-05,-3.7135324e-06
RAB3GAP2,-2.2649765e-05,-0.00020613708,-2.74349e-05,-7.236842e-05,-0.0018351674,8.724071e-05,9.621866e-05,6.6499924e-06
PDPR,0.0003761761,0.00036548823,0.000491051,-0.00013548788,0.002165392,6.354228e-05,-0.0003102841,-1.9045896e-05
ADAMTS18,-0.00018157624,0.00025664642,0.00019458309,0.00018199068,-0.00014412403,-0.00020073727,-0.00025673304,-4.8661605e-07
MBTPS1,-0.00021800026,-0.0007102657,-0.0005635489,9.519048e-05,-0.0011174902,-4.069321e-05,0.00035390444,3.5710167e-05
PRPF3,8.7067485e-05,0.0003374014,0.0003104657,1.1664815e-05,0.0009591654,-3.3972785e-05,-0.00026898924,-8.397619e-06
TNK2,5.921349e-06,-0.00027297065,-0.00011149421,-6.8441965e-05,-0.00016075373,0.00011796877,0.00013100076,1.0150485e-05
ALDH1L1,-0.00041154958,-0.00056366436,-0.0005727429,0.0003049327,-0.0025670081,-0.00025970954,0.00022208225,4.008191e-05
SEC31A,-0.00015728176,-0.00011142343,-0.00014035404,0.00017240364,-0.00076150894,-0.00010296982,-6.5416098e-06,1.5522819e-05
FNDC3B,-0.00023156777,-0.00017696433,-0.000112762675,0.00017976481,-0.0004891753,-0.0001651519,-2.9452145e-05,1.4325138e-05
OPA1,1.1492521e-05,-0.00023617968,-0.00016202405,6.27581e-05,-0.00041037053,5.8935955e-05,8.4187835e-05,1.4693593e-05
TBC1D8,0.00020175055,0.00015554763,0.0003106054,-0.00010877941,0.0022458658,3.6642887e-05,-0.00019220728,-9.477488e-06
ARHGEF4,0.00010148063,0.00021783262,0.00016812794,8.5638836e-05,0.00058402866,-7.319357e-05,-0.00020253938,-2.1470478e-06
ZNF407,0.00022915192,3.663823e-06,0.00022501498,-0.00023880322,-0.0004775226,0.0003263736,3.0545518e-05,-9.025796e-06
INSRR,-9.178184e-05,-0.000352256,-0.00020664744,5.75874e-05,-0.0006439984,-2.9838644e-05,0.00012082048,1.7742743e-05
ATP6V0A2,0.00020194799,-1.8227845e-05,6.551109e-05,-2.6337802e-05,-0.0003867373,9.224098e-05,-4.0072948e-05,3.1510135e-06
KIAA1549L,3.3458695e-05,-0.00029583275,-0.00014445372,-3.6170706e-05,0.00054359436,0.00016570278,0.00014353544,1.1536409e-05
SORCS1,0.00027741492,1.25374645e-05,0.00024513714,-0.00017488468,-0.00011622906,0.00011572149,-5.334057e-05,-1.0280404e-05
CUX1,-0.00021636672,-0.0008979924,-0.00069087,8.057058e-05,-0.00017234683,-1.642108e-05,0.00043196324,4.455773e-05
SBNO2,0.0002564434,7.202849e-05,0.00021456741,-0.0001723161,0.00014126301,0.00024658442,-2.5637448e-05,-9.890995e-06
ANKS1B,-3.3678487e-05,-0.0006132461,-0.0004934035,3.7333928e-05,-0.0010168031,0.00017151423,0.0003529843,3.0111987e-05
AATK,0.00030402094,0.00058092363,0.00052267686,-9.412505e-05,-0.0015362203,0.0002567172,-0.0002720179,-2.5922316e-05
VWCE,0.00013067201,7.580966e-07,0.00012592226,-6.886758e-05,6.466359e-05,6.0640275e-05,-4.7766604e-05,-2.251938e-06
CABIN1,0.00018734857,-0.00015905686,0.00013008341,-0.00016232207,0.002850145,5.146861e-05,-3.8654543e-05,4.8812944e-07
ACO1,0.00031339005,0.00060138665,0.000658283,-0.00015607197,0.0010083467,0.00013506133,-0.000384924,-2.9417337e-05
ITGA11,0.00025443174,0.00023011118,0.00036256947,-0.00016773492,0.00085567683,0.00020060223,-0.00014796015,-1.5798607e-05
EPB41,-0.0006100368,-0.0012627952,-0.0011353251,0.00025322288,-0.0025359914,-2.5401823e-05,0.0007186029,6.55381e-05
MYH10,-6.473251e-05,-0.00033289008,-0.0001364816,1.3382174e-05,-0.00023569167,2.0979904e-05,0.000101896934,1.45281665e-05
RNF31,7.575564e-05,6.2529e-05,0.00013743527,-4.469417e-06,0.0008672625,-1.9140542e-05,-0.00011690054,-5.0861854e-07
CACNA1S,-0.00018342026,-0.00043230876,-0.0003682021,0.00016407575,-0.0021912605,-6.228499e-05,0.00018929224,2.5986577e-05
TPO,-0.0002761297,-0.00056265667,-0.0004493706,0.00016054045,-0.0015584677,-0.00011650706,0.00023863371,3.118289e-05
SHROOM3,-0.00046550855,-0.00097121485,-0.0008158535,0.0001596557,-0.0047216937,-0.00014230935,0.0005447548,4.8765098e-05
CFAP57,0.00025305152,0.00016438961,0.0002995152,-0.00012764521,0.00033355504,8.476991e-05,-0.0001432104,-1.1134311e-05
WWP1,9.315647e-05,3.4563243e-05,0.00013912469,-4.6861358e-05,0.0012738481,-2.1412969e-05,-0.00010378566,-7.529743e-07
DHTKD1,0.00012219325,-0.00030698068,-0.00021976605,-3.4444965e-05,-0.0011948347,0.00026830845,0.00022801384,1.2021628e-05
GTF3C2,-0.00020802952,-4.5305118e-05,4.284084e-05,0.00020213984,-0.0004440695,-0.00037185196,-0.00019214768,1.13125425e-05
EGFLAM,0.00022177026,9.705871e-05,0.0002670288,-0.00015567243,0.0011699721,0.00011983793,-0.00010821689,-9.06561e-06
TTC6,-0.00021708943,-0.00048895366,-0.00036055222,0.00012257323,-0.0011222437,-8.885935e-05,0.00019481964,2.6362599e-05
NPHP4,0.00025588833,1.0963529e-05,0.00016816705,-0.0001180619,-2.1390617e-05,0.0001800321,-3.4168363e-05,-4.9732625e-06
EDRF1,-6.527826e-05,0.0007151067,0.0007577967,3.106147e-05,0.003388226,-0.0002957154,-0.00062114093,-2.8289156e-05
ZFR,-0.00021566264,-0.000590967,-0.00045793317,0.00012499839,-0.001292266,-1.1301599e-05,0.0002781907,3.0677184e-05
BRWD3,0.0002975911,1.0961667e-05,0.00032696873,-0.00027375668,0.0020618439,0.00015821494,-9.191688e-05,-1.0993797e-05
MUT,-0.00021708943,-0.00048895366,-0.00036055222,0.00012257323,-0.0011222437,-8.885935e-05,0.00019481964,2.6362599e-05
GRIA3,-0.00089473464,-0.0013240017,-0.0011618808,0.00046922546,-0.0032115653,-0.00044903718,0.00058071315,7.3270174e-05
SDK1,5.5599958e-06,-0.00026460737,-2.1388754e-05,-0.00015142094,0.0011435077,6.4872205e-05,9.6101314e-05,7.495866e-06
DIAPH3,-7.621199e-05,-6.714463e-05,7.512048e-06,6.2556937e-06,-0.0021944642,8.022413e-05,4.4051558e-05,3.876863e-06
AGTPBP1,0.00020174868,8.628331e-05,0.00017280318,-4.5564026e-05,-8.070469e-05,0.00015995093,-9.2974864e-05,-2.8869836e-06
ACTN2,-0.00041176006,-0.0007168073,-0.0006360132,0.00023587048,-0.00088743865,-0.00011997949,0.0003290316,4.0360726e-05
CAMSAP2,-0.0005371291,-0.0010358486,-0.00090684183,0.0003095949,-0.0024956018,-0.0002144198,0.00049256906,5.691289e-05
EIF5B,-0.00012728013,-0.00056353025,-0.0003847573,5.2132644e-05,-0.00042389333,5.417969e-05,0.00026685093,2.588809e-05
NEK9,4.3557957e-05,-0.00030802004,-0.0001660958,-4.6304427e-05,-0.0011475086,0.00012654625,0.00017132424,1.2042583e-05
PHLDB1,-0.00036718138,-0.0008711517,-0.00057068095,7.554982e-05,-0.0013654083,-0.00010218751,0.00038895756,3.8959202e-05
SMG7,0.00012932532,-0.00022091158,1.0319054e-05,-9.9109486e-05,0.00097350776,0.00010633096,5.017314e-05,4.7436915e-06
DRP2,0.00044590607,0.00076254643,0.00082039647,-0.00021472853,0.0038827583,9.19085e-05,-0.00052392576,-3.6576996e-05
LPIN2,0.00014843978,0.0004248526,0.00049888156,-2.5898218e-05,0.0020339713,-0.00012316415,-0.00039504003,-1.6784878e-05
DAPK1,-0.00010860525,-0.00038950518,-6.235391e-05,-4.606601e-05,0.00031555444,-0.00012788083,6.8766065e-05,1.2542936e-05
POMGNT1,2.0656735e-06,-0.00014447421,-9.015575e-05,7.3913485e-05,0.0008113608,-0.00010476448,-2.0292588e-05,1.2990786e-05
C1orf167,3.6284328e-05,-8.175522e-05,7.560849e-05,-6.81011e-05,-0.00042896718,0.000103250146,1.05425715e-05,5.9907325e-07
BEST1,0.00030293502,0.0001942236,0.0003497284,-0.00014744513,0.0017002225,0.00014206674,-0.00018288661,-1.277437e-05
ALS2,4.1350722e-06,-0.00026284717,-2.5670975e-05,-6.489642e-05,0.0019548088,-8.751359e-05,1.9538216e-05,9.740936e-06
DSTYK,8.684583e-05,3.6612153e-05,0.00018306077,4.8675574e-05,0.00077714026,-0.00015240675,-0.000201446,1.2193341e-06
TLN2,-6.503239e-05,5.1110983e-06,7.716194e-05,6.5582804e-05,0.0022423863,-0.00018635951,-0.00015170034,6.7700166e-06
STAT3,-0.000119319186,-3.623031e-05,0.00011246465,5.555991e-05,-0.00174772,-0.00015514856,-9.952951e-05,2.2385502e-06
MLH3,1.2677163e-05,6.193295e-05,0.00028446317,-0.00012118742,0.0012919903,-3.1291507e-05,-0.00014531706,-7.777009e-06
SMC2,0.00011062622,-6.628968e-05,0.00016324408,-0.00017722417,0.0013836473,0.000117769465,-1.630187e-05,-2.934481e-06
RANBP2,-6.5378845e-05,-0.0004895702,-0.00045294128,0.00011075288,-0.0009157136,9.338837e-05,0.00026959367,2.8941082e-05
ATP4A,4.1931868e-05,-0.00012263842,3.344007e-05,-5.5124983e-06,0.0002475083,-8.456409e-06,-2.5372952e-05,5.2100513e-06
OGDHL,0.00030918047,0.00025020167,0.00044346042,-0.00018403027,0.0018511117,9.534974e-05,-0.0002313992,-1.697545e-05
WRN,0.0002852101,6.1893836e-05,0.0002817046,-0.00016728509,0.0027023628,0.00017854478,-0.000112538226,-1.0850024e-05
TLL2,0.00015193038,0.00024051592,0.00019357353,3.2774173e-05,0.0029419586,9.830948e-05,-0.00019423757,-5.817623e-06
CNTN5,0.00042202324,0.0007610135,0.000730345,-0.0001074085,-0.0004133731,0.00031057,-0.0004027104,-3.821205e-05
PTPN23,0.00025796331,0.00023432821,0.00030612946,-7.141568e-05,0.0012348965,0.0001763776,-0.00017263647,-1.26425875e-05
MYOM1,0.000246061,0.00023555197,0.0003391672,-0.00010439474,0.00017450005,0.00016081333,-0.00016529206,-1.4260993e-05
BRAF,0.0003169719,0.00028512068,0.00062456727,-0.00025547016,0.0015564859,5.7800673e-05,-0.0003043739,-2.5373534e-05
NCOA3,-0.00016370602,-0.00028576702,-0.00010028109,4.387647e-05,-0.00051561,-0.00014877832,4.3373555e-05,1.4063553e-05
ACTN4,2.3810193e-05,-0.0004809033,-0.00039719976,-3.7914142e-06,-0.00086195767,0.00024002139,0.00031250156,2.3678527e-05
HNRNPUL1,-0.00024858862,-0.00064782426,-0.0004789941,5.394779e-05,-0.0014129356,3.6551617e-05,0.00034758076,2.998265e-05
TRPM4,0.00039185956,0.00015820004,0.00034153834,-0.00025084615,0.0019993633,0.00029010512,-0.00010157097,-1.4400459e-05
CNOT1,2.1945685e-05,-0.00036656857,-0.000107087195,-0.00011341274,-0.00026541203,0.00013956428,0.0001674192,1.0831398e-05
MAST4,-0.00016408227,-0.00024667755,-0.0003151521,0.00021400861,-0.0025676861,-1.744926e-05,0.00012071151,2.280192e-05
POLQ,-0.00010214932,-0.00040217116,-0.00018255971,7.832423e-06,0.0014965981,-8.458644e-05,9.392202e-05,1.9168714e-05
MYH9,-0.00016196631,-0.00046583265,-0.00033197924,0.00012538023,-0.00048423558,-7.379241e-05,0.00016663037,2.5511836e-05
ABCD1,0.00023782067,7.454865e-05,0.00022406504,-0.00017356034,0.0003735423,0.0002371436,-3.8823113e-05,-8.8983215e-06
KIAA1549,-0.00031189993,-0.001059046,-0.0007796325,0.000114438124,-0.0011793151,-2.7566217e-05,0.0005169753,4.8217014e-05
NUP210,-0.00014154986,-0.00022216514,-0.00018986687,0.00015717186,0.0012765005,-0.00027319975,-2.9752031e-05,2.179481e-05
GBA2,-0.00017658249,-0.0004048217,-0.00033792108,0.00022645574,-0.000775218,-0.00021302514,9.485334e-05,2.7040136e-05
PLEKHA5,-0.00045524538,-0.0008372851,-0.0005510319,9.201188e-05,-0.0015542433,-0.00016856287,0.00037201494,3.6835554e-05
ABCB11,-0.00020239316,-0.0004899278,-0.0003591068,0.00011470541,-0.0009333119,-8.030422e-05,0.00019507296,2.630311e-05
CACNA2D4,-2.331473e-05,-4.9497932e-05,0.00010090135,-6.333087e-05,-0.00022596121,4.101172e-05,-1.6467646e-05,-1.2514647e-07
SLK,-4.398264e-05,-7.156655e-05,-9.340979e-05,0.00012962893,0.00015985966,1.6004778e-05,-5.4556876e-06,9.664334e-06
ATP2B1,-0.00045854598,-0.0007899031,-0.0007010605,0.00030160043,-0.0016707331,-0.0002134745,0.00033657532,4.617672e-05
ADGRL3,-0.00089045987,-0.0019081812,-0.0017619357,0.00043277256,-0.004607789,-0.00016751466,0.0010744659,9.866571e-05
COL5A2,-0.0006065052,-0.00049782544,-0.0002920851,0.00019842107,-0.0010294691,-0.00044816593,7.746089e-05,2.9657735e-05
KIF5B,-0.0002378039,-0.0006035846,-0.00048083812,0.00017231796,-0.0006546378,-8.463953e-05,0.00024584774,3.3335178e-05
FANCI,2.5868416e-05,-0.00045919418,-0.00018704683,-0.00010448601,-0.00033071637,5.956646e-05,0.000188265,1.7821207e-05
CNTN2,-0.00048233382,-0.00088070147,-0.0007616505,0.00028399285,-0.0018053055,-0.00027256925,0.00037640706,5.119026e-05
CLTCL1,0.0003099125,0.00052919984,0.0005262885,-9.800494e-05,7.6666474e-05,0.00011536013,-0.00032853056,-2.2254651e-05
MAN2B2,4.79538e-05,0.00015652925,0.00022908859,3.7493184e-05,-0.0007142052,-9.959377e-05,-0.00017978717,-5.2910764e-06
STARD9,0.00031493232,0.0004650727,0.0006554313,-0.0002349941,0.001946874,8.8630244e-05,-0.00035725255,-2.7586473e-05
MATN2,0.00019798987,4.7283247e-05,0.00027156435,-0.00017240644,0.00045134127,0.00021286588,-6.462913e-05,-1.0172138e-05
HELLS,5.248934e-05,1.63503e-05,0.00013981014,-3.2162294e-05,0.0002693087,-3.717374e-05,-0.000106318854,2.467772e-06
MEN1,0.00017032772,-0.00021318719,-4.955381e-05,5.3057447e-06,0.0003784299,-1.4524907e-05,4.8726797e-06,1.053873e-05
ARAP1,0.00020342693,-1.7518178e-05,0.00020047277,-0.00016567111,0.00012286007,0.00011179317,-4.4106506e-05,-4.888978e-06
PPIP5K2,3.318116e-05,-0.00025357679,-0.00014383532,3.928505e-05,-0.00022091717,8.033309e-05,8.796062e-05,1.3575307e-05
ANO8,-2.2346154e-05,-7.5483695e-05,1.7855316e-05,5.7043508e-06,0.00029212981,2.9080547e-05,-2.043508e-05,6.1241444e-06
EPHA8,0.0004149638,0.00039523467,0.0004100632,-0.00010426622,-0.00028220564,0.00024780724,-0.00021850225,-1.864531e-05
CDK5RAP2,-0.00018796325,-0.0007621553,-0.0005481038,7.1555376e-05,0.0010062456,-6.815512e-05,0.00032426696,3.6885613e-05
CADPS,-0.000258578,-0.0007059779,-0.00060990825,0.00021656416,-0.0028479993,-0.000119012315,0.0003332477,3.9631967e-05
FNDC1,-1.6409904e-06,-0.00042853132,-0.0003083106,-9.117462e-05,-0.0011182576,0.00032922346,0.0003305804,1.6046455e-05
FREM2,-3.444217e-05,-0.00036487915,-9.068474e-05,-0.0002203267,-0.0015918836,0.00015340094,0.00024099182,6.66501e-06
INPP5J,1.568161e-05,-2.2502616e-05,1.790747e-05,3.5386533e-05,0.00083966553,6.716605e-05,-2.7704984e-05,3.0174851e-06
DLEC1,-2.6917085e-05,1.5748665e-05,0.00016134977,3.646966e-05,0.0005986765,-0.00018355763,-0.00016653072,1.1496013e-06
ACLY,-9.366311e-05,-0.00048690848,-0.0003771186,5.084835e-05,-0.0010071769,5.6399032e-05,0.00024884474,2.625573e-05
ABCC12,-0.00019550137,-0.0004958585,-0.0003636945,0.00012190733,-0.0008198023,-9.8362565e-05,0.00018920098,2.669706e-05
SNED1,0.00016199984,-8.220598e-05,8.437224e-05,-8.786097e-05,0.00086796284,0.000117938966,-9.059906e-06,4.7613867e-08
BMPR2,-0.00064530596,-0.0014014412,-0.0012598746,0.0003857864,-0.0029331297,-0.00024321629,0.0006936053,7.624191e-05
NES,-0.0003192015,-0.0009623468,-0.0007068943,0.00013724621,0.00089695305,-0.00022852328,0.00038029253,4.7165202e-05
OTOG,-1.4539808e-05,-0.00030464306,-0.00010966137,-1.5972182e-05,0.00067926943,6.040558e-06,8.221995e-05,1.2424192e-05
ITGA3,-0.00016381033,-0.00027522817,-0.00014190748,1.3679266e-05,0.00069417804,-0.00010205712,6.969366e-05,1.5162164e-05
CCAR1,-0.0005228594,-0.0011641979,-0.00092862174,0.00022484455,-0.0019034222,-0.00015357602,0.0005603628,5.7915342e-05
NRCAM,-0.00016190112,-0.0004241001,-0.00024235249,4.2188913e-05,-0.00061422586,-8.630846e-05,0.00014367234,2.1836604e-05
MAP3K13,0.00013949163,0.00010926463,0.00026444346,-0.00011542253,0.001355432,6.5871514e-05,-0.00013276096,-8.120318e-06
UGGT2,-4.8413873e-05,-0.00010566041,6.4238906e-05,2.3662113e-05,0.00035709143,-0.000111431815,-7.91261e-05,6.115064e-06
EZH1,1.8507242e-05,7.440522e-05,0.00019671954,2.488587e-05,0.0026393682,-0.00015931996,-0.0002198955,9.040814e-07
LPIN1,-0.00013300031,-0.00055653416,-0.00018438883,-6.582495e-05,0.0012999102,-9.12603e-05,0.00014793314,2.0554406e-05
WNK2,-0.00011507049,-0.00032800622,-0.00022349693,9.348523e-05,5.3949654e-05,-8.302927e-05,9.037275e-05,1.9085244e-05
ATP11A,-0.0001259204,-0.00038859434,-0.00037836656,0.00022477657,-0.0011535734,-0.0001316322,0.00013340171,2.6950263e-05
TEX14,0.00044016168,-3.655441e-05,0.00022794679,-0.0003008386,0.0017063245,0.00039097946,3.7864782e-05,-1.1950964e-05
MYPN,4.5225024e-06,-0.00016259775,-3.3367425e-05,-7.768162e-06,-4.7527254e-05,4.229229e-05,3.3502467e-05,7.3976116e-06
PLXNA1,2.4653971e-05,-0.00038468093,-0.00026202388,6.6738576e-06,-0.00023745,8.911267e-05,0.00018817093,1.9299448e-05
DLG5,-0.00052669086,-0.0010304917,-0.00089430995,0.00025985204,-0.003377363,-0.00020141387,0.00052454975,5.478179e-05
ADGRA3,0.00023914874,-0.00027246028,-5.8716163e-05,-0.00022988394,0.0002289787,0.00033917185,0.00020209141,4.520407e-06
WDR59,0.00041541085,-9.133294e-05,0.00013891049,-0.00027278066,-0.0004714653,0.00042765308,0.00010564551,-7.733237e-06
MAGI2,-0.00036703236,-0.0009317696,-0.00063999,0.00011928938,-0.00030238926,-0.00023352774,0.00036759116,4.481629e-05
ABCB1,0.00024357252,1.4966354e-05,0.00016638823,-0.00011052471,0.00059224665,0.00020922348,-4.0437095e-05,-5.725422e-06
TEX15,0.00014140643,-2.6281923e-05,8.665584e-05,-1.9144267e-05,0.0012233779,5.506631e-05,-6.129127e-05,3.0675437e-07
FAM208B,-0.00021708943,-0.00048895366,-0.00036055222,0.00012257323,-0.0011222437,-8.885935e-05,0.00019481964,2.6362599e-05
HECTD1,-0.00020774268,-0.00027130917,-0.00021506101,0.00013897475,-0.00013811141,-9.971671e-05,7.1687624e-05,1.866382e-05
ANO2,0.0001570154,0.00010987185,0.00017589144,-2.364628e-05,0.00079108775,4.0150248e-05,-0.0001285756,-3.0503143e-06
DHX36,-0.0003087148,-0.0009006951,-0.00068862364,0.00011807773,-0.00023449212,-5.09182e-05,0.00042864494,4.472374e-05
TPCN2,0.00024160929,0.00015717559,0.00026765466,-0.00014347676,0.0010733008,0.0001661405,-0.00011187699,-1.0439893e-05
GRIA4,-9.82862e-05,-0.0001758337,-0.00014942512,0.00011020899,0.0021419153,-7.2308816e-05,-9.322539e-07,1.6968697e-05
FBLN1,-0.00035139173,-0.0002633445,-0.00023291819,0.00020507257,-0.000982292,-0.00027946848,2.4254434e-05,2.3015426e-05
TICRR,0.0003751982,-6.497651e-05,0.00016677566,-0.00027295854,0.00079173595,0.0003270069,4.5463443e-05,-5.398295e-06
PIK3R4,9.9038705e-05,0.00016047806,0.00027221255,-5.1824376e-05,-0.0007881671,-1.8656254e-05,-0.00016119983,-8.083414e-06
PKDREJ,-0.00016807951,-0.00034845434,-0.00020484067,7.080659e-05,-0.00088138133,-7.567741e-05,0.00011480972,1.7829821e-05
WWP2,0.00019421428,0.00028054602,0.00030534714,-3.139116e-05,9.729713e-05,8.842256e-05,-0.00019094814,-1.1998345e-05
FAM208A,-0.00021708943,-0.00048895366,-0.00036055222,0.00012257323,-0.0011222437,-8.885935e-05,0.00019481964,2.6362599e-05
BAIAP3,-0.0001651179,-0.00028110482,-0.00016222335,0.00020621344,-0.0011192188,-0.0002916851,-2.370961e-05,1.983787e-05
TJP2,-0.00017682835,-9.326637e-05,3.4147874e-05,0.00018401816,0.0002508089,-0.00036735693,-0.0001787385,1.1457247e-05
PLCB3,0.00013008714,-0.00030589476,-0.000104827806,-4.6723522e-05,0.0004962683,6.604195e-05,9.1349706e-05,1.1416734e-05
EEA1,6.446615e-06,-7.845834e-05,-2.0092353e-05,0.00010310486,-0.0004528612,-6.653741e-05,-5.4182485e-05,8.9238165e-06
TEK,0.0002977699,-0.00014613196,4.3731183e-05,-0.00014871173,0.0009651929,0.00026202295,6.5892935e-05,-1.2433156e-07
MAP3K9,8.21352e-05,0.000103285536,0.00020271726,-5.5589713e-05,0.00014629215,4.7069043e-05,-0.00010529626,-5.521695e-06
HIRA,0.00022531487,5.5912882e-05,0.00014215149,-7.35987e-05,0.00020738691,9.9694356e-05,-7.3419884e-05,-2.0632287e-06
SPTBN4,6.577e-06,-0.0002218876,-0.000101115555,3.7861988e-05,0.0013608038,-6.243959e-05,9.866431e-06,1.3403129e-05
ITGA6,-0.0004602112,-0.0011927988,-0.000965856,0.00015297718,-0.0048671365,-5.5660494e-05,0.0006740615,5.559961e-05
INPP5F,-0.00017492473,-0.0004822109,-0.00033261813,5.026348e-05,-0.0010012761,6.405916e-05,0.00023531541,2.4339417e-05
TBCD,-3.2009557e-05,-0.00026498176,-0.00022662804,7.445086e-05,-0.00038255006,6.7541376e-05,0.00013267342,1.5806523e-05
PDE6B,-7.869676e-05,-7.950701e-05,-4.7696754e-05,0.0001224149,0.00083994865,-0.00014635362,-7.3039904e-05,1.0737334e-05
PRDM15,0.00034731813,7.726252e-06,0.0001700744,-0.00023591518,0.001121439,0.00028242916,1.1857599e-05,-6.77153e-06
UGT1A1,-0.00021708943,-0.00048895366,-0.00036055222,0.00012257323,-0.0011222437,-8.885935e-05,0.00019481964,2.6362599e-05
PLB1,0.00013000146,-0.00012505427,-1.0039657e-06,-4.4178218e-05,0.00043535233,0.000105728395,2.4360605e-05,4.9928203e-06
EPHA3,-0.00053932704,-0.0014023129,-0.0010473542,0.00011775084,-0.0008691251,-9.0230256e-05,0.0007110145,6.138196e-05
MARF1,-2.4911016e-05,-0.00077825226,-0.00052414834,-0.000120071694,-0.0011363104,0.0003714459,0.00052284356,2.7532573e-05
ABCC4,0.000115340576,-1.7110258e-05,1.735799e-05,-1.2783334e-05,0.00023700297,0.0001458386,-1.611188e-07,2.8489158e-06
CCDC88B,-9.432249e-05,-0.0003376361,-5.876459e-05,-4.0071085e-05,0.0012793764,-4.200358e-05,6.608199e-05,1.0799733e-05
PDE4A,0.00048455782,0.0007562991,0.00084503926,-0.0002467176,0.001534164,0.00024188496,-0.00045377482,-4.1403226e-05
WDR90,0.00046253763,0.00021953695,0.000327304,-0.00019915961,0.001867272,0.00031986367,-0.000125519,-1.5093363e-05
ABCB5,-0.00028729625,-0.00059398636,-0.0005017519,0.00018777512,-0.00097037107,-0.00013036141,0.00024913903,3.391807e-05
KCNQ4,-0.000109551474,-0.00040355138,-0.00030246377,5.5660494e-05,-0.00087635964,4.3070875e-05,0.00020201039,2.079911e-05
PTPRB,0.00013534352,-0.0002448503,-9.908341e-05,-6.0880557e-06,0.00028204173,0.00017830916,0.00010254141,7.689348e-06
MSH5,-9.573251e-05,-0.00019048713,-8.560158e-05,7.571746e-05,-0.00033727288,-9.0214424e-05,6.3125044e-06,1.3030018e-05
TRPV1,0.00045219623,0.00043358468,0.0005146526,-0.00018789154,0.002287507,0.00023911428,-0.0002706563,-2.4451874e-05
PHRF1,0.00059937686,0.00046469644,0.0005897209,-0.00031883176,0.0016712695,0.0004034657,-0.00022476073,-3.1450065e-05
ABCA10,0.00031757914,0.0003324356,0.000379188,-0.00012154877,0.0009859279,0.00020859204,-0.0002007233,-1.6527716e-05
GRM2,0.0001103431,-4.7000125e-05,0.00019756146,-0.00016130228,0.00045229495,2.9274262e-05,-5.8781356e-05,-2.539833e-06
HYDIN,-0.00010288134,-0.0005229283,-0.0003637802,9.731669e-05,-0.0009825006,-9.003561e-05,0.00020024646,2.6241643e-05
DUOX2,0.00013736635,9.3750656e-05,0.00024485216,-7.627066e-05,0.00018049031,4.1430816e-05,-0.00012973789,-7.023569e-06
PLCG1,8.654967e-05,-0.0002823174,-3.920868e-05,-0.00011497922,-1.2010336e-05,9.770319e-05,9.381678e-05,8.966541e-06
GON4L,0.00030070543,2.7295202e-05,0.00028272532,-0.00026657432,0.0018057451,0.00030430593,-2.6559457e-05,-1.3188692e-05
ATP2C1,-0.000511216,-0.00081615895,-0.0007203687,0.00032861903,-0.0015284941,-0.00037220912,0.00028705783,5.199795e-05
ATP13A5,-0.0001530014,-0.00014944561,-8.604303e-05,0.00013713539,-0.00033914298,-0.00021098275,-5.094614e-05,1.4709774e-05
ERCC6,0.00023773871,-1.3779849e-05,0.00032648258,-0.00032427628,0.0016972199,0.00022869837,-3.2705255e-05,-1.33396825e-05
TMEM67,-0.0002015531,-9.509362e-05,-0.00015677512,0.0002096938,-0.0019489899,-0.0001836596,-1.0989606e-05,1.4929683e-05
UNC13D,6.260909e-05,-0.00030291267,-0.00014244951,-6.167684e-05,-0.0008950308,0.00021644402,0.00017659739,1.097715e-05
ERC1,-0.000328701,-0.00087157637,-0.0007865131,0.00021939725,-0.002737105,-1.4342368e-07,0.0004812507,4.6603032e-05
PDE4D,-0.0006124675,-0.0009289384,-0.00086226314,0.00040725153,-0.0025737733,-0.00029926375,0.00040431786,5.498738e-05
INF2,3.485009e-05,-0.00032689236,-0.00015247986,-8.2792714e-05,0.0009858906,6.8970956e-05,0.0001440784,1.3096025e-05
ERCC2,-5.9409067e-05,1.1378899e-05,7.402524e-05,0.0001329761,0.0015415773,-0.00030510966,-0.0002119178,9.3946e-06
SYTL2,0.00021967664,0.00024067052,0.00047283992,-0.00017699972,0.0013896376,0.00010377169,-0.00024069753,-1.791399e-05
SLC12A9,0.0002546478,0.00040854514,0.0005828161,-0.00023283716,0.0014329851,0.0001472272,-0.00028245058,-2.5451533e-05
TP73,0.00015511923,9.9686906e-05,0.00020454451,-0.00011018198,-0.00025567412,0.00020076241,-4.8275106e-05,-9.145937e-06
SMURF2,-7.100031e-05,-0.00026381947,-3.169477e-05,-7.2723255e-05,0.0016003922,1.2127683e-05,5.7387166e-05,8.11927e-06
PITPNM1,0.0001397673,-0.0002677925,-0.00016262941,2.1493994e-05,0.00040765107,5.2570365e-05,8.886494e-05,1.3251323e-05
MFN2,-0.00011288375,-0.00050387904,-0.00038529746,0.00010468159,-0.00055450946,1.2290664e-05,0.00022287667,2.6714988e-05
FRY,-0.00010226853,-0.00033633783,-0.00015201978,5.671382e-05,0.00057165325,-0.0001160237,5.009584e-05,1.839269e-05
NCAPD3,0.00027327612,4.0639192e-05,0.0001091212,-0.00012233201,-0.00036973506,0.0002610907,3.7252903e-08,-1.5535625e-06
TCIRG1,0.00024158508,-0.00010693632,4.1516498e-05,-0.00015888922,0.00087637454,0.00030606706,8.282438e-05,-3.7893187e-07
GUCY2C,-0.00021606125,-0.00049434975,-0.0003652312,0.00012691412,-0.0010598302,-0.00010191277,0.00019132905,2.6896945e-05
UBE2O,-0.00026432239,-0.0004287064,-0.0002521407,7.937476e-05,-0.0008333549,-7.778127e-05,0.00014031772,2.256548e-05
PXDN,-0.0010814294,-0.0021240301,-0.0019300152,0.0005866671,-0.0044968054,-0.00050095515,0.0010417793,0.000116824755
XDH,-5.1697716e-05,-0.0005030818,-0.00034571066,5.9625134e-05,-0.00066512823,3.7459657e-05,0.00022439472,2.3895642e-05
COL24A1,-7.7955425e-05,-0.00017874688,-1.542084e-05,4.5596622e-05,0.00033593178,-0.00013142126,-2.4678186e-05,8.354313e-06
UBE4B,5.254522e-06,-0.00010619499,-0.00012117438,0.00013229437,-0.00059604645,-6.468315e-05,-2.0221807e-05,1.5290105e-05
MAGI3,-0.00021237507,-0.00062803924,-0.0005228035,9.4939955e-05,-0.0016644448,9.381585e-05,0.00035936292,3.1644013e-05
PLCB4,-0.0011826381,-0.0019927863,-0.001814397,0.00064054783,-0.006192945,-0.0004463354,0.0009993976,0.00010749127
ANO1,-0.00013154559,-0.00043737888,-0.00031713024,8.13473e-05,-0.0014500469,-3.684312e-06,0.00019756053,2.2941385e-05
DIAPH2,0.0001887437,0.00031512603,0.00037953444,-6.3236803e-06,0.0011324212,-2.4789944e-05,-0.00028965902,-1.3167271e-05
ATP8B4,-0.00024970062,-0.0008826982,-0.00065203384,4.698336e-05,-0.001201123,0.0001326548,0.00049742963,3.7827063e-05
PLCH2,0.00037148595,0.00040992908,0.00038406812,-6.606802e-05,0.0018115565,0.00017815456,-0.0002623843,-1.6601174e-05
TET1,3.4132972e-05,-0.00043752976,-0.00019174255,-6.5597706e-05,0.00017332286,0.00011215173,0.0001866715,1.5569734e-05
MYH4,-0.00013832375,-0.0002665054,-0.00020342693,0.00012011826,-0.0007590428,-5.732663e-05,8.313544e-05,1.6992446e-05
KIAA0556,0.0004714951,0.00055806525,0.0005757641,-0.00019402802,0.002019614,0.00023082364,-0.00032641832,-2.7426751e-05
RBM25,-0.00038035773,-0.0008789543,-0.0006471295,0.00017760228,-0.0004897341,-0.00017921394,0.00035911892,4.390371e-05
ITGA7,-0.00011354685,-0.00022044219,-0.00010264292,1.425948e-05,-0.0015024543,-0.00011492148,4.7022477e-05,1.4910009e-05
AMPD2,0.00043902732,0.00020475313,0.0004577916,-0.000397251,0.00065834075,0.00055200607,-2.1134503e-05,-2.6925118e-05
MAP3K5,0.00020383112,-6.880611e-05,-3.1977892e-05,-7.387437e-05,0.000264965,0.00026141573,8.107815e-05,3.0234223e-06
KIF15,-0.00012744218,-0.00042993762,-0.00022258051,3.541354e-05,0.0011857152,-0.00013170717,0.00010014884,2.1690736e-05
EPHB3,0.00019928068,0.00020965375,0.00032203086,-0.00013536308,0.00233154,0.000100750476,-0.00017129909,-1.1946075e-05
PCF11,-0.00048642047,-0.00085754134,-0.0006948225,0.00026727654,-0.0023089424,-0.00024822354,0.00035487209,4.7372072e-05
MAP3K15,0.00022792071,8.536689e-05,0.00018643029,-0.00012278464,9.857863e-05,0.00023615919,-3.528595e-05,-7.821247e-06
ABL2,0.00018158183,-2.1342188e-05,0.000119213015,-0.000111578964,0.00085588545,0.0001965221,-7.015653e-06,-2.8266804e-06
CFAP65,0.00012756698,-2.3785979e-06,0.00014398061,-4.7479756e-05,0.00076500326,-4.513841e-05,-0.000109572895,3.495952e-07
CAPN1,0.00014342181,0.00031924993,0.000439113,-5.615037e-05,0.0017116442,-4.5808963e-05,-0.00030227285,-1.5561236e-05
NFAT5,-0.0005016457,-0.0010911971,-0.00093741715,0.0002647275,-0.0032827482,-0.00010139216,0.0005585477,5.7450496e-05
ABCF1,-0.00020158291,-0.00031544268,-0.00019641034,0.00013752654,-0.00018166006,-0.00020510843,3.7944876e-05,2.0202715e-05
MOV10,-0.0003007576,-0.00051003695,-0.0003792569,0.00015511177,-0.00068511814,-0.00015856465,0.00018521212,2.7067377e-05
CR1,-0.00037357956,-0.0003711935,-0.00034021027,0.00025101192,-0.00035326928,-0.00034662336,6.439909e-05,2.8069713e-05
PALLD,-8.664653e-05,-0.00015966222,0.00010530092,-6.5462664e-05,0.00082769245,-0.00010706857,-5.0956383e-05,3.077439e-06
LARS,-0.00021708943,-0.00048895366,-0.00036055222,0.00012257323,-0.0011222437,-8.885935e-05,0.00019481964,2.6362599e-05
TLL1,0.0003394913,0.00034383498,0.00044744834,-0.00014334358,0.00045490265,0.00022696145,-0.00021614973,-2.0410167e-05
SPAG9,-0.00043741055,-0.0009273123,-0.0007949956,0.00029616617,-0.0017581657,-0.00023201387,0.00039960444,5.138293e-05
TBC1D9B,-1.7993152e-06,-0.00012713298,1.3271347e-05,6.912276e-06,9.343028e-06,-7.333234e-06,-1.1013821e-05,5.976064e-06
NUP210L,0.00034243427,0.00016514026,0.0004332736,-0.00030610245,0.0021210462,0.00025280844,-0.00012948643,-1.9146479e-05
JAK1,-8.586049e-05,-0.000643041,-0.00032840297,-4.188437e-05,0.00024119765,6.005168e-05,0.00027676392,2.4147332e-05
LRP2,-0.0002014041,-0.0006797388,-7.3153526e-05,-0.0001692241,0.0027873814,-0.0004066839,5.310867e-05,2.1248125e-05
ADCY10,-0.00018065609,-0.00047754683,-0.00029269606,6.463472e-05,-0.0004549101,-8.4082596e-05,0.00017239712,2.3304368e-05
RBBP6,-0.0004483238,-0.00082037784,-0.0007583052,0.00028198492,-0.0014868975,-0.00014761463,0.00039645936,4.6584406e-05
MCF2L,-0.00016717613,-0.0007144064,-0.0005869437,8.556247e-05,-0.0010268316,9.3912706e-05,0.00039603747,3.552437e-05
TRAPPC8,-1.4221296e-05,-4.4262037e-05,0.00011699833,-6.5519474e-05,0.0019661263,-1.11833215e-05,-5.5887736e-05,-1.3576355e-06
MED12L,0.00033874623,0.00021439046,0.0002403222,-0.00014665443,-0.0019570887,0.0004089428,-1.530908e-05,-1.4039222e-05
SUPT5H,-0.00036200695,-0.00091222674,-0.0006537419,0.00016100053,0.00027428567,-0.00021398207,0.00035725255,4.500721e-05
RB1,6.468408e-05,2.397038e-05,0.00018234365,-8.14572e-05,-0.00055484474,5.8062375e-05,-6.8441965e-05,-3.4656841e-06
AFG3L2,-0.00038091652,-0.0006630458,-0.0005374104,0.00016561989,-0.0032361746,-0.00018073432,0.00032554194,3.5471516e-05
ROR2,-7.614121e-05,-0.00028086267,-0.00017676875,5.3262338e-05,-7.531047e-05,1.4190562e-05,0.00010938384,1.3597659e-05
ITGA10,-8.178875e-05,-0.00027272664,-0.0003294926,0.00013401546,-0.000941284,0.00014339108,0.00018718373,1.949328e-05
SOX6,0.00020575896,0.00013740361,0.00041644648,-0.00020178221,0.0009801313,8.9842826e-05,-0.00018129591,-1.5314668e-05
ABCC2,4.04045e-05,6.229617e-05,0.00012844056,3.339071e-05,0.0006126836,-3.7380494e-05,-0.0001280075,2.7322676e-07
NOS1,7.275678e-05,4.1240826e-05,0.00020690262,-3.815163e-05,0.0018732175,-9.063259e-05,-0.00015468057,-3.9153965e-06
MYO5C,-0.00016062893,-6.422028e-05,5.5829063e-05,0.000102545135,0.00071725994,-0.00018517533,-0.00012484659,7.507624e-06
HK3,-8.269772e-05,-0.00040450506,-0.00022645667,1.7102808e-05,-0.0005694702,3.9817765e-05,0.00017162226,1.7664162e-05
SKOR1,-0.00021162629,-0.0004865732,-0.00035703555,0.000119164586,-0.001081422,-8.5116364e-05,0.00019404199,2.6134308e-05
CRB1,0.00021371059,0.00028658472,0.000573067,-0.00024065748,0.00068736076,3.8323924e-05,-0.00027944427,-2.2476423e-05
EHBP1,-0.00068939105,-0.0014383513,-0.0013393369,0.0004316941,-0.0027381033,-0.00026891893,0.0007204274,8.040783e-05
TIE1,-4.1730702e-05,-0.0005479045,-0.00037145428,7.827394e-05,-0.0007523,4.748255e-05,0.00024150498,2.4088658e-05
NRP2,-9.359792e-06,2.406165e-05,9.8699704e-05,3.690459e-05,0.0014327243,-6.371364e-05,-0.00011700299,3.2298267e-06
NEDD4L,-0.00030973926,-0.00057147257,-0.00050605834,0.00021793693,-0.0017442107,-6.834883e-05,0.0002616942,3.3750082e-05
ITGA2B,0.00019457936,0.00014752522,0.0003033392,-0.0001446763,0.00015173107,0.00013843365,-0.00011880044,-1.1687749e-05
RPGRIP1,-0.00018460304,-0.00037971511,-0.00031260215,0.00017025322,-0.0012482107,-0.000118749216,0.00013036747,2.3624045e-05
MYO6,-0.00039845146,-0.0009124726,-0.0008369982,0.0002674805,-0.0039081946,-4.4639222e-05,0.00049011223,5.056837e-05
TTF2,-0.00035863742,-0.00021254085,-0.0002366919,0.00022766832,-0.0033916533,-0.00027886406,4.0922314e-05,2.2697146e-05
TNKS2,9.374693e-06,9.9411234e-05,0.00011667609,3.071502e-05,-5.520135e-05,7.144082e-05,-7.6266006e-05,-2.7058413e-06
TPP2,0.00020853803,0.0002533663,0.00050210766,-0.00021914393,0.003375575,3.394019e-05,-0.00028272625,-1.755904e-05
DLG2,-4.9578026e-05,9.6186996e-05,0.0001007244,0.0001427969,0.00023032725,-0.00015964918,-0.00017976668,3.3375109e-06
KIF27,0.00016446225,0.00048101693,0.0006200727,-7.474236e-05,0.0018442646,-0.00013879733,-0.00043314788,-2.4371431e-05
ATP6V0A4,-4.0810555e-06,-0.00019892864,-7.1829185e-05,-4.6677887e-06,9.8116696e-05,-5.374383e-05,3.6014244e-05,1.0227901e-05
CCDC180,0.0005010292,0.00014185719,0.00046966784,-0.00036227517,0.0014825016,0.00039172638,-8.493941e-05,-2.4550012e-05
CACNA1G,0.00031913072,0.00032870658,0.00018583424,2.0249747e-05,-0.00021993369,0.00030851923,-0.00011578482,-1.0613352e-05
COL9A1,-0.00076438114,-0.0011388529,-0.001078492,0.00027931016,-0.005264677,-0.000113034155,0.0006689634,6.510643e-05
IFT122,-0.00011576153,-0.00015151687,9.223074e-05,-2.0628795e-06,0.0003662482,-0.00017507188,-7.987674e-05,5.582813e-06
VWDE,0.00030996278,0.00017589144,0.00024053454,-9.795558e-05,0.00060430914,0.0002550371,-9.486172e-05,-1.0596006e-05
RRP12,0.00041518733,0.00019211695,0.00043151528,-0.00029985327,0.002865769,0.00024433155,-0.00015445333,-1.9509462e-05
PFKM,-4.2162836e-05,-7.0851296e-05,0.00012098439,-5.0245784e-05,0.00052180886,-8.5299835e-05,-7.2511844e-05,3.050547e-06
AKAP6,3.30545e-05,-8.5616484e-05,0.00016522966,-0.00013023801,0.00076622516,8.032005e-05,-2.0628795e-05,-3.578025e-06
NUP160,0.00033930875,0.00024300814,0.00038085692,-0.00019819941,0.0018210635,0.0002640076,-0.00015453715,-1.6858685e-05
DNM3,-0.00019459613,-0.00049422495,-0.00046824105,0.0001458805,-0.00031766295,2.676621e-05,0.00025515072,3.105693e-05
HCFC1,-6.178394e-05,-0.0007076226,-0.00046295114,1.65198e-05,-0.0019445345,6.955769e-05,0.000354046,2.9976945e-05
PKD2,-8.185208e-05,-0.0001672376,-0.00015052222,0.0001296997,-0.00028658658,-9.970926e-05,5.8505684e-06,1.6188133e-05
PREX2,-8.084066e-05,-0.00025397353,-7.4060634e-05,1.95764e-05,0.0010389537,-0.000120463315,9.962358e-06,1.2428965e-05
BOD1L1,-0.00065583736,-0.001309149,-0.0010431521,0.00032740552,-0.0012077391,-0.00036931597,0.000540941,6.829726e-05
FRMPD3,0.00019685738,0.00036229938,0.0005463809,-0.00016302522,0.00061870366,9.3749724e-05,-0.0002873568,-2.2499706e-05
GLI2,0.00010550395,-0.00022245944,-5.9597194e-05,-1.9511208e-05,-0.0007202625,6.689876e-05,6.249547e-05,9.077252e-06
ZSWIM5,0.00016256422,-8.419156e-05,0.0001826249,-8.8624656e-05,0.0009711385,-1.1825003e-05,-9.79593e-05,-9.255018e-07
CBLB,-2.941303e-05,-7.9968944e-05,9.5264986e-05,4.8512593e-06,-0.00016448647,-0.00014171703,-9.452645e-05,5.155918e-06
EPHA4,-0.000109072775,-0.00021422096,-0.00013953261,0.00011036452,0.0006316751,-0.00010281429,9.868294e-06,1.5791273e-05
NOTCH1,-9.9925324e-05,-0.00050958805,-0.00028783083,-3.7797727e-05,0.00179521,4.4740736e-06,0.00020528771,2.1077227e-05
TRPM7,5.4618344e-05,-0.00042199716,-0.0002623722,-4.9459748e-05,-0.0005036369,0.00020217244,0.00025071576,1.6084523e-05
CTC1,0.00019716658,0.00031678937,0.0005063843,-8.600671e-05,0.0011940151,-6.9512054e-05,-0.00033481326,-1.829397e-05
ATRNL1,0.00022764131,-3.793277e-05,0.00033313595,-0.00020026136,0.0034212768,-2.5049783e-05,-0.00017689262,-6.4785127e-06
TMPRSS9,-0.00021735765,-0.00037092902,-0.00031576306,0.00018462073,-0.0010820627,-0.0001485045,0.000109791756,2.5443267e-05
COMP,-0.00016935542,-0.0003667809,-0.00023919716,0.0001029158,-0.00096695125,-9.7905286e-05,0.00011444185,2.0491076e-05
SFI1,0.00039395504,0.00057018735,0.000782704,-0.00029747467,0.003857091,0.00014729425,-0.00042013358,-3.5663834e-05
POMT1,-2.1792948e-06,-0.00025191717,-8.236803e-05,2.7894042e-05,0.00031913817,-8.0293044e-05,1.2028962e-05,1.3741897e-05
DIAPH1,3.7711114e-05,-9.6961856e-05,6.1709434e-05,-4.6555884e-05,0.00014973432,2.852548e-05,-7.733703e-06,2.1503074e-06
ABCC11,-9.611435e-05,-0.0004901886,-0.00032520294,3.7062913e-05,-0.000651218,4.0973537e-05,0.00022932608,2.218713e-05
TIAM1,9.0286136e-05,-0.00036015734,-5.6110322e-05,-0.00015222095,0.0023657084,0.00010834355,0.00010957103,9.538373e-06
TULP4,-0.0004598871,-0.0011510551,-0.0009650737,0.00018902309,-0.0024458542,3.5296194e-05,0.00064343866,5.601102e-05
PIK3CD,0.00045355968,0.00048225746,0.0006809067,-0.00027769618,0.0016648695,0.00023129303,-0.0003231382,-3.128394e-05
MEGF10,-2.0613894e-05,-0.0007611811,-0.00042469986,-7.41994e-05,0.0015182495,4.456099e-05,0.00033076573,2.7633738e-05
CSPG4,-0.0008467883,-0.0012806859,-0.0012722947,0.000377669,-0.0067190006,-0.00010783132,0.00079085585,7.246458e-05
FIP1L1,-2.3126602e-05,-1.1362135e-05,0.00022613257,-3.863126e-05,0.0013036057,-0.0001835972,-0.00017543789,-8.2945917e-07
DDX46,-0.00013555959,-0.0005624909,-0.0003453605,1.951214e-05,0.00030294806,1.0728836e-06,0.00023906212,2.509926e-05
NKTR,-0.00076598674,-0.0015898142,-0.0014034957,0.000402553,-0.002639167,-0.00026011234,0.00079679117,8.331053e-05
FLG,-1.3796613e-05,-0.0001731012,-0.00015266053,0.000105995685,0.00015998632,3.1553209e-06,4.4364482e-05,1.3255398e-05
EPHB4,0.00031804852,6.476417e-06,0.00019486807,-0.00017105322,0.00057885796,0.00024713017,-2.3134053e-05,-7.899478e-06
AARS2,0.00030977465,0.00039870478,0.0005663093,-0.00017622579,0.0019249618,0.0001073312,-0.00031155813,-2.3880159e-05
RAPGEF6,8.258782e-05,-3.4576282e-05,6.692298e-05,1.3517216e-05,0.00086688995,-1.8976629e-05,-8.121133e-05,5.1150564e-06
PDS5B,-0.00073697977,-0.0014684238,-0.0013247989,0.0004203096,-0.0040819347,-0.00027913786,0.0007267371,8.13175e-05
LMO7,-0.00032594427,-0.0004039146,-0.00044021755,0.00033126026,-0.0013163239,-0.00038866885,7.871259e-05,3.547012e-05
CNGB1,0.0006083045,0.00069538876,0.0007170513,-0.00018860772,0.0016421154,0.00021982379,-0.00043573324,-3.3396063e-05
SLIT2,-7.843785e-05,-0.00015161559,0.00012756139,-0.00015541632,0.0012593418,-4.6318397e-05,-7.700175e-06,-1.6391277e-07
ANKHD1,-0.00020164438,-0.00017958134,-6.937981e-05,0.00013134163,0.00022163242,-0.00031628134,-7.843878e-05,1.5130965e-05
TP63,-0.00020247139,-0.00046062283,-0.00034249574,0.00012461282,-0.00081443787,-9.9722296e-05,0.00017150212,2.585561e-05
HEATR5B,0.00019884482,0.0002192501,0.00023583323,1.2587756e-05,0.0012106374,6.802101e-05,-0.00018774439,-7.665716e-06
GAA,-8.782558e-05,-2.3823231e-06,1.5269965e-05,0.00012192875,0.00033128262,-0.00018832088,-0.00012366008,8.921721e-06
ADAMTS10,4.4414774e-05,-1.6948208e-05,-6.316416e-05,0.00013756845,0.0005451068,-6.7773275e-05,-7.4159354e-05,1.1214754e-05
TOPBP1,3.5477802e-05,-5.4001808e-05,0.00013230927,-9.2946924e-05,0.0010565296,-7.463619e-06,-6.136391e-05,1.4228281e-06
JAK2,0.00035069697,0.00042087212,0.0005827155,-0.00018643774,0.0021718815,0.000120811164,-0.0003358377,-2.3637782e-05
INO80,0.00031782687,0.000270674,0.00048735365,-0.00025506224,0.0024579614,0.00017044414,-0.00020645093,-2.1683984e-05
GPR158,1.933612e-05,0.00038199872,0.0004789885,1.5734695e-05,0.0021280423,-0.00023393799,-0.0004150709,-1.3345038e-05
SMC4,-0.00023769028,-0.0004532393,-0.0002741646,5.896017e-05,-3.799796e-07,-9.149313e-05,0.00016065035,2.2221706e-05
ADCY2,-9.409897e-05,-0.0007205233,-0.00047025457,-1.4792196e-05,0.00022990257,-1.9631349e-05,0.0003373474,3.1218515e-05
NVL,0.00036727078,-0.00034714118,2.0610169e-05,-0.00033493992,0.0012069866,0.00039329194,0.00020888448,-1.3050158e-07
ECE2,0.00023589656,5.443953e-05,0.00017244555,-0.00015506707,0.0004937649,0.00024194922,-7.789582e-06,-7.924158e-06
POLE,-0.00013474934,-0.0005532373,-0.0003996715,3.0095689e-05,-0.00048867613,-6.3322484e-05,0.00025372207,2.8226059e-05
PIEZO2,0.00025544874,4.7992915e-05,0.00015516393,-0.0001193909,0.0005782172,0.00023831334,-2.5558285e-05,-5.7569705e-06
SUPT16H,-0.00025905482,-0.00047438964,-0.00031916797,0.00014417991,-0.0007048696,-0.00018191477,0.0001342129,2.685422e-05
MMEL1,-9.123236e-05,-6.111525e-05,0.00012594275,1.2929551e-05,0.0012076125,-0.00020974968,-0.00013488065,3.668014e-06
CDK12,-7.590465e-05,-0.00025229342,4.230626e-05,-1.9969419e-05,0.0007105693,-0.00013749208,-5.0294213e-05,1.0094722e-05
SCN10A,-0.00021708943,-0.00048895366,-0.00036055222,0.00012257323,-0.0011222437,-8.885935e-05,0.00019481964,2.6362599e-05
OTOGL,-0.00015923753,-0.00023830123,-0.00019772351,0.00013231859,-0.00082473457,-7.81985e-05,6.922241e-05,1.662434e-05
SEC23B,0.000108044595,-0.00010056421,-2.5531277e-05,-2.6077032e-08,-2.9236078e-05,9.200256e-05,9.904616e-06,7.806346e-06
ECEL1,9.8729506e-05,2.03643e-05,0.0001917798,-0.00011397153,0.0039503574,2.942048e-06,-0.0001267707,-1.5718397e-06
TACC2,-0.00023601577,-0.00066094846,-0.00037456118,5.5233017e-05,-6.130338e-05,-9.344239e-05,0.0002458254,2.7802424e-05
CCDC88C,3.4496188e-05,-3.6016107e-05,0.00012868084,-9.045936e-06,2.1584332e-05,-2.1825545e-05,-7.3546544e-05,-1.2645032e-06
PLEKHA7,0.0003912188,0.00026555546,0.0003740564,-0.00019325782,5.301088e-05,0.00030178018,-0.00013109948,-1.8086284e-05
HCN4,0.00029551052,0.00040010735,0.0005223192,-0.0001905011,0.00017127395,0.00014193356,-0.00025709998,-2.2469554e-05
TPCN1,0.0002468992,9.23723e-05,0.00023729913,-0.00017054006,0.000936538,0.00021181628,-5.041994e-05,-1.12747075e-05
PARD3,0.0003084503,0.00023900159,0.0004336089,-0.00019249693,0.002513729,0.00016957056,-0.00021577533,-1.7347164e-05
SPEF2,0.000429105,0.00034120306,0.0006855037,-0.0004133759,0.0021478832,0.000285903,-0.00023162458,-3.377651e-05
FREM1,6.167218e-05,0.00029650703,0.00026770495,2.3860484e-05,-0.000403665,1.281593e-05,-0.00022191275,-6.3139014e-06
FLG2,-0.00031616725,-0.00045180693,-0.00035451353,0.00025951024,-0.0011770129,-0.0003450443,8.528028e-05,2.9589282e-05
PLXNA4,-0.0008143671,-0.0015603546,-0.0013839714,0.0004151594,-0.0045413747,-0.00028320495,0.000806978,8.128164e-05
ARHGEF40,-0.00034124777,-0.00048226863,-0.0002614092,7.088669e-05,-0.0017938688,-0.00021104096,0.0001750039,2.058805e-05
RC3H2,0.00019229949,0.00048408657,0.00050655194,-7.0928596e-05,0.001611948,0.0001353398,-0.00032324623,-2.207898e-05
NRAP,-6.830506e-05,-0.00031897984,-0.00022742897,6.944034e-05,-0.0010247529,2.0895153e-05,0.00013792422,1.7290236e-05
NID2,0.0004869625,0.00040567107,0.00056075864,-0.0003241701,-0.00024098158,0.00043364614,-0.00016102474,-3.053143e-05
KCNH1,9.973161e-05,-1.889281e-05,0.00026279502,-0.00020812266,0.0021590889,0.0001143571,-8.261483e-05,-5.8439327e-06
PFAS,5.6719407e-05,0.00024064444,0.00015925057,6.901752e-05,0.001050137,7.852912e-06,-0.0001820894,-2.3655593e-06
CACNA2D2,0.00023543276,7.1844086e-05,0.00020253472,-0.00017360877,-0.0008521825,0.00035058334,6.906688e-06,-9.09192e-06
HRNR,1.915358e-05,7.4708834e-05,0.00019826181,1.6588718e-05,-5.1997602e-05,-3.386475e-05,-0.00014560018,-3.934256e-06
FAM186A,0.00013336539,-1.9785017e-05,0.00020881556,-0.00012154784,0.0013693795,8.566119e-05,-7.364154e-05,-5.566748e-06
FBLN2,-0.0008503422,-0.001261754,-0.0013536867,0.0006001303,-0.0046349615,-0.0003798143,0.0006340146,8.162588e-05
KDM2B,-0.00013861805,-0.0006258171,-0.0005310774,0.00014423393,-0.001125671,4.796777e-05,0.0003199298,3.284926e-05
DOCK10,-1.3586134e-05,6.142445e-05,0.00014352053,-4.4345856e-05,0.0007100478,-2.1999702e-05,-9.275321e-05,-8.5355714e-07
ATM,8.7546185e-05,-0.00017228723,3.7431717e-05,-7.96495e-05,0.0024096891,8.754432e-06,-1.6361475e-05,5.3304248e-06
SULF1,0.00014765374,-0.00013734959,0.00017912313,-0.00020909496,0.004466817,-3.1347387e-05,-7.620826e-05,-2.5383197e-06
AMBRA1,7.5990334e-05,-0.0001378078,5.4048374e-05,-9.456556e-05,-0.00066354126,0.00010695681,3.251061e-05,2.941233e-06
FGFR4,0.00019955263,0.00014911778,0.00040474907,-0.00019378681,0.0023949742,5.5924058e-05,-0.00019314978,-1.5294529e-05
TTLL5,0.0005940143,0.00036730058,0.0006483011,-0.0003749393,0.0029411614,0.00031962525,-0.0002586646,-3.0651456e-05
NSD3,-0.00013327412,-0.00036661327,-0.00023789331,6.7519955e-05,-0.0006477386,1.5475787e-05,0.00015056506,1.9111205e-05
MYH6,-3.0707568e-05,-0.00017430261,-8.814223e-05,8.005276e-05,-0.001054436,-2.3347326e-05,2.4024397e-05,1.1338852e-05
PYGB,-0.00016746856,-3.1389296e-05,-0.00010672584,0.00017293822,-0.0013893545,-3.3212826e-05,-1.15241855e-05,1.2366683e-05
ADCY6,4.820712e-05,-0.00031291135,-7.0266426e-05,-0.0001321081,0.0015772954,9.868108e-05,0.00011245441,1.0563177e-05
TTC3,-0.0004472863,-0.0010113511,-0.0008573923,0.0002494445,-0.0019793287,-9.8657794e-05,0.0005008234,5.2733463e-05
AEBP1,0.00015441701,-0.00028127804,-9.267777e-05,-0.00016942807,-0.0010613427,0.00037639868,0.00023712777,3.7137652e-06
CAPN3,0.00015407987,0.00018078275,0.0001472868,4.0927902e-05,-0.0004273802,7.730443e-05,-0.00012302864,-3.957888e-06
PIK3CB,0.00030646473,0.00020890124,0.00035306066,-0.00018219184,0.0012836978,0.00014475733,-0.00016536843,-1.3528974e-05
NWD2,0.00046643615,0.00035589188,0.0004340969,-0.00021465216,0.0013441965,0.00038360618,-0.00016248692,-2.3047207e-05
FRMD4B,-0.000343699,-0.0003344994,-0.00028059818,0.00018620677,-0.0033220872,-0.00016386947,0.00013432931,2.159283e-05
UTP20,0.0001479499,0.00015413016,0.00038153864,-0.0001607649,0.002144523,-8.90065e-06,-0.00022081379,-1.1057942e-05
MAPKBP1,0.00016333535,0.00027692318,0.00022324547,0.00010104757,0.0011275932,-1.6788952e-05,-0.00023723487,-6.497139e-06
XPO7,0.0006162822,0.0003061127,0.00049019046,-0.00036571454,0.0013494566,0.0005516764,-0.00010226946,-2.6336289e-05
COL1A2,-0.0001826603,-0.0004821755,-0.00035063736,4.661549e-05,-0.0035569742,0.00018015876,0.0003097942,2.3983419e-05
PTPRF,-9.123422e-05,-0.00037704594,-0.000246156,6.988831e-05,-0.0002612099,-3.291946e-05,0.0001278352,2.0501204e-05
GRM3,-0.00032126904,-0.00042872317,-0.0005291477,0.0003691651,-0.0018889382,-0.0002842811,0.00012497138,3.9300183e-05
SMC1B,-8.1561506e-05,-0.0003512334,-0.00013161637,-3.4403987e-05,0.0004143268,-2.9901043e-05,0.000110284425,1.3721292e-05
VARS2,-0.00015686266,-0.0003788639,-0.00030852482,0.00013729185,-0.0005737841,-0.00015200395,0.0001186477,2.4012756e-05
ZGRF1,0.00020281225,3.0478463e-05,0.0004365407,-0.00030045863,0.0038269311,1.2722798e-05,-0.00018910412,-1.2531411e-05
TSPOAP1,-0.0005121771,-0.001054788,-0.0008481797,0.00016159192,-0.001116544,-0.00016055442,0.0005088756,5.4264325e-05
ABCA8,-0.00013941526,-0.0005146675,-0.00018667243,-6.4174645e-05,-5.169213e-05,-0.0001336257,0.0001796484,1.5267171e-05
SOS2,-2.8798357e-05,-0.00014283322,-0.00021580048,0.00016059726,-0.0006480217,-3.3048913e-05,5.0600618e-05,1.6818056e-05
RAPGEF2,-7.687695e-05,-0.000328267,-0.000213027,4.6767294e-05,-0.00043640286,7.571839e-05,0.0001440309,1.6739126e-05
CPT1A,-0.00018753484,-0.00033075362,-0.00023549981,0.00011030026,-0.00040005893,-7.956289e-05,0.00011356175,1.8009567e-05
TIAM2,0.0003697537,0.0005395077,0.00060837157,-0.00012514275,0.0005315095,0.00012849458,-0.00036928337,-2.7352711e-05
CDC42BPG,-0.00019950978,-0.00046360865,-0.00034911372,0.00012766663,-0.0020157918,-6.4154156e-05,0.00019929651,2.4806825e-05
CCDC88A,-0.0007117465,-0.0015709922,-0.0014002398,0.00040075276,-0.0030173287,-0.00018664869,0.00081056077,8.231413e-05
RSF1,-0.0006092116,-0.001336012,-0.0011501834,0.00038091186,-0.0026268214,-0.00026005367,0.0006226003,7.071765e-05
GRID2,0.00011596456,-6.9499016e-05,6.468594e-05,-0.00013474561,-0.0015742034,0.00022981409,8.190423e-05,-2.5121262e-06
USP7,-0.00014797226,-0.0006339047,-0.00048444793,0.00013813563,-0.0005482435,-8.961093e-05,0.00025247503,3.4786877e-05
IGSF9B,3.465824e-05,3.7755817e-05,0.000115009025,-8.866191e-06,-0.00048215687,6.236229e-05,-6.2343664e-05,-7.3504634e-07
IARS,-0.00021708943,-0.00048895366,-0.00036055222,0.00012257323,-0.0011222437,-8.885935e-05,0.00019481964,2.6362599e-05
MET,0.00026113167,9.298697e-05,0.00024515577,-0.0001412658,0.00056889653,0.00015944429,-9.2496164e-05,-8.333474e-06
TRANK1,0.00018649548,-1.5622005e-05,3.5502017e-05,-3.5312027e-05,-0.0006993264,0.00022382382,3.3712946e-05,-4.0011946e-07
PLEKHH1,0.0002606865,0.00026339665,0.0003698971,-0.0001186803,0.0036476925,9.672996e-05,-0.00023827236,-1.4242367e-05
JAK3,0.0002527088,0.000104390085,0.00028278865,-0.00017602183,0.0008794069,0.00022082217,-8.468144e-05,-1.1129887e-05
CFAP46,0.00021909177,-9.628013e-05,0.0001098644,-0.00014112797,0.0009079352,9.707175e-05,-8.833595e-06,-4.891772e-07
ADAMTS14,-0.00043587387,-0.000738753,-0.00063097477,0.00023708493,-0.0017140284,-0.00027028145,0.00030036177,4.3539796e-05
LRP8,-0.00058215484,-0.0010755695,-0.0010366924,0.00033032242,-0.0020704046,-8.1180595e-05,0.00058091525,6.0801627e-05
LAMB2,-0.00049551204,-0.00095318444,-0.0008197371,0.0002872916,-0.002395548,-0.0002391208,0.0004375102,5.0772913e-05
ADGRL1,-0.00021491759,-0.0007013492,-0.00055535696,0.00010999944,-0.0015813634,3.5558827e-05,0.00036017876,3.5799225e-05
ATR,8.087605e-05,-9.2552975e-05,-5.598925e-05,6.75926e-05,-0.00011809915,1.3790093e-05,-4.0140003e-06,8.266536e-06
CPLANE1,-0.00015474111,-0.0006592795,-0.0003625676,-5.33266e-05,-0.0006515011,7.969327e-06,0.00030510034,2.5945134e-05
ROBO3,0.00028282218,0.00033181533,0.000438679,-0.00016860478,0.0012246072,0.0002228925,-0.00021301303,-1.8657767e-05
SYNM,5.303882e-05,-0.0002742987,-0.000106636435,-0.00011883117,-0.00070703775,0.00023557711,0.00019485224,6.648479e-06
AK9,0.00018953905,-6.555952e-05,0.00018336996,-0.00023053959,3.46452e-06,0.00023669377,4.288368e-05,-7.94325e-06
KIF23,6.3955784e-05,-0.00025466457,-7.096864e-05,-0.00014063995,0.0007247329,0.00022181123,0.00014966354,6.792834e-06
PTPN21,0.00041910447,0.0002443362,0.00042168237,-0.00022241287,0.0015009344,0.00023196451,-0.00018212106,-1.7879996e-05
DENND4C,0.0001237262,-0.00017714314,2.2873282e-05,-0.00013689045,0.0009060204,0.00014696363,6.0803257e-05,3.6970014e-06
ATG2A,6.298162e-05,0.00024789385,0.00030938722,4.422851e-06,0.0017378032,-0.00015788665,-0.00026936922,-8.044764e-06
ADAMTS12,-0.0004066117,-0.0008868035,-0.0005779099,7.561594e-05,-0.001022324,-0.00013572583,0.0003913846,3.7719146e-05
RASGRF2,0.00039063022,0.0004141517,0.0003986936,-0.000101932324,5.6177378e-06,0.00024474412,-0.0002209479,-1.8385123e-05
MYO1H,-0.0001642555,-0.000413429,-0.00037275068,0.00015931763,-0.0015869439,-9.127706e-05,0.00017069001,2.6832218e-05
MYO1G,-0.00010578707,-0.000445934,-0.00028653815,5.7880767e-05,-0.00038145483,-3.123097e-05,0.00016904902,2.246839e-05
TOP2A,-0.00029237382,-0.00096764416,-0.00068697147,3.785547e-05,-0.00040629506,-2.6598573e-05,0.00047758408,4.263979e-05
FASN,-0.00023290329,-0.00057834946,-0.0005231034,0.00020357314,-0.0014701784,-9.4813295e-05,0.00024838466,3.601075e-05
EXTL3,1.3327226e-05,-0.00021226704,-0.00012137927,4.085712e-05,0.00018951297,-8.2701445e-06,5.589612e-05,1.2204866e-05
SUPT6H,0.00035745837,0.00026657805,0.00036809035,-0.00013309903,0.0021184087,0.00011716131,-0.00022113975,-1.3741781e-05
HEPH,-4.2734668e-05,0.00030896254,0.00043907948,-3.5684556e-05,0.0013280734,-0.00023535686,-0.0003450485,-1.2038858e-05
LPA,2.521649e-05,7.1596354e-05,0.0001161322,4.818756e-05,-0.0011426806,2.4675392e-05,-8.719601e-05,-1.2720702e-06
MYO9A,-2.9442832e-05,-0.00023470446,8.594245e-06,6.7631714e-05,0.0017807409,-0.0002505849,-0.00010382291,1.2640259e-05
CFTR,-6.5259635e-05,1.1248514e-05,0.00011906028,3.725011e-05,0.000965856,-0.00014385208,-0.00013909582,3.1921081e-06
SLC12A1,-4.7141686e-05,-0.00015653856,3.4509227e-05,-2.5070272e-05,0.00059472024,-3.841892e-05,-1.6338192e-05,5.990616e-06
ABI3BP,7.630885e-05,-0.00017163903,1.0814518e-05,-5.654618e-05,0.0009840056,2.7453527e-05,7.99261e-06,6.582588e-06
EIF4G3,-0.0006460659,-0.0012784284,-0.0011691954,0.00039657112,-0.003524065,-0.00028015766,0.00062087923,7.253734e-05
MTCL1,0.00053812936,0.000119747594,0.0004322268,-0.00044798944,0.001626581,0.00059030205,3.695488e-06,-2.4180743e-05
MKI67,-0.00028306805,-0.000585936,-0.0004169233,0.00013231114,-0.00038989633,-0.00021639979,0.00019981433,3.184995e-05
SEC16A,-0.00026200525,-0.0004236251,-0.0002809912,9.322353e-05,-0.0013415739,-7.4737705e-05,0.00016807392,2.1875137e-05
ROCK2,-0.00041269884,-0.0009608418,-0.00083930604,0.00025355723,-0.0014245063,-0.00010845857,0.0004599318,5.3006923e-05
NUP98,0.00033311546,0.00013205409,0.00027516298,-0.00024477392,5.5797398e-05,0.00039886683,-4.0205196e-06,-1.5551806e-05
PEAK1,-0.00011903234,2.8833747e-05,-1.8635765e-05,0.00019356515,-0.0002323091,-0.00016924413,-0.00011872593,9.65083e-06
SULF2,-0.00038506277,-0.0005150903,-0.00037907436,8.4806234e-05,-0.0010047406,-9.16766e-05,0.00025565643,2.4380744e-05
DHX8,0.00027854182,0.00013509579,0.00036414154,-0.00018698443,0.00011238456,0.00013421103,-0.00014305022,-1.3328157e-05
SCUBE3,9.663217e-05,1.9744039e-06,1.6318634e-05,-2.9395334e-05,0.00061472505,0.000121488236,-6.0796738e-06,3.3769757e-06
GRM8,0.00018440187,-0.00011020154,6.84727e-05,-0.00018193945,-0.0016566738,0.00033761933,0.00012882426,-2.3712637e-06
DLC1,-0.00044129603,-0.0003884416,-0.00045558996,0.00040542334,-0.0011377111,-0.0004814486,3.2613054e-05,3.777549e-05
ADAMTS17,-0.00015789643,-0.00027243048,-0.000103671104,1.9534491e-05,-0.00035918504,-0.000110809226,6.689783e-05,1.1985772e-05
TNS3,-0.00018695556,3.0869618e-05,5.4338947e-05,0.00016335119,-0.0020607263,-0.00024642982,-0.000121156685,4.633446e-06
MXRA5,-5.0090253e-05,-0.00017515756,-3.559701e-05,4.681945e-05,-0.002054751,-2.6904047e-05,2.2673048e-05,9.3451235e-06
SF3B3,-8.2207844e-05,-0.00017645396,-0.0001225099,0.00011222437,0.0002033934,-6.280653e-05,7.880852e-06,1.4452846e-05
UNC13C,0.00023470633,0.00016521104,0.00029991195,-0.00010327529,0.0006011054,7.8673474e-05,-0.00016353372,-1.0465155e-05
PCM1,-0.00047563948,-0.000939304,-0.000780873,0.00022952631,-0.0018158555,-0.00017077476,0.00043001212,5.1552313e-05
ESYT1,0.0003109295,0.00012306497,0.00024389662,-0.00020375568,0.0022655725,0.00028601754,-6.0238875e-05,-1.13613205e-05
CRB2,9.713508e-05,0.00024361908,0.00046397373,-0.0001817802,0.0017993227,9.225681e-06,-0.0002447134,-1.8283143e-05
SLC4A7,-1.1451542e-05,-0.0005694628,-0.0003085304,-6.78245e-05,0.0009112656,0.0001474293,0.00026814826,2.1828571e-05
NUMA1,-0.00011517294,-0.000359362,-0.0002532974,6.236136e-05,-0.001499474,3.496837e-05,0.00016504712,1.948129e-05
PDCD11,2.1494925e-06,-0.0001417324,-5.206652e-05,6.288942e-05,0.00021125376,-2.8271228e-05,-9.552576e-06,9.6758595e-06
CC2D2A,-0.00026263297,-0.0004698448,-0.00021607243,5.9034675e-05,1.013279e-06,-0.00030153478,8.714106e-05,2.2364082e-05
CIT,0.00024202839,0.0004851278,0.00060177594,-0.00021110196,0.0014782026,0.00017725956,-0.0003028689,-2.7505565e-05
KIF16B,0.00026419573,7.5630844e-05,0.00022525713,-9.566918e-05,0.0019119009,7.0300885e-05,-0.0001325151,-5.7236757e-06
PREX1,-0.0003125202,-0.00072365254,-0.0005298443,0.00013318751,-0.0013217777,-0.0001827064,0.0003035618,3.5864883e-05
ZC3H13,-0.00043303333,-0.0009101536,-0.00077736937,0.0002708556,-0.002116233,-0.00019460497,0.0004147077,5.002867e-05
MYO1C,0.0004528314,0.00025402196,0.0004696548,-0.0003416557,9.536743e-05,0.00052740704,-7.714797e-05,-2.397946e-05
ADCY8,0.00019587576,-0.00023083016,4.3759122e-05,-0.00018705986,0.0020884946,0.00013765041,4.9513765e-05,4.7058566e-06
NUP155,0.000707373,0.0005591996,0.0008687563,-0.0006045429,0.0034824535,0.0005445201,-0.00027213525,-4.5057386e-05
EPB41L3,-0.00013877638,-0.00025371276,-0.00017860718,0.000106876716,-0.002044022,-0.000111618545,7.1110204e-05,1.7574639e-05
ZNF469,0.00020727701,0.0002896078,0.00032075867,-1.54702e-05,0.0005237311,4.28278e-05,-0.00023496803,-1.0781689e-05
FN1,-0.0006555654,-0.0007479489,-0.0007235762,0.0004372513,-0.0032231137,-0.00051356154,0.00023951195,5.3139287e-05
MAP1A,-8.9159235e-05,-0.0004063174,-0.0002611801,5.391892e-05,-0.00063138455,-1.957547e-05,0.00016170088,2.0540901e-05
DNMT1,-0.00011797622,-0.00039787032,-0.00024964288,4.473701e-05,0.00036367774,-4.517939e-05,0.00013751537,2.1193759e-05
CUL9,0.00020083226,7.163547e-05,7.5574964e-05,-1.9334257e-06,0.00029307604,0.00015833322,-4.9626455e-05,-2.8254e-07
GLG1,-0.000525685,-0.0010442883,-0.0009333808,0.00032694172,-0.002919659,-0.00021277601,0.0005041491,5.788845e-05
NEDD4,0.00027958304,8.808635e-05,0.0002918113,-0.00013392139,0.00016074628,0.00011234637,-0.00012431946,-1.0576099e-05
LY75,-0.00019001588,-0.0003712941,-0.00029629655,0.00014181808,-0.0012351498,-8.1025995e-05,0.00014253333,2.2429973e-05
NOTCH3,-0.00087448396,-0.0008634813,-0.0008727014,0.00046237092,-0.00094815344,-0.0006120722,0.0002859924,6.2396284e-05
NUP214,0.00042460114,-0.00019951351,7.156469e-05,-0.00032569002,0.0012512729,0.000492936,0.0001727296,-4.6477653e-06
ATP2A3,5.1140785e-05,1.9593164e-05,0.00015330687,-2.4020672e-05,0.0013631061,-8.804444e-05,-0.00013156328,4.315516e-07
CLCN2,0.0004407931,0.00059618056,0.0005404353,-0.00013567042,0.000767909,0.0002588397,-0.00031324197,-2.5365502e-05
TNR,-8.688122e-05,-6.139092e-05,0.00015268289,-3.9675273e-05,0.001836136,-0.00012117857,-0.00011172425,1.0493677e-06
SBF2,-0.00012769923,-0.0006559584,-0.0004270859,1.4455989e-05,-0.0011556819,6.573554e-05,0.00031927787,2.8843293e-05
PC,-0.00013188832,-0.0004818309,-0.00036161952,9.159837e-05,-0.0018001795,-3.400538e-05,0.00022232253,2.5195885e-05
NEURL4,-2.4750829e-05,9.319745e-05,0.00017612614,6.669015e-05,0.0022333637,-0.00023691729,-0.00022706669,1.6671838e-06
HKDC1,-0.00010474585,-0.00031015463,-0.000188265,2.2776425e-05,-0.0009481311,3.884267e-05,0.00014537759,1.48908e-05
MYO1F,-0.00010833703,-0.0004634168,-0.0003360007,9.378698e-05,-0.0010575652,-5.372241e-05,0.00019693002,2.415618e-05
DOCK11,0.00018737465,4.6677887e-06,0.0001259353,-9.481143e-05,-0.0010703951,0.000204565,1.6680919e-05,-5.0803646e-06
WDR11,8.136034e-05,0.00014603324,0.0002841279,-4.2591244e-05,-0.00030901283,-2.0116568e-05,-0.00016397517,-8.934294e-06
ATP13A2,1.9725412e-06,-0.00051011704,-0.0004486777,-6.4540654e-07,-0.00263308,0.00029250793,0.00038882066,2.329459e-05
KCNH6,0.0003436599,0.00044017658,0.0005830154,-0.00022242311,0.0022788197,0.00021090638,-0.00028778892,-2.7638744e-05
TERT,-7.969141e-05,-0.00036126003,-0.00020925328,4.6776608e-05,-0.0015519783,1.3106503e-05,0.00014707912,1.7052866e-05
CFAP44,-0.00045061484,-0.000649808,-0.00042172894,0.0002467567,-0.0013443604,-0.00051760813,0.00013365038,3.4356373e-05
MYO5B,-0.0004768297,-0.0007709246,-0.0006303713,0.00032626558,-0.0025163367,-0.00045141764,0.00023899786,4.6303263e-05
ZFHX4,-0.0006828755,-0.0016852915,-0.0015650932,0.00036566518,-0.0046631694,-5.0062314e-05,0.0009788321,8.709193e-05
CADPS2,0.00018385611,3.4816563e-05,0.00031743944,-0.00026879646,-0.0013262928,0.00030717347,9.008683e-06,-1.5537138e-05
ARFGEF3,0.00019533746,-7.122569e-05,-8.081831e-05,2.4000183e-06,-0.00028331578,0.0002079308,7.226411e-05,6.560236e-06
DHX38,8.239038e-05,0.000103008,0.00020232983,-1.3916753e-05,0.0008014813,-7.000007e-05,-0.00017060246,-2.3478642e-06
CLCN6,-0.0003400594,-0.0004290864,-0.0002110228,0.000117974356,0.000107862055,-0.00041711982,2.0671636e-05,2.654118e-05
TNS1,0.00012554415,-4.18555e-05,0.00012163259,-0.00010848511,0.0014086068,0.00013912469,-1.750607e-05,-2.473127e-06
PTPRQ,-0.00023781322,-0.0005001314,-0.00039741583,0.00014598761,-0.0011884421,-9.3630515e-05,0.00020782277,2.8011971e-05
MAGI1,-0.00041736104,-0.00072489865,-0.0006040633,0.00028522592,-0.00038324296,-0.00034043426,0.00021793414,4.5541907e-05
TECPR1,-0.00023835897,-0.0007674042,-0.0006236732,0.00017040223,-8.998066e-05,-0.00013757637,0.00031790696,4.187401e-05
MAN2A2,-0.00015838444,-0.00033937953,-0.00023012608,9.8700635e-05,-9.872019e-05,-9.001605e-05,0.00010973215,1.9056257e-05
NOS3,-0.0001807157,-0.0002978202,-0.00016112626,0.000103764236,0.000125736,-0.0001202994,4.5787543e-05,1.669291e-05
CROCC,-0.000244895,-0.0006697457,-0.00028355047,-7.773191e-05,0.001678057,-0.0001122104,0.00023386907,2.3647211e-05
EHMT2,-0.00039849803,-0.00067593344,-0.0005844105,0.00025037955,-0.0009585023,-0.00031860545,0.00024343841,4.1059684e-05
PLXNB3,-0.00039690174,-0.0003427472,-0.0003892742,0.00033111684,-0.0028675795,-0.00038193818,6.366987e-05,3.126671e-05
MAN2B1,0.00023916736,1.742132e-05,0.0001553651,-8.4927306e-05,0.001144737,9.812415e-05,-8.6898915e-05,-1.4853431e-06
MTMR4,-6.176531e-05,-0.0002725143,-0.0001397524,6.0532242e-05,-0.00046741217,-6.367918e-05,6.226171e-05,1.5828758e-05
PLXNB2,8.168258e-05,-0.00021687895,-7.663667e-05,-5.7814643e-05,-9.766966e-05,0.0001565041,0.00010667648,7.97899e-06
TUT4,-0.0005795881,-0.000770811,-0.0008083135,0.00042481627,-0.0022027865,-0.00029625557,0.0003412068,5.234382e-05
DNAH17,0.0002615694,0.00018538535,0.0003585033,-0.0001324201,0.0016190261,8.402765e-05,-0.00019656587,-1.2657605e-05
MYO1A,0.00019856729,-1.1434779e-05,0.00020169839,-0.00015432853,0.0011931881,0.00017039478,-4.2709522e-05,-6.5426575e-06
ARFGEF2,0.00033677556,0.0003843382,0.00028531998,2.1774322e-06,-0.0006154999,0.00020665023,-0.00019576307,-1.2438395e-05
ROBO2,-0.001322804,-0.0023208857,-0.002139179,0.000713177,-0.006241657,-0.0005583046,0.0011786418,0.00012533984
NPR2,0.0002940148,0.0003592074,0.0005765185,-0.00018700305,0.0016283542,8.8496134e-05,-0.00031399447,-2.4009496e-05
INSR,-0.0001020059,-0.00023484416,-0.00022643991,0.00016636215,-0.0011657402,-1.816824e-05,7.053558e-05,1.8855673e-05
KIF7,0.0005164165,0.0003795419,0.00066864863,-0.00041128602,0.002647221,0.00036563072,-0.00023951661,-3.2489304e-05
WDR81,0.00017075427,0.00013852678,0.0002547186,-4.9239025e-05,0.0012921169,-1.1967495e-05,-0.00018381607,-5.8200676e-06
ATP9B,-3.0091032e-05,-7.424876e-05,0.00010040775,2.6725233e-05,0.0008417517,-0.0002083159,-0.0001293784,5.144975e-06
PCNX3,3.409013e-05,-0.00016307831,1.32881105e-05,-0.00010332838,-0.00044763833,8.689985e-05,6.332062e-05,4.737638e-06
PLXND1,-3.568083e-05,-0.00018904358,-0.00013694726,0.00015491433,-0.0014204159,-4.953239e-05,2.746936e-05,1.3565761e-05
PCNX1,-0.0002266001,-0.0002560988,-0.0002006013,0.00019166712,0.0008136034,-0.00023496337,-4.5625493e-06,2.0444626e-05
PTCH2,-0.00037038885,-0.00050480105,-0.0002864562,0.00019563362,-0.00096450746,-0.00034939963,6.974861e-05,2.9188232e-05
ARHGEF11,3.4224242e-05,-0.0003067255,2.923049e-05,-7.6991506e-05,0.0021759197,-0.00019468553,-3.8614497e-05,1.01728365e-05
PHKB,0.00013745762,-0.00032638386,-3.2711774e-05,-0.00020995736,0.00017939508,0.00017169211,0.00015556626,6.5272907e-06
CNTNAP5,7.250905e-05,0.00029614754,0.0002049189,0.00014089979,0.0010372028,-4.974939e-05,-0.00026643928,-1.86346e-06
PAPPA,0.000101087615,-0.0006082356,-0.00023808703,-0.00014937669,0.0004339218,0.00022108201,0.00027794205,1.8730876e-05
INPPL1,-0.0001953654,-0.00031012855,-0.00017294101,5.3930096e-05,0.0007646829,-0.000100516714,5.9195794e-05,1.934648e-05
SHANK1,-0.00015780143,-0.00023186766,-0.00015767105,0.0001347838,0.00016850978,-0.00021786476,-1.6577542e-06,1.7456128e-05
ABCA9,0.00023793243,0.00042713434,0.0004953053,-5.6738034e-05,0.0010727793,4.803762e-06,-0.00034698565,-1.851481e-05
COPA,-0.0004566759,-0.000804238,-0.00064073317,0.00022619311,-0.0010047778,-0.000275122,0.0003120089,4.4979504e-05
AHNAK2,0.00057942234,0.00030394085,0.00048976764,-0.00033839792,0.0034364015,0.00046104006,-0.00014636014,-2.6313937e-05
DNAJC13,-6.1281025e-05,-0.00024419092,-0.00015575811,2.1994114e-05,-5.2958727e-05,1.2022443e-05,0.000104811974,1.2627803e-05
MYO18A,0.0006043762,0.00063918903,0.0006798804,-0.0001701396,0.0012250543,0.00027635228,-0.000389182,-3.2416545e-05
SI,-0.00015365891,-0.0004838165,-0.00033623725,8.3681196e-05,-0.0006776452,-4.6466477e-05,0.00019531883,2.483197e-05
DNMT3B,0.0003809873,0.0005854983,0.000657158,-0.00015174039,0.0013066977,0.00016111135,-0.00039664935,-2.8362032e-05
DIDO1,-5.4985285e-06,-9.973347e-05,-7.145107e-05,0.000105580315,-0.00052024424,-6.168336e-05,-2.0372681e-05,1.0862364e-05
ESPL1,-3.665313e-05,-0.0003341604,-0.00023542158,-4.639197e-05,-0.0032595694,0.00022050459,0.0002695704,1.4058896e-05
USH2A,0.00018722191,1.196377e-05,0.00014319457,-0.00013742503,-0.00011302531,0.00017054286,-1.852028e-05,-3.4096884e-06
DGKH,-0.00025671348,-0.0005184356,-0.00046916306,0.00017948821,-0.0014643073,-1.8768944e-05,0.00025180168,3.1590578e-05
DCC,-0.0007884484,-0.0011431612,-0.001086995,0.00047483388,-0.0074360743,-0.00036387565,0.0005722502,6.7770015e-05
PRUNE2,0.0003230311,0.00013558008,0.00022772513,-0.00013683643,-0.0006625205,0.00023997296,-6.2189996e-05,-9.689247e-06
HERC1,-0.00062568113,-0.0012934115,-0.0010995548,0.00032551214,-0.0023499206,-0.00023926655,0.0006170226,6.834208e-05
SLC4A3,-6.0288236e-05,0.00010123849,-3.3825636e-05,0.00024407823,-0.00090599805,-0.00012913393,-0.00012744684,8.302042e-06
TJP1,-0.00043712556,-0.000624571,-0.0005121287,0.0002444815,-0.00028473884,-0.00025367923,0.00020942371,3.705197e-05
MYLK,0.00031554326,0.00045398623,0.00048912875,-5.2277e-05,0.001374267,3.670156e-05,-0.0003494108,-1.858198e-05
GREB1,-3.742613e-05,-9.535998e-05,7.6342374e-05,3.2974407e-05,0.00048211217,-0.00015983917,-0.00010594819,6.8797963e-06
ALK,2.1448359e-05,5.3092837e-05,0.00026906282,-5.8908947e-05,0.0018807277,-0.00011018943,-0.00019098539,-4.7486974e-06
APC2,-0.0003124252,-0.0007578712,-0.00066642463,0.00021806546,-0.0009605661,-9.305496e-05,0.00035581551,4.2357948e-05
LTBP1,-0.00035471842,-0.00025207736,-0.00049060956,0.0003173221,-0.0018686503,-6.634276e-05,0.0001709992,2.922106e-05
DNM1,-0.0003401544,-0.00039734878,-0.00023435429,0.00017596781,-0.0009704158,-0.00024014758,7.507298e-05,2.2883527e-05
KIF20B,0.0004658904,0.00018461607,0.00048984215,-0.00040992443,0.0021054372,0.0004851548,-7.475726e-05,-2.543605e-05
ARHGAP21,-0.00053947605,-0.0014327597,-0.0011808276,0.00025821943,-0.001940228,-0.0001367731,0.0007186122,7.0796465e-05
AHCTF1,0.00017432496,-4.4450164e-05,0.00026279315,-0.00027921703,0.0011381134,0.00020613149,-7.485971e-06,-9.718584e-06
WDR19,-0.00027353503,-0.00030677952,-5.8962032e-05,0.00010100193,-6.543845e-05,-0.00040910533,-6.544683e-05,1.7421436e-05
SARDH,-0.00015098415,-7.110834e-05,1.6707927e-05,2.318807e-05,-0.0012036562,-2.5998801e-05,-7.711351e-07,5.0761737e-06
CEP192,-7.667206e-05,-0.0002807714,-4.9259514e-05,-5.1886775e-05,4.1149557e-05,-1.5756115e-05,6.556045e-05,1.1693337e-05
SETDB1,0.00019347481,-2.5464222e-05,0.00012800097,-9.254739e-05,0.0020326748,6.4879656e-05,-7.7955425e-05,1.150067e-06
LCT,-8.445792e-05,-0.00032005832,-0.0001770705,5.305931e-05,-0.00027882308,-3.7273392e-05,9.375997e-05,1.6673235e-05
KCNH3,0.00017006509,0.0001123026,0.00022055954,-5.860813e-06,0.0006171465,-2.9355288e-05,-0.00017967541,-3.7905993e-06
COL6A1,-0.00038869493,-0.0007001739,-0.00046912767,0.000109326094,-0.00013001263,-0.00019064173,0.00028195325,3.234262e-05
DIP2B,-0.00027525425,-0.00028305873,-0.000102708116,0.00013616774,-0.00015170872,-0.0002971394,-3.1404197e-05,1.8222025e-05
SBNO1,-0.00031941384,-0.00047713332,-0.00036944076,0.00020562112,0.00039069355,-0.00022431416,0.000119881704,3.0192663e-05
RTEL1,-4.5998022e-05,-0.0005276371,-0.00043403544,9.328965e-05,-0.0014041886,-1.7415732e-06,0.00026092492,2.7447706e-05
LAMC1,-0.00044677034,-0.00045168772,-0.00041910633,0.0003282912,-0.0034847334,-0.00032873824,0.00011666212,3.3099204e-05
ABCA7,3.508292e-05,-0.00012529641,0.00022742711,-0.00021987129,0.00073385984,1.7419457e-05,-3.6998652e-05,-3.8084108e-06
PTPRK,-3.6330894e-05,-8.655712e-05,5.1824376e-05,-4.0718354e-05,-0.0009927377,3.9979815e-05,-4.312955e-06,4.329253e-06
PHKA2,0.00022174977,0.00031916797,0.0003756471,-8.688029e-05,0.00075856596,0.00010195561,-0.00022046734,-1.5544472e-05
GRM4,-3.2763928e-06,7.264316e-07,-1.3474375e-05,0.00010825042,-0.0011113212,-7.736869e-05,-5.1991083e-05,5.8332225e-06
USP32,0.00034267083,0.00022247992,0.0003482513,-0.000170541,0.0015403852,0.00022363011,-0.00015557278,-1.5328871e-05
NIN,-0.0002082698,-0.00050139613,-0.00045047514,9.585172e-05,-0.00142923,6.564427e-05,0.00029709376,2.8225011e-05
NFASC,-0.00013773516,-0.0005045198,-0.0003835652,0.00014748145,-0.0010581091,-4.0718354e-05,0.00019912142,2.7678325e-05
ANK3,-0.0010694768,-0.0019923449,-0.001880167,0.0006479975,-0.004974678,-0.00043853885,0.0010006046,0.000112262904
EVPL,-0.00012236089,-0.00040480122,-0.00029879436,7.292535e-05,-0.001758486,2.950523e-05,0.00020003691,2.0853244e-05
SMCHD1,-0.00029040128,-0.00052885525,-0.0005216114,0.00019736402,-0.0021983832,-3.175158e-05,0.0002848478,3.3875694e-05
RTTN,0.0004820712,0.0008791536,0.00088349544,-0.0002674181,0.0020965114,0.00034128688,-0.00046046358,-4.636252e-05
ERBB3,0.0004126858,8.666888e-05,0.00027493387,-0.0003421139,0.0018035844,0.00050773006,4.388299e-05,-1.8112245e-05
ADGRV1,-0.0002711136,-0.0011727288,-0.00084316544,1.5120022e-05,-0.00038446486,2.3910776e-05,0.00061366707,4.8218993e-05
RAD54L2,0.00044472702,0.00043191202,0.000592215,-0.00023956504,-0.00013618171,0.0002693385,-0.00026398245,-2.7094851e-05
MYO1B,-0.00062240846,-0.0009968579,-0.0009685885,0.00038558338,-0.0023557097,-0.00025455188,0.00048772804,6.029883e-05
ADAMTSL3,0.0001023598,-0.0001279302,-7.62064e-05,8.615665e-06,0.00042758882,0.0001466209,5.34337e-05,7.999595e-06
NPHP3,-6.7548826e-05,4.2054802e-05,0.00013246387,7.421989e-05,0.00023412704,-0.00017964002,-0.0001539709,1.1505326e-06
TG,0.00013569929,8.7771565e-05,0.0002280362,-5.6477264e-05,0.0011539012,2.9218383e-05,-0.00014402065,-5.8021396e-06
CGN,0.00023611635,3.6837533e-05,0.00028378516,-0.00013916194,-0.00017493218,6.298721e-05,-0.00012148265,-8.017523e-06
MYH13,-4.1089952e-05,-0.00027038157,-0.00012522936,-7.295981e-06,-0.00026857108,4.521478e-05,0.000101924874,1.2610108e-05
MYH7B,-0.0001063589,-0.00029147044,-0.00012867339,3.9928593e-05,-0.0005282834,-4.633423e-05,7.476285e-05,1.3854355e-05
SBF1,-2.0839274e-05,-8.426607e-05,-6.616488e-05,8.69846e-05,-0.0001674965,-1.0825694e-05,-9.063631e-06,9.409036e-06
ATAD2,0.00013679452,-0.00024931133,-2.642721e-05,-0.00022812746,0.000787057,0.0003217226,0.00018152315,3.9894367e-06
MYO3B,0.00020525977,0.00018743426,0.00028811954,-8.69818e-05,0.0016869828,9.061769e-05,-0.00017212424,-9.704614e-06
TANC1,-7.867254e-05,-8.2468614e-05,4.9466267e-05,6.903894e-05,0.00062737614,-0.0002089385,-0.00012066867,8.417526e-06
ERBB2,-9.663589e-05,-0.000568755,-0.00022207387,-8.250307e-05,0.00074281543,-0.00015142607,0.00017832965,2.0181527e-05
GPR179,-0.00014451891,-0.00044108182,-0.00024170056,1.9502826e-05,-0.00073330104,-3.0008145e-05,0.00017374102,1.978851e-05
ATG2B,9.256601e-05,2.416037e-05,0.00018849783,-2.5771558e-05,0.0014838651,-0.00010413304,-0.00016411487,-5.7159923e-08
SOS1,-0.0003306158,-0.0008683782,-0.0006248206,7.486902e-06,-0.0016463771,0.000119530596,0.00049542263,3.7502265e-05
PHKA1,-0.00018732995,-0.00034238957,-0.00027874112,8.0265105e-05,-0.0032443106,1.749117e-05,0.00020055193,1.8808874e-05
MAST2,-0.00049640797,-0.0011166688,-0.00089499354,0.00026377104,-0.00015673786,-0.00025014253,0.00047455262,5.6925346e-05
COL4A5,-0.00019870512,-0.00032738782,-0.0001871679,0.000120965764,0.0008480549,-0.00025466457,2.6468188e-05,1.8453808e-05
SMG1,-0.00036077574,-0.0010327715,-0.0007808674,0.00013268739,-0.0012642071,-0.00010014884,0.0004981272,4.867988e-05
ABCB4,-0.00012429431,-2.261065e-05,-4.060194e-05,0.00018498302,0.0002046302,-0.00013347622,-9.6474774e-05,9.9494355e-06
MYOM2,-0.00010122359,-0.0002954062,-0.0002890043,0.0001250077,-0.0035789907,-1.7114915e-05,0.00017279666,2.0409934e-05
CDC42BPA,-0.0011564624,-0.0024024863,-0.0021397825,0.0005900953,-0.0052196905,-0.00048245536,0.0012057032,0.00012738479
ATP13A1,0.00019345991,-0.0002604928,-3.7569553e-05,-0.00015612505,-9.1046095e-06,0.00030582957,0.00016094651,3.5014236e-06
MED12,1.7624348e-05,-0.00020812824,-1.635775e-05,-4.7310255e-05,-0.0008213073,-2.6662834e-05,3.851205e-05,7.998664e-06
NPC1,0.00024298206,0.00041015446,0.00050321035,-0.00010499358,-0.00021017343,0.00015663449,-0.000258944,-2.4454785e-05
SCN4A,7.97566e-05,-5.0760806e-05,0.00018577278,-9.2743896e-05,0.00075788796,1.12988055e-05,-8.3040446e-05,-2.2803433e-06
GTF3C1,-9.7088516e-05,-0.00045836344,-0.00021379441,2.3886561e-05,-0.00017909706,-0.00014154613,0.000121445395,2.0553358e-05
URB1,-0.0003300272,-0.0007139202,-0.00061005354,0.00023315195,-0.00067803264,-0.00021839095,0.00028348528,4.082499e-05
COL22A1,0.0002103094,0.000496991,0.0005170312,-8.5503794e-05,0.0003625676,4.0530227e-05,-0.00032856967,-2.1796091e-05
DOCK2,-0.00018171594,-0.0006325189,-0.00046828762,5.9749e-05,-0.00093051046,2.5065616e-05,0.00032530446,3.0083465e-05
SNRNP200,-0.00015115365,-0.0002143234,-8.6285174e-05,6.3688494e-05,-0.0002590418,-0.00010474771,1.8063001e-05,1.3136072e-05
ITGB4,-6.6969544e-05,-0.00012149103,-6.408058e-05,9.8856166e-05,-0.0007607639,-9.380188e-05,-1.8000603e-05,1.0774122e-05
ATP1A2,-0.0007225722,-0.0011216868,-0.00093268603,0.00036045257,-0.0009718314,-0.00051246723,0.00042912178,6.097788e-05
LAMA3,0.00012712367,-0.00013295002,2.8312206e-05,-6.193947e-05,0.0007124841,0.00013936032,1.6438775e-05,4.179543e-06
MED23,0.00039441325,0.00020287745,0.0004783515,-0.0003319485,0.0006561056,0.00037159584,-9.818096e-05,-2.5172136e-05
EIF4G1,-8.96398e-05,-0.00013216585,-6.8835914e-05,0.0001357533,-0.00020108372,-0.00013196282,-5.0007366e-05,1.2894743e-05
COL16A1,-3.3862889e-06,-7.5792894e-05,-1.5849248e-05,7.147156e-05,-0.0005168691,-0.000116755255,-4.902389e-05,7.547089e-06
GANAB,-6.7017972e-06,-0.00037592277,-9.9785626e-05,-0.000108411536,0.00047133863,-3.4999102e-06,0.00012588501,1.2471341e-05
LRP4,-0.0007068757,-0.0015964676,-0.0016083699,0.00042855646,-0.0052907243,-0.0001134472,0.0009510722,8.885644e-05
ATP10A,9.585731e-05,-0.0001957193,2.365373e-05,-9.2383474e-05,0.0011240169,0.00010283664,3.8375147e-05,3.900146e-06
ABCC1,0.0006927736,0.0005871691,0.00084093586,-0.0004214868,0.004851386,0.0003446415,-0.00038548466,-4.248647e-05
MGAM,-9.809807e-05,-0.00045597367,-0.00031544827,4.0718354e-05,-0.000969328,1.3888814e-05,0.0002152184,2.165488e-05
ITSN2,0.0004239902,0.00012452528,0.0003528949,-0.00030548126,0.0029712543,0.00035530515,-7.7434815e-05,-1.685205e-05
PCDH15,-0.00054896437,-0.0006621722,-0.00051244535,0.0002094917,-0.002384007,-0.00023628445,0.0002727257,3.653043e-05
CLASP1,-0.00044123456,-0.0011775792,-0.0009469278,0.0002015261,-0.0024241358,-7.145759e-05,0.00059302617,5.8503356e-05
MYO7B,-6.919727e-05,-7.108599e-05,-6.0901046e-05,0.00010500476,-0.0013231114,-1.9045547e-05,8.568168e-08,8.519157e-06
PIK3C2A,0.00015803427,-0.00043760054,-0.00025071017,-0.00012847129,-0.00036858022,0.0003127763,0.00028252788,1.5639118e-05
RICTOR,-0.00021013059,-0.0004609134,-0.00028375536,7.562246e-05,-0.0010014549,-3.070291e-05,0.00018053781,2.2016698e-05
NRXN2,-0.00048802234,-0.0010155626,-0.0009826347,0.000371241,-0.0027774572,-0.00017230725,0.00050752144,5.991489e-05
COL27A1,0.00021329895,-0.00028130598,4.639849e-06,-0.0002346402,-0.0012539029,0.00028090645,0.00018702261,3.7625432e-07
MYO16,0.00010563806,1.4916062e-05,2.2452325e-05,7.3856674e-05,0.0004010275,-2.3239292e-05,-8.394662e-05,5.0988747e-06
ADAMTSL1,-8.807331e-05,-0.00024245307,-9.713136e-05,5.908031e-05,-0.000958018,-6.833859e-05,5.207956e-05,1.0951189e-05
JAG1,-0.00053037517,-0.0008287579,-0.0006993208,0.0003084559,0.00018325448,-0.0003244821,0.000302474,4.677463e-05
POLR3B,0.00012318976,0.00020360015,0.0003089849,-4.0640123e-05,0.0004119575,4.8558228e-05,-0.00018534344,-1.1255499e-05
ZZEF1,0.00037128478,0.00039533153,0.0005058199,-0.00017624162,0.0028595254,0.00019973982,-0.0002718689,-2.2995984e-05
FLT4,2.6926398e-05,-0.000121099874,-6.8055466e-05,0.000115501694,-9.787083e-05,-4.325621e-05,-2.2985041e-05,9.391573e-06
NCOR2,-0.00020087883,-0.0004677251,-0.00028152205,9.582471e-05,0.00031214207,-0.00025721686,9.348709e-05,2.6934664e-05
TENM4,-0.000319371,-0.0007768832,-0.0005726181,0.00011777971,-0.00070198625,-0.00013502594,0.0003482746,3.734196e-05
CSMD2,2.7520582e-05,6.564334e-05,6.9949776e-05,7.8603625e-05,-0.00035342574,7.427763e-05,-6.125495e-05,-1.876615e-06
COL6A2,0.00057250075,0.0006369408,0.0008004941,-0.00032356288,0.0028588697,0.00034204219,-0.000388409,-3.9456645e-05
FAT1,-0.00033137389,-0.0005813688,-0.0004721135,0.00015771948,-0.0011162981,-0.0001828582,0.00024245307,3.2071723e-05
MPDZ,-0.00016432069,-0.00041377358,-0.00032751635,0.00012328848,-0.0001842007,-7.059239e-05,0.00015699677,2.3775036e-05
WDR87,0.00018316694,-3.101118e-05,0.000102052465,-8.7482855e-05,0.000311926,0.0001536198,-1.5542842e-05,-8.966308e-07
SETX,6.706454e-05,-0.0005140584,-0.00032181665,-4.5885332e-05,0.000236094,0.00019248948,0.00027698744,2.0142412e-05
ZNF106,8.037686e-05,0.00016100891,0.00024165772,-5.3413212e-05,-0.00024334341,6.841123e-05,-0.00012834463,-7.8370795e-06
SCN3A,-0.0011326112,-0.0023580212,-0.0022101533,0.0006671827,-0.0057923794,-0.00035259174,0.0012573218,0.00012679945
CNTRL,-0.00020311773,-0.0006910879,-0.00058957934,0.00015415438,-0.0019565,-2.587121e-05,0.0003482392,3.7540798e-05
IGFN1,0.00016890466,0.00046750717,0.000518091,-8.285977e-05,0.0016392246,6.824918e-05,-0.00034153555,-2.0477455e-05
LAMA1,5.7864934e-05,-0.00013447739,-2.1923333e-06,2.682209e-06,-0.00026863068,-8.199364e-06,-1.9767322e-05,8.547562e-06
PRRC2B,-0.0006423909,-0.0013883673,-0.0012573302,0.00033544097,-0.0028691888,-0.0001312648,0.0007447852,7.319986e-05
NAV2,-0.00030752085,-0.0007851925,-0.00067511573,0.00018212572,-0.00089266896,-8.29082e-05,0.0003808951,4.2070285e-05
ATP2B3,0.0004276298,0.00050261617,0.0007220376,-0.00031353813,0.0021483153,0.0002905326,-0.0003168704,-3.5661622e-05
FAT2,0.00011656061,2.1999702e-05,0.0001312308,-2.4679117e-05,0.0005515665,4.5112334e-05,-8.748099e-05,-7.8894664e-07
JAG2,9.749271e-05,-5.910732e-05,-0.00015785173,0.00014141109,0.0007292405,6.0303137e-06,2.3562461e-07,1.197122e-05
TAF1,-8.144416e-05,-0.00072458386,-0.00046804175,-2.4100766e-05,-0.0012896806,0.0002116831,0.00040881615,2.8464361e-05
CENPF,-5.244091e-05,-0.00033677742,-0.000112142414,-8.0813654e-05,0.00017696619,6.9604255e-05,0.00013650302,1.1576805e-05
SDK2,-7.683784e-05,-0.00038170442,-0.00030306354,0.00013533235,0.0011091158,-0.00013887696,8.485094e-05,2.4720677e-05
STAB2,0.00028025918,0.00023654476,0.0003409125,-0.00015884172,0.0006583929,0.00023259223,-0.000132191,-1.5985337e-05
DROSHA,-0.0002646651,-0.0003540106,-0.00026508793,0.0001854403,-0.00071216375,-0.00021748664,7.1872026e-05,2.3431843e-05
KIF1B,-0.0006357003,-0.0013308078,-0.0011973344,0.00040898006,-0.0026600584,-0.0002746391,0.0006332183,7.305876e-05
DMXL1,0.00026129745,9.3976036e-05,0.00029738434,-0.00026647467,5.336106e-05,0.00031397957,-1.5954487e-05,-1.4774734e-05
LRRK2,-0.00027900934,-0.00076640584,-0.000571955,-7.1246177e-07,-0.0016503483,7.869676e-06,0.0004353067,3.378489e-05
DOCK7,-0.0002722144,-0.0005890429,-0.00041047484,6.7370944e-05,-0.0027016178,-8.898787e-05,0.0002832571,2.8544455e-05
PBRM1,-0.0006955657,-0.0014001187,-0.001225045,0.00035423134,-0.003266409,-0.00026762625,0.0006990228,7.468439e-05
IQGAP3,0.00019601919,0.00023881346,0.00031379238,-9.9510886e-05,-0.00031351298,0.00016519241,-0.00014310796,-1.3256911e-05
COL4A6,-0.0005156826,-0.00023240596,-0.00038153864,0.00045355316,-0.0018756092,-0.0005475278,-4.347507e-05,3.4119585e-05
ABCC6,-8.048117e-05,-0.00024471432,-5.7641417e-05,1.3903715e-05,0.00029752403,-4.236214e-05,3.3041462e-05,1.0336051e-05
ZFHX2,-0.00020236336,-0.0006523039,-0.00043331273,7.632561e-05,-0.0018744692,-5.6226738e-05,0.00029644836,2.9792194e-05
HEATR5A,-0.00010073744,-0.00015786104,0.00017892756,-6.365962e-05,0.002317056,-0.0002404796,-0.00013629068,1.1021039e-06
SLC12A4,-0.00023213774,-0.00037674978,-0.00028445572,0.00013923924,-0.00150498,-0.00015147077,0.0001175357,2.3902976e-05
ARFGEF1,-0.00024561025,-0.00052199326,-0.00039664656,0.00021873787,0.00023382902,-0.0002368791,0.00013133418,3.1012227e-05
DEPDC5,5.3942204e-06,-0.00026126392,-4.949607e-05,-7.8518875e-05,-0.0010645017,0.00010108203,0.000116311945,6.6523207e-06
AKAP13,-0.00037329458,-0.00095784105,-0.00075145066,0.0001695836,-0.00066972524,-0.00010995427,0.0004444383,4.7518522e-05
THSD7B,0.00037019514,0.0004340168,0.0004744567,-0.00016939826,0.0020791814,0.00017878972,-0.00027380046,-1.9973377e-05
IGF1R,-0.0004251469,-0.0010506492,-0.000897849,0.0002475381,-0.0023026988,-0.00012940122,0.00052299537,5.4650824e-05
CEP290,-0.0014232993,-0.0022399481,-0.0021007806,0.00078072306,-0.0060430095,-0.00067752926,0.001085449,0.0001264502
UBR2,5.7563186e-05,-0.0002053827,2.6907772e-05,-6.502587e-05,0.0018568337,-2.4522655e-05,-1.6014092e-05,7.240218e-06
TRPM1,0.00010448508,4.26583e-05,0.0001028534,-2.2455119e-05,-0.0009242594,0.00010114536,-4.458055e-05,-8.343486e-07
SIPA1L1,0.00027975813,0.00020122528,0.0003557615,-0.00015179161,0.0013437122,0.000105679035,-0.00018129591,-1.2679258e-05
KIF26A,0.0005308967,0.00054771267,0.0006408226,-0.00022164267,0.0034439117,0.00021327008,-0.00038818177,-2.6444206e-05
VCAN,-0.00054483674,-0.001104027,-0.0009086747,0.00022113975,-0.0035010949,-7.23023e-05,0.0005815271,5.4607168e-05
DMBT1,-1.2904406e-05,-2.7883798e-06,0.00012471527,2.9106624e-05,-0.00040120631,-5.9155747e-05,-0.00010184292,7.573981e-07
BAZ2A,-0.00033208355,-0.0008268673,-0.0007606521,0.00029699504,-0.0007671565,-0.00020233123,0.00034306385,4.9970346e-05
PKD1L1,-3.534928e-05,1.0346994e-05,0.000101009384,7.784553e-05,-0.0005524978,-0.00010831561,-0.00012189429,2.1815067e-06
PRPF8,-2.0712614e-05,-5.1176175e-05,2.024509e-05,3.8340688e-05,-0.00055586547,-1.2726523e-05,-3.245659e-05,5.7179714e-06
IQGAP1,-5.103834e-05,0.00017041154,0.00014496222,0.00020177849,-0.00013758242,-0.00018272316,-0.00023149047,8.52393e-07
DISP3,-0.0002849847,-0.00076469965,-0.0005928278,0.00017134007,-0.0020922795,-0.00014448073,0.00033530407,3.935513e-05
OTOF,4.7793612e-05,-0.00015779398,1.6413629e-05,-2.8528273e-05,-0.00023228675,4.29824e-05,1.49337575e-05,5.3123804e-06
COL11A2,0.00018163584,0.00035315752,0.00037845597,-6.246567e-05,0.0014841259,-2.6384369e-06,-0.00028119888,-1.2381352e-05
SLIT1,-0.00026461668,-0.000737546,-0.0005296599,0.00014742184,-0.00040967762,-0.0001603039,0.00028456748,3.717933e-05
PIK3C2B,0.00015662983,0.0001643002,0.0002685152,4.1086227e-05,0.0018120632,-0.00018457556,-0.0002814168,-3.978261e-06
COL4A3,4.5198947e-05,-9.42871e-06,2.0587817e-05,5.6614168e-05,-0.0011890531,7.0752576e-06,-3.8522296e-05,3.950321e-06
UNC13A,-1.7048791e-05,-0.0003542602,-0.00023170933,-3.435649e-06,-0.0016400218,0.0001591118,0.00021442678,1.5299884e-05
TPR,-0.00021407753,-0.00054695085,-0.0004183557,0.00014045369,-0.0010320023,-7.889699e-05,0.00022026245,3.0602678e-05
POLG,0.00021469034,-0.00016558729,6.743893e-05,-0.00013816636,-0.0016450137,0.00015746709,6.5062195e-05,1.1812663e-06
ABCC3,-0.00012751855,-0.00030231662,-0.00021518953,0.00010252558,-0.0014681444,-1.7997809e-05,0.00011932943,1.6775215e-05
USP24,-0.0002255924,-0.0006239917,-0.0005023256,0.00015154295,-0.0010183975,-5.7708472e-05,0.00028701872,3.253948e-05
NBAS,0.00018474087,0.00048672967,0.0004955735,-6.138347e-06,0.0026368499,-1.5256926e-05,-0.0003832793,-1.978199e-05
KIF13A,0.00018961355,0.00021649152,0.00029496476,-0.00019683875,-0.0008832291,0.0003127409,-4.763156e-05,-1.39947515e-05
CDH23,5.6238845e-05,-0.00023624301,-0.000110235065,-4.8942864e-05,0.00089176744,0.00017840322,0.00012461189,9.092735e-06
HECW1,0.000108692795,-0.00032162666,-0.00018740818,-1.306925e-05,-0.00023280829,0.00023344439,0.0001827171,1.1968194e-05
VWA8,-0.00014801323,0.0003681481,0.0002562683,0.00026095286,0.00065636635,-0.0003723111,-0.00040540565,-3.4144614e-07
HSPG2,0.00039061904,4.3991953e-05,0.00028786063,-0.00019980501,0.00073197484,0.00021800864,-7.726345e-05,-1.2015691e-05
AGL,0.00020225905,-6.919354e-05,3.6960468e-05,-0.000109510496,-0.0002924502,0.0002765376,6.286148e-05,1.4338875e-06
GBF1,0.00026799366,0.00012398139,0.00021242164,-0.00012919493,0.0008056089,0.00026965793,-7.074047e-05,-7.881317e-06
CLUH,-0.00017686002,-0.00046898238,-0.00038580038,0.00014467537,-0.002068065,-6.159209e-05,0.00019784924,2.8750277e-05
ABCC10,0.00019622967,0.0003563594,0.00048141181,-0.00012943242,0.0017327815,4.6547502e-06,-0.00031273905,-1.722842e-05
PI4KA,0.0001752954,-9.6242875e-06,0.0001493413,-0.00011483207,0.0008120388,0.00015495438,-3.5858713e-05,-3.09397e-06
COL11A1,-0.00029668026,-0.0004928615,-0.00030608848,0.00010878779,-0.001303494,-0.00024898164,0.00014199875,2.6638038e-05
KAT6B,-0.0005610045,-0.001209991,-0.00096587837,0.00025288854,-0.0025109872,-0.0002108654,0.0005700849,6.0871826e-05
CEP250,7.203035e-05,-0.0003013108,-0.00013426691,7.423572e-05,-0.0011236444,-7.870793e-05,4.3134205e-05,1.5109079e-05
RALGAPA1,0.00017393753,7.6906756e-05,0.00023939833,-0.00014275033,0.001428023,0.0001076702,-0.000100065954,-7.343013e-06
MTOR,-2.915971e-05,-0.00024114735,-4.26732e-05,-9.314157e-06,0.0002663657,-7.943623e-05,2.3307279e-05,1.02339545e-05
DOCK4,-0.0009634979,-0.0016896687,-0.0015046913,0.0005554687,-0.0026223287,-0.0006096419,0.00072638877,9.581586e-05
EYS,2.0675361e-07,-0.00015089288,0.00012568757,-8.852128e-05,0.0018640459,-8.798763e-05,-6.840378e-05,2.4545006e-06
DOCK3,0.00026557967,0.00045882352,0.0004494693,-4.2570755e-05,0.00093205273,7.5872056e-05,-0.000308658,-1.8572318e-05
ADAMTS20,-0.00010486506,-0.00013208017,-4.8803166e-05,0.0001105601,-0.00016666204,-8.07289e-05,-2.6249327e-05,9.628828e-06
TRPM3,0.0004657451,0.0006151907,0.00076642074,-0.0002957359,-4.989654e-05,0.0003267508,-0.00033595506,-3.7921942e-05
KIF1A,-0.0001972802,-0.00049654953,-0.00037674047,0.00014882255,-0.0014013946,-6.9836155e-05,0.0001972001,2.7645729e-05
COL12A1,-0.00025660358,-0.0009538308,-0.0006751958,-2.4008565e-05,-0.001222223,-2.8833747e-06,0.00051075034,4.0603452e-05
COL14A1,-0.00018238835,-0.0003600549,-0.00015791692,2.7813949e-05,-0.0013789833,-4.8646703e-05,0.00012269057,1.6030855e-05
DOCK9,-5.3647906e-05,-0.00041353516,-0.00029100478,4.8915856e-05,-0.0005757883,2.4474226e-05,0.00018555671,2.0502834e-05
KDM5A,-0.0002135206,-0.0006087478,-0.00041360222,6.914139e-05,-0.0019366145,4.671607e-05,0.0003050845,2.7538976e-05
DOP1A,0.0003171526,0.00011361949,0.00017726235,-9.007659e-05,0.0001861006,0.00025019236,-5.9667043e-05,-6.3593034e-06
SHPRH,0.000499323,0.00053313375,0.0006914381,-0.0003235666,0.0013142973,0.0003969213,-0.00027806964,-3.48693e-05
ABCC9,-0.00044274703,-0.00056910515,-0.0004316587,0.0002466645,-0.00043257326,-0.0003167782,0.00014942046,3.4174882e-05
LAMA2,0.00028744526,0.00037208945,0.00047858618,-0.00015344098,0.0006430447,0.00020994991,-0.00023803208,-2.0558131e-05
SYNE2,-0.00027228892,-0.0005112253,-0.0003429521,0.00015754066,-0.00083476305,-0.00018880656,0.00014630333,2.835854e-05
BSN,0.0002173502,-2.9971823e-05,0.000119917095,-7.834006e-05,0.0020170659,0.00010442268,-6.3216314e-05,-1.0268996e-06
SPTBN2,0.00017725304,-7.10655e-05,3.0416995e-05,-2.710335e-05,0.0015137643,2.8084964e-05,-4.04967e-05,5.37897e-06
MYO15A,0.00019975938,9.8785385e-05,0.00014369376,-7.640943e-05,0.001708664,0.0002505947,-4.8132613e-05,-5.9435843e-06
DOCK1,-0.00058112666,-0.0010661967,-0.0008763522,0.00023580901,-0.002694741,-0.00020929286,0.00051926915,5.3371536e-05
EPG5,-0.00017816015,-0.00045352057,-0.00033020973,0.0001298571,0.0013573542,-0.00018992461,0.0001069298,2.8184033e-05
PCNT,5.2638352e-05,-0.000121684745,4.325062e-06,-5.0717033e-05,0.00023358315,7.203221e-05,2.1415763e-05,5.4845586e-06
ALMS1,0.00048876554,2.5410205e-05,0.00030521676,-0.00026790146,0.0012127385,0.0003160471,-5.589612e-05,-1.2735953e-05
ZFHX3,-0.0007745605,-0.0017975755,-0.001601819,0.0004241718,-0.004752688,-0.00023514824,0.00094427634,9.446603e-05
AQR,0.00034217723,0.0002545435,0.00033277646,-0.00015272293,-0.00010160357,0.0002652295,-0.00012234505,-1.6224803e-05
COL6A5,-2.3679808e-05,-0.00026579574,-9.695813e-05,-2.9971823e-05,-0.0005980879,3.6115758e-05,0.00010114815,9.947456e-06
KCNH2,0.00017867424,9.309873e-05,-1.30310655e-05,3.899075e-05,-0.00019804388,0.00024545286,6.101094e-06,1.4592661e-06
COL1A1,9.201653e-05,-0.00048127398,-6.5512955e-05,-0.00027397368,-0.0022497252,0.00045183674,0.00033555832,2.7924543e-06
CHD4,-0.00035849214,-0.00082525983,-0.0006386712,0.00012625381,-0.0017512888,-7.326156e-05,0.00041109882,4.0763873e-05
LTBP4,-0.00010782294,-0.00018631667,-0.00022505969,0.00021790154,-4.8033893e-05,-0.00015888643,1.0138378e-05,1.94296e-05
RALGAPA2,-0.0002532918,-0.0003665276,-0.00033414364,0.00019685272,6.302446e-05,-0.00022158958,9.102747e-05,2.6505557e-05
TRIOBP,0.00027052686,-0.00013059191,0.0001233425,-0.00018415507,0.00075751543,0.00019366667,2.6552938e-05,-2.5146874e-06
FAT4,-0.00035145693,-0.00070924684,-0.00057175383,0.00014590658,-0.0006780997,-8.528866e-05,0.0003336789,3.6970014e-05
PIKFYVE,0.00023772568,-7.017329e-05,6.629154e-05,-8.633733e-05,0.0016694963,0.00018724613,2.286397e-06,-6.15255e-07
PRRC2C,-0.00027071498,-0.0007498041,-0.0006105397,0.00016371999,-0.0014953315,-2.708938e-05,0.00036699045,3.8678874e-05
SLIT3,-0.0002934076,-0.00072845817,-0.0004930999,0.00014856923,0.0029190853,-0.00035057962,0.00018564146,4.0561077e-05
HELZ,5.684793e-05,-0.00012470782,0.000115530565,-0.00012597628,0.00027307123,0.00016682688,1.750514e-05,-9.2200935e-08
F5,-0.000612868,-0.00093499385,-0.000684632,0.00020167418,-0.0026966557,-0.0004224321,0.00039355643,4.4087297e-05
NCOR1,-6.6639856e-05,-0.00052772276,-0.0003137961,4.4535846e-06,-0.000579603,6.2295236e-05,0.00023510307,2.3401924e-05
DNAH7,9.574555e-05,-0.0001733359,0.00026910007,-0.00021140743,0.0028297156,-9.285193e-05,-9.4235875e-05,-6.5137865e-06
ATRX,-0.0005142316,-0.0010705926,-0.0009637121,0.0003265813,-0.0027017146,-0.00012455648,0.0005405294,5.7981233e-05
ZNFX1,0.00041434355,0.0005129725,0.000592066,-0.00021260977,0.00064691156,0.0003491724,-0.00026482064,-3.0439114e-05
ANK1,0.00029638037,0.00036289357,0.0004996937,-0.00022192206,0.0015809014,0.00025804713,-0.00020101946,-2.4716719e-05
CSMD3,1.7669052e-05,-0.00020263344,-0.00012714975,4.0457584e-05,0.0004937202,3.4471042e-05,4.430022e-05,1.5238416e-05
PLCE1,-0.00034131669,-0.0003302656,-0.00039703026,0.0003095679,-0.00059675425,-0.00023847725,7.0174225e-05,3.1246804e-05
MYH8,2.2297725e-05,-0.00019746833,-5.3444877e-05,-2.2011809e-05,0.00039305538,4.78765e-05,4.91729e-05,8.6138025e-06
SPTA1,-5.6646764e-05,-0.00017284416,-1.2600794e-05,4.6759844e-05,0.0009183362,-9.7461045e-05,-4.1211955e-05,9.799725e-06
SCN5A,-7.090904e-05,-1.7529353e-05,0.000106861815,2.769474e-05,0.00013633817,-1.8508174e-05,-7.847231e-05,3.608875e-07
REV3L,-0.00084213726,-0.0015804525,-0.001471743,0.0004612999,-0.0045370683,-0.00020479225,0.00084413495,8.597225e-05
RNF213,-0.00014432892,-0.00042244978,-0.00014464371,1.8309802e-05,-0.00039291382,-0.00021921238,7.834099e-05,1.6944134e-05
XIRP2,2.9580668e-05,-5.439669e-05,3.904663e-05,2.8805807e-05,0.00036939234,2.8098002e-06,-4.6170317e-05,3.7336722e-06
CELSR1,-0.00042872876,-0.0012562778,-0.0009783544,0.00010919385,-0.0023173094,-6.301142e-05,0.0006748326,5.6323363e-05
F8,0.00020844676,0.00017536245,0.00021135993,-7.863995e-05,0.00043652952,0.00017451402,-0.000110897236,-6.609247e-06
VWF,7.923879e-05,-0.00034090132,-0.0002081655,2.7231872e-06,-0.00062114,0.00010947604,0.00015934091,1.4892779e-05
SPEG,-0.00019595027,-7.654168e-05,-0.00024284795,0.00034327153,-0.0030878931,-0.00021941168,-3.8261525e-05,2.248073e-05
ITPR3,-5.1530078e-05,-0.00016754307,-3.5520643e-06,4.1515566e-05,0.0014300644,-0.0001489399,-6.1992556e-05,9.666779e-06
UNC13B,-0.00020233169,-0.0004434511,-0.0002130121,1.9538216e-05,-0.0012682229,-0.00014451239,0.00014402438,2.079364e-05
TNXB,-4.18704e-05,-0.00020877644,-2.3556873e-05,-8.951873e-06,0.00014347583,-2.1422282e-05,2.6348978e-05,7.57433e-06
APOB,-0.00026634708,-0.00048951246,-0.00037558936,0.00015398115,-0.0014647767,-0.00014166906,0.0001863148,2.7607428e-05
WDFY4,5.0937757e-05,-0.00012389943,-4.3572858e-05,-6.1011873e-05,-0.00081163645,0.00026033726,0.000119663775,3.4554396e-06
CEP350,-0.00018385053,-0.0005611032,-0.0004322715,0.00010869,-0.0016763955,4.1016378e-05,0.0002830904,2.8910814e-05
SPTB,0.00030414946,-1.0499731e-05,0.00031869113,-0.00031857006,0.0020993948,0.00022741221,-4.552398e-05,-1.2594508e-05
LYST,1.49309635e-05,0.00020052306,0.00018839166,0.00018173177,-1.0877848e-06,-0.00019542407,-0.0002690917,7.1537215e-07
ABCA2,3.843382e-05,-0.00016817823,-7.255003e-06,-4.1803345e-05,0.0003690943,-4.6408735e-05,5.0943345e-06,7.5750286e-06
CHD9,-0.0008740891,-0.0017787237,-0.0015662238,0.0004786905,-0.0035556778,-0.00038093794,0.00086050574,9.4796414e-05
GCN1,-3.046915e-05,-0.00038001128,-0.00028106757,8.075498e-06,-0.0011255369,0.00015442353,0.00023128372,1.7274986e-05
MYO10,-0.00034559704,-0.00055151805,-0.0004161708,0.00012719538,-0.0014480501,-0.00012879912,0.00023307279,2.9899064e-05
VPS13D,0.00042671151,0.00028773397,0.00043537095,-0.00017599203,0.0026469454,0.00018229056,-0.000229544,-1.9329018e-05
FBN2,0.00026819855,0.00017904863,0.00034995005,-0.00017484091,0.0016197115,0.00015143584,-0.00016426574,-1.3361452e-05
MDN1,8.579344e-06,-0.0002177842,-1.1740252e-05,-1.5581027e-05,-0.0002213046,-6.114133e-05,3.7886202e-06,9.870972e-06
SCN9A,-0.00063431263,-0.001651967,-0.0014729984,0.00041249488,-0.0016139671,-0.00027340604,0.0008136891,8.8291825e-05
KIAA1109,-0.00072120875,-0.0014490634,-0.0012770053,0.00039588846,-0.0030048117,-0.00030976208,0.000698884,7.858907e-05
WNK1,-0.0006026104,-0.0013319273,-0.0012573544,0.00038384646,-0.0036959127,-0.00014136033,0.0007222444,7.2687515e-05
MEGF8,1.144968e-05,-0.00012261607,-1.7181039e-05,1.3708137e-05,-0.00038534403,1.4192425e-05,7.732771e-06,7.0836395e-06
KIF13B,0.0002462957,0.00018347614,0.00023566745,-4.4901855e-05,-0.00044488907,0.00017216336,-0.00011830684,-9.809504e-06
TENM3,0.00014095381,-1.1304393e-05,0.00010959804,-0.0001047682,0.002589859,0.0001039505,-4.446041e-05,-9.885989e-07
UTRN,0.00019514002,0.00013906509,0.0003899727,-0.00017138291,0.0018931702,3.600493e-06,-0.00020090956,-1.34414295e-05
DSP,-1.7222017e-05,-0.00012202002,-2.9051676e-05,4.2026863e-05,-0.00084351003,5.044043e-05,5.5916607e-06,7.938477e-06
PKHD1,-4.1505322e-05,-0.00014221668,3.662519e-05,-3.6460347e-05,4.6640635e-06,-2.9171817e-05,-9.949319e-06,5.151145e-06
VPS13A,0.00015790574,9.018928e-06,0.000247702,-0.00019486528,0.002366379,0.00012765545,-8.208677e-05,-6.912858e-06
CACNA1F,-0.00018036179,-0.00042223,-0.00029158778,0.0001041526,-0.00066974014,-0.000102475286,0.00014916807,2.2730674e-05
HUWE1,-0.0003495179,-0.00065405667,-0.0005616192,0.00019218586,-0.0012689009,-0.00010504853,0.00029874593,3.7773745e-05
ABCA1,-0.0006098766,-0.00088088214,-0.00063066557,0.0003074631,0.0006375313,-0.000629297,0.00020795781,4.8525748e-05
MGA,0.00012280606,0.00020941533,0.0004039742,-7.596705e-05,0.0020030737,-6.07213e-05,-0.00027435925,-1.1828612e-05
BPTF,-0.0006340649,-0.00136224,-0.0012352951,0.00035402272,-0.0030020177,-0.00013468554,0.0007196767,7.244188e-05
HTT,0.00013490953,0.0001770109,0.00018789247,3.6315992e-05,-0.00072544813,2.582185e-05,-0.0001448458,-5.2092364e-06
CACNA1B,6.5209344e-05,-0.000179125,-0.00017974153,4.7381036e-05,-0.0010826811,0.00011344999,0.00012782402,1.1811149e-05
MYOF,-6.370805e-05,-0.00053334236,-0.00021858886,-0.00013202522,-0.0026635379,0.00015140232,0.0003083963,1.4961814e-05
LRP1,-0.00024056993,-0.00026014075,-0.00014267117,0.00014015194,-0.00068265945,-0.0002035629,1.957547e-05,1.6497914e-05
DCHS1,0.00010593608,8.633733e-05,0.00017975084,-5.896669e-05,5.416572e-05,4.5949593e-05,-9.3546696e-05,-4.2013125e-06
DNAH10,4.1509047e-05,-0.0001358334,-8.3856285e-06,7.856358e-05,-6.1139464e-05,1.7987564e-05,-1.58092e-05,4.939153e-06
MYO18B,-1.2407079e-05,-0.00015750341,-6.225705e-05,4.1078776e-05,-0.001230754,-3.453344e-06,3.454089e-05,9.172945e-06
PLEC,0.00023343228,-4.9732625e-05,6.878376e-05,-3.8829632e-05,0.000836961,3.9811246e-05,-5.339831e-05,2.26486e-06
ASCC3,1.2578443e-05,-3.105402e-05,0.00014191493,-8.611102e-05,0.00025670975,3.968738e-05,-5.257409e-05,-1.1124648e-06
CHD6,-0.000119727105,-0.0006074067,-0.00035138614,-2.7430244e-05,-0.0011505857,8.775946e-05,0.00029506162,2.4843263e-05
PRKDC,-0.0003957115,-0.0009433944,-0.0007356219,0.00014498644,-0.0014929101,-9.182375e-05,0.00046430156,4.628778e-05
COL5A1,0.00056665763,0.0005795788,0.00081696734,-0.00035691913,0.0039022937,0.00035994872,-0.00037409458,-4.195457e-05
DNAH1,-1.3561919e-05,0.00013090298,0.00027636997,5.8430247e-05,0.002065815,-0.00024972903,-0.00028380845,-3.4379773e-06
DNAH12,0.00015038997,-0.000114459544,0.000103643164,-0.000102326274,0.000703454,2.1775253e-05,-2.273731e-05,-2.225861e-07
SORL1,-0.00039517134,-0.0003876593,-0.0003962163,0.00026650727,-0.0006114915,-0.00021959608,0.00013711117,2.740766e-05
KALRN,0.0001197923,0.00034921244,0.00045372918,2.9281713e-05,0.0021591112,-0.00018344261,-0.00039109867,-1.3610232e-05
NBEAL1,0.0003499966,0.0003388133,0.0004500728,-9.049848e-05,0.0011773631,0.000149915,-0.00025801826,-1.9956962e-05
FAT3,-0.00038051605,-0.0008855313,-0.00068851747,0.00018259138,-0.0003915727,-0.00016409764,0.00038306788,4.4546905e-05
DMXL2,8.397177e-05,0.00015641376,0.00020575896,-4.046876e-05,-0.00025909394,8.200947e-05,-0.000114177354,-5.6325225e-06
MYO7A,0.00016056187,0.00022845529,0.0003047362,-5.8881007e-05,0.0015654489,4.912354e-05,-0.00020237733,-1.0535587e-05
COL6A3,5.6881458e-05,-6.0956925e-05,7.614307e-05,-2.4257228e-05,0.0001867637,7.1780756e-05,-2.7259812e-05,1.0974472e-06
RYR2,0.0004774537,0.00082293525,0.0007461291,-4.8908405e-05,0.0016570762,0.00010592025,-0.000536046,-3.348349e-05
MYH3,0.00010396913,0.00029510073,0.00030038878,-1.33086e-06,9.9428e-05,4.5512803e-05,-0.00021396298,-1.0380871e-05
CELSR3,-8.235127e-05,-7.884018e-05,-0.000110207126,0.00020718947,0.00024359673,-0.00017807679,-7.499941e-05,1.4687539e-05
ITPR2,-0.00024300441,-0.0002497565,-0.00030624308,0.00023080967,-0.002931431,-0.00010327529,0.00012237765,2.0327047e-05
CELSR2,-0.00020129234,-0.00074533,-0.0006094985,0.00012929086,-0.0005131811,-5.9233047e-05,0.0003504539,3.9355713e-05
ABCA12,0.00043298677,0.00037923455,0.00062947534,-0.00020496454,0.0026391223,3.772974e-05,-0.00036633667,-2.597575e-05
TLN1,0.00029882975,0.00011169538,0.00032277592,-0.00020956993,0.0018744543,0.00020384137,-0.00010981504,-1.2186356e-05
CAD,0.00024059415,0.00036140345,0.00042676367,-0.0001784917,0.0015377104,0.00017524417,-0.00021217484,-1.8232851e-05
APC,-0.0006325096,-0.0014547762,-0.001236178,0.00032823626,-0.0022938997,-0.00019788789,0.0007145982,7.501512e-05
FLNA,-0.00023028255,-0.0005499236,-0.0004526265,0.00010695122,-0.0017015263,-0.00010245759,0.0002639722,3.0696392e-05
FLNC,-0.00037755072,-0.000863079,-0.00048237853,-1.6338192e-05,-0.0011114106,-0.00021701818,0.0003700452,3.2339245e-05
FLNB,4.194118e-05,-5.593151e-05,-6.3745305e-05,0.00013995264,0.00034435093,-0.00012506498,-7.4272975e-05,1.0055024e-05
STAB1,-0.00027215108,-0.00071403757,-0.0005888939,0.00017356407,-0.0008139461,-4.446134e-05,0.00034505315,3.670063e-05
ABCA4,-1.1792406e-05,-3.772974e-05,1.600571e-05,5.5436976e-05,6.377697e-06,5.280599e-06,-3.8246624e-05,4.3757027e-06
VPS13C,-0.0003187526,-0.00041092187,-0.00025047548,0.00013030507,-0.0003010258,-0.00021802308,9.4939955e-05,2.2927066e-05
PKHD1L1,0.00024057552,0.00023227371,0.0004090611,-0.00013624039,0.0019746348,8.0765225e-05,-0.00023325253,-1.5023164e-05
DNAH14,0.000481423,0.00028138608,0.000541253,-0.00038186088,0.0034025684,0.0004639402,-0.00013730768,-2.91022e-05
DNAH8,7.674098e-07,-0.00018542632,-7.3201954e-06,-1.4859252e-05,0.0012225732,-3.183447e-05,-7.485971e-06,8.412637e-06
TENM1,-0.0004664082,-0.0011056196,-0.0009894148,0.0003343504,-0.0022619069,-0.00015868153,0.0005304897,6.151677e-05
CSMD1,3.2600015e-05,0.00023287535,0.00027070753,-1.9818544e-05,0.00016324222,0.00012726896,-0.00014519226,-1.113629e-05
ABCA13,8.0956146e-05,-0.00017295964,8.305535e-05,-7.6062046e-05,0.0021075532,-5.8535486e-05,-5.6887977e-05,4.9001537e-06
SPTBN5,-2.0843e-05,-0.00030106306,-0.00020286255,6.941892e-05,-4.775077e-05,-1.6993843e-05,9.006355e-05,1.7844955e-05
TTC28,-0.000466967,-0.000966344,-0.0009133853,0.0002995059,-0.0022802502,-0.0001176456,0.0005065901,5.462393e-05
DNAH6,0.00019680709,-7.4632466e-05,0.00013469532,-0.00015425496,0.00030001253,0.00015977304,4.0866435e-06,-3.2854732e-06
LAMA5,-0.00013102777,-0.00088039227,-0.00058946945,3.718771e-06,-0.0010521412,5.994737e-05,0.00042718928,3.7757214e-05
ASPM,-0.00021398999,-0.0007370822,-0.0005575456,6.4189546e-05,0.00062790513,-1.5824102e-05,0.00036097877,3.4839963e-05
SZT2,0.000327928,0.00043351948,0.0003586691,-4.4000335e-05,0.0006204471,0.00018347148,-0.00023380015,-1.6749138e-05
DNAH3,0.00013411045,0.00018346496,0.0003293194,-8.053705e-05,0.00093731284,5.031284e-05,-0.0001870459,-1.1698226e-05
FRAS1,0.00013143942,0.00022746809,0.00012069568,0.00010336656,-0.0017120987,6.767735e-05,-0.00014178734,3.0570664e-07
ACACA,-8.9017674e-05,-2.2411346e-05,7.642247e-05,5.94249e-05,0.0007903874,-6.3047744e-05,-8.6941756e-05,2.8127106e-06
FBN3,0.00013757125,-0.00013431534,-5.248934e-05,-3.656652e-05,0.0015074462,0.00016104896,5.9680082e-05,5.331938e-06
HERC2,-0.00031671673,-0.0005466342,-0.0003341064,0.00014779251,-0.00039210916,-0.0002453397,0.0001488952,2.7749455e-05
DNHD1,0.00017148443,0.0001321286,0.00025912747,-7.734634e-05,0.0005872026,9.211898e-05,-0.00013992097,-8.5044885e-06
DYNC2H1,-0.00034507737,-0.0008586664,-0.00045972876,2.3334287e-05,0.0017565712,-0.0002943175,0.00025950838,3.7781894e-05
SVEP1,0.00037227198,0.0002821572,0.00040435418,-0.00019233022,0.00054463,0.00033481978,-0.000146457,-1.91367e-05
KMT2D,-0.00014124624,-0.00020976737,-0.000105129555,8.467864e-05,0.00014309585,-0.00018719956,-4.0428713e-06,1.4944817e-05
DMD,-0.00029881485,-0.0007338058,-0.00066472404,0.00023145042,-0.002045542,-0.00017184066,0.00034415442,4.2874482e-05
NIPBL,-5.6646764e-05,-0.00031958707,-8.285791e-05,-2.2194348e-05,0.00088425726,-2.1337532e-05,6.542727e-05,1.2135133e-05
UBR4,-0.00019403361,-0.00065051764,-0.00040580332,-3.7020072e-06,-0.0007158518,5.7188794e-05,0.00032159127,2.7264701e-05
RYR1,0.00020221621,4.437752e-05,0.00024861284,-0.00023917574,0.00045144558,0.0003294982,1.225248e-05,-1.205923e-05
VPS13B,0.00019027293,-3.8277358e-05,0.00027355924,-0.00021507964,0.0012266412,9.295158e-05,-6.583985e-05,-9.026728e-06
LRP1B,-0.00013108738,2.8852373e-06,9.656325e-05,0.00010146946,-0.000496231,-0.0002634935,-0.00014853384,4.0633604e-06
DNAH11,3.6105514e-05,2.1122396e-05,0.000116135925,8.978881e-06,0.0010030642,-4.2245723e-05,-0.00011959765,1.8447172e-06
COL7A1,0.00015009381,-8.240156e-05,1.0730699e-05,-8.01608e-05,0.00053530186,0.00011821184,2.587121e-05,3.7618447e-06
DNAH9,0.00018748082,0.00012794696,0.00038933568,-0.00017332844,0.0016261935,4.110858e-06,-0.00019261334,-1.385354e-05
NEB,0.00026871078,0.000368746,0.00048779137,-0.0001575239,0.002177097,8.272473e-05,-0.00028958265,-1.9330764e-05
OBSCN,-8.14721e-05,-0.0004290752,-0.00028309226,3.4156255e-05,0.00039829314,1.9744039e-06,0.0001819916,1.9776868e-05
HMCN1,0.0007922519,0.0006764978,0.0009055007,-0.00047603808,0.0040548965,0.0005613584,-0.000361084,-4.899851e-05
SYNE1,7.4407086e-05,-0.0004142318,-0.00012745336,-0.00017531868,0.0014173463,0.00018858816,0.00019591581,1.1574128e-05
DST,-0.0005059447,-0.0009579491,-0.00081525184,0.00029851217,-0.0013667941,-0.00023530936,0.00041474588,5.2527874e-05
MACF1,-0.0009666197,-0.0018377043,-0.0015993752,0.00047933403,-0.0034676641,-0.00039987406,0.00089634024,9.5817144e-05
TTN,0.00036413036,9.9046156e-05,0.00032529607,-0.00025927182,0.0014296249,0.0003530914,-4.5106746e-05,-1.6957521e-05
