,0,1,2,3,4,5,6,7
SCN2A,0.9829113,0.9870781,0.9896587,0.98301494,0.98412395,0.98405105,0.99213946,0.9834367
CHD8,0.99398303,0.9953953,0.99617946,0.99373317,0.99406826,0.99403465,0.99700785,0.9936821
ADNP,0.99123394,0.99335927,0.99456906,0.9910165,0.99155873,0.9915929,0.99582744,0.9911771
SHANK3,0.99942315,0.9997469,0.9996046,0.9993939,0.9995403,0.9991175,0.99966425,0.99883974
PTEN,0.98461217,0.9883063,0.9905937,0.9844774,0.9853147,0.98543036,0.9928341,0.9855467
SYNGAP1,1.0013397,1.0010295,1.0009278,1.0014993,1.0012958,1.0012541,1.0006875,1.0011704
MECP2,1.0006156,1.0004733,1.0004042,1.000553,1.0004761,1.0004892,1.0002978,1.0008248
KDM5B,0.9940139,0.99538267,0.99633557,0.99384403,0.99414974,0.9944607,0.99719477,0.99435496
FOXP1,0.9926561,0.994521,0.9955007,0.9925382,0.9930128,0.99300194,0.9965839,0.99285764
ARID1B,0.9933384,0.9949517,0.9959986,0.99341166,0.99384767,0.9939263,0.99699366,0.99358225
POGZ,0.9938159,0.99529433,0.99653244,0.99417907,0.9944016,0.99454737,0.99741817,0.9950075
ASH1L,0.99676204,0.9975606,0.9980081,0.9966096,0.99681145,0.9969325,0.99848545,0.9969803
KMT5B,0.99133223,0.99343824,0.9946631,0.991191,0.9917534,0.9918993,0.99596786,0.99134463
SLC6A1,0.9947796,0.9961248,0.99694306,0.9948839,0.99522823,0.99522066,0.99776626,0.9959678
GIGYF1,0.9996191,0.99971175,0.9996541,0.99940735,0.999311,0.99929833,0.999645,0.99920505
DYRK1A,0.99752223,0.9982308,0.99839866,0.9973067,0.9977484,0.99766636,0.9988551,0.9976803
CHD2,0.9974712,0.99808466,0.99849594,0.99744767,0.99757195,0.9975834,0.99882114,0.9974104
ASXL3,0.9876381,0.9905387,0.99182934,0.98674214,0.98787844,0.98762584,0.9936721,0.98727816
TAOK1,0.9930067,0.9946743,0.99560535,0.9927259,0.99323773,0.9932406,0.99661666,0.9932719
DNMT3A,0.996941,0.99766755,0.99844974,0.9973484,0.99737,0.9975656,0.9988935,0.99744654
GRIN2B,1.0045009,1.0034517,1.0028191,1.0045274,1.0042441,1.0040659,1.0020905,1.0042797
BRSK2,1.0000657,1.0000584,1.0001173,1.0002402,1.0003182,1.0003225,1.0001462,0.9994503
KMT2A,0.9906045,0.99290454,0.99393964,0.9900805,0.99080086,0.990652,0.99529004,0.9902905
NF1,0.9972372,0.99789846,0.9983413,0.99727845,0.99740803,0.99740714,0.99873185,0.9972465
STXBP1,0.9959969,0.99694574,0.9975912,0.995927,0.9961957,0.9962972,0.9981597,0.9963342
CUL3,0.99916065,0.9994098,0.9994849,0.99906516,0.999211,0.9992287,0.99962616,0.998904
MED13L,0.9973717,0.99798,0.9986736,0.997784,0.99779296,0.99790704,0.99904597,0.9979311
ANK2,0.9884379,0.991155,0.9929484,0.98829484,0.98897785,0.9892298,0.9946053,0.98895425
MYT1L,0.98991835,0.9924116,0.993943,0.98989874,0.99071324,0.99076796,0.9954332,0.99023294
RORB,1.0055013,1.004024,1.0029235,1.0048916,1.0045918,1.0046184,1.0020711,1.0042186
TBL1XR1,0.9968474,0.9976907,0.998052,0.9967272,0.9970429,0.99689204,0.998508,0.99693024
TBR1,0.99058926,0.99273396,0.9946622,0.9910513,0.99155825,0.99182475,0.99610376,0.993266
DYNC1H1,0.9922147,0.9940939,0.99494433,0.9917159,0.9923845,0.99225295,0.99607176,0.9921019
WAC,0.99197996,0.99395555,0.9950113,0.99173695,0.9922524,0.99226916,0.99616206,0.9919971
PHF21A,1.0007235,1.0006123,1.0005398,1.000746,1.0006083,1.0008214,1.0004891,1.0013005
KDM6B,0.9953798,0.99650896,0.99721444,0.9953732,0.9957807,0.9958007,0.99793047,0.9952826
DDX3X,0.9944249,0.9957677,0.99672323,0.9945406,0.9947189,0.994846,0.9974974,0.9946321
CTNNB1,0.9931496,0.9948023,0.99583066,0.993052,0.99350417,0.99359345,0.99685407,0.9937012
MED13,0.99356633,0.99509144,0.99602234,0.99353963,0.99399847,0.99400014,0.9969871,0.9933517
ANKRD11,0.99193925,0.9938922,0.9946474,0.9912554,0.99200094,0.9917501,0.9958085,0.99145496
CTCF,0.9944133,0.9957166,0.9962646,0.99382323,0.9942647,0.9942435,0.9970578,0.9943586
RFX3,0.9994103,0.99962705,0.9993197,0.9989097,0.99925566,0.9989488,0.9994418,0.9990951
ARHGEF9,1.0015275,1.001239,1.0010659,1.001641,1.0015051,1.0015091,1.0008218,1.0010701
SHANK2,0.99692917,0.9977099,0.9978363,0.9965142,0.99679613,0.99659896,0.9982773,0.9969393
DEAF1,0.9994199,0.99962294,0.99961734,0.9993923,0.9995154,0.99911773,0.9996592,0.9994637
SMARCC2,0.99406433,0.99552,0.99615085,0.9936549,0.9942336,0.99420875,0.99705744,0.99400806
TLK2,0.9985291,0.9989941,0.99893117,0.99828374,0.99849474,0.9982592,0.9991626,0.9980658
TCF20,0.9982568,0.9986701,0.99882823,0.9980495,0.99827397,0.998354,0.99910337,0.99789286
CNOT3,1.0019637,1.0014994,1.001764,1.002672,1.0021871,1.0024056,1.0014237,1.0030107
SYNCRIP,0.988024,0.9909347,0.99255407,0.9877273,0.9885538,0.988634,0.9943372,0.9882189
SETD5,0.9996753,0.9997801,0.99954695,0.9992515,0.9993542,0.99921834,0.99956626,0.9991232
NAA15,0.9970397,0.9977406,0.99834895,0.9972122,0.99722016,0.9973471,0.99874157,0.99720633
SCN1A,0.9988632,0.9993106,0.999639,0.99920744,0.99891806,0.9990444,0.99975884,0.99931574
EHMT1,0.9955026,0.9964951,0.99717045,0.9953966,0.99577796,0.995818,0.9978597,0.9954512
TCF4,0.9928848,0.99462634,0.99565864,0.99280405,0.9930632,0.9930484,0.99660707,0.99312913
SRPRA,1.0016977,1.0012457,1.0009785,1.0015788,1.0014939,1.0013318,1.0006851,1.001659
MARK2,1.0033096,1.0026466,1.001439,1.0024985,1.0026726,1.0022472,1.0009897,1.0016272
KMT2C,0.99189484,0.99379754,0.9947659,0.9914,0.99196833,0.9919622,0.9959145,0.99188423
MBD5,1.0026436,1.0018947,1.0013587,1.0022866,1.0018897,1.0021621,1.0009642,1.00233
NRXN1,0.992702,0.99449193,0.9957086,0.9928069,0.9931829,0.99321145,0.9967023,0.99305546
IRF2BPL,0.9899767,0.99242157,0.99378633,0.98979723,0.9903429,0.9902392,0.9952005,0.9905596
PHIP,0.9928335,0.99457717,0.99557686,0.99271375,0.9932077,0.99306357,0.99657154,0.9929303
NFE2L3,1.0058472,1.0044224,1.0033989,1.0055368,1.0051526,1.0051982,1.0025214,1.0053611
SKI,1.0007114,1.0005946,1.0001943,1.000369,1.0004128,1.0001341,1.0000727,1.0001442
PSMD12,1.0016505,1.0011792,1.0013841,1.0022248,1.0018487,1.0020041,1.0011129,1.0020864
KCNB1,1.0061078,1.0047655,1.0040008,1.0064933,1.006062,1.0059923,1.0030928,1.0053115
CSDE1,0.993107,0.9947649,0.99569076,0.9928373,0.9933131,0.99342555,0.9966943,0.9932632
TSC1,1.0001507,1.0001572,0.9997989,0.9996433,0.99983305,0.99994516,0.9998503,0.99901915
DMWD,0.9938538,0.9953083,0.9963323,0.99403256,0.994296,0.9942461,0.9972172,0.99387157
CLCN4,0.9940089,0.9953695,0.9964047,0.99400723,0.9944234,0.99474,0.9973593,0.99461424
MEIS2,0.99201477,0.9940647,0.9951508,0.991906,0.99261606,0.992911,0.9964683,0.9920865
PBX1,0.9882138,0.9910451,0.99259925,0.987802,0.9886779,0.9886582,0.99430776,0.9884511
HNRNPD,0.99768054,0.99824166,0.99864817,0.99771535,0.9977962,0.99787843,0.9989637,0.9975705
BCL11A,0.9922465,0.99408436,0.9950548,0.99181676,0.99233806,0.9924231,0.9961374,0.99172795
TCF7L2,0.9992021,0.99952674,0.99969673,0.99937606,0.99917233,0.9993572,0.99981064,0.9991198
WDFY3,0.9934044,0.9949353,0.9957832,0.99307966,0.99353313,0.99353874,0.99673176,0.9934648
PHF3,1.0006566,1.0005116,1.0004368,1.0005956,1.0005943,1.0005736,1.0003337,1.0012431
SETBP1,0.99861157,0.998943,0.99890107,0.9981792,0.9983701,0.99831176,0.9990933,0.9980864
TGM1,1.0034102,1.0025946,1.0021704,1.0035278,1.0033109,1.003219,1.0016373,1.0029826
EBF3,0.9772326,0.982665,0.9860178,0.97701585,0.9786047,0.97865367,0.9893143,0.9769449
PPP2R5D,1.0043081,1.003411,1.0027614,1.004472,1.0042965,1.0041008,1.0021344,1.0037744
TAF4,0.9992083,0.99931645,0.9993672,0.9989965,0.99910843,0.998992,0.99948174,0.9991887
KCNQ2,0.9995637,0.9996473,0.99974346,0.99958336,0.9995464,0.9994031,0.99979854,1.0003879
CAPRIN1,0.9985912,0.99894965,0.99888825,0.99821854,0.9984827,0.99833137,0.9990867,0.99794006
DSCAM,0.9996275,0.9997224,1.0005083,1.0005598,1.0002358,1.0006263,1.0005496,1.0011631
GABBR2,0.99437594,0.9957508,0.99643147,0.9942129,0.99462825,0.9945788,0.9972762,0.99398327
PRKG2,0.99377,0.99530137,0.9959605,0.9933613,0.9939897,0.99435955,0.99711204,0.9939494
UBN2,0.9945676,0.99583435,0.9964578,0.99423623,0.99459803,0.9945502,0.9972204,0.9941646
MEF2C,1.0001593,1.0001338,0.99985296,0.9996903,0.9996777,0.9996458,0.9997621,0.9997095
TRIP12,0.9954878,0.9966015,0.9971287,0.9952551,0.99569,0.99564445,0.99783415,0.9954524
EP300,0.99631155,0.99718744,0.9977483,0.99629486,0.99649525,0.9964236,0.9982344,0.99609655
NR3C2,1.0024036,1.001849,1.0016115,1.0025259,1.0023905,1.0022964,1.0012369,1.0025986
ARHGEF18,1.0013063,1.0010327,1.000885,1.0013909,1.0012441,1.0011408,1.0006993,1.0021375
TNPO3,0.9993787,0.9994242,1.0000789,0.9999708,0.9996501,1.0000823,1.0001465,1.0001602
SMAD6,0.99970305,0.99979377,1.000034,0.9999445,0.99974304,0.9998909,1.0000471,1.0001457
AMOT,1.000712,1.0005891,0.9998304,0.99983263,1.0001055,0.9999811,0.9998329,0.9996214
AUTS2,0.9921628,0.9940063,0.99501204,0.99176663,0.9923644,0.9925077,0.9961858,0.9922087
NCKAP1,0.99461555,0.9959862,0.99646866,0.99418545,0.994679,0.9944937,0.99725235,0.9943819
DLG4,0.9888766,0.9914603,0.9935291,0.9892876,0.9896719,0.9897535,0.9950526,0.99024105
ECPAS,1.0014616,1.0011823,1.0010862,1.0016791,1.0015253,1.0015917,1.0008664,1.0010393
PRKAR1B,0.99650383,0.997338,0.997953,0.9965905,0.9966901,0.9968035,0.99846864,0.99674666
FUBP3,0.9968141,0.99771106,0.99799305,0.99670005,0.9968021,0.9966799,0.99842834,0.996038
GRIA2,0.98809004,0.9909887,0.99294114,0.9882555,0.9889761,0.9891655,0.99466276,0.9884243
CCDC40,1.0090529,1.0068673,1.0054957,1.008944,1.008299,1.0083486,1.0041139,1.0080836
GABRA1,1.0047736,1.0035975,1.0032727,1.0052819,1.004788,1.0051419,1.0025743,1.00438
TSC2,0.99646926,0.9973757,0.99794066,0.9966015,0.99680334,0.9968599,0.9984764,0.9958507
C1orf185,0.9967072,0.99750435,0.9980099,0.9966529,0.996889,0.9968914,0.9984898,0.9969293
METTL23,0.9981345,0.99863225,0.99887305,0.9980121,0.99818957,0.9980972,0.9991529,0.9988308
HNRNPUL2,0.9963598,0.99724144,0.99753654,0.996004,0.99631107,0.9963122,0.9981257,0.99620116
PAX5,0.98808587,0.99100846,0.9929671,0.9882318,0.9889204,0.9893583,0.9947623,0.9884982
ATF4,0.9937915,0.9952723,0.9962933,0.9938297,0.99417776,0.99429166,0.997195,0.99413085
RERE,0.9957305,0.9967787,0.9973172,0.9955284,0.99583197,0.99584204,0.9979361,0.9957319
DHFR2,1.0015416,1.0010924,1.0011613,1.0018052,1.0015054,1.0015363,1.0008808,1.0024316
TMC4,1.0027246,1.0020574,1.0018339,1.0028363,1.0026027,1.0027287,1.0014248,1.0032164
FXYD5,0.99793446,0.99840677,0.99849933,0.9975502,0.9976305,0.9976283,0.9987315,0.9969026
EBAG9,0.99991244,0.9999093,0.99985135,0.99978995,0.99973226,1.0000895,0.9999754,0.99985635
ITGB5,0.99940634,0.9995917,0.9993596,0.99890673,0.9991311,0.99902296,0.9995142,0.9995163
INTS2,1.0019358,1.0014746,1.00115,1.0018787,1.0018128,1.001867,1.0009058,1.0013727
RAI1,0.9945062,0.99574924,0.9968258,0.99467945,0.9947494,0.99501956,0.9975591,0.9948009
FOXG1,0.99520636,0.9963295,0.99741805,0.99555284,0.9956174,0.9960082,0.9981376,0.9963927
PLEKHG6,0.99833053,0.9987196,0.9989482,0.9982034,0.99829066,0.9983295,0.99916375,0.99819493
MAVS,0.99827564,0.99871075,0.9990299,0.99834263,0.99828124,0.9981247,0.9992201,0.9991165
C1QC,0.99317116,0.99481165,0.9958229,0.99312043,0.9936168,0.9936328,0.99683595,0.99309766
TMEM116,0.99959624,0.99957407,1.0003213,1.0003252,0.9999941,1.0004139,1.0003911,1.00168
SIN3A,0.99596465,0.9969743,0.99803114,0.9966521,0.99681795,0.99716413,0.9987364,0.99686366
ANP32A,0.9962287,0.9971207,0.9976665,0.9961157,0.99635124,0.9962506,0.9981759,0.9966011
PRR14L,0.9952254,0.9962574,0.9970925,0.99508387,0.99531484,0.9954952,0.99779,0.9966687
CSNK2B,0.9966271,0.9974232,0.9983038,0.9970293,0.9969913,0.99732745,0.9987925,0.9975973
PMM2,1.008262,1.0063822,1.0046204,1.007595,1.0073129,1.0071169,1.0034316,1.0066764
PFN2,0.9996736,0.99973524,0.9999333,0.99975514,0.9997102,0.9998708,0.9999821,1.0001427
LMTK3,1.003641,1.0027549,1.002352,1.003848,1.0034902,1.0035648,1.0017986,1.0032439
SPRY2,0.99744475,0.99808943,0.9986195,0.99777305,0.9977314,0.99779606,0.9990041,0.9974523
CMPK2,1.0003256,1.0002947,1.0004833,1.0006906,1.0005448,1.0007784,1.0004463,0.9998397
IQSEC2,1.0092943,1.0070521,1.0060176,1.00975,1.0089005,1.0089587,1.0045409,1.0088515
RIPK1,1.0017205,1.0013493,1.0012875,1.0019039,1.0019225,1.0019633,1.0010568,1.00213
TPK1,0.99874485,0.9990655,0.99933875,0.9988452,0.9988386,0.9987223,0.9994509,0.9988994
CASZ1,1.0079474,1.0060564,1.0048062,1.0079072,1.0074533,1.0070673,1.0035257,1.006952
ZBTB45,0.9995373,0.9996621,1.0000113,0.9998882,0.9998849,0.999978,1.0001187,1.0005043
NUDT17,1.0007987,1.0006025,1.000246,1.0003862,1.0004457,1.0004812,1.0001627,1.0001438
FANCE,1.0012919,1.0009307,1.0009991,1.001527,1.0011387,1.0014036,1.000799,1.0018371
ZNF396,1.0019146,1.0014858,1.0013,1.0020955,1.0019237,1.0020318,1.0010971,1.0024546
NR4A2,0.97563064,0.9814614,0.9850272,0.97528636,0.97703135,0.97694993,0.9885925,0.9773917
TBCEL,0.9985104,0.998904,0.9994339,0.9991096,0.9988626,0.9988874,0.9996053,0.998505
ADAM21,0.99678814,0.9975625,0.998039,0.9967125,0.9969511,0.99694717,0.99850786,0.99692607
TCF3,0.99607944,0.99692297,0.9972718,0.99565387,0.9959043,0.9956484,0.9977712,0.9955851
AAAS,0.99641514,0.99732924,0.99817175,0.9968066,0.99706215,0.99714446,0.99876803,0.9976804
CELF6,1.0020161,1.0015576,1.0012751,1.0019732,1.0020645,1.0020564,1.0010155,1.0014842
INSC,0.9988204,0.9990672,0.999292,0.998772,0.99884546,0.99894404,0.9994873,0.9991626
ZMYND8,0.9952694,0.9964876,0.99691784,0.9949236,0.9954485,0.9952136,0.9976086,0.9948189
CLTC,0.9920442,0.9939913,0.9951487,0.99193513,0.9924191,0.99245393,0.9962932,0.9925538
TCHHL1,0.99676675,0.99754906,0.99803686,0.99670285,0.9969377,0.9969303,0.9985063,0.9969621
CTDSPL2,1.0009073,1.0007019,1.0007378,1.0010662,1.0008668,1.0009334,1.0005635,1.0014205
ZNF292,0.98995733,0.992396,0.99365324,0.9895431,0.9902434,0.99021274,0.9950787,0.98970306
KCNQ3,1.0001004,1.0000939,1.0001072,1.000048,0.999892,0.99994755,1.0000137,0.9998076
RALGAPB,1.0008086,1.0006516,1.0006174,1.0010035,1.0008135,1.0006976,1.0004503,1.0008856
SRCAP,1.0045006,1.0035114,1.0022852,1.0038326,1.0037327,1.0032959,1.0015835,1.0032787
RAB11FIP4,0.9957247,0.9966713,0.9975748,0.99598384,0.996104,0.996492,0.9982612,0.99607766
ZNF865,1.0038668,1.0029658,1.0020901,1.0034136,1.0033207,1.0030806,1.0015147,1.0033498
CASKIN1,1.0024698,1.0019939,1.0015602,1.0024377,1.00259,1.0025623,1.0012975,1.0022006
RANBP17,1.0079494,1.0062729,1.0044513,1.0073075,1.0075037,1.0070496,1.0033948,1.0059735
FBN1,1.0040959,1.003201,1.0033745,1.0053296,1.0047035,1.005038,1.0027863,1.0048567
ACTB,0.99287254,0.99455523,0.99546397,0.9925114,0.9929873,0.9930736,0.99647367,0.99266154
CNNM2,1.0068413,1.0052161,1.0042098,1.0068125,1.0063614,1.0064284,1.0032116,1.0065088
TSHZ1,1.0033818,1.0027647,1.0018164,1.0029987,1.0029236,1.002656,1.0013356,1.0021777
UPF3B,1.0009446,1.0007032,1.0004634,1.0006859,1.0005838,1.0007071,1.0003027,1.0007542
PHF2,0.9998151,0.99988925,1.0000122,0.99987245,0.9997287,0.9999665,1.0000366,0.9999472
FMR1,1.0006111,1.0005476,1.0002375,1.000393,1.0003716,1.0002348,1.0001329,1.0000949
MIB1,0.99297094,0.9946674,0.99548113,0.9925959,0.9932893,0.9931536,0.99654293,0.99268883
FADS1,0.9991715,0.9993652,0.99928415,0.99876714,0.99892306,0.9988326,0.9993855,0.9992099
FRMD7,0.99674165,0.99753034,0.9980261,0.99668217,0.99691755,0.996915,0.99849993,0.9969486
LDB1,1.0008929,1.0005584,1.0002849,1.0005229,1.0006169,1.0002159,1.0000712,1.0010988
PCDH19,0.99754536,0.99824214,0.9986582,0.99773824,0.99773943,0.99795264,0.9990793,0.9977053
EIF3G,0.9983431,0.9987322,0.99892396,0.9982997,0.9984872,0.9982747,0.99915683,0.9981704
MYO1E,1.0020092,1.0015528,1.0010812,1.001734,1.0017111,1.0015844,1.0008059,1.0017754
ZFAND5,0.99453783,0.9958757,0.99651825,0.99428844,0.9947368,0.99464786,0.9973028,0.9941587
CFAP410,0.9995823,0.9997153,0.9999333,0.9998247,0.9997214,0.9997524,0.9999832,0.99964786
BICRA,1.0020624,1.0015767,1.0012566,1.0020272,1.0019866,1.0017518,1.0009565,1.0025868
MYBL2,0.9931239,0.99482775,0.9953699,0.99263656,0.9934175,0.9923992,0.9962745,0.9924117
KIAA1958,1.004504,1.0034709,1.0024655,1.0041075,1.0039034,1.0037609,1.0017996,1.0031468
GABRG2,0.9984336,0.9988512,0.99905854,0.9983776,0.9984516,0.99838257,0.99919707,0.9975747
SKIDA1,1.003353,1.0025617,1.0019151,1.0030925,1.0030122,1.0027016,1.0013391,1.0026714
PSMA3,1.0000987,1.0001285,1.0001053,1.0000892,1.0001559,1.0002285,1.00013,0.9998843
TTC37,0.99638593,0.99731433,0.9974468,0.99578583,0.9962866,0.9960197,0.9979899,0.99653924
PCYT1A,1.0029874,1.0022837,1.0016559,1.0025971,1.0025743,1.0026731,1.0012836,1.0030943
AP1G1,0.99925053,0.9993572,0.9997121,0.99946284,0.9992601,0.9993697,0.99977446,1.0000558
FEZF2,0.9875278,0.9905222,0.9928367,0.9880783,0.98893356,0.9889866,0.99477816,0.98976845
FGF19,0.99758106,0.99816287,0.9985691,0.9975605,0.9976603,0.99772274,0.9989023,0.99755144
MSL3,0.99996996,1.0000017,0.99977005,0.99962026,0.99968493,0.9994298,0.99970675,0.99929017
SON,0.99268186,0.9944068,0.9954634,0.9924834,0.9929067,0.9930122,0.9964925,0.9927665
DNAJC5,0.9979983,0.99847686,0.9987638,0.9979016,0.99802333,0.99810266,0.99907887,0.99836904
FBXO22,1.0023445,1.0018322,1.0015817,1.0025991,1.0023085,1.0021636,1.0011939,1.0025649
TNFRSF8,0.9975118,0.9981164,0.9985214,0.9975472,0.99773467,0.9977872,0.99890625,0.9974009
HDAC11,1.0055195,1.0042561,1.003229,1.0053084,1.0050703,1.0048596,1.0024321,1.0050603
SSR2,0.99856704,0.99890727,0.99917424,0.9985424,0.9985645,0.9985765,0.999345,0.9990113
ACTG1,0.9916265,0.99360585,0.99469995,0.9912574,0.9918065,0.99186885,0.99588156,0.9915288
PNN,0.99675804,0.9975312,0.99783796,0.996418,0.99668324,0.9966248,0.9983038,0.9970112
RUNX1T1,0.98302674,0.98709035,0.98942316,0.9826181,0.98376954,0.9838165,0.9918964,0.9835961
APBB1,0.99997187,0.9999365,1.0001429,1.0001082,1.0000225,1.000149,1.0001214,1.0004658
CERS4,0.99573433,0.99685466,0.99767995,0.99607646,0.9962504,0.996565,0.99843943,0.9964938
CELF4,0.98109543,0.9856148,0.98838705,0.98087215,0.98214775,0.98205566,0.9910759,0.9816956
ZBTB14,0.9980305,0.99868095,0.99910235,0.99828243,0.9987769,0.9987383,0.9995437,0.9987483
ATAT1,0.9981266,0.99853647,0.99920523,0.99851084,0.9983372,0.9986479,0.99944466,0.9992116
RBBP5,1.0018487,1.0012847,1.0012615,1.0019798,1.0017616,1.0018547,1.0009391,1.0022074
G3BP1,0.9982254,0.99872625,0.9990368,0.9983544,0.99840087,0.9984888,0.9993204,0.99832547
WNT7B,0.9993719,0.99958986,0.9988097,0.998148,0.99857545,0.9980255,0.99887586,0.9982796
BDP1,0.9941533,0.9955934,0.9964855,0.9941068,0.99446815,0.99450874,0.9973166,0.99453044
RNF217,1.0066239,1.0050832,1.0040169,1.0064137,1.0060494,1.0062582,1.0030994,1.0061178
CBX4,0.99096274,0.99317545,0.9942509,0.9904821,0.99129164,0.9914479,0.99568975,0.99138236
NME8,0.9967072,0.99750435,0.9980099,0.9966529,0.996889,0.9968914,0.9984898,0.9969293
DCUN1D3,1.0026097,1.0020435,1.001315,1.0021971,1.002255,1.0019153,1.0009141,1.0017786
ENC1,0.9890808,0.99173474,0.9931031,0.9886396,0.98951316,0.98949987,0.99472034,0.98917174
UBB,0.99453413,0.99579906,0.9964644,0.9941547,0.99451435,0.994611,0.997226,0.99426717
NEO1,0.99756634,0.9981909,0.9985306,0.99752927,0.9976355,0.99775714,0.99891376,0.9975221
SLC4A10,0.99534816,0.9964964,0.9974535,0.9957766,0.9960195,0.99612343,0.99816746,0.9953873
BRF2,1.004365,1.0032203,1.0029631,1.0046786,1.004067,1.0043712,1.0022702,1.0051079
PSMD11,0.99877787,0.99907506,0.99926126,0.99869996,0.99879193,0.99884117,0.9994415,0.9990001
NR2F1,0.9914465,0.99336344,0.9942708,0.9907381,0.9914887,0.9916049,0.99558794,0.9909873
CASK,0.99195945,0.9939929,0.99495965,0.9916873,0.99230003,0.99228984,0.99618286,0.9917036
SARM1,1.0020831,1.0016912,1.0012963,1.002075,1.0022271,1.0021659,1.0010802,1.0010314
TPST2,0.9984207,0.99884486,0.9990308,0.99839735,0.998494,0.9985994,0.9993092,0.9978657
FPGS,1.001519,1.0011969,1.0010735,1.0016191,1.0014446,1.001814,1.0009351,1.001492
QRICH1,0.9999769,0.9999685,1.0001991,1.000196,1.0000328,1.0002089,1.0001814,1.0003293
LRP10,0.9990585,0.9993213,0.9995239,0.99912345,0.9991516,0.99922335,0.9996939,0.9992132
CD101,0.998281,0.9987464,0.9989381,0.9981953,0.99838924,0.9983418,0.9992209,0.9982456
INTS7,0.9998987,0.999822,0.9997351,0.99961936,0.99961275,0.99972713,0.99974203,0.9988206
SMAD4,0.9969528,0.99760437,0.99783194,0.9964992,0.99674994,0.99671316,0.9982787,0.9967941
STARD10,0.9996064,0.9997022,0.99976635,0.9996995,0.9996287,0.99950135,0.9997754,0.9988366
CNTNAP3,0.99857473,0.9989271,0.9991706,0.998575,0.99865794,0.99863,0.99936306,0.9987445
DHX37,0.9992491,0.9994442,1.0000745,1.0000098,0.9998232,1.000012,1.0002098,1.0000788
GABRB3,0.98871017,0.9914711,0.99307597,0.988692,0.9894719,0.9893272,0.994712,0.9883293
NDNF,0.9974239,0.9981099,0.99834734,0.9972099,0.9973935,0.9974425,0.99876165,0.99759555
FARP2,0.9978159,0.998399,0.9992622,0.9985943,0.99839145,0.9986371,0.9995966,0.9993566
SLF1,1.0020688,1.0016091,1.0010234,1.0016543,1.0016448,1.0016896,1.0007734,1.0011966
HDAC4,0.9990591,0.9991679,0.9991786,0.9986541,0.99833703,0.99852663,0.9992378,0.9993744
CNGB3,0.996741,0.9975296,0.9979999,0.9966552,0.99690044,0.9968979,0.9984789,0.9968045
PCDHGA8,0.9988079,0.9990624,0.9994087,0.99894404,0.99890625,0.9989047,0.999555,0.99961257
TSPAN4,0.99799013,0.9984314,0.9987824,0.99799657,0.9980417,0.9978682,0.9990051,0.99810046
FUK,0.9967072,0.99750435,0.9980099,0.9966529,0.996889,0.9968914,0.9984898,0.9969293
SULT1A1,1.0003226,1.0002725,1.0003686,1.0005004,1.0006741,1.0008242,1.0004712,1.0006411
NTS,0.9977093,0.99830854,0.99851567,0.997584,0.99789214,0.9978159,0.9989419,0.99793553
MAN1A1,1.001471,1.0010695,1.0007997,1.0012405,1.0011797,1.0013152,1.0005987,1.0009326
FAM57B,0.9967072,0.99750435,0.9980099,0.9966529,0.996889,0.9968914,0.9984898,0.9969293
RFX8,0.9991176,0.9993798,0.99955904,0.9991685,0.999266,0.9992691,0.99969864,0.9991455
NACC1,0.9978325,0.998279,0.99892807,0.99813855,0.9980516,0.9980726,0.99916965,0.9986588
ZSWIM4,1.0024027,1.0017998,1.0016342,1.0026207,1.002446,1.0023036,1.0012141,1.0023646
PPCS,1.0009195,1.0007353,1.0006058,1.0009671,1.0009513,1.0006838,1.0004296,1.0009621
SUSD4,1.0055683,1.0043285,1.003586,1.0057373,1.005412,1.0053048,1.0027627,1.0054307
TMEM165,0.9970944,0.99781287,0.99851966,0.99748284,0.9975427,0.9975033,0.9989212,0.9978723
RIMBP2,0.9996283,0.99975073,0.9997865,0.99962366,0.99948716,0.9995439,0.9997793,0.99926513
PSMD6,0.99898756,0.9992524,0.9994716,0.99907017,0.9991713,0.99923146,0.999655,0.99896073
ITPKA,0.9985467,0.99895465,0.9992484,0.9986753,0.9986856,0.99872494,0.9994688,0.99883294
MSL2,0.995329,0.99640155,0.99706197,0.99516433,0.995327,0.99555594,0.9977814,0.99553597
RNF146,0.99941444,0.99959874,0.9995252,0.99917746,0.99927104,0.9993671,0.9996426,0.9990027
NSD2,0.9945961,0.9959477,0.9967537,0.99463415,0.99495876,0.99494624,0.99755085,0.99474305
SOX11,0.99189365,0.9938463,0.99489784,0.9915731,0.99213773,0.99214673,0.996038,0.99165744
SLC34A1,0.997042,0.99775434,0.99821764,0.9969946,0.9971932,0.99717385,0.9986346,0.99726486
ADPGK,1.003329,1.0025791,1.0017157,1.0027363,1.0029467,1.0025612,1.0012503,1.0031561
TCERG1,0.9967914,0.99757326,0.998291,0.9970881,0.9971463,0.9973504,0.9987625,0.9972778
ZBTB18,0.99734855,0.9979534,0.9983821,0.9972943,0.9972666,0.9974898,0.998749,0.9971203
TAF6,0.998539,0.9989358,0.9992718,0.99876505,0.9989521,0.998958,0.9995842,0.9992682
BCL11B,0.99572265,0.99670696,0.9976676,0.9960099,0.99616027,0.99621177,0.9982403,0.996715
PPM1M,0.9991075,0.99932474,0.9994286,0.99906564,0.9991015,0.9990332,0.99952215,0.9985007
PUF60,1.0001493,1.0001289,1.0002965,1.0003455,1.0002732,1.0004437,1.0002903,1.0004189
CUX2,0.9992213,0.99943876,0.99900186,0.99843526,0.99868715,0.99874806,0.9991522,0.9976903
GPC5,1.0056182,1.0042,1.0034952,1.0055972,1.0050967,1.0053926,1.0026478,1.005353
SERPINI1,1.0010252,1.0009398,1.0013086,1.0018536,1.0018373,1.001976,1.0012308,1.0016787
SATB2,0.98796105,0.99083483,0.9920805,0.9870957,0.98793423,0.9882512,0.9939917,0.98852026
CRISPLD1,0.9970933,0.9978561,0.9983241,0.99724984,0.9972762,0.9975023,0.99891764,0.9990927
ZMYM2,0.9934256,0.9950621,0.99587953,0.99322313,0.99378014,0.99360013,0.9968507,0.9937487
DBF4,1.0013814,1.0011518,1.0008132,1.0012746,1.0012023,1.0009365,1.000566,1.0012642
ZMYND11,0.9938417,0.99540293,0.9962347,0.99375224,0.9942071,0.9940814,0.99712,0.9939306
TNFAIP8L3,0.9965534,0.9974183,0.99796534,0.9965694,0.9968171,0.9967605,0.99849105,0.9973367
PCDHGA12,0.9964836,0.9972777,0.9978713,0.9964336,0.99659073,0.99670076,0.9983959,0.9970494
ARHGEF2,0.9994445,0.99952215,0.99959886,0.9992955,0.9994297,0.99947345,0.9997132,0.9997232
CFAP70,1.0029087,1.002191,1.001661,1.0026135,1.0025723,1.0025052,1.0012543,1.0030969
HPS6,1.0032479,1.0024533,1.0018795,1.0031111,1.0028732,1.0025022,1.0012815,1.0028851
JARID2,0.9955529,0.9966394,0.9970195,0.99511015,0.99552095,0.9954756,0.9976705,0.9950237
SNCA,0.9997759,0.9998869,1.0001273,0.9999503,1.000023,1.0000803,1.0001574,1.0005338
KDM6A,1.0006973,1.0005177,1.000208,1.0003418,1.0005494,1.000504,1.0001744,1.000172
ASB14,1.0017216,1.0012655,1.0012037,1.001863,1.0015972,1.0017092,1.0009001,1.0021033
CALU,0.9980228,0.9985352,0.99871445,0.99784243,0.9980085,0.99798334,0.9990308,0.99829817
HNRNPL,0.99879396,0.9991081,0.9992436,0.9987143,0.9988027,0.99874204,0.99939376,0.9987143
KLHL25,0.9971192,0.99776745,0.99878085,0.9977744,0.99755096,0.9981028,0.9992287,0.9982701
AHDC1,0.9970346,0.99774677,0.99835235,0.9972553,0.9971584,0.9972447,0.9987424,0.9977932
CTR9,0.9974945,0.99800587,0.9986459,0.99768656,0.99773353,0.997977,0.99902296,0.99799085
B9D1,1.0010276,1.0008681,1.0007364,1.001152,1.0012313,1.0013059,1.0007418,1.001486
SPAST,0.9976866,0.99828595,0.99866784,0.9977015,0.99790055,0.99789214,0.9990345,0.9984257
EIF4G2,0.9915919,0.99361145,0.9947426,0.99130815,0.99188113,0.99191076,0.99593854,0.9915783
LRRFIP1,0.99810755,0.998554,0.9988407,0.99800724,0.9981425,0.9980851,0.9991243,0.9991486
TUBB2A,0.99202883,0.99395645,0.99500275,0.99176997,0.9923388,0.9922612,0.99611986,0.9917842
GGNBP2,0.9988306,0.99919146,0.9994054,0.9988814,0.9989656,0.99890244,0.9995363,0.9986685
ARHGAP44,1.0022461,1.0017056,1.0014071,1.0022662,1.002131,1.0021399,1.0011023,1.0022985
CARD14,1.0001222,1.0001063,0.99999624,0.999961,0.9999024,0.99983627,0.99992,0.99970055
CIC,0.999103,0.9992697,0.9997684,0.9995604,0.99942905,0.999442,0.9998505,0.99947524
DIP2C,0.99598545,0.996929,0.99734,0.99573374,0.99614835,0.9959618,0.9979424,0.9957911
RIPOR3,1.0049577,1.0037383,1.0031983,1.0051765,1.0048463,1.0050049,1.0025021,1.0045254
CCNT2,0.9939235,0.9953333,0.9964024,0.9940485,0.99432164,0.99437594,0.99725294,0.9944649
ZC3H14,1.0032214,1.0026027,1.0017207,1.0028901,1.0028756,1.0025,1.001247,1.0020308
PER2,1.0023856,1.0017903,1.001731,1.0027328,1.0024889,1.0027318,1.0014061,1.0025562
DCAF7,0.9939531,0.9954171,0.99634486,0.99393034,0.99429923,0.9943098,0.9972111,0.9942937
MAP2K7,1.003211,1.0024589,1.0016936,1.0028852,1.0028148,1.0025511,1.0012162,1.0024775
AMOTL1,0.996414,0.9972857,0.99783015,0.9964287,0.9966152,0.99675536,0.9984195,0.9967276
HBD,0.99708533,0.9978248,0.9982567,0.99705625,0.9972908,0.9973185,0.99872226,0.9973488
PSMC5,0.99810684,0.998552,0.99907875,0.998358,0.99828696,0.99851966,0.9993342,0.998376
FOXP2,0.99225223,0.9942171,0.99458945,0.99117327,0.9922389,0.99186933,0.9958145,0.9916287
DACT1,0.9962272,0.9971573,0.9981907,0.9968521,0.99687237,0.9972935,0.99877423,0.9962498
PAPOLG,1.0000712,1.0000652,1.0002012,1.0002673,1.0001419,1.0001571,1.0001564,1.0002161
FBXW5,0.9966395,0.99739134,0.99788296,0.9966022,0.99687994,0.9968538,0.9984051,0.9963891
POTEH,0.99634814,0.9972426,0.99778825,0.9962901,0.99656504,0.9965597,0.998328,0.99653983
CTB-186H2.3,0.9967072,0.99750435,0.9980099,0.9966529,0.996889,0.9968914,0.9984898,0.9969293
FLJ00273,0.9967072,0.99750435,0.9980099,0.9966529,0.996889,0.9968914,0.9984898,0.9969293
CD93,0.9971582,0.99790144,0.9976039,0.9961183,0.99661255,0.99624616,0.99800557,0.9960753
MFHAS1,1.0044048,1.0033596,1.0026195,1.0042266,1.0039126,1.0038553,1.001921,1.0039126
BTRC,1.0019238,1.0014017,1.001278,1.002021,1.0017967,1.0019833,1.0009971,1.0020049
FBH1,1.0013282,1.001125,1.0004951,1.0008138,1.0009481,1.0006866,1.0003289,1.0007948
ANO9,0.99691755,0.99765927,0.99811125,0.99683404,0.99706197,0.9970404,0.9985552,0.99708164
SETD1A,0.9993973,0.9995167,0.9997858,0.9995928,0.9995471,0.9997586,0.99991417,0.9992305
WNT9B,0.9967072,0.99750435,0.9980099,0.9966529,0.996889,0.9968914,0.9984898,0.9969293
LRRC4,1.0015197,1.0011059,1.0006857,1.0011501,1.0012163,1.0011457,1.0005088,1.0014307
NPIPB5,1.0018756,1.0014845,1.0010078,1.0015794,1.0014724,1.0013901,1.0006723,1.0012474
ZNF462,0.99033195,0.9927621,0.994004,0.99014324,0.99084246,0.9908035,0.9954747,0.99054766
ZMAT5,1.0028079,1.0021691,1.001618,1.0025465,1.0023465,1.0023805,1.0011603,1.001962
TLE3,0.99252677,0.99427986,0.99553365,0.99257934,0.9929396,0.9928572,0.9965646,0.99371827
CYP17A1,0.9973033,0.99795526,0.99838746,0.99726295,0.99744,0.99746037,0.9987727,0.997487
EFR3A,1.001222,1.000971,1.0004835,1.0008042,1.0008488,1.0007081,1.0003035,1.0004857
ULK1,0.9923239,0.99413776,0.99515176,0.99205625,0.9925473,0.9925143,0.9962584,0.9925444
S100G,0.9977423,0.9982874,0.99858034,0.9976168,0.997813,0.9978118,0.99892396,0.99780524
TRERF1,1.0007839,1.0004838,1.0002711,1.0005862,1.0004808,1.0003917,1.0001221,1.0002084
IFRD2,1.001833,1.0014645,1.0015206,1.0023558,1.0021149,1.0021945,1.0012835,1.0027903
EIF2A,1.0025799,1.001951,1.0014462,1.0023304,1.0021787,1.0022923,1.0010848,1.0022883
MOB4,0.9944157,0.9956843,0.99637073,0.9939958,0.9942973,0.99444777,0.9971622,0.9944437
ANKS4B,0.9954846,0.9966395,0.9972369,0.9954196,0.9957265,0.9955463,0.9978536,0.99565715
FAM72A,1.0031452,1.0023675,1.0020921,1.0034465,1.0029956,1.003336,1.0016558,1.0028006
PARN,1.0036238,1.0027108,1.0023077,1.003706,1.0034555,1.0035803,1.0018022,1.0034735
GSTM1,1.0022503,1.0019217,1.0012311,1.0019989,1.0020021,1.001734,1.000919,1.0010499
DNTT,0.9967072,0.99750435,0.9980099,0.9966529,0.996889,0.9968914,0.9984898,0.9969293
SNTA1,0.9974191,0.9980261,0.99882126,0.9979561,0.998005,0.99821323,0.99925286,0.9982685
KRTAP2-2,0.9967072,0.99750435,0.9980099,0.9966529,0.996889,0.9968914,0.9984898,0.9969293
HECTD4,0.99627566,0.9972545,0.9975139,0.99591327,0.9965733,0.9963994,0.99816644,0.99594295
DEFB128,0.9967072,0.99750435,0.9980099,0.9966529,0.996889,0.9968914,0.9984898,0.9969293
TGM6,0.9967072,0.99750435,0.9980099,0.9966529,0.996889,0.9968914,0.9984898,0.9969293
NBPF12,1.0008528,1.000653,1.0005624,1.000814,1.0007641,1.0009747,1.0004773,1.0008302
KLHDC10,0.9875988,0.9906434,0.99256,0.98777926,0.9885202,0.98839194,0.99437875,0.98893356
HTN1,0.99663633,0.9974498,0.997971,0.9965885,0.9968267,0.9968314,0.99846184,0.9968804
SLC28A1,0.9970533,0.9976388,0.9983793,0.997233,0.9973135,0.9976436,0.9988446,0.99760216
KATNAL2,1.0021666,1.0016627,1.0010716,1.0018096,1.001738,1.001657,1.0007519,1.0012358
ING1,0.9991821,0.9993923,0.99974537,0.99945015,0.9993745,0.9995425,0.9998723,0.99957836
MGRN1,1.0017431,1.0013897,1.000887,1.001478,1.0014272,1.0010879,1.0005386,1.0004588
SLC25A46,0.9974967,0.99812543,0.9986333,0.99760795,0.99772215,0.9980135,0.9990862,0.99791443
CHN2,1.0053895,1.0041931,1.0027057,1.0045037,1.0045269,1.0043514,1.002001,1.0041578
C19orf33,0.9967072,0.99750435,0.9980099,0.9966529,0.996889,0.9968914,0.9984898,0.9969293
WWC2,1.0018277,1.0013889,1.0008211,1.0014231,1.0013641,1.0013634,1.0005782,1.0008262
TOP3B,0.99787176,0.9983921,0.99855053,0.99751496,0.99779224,0.99780625,0.99892277,0.99842805
PRR12,0.99924886,0.9993713,0.999709,0.9994662,0.9993899,0.9995023,0.9998357,0.99969286
TTC12,1.0052621,1.0039594,1.0032587,1.0052772,1.0048485,1.0048847,1.0024244,1.0047362
KCNT1,1.0046127,1.0034888,1.0026615,1.0044187,1.0042341,1.0041203,1.0019858,1.0038588
MCPH1,1.0070175,1.0053972,1.004057,1.0066233,1.0062358,1.0061876,1.0029998,1.0056257
GSS,1.0020746,1.0017285,1.0014279,1.0022078,1.0021987,1.0019877,1.0011408,1.0022895
MOGS,1.0085459,1.006519,1.0052121,1.0085922,1.0080793,1.007882,1.0039176,1.0077121
PRAMEF10,0.9967072,0.99750435,0.9980099,0.9966529,0.996889,0.9968914,0.9984898,0.9969293
HMGN2,0.9974978,0.99807894,0.99832886,0.99721456,0.9973174,0.9973806,0.9986528,0.9973179
KRTAP5-2,0.9985285,0.9988433,0.9990934,0.9984291,0.9985584,0.9985609,0.999295,0.99865496
EIF2AK1,0.99827904,0.99870735,0.999087,0.99852717,0.9985738,0.9981984,0.99925303,0.9986353
PPP1R17,0.9821156,0.98648715,0.9890065,0.9818213,0.9834061,0.9833136,0.99186814,0.98503476
ERI1,0.99486065,0.9961602,0.99703807,0.995084,0.99533385,0.99522686,0.99778855,0.9951486
NRG4,1.000401,1.0002776,1.0001299,1.0001928,1.000179,1.000046,1.000031,1.0005107
EMSY,1.004404,1.0034842,1.0027483,1.004422,1.0042224,1.0039133,1.0020182,1.0034683
TCEAL1,0.99916255,0.9994532,0.9996859,0.99935293,0.99957085,0.9996605,0.99991274,0.99948204
MBNL1,1.0008315,1.0006955,1.0002601,1.0004095,1.000555,1.0005151,1.0001837,0.99977195
KIAA0232,0.9965184,0.9974096,0.9974797,0.99584216,0.9962553,0.996076,0.9979576,0.995783
DUS1L,1.0034993,1.0027333,1.0021257,1.0034637,1.0033033,1.0032429,1.0016327,1.0026982
TMEM140,0.99776006,0.99826217,0.9987757,0.9978969,0.99800247,0.9981771,0.99912965,0.99810684
GRIN1,0.9997058,0.99981415,0.9998685,0.9997857,0.9996874,0.9997704,0.9999455,0.99998164
SLC16A1,0.99925613,0.99954116,0.9994899,0.99920607,0.9992708,0.9991353,0.9996283,0.9990929
IFNA5,0.9967072,0.99750435,0.9980099,0.9966529,0.996889,0.9968914,0.9984898,0.9969293
HIST1H1A,0.9967072,0.99750435,0.9980099,0.9966529,0.996889,0.9968914,0.9984898,0.9969293
TCF24,0.9967072,0.99750435,0.9980099,0.9966529,0.996889,0.9968914,0.9984898,0.9969293
RYBP,0.99545264,0.99653935,0.9968839,0.99480975,0.9952756,0.9949831,0.99747634,0.9958405
HIST1H2BK,0.9967072,0.99750435,0.9980099,0.9966529,0.996889,0.9968914,0.9984898,0.9969293
RPS6KA3,1.0000315,1.0001038,0.99998975,0.9998784,0.99993193,0.9998699,0.99994504,0.9990969
HIST1H1E,0.9967072,0.99750435,0.9980099,0.9966529,0.996889,0.9968914,0.9984898,0.9969293
MYH2,0.99701893,0.99774086,0.99818385,0.99694574,0.99716806,0.99715257,0.99861455,0.9971473
TOMM7,0.998253,0.9986062,0.99874324,0.9978881,0.9979849,0.99806285,0.99896073,0.99806863
TMEM14C,0.99728745,0.9979925,0.99809575,0.99690473,0.99737155,0.99720883,0.998569,0.9969419
RIPPLY1,0.99717176,0.99785113,0.99827516,0.99709266,0.99729466,0.9972811,0.99867916,0.9973706
SMIM15,0.99428886,0.9957188,0.9965963,0.99436903,0.9947159,0.9946314,0.9974418,0.9945391
TPBGL,0.9969013,0.99765253,0.9980977,0.9968072,0.9970529,0.99703145,0.9985511,0.9970948
BDKRB2,0.99927795,0.99942493,0.99971634,0.9994048,0.9993981,0.9995562,0.99982095,0.9994248
NRSN2,0.99926114,0.9994582,1.0000095,0.9998745,0.99965787,0.99983263,1.0000926,0.9996545
IFITM1,1.0037717,1.0029716,1.0020628,1.0032767,1.0031462,1.0029016,1.001422,1.00262
ARF1,0.9934627,0.99506664,0.99600387,0.9933287,0.9937954,0.99371827,0.9969188,0.99366415
MSH2,0.9982946,0.998729,0.9994879,0.9989852,0.99882704,0.9989991,0.999704,0.99907744
SCNN1D,1.0019324,1.0015228,1.0009753,1.0016968,1.0016111,1.001467,1.0007328,1.0013484
RAC3,1.0015614,1.00116,1.0013318,1.002031,1.0017688,1.0019243,1.0010674,1.002344
RPS12,0.99585295,0.9968058,0.99739444,0.9956453,0.9958602,0.99599326,0.9979511,0.99568564
SMIM22,0.9974397,0.9980624,0.99840415,0.997306,0.9975251,0.99746585,0.99876654,0.997627
NBPF20,0.9896668,0.9922666,0.9935527,0.98938066,0.9902789,0.9898563,0.99508,0.99061894
ZNF71,1.0003878,1.0003893,1.0002879,1.0003929,1.0004301,1.000416,1.0002742,1.000201
EFCAB9,0.9967072,0.99750435,0.9980099,0.9966529,0.996889,0.9968914,0.9984898,0.9969293
C2orf72,1.0026648,1.0020828,1.0015694,1.0025955,1.0022744,1.002177,1.0011533,1.0024676
PTMS,0.9959104,0.9968828,0.99745643,0.99577385,0.996111,0.9960808,0.99806124,0.99620783
ZNF580,0.9992647,0.9993559,0.99928796,0.99892926,0.99893117,0.9989248,0.9993997,0.99918276
ARF3,0.9999676,1.0000783,1.0000864,1.0000565,1.0001957,1.0000945,1.000122,0.9997443
MLANA,0.9944768,0.9957948,0.9969629,0.99484915,0.99505556,0.99525774,0.9977889,0.99553525
LLPH,1.0016351,1.001211,1.0013113,1.002048,1.0016943,1.0019479,1.0010283,1.0016421
LSM10,0.9998839,1.0000024,1.0002775,1.000329,1.0002751,1.0003941,1.0003388,0.99988353
GSTA2,0.9966953,0.9974985,0.99799263,0.9966278,0.9968753,0.99686563,0.99847555,0.99688196
C3orf56,0.99686813,0.9976058,0.9981278,0.9968465,0.9970437,0.9970993,0.9985871,0.9971676
BST2,0.9931539,0.9948374,0.9958433,0.99304783,0.9936944,0.99363095,0.99685967,0.9935297
WASHC3,1.0005863,1.0004368,1.0003171,1.0004708,1.000582,1.0004692,1.0002557,1.0010499
GATC,1.0020521,1.0017335,1.0012113,1.0019255,1.0021024,1.0019059,1.001034,1.0022484
TGFBR3L,0.9980113,0.9985612,0.9986812,0.9977753,0.9979966,0.9978906,0.99896646,0.99799585
VIP,1.0046384,1.0034664,1.0026037,1.0042506,1.0039997,1.0038965,1.0018694,1.0044639
UBA6,0.9957254,0.9967283,0.99722934,0.9954604,0.9959223,0.995615,0.9977854,0.9956659
NUDCD2,0.9968958,0.9976994,0.99831414,0.99708146,0.9972838,0.99743867,0.9988514,0.9976971
FCER1G,1.0019827,1.0015547,1.0012003,1.0018662,1.0017648,1.0018759,1.0008821,1.0009326
YWHAZ,0.9958384,0.99681115,0.9974257,0.995698,0.99590075,0.9959968,0.99798536,0.9958417
MKX,0.9977338,0.9983083,0.9984864,0.99744654,0.99767965,0.9975712,0.9988275,0.9979908
BPIFA1,0.9967072,0.99750435,0.9980099,0.9966529,0.996889,0.9968914,0.9984898,0.9969293
IL3,0.9967072,0.99750435,0.9980099,0.9966529,0.996889,0.9968914,0.9984898,0.9969293
VPREB3,0.99819565,0.99866176,0.99890685,0.99807096,0.998237,0.99831855,0.99921083,0.9987887
ABCC5,1.0001413,1.0001574,0.9999368,0.9998002,0.9999291,0.9996904,0.99983644,0.99982643
MDFI,1.0029151,1.0022343,1.0018073,1.0028825,1.0024446,1.0029712,1.0014038,1.0018449
CA3,1.0004691,1.0002842,1.0006738,1.0009899,1.0007396,1.0008645,1.0005715,1.0013292
CD59,1.0001417,1.0001382,1.0000589,1.0000074,1.0000532,1.0000023,1.0000266,1.0002344
C4orf19,0.99706644,0.99796486,0.9982723,0.9970794,0.9972872,0.9971564,0.99869967,0.9966059
CARHSP1,0.99930936,0.9995719,0.9998698,0.9996474,0.9997584,0.99986994,1.0000496,0.999761
CDH13,1.0029311,1.0022094,1.0020132,1.003155,1.0027007,1.003013,1.0015743,1.003172
CORO2B,0.99626005,0.99715173,0.99759495,0.9960385,0.9963157,0.99637604,0.99821454,0.99680746
NDUFB6,0.99874794,0.99908316,0.9993048,0.99878824,0.99899435,0.99891317,0.99950814,0.9991479
UMODL1,0.9991644,0.99935454,0.9994481,0.9990104,0.999046,0.99907684,0.9995486,0.9991828
MRPS28,0.9980589,0.9986225,0.9990703,0.99829036,0.99844325,0.9983783,0.9993798,0.9990962
HHAT,1.0049026,1.0036836,1.0030619,1.0049772,1.004574,1.0046362,1.0022843,1.0042098
SPP2,0.9967072,0.99750435,0.9980099,0.9966529,0.996889,0.9968914,0.9984898,0.9969293
ASB17,0.9967072,0.99750435,0.9980099,0.9966529,0.996889,0.9968914,0.9984898,0.9969293
PLA2G16,0.9967072,0.99750435,0.9980099,0.9966529,0.996889,0.9968914,0.9984898,0.9969293
SLC6A13,0.99775547,0.99827254,0.9986949,0.99776703,0.9979212,0.9979588,0.9990239,0.99813104
PCDHA8,0.99915326,0.9993366,0.9994633,0.9989706,0.9990365,0.9991464,0.99961436,0.9997786
TMEM179,1.0056003,1.0042056,1.0034227,1.0056529,1.0051148,1.0051696,1.002567,1.0053182
ZNF781,1.0013655,1.0009443,1.0004857,1.0008038,1.0008088,1.0010127,1.0003597,1.001155
C11orf24,0.9994244,0.9995631,0.99996424,0.99982166,0.99961364,0.9998973,1.0000455,0.9994131
GALNT18,1.0053178,1.0039141,1.0030977,1.0051062,1.0048124,1.0048668,1.0023346,1.0053121
GADD45G,0.9978072,0.99824405,0.9988505,0.9979644,0.99790657,0.9982258,0.9991629,0.99811256
TLR3,0.9991976,0.9993448,0.99950236,0.9991038,0.9991647,0.9992013,0.9995903,0.9992293
IL27,0.9969421,0.9976789,0.99815524,0.99689233,0.9971058,0.9971088,0.99859715,0.9971384
ISL2,0.999744,0.99983203,0.9997909,0.99963075,0.9997647,0.9995593,0.9997945,0.999451
ARHGAP18,1.0039036,1.0029318,1.0020597,1.0034207,1.0032346,1.0032508,1.0014651,1.0025852
NCKAP1L,0.9972502,0.9979632,0.99802697,0.9967283,0.99718106,0.9970883,0.9984703,0.9967394
GLYAT,0.99678284,0.9975583,0.9980508,0.99672127,0.99695194,0.9969539,0.9985186,0.99700844
CST2,0.9967072,0.99750435,0.9980099,0.9966529,0.996889,0.9968914,0.9984898,0.9969293
GHRL,0.9960753,0.99702096,0.9976877,0.996131,0.99636453,0.9963639,0.9982519,0.99644476
ZDHHC2,1.0028007,1.0022311,1.002009,1.0031488,1.0030446,1.0031004,1.0016506,1.0026268
PTPRE,1.0030146,1.0023679,1.0017021,1.0027311,1.0026352,1.0025059,1.0012479,1.0025296
SNAPC4,1.0015259,1.0011559,1.0006936,1.001175,1.0010686,1.0010982,1.000459,1.0003215
KRTAP10-6,0.9967072,0.99750435,0.9980099,0.9966529,0.996889,0.9968914,0.9984898,0.9969293
PRR32,0.9967072,0.99750435,0.9980099,0.9966529,0.996889,0.9968914,0.9984898,0.9969293
TMEM39B,1.0009527,1.0008126,1.0004761,1.0008225,1.0009326,1.0007582,1.0004275,1.001248
LYPD4,0.99666595,0.9974749,0.9979702,0.9965961,0.99684525,0.99682856,0.99845636,0.9968504
TMEM249,1.0050793,1.0038716,1.0032376,1.0053234,1.0049092,1.0050528,1.0024884,1.0037267
FPR3,0.99612033,0.99705625,0.9977144,0.99617296,0.99640536,0.9964063,0.9982722,0.9964777
DCDC2B,0.99732244,0.9979441,0.9984991,0.9974439,0.99756056,0.99759525,0.9988776,0.997903
EBF1,0.9764439,0.9820292,0.9855156,0.9761617,0.9777041,0.9778896,0.9889247,0.97677433
MADCAM1,0.9971036,0.99778885,0.99823725,0.9970398,0.9972378,0.9972342,0.99865043,0.997277
AMPD1,0.9967339,0.9975202,0.9980216,0.9966754,0.99690783,0.9969073,0.9984963,0.99697113
DOT1L,0.995971,0.9971039,0.9974657,0.99584055,0.9965365,0.9963739,0.9982474,0.9962245
RNF151,0.99654794,0.9973819,0.99792194,0.9965075,0.9967487,0.9967556,0.9984262,0.99681604
PRDX6,0.99715126,0.99778414,0.9984119,0.9972937,0.9973391,0.99753565,0.9988426,0.99804705
AIF1L,0.99684143,0.9976498,0.99822336,0.99693966,0.9969964,0.99691623,0.99861765,0.99744666
IL20,0.99676675,0.99754906,0.99803686,0.99670285,0.9969377,0.9969303,0.9985063,0.9969621
LSM3,0.99960864,0.99969876,0.99977607,0.99951684,0.9995049,0.99954844,0.99980736,0.9997365
MORN4,1.004383,1.0033278,1.0026057,1.0042435,1.0040274,1.0040311,1.0019753,1.0040634
FAM168B,0.995944,0.99686694,0.99744046,0.9958477,0.996003,0.99590075,0.99798036,0.9959452
GLTP,0.9959011,0.9969089,0.99786174,0.9964692,0.9965048,0.9964007,0.99841285,0.9967345
LDLRAD2,0.9982991,0.99870396,0.9989135,0.9981662,0.9982619,0.9982337,0.99914086,0.9984115
C6orf47,1.0011317,1.0009183,1.0009692,1.0013995,1.0014205,1.0014477,1.0008378,1.0014725
SCARA3,0.99540985,0.9965028,0.9974446,0.9957458,0.99598044,0.9957067,0.99805117,0.9962713
KRIT1,1.0001149,1.0000222,0.99978185,0.9996809,0.9997329,0.9995197,0.999707,0.99978817
GPR31,0.9967072,0.99750435,0.9980099,0.9966529,0.996889,0.9968914,0.9984898,0.9969293
PABPC1L,0.9998698,0.9999467,0.9999262,0.9998648,0.9999784,0.99999917,1.0000038,0.9993043
GPX4,0.99900126,0.99928075,0.9994198,0.99898565,0.99907804,0.99909127,0.9995857,0.9989908
ABTB1,1.002175,1.0016531,1.0013605,1.0021949,1.0019948,1.0020063,1.0010107,1.001469
SIRPB2,0.99989593,0.99982804,1.0000467,0.99995977,0.99995816,1.0000892,1.0000618,1.0004729
ITSN1,0.99714065,0.9977955,0.9986508,0.99758637,0.9974724,0.99787617,0.9991058,0.9990843
TCF12,1.002989,1.0022545,1.0017204,1.0027927,1.0025795,1.0025281,1.0012461,1.0029212
PRKD3,0.9974158,0.99794304,0.99862915,0.9976235,0.9976784,0.9977401,0.99897677,0.9987058
KLC1,0.98961544,0.99212795,0.9935815,0.9894119,0.9901768,0.9901643,0.9950834,0.9896844
TPRX1,0.9967072,0.99750435,0.9980099,0.9966529,0.996889,0.9968914,0.9984898,0.9969293
C2orf40,0.9967072,0.99750435,0.9980099,0.9966529,0.996889,0.9968914,0.9984898,0.9969293
CHCHD4,1.0040357,1.0030825,1.002723,1.0043926,1.0038867,1.0040269,1.00209,1.0037578
UPP1,1.0074528,1.0057498,1.0043375,1.0071802,1.0068941,1.0066035,1.0032203,1.0057019
DESI2,1.0006613,1.000594,1.0002426,1.0003961,1.000179,1.0001577,1.000099,1.0003035
PRR23A,1.0006285,1.0004854,1.0002253,1.0003405,1.0003545,1.0002306,1.0000949,1.0004497
OLFM3,0.9931003,0.9948766,0.99620736,0.99348426,0.99397945,0.9943234,0.9973147,0.9933096
NUDT4,1.0001982,1.0002145,1.0001314,1.0001924,1.0001612,1.000001,1.0000731,0.9999521
SNX22,0.9973519,0.99801135,0.99862146,0.9976805,0.99766314,0.99768335,0.99899936,0.9980602
TIFA,0.99713683,0.9978831,0.9981706,0.9968232,0.9972762,0.9970812,0.99857056,0.99698764
EPHB1,0.99086523,0.9930838,0.994904,0.9914644,0.9919155,0.99236864,0.99637914,0.99263495
C11orf68,1.0001125,1.0000377,1.000136,1.0002178,1.000182,1.0002892,1.0001442,0.99962103
CACNA1D,1.0039016,1.0029807,1.0022486,1.0037415,1.0036085,1.0034808,1.001687,1.0028608
KIRREL3,1.0026042,1.0019279,1.0014783,1.0024571,1.0023887,1.0022411,1.00114,1.0029153
PRR30,0.9967072,0.99750435,0.9980099,0.9966529,0.996889,0.9968914,0.9984898,0.9969293
ATOH1,0.9967072,0.99750435,0.9980099,0.9966529,0.996889,0.9968914,0.9984898,0.9969293
NUAK1,0.99488884,0.9961297,0.99694383,0.9949198,0.995286,0.99543667,0.9977199,0.99459183
GVQW3,0.9967072,0.99750435,0.9980099,0.9966529,0.996889,0.9968914,0.9984898,0.9969293
TCTE3,0.9968779,0.9975985,0.9980495,0.9967753,0.99701697,0.99689937,0.9984646,0.9967052
GARNL3,1.0029194,1.0020864,1.0021392,1.0034224,1.0028914,1.0030825,1.0016133,1.0037191
CALHM3,0.9968,0.9975711,0.99805737,0.99673474,0.9969653,0.9969627,0.9985219,0.9970153
EMCN,1.0042417,1.0032346,1.0024432,1.0039103,1.0035956,1.0036646,1.0017753,1.0032663
EFCAB8,0.9967072,0.99750435,0.9980099,0.9966529,0.996889,0.9968914,0.9984898,0.9969293
FAM177A1,1.0019646,1.0016263,1.0012801,1.0020205,1.0020646,1.0019482,1.0010234,1.0012984
SPRY1,0.99987966,1.0001079,1.0000323,0.999989,1.0000005,0.9998588,1.0000486,0.99946445
NCAPG,1.0036848,1.002913,1.0024095,1.0038973,1.0035511,1.0033245,1.0018055,1.003473
AZGP1,0.99637884,0.9972167,0.9978845,0.9964727,0.99664295,0.9966926,0.9984017,0.9968368
RGS2,0.99697804,0.9977493,0.99804306,0.9967984,0.99718535,0.99699926,0.99850994,0.99679255
ARHGDIB,0.9968016,0.99750423,0.99778473,0.9963789,0.9966062,0.996641,0.99822533,0.9962045
ADTRP,0.99664605,0.9974394,0.99801755,0.99668115,0.9968772,0.9968798,0.9985055,0.9971199
CD151,0.99750006,0.99816346,0.9986656,0.99770194,0.9978287,0.99776065,0.99904346,0.99845994
G3BP2,0.9907094,0.99294245,0.9942788,0.9905886,0.99125504,0.9912545,0.99565995,0.9910469
CXXC5,0.99985945,0.99995255,0.99999195,0.99994254,1.0001571,1.0001248,1.0000647,0.99889493
RESP18,0.9964107,0.9972857,0.99778724,0.9963026,0.99658287,0.996564,0.99831605,0.99653554
EOGT,0.9995787,0.99976224,0.99990326,0.9997487,0.99965286,0.9996432,0.9999278,0.99943453
TKT,0.9998724,0.99994534,0.9999361,0.9998194,0.99991477,0.999956,1.0000156,1.0000775
NT5M,1.0009851,1.0007515,1.0006273,1.0010563,1.001015,1.0005991,1.0004367,1.0016619
KATNAL1,0.99136114,0.9933737,0.99480724,0.99142754,0.99179196,0.99179876,0.9960326,0.9926053
IFI44L,1.0028777,1.0021079,1.0021737,1.0033791,1.0027084,1.002919,1.0016239,1.0040296
VGLL2,0.99736476,0.9980042,0.9984665,0.9973805,0.99755585,0.99761105,0.99885505,0.99755543
RWDD2A,1.0011512,1.0009732,1.0006883,1.0011109,1.0012404,1.0012358,1.0006542,1.0010927
MPLKIP,0.9968776,0.9977087,0.99818027,0.9968775,0.99717224,0.9971344,0.99867594,0.99735224
IFNG,0.9969466,0.997685,0.9981291,0.9968542,0.9970894,0.99705756,0.99856853,0.9971573
EMC9,1.001038,1.0008017,1.0008496,1.0013344,1.001162,1.0010365,1.0006396,1.0010935
KIAA0319,0.99906063,0.9993333,0.9993845,0.9989557,0.9990136,0.99880373,0.9995241,0.9998251
BAD,0.9987194,0.99905884,0.9992565,0.99874777,0.99885213,0.9988395,0.99947226,0.9988516
POLRMT,1.0005056,1.0003173,1.0001547,1.0002868,1.0002112,1.0000949,1.0000207,1.0000911
CEACAM19,1.0092251,1.0069578,1.0052977,1.0086478,1.0080986,1.0080856,1.00391,1.0084821
C20orf173,1.0015438,1.001199,1.0009856,1.0014944,1.0013961,1.001551,1.0007834,1.0013123
ARL13A,0.99684393,0.9976009,0.99810755,0.9968078,0.9970161,0.9970484,0.99856734,0.9970914
ASF1A,0.99752325,0.99816215,0.99852157,0.99749714,0.9976632,0.9978212,0.99890673,0.9972357
FAM71F2,1.0008736,1.0006561,1.0003672,1.0006264,1.0006008,1.0003878,1.0002203,1.0008626
MYL12A,0.99671817,0.9975034,0.9980788,0.99679714,0.99689424,0.9970313,0.9985864,0.99736774
NEFM,0.99047965,0.99268657,0.99399626,0.9901686,0.9907981,0.9907782,0.9953239,0.9903187
CELA3A,0.9967072,0.99750435,0.9980099,0.9966529,0.996889,0.9968914,0.9984898,0.9969293
CDK13,0.99670035,0.9975283,0.9980672,0.99675345,0.99695563,0.9971688,0.9986397,0.99712944
KIF9,1.0023191,1.0017531,1.0014397,1.0023872,1.0023085,1.0023263,1.0011755,1.0024312
HES5,0.9960547,0.9968893,0.99740607,0.9958087,0.99583197,0.9956729,0.99789464,0.9968178
VSIG2,0.9989364,0.9991361,0.99947566,0.99905753,0.99890643,0.9990711,0.99957705,0.9990983
TMEM241,1.0017278,1.001246,1.001342,1.00215,1.0019131,1.0022465,1.0011504,1.001707
SPIC,0.9969834,0.99771553,0.99814427,0.99687815,0.9971126,0.9971045,0.9985827,0.9971036
NSMCE1,0.99952894,0.99961907,1.0000944,0.99998844,0.99974704,1.0000159,1.0001426,1.0002441
BRF1,0.9966178,0.9974848,0.9983163,0.997097,0.9971672,0.99730396,0.998804,0.9972968
TM4SF19,0.9967072,0.99750435,0.9980099,0.9966529,0.996889,0.9968914,0.9984898,0.9969293
SLC35D2,0.99872994,0.9989153,0.9993133,0.9989095,0.9989346,0.99901617,0.999509,0.99901664
OVCA2,1.0067015,1.0052145,1.0038732,1.0062802,1.0061517,1.0059613,1.0029328,1.0052509
MTHFS,0.9973066,0.99790895,0.99844015,0.9973511,0.9974162,0.99752784,0.9988167,0.997666
SOX5,1.0003645,1.000196,1.0008454,1.0011225,1.000911,1.0011818,1.0007638,1.0015037
AADACL4,0.9967088,0.9975005,0.9980086,0.9966544,0.99688864,0.9968978,0.99848986,0.99694204
SYT1,0.9933717,0.99497914,0.9958962,0.993085,0.9936494,0.9937233,0.9968772,0.9941905
CYLC1,0.9975275,0.9981312,0.9984294,0.99735427,0.99757165,0.99755466,0.9987858,0.99744546
ZNF76,1.0029829,1.0023054,1.0016774,1.0028243,1.0027764,1.0026497,1.0012969,1.0022846
EXT1,1.0025108,1.0018657,1.0013795,1.0023011,1.0021424,1.0019796,1.0009683,1.0020394
NALCN,1.0087724,1.0068328,1.0052391,1.0085636,1.0082886,1.0079968,1.0039897,1.0078027
PIN1,0.9980501,0.9984806,0.99914455,0.99847853,0.9983727,0.9984571,0.9993831,0.999025
RRAGC,1.0003873,1.0003958,1.0002099,1.0002812,1.0004926,1.0002811,1.0002078,1.000272
EDAR,0.99667925,0.9974783,0.99799204,0.99662864,0.99685824,0.9968462,0.99846923,0.9969145
RPL12,0.9971143,0.99774814,0.99810547,0.9968494,0.99704087,0.99707013,0.9984808,0.9969636
EAF1,1.0012828,1.0009099,1.0009974,1.0015396,1.001278,1.0014728,1.0008051,1.0018197
LSM1,1.0005711,1.0004424,1.0006745,1.0009491,1.0007021,1.0009567,1.0005691,1.0006614
TMEM91,1.0039625,1.0029064,1.0026473,1.004272,1.0036817,1.0038599,1.0019499,1.0033946
SPDYC,0.9967236,0.997504,0.9979873,0.99662435,0.9968549,0.9968718,0.9984598,0.99691
IFI30,1.0019734,1.0015669,1.0009403,1.0014329,1.0014877,1.0013561,1.0005796,1.0007051
BTBD2,0.99786377,0.99840975,0.99894494,0.998204,0.99825156,0.9984223,0.9993136,0.99803126
OVOL1,0.9968494,0.9976008,0.9980885,0.9967873,0.99700624,0.99700546,0.9985419,0.99708
EDF1,0.9974898,0.99804556,0.99851704,0.9974792,0.997586,0.9977094,0.9988587,0.99770856
ZNF346,0.99935555,0.99949515,0.9999387,0.99980307,0.9997426,0.99992806,1.0001088,1.0006251
TM4SF1,0.9965428,0.997381,0.9982034,0.9969404,0.99688673,0.99697137,0.9986468,0.997195
TSSC4,0.99671155,0.99765277,0.9979954,0.996645,0.9970765,0.99705136,0.99860245,0.9967943
TMEM147,0.9995017,0.99973243,0.9999848,0.9997896,0.9997381,0.9998518,1.0000756,0.9999645
YRDC,1.0030636,1.002339,1.0018045,1.003034,1.0028162,1.0027429,1.0013281,1.0015298
WFS1,1.000012,1.0000136,0.99999356,0.9999441,0.99994594,0.9999063,1.000008,1.0005442
PSD3,0.99858654,0.9989684,0.9988751,0.9981484,0.9983988,0.9982276,0.9990871,0.9984071
NET1,0.9993286,0.99945605,0.999414,0.9990025,0.9990001,0.9987991,0.99941736,0.99938667
OBP2A,0.9967072,0.99750435,0.9980099,0.9966529,0.996889,0.9968914,0.9984898,0.9969293
ORM1,0.9967072,0.99750435,0.9980099,0.9966529,0.996889,0.9968914,0.9984898,0.9969293
BNIP1,1.0009187,1.0008283,1.0010304,1.001555,1.001401,1.0013964,1.000903,1.001069
CD163L1,0.99885774,0.99903333,0.9995466,0.99907935,0.99893105,0.99929905,0.9997088,0.9994842
TIGAR,1.0037478,1.002824,1.0024008,1.003804,1.003685,1.0035464,1.0018158,1.0037749
ZC3H8,0.9988722,0.99909306,0.99935937,0.9989208,0.9989039,0.9987871,0.999428,0.99869895
PDCD1,0.9967072,0.99750435,0.9980099,0.9966529,0.996889,0.9968914,0.9984898,0.9969293
KAZN,0.99970853,0.99983144,0.9998792,0.99981534,0.99984956,0.9995811,0.9999051,0.9999692
CLEC3A,0.99676675,0.99754906,0.99803686,0.99670285,0.9969377,0.9969303,0.9985063,0.9969621
UBE2J2,1.001181,1.0009776,1.000463,1.0007386,1.0009408,1.000762,1.000367,1.0010648
DEK,0.99825853,0.99876416,0.99874365,0.9979431,0.9981633,0.99805665,0.9990009,0.9973984
PPP1R3D,1.0003572,1.0002183,0.99989474,0.9997369,1.0000255,0.9997618,0.99985665,1.0010178
HIST1H4F,0.9967072,0.99750435,0.9980099,0.9966529,0.996889,0.9968914,0.9984898,0.9969293
DCAF11,0.9977455,0.9983905,0.9988864,0.99808776,0.99820924,0.9982316,0.999251,0.99769104
ADCY5,1.0038222,1.0028969,1.0026022,1.0041376,1.0037932,1.0038252,1.0019791,1.0034192
MYOZ2,0.9964381,0.99725425,0.99788314,0.99642,0.996708,0.99680614,0.99842453,0.9967432
HAVCR1,0.99681413,0.9975871,0.9981376,0.9968463,0.99702144,0.9970891,0.9986058,0.9971243
TRAM1L1,1.0007012,1.000572,1.0009475,1.0013363,1.001106,1.0015876,1.0009357,1.0014834
RPUSD1,0.9976009,0.99818826,0.9986274,0.9976987,0.99767315,0.9979266,0.9990172,0.99757403
KIR2DL3,0.99701047,0.9977342,0.9981996,0.9969621,0.9971696,0.9971623,0.99862766,0.9972321
LYPD5,0.9979763,0.998476,0.99873686,0.99787056,0.9980563,0.9979414,0.9990103,0.99805737
ACBD6,0.9971442,0.99794483,0.99887776,0.9979974,0.9979731,0.9978807,0.999243,0.9980367
SYT7,0.99440247,0.99573505,0.9964452,0.99422085,0.99477357,0.9948248,0.99734205,0.9942234
APOL4,1.0040019,1.0029882,1.0024449,1.0039849,1.003566,1.0036646,1.0017803,1.0031208
NKIRAS1,0.9975972,0.9981288,0.9987609,0.9978962,0.99798876,0.99832165,0.9992116,0.99851155
LRRC4C,0.9985131,0.9989716,0.9987175,0.99807763,0.9983802,0.9979272,0.9989383,0.99777067
KDM1B,1.0033813,1.0025177,1.0022435,1.0036205,1.003243,1.0034516,1.0017464,1.0033269
NCCRP1,1.0018334,1.0013852,1.0010098,1.0016228,1.0014956,1.001534,1.0007237,1.0013087
MRPL52,0.99898076,0.9993448,0.99967897,0.99928594,0.9993482,0.9993522,0.9998402,0.99944925
MRPL14,0.9979851,0.99847406,0.99895495,0.9982271,0.99829686,0.9983009,0.99926317,0.998628
GCNT7,0.99872667,0.9990008,0.9992857,0.99868745,0.9987824,0.99882305,0.99945533,0.99948287
CPD,0.99705374,0.9977615,0.99750936,0.99608815,0.9966147,0.9963309,0.9979846,0.99577653
PRPS1L1,0.9967989,0.99757487,0.9980351,0.9967071,0.9969573,0.9969435,0.99850404,0.9968928
TMBIM6,0.99684,0.9976167,0.9979566,0.9965811,0.99676085,0.996776,0.998392,0.9969374
METTL26,0.9996476,0.9997324,1.0001704,1.0001327,0.99983394,0.99993026,1.0001286,1.0001717
RNASEH2A,0.9962152,0.9972,0.99780834,0.99631464,0.99656045,0.99662054,0.9984177,0.99646294
NECAP1,0.99515224,0.99632573,0.99715286,0.9952011,0.9955439,0.995671,0.997875,0.9952487
BPIFB3,0.9967072,0.99750435,0.9980099,0.9966529,0.996889,0.9968914,0.9984898,0.9969293
ZFP36L2,0.99790335,0.9983967,0.9985157,0.99762464,0.9976444,0.9975676,0.99878216,0.99752545
ABHD12B,0.99834335,0.9987423,0.99900234,0.9982416,0.9984386,0.9984869,0.9992708,0.9987428
EFCAB2,1.0009723,1.0006747,1.000778,1.0011427,1.0009348,1.001305,1.0007066,1.002157
CCNO,1.0002888,1.0002099,1.0000625,1.0000604,1.0001076,1.0000374,0.9999877,0.9998786
PAFAH1B3,0.9996977,0.99975324,0.99974525,0.99951655,0.9996093,0.9996158,0.99976003,0.99934536
ASCL4,0.9967008,0.9974953,0.99800575,0.99664676,0.99688005,0.99688435,0.99848616,0.9969504
RSC1A1,0.99906063,0.9992143,0.9995909,0.99923605,0.9991739,0.99927235,0.99968255,0.99928534
CCT7,0.99965715,0.99977946,0.9998926,0.99970764,0.99976,0.9998085,0.9999366,0.99957025
TMEM82,0.9971645,0.9978502,0.99827504,0.99708915,0.99729365,0.99728274,0.9986813,0.99734557
NPBWR1,0.9967072,0.99750435,0.9980099,0.9966529,0.996889,0.9968914,0.9984898,0.9969293
IGFBP2,0.99412376,0.99565834,0.99659914,0.99443024,0.99471116,0.99461573,0.9975196,0.99498034
CDC42EP4,0.99770045,0.9982495,0.99871206,0.99787354,0.99788314,0.99781513,0.99898493,0.9975337
DTYMK,0.99799216,0.99852777,0.99887305,0.9980591,0.99830234,0.99822366,0.9992252,0.9988204
STAP1,0.99671346,0.99750066,0.9980021,0.9966536,0.996894,0.9969036,0.9984871,0.9969438
GNB2,0.99405974,0.99556494,0.9965137,0.99422455,0.9945953,0.99445546,0.9973911,0.9947963
MFSD3,1.003004,1.0022801,1.0019326,1.0030358,1.0027745,1.0031239,1.001534,1.0025826
PAK1IP1,1.0018358,1.0014414,1.0006692,1.0010988,1.0013616,1.0011681,1.0004709,1.0016242
RPL15,0.9935287,0.99505174,0.9959284,0.99326247,0.9936632,0.9937666,0.99683815,0.9934001
LRRC14,0.999184,0.999308,0.9995623,0.999315,0.9992798,0.9992337,0.9996761,0.99953556
DSCAML1,1.0017915,1.0013411,1.0013697,1.0021856,1.0018919,1.0020055,1.0010996,1.0021825
EEF2,0.9971051,0.9978056,0.998175,0.9969537,0.9972029,0.99721587,0.9985858,0.99674094
N4BP2L1,0.99696934,0.9977529,0.9983959,0.997272,0.9973421,0.9972428,0.99877876,0.99704194
ITGB1BP1,1.0004939,1.0003606,1.0005314,1.0007294,1.0005001,1.000649,1.0004079,1.0005194
PCGF3,0.996288,0.9971187,0.99763495,0.9960928,0.9962523,0.99655324,0.9981916,0.99602264
FERMT2,0.9933175,0.99492717,0.99596417,0.99334097,0.9936205,0.99368316,0.9969285,0.993629
TRIML1,0.99674165,0.99753034,0.9980261,0.99668217,0.99691755,0.996915,0.99849993,0.9969486
EIF4E3,0.9985533,0.99893826,0.9992472,0.9988439,0.9990252,0.99879575,0.9994821,0.9983474
CADM2,0.99444103,0.9958073,0.99665415,0.9944221,0.99476385,0.99474955,0.9974464,0.99479216
RTL3,0.9967072,0.99750435,0.9980099,0.9966529,0.996889,0.9968914,0.9984898,0.9969293
PPP4R2,1.0056219,1.0041343,1.0037048,1.0060056,1.005244,1.0057578,1.0028466,1.005358
GRIK2,1.0010363,1.0007622,1.0006723,1.0010438,1.0009421,1.0009636,1.0004436,0.9997764
MCHR2,1.0002722,1.0001758,1.0000697,1.0000794,1.0001242,1.0000902,1.0000222,1.0001782
TUSC1,1.000861,1.0006803,1.0008283,1.001202,1.0011306,1.0011894,1.0007381,1.0016223
GPR171,0.9971234,0.9979323,0.9981158,0.99680114,0.99724114,0.99705446,0.9985626,0.9970081
VWA7,0.99916506,0.9993896,0.99939513,0.99893975,0.99912846,0.99912775,0.9995489,0.9989776
IGF2,0.9967072,0.99750435,0.9980099,0.9966529,0.996889,0.9968914,0.9984898,0.9969293
H3F3B,0.9967072,0.99750435,0.9980099,0.9966529,0.996889,0.9968914,0.9984898,0.9969293
SLC35A5,1.0009545,1.0007471,1.0009717,1.001408,1.0012956,1.0014889,1.0008917,1.0019028
PDGFC,0.99397504,0.9956094,0.9961412,0.99371284,0.9944185,0.9941032,0.99715525,0.9940771
ARHGEF7,0.992174,0.9941263,0.99523926,0.9921245,0.9925528,0.9925077,0.99634576,0.99231374
IDH3G,1.0006218,1.0005019,1.0004613,1.0006363,1.0005004,1.000623,1.0003395,1.0003774
SPC25,0.9974468,0.99815905,0.9985739,0.99757195,0.9977653,0.9976274,0.9989689,0.998059
NIFK,1.0001786,1.0001159,1.0000622,1.0001259,1.0001175,1.0000665,1.0000175,0.99983585
SULT1B1,0.9968808,0.9976355,0.99813366,0.996848,0.9970589,0.99706304,0.99858284,0.9971498
CRIP2,0.99856377,0.9988891,0.9991148,0.9985022,0.9984956,0.99847174,0.9992589,0.9985633
XXYLT1,0.9948938,0.996261,0.9969083,0.994902,0.99521255,0.99507457,0.9976656,0.99468005
TMEM45A,1.0027695,1.0021967,1.0017872,1.0028281,1.002784,1.0029292,1.0015459,1.0036054
CACNA2D3,1.0004836,1.0003392,1.0004071,1.0006424,1.0006347,1.0009011,1.0004438,1.0007026
RASGEF1B,0.9963018,0.9971907,0.99818367,0.99675083,0.99707156,0.99716306,0.99876744,0.99757904
SCGN,0.9966061,0.99741715,0.9980396,0.9967911,0.9969021,0.9966252,0.998456,0.9976647
FAS,0.99775594,0.99830854,0.99867547,0.9977685,0.99785036,0.99792564,0.99901843,0.9978279
PPA2,1.0000516,0.999964,1.000207,1.0002108,1.0000411,1.0001886,1.0001472,1.0003947
THEGL,0.99678284,0.9975583,0.9980508,0.99672127,0.99695194,0.9969539,0.9985186,0.99700844
C6orf106,0.9967072,0.99750435,0.9980099,0.9966529,0.996889,0.9968914,0.9984898,0.9969293
PCDHB4,1.0071323,1.0055113,1.0040244,1.0065717,1.0063741,1.0061853,1.0030107,1.0061926
SORD,0.99893653,0.99922884,0.99961245,0.999143,0.99927926,0.99910694,0.9997605,1.0002463
THOC7,0.99912846,0.99941826,0.9998538,0.9995612,0.9996014,0.9996345,0.99999976,0.99991244
PLVAP,0.9960156,0.99707997,0.997143,0.9953687,0.99585927,0.99550825,0.9976891,0.9948195
XKR3,0.9972038,0.99791133,0.9982408,0.99704564,0.997321,0.9972912,0.99865925,0.9970288
CDH10,1.0067664,1.0050598,1.0040245,1.0065895,1.0058367,1.0061074,1.0029655,1.0063442
APH1A,0.9978782,0.99850947,0.9988661,0.99807966,0.9982978,0.9980689,0.9992069,0.9982418
GTF2I,1.0029004,1.0022238,1.0019575,1.0029709,1.0029156,1.0030164,1.0015786,1.0036501
SLC35G1,0.9969933,0.99783003,0.99810326,0.9967793,0.997254,0.9970494,0.9985821,0.997097
IPP,1.0029327,1.0023148,1.0020075,1.0031185,1.0029953,1.0030422,1.0016204,1.0031366
ASPN,0.9971218,0.9977851,0.9983036,0.99716324,0.99733436,0.99732554,0.9987154,0.9973659
PDCD2,0.99690485,0.9976689,0.9978614,0.9965931,0.99705726,0.9968754,0.99839854,0.9963327
RTRAF,0.9994246,0.9995308,0.9996713,0.99935734,0.9993838,0.9995159,0.9997548,0.999665
C18orf54,1.002022,1.0015948,1.0014292,1.0022764,1.0020763,1.0018635,1.0010729,1.0017575
LIPI,0.99716735,0.997857,0.9982629,0.9970751,0.99728894,0.9972849,0.9986739,0.99726784
LIN7B,1.0012263,1.0009277,1.00088,1.0014226,1.001212,1.0010475,1.0006378,1.0017657
HYKK,0.99858737,0.99899495,0.99901026,0.9983052,0.9985726,0.9984497,0.99925625,0.998649
KLRG2,0.9974376,0.9980438,0.9984781,0.99741745,0.9975829,0.99759245,0.99884,0.99774337
GFY,0.99955904,0.99961257,0.99962723,0.99942386,0.9993667,0.99966264,0.9997554,0.999171
GALNT14,1.000416,1.0003254,1.0005748,1.000748,1.0007274,1.0008073,1.0005126,1.0009108
SLC36A4,1.0037906,1.0029026,1.0019569,1.0031698,1.0030761,1.002856,1.0013924,1.0038592
OSR2,0.9958255,0.99683005,0.9972847,0.99550456,0.9958116,0.9957061,0.9978354,0.9957135
CAB39,0.99640286,0.99734795,0.9979434,0.99661434,0.9967991,0.99684083,0.9984931,0.9958763
PSD,1.0002387,1.0002816,0.99995023,0.9999651,1.0000037,0.99976474,0.99987525,0.9991051
RAB2A,0.9951428,0.99636626,0.9972422,0.9953079,0.99558485,0.9956541,0.997933,0.995515
ARRDC1,1.0015674,1.0014,1.0009571,1.0014783,1.0013758,1.0011733,1.0006695,1.0004096
CBX1,0.994554,0.9958917,0.99667954,0.99452335,0.9948684,0.9948751,0.99747956,0.9947356
GNB5,0.9987844,0.9990425,0.9993625,0.9989146,0.99891657,0.99889874,0.99951327,0.99893296
MMD,0.9989133,0.99928594,0.99917114,0.99862367,0.9988047,0.99853414,0.9993038,0.998618
ZNF578,1.0028071,1.0021927,1.0016668,1.0027337,1.0025902,1.0025213,1.0013169,1.0034044
FAM217B,0.9959048,0.9968771,0.9974705,0.9958565,0.99605054,0.99603015,0.99805033,0.9959389
DBR1,1.001211,1.0008951,1.0010176,1.001557,1.0013381,1.001699,1.0008925,1.0010679
LRTM2,0.99805844,0.99847245,0.99894345,0.99821866,0.99829227,0.9983372,0.9992337,0.99859405
SARAF,0.9938719,0.9953368,0.9961463,0.9936478,0.9941213,0.99406725,0.9970237,0.9939241
C1QL3,1.0002424,1.0001526,1.0001266,1.000207,1.000231,1.0000991,1.000062,1.0001988
POPDC2,1.0020516,1.0015235,1.0011356,1.0018383,1.0018085,1.0017743,1.0008318,1.0016742
GPR152,0.9967072,0.99750435,0.9980099,0.9966529,0.996889,0.9968914,0.9984898,0.9969293
OSER1,1.000117,1.0000885,1.000556,1.00065,1.0003719,1.0006723,1.0004741,1.0006596
PYHIN1,0.999311,0.9994557,0.9995656,0.99920326,0.99932575,0.99933183,0.9996698,0.9993439
FSCB,0.9967072,0.99750435,0.9980099,0.9966529,0.996889,0.9968914,0.9984898,0.9969293
CCR7,1.0006135,1.0004623,1.0003889,1.0005108,1.0004903,1.0005798,1.000297,1.0005715
TOR1AIP2,0.9999962,1.0000403,0.9999567,0.99982363,0.9998334,0.9997796,0.9999228,0.9998225
ZNF362,0.99819696,0.99866056,0.9985851,0.9977572,0.99802375,0.9978111,0.9988579,0.997762
FOXD3,0.9966527,0.99745333,0.9979212,0.99652684,0.9967613,0.9967876,0.9983959,0.9964286
ENTR1,0.9987988,0.99910533,0.99952126,0.99919975,0.9990766,0.9991262,0.9996531,0.9984102
HELZ2,1.0042253,1.003222,1.0024031,1.0039389,1.0038108,1.0038722,1.0018399,1.0033054
CCDC115,1.0001521,1.0001565,1.0003427,1.0004138,1.0004022,1.0005034,1.0003349,1.0002009
GDPD4,0.9968292,0.99759054,0.99806327,0.99675083,0.99698526,0.99698544,0.9985261,0.9969833
HNRNPU,0.9880052,0.99089825,0.9925245,0.98774,0.9886121,0.9886472,0.9943106,0.9880133
NXPE4,0.9967072,0.99750435,0.9980099,0.9966529,0.996889,0.9968914,0.9984898,0.9969293
VCL,0.9998903,0.9998479,0.99981856,0.9997386,0.9997293,0.9997997,0.9998251,0.99946594
PLIN2,0.99715984,0.9978317,0.99841976,0.99731857,0.9973736,0.9974953,0.99879324,0.9968855
ZNF697,1.0012128,1.0008314,1.0008936,1.0013267,1.0012059,1.0014018,1.0007364,1.0020113
AXIN2,0.99845654,0.99877346,0.99869466,0.9979117,0.99813795,0.99819183,0.9989431,0.99741805
PNPLA7,0.99990344,0.999949,0.9996177,0.99940836,0.9996463,0.99932337,0.99961364,0.9992957
ST3GAL6,1.0003792,1.0002687,1.000222,1.000363,1.0002301,1.0002203,1.000157,1.0008371
PLIN4,0.9982251,0.99860084,0.99901277,0.9982791,0.9983406,0.9984952,0.99927914,0.99854565
SCAMP2,0.99974865,0.9997821,1.0000993,1.0000494,0.99989945,1.0000873,1.0001321,1.0001225
ZNF517,0.9995793,0.99968773,0.99984866,0.99966085,0.9997748,0.9997584,0.9999586,1.0004609
LRRC74A,0.9967072,0.99750435,0.9980099,0.9966529,0.996889,0.9968914,0.9984898,0.9969293
TANC2,0.99309283,0.9948193,0.99556136,0.99278694,0.9934261,0.9931151,0.9965943,0.99319386
RETREG2,0.99928725,0.9995886,0.9995811,0.999295,0.9994247,0.99929905,0.9997028,0.99862474
TP53I13,0.9972985,0.99811167,0.9981788,0.9969689,0.9973984,0.9970206,0.998587,0.9968546
HIBADH,1.0029392,1.002353,1.0013859,1.0022984,1.0023856,1.0022562,1.0009779,1.0010309
CD63,0.99599814,0.99694383,0.9974948,0.9958363,0.9960294,0.9959895,0.99803066,0.9962566
AMD1,0.9972534,0.9980109,0.99845886,0.9973606,0.9977001,0.99765223,0.9988999,0.9972695
GABRB1,1.0028124,1.002306,1.0014548,1.0024217,1.0023916,1.002236,1.0010597,1.0010315
TNFRSF19,0.99797344,0.9985368,0.99841106,0.9975759,0.9977834,0.99774396,0.99879277,0.99673605
CCIN,0.9968146,0.99758285,0.9980695,0.9967543,0.99697936,0.9969673,0.99852663,0.99701464
DBX2,0.9902127,0.99271286,0.99428356,0.99056023,0.9911125,0.9909749,0.9957363,0.9909197
CACNG3,1.0001174,1.0001826,1.0001796,1.0003254,1.0003098,1.0001199,1.0001858,1.0002409
STMN4,0.99380815,0.9952889,0.9964918,0.9941598,0.9943786,0.9943831,0.99731356,0.9943903
TDO2,0.997576,0.99816006,0.99846625,0.9974134,0.99761903,0.99759924,0.9988117,0.99755996
STN1,1.0059283,1.0043777,1.0037538,1.0060351,1.0054858,1.0055827,1.0028096,1.0063429
FCRL6,0.9976226,0.99819505,0.99861646,0.9976319,0.9977752,0.99779475,0.9989506,0.99785817
NME9,0.997911,0.99840665,0.99884224,0.9980041,0.99808073,0.9981684,0.99918115,0.9988578
PSMB5,0.99722815,0.99788713,0.9983843,0.9972533,0.99739623,0.99748623,0.9987782,0.9975006
NOXO1,0.9973682,0.9979795,0.9985635,0.9975584,0.9975897,0.9976503,0.99891675,0.9977745
TMEM102,0.9981123,0.99857527,0.99883187,0.997993,0.9981488,0.99816287,0.99910915,0.9982593
FGF14,1.004561,1.003437,1.0028241,1.004697,1.0043498,1.0045081,1.0021582,1.0035928
CRAMP1,0.998943,0.9992312,0.99940664,0.9989494,0.99916196,0.9989702,0.9995525,0.99911386
ICE1,0.99567634,0.99672985,0.9972446,0.99544704,0.99575436,0.99589133,0.9979137,0.9950595
PRSS38,0.9967008,0.9974953,0.99800575,0.99664676,0.99688005,0.99688435,0.99848616,0.9969504
BTNL8,1.000703,1.0005249,1.0004082,1.0005945,1.0005909,1.0006685,1.0003073,1.0003133
RPL11,0.99811095,0.99849516,0.9987135,0.99785614,0.99792695,0.99802613,0.99893737,0.99782145
STPG2,0.99639446,0.9972723,0.9978621,0.996398,0.9966417,0.99666893,0.99839544,0.9967655
SYCE1,0.9959463,0.9969077,0.99763495,0.99603736,0.9962683,0.99631435,0.99823034,0.99656117
RNF220,1.0036252,1.0027229,1.0022944,1.0037403,1.0034332,1.0036113,1.0017681,1.0031106
GALR2,0.997321,0.99798524,0.9983641,0.9972261,0.9974379,0.9974401,0.9987644,0.9975289
OSBPL7,0.9993721,0.99950653,0.9996171,0.99940586,0.99935067,0.99935704,0.99968857,0.99882317
FAM200A,0.9974766,0.9979764,0.99824077,0.99710786,0.9973866,0.9975513,0.99869895,0.99744785
TRIM38,1.003048,1.0022447,1.0016537,1.0026578,1.0026093,1.0025696,1.0011796,1.0025014
TLDC1,0.9967072,0.99750435,0.9980099,0.9966529,0.996889,0.9968914,0.9984898,0.9969293
RPGRIP1L,1.0064924,1.0049682,1.0037332,1.0061715,1.005929,1.0056787,1.0027678,1.0057669
HSPA13,0.99524,0.9964072,0.9974197,0.99566305,0.9958075,0.9960158,0.99812394,0.99562556
SEC11A,1.0008762,1.0006623,1.0005519,1.0008136,1.0007755,1.0008206,1.0004402,1.0012479
ST6GALNAC2,0.9974594,0.9980693,0.9985213,0.99746895,0.99760497,0.99769753,0.99889773,0.9976926
PRDM16,0.9961374,0.99708563,0.9977965,0.99634826,0.9964067,0.99625564,0.9982944,0.99665105
PAFAH1B2,0.9937364,0.9952292,0.99606615,0.9934578,0.993852,0.9938464,0.99692667,0.99386024
ING2,1.0006505,1.0005575,1.0004433,1.0005773,1.0006465,1.0006291,1.0003893,1.001121
SLC24A1,1.0038135,1.0028493,1.002198,1.003607,1.0032654,1.0033066,1.0015725,1.0025872
PIP4K2B,0.9930233,0.99471545,0.99553394,0.99264663,0.99317497,0.99302983,0.996536,0.9933507
BTBD16,0.9969629,0.99768835,0.9981507,0.9968897,0.9971038,0.9970911,0.99858415,0.99717385
NAA40,1.0017437,1.0014844,1.000913,1.0014725,1.0016618,1.0011591,1.0006397,1.0013596
GSDMC,1.0001903,1.0001494,1.0000124,0.9999565,1.0000005,0.999936,0.99995065,0.9999175
SMAP2,0.99931633,0.9994302,0.9995213,0.99922466,0.9992846,0.9992404,0.9995943,0.9992454
PEX11B,0.9977431,0.9983248,0.99885404,0.9979963,0.99836224,0.9984435,0.99932086,0.9986932
LRRIQ1,1.002253,1.0016699,1.001554,1.0024434,1.0020247,1.0021958,1.0012181,1.0033014
FOS,0.99455893,0.9959366,0.9967407,0.9945686,0.99488336,0.99480975,0.99749327,0.99476576
E2F6,0.99963295,0.99965656,0.99980986,0.99956274,0.9995558,0.99981177,0.9998684,0.9992714
NFIL3,0.9936513,0.9951035,0.9959812,0.99338174,0.9937727,0.9937892,0.99691296,0.99428177
CYBRD1,0.99967974,0.9997779,1.0001178,1.0000813,0.9999441,0.99995065,1.0001404,1.0001408
PPP1R7,1.0013769,1.0010488,1.0010071,1.0015078,1.0013242,1.0013636,1.000767,1.0017877
SLC35A3,1.000914,1.0007769,1.0002773,1.0004711,1.0007803,1.000386,1.0001847,1.0008488
SRPK2,0.9951136,0.99629796,0.9973093,0.99542534,0.9956254,0.99564093,0.9979892,0.99641687
PRPF4B,0.9944873,0.9957826,0.9964601,0.9941322,0.99448466,0.9944658,0.99720526,0.9944223
POC5,1.0049169,1.0038283,1.0032866,1.0052996,1.0048308,1.005048,1.0025681,1.0042057
RNF212B,0.9971858,0.99782044,0.9984878,0.9974288,0.9975163,0.9975672,0.99887955,0.9977945
ELOVL2,0.997367,0.99798405,0.9986541,0.99775904,0.9976957,0.9978014,0.9990611,0.99828506
CDK18,0.99822855,0.99859613,0.998893,0.9981332,0.9982846,0.99819666,0.9991442,0.999157
INSIG1,0.991858,0.9938922,0.99487305,0.9914837,0.99214935,0.99205613,0.99607015,0.9918884
MKS1,1.0037473,1.0028,1.0026734,1.0042169,1.003718,1.0039705,1.0021191,1.0051271
FAM200B,1.0000002,1.0000329,1.0001199,1.0000596,1.0000411,0.99992156,1.0000534,1.0000594
GPR26,1.0072944,1.0055559,1.0047927,1.0076196,1.007025,1.007236,1.0036975,1.007612
HIC2,0.99866784,0.9989908,0.998739,0.9978988,0.99814504,0.9983915,0.9990059,0.9976778
RAB40B,0.998056,0.99851805,0.99869287,0.99790424,0.99805593,0.99797267,0.9990325,0.9985056
ADAR,0.99766064,0.99821603,0.99842477,0.99736965,0.99748474,0.99748003,0.9987298,0.9975416
LRRC17,0.99520516,0.99632514,0.99743104,0.9956879,0.99553597,0.99577963,0.99808884,0.9964026
BTN1A1,0.9967072,0.99750435,0.9980099,0.9966529,0.996889,0.9968914,0.9984898,0.9969293
PRRT1,1.0016224,1.0012648,1.0008554,1.0014042,1.0013201,1.0013767,1.0006362,1.0007133
NAXE,0.9959519,0.99704194,0.99741435,0.9958132,0.99612767,0.99582744,0.99803615,0.9961978
FANCL,0.99704367,0.9978279,0.9985788,0.9975438,0.9977269,0.9976545,0.99901843,0.997821
BTBD19,0.9974637,0.99807954,0.99834365,0.9972373,0.9974557,0.9973751,0.99870735,0.99754715
ELAVL2,0.9882972,0.99112,0.9925597,0.98779,0.9888239,0.988695,0.99427223,0.987905
RHOV,1.0013866,1.0010177,1.000847,1.0013407,1.0012963,1.0011603,1.0005844,1.0014147
SERPINE3,0.99678284,0.9975583,0.9980508,0.99672127,0.99695194,0.9969539,0.9985186,0.99700844
PSG9,1.0032048,1.0024099,1.0016912,1.0026406,1.0025712,1.0023794,1.0010816,1.002115
UNC93B1,0.9945358,0.9957819,0.9968345,0.994666,0.9950998,0.99529016,0.99769324,0.99533284
MIDN,0.98778963,0.99077153,0.9922496,0.98734736,0.988299,0.98805594,0.9940245,0.9876133
HCRTR1,0.9966966,0.9974971,0.9979962,0.99664474,0.99687487,0.9968794,0.99848366,0.99694496
ASB4,1.0016241,1.0013876,1.0007298,1.0010066,1.0011905,1.0008566,1.0005124,1.0021329
CDH12,1.0069382,1.0053451,1.0040749,1.006514,1.0063341,1.0062951,1.0030749,1.0062068
HOXD1,0.99695957,0.9976813,0.99815136,0.9968935,0.99710035,0.99708605,0.99858165,0.9971726
SIGLEC8,0.99413884,0.9955939,0.99633056,0.993896,0.99445957,0.99443233,0.99721813,0.9939983
SLC35A2,1.0039184,1.0029488,1.0025207,1.004041,1.0038333,1.003904,1.0019925,1.0044439
ZNF548,1.0033028,1.0024832,1.0021114,1.0033798,1.0030354,1.0029619,1.0015559,1.0037358
DOCK8,0.99601644,0.996993,0.9972844,0.99548805,0.99598455,0.99583673,0.99784636,0.995708
TBPL2,0.9967072,0.99750435,0.9980099,0.9966529,0.996889,0.9968914,0.9984898,0.9969293
CORO1C,0.9941089,0.9954551,0.99671483,0.9944083,0.99462175,0.99501956,0.99758494,0.9952812
DNAJC8,0.99895716,0.99918354,0.9994038,0.99894446,0.99891603,0.99889016,0.9994961,0.99935126
CLPTM1,1.0013387,1.0011679,1.00084,1.0013316,1.0012747,1.0012201,1.0007094,1.0012276
ANP32D,0.9967072,0.99750435,0.9980099,0.9966529,0.996889,0.9968914,0.9984898,0.9969293
ANKEF1,1.0007185,1.0005631,1.0004797,1.0007313,1.0006193,1.0005484,1.0002989,1.0002518
SCNM1,1.0065174,1.0048145,1.003926,1.0063437,1.0058445,1.0062257,1.0029627,1.0059336
NUDT6,1.0010958,1.0008206,1.0006397,1.0010858,1.0009602,1.00084,1.0004385,1.000405
OSBPL3,0.9999344,1.0001537,1.0003421,1.000282,1.0003923,1.0004146,1.0004519,1.0007306
GNG11,0.9923637,0.99423563,0.99513733,0.9920612,0.99262756,0.992509,0.99627477,0.9920265
PLEKHO1,0.9973427,0.99808216,0.99830663,0.99719185,0.9975135,0.9971787,0.99867564,0.99729747
ETV2,0.99998766,1.000129,1.000474,1.000557,1.0005889,1.0007765,1.0005844,1.0006173
EPCAM,1.003011,1.0023882,1.001578,1.0025717,1.0026395,1.002956,1.0013498,1.0020576
CTAGE1,1.0016022,1.0011901,1.0009716,1.0014992,1.0013976,1.0013957,1.0006986,1.0014544
THBS4,1.0003619,1.0002432,1.0005741,1.0008326,1.0005854,1.0007991,1.0004994,1.0006787
YBX1,0.99598306,0.9969273,0.9974811,0.9958135,0.99602807,0.9960835,0.9980228,0.99588317
HRAS,0.9983088,0.9987102,0.99869657,0.9978728,0.9981035,0.9979811,0.99897003,0.9981352
ZNF26,1.004072,1.0030708,1.0024502,1.0038116,1.0037572,1.0037975,1.0018841,1.004302
TBL3,0.99601674,0.99702156,0.9978497,0.99641955,0.99659413,0.99659765,0.99844956,0.9961901
ITPRIPL1,0.9976915,0.99825597,0.9986926,0.99775815,0.9978228,0.9979599,0.9990325,0.99786735
ZNF813,1.0023682,1.001734,1.0013802,1.0021598,1.0020038,1.0019116,1.0009699,1.0026448
YIF1B,0.9972656,0.9978864,0.9986041,0.9976839,0.9976942,0.99788845,0.9990442,0.9976355
GNAI1,1.0018657,1.0014471,1.0013814,1.0021408,1.0018818,1.0020934,1.0011133,1.0019653
VSTM2L,0.99640656,0.99726325,0.99764186,0.9961537,0.99635386,0.9962963,0.9981419,0.9963238
OASL,0.99782985,0.9983387,0.998669,0.9977492,0.99789006,0.99791,0.9989803,0.9979416
KREMEN1,0.9991535,0.999346,0.99940944,0.9990034,0.9989443,0.99918413,0.99960244,0.9992788
ZNF286A,1.0020907,1.0015372,1.0014505,1.0022105,1.0018537,1.0021896,1.0011189,1.0023067
ADCY7,0.99942505,0.9994527,0.99989295,0.9996748,0.9995689,0.99986565,0.99998415,0.9999516
ZNF211,1.0018431,1.0014483,1.0012355,1.0019631,1.0019189,1.002041,1.0010774,1.0022079
ZNF488,0.997118,0.99779195,0.99876285,0.9979191,0.9978714,0.9979125,0.9991516,0.9978919
DCP1A,1.0006896,1.0003844,1.0005803,1.0008363,1.0004823,1.0008976,1.000448,1.0015228
SHISA9,0.99856687,0.99889684,0.9994766,0.99897945,0.9987739,0.9988811,0.99960357,0.99975777
MEX3B,0.99167466,0.9936514,0.99462664,0.9911566,0.99175096,0.99176276,0.9958395,0.9917978
CHAMP1,1.0026569,1.001998,1.0013242,1.0022305,1.0020463,1.0017807,1.0008445,1.0019333
C3orf58,0.9967072,0.99750435,0.9980099,0.9966529,0.996889,0.9968914,0.9984898,0.9969293
PPP6C,0.99953544,0.9998133,0.9997616,0.99946344,0.99969673,0.9993994,0.9998516,1.0000476
WDR26,0.9990637,0.999357,0.9993435,0.99891293,0.99898744,0.99883807,0.99944115,0.9983984
PRDM5,1.0029768,1.0022798,1.0022125,1.0034019,1.0029976,1.0034504,1.0017836,1.002963
RFTN1,0.993835,0.99527645,0.99703354,0.9947833,0.99477607,0.995208,0.9979428,0.9966278
PACRG,1.0009897,1.0007772,1.000684,1.0010147,1.0011075,1.0011549,1.0006882,1.0022116
DERA,0.9949334,0.99628925,0.99735034,0.99542147,0.99569976,0.99592006,0.9981782,0.99555457
MAZ,0.998379,0.9988322,0.99908185,0.9984382,0.99858624,0.99857646,0.9993564,0.998324
KIAA0825,0.9973573,0.997854,0.99837255,0.9973543,0.9973163,0.99739623,0.9986736,0.9974903
PCOLCE,1.0081487,1.006207,1.0050621,1.0082133,1.0076308,1.0078126,1.0038781,1.0076766
LMAN1L,0.99612033,0.99705625,0.9977144,0.99617296,0.99640536,0.9964063,0.9982722,0.9964777
KLHDC2,0.9985435,0.9989165,0.99930775,0.9987229,0.99868166,0.9988761,0.9995227,0.9989872
CRHBP,1.0029194,1.002184,1.0019791,1.0032113,1.0029055,1.0029626,1.0015063,1.0024656
HAPLN3,0.9905836,0.9929633,0.9942965,0.99062407,0.9912405,0.99120474,0.9957424,0.99080825
UQCRC2,0.99453545,0.9958302,0.99677706,0.99464846,0.99501467,0.9950744,0.9975782,0.9948135
MRE11,1.0096295,1.0073192,1.0058149,1.0095716,1.0088806,1.0089207,1.0043889,1.0086762
RASSF2,0.9975003,0.99807787,0.99848497,0.9974845,0.99752474,0.9973602,0.99878633,0.99837446
NHLRC4,0.99797416,0.9984242,0.9988653,0.99805653,0.9981063,0.99823594,0.9991563,0.99826187
CUEDC1,0.9990729,0.9992775,0.99951947,0.9991111,0.99900675,0.9990611,0.9995915,0.99874985
ANKRD53,0.9981872,0.99852556,0.9993352,0.9987973,0.9986869,0.9989128,0.999587,0.9992746
TRIM73,0.9967072,0.99750435,0.9980099,0.9966529,0.996889,0.9968914,0.9984898,0.9969293
TAPBP,0.99721694,0.9978681,0.99841595,0.9972967,0.9973684,0.9973012,0.99879634,0.99847794
TMEM151A,1.0034397,1.0026011,1.0021138,1.0034319,1.0031579,1.0028503,1.0014894,1.0036551
HIST1H2BH,0.9967072,0.99750435,0.9980099,0.9966529,0.996889,0.9968914,0.9984898,0.9969293
ZNF354C,1.0006232,1.0004151,1.0003487,1.0004772,1.0003366,1.0005484,1.0002141,0.99990225
ANTXR2,1.0023243,1.001802,1.0015497,1.0025995,1.0024723,1.0023837,1.0012522,1.0021517
PHF23,1.0022794,1.0018928,1.001205,1.0018568,1.0021002,1.001902,1.0009415,1.0015628
DENND2C,1.0000677,1.0000979,0.9998121,0.99965245,0.9997402,0.99955595,0.9997697,0.99944365
ZIC2,0.9936739,0.9952926,0.9965081,0.9940664,0.99424756,0.99428207,0.9973676,0.9938327
CCDC43,1.0010588,1.0008249,1.0009402,1.001416,1.0012522,1.0013322,1.0007848,1.0015768
MSTN,1.000053,1.0000898,0.999976,0.9999549,1.0000801,0.9999789,0.9999938,0.9993752
GIMAP8,1.0013714,1.0010023,1.0007097,1.0011048,1.0010555,1.0011559,1.0005081,1.0008042
SLC25A30,1.0034518,1.0025647,1.0019602,1.0032005,1.0030073,1.0031289,1.0015119,1.00387
CCDC125,1.000435,1.0003313,1.0004966,1.0006812,1.0004337,1.0005834,1.0003818,1.0006087
L1TD1,1.0000404,1.0000265,0.99977064,0.9997207,0.9997693,0.9993815,0.9996609,0.99922925
HRASLS2,0.9967072,0.99750435,0.9980099,0.9966529,0.996889,0.9968914,0.9984898,0.9969293
CACTIN,1.0020689,1.0014855,1.0013041,1.0021064,1.0020185,1.0020524,1.0010569,1.0032328
IL11RA,1.0062213,1.0047446,1.0038114,1.0062745,1.0058193,1.0056857,1.0028429,1.005306
HAUS3,1.0011241,1.0008485,1.0010719,1.0015767,1.0012214,1.0012398,1.0008044,1.0016646
ODF3B,0.9969683,0.9977486,0.9979477,0.99656653,0.9969903,0.9969127,0.9984235,0.9965691
ZNF689,1.0014408,1.0010662,1.001195,1.0018482,1.0016599,1.0018737,1.0009899,1.0014999
TCF15,1.0025544,1.0019963,1.0015532,1.0024474,1.002537,1.0025281,1.0012307,1.0017489
KIAA0754,1.0046166,1.0034846,1.0026255,1.0043159,1.0041497,1.004015,1.0019369,1.0041248
RUNDC3B,0.9946661,0.99596024,0.99648833,0.994239,0.99466836,0.9945178,0.9972481,0.9948448
SLC30A2,0.99674165,0.99753034,0.9980261,0.99668217,0.99691755,0.996915,0.99849993,0.9969486
PRKD1,1.0004116,1.0003889,1.0001584,1.0002434,1.0002959,0.99995685,1.0000373,0.9999554
PHF12,0.99661183,0.9974345,0.99784076,0.9963473,0.9967525,0.99660087,0.99834037,0.9966439
RASSF7,0.9997121,0.9999031,0.99977857,0.99952936,0.9997683,0.99975497,0.99990904,0.9995136
ACE,1.0003108,1.0001981,1.0000962,1.0001334,0.9999167,1.0000588,0.99998957,0.99975884
BLCAP,0.9877181,0.9906825,0.99277604,0.98807085,0.9886741,0.9888154,0.994537,0.9883269
TWF2,0.9992391,0.9994688,0.9996384,0.9993706,0.9993756,0.99936765,0.999761,0.99922764
DDX60,1.0005646,1.0006065,0.9999814,1.0000024,1.000276,0.9997786,0.99987733,0.9989344
PHF24,0.9999658,1.0000288,0.9999268,0.9999083,0.9998327,0.99962723,0.9998379,0.9989871
CNPPD1,1.0025074,1.0020019,1.0015076,1.0023259,1.0023897,1.002018,1.0011299,1.0031939
MOS,0.9967644,0.9975426,0.9980562,0.99672866,0.99694824,0.9969559,0.9985252,0.99700826
TRIM17,0.9983951,0.99879265,0.9989964,0.9982699,0.9984014,0.9983814,0.9992273,0.99856484
CHRM4,0.99674165,0.99753034,0.9980261,0.99668217,0.99691755,0.996915,0.99849993,0.9969486
RAB6B,0.99576664,0.9967229,0.997506,0.9958075,0.99586034,0.995971,0.9980785,0.9967139
RAPH1,0.99880993,0.9991563,0.9990125,0.9983056,0.9982852,0.9978698,0.99898237,0.9984764
SYP,1.002358,1.001749,1.0016643,1.0026093,1.002257,1.0024678,1.0012882,1.0026567
PHF7,1.0024198,1.001914,1.0012903,1.0020458,1.002133,1.0020167,1.0009639,1.0018814
ADRM1,0.9967646,0.9976518,0.99823064,0.9969847,0.99716127,0.9972919,0.998786,0.99730283
FLCN,0.9998917,0.99988836,1.0001627,1.000128,1.0000733,1.0003049,1.0002437,1.0009217
ZNF559,1.0031512,1.002487,1.0025799,1.0039656,1.0034841,1.0036793,1.0020738,1.0034397
ZNF710,1.0023074,1.00176,1.0008782,1.0015662,1.0015523,1.0011086,1.0004885,1.001688
CCDC113,1.0067443,1.0050899,1.0040967,1.0066314,1.0061579,1.0061071,1.0030638,1.006599
CCDC87,0.9963358,0.99723274,0.99778974,0.99628747,0.9965598,0.9965568,0.99833524,0.9966743
CYP27C1,1.0035536,1.0028296,1.002171,1.0034735,1.0033097,1.0033139,1.001684,1.0027051
METTL17,1.0033605,1.0025997,1.0020623,1.0033914,1.0034221,1.003063,1.0015781,1.0033914
ZNF490,0.9981303,0.9985371,0.99900174,0.9982994,0.998353,0.998374,0.99929535,0.99896055
GPRIN1,1.0026811,1.0021316,1.0014639,1.0024486,1.0023756,1.0020915,1.001024,1.0013623
LRRC37A3,1.0030026,1.0023036,1.0018636,1.0030354,1.0028852,1.002401,1.0013124,1.0028989
ZFYVE9,1.0065829,1.0049157,1.0040418,1.0065324,1.0059751,1.0061123,1.0030266,1.0066645
RTN4RL2,1.0021355,1.0015017,1.0013177,1.0021442,1.0020038,1.0021977,1.0010369,1.0021887
USP29,1.000576,1.0004086,1.0003269,1.0004792,1.0004362,1.0004866,1.0002196,1.000361
TUBA3C,0.99910396,0.9993452,0.9994229,0.9989872,0.9990603,0.999043,0.9995489,0.9991033
P2RX5,0.99654186,0.9974114,0.9978858,0.99651474,0.9967302,0.9967023,0.9983998,0.99657315
AMBP,0.9977677,0.99830765,0.9986448,0.9976975,0.9978873,0.99787104,0.9989836,0.99807745
GRK7,0.996886,0.9976336,0.998108,0.99681866,0.9970388,0.99702597,0.99855363,0.9970903
ZNF699,1.0006233,1.0004729,1.0003942,1.0005499,1.0004843,1.0005265,1.0002748,1.0002697
ZWILCH,1.0034146,1.0026264,1.0021327,1.0034761,1.0033288,1.0033176,1.0016346,1.0025892
CDKN2AIP,1.0076371,1.005841,1.0047418,1.007663,1.0071664,1.0070665,1.0035472,1.0070488
FXYD7,0.99884707,0.99914837,0.9999315,0.9996945,0.9994018,0.9993607,0.9999412,0.99973625
STAM,1.0008794,1.000689,1.0006825,1.0010101,1.0009559,1.0012772,1.0006679,1.001399
SATB1,0.9988541,0.9991417,0.9993329,0.99887127,0.99888766,0.99883527,0.9994676,0.9988997
BARX2,0.99673474,0.99752104,0.9980072,0.9966621,0.9969026,0.9968966,0.99848366,0.9968848
MCM6,0.992133,0.99414337,0.9954194,0.9923568,0.99279726,0.9928266,0.9966119,0.99284637
ENTPD2,0.9991596,0.9993801,0.99964845,0.99937606,0.9994013,0.9994265,0.9997957,0.9992459
TERF2,1.0010662,1.0008289,1.0007075,1.0011168,1.0010735,1.0010477,1.0005691,1.0012711
CYP1A1,0.9965786,0.99741435,0.9979373,0.9965316,0.99678105,0.9967926,0.99844515,0.996841
MMP27,0.99704564,0.9977524,0.99815166,0.99691886,0.9971529,0.9971007,0.99857074,0.99701285
TUB,1.0020182,1.0016482,1.0011847,1.0017568,1.0016934,1.0014292,1.0008323,1.0025465
LMNTD1,0.99960047,0.9996473,0.9997976,0.9996433,0.9996425,0.99959445,0.9998414,0.99990094
TSNARE1,0.9936498,0.9952008,0.9964443,0.9941037,0.99442124,0.9945886,0.9974562,0.99441856
LZTS3,0.99482155,0.9961175,0.9970585,0.9950932,0.9951986,0.99480426,0.9976358,0.9950923
SDR42E1,0.99801385,0.9984945,0.9987532,0.99789345,0.9980378,0.9980292,0.999028,0.9979216
PPP5C,0.9976833,0.99841464,0.998711,0.9977516,0.99799305,0.9978976,0.9991002,0.9978864
SETD7,0.99589396,0.9967866,0.99734294,0.9955854,0.9958968,0.9962115,0.9980563,0.9966827
MANEA,1.0005715,1.0004528,1.0004803,1.0006454,1.0004694,1.0006796,1.0004296,1.0014179
FOSB,0.9952612,0.996333,0.9976877,0.99593246,0.995768,0.99619544,0.99831223,0.9969101
MOCS3,1.0045757,1.0034258,1.002817,1.0045229,1.0042142,1.0042799,1.002129,1.0045698
OPN5,0.9980842,0.9984951,0.9987627,0.99790156,0.998034,0.9980228,0.99901384,0.99836564
ZFP14,1.0010686,1.000734,1.0003932,1.0006098,1.0006741,1.0005665,1.0002115,1.0011702
DPYSL2,0.99179333,0.9937377,0.99478495,0.9913882,0.9919627,0.9919988,0.99594265,0.9916441
LRFN4,0.9974468,0.99809057,0.99868023,0.9978391,0.99794567,0.9979465,0.9990624,0.9970939
SLC6A8,1.0032437,1.002511,1.0016364,1.0027586,1.002718,1.0024565,1.0011591,1.0023053
CSTF2T,1.003931,1.0030122,1.0024171,1.0038459,1.0035368,1.0038415,1.001925,1.0042138
IRX5,1.0000374,0.99988073,1.0000938,1.0002486,1.000064,1.0001235,1.0000126,0.99968684
TYW5,0.9980656,0.99860495,0.9988294,0.99812317,0.9982159,0.9980772,0.9990766,0.9971325
ZNF454,1.005858,1.0043621,1.0040897,1.0065272,1.0058424,1.0062314,1.0032064,1.0063276
GPBP1,0.99630713,0.99721694,0.9977473,0.9962319,0.99645364,0.99650216,0.9982637,0.9961676
GRAMD2B,1.0013323,1.0010802,1.0010626,1.0016389,1.0015213,1.0016934,1.0009872,1.0023912
DNTTIP2,1.0008821,1.0006757,1.00066,1.0009435,1.0008078,1.0007169,1.0004585,1.0014143
MRPS5,0.9970617,0.997807,0.9981421,0.99692214,0.9972434,0.9969598,0.99855936,0.9979019
ERF,1.0004866,1.0004026,1.0003983,1.0006502,1.0004488,1.0003687,1.0003266,1.0010089
ZDHHC14,1.0022972,1.001842,1.001116,1.0018909,1.0018941,1.00147,1.0007538,1.0015217
FOXH1,0.99718446,0.9978702,0.9983347,0.99718463,0.99735695,0.9972997,0.99871194,0.9973664
ECSIT,0.99742705,0.9980732,0.99847543,0.99745804,0.9976611,0.9977131,0.9989206,0.9979708
MAPKAPK3,0.99574286,0.99671686,0.9977666,0.99622524,0.99634266,0.99667805,0.9984591,0.9964517
MAST1,1.001776,1.0013943,1.0010504,1.0017011,1.0016057,1.0014982,1.000745,1.0011756
DGUOK,0.997231,0.99794567,0.9984288,0.99732757,0.997424,0.9975234,0.9988332,0.9974138
PARPBP,1.0010186,1.0008924,1.0005722,1.0008812,1.0008526,1.0007138,1.0004007,1.000116
COIL,0.9998616,0.9999032,0.9998871,0.99975014,0.99977577,0.9999963,0.9999778,0.9998467
ZNF638,0.9909473,0.99312115,0.99430573,0.9905946,0.99124503,0.9913046,0.9956478,0.99117917
TACC3,0.9991443,0.9994355,0.9994,0.99905396,0.99918365,0.99869466,0.99947375,0.9990503
ENTPD6,0.99993443,0.9999434,0.9999893,0.99994993,1.0000362,0.9997962,0.999978,1.0004251
EIF6,1.002051,1.0016057,1.0014582,1.0022647,1.0021083,1.0021858,1.0011503,1.0019555
NFE2L2,0.998193,0.9987235,0.998711,0.99773014,0.99814296,0.9979941,0.999028,0.99824715
C10orf90,0.9977247,0.99827737,0.99851596,0.997506,0.99767935,0.9976512,0.998824,0.9976727
DOCK6,1.0049455,1.0037711,1.0029191,1.0047066,1.0043383,1.0046399,1.002248,1.0044234
PLD4,0.9918095,0.9937668,0.99524176,0.99212766,0.99259126,0.99273443,0.9964646,0.99214125
SMARCE1,0.99888724,0.9991345,0.99929506,0.998753,0.99876213,0.99895453,0.9994377,0.99850273
CHST14,1.0039742,1.0031615,1.0018768,1.0033153,1.0036569,1.0031126,1.0014375,1.002625
SLC47A2,0.99922967,0.99938357,0.9995878,0.9992197,0.99923474,0.9992738,0.9996816,0.99960613
PCBP4,0.9969864,0.9977622,0.9978659,0.9965427,0.99698216,0.99676776,0.9982798,0.9954982
SPARCL1,0.9996951,0.99961543,0.99984276,0.9996605,0.9990473,0.9996355,0.99980223,1.0002513
STKLD1,1.0008996,1.0006864,1.0005838,1.0008643,1.0008706,1.0008265,1.0004513,1.0012833
ADSS,0.9967072,0.99750435,0.9980099,0.9966529,0.996889,0.9968914,0.9984898,0.9969293
LRRTM2,0.9911371,0.993238,0.9946735,0.9910748,0.9915836,0.9916887,0.9959238,0.9918411
FABP4,0.99881506,0.99911606,0.99922407,0.998667,0.9988295,0.9987937,0.99940455,0.99865866
IPPK,1.0105557,1.0080317,1.0065928,1.0107771,1.0099465,1.0100331,1.0050039,1.009574
MRS2,0.9999126,1.000067,0.9997513,0.9995321,0.99992365,0.99973106,0.9998996,1.0001516
SLC38A7,1.0033268,1.0024226,1.0020967,1.0033395,1.003081,1.0031661,1.0015789,1.0036242
MYO5A,0.9951897,0.9963192,0.9970521,0.99513245,0.9955003,0.9955257,0.99774665,0.99512124
MRTFB,0.9999193,0.99994516,0.9997503,0.9996333,0.99974465,0.9998591,0.9998208,0.99884236
ZBTB7A,0.997321,0.99789214,0.9984769,0.997481,0.9974342,0.9975338,0.9988463,0.99771714
SMYD2,1.001452,1.0010672,1.0006843,1.0011287,1.0010383,1.0010409,1.0004547,1.0012361
GALNT2,0.9968791,0.99764717,0.9979658,0.99675745,0.9969374,0.99674225,0.9984157,0.9966937
CLHC1,1.0018553,1.0014591,1.0008668,1.0014625,1.001349,1.001209,1.0005728,1.0008888
SLC22A14,1.0005581,1.0004425,1.0002358,1.0003407,1.0003283,1.0002179,1.0001051,1.0002137
ZNF821,0.9991479,0.9994546,0.99966025,0.9994005,0.9994267,0.99958235,0.99985933,0.99889016
BBOX1,0.99599457,0.9970243,0.9977995,0.9963068,0.99651563,0.9964714,0.99841964,0.99664736
PGAM5,1.0029044,1.0022454,1.0016314,1.0026681,1.0023693,1.0021236,1.0010667,1.0016782
ZNF438,1.000302,1.0003377,1.0004163,1.0005041,1.0003045,1.0003597,1.0003675,1.0007702
DBF4B,0.9978255,0.99854374,0.99920285,0.9985119,0.99859834,0.99847406,0.9995214,0.9985519
MRGPRX1,0.9967072,0.99750435,0.9980099,0.9966529,0.996889,0.9968914,0.9984898,0.9969293
CLTRN,1.0002518,1.0002415,1.0001777,1.0001667,1.0002229,1.000054,1.0001163,1.0005456
CHRFAM7A,0.9889076,0.9917549,0.9933291,0.98886853,0.9898254,0.9894159,0.9949323,0.990124
SDSL,0.9977025,0.9982988,0.9987576,0.9979334,0.9979868,0.9979768,0.9991107,0.9978236
HJURP,1.0031238,1.0024104,1.0017732,1.0028898,1.00266,1.0023375,1.0012306,1.0028276
JPH3,0.9994557,0.9997239,0.99957603,0.9992881,0.99927694,0.99886245,0.9995317,0.9986573
RXYLT1,1.001328,1.0011712,1.0004506,1.0007535,1.0011004,1.0007796,1.0003548,1.0003781
RTN1,0.9909977,0.99315464,0.9947809,0.9912373,0.991662,0.9918616,0.9960229,0.9915754
SLC35E2A,1.0025523,1.0019633,1.0017546,1.0027717,1.0024686,1.0025996,1.0013753,1.0030503
CILP,1.0034751,1.0026523,1.0023075,1.003683,1.0033545,1.0035617,1.0018167,1.0033004
NDUFB2,0.9990063,0.99922264,0.99926347,0.99877185,0.99884045,0.9988178,0.99937093,0.99872386
USP4,0.99981916,0.9998226,1.0002329,1.0002601,0.9999554,1.0001351,1.0001884,1.0002818
BSDC1,0.99473894,0.9959671,0.9967668,0.9946944,0.99499285,0.99499553,0.99752676,0.99514854
MEST,1.001321,1.0010921,1.0010114,1.0014825,1.0013622,1.0015161,1.0008703,1.0019524
AVPR1A,1.0052735,1.0039666,1.003458,1.0055798,1.0050182,1.0052792,1.0026582,1.0051367
DIP2A,0.9995454,0.9997194,0.99974483,0.9994525,0.99946404,0.9993721,0.9997673,0.9996296
SLC4A9,0.9982537,0.99864674,0.99905014,0.9983187,0.998382,0.9984459,0.9992843,0.9986844
RRAGA,0.99930644,0.9995048,0.99947447,0.9990288,0.9990625,0.9990996,0.9995549,0.99924386
BTBD17,0.9989717,0.9993619,0.9993528,0.9989549,0.99911463,0.9988179,0.9995054,0.9980849
CCM2L,1.0021985,1.001648,1.0014762,1.0023329,1.0020169,1.0022357,1.0011499,1.0020714
THAP5,0.99749976,0.99810994,0.99852705,0.9975358,0.997657,0.99783134,0.9989661,0.9979142
DELE1,0.9984615,0.9988719,0.99914443,0.99853396,0.99849653,0.99852383,0.999352,0.9988371
BIRC3,1.0018327,1.00145,1.0008769,1.0013955,1.0014437,1.0013496,1.0006084,1.0009382
COCH,1.005884,1.0043331,1.0035827,1.0058175,1.0052819,1.0054431,1.0026516,1.0058111
RCOR3,0.99851334,0.99896896,0.9990729,0.9984298,0.99873316,0.99861574,0.9993454,0.9983363
C7orf43,0.9967072,0.99750435,0.9980099,0.9966529,0.996889,0.9968914,0.9984898,0.9969293
HIST1H2AA,0.9967072,0.99750435,0.9980099,0.9966529,0.996889,0.9968914,0.9984898,0.9969293
ZNF229,1.0074451,1.0056264,1.004974,1.008011,1.007273,1.0076218,1.0038567,1.0070901
PGLYRP2,0.9964466,0.9972874,0.9979043,0.99645364,0.9967072,0.99676955,0.998434,0.9968493
NKAPL,1.0023621,1.0017872,1.0018172,1.0028851,1.0026029,1.002896,1.0015084,1.0022109
MTMR12,0.9966755,0.9972738,0.9979523,0.9966451,0.99660087,0.99704057,0.99842817,0.9965706
BRD3,0.9910723,0.99313545,0.99444777,0.99088085,0.9913976,0.99130714,0.99568474,0.99188334
GALNT3,0.9989052,0.99917877,0.9993508,0.9989015,0.999036,0.99894965,0.9995377,0.9992027
TIGD7,1.0006093,1.0003567,1.0005395,1.0008935,1.0006372,1.0007248,1.0004523,1.0015564
SHE,1.0035651,1.0027269,1.0020046,1.0032587,1.0030148,1.0029604,1.0014154,1.0025334
HAP1,0.9962942,0.9972405,0.9977945,0.99629587,0.99658185,0.9964827,0.9983245,0.9961368
PHAX,0.99895954,0.9991697,0.99959016,0.99919474,0.99904156,0.999347,0.99977213,1.0003138
BZW1,0.99537086,0.9965008,0.99727,0.99541277,0.9956467,0.9958235,0.9979459,0.99544543
CDK15,0.99962187,0.9996649,0.9997014,0.99945265,0.9994441,0.99955595,0.99973226,0.9993573
INAVA,0.99644315,0.9973362,0.9985665,0.9975974,0.997422,0.9972431,0.99900603,0.9984826
PTPRA,0.9985041,0.9988664,0.9989799,0.9983059,0.998441,0.99837863,0.99921143,0.9986367
PNP,0.9967717,0.9976776,0.9983367,0.99709964,0.9971692,0.9972762,0.9987955,0.9967227
ANAPC2,0.99885726,0.99916255,0.9993918,0.99887073,0.99889004,0.99881124,0.9995218,0.9995563
DMBX1,0.9933905,0.9949746,0.9957863,0.99318314,0.993719,0.9934418,0.9967216,0.9929061
SNRNP35,1.001132,1.0008417,1.0008148,1.0013106,1.0012707,1.0012873,1.0006775,1.0012265
GRIA1,0.99836195,0.9987478,0.9990224,0.99833757,0.99854136,0.99846613,0.99927604,0.9987164
TSKS,0.99786985,0.99834394,0.9987182,0.9978134,0.99790245,0.99798536,0.99901223,0.99810684
BCHE,0.9943439,0.99590963,0.99658746,0.9943062,0.9947595,0.99477476,0.9975687,0.99513257
REM1,0.99910975,0.9993094,0.99947846,0.99909014,0.9991447,0.99915546,0.9995896,0.9991075
MEMO1,1.0026405,1.0020387,1.001585,1.0024719,1.0022266,1.0023403,1.0011989,1.0025067
GPC1,0.9954047,0.99649763,0.9972756,0.99547243,0.99561214,0.9956581,0.99791956,0.99562645
LILRB2,0.99750614,0.9981399,0.9985508,0.9975202,0.997769,0.99759907,0.9988708,0.9978457
ADGB,0.9991956,0.99937487,0.99954057,0.99917513,0.9992149,0.99920887,0.999636,0.9992686
ZNF107,1.0042603,1.0032392,1.0024433,1.0039889,1.0037687,1.0035373,1.0017562,1.0037329
ZNF805,1.0035347,1.002668,1.0024958,1.0039079,1.0034306,1.0037472,1.0019233,1.0032198
DHX57,1.0046911,1.0035913,1.0029193,1.0047307,1.0042182,1.0045301,1.0022156,1.0032825
DUOXA1,0.997956,0.9984481,0.9986458,0.99773085,0.9979124,0.9978784,0.9989492,0.998037
NAXD,1.0033753,1.0027704,1.0020792,1.0032108,1.0033038,1.0032139,1.0016737,1.0031308
ZNF143,1.0023236,1.0017685,1.0014267,1.002259,1.0021136,1.0023423,1.0011463,1.0021261
ANGPTL1,0.99913013,0.999444,0.99951917,0.99912286,0.9991256,0.99887764,0.9995656,0.99847925
PMEL,0.9975703,0.9981563,0.99846816,0.997435,0.99759924,0.99754775,0.99878776,0.9975853
PICALM,0.9965433,0.9974483,0.9976671,0.99614275,0.9965135,0.99633455,0.99816877,0.99627304
CHRNA9,0.9962131,0.9971341,0.9977207,0.9961798,0.99644727,0.9964517,0.99827874,0.9964816
E2F7,1.0017846,1.0013978,1.00141,1.0021949,1.0017846,1.0018387,1.0010583,1.0013416
TTYH2,0.9947377,0.996086,0.9966872,0.9944607,0.9948162,0.99514884,0.9975711,0.994252
LGALS3,0.99109477,0.99341637,0.99472964,0.9912622,0.9919311,0.99179006,0.9960857,0.99137616
FDX1,0.9998512,1.000026,0.99986774,0.9996776,0.9999025,0.9996951,0.99992096,0.9997018
CABP4,0.9977724,0.99841213,0.9987708,0.9979228,0.99804544,0.9978536,0.9990381,0.9976213
SAP30,1.0031427,1.0024736,1.0019491,1.0031428,1.0030583,1.0029885,1.0014994,1.0021502
FLRT2,1.0005422,1.0003984,1.0001309,1.0002317,1.0002347,1.0004321,1.0001078,0.99970853
CRYBA4,0.9967072,0.99750435,0.9980099,0.9966529,0.996889,0.9968914,0.9984898,0.9969293
PLEK2,0.996624,0.99743176,0.9979676,0.99658597,0.9968213,0.99683857,0.99846447,0.99696887
OTOP2,0.9967072,0.99750435,0.9980099,0.9966529,0.996889,0.9968914,0.9984898,0.9969293
RGS1,0.99274325,0.99459946,0.99585867,0.993,0.9935768,0.99360454,0.99698675,0.9937378
ALOX5AP,0.9947386,0.9960258,0.99667716,0.9944414,0.99498236,0.99500316,0.9974881,0.9947466
APMAP,0.998374,0.9988371,0.99928427,0.99870634,0.99881345,0.99877846,0.9995394,0.998824
LPXN,1.0052892,1.0040598,1.00294,1.0047991,1.0047151,1.004634,1.0021806,1.0041257
PITPNA,0.9990908,0.9993173,0.99910736,0.998547,0.99881256,0.9985002,0.9992042,0.9984726
RGS14,1.0043187,1.003352,1.0023926,1.0039384,1.0038855,1.0036681,1.0017555,1.0032678
LRRC30,0.9967072,0.99750435,0.9980099,0.9966529,0.996889,0.9968914,0.9984898,0.9969293
CD6,1.0020773,1.0015215,1.0010219,1.0016556,1.0015966,1.0016224,1.000719,1.0018281
LRFN2,1.0037146,1.0027844,1.0020576,1.0033497,1.0031605,1.0031646,1.0014933,1.0030446
ZAP70,0.99813414,0.9985791,0.9987762,0.9979912,0.9980806,0.9980203,0.9990163,0.9977881
DOK1,1.0020126,1.0015855,1.0012617,1.0019796,1.0017855,1.0017267,1.0009307,1.0019782
SMG9,0.99962115,0.9997939,0.99977946,0.99966455,0.99992025,0.9996312,0.99988085,0.9993926
MCRS1,1.0005723,1.000446,1.000532,1.0007228,1.0007031,1.0006899,1.000458,1.0013885
TPI1,0.99832433,0.9986889,0.999015,0.99829656,0.9982657,0.9983978,0.9991993,0.9983023
SEC61A1,0.9979315,0.99849576,0.99857056,0.9976345,0.9979001,0.9976288,0.99885786,0.99777937
BMP7,0.99599683,0.9972111,0.9974991,0.9958084,0.99638253,0.9960458,0.99820757,0.9966209
ATP1B1,0.9947317,0.99602157,0.9966791,0.9944314,0.99485534,0.9948118,0.9974146,0.9950273
KYAT3,1.001406,1.0010049,1.0010521,1.0016497,1.0013727,1.001599,1.0008613,1.0022377
HID1,1.0069867,1.0052023,1.0040603,1.0065465,1.0060067,1.0061765,1.0029403,1.0062733
XKRX,0.9967072,0.99750435,0.9980099,0.9966529,0.996889,0.9968914,0.9984898,0.9969293
PRELID3B,0.99840534,0.99886554,0.99946153,0.99897385,0.9988333,0.99901235,0.9996877,0.99871945
PTGER4,0.99793667,0.9984309,0.9985086,0.99751425,0.99778914,0.997638,0.9987775,0.99771655
SF3B5,0.9995203,0.9996493,0.99969184,0.99942875,0.9994627,0.9994769,0.99975836,0.99963915
ZFP2,1.001882,1.0014259,1.001252,1.0019586,1.0018452,1.0019531,1.0009949,1.0015754
CD248,0.99374753,0.9951961,0.9966857,0.99425036,0.9943513,0.9949438,0.9976393,0.9952818
ZNF251,1.0070611,1.0052621,1.0043554,1.007134,1.0066473,1.0068042,1.0033143,1.0068032
GAB3,0.9983385,0.9987094,0.9989778,0.9982495,0.9984345,0.99837697,0.9991923,0.9983303
ARRDC2,1.0053723,1.0041394,1.0030829,1.0050323,1.0049002,1.004793,1.0023233,1.0042659
EIF2B1,0.998027,0.99855685,0.99895144,0.9981578,0.9983459,0.99842197,0.9993112,0.9988791
MVK,0.9977151,0.99835324,0.99838567,0.997337,0.9976908,0.9975576,0.99880356,0.99751717
CCDC144A,0.99039066,0.99265575,0.99355054,0.9894482,0.9902519,0.99019706,0.99495095,0.9898889
KYNU,0.9988133,0.9990879,0.9993334,0.99880254,0.9988618,0.99890673,0.99948186,0.99890053
ZNF605,0.99891686,0.99924624,0.9990344,0.99837255,0.99846274,0.99853784,0.999181,0.9977151
GPRC5B,1.001163,1.0008974,1.0011231,1.0017247,1.0012176,1.001471,1.0009148,1.0020921
CBL,0.9974065,0.99809694,0.99826014,0.9971343,0.9974407,0.9972446,0.9986588,0.9973912
TRIM24,0.9932246,0.9949276,0.9956702,0.99289036,0.9933977,0.9933506,0.99665636,0.99225605
SERINC5,0.9953574,0.99648213,0.9977045,0.9960791,0.9960236,0.99634093,0.9983888,0.99643755
CBX5,0.99414843,0.99556553,0.99639666,0.9940206,0.99437505,0.99441844,0.99723136,0.9942704
FAU,0.9972137,0.997851,0.99809766,0.99685216,0.99708426,0.99706846,0.9984619,0.99679077
SLC39A12,0.9922883,0.99421185,0.9957663,0.9928789,0.9932564,0.9934777,0.99696714,0.993539
CNOT2,0.9976104,0.9982173,0.9987292,0.9978564,0.9979375,0.9979174,0.999038,0.99751997
SMCR8,1.004033,1.0029752,1.0025737,1.0040668,1.0036457,1.0039923,1.001985,1.00477
P2RX7,0.99976456,0.99999976,1.0002128,1.0002351,1.000188,0.99997115,1.000223,1.0001647
POLI,0.9985492,0.99890935,0.99947757,0.9990352,0.99912846,0.9992397,0.999752,0.9991615
PTK2B,0.99638236,0.99713546,0.99788535,0.99656546,0.99680746,0.9968926,0.99847126,0.997189
IDI2,1.0001073,1.0000278,0.9999969,0.9999688,0.9999792,0.99996716,0.9999665,1.000031
LFNG,0.9997673,0.9997672,1.0000058,1.0000625,0.99965316,0.9998541,0.9999724,0.9992379
ZNF687,1.0058396,1.0044223,1.0034857,1.0056236,1.005399,1.0053575,1.002636,1.0053105
FCRL3,0.9972477,0.9978867,0.9983827,0.9972663,0.9974288,0.99745107,0.99877036,0.99747825
FMN2,1.000531,1.0004082,1.000205,1.0003508,1.0003364,1.000747,1.0002197,0.9990412
CCS,0.99995744,0.9999459,1.0000641,1.0000267,0.9999131,0.9999888,1.0000241,0.99970746
FAM111B,0.99704653,0.9976267,0.9983394,0.9972277,0.9971732,0.9970386,0.9986254,0.9979192
HCRTR2,1.0034361,1.0026052,1.0022004,1.0035255,1.0033607,1.0033325,1.0016744,1.0032833
PLA1A,0.99634814,0.9972433,0.99776864,0.99627113,0.9965396,0.9964856,0.9982914,0.9964789
ZFPM1,0.9992565,0.9994325,0.9993151,0.9988897,0.9990902,0.99896926,0.9994631,0.99930847
MFRP,1.0051591,1.0038415,1.0028195,1.0046811,1.0045727,1.004578,1.0021212,1.0039473
PCGF2,0.98686814,0.9900327,0.9921392,0.9870292,0.98781425,0.98778534,0.99401164,0.9874357
LPGAT1,0.9972703,0.99798036,0.99803066,0.99682367,0.99721,0.99693346,0.99840784,0.9963401
LRRC19,0.99794734,0.99848235,0.99875116,0.9978609,0.99805474,0.99799323,0.9990561,0.99815416
MTFMT,0.99678814,0.9976056,0.99808013,0.99680066,0.99718237,0.99709654,0.998642,0.99746764
ZNF366,0.99823666,0.9986898,0.9989203,0.99813145,0.99821323,0.99816513,0.99912345,0.9979474
LHX2,0.9916308,0.9937898,0.9950079,0.9916722,0.9922576,0.99215126,0.99623597,0.99165654
MAFB,1.0050355,1.0037384,1.0028123,1.0045066,1.0042282,1.0042953,1.0020325,1.004641
USF2,1.0004027,1.0003078,1.0003557,1.0005568,1.0004425,1.0004086,1.0002413,0.9999604
ETFB,0.99805737,0.99843705,0.9988693,0.99808824,0.9981359,0.99820536,0.9990841,0.9980551
RPL21,0.9982642,0.9986869,0.9989637,0.9981954,0.9983629,0.99848413,0.9992623,0.9984511
TPPP,1.0042653,1.0033088,1.0022241,1.0036899,1.0035856,1.0031617,1.0015538,1.0036495
DENR,0.99600184,0.99693197,0.9978715,0.9963603,0.99641407,0.9965859,0.99843115,0.99708045
CELF2,0.9952996,0.9964663,0.9970497,0.9950334,0.99540067,0.9954906,0.99773526,0.9949964
BLK,0.9965247,0.9973687,0.99793917,0.99654317,0.99676424,0.9967525,0.99843895,0.9968064
POLR3D,1.0017722,1.0014871,1.0009851,1.0015969,1.0017058,1.0014515,1.0007842,1.0016947
HIST2H3D,0.9967072,0.99750435,0.9980099,0.9966529,0.996889,0.9968914,0.9984898,0.9969293
NBPF3,1.0003912,1.0003676,1.0002033,1.0002908,1.0003575,1.000443,1.0002383,1.0003366
LEMD3,1.001192,1.0009284,1.0008278,1.0012765,1.0012506,1.0011306,1.0006241,1.0011067
DPP6,0.9922835,0.9941648,0.9953522,0.9923403,0.99280095,0.99280727,0.9964963,0.99267286
MYCBP2,0.9898973,0.99240863,0.9935237,0.9893354,0.9902706,0.9899239,0.9949583,0.9896253
LINGO3,0.9980972,0.99852026,0.99891734,0.9981003,0.9982065,0.99829423,0.99919075,0.9986048
RUNDC1,0.9972245,0.99793696,0.9981499,0.99701893,0.99732393,0.9971403,0.99859715,0.9974253
POU2AF1,0.9981806,0.99860144,0.99874365,0.9979361,0.99806696,0.99785244,0.9989377,0.9981426
FAM169A,1.0017846,1.0014023,1.0010843,1.0017152,1.0015464,1.0016103,1.0008261,1.0016305
GPSM1,0.9994315,0.9996297,0.999478,0.999112,0.99936056,0.99930775,0.9996153,0.99891603
COPS8,0.9985497,0.9988907,0.9993404,0.9987982,0.998801,0.9987688,0.9995098,0.999339
MPP6,1.002732,1.0020137,1.0016882,1.0027575,1.0024173,1.0025704,1.0012841,1.0023869
ARMC2,1.0007852,1.0004786,1.0006312,1.0010074,1.0008388,1.0011494,1.0006037,1.0015662
KRT26,0.9961314,0.99712723,0.99756694,0.99594355,0.99633324,0.99619484,0.9981414,0.9961585
MAP1S,1.0002718,1.000115,1.0004323,1.0006226,1.0003883,1.000576,1.0003531,1.000561
TINF2,1.0025544,1.0019599,1.0013893,1.0022347,1.0022221,1.0021523,1.0010502,1.0026436
DCDC2,1.0021518,1.0016446,1.0010796,1.0016767,1.0015074,1.0017323,1.000802,1.0018985
CPNE3,0.9984833,0.9988103,0.9991193,0.99849075,0.9984695,0.9985466,0.9992939,0.9983665
PGM2L1,0.9836893,0.9876276,0.9900689,0.98366094,0.98479515,0.98479635,0.99245656,0.98446053
LBR,0.99575543,0.9967873,0.9971709,0.99542063,0.99587464,0.9956686,0.99779713,0.9952267
GADD45B,0.99489987,0.99616563,0.99691176,0.99482036,0.99538463,0.9955296,0.9978056,0.99533737
TMEM128,1.0016067,1.0012629,1.0015438,1.0023875,1.0019286,1.0023048,1.0013374,1.0024961
PAXIP1,1.0036205,1.0027325,1.0025686,1.0040524,1.0035119,1.0038289,1.002026,1.004085
COP1,1.0016935,1.001251,1.0010253,1.001628,1.0014887,1.0017412,1.0008513,1.0017979
ENOSF1,1.0029011,1.0024195,1.0015587,1.0026058,1.0026492,1.0020639,1.0011214,1.0018253
DNA2,1.0036211,1.0027746,1.0020618,1.0033598,1.0032771,1.0029112,1.0014809,1.003594
UBTD2,0.99427557,0.99563706,0.99665076,0.9945084,0.994889,0.9950204,0.997537,0.99418265
TRAPPC6B,1.0005339,1.0003443,1.000244,1.0004153,1.0004227,1.0003829,1.0001464,1.0001788
CPE,0.9881209,0.99109036,0.99271154,0.98793495,0.9888755,0.9888309,0.9944932,0.9883749
NFATC1,1.0017177,1.0012071,1.001254,1.0019372,1.0016228,1.0020052,1.0009971,1.0018923
ZNF234,1.0047145,1.00349,1.0028086,1.0045443,1.0043045,1.0041921,1.002091,1.0049505
RNF25,1.0003216,1.000254,1.000478,1.0006003,1.0004961,1.0007168,1.0004671,1.0010328
TMPRSS5,1.00214,1.0015776,1.0009837,1.0016928,1.0018098,1.001279,1.0005903,1.0014379
CYBC1,1.0011936,1.0010079,1.0009339,1.0014576,1.0014682,1.0014396,1.0008249,1.0016218
CDON,0.99241513,0.9943389,0.9953947,0.9923185,0.99291503,0.9928081,0.99653697,0.99255943
KCNG3,0.99704266,0.997761,0.9982058,0.9969722,0.99718946,0.99719214,0.99863696,0.9972445
ECM2,1.0048766,1.0037302,1.0031176,1.0049653,1.004643,1.0045712,1.0023518,1.0046315
HIST1H4E,0.9967072,0.99750435,0.9980099,0.9966529,0.996889,0.9968914,0.9984898,0.9969293
PDHB,0.9996047,0.99972796,1.0002694,1.0002127,0.999967,1.000175,1.0003026,1.0008651
SGK3,1.0002956,1.0002198,1.0002105,1.0002519,1.0001388,1.0002282,1.0001332,1.0001493
CIB1,0.9955064,0.99658096,0.9972234,0.99545753,0.99572414,0.99575114,0.99794066,0.9959209
CDK19,0.99723977,0.99788237,0.9986837,0.9976946,0.99762595,0.9980134,0.9991113,0.9976975
EIF2AK2,1.0030857,1.0024314,1.0020947,1.0034232,1.003155,1.0028591,1.0015699,1.0027243
KIAA1522,1.0027876,1.0020074,1.001609,1.0026503,1.0024116,1.0026174,1.00123,1.0026762
EEF1G,0.9974262,0.99799776,0.9982823,0.9971305,0.99728763,0.99737805,0.9986235,0.99716216
DISP1,1.0017321,1.0014963,1.00121,1.0019162,1.0017977,1.0018529,1.0010291,1.0012498
ARL4A,0.99722826,0.99799836,0.9979099,0.9966668,0.99698293,0.99707353,0.9984298,0.9959235
CCPG1,1.0025718,1.0018646,1.001637,1.0026213,1.002346,1.0024486,1.0012248,1.0026736
RIF1,1.0009779,1.0007873,1.0004693,1.0006883,1.0007538,1.0006361,1.0003023,1.0007881
NEUROD2,0.9979581,0.9983654,0.9986951,0.9977565,0.9978132,0.9981854,0.9990401,0.99821246
CEP128,1.0034266,1.0025063,1.0020168,1.0032996,1.0029278,1.0026958,1.001395,1.0034182
WDR45,1.0002855,1.0002716,1.0001855,1.0002059,1.0002513,1.0000763,1.000141,1.0009005
BTBD10,0.99740094,0.9980021,0.99846053,0.9973038,0.99763495,0.9978075,0.9988819,0.99761134
PRDX4,0.9989508,0.9992132,0.9995502,0.99915683,0.9990164,0.99910605,0.9996707,0.99954677
FKBP14,1.0020579,1.0016742,1.0006337,1.0011429,1.0011939,1.0006175,1.0002353,1.000934
CHML,0.9977273,0.99825186,0.99773246,0.9965568,0.9971112,0.99672806,0.99810076,0.9962814
ORMDL2,0.99974597,0.999871,0.99991906,0.99976265,0.9998481,0.9997827,0.9999888,1.0001376
UVSSA,0.99742794,0.99799144,0.9982362,0.9969702,0.9970498,0.9972861,0.99858713,0.99709654
UBE2V1,1.0040064,1.002945,1.0025976,1.0041848,1.0039028,1.0039902,1.002009,1.0042146
ZBTB20,0.99033964,0.9926677,0.99393535,0.9900439,0.9906826,0.99064773,0.995319,0.9904789
VEGFB,0.99850976,0.99895036,0.99906164,0.99844706,0.9984345,0.9983242,0.9992355,0.99787545
OAF,0.9988453,0.99918705,0.999365,0.9989723,0.9991609,0.99893,0.9995634,0.9987761
SETD2,0.99607635,0.99722034,0.9971146,0.99529797,0.9960503,0.99544924,0.9977038,0.99517936
HSF1,0.99743533,0.9981925,0.9989153,0.99811757,0.9981984,0.99818313,0.9993404,0.99820316
CRTC2,1.0011609,1.0008821,1.0007063,1.0011764,1.001108,1.0009542,1.0005088,1.0007215
RAD21L1,0.99753964,0.9981168,0.99852705,0.9975084,0.9976638,0.99764764,0.99886525,0.99781406
MICU2,0.9929246,0.9946767,0.99560857,0.9927758,0.9932718,0.99311423,0.99668086,0.9938597
MMP15,1.0031983,1.0024284,1.0017767,1.0029842,1.0027544,1.0024016,1.0011758,1.001877
CRYBG3,1.003552,1.0026164,1.0021883,1.0034772,1.003018,1.0031905,1.0016264,1.004375
HCAR2,0.99603295,0.9969964,0.9975519,0.99591786,0.9962019,0.99610764,0.9981109,0.99636996
CHRNA2,0.9985634,0.99895585,0.99927694,0.9987096,0.99867266,0.99887276,0.9994762,0.9982687
CCDC138,1.0059736,1.0044657,1.0037119,1.0061073,1.0054992,1.0054882,1.0027192,1.0051622
NOBOX,0.9967072,0.99750435,0.9980099,0.9966529,0.996889,0.9968914,0.9984898,0.9969293
TBC1D23,1.0034192,1.0025887,1.0025975,1.0039988,1.0035138,1.0039628,1.0021036,1.0042778
MRRF,1.000937,1.0008932,1.0004585,1.0007119,1.0009813,1.0007977,1.0004079,0.9997489
GALNT9,0.9973296,0.99810815,0.99826384,0.99710923,0.9974418,0.997091,0.99863225,0.99683285
SPOUT1,0.9989359,0.99920046,0.9997988,0.99961495,0.99940515,0.99967873,0.9999994,0.9997227
HIST1H4J,0.9967072,0.99750435,0.9980099,0.9966529,0.996889,0.9968914,0.9984898,0.9969293
ATP8B1,1.0047797,1.0035515,1.0030588,1.004947,1.0044034,1.0047805,1.0023693,1.0046928
SLCO1B3,0.9982968,0.9987316,0.9990399,0.99833393,0.9984391,0.99852526,0.9993011,0.9981114
DCDC1,1.0003544,1.0001912,1.0001105,1.0001845,1.000198,0.9998555,0.99997723,1.0008159
LPAR4,0.99987155,1.0000569,0.9995576,0.99921834,0.9996646,0.9993881,0.99969375,0.9992521
CNDP1,0.9973867,0.9980117,0.99839246,0.997302,0.99748814,0.9974896,0.99876755,0.9974509
ARPC1A,0.99754804,0.998167,0.9985492,0.9975041,0.99771476,0.9977683,0.998924,0.99783707
PTGR1,0.9958531,0.99694645,0.99791,0.9965106,0.9967951,0.9969454,0.998685,0.99713254
SUCLG2,0.9950299,0.99630594,0.9973116,0.9955325,0.9957979,0.995688,0.9980614,0.99571955
FAM149A,0.99993294,0.9999045,0.99970466,0.9995489,0.9996121,0.99967146,0.9997369,0.9996308
HSPA14,0.99641263,0.99739766,0.9979394,0.99657094,0.99680877,0.9965533,0.998453,0.9967785
CAMK2A,1.006077,1.0044504,1.0039282,1.0064087,1.0056618,1.0061028,1.0029936,1.0058308
WTIP,1.0062295,1.0048091,1.0036262,1.0059187,1.0056198,1.0054762,1.0027156,1.005636
HBB,0.99270415,0.99454397,0.9956496,0.9928542,0.9930954,0.99316394,0.9967176,0.99277574
FGFRL1,0.99436986,0.9958268,0.99683607,0.99489284,0.99493515,0.99490285,0.99765456,0.99448586
SCUBE2,1.002118,1.001822,1.0009887,1.0015106,1.0016103,1.0015146,1.0007793,1.0014164
NFKBIL1,1.0029423,1.002289,1.0017523,1.0028077,1.0027739,1.002821,1.0013776,1.0023472
FAM117B,0.9912534,0.9933517,0.99475324,0.991344,0.9917735,0.9920143,0.9960239,0.9911443
AFG1L,1.003981,1.0030146,1.0023947,1.0038353,1.0035287,1.0037128,1.0018246,1.0037006
LRRTM3,0.99729425,0.998225,0.9986442,0.9976322,0.9977106,0.99755585,0.99900246,0.9966997
SRP54,1.0017387,1.0013889,1.0010175,1.0015745,1.0014933,1.001512,1.0007927,1.0018245
CD53,0.9944898,0.9958159,0.9966889,0.99446064,0.9949198,0.99492186,0.99750227,0.99481094
IGF2BP2,0.99662334,0.99746895,0.99792516,0.9966065,0.99693596,0.99669755,0.99840724,0.9966041
MRPS22,0.9997968,0.9998427,1.0001847,1.0000838,0.9999875,1.000177,1.0002404,1.0008668
APOBEC2,0.998313,0.9987092,0.99882185,0.99803627,0.9982339,0.9982008,0.999084,0.99841154
CASP8,0.99952316,0.99965876,0.9996247,0.9993744,0.99947995,0.99944544,0.99970114,0.99883306
CAMLG,0.9972665,0.997954,0.9984547,0.99735916,0.99752295,0.9975734,0.9988453,0.9972584
AHRR,0.99649,0.9973372,0.99820584,0.996956,0.9970003,0.9971355,0.9986936,0.99668235
KCNK6,1.0007815,1.0006242,1.0005165,1.0008353,1.0009009,1.0009152,1.000442,1.0000486
PRMT2,0.99571186,0.9967536,0.997355,0.9955932,0.99590826,0.9958447,0.9979399,0.9955983
CMKLR1,1.0035173,1.002684,1.0017415,1.0028782,1.0029508,1.0027871,1.0012372,1.0020926
CNPY2,0.9990368,0.9992658,0.9995872,0.99919665,0.9991592,0.9993385,0.9997269,0.99907804
SHQ1,0.99978787,0.99987686,1.0001419,1.0000846,0.9999685,1.0000676,1.0001436,0.9993736
FAM210A,1.0009236,1.0007149,1.0009121,1.0013114,1.0008856,1.00132,1.0007582,1.0013773
EIF5A,0.9966947,0.9975332,0.9983131,0.99706435,0.9970906,0.9971774,0.9987687,0.99757826
AVL9,0.996731,0.9975576,0.9979938,0.99665433,0.99703133,0.9969332,0.9985548,0.9974259
PELI3,1.0045042,1.0033354,1.0026801,1.0043714,1.0040807,1.0039947,1.0019636,1.0043025
SLC25A39,0.99720204,0.997903,0.998479,0.9974557,0.9975114,0.99757755,0.9988972,0.9973491
ATP2B2,0.99977195,0.9997413,1.0002992,1.0004046,0.99993056,1.0001606,1.0002233,1.0004171
CCDC73,0.99779546,0.9983531,0.99885505,0.9980195,0.99815255,0.99825734,0.9992218,0.99837697
SH3BP1,1.0009811,1.0007253,1.0006379,1.0009294,1.0008293,1.0008936,1.0004513,1.0008513
SCP2,0.9977642,0.9982979,0.9989209,0.9981259,0.99812216,0.9982849,0.99925315,0.9983449
PERP,0.9950609,0.99620837,0.9969393,0.994905,0.99516547,0.9950292,0.9975515,0.9953999
CORO6,0.99539787,0.99652606,0.99701774,0.99511814,0.99553096,0.99537516,0.9976917,0.99523664
SHD,1.0045149,1.0033813,1.0031402,1.0049875,1.0044572,1.0047014,1.002405,1.0043678
HDAC7,1.0016241,1.001312,1.000736,1.0012555,1.0012918,1.0010421,1.0004697,1.0006955
HIST1H2AE,0.9967072,0.99750435,0.9980099,0.9966529,0.996889,0.9968914,0.9984898,0.9969293
TFAP4,1.0035515,1.0026754,1.0022753,1.0035962,1.0030805,1.0035408,1.0017345,1.0027233
JDP2,1.0042219,1.0031579,1.0029052,1.0046403,1.0041454,1.0043108,1.0022533,1.0047106
RELN,0.997887,0.9983501,0.99890524,0.9981358,0.9981255,0.99816644,0.99918306,0.99839246
SPRED3,1.0009813,1.0007267,1.0007112,1.0011342,1.0008681,1.0007572,1.0004647,1.0011353
PRDM1,0.9989482,0.9991827,0.9992876,0.9986806,0.99883187,0.99898255,0.99944794,0.9989036
POR,0.99855876,0.99900603,0.9995638,0.9991542,0.9991191,0.9993957,0.9998802,0.99928236
ZNF99,0.9986664,0.9990326,0.99919146,0.9985782,0.9986919,0.99866784,0.9993555,0.9982796
CHAF1A,0.9998764,0.99989384,0.9999167,0.99986446,0.9999037,0.99975014,0.99994344,1.0003579
GEMIN8,1.0022045,1.0017011,1.0014184,1.0023223,1.0020428,1.0018903,1.0010407,1.0022876
BANK1,0.9978735,0.99835765,0.998616,0.9976815,0.9978673,0.9978089,0.9989104,0.99788177
AP2S1,0.9975507,0.9981508,0.9987452,0.99782616,0.997918,0.9979738,0.99910593,0.9981875
CYP2D6,0.9967072,0.99750435,0.9980099,0.9966529,0.996889,0.9968914,0.9984898,0.9969293
CENPV,0.996317,0.99729264,0.9976845,0.99619055,0.99658155,0.99642575,0.9982519,0.9958192
MXD4,1.0015839,1.0011514,1.0005994,1.0010468,1.000976,1.0006986,1.0003108,1.0014725
CACFD1,0.9999858,1.0001314,0.9995233,0.9993384,0.999632,0.99921757,0.9995444,0.9985696
PITHD1,1.0005158,1.0004959,1.000501,1.0007048,1.0007129,1.000732,1.0004314,1.0001835
H2AFV,0.9967072,0.99750435,0.9980099,0.9966529,0.996889,0.9968914,0.9984898,0.9969293
PRPF39,0.9890982,0.9917047,0.99301875,0.9886224,0.9895719,0.9893624,0.99467105,0.98951805
SGSM3,1.000223,1.0001729,1.000397,1.0005605,1.0003619,1.000539,1.0004004,1.0014855
KLHL36,0.99909985,0.99925494,0.9996227,0.99937284,0.9993174,0.99946445,0.9997691,0.99937093
ASNS,0.99330604,0.99487495,0.9961313,0.9935445,0.9940144,0.99420524,0.99716043,0.99416214
INSYN1,1.0007775,1.0006195,1.0003891,1.0006195,1.0005968,1.0005454,1.000289,1.0004269
SOCS7,0.9937947,0.99533,0.9956528,0.9928998,0.99356973,0.99326956,0.9965327,0.99315155
SMEK2,0.9967072,0.99750435,0.9980099,0.9966529,0.996889,0.9968914,0.9984898,0.9969293
MBD6,1.0053008,1.0039966,1.0033484,1.0054117,1.0049847,1.0051006,1.0025429,1.004744
VWC2,1.0007992,1.0007086,1.000384,1.0005084,1.000664,1.0005946,1.0003366,1.0008461
PNKP,0.99635565,0.99724764,0.997926,0.99658924,0.9966745,0.9967998,0.9985255,0.99722993
GGA3,1.0041192,1.0030197,1.0027051,1.0043311,1.0038769,1.0042989,1.0020969,1.0038012
AKR1C2,1.0024661,1.0018146,1.00154,1.0025345,1.0024104,1.0023993,1.0011811,1.0022663
ENAM,1.0028768,1.0021002,1.001801,1.0029068,1.0026448,1.0028547,1.0013598,1.0023912
SCIN,0.9991976,0.9992571,0.9995793,0.99920726,0.99928933,0.99955004,0.9997144,0.99923587
TTC31,1.0020282,1.0015376,1.0013726,1.0021559,1.0019654,1.0019708,1.0010529,1.0017238
LRRC27,1.0000741,0.99996233,0.99983096,0.99966145,0.99967587,0.9997021,0.99980116,1.0001969
DNAJB5,0.99218225,0.99396634,0.9952377,0.99212503,0.99251497,0.99245954,0.9962971,0.9930412
TOB1,0.9981353,0.99861526,0.9989723,0.9982028,0.99831235,0.99842316,0.9992665,0.9980722
USPL1,1.0024796,1.0017989,1.0016,1.0026352,1.0023515,1.0025873,1.0012649,1.0027475
NKAIN1,0.99940395,0.99964714,0.9999106,0.9997389,0.9997933,0.9997666,0.99999654,0.9990872
ZNF326,0.9995669,0.9996872,0.9996009,0.99931437,0.9993686,0.9993439,0.999627,0.99900144
SCN2B,1.0053558,1.0040894,1.0033245,1.0053754,1.0050337,1.0050477,1.0024999,1.0045108
AP1M1,1.0000322,1.0000525,1.0002546,1.000258,1.0001196,1.00032,1.0002733,1.0008073
DTX4,0.995628,0.9966868,0.9970933,0.9953104,0.9955894,0.9953145,0.99767685,0.9955628
SYT3,1.0004203,1.0003643,0.9999938,1.0000784,1.0002301,1.0001338,0.9999849,0.99927485
BMX,1.0014497,1.0010477,1.0007813,1.0012238,1.0011024,1.0011206,1.0005136,1.0011449
HIST1H3B,0.9967072,0.99750435,0.9980099,0.9966529,0.996889,0.9968914,0.9984898,0.9969293
GPR21,1.0053465,1.0041027,1.0031117,1.005064,1.0048269,1.0046356,1.0022805,1.004426
AP1S3,1.0021173,1.0015818,1.0013263,1.0021577,1.0020381,1.0019605,1.0010202,1.0021892
FGB,0.9990506,0.99930227,0.99944055,0.99903035,0.9990892,0.99896574,0.99953556,0.99902904
RAD51AP2,0.99702895,0.9977726,0.99813855,0.996887,0.9971142,0.9970125,0.99853754,0.99693286
RHPN1,1.0007772,1.0005523,1.0005906,1.0009289,1.0007119,1.0007265,1.0004568,1.0012786
HIST1H4L,0.9967072,0.99750435,0.9980099,0.9966529,0.996889,0.9968914,0.9984898,0.9969293
CCNJL,1.0028533,1.0021797,1.0018246,1.0028985,1.002704,1.0027012,1.0013983,1.002873
KCNMA1,0.9954684,0.99667263,0.99720275,0.9954252,0.9958103,0.99575275,0.9979676,0.9954286
PIK3CA,1.0006516,1.0002859,1.0006717,1.0010103,1.0006435,1.0011162,1.0005327,1.0009626
PIK3IP1,0.99899435,0.9992863,0.99958694,0.9991769,0.9991813,0.99942195,0.9997784,0.9990792
HHIP,1.0042291,1.0032119,1.0029225,1.004754,1.004136,1.0042641,1.0022426,1.0042542
CATSPER1,0.9972086,0.99787664,0.998306,0.99714136,0.99733096,0.997337,0.99870276,0.99735385
UBC,0.9936483,0.9951721,0.99600583,0.9933963,0.99382883,0.9938009,0.99689186,0.99367565
ADAM7,0.99743927,0.99804306,0.9984553,0.997386,0.99754655,0.99753,0.9988061,0.997635
LGSN,1.0007421,1.0005847,1.0004432,1.0007008,1.0006614,1.0007201,1.0003606,1.0003691
OGFR,1.0024011,1.0018343,1.001375,1.0023174,1.0023265,1.002055,1.0010008,1.0015061
BHLHA9,0.99663633,0.9974498,0.997971,0.9965885,0.9968267,0.9968314,0.99846184,0.9968804
AMER3,1.0053558,1.0040486,1.003205,1.005233,1.0049703,1.0050306,1.0024364,1.0041511
POLR3F,1.0009596,1.0007495,1.0004596,1.0008379,1.0010796,1.0008094,1.0003693,1.0002568
ATP23,1.0017852,1.0013754,1.001237,1.0019826,1.0016949,1.0016396,1.0009122,1.0015826
PRMT9,1.0075028,1.0056121,1.0044332,1.0072426,1.0067166,1.0067855,1.0032827,1.0066816
SH3RF3,0.9999733,1.0000197,0.99974805,0.9996284,0.9996659,0.99950075,0.999737,0.99966544
TNRC6B,0.9901837,0.99254775,0.9936832,0.9896321,0.9904431,0.99040115,0.9951222,0.98992133
TTC30A,1.0029457,1.0021989,1.0019386,1.0030975,1.0028234,1.0029008,1.0014874,1.0030832
TLR10,0.9980554,0.99852836,0.9987951,0.9979807,0.9981583,0.9980266,0.9990197,0.9975361
KCNH7,1.0008492,1.0007176,1.0007256,1.0010493,1.0011241,1.0012252,1.0006716,1.001026
PDF,1.0014815,1.001187,1.0008037,1.0012517,1.0014026,1.0010879,1.0006249,1.0021714
SNAP91,0.9917333,0.9937734,0.9948546,0.9914916,0.99220717,0.9920627,0.9960712,0.9917819
RAP1A,1.0029409,1.0022364,1.0017807,1.0028435,1.0027715,1.002663,1.0013642,1.0032537
AKAP10,1.005486,1.0041523,1.0036721,1.0058672,1.0053772,1.0056736,1.0028491,1.0053046
CSNK1G3,0.99754965,0.99803305,0.9984654,0.9974701,0.99751544,0.9974903,0.9987514,0.9978641
HCN2,0.9994141,0.9995689,0.9996115,0.9993762,0.9994445,0.9993499,0.9996884,0.9990494
FSHR,0.9967209,0.99752665,0.99791336,0.9965217,0.99681354,0.9967348,0.9983933,0.9967897
SPO11,0.9967072,0.99750435,0.9980099,0.9966529,0.996889,0.9968914,0.9984898,0.9969293
INSIG2,1.0034978,1.0027121,1.0019828,1.0032359,1.003105,1.0029862,1.0014868,1.0035262
COLEC10,0.9969312,0.99767315,0.998172,0.9969129,0.997123,0.9971343,0.99861586,0.99713326
TSPAN17,1.0066358,1.005099,1.0035942,1.0060021,1.0058082,1.005429,1.0025809,1.0047783
UBE2H,0.9936909,0.9951746,0.9963085,0.9938787,0.9942647,0.9944304,0.9972534,0.99415445
IMPACT,0.99861646,0.9990174,0.99933994,0.9988233,0.99879026,0.99875855,0.999514,0.9985844
DLX4,0.99622774,0.9971401,0.9976275,0.99605715,0.9963386,0.9963026,0.99816257,0.996202
ELL2,1.0023427,1.0016737,1.0015854,1.002561,1.0023043,1.0026134,1.0012988,1.0029569
CEP85L,1.0010054,1.0008172,1.0008681,1.0011973,1.000941,1.0011355,1.0006536,1.0008247
SIX2,0.9970859,0.9977734,0.99828196,0.99709237,0.9973441,0.9973539,0.9987285,0.9974805
EMC4,1.0006542,1.0004857,1.0003214,1.0004711,1.0004371,1.0003715,1.0001938,1.0005279
GABRB2,0.99843407,0.99894375,0.99961877,0.99924433,0.99900955,0.9993669,0.99986845,0.9986937
MAK,1.0009593,1.0006902,1.0006695,1.0010567,1.0010061,1.0009122,1.0005274,1.0019054
TAOK2,1.0022968,1.001699,1.0010505,1.0018296,1.0017781,1.001571,1.0006739,1.0011802
CRYGS,0.9981215,0.9987108,0.99898136,0.99818623,0.9982759,0.99818254,0.99924684,0.9988253
DNASE1L3,0.9969506,0.9976649,0.9981601,0.9969268,0.9970639,0.9970543,0.99857295,0.9971925
PDCD6,0.99963284,0.9997909,0.99987864,0.99968064,0.99966097,0.99960065,0.99990356,0.9997523
ADA,0.99938333,0.9996176,0.99959373,0.9992226,0.9994038,0.99953806,0.9997487,0.9986073
MTMR2,0.9996487,0.99971294,1.000179,1.0000501,0.9997196,1.0003847,1.0002853,1.0004947
GPR1,1.0052958,1.0040802,1.0030795,1.0049995,1.0047235,1.0045159,1.0022392,1.0043328
LGALS8,1.0003824,1.0003219,1.0001854,1.0003622,1.0002849,1.000385,1.000144,0.999419
WDR20,1.0000138,0.9999856,0.9999569,0.9998945,1.0000211,1.0001156,1.0000304,1.0004412
ALOXE3,1.0007864,1.0006273,1.0002835,1.0004144,1.0005097,1.0005255,1.0002165,1.0004221
PRKRA,1.0002574,1.0001907,1.0002673,1.0003717,1.0002517,1.0004348,1.0002424,1.000552
AP4M1,1.0016167,1.0011766,1.0009236,1.001475,1.0013912,1.0013471,1.0006871,1.0018673
SRRM2,0.9898285,0.9923327,0.9935961,0.9894725,0.99016017,0.98993355,0.99503255,0.9900044
UCKL1,0.9983061,0.99877894,0.9992361,0.9986632,0.99868464,0.9985162,0.99946904,0.9994319
SCN3B,0.990093,0.99248624,0.99406934,0.9901652,0.99074876,0.99081075,0.9955002,0.9908807
PSMB10,1.0003204,1.0002291,0.99998057,0.9999987,1.0001606,1.0001258,1.0000031,1.0000293
REEP5,0.9974153,0.9980787,0.9985088,0.99745953,0.99764967,0.99761903,0.9988502,0.99714684
DYRK1B,1.0008353,1.000545,1.0008289,1.0012492,1.0009336,1.0012023,1.0007164,1.002078
NXNL1,0.99676675,0.99754906,0.99803686,0.99670285,0.9969377,0.9969303,0.9985063,0.9969621
ZNF790,1.0012865,1.000968,1.0005419,1.0009158,1.0008117,1.0006654,1.0002935,1.0006993
KCTD2,0.99518734,0.9962937,0.9969737,0.9951087,0.99543464,0.9952456,0.99764276,0.9950731
ADCY9,1.0125735,1.0094641,1.007724,1.0125773,1.0116735,1.0118835,1.0058469,1.0123365
CLIP1,0.9926975,0.9944953,0.9951215,0.9920246,0.99280596,0.99262273,0.9962694,0.99299896
HPF1,1.0017579,1.0013409,1.0009749,1.0015669,1.001473,1.0012739,1.0006363,1.0012264
TRIP11,1.0035036,1.0026844,1.0018766,1.0030004,1.0028595,1.0027333,1.001327,1.0035578
ADAMTS15,1.0021516,1.0016866,1.0013738,1.0021586,1.002058,1.0021865,1.0010784,1.0013847
DTWD1,1.0016129,1.001255,1.0013254,1.0020263,1.0017045,1.001888,1.0011269,1.0028064
DCTN5,1.0009251,1.0007339,1.0006602,1.0010079,1.0009689,1.0010134,1.0005447,1.0009266
SLCO3A1,1.0014799,1.0012178,1.000755,1.001199,1.0014474,1.0013281,1.0006403,1.0009339
LARP4B,1.002449,1.0018075,1.0010827,1.0018544,1.0018086,1.0016481,1.0006878,1.0015258
DOC2B,0.9968411,0.9976024,0.9981183,0.9968181,0.9970411,0.99708146,0.99858725,0.9971047
CD74,0.9991672,0.99939275,0.9993321,0.9988386,0.99900025,0.99886894,0.99939835,0.9986764
KCNS3,1.0032747,1.0025792,1.0018482,1.0030398,1.003027,1.0027351,1.0013876,1.0030382
CCSER1,0.9992282,0.99935377,0.99969614,0.9993738,0.9992643,0.9995934,0.9998238,0.99955785
TMEM169,1.0020078,1.0014591,1.0016372,1.0025696,1.0023392,1.0024793,1.0013196,1.002284
ORC3,1.0030583,1.002303,1.002089,1.0033348,1.0031472,1.0031719,1.0016422,1.0033665
STMN2,0.9879482,0.99079996,0.9926728,0.9878149,0.9885402,0.9886499,0.99434364,0.9883321
ITCH,1.0016006,1.0012034,1.0009024,1.001518,1.0015149,1.0012228,1.000602,1.0011177
RTKN,0.9969219,0.9977598,0.9984567,0.9973707,0.99746615,0.99755585,0.9989389,0.99713355
ZNF91,0.9994911,0.99954116,0.9996356,0.9993864,0.9993136,0.9995514,0.99969983,0.999257
CDC40,1.0015492,1.0013456,1.0007133,1.00116,1.0013065,1.0010066,1.0004956,1.000474
CROCC2,0.9967072,0.99750435,0.9980099,0.9966529,0.996889,0.9968914,0.9984898,0.9969293
ZNF555,1.0029969,1.002243,1.0014886,1.0024738,1.0024066,1.0022688,1.0010352,1.0025067
PTPRR,1.0072745,1.0054598,1.0045092,1.0073423,1.0066826,1.0066686,1.0033762,1.0080338
HMGB1,0.99269867,0.9944253,0.9953445,0.9923333,0.9928178,0.99285626,0.9963702,0.99249727
C1orf127,0.9988109,0.99906737,0.99936295,0.99883664,0.99887633,0.998978,0.9995153,0.9990907
TPD52L1,1.0023005,1.0018568,1.0011401,1.0018401,1.0018647,1.0018818,1.000835,1.0008572
ZNF385D,1.0055456,1.0042801,1.0035129,1.0055884,1.0052279,1.0053408,1.0027146,1.0052613
B4GALNT1,1.0023185,1.0017993,1.0014832,1.002305,1.0022362,1.0022889,1.0011896,1.0028104
HCN3,0.9986,0.9989617,0.99917805,0.998569,0.9986074,0.9985268,0.9993134,0.9987265
NECTIN1,0.9968548,0.99778634,0.99784875,0.9965197,0.9968461,0.996598,0.99834937,0.9960073
SLC25A1,0.999192,0.9994005,0.99983513,0.99962616,0.9995331,0.9996574,0.99995434,0.9995079
CALM3,0.99200845,0.99394834,0.99505156,0.9918115,0.9923223,0.99227256,0.99617106,0.9920747
NR0B2,0.9967072,0.99750435,0.9980099,0.9966529,0.996889,0.9968914,0.9984898,0.9969293
PNLIPRP1,0.9969913,0.99772084,0.99817514,0.9969239,0.99714255,0.9971434,0.9986135,0.9972052
MAPK8IP2,0.9994018,0.99952483,0.9996107,0.99937177,0.99935555,0.9992676,0.9996418,0.99886835
TNRC6A,0.99260414,0.9943613,0.99550843,0.9925996,0.9930284,0.9930446,0.99655694,0.99284637
MPHOSPH8,0.9961731,0.9970507,0.9976031,0.9959543,0.9962059,0.9963204,0.9981369,0.99640137
NAPRT,0.9838991,0.98775303,0.99047464,0.9842655,0.9853623,0.98569614,0.9930724,0.986768
HUNK,0.9984617,0.9988338,0.9988861,0.99811125,0.99845386,0.99873674,0.99924767,0.9981161
MRPL19,1.00046,1.0005372,1.0003214,1.0003365,1.0005777,1.000415,1.0002967,1.0000844
COX11,1.0010655,1.0009556,1.000561,1.0008348,1.0011393,1.0009189,1.0004867,1.0009236
KCNN4,0.99828553,0.99868655,0.99888605,0.9981384,0.99823874,0.99819696,0.99908876,0.99808776
RNF152,1.0020341,1.0015674,1.0015377,1.0024074,1.002207,1.0025231,1.0013115,1.0021027
DUT,0.99963665,0.9997588,0.9998447,0.9996422,0.9995968,0.9996583,0.99988663,0.9997693
SLC22A7,0.9974657,0.99805266,0.9985349,0.997519,0.99760723,0.9976711,0.99888253,0.99771476
DDAH2,0.9963546,0.9971668,0.9979175,0.9964378,0.9966005,0.9968603,0.9984828,0.9974748
FNBP1,0.997659,0.9981736,0.9986813,0.9978149,0.99782985,0.9978589,0.9989906,0.99820864
SLC4A5,1.0054682,1.0040727,1.0035617,1.0057018,1.0052078,1.0054982,1.002728,1.0049021
RNF38,0.9941787,0.99556005,0.99645007,0.994089,0.9944586,0.99471605,0.9973538,0.99431086
PEMT,0.9953475,0.99668014,0.9974447,0.99562097,0.9960178,0.9958705,0.99818265,0.9961214
SCRIB,1.0011151,1.0009301,1.0004026,1.0007411,1.0009029,1.0005457,1.0002698,1.0004177
TTC1,1.004219,1.0031991,1.0023578,1.003792,1.0035399,1.0035299,1.0016922,1.0037262
TFAP2C,0.9912062,0.99338686,0.9946847,0.9912267,0.9919592,0.991763,0.99605036,0.9919257
TBX21,0.99889994,0.9991193,0.99931926,0.9988209,0.9988297,0.9988892,0.9994489,0.99890786
FGF6,0.9967072,0.99750435,0.9980099,0.9966529,0.996889,0.9968914,0.9984898,0.9969293
NOL4L,0.996441,0.9972563,0.9978881,0.99638224,0.99649453,0.9968791,0.998416,0.99670494
C10orf12,0.9967072,0.99750435,0.9980099,0.9966529,0.996889,0.9968914,0.9984898,0.9969293
LIN7A,1.0096316,1.0073651,1.0057986,1.0094705,1.0091231,1.0092659,1.0044923,1.0083847
ZBTB21,1.0020115,1.0014355,1.0012367,1.0019652,1.0018404,1.0018452,1.0009061,1.0020019
FMNL3,1.0009997,1.0006673,1.0006851,1.0010209,1.0009301,1.0011398,1.0005256,1.0009682
HMCN2,1.0005957,1.0003631,1.0002961,1.0003827,1.0003886,1.0004604,1.0002103,1.0008731
ZP4,0.9969254,0.99766386,0.99813175,0.9968598,0.9970732,0.9970467,0.99856544,0.9971044
PHACTR1,1.0034018,1.0026352,1.0022566,1.0036114,1.0033276,1.003385,1.0017421,1.0029446
CCNB1,0.997297,0.9980546,0.9981824,0.9969889,0.9971957,0.9971292,0.99863166,0.99738437
SLC51A,0.9963041,0.9972077,0.9977396,0.9962195,0.9965121,0.99646616,0.9982828,0.99653023
RIN2,0.998036,0.99858034,0.9988719,0.99801767,0.99807733,0.998201,0.99915427,0.99766463
CDC23,0.99983966,0.99988174,0.9997801,0.9995934,0.99966145,0.99982655,0.999835,0.9990597
ELAVL3,0.99587,0.9968889,0.997398,0.9956273,0.99599123,0.9960905,0.9980168,0.99577713
TMEM260,1.000274,1.0001993,0.9998685,0.9998153,1.0000038,1.0000166,0.99989045,0.99973476
RGSL1,0.99663633,0.9974498,0.997971,0.9965885,0.9968267,0.9968314,0.99846184,0.9968804
LMO3,0.998625,0.9989919,0.9993744,0.9987812,0.99884945,0.99884236,0.9995643,1.0000306
ASCL2,0.9977286,0.99824774,0.9984354,0.99738044,0.9975914,0.9974872,0.99870276,0.99755657
C1QL4,1.0073799,1.0055268,1.0042801,1.0069063,1.0067575,1.0072799,1.0033427,1.0058292
FAXC,0.99835235,0.99870765,0.99870026,0.99794865,0.9981128,0.998003,0.99892867,0.9979216
PLAUR,1.0028656,1.0020853,1.0017011,1.0026839,1.0024259,1.0024132,1.0011663,1.0023534
C1R,1.0042117,1.0032632,1.0027926,1.0044569,1.004113,1.0040702,1.0021539,1.0041134
SAMD11,1.005323,1.00402,1.0034349,1.0055536,1.0052148,1.005589,1.0027149,1.0046303
MAATS1,1.002771,1.0021038,1.0020912,1.0032957,1.0026429,1.003247,1.001673,1.002386
FXN,1.0022415,1.0017328,1.0015337,1.0023439,1.0020804,1.0023065,1.0012313,1.002625
RBM38,1.0037763,1.0027401,1.002025,1.0033748,1.0030932,1.0028352,1.0013393,1.0029054
LRRIQ4,0.99661285,0.9974308,0.99795234,0.996563,0.9968027,0.9967999,0.99844545,0.99685466
SENP2,1.0016497,1.0011982,1.0009617,1.0016009,1.0014083,1.0014422,1.0007259,1.001854
ARHGAP22,1.0000458,1.0000936,1.00006,0.9999702,0.99992406,0.9998658,1.000029,1.000215
TOR1B,1.0034821,1.0026104,1.001942,1.0031751,1.0029873,1.002934,1.0014333,1.0037112
FAAH,1.0049348,1.0037748,1.0031804,1.0050929,1.0047746,1.0045974,1.0024086,1.0054146
ZNF560,0.9971355,0.9978355,0.99824154,0.99704623,0.9972737,0.9972186,0.9986505,0.99718666
INTS14,1.0007151,1.0005393,1.0003171,1.0005234,1.0004851,1.0004089,1.000223,1.000768
PXN,1.0009031,1.0007575,1.0003921,1.0006173,1.0005238,1.0003977,1.0001891,1.000019
TGM3,0.99678284,0.9975583,0.9980508,0.99672127,0.99695194,0.9969539,0.9985186,0.99700844
PSMA1,0.99637246,0.9972445,0.9976771,0.9961333,0.996414,0.99640703,0.9981982,0.99631476
AFF3,1.0000771,1.0000671,0.9999161,0.9997611,0.9999601,1.0000559,0.99996716,0.9999386
SRSF11,0.99154437,0.99359983,0.99470437,0.9912718,0.9918426,0.9917861,0.9959061,0.9916049
RNF128,0.9994248,0.99957854,0.9995541,0.9992238,0.9993801,0.9992173,0.9996009,0.9989732
PDE11A,1.0088781,1.00679,1.005416,1.0088576,1.0083212,1.0084001,1.0041223,1.007728
PLPPR4,1.0032094,1.0025082,1.0017831,1.0030015,1.0028007,1.0025915,1.0012522,1.0018222
PLPBP,1.0024188,1.0018463,1.0016042,1.0025387,1.0021996,1.002151,1.0011755,1.0027184
HIST1H2AD,0.9967072,0.99750435,0.9980099,0.9966529,0.996889,0.9968914,0.9984898,0.9969293
ADIPOQ,0.99659693,0.99743295,0.9979265,0.9965249,0.99677753,0.9967458,0.99842095,0.9966545
RSPH4A,1.000918,1.0007541,1.0004684,1.0007234,1.0008571,1.0007167,1.0004171,1.0012043
ABHD17C,0.99851984,0.9988774,0.99883306,0.99823153,0.9984139,0.9983785,0.99913144,0.9982586
GABRA4,1.000353,1.000138,1.0002139,1.0003618,1.0002284,1.0003239,1.0001334,1.0005918
YY1,0.99109745,0.993217,0.9948115,0.9914212,0.99174124,0.9918734,0.99607265,0.99206597
XYLB,0.99854684,0.9988089,0.99936503,0.99883044,0.9987913,0.9989954,0.9995713,0.99937165
PTDSS2,0.9946851,0.995996,0.99685496,0.99487036,0.9952513,0.9951192,0.99768066,0.99514055
UTP6,1.0008202,1.0006735,1.0004647,1.0007286,1.0007048,1.0005707,1.0003242,1.0007991
PDE4DIP,0.99819875,0.9986667,0.9986927,0.99781454,0.99805534,0.99781275,0.9989085,0.99840903
ARL5B,1.0025644,1.0018164,1.0016673,1.0026019,1.0023558,1.0028136,1.0013012,1.0020196
EPB41L4B,1.0080492,1.006071,1.0047572,1.0077072,1.0070763,1.0070738,1.003451,1.0068308
SNAP29,0.99971676,0.9998498,1.0001949,1.0001817,1.0000321,1.0000709,1.0002203,1.0003911
CHRNA7,1.0062871,1.0047431,1.0036012,1.0058506,1.0054262,1.0052701,1.0025692,1.0057533
STC1,1.0030822,1.0023108,1.0017571,1.0028765,1.0027552,1.003041,1.0013947,1.0023134
IZUMO1,1.0019801,1.0015846,1.0012422,1.0019003,1.0018818,1.0018686,1.0009582,1.001532
CLRN1,0.99650514,0.99733496,0.99801064,0.99662316,0.99682385,0.9969729,0.99854565,0.99691844
ADAD2,0.99678284,0.9975583,0.9980508,0.99672127,0.99695194,0.9969539,0.9985186,0.99700844
CLEC14A,0.9980564,0.9985349,0.9986292,0.99770564,0.9977187,0.9977124,0.998852,0.9976579
KCND2,1.0000556,1.0001822,0.99987364,0.99980825,0.9997796,0.9998981,0.99988323,0.99796116
PLCB1,0.99702036,0.9977708,0.9979275,0.9965958,0.9966943,0.99630034,0.9982015,0.99651694
CPSF7,0.99574697,0.996863,0.99756205,0.9958775,0.9961133,0.9961025,0.9982078,0.9962417
ZNF226,1.0044892,1.0033581,1.0029573,1.0047786,1.0041261,1.0045817,1.002274,1.0037277
KPNA5,1.0078886,1.00596,1.0050535,1.0082409,1.0075355,1.0076027,1.0037994,1.0070691
VWC2L,0.99893194,0.99922204,0.99935263,0.99886465,0.99903166,0.998953,0.9995017,0.99876916
TNFAIP3,1.006552,1.0049566,1.0042193,1.0067793,1.0061977,1.0065707,1.003268,1.0059402
PAF1,1.0014296,1.0011178,1.0008166,1.0013125,1.001226,1.0009828,1.0005426,1.0011568
SGPP2,0.99850833,0.99891233,0.9989872,0.9982736,0.99848294,0.9984306,0.9992262,0.99847865
C1QTNF8,0.99905086,0.9992708,0.9992725,0.99875736,0.9989257,0.9989106,0.9994189,0.9988165
CDK7,1.0034685,1.0026678,1.0023893,1.003736,1.0035166,1.0037729,1.0019538,1.004258
FCHO2,0.9988998,0.99919677,0.9992122,0.9987941,0.9989494,0.9989972,0.9994458,0.998088
ATP6V1H,0.9993029,0.9994939,0.9997455,0.9995315,0.9994601,0.999701,0.99989057,0.99916303
GRTP1,0.9998991,1.0000294,0.9999959,0.99991137,0.99993944,0.99989176,1.0000312,0.9998039
PCTP,1.0005012,1.0004154,1.0004232,1.0006691,1.0004987,1.0004795,1.0003185,1.0004612
FOXN4,0.99872136,0.99909914,0.999258,0.9986487,0.99882376,0.99864215,0.9994288,0.9986937
USP45,1.0046262,1.0034322,1.0028825,1.0045674,1.004149,1.0041783,1.0021093,1.0051796
ACSM3,0.9976181,0.99819386,0.9985929,0.9976053,0.997769,0.99781835,0.99895334,0.99782586
PTGS1,0.9986188,0.9989215,0.9992701,0.99870884,0.99879265,0.9988701,0.99943674,0.9982162
RAB14,0.9941689,0.9955736,0.99627113,0.9938965,0.99436593,0.9941579,0.99709684,0.9943257
SPRED2,1.0016463,1.0013661,1.0008945,1.0015049,1.0015085,1.0012383,1.0006974,1.0016532
AJUBA,0.9919081,0.99387574,0.9945656,0.99131304,0.9921226,0.9914861,0.99578017,0.99259627
SGK1,0.9981288,0.99860275,0.9988144,0.99804926,0.99824226,0.9981868,0.99910724,0.9978665
RECQL,1.0064173,1.0049347,1.0040212,1.006546,1.0061812,1.0058656,1.0029922,1.0056051
ASNA1,0.9967072,0.99750435,0.9980099,0.9966529,0.996889,0.9968914,0.9984898,0.9969293
RNF5,0.9967072,0.99750435,0.9980099,0.9966529,0.996889,0.9968914,0.9984898,0.9969293
TLE4,0.98971325,0.99220777,0.9937483,0.9896898,0.990466,0.9902793,0.99524724,0.99071956
MAD1L1,1.0044011,1.0033056,1.0025153,1.0041847,1.0038979,1.0034459,1.0017595,1.0044903
CDX2,0.99676675,0.99754906,0.99803686,0.99670285,0.9969377,0.9969303,0.9985063,0.9969621
NHLRC2,1.0054467,1.0039985,1.0036829,1.0058911,1.0051247,1.0053734,1.0027577,1.0057554
SP140,0.9984218,0.99882495,0.9989153,0.9982003,0.99837273,0.998283,0.99912745,0.99799156
TMEM33,0.99892306,0.9992968,0.99927914,0.99875975,0.99900323,0.99893296,0.9995017,0.9988026
DCLK1,0.989895,0.9923363,0.9936881,0.9896765,0.990412,0.99039465,0.9951926,0.99004257
MOGAT3,0.99853253,0.99886763,0.99912107,0.9985088,0.9985945,0.99857235,0.9993049,0.9984286
THAP2,0.99909747,0.9992921,0.99978447,0.9995652,0.99932027,0.9995613,0.999907,0.9999125
KDM1A,0.99682045,0.9975899,0.9981375,0.9968717,0.99713624,0.99718714,0.99861383,0.9968647
LGR5,0.99906206,0.99937356,0.99935925,0.9988719,0.9988478,0.9987327,0.9994452,0.9990275
LZTS1,0.9944258,0.9956671,0.99654293,0.9942937,0.9946102,0.9946034,0.9973297,0.9948047
MAPK15,0.9984293,0.99891317,0.9988626,0.998165,0.9984119,0.9979308,0.9990562,0.9984323
PSMA8,0.9959239,0.99690974,0.997527,0.995874,0.9961697,0.99616927,0.99813175,0.9961376
DVL3,0.9968042,0.9975389,0.99819875,0.9970583,0.99723864,0.9973202,0.99872124,0.99735475
ACER2,0.9974982,0.9981289,0.9983601,0.99729896,0.99758,0.99747664,0.998734,0.9972551
GRIK3,0.9955939,0.99659854,0.99761844,0.9958693,0.9960348,0.996052,0.998214,0.9968214
SIPA1,0.99998534,0.9999888,1.0001088,1.0000802,1.000022,1.0000517,1.0000638,0.99966204
NTN3,0.9967072,0.99750435,0.9980099,0.9966529,0.996889,0.9968914,0.9984898,0.9969293
KLF6,0.99044657,0.99272496,0.99404526,0.99018466,0.9906976,0.9907027,0.99535966,0.99061894
MRAS,1.0000228,1.0001173,1.0000935,1.0000832,0.99998426,0.9999776,1.0000665,0.99964935
KMT2E,0.9935516,0.99514866,0.9960173,0.99337643,0.9938395,0.99383724,0.99693996,0.9936171
PBX4,1.0006728,1.0004894,1.0003852,1.0006354,1.000703,1.0007228,1.000345,1.0003042
PRDM6,1.0019534,1.0014708,1.0011163,1.0017409,1.0016952,1.001769,1.0008515,1.0017154
NRROS,0.99747026,0.9981122,0.9983238,0.9972137,0.9974941,0.9973806,0.9986872,0.9971696
GIGYF2,0.99824834,0.99865365,0.9990955,0.9983631,0.99844456,0.9984529,0.9992959,0.99866974
WRAP53,0.9976088,0.99815845,0.9987856,0.99787796,0.99776417,0.9978836,0.99912477,0.9992367
BCAN,0.99598074,0.9969207,0.99739516,0.99571466,0.9956536,0.9957803,0.9979347,0.9962284
AKT1,0.9989793,0.9992205,0.9988669,0.99828357,0.99857366,0.9982084,0.99903333,0.99854815
CRLS1,0.9994428,0.99959344,0.9996474,0.9993653,0.9995034,0.9993667,0.9997734,1.0001814
ALDH3A2,0.9981006,0.99853516,0.9991487,0.9984733,0.9982682,0.9983845,0.9993497,0.99891096
MARCH8,0.9967072,0.99750435,0.9980099,0.9966529,0.996889,0.9968914,0.9984898,0.9969293
KCTD19,0.99878347,0.9989696,0.9994519,0.9989563,0.9989103,0.99914885,0.999611,0.99950475
NUDCD3,1.0009302,1.0007329,1.0004716,1.0008173,1.0008461,1.0006448,1.0003214,1.0005441
DNAJC2,1.0052731,1.0039942,1.0031444,1.0051377,1.0047998,1.0047195,1.0023347,1.0048387
PGAP3,1.0065728,1.0051003,1.0037878,1.00622,1.005963,1.0059788,1.0028927,1.0050824
REPIN1,0.998899,0.9990918,0.9991808,0.9986745,0.99875236,0.9986534,0.99930763,0.9988712
SYTL3,1.0008132,1.0005627,1.0004839,1.0007555,1.0006303,1.000691,1.0003339,1.0005599
FAM81B,0.99741364,0.99800146,0.998534,0.9974929,0.99760693,0.9977344,0.998925,0.99796104
LLGL2,0.9988907,0.99920034,0.9991759,0.99863577,0.9987531,0.99854875,0.999282,0.9985552
STAU1,0.9990934,0.9992575,0.99911183,0.99862313,0.99877936,0.99873483,0.999248,0.9984689
GLYR1,1.001373,1.0011252,1.0006006,1.0010093,1.0011752,1.0009134,1.0004101,1.00081
WDR88,0.996953,0.9976888,0.9981427,0.99688613,0.9971177,0.99708116,0.9985801,0.9970783
KLHL14,1.001045,1.0008341,1.0008575,1.0014359,1.0013266,1.0014375,1.0007489,1.0003632
RCBTB1,0.99918735,0.9993094,0.99942064,0.9989605,0.9989279,0.9990465,0.99950635,0.99915385
ZC3H11A,0.9921652,0.9940871,0.9950696,0.99189276,0.9924893,0.9922961,0.9961854,0.9923159
TRPC1,1.0004666,1.00029,1.0001277,1.0000794,0.9998433,0.99990296,0.99999845,1.0013928
GSC2,0.9967072,0.99750435,0.9980099,0.9966529,0.996889,0.9968914,0.9984898,0.9969293
MLXIP,0.9978105,0.99830306,0.99864477,0.9976933,0.9978639,0.9978721,0.99897003,0.99855036
IL7R,0.99912643,0.9992566,0.9995197,0.99918574,0.99917936,0.9992858,0.9996307,0.9990832
AGGF1,1.0000148,1.0000712,1.0000434,1.0000067,0.9999666,0.99995005,1.0000265,0.99955237
C3,0.99441886,0.9958061,0.9966532,0.9944043,0.9948317,0.9948356,0.9974768,0.9943093
GSK3B,0.99566865,0.99670035,0.9969846,0.99504584,0.9955282,0.9953218,0.9975847,0.9953784
SALL3,1.0035608,1.0027689,1.0021261,1.0033519,1.0029643,1.0029005,1.0015378,1.0032315
GRB7,0.9968317,0.99757785,0.99804646,0.9967281,0.996945,0.99695504,0.9984977,0.9970107
OPRD1,0.99894214,0.9992152,0.9996119,0.99924964,0.9991832,0.99930453,0.99975383,0.9992403
CAPN8,0.99654794,0.9973819,0.99792194,0.9965075,0.9967487,0.9967556,0.9984262,0.99681604
PSMC4,0.9956919,0.9967598,0.9975958,0.99590427,0.99619025,0.9962716,0.9982552,0.9964181
L3MBTL3,0.99989676,0.99979293,0.9998939,0.99982655,0.99974215,0.99990106,0.9998981,1.0000465
ALDH2,0.99982727,0.9998882,0.9999874,0.9999063,0.9998327,0.9998889,0.99998593,0.9997022
HEPACAM,0.9980851,0.99838185,0.99946105,0.99880266,0.9985626,0.99899906,0.99973834,1.0008805
SUFU,1.0014998,1.0012139,1.0009173,1.0015463,1.0013396,1.0013165,1.0006788,1.0006704
ZNHIT6,0.9964914,0.9972116,0.9984088,0.99727535,0.9970089,0.9977592,0.99901533,0.99809885
PCDHA6,0.99778044,0.9983088,0.998622,0.99771196,0.99785244,0.9976899,0.9988909,0.9977828
RAB2B,0.9987033,0.9989451,0.99910915,0.99848616,0.99848497,0.99851227,0.9992622,0.9992076
SGTA,0.9989337,0.99920154,0.9997293,0.9994252,0.99931103,0.9994762,0.999886,0.9997536
CKAP4,0.99470276,0.99606246,0.9962156,0.9938709,0.99457794,0.9942688,0.9970591,0.99434125
CDC42,0.9898782,0.99235225,0.99385345,0.9898083,0.9904759,0.9904375,0.9953064,0.99043
PTCH1,0.9983233,0.9987196,0.9987583,0.99805176,0.9981344,0.99801135,0.9989877,0.99800754
COPS7B,1.001015,1.0008882,1.0007087,1.0010712,1.0009181,1.0009131,1.0005639,1.000936
GPN2,0.9963716,0.9972526,0.9981041,0.99672645,0.9968929,0.9969543,0.99861574,0.997151
ATF1,1.0060354,1.0046115,1.0038943,1.0061951,1.0056355,1.005868,1.002978,1.0058196
RAN,0.9972496,0.99787116,0.99825954,0.9970603,0.997188,0.99730647,0.9986291,0.9973271
DDX43,1.0034455,1.0025728,1.0018377,1.0029914,1.0029018,1.0029571,1.0013652,1.0028594
IWS1,0.9916086,0.9936075,0.9952069,0.9920709,0.99240565,0.9925281,0.9964566,0.9930911
PRRG2,0.99701905,0.9976718,0.99833775,0.997117,0.99720263,0.9974201,0.9987746,0.9979749
RALA,0.99763095,0.99829674,0.99856853,0.99762756,0.9977894,0.997607,0.9988967,0.9976897
CAPN13,0.9978664,0.9983884,0.9986794,0.9977381,0.9979199,0.9980279,0.9990219,0.99789095
PLEKHM1,0.99964875,0.9995805,0.9998883,0.9998217,0.99968433,0.9999471,0.9999557,1.0000998
PPP4R4,0.99723965,0.9979373,0.99833983,0.9971738,0.99743456,0.9973024,0.99872684,0.9975928
NR2F6,1.0040355,1.003123,1.0023948,1.0038986,1.0037391,1.0038099,1.0018518,1.0030917
ATIC,1.0018566,1.0015287,1.0013212,1.0019957,1.001896,1.0019332,1.0010732,1.0020585
CLPX,0.9998813,0.9999043,0.99989015,0.9997806,0.9998669,0.99983287,0.999944,1.0001218
USHBP1,0.9984349,0.9988183,0.9991127,0.99844515,0.9984164,0.9984724,0.9993019,0.9986328
CDKL3,1.0027114,1.0020052,1.0016574,1.0026474,1.0023849,1.0025921,1.0012969,1.003044
ADAM8,0.99779063,0.99840796,0.99867654,0.9977924,0.99799097,0.99804926,0.99905527,0.9972297
CHM,1.0063581,1.0049055,1.0037754,1.0061352,1.0058904,1.0057201,1.0028316,1.0054295
TRA2A,0.9921465,0.99399835,0.9952692,0.9920989,0.9924427,0.9926654,0.99638695,0.9929286
ICE2,0.9948123,0.9960735,0.99673367,0.9946746,0.99517155,0.99485916,0.997504,0.9955499
EIF4E,0.99871945,0.99901056,0.9994266,0.9988736,0.99886113,0.9990565,0.99959683,0.99923587
SERPINA9,0.9967072,0.99750435,0.9980099,0.9966529,0.996889,0.9968914,0.9984898,0.9969293
HSP90AB1,0.9913212,0.9933768,0.9945555,0.991002,0.99154145,0.9916308,0.9957777,0.99128354
SCN7A,1.0016007,1.0012405,1.0006799,1.0010713,1.0011609,1.0011214,1.0004977,1.0016481
JKAMP,1.0006652,1.0005467,1.0006366,1.0008442,1.0007284,1.0010093,1.0005785,1.0009786
LEO1,1.0008211,1.0006117,1.0011015,1.0016341,1.0013707,1.0016528,1.0009655,1.0011877
ACOX2,0.99857724,0.9989785,0.9991498,0.9985157,0.99864745,0.9985008,0.9993417,0.99876714
HECW2,1.0042895,1.0033321,1.0020665,1.0035081,1.0035864,1.0033972,1.0014741,1.0017821
MAPK9,0.99999976,1.0000491,1.0001507,1.0001208,1.0001826,1.0000029,1.0000894,0.99995637
PINK1,1.0007193,1.0005798,1.0002354,1.0003433,1.0004086,1.0000886,1.0000408,1.0001945
COL28A1,0.9991969,0.9993657,0.9996644,0.9993159,0.9992604,0.99937844,0.9997457,0.9995018
CD79A,0.9982475,0.9986738,0.99883056,0.9980128,0.99821377,0.99825525,0.99910724,0.99827397
TRMT61A,0.9985465,0.9989024,0.9990659,0.99852765,0.9984871,0.9985299,0.9993166,0.9985141
SCAF1,1.0013188,1.0010872,1.0010684,1.0015996,1.0016787,1.0014802,1.0008844,1.0014395
C4orf54,0.9967072,0.99750435,0.9980099,0.9966529,0.996889,0.9968914,0.9984898,0.9969293
MTSS1L,0.9967072,0.99750435,0.9980099,0.9966529,0.996889,0.9968914,0.9984898,0.9969293
ASAH2,0.9968794,0.99764144,0.9980892,0.99678755,0.99703634,0.99701166,0.99854517,0.9970698
COX15,1.0007191,1.0005482,1.0001458,1.0003477,1.0005908,1.0004323,1.0000993,0.9996135
TRAPPC11,0.9942579,0.9956779,0.99659157,0.99446976,0.9948885,0.9947288,0.9974636,0.9941735
HAND1,0.99696684,0.9976934,0.99815005,0.99687994,0.99711823,0.99711823,0.99859905,0.99736315
ZNF853,1.0008938,1.0006584,1.0003555,1.0006669,1.0006347,1.0005312,1.000244,1.0005867
ANKRD1,0.9999858,0.9999968,0.99969405,0.9994861,0.9996769,0.9995158,0.99969804,0.9995316
RGMA,0.99693537,0.99765897,0.99816054,0.996953,0.9970739,0.99690485,0.99857724,0.99765223
SH2B1,0.9984339,0.9988295,0.999071,0.9985433,0.99857235,0.99838936,0.9992578,0.9980272
SERPINB4,0.9967072,0.99750435,0.9980099,0.9966529,0.996889,0.9968914,0.9984898,0.9969293
HSPB6,1.0002893,1.0003047,0.99992216,0.9998325,1.0000387,0.9997928,0.999871,0.99950254
CD81,0.9969096,0.9976668,0.99795246,0.99665016,0.99678046,0.9967526,0.99838424,0.99658716
BAAT,1.0024171,1.0017905,1.0013485,1.0021832,1.0021102,1.0021367,1.0009924,1.0019102
SLC7A7,0.9955981,0.99659127,0.997224,0.99536693,0.9957613,0.9957918,0.9978564,0.9956213
EDC3,1.0013702,1.0010562,1.0009586,1.0015632,1.0014206,1.0014725,1.0007824,1.001345
MYOC,0.9966557,0.99748826,0.9979521,0.9965654,0.9968583,0.9968668,0.998459,0.996596
VPS26A,1.0028671,1.002198,1.0016181,1.0026797,1.0026405,1.0024962,1.0011984,1.0021722
MIEF1,1.0006614,1.000545,1.0002645,1.0004666,1.000618,1.0006082,1.0002664,1.0003414
VEGFC,0.99926305,0.9994767,0.9995575,0.99923813,0.9993518,0.9993152,0.99968874,0.99898267
OPRL1,1.0053759,1.0041416,1.003438,1.0055801,1.0052099,1.0051298,1.0025909,1.0044199
SPPL3,0.9941084,0.9956752,0.99618196,0.99370563,0.9943193,0.99430954,0.99714565,0.99348056
P4HA2,1.0019342,1.0013636,1.0014467,1.0021446,1.0016048,1.0020223,1.0011258,1.0033634
KDM4B,0.9960537,0.9970248,0.9975003,0.9959729,0.99617875,0.9958805,0.99801147,0.9961791
KCNAB3,1.0022771,1.001702,1.0012443,1.0020782,1.0018705,1.0016761,1.000811,1.0011618
DNMT3L,0.99660325,0.9974249,0.99795717,0.99656415,0.99680483,0.9968184,0.9984561,0.996881
BTBD6,1.0069418,1.0051525,1.0039155,1.0064785,1.0060753,1.005948,1.0028528,1.006524
MPP5,1.0007429,1.0006467,1.0003488,1.0006711,1.0005056,1.000345,1.0001938,0.9995617
B4GALT7,1.0044136,1.0034298,1.0025735,1.0041072,1.0039799,1.003884,1.0019695,1.0046525
CLDN1,1.0002538,1.0001762,1.0000372,1.0000218,1.0000479,0.9999663,0.9999734,1.0001125
TRMT1L,1.006187,1.0047452,1.0038505,1.0061926,1.0057671,1.0058105,1.0028851,1.0051156
ASPHD2,1.0005925,1.0004041,1.0005764,1.0008217,1.0005815,1.0008096,1.0005013,1.0015728
FBXL2,1.001244,1.0008813,1.0009903,1.0015299,1.001295,1.0014174,1.000803,1.0018934
BCAT1,0.995155,0.99637854,0.9968641,0.9949286,0.995368,0.99529004,0.9976051,0.9941989
FAM45A,0.9967072,0.99750435,0.9980099,0.9966529,0.996889,0.9968914,0.9984898,0.9969293
LRRCC1,1.0038606,1.0029848,1.0018846,1.0031555,1.0032045,1.0028908,1.0013573,1.0032859
SF3B1,0.99565095,0.99663913,0.9973437,0.9955723,0.9957913,0.9959842,0.9979639,0.99566615
FGF2,1.0028784,1.0021877,1.0015519,1.0025684,1.0025234,1.0021902,1.0010824,1.0023296
SLC6A7,0.99769986,0.99830055,0.99865675,0.9976942,0.9979708,0.99791026,0.99901426,0.99772286
KIF5C,0.98585653,0.9893158,0.9911543,0.9854319,0.98662573,0.98650867,0.9932543,0.98608506
ATP8B3,0.9968977,0.9976646,0.9981999,0.99695706,0.9971502,0.99719286,0.9986636,0.9971374
NMT1,0.99590707,0.9968518,0.99765325,0.9961044,0.99627185,0.9964216,0.9982549,0.99635714
SCD5,0.99183846,0.9938118,0.9951768,0.9919915,0.99236155,0.9925097,0.99637026,0.992561
PLA2G7,0.99898267,0.9992533,0.9990909,0.99849963,0.99878037,0.9987402,0.9992609,0.99797654
RAB32,1.0007809,1.0005151,1.000378,1.0006112,1.0006006,1.0005227,1.0002158,1.0002496
TECR,0.9980886,0.9985453,0.99919736,0.9985732,0.9984894,0.9987842,0.99948716,0.998284
CEPT1,1.0019326,1.0015147,1.001373,1.0021905,1.0019217,1.0017643,1.0009985,1.0016049
CCSER2,1.0002829,1.0002792,0.99989843,0.999822,0.9999639,0.9997847,0.9998382,0.99953496
RALB,1.001632,1.0012783,1.0009247,1.001534,1.0014241,1.0011711,1.000631,1.001378
PPM1D,1.0029811,1.00225,1.002019,1.0032077,1.0028553,1.002759,1.0014771,1.0031554
ARID5A,1.0016924,1.0013002,1.001233,1.0018641,1.0015848,1.0018139,1.0009818,1.0018088
SRP68,0.995103,0.99625015,0.99664474,0.99453306,0.9949592,0.9946436,0.9972961,0.9945092
RBM12,1.0030477,1.0022955,1.0016106,1.0026371,1.0025442,1.002526,1.0011523,1.0022644
SPON2,1.0082563,1.0062366,1.005385,1.0086292,1.0077227,1.0081854,1.0040925,1.0076661
SH3D19,1.0026183,1.0020078,1.0016228,1.0026362,1.0024284,1.002484,1.0012366,1.0016108
CHRNG,0.9956336,0.9966568,0.99751586,0.99582696,0.9960132,0.99618757,0.9981697,0.99620867
COMTD1,0.99946743,0.9996571,0.99986136,0.9996097,0.9996026,0.9999937,1.0000793,1.0002439
ME3,1.0013715,1.0010352,1.0008122,1.0011555,1.0009744,1.0011986,1.0005887,1.0010443
DGCR8,0.99352217,0.99515975,0.9960927,0.9936625,0.9941187,0.9938451,0.9970397,0.9928402
HSPD1,0.9937222,0.9951997,0.9960959,0.993533,0.99389327,0.9939564,0.99698365,0.99410224
RAD23B,0.99351156,0.9951098,0.99571526,0.9930477,0.99351156,0.9934544,0.99666,0.9925463
STK16,1.0005335,1.0003662,1.0003932,1.0005836,1.0007138,1.0009584,1.0004302,1.0003031
IL10RA,0.9972143,0.9977923,0.9982628,0.99709725,0.9973867,0.99758375,0.99873316,0.99715793
ZC2HC1C,1.0009196,1.0006988,1.0004636,1.0007691,1.0008477,1.0005807,1.0003161,1.0009413
DUS3L,1.0024581,1.0019907,1.0014446,1.0023652,1.0021943,1.0019313,1.001045,1.0017624
NME6,0.9990318,0.9992012,0.9994931,0.9991069,0.9990485,0.99931675,0.9996995,1.000055
HS3ST3A1,0.99529195,0.99646854,0.9972168,0.9953724,0.9957147,0.9958202,0.9979576,0.9952822
PIM1,0.99591583,0.9968884,0.998042,0.9966866,0.9966244,0.9967302,0.9985701,0.99672866
LONP1,0.9987148,0.99907136,0.9989798,0.99844706,0.9986281,0.9983088,0.99913967,0.9977213
CA5A,0.99796546,0.99845123,0.99876225,0.99788785,0.99803156,0.9980308,0.99904954,0.99813485
PEX2,0.9965118,0.99738437,0.99818486,0.99684787,0.9969154,0.9970989,0.9987209,0.99745524
SH3YL1,1.002309,1.0017762,1.0012101,1.002125,1.0020807,1.0018268,1.0008907,1.0017176
LRRC70,0.9955969,0.9966974,0.9972052,0.9953468,0.995556,0.9955548,0.9978132,0.99542403
KIF21A,0.9927232,0.9944856,0.9953687,0.99232244,0.9928745,0.9929162,0.9964333,0.9929277
ASZ1,0.9967072,0.99750435,0.9980099,0.9966529,0.996889,0.9968914,0.9984898,0.9969293
ZNF583,1.0044055,1.0031981,1.0030583,1.004873,1.0042857,1.0049227,1.0024841,1.0057855
DCAF1,1.0060359,1.0045654,1.003792,1.0061415,1.0056237,1.0055888,1.00284,1.0061287
TBCC,0.99895024,0.99918646,0.99974275,0.9993678,0.99927723,0.9996481,0.9999515,1.0002438
ANKRD13A,1.0021067,1.0016377,1.0011619,1.001881,1.001823,1.0016748,1.000835,1.0015444
INHA,1.0003247,1.0002636,1.000456,1.0006139,1.0005478,1.0006585,1.0004109,1.0003954
RBBP8,1.0006074,1.0004894,1.0007052,1.0010498,1.0008429,1.0007234,1.0005985,1.0019872
CDH7,1.0027308,1.0021799,1.0021996,1.0033371,1.003315,1.0030886,1.0018117,1.0038586
LNX2,1.0016308,1.0012672,1.0011717,1.0017817,1.0014907,1.0014988,1.0008671,1.0021693
CNKSR1,1.0007118,1.0005358,1.0003682,1.0005975,1.0005269,1.0006638,1.0003084,1.0004836
ME2,1.0016314,1.0013125,1.0007484,1.0011947,1.001321,1.0010543,1.0005469,1.0018932
SLC27A3,1.0034207,1.0026187,1.0017993,1.0030899,1.0029286,1.0027426,1.0012828,1.001941
RMND5A,1.0029004,1.0022727,1.0017442,1.0028498,1.002649,1.0022492,1.0012107,1.002404
PLEKHF1,0.99677145,0.9975195,0.9980917,0.9968306,0.9969673,0.99699473,0.99855524,0.99719316
GLIS3,1.0024018,1.0018349,1.0015271,1.0024979,1.0021683,1.0023512,1.0012053,1.0022582
AGPAT4,0.99700797,0.9976405,0.99843407,0.99723995,0.9971336,0.9973322,0.99880373,0.99863374
FBXO42,1.0046067,1.0035253,1.0027537,1.0044423,1.0039848,1.0040959,1.0020406,1.0039709
DGKE,0.9987029,0.99911785,0.99967825,0.9993917,0.99946165,0.9995136,0.99991035,0.99871445
CA12,0.99847794,0.99887085,0.9995022,0.9989961,0.99874616,0.99872196,0.99962354,0.9996109
C9orf3,0.9967072,0.99750435,0.9980099,0.9966529,0.996889,0.9968914,0.9984898,0.9969293
RBM48,1.0005167,1.0004332,1.0003415,1.0005314,1.000489,1.0003202,1.0002296,1.0002347
ESCO1,1.005188,1.0040056,1.0031339,1.0051203,1.0048511,1.0046803,1.002352,1.0047785
SPOCK3,1.0080733,1.006153,1.00471,1.0077739,1.0074258,1.0072306,1.0034581,1.0062248
DXO,0.9971203,0.9978233,0.9984604,0.997345,0.9973711,0.99743986,0.99884,0.9974114
PPP1R3A,0.99674165,0.99753034,0.9980261,0.99668217,0.99691755,0.996915,0.99849993,0.9969486
MROH8,1.0026904,1.0020775,1.001871,1.0029887,1.0026724,1.002709,1.0014408,1.0027145
CTSV,1.0042989,1.0032827,1.0024595,1.0040482,1.0037704,1.0036418,1.0017585,1.0034251
ENDOG,1.0052392,1.0040091,1.0033073,1.005358,1.0050925,1.0049317,1.0024996,1.0044439
TSSK2,0.9967072,0.99750435,0.9980099,0.9966529,0.996889,0.9968914,0.9984898,0.9969293
PM20D1,0.9970973,0.9978332,0.99821335,0.9969787,0.9972238,0.9971752,0.99863124,0.99725634
THRB,0.9975922,0.99812394,0.9982854,0.9973031,0.99729204,0.99708426,0.99850726,0.99733454
ARHGAP30,0.99895024,0.99909234,0.99940044,0.99884874,0.9989344,0.99919534,0.99955785,0.9992868
BEGAIN,0.99776566,0.9982969,0.9987512,0.9979366,0.99800766,0.9978508,0.9990284,0.9981122
NEDD9,0.9963102,0.9971856,0.997316,0.9956144,0.99582946,0.99582505,0.9978192,0.99544
RHOB,0.9948947,0.9961616,0.9967865,0.9947173,0.9951626,0.99519455,0.99761176,0.9946572
ECE1,0.99960953,0.9996753,0.9998701,0.9996561,0.9994564,0.9995558,0.9998485,0.9999161
ERP44,0.99839115,0.99880946,0.99942154,0.9988843,0.99871755,0.99904287,0.9996569,0.99885523
REXO1,0.9994388,0.99948883,0.999625,0.9993683,0.9994106,0.9992615,0.99965,0.99942786
PDSS2,1.0043824,1.0033683,1.0025192,1.0040706,1.0039098,1.0037718,1.0018766,1.0040365
ANOS1,0.9972466,0.99802315,0.9985297,0.9975591,0.99769217,0.99766207,0.9989484,0.99685407
SEC62,0.9918053,0.9937744,0.99492586,0.991602,0.99218535,0.99218345,0.9960982,0.9920696
PEPD,0.997064,0.9977504,0.9986545,0.99759495,0.9976146,0.99785435,0.99909896,0.9978535
MRVI1,1.0052928,1.0040559,1.0031252,1.0049918,1.0048184,1.0046959,1.0022925,1.0043643
RAB11FIP2,1.0001731,1.0002213,1.0000889,1.0001038,1.0002853,1.0002059,1.000105,0.99948883
FKBPL,0.9991043,0.9993904,0.9993188,0.99887013,0.99906534,0.9986056,0.99937415,0.9988667
FOXO3,0.9978368,0.9983602,0.9989363,0.9982121,0.9982292,0.9980773,0.9991901,0.9985374
E2F2,0.995976,0.99689007,0.9977815,0.99626803,0.99643064,0.99619544,0.9982837,0.99697983
ARHGAP20,1.0014763,1.0012016,1.0007032,1.0011959,1.0011587,1.0009574,1.0004461,1.0001154
ACD,1.0039873,1.0030046,1.0025055,1.004004,1.003567,1.003705,1.0018542,1.0034727
BEST3,0.9966851,0.9974749,0.9982296,0.99703443,0.99708366,0.9970583,0.9986778,0.99746895
SYDE1,1.0040087,1.0030203,1.0028011,1.0044343,1.0039527,1.0040803,1.0021716,1.0047328
PSMD3,0.9972365,0.9979752,0.99874103,0.99785113,0.9978025,0.99787587,0.99915606,0.99809986
SLC22A11,0.9967109,0.9975083,0.99777067,0.9963188,0.99658644,0.9965126,0.99820566,0.9962442
NT5C3A,0.99603385,0.99705017,0.99775,0.9962276,0.9964969,0.99646795,0.9983376,0.99631226
LIPT2,0.99860907,0.9990081,0.9996151,0.9991597,0.9990748,0.99926007,0.99978876,0.9988073
TANGO2,0.99929893,0.99952984,0.999684,0.9994342,0.9995377,0.9994582,0.9998057,0.99917877
SCO2,1.0042133,1.0032333,1.0028377,1.0045097,1.0041376,1.0042965,1.0022221,1.0042204
NAPB,0.990122,0.9924708,0.9938612,0.98983264,0.99065804,0.9904885,0.9952841,0.99082935
TRAPPC13,1.0024728,1.0017927,1.0018412,1.0029148,1.0024239,1.0028085,1.0014545,1.002897
SUPV3L1,1.0006835,1.0006715,1.0005462,1.0008656,1.000915,1.0006875,1.0004718,1.0004826
SPR,0.99808156,0.99852467,0.99872303,0.9978149,0.9980113,0.998088,0.9990339,0.9982483
HEATR1,1.0086901,1.0066905,1.0048208,1.0079606,1.007726,1.0073191,1.0035429,1.0071816
YWHAG,0.9882036,0.9910419,0.9926218,0.9878627,0.98873216,0.9886838,0.9943031,0.9877585
JAKMIP1,1.0066099,1.00511,1.0041691,1.0066757,1.0062497,1.0066334,1.0033121,1.0065385
NOP53,1.0004921,1.0003531,1.0001605,1.0003473,1.0002656,1.0000299,1.0000029,0.9998517
MTAP,1.0001681,1.0000632,1.0003794,1.0004975,1.0002114,1.0004513,1.0003239,1.0007937
ALDH6A1,1.0009098,1.0007257,1.0005786,1.0008996,1.0006642,1.0004923,1.0003724,1.0014672
CSNK2A1,0.9986246,0.9989178,0.999159,0.99850965,0.99865997,0.99855804,0.9993291,0.9994106
SIRT6,1.0003679,1.0002449,1.0004287,1.0005894,1.0004709,1.0006899,1.0003844,1.0003576
NLGN2,0.99709404,0.9978229,0.998433,0.9973144,0.9974229,0.9973992,0.9988402,0.9975252
MMP8,0.99689454,0.99764985,0.9980613,0.9967649,0.99702656,0.9969667,0.9985102,0.99688077
MORC1,0.99887276,0.9991518,0.99920666,0.998656,0.998834,0.9988004,0.9993746,0.9985154
PRKACB,0.99516034,0.99639386,0.9971624,0.9952011,0.9955758,0.9955163,0.9978228,0.99505204
DRD1,0.9967574,0.99753153,0.9980296,0.99669594,0.9969258,0.9969258,0.9985004,0.99696994
AGMO,0.9962378,0.9971409,0.9977392,0.99627876,0.9965093,0.9965027,0.9983105,0.99649864
CCAR2,1.0001596,1.0001522,1.0001135,1.0001588,1.0001518,1.000279,1.0001249,0.99938035
LMBRD2,1.0070738,1.005334,1.004447,1.0071925,1.0065894,1.006811,1.0033911,1.0067918
FBXW10,1.0002356,1.000174,1.0001016,1.0001153,1.0001673,1.0000819,1.0000408,1.0000191
CFAP298,0.9973415,0.9979685,0.9984541,0.99732745,0.9975085,0.9976367,0.99888134,0.9979782
IST1,0.99201715,0.99396694,0.99522465,0.9920886,0.99259406,0.99254704,0.99636054,0.9922911
DARS,0.9967072,0.99750435,0.9980099,0.9966529,0.996889,0.9968914,0.9984898,0.9969293
PDS5A,0.99743676,0.99809575,0.998294,0.99722606,0.99743795,0.9973429,0.9986731,0.9972284
BCAR1,1.0003308,1.0002761,1.000245,1.0004001,1.00028,1.0002306,1.0001687,0.99994534
MSX2,0.9990942,0.99930334,0.99953556,0.99914414,0.99918807,0.9992723,0.99968195,0.9993602
ETS2,1.0004988,1.0004866,0.9998915,0.9997734,0.9999864,0.9998892,0.99983346,0.9990283
ESS2,0.9981283,0.99850917,0.9994664,0.9989623,0.9986556,0.9989461,0.99972165,1.0003053
OGA,0.9913069,0.99338484,0.99499696,0.9916687,0.99199426,0.9921435,0.9962223,0.99242467
OTOP1,0.99732363,0.99798083,0.9983432,0.9972193,0.9974709,0.9974197,0.9987312,0.99730337
GGT1,1.0041437,1.0030808,1.0024298,1.0039166,1.0035493,1.0036027,1.0017407,1.0033752
LPAR2,0.99580693,0.9968221,0.99738395,0.9956894,0.99603033,0.996,0.99799395,0.99558574
MAU2,1.000195,1.00021,0.9997925,0.9997098,0.9999908,0.999689,0.9997998,0.9997537
DUSP27,0.9969815,0.99756134,0.99837124,0.9971833,0.99733204,0.99766564,0.9988543,0.99799216
UGT2B15,0.9989153,0.99919087,0.99943733,0.99905896,0.9990126,0.9989754,0.9995712,0.99867487
ZBTB7C,1.0015175,1.0011572,1.0011967,1.0018628,1.0017004,1.001673,1.0009422,1.0017099
EPHA10,1.0050356,1.003872,1.0032156,1.005171,1.0047312,1.004706,1.0024211,1.004587
STARD7,0.99733317,0.998059,0.99834436,0.99722165,0.9974014,0.9975163,0.9987714,0.9970008
PQLC1,0.9967072,0.99750435,0.9980099,0.9966529,0.996889,0.9968914,0.9984898,0.9969293
MLX,0.9988078,0.99911284,0.9998064,0.99949956,0.9993336,0.9994222,0.9999431,1.0001775
FST,1.0057459,1.0043466,1.0036099,1.0059084,1.00538,1.005487,1.0026864,1.0042479
TPST1,1.0048977,1.0037017,1.0032988,1.0052779,1.0048497,1.0051024,1.0025898,1.0050211
ZKSCAN1,0.99681056,0.9975497,0.99789214,0.9964845,0.996724,0.9967164,0.9983349,0.9971119
CHRND,0.9988339,0.9991435,0.9992658,0.9987086,0.9988531,0.99884355,0.9994459,0.99884343
KBTBD2,0.9964665,0.99732804,0.99833345,0.9970812,0.9970463,0.9971509,0.9988078,0.99769497
PLPPR1,0.9955245,0.9967952,0.99738497,0.9954221,0.99598026,0.9959932,0.9981431,0.9960644
TXNRD1,0.99947417,0.99963343,0.99947226,0.9991287,0.9993173,0.9991317,0.9995245,0.9988144
ARID5B,0.9994543,0.9996618,0.9996573,0.99937326,0.99937594,0.9991354,0.99964887,0.99918485
PKDCC,1.0055661,1.0042807,1.0032061,1.0052736,1.0050607,1.0045577,1.0023028,1.0049595
RDH16,0.99800384,0.9985207,0.99875337,0.9978591,0.9981489,0.9980451,0.99906975,0.99834466
MORC4,1.006315,1.0048379,1.00372,1.0060763,1.0057911,1.0057101,1.002785,1.0051053
C16orf72,0.9992853,0.99944663,0.9994786,0.9990865,0.99908674,0.9990786,0.9995239,0.99910265
MLEC,0.9968014,0.9975611,0.9980166,0.99669063,0.996966,0.99692893,0.9985199,0.99737597
FGL1,0.9990172,0.999179,0.9994762,0.99905336,0.99913573,0.99928594,0.9996443,0.99931705
TRIM5,1.001293,1.0011048,1.0004926,1.0008445,1.0007474,1.0005579,1.0002599,1.0001817
NPAT,1.0010557,1.0007808,1.0007167,1.0010455,1.0009915,1.0010643,1.0005233,1.0003933
SPSB1,1.003766,1.002877,1.0022252,1.0035548,1.0034351,1.0034677,1.0016918,1.0029622
OVCH1,1.0001267,1.000149,1.0002283,1.0002671,1.0002612,1.0003774,1.0002478,1.0000671
GLCCI1,0.9962529,0.9971578,0.9974672,0.9959146,0.99635947,0.99618304,0.9980154,0.99500465
CLCA2,0.99612033,0.99705625,0.9977144,0.99617296,0.99640536,0.9964063,0.9982722,0.9964777
CAPN14,1.0001659,1.0001551,1.0000949,1.0000994,1.000179,0.9999658,1.0000328,0.9999374
TUBGCP4,1.0040417,1.0031265,1.0025325,1.003943,1.0035406,1.0038031,1.0019276,1.0038186
CDHR3,1.0027113,1.0020416,1.0017166,1.0027843,1.0025744,1.0029805,1.0014541,1.0021663
LSAMP,0.98690504,0.990147,0.9917266,0.9864634,0.98743635,0.9871032,0.9936311,0.9873818
SLC6A2,1.0012656,1.0010192,1.0009067,1.0013334,1.0013504,1.0014374,1.0007354,1.0007966
EFTUD2,1.0002446,1.0001082,1.0003767,1.0004878,1.0002328,1.0005231,1.0003403,1.0011241
NFIB,0.9942528,0.9956079,0.99661994,0.99434876,0.99438083,0.9945272,0.99735785,0.9945582
ZBTB2,1.0002879,1.0002953,1.0000108,0.999985,1.0001395,0.9998878,0.99996877,0.9994392
VEZF1,0.99627334,0.9972285,0.99767715,0.9961233,0.99648345,0.9964284,0.99825406,0.9964386
GIPC3,1.0013151,1.0009365,1.0008636,1.001315,1.0012447,1.0013428,1.0006607,1.0012628
SSTR3,0.99846566,0.99884903,0.998956,0.9981974,0.9983554,0.9983374,0.99918604,0.99871725
FAM117A,1.0022756,1.0017102,1.0013046,1.0021377,1.0020932,1.0020053,1.0009911,1.0018543
ETHE1,0.997558,0.9981936,0.99853384,0.99749815,0.99768114,0.99774957,0.99893105,0.9975524
CPT1B,1.0034509,1.0027735,1.0016469,1.0027895,1.0029579,1.0026209,1.0012331,1.0021124
ZNF618,0.99404794,0.9955064,0.99622923,0.99372184,0.99422514,0.9940051,0.99706346,0.99440134
PREP,0.99834883,0.9987277,0.99905723,0.9983262,0.9985715,0.9987563,0.9993778,0.99848324
RND2,1.0041671,1.0031074,1.0022849,1.003798,1.0035342,1.0033994,1.0016434,1.0039732
BMP3,1.0045433,1.0033151,1.0028477,1.0045475,1.0040911,1.0043136,1.002164,1.0054721
BRINP3,0.99114525,0.9934902,0.9949991,0.99169207,0.9920734,0.9922429,0.99640906,0.99198955
MED25,1.0000596,1.0000241,1.0001192,1.0001664,0.99999356,0.9999691,1.0000796,1.0003716
SGCG,0.9992025,0.9994472,0.99941725,0.9989767,0.9990884,0.99900985,0.99952453,0.99876374
TMEM266,0.999278,0.9994496,0.99959135,0.99925596,0.999287,0.9993582,0.9997078,0.99935484
MYRFL,0.99677783,0.99754786,0.9980887,0.9967901,0.9969655,0.9969629,0.99854076,0.9970459
CPA1,0.9967072,0.99750435,0.9980099,0.9966529,0.996889,0.9968914,0.9984898,0.9969293
RORC,0.9969748,0.997676,0.99821955,0.9969751,0.99717975,0.9972372,0.9986628,0.9973924
NIPAL2,0.99673617,0.9975183,0.99802816,0.9966875,0.9969131,0.9969095,0.9984994,0.9970082
PWWP2B,1.0031468,1.0024962,1.002073,1.0033312,1.00317,1.0029482,1.0015953,1.0028
ATP6V1C1,1.0007522,1.0005752,1.0003763,1.0005739,1.0005921,1.0005891,1.0002973,1.0010438
ITGB3,1.0018451,1.001373,1.0010157,1.0015857,1.001545,1.0016446,1.0007699,1.0017624
TECTB,0.99879396,0.9990324,0.999382,0.9988706,0.99881953,0.9989646,0.9995222,0.99926555
CACNA1H,1.0072933,1.0056605,1.0041106,1.0067638,1.006818,1.0065842,1.0031422,1.0058109
PDIA6,1.0029016,1.0022298,1.0014932,1.0024893,1.0022951,1.0023556,1.0011041,1.0024226
PCDHGA6,0.9977032,0.99824846,0.9984055,0.99732256,0.99756265,0.9974588,0.9987377,0.997962
CDK16,1.0001234,1.0001315,1.0001118,1.0001621,1.0001392,1.000078,1.0000801,0.9998435
PTPN11,0.99845934,0.99889445,0.9991894,0.99856234,0.9987078,0.99869287,0.99944305,0.9989648
PCDHA13,0.9985604,0.9988774,0.9992368,0.9986241,0.99868554,0.9987974,0.9994656,0.99914944
IMMT,1.0006156,1.0004987,1.0001979,1.0003449,1.0003893,1.0001824,1.0000707,1.0001831
SEC24C,0.9962898,0.99720323,0.9979247,0.99653035,0.99671984,0.9966059,0.9984306,0.9967629
CEP295,0.99755794,0.998134,0.9984227,0.99737126,0.99762595,0.9977561,0.9988336,0.99728155
CEP41,0.99757314,0.9982823,0.9985237,0.997454,0.9977371,0.99777406,0.9989121,0.99708
PFKFB2,1.0001417,1.0001011,1.000202,1.0003242,1.0004051,1.0006927,1.0003223,0.9998126
AK8,1.0005388,1.0003947,1.0003675,1.0004762,1.0004413,1.0004401,1.0002652,1.0009038
HNRNPK,0.99395597,0.99537796,0.9962337,0.9937666,0.99410486,0.99423647,0.9970894,0.99398696
CFI,0.99756515,0.9981555,0.9985497,0.9975332,0.9976874,0.99770415,0.99889517,0.99769074
TWF1,0.9968269,0.997596,0.9978322,0.99652755,0.99679875,0.9967593,0.99832296,0.9962176
GOLGA6L2,0.9969575,0.99769735,0.99815166,0.99689084,0.99710643,0.9971162,0.99859506,0.9970281
LRIT3,0.9978403,0.99836725,0.99873817,0.9978416,0.9980158,0.9980715,0.99906534,0.9978504
CKM,0.9977435,0.99830997,0.9985541,0.99755573,0.99775064,0.9976958,0.99887335,0.99763745
HIBCH,0.99996674,0.9998672,1.000475,1.0006496,1.0003135,1.0007137,1.0004857,1.0011233
SEPT7,0.9967072,0.99750435,0.9980099,0.9966529,0.996889,0.9968914,0.9984898,0.9969293
NKIRAS2,0.9995103,0.99957716,0.99943984,0.9991113,0.99927664,0.99919444,0.99952376,0.999303
PIGG,1.001728,1.0014132,1.0011365,1.0017793,1.0017538,1.0016698,1.0009085,1.0013732
PLA2G4F,0.9999815,0.9999617,0.9998516,0.99968123,0.999766,0.9997524,0.99984515,0.9999385
ANKMY1,1.001994,1.0015255,1.0010617,1.001698,1.0016451,1.0015867,1.000766,1.0017321
BCL9,0.9959291,0.9968842,0.9975487,0.99597836,0.9963875,0.9965349,0.99825263,0.99603814
KIF1BP,0.9967072,0.99750435,0.9980099,0.9966529,0.996889,0.9968914,0.9984898,0.9969293
ONECUT1,0.9978069,0.9983357,0.998386,0.9973452,0.9979625,0.99798936,0.99880487,0.9962499
CA14,1.0005676,1.0004644,1.0005093,1.0008892,1.0006478,1.0005906,1.000391,1.0005422
GATA4,0.9963361,0.9972211,0.9977772,0.9962809,0.99654794,0.9965622,0.99832106,0.99652624
SYT2,1.0050856,1.0038614,1.003052,1.0050123,1.0047803,1.004601,1.0022919,1.0048279
PAX2,0.9988239,0.9991609,0.99933374,0.99880314,0.99900603,0.9990159,0.9995634,0.9991782
ATP2A1,0.9973873,0.9980036,0.99827456,0.9971491,0.9974004,0.997253,0.9986325,0.9974373
PRDM14,0.9972364,0.99792284,0.998399,0.99726474,0.9974547,0.9974895,0.9988081,0.99746644
SMARCD1,0.9981431,0.9985746,0.9994465,0.99893,0.99877393,0.99902254,0.9997084,0.999165
TET2,0.997272,0.99799377,0.99794555,0.99661416,0.99712443,0.9970554,0.99840724,0.99653506
CUL4B,0.9985128,0.9989501,0.9988996,0.998157,0.9983237,0.9981464,0.999079,0.9980258
CAMK1D,0.99699503,0.9976109,0.9982921,0.9971442,0.99718213,0.99730366,0.998696,0.99782664
AARSD1,0.9978672,0.99846274,0.998316,0.9972846,0.9978223,0.99730885,0.99861825,0.9972829
MX1,0.998659,0.9990318,0.99911386,0.9984816,0.99842435,0.9984783,0.9992374,0.998062
TRIM27,0.99779916,0.9982947,0.99891317,0.9981283,0.99808776,0.99831486,0.99924326,0.9981737
AGPAT2,1.0014694,1.0011188,1.0010301,1.001567,1.001495,1.0015359,1.0007901,1.0011103
ATP1A3,1.0005817,1.0004153,1.0006728,1.0009958,1.0009202,1.0010529,1.0005901,1.0009418
REEP4,0.99907386,0.9994546,0.9994582,0.9990489,0.9992727,0.9990076,0.99959815,0.99847853
ATG9A,1.0007823,1.0007027,1.0005991,1.0009152,1.0010016,1.0010756,1.0005739,1.0002062
TSPAN5,0.99913573,0.9993727,0.99954045,0.99913967,0.9991373,0.9991598,0.9996309,0.99893063
PDGFD,0.99766314,0.99839914,0.99828935,0.9972676,0.997769,0.9972782,0.9986737,0.996263
SLC26A4,0.99417746,0.99558496,0.9965755,0.99425405,0.994681,0.99464095,0.9974582,0.9954713
EFR3B,0.9987612,0.999135,0.99916756,0.9985983,0.998832,0.9987297,0.9993937,0.99880105
HEYL,0.9982084,0.9987092,0.99929893,0.9987507,0.998627,0.9987984,0.9995844,0.99859625
ZNF423,0.9982132,0.99867755,0.99897844,0.9982362,0.998448,0.99852854,0.9993174,0.99840343
PUS1,1.0022895,1.0017209,1.0010614,1.001794,1.001763,1.0016868,1.0007325,1.0011959
BPNT1,1.003922,1.0029181,1.0028474,1.0045561,1.0039532,1.0041639,1.0022032,1.0040975
SEMA6A,0.9948189,0.99608535,0.9968834,0.994858,0.99510264,0.9951203,0.99762845,0.9951301
OFD1,1.0033306,1.002508,1.0024207,1.0037454,1.003308,1.0037069,1.0019355,1.0039942
VILL,0.99898136,0.99924105,0.9995868,0.9992167,0.9992087,0.9993247,0.9997674,0.99942756
ADAM18,0.996513,0.99736935,0.99786204,0.99642015,0.99670076,0.99667037,0.99837965,0.9966706
VPS8,0.99968684,0.99980223,0.99971294,0.99954844,0.9995805,0.99959123,0.9997879,0.9994819
SLC25A26,1.0002525,1.000241,1.0004079,1.0006137,1.0006158,1.0006979,1.0004307,0.9999796
PDE4C,1.0023693,1.001886,1.0013893,1.0021712,1.0020757,1.0019393,1.0010079,1.0020878
SRGAP3,0.99632937,0.99717337,0.997661,0.99613255,0.9963964,0.99630904,0.99816114,0.9965162
CUL1,1.0000749,1.0001109,1.0000596,1.0000046,1.0000756,0.9999552,1.0000181,0.9996928
ARHGAP26,1.0014455,1.0010257,1.0008872,1.0013858,1.0012803,1.0015053,1.000699,1.0012293
EPOR,1.0020204,1.0015551,1.0012269,1.001917,1.001983,1.0020559,1.0010052,1.0019208
ZBTB39,1.0072241,1.0054345,1.0043659,1.0071111,1.006799,1.0068485,1.0033398,1.0069411
ARNTL,0.9965557,0.99748874,0.99830616,0.99700963,0.9971882,0.9973932,0.9988574,0.9969568
WDFY1,1.0033361,1.0025551,1.0019013,1.0030546,1.0028447,1.0028865,1.0013958,1.0027239
NFKB1,1.0055566,1.0042899,1.0027468,1.0046344,1.0047059,1.0043547,1.0019482,1.0034887
PAX8,1.0078446,1.0058641,1.004713,1.0076367,1.0071706,1.0073564,1.0035498,1.0070064
SDR39U1,1.0026127,1.0020677,1.0015686,1.0026062,1.0025454,1.0024933,1.0012114,1.0010436
RAB11FIP5,1.0037868,1.0027987,1.0020962,1.0034033,1.003248,1.0032203,1.0015444,1.0041425
DNAJC10,0.99822676,0.99866366,0.999031,0.99831045,0.9984645,0.99854076,0.99934024,0.9988424
TSPAN14,0.99994826,1.0000037,0.99992734,0.9998802,0.99982524,0.99983037,0.99991935,0.9996898
CMTR2,1.0024917,1.0018716,1.0013523,1.0023022,1.0022123,1.0017545,1.0008956,1.0020826
PSMC2,1.0018258,1.0014392,1.0011461,1.0017713,1.0016207,1.0016446,1.0008581,1.0016348
GALNS,1.0012782,1.000928,1.0006204,1.0010126,1.000966,1.0008869,1.0004427,1.0013722
ACVR1B,0.9979969,0.99846536,0.9988681,0.9980832,0.9982266,0.99825776,0.9991428,0.9979274
CADM1,0.9915706,0.9935931,0.99488103,0.9915354,0.99211544,0.99209666,0.9961223,0.992185
MMADHC,0.9995251,0.9996805,0.99973154,0.9994705,0.9995541,0.9995978,0.99981284,0.99929845
GALNT5,0.99674165,0.99753034,0.9980261,0.99668217,0.99691755,0.996915,0.99849993,0.9969486
EXD1,0.9988307,0.9990661,0.99931777,0.99880147,0.99881613,0.9989377,0.9994847,0.9991636
EPHX1,0.99893594,0.99918103,0.9995606,0.9991205,0.99908316,0.99931216,0.9997467,0.9995296
PLEKHA1,0.9952613,0.9964471,0.9972912,0.99548066,0.9957075,0.99574584,0.99795973,0.9950806
TRIB2,0.990904,0.99321026,0.99472815,0.9912063,0.99169934,0.9916829,0.9960306,0.9915234
TLR2,0.9984398,0.99879813,0.9990424,0.99836075,0.9984864,0.99849975,0.99926114,0.99841976
CLDN19,1.0021684,1.001581,1.0012133,1.00198,1.001811,1.0019312,1.0009041,1.0019628
HSP90AA1,0.9913155,0.9933684,0.99452364,0.99096286,0.99151385,0.9915979,0.9957477,0.99119854
ZC3H18,1.004946,1.0037206,1.0028238,1.004668,1.0044855,1.0040818,1.00201,1.0044266
NR1H3,1.0034523,1.0026281,1.0021992,1.0035112,1.0032654,1.0032865,1.0016749,1.0033399
RUNX2,0.99543774,0.9964453,0.9974981,0.9957248,0.9960232,0.9963872,0.9982462,0.99638104
NHLRC1,1.0005989,1.00049,1.0001714,1.0003264,1.0004324,1.0002165,1.0000944,1.0002892
CDK9,0.99912566,0.99935746,0.9994296,0.99908316,0.99919075,0.9990709,0.9995595,0.99868166
MTCH1,0.9986689,0.99907684,0.99917364,0.99861693,0.99875253,0.99864435,0.9993833,0.9986274
COG5,1.0044307,1.0033543,1.0031396,1.0050001,1.0044429,1.0047209,1.0024811,1.005239
MAK16,1.005815,1.0044844,1.0033801,1.005551,1.0053918,1.0053596,1.002585,1.0046189
TRPV5,0.9967008,0.9974953,0.99800575,0.99664676,0.99688005,0.99688435,0.99848616,0.9969504
CORO1A,0.9999423,0.9998814,1.0000222,0.9998498,0.99989223,1.000094,1.0000248,1.000077
MAB21L1,1.0004225,1.0005432,1.0002351,1.0000846,1.0002773,1.0002999,1.0002508,1.0003427
MSANTD2,1.0018917,1.0014727,1.001263,1.0020512,1.0017971,1.0017558,1.0009246,1.0010376
ZNRF3,0.9952446,0.99631715,0.99725914,0.99542737,0.9953801,0.99572253,0.9979807,0.99640715
RHBDL3,1.0058749,1.0043418,1.003858,1.0061374,1.0054727,1.0058358,1.0029223,1.0057871
IFT80,1.0054044,1.0041289,1.0032194,1.0053295,1.0050328,1.0049932,1.0024654,1.0048354
CDKL5,1.0046844,1.0035256,1.0030605,1.0049388,1.0046585,1.0048726,1.0024195,1.0044659
CTPS1,0.99794114,0.9985359,0.9988544,0.997993,0.998244,0.9980419,0.99915195,0.99811506
GDF10,0.9992379,0.99946356,0.99933016,0.99892557,0.9990829,0.9988322,0.99940926,0.9987591
CC2D1A,1.0004503,1.0003667,0.9998584,0.9999155,1.0000901,1.0000151,0.99985933,0.9991505
RBM19,1.0035241,1.0027674,1.001977,1.0031631,1.0030788,1.0031016,1.0015209,1.0032157
C16orf70,1.0106422,1.0080345,1.0062737,1.0102302,1.0095756,1.00932,1.0045686,1.0096351
UBA7,0.99681747,0.99751765,0.99818695,0.9968628,0.9971219,0.9973512,0.9986933,0.99759865
DSG3,0.99942285,0.9995216,0.9997664,0.9995277,0.99929994,0.99932444,0.99972403,0.9996482
CHST2,0.9948623,0.9961015,0.99715614,0.99528116,0.9955021,0.9955894,0.99791133,0.9951033
POU6F1,1.0006609,1.0006045,1.0005411,1.000778,1.0007143,1.0006757,1.00045,1.0007231
RACGAP1,0.9956535,0.9967058,0.99711215,0.99534565,0.9958186,0.9953607,0.99772406,0.99515045
SERPINE2,0.99741066,0.99809927,0.9986383,0.997676,0.9976169,0.997653,0.998973,0.99781454
CEP131,1.0012645,1.0009573,1.000561,1.0009809,1.0008118,1.0004685,1.0002573,1.000542
TRIM55,0.9969681,0.99771035,0.9981872,0.9969375,0.99715024,0.997146,0.9986303,0.9972381
MYH14,1.003864,1.0028844,1.0028529,1.0044223,1.0038939,1.0041893,1.0022122,1.0043104
STK40,0.9954481,0.99650145,0.99745953,0.9956976,0.99598706,0.99618435,0.99822587,0.99707377
OTOL1,0.9968511,0.9976101,0.99808735,0.99678636,0.9970101,0.9969933,0.9985382,0.99703825
ZNF224,1.005466,1.0040696,1.003719,1.0059671,1.0052803,1.0054517,1.0028117,1.005703
SH3GL1,0.99856937,0.9989688,0.9990921,0.9984622,0.998569,0.9985008,0.9993159,0.99853027
FAM214B,0.9958724,0.9967286,0.9975493,0.99586403,0.99611175,0.9964957,0.9982139,0.99662864
NEXMIF,0.9921,0.99406207,0.9952568,0.99213386,0.99256724,0.9926355,0.9964056,0.9922278
NCBP1,0.9997814,0.9998158,0.99991524,0.99977815,0.999678,0.99971694,0.99989164,0.9996357
ASB15,1.0037348,1.0028546,1.002269,1.0036075,1.0033641,1.0033697,1.0016828,1.0032816
CDT1,0.9955896,0.99664134,0.9974068,0.9957353,0.99589074,0.9954152,0.9978924,0.9961595
PCDHGA11,0.99755037,0.9981183,0.9985999,0.997597,0.99769497,0.99778277,0.9989333,0.99771786
TBX10,0.99674165,0.99753034,0.9980261,0.99668217,0.99691755,0.996915,0.99849993,0.9969486
SEMA5B,0.998276,0.9987147,0.99864,0.9978776,0.9981554,0.99779844,0.99893117,0.99871445
SMOC2,1.0042869,1.0031868,1.0029562,1.0047349,1.0041476,1.0047027,1.0023382,1.0038874
IQCC,1.0036738,1.0027338,1.0023628,1.00377,1.0034257,1.0033545,1.0017228,1.0034852
IFT88,1.0057697,1.0043772,1.0035142,1.005742,1.0053661,1.0054501,1.0027063,1.0056403
ONECUT2,0.9632174,0.9720265,0.9770489,0.96242166,0.9653306,0.9654051,0.98254746,0.96343327
ANGPTL7,0.9958904,0.99690926,0.99754095,0.9958616,0.9961815,0.99615145,0.9981481,0.996347
UPF1,0.99871933,0.9990853,0.9991959,0.9986588,0.998899,0.9989747,0.999509,0.9986009
POFUT2,1.0010514,1.0008985,1.0004593,1.000765,1.00086,1.000541,1.0003144,1.0006206
AHR,1.0057781,1.0044451,1.0037804,1.0061285,1.0056851,1.005743,1.0029399,1.0054232
FBXW11,0.9978573,0.9983679,0.9984857,0.99750376,0.9977808,0.9975126,0.99874955,0.997409
RFC5,1.000756,1.0006055,1.000659,1.0009645,1.0007803,1.0008966,1.0005662,1.000917
FLVCR1,0.9994978,0.9996542,0.99934864,0.9988336,0.9990901,0.99885505,0.99939334,0.9995457
AGBL2,1.0015148,1.00114,1.0006624,1.0010645,1.001027,1.0009859,1.0004487,1.0014057
ST13,0.9994284,0.9994645,0.9997512,0.99952245,0.9993204,0.9996177,0.99979556,0.99966425
KIAA0930,0.9931438,0.99492574,0.9959687,0.99332976,0.99378824,0.9936999,0.99701303,0.99359477
FILIP1L,1.0084472,1.00646,1.005323,1.0087689,1.008178,1.0082445,1.0040982,1.0069705
SLC26A7,0.99984396,0.9998925,0.9999366,0.99982405,0.99984753,0.99984455,0.99996287,0.9998263
TM7SF3,0.99963784,0.9997158,0.99991274,0.9998652,0.99985695,0.99979424,0.9999885,1.0000938
SLC6A5,0.99725425,0.99791646,0.9983679,0.99724597,0.99743783,0.9974848,0.9987836,0.9974065
CEP162,1.0012927,1.0009743,1.0009412,1.0015535,1.001456,1.0013425,1.0007415,1.0015332
FOXO1,1.0029234,1.0022092,1.0016552,1.0027064,1.0025038,1.0023097,1.001133,1.0021586
SHCBP1,1.0016556,1.001415,1.0007273,1.0011266,1.0012313,1.0007522,1.000409,1.0003417
ZNF596,1.0043008,1.0033672,1.0025325,1.0041578,1.0040005,1.0041727,1.0020189,1.0032551
CA10,0.9977035,0.9983896,0.9992404,0.99856037,0.99848527,0.9983644,0.99954844,0.99946535
HMGCS2,0.9969343,0.997661,0.9982221,0.99698055,0.99717265,0.9972944,0.99869156,0.99733573
KLHDC3,0.99909633,0.99934137,0.99963075,0.9992483,0.99926114,0.99937475,0.9997671,0.9993091
GNB4,0.9984801,0.99888813,0.99941903,0.9989038,0.99878526,0.99883115,0.99960625,0.9992332
ZNF879,1.0053561,1.0039983,1.0032777,1.0053245,1.0050504,1.0052474,1.0025492,1.0051244
TTC34,0.99674165,0.99753034,0.9980261,0.99668217,0.99691755,0.996915,0.99849993,0.9969486
CRYBB3,0.9968146,0.99758285,0.9980695,0.9967543,0.99697936,0.9969673,0.99852663,0.99701464
SLC25A15,1.0023787,1.0018772,1.0012584,1.0020639,1.0020964,1.0018436,1.0009241,1.0017177
NPL,0.996809,0.99757564,0.99797565,0.9965502,0.9969281,0.9970813,0.9985044,0.99661297
KIAA1107,0.9937863,0.99529624,0.9959284,0.9931803,0.9937898,0.9935514,0.9967286,0.99365216
RCCD1,1.0028228,1.0021269,1.0019686,1.0032066,1.0028423,1.002864,1.001549,1.0029824
PPP2R1A,0.9982197,0.9986354,0.9990283,0.99830675,0.9983702,0.99849945,0.9992802,0.99835396
GNB1,0.9919599,0.99392796,0.99501693,0.9917404,0.9922891,0.99228895,0.9961724,0.9920778
INPP5B,1.0054069,1.0040243,1.0032732,1.0053222,1.0048,1.0050709,1.0024441,1.004496
CNOT11,1.0020294,1.0015411,1.0010774,1.0018426,1.0017062,1.0016055,1.000788,1.0018628
MAN1B1,0.99860924,0.9988898,0.99937916,0.99895453,0.9987414,0.9989907,0.9996115,0.99969697
ASXL2,0.99995506,0.99994093,1.0000782,0.99996305,0.99999106,1.0001292,1.0001034,1.0003333
LIFR,0.9958012,0.99675393,0.9975018,0.99588335,0.995962,0.99585664,0.998036,0.99652815
WDR34,0.9943041,0.9957366,0.9967958,0.9946672,0.9949852,0.99485946,0.9976419,0.9950377
ADAM23,0.9985349,0.99893343,0.9992292,0.9987178,0.9987904,0.9990221,0.9995388,0.99820185
LMNB1,1.0001018,1.0000557,1.0003911,1.0005741,1.0004135,1.0007277,1.0003983,0.9997424
ZEB1,0.99133897,0.99349415,0.9945068,0.990929,0.99155647,0.9912275,0.995669,0.9908596
R3HDM2,0.9991591,0.9993843,0.99954927,0.9991451,0.99917185,0.9992463,0.9996739,0.9994984
PYROXD1,1.0040407,1.0029912,1.0021008,1.003464,1.00326,1.0031631,1.0014715,1.0034314
NCK2,0.9936961,0.995185,0.9964862,0.9941627,0.9941855,0.9946689,0.9974431,0.9943973
FAM129B,0.9967072,0.99750435,0.9980099,0.9966529,0.996889,0.9968914,0.9984898,0.9969293
AASDH,1.0050857,1.0038799,1.0032047,1.0051574,1.0047293,1.0048075,1.0023968,1.0047002
SIRT5,0.99704874,0.9977081,0.9983221,0.99718845,0.9973502,0.99732256,0.9987738,0.99846566
ZBTB37,1.0007718,1.0005684,1.0003432,1.0005488,1.0005571,1.0004041,1.0001878,1.0005331
MORC3,1.0027705,1.0020843,1.0015793,1.0025978,1.0023267,1.0024524,1.0011511,1.0020508
SMARCD2,1.0077797,1.005838,1.0045141,1.0074925,1.0070684,1.0070511,1.0033871,1.006886
XPC,1.0025916,1.0020783,1.0016828,1.0027063,1.002668,1.0023738,1.0012914,1.0025657
ACSS2,1.0004091,1.0003068,1.0002522,1.0003994,1.0004307,1.0003073,1.0001899,1.0001897
GPHN,0.99999875,1.0001329,1.0001575,1.0001965,1.0002434,1.0001006,1.000153,0.9994811
CDK5R1,0.98647404,0.989698,0.9916778,0.98627496,0.98712945,0.9873205,0.99366003,0.9869588
HS3ST1,0.9888377,0.991557,0.9931675,0.98864543,0.98950016,0.9899943,0.9950211,0.989564
CTNNA3,1.0017842,1.0012952,1.0010797,1.0016829,1.0015576,1.0017436,1.0008315,1.0017238
RP1L1,0.9963647,0.99723744,0.9977423,0.99623734,0.9965203,0.996534,0.99827856,0.9963218
HEY1,0.9977776,0.99833596,0.9989056,0.9981014,0.99794537,0.9978906,0.99911433,0.9978732
AFAP1L1,0.99753916,0.9982212,0.99834776,0.9972273,0.99748826,0.99742806,0.99870735,0.99662066
PRNP,0.99849224,0.99893194,0.99915373,0.99854946,0.99861896,0.99865055,0.99939245,0.99858403
HADH,0.9978757,0.99843645,0.9988722,0.99804544,0.99812436,0.9981861,0.9991964,0.9979795
ZC3H3,0.9988755,0.99906635,0.9993489,0.99898887,0.9988998,0.99900734,0.99948037,0.9981932
STK38L,1.0028802,1.002172,1.0020009,1.003199,1.0028893,1.0030392,1.0015683,1.002921
SLC25A38,1.0027697,1.0021038,1.0020599,1.0033052,1.0028826,1.00325,1.0017062,1.0029821
TIMP3,0.9974965,0.9980409,0.99849576,0.9974214,0.99724805,0.99752563,0.9988374,0.9983519
KCNJ15,0.9965195,0.9973531,0.9980087,0.9966459,0.99682295,0.99682975,0.9984956,0.9968494
ADAM33,0.99997497,0.99994504,1.0000542,1.0000632,0.9999185,0.9999572,1.0000184,1.0000045
DSC1,0.9984011,0.9988364,0.99899924,0.9983227,0.99856,0.998281,0.9992058,0.99842703
NUDCD1,1.0016146,1.0012305,1.0011413,1.0016983,1.0015693,1.001598,1.0008682,1.0019323
TOP2B,0.9961906,0.9971558,0.9973327,0.9955991,0.9961045,0.99598193,0.99790776,0.99564487
SGCD,1.0051692,1.0040807,1.0030254,1.0048567,1.0045903,1.0043092,1.0022719,1.0054748
DTX1,0.9998586,0.99984956,1.0000315,0.99999547,0.9998388,1.0000979,1.0000718,1.0000052
ISM2,0.9963376,0.9971408,0.99791133,0.996541,0.99657893,0.99662507,0.9983833,0.9971352
RUBCN,1.003593,1.0027094,1.0019705,1.0032241,1.0030832,1.0028325,1.0013676,1.0028089
UBE3C,0.9959099,0.9969556,0.9974939,0.99591327,0.99607897,0.9960555,0.9980774,0.9954759
KCTD9,1.0058817,1.0043786,1.0035937,1.0059314,1.0056005,1.0052669,1.0026227,1.0054631
VCPIP1,1.0057999,1.0044479,1.0029346,1.0049098,1.0049185,1.0045347,1.0021079,1.0046241
HMGCL,1.0077211,1.0058634,1.0044861,1.0073892,1.0070612,1.0069652,1.0033665,1.0066056
AGPS,1.0010736,1.0009997,1.000547,1.0008001,1.0009389,1.0008786,1.0004798,1.0007291
ANKFN1,1.005335,1.0039845,1.00338,1.0053662,1.0048496,1.0050192,1.0025558,1.0060568
SLC7A5,0.99602306,0.9969524,0.9971743,0.99543595,0.995631,0.9954457,0.9976529,0.99502397
NPAS1,0.99955785,0.9996731,0.99952096,0.9993504,0.9994135,0.99921787,0.99957657,0.99910533
NDUFV1,0.9994543,0.99961305,0.99975085,0.99957156,0.999608,0.99944794,0.9998071,0.99964094
EXOC6,1.0038092,1.0029143,1.002106,1.0034811,1.0034535,1.0034614,1.0016046,1.0027657
TEKT3,0.9985692,0.99892473,0.9991145,0.9984616,0.99867237,0.9987459,0.9993947,0.99899876
AP4E1,1.0040498,1.0030713,1.002604,1.004258,1.003833,1.0039843,1.0019807,1.00311
CHST9,1.0016999,1.0013018,1.0012,1.0018687,1.0016651,1.0017116,1.0009121,1.0015576
GMIP,1.0003353,1.00022,1.0001975,1.0002627,1.0002785,1.0003496,1.00017,1.0003426
MYO1D,1.0036538,1.002703,1.002431,1.0038542,1.0035378,1.003982,1.001967,1.0035967
RAF1,0.9972131,0.9979431,0.9983838,0.99731314,0.99758995,0.9973958,0.998804,0.997725
CORO1B,0.9922661,0.9942388,0.9954144,0.9923711,0.9930208,0.9929722,0.9966363,0.99309456
NDRG4,0.9945228,0.9958835,0.9964473,0.99412143,0.9947016,0.9946954,0.997311,0.9945084
ARHGEF37,1.0023425,1.0017049,1.0015575,1.0025343,1.0022819,1.0023432,1.0011885,1.0025091
RDH8,0.9969531,0.99769413,0.99816394,0.9969013,0.9971203,0.99711084,0.99860334,0.9971645
EXOC7,0.99407125,0.9955015,0.9962332,0.99381256,0.9942975,0.99425626,0.99713326,0.99404776
TRAF2,1.0012257,1.0009959,1.0009236,1.0013993,1.0012257,1.0012517,1.0007246,1.0011828
PKD2L1,0.9976959,0.9982197,0.9986718,0.9977244,0.99787194,0.9978977,0.99899775,0.9980564
PDIA4,0.997165,0.99797595,0.99842834,0.99733824,0.99754786,0.99753225,0.9988954,0.99743867
ATG4B,0.9993119,0.99953014,0.9998181,0.9996144,0.99948394,0.99962044,0.99990654,0.99941444
WISP1,0.9967072,0.99750435,0.9980099,0.9966529,0.996889,0.9968914,0.9984898,0.9969293
DNAJA2,0.9974439,0.9980081,0.9986336,0.99767834,0.997733,0.9979473,0.9990095,0.9977608
TTK,1.0006373,1.0006706,1.0000875,1.0001829,1.000151,0.9997678,0.99993384,0.9993836
KHK,1.0042315,1.0032301,1.0028734,1.0045676,1.0040996,1.0041683,1.0022237,1.0047858
ZNF608,0.9965849,0.9975126,0.99774194,0.9962317,0.9967407,0.9967326,0.9983221,0.9957316
PLEKHA8,1.0048556,1.0036778,1.0028994,1.0047355,1.0044426,1.0045767,1.0022073,1.004098
TRAM2,0.9993133,0.9995204,0.9995534,0.9993124,0.999161,0.9991549,0.9996531,0.9996073
DPP3,1.0020915,1.0017005,1.001111,1.0017765,1.0019882,1.0018208,1.0009171,1.0019554
ZNF667,0.9995998,0.9996536,1.0004482,1.0004705,1.000046,1.0006415,1.0005043,1.0007726
APBB3,1.0009158,1.0007122,1.0008717,1.0013063,1.0011294,1.0012932,1.0007405,1.0013641
RFX7,1.0013127,1.0010545,1.0007867,1.0012076,1.0010778,1.0012407,1.0005503,0.9997195
BRSK1,1.000116,1.000012,1.0000091,1.0000856,1.0001472,1.0002558,1.000078,1.0003372
HOMER2,0.9982815,0.9987277,0.9988289,0.99803925,0.9982171,0.9980017,0.99903286,0.9982209
DPP4,0.9961922,0.99727035,0.9978148,0.996322,0.9968094,0.99696517,0.9985727,0.9963673
DLX3,0.9979087,0.99836874,0.99851525,0.99754834,0.9976897,0.9974834,0.99871975,0.9977938
GATA2,0.99993217,1.0000143,0.9996909,0.99943256,0.9996333,0.9997464,0.9997409,0.9984568
UNC80,1.0078247,1.0061258,1.0044184,1.0072324,1.0070891,1.0068418,1.0033243,1.0063355
HNRNPA3,0.9935247,0.99512994,0.9959142,0.99325633,0.99378574,0.9936836,0.99684167,0.99329865
MAP2K5,1.0018402,1.0013168,1.0011802,1.0018716,1.0016599,1.0017635,1.0009255,1.0027502
OTOP3,0.99688673,0.99764144,0.9980996,0.9968073,0.9970404,0.9970142,0.99854684,0.99702936
C20orf194,0.99610376,0.99701244,0.99720263,0.9953742,0.9958369,0.99568224,0.9977312,0.9956503
EPS15L1,0.99869895,0.999051,0.99975705,0.99944985,0.99925447,0.99948376,0.9999343,0.9992087
ADAMTSL5,0.9974085,0.9980627,0.9984933,0.9974072,0.9975224,0.9975929,0.9988674,0.99755794
PLCD4,0.99676925,0.99757874,0.9981267,0.9968982,0.99702644,0.99690604,0.9985447,0.9968679
TKFC,0.9994037,0.9994328,0.99987113,0.99971104,0.99964696,0.99969524,0.99993944,1.0002601
CERK,0.99743474,0.99809635,0.99836063,0.99722123,0.99760026,0.9974035,0.99877286,0.99830353
WNT16,0.9993187,0.99949706,0.9998182,0.99958867,0.9994316,0.99965084,0.99992406,0.9998315
NTN1,0.99655306,0.99740326,0.99789965,0.99648297,0.99656117,0.99649024,0.9984062,0.9983988
RCC2,0.998471,0.99880517,0.9988994,0.9982581,0.99849796,0.9983175,0.9991481,0.9986143
WDR27,1.0022268,1.0016229,1.0013322,1.0021409,1.002004,1.0021315,1.0010464,1.0022008
RARA,1.0073161,1.0056022,1.004119,1.006909,1.0067242,1.0064985,1.0030668,1.0051244
PUM1,0.99389607,0.9953743,0.99626446,0.9938864,0.9942832,0.9942582,0.9971466,0.9938045
AR,1.004915,1.003814,1.0029337,1.004652,1.004539,1.0044249,1.0022775,1.0056233
TTLL1,1.0039492,1.0030167,1.0024209,1.0039625,1.0037577,1.0038182,1.0018898,1.0035281
MRPL2,1.0001004,1.0001062,0.9997817,0.99965346,0.99977607,0.9996923,0.9998015,0.9996706
CSNK2A2,1.0059682,1.004509,1.0032271,1.0054154,1.0051061,1.0049003,1.0023067,1.0043197
ECT2,0.9976442,0.9982712,0.99834526,0.9974103,0.9976492,0.9972784,0.9986923,0.9974048
LDLRAD3,1.0010227,1.0008458,1.0010643,1.001538,1.0014098,1.0014665,1.00094,1.0022202
MMP25,1.0037484,1.0028093,1.001883,1.0031726,1.003089,1.0029547,1.0013266,1.0026994
CHD3,0.99112976,0.993229,0.9947962,0.99132454,0.99169725,0.9919503,0.99607664,0.99202114
MYO19,1.003438,1.002564,1.0018339,1.0030499,1.0029734,1.0028423,1.0013301,1.0025434
ITFG2,0.99884725,0.9991665,0.99958134,0.99920183,0.99926615,0.99953055,0.99986386,0.9992156
TMTC2,1.002619,1.0019023,1.0015172,1.0024241,1.0023831,1.0021026,1.0011095,1.0038632
PDK2,0.99581754,0.99684024,0.9977746,0.99621505,0.99649596,0.99661946,0.9985001,0.99734104
AGPAT5,0.9980357,0.9986145,0.9983982,0.9974023,0.99774694,0.99707115,0.99859154,0.99756706
SLC22A8,0.9969666,0.9977012,0.99818164,0.99692714,0.9971349,0.9971372,0.99861777,0.9972124
IRF1,1.0029676,1.0022613,1.0019009,1.0030489,1.0027426,1.0028915,1.0014445,1.0023754
PHF21B,1.0013411,1.0008447,1.0010146,1.0016198,1.0013888,1.0015433,1.0007594,1.0014971
TMEM201,1.0012915,1.0010555,1.0008092,1.0013366,1.0014293,1.0009174,1.00059,1.0014282
SIPA1L2,1.0003849,1.0003858,0.9995108,0.9992617,0.9998758,0.99938476,0.99955964,0.9995501
GHDC,1.0034524,1.0025767,1.0023818,1.0037715,1.0033655,1.0036622,1.0018951,1.0038285
LAMB1,0.9979565,0.99840426,0.9987625,0.9979758,0.998066,0.9984623,0.9991579,0.9975083
DLGAP4,0.9992959,0.99943274,0.9994523,0.9990361,0.99909896,0.9991392,0.9995277,0.9988669
TRIM23,1.0009422,1.0007102,1.0005193,1.0008022,1.0006087,1.0007023,1.000355,1.0007875
HNRNPR,0.9926523,0.99439865,0.9954466,0.99246573,0.992946,0.9930325,0.9965062,0.99287736
AMHR2,0.99678284,0.9975583,0.9980508,0.99672127,0.99695194,0.9969539,0.9985186,0.99700844
PKNOX2,1.0036509,1.0028443,1.0020976,1.0035138,1.0035633,1.0031036,1.001586,1.0035754
WDHD1,1.0009475,1.0006914,1.0005261,1.0009139,1.0008126,1.0006794,1.0003381,1.0003086
RASSF8,1.0023916,1.0017906,1.0013835,1.0021129,1.0020832,1.0023667,1.0011193,1.0026733
IGF2R,1.0033327,1.0025587,1.0017536,1.0029238,1.0028571,1.0027453,1.0012918,1.0022082
TRIT1,1.0036377,1.0028844,1.0022852,1.0036864,1.0036333,1.0035911,1.0018291,1.0032065
HOXD9,0.9967768,0.9975544,0.9980031,0.99666834,0.9969281,0.9968991,0.99847615,0.9968393
PPP4R3A,0.99336314,0.99495876,0.9956105,0.99283004,0.9933357,0.99308765,0.99651587,0.9929358
OPTN,0.99506545,0.9961748,0.997226,0.9952767,0.99535275,0.99573445,0.99791527,0.99573284
GPCPD1,0.99286735,0.994614,0.9956775,0.99286544,0.99324936,0.9931848,0.9966824,0.99311125
LDB2,0.99872535,0.9991293,0.9991373,0.99846613,0.99875784,0.99880815,0.99942744,0.9992308
C2,0.99641263,0.99732006,0.99744076,0.9957872,0.9963939,0.9961546,0.9979812,0.99546564
ACY1,1.0030205,1.0022676,1.0015175,1.002545,1.0026524,1.0025848,1.0011649,1.0024526
SLC6A19,0.9992827,0.99944603,0.9995049,0.99912214,0.99923277,0.9992008,0.99959946,0.9992415
SH3KBP1,1.002918,1.0023049,1.0020661,1.0031933,1.002835,1.0030706,1.0016366,1.002958
LRP6,0.9953967,0.9964942,0.9970225,0.9951875,0.99545896,0.99547386,0.99772596,0.995425
MFSD10,0.9981364,0.99860215,0.99913144,0.9984735,0.9983806,0.9985726,0.9993802,0.99827516
EFNB3,0.9952979,0.9965055,0.9972092,0.9953464,0.99578077,0.9957442,0.9979875,0.9960938
RRBP1,1.0006526,1.0005312,1.0006615,1.0010328,1.0008798,1.0007174,1.0004712,1.0003588
LVRN,0.99918073,0.9994029,0.9993416,0.99884343,0.99902964,0.9989047,0.9994682,0.99961126
CDC73,0.9991537,0.9993833,0.9995418,0.99924064,0.9991879,0.999202,0.99964887,0.99873483
TAPT1,1.0019597,1.0014467,1.0011411,1.0017838,1.0015271,1.0019257,1.0009091,1.0021118
KDM3B,0.99683666,0.9975656,0.99800897,0.99668777,0.99676186,0.9967554,0.99841547,0.9969893
IQUB,1.0023191,1.0017768,1.0018077,1.0028505,1.0026194,1.0029248,1.0015363,1.002343
ACO2,1.0017613,1.0013769,1.0009538,1.0014516,1.0014915,1.0012398,1.0006471,1.0017804
FAM91A1,1.0005467,1.0003808,1.0007403,1.0011117,1.0007436,1.0011607,1.0006714,1.0009784
VPS39,1.002337,1.0017579,1.0011429,1.0018964,1.0018108,1.0015507,1.0007174,1.0016718
LINGO2,1.0025752,1.0020705,1.0016848,1.0027361,1.0025824,1.0024917,1.0012968,1.0015612
AGO3,1.0030229,1.0023658,1.0018307,1.0030075,1.0027266,1.0025612,1.0013129,1.0023345
SEC14L1,0.99891573,0.9991949,0.9992924,0.99880505,0.99881566,0.998932,0.9994564,0.9984702
KIF2C,0.9996666,0.9997946,1.0000091,0.99992347,0.99970496,0.999691,1.0000045,0.9998287
PTDSS1,0.9987475,0.999064,0.99975085,0.9994364,0.999227,0.99936306,0.9998704,0.999121
KIF3C,0.99174553,0.9936248,0.9949784,0.99174666,0.9920807,0.992394,0.99617183,0.9918375
TUT1,1.003579,1.0027958,1.0022864,1.0036206,1.0033188,1.0031804,1.0016987,1.0038977
PRKAR2A,1.0057894,1.0044307,1.0035794,1.0057638,1.0053055,1.0054581,1.0026903,1.0048287
GDAP2,1.0052118,1.0039591,1.0033313,1.0053357,1.0049415,1.0049851,1.0025518,1.0054305
PAXIP1-AS2,0.9988007,0.9991366,0.9991758,0.9985699,0.9987601,0.998765,0.9993762,0.9985213
PPIAL4G,1.0037284,1.0029145,1.001682,1.0029067,1.003073,1.002486,1.0011233,1.0023776
PRAMEF8,0.9967072,0.99750435,0.9980099,0.9966529,0.996889,0.9968914,0.9984898,0.9969293
GAGE13,0.9967072,0.99750435,0.9980099,0.9966529,0.996889,0.9968914,0.9984898,0.9969293
SPDYE2B,0.9967072,0.99750435,0.9980099,0.9966529,0.996889,0.9968914,0.9984898,0.9969293
DEFB105A,0.9967072,0.99750435,0.9980099,0.9966529,0.996889,0.9968914,0.9984898,0.9969293
PABPC1L2B,1.0009811,1.000682,1.0005236,1.0008118,1.0007517,1.00083,1.0003804,1.0009991
DEFB106B,0.9967072,0.99750435,0.9980099,0.9966529,0.996889,0.9968914,0.9984898,0.9969293
RIMBP3C,0.9967072,0.99750435,0.9980099,0.9966529,0.996889,0.9968914,0.9984898,0.9969293
DMRTC1B,0.99930555,0.9994693,0.999701,0.9994217,0.99947023,0.99947846,0.9998088,0.99961734
SSX2,0.9967072,0.99750435,0.9980099,0.9966529,0.996889,0.9968914,0.9984898,0.9969293
GAGE2E,0.9967072,0.99750435,0.9980099,0.9966529,0.996889,0.9968914,0.9984898,0.9969293
DEFB104B,0.9967072,0.99750435,0.9980099,0.9966529,0.996889,0.9968914,0.9984898,0.9969293
CFC1B,0.9967072,0.99750435,0.9980099,0.9966529,0.996889,0.9968914,0.9984898,0.9969293
SLX1B,0.99826187,0.9987091,0.9989352,0.9981539,0.99828994,0.9983349,0.9992012,0.9980776
DEFB106A,0.9967072,0.99750435,0.9980099,0.9966529,0.996889,0.9968914,0.9984898,0.9969293
GATD3A,0.9989232,0.99923503,0.9992698,0.9987987,0.99899197,0.9988787,0.9994606,0.99865687
PPP3CA,0.989341,0.9919178,0.99313676,0.9888051,0.9896118,0.9893609,0.9946619,0.98911166
PNMA6A,1.0037057,1.0029652,1.0026425,1.0042,1.0039268,1.0038743,1.0021172,1.0037937
CT45A3,0.9967072,0.99750435,0.9980099,0.9966529,0.996889,0.9968914,0.9984898,0.9969293
PABPC1L2A,1.0010878,1.0007691,1.0006485,1.0010071,1.000925,1.0010216,1.0004715,1.0007005
EIF3CL,0.9986413,0.9989542,0.999227,0.9986606,0.9987155,0.998762,0.9994149,0.9987597
GOLGA5,1.0036004,1.0027717,1.0022156,1.003562,1.0034162,1.0031688,1.0016348,1.0033195
NPIPA8,0.9929683,0.9947756,0.9958786,0.9931784,0.99353135,0.99333394,0.996832,0.9928994
UBE2Q2L,1.0046859,1.0035784,1.0028107,1.0045242,1.0043705,1.0045251,1.0021999,1.0042766
U2AF1,0.99948275,0.99963886,0.9998404,0.99961436,0.9995611,0.99966145,0.999897,0.99961346
DEFB104A,0.9967072,0.99750435,0.9980099,0.9966529,0.996889,0.9968914,0.9984898,0.9969293
DEFB4B,0.9967072,0.99750435,0.9980099,0.9966529,0.996889,0.9968914,0.9984898,0.9969293
MRPL23,0.99719346,0.9978795,0.9982772,0.9971447,0.99732244,0.9972727,0.99869645,0.9974338
AL627171.2,0.9967072,0.99750435,0.9980099,0.9966529,0.996889,0.9968914,0.9984898,0.9969293
F8A1,1.0051771,1.0040166,1.003078,1.0050128,1.0048745,1.0048004,1.0023885,1.0048406
NPIPA2,1.0007842,1.0006711,1.0007155,1.0010574,1.0007766,1.0008545,1.0005369,1.0003954
SQSTM1,1.000928,1.0007665,1.0007479,1.0011067,1.0009792,1.0009906,1.0005825,1.0008295
GRID2IP,0.99637645,0.99728686,0.99778736,0.9963095,0.996591,0.99651,0.9983134,0.99655074
SSX4B,0.9967072,0.99750435,0.9980099,0.9966529,0.996889,0.9968914,0.9984898,0.9969293
SPANXA2,0.9967072,0.99750435,0.9980099,0.9966529,0.996889,0.9968914,0.9984898,0.9969293
BHLHE22,0.9984431,0.99874866,0.99879056,0.99800503,0.99808407,0.99837196,0.99906254,0.9979473
SIK1,0.9979185,0.9984362,0.9987555,0.99774164,0.99784124,0.9979913,0.999051,0.9986011
VARS,0.9967072,0.99750435,0.9980099,0.9966529,0.996889,0.9968914,0.9984898,0.9969293
ADCY3,1.0050085,1.0038661,1.0029345,1.0048795,1.0046799,1.0043632,1.0021801,1.0042747
CT47A6,0.99796426,0.9984536,0.99874187,0.9978688,0.99803585,0.9980117,0.99903035,0.9980109
HDAC5,0.99985266,0.9998313,1.0000558,0.9999728,0.9998548,1.0001289,1.0000849,1.0003049
PKNOX1,0.9997735,0.9998085,0.9999277,0.9998183,0.9995734,0.99978036,0.9999045,0.99914265
AMY1B,1.0021323,1.0016086,1.0012269,1.0020237,1.0018554,1.0018646,1.0008698,1.0010664
CT45A6,0.9967072,0.99750435,0.9980099,0.9966529,0.996889,0.9968914,0.9984898,0.9969293
RIMBP3B,0.99901026,0.99925756,0.999208,0.9986354,0.99877965,0.99865115,0.9993173,0.9987954
ZNF705D,0.99612033,0.99705625,0.9977144,0.99617296,0.99640536,0.9964063,0.9982722,0.9964777
PRODH,0.99057895,0.9929292,0.9945735,0.99103343,0.99149287,0.99160945,0.9959862,0.9909875
PRCP,0.99715334,0.9979123,0.9983134,0.99710584,0.99731386,0.99741024,0.9988004,0.99763215
RP11-849H4.2,0.9967072,0.99750435,0.9980099,0.9966529,0.996889,0.9968914,0.9984898,0.9969293
AL603965.1,0.9967072,0.99750435,0.9980099,0.9966529,0.996889,0.9968914,0.9984898,0.9969293
GOLGA6L4,1.0018163,1.0013056,1.0012366,1.0019684,1.0017407,1.0019733,1.0009729,1.0017904
UBAP2,1.0007657,1.0006635,1.0002918,1.0004551,1.0006483,1.0003582,1.0001798,1.0001215
HOGA1,0.9976684,0.99822676,0.9986063,0.9977091,0.9978888,0.99795413,0.99901175,0.99773604
CPA6,0.9981973,0.9986558,0.99882877,0.99802035,0.99818873,0.9981719,0.9990842,0.9978972
TBC1D3C,0.9967072,0.99750435,0.9980099,0.9966529,0.996889,0.9968914,0.9984898,0.9969293
AC010441.1,0.9967072,0.99750435,0.9980099,0.9966529,0.996889,0.9968914,0.9984898,0.9969293
GSTT2,0.9967072,0.99750435,0.9980099,0.9966529,0.996889,0.9968914,0.9984898,0.9969293
PRAMEF11,0.9967625,0.99755025,0.998029,0.996688,0.9969337,0.99692196,0.99850154,0.9969264
DMRTC1,0.9967072,0.99750435,0.9980099,0.9966529,0.996889,0.9968914,0.9984898,0.9969293
CEBPZOS,1.0035733,1.0026699,1.0023324,1.0037373,1.0032873,1.0034335,1.0017632,1.0036442
PWP2,1.0015873,1.0011892,1.0009329,1.0015011,1.0013727,1.0012408,1.0006609,1.0018234
ST3GAL3,1.004016,1.0030851,1.0024278,1.0039423,1.0038123,1.0035839,1.0018051,1.0032574
AP002956.1,0.9967072,0.99750435,0.9980099,0.9966529,0.996889,0.9968914,0.9984898,0.9969293
GAGE12H,0.9967072,0.99750435,0.9980099,0.9966529,0.996889,0.9968914,0.9984898,0.9969293
TBX22,0.9979607,0.9984536,0.9987625,0.9978827,0.9980207,0.99799967,0.9990324,0.99805737
MTRNR2L5,0.99695855,0.9977226,0.99815005,0.99686915,0.99709487,0.99697673,0.9985665,0.99716055
ARL17A,1.0038972,1.0029496,1.0024415,1.0039556,1.0035199,1.0035667,1.0017853,1.0034525
RP11-279O9.4,0.9967072,0.99750435,0.9980099,0.9966529,0.996889,0.9968914,0.9984898,0.9969293
DPH1,0.9991382,0.99938107,0.999658,0.99926746,0.9993719,0.9995926,0.99986434,0.99960136
AC073569.1,0.9967072,0.99750435,0.9980099,0.9966529,0.996889,0.9968914,0.9984898,0.9969293
PRPF40A,0.9977302,0.9983101,0.99853027,0.9975443,0.9977467,0.9976016,0.9988005,0.9973613
AL162424.1,0.9967072,0.99750435,0.9980099,0.9966529,0.996889,0.9968914,0.9984898,0.9969293
C16orf47,0.9967072,0.99750435,0.9980099,0.9966529,0.996889,0.9968914,0.9984898,0.9969293
AL591684.1,0.9967072,0.99750435,0.9980099,0.9966529,0.996889,0.9968914,0.9984898,0.9969293
NOTCH2NL,0.9967072,0.99750435,0.9980099,0.9966529,0.996889,0.9968914,0.9984898,0.9969293
AC020922.1,0.9967072,0.99750435,0.9980099,0.9966529,0.996889,0.9968914,0.9984898,0.9969293
MIRLET7BHG,0.9993353,0.9995496,0.99972093,0.9994669,0.9995582,0.9994418,0.99980664,0.99924517
RP11-131H24.4,0.9967072,0.99750435,0.9980099,0.9966529,0.996889,0.9968914,0.9984898,0.9969293
SPATA31A7,0.9967072,0.99750435,0.9980099,0.9966529,0.996889,0.9968914,0.9984898,0.9969293
ZNF595,1.0024352,1.0019234,1.0019011,1.0028908,1.0026692,1.0027504,1.0015298,1.002385
RGPD5,0.99681175,0.9975406,0.99789214,0.9963976,0.99665844,0.99674493,0.99828255,0.9962727
H2AFB1,0.9967072,0.99750435,0.9980099,0.9966529,0.996889,0.9968914,0.9984898,0.9969293
CRYAA,0.99630404,0.99720514,0.99777544,0.99626535,0.99653006,0.996539,0.9983207,0.99655044
AC137932.1,0.9967072,0.99750435,0.9980099,0.9966529,0.996889,0.9968914,0.9984898,0.9969293
ARVCF,0.9999382,0.9999387,0.9997753,0.9996865,0.99966264,0.9994396,0.99972,0.9996667
ME1,1.0033689,1.0025898,1.0020576,1.0032874,1.0029725,1.0030338,1.0015752,1.003886
UBAP2L,0.9988718,0.9991824,0.99977046,0.99943966,0.999236,0.9993787,0.9998865,0.99974334
DNAH10OS,0.9967072,0.99750435,0.9980099,0.9966529,0.996889,0.9968914,0.9984898,0.9969293
SULT1A4,0.99840844,0.9988002,0.99912655,0.9984953,0.9986009,0.9985701,0.99935913,0.9988594
ELOA3,0.9967072,0.99750435,0.9980099,0.9966529,0.996889,0.9968914,0.9984898,0.9969293
NBPF9,1.0034837,1.002751,1.0019552,1.0031028,1.0030954,1.003318,1.0015556,1.0022165
FLJ20306,0.9967072,0.99750435,0.9980099,0.9966529,0.996889,0.9968914,0.9984898,0.9969293
AC009802.1,0.9967072,0.99750435,0.9980099,0.9966529,0.996889,0.9968914,0.9984898,0.9969293
STRIP1,0.9972811,0.9979373,0.99848676,0.9973774,0.9974788,0.9976193,0.9988755,0.99780416
HSFX2,0.99891245,0.9992077,0.9994962,0.99906874,0.9991698,0.9992197,0.99966705,0.99883807
NPIPB3,0.9970311,0.99786663,0.9979317,0.9966706,0.9970201,0.9965825,0.9983225,0.996266
IRAK2,0.99923694,0.9993691,0.9995587,0.99917215,0.99928284,0.99935734,0.99968576,0.9996222
NCAPH,1.0020833,1.0016624,1.000952,1.0015633,1.0014399,1.0013083,1.0006258,1.0010781
DEFA3,0.9967072,0.99750435,0.9980099,0.9966529,0.996889,0.9968914,0.9984898,0.9969293
PRDM9,0.9966682,0.99746597,0.9979731,0.99660444,0.9968451,0.99685514,0.99846256,0.99685574
PRAMEF9,0.9967072,0.99750435,0.9980099,0.9966529,0.996889,0.9968914,0.9984898,0.9969293
AC018816.3,0.9967072,0.99750435,0.9980099,0.9966529,0.996889,0.9968914,0.9984898,0.9969293
AP1B1,0.9982364,0.99860865,0.9988389,0.9981019,0.99822426,0.9981766,0.9990754,0.99797237
CTBP2,0.9939107,0.9954221,0.9961597,0.9937419,0.9942877,0.99419165,0.9970927,0.9936186
NXF2B,0.99781656,0.998356,0.99876416,0.99786526,0.9980216,0.99809575,0.99910694,0.9981732
AC026310.1,0.9967072,0.99750435,0.9980099,0.9966529,0.996889,0.9968914,0.9984898,0.9969293
KIAA1551,0.9967072,0.99750435,0.9980099,0.9966529,0.996889,0.9968914,0.9984898,0.9969293
MTRNR2L7,0.9967072,0.99750435,0.9980099,0.9966529,0.996889,0.9968914,0.9984898,0.9969293
AL583828.1,0.9967072,0.99750435,0.9980099,0.9966529,0.996889,0.9968914,0.9984898,0.9969293
AC121757.1,0.9967072,0.99750435,0.9980099,0.9966529,0.996889,0.9968914,0.9984898,0.9969293
FAM25G,0.9967072,0.99750435,0.9980099,0.9966529,0.996889,0.9968914,0.9984898,0.9969293
C14orf132,0.9973811,0.99804974,0.99861336,0.9975854,0.99769324,0.9977356,0.9989667,0.99761873
DEFB4A,0.9967072,0.99750435,0.9980099,0.9966529,0.996889,0.9968914,0.9984898,0.9969293
ZNF705B,0.99612033,0.99705625,0.9977144,0.99617296,0.99640536,0.9964063,0.9982722,0.9964777
SLC7A8,0.9970825,0.99776316,0.99789286,0.9965321,0.99694884,0.9969021,0.99833,0.99638474
AL035406.1,0.9967072,0.99750435,0.9980099,0.9966529,0.996889,0.9968914,0.9984898,0.9969293
AC090616.2,0.9967072,0.99750435,0.9980099,0.9966529,0.996889,0.9968914,0.9984898,0.9969293
RGPD6,0.9974245,0.9980401,0.9985508,0.9974724,0.99756956,0.9976779,0.9989182,0.9979955
AL161645.2,0.9967072,0.99750435,0.9980099,0.9966529,0.996889,0.9968914,0.9984898,0.9969293
CBS,0.98926413,0.99185234,0.99397326,0.9899709,0.99056923,0.990649,0.9956222,0.9913175
ERVMER34-1,1.0002317,1.0001919,0.9999652,0.99991953,0.9999144,0.999758,0.9998494,0.99972236
KCNE1,0.99772036,0.9982588,0.99880457,0.99789506,0.9980267,0.99820924,0.99918056,0.9983566
ATN1,0.9984636,0.99890864,0.99930364,0.99870944,0.99873185,0.9986687,0.9994861,0.99870783
MPO,0.9971677,0.9978984,0.9982923,0.99720323,0.9973872,0.9974265,0.9987299,0.99643767
AL035588.1,0.9967072,0.99750435,0.9980099,0.9966529,0.996889,0.9968914,0.9984898,0.9969293
HSFX1,0.9967072,0.99750435,0.9980099,0.9966529,0.996889,0.9968914,0.9984898,0.9969293
ERVV-1,0.99796665,0.99845946,0.99863684,0.9977281,0.9979358,0.99779475,0.99889994,0.9977476
BTBD9,1.0023577,1.0017464,1.0017741,1.0028167,1.0024297,1.0025535,1.001396,1.0030798
RP11-712L6.5,0.9967072,0.99750435,0.9980099,0.9966529,0.996889,0.9968914,0.9984898,0.9969293
CDK10,0.999519,0.9996618,0.9995414,0.99929225,0.9994882,0.999339,0.9996617,0.99943054
AC004466.1,0.9967072,0.99750435,0.9980099,0.9966529,0.996889,0.9968914,0.9984898,0.9969293
MNT,0.9991781,0.9993054,0.9996964,0.9994144,0.99937075,0.9993984,0.9998214,1.0003302
AC011308.1,0.9967072,0.99750435,0.9980099,0.9966529,0.996889,0.9968914,0.9984898,0.9969293
CT45A1,0.9967072,0.99750435,0.9980099,0.9966529,0.996889,0.9968914,0.9984898,0.9969293
KRT6C,0.9973172,0.9980018,0.99824405,0.99706954,0.99733233,0.9972431,0.99863386,0.99705935
CTAGE4,0.9967072,0.99750435,0.9980099,0.9966529,0.996889,0.9968914,0.9984898,0.9969293
TCEB3CL,0.9967072,0.99750435,0.9980099,0.9966529,0.996889,0.9968914,0.9984898,0.9969293
NBPF14,1.0058118,1.0045252,1.0033703,1.0054195,1.0051169,1.0051916,1.002559,1.005029
TBC1D1,0.9926677,0.99435633,0.9953824,0.99250543,0.9929924,0.9928119,0.99648416,0.993729
TCEB3CL2,0.9967072,0.99750435,0.9980099,0.9966529,0.996889,0.9968914,0.9984898,0.9969293
C1orf147,0.9967072,0.99750435,0.9980099,0.9966529,0.996889,0.9968914,0.9984898,0.9969293
ARIH1,0.9956007,0.9967092,0.9972576,0.99545085,0.9956862,0.99552214,0.9978044,0.9949142
POLR2J2,1.0012933,1.0009671,1.0010194,1.001572,1.0014184,1.001511,1.0008274,1.0015068
RP11-144F15.1,0.9967072,0.99750435,0.9980099,0.9966529,0.996889,0.9968914,0.9984898,0.9969293
GOLGA8B,0.99633545,0.9973737,0.997647,0.996137,0.9965682,0.99630076,0.9981853,0.99549854
USP33,0.99655855,0.99737513,0.9978873,0.9964905,0.99667233,0.996696,0.998326,0.99615407
SPDYE2,0.9967072,0.99750435,0.9980099,0.9966529,0.996889,0.9968914,0.9984898,0.9969293
RP11-321M21.3,0.9967072,0.99750435,0.9980099,0.9966529,0.996889,0.9968914,0.9984898,0.9969293
ANKRD20A2,0.9967072,0.99750435,0.9980099,0.9966529,0.996889,0.9968914,0.9984898,0.9969293
EZR,0.997095,0.99782246,0.9983185,0.9971199,0.99721944,0.9973929,0.9987782,0.9976537
NBPF16,0.9967072,0.99750435,0.9980099,0.9966529,0.996889,0.9968914,0.9984898,0.9969293
LRRC37A,1.0110676,1.0083551,1.0066541,1.0109799,1.0102648,1.010159,1.0050031,1.0104789
BCLAF1,0.9920836,0.9940003,0.99525815,0.9921715,0.9925944,0.99266803,0.9963882,0.9920761
LCE3C,0.9967072,0.99750435,0.9980099,0.9966529,0.996889,0.9968914,0.9984898,0.9969293
AP1G2,1.0003359,1.0003378,1.0004281,1.0006201,1.0005541,1.0004205,1.0003785,1.0009868
AC018867.2,0.9967072,0.99750435,0.9980099,0.9966529,0.996889,0.9968914,0.9984898,0.9969293
RFPL3S,0.99862725,0.99898005,0.99945796,0.99901474,0.99894583,0.9990616,0.99965703,0.9990815
SMN2,0.99913466,0.9993997,0.99970645,0.99934924,0.99943113,0.99970126,0.99992573,0.99969083
OPN1MW,0.9967072,0.99750435,0.9980099,0.9966529,0.996889,0.9968914,0.9984898,0.9969293
AC103801.2,0.9967072,0.99750435,0.9980099,0.9966529,0.996889,0.9968914,0.9984898,0.9969293
GOLGA8N,1.0029714,1.0022298,1.0016335,1.0025823,1.0023935,1.0021133,1.0010978,1.00313
AMY1A,0.9962206,0.99708724,0.9977993,0.99643517,0.99667454,0.9965788,0.9983305,0.996322
NEBL,1.0018792,1.0015109,1.0004756,1.0008938,1.0011147,1.0007247,1.0002178,0.99990594
AL590714.1,0.9967072,0.99750435,0.9980099,0.9966529,0.996889,0.9968914,0.9984898,0.9969293
DYRK3,1.0022627,1.0017476,1.001481,1.0023471,1.002221,1.002052,1.0011222,1.0023881
SULT1A3,1.0032694,1.0025772,1.0019596,1.0031519,1.0031481,1.0029783,1.001488,1.0024128
DDTL,1.0039463,1.0030607,1.0022619,1.0036803,1.0037103,1.003577,1.0017399,1.0029794
KRT80,0.9974469,0.9980716,0.9984572,0.9973898,0.99757147,0.99758816,0.9988289,0.99752504
JADE2,1.0033766,1.0026153,1.0018774,1.0030715,1.0029294,1.0028454,1.001391,1.0029083
DNAH17-AS1,0.99939144,0.9995347,0.99963033,0.9993267,0.99929184,0.99923027,0.9996629,0.9993976
AL589765.1,0.9967072,0.99750435,0.9980099,0.9966529,0.996889,0.9968914,0.9984898,0.9969293
RP11-1055B8.6,0.9967072,0.99750435,0.9980099,0.9966529,0.996889,0.9968914,0.9984898,0.9969293
TUBAL3,0.99674165,0.99753034,0.9980261,0.99668217,0.99691755,0.996915,0.99849993,0.9969486
NPIPB9,1.0029721,1.0022616,1.0020196,1.003248,1.0030377,1.0032521,1.00164,1.002867
LGALS7,0.9971348,0.9978272,0.9982379,0.9970392,0.9972591,0.9972513,0.9986556,0.99724245
RP11-156E8.1,0.9967072,0.99750435,0.9980099,0.9966529,0.996889,0.9968914,0.9984898,0.9969293
AC037199.1,0.9967072,0.99750435,0.9980099,0.9966529,0.996889,0.9968914,0.9984898,0.9969293
FGF8,0.9976891,0.9982879,0.99884903,0.99797064,0.9979423,0.99821043,0.9992022,0.99786305
CTD-2215E18.1,0.9967072,0.99750435,0.9980099,0.9966529,0.996889,0.9968914,0.9984898,0.9969293
RP11-80A15.1,0.9967072,0.99750435,0.9980099,0.9966529,0.996889,0.9968914,0.9984898,0.9969293
ABCE1,1.001358,1.0010386,1.0011816,1.001818,1.0015512,1.0016434,1.0009551,1.0021055
ANKRD20A1,0.9967072,0.99750435,0.9980099,0.9966529,0.996889,0.9968914,0.9984898,0.9969293
PPIAL4B,0.9967072,0.99750435,0.9980099,0.9966529,0.996889,0.9968914,0.9984898,0.9969293
FBXO10,0.999802,0.9999625,0.99985075,0.9997045,0.99981415,0.9995461,0.99984854,0.9992095
MTRNR2L4,1.0016437,1.0012941,1.0010548,1.0016378,1.001702,1.0017732,1.0008883,1.0011355
GOLGA6L10,1.00038,1.0002078,1.0003366,1.0005457,1.000371,1.0004444,1.0002514,1.0007641
EFCAB10,1.0004041,1.0002568,1.0003352,1.000467,1.0003986,1.0005692,1.0002955,1.0003774
OSBPL8,0.99380666,0.99526304,0.996016,0.99346244,0.9938658,0.99387586,0.9968854,0.99353373
DDX39B,0.9961106,0.9971309,0.99808854,0.99661446,0.99695253,0.9972763,0.9988564,0.9980458
TBC1D3,0.9967072,0.99750435,0.9980099,0.9966529,0.996889,0.9968914,0.9984898,0.9969293
ZRANB2,0.99629974,0.997197,0.99783117,0.996349,0.99651587,0.99668133,0.99837506,0.9964876
AC112205.1,0.9967072,0.99750435,0.9980099,0.9966529,0.996889,0.9968914,0.9984898,0.9969293
FAM25C,0.9969126,0.99763995,0.99813294,0.9968649,0.9970162,0.9970467,0.9985601,0.9971032
AL136376.1,0.9967072,0.99750435,0.9980099,0.9966529,0.996889,0.9968914,0.9984898,0.9969293
ACTR5,1.004574,1.0034094,1.0026566,1.0042524,1.0039309,1.0040413,1.0019524,1.0040168
FLJ00418,0.9967072,0.99750435,0.9980099,0.9966529,0.996889,0.9968914,0.9984898,0.9969293
EEF1A1,0.9912982,0.9933536,0.99449676,0.9909303,0.99149287,0.99156296,0.9957253,0.9911655
AC073342.1,0.9967072,0.99750435,0.9980099,0.9966529,0.996889,0.9968914,0.9984898,0.9969293
FNBP4,0.993857,0.99531066,0.9964236,0.9940219,0.9942712,0.994454,0.9973327,0.99494755
CTAGE8,0.9967072,0.99750435,0.9980099,0.9966529,0.996889,0.9968914,0.9984898,0.9969293
ARMC4,0.99956095,0.99968195,0.9997537,0.9995148,0.99939907,0.99953353,0.9997794,0.9992461
AL360181.1,0.9967072,0.99750435,0.9980099,0.9966529,0.996889,0.9968914,0.9984898,0.9969293
GOLGA8O,0.99601305,0.99699324,0.99754536,0.9959079,0.9962193,0.99618965,0.99812853,0.9960383
POTEB,0.9967072,0.99750435,0.9980099,0.9966529,0.996889,0.9968914,0.9984898,0.9969293
SCGB1C1,0.9967072,0.99750435,0.9980099,0.9966529,0.996889,0.9968914,0.9984898,0.9969293
RHOXF2B,0.9967072,0.99750435,0.9980099,0.9966529,0.996889,0.9968914,0.9984898,0.9969293
RP11-1055B8.7,0.9967072,0.99750435,0.9980099,0.9966529,0.996889,0.9968914,0.9984898,0.9969293
BEND3,1.0039654,1.0030603,1.0024216,1.0039544,1.0039243,1.0037546,1.0018852,1.0034605
KRTAP21-3,0.99678284,0.9975583,0.9980508,0.99672127,0.99695194,0.9969539,0.9985186,0.99700844
MICU3,0.9932478,0.9949659,0.99587387,0.993129,0.9937575,0.9934937,0.9968222,0.9928069
IGIP,1.0060687,1.0045767,1.0036714,1.0059963,1.0055641,1.0055292,1.0027831,1.0063629
NPIPA1,0.99748063,0.9981419,0.9988222,0.99799466,0.9979641,0.9981376,0.99919784,0.99756
CAPN15,1.0039229,1.0029435,1.0024915,1.0039978,1.0036404,1.0036414,1.001835,1.0037364
AC022400.2,0.9967072,0.99750435,0.9980099,0.9966529,0.996889,0.9968914,0.9984898,0.9969293
GAGE12I,0.9967072,0.99750435,0.9980099,0.9966529,0.996889,0.9968914,0.9984898,0.9969293
HDGFL2,1.0090284,1.0069064,1.0054605,1.0089403,1.0082431,1.0082648,1.0040766,1.0077258
AC079210.1,0.9967072,0.99750435,0.9980099,0.9966529,0.996889,0.9968914,0.9984898,0.9969293
SLN,0.9930927,0.99480265,0.9958862,0.99327695,0.99351525,0.99355626,0.99687254,0.9929977
FADS3,1.0027303,1.002178,1.0019566,1.0031446,1.0028117,1.0027709,1.001501,1.0019581
SMIM3,1.0012658,1.0009453,1.0010372,1.0015924,1.0014589,1.001606,1.0008734,1.0012938
OST4,0.99896127,0.99921346,0.9992179,0.9986643,0.99882257,0.9987774,0.99935704,0.9986621
RBL1,1.0015497,1.0011529,1.0009301,1.0015109,1.0013893,1.0009826,1.0005493,1.0012684
SPANXC,0.9967072,0.99750435,0.9980099,0.9966529,0.996889,0.9968914,0.9984898,0.9969293
SPHAR,1.0060725,1.0045937,1.0036442,1.0058919,1.0053674,1.0057064,1.0027955,1.0059631
ARID4B,0.9923086,0.9941604,0.99525136,0.9921168,0.992514,0.9924599,0.99629855,0.9929577
SLX1A,1.0028477,1.0022602,1.001585,1.0025659,1.0026846,1.0024728,1.001209,1.0019386
KRT81,0.99650806,0.9973168,0.99780554,0.99635065,0.9966024,0.9965926,0.9983006,0.9965654
GTF2H2C,1.0073597,1.0055757,1.0046647,1.0075123,1.0070875,1.0069273,1.0035148,1.0074315
SSX4,0.9967072,0.99750435,0.9980099,0.9966529,0.996889,0.9968914,0.9984898,0.9969293
KRTAP22-2,0.9967072,0.99750435,0.9980099,0.9966529,0.996889,0.9968914,0.9984898,0.9969293
RP11-867G23.8,0.9967072,0.99750435,0.9980099,0.9966529,0.996889,0.9968914,0.9984898,0.9969293
AL022328.1,0.9967072,0.99750435,0.9980099,0.9966529,0.996889,0.9968914,0.9984898,0.9969293
UPK3BL1,1.0012976,1.0010444,1.0000372,1.0001594,1.0004444,1.0000367,0.99984324,0.99947107
C17orf77,0.9992033,0.9994271,0.99958694,0.99923897,0.9992765,0.999388,0.9997263,0.99916226
HILPDA,0.9970676,0.9977287,0.9986316,0.99759763,0.99743533,0.9977443,0.9990206,0.99789464
AC012123.1,0.9967072,0.99750435,0.9980099,0.9966529,0.996889,0.9968914,0.9984898,0.9969293
ATP12A,0.9963653,0.9972686,0.9977247,0.99622035,0.9965573,0.99644566,0.998258,0.99640524
AC061992.1,0.9967072,0.99750435,0.9980099,0.9966529,0.996889,0.9968914,0.9984898,0.9969293
PRAMEF7,0.9967072,0.99750435,0.9980099,0.9966529,0.996889,0.9968914,0.9984898,0.9969293
KCNU1,0.9993341,0.9994962,0.9996681,0.99934137,0.9993009,0.9994543,0.9997581,0.99927664
ST20,0.9994173,0.9995596,0.99997425,0.99972826,0.99982035,1.0000529,1.0001254,1.000057
KDM4C,1.0040494,1.0031546,1.0024828,1.0039967,1.0037858,1.0038292,1.0019351,1.0036288
AC093157.1,0.9967072,0.99750435,0.9980099,0.9966529,0.996889,0.9968914,0.9984898,0.9969293
AP000758.1,0.9967072,0.99750435,0.9980099,0.9966529,0.996889,0.9968914,0.9984898,0.9969293
ALOX12-AS1,1.0048194,1.0035915,1.0029318,1.0048938,1.0044948,1.0046351,1.0022454,1.0042115
GAGE1,0.99654794,0.9973819,0.99792194,0.9965075,0.9967487,0.9967556,0.9984262,0.99681604
SMN1,0.9981636,0.99864715,0.9989445,0.99812645,0.99837077,0.99840015,0.99926007,0.99867517
AL161784.1,0.9967072,0.99750435,0.9980099,0.9966529,0.996889,0.9968914,0.9984898,0.9969293
DDT,1.0044978,1.0034761,1.0028319,1.0044936,1.004168,1.0045269,1.0022411,1.0035794
COX8C,0.99638695,0.99725676,0.99770695,0.99617636,0.99644184,0.9964119,0.998207,0.99641246
OCLM,0.99790657,0.9984426,0.9986636,0.9977223,0.99793136,0.99786973,0.9989575,0.9978871
RASA4B,1.0087689,1.0066636,1.0050136,1.0081649,1.0077946,1.0074162,1.0036671,1.0084996
VCX3B,0.9967072,0.99750435,0.9980099,0.9966529,0.996889,0.9968914,0.9984898,0.9969293
ERVV-2,0.9967072,0.99750435,0.9980099,0.9966529,0.996889,0.9968914,0.9984898,0.9969293
TCP11X2,1.0002439,1.0001915,1.0001323,1.0001873,1.0001765,1.0001452,1.0000818,0.99990606
LCE3B,0.9967072,0.99750435,0.9980099,0.9966529,0.996889,0.9968914,0.9984898,0.9969293
DEFB108B,0.9967072,0.99750435,0.9980099,0.9966529,0.996889,0.9968914,0.9984898,0.9969293
CHTF8,0.9989602,0.99929667,0.9996091,0.99917376,0.99934566,0.9994879,0.9998603,0.999248
LGALS7B,0.99948305,0.99961555,0.999688,0.999413,0.99954116,0.9995642,0.9997706,0.9991383
TPRX2P,0.9967072,0.99750435,0.9980099,0.9966529,0.996889,0.9968914,0.9984898,0.9969293
STEAP3,1.0006204,1.00051,1.0002446,1.0003315,1.0005066,1.0003164,1.0001805,1.0007825
BRCA1,0.9996487,0.99982107,0.9994367,0.99910086,0.99948674,0.99885225,0.9994498,0.9990232
CLK2,0.99895203,0.99917847,0.99933684,0.9989924,0.99906665,0.99891794,0.99946666,0.99823767
FAM72D,0.9988082,0.99908924,0.99927497,0.99875975,0.99885374,0.99887526,0.99944055,0.99864745
FSD2,1.0018857,1.00141,1.0010858,1.0018098,1.0017616,1.001784,1.0008394,1.0011668
LUZP6,0.9952809,0.99647045,0.9969751,0.99492514,0.99526745,0.9953805,0.9976543,0.9946914
PGA3,0.9971005,0.9978048,0.9982216,0.99701095,0.99725914,0.99726,0.9986609,0.99724007
CCDC66,1.0010602,1.000879,1.000797,1.0011768,1.001134,1.0011178,1.0006227,1.0006983
GAPVD1,0.9943238,0.9956853,0.99660015,0.99440634,0.9945359,0.9946346,0.9974004,0.99428564
UNK,1.0032761,1.0024195,1.0022429,1.0036911,1.0032269,1.0032086,1.0017093,1.004068
NPEPL1,1.005137,1.0037842,1.0029371,1.0047659,1.0044162,1.0044188,1.0020953,1.0042912
KRT35,0.9970044,0.99772966,0.9981998,0.99695987,0.9971665,0.9971639,0.99862945,0.9972353
RPL39,0.9963517,0.9971859,0.9976217,0.99604774,0.99627554,0.99635834,0.9981059,0.99599195
EIF5AL1,0.99342203,0.9951672,0.99641573,0.9939482,0.9945115,0.9945253,0.9975376,0.9948567
HMHB1,0.99654794,0.9973819,0.99792194,0.9965075,0.9967487,0.9967556,0.9984262,0.99681604
PRAMEF5,0.9967072,0.99750435,0.9980099,0.9966529,0.996889,0.9968914,0.9984898,0.9969293
RGPD1,1.0082173,1.0062737,1.0045882,1.0074828,1.0071864,1.0070014,1.0033545,1.0068097
AC174470.1,0.9967072,0.99750435,0.9980099,0.9966529,0.996889,0.9968914,0.9984898,0.9969293
ACSF3,0.9983401,0.9989215,0.9992639,0.9986347,0.9988322,0.9986384,0.9995489,0.99898225
EIF5,0.9983907,0.9987334,0.99886954,0.9981038,0.9981934,0.9981234,0.9990275,0.9983467
DDC,0.9935194,0.9952867,0.9958434,0.99309576,0.99414545,0.9939337,0.99702156,0.9943875
MPEG1,0.9958449,0.99678326,0.9973756,0.9955857,0.99595916,0.99611616,0.9979999,0.99577755
POTED,0.9967072,0.99750435,0.9980099,0.9966529,0.996889,0.9968914,0.9984898,0.9969293
VCX3A,0.9967072,0.99750435,0.9980099,0.9966529,0.996889,0.9968914,0.9984898,0.9969293
GOLGA6L1,0.9967072,0.99750435,0.9980099,0.9966529,0.996889,0.9968914,0.9984898,0.9969293
LRFN5,1.0027436,1.0021696,1.0021303,1.0034583,1.003037,1.0028629,1.0016284,1.0026569
CD52,0.99674976,0.9976216,0.99790406,0.9964386,0.99666965,0.9963782,0.99825066,0.99689984
FBXO24,0.9994651,0.9995767,0.9998668,0.9996426,0.9995366,0.9996973,0.9999232,0.9996601
CRELD1,1.0018079,1.0013076,1.0011404,1.0018535,1.0016416,1.0016421,1.0008446,1.0022678
KRTAP23-1,0.9967072,0.99750435,0.9980099,0.9966529,0.996889,0.9968914,0.9984898,0.9969293
ARHGEF35,1.0009067,1.0006617,1.0004653,1.0006872,1.0005913,1.0006711,1.0002803,1.0004857
KRTAP20-3,0.9967072,0.99750435,0.9980099,0.9966529,0.996889,0.9968914,0.9984898,0.9969293
ZC3H12A,1.0001205,1.0000691,0.9998106,0.9996326,0.9998137,0.99977994,0.99982256,0.99991393
HECTD2,0.99802923,0.998523,0.9987925,0.9979749,0.99818015,0.99819285,0.99912196,0.9982884
RBM45,1.0015137,1.0011572,1.0010556,1.001641,1.0015061,1.001637,1.0008922,1.0020874
MSC-AS1,0.9965282,0.9973687,0.9978593,0.9964222,0.9966935,0.99667835,0.9983711,0.9966717
COX8A,0.9977828,0.998279,0.99859744,0.99760556,0.9977272,0.9977864,0.9988828,0.9977935
STMP1,0.99977887,0.9998592,0.9999098,0.9997721,0.9998354,0.9997699,0.99992,0.99962306
NPY4R,0.9971536,0.9978788,0.99804497,0.9967681,0.9971269,0.9969593,0.9984678,0.99712515
SCGB3A2,0.9967536,0.99752676,0.9980384,0.99670434,0.9969264,0.9969382,0.99850917,0.9970069
AC114494.1,0.9967072,0.99750435,0.9980099,0.9966529,0.996889,0.9968914,0.9984898,0.9969293
XKR6,1.0085816,1.006637,1.005273,1.0085396,1.0080303,1.0078733,1.0039535,1.0076315
GOLGA8A,0.98548037,0.9890356,0.9910841,0.9853586,0.98626304,0.98612773,0.99320185,0.98636067
C8orf59,0.9967072,0.99750435,0.9980099,0.9966529,0.996889,0.9968914,0.9984898,0.9969293
CSNK1E,0.98123413,0.98580205,0.9883152,0.9807776,0.9821559,0.981949,0.99103546,0.98180544
GTF2H2,1.0066844,1.0051066,1.004254,1.0069531,1.0063491,1.0066413,1.0033065,1.0059683
USO1,1.0007546,1.0006444,1.0002614,1.0004562,1.0006694,1.0004592,1.0002198,1.000622
LZTR1,0.9967173,0.9975705,0.99771714,0.9962555,0.99667454,0.9965477,0.9982874,0.99663234
SPACA5B,0.9967072,0.99750435,0.9980099,0.9966529,0.996889,0.9968914,0.9984898,0.9969293
SMIM10,1.0018474,1.0013283,1.0011051,1.001803,1.0013679,1.0016338,1.0007701,1.0013852
AC026407.1,0.9967072,0.99750435,0.9980099,0.9966529,0.996889,0.9968914,0.9984898,0.9969293
KBTBD4,1.007302,1.005542,1.004429,1.0072823,1.0067918,1.0066416,1.0032973,1.0064129
FZD8,0.99127656,0.99330664,0.9946819,0.99121594,0.99190605,0.99181354,0.9959888,0.9917371
C2orf48,0.9967072,0.99750435,0.9980099,0.9966529,0.996889,0.9968914,0.9984898,0.9969293
PODN,0.999518,0.99970645,0.9998113,0.9995444,0.9996427,0.99954545,0.9998723,0.99976546
KCNA10,0.9967072,0.99750435,0.9980099,0.9966529,0.996889,0.9968914,0.9984898,0.9969293
TP53TG3D,0.99763715,0.9982147,0.9984973,0.9974651,0.9976804,0.9976259,0.9988366,0.99772894
DAO,0.99718726,0.9978572,0.9982312,0.9970468,0.9972509,0.99722755,0.99862444,0.9971769
OXR1,1.0015292,1.0012815,1.0009878,1.0015087,1.0014085,1.0013502,1.0007389,1.001147
GAGE12J,0.9967072,0.99750435,0.9980099,0.9966529,0.996889,0.9968914,0.9984898,0.9969293
MYRF,1.0050824,1.0038397,1.0031965,1.0052398,1.0048428,1.004904,1.002443,1.0047038
PPIAL4A,1.0015092,1.001143,1.00089,1.0013386,1.0013165,1.0014156,1.000695,1.0014476
UMODL1-AS1,0.99660325,0.9974249,0.99795717,0.99656415,0.99680483,0.9968184,0.9984561,0.996881
KRTAP22-1,0.9967072,0.99750435,0.9980099,0.9966529,0.996889,0.9968914,0.9984898,0.9969293
ZZZ3,1.004748,1.0036408,1.0028007,1.0045434,1.0040116,1.0042325,1.002074,1.0043708
TNFRSF21,0.99760675,0.99825275,0.9984288,0.99734825,0.99762464,0.99774134,0.9988295,0.99705935
MT1HL1,0.9989027,0.9991588,0.99932086,0.9988218,0.998914,0.99891317,0.99947035,0.9988754
SLC45A1,1.0027275,1.0019944,1.0018147,1.002892,1.0026225,1.0028954,1.0014747,1.0032799
ZNF263,1.0028485,1.0021305,1.001817,1.0028826,1.0026419,1.0029199,1.0014414,1.0026654
AXL,0.99666893,0.99767196,0.9981446,0.9967749,0.99707824,0.9970044,0.9986682,0.9965054
SPANXN5,0.9967072,0.99750435,0.9980099,0.9966529,0.996889,0.9968914,0.9984898,0.9969293
FOXF1,0.99720526,0.99782884,0.9981787,0.99697316,0.9969257,0.99700594,0.99848497,0.9968661
UQCRC1,0.998407,0.9987677,0.9992467,0.99857056,0.9985371,0.9987867,0.99945796,0.9989334
KRTAP19-2,0.9967072,0.99750435,0.9980099,0.9966529,0.996889,0.9968914,0.9984898,0.9969293
FAM13C,0.9975373,0.9981707,0.998726,0.9977131,0.99781823,0.9978039,0.9990384,0.998334
ENHO,1.0027184,1.0021353,1.00156,1.0025648,1.0024478,1.0021155,1.0010893,1.0018041
KRTAP19-6,0.9967072,0.99750435,0.9980099,0.9966529,0.996889,0.9968914,0.9984898,0.9969293
CRHR1,1.0012755,1.0009551,1.000714,1.0012301,1.0012174,1.0009892,1.0004864,1.0008243
KRTAP8-1,0.9967072,0.99750435,0.9980099,0.9966529,0.996889,0.9968914,0.9984898,0.9969293
C15orf65,1.0008013,1.0005652,1.0011599,1.0016997,1.0013211,1.0015979,1.001011,1.0017931
VCX2,0.9967072,0.99750435,0.9980099,0.9966529,0.996889,0.9968914,0.9984898,0.9969293
PHGR1,0.9967072,0.99750435,0.9980099,0.9966529,0.996889,0.9968914,0.9984898,0.9969293
ICOSLG,1.0001523,1.0000651,1.0001261,1.0000807,1.0000823,1.0002618,1.0000981,1.0000172
AC110615.1,0.9967072,0.99750435,0.9980099,0.9966529,0.996889,0.9968914,0.9984898,0.9969293
KAAG1,0.9978598,0.99843067,0.9985141,0.9974985,0.9977928,0.99769187,0.99884427,0.99751437
RGPD2,1.0002596,1.0002315,1.0002427,1.0002496,1.0002849,1.000363,1.0002271,1.0004656
SFTA2,0.9968837,0.99761677,0.99818456,0.99693215,0.99710494,0.99712265,0.99862313,0.99720377
SYT15,0.997695,0.99826205,0.9985615,0.9976289,0.99790835,0.9978664,0.99896896,0.9979241
TMSB15A,0.9979023,0.99834645,0.998664,0.99773556,0.99786985,0.99804807,0.9989566,0.99780726
SLC2A10,0.99505764,0.9964349,0.99706805,0.9950726,0.9953934,0.99537325,0.9978595,0.99528515
ACTR6,0.9983821,0.99883366,0.9990733,0.99837226,0.99866724,0.99860036,0.9993697,0.9986408
DEFB114,0.9967072,0.99750435,0.9980099,0.9966529,0.996889,0.9968914,0.9984898,0.9969293
SPANXN1,0.99663633,0.9974498,0.997971,0.9965885,0.9968267,0.9968314,0.99846184,0.9968804
GAS2L1,0.99980766,0.99992704,0.99971926,0.99962306,0.9997586,0.99956244,0.9997978,0.9993408
KRTAP3-1,0.9967072,0.99750435,0.9980099,0.9966529,0.996889,0.9968914,0.9984898,0.9969293
AP001362.1,0.9967072,0.99750435,0.9980099,0.9966529,0.996889,0.9968914,0.9984898,0.9969293
BEX5,0.9948462,0.9961226,0.9967598,0.9946102,0.9950645,0.99486387,0.9974805,0.99512434
TRIM74,0.9997642,0.9998553,0.99972117,0.99948806,0.9996486,0.9995861,0.99977076,0.99925923
RASGRP3,0.9974015,0.99796367,0.9983332,0.99722856,0.99720955,0.9973359,0.99864686,0.9971092
S100A7,0.99687487,0.9976084,0.99811184,0.9968317,0.99702835,0.99701124,0.9985485,0.9971477
S100A7L2,0.9967072,0.99750435,0.9980099,0.9966529,0.996889,0.9968914,0.9984898,0.9969293
AC011997.1,0.9967072,0.99750435,0.9980099,0.9966529,0.996889,0.9968914,0.9984898,0.9969293
SCGB3A1,0.99710673,0.997807,0.99824095,0.9970399,0.997247,0.99725926,0.99866486,0.9972234
FAM24A,0.9967072,0.99750435,0.9980099,0.9966529,0.996889,0.9968914,0.9984898,0.9969293
KRTAP3-2,0.99598366,0.996956,0.9976016,0.99597645,0.9962717,0.9964266,0.9982956,0.9970198
C6orf48,0.9967072,0.99750435,0.9980099,0.9966529,0.996889,0.9968914,0.9984898,0.9969293
FAM86B2,0.9971957,0.99786913,0.9982265,0.99703133,0.99726,0.9972311,0.99863994,0.99731386
C19orf73,0.99943507,0.9996455,0.9998019,0.9995495,0.9996624,0.99970233,0.9999273,0.99930197
PUS7,1.0019855,1.001597,1.0010443,1.0016937,1.0017215,1.0017465,1.0008296,1.0009904
RP11-998D10.1,0.9967072,0.99750435,0.9980099,0.9966529,0.996889,0.9968914,0.9984898,0.9969293
DEFB131A,0.99737865,0.9980089,0.9984089,0.9973124,0.99749386,0.9975033,0.99878323,0.9974685
NPS,0.9967072,0.99750435,0.9980099,0.9966529,0.996889,0.9968914,0.9984898,0.9969293
CDK5RAP1,0.9995479,0.99971724,0.999848,0.999732,0.99986607,0.99981755,0.9999713,0.99934435
PYDC1,0.9988339,0.9991424,0.99920344,0.9986121,0.9987135,0.99870884,0.99936527,0.9985349
CGB8,1.0015403,1.001181,1.0006199,1.0008938,1.0009738,1.0008683,1.0003173,1.0005568
SMR3B,0.9967904,0.99756634,0.9980902,0.99677396,0.99698806,0.9970045,0.9985566,0.9971161
MMP23B,0.9967072,0.99750435,0.9980099,0.9966529,0.996889,0.9968914,0.9984898,0.9969293
CYP4F12,0.99673396,0.99752086,0.9980248,0.9966804,0.9969082,0.99689806,0.99849415,0.9969568
KRTAP21-1,0.9967072,0.99750435,0.9980099,0.9966529,0.996889,0.9968914,0.9984898,0.9969293
GOLGA6D,1.0005951,1.0004741,1.0003694,1.0004699,1.0003555,1.0003715,1.0002391,1.0007474
MT1M,0.9968141,0.9976704,0.99813604,0.996863,0.9969772,0.9970609,0.99858737,0.9960309
ITPR1,0.9995343,0.9996606,0.9995908,0.99935675,0.9994219,0.9995848,0.99974465,0.9992987
POLR2J3,1.0012895,1.0010097,1.0007908,1.0012231,1.0011506,1.0009873,1.0005586,1.0013517
KRTAP25-1,0.9967072,0.99750435,0.9980099,0.9966529,0.996889,0.9968914,0.9984898,0.9969293
S100A7A,0.9967072,0.99750435,0.9980099,0.9966529,0.996889,0.9968914,0.9984898,0.9969293
SMIM6,0.9968123,0.9975774,0.99807334,0.9967618,0.9969804,0.9969653,0.9985277,0.9970477
OCA2,0.9976557,0.99821174,0.9985391,0.99755806,0.9977408,0.9978614,0.9989576,0.99790263
SRSF7,0.9965188,0.9973339,0.9977464,0.9962399,0.99648416,0.99652535,0.9982294,0.9964999
PIGY,0.9967072,0.99750435,0.9980099,0.9966529,0.996889,0.9968914,0.9984898,0.9969293
EID2B,0.9988234,0.9992452,0.99992573,0.9995216,0.9996072,0.9999202,1.0002167,1.0001122
PRR21,0.9967072,0.99750435,0.9980099,0.9966529,0.996889,0.9968914,0.9984898,0.9969293
KRTAP6-1,0.9967072,0.99750435,0.9980099,0.9966529,0.996889,0.9968914,0.9984898,0.9969293
GUCY2D,0.99748105,0.99809396,0.9984028,0.99732864,0.99757123,0.9975782,0.99878377,0.99722815
METTL16,1.0019952,1.0015111,1.0015014,1.002389,1.0019941,1.0020597,1.0011442,1.0023129
PYDC2,0.9967072,0.99750435,0.9980099,0.9966529,0.996889,0.9968914,0.9984898,0.9969293
KRTAP20-2,0.9967072,0.99750435,0.9980099,0.9966529,0.996889,0.9968914,0.9984898,0.9969293
C5orf58,0.99737775,0.9980389,0.998353,0.9972227,0.99745774,0.9974029,0.99872875,0.99739933
PTH2,0.99527144,0.996418,0.9972842,0.9954705,0.9956897,0.99570847,0.9979565,0.9956635
CT45A5,0.9967072,0.99750435,0.9980099,0.9966529,0.996889,0.9968914,0.9984898,0.9969293
FBXO3,0.998029,0.9985486,0.9989624,0.9983015,0.99836355,0.9982812,0.99923533,0.99805063
PLA2G10,0.99706125,0.99775946,0.9981038,0.99683374,0.9970343,0.9969714,0.9984813,0.9970025
KRTAP20-1,0.9967072,0.99750435,0.9980099,0.9966529,0.996889,0.9968914,0.9984898,0.9969293
DEFB136,0.9969553,0.99769,0.9981681,0.9969108,0.99712074,0.9971483,0.9986131,0.99715936
LCE1D,0.9966594,0.9974672,0.9979802,0.99660647,0.9968447,0.9968443,0.99846673,0.9968895
INPP5K,1.0006515,1.0004196,1.0005374,1.0008267,1.0005796,1.0007722,1.0004447,1.001371
TMSB10,0.9920081,0.9938997,0.9949376,0.9916501,0.9922016,0.99225974,0.9960738,0.9918829
SPIN2A,0.9967227,0.99751884,0.9979407,0.99657845,0.99687266,0.99676895,0.9984181,0.99687034
CHPF2,1.0004032,1.0003471,1.000136,1.0001755,1.0003203,1.000561,1.0002478,1.0004005
COX7B2,0.99678284,0.9975583,0.9980508,0.99672127,0.99695194,0.9969539,0.9985186,0.99700844
AGAP9,1.0015675,1.0011517,1.000947,1.0014621,1.0012689,1.0014591,1.0006981,1.0014627
GTF2IRD2,1.0022674,1.0017074,1.0015461,1.002455,1.0022953,1.0025322,1.0012856,1.0025091
LCE3A,0.9967072,0.99750435,0.9980099,0.9966529,0.996889,0.9968914,0.9984898,0.9969293
SEPT10,0.9967072,0.99750435,0.9980099,0.9966529,0.996889,0.9968914,0.9984898,0.9969293
MTHFR,1.0033628,1.0025247,1.0020885,1.0033855,1.0031289,1.0029385,1.0014907,1.0032377
SCGB2B2,0.99637556,0.9972558,0.9978143,0.9963304,0.99658966,0.99659836,0.9983482,0.9966279
EIF3C,0.9981954,0.9986414,0.9988555,0.9980589,0.99825895,0.9982203,0.9991199,0.9980577
CNOT6,1.001434,1.0010242,1.0007687,1.0012679,1.0011817,1.0011765,1.0005561,1.001582
MEX3C,0.9970194,0.99780035,0.99753094,0.9961492,0.996869,0.9963027,0.9980233,0.9957497
PAGE2,0.99601436,0.9970099,0.99766874,0.9960419,0.99628234,0.99632335,0.9982399,0.9962348
S100A12,0.9967072,0.99750435,0.9980099,0.9966529,0.996889,0.9968914,0.9984898,0.9969293
PRM3,0.9967072,0.99750435,0.9980099,0.9966529,0.996889,0.9968914,0.9984898,0.9969293
DEFB134,0.9967072,0.99750435,0.9980099,0.9966529,0.996889,0.9968914,0.9984898,0.9969293
AC093677.1,0.9967072,0.99750435,0.9980099,0.9966529,0.996889,0.9968914,0.9984898,0.9969293
KRTAP19-7,0.9968146,0.99758285,0.9980695,0.9967543,0.99697936,0.9969673,0.99852663,0.99701464
FAM229B,0.99918735,0.99934417,0.9996424,0.9993061,0.99926263,0.9995266,0.99976707,0.9990052
TCEAL7,0.9935422,0.9951305,0.99619293,0.99366724,0.99410033,0.9941176,0.99715567,0.9943299
EDDM13,0.9967072,0.99750435,0.9980099,0.9966529,0.996889,0.9968914,0.9984898,0.9969293
DIRC1,0.99816215,0.9986281,0.998945,0.99816513,0.9983046,0.9983619,0.9992254,0.99822503
C2orf66,0.99771714,0.9982791,0.99861443,0.9976773,0.9978595,0.99774665,0.99893296,0.99787736
TOMM6,0.9989809,0.9992354,0.9994866,0.99908614,0.99909014,0.9991951,0.99963164,0.99894994
TMEM257,0.9967072,0.99750435,0.9980099,0.9966529,0.996889,0.9968914,0.9984898,0.9969293
KRT25,0.9967072,0.99750435,0.9980099,0.9966529,0.996889,0.9968914,0.9984898,0.9969293
GGT2,0.9967072,0.99750435,0.9980099,0.9966529,0.996889,0.9968914,0.9984898,0.9969293
SCGB1A1,0.9961934,0.9970717,0.9978435,0.9963245,0.9964988,0.9967602,0.99844337,0.9969215
CBWD6,1.0022254,1.0017383,1.0014818,1.0023595,1.0021756,1.002074,1.0011164,1.0020438
KRTAP19-4,0.9967072,0.99750435,0.9980099,0.9966529,0.996889,0.9968914,0.9984898,0.9969293
MT1A,0.996445,0.99730086,0.99783444,0.9963694,0.99661696,0.9966259,0.9983491,0.99669373
MINK1,1.0031121,1.002338,1.001888,1.0030348,1.0029638,1.0031158,1.0014901,1.002326
SPIN2B,1.0054626,1.0042012,1.0031224,1.005158,1.0050681,1.0047642,1.0023271,1.0046034
CAMK2N1,0.98479164,0.9885129,0.99074835,0.984743,0.98579544,0.9855031,0.9928998,0.98563206
GON7,0.99937564,0.9996922,0.9995366,0.99920607,0.9995265,0.9990076,0.9996079,0.99898434
DEFB1,0.9966183,0.9974338,0.9979305,0.99653804,0.99678516,0.99674046,0.9984172,0.9968326
SPRR2B,0.9967072,0.99750435,0.9980099,0.9966529,0.996889,0.9968914,0.9984898,0.9969293
CTAGE15,0.9967072,0.99750435,0.9980099,0.9966529,0.996889,0.9968914,0.9984898,0.9969293
C8orf34-AS1,0.99467635,0.995868,0.9969671,0.99491644,0.99513197,0.9953779,0.9977835,0.9958766
LCE2C,0.9967072,0.99750435,0.9980099,0.9966529,0.996889,0.9968914,0.9984898,0.9969293
LCE2B,0.9967625,0.99755025,0.998029,0.996688,0.9969337,0.99692196,0.99850154,0.9969264
MT1X,0.99561894,0.9967694,0.997318,0.9955399,0.9959552,0.99594843,0.998036,0.9957709
LYPD8,0.9967072,0.99750435,0.9980099,0.9966529,0.996889,0.9968914,0.9984898,0.9969293
AP000349.1,0.9967072,0.99750435,0.9980099,0.9966529,0.996889,0.9968914,0.9984898,0.9969293
TOGARAM2,0.99883276,0.99915874,0.99911064,0.99848944,0.9987432,0.9985995,0.9993011,0.9986981
KRTAP12-4,0.9967072,0.99750435,0.9980099,0.9966529,0.996889,0.9968914,0.9984898,0.9969293
KRTAP12-3,0.9967072,0.99750435,0.9980099,0.9966529,0.996889,0.9968914,0.9984898,0.9969293
LCE2D,0.9967072,0.99750435,0.9980099,0.9966529,0.996889,0.9968914,0.9984898,0.9969293
NUTM2A,0.9999449,0.99991906,1.0001509,1.0001454,1.0001373,1.0003065,1.000191,1.0003681
NACA,0.99852157,0.9988322,0.9989747,0.99826574,0.99832344,0.9984071,0.99914014,0.9981439
SMIM1,0.99774003,0.99830824,0.9983749,0.997293,0.9975251,0.99743956,0.99866086,0.9968591
C5orf66,0.9940549,0.99556065,0.9963882,0.99399495,0.99447465,0.9942933,0.9972569,0.99469805
EML2-AS1,1.0013525,1.0010499,1.000621,1.0009634,1.0010614,1.000943,1.000421,1.0009015
GOLGA8K,1.0045435,1.0035378,1.0022085,1.0036145,1.0037682,1.0033771,1.0015877,1.0036197
FAM229A,1.0028012,1.00217,1.0016677,1.0026073,1.0025418,1.0024862,1.0012641,1.0025959
S100A10,0.9966047,0.9975817,0.99784553,0.99629855,0.9969815,0.9967295,0.99849147,0.99766517
C16orf74,0.99686944,0.9977686,0.9980325,0.9967438,0.9971118,0.99681365,0.9984908,0.9962084
FAM25A,0.9967072,0.99750435,0.9980099,0.9966529,0.996889,0.9968914,0.9984898,0.9969293
GNG4,0.99931777,0.9995539,0.9996977,0.9994303,0.9994097,0.9992999,0.99974716,0.99902904
USP14,0.99857086,0.9990405,0.9992055,0.9985423,0.99875236,0.9985317,0.9994062,0.99885523
KRTAP12-1,0.99726784,0.9979259,0.99842966,0.9973233,0.997488,0.99751675,0.9988179,0.9974439
DEFA6,0.99707264,0.9977799,0.9982835,0.9970856,0.9972724,0.9972953,0.99870473,0.997357
DEFB121,0.99678284,0.9975583,0.9980508,0.99672127,0.99695194,0.9969539,0.9985186,0.99700844
CCL13,0.9967072,0.99750435,0.9980099,0.9966529,0.996889,0.9968914,0.9984898,0.9969293
SLMAP,1.0054426,1.0041436,1.0028967,1.0048001,1.0047495,1.0043883,1.0020918,1.0047029
SCGB1D1,0.9967072,0.99750435,0.9980099,0.9966529,0.996889,0.9968914,0.9984898,0.9969293
DEFB115,0.9967072,0.99750435,0.9980099,0.9966529,0.996889,0.9968914,0.9984898,0.9969293
TNPO2,0.99597204,0.9970367,0.99727345,0.9955938,0.995991,0.9956948,0.99784815,0.99530125
COX7C,0.99659157,0.99735844,0.9978508,0.9964036,0.99657905,0.996702,0.99830174,0.9963939
C6orf226,0.99698424,0.9977666,0.9987572,0.99774086,0.9978228,0.9981327,0.9992838,0.99810576
MIF-AS1,1.0003757,1.0003158,1.0001855,1.0004205,1.0005834,1.0003866,1.0001574,0.99906766
TMEM133,0.9967072,0.99750435,0.9980099,0.9966529,0.996889,0.9968914,0.9984898,0.9969293
KIAA0040,1.0000107,0.99999046,0.99993664,0.9998169,0.9998139,0.999893,0.99992716,0.9999621
RP11-467N20.5,0.9967072,0.99750435,0.9980099,0.9966529,0.996889,0.9968914,0.9984898,0.9969293
ANGPT2,1.0030664,1.0022644,1.001916,1.0030514,1.0027889,1.0030749,1.0014868,1.0027726
SMIM5,0.9998666,0.99990594,0.999805,0.9996861,0.99971974,0.99958277,0.9998018,0.9997151
FAM24B,1.0076724,1.0058222,1.0050948,1.0081182,1.0074106,1.0077329,1.0039452,1.0077175
PF4V1,0.9969531,0.99769413,0.99816394,0.9969013,0.9971203,0.99711084,0.99860334,0.9971645
SHC2,0.99923646,0.999434,0.999496,0.99922013,0.99915564,0.9989259,0.9995012,0.99841636
TMSB4X,0.99124515,0.9933107,0.9944973,0.99091804,0.99146587,0.99155164,0.9957339,0.99123394
RP1-127H14.3,0.9967072,0.99750435,0.9980099,0.9966529,0.996889,0.9968914,0.9984898,0.9969293
VCX,0.998116,0.99858636,0.99886256,0.9980619,0.9982303,0.9982867,0.9991746,0.9982233
ASAH2B,1.0015504,1.0012438,1.0007774,1.0012739,1.0013667,1.0011683,1.0005305,1.0003122
PF4,0.9999913,0.9999964,1.0000794,0.9999814,0.9999899,1.0000035,1.000077,1.0004697
SPATA31A6,0.99744,0.99805564,0.9984499,0.99737704,0.99756676,0.9975867,0.9988206,0.9974718
S100A6,1.0039837,1.0030758,1.0025685,1.0040812,1.0037916,1.003611,1.0019286,1.004601
MLLT11,0.9932572,0.9948491,0.9957943,0.9930136,0.99351275,0.993536,0.9967309,0.99319696
COPS2,0.99968004,0.9997716,0.9997444,0.99955773,0.9995922,0.99940515,0.99972874,0.9994282
KRTAP5-6,0.9967072,0.99750435,0.9980099,0.9966529,0.996889,0.9968914,0.9984898,0.9969293
TRIM61,1.0044901,1.0032904,1.0024794,1.0040363,1.0038826,1.0036771,1.0017276,1.0038164
HEPN1,0.9951934,0.9963473,0.997439,0.9955272,0.99572515,0.99616766,0.99829113,0.9970995
S100A8,0.9996372,0.99979067,0.99999666,0.9998282,0.9997854,0.99988323,1.0000339,0.99959165
LCE4A,0.9967072,0.99750435,0.9980099,0.9966529,0.996889,0.9968914,0.9984898,0.9969293
MALL,0.9989273,0.99922574,0.9991338,0.998557,0.9988551,0.9987259,0.9993478,0.99900365
NPIPB4,0.9967072,0.99750435,0.9980099,0.9966529,0.996889,0.9968914,0.9984898,0.9969293
DEFB124,0.9967072,0.99750435,0.9980099,0.9966529,0.996889,0.9968914,0.9984898,0.9969293
FOXD4L5,1.0015143,1.0012041,1.0012519,1.0019028,1.0017074,1.0017921,1.0010188,1.0014504
NBPF6,0.9990666,0.99926925,0.99945563,0.99901885,0.99914795,0.9992546,0.99962586,0.9991293
JMJD6,1.0011582,1.0008491,1.000896,1.0013745,1.0011101,1.0012227,1.0006791,1.0014702
ANXA8L2,0.9967072,0.99750435,0.9980099,0.9966529,0.996889,0.9968914,0.9984898,0.9969293
GNG8,0.9969846,0.99775904,0.99805486,0.99684787,0.99701583,0.9969132,0.99847674,0.99654657
MTRNR2L10,0.9948361,0.996143,0.99674785,0.9946232,0.99509764,0.9950832,0.99756914,0.9947393
DEC1,0.9967072,0.99750435,0.9980099,0.9966529,0.996889,0.9968914,0.9984898,0.9969293
PCDH10,0.9867132,0.98996407,0.99194366,0.9867197,0.987461,0.98736924,0.99387014,0.98797977
SMIM20,0.9978738,0.9984665,0.9985882,0.99762905,0.9979173,0.9977542,0.99896306,0.99831635
PAGE2B,0.99663633,0.9974498,0.997971,0.9965885,0.9968267,0.9968314,0.99846184,0.9968804
CCL8,0.9983957,0.9987785,0.99906266,0.99837005,0.9984643,0.99852556,0.99929607,0.99850273
TYMSOS,0.99810743,0.99871993,0.99879014,0.9980106,0.9982515,0.9976892,0.99900436,0.9976398
CCL2,1.0032661,1.0024072,1.001807,1.0030222,1.0028666,1.0028318,1.00133,1.0025269
LCE1A,0.9967072,0.99750435,0.9980099,0.9966529,0.996889,0.9968914,0.9984898,0.9969293
SERTM1,0.9934172,0.995142,0.99532056,0.99248326,0.9932877,0.99289304,0.9964179,0.9933698
FARP1,0.99313265,0.9947884,0.99566156,0.9927926,0.99323714,0.99325967,0.9966438,0.99321413
S100A11,0.99784935,0.9983429,0.99871624,0.9977854,0.9978814,0.9979193,0.99897105,0.99765444
GNG7,0.99439025,0.99581313,0.9969203,0.9948633,0.9950694,0.995036,0.99773866,0.99527466
LCE1B,0.9967072,0.99750435,0.9980099,0.9966529,0.996889,0.9968914,0.9984898,0.9969293
KAT2B,1.0022655,1.0017495,1.0014122,1.0022831,1.0019836,1.0020697,1.0010375,1.0014278
C14orf178,0.99820334,0.99859416,0.99907994,0.99836826,0.99842334,0.99856293,0.99933726,0.99858475
HSBP1L1,0.9961447,0.99700797,0.99785197,0.9964059,0.99653506,0.99681884,0.9984808,0.9970007
LCE1C,0.99678564,0.99756324,0.99804443,0.99671793,0.99695253,0.9969406,0.99851036,0.9969706
SCGB2A1,0.9972147,0.9978882,0.9983213,0.9971585,0.99734986,0.9973761,0.9987269,0.9974034
GNG5,0.9971019,0.99776876,0.9980879,0.9967765,0.9969107,0.99700344,0.9985081,0.99739134
BTAF1,1.0044852,1.0034201,1.0028028,1.0044981,1.0041454,1.0042317,1.0021284,1.0045509
MTRNR2L3,1.0059505,1.004519,1.0035616,1.0056845,1.0054975,1.0055344,1.0027312,1.0059593
SMIM2,0.99690753,0.9976537,0.9981539,0.9968879,0.997099,0.99710345,0.99860007,0.99710953
AC131097.4,0.9967072,0.99750435,0.9980099,0.9966529,0.996889,0.9968914,0.9984898,0.9969293
CFAP74,0.9982701,0.99871004,0.9988129,0.9979985,0.99824953,0.998229,0.999084,0.99790627
S100A13,1.000719,1.0004724,1.000247,1.0004208,1.0001659,1.0004107,1.0000963,0.99985564
C5orf46,0.99676675,0.99754906,0.99803686,0.99670285,0.9969377,0.9969303,0.9985063,0.9969621
CCDC179,0.997208,0.9978838,0.9983526,0.99721444,0.9974014,0.9974382,0.99877053,0.99744016
LCE6A,0.9967072,0.99750435,0.9980099,0.9966529,0.996889,0.9968914,0.9984898,0.9969293
FARSB,1.0007714,1.0006481,1.0004629,1.0006912,1.0007128,1.0006824,1.0003567,1.0002012
S100A5,0.9968324,0.99759614,0.9980473,0.99672174,0.9969517,0.99694544,0.998499,0.99696136
FAM153A,0.99724764,0.99790776,0.99831855,0.99716866,0.997362,0.99731386,0.99869835,0.99740106
AL645608.1,0.9967072,0.99750435,0.9980099,0.9966529,0.996889,0.9968914,0.9984898,0.9969293
CGB5,0.99882746,0.9991143,0.9992999,0.99871266,0.99883556,0.99887145,0.9994478,0.99867547
KRTAP6-2,0.9967072,0.99750435,0.9980099,0.9966529,0.996889,0.9968914,0.9984898,0.9969293
SPRR2E,0.99657226,0.9973974,0.99794483,0.99654263,0.9967824,0.9968072,0.9984515,0.9969131
KNCN,0.9993304,0.9994842,0.9995109,0.9991461,0.999262,0.9991821,0.9995895,0.9991343
SPRR2G,0.9967996,0.9975631,0.9980483,0.99672675,0.99695957,0.9969716,0.9985177,0.9969802
ABCB6,1.0042672,1.0032563,1.0027069,1.0043044,1.0039734,1.0040483,1.0020678,1.0044305
ADIRF,0.99727756,0.9979392,0.99830055,0.99718964,0.9972855,0.9972703,0.9986418,0.9968667
LCE1E,0.9967008,0.9974953,0.99800575,0.99664676,0.99688005,0.99688435,0.99848616,0.9969504
SPRR2A,0.9973494,0.99799776,0.99844253,0.9973463,0.9975326,0.99756384,0.9988346,0.99759275
TBC1D3B,0.9974295,0.9980594,0.9984185,0.99733424,0.9975599,0.99760604,0.99882984,0.9976543
CHRM5,1.0007437,1.000593,1.0006316,1.0008885,1.0007792,1.0008694,1.0004944,1.0007552
AC010327.2,0.9967072,0.99750435,0.9980099,0.9966529,0.996889,0.9968914,0.9984898,0.9969293
NRG3,0.9990001,0.99918985,0.99978876,0.9996187,0.99932814,0.99970216,0.9999337,0.9987966
PPBP,0.99790096,0.99840903,0.9987532,0.99786747,0.99804777,0.99802655,0.9990593,0.99810195
SMR3A,0.99663633,0.9974498,0.997971,0.9965885,0.9968267,0.9968314,0.99846184,0.9968804
MT4,0.9967072,0.99750435,0.9980099,0.9966529,0.996889,0.9968914,0.9984898,0.9969293
C12orf75,0.9983635,0.9987893,0.9990455,0.9983443,0.9985294,0.9985971,0.9993435,0.9985573
NBPF15,0.9953791,0.9965489,0.99723125,0.99550414,0.99578047,0.9955143,0.99789876,0.99560225
IFI27L2,0.9972832,0.9979272,0.9984901,0.99740136,0.9973647,0.9973898,0.99887294,0.99877334
TIMM23B,1.0008687,1.0007026,1.0009164,1.0014415,1.0011652,1.0012441,1.000755,1.0006154
AC135048.1,0.9967072,0.99750435,0.9980099,0.9966529,0.996889,0.9968914,0.9984898,0.9969293
SPRR2F,0.9967072,0.99750435,0.9980099,0.9966529,0.996889,0.9968914,0.9984898,0.9969293
GNG2,0.9908786,0.9930446,0.9943594,0.9907075,0.99134165,0.9912962,0.99564344,0.99088645
CREBBP,0.99339294,0.9949631,0.99569106,0.9929277,0.9933244,0.9932703,0.9966041,0.9931636
CXCL10,0.9964833,0.99733454,0.9978354,0.9963795,0.9966353,0.9965945,0.9983349,0.99663854
SLC26A1,1.0009599,1.0007463,1.0005687,1.0008892,1.0008107,1.0007906,1.0004127,1.0006415
SMCO4,0.99644023,0.99733883,0.9978787,0.99636924,0.9967232,0.9966675,0.9983914,0.99643683
S100A4,1.004056,1.0031567,1.0021275,1.0033262,1.0033152,1.0030407,1.0014207,1.0033557
PRAMEF6,0.9967072,0.99750435,0.9980099,0.9966529,0.996889,0.9968914,0.9984898,0.9969293
CXCL6,0.9987551,0.99907374,0.9993844,0.9988951,0.9988209,0.9988905,0.9995344,0.99898255
SPRR2D,0.9963501,0.99723107,0.99779093,0.9963058,0.99657464,0.9965782,0.99833703,0.9966564
SMLR1,0.9972701,0.99793035,0.9983713,0.99723387,0.99741215,0.9974369,0.99876225,0.9974651
HIST1H2BA,0.9967072,0.99750435,0.9980099,0.9966529,0.996889,0.9968914,0.9984898,0.9969293
NUPR2,0.99611545,0.99704903,0.99768627,0.9961344,0.9963572,0.9963448,0.9982353,0.99648416
HTN3,0.99795294,0.9984284,0.998773,0.997912,0.9980369,0.9981128,0.9990659,0.99790096
KRT33A,0.99705577,0.99777067,0.998201,0.99697495,0.99720824,0.9971747,0.9986254,0.9971837
LCE1F,0.9967072,0.99750435,0.9980099,0.9966529,0.996889,0.9968914,0.9984898,0.9969293
DEFB133,0.9969666,0.9977012,0.99818164,0.99692714,0.9971349,0.9971372,0.99861777,0.9972124
ANKDD1A,1.0061114,1.0047241,1.003784,1.0062075,1.0058417,1.0058522,1.002912,1.0049231
SMIM18,1.0027254,1.0022715,1.0017459,1.0026584,1.0028379,1.0026894,1.0013914,1.0019051
TACC1,0.99069166,0.99294436,0.99432063,0.9905366,0.99108326,0.99100685,0.99564826,0.99221176
TFF1,0.9966429,0.9974458,0.9979763,0.9965991,0.99683285,0.996859,0.9984704,0.9969169
CXCL8,1.0004399,1.0003656,1.0004933,1.0006572,1.0007665,1.0008148,1.0004613,1.0001631
HBG1,0.9996668,0.9998435,1.0003868,1.0003295,0.9999899,1.0001192,1.0003188,1.0002348
C3orf36,0.9982822,0.99873966,0.9988359,0.9980594,0.9983587,0.99818623,0.99909806,0.99809206
CLLU1OS,0.9967072,0.99750435,0.9980099,0.9966529,0.996889,0.9968914,0.9984898,0.9969293
C9orf153,0.9992113,0.99941427,0.99948555,0.99908805,0.99911857,0.99906904,0.9995663,0.99899495
CCL18,0.99609673,0.997013,0.9977157,0.99617946,0.99638945,0.9964205,0.9982772,0.99661326
CTXN1,0.9974419,0.9981167,0.99851865,0.99760437,0.99783504,0.9976084,0.99891096,0.99747854
S100A14,0.9998397,0.9998627,0.99989355,0.99979174,0.99979323,0.9997694,0.99989176,0.99969846
DEFB127,0.9967072,0.99750435,0.9980099,0.9966529,0.996889,0.9968914,0.9984898,0.9969293
HCST,0.999114,0.9994203,0.99927497,0.9987517,0.9990473,0.9988679,0.99940026,0.9983325
KRTAP4-1,0.9967339,0.9975202,0.9980216,0.9966754,0.99690783,0.9969073,0.9984963,0.99697113
SVIP,0.99732417,0.9979825,0.9982909,0.9971055,0.99764574,0.9974928,0.9987458,0.996993
UGGT1,0.999522,0.9996215,0.9995012,0.9991543,0.99930644,0.99910474,0.99952996,0.99953437
SLC17A7,0.9944763,0.99571955,0.9969145,0.9949184,0.9950974,0.99526274,0.9977728,0.9956683
DLL1,0.99699974,0.9977088,0.99836737,0.9972842,0.99718666,0.9972098,0.99871737,0.9970486
CNPY1,1.0013466,1.0010824,1.000284,1.0006297,1.000803,1.00032,1.0001144,1.0009497
COX17,1.0003865,1.0002928,1.0001122,1.0001045,1.0002581,1.0002563,1.0000794,1.000329
TCEAL8,0.9970672,0.99780846,0.9983125,0.9971586,0.9973918,0.9974495,0.99878216,0.9971577
SPANXD,0.9968146,0.99758285,0.9980695,0.9967543,0.99697936,0.9969673,0.99852663,0.99701464
CXCL3,1.0033059,1.0025513,1.0019543,1.0031277,1.0030365,1.0029979,1.001488,1.0027751
C2orf88,1.0005347,1.0004873,1.0002134,1.0002483,1.000366,1.0003884,1.0001701,0.9999122
DEFB113,0.99674165,0.99753034,0.9980261,0.99668217,0.99691755,0.996915,0.99849993,0.9969486
CCL20,0.9994984,0.9996139,0.999809,0.9995917,0.9994657,0.9996334,0.9998591,0.9995924
SMIM17,1.004584,1.0035479,1.0027478,1.0044036,1.0041449,1.003988,1.0020145,1.004166
KRTAP6-3,0.9967072,0.99750435,0.9980099,0.9966529,0.996889,0.9968914,0.9984898,0.9969293
ATP5ME,0.9987469,0.9990437,0.999034,0.99837375,0.9985728,0.99851936,0.9992006,0.9984088
SVBP,0.99738985,0.99797106,0.9986736,0.997722,0.9978236,0.9980689,0.99908006,0.997972
TEX46,0.9955962,0.99666655,0.99739516,0.9956329,0.99591684,0.9959738,0.99805576,0.9960152
PRR15L,0.9967072,0.99750435,0.9980099,0.9966529,0.996889,0.9968914,0.9984898,0.9969293
ENTPD4,0.99916196,0.9993298,0.9998703,0.999695,0.9995192,0.99951154,0.9998909,0.99955285
MYLK3,1.0024577,1.0018812,1.0012596,1.0020614,1.0019958,1.0018933,1.0008943,1.0017492
C19orf48,0.99972844,0.99990237,0.9996829,0.9994657,0.99960864,0.99925035,0.9996973,0.9992878
SYCE3,0.99714017,0.9978335,0.9982941,0.99711704,0.99731874,0.9973335,0.9987173,0.997398
DEFB126,0.9967072,0.99750435,0.9980099,0.9966529,0.996889,0.9968914,0.9984898,0.9969293
LEAP2,1.0001717,1.0000803,0.99990225,0.9998409,0.99996966,1.0000267,0.99995863,1.0002236
KCNA3,0.9983226,0.9987536,0.9986255,0.99782497,0.9981305,0.99791384,0.9988767,0.997451
LY6D,0.99678284,0.9975583,0.9980508,0.99672127,0.99695194,0.9969539,0.9985186,0.99700844
C18orf32,0.9953569,0.9965248,0.99701494,0.9950694,0.99549264,0.9955113,0.9977437,0.9950329
CNTNAP3B,1.0017296,1.0013086,1.0010678,1.0016962,1.001532,1.0015595,1.0007865,1.0012946
VMAC,0.99918306,0.99940777,0.999743,0.9994323,0.9994744,0.9995519,0.9998846,0.9995426
CCL1,0.9967072,0.99750435,0.9980099,0.9966529,0.996889,0.9968914,0.9984898,0.9969293
PRAC1,0.9967072,0.99750435,0.9980099,0.9966529,0.996889,0.9968914,0.9984898,0.9969293
GNGT2,0.9965795,0.99746424,0.9977224,0.99624974,0.9966053,0.9964582,0.9982215,0.9960687
TP53RK,0.99899954,0.9992839,0.9994823,0.99906194,0.9991628,0.9992238,0.9997109,0.9998681
TMEM72,0.99654007,0.99737006,0.9979016,0.99648327,0.9967348,0.9967272,0.9984081,0.99680877
RASA4,1.0002327,1.000169,1.0000992,1.0001805,1.0000433,1.0000516,1.0000044,0.99938416
IFI27,1.00103,1.0008029,1.0002112,1.0003433,1.0004463,1.0001526,0.9999654,0.9998093
HRCT1,0.99953,0.9996157,0.99965394,0.999372,0.99939275,0.9994203,0.999696,0.9993589
KRTAP9-6,0.9967072,0.99750435,0.9980099,0.9966529,0.996889,0.9968914,0.9984898,0.9969293
SMPX,0.99678284,0.9975583,0.9980508,0.99672127,0.99695194,0.9969539,0.9985186,0.99700844
SMIM13,0.9942358,0.99568665,0.9964007,0.9941122,0.9946195,0.99441004,0.99724865,0.9937397
KRT16,0.9987719,0.99910593,0.99925387,0.9986886,0.99877954,0.9987149,0.99941105,0.9987446
DEFB132,0.99706066,0.99777436,0.9982128,0.9969865,0.9972036,0.9972018,0.99864066,0.997252
UAP1,0.9980482,0.99852633,0.99903643,0.9982604,0.9983248,0.99857163,0.99936,0.9980894
TMEM88B,0.9967072,0.99750435,0.9980099,0.9966529,0.996889,0.9968914,0.9984898,0.9969293
VPS52,0.9996377,0.9997169,0.99997914,0.999898,0.99987996,1.0000126,1.000074,0.9999044
ATP5MD,0.9979527,0.998436,0.9987278,0.9978291,0.9979497,0.99807423,0.99900556,0.9976877
RAP1GAP2,0.9969866,0.9977684,0.99795747,0.99667144,0.99695534,0.99687254,0.9983682,0.9955544
SPRR1A,0.9967072,0.99750435,0.9980099,0.9966529,0.996889,0.9968914,0.9984898,0.9969293
TEAD1,0.99376607,0.9952636,0.99616325,0.99377704,0.99405897,0.99394226,0.9970609,0.9943936
FSIP2,1.0052705,1.0040195,1.0034609,1.0055156,1.0048125,1.0049499,1.0025668,1.0050578
KRTAP19-3,0.9967072,0.99750435,0.9980099,0.9966529,0.996889,0.9968914,0.9984898,0.9969293
UQCC3,1.0010902,1.0009453,1.0007623,1.0012065,1.0012268,1.0011499,1.0006671,1.001029
C19orf53,1.0001673,1.0001075,1.0001065,1.0000682,0.99999315,1.000106,1.0000724,1.0003353
MT1H,1.0000457,1.0000873,1.0000513,0.99996567,0.99996674,1.0000858,1.0000459,0.9994662
KRTAP15-1,0.9967072,0.99750435,0.9980099,0.9966529,0.996889,0.9968914,0.9984898,0.9969293
MILR1,0.99538183,0.99643886,0.9971018,0.9952169,0.9956169,0.9956248,0.9977735,0.995121
SEC61G,0.9966951,0.9974914,0.99799126,0.99664235,0.9968296,0.99692154,0.9984652,0.9966573
CGB3,0.99799657,0.99864197,0.9980217,0.996544,0.9971943,0.9965229,0.9981147,0.9962778
IAPP,0.99675405,0.9975345,0.9979097,0.9965649,0.99684733,0.9967692,0.9983907,0.99668753
CXCL2,1.0058062,1.004388,1.0036398,1.0058472,1.0053556,1.0054173,1.0027432,1.0057715
PIWIL4,0.9999269,0.9998771,0.99999344,0.9999229,0.9998354,0.9998892,0.99997294,1.0000889
HIST1H2BO,0.9967072,0.99750435,0.9980099,0.9966529,0.996889,0.9968914,0.9984898,0.9969293
LELP1,0.9967072,0.99750435,0.9980099,0.9966529,0.996889,0.9968914,0.9984898,0.9969293
KRTAP12-2,0.9972571,0.99792635,0.99838245,0.9972606,0.9974493,0.9974861,0.99879396,0.99745154
ZNF322,0.9972038,0.9979403,0.9983165,0.997152,0.9974979,0.99769205,0.9988675,0.9975683
PCOTHP1,0.9967072,0.99750435,0.9980099,0.9966529,0.996889,0.9968914,0.9984898,0.9969293
SEMA4A,1.0027479,1.00212,1.0020695,1.0032625,1.0028524,1.0032352,1.0016811,1.0022607
RETNLB,0.9967072,0.99750435,0.9980099,0.9966529,0.996889,0.9968914,0.9984898,0.9969293
GATB,1.000854,1.0007007,1.0008264,1.0012196,1.0011082,1.0010456,1.0006733,1.0012162
KIF11,0.9952198,0.9963772,0.9971633,0.9953736,0.9954365,0.9951221,0.99773735,0.9953104
ATL2,0.999558,0.9997073,0.9998373,0.99964887,0.9996723,0.99962085,0.99992394,1.0003122
ATXN7L3B,0.9962493,0.99719346,0.9976323,0.9960502,0.9964127,0.9963053,0.998173,0.9962553
TGFB1,0.99998426,0.999961,1.0000709,1.0000098,1.0001428,1.0002698,1.0001237,0.9998741
FAM86B1,1.0027151,1.002114,1.0017229,1.0027577,1.0025704,1.0026236,1.0013334,1.0021023
KRTAP1-4,0.9967486,0.99753284,0.9980187,0.9966763,0.9969168,0.99691707,0.9984941,0.99689794
TNP2,0.9967072,0.99750435,0.9980099,0.9966529,0.996889,0.9968914,0.9984898,0.9969293
SPRN,1.0031106,1.0023341,1.0016118,1.0026591,1.0024989,1.0023942,1.0011309,1.0025709
FLYWCH2,1.0032023,1.0024381,1.0019978,1.0032569,1.0030196,1.0029585,1.0015115,1.0031831
C9orf129,1.0004394,1.0003774,1.0003974,1.0005713,1.0005132,1.0005331,1.0003234,1.000222
KRTAP5-11,0.9967072,0.99750435,0.9980099,0.9966529,0.996889,0.9968914,0.9984898,0.9969293
SCRG1,0.9944111,0.9957665,0.9966871,0.9945494,0.9945463,0.9946319,0.9974754,0.99519384
CCL19,0.9959014,0.99689394,0.99752736,0.99587035,0.99616534,0.9961467,0.99813306,0.9962317
CYP4F3,0.99812675,0.998552,0.99891156,0.99810606,0.99816906,0.99822575,0.9991653,0.99847305
WFDC12,0.9970108,0.99773073,0.9982035,0.9969686,0.9971676,0.9971532,0.99862576,0.9972478
WFDC13,0.9967072,0.99750435,0.9980099,0.9966529,0.996889,0.9968914,0.9984898,0.9969293
UQCR11,1.0012552,1.0009321,1.000675,1.0010755,1.0010316,1.0010202,1.0004573,1.0007957
MRPS36,0.99906814,0.9992573,0.99958587,0.9991981,0.9991058,0.99922436,0.9996666,0.99938166
MRPL57,0.9988812,0.9992616,0.9994105,0.9989381,0.998971,0.9989675,0.9996034,0.99923456
SMKR1,0.99940085,0.99960965,0.99958396,0.99928075,0.9993639,0.9993072,0.999681,0.99906504
CCL22,0.9981396,0.9985913,0.9988772,0.99809587,0.9982538,0.9982163,0.99914145,0.99816257
HMGN4,1.0015576,1.0012856,1.0010695,1.0016026,1.0015361,1.0014272,1.0008211,1.0015235
CEP104,0.99963415,0.9997056,1.000124,1.000108,0.99986374,1.0000565,1.000167,1.0006881
TRIM39,1.0068688,1.0051591,1.0042609,1.0069151,1.0064905,1.0066913,1.0032567,1.005862
MT1B,0.9968776,0.9976351,0.9980715,0.996761,0.9969914,0.99697345,0.9985142,0.99697924
LENEP,0.9967072,0.99750435,0.9980099,0.9966529,0.996889,0.9968914,0.9984898,0.9969293
C9orf92,0.99663985,0.9974532,0.9979849,0.9966044,0.9968282,0.99684304,0.99846995,0.99685884
GAGE2A,0.9967072,0.99750435,0.9980099,0.9966529,0.996889,0.9968914,0.9984898,0.9969293
CXCL5,1.0043972,1.0034049,1.0026991,1.0043569,1.0041574,1.0042434,1.0020921,1.0037117
FOXD4L3,0.9991474,0.99937034,0.999606,0.9991879,0.99920166,0.9993441,0.999744,0.99946856
HIST1H1B,0.9967072,0.99750435,0.9980099,0.9966529,0.996889,0.9968914,0.9984898,0.9969293
MZT1,0.9999585,1.0000051,1.0001025,1.0000455,1.0001167,1.0001929,1.0001705,1.0004845
WFDC6,0.9967072,0.99750435,0.9980099,0.9966529,0.996889,0.9968914,0.9984898,0.9969293
SLC51B,0.99670553,0.997494,0.99798846,0.9966366,0.99687064,0.9968505,0.99846256,0.99686915
PIRT,0.9975432,0.9981268,0.9985267,0.9975138,0.9976961,0.99769866,0.99889123,0.99786204
TMEM262,0.9967072,0.99750435,0.9980099,0.9966529,0.996889,0.9968914,0.9984898,0.9969293
GNG10,0.99994063,1.000087,0.9999688,0.9998845,1.0000651,1.0001277,1.0000744,0.9993417
BOD1L2,1.0001856,1.0001733,1.0001619,1.0001454,1.0000917,1.0001132,1.0001069,0.99995613
DEFB123,0.9967072,0.99750435,0.9980099,0.9966529,0.996889,0.9968914,0.9984898,0.9969293
AQP12B,0.9967072,0.99750435,0.9980099,0.9966529,0.996889,0.9968914,0.9984898,0.9969293
C9orf16,0.99793565,0.99844134,0.9988466,0.9980035,0.9981158,0.9982759,0.99919677,0.99847823
CCL15,0.9967072,0.99750435,0.9980099,0.9966529,0.996889,0.9968914,0.9984898,0.9969293
TNKS1BP1,1.0014632,1.0010899,1.0005376,1.0010109,1.0011537,1.000752,1.0002973,1.00059
C14orf177,0.99704266,0.997761,0.9982058,0.9969722,0.99718946,0.99719214,0.99863696,0.9972445
CCDC167,1.0005556,1.0003775,1.0004127,1.0005685,1.0004859,1.0007076,1.000354,1.0007833
KRTAP3-3,0.99620855,0.9971218,0.9977534,0.9962207,0.99645126,0.99647164,0.9982996,0.99655145
TMEM114,0.9967072,0.99750435,0.9980099,0.9966529,0.996889,0.9968914,0.9984898,0.9969293
PET117,1.004566,1.0035156,1.003109,1.0049819,1.0046033,1.0044767,1.0023801,1.0047101
SCYL3,1.004604,1.0035335,1.0025716,1.0042353,1.0040276,1.0040271,1.0019305,1.004163
HRK,1.0003232,1.0002948,1.0000607,1.0000287,1.0002068,1.0001504,1.0000445,0.9997754
CT83,0.9967072,0.99750435,0.9980099,0.9966529,0.996889,0.9968914,0.9984898,0.9969293
PAGE5,0.9970038,0.9977282,0.9981953,0.99695253,0.99715954,0.9971845,0.998631,0.99717546
RPL39L,0.9935052,0.99507654,0.99616516,0.9936259,0.99395055,0.9940523,0.9971452,0.9940324
GNG12,0.9962325,0.9972303,0.9979643,0.99656403,0.9968046,0.9966935,0.9985746,0.99723995
TRIAP1,1.0025036,1.0019538,1.0016551,1.0025781,1.0024055,1.0023987,1.0012784,1.0026007
DMAC1,0.99694324,0.9977608,0.9983231,0.99718165,0.9974799,0.9974308,0.9988637,0.99782276
TMEM155,0.9983654,0.99873734,0.9991267,0.99845225,0.99855065,0.9985447,0.9993467,0.99892306
PI3,0.9970108,0.99773073,0.9982035,0.9969686,0.9971676,0.9971532,0.99862576,0.9972478
KRTAP4-3,0.9967072,0.99750435,0.9980099,0.9966529,0.996889,0.9968914,0.9984898,0.9969293
MT1G,1.0003471,1.0002434,1.0000921,1.0001204,1.000114,1.0001299,1.0000125,0.9997052
S100B,0.9946074,0.996117,0.9969233,0.9948778,0.99512136,0.9950188,0.9977721,0.99517864
UQCR10,0.99768,0.99822414,0.9983967,0.9973404,0.9975608,0.9975295,0.99870837,0.99732316
NCMAP,1.0029746,1.0022624,1.0018468,1.0029585,1.0028149,1.0028629,1.0014515,1.0030851
KRTAP4-2,0.9967072,0.99750435,0.9980099,0.9966529,0.996889,0.9968914,0.9984898,0.9969293
TNP1,0.9967072,0.99750435,0.9980099,0.9966529,0.996889,0.9968914,0.9984898,0.9969293
ARMS2,0.9971781,0.99786156,0.9983099,0.99713755,0.9973327,0.9973849,0.9987273,0.9973457
GOLGA6C,0.99695957,0.99765277,0.9982368,0.99707603,0.9972708,0.99733204,0.998727,0.99746895
SNORC,0.99761134,0.99822587,0.9986006,0.9976528,0.9977344,0.99762475,0.9988874,0.9975661
HIST1H1D,0.9967072,0.99750435,0.9980099,0.9966529,0.996889,0.9968914,0.9984898,0.9969293
RPL41,0.9966683,0.997453,0.99779415,0.9963324,0.9965729,0.9966067,0.99824476,0.9963486
KRTAP19-5,0.9967072,0.99750435,0.9980099,0.9966529,0.996889,0.9968914,0.9984898,0.9969293
KRTAP5-7,0.9970033,0.9977398,0.99808556,0.99681485,0.9970849,0.9970457,0.99854493,0.99714136
SFTA3,0.9978316,0.9983535,0.9985566,0.99762344,0.9978696,0.9977068,0.9988629,0.9977788
MFN1,1.000607,1.0004777,1.0004997,1.0007482,1.0005159,1.0006177,1.0003313,0.9996364
S100P,0.99866223,0.9989303,0.99889755,0.99814606,0.9983071,0.9980781,0.9989705,0.99844587
SNX13,0.9992051,0.9993702,0.9995847,0.99924135,0.9991816,0.9993274,0.99969304,0.99931675
CARD18,0.9967072,0.99750435,0.9980099,0.9966529,0.996889,0.9968914,0.9984898,0.9969293
NT5C2,0.9983342,0.9987235,0.999102,0.9984013,0.9985381,0.99876094,0.9993969,0.99864244
GNG3,0.9946448,0.99594665,0.99679214,0.9946733,0.99516433,0.9952578,0.9976176,0.9947852
NDUFA1,0.99928373,0.9994451,0.9993042,0.99879897,0.9989412,0.99899685,0.9994024,0.99882424
CMC4,1.0015554,1.0012174,1.0007727,1.0012527,1.0011964,1.000973,1.0004816,1.0007982
UCN3,0.9967072,0.99750435,0.9980099,0.9966529,0.996889,0.9968914,0.9984898,0.9969293
CDRT4,1.0073177,1.0055516,1.0045524,1.0074311,1.0068932,1.0069724,1.003426,1.0061007
SPAG11A,0.99748456,0.9980948,0.99851567,0.9974771,0.997642,0.9976829,0.99888885,0.9977126
SPRR1B,0.99674,0.99753726,0.99807966,0.99675566,0.99698126,0.9969941,0.9985554,0.9969018
MRPL53,0.9974774,0.99811554,0.9985208,0.9974945,0.9977176,0.9975536,0.99887633,0.99768656
TMEM238,0.9977558,0.9982624,0.9985943,0.99764705,0.99779177,0.99781924,0.9989098,0.9976765
CCL4,0.9947436,0.9960554,0.99687254,0.9948032,0.99520636,0.9954748,0.9977635,0.99442196
MAP2K1,1.000645,1.0005517,1.0000781,1.0001396,1.0002842,1.0001613,1.0000055,0.99945545
SNAPC5,1.0039585,1.0029563,1.0025463,1.0040972,1.00351,1.0037172,1.0018928,1.0041962
C8orf44,1.0055592,1.0042796,1.003568,1.0056503,1.0050261,1.0053326,1.0026864,1.004533
SMAGP,0.99651027,0.9972526,0.99791515,0.9965414,0.99650764,0.9965062,0.998299,0.9970192
TBC1D3G,0.9967072,0.99750435,0.9980099,0.9966529,0.996889,0.9968914,0.9984898,0.9969293
FAM184A,0.9935868,0.9951115,0.99601364,0.9934788,0.9939937,0.9939319,0.99701464,0.9941678
SPINK9,0.9969706,0.99771106,0.99816644,0.9969126,0.99713373,0.99711317,0.99860257,0.99710494
GTPBP3,1.0021662,1.0017416,1.0016818,1.0025595,1.0023324,1.0025731,1.0014243,1.0026754
SERP2,1.0030787,1.0023699,1.0020193,1.0032744,1.0029441,1.0032232,1.0016305,1.0027237
C11orf45,0.99780315,0.9982914,0.99865645,0.9977215,0.9978678,0.9979432,0.9989737,0.9979019
GNG13,0.9967072,0.99750435,0.9980099,0.9966529,0.996889,0.9968914,0.9984898,0.9969293
DAAM1,0.98681533,0.9899663,0.9918572,0.9865875,0.9874588,0.9875675,0.9937747,0.9870696
ZNF131,0.99903816,0.99924576,0.9993175,0.99872535,0.9987805,0.998961,0.9994544,0.9991983
CLPS,0.99692345,0.99766433,0.99811304,0.99683565,0.9970653,0.99703205,0.9985529,0.99707043
BMP5,0.9984064,0.9988106,0.99903184,0.9982978,0.99840254,0.9984641,0.99927306,0.99859864
STH,0.99915713,0.99935216,0.9993676,0.9989656,0.9990221,0.9990672,0.9995022,0.99870867
STATH,0.9967072,0.99750435,0.9980099,0.9966529,0.996889,0.9968914,0.9984898,0.9969293
BLID,0.9993092,0.9995421,0.99969125,0.999388,0.9993602,0.99951077,0.999825,0.99949455
PRLH,0.9967072,0.99750435,0.9980099,0.9966529,0.996889,0.9968914,0.9984898,0.9969293
PYROXD2,0.9984561,0.9988065,0.9987526,0.9979086,0.9982585,0.9981181,0.9990136,0.9984573
SPRR4,0.9967047,0.9974892,0.9980092,0.99665433,0.9968834,0.99690914,0.99849343,0.9969846
OLFML2B,1.0019786,1.0015298,1.001047,1.0016735,1.0016043,1.0015546,1.0007678,1.0019071
WFDC9,0.9967072,0.99750435,0.9980099,0.9966529,0.996889,0.9968914,0.9984898,0.9969293
PYURF,0.999327,0.99951357,0.99961054,0.9993365,0.99925154,0.99921584,0.99967736,0.99938494
FABP9,0.9967072,0.99750435,0.9980099,0.9966529,0.996889,0.9968914,0.9984898,0.9969293
BLOC1S3,0.9996971,0.9997122,0.99984485,0.99971724,0.9996356,0.9996747,0.9998829,0.999961
MTR,0.99630845,0.9972391,0.99788004,0.99642307,0.9968325,0.9967096,0.9984322,0.9965285
HIST1H2BN,0.9967072,0.99750435,0.9980099,0.9966529,0.996889,0.9968914,0.9984898,0.9969293
VAMP5,1.000133,1.0001718,0.99969935,0.99952567,0.9997784,0.99963075,0.99976003,0.99959034
SCGB2A2,0.9967486,0.99753284,0.9980187,0.9966763,0.9969168,0.99691707,0.9984941,0.99689794
CCT6B,1.0031922,1.0023246,1.0019672,1.0030825,1.002952,1.0029905,1.0014839,1.003741
NRGN,0.99940205,0.9995625,0.999528,0.99924195,0.9992059,0.9992064,0.99959266,0.99862504
ABHD5,0.99893725,0.9991708,0.99952316,0.9990791,0.9990002,0.99939656,0.9997169,0.9990386
KRTAP13-3,0.9967072,0.99750435,0.9980099,0.9966529,0.996889,0.9968914,0.9984898,0.9969293
POLR2K,0.998464,0.99888337,0.9990641,0.99841595,0.99867755,0.99859697,0.9993249,0.9984448
KRTAP17-1,0.99668026,0.99747914,0.9979962,0.99663115,0.996866,0.99687994,0.99848247,0.99692774
C17orf100,0.9999513,0.9999435,1.0002784,1.0003111,1.0002215,1.0005145,1.0003756,1.0011127
TMEM210,0.9967072,0.99750435,0.9980099,0.9966529,0.996889,0.9968914,0.9984898,0.9969293
PCP4L1,1.0016036,1.0011644,1.0008224,1.0013195,1.0013098,1.0014024,1.0006255,1.0015028
SNTN,0.99838364,0.9987666,0.998943,0.99830616,0.99842227,0.99832964,0.99917156,0.998027
ANXA8,0.9985341,0.9989015,0.99907184,0.9984201,0.99859554,0.9985013,0.9992759,0.99854636
CSN3,0.9970636,0.99777746,0.9982171,0.99699223,0.9972086,0.99721944,0.99864495,0.99717736
KRTAP2-3,0.99630404,0.99720514,0.99777544,0.99626535,0.99653006,0.996539,0.9983207,0.99655044
RTL8B,0.9998561,1.0000212,0.99997103,0.99985015,1.000029,0.9999045,1.0000273,0.99921405
CEND1,0.997995,0.9985036,0.99865425,0.99777985,0.99798334,0.9980551,0.99902546,0.99826384
SMIM9,0.9966953,0.9974985,0.99799263,0.9966278,0.9968753,0.99686563,0.99847555,0.99688196
C20orf144,0.9967072,0.99750435,0.9980099,0.9966529,0.996889,0.9968914,0.9984898,0.9969293
RHOXF2,0.9967072,0.99750435,0.9980099,0.9966529,0.996889,0.9968914,0.9984898,0.9969293
TAS2R43,0.9957447,0.9968073,0.99739987,0.99564654,0.9960494,0.9960567,0.9980714,0.9960574
ECSCR,0.9975515,0.9981534,0.998103,0.99688387,0.997134,0.9971515,0.99847054,0.9967237
HNF4G,0.99948394,0.9996141,0.9996283,0.9993245,0.9994166,0.999414,0.9997097,0.99935555
S100A3,0.9967072,0.99750435,0.9980099,0.9966529,0.996889,0.9968914,0.9984898,0.9969293
AC129492.6,0.9967072,0.99750435,0.9980099,0.9966529,0.996889,0.9968914,0.9984898,0.9969293
CYB5R3,0.9976541,0.99834096,0.99858,0.9976321,0.9978934,0.99759066,0.9989259,0.9979062
NLRP13,0.99689054,0.9976249,0.99810046,0.9968172,0.9970381,0.99704254,0.99855185,0.9971012
C4orf48,0.99877214,0.9990889,0.99958706,0.99916977,0.9991225,0.9991672,0.9997278,0.99940944
PPY,0.99674165,0.99753034,0.9980261,0.99668217,0.99691755,0.996915,0.99849993,0.9969486
SS18L2,0.9999639,0.99997455,1.000179,1.0001712,1.000086,1.0001599,1.0001678,1.000561
CTSC,0.9961753,0.99715155,0.9975926,0.9960395,0.9963164,0.99619716,0.99812305,0.99575937
PPP2R2D,1.0028102,1.0020502,1.0014327,1.0024446,1.0024066,1.0022186,1.0009993,1.0021663
FZR1,1.0033331,1.0025952,1.0020977,1.0034232,1.003104,1.003033,1.0016007,1.0031655
PRR27,0.9999039,0.999882,0.9999852,0.999892,0.9998156,0.9998498,0.9999471,1.0000216
MRFAP1,0.99685454,0.99762964,0.9979842,0.99661136,0.996843,0.9968471,0.998422,0.996819
CRIM1,0.9949057,0.9961925,0.99697447,0.99489343,0.99519056,0.9954379,0.99781096,0.99552464
PDE6H,0.99797225,0.998444,0.9987278,0.9978404,0.99798775,0.9979794,0.9989996,0.9980865
KRTAP2-1,0.9967072,0.99750435,0.9980099,0.9966529,0.996889,0.9968914,0.9984898,0.9969293
SPINK14,0.9967339,0.9975202,0.9980216,0.9966754,0.99690783,0.9969073,0.9984963,0.99697113
SPINT4,0.9967072,0.99750435,0.9980099,0.9966529,0.996889,0.9968914,0.9984898,0.9969293
C10orf55,0.9961542,0.9970838,0.9977169,0.99620163,0.99644625,0.996421,0.9982717,0.9963364
TRIM45,1.0013798,1.0010376,1.0009716,1.0015117,1.0013068,1.0013033,1.0007395,1.0014858
TMA7,0.99752724,0.9980607,0.9985055,0.99747825,0.99753094,0.997733,0.9988378,0.9975345
C10orf105,0.99737406,0.998047,0.998276,0.99709815,0.99742234,0.99737406,0.9987225,0.9976234
CSNK1D,1.0001359,1.0001482,1.0001059,1.0001085,1.0000085,0.99987525,1.000005,0.9997958
SPINK1,0.99668026,0.99747914,0.9979962,0.99663115,0.996866,0.99687994,0.99848247,0.99692774
ATP5MPL,0.99988806,0.99987817,0.9997512,0.99954915,0.99961996,0.999591,0.99972045,0.99941146
ATP5MGL,1.0057037,1.0043819,1.0035366,1.0057498,1.0055392,1.0056252,1.0027717,1.004629
SPANXN4,0.9970038,0.9977282,0.9981953,0.99695253,0.99715954,0.9971845,0.998631,0.99717546
GLRA2,0.99410963,0.9955813,0.9963592,0.9940338,0.9944918,0.9945106,0.9972801,0.99409616
TCEAL9,0.99500287,0.9962213,0.9969832,0.9949582,0.9953337,0.9953529,0.9977373,0.9955901
KRTAP19-1,0.9967072,0.99750435,0.9980099,0.9966529,0.996889,0.9968914,0.9984898,0.9969293
CALCB,1.004327,1.003331,1.0023104,1.0037057,1.0038182,1.0035541,1.0017118,1.0043193
S100A16,0.99653196,0.9974225,0.99805987,0.9967675,0.996827,0.9968723,0.99854606,0.996452
HIST1H2BD,0.9967072,0.99750435,0.9980099,0.9966529,0.996889,0.9968914,0.9984898,0.9969293
POLR2L,0.99984837,0.99989444,0.9998312,0.99969316,0.9997997,0.99979717,0.9998925,0.99975616
PYCARD-AS1,1.0021486,1.0016439,1.0013506,1.0021085,1.0019883,1.0020037,1.0010321,1.0021443
C4orf36,0.99662846,0.9974439,0.99796766,0.99658406,0.99682474,0.9968332,0.9984621,0.9968923
HIST1H2BI,0.9967072,0.99750435,0.9980099,0.9966529,0.996889,0.9968914,0.9984898,0.9969293
AGAP4,1.0006425,1.0005022,1.000416,1.0005804,1.0006161,1.000354,1.000255,1.001138
KRTAP2-4,0.9967072,0.99750435,0.9980099,0.9966529,0.996889,0.9968914,0.9984898,0.9969293
PLXNA2,0.9940367,0.99539477,0.9962383,0.99376035,0.99414515,0.99457216,0.9971869,0.9941005
KRTAP9-7,0.9967072,0.99750435,0.9980099,0.9966529,0.996889,0.9968914,0.9984898,0.9969293
MS4A6E,0.9967072,0.99750435,0.9980099,0.9966529,0.996889,0.9968914,0.9984898,0.9969293
SMPDL3B,0.99852556,0.99887335,0.99912465,0.9984865,0.99862254,0.99867404,0.99935263,0.9984807
C8orf88,1.0028524,1.0021319,1.0021447,1.0033231,1.0028341,1.0032829,1.0017197,1.0029576
HMGN3,1.00014,1.0001253,1.0001502,1.0001988,1.0000756,1.000107,1.0001025,1.0001712
OBSCN-AS1,1.0004689,1.0002788,1.0004823,1.0006568,1.0004628,1.0006582,1.0003922,1.0013437
RMI2,0.9955667,0.9965954,0.99741083,0.99570644,0.9958073,0.9955745,0.99792624,0.9954667
PRPF38B,0.9965963,0.99741066,0.99781394,0.9963455,0.99658275,0.9965988,0.9982874,0.996495
PSMG3,1.0001389,1.0000346,1.0006471,1.0008848,1.0005722,1.000976,1.0006348,1.0008217
C1orf61,0.9961476,0.99699366,0.9975865,0.99599814,0.99595046,0.9959775,0.99800307,0.9959713
SPINK6,0.99696517,0.9977013,0.9981638,0.9969027,0.9971219,0.9971274,0.99860704,0.9971925
AL441883.1,0.9967072,0.99750435,0.9980099,0.9966529,0.996889,0.9968914,0.9984898,0.9969293
LCE3E,0.9967072,0.99750435,0.9980099,0.9966529,0.996889,0.9968914,0.9984898,0.9969293
SPANXN3,0.9967072,0.99750435,0.9980099,0.9966529,0.996889,0.9968914,0.9984898,0.9969293
SLC1A6,1.0005383,1.0004343,1.0002044,1.0003538,1.0003474,1.0002067,1.0001005,0.99963886
GRK4,1.0006524,1.0005152,1.0006016,1.0009739,1.0007993,1.0006802,1.0004433,1.0002754
HSBP1,0.99596524,0.99690443,0.99742556,0.9957057,0.99602807,0.9960914,0.99799514,0.9958079
MT2A,0.9971975,0.9979361,0.997895,0.99656534,0.9967491,0.99672896,0.9982911,0.9959614
MARCKSL1,0.9915509,0.9935609,0.9946838,0.9912145,0.99175847,0.99179566,0.9958664,0.99151254
SMCO3,0.996502,0.997355,0.9978955,0.9964601,0.9967259,0.9967636,0.99842453,0.9966743
BBIP1,1.0036594,1.0027761,1.0018958,1.0031914,1.0031309,1.0027827,1.0013355,1.0031139
SPANXB1,0.9967072,0.99750435,0.9980099,0.9966529,0.996889,0.9968914,0.9984898,0.9969293
C20orf141,0.9967072,0.99750435,0.9980099,0.9966529,0.996889,0.9968914,0.9984898,0.9969293
NOL6,1.001458,1.0012352,1.0008831,1.0015335,1.0014485,1.0013053,1.0007125,1.0007278
KRTAP9-8,0.9967072,0.99750435,0.9980099,0.9966529,0.996889,0.9968914,0.9984898,0.9969293
OFCC1,0.9967072,0.99750435,0.9980099,0.9966529,0.996889,0.9968914,0.9984898,0.9969293
C7orf76,0.9967072,0.99750435,0.9980099,0.9966529,0.996889,0.9968914,0.9984898,0.9969293
C10orf113,0.9967072,0.99750435,0.9980099,0.9966529,0.996889,0.9968914,0.9984898,0.9969293
APOA2,0.9967072,0.99750435,0.9980099,0.9966529,0.996889,0.9968914,0.9984898,0.9969293
TPD52L3,0.99970317,0.9997767,0.9997664,0.9995469,0.99958515,0.99958515,0.99979365,0.99951935
TMEM92,0.99896514,0.9992467,0.99936336,0.99886596,0.9990499,0.999051,0.99954,0.9988097
DEFB129,0.9967072,0.99750435,0.9980099,0.9966529,0.996889,0.9968914,0.9984898,0.9969293
GYPC,0.9987811,0.99906665,0.9993608,0.9988867,0.99901605,0.99914575,0.99959725,0.99845517
NPIPA5,1.0063372,1.004785,1.0039027,1.0063698,1.0056301,1.0058801,1.0028993,1.0055038
POU4F3,0.9967072,0.99750435,0.9980099,0.9966529,0.996889,0.9968914,0.9984898,0.9969293
SCP2D1,0.9967072,0.99750435,0.9980099,0.9966529,0.996889,0.9968914,0.9984898,0.9969293
HIST1H1C,0.9967072,0.99750435,0.9980099,0.9966529,0.996889,0.9968914,0.9984898,0.9969293
CMC2,0.9993618,0.99960005,0.9993901,0.9990021,0.99921274,0.99901855,0.9995152,0.9989668
PCSK6,0.99844944,0.9988134,0.9991479,0.9985726,0.9985733,0.9984846,0.99931836,0.99862707
MBOAT2,0.9995866,0.99965864,0.9998111,0.9996588,0.99960965,0.99962556,0.9998427,0.9994641
C20ORF135,0.9967072,0.99750435,0.9980099,0.9966529,0.996889,0.9968914,0.9984898,0.9969293
CT62,0.99677294,0.997571,0.99801266,0.99666095,0.9969598,0.9969106,0.9984993,0.9970494
BIK,0.99816227,0.9986075,0.9988265,0.99805456,0.99820536,0.99816257,0.9990917,0.9979799
CTXN3,1.0029593,1.0022237,1.0020487,1.0033412,1.0031011,1.0028322,1.0015231,1.0029896
APLN,0.99838495,0.99884164,0.99886703,0.9980966,0.99835896,0.99820185,0.9991022,0.9975343
SPATA45,0.9960701,0.9970263,0.9976466,0.9960464,0.9963175,0.99632883,0.99822533,0.99641705
IL9,0.99787194,0.9983755,0.9986807,0.9977585,0.9979247,0.9979162,0.99897724,0.99800307
SPINK7,0.99653834,0.9973749,0.99792194,0.99650586,0.9967483,0.99676424,0.9984311,0.99683785
SUMO4,1.006089,1.0044721,1.0039265,1.0062774,1.0055099,1.0060737,1.0029747,1.005899
ANKRD20A4,0.99532455,0.99654436,0.9972357,0.9953784,0.9957267,0.9954194,0.99786246,0.99572575
GNAT2,0.9947213,0.99604154,0.99693453,0.9948293,0.9951751,0.9951643,0.9977095,0.99557704
TMEM167B,0.99942696,0.9995183,0.99982333,0.99970603,0.9996207,0.9998272,0.99993706,0.9993783
C4orf46,1.0042354,1.0032957,1.0027316,1.0042869,1.0039703,1.0041485,1.0021619,1.004643
PRR15,0.9966353,0.99742657,0.99799514,0.9966482,0.9968267,0.99682987,0.99846125,0.9969138
CST8,0.9965814,0.99740875,0.99792516,0.9965232,0.99676317,0.99673444,0.9984139,0.9967625
IFNW1,0.9968146,0.99758285,0.9980695,0.9967543,0.99697936,0.9969673,0.99852663,0.99701464
LMO7DN,0.99774927,0.99832594,0.99867934,0.9977429,0.99795103,0.99793756,0.9990316,0.9980944
DEFA5,0.99674165,0.99753034,0.9980261,0.99668217,0.99691755,0.996915,0.99849993,0.9969486
KRT2,0.99654794,0.9973819,0.99792194,0.9965075,0.9967487,0.9967556,0.9984262,0.99681604
TMEM35B,1.0018263,1.0014431,1.000562,1.000922,1.0010886,1.0009898,1.0003246,1.0002809
CCL28,0.99579453,0.99680215,0.9975899,0.9959935,0.9962302,0.9963491,0.99827564,0.99651515
GYPE,0.9989978,0.99924743,0.9993738,0.9989193,0.99899876,0.9989752,0.9994917,0.9987434
KRTAP9-4,0.9967072,0.99750435,0.9980099,0.9966529,0.996889,0.9968914,0.9984898,0.9969293
RTL8A,0.9971181,0.9978533,0.9983374,0.9971535,0.99725485,0.9974138,0.998773,0.99683356
UCN2,0.9969666,0.9977012,0.99818164,0.99692714,0.9971349,0.9971372,0.99861777,0.9972124
ALDH1A1,0.9848935,0.9888953,0.9913503,0.9852561,0.9867191,0.98629177,0.9936792,0.98858845
HIST1H2BL,0.9967072,0.99750435,0.9980099,0.9966529,0.996889,0.9968914,0.9984898,0.9969293
GUCA2A,0.9967072,0.99750435,0.9980099,0.9966529,0.996889,0.9968914,0.9984898,0.9969293
LCE3D,0.99682593,0.99758357,0.9980637,0.9967543,0.9969819,0.99697995,0.99852324,0.99698156
SMIM24,0.99808174,0.99853915,0.9988161,0.9979805,0.998111,0.99811584,0.9990716,0.99804485
TCHH,1.0010887,1.0007164,1.0004718,1.0007025,1.0006232,1.0006266,1.0002698,1.0012544
PAGE4,1.0018885,1.0013652,1.00113,1.0017571,1.0015048,1.0015966,1.0007336,1.0012496
ATG7,1.0057659,1.0043008,1.0037067,1.0059747,1.0053893,1.005702,1.0028446,1.0055009
MORN2,0.99937284,0.9995655,0.9995524,0.9991847,0.9993499,0.9991119,0.9996741,1.0004619
IFNA14,0.99674165,0.99753034,0.9980261,0.99668217,0.99691755,0.996915,0.99849993,0.9969486
AC103809.2,0.9967072,0.99750435,0.9980099,0.9966529,0.996889,0.9968914,0.9984898,0.9969293
CLLU1,0.99998444,0.99998593,0.99988186,0.9997722,0.99985635,0.9996798,0.9998412,0.9997918
PKIG,0.9957392,0.9967833,0.9978862,0.9963107,0.9964231,0.99669737,0.99853814,0.9965805
GAGE10,0.9964013,0.9972757,0.99780804,0.9963373,0.9966099,0.99660003,0.99834114,0.99659836
TXN,0.9969531,0.9976565,0.9981302,0.99683875,0.9970255,0.9970307,0.9985252,0.99716616
IFNA16,0.9967072,0.99750435,0.9980099,0.9966529,0.996889,0.9968914,0.9984898,0.9969293
SUMF2,0.9998827,0.999936,1.0003461,1.0004126,1.0001878,1.0004268,1.0003521,1.0002013
LLCFC1,0.9967072,0.99750435,0.9980099,0.9966529,0.996889,0.9968914,0.9984898,0.9969293
LYRM7,0.9988948,0.9991672,0.99949473,0.9991323,0.99913883,0.99910396,0.9996495,0.9996359
HIST1H2BF,0.9967072,0.99750435,0.9980099,0.9966529,0.996889,0.9968914,0.9984898,0.9969293
DEFA4,0.997218,0.99789846,0.9983182,0.9971744,0.99735516,0.99732447,0.9987072,0.9972374
MARVELD1,1.0003998,1.0003217,1.0006256,1.0009673,1.0006691,1.0007617,1.0005498,1.001156
XCL2,0.9972359,0.99789137,0.99832284,0.9971663,0.9973552,0.9973512,0.99871516,0.99749565
COX19,1.0030856,1.0024142,1.0014694,1.0023925,1.0024493,1.0023813,1.0010786,1.0022823
KRTAP9-3,0.99654114,0.99738216,0.9979336,0.9965164,0.9967462,0.9967662,0.9984351,0.9967669
KRTAP5-4,0.9962778,0.99717593,0.9977641,0.996249,0.9965104,0.9965378,0.99831784,0.99659884
MTRNR2L6,0.9932231,0.9949692,0.9958359,0.9930453,0.99391717,0.99388874,0.9969919,0.9939747
LCE2A,0.99674165,0.99753034,0.9980261,0.99668217,0.99691755,0.996915,0.99849993,0.9969486
TMEM100,1.003337,1.002613,1.0019183,1.0031217,1.0030379,1.0028448,1.0014098,1.0025305
TBC1D22B,1.0016993,1.0012736,1.0010537,1.0016924,1.0015574,1.0017552,1.000826,1.0007725
DPH3,1.0010237,1.000802,1.0005841,1.0008645,1.0008645,1.0009252,1.0004562,1.0008969
CLECL1,0.99749255,0.9981404,0.99848473,0.99741596,0.99764943,0.9975461,0.9988296,0.9976224
SMIM8,1.0003831,1.000302,1.0000423,1.0000829,1.0002857,1.0000908,1.0000105,1.0001042
IFNA7,0.9967072,0.99750435,0.9980099,0.9966529,0.996889,0.9968914,0.9984898,0.9969293
SYCN,0.9967072,0.99750435,0.9980099,0.9966529,0.996889,0.9968914,0.9984898,0.9969293
BET1,1.0007869,1.0006381,1.0005436,1.0008503,1.0005715,1.0006301,1.0003753,1.0006101
CRCT1,0.996886,0.9976336,0.998108,0.99681866,0.9970388,0.99702597,0.99855363,0.9970903
ATOX1,0.9998324,0.99987507,1.0001309,1.0000271,0.99998474,1.0000395,1.0001243,1.0005136
PIP,0.9967339,0.9975202,0.9980216,0.9966754,0.99690783,0.9969073,0.9984963,0.99697113
ZFP41,1.0011731,1.0009027,1.0009849,1.0016055,1.001256,1.0012993,1.0007551,1.0009205
SPINK8,0.999376,0.99952686,0.9994993,0.9991391,0.9992092,0.99918437,0.99956834,0.99888
PLA2G2A,0.99788475,0.99851036,0.99845517,0.99731684,0.9976907,0.99754465,0.9987442,0.9972273
KRTAP13-2,0.9967072,0.99750435,0.9980099,0.9966529,0.996889,0.9968914,0.9984898,0.9969293
RNASE8,0.99663633,0.9974498,0.997971,0.9965885,0.9968267,0.9968314,0.99846184,0.9968804
MT3,0.9987805,0.999231,0.9989004,0.99826443,0.99831116,0.9979342,0.9990219,0.9979874
SHISA8,0.99773806,0.99833155,0.9985368,0.9975358,0.9978019,0.9976936,0.99886894,0.99763566
LGALS9B,0.9967072,0.99750435,0.9980099,0.9966529,0.996889,0.9968914,0.9984898,0.9969293
ASPH,1.0025144,1.0019509,1.0018966,1.0030005,1.0025744,1.0026714,1.0015067,1.0034679
SMCP,0.9967072,0.99750435,0.9980099,0.9966529,0.996889,0.9968914,0.9984898,0.9969293
CST9L,0.9968146,0.99758285,0.9980695,0.9967543,0.99697936,0.9969673,0.99852663,0.99701464
C10orf99,0.9967072,0.99750435,0.9980099,0.9966529,0.996889,0.9968914,0.9984898,0.9969293
OXSR1,1.0011876,1.0008559,1.0004501,1.0007052,1.0006225,1.0007731,1.0002356,0.9998096
CARD17,0.9967072,0.99750435,0.9980099,0.9966529,0.996889,0.9968914,0.9984898,0.9969293
ADIG,0.996812,0.99757653,0.9980699,0.9967563,0.9969796,0.9969741,0.99852943,0.99706113
ASIC1,0.99683654,0.99753153,0.99808466,0.99694616,0.9972009,0.99697673,0.9985057,0.99633944
PATE1,0.99600935,0.99698377,0.997574,0.995952,0.996249,0.9962441,0.99816704,0.9961662
KRTAP5-9,0.9968201,0.99758184,0.99807155,0.99676096,0.9969833,0.9969784,0.9985294,0.9970342
IFNA2,0.9967072,0.99750435,0.9980099,0.9966529,0.996889,0.9968914,0.9984898,0.9969293
C12orf60,1.0035715,1.0027461,1.0024108,1.003829,1.0036898,1.0037811,1.00194,1.0032661
KRTAP5-8,0.99678814,0.9975625,0.998039,0.9967125,0.9969511,0.99694717,0.99850786,0.99692607
DEFB135,0.996361,0.99723965,0.9978229,0.9963558,0.9965981,0.9966086,0.998354,0.9966754
DEXI,1.0060254,1.0044539,1.0038486,1.006251,1.005687,1.0059048,1.002906,1.00561
HYPM,0.9967072,0.99750435,0.9980099,0.9966529,0.996889,0.9968914,0.9984898,0.9969293
CLPSL1,0.9967072,0.99750435,0.9980099,0.9966529,0.996889,0.9968914,0.9984898,0.9969293
IFNA17,0.9967072,0.99750435,0.9980099,0.9966529,0.996889,0.9968914,0.9984898,0.9969293
CHRAC1,1.0054858,1.004252,1.0031459,1.0051944,1.0049576,1.0046597,1.0022882,1.0040168
FGD4,1.0008657,1.0006323,1.0000904,1.0001988,1.0002993,1.000121,0.99991083,0.9995508
FXYD4,0.99636674,0.9972373,0.9978702,0.99642575,0.9966366,0.9966476,0.99839175,0.99674416
CCL11,0.9967072,0.99750435,0.9980099,0.9966529,0.996889,0.9968914,0.9984898,0.9969293
IFI6,0.9998777,0.99989176,1.0002887,1.0003481,1.0000477,1.0002432,1.0002359,1.0001577
MLN,0.99874043,0.9990326,0.9992705,0.99871373,0.9987656,0.9987861,0.9994273,0.99890614
SLC22A1,0.997879,0.9984158,0.9986559,0.99770975,0.99794006,0.997854,0.998976,0.9981611
ATP6V0E1,0.9980086,0.9985442,0.9989139,0.998104,0.9981815,0.99823976,0.99922705,0.9985244
SMDT1,1.0017977,1.0013422,1.001205,1.0018721,1.0016136,1.0017918,1.0009257,1.0021851
CFC1,0.9942821,0.9958471,0.99652445,0.99416685,0.99494755,0.994695,0.9975748,0.9961445
CDC5L,1.0004888,1.0004123,1.000333,1.0004905,1.0004883,1.0004017,1.0002298,1.0004203
TMEM203,0.99773103,0.9984156,0.9983429,0.9972319,0.9976804,0.9973866,0.9987366,0.9973866
KRTAP13-1,0.99701047,0.9977342,0.9981996,0.9969621,0.9971696,0.9971623,0.99862766,0.9972321
GDAP1L1,0.99714494,0.99775654,0.9983716,0.9972689,0.9972849,0.9974294,0.9987245,0.99709785
C5orf49,1.0000074,1.0000637,0.99986976,0.99972606,0.99988467,0.9999735,0.9999869,0.9997852
SNRPF,0.99974114,0.99981827,0.99976635,0.9995828,0.9996791,0.9996271,0.99979764,0.99950886
ZNF576,1.0016057,1.0013623,1.0012863,1.0019467,1.00193,1.0018797,1.0011309,1.002503
IL2,0.9969312,0.99767315,0.998172,0.9969129,0.997123,0.9971343,0.99861586,0.99713326
LACRT,0.9967072,0.99750435,0.9980099,0.9966529,0.996889,0.9968914,0.9984898,0.9969293
UBASH3A,0.99670315,0.9974973,0.99801314,0.99665713,0.9968909,0.9969042,0.99849665,0.9969837
CCL5,0.9969379,0.997622,0.99846375,0.9972913,0.99716836,0.9974226,0.99884737,0.99819005
WFDC11,0.9967072,0.99750435,0.9980099,0.9966529,0.996889,0.9968914,0.9984898,0.9969293
C16orf92,0.9986303,0.9989487,0.99899817,0.9983095,0.99847126,0.99843574,0.9991954,0.9985352
ACBD7,1.0043387,1.0034366,1.0024359,1.0039436,1.0038738,1.003443,1.00178,1.0039165
RNF187,0.9986485,0.9990804,0.9989156,0.9982837,0.998613,0.99822545,0.99910146,0.9978262
SAA4,0.9974029,0.99804735,0.99844,0.9973558,0.99757516,0.99758685,0.9988315,0.99747413
SPATA12,0.9997581,0.99983525,0.9998671,0.9996985,0.9997237,0.999662,0.9998808,0.99981284
COX7B,0.99938166,0.9995669,0.9994749,0.9990964,0.9992695,0.9990758,0.99953413,0.9992352
C6orf201,0.9991483,0.99932253,0.99960446,0.9992601,0.99917173,0.9992238,0.9996635,0.99913836
IFNA21,0.9971821,0.99786663,0.99823284,0.99702984,0.99726546,0.99724483,0.99864054,0.99721557
KLF16,1.0017383,1.0014107,1.0011306,1.0018088,1.0017506,1.0016618,1.0008829,1.0011177
XCL1,0.99662757,0.9974262,0.9979644,0.99658054,0.9968085,0.99682873,0.9984573,0.99696577
S100A9,1.0001945,1.0001763,1.0000076,0.99995226,0.9999532,0.9999891,0.9999622,0.9992095
IFNA6,0.9967072,0.99750435,0.9980099,0.9966529,0.996889,0.9968914,0.9984898,0.9969293
FCGBP,0.9976486,0.998189,0.9988007,0.9979501,0.99808425,0.9980752,0.9991617,0.9986786
CCL17,0.99740565,0.998065,0.9983761,0.9972549,0.99748135,0.9974005,0.9987365,0.99745345
RBP7,0.99746335,0.99808735,0.99838924,0.9972818,0.99751747,0.99748516,0.99876034,0.99752074
CGB2,0.99886787,0.99915975,0.9992167,0.99865836,0.9988346,0.9986683,0.9993596,0.99886143
LGALS2,0.996326,0.99722165,0.9977845,0.99628305,0.99654746,0.99655163,0.9983257,0.99656135
G0S2,1.0013636,1.0009587,1.0010681,1.0016149,1.0013618,1.001447,1.0007882,1.0020003
CDNF,0.9982823,0.99872434,0.9988575,0.9980731,0.99829155,0.9981195,0.99909484,0.9983132
IGFL2,0.99815077,0.998613,0.99875414,0.9979247,0.99817324,0.9981884,0.9990909,0.99816823
PATE3,0.9969536,0.9976883,0.99815726,0.9968923,0.9971086,0.9971163,0.9986017,0.99721134
EPN2,0.9995568,0.9996594,0.999892,0.9996557,0.999541,0.9996649,0.99992406,1.000323
KRTAP19-8,0.9967072,0.99750435,0.9980099,0.9966529,0.996889,0.9968914,0.9984898,0.9969293
KRTAP9-9,0.9967072,0.99750435,0.9980099,0.9966529,0.996889,0.9968914,0.9984898,0.9969293
IGFL4,0.9970254,0.9977423,0.9982127,0.9969795,0.9971827,0.9971845,0.9986393,0.9972768
C10orf62,0.9967072,0.99750435,0.9980099,0.9966529,0.996889,0.9968914,0.9984898,0.9969293
SPRR3,0.9969057,0.9976624,0.998108,0.99681747,0.99706143,0.9970432,0.9985626,0.9970656
MANBAL,1.0011575,1.0008993,1.0008047,1.0011702,1.0010498,1.0011019,1.0006009,1.0010583
STK39,1.002365,1.0017793,1.0014492,1.0022955,1.0021214,1.0019723,1.0010364,1.0021818
C12orf73,1.0012407,1.0010015,1.0008271,1.0013304,1.0013018,1.0012841,1.000663,1.0007813
BRD4,0.99919105,0.9994284,0.9994082,0.99904597,0.99919707,0.9990361,0.99952793,0.9989042
CCDC182,0.9971564,0.9978404,0.99825037,0.9970582,0.9972752,0.9972712,0.99866486,0.9972829
IL18,0.99624395,0.997118,0.9979253,0.9964693,0.99655926,0.9967742,0.9984398,0.9963846
IFNA4,0.99663633,0.9974498,0.997971,0.9965885,0.9968267,0.9968314,0.99846184,0.9968804
AC040977.1,0.9967072,0.99750435,0.9980099,0.9966529,0.996889,0.9968914,0.9984898,0.9969293
COX6C,0.99718535,0.9978313,0.99824154,0.99703634,0.99718845,0.9973074,0.9986238,0.9970636
GGTLC2,1.0011275,1.000876,1.0007837,1.0011644,1.0010335,1.0011446,1.0006119,1.0008781
PARD3B,1.0042379,1.0030766,1.0030363,1.0048599,1.0040979,1.004338,1.00229,1.0049148
GOLGA8J,1.0036391,1.0027719,1.0023408,1.0036695,1.0033174,1.0034556,1.0017716,1.0036874
OSTN,0.99678284,0.9975583,0.9980508,0.99672127,0.99695194,0.9969539,0.9985186,0.99700844
SPTSSA,1.0015361,1.0012693,1.0010678,1.0016922,1.001561,1.0015366,1.0008434,1.0011692
HTRA3,1.0047092,1.0036318,1.0030226,1.004881,1.0045922,1.0047276,1.0023657,1.0036652
ALKAL1,0.99744976,0.998074,0.9984844,0.9974259,0.99763405,0.99766356,0.9988662,0.9975488
C2orf76,0.9969814,0.99775755,0.9984995,0.9973595,0.99744433,0.9976448,0.9989814,0.99770117
NRARP,0.99837255,0.99877834,0.9985967,0.9978174,0.9978708,0.9976106,0.99878216,0.99771297
BRK1,0.99925697,0.999439,0.9994761,0.9990587,0.9991658,0.99917006,0.9995675,0.9991135
C5orf47,0.9958052,0.9968247,0.99747044,0.9957671,0.99602413,0.9960519,0.9980797,0.99609584
AC096677.1,0.9967072,0.99750435,0.9980099,0.9966529,0.996889,0.9968914,0.9984898,0.9969293
CLPSL2,0.9967072,0.99750435,0.9980099,0.9966529,0.996889,0.9968914,0.9984898,0.9969293
PBOV1,0.9978435,0.99842435,0.9985039,0.9974901,0.9978031,0.9976615,0.9988308,0.99776375
CMC1,0.99465925,0.99605453,0.9969804,0.99490017,0.9953133,0.99543166,0.99787426,0.99520445
CAMP,0.9967072,0.99750435,0.9980099,0.9966529,0.996889,0.9968914,0.9984898,0.9969293
C1orf210,0.9962799,0.9971809,0.9977386,0.9962318,0.99643993,0.9963524,0.99823713,0.99637055
HIST1H2BE,0.9967072,0.99750435,0.9980099,0.9966529,0.996889,0.9968914,0.9984898,0.9969293
KRTAP5-5,0.9967072,0.99750435,0.9980099,0.9966529,0.996889,0.9968914,0.9984898,0.9969293
QRFP,0.9962284,0.997147,0.9977342,0.9961971,0.996464,0.9964751,0.99829113,0.9964995
CCL21,0.99674165,0.99753034,0.9980261,0.99668217,0.99691755,0.996915,0.99849993,0.9969486
SLC18A2,0.99315363,0.9949492,0.9958663,0.9929597,0.9935341,0.99330235,0.99686694,0.99451697
NPB,1.000429,1.0003604,0.999983,0.9999878,1.0000253,0.99991137,0.9998885,0.99956393
CXCL1,1.003774,1.0027814,1.0023887,1.0038282,1.0034884,1.0036657,1.0018101,1.003585
TBC1D16,0.9961472,0.9970479,0.99779224,0.996344,0.99646044,0.9967032,0.9983914,0.99613345
PCP4,0.99949896,0.9996262,0.99989635,0.9997875,0.99984336,1.000067,1.0000678,0.9994345
KRTAP27-1,0.9967072,0.99750435,0.9980099,0.9966529,0.996889,0.9968914,0.9984898,0.9969293
SNN,0.9972557,0.9979673,0.9983448,0.99721646,0.9974027,0.99741805,0.99875414,0.9971589
SMIM14,1.0022438,1.0016456,1.0015266,1.0023963,1.0021137,1.0024189,1.0012131,1.0026221
APOBEC3A,1.000175,1.0001204,0.9998957,0.9998137,0.9999107,0.9997275,0.999823,0.99976295
IRGM,0.9962651,0.9971771,0.99775916,0.99625075,0.9965538,0.99649626,0.998321,0.9969214
KRTAP13-4,0.9967072,0.99750435,0.9980099,0.9966529,0.996889,0.9968914,0.9984898,0.9969293
PKIB,0.99941456,0.9995656,0.9997177,0.9994304,0.9994181,0.9995359,0.9997691,0.9988956
KRTAP26-1,0.9967072,0.99750435,0.9980099,0.9966529,0.996889,0.9968914,0.9984898,0.9969293
CTXN2,1.0029721,1.002327,1.002014,1.0032309,1.0029861,1.0029243,1.0015407,1.002612
FDCSP,0.99674165,0.99753034,0.9980261,0.99668217,0.99691755,0.996915,0.99849993,0.9969486
BASP1,0.9895319,0.9920525,0.99352217,0.9893073,0.99003184,0.9900798,0.99503386,0.989643
TAS2R1,0.99671847,0.99750936,0.9980222,0.9966742,0.996903,0.9969022,0.99849725,0.99697506
POMP,0.99844384,0.9987788,0.9990062,0.9982699,0.9983864,0.99846506,0.99920833,0.99855685
NPFF,0.9989312,0.9992124,0.9992915,0.9989004,0.99902683,0.9993017,0.9996191,0.9986291
TMEM244,0.9967072,0.99750435,0.9980099,0.9966529,0.996889,0.9968914,0.9984898,0.9969293
RPS27L,1.000798,1.0005753,1.0005469,1.0008321,1.0005428,1.00066,1.0003711,1.0008824
SELENOH,1.0000069,0.99996144,0.99995863,0.9999027,0.99983096,0.99983823,0.99991673,1.0000267
C1orf21,0.9987801,0.99907124,0.999434,0.99903786,0.9989668,0.9990073,0.9996033,0.99904174
MUCL1,0.99669397,0.997493,0.9979974,0.99663734,0.9968741,0.9968695,0.99847806,0.99691224
OOSP2,0.99686193,0.9976224,0.9980849,0.996781,0.99701977,0.9970076,0.99854195,0.9970292
SCGB1D2,0.9967072,0.99750435,0.9980099,0.9966529,0.996889,0.9968914,0.9984898,0.9969293
GUCA2B,0.9967072,0.99750435,0.9980099,0.9966529,0.996889,0.9968914,0.9984898,0.9969293
SMPD3,0.9949599,0.9961531,0.9970037,0.99494934,0.9952196,0.9952809,0.99770707,0.99556506
FABP3,1.0017688,1.0012715,1.0009379,1.0016181,1.0014069,1.0015266,1.0006313,1.0003521
APOC1,1.0031072,1.0024494,1.0015523,1.0024571,1.0025036,1.0022075,1.0010096,1.00186
RIIAD1,0.9951117,0.9962701,0.9970734,0.9951749,0.9956178,0.9954817,0.9978619,0.9963028
CCL24,0.99672586,0.9975175,0.9980096,0.9966568,0.9969015,0.9969016,0.9984899,0.9969167
TAS2R4,0.9998741,0.9998715,0.99990773,0.9997678,0.9997862,0.99982244,0.99992,1.0000688
KRTAP21-2,0.9967072,0.99750435,0.9980099,0.9966529,0.996889,0.9968914,0.9984898,0.9969293
LSM5,0.9975349,0.9980792,0.9988081,0.99788594,0.9978228,0.99808306,0.9991603,0.9986235
GML,0.9967072,0.99750435,0.9980099,0.9966529,0.996889,0.9968914,0.9984898,0.9969293
NPVF,0.9967072,0.99750435,0.9980099,0.9966529,0.996889,0.9968914,0.9984898,0.9969293
HBA1,1.0053793,1.0041757,1.0031875,1.0051081,1.0047693,1.0046835,1.0023284,1.004306
CSF2,0.99697804,0.9977033,0.99815494,0.9969033,0.99711597,0.99707985,0.9985794,0.997133
TRIM66,1.0087204,1.0065523,1.0055219,1.0089756,1.0083551,1.0085666,1.0042499,1.0086432
HSPB9,0.99958396,0.99968517,0.9995805,0.9992653,0.99938226,0.9994178,0.9996587,0.9991286
TEX22,0.99737996,0.9980414,0.9985466,0.9975588,0.9976669,0.99766195,0.9989077,0.9972438
PNRC2,0.99995273,0.9999944,0.9999826,0.9999157,0.99977726,0.9998666,0.9999734,0.9999207
UFSP1,0.99694896,0.99767995,0.99838436,0.9972676,0.9973856,0.99736595,0.99881595,0.9977885
SLIRP,0.99918854,0.9993068,0.99948883,0.99907744,0.9990275,0.9992165,0.9995645,0.99916565
PATE4,0.99669397,0.997493,0.9979974,0.99663734,0.9968741,0.9968695,0.99847806,0.99691224
TMEM89,0.99649084,0.9973376,0.997887,0.99645245,0.9966961,0.9967002,0.9983993,0.9967697
MT1F,0.99971527,0.99973804,0.9997666,0.9995614,0.9995702,0.99966145,0.9998286,0.99968153
KRTAP4-4,0.9972571,0.99792635,0.99838245,0.9972606,0.9974493,0.9974861,0.99879396,0.99745154
CORT,1.0017118,1.0012463,1.0008358,1.0012962,1.0013747,1.0013646,1.0006173,1.001637
HUS1B,0.9973469,0.99804854,0.9983201,0.99711937,0.9973907,0.9973384,0.99871635,0.9975498
ZNF706,0.996977,0.9977459,0.9981942,0.996958,0.9970993,0.9971515,0.9986335,0.99702656
GYPB,1.0018771,1.001406,1.0012205,1.0018352,1.0016038,1.0018655,1.0009109,1.0015391
INIP,1.0014732,1.0010934,1.0009596,1.0015383,1.0014365,1.0013512,1.0007057,1.0011344
KRTAP9-2,0.9967072,0.99750435,0.9980099,0.9966529,0.996889,0.9968914,0.9984898,0.9969293
MYCBP,1.0031164,1.0023592,1.0018091,1.0028626,1.0026875,1.0029314,1.0013857,1.0024174
MSH4,0.9972244,0.9979061,0.9983001,0.9971408,0.99734163,0.99730146,0.99869084,0.99726593
C11orf21,0.9966513,0.99748504,0.9979693,0.996595,0.99691826,0.9969621,0.9984914,0.99652445
ELOC,1.0001628,1.0001082,1.000085,1.0000185,0.9999982,1.0001394,1.0000591,1.0002584
NUPR1,0.99885577,0.9991939,0.999111,0.99854404,0.9988367,0.99898195,0.9994558,0.9985158
KRTAP1-3,0.9967072,0.99750435,0.9980099,0.9966529,0.996889,0.9968914,0.9984898,0.9969293
CST1,0.99674165,0.99753034,0.9980261,0.99668217,0.99691755,0.996915,0.99849993,0.9969486
IL21,0.9967072,0.99750435,0.9980099,0.9966529,0.996889,0.9968914,0.9984898,0.9969293
MEIG1,0.99835837,0.99879,0.99905896,0.9983095,0.9984888,0.99836326,0.999287,0.999081
PCSK2,1.0044866,1.0034139,1.0025003,1.0040543,1.0039618,1.0039111,1.0018332,1.0033089
H1F0,0.9967072,0.99750435,0.9980099,0.9966529,0.996889,0.9968914,0.9984898,0.9969293
FAM32A,0.9936857,0.99518263,0.9961251,0.9936043,0.99398863,0.99398017,0.99702954,0.9942274
PLN,0.9971199,0.9977984,0.9982538,0.99706614,0.9972583,0.9972452,0.99865913,0.99731696
BTBD11,1.0039669,1.003103,1.0025903,1.0042031,1.0039599,1.003866,1.0019863,1.0031981
SPACA4,0.9967072,0.99750435,0.9980099,0.9966529,0.996889,0.9968914,0.9984898,0.9969293
ATP5F1E,0.9949163,0.9961263,0.9968177,0.9947083,0.99508893,0.9950907,0.99752474,0.9947752
CXCL13,0.99697495,0.99771214,0.99812543,0.9968529,0.9970993,0.99707466,0.99856544,0.99705076
TSACC,1.00289,1.0021919,1.0020216,1.0032785,1.0029223,1.0029404,1.0015382,1.0028099
ITGB3BP,1.00079,1.0006409,1.0005392,1.0008353,1.0008819,1.0007267,1.000468,1.0013971
GNGT1,0.99686116,0.99761,0.9980809,0.9967851,0.9970113,0.9970052,0.9985345,0.9970044
RNASE6,0.99389124,0.9954164,0.9962063,0.9936722,0.99428767,0.9943658,0.99718493,0.9939474
RNASE1,0.994179,0.99556166,0.9965285,0.99423087,0.99455094,0.9946017,0.99739957,0.99530554
WFDC10A,0.9967072,0.99750435,0.9980099,0.9966529,0.996889,0.9968914,0.9984898,0.9969293
UBE2NL,1.0040321,1.0031526,1.0024517,1.0039812,1.0040363,1.003856,1.0019348,1.0037036
CABS1,0.9967072,0.99750435,0.9980099,0.9966529,0.996889,0.9968914,0.9984898,0.9969293
C10orf131,0.9967072,0.99750435,0.9980099,0.9966529,0.996889,0.9968914,0.9984898,0.9969293
DSCR4,0.99663633,0.9974498,0.997971,0.9965885,0.9968267,0.9968314,0.99846184,0.9968804
TMEM167A,0.99782985,0.998334,0.9984845,0.99751544,0.9977199,0.99770176,0.99879855,0.99768984
SRARP,0.9988253,0.9990795,0.99908924,0.99848974,0.99862504,0.99842364,0.9991986,0.99862415
CCDC184,0.9955337,0.9965838,0.99772596,0.9961578,0.99606633,0.9963795,0.9983335,0.9961966
PYY,0.9958852,0.9968883,0.99754405,0.9959057,0.9961901,0.99615407,0.9981451,0.9961755
ANAPC16,0.99667925,0.9975221,0.9981712,0.9969014,0.99703825,0.9970276,0.998646,0.99731976
SPAG11B,0.99663633,0.9974498,0.997971,0.9965885,0.9968267,0.9968314,0.99846184,0.9968804
H1FX,0.9967072,0.99750435,0.9980099,0.9966529,0.996889,0.9968914,0.9984898,0.9969293
ATP5MF,0.9989872,0.99923563,0.9995333,0.9990686,0.9990504,0.99911547,0.99965525,0.9997556
KRTAP5-1,0.9968835,0.9976336,0.9980949,0.9968047,0.9970335,0.9970168,0.9985447,0.9970611
NDUFAF8,0.9977691,0.9984127,0.9987738,0.99787796,0.9980653,0.9980291,0.9991626,0.9983964
KRTAP5-3,0.9967072,0.99750435,0.9980099,0.9966529,0.996889,0.9968914,0.9984898,0.9969293
SMIM12,0.99398375,0.99542224,0.9968439,0.99472845,0.99477327,0.9948064,0.99769187,0.9960457
PTTG1,0.9952922,0.9964599,0.99726677,0.9954115,0.9955255,0.99564224,0.99795294,0.9957683
MZT2A,1.0030158,1.0023633,1.0016836,1.0027311,1.0026698,1.0023432,1.0011963,1.0024271
DEFB110,0.9967072,0.99750435,0.9980099,0.9966529,0.996889,0.9968914,0.9984898,0.9969293
SSX7,0.99692786,0.99766225,0.9981183,0.99684423,0.99706763,0.99705404,0.99855953,0.99706334
LAIR2,1.0001796,1.0001532,0.99996984,0.9998311,0.9999464,0.9998152,0.99987316,0.9999084
KRTAP1-5,0.9979224,0.9984384,0.99877393,0.9979123,0.99806666,0.99802387,0.9990672,0.99812
C11orf52,0.9967072,0.99750435,0.9980099,0.9966529,0.996889,0.9968914,0.9984898,0.9969293
CISD2,1.0006855,1.0005691,1.0005842,1.0008962,1.0009261,1.0007377,1.0004588,1.0007309
C2orf15,0.9988554,0.9990556,0.9996279,0.9993064,0.9990755,0.99930006,0.9997593,0.99969524
C17orf67,1.0028981,1.0022033,1.001915,1.0030279,1.002688,1.0028168,1.0014415,1.0024964
C2orf83,0.99670625,0.99749935,0.99797297,0.9966078,0.9968462,0.99683905,0.9984506,0.9968243
FABP1,0.99734807,0.99800915,0.9983984,0.99728185,0.99750876,0.9974456,0.9987871,0.9976715
PPP1R1C,0.9990945,0.9992789,0.9995439,0.9992062,0.9990468,0.99913025,0.9996161,0.99907964
COX6A2,0.9977777,0.9983299,0.99878514,0.99792325,0.9980438,0.9981719,0.9991529,0.9978924
CYSTM1,1.0015557,1.001166,1.001225,1.0018232,1.0017188,1.0018276,1.0010136,1.002357
CYS1,0.9979515,0.9984287,0.99873155,0.9978246,0.9979384,0.9980287,0.99901843,0.99785113
PET100,0.99815035,0.9986069,0.9988661,0.99807,0.99830675,0.99834204,0.9991686,0.99795604
UCN,1.0016545,1.001233,1.0010489,1.0016488,1.0015304,1.0016276,1.0007975,1.001325
DEFB116,0.9967072,0.99750435,0.9980099,0.9966529,0.996889,0.9968914,0.9984898,0.9969293
IFNA1,0.99696517,0.9977013,0.9981638,0.9969027,0.9971219,0.9971274,0.99860704,0.9971925
PNPLA2,0.9988768,0.99918354,0.9991218,0.99857306,0.9988241,0.99872994,0.9993462,0.9982524
KRTAP1-1,0.9967072,0.99750435,0.9980099,0.9966529,0.996889,0.9968914,0.9984898,0.9969293
CEP120,1.002311,1.0016934,1.0018902,1.0028691,1.0023061,1.0028155,1.0015434,1.0033716
MINOS1,0.9967072,0.99750435,0.9980099,0.9966529,0.996889,0.9968914,0.9984898,0.9969293
AC019171.1,0.9967072,0.99750435,0.9980099,0.9966529,0.996889,0.9968914,0.9984898,0.9969293
RSPH10B2,0.9999056,0.99995506,0.99977475,0.99955803,0.99964845,0.99952066,0.99978536,0.9999733
CCL27,0.99625695,0.9971751,0.99749106,0.9958622,0.9962894,0.99610555,0.99805206,0.9959552
SCAND1,0.99879795,0.9990361,0.9996458,0.99927247,0.99903274,0.99924713,0.9997554,0.99962115
DCD,0.99662846,0.9974439,0.99796766,0.99658406,0.99682474,0.9968332,0.9984621,0.9968923
TEX37,0.99612033,0.99705625,0.9977144,0.99617296,0.99640536,0.9964063,0.9982722,0.9964777
NBPF4,0.9967072,0.99750435,0.9980099,0.9966529,0.996889,0.9968914,0.9984898,0.9969293
CYTL1,0.99932605,0.99947715,0.9995237,0.9991577,0.99926364,0.99920034,0.99961805,0.9997767
RGCC,0.9946023,0.9960193,0.99684274,0.994717,0.9948934,0.9949197,0.9975862,0.9938322
PRR9,0.9965836,0.99740565,0.99794805,0.99655056,0.99678254,0.99682856,0.99845475,0.99680984
HIST1H2BJ,0.9967072,0.99750435,0.9980099,0.9966529,0.996889,0.9968914,0.9984898,0.9969293
APOC4,0.99836063,0.99873435,0.9990741,0.998366,0.99840534,0.9984479,0.9992929,0.9989363
PRPF19,1.0014147,1.0011578,1.0008721,1.001403,1.0013591,1.0013193,1.0006891,1.0009505
EID1,0.9951383,0.9963378,0.99693054,0.9949108,0.9952738,0.9951905,0.9976042,0.99502015
IL22,0.9967072,0.99750435,0.9980099,0.9966529,0.996889,0.9968914,0.9984898,0.9969293
KBTBD6,1.0000249,0.9999926,0.9997929,0.9996247,0.99955153,0.99956053,0.99968874,0.9991464
HSPA1A,0.9944406,0.99580145,0.99671024,0.994503,0.994762,0.994854,0.9974811,0.99438685
TMEM211,0.99663633,0.9974498,0.997971,0.9965885,0.9968267,0.9968314,0.99846184,0.9968804
CLEC18A,0.99699324,0.9977967,0.9982023,0.9969373,0.9972137,0.99708927,0.99863577,0.99713945
C12orf45,1.0024604,1.0019635,1.0013963,1.0021838,1.0021238,1.0019443,1.0010083,1.0021691
C7orf33,0.9966635,0.9974866,0.99787724,0.99646074,0.9967438,0.99660325,0.9983465,0.99656236
CLEC18C,0.99663633,0.9974498,0.997971,0.9965885,0.9968267,0.9968314,0.99846184,0.9968804
S100Z,0.9978905,0.998398,0.99870086,0.9977764,0.9979718,0.99798155,0.99900925,0.99801743
CCL16,0.99698126,0.9977644,0.9981181,0.9968262,0.9971037,0.9970049,0.9985473,0.9970324
MAOA,0.9965754,0.9974445,0.9980594,0.9967495,0.99686944,0.9968422,0.99858725,0.99739456
LTA4H,1.0024347,1.0018803,1.0014493,1.0023156,1.0021962,1.0022082,1.0010912,1.0018117
TMEM105,0.9969115,0.9976309,0.9980513,0.99684405,0.9971088,0.99708617,0.9985601,0.9970389
CCL7,0.99674165,0.99753034,0.9980261,0.99668217,0.99691755,0.996915,0.99849993,0.9969486
IFNA13,0.9967072,0.99750435,0.9980099,0.9966529,0.996889,0.9968914,0.9984898,0.9969293
TEX12,0.99795073,0.9984747,0.9987371,0.9978615,0.99808854,0.99817246,0.99912435,0.9983002
INSL4,1.0025381,1.001956,1.001039,1.001688,1.0017674,1.0016216,1.0006288,1.0010163
PDZK1IP1,0.9967072,0.99750435,0.9980099,0.9966529,0.996889,0.9968914,0.9984898,0.9969293
RPL36AL,0.99862546,0.9989601,0.99928105,0.9987459,0.99876356,0.99881685,0.99944186,0.99846053
COA4,1.0006337,1.0005112,1.000425,1.0006101,1.0005025,1.0005138,1.0003326,1.0010967
GSTT2B,1.001424,1.0009689,1.0009009,1.0013671,1.0013392,1.0014576,1.0007524,1.0024762
CALCA,0.9998865,0.9998846,0.99986523,0.9996625,0.99967855,0.99972564,0.99986756,1.0001
HIST1H2BG,0.9967072,0.99750435,0.9980099,0.9966529,0.996889,0.9968914,0.9984898,0.9969293
ZBED6CL,1.0008985,1.0006375,1.0007393,1.0011044,1.0008397,1.0011154,1.000606,1.0011805
LDOC1,0.998677,0.9989901,0.9994446,0.99898505,0.9988462,0.9989085,0.99959,0.9995172
CYSRT1,0.9973452,0.9980357,0.99833286,0.99720836,0.9974344,0.99734735,0.99871445,0.9972085
PINLYP,0.9964736,0.99742675,0.9978566,0.9964521,0.9968171,0.99654996,0.99839044,0.99648845
SPINK13,0.9969026,0.99763846,0.9981952,0.99692094,0.9971347,0.99720764,0.99865377,0.9972402
SCGB1D4,0.9966953,0.9974985,0.99799263,0.9966278,0.9968753,0.99686563,0.99847555,0.99688196
PRR18,0.9975944,0.99817145,0.99877024,0.9978423,0.9979253,0.99805164,0.9991383,0.9983707
MYBBP1A,1.0036471,1.0027763,1.0016347,1.0027683,1.002732,1.0025145,1.0010433,1.0018265
KRTAP5-10,0.996326,0.99722165,0.9977845,0.99628305,0.99654746,0.99655163,0.9983257,0.99656135
LETM1,0.9981656,0.9987204,0.9989586,0.99823564,0.99830985,0.9982443,0.9992355,0.9980824
NPIPB6,1.0042393,1.0031466,1.0025834,1.0041839,1.0037172,1.0038776,1.0019144,1.0041373
GMNN,0.99413407,0.99551797,0.9967405,0.9944937,0.9946164,0.99475455,0.9975617,0.99529535
SFT2D3,1.0015212,1.0011764,1.0008849,1.001396,1.0012403,1.0010085,1.0005969,1.0016276
COLEC12,0.99545527,0.9966508,0.99730134,0.9954128,0.99595475,0.995895,0.99805254,0.9961738
RARRES3,0.9967072,0.99750435,0.9980099,0.9966529,0.996889,0.9968914,0.9984898,0.9969293
BORCS7,0.99976873,0.9999325,0.99989444,0.9997252,0.99988717,0.99974686,0.99996924,1.000013
MTPN,0.99667835,0.9974719,0.99801993,0.9966629,0.99683946,0.99693656,0.99849725,0.99674916
TMEM258,1.0011655,1.0008851,1.0008396,1.0013063,1.0010756,1.0011674,1.000618,1.0009267
CXCL11,0.99674165,0.99753034,0.9980261,0.99668217,0.99691755,0.996915,0.99849993,0.9969486
BEX1,0.9937739,0.99526215,0.9962272,0.99369836,0.9940941,0.99419403,0.9971117,0.9939058
COA5,1.0029958,1.0023786,1.0016265,1.0026248,1.0027165,1.0023979,1.0012082,1.0025153
TCTA,0.9997704,0.9997817,1.0001634,1.0001941,1.0000331,1.0002656,1.0002587,1.0013106
ZCCHC3,1.0001291,1.0000548,1.0002826,1.0003233,1.0001496,1.0002809,1.000208,1.0002263
PKIA,0.98857665,0.99141645,0.99293387,0.98832786,0.98924804,0.9891039,0.9946065,0.9886961
GLRX,0.9986521,0.9989324,0.9993608,0.9988353,0.9988016,0.9990451,0.9995769,0.9992665
ASIP,0.99815464,0.9986367,0.99875784,0.99788284,0.9980982,0.9980595,0.99904466,0.99804115
TIAF1,1.004187,1.003256,1.0028927,1.0044451,1.0042145,1.004436,1.002291,1.0040711
LEUTX,0.9967072,0.99750435,0.9980099,0.9966529,0.996889,0.9968914,0.9984898,0.9969293
HSPA1B,0.99311364,0.99480975,0.9957896,0.99299085,0.9934592,0.9934934,0.996776,0.9929564
MRPL33,0.9977405,0.99826014,0.9985811,0.99759775,0.9977505,0.9977529,0.998896,0.9980315
AHSP,1.004181,1.0031549,1.0026815,1.0043695,1.0036798,1.0037749,1.0018909,1.0031888
CTH,1.0025307,1.001909,1.0019221,1.0031008,1.0025735,1.0029056,1.0015082,1.0019922
NLRP12,0.99787056,0.9984739,0.99894977,0.99822515,0.9982631,0.99811447,0.99922174,0.99819744
THEM6,0.9968171,0.9975872,0.99854374,0.9974072,0.9974736,0.99763274,0.99903095,0.9979075
HIST1H4G,0.9967072,0.99750435,0.9980099,0.9966529,0.996889,0.9968914,0.9984898,0.9969293
VN1R4,0.9967072,0.99750435,0.9980099,0.9966529,0.996889,0.9968914,0.9984898,0.9969293
C11orf94,0.9968207,0.9975842,0.9980603,0.99674964,0.9969807,0.9969721,0.9985217,0.99700654
INSL5,0.9966594,0.9974672,0.9979802,0.99660647,0.9968447,0.9968443,0.99846673,0.9968895
TIGD1,1.0023291,1.001754,1.001703,1.0026882,1.0024555,1.0026481,1.0013982,1.0026578
HIST1H2BC,0.9967072,0.99750435,0.9980099,0.9966529,0.996889,0.9968914,0.9984898,0.9969293
FAM180A,0.9955147,0.99661434,0.9972814,0.9954746,0.9957979,0.99580175,0.99794954,0.9956085
RAB3GAP1,0.9998071,0.99987775,0.9998987,0.9998102,0.99991083,0.99974906,0.99992085,0.99986976
SLPI,0.9975609,0.9981775,0.99856585,0.99758744,0.99779,0.997882,0.9990028,0.9980397
BTC,0.9980651,0.9985619,0.99877465,0.9979225,0.99808574,0.9979308,0.9990132,0.997965
TREH,0.9972197,0.9979028,0.9982747,0.99709177,0.997304,0.9972946,0.9986721,0.9972615
SRGN,0.9951788,0.9964354,0.9968256,0.9947742,0.995149,0.99502385,0.99748856,0.9940048
MBD2,0.9991899,0.99923915,0.99939126,0.9990355,0.99892503,0.99906456,0.99945354,0.99864066
THRSP,0.9984622,0.9988416,0.99911594,0.9984749,0.99857235,0.9985721,0.99933577,0.9985558
TBC1D29,0.9967072,0.99750435,0.9980099,0.9966529,0.996889,0.9968914,0.9984898,0.9969293
XAGE3,0.9967946,0.9975271,0.99787974,0.996485,0.9966626,0.996563,0.99824274,0.99653053
TMEM141,0.99653924,0.99746823,0.9983399,0.9971614,0.99729276,0.99740887,0.99891627,0.9973561
TFF3,0.9849442,0.9888073,0.99032557,0.9841994,0.9857364,0.98526156,0.99280196,0.9871311
C9orf116,0.99703074,0.9976915,0.9981054,0.9969046,0.9972116,0.99708104,0.99862295,0.99830276
MAP1LC3C,0.9998884,0.99990773,0.9998515,0.99969524,0.9997436,0.9997699,0.9998621,0.9995444
ERICH4,0.99802923,0.9985052,0.9988078,0.99796385,0.99811727,0.9981315,0.9990958,0.99812794
GOT2,0.9960258,0.9970817,0.9977176,0.996257,0.9965666,0.99644697,0.99833703,0.9960865
SMCO1,0.99649084,0.9973376,0.997887,0.99645245,0.9966961,0.9967002,0.9983993,0.9967697
POMZP3,1.0066828,1.0050861,1.0039124,1.0064073,1.0058233,1.0054953,1.0027362,1.0054929
C11orf87,1.0053439,1.0041255,1.0035808,1.0057435,1.005122,1.0048909,1.0026331,1.005886
COX6A1,0.9953842,0.99650896,0.9972739,0.9953979,0.9956236,0.99573183,0.9979019,0.9952986
CCDC71L,0.99798477,0.9985061,0.9988444,0.9980949,0.99811304,0.9981494,0.9991576,0.9978471
MRFAP1L1,0.9971045,0.99783933,0.9982014,0.99695086,0.99724567,0.9972919,0.99864304,0.9968543
EIF1B,0.9985967,0.9988814,0.9992758,0.9987122,0.9986372,0.99884343,0.9994278,0.99872303
HIST3H2BB,0.9967072,0.99750435,0.9980099,0.9966529,0.996889,0.9968914,0.9984898,0.9969293
HMGA2,0.99734175,0.99815047,0.99797106,0.99677736,0.99713075,0.9964712,0.9982723,0.99626184
GOLGA6A,0.9970181,0.99773943,0.99820614,0.99697375,0.9971906,0.997187,0.99863714,0.9971721
FNDC10,1.0015235,1.0011194,1.0008099,1.0014124,1.0012584,1.0011033,1.0005217,1.0009787
LY86,0.99504304,0.9962829,0.9968593,0.9947781,0.9953311,0.9953468,0.9976626,0.9948566
CHTF18,1.0013785,1.0011051,1.0011559,1.0018072,1.0016077,1.0014832,1.0009212,1.0017493
GNRH1,0.9998035,0.99991965,1.0001612,1.0000498,1.000139,1.0001973,1.0002205,1.000169
SPTSSB,0.99864936,0.9989999,0.99895275,0.99827605,0.9985311,0.998441,0.99916583,0.99801004
CGB1,0.99762994,0.99819183,0.99861145,0.99763334,0.9977853,0.9977922,0.99894345,0.9978827
TMEM159,0.99976575,0.9997716,0.9998999,0.9997621,0.9999274,0.9997952,0.9999738,1.0012419
CDKN2AIPNL,0.9994608,0.99950755,0.99962974,0.9993789,0.9993673,0.9993356,0.9996762,0.99977064
CXCL9,0.9976529,0.9982437,0.9986261,0.9976188,0.99781835,0.99778175,0.9989543,0.9981091
CCL4L1,0.9967072,0.99750435,0.9980099,0.9966529,0.996889,0.9968914,0.9984898,0.9969293
DYNLRB2,0.99929607,0.9994612,0.99959886,0.999182,0.9992785,0.99907565,0.99966955,1.000663
COA1,1.002268,1.0017899,1.001364,1.0021253,1.0021147,1.0020064,1.0010473,1.002273
LRRC18,0.99684423,0.9976055,0.99810797,0.9968078,0.9970193,0.99704945,0.9985681,0.9970648
C2orf91,1.0004287,1.0003207,1.0002173,1.0002959,1.0003545,1.000349,1.0001484,0.9999422
AVPI1,1.0041596,1.0032591,1.0025146,1.0041171,1.0037334,1.0037339,1.0018333,1.0027544
NDUFC2,0.9985992,0.99894166,0.9995056,0.99899244,0.99875027,0.9991156,0.9996835,0.99919915
LTO1,1.0035782,1.0026724,1.0026329,1.0042106,1.003588,1.0037078,1.0019954,1.00376
PCDH11X,1.0076517,1.0058987,1.0043914,1.0072408,1.0069036,1.0068246,1.0032763,1.0060899
IFITM3,0.9952727,0.99645567,0.99685466,0.99475396,0.99515235,0.99516106,0.99755096,0.9949484
PXT1,1.0004691,1.0003576,1.0005168,1.0006859,1.0006093,1.0007532,1.0004454,1.0006567
TGIF2LX,0.9967072,0.99750435,0.9980099,0.9966529,0.996889,0.9968914,0.9984898,0.9969293
TMEM263,1.0005282,1.0003979,1.0006866,1.000953,1.0007015,1.0011256,1.0006303,1.0004964
SMIM29,1.0007808,1.0005784,1.0003659,1.0005676,1.0005438,1.0004578,1.000222,1.0007379
WFDC10B,0.9969496,0.99768424,0.998171,0.99691033,0.9971161,0.99712014,0.99860924,0.9972241
ATP6V1G1,0.9934192,0.9950018,0.9959831,0.9933131,0.9937798,0.9938531,0.99693817,0.9936566
URAD,0.9967072,0.99750435,0.9980099,0.9966529,0.996889,0.9968914,0.9984898,0.9969293
TRIQK,0.9999759,0.99993753,0.9999654,0.9999245,0.99988353,0.9998902,0.9999775,1.0005322
TOMM20L,0.99735194,0.99799806,0.9984548,0.99733657,0.9975693,0.99754333,0.9988431,0.9979142
GYPA,1.0014228,1.001153,1.0009577,1.0014702,1.0013025,1.0012926,1.0006826,1.0012187
PPP1R11,1.0002,1.0001953,1.0005697,1.0007733,1.0006716,1.0008337,1.0005915,1.0013123
AQP12A,0.9967072,0.99750435,0.9980099,0.9966529,0.996889,0.9968914,0.9984898,0.9969293
IL1F10,0.9967072,0.99750435,0.9980099,0.9966529,0.996889,0.9968914,0.9984898,0.9969293
SUMO1,1.0000662,1.0000527,1.0000924,1.0000653,0.99994993,1.0000203,1.0000322,0.9999995
SHLD1,0.9997787,0.9997598,1.0001975,1.0001373,1.0000739,1.0002657,1.0002598,1.0012342
KRTAP4-7,0.9969666,0.9977012,0.99818164,0.99692714,0.9971349,0.9971372,0.99861777,0.9972124
PPDPFL,0.99674165,0.99753034,0.9980261,0.99668217,0.99691755,0.996915,0.99849993,0.9969486
CYP1B1,1.0013072,1.0009066,1.0009936,1.0015037,1.0012962,1.0015011,1.0007637,1.0013773
MGARP,0.9985174,0.99886626,0.99906445,0.9984536,0.99852407,0.998549,0.9992825,0.99846566
GALNT17,0.9977529,0.99820054,0.9984827,0.9975711,0.99779415,0.9975848,0.99881226,0.9985005
UPK2,0.99514484,0.996257,0.99735296,0.9954899,0.9958203,0.9961039,0.9981342,0.9958831
PATE2,0.99897826,0.99920523,0.9993644,0.9989089,0.9989601,0.9988001,0.99945396,0.99920845
DYNAP,0.99625796,0.9971692,0.9977472,0.9962214,0.99648774,0.9964942,0.998299,0.99651456
GSPT1,1.0000807,1.0001106,1.0002108,1.0002946,1.0002339,1.0004015,1.0002172,0.99934256
TAS2R3,0.9971359,0.9978353,0.99824476,0.9970423,0.9972671,0.9972517,0.9986621,0.9972693
POTEJ,1.0022388,1.0016898,1.0012804,1.0019912,1.002059,1.0020865,1.0009971,1.001997
FAM135B,1.0049572,1.0037682,1.0027577,1.0046034,1.0045247,1.0041771,1.0020279,1.0043886
INTS4,1.0010759,1.0008279,1.0007508,1.0011322,1.0011111,1.0012769,1.0006529,1.0012499
BPIFA2,0.9967072,0.99750435,0.9980099,0.9966529,0.996889,0.9968914,0.9984898,0.9969293
RAMP3,0.9943677,0.99585164,0.9965627,0.9943006,0.99465144,0.99456227,0.99736536,0.9939941
MBD3L1,0.99625796,0.9971692,0.9977472,0.9962214,0.99648774,0.9964942,0.998299,0.99651456
CDC42EP5,0.9997525,0.99980795,0.99981046,0.9996307,0.9996744,0.9996392,0.9998316,0.9996902
EIF1,0.99495065,0.996145,0.99677575,0.9946376,0.9950077,0.9950558,0.99748975,0.99486995
C10orf53,0.9969666,0.9977012,0.99818164,0.99692714,0.9971349,0.9971372,0.99861777,0.9972124
KRTAP10-3,0.9967072,0.99750435,0.9980099,0.9966529,0.996889,0.9968914,0.9984898,0.9969293
CST5,0.99660325,0.9974249,0.99795717,0.99656415,0.99680483,0.9968184,0.9984561,0.996881
GAD2,1.0000796,1.0000119,1.0000331,1.0000871,1.0001707,1.0003787,1.0001354,1.0004265
RAB42,1.002234,1.001709,1.0012815,1.0020571,1.0019568,1.0019226,1.0009768,1.0023936
C11orf40,0.99667925,0.9974783,0.99799204,0.99662864,0.99685824,0.9968462,0.99846923,0.9969145
VPREB1,0.99678284,0.9975583,0.9980508,0.99672127,0.99695194,0.9969539,0.9985186,0.99700844
FAAP20,1.0011201,1.0009283,1.0007548,1.0011166,1.0010209,1.0010293,1.0005895,1.0007803
PRR13,0.99691176,0.99768984,0.99819,0.996953,0.9971744,0.99716026,0.9986626,0.9972784
TNFAIP8L1,0.9990923,0.9993572,0.99940044,0.99901086,0.9991137,0.99898815,0.99953663,0.9988218
EEF1A2,0.9912677,0.9933785,0.99486303,0.99160403,0.9918904,0.991633,0.9959823,0.9914917
ZBED3,1.004535,1.0035536,1.0027657,1.0045539,1.0044129,1.004288,1.0021293,1.0029825
DAPL1,0.9993229,0.9994696,0.99953485,0.9991424,0.9992626,0.9992265,0.99960923,0.99914503
TAX1BP3,1.0073538,1.0056262,1.0042056,1.006931,1.0066736,1.0063949,1.003082,1.0058632
C9orf57,1.0006087,1.0004553,1.0003972,1.0005296,1.0005276,1.0005611,1.0002917,1.0005672
PLAC9,1.0060033,1.0045674,1.0034859,1.0057256,1.0053527,1.0052619,1.00255,1.0047759
CDK8,1.0075953,1.0057846,1.0049016,1.0078888,1.0073377,1.0074437,1.0038056,1.0081947
FOXD4L2,0.9967072,0.99750435,0.9980099,0.9966529,0.996889,0.9968914,0.9984898,0.9969293
COX14,0.999266,0.9994535,0.9996251,0.9992677,0.9993732,0.9993702,0.9997443,0.99965894
DPAGT1,1.0012821,1.0010185,1.0012896,1.0019078,1.001561,1.0014957,1.0009966,1.0021684
COX20,0.99563915,0.9967803,0.99716544,0.99539447,0.9959099,0.9955415,0.9977782,0.99491954
CRB3,0.9974239,0.9980573,0.9983468,0.9972282,0.9974542,0.99745256,0.99873006,0.9974606
XAGE2,0.99678284,0.9975583,0.9980508,0.99672127,0.99695194,0.9969539,0.9985186,0.99700844
PSCA,0.9972075,0.9978867,0.9982728,0.99710095,0.99735045,0.99739456,0.99872184,0.9974233
RFLNB,1.0031675,1.0024991,1.0018979,1.0031345,1.0029761,1.0027966,1.0013919,1.0016766
GSK3A,0.9967866,0.9976264,0.99813384,0.9968995,0.9972385,0.9972819,0.9986999,0.99710035
TARS2,0.999444,0.99959373,1.0001366,1.0000706,0.9997306,1.000008,1.0001993,1.0004755
KRT6A,0.9967494,0.9975281,0.9980337,0.99669397,0.9969233,0.9969373,0.99850893,0.997002
NUP62CL,0.9998853,0.99994946,0.9998788,0.99976957,0.99983263,0.9997533,0.99990356,0.9998219
CXCL17,0.9972425,0.9979248,0.99834156,0.9972037,0.9974262,0.9974072,0.9987422,0.9973525
FXYD2,0.9967072,0.99750435,0.9980099,0.9966529,0.996889,0.9968914,0.9984898,0.9969293
PPP1R14B,0.99857926,0.99888945,0.9992391,0.99870646,0.9988115,0.998824,0.9994347,0.9984696
MCCD1,0.9967072,0.99750435,0.9980099,0.9966529,0.996889,0.9968914,0.9984898,0.9969293
SNRPG,1.0003607,1.0002605,1.0001533,1.000207,1.0001559,1.000232,1.0000646,0.9996928
LALBA,0.99689305,0.9976382,0.9981091,0.9968208,0.99704486,0.99704194,0.998559,0.99711096
PPDPF,0.9997979,0.99984837,1.0000417,1.00002,0.9998692,1.0000025,1.0000625,0.9998646
NANOS2,0.99654794,0.9973819,0.99792194,0.9965075,0.9967487,0.9967556,0.9984262,0.99681604
ANKRD27,1.0035763,1.0027572,1.002502,1.0039109,1.0036876,1.0039625,1.0020515,1.0041509
CT55,0.99904037,0.99926376,0.9993061,0.9988201,0.9989157,0.9989015,0.9994403,0.99894345
TXNDC8,0.9967072,0.99750435,0.9980099,0.9966529,0.996889,0.9968914,0.9984898,0.9969293
KRBOX1,1.0068537,1.0053258,1.0042007,1.0068166,1.006414,1.0064473,1.0031984,1.0052179
LCN8,0.9967072,0.99750435,0.9980099,0.9966529,0.996889,0.9968914,0.9984898,0.9969293
GOLT1B,1.0028176,1.002213,1.0019612,1.003155,1.0027883,1.0028689,1.0015243,1.0025346
TAS2R38,0.9967072,0.99750435,0.9980099,0.9966529,0.996889,0.9968914,0.9984898,0.9969293
UBL4B,0.9967072,0.99750435,0.9980099,0.9966529,0.996889,0.9968914,0.9984898,0.9969293
FGFBP1,0.9966235,0.9974352,0.99796265,0.9965799,0.9968104,0.99680066,0.9984485,0.99688005
CDKAL1,1.0018815,1.0014484,1.0015218,1.0023209,1.0021011,1.0020365,1.0011764,1.0024729
HBG2,1.0040227,1.003106,1.0026178,1.0041273,1.0036871,1.0036706,1.001899,1.0032879
TCAF1,0.9920616,0.9939652,0.99517435,0.9919971,0.9923927,0.9926257,0.99635434,0.99284405
IGFL1,0.9967072,0.99750435,0.9980099,0.9966529,0.996889,0.9968914,0.9984898,0.9969293
MSMB,0.99675035,0.9975307,0.99801874,0.99667776,0.9969199,0.9969226,0.9984963,0.99694264
CCL26,0.99676675,0.99754906,0.99803686,0.99670285,0.9969377,0.9969303,0.9985063,0.9969621
TNFRSF17,0.9966135,0.9974228,0.9979549,0.9965701,0.99679726,0.9968246,0.9984522,0.99685776
CST3,0.9991782,0.9993477,0.9994984,0.99913466,0.9990967,0.99908376,0.99959415,0.99965787
GAL3ST4,1.0011888,1.0009632,1.0007917,1.0012331,1.00124,1.0013229,1.0006585,1.0007441
SIRPD,0.99669397,0.997493,0.9979974,0.99663734,0.9968741,0.9968695,0.99847806,0.99691224
POLE3,0.9975866,0.9981686,0.9985724,0.99754286,0.9976777,0.9977933,0.9989585,0.99818873
COMMD1,0.99857306,0.9989518,0.9992714,0.99864626,0.9987141,0.99879277,0.99952734,0.9998205
BCL2L2,1.000837,1.0005943,1.0006182,1.0008696,1.0007099,1.0010165,1.0005212,1.000813
GTF2H5,0.99974215,0.99980223,0.99975324,0.9995606,0.99959695,0.99950016,0.9997541,0.9994923
FTHL17,0.9967072,0.99750435,0.9980099,0.9966529,0.996889,0.9968914,0.9984898,0.9969293
NXT1,0.996609,0.9974923,0.9980785,0.99667734,0.9969705,0.9969585,0.99860835,0.997336
RTL8C,0.99988425,0.9999415,0.9998951,0.9997642,0.99986494,0.9997467,0.99989617,0.99986506
CST6,0.99645364,0.99729514,0.99810386,0.9967145,0.99693143,0.9969845,0.998608,0.99723685
MT1E,0.9922657,0.994213,0.9951384,0.9919952,0.9924267,0.99249804,0.9962481,0.99121857
MAPK1IP1L,0.9990901,0.99930006,0.9995732,0.999227,0.99909914,0.99923724,0.9996736,0.9993367
EIF4EBP1,0.997952,0.998452,0.9990618,0.998276,0.99822843,0.9984081,0.9993298,0.998369
IL13,0.99663633,0.9974498,0.997971,0.9965885,0.9968267,0.9968314,0.99846184,0.9968804
KIAA1143,0.9997586,0.99996424,0.9998821,0.9997808,0.99992967,0.99955094,0.99990153,0.9996413
CSAG1,1.000354,1.0002637,1.0002737,1.0003482,1.0002967,1.0004104,1.0002217,1.0002828
SCT,0.9967472,0.99753743,0.9980158,0.99667114,0.9969176,0.9968987,0.99848944,0.9969095
TBX20,0.99751115,0.99812967,0.99836314,0.99726224,0.99747777,0.9973035,0.99868196,0.9973793
RPS27,0.99695706,0.99763584,0.99805176,0.9967387,0.9968838,0.99699557,0.99844056,0.99667704
DCDC2C,0.9972513,0.9978969,0.9983504,0.99721277,0.99738157,0.9974035,0.9987425,0.99756336
CMTM7,0.9948845,0.99615824,0.9967092,0.9945716,0.9952615,0.99513763,0.99755716,0.9949776
CALML5,0.9959248,0.9969233,0.99754685,0.9958931,0.99618715,0.9961928,0.99815243,0.99617505
C11orf74,0.99950475,0.99961555,0.9998857,0.999768,0.9997566,0.99980164,0.9999484,0.9992272
CKLF,0.995255,0.9964521,0.9973793,0.9955853,0.99575883,0.99572444,0.9980502,0.99582434
COX7A2,0.9961282,0.99702585,0.99747515,0.9958061,0.9961379,0.99613494,0.99800336,0.9958484
IL15,0.99860865,0.9989317,0.9991878,0.99859524,0.9986706,0.99876916,0.99940217,0.9987353
ZFP64,1.0019667,1.0014627,1.0012479,1.0019091,1.0017846,1.001868,1.0009224,1.0015213
ENY2,0.99875975,0.99907583,0.99927723,0.9987254,0.99888796,0.9988673,0.9994606,0.9989126
BRD8,1.0007833,1.0005924,1.0004334,1.0006351,1.0006008,1.0007478,1.0003328,1.0005214
TRIM43,0.9966795,0.9974765,0.9979658,0.9965979,0.9968463,0.99684757,0.9984536,0.9967861
ATP5MC1,0.9993746,0.99956155,0.99969834,0.99942195,0.9994834,0.9994154,0.99976075,0.99933684
RPP14,0.9979329,0.99848413,0.9989696,0.9981954,0.9983213,0.99831843,0.99929696,0.99878967
HIST2H2BE,0.9967072,0.99750435,0.9980099,0.9966529,0.996889,0.9968914,0.9984898,0.9969293
MRPS21,0.997184,0.99788266,0.99839157,0.9972534,0.99743474,0.9974891,0.9987786,0.9970875
HIST1H2BB,0.9967072,0.99750435,0.9980099,0.9966529,0.996889,0.9968914,0.9984898,0.9969293
MRPS17,1.0019649,1.0015314,1.0006579,1.0011423,1.0013056,1.0009543,1.0003468,1.0004112
SPINK2,0.9968776,0.9976351,0.9980715,0.996761,0.9969914,0.99697345,0.9985142,0.99697924
TMEM14A,0.99582696,0.9968343,0.9975455,0.9958226,0.99616563,0.9961451,0.99814725,0.9966467
C9orf40,1.0017929,1.0012802,1.0012366,1.0019243,1.001775,1.0018249,1.0009525,1.0020983
NDUFAB1,0.9980247,0.99850637,0.9987608,0.9978678,0.99809396,0.9980165,0.99903715,0.99823576
SERP1,0.9987024,0.99910975,0.99926203,0.99866104,0.99875295,0.99880207,0.99946064,0.9983374
RPLP1,0.99496365,0.9961225,0.99674904,0.9946274,0.99494267,0.9950218,0.9974401,0.9946819
CFAP97D1,0.99704266,0.997761,0.9982058,0.9969722,0.99718946,0.99719214,0.99863696,0.9972445
C3orf18,1.0017881,1.0015612,1.0007397,1.0011758,1.0015568,1.0012608,1.0006081,1.0010037
FANCD2OS,0.99674165,0.99753034,0.9980261,0.99668217,0.99691755,0.996915,0.99849993,0.9969486
CCL3,0.995347,0.9964734,0.9976325,0.9959476,0.9960181,0.99640393,0.9983517,0.99561656
PMAIP1,1.0033177,1.0023847,1.0015929,1.0027943,1.0025283,1.0025206,1.0010781,1.0019772
ACAA2,0.9974253,0.99806964,0.9985901,0.9975215,0.9976694,0.9977392,0.99901056,0.9983148
GGTLC1,0.9993367,0.99950874,0.9994637,0.99906284,0.99926424,0.99916226,0.99957585,0.9992573
BLOC1S4,1.001749,1.0013232,1.0009058,1.0014411,1.0014014,1.0014493,1.0006585,1.000983
C1orf162,0.9967934,0.9976413,0.99808776,0.9967856,0.99701893,0.9968754,0.9985113,0.9968833
HBEGF,0.99902165,0.9993168,0.9992197,0.9987633,0.999017,0.99890554,0.9994307,0.998687
CISD3,1.0034219,1.0025495,1.001938,1.0031859,1.0030463,1.0027996,1.0013494,1.0026641
TMEM256,0.9934226,0.99506295,0.99618757,0.99366903,0.9941263,0.9940542,0.9971974,0.99427575
NPPA,1.0030029,1.0021961,1.0020812,1.0033054,1.0029691,1.0032033,1.001622,1.0031705
TMEM42,1.001154,1.0008932,1.0005468,1.0009266,1.0008829,1.0009353,1.0004008,1.0000464
TMEM250,1.0035602,1.0026153,1.0020936,1.0034771,1.0031477,1.0030802,1.0014886,1.0026792
TRIM49C,0.99705726,0.9977562,0.99819946,0.99697363,0.9971817,0.99716437,0.9986174,0.9972627
TXNRD3,1.0048028,1.0037651,1.002826,1.004538,1.0045258,1.0041778,1.0020893,1.0037429
MS4A13,0.9970044,0.99772966,0.9981998,0.99695987,0.9971665,0.9971639,0.99862945,0.9972353
RETN,0.99710345,0.997766,0.9982929,0.9971195,0.9973767,0.997539,0.99878323,0.99735814
HIGD1C,0.99743414,0.99803954,0.9984181,0.99733984,0.9975105,0.99752355,0.998785,0.9975241
SF3B2,0.99374956,0.9952615,0.9962853,0.99376225,0.9941151,0.9942088,0.9971952,0.99459016
SPATA33,0.99868095,0.9990746,0.9994859,0.9990432,0.9991479,0.99911386,0.99972725,0.999382
PAIP2,0.999077,0.99929065,0.99938124,0.9989233,0.9989747,0.9990673,0.99949706,0.9987058
GAPT,0.99742705,0.998049,0.9986694,0.9976926,0.9977748,0.9979545,0.9990675,0.9978885
DYNLT3,1.0024316,1.0018619,1.001533,1.0024263,1.0021715,1.002212,1.0011338,1.0020103
FABP7,0.9996668,0.9997169,1.0000522,0.9999076,0.9995758,0.9997734,1.0000062,1.0005054
REP15,0.9978224,0.9983507,0.9987755,0.9979125,0.99798,0.9979974,0.9990587,0.9978602
NDUFA3,1.0006286,1.0004184,1.0001214,1.0001856,1.0002437,1.0002211,1.000004,1.0001367
SPATA24,0.99796045,0.99849117,0.9985919,0.9977218,0.99793255,0.99751544,0.9988375,0.9980798
BANF2,0.99726784,0.9979259,0.99842966,0.9973233,0.997488,0.99751675,0.9988179,0.9974439
SLURP1,0.9969834,0.99771553,0.99814427,0.99687815,0.9971126,0.9971045,0.9985827,0.9971036
TXNRD3NB,0.9967072,0.99750435,0.9980099,0.9966529,0.996889,0.9968914,0.9984898,0.9969293
LSMEM1,1.0031693,1.0023688,1.0018256,1.0028946,1.0028398,1.002861,1.0013793,1.0028307
CTNNBL1,0.9986094,0.9989364,0.9994285,0.9989033,0.99892116,0.9991238,0.9996762,0.99989545
PRM1,0.9967072,0.99750435,0.9980099,0.9966529,0.996889,0.9968914,0.9984898,0.9969293
PSORS1C1,0.99660325,0.9974249,0.99795717,0.99656415,0.99680483,0.9968184,0.9984561,0.996881
RPA3,0.9993923,0.9995903,0.99947107,0.99908173,0.99931854,0.9990318,0.99955004,0.99921584
MRPS18C,0.99980974,0.9998579,0.9994977,0.99917424,0.9994204,0.9991632,0.9995444,1.0000231
CSTB,0.9989971,0.99924564,0.9994282,0.99896896,0.9989358,0.9991125,0.99959373,0.9993707
TEX19,0.9967072,0.99750435,0.9980099,0.9966529,0.996889,0.9968914,0.9984898,0.9969293
USP15,1.0037321,1.0027962,1.0022763,1.0036098,1.0033867,1.0034217,1.0016863,1.0038192
VN1R1,0.9972378,0.99793243,0.99844515,0.99737006,0.99746674,0.99744403,0.99880546,0.99728155
CLEC5A,1.001204,1.0009462,1.0008296,1.0012323,1.0011349,1.0010822,1.00061,1.0012796
MZT2B,0.99740815,0.9981167,0.9985232,0.99746656,0.99766004,0.99754477,0.99891704,0.9981133
C11orf71,0.9985862,0.99896204,0.99917305,0.9984963,0.99868274,0.99889874,0.99950105,0.9993994
TAS2R50,0.9967486,0.99753284,0.9980187,0.9966763,0.9969168,0.99691707,0.9984941,0.99689794
IL5,0.9967072,0.99750435,0.9980099,0.9966529,0.996889,0.9968914,0.9984898,0.9969293
H3F3C,0.9967072,0.99750435,0.9980099,0.9966529,0.996889,0.9968914,0.9984898,0.9969293
TMEM60,0.9966804,0.99746037,0.9981567,0.9968645,0.9969996,0.9970417,0.99864,0.9972602
PAGE1,0.9967339,0.9975202,0.9980216,0.9966754,0.99690783,0.9969073,0.9984963,0.99697113
PHLDA3,1.000534,1.0004196,1.0001531,1.0002891,1.0003821,1.0001756,1.0000522,0.99997485
AHSA2P,1.0026239,1.0019447,1.0016246,1.002618,1.0023286,1.0026443,1.0012825,1.0022755
MERTK,0.99599475,0.99698746,0.9972601,0.9954418,0.99583507,0.99593353,0.99785876,0.9951766
RNASE9,0.9967072,0.99750435,0.9980099,0.9966529,0.996889,0.9968914,0.9984898,0.9969293
RIPPLY2,1.0100563,1.0076175,1.006477,1.0104693,1.0096841,1.0098307,1.0049798,1.0103986
GCK,0.99981534,0.99978447,1.0000021,0.99993443,0.9997616,0.9998972,0.99999547,1.0004251
PKP1,0.99775785,0.9983196,0.998752,0.99788684,0.9979394,0.99794936,0.99904853,0.9976839
RPL36,0.9996369,0.9997133,0.9996749,0.99942863,0.9994658,0.9994237,0.99969673,0.99947774
MBD4,1.0006123,1.0004926,1.000256,1.0003862,1.0004542,1.0004501,1.0002137,1.000605
LY6G6C,0.9989562,0.999143,0.9994755,0.99910134,0.9990451,0.9990457,0.9995748,0.9991614
PIH1D3,0.99878436,0.99905396,0.99917483,0.998597,0.99876213,0.9986415,0.9993315,0.9989085
JCHAIN,0.996326,0.99722165,0.9977845,0.99628305,0.99654746,0.99655163,0.9983257,0.99656135
OPALIN,1.000464,1.0003353,1.0003519,1.000462,1.0003633,1.0005342,1.0002767,1.0003697
TMEM154,0.997205,0.9978251,0.99840295,0.99733067,0.9974536,0.99749255,0.9987872,0.9973645
SPINK4,0.9970038,0.9977282,0.9981953,0.99695253,0.99715954,0.9971845,0.998631,0.99717546
SIDT1,1.0032153,1.0024302,1.0020164,1.0031183,1.0028886,1.003082,1.0015559,1.0033187
C15orf40,0.99882954,0.9991535,0.9995191,0.9992062,0.99917793,0.99947226,0.99978703,0.99872756
TET3,0.9894928,0.99200463,0.9929779,0.9886386,0.98963416,0.98937094,0.99455285,0.988943
PLA2G2E,0.9967072,0.99750435,0.9980099,0.9966529,0.996889,0.9968914,0.9984898,0.9969293
HBZ,1.0004659,1.00053,1.0005208,1.0004776,1.0004998,1.0005494,1.0003793,0.99982685
NDUFB3,0.998703,0.99909925,0.99921906,0.99864686,0.9988322,0.99881035,0.9994561,0.9985308
CDK2AP2,0.9996078,0.99975353,0.9998996,0.99964726,0.99974227,0.99988306,1.000006,0.99978375
TAS2R30,1.0000145,1.0000415,1.000015,0.99993294,1.0000309,1.0000204,1.0000296,0.9999137
POLG2,1.0047781,1.003675,1.0028692,1.0046484,1.0044702,1.0042119,1.0021808,1.0056049
IGLL1,0.99734604,0.99799836,0.9983454,0.99720216,0.997418,0.9973665,0.9987196,0.99757373
NKX6-3,0.9963473,0.9972339,0.99783796,0.9963544,0.99659204,0.9966352,0.9983756,0.9966861
DEFB118,1.001188,1.0009211,1.0006127,1.0009502,1.0009608,1.000989,1.0004624,1.0007582
MSMP,1.0010597,1.0008317,1.0007602,1.0010973,1.0010312,1.0011225,1.0006006,1.0010628
CST9,0.9967072,0.99750435,0.9980099,0.9966529,0.996889,0.9968914,0.9984898,0.9969293
OCM2,0.9967072,0.99750435,0.9980099,0.9966529,0.996889,0.9968914,0.9984898,0.9969293
GHRH,0.9961479,0.99706876,0.99772483,0.99619746,0.99643147,0.9964267,0.99828553,0.99651945
TPRKB,1.0003315,1.0001948,1.0005145,1.0007117,1.000417,1.0007769,1.0004635,1.0010242
CMTM3,0.9967431,0.9975374,0.9980568,0.99666035,0.9968441,0.9968888,0.9985194,0.9969739
HBM,1.0052313,1.0038974,1.0031598,1.0051657,1.0045882,1.004848,1.0023227,1.0042785
TMEM215,0.99943537,0.99961126,0.999913,0.99974173,0.9997239,0.99988043,1.000042,0.9999382
TAS2R8,0.9965755,0.99740267,0.99793434,0.9965306,0.9967713,0.9967736,0.9984338,0.9968317
ZG16B,0.9976196,0.99818283,0.99859273,0.99760306,0.9977454,0.99780256,0.99893916,0.99781024
TMEM52,1.001153,1.0008186,1.0007151,1.0011172,1.0009539,1.0010375,1.000533,1.0014627
B2M,0.99686635,0.99759924,0.99824286,0.9969877,0.99696803,0.99711794,0.9986598,0.9977014
SMIM19,0.9992593,0.99955773,0.99956506,0.9991535,0.99941766,0.9992966,0.99972373,0.9989551
TMEM119,0.997266,0.997939,0.9981041,0.9968678,0.9971676,0.99707526,0.9984784,0.9964974
LCN15,0.9968511,0.9976101,0.99808735,0.99678636,0.9970101,0.9969933,0.9985382,0.99703825
NPPB,0.99801445,0.99847674,0.99876,0.9979205,0.99807465,0.9980805,0.9990412,0.997874
CLEC19A,0.99820733,0.998592,0.99872285,0.9979435,0.9981884,0.9981356,0.9990187,0.99808407
CDC42SE1,0.9978187,0.9984498,0.99890316,0.9980638,0.9981647,0.998314,0.9992565,0.9976142
C3orf22,0.9968146,0.99758285,0.9980695,0.9967543,0.99697936,0.9969673,0.99852663,0.99701464
HIGD1B,0.9887388,0.99151844,0.99326026,0.9887526,0.9895508,0.98974043,0.99501455,0.9897364
DNAJC24,1.006162,1.0046915,1.0042028,1.0067248,1.0059369,1.0062443,1.003248,1.0065081
CDPF1,1.005538,1.0043718,1.0034118,1.0055404,1.0053103,1.0053352,1.0026792,1.004341
SSX1,0.99669164,0.99748874,0.9979889,0.996627,0.99686813,0.9968714,0.9984733,0.9968631
TMEM126B,1.0032701,1.0025156,1.0019993,1.0031929,1.0031166,1.0031393,1.0015662,1.0031637
PTTG2,1.0013435,1.0010953,1.001104,1.0017381,1.0016227,1.0017538,1.0010023,1.0018437
FAM163B,0.9977165,0.99826854,0.9986061,0.9976375,0.99780047,0.9977865,0.99892426,0.9977523
IFNA8,0.9967072,0.99750435,0.9980099,0.9966529,0.996889,0.9968914,0.9984898,0.9969293
TMEM125,0.9963354,0.9972179,0.9977839,0.99632704,0.9965602,0.9965011,0.99831647,0.997097
NPW,0.9968867,0.9976828,0.9982494,0.99696136,0.9971108,0.9972154,0.99869055,0.9970648
N6AMT1,1.001813,1.0013504,1.0012665,1.0019941,1.0015553,1.0016255,1.0009205,1.0023315
C17orf103,0.9967072,0.99750435,0.9980099,0.9966529,0.996889,0.9968914,0.9984898,0.9969293
OTOR,0.9997018,0.99978495,0.9998827,0.99970794,0.99976766,0.9997603,0.9999253,0.99962884
OTOS,0.9988811,0.99919087,0.99922645,0.99865925,0.9987999,0.9986967,0.9993737,0.9988017
RAMP1,0.98988724,0.9925022,0.9940907,0.9903054,0.9908846,0.9906087,0.9955569,0.9901457
OSM,0.9977424,0.9982337,0.9984056,0.9973999,0.99767864,0.9976231,0.9987296,0.99710757
RNASE11,0.9967072,0.99750435,0.9980099,0.9966529,0.996889,0.9968914,0.9984898,0.9969293
TEN1,1.0022073,1.001677,1.001251,1.0019819,1.0018673,1.0018506,1.0009166,1.0017437
SERTAD3,1.0010831,1.0008804,1.0006781,1.0009928,1.0009518,1.0007855,1.0004704,1.001015
IL23A,0.99975145,0.999815,0.9998348,0.9996363,0.99969286,0.9996894,0.9998628,0.99976707
PYCARD,0.9947324,0.9959717,0.9967886,0.9946548,0.9950597,0.99516165,0.99759173,0.99505085
C15orf53,0.9967072,0.99750435,0.9980099,0.9966529,0.996889,0.9968914,0.9984898,0.9969293
CRIPT,1.0021193,1.0015608,1.0013431,1.0020814,1.0017968,1.0021274,1.0010244,1.0021696
INTS6,1.0028633,1.0021505,1.001724,1.0027757,1.0024639,1.0025122,1.0012804,1.0031056
SEM1,0.9991904,0.9993911,0.9993875,0.9989209,0.9990443,0.9990984,0.9995153,0.99905705
SHISAL2A,0.997798,0.9983495,0.99887645,0.9980525,0.9980389,0.99818826,0.9991967,0.9980195
CGA,0.9976245,0.99824905,0.99883115,0.9977075,0.9979071,0.9978683,0.999068,0.99809897
TCEAL3,1.0005165,1.0004954,1.0003104,1.0004436,1.0005679,1.0004163,1.0002728,1.0003713
IFRG15,0.9967072,0.99750435,0.9980099,0.9966529,0.996889,0.9968914,0.9984898,0.9969293
TAC1,0.9798801,0.98470247,0.98780245,0.97990406,0.9812563,0.9812796,0.9907705,0.98165727
NDUFB1,0.9968442,0.9976231,0.9979913,0.9965979,0.9968684,0.99680835,0.9984215,0.9969597
SMIM21,0.99654794,0.9973819,0.99792194,0.9965075,0.9967487,0.9967556,0.9984262,0.99681604
AL049829.1,0.9967072,0.99750435,0.9980099,0.9966529,0.996889,0.9968914,0.9984898,0.9969293
RNASE3,0.9970251,0.99778223,0.9981425,0.9968765,0.997141,0.9970763,0.99857295,0.9970368
ANKRD37,0.9982142,0.9988295,0.999025,0.9981874,0.99835145,0.9986189,0.99940705,0.99818784
KISS1,0.9974338,0.9980548,0.9984734,0.99739766,0.9975619,0.99759275,0.99884194,0.9976616
OIP5,0.9950909,0.9963304,0.99733233,0.9954467,0.99565995,0.9954418,0.9979874,0.9961048
PTH,0.9967072,0.99750435,0.9980099,0.9966529,0.996889,0.9968914,0.9984898,0.9969293
CST4,0.9966953,0.9974985,0.99799263,0.9966278,0.9968753,0.99686563,0.99847555,0.99688196
IL36A,0.9967072,0.99750435,0.9980099,0.9966529,0.996889,0.9968914,0.9984898,0.9969293
RNASE13,0.99674165,0.99753034,0.9980261,0.99668217,0.99691755,0.996915,0.99849993,0.9969486
C1orf54,0.99692076,0.99763405,0.9979613,0.9965923,0.99667746,0.99677825,0.9983883,0.9972543
C15orf61,0.99677664,0.9975908,0.9984566,0.99723744,0.997406,0.9975574,0.9990047,0.9986145
FAM9C,0.99663633,0.9974498,0.997971,0.9965885,0.9968267,0.9968314,0.99846184,0.9968804
PPIL3,1.0014784,1.0012352,1.0008292,1.0012687,1.0013251,1.0011127,1.000588,1.0007584
HIST1H2BM,0.9967072,0.99750435,0.9980099,0.9966529,0.996889,0.9968914,0.9984898,0.9969293
ISCA1,0.99790466,0.9984349,0.9986712,0.99774384,0.99795395,0.99795014,0.99899626,0.9979921
TAC4,0.996789,0.9975593,0.9980664,0.9967406,0.9969533,0.9969678,0.9985279,0.99701846
KRTAP4-5,0.9968146,0.99758285,0.9980695,0.9967543,0.99697936,0.9969673,0.99852663,0.99701464
C1orf186,0.9967072,0.99750435,0.9980099,0.9966529,0.996889,0.9968914,0.9984898,0.9969293
LARS2,0.99952054,0.999688,1.0000186,0.9999374,0.9997555,0.9995426,1.0000018,1.0003003
C9orf85,1.0048574,1.0037296,1.0028262,1.0046248,1.0043967,1.0041968,1.0020828,1.0038538
SUB1,0.9982273,0.99864,0.99889356,0.99813664,0.9982443,0.9982954,0.9991151,0.9978527
CER1,0.9973916,0.9980223,0.9984429,0.99737203,0.99755406,0.9975753,0.99882925,0.9974964
CERS6,0.9869337,0.99010485,0.99182546,0.9865576,0.98767805,0.98760045,0.99380046,0.98726124
FGF16,0.9967072,0.99750435,0.9980099,0.9966529,0.996889,0.9968914,0.9984898,0.9969293
GSTA1,0.9976096,0.99816555,0.9985601,0.9975547,0.9976922,0.99766153,0.9988755,0.99787086
TSTD1,0.9997228,0.99973524,1.0002623,1.0002813,1.0001123,1.00028,1.0003003,1.0007923
ISG15,1.0007675,1.0005329,1.0005603,1.0008467,1.0006138,1.000576,1.0003643,1.0011228
H2BFWT,0.9967072,0.99750435,0.9980099,0.9966529,0.996889,0.9968914,0.9984898,0.9969293
SOX17,0.99738264,0.99799836,0.99818873,0.9970014,0.99716383,0.9971467,0.9985208,0.9967047
MRPL36,0.9995109,0.99961424,0.9994582,0.99905074,0.9990889,0.9989929,0.9994869,0.9992882
CYCS,0.9939257,0.9954001,0.99625385,0.99377704,0.9942217,0.99424267,0.99714565,0.9941226
CSTA,0.9984741,0.9988191,0.9989908,0.9982556,0.99840343,0.9984437,0.99920213,0.9986074
IFNA10,0.99674165,0.99753034,0.9980261,0.99668217,0.99691755,0.996915,0.99849993,0.9969486
CYYR1,0.9934007,0.9951662,0.9960189,0.99336946,0.99402237,0.99363315,0.9970297,0.9943381
ANAPC13,1.0000987,1.0000651,1.0000477,1.000047,1.0000875,0.9999666,1.0000156,1.000339
SST,1.0001361,1.0001917,1.0005925,1.0007361,1.0005119,1.000755,1.0005883,1.0007212
MFGE8,1.0008514,1.000674,1.0006524,1.0009887,1.0006799,1.0007257,1.0004892,1.0013227
COLCA2,1.0006762,1.0005412,1.0001547,1.0002415,1.000347,1.0002031,1.000059,1.000072
WDR83OS,0.9984395,0.99880373,0.99899197,0.99829125,0.9983985,0.9984239,0.999182,0.9981551
MRPL30,0.99800694,0.9985305,0.99887264,0.9980471,0.99824315,0.99821156,0.9991981,0.9986573
GTF2A2,0.99868083,0.99901485,0.9992545,0.998689,0.99873453,0.9987557,0.99942636,0.9988142
APOM,0.99862313,0.99885046,0.99911153,0.9984889,0.99861443,0.9986889,0.9993262,0.9986613
MTTP,1.0012414,1.0006803,1.0008496,1.001219,1.0007524,1.001111,1.0006112,1.0034943
C1orf189,0.99829483,0.99871504,0.9989046,0.998155,0.9983072,0.99820316,0.99914396,0.998516
C5orf15,0.99950475,0.9997219,0.99971235,0.99940586,0.9994348,0.9995719,0.9998319,0.9995549
LAGE3,1.0015111,1.0013005,1.0007528,1.0012624,1.0013895,1.0013034,1.0006455,1.0008119
SELENOK,0.99689233,0.99764043,0.99809265,0.99683535,0.99700093,0.9969379,0.9985111,0.99701774
POLD4,0.9997812,0.9998287,1.0001692,1.0001128,1.0000377,1.0003803,1.0002807,1.0005618
CENPX,0.9967072,0.99750435,0.9980099,0.9966529,0.996889,0.9968914,0.9984898,0.9969293
PAEP,0.9971288,0.9978236,0.9982004,0.99698293,0.99720114,0.99714136,0.99859333,0.99713564
CT47B1,0.9967072,0.99750435,0.9980099,0.9966529,0.996889,0.9968914,0.9984898,0.9969293
HMGA1,0.99829525,0.9987257,0.9991614,0.9985416,0.9985766,0.998548,0.99940336,0.9990918
LY6L,0.9967072,0.99750435,0.9980099,0.9966529,0.996889,0.9968914,0.9984898,0.9969293
HBA2,1.0019617,1.0015548,1.0013382,1.0020437,1.0017302,1.001548,1.0008984,1.0017915
INAFM1,0.9989151,0.99928486,0.9996848,0.9994869,0.99943066,0.9991139,0.99978536,0.99901056
MLH1,0.9970547,0.9977411,0.9981866,0.99709344,0.9971937,0.9970757,0.9985924,0.99692786
GTSF1L,0.99674165,0.99753034,0.9980261,0.99668217,0.99691755,0.996915,0.99849993,0.9969486
CST7,0.99769497,0.9982195,0.9986862,0.9977251,0.99779725,0.9980109,0.99902475,0.9977621
AC022532.1,0.9967072,0.99750435,0.9980099,0.9966529,0.996889,0.9968914,0.9984898,0.9969293
NDUFB7,0.99994314,0.99996024,1.0002916,1.0002916,1.0001048,1.0003432,1.0002829,1.0005848
ATP6V1F,0.99908364,0.999323,0.99944794,0.99901056,0.9991276,0.9992185,0.9995897,0.9988018
ACOT6,0.9950081,0.9962275,0.99708545,0.9951291,0.9954227,0.99546915,0.99782515,0.99545264
NAT14,0.9985541,0.9989822,0.99904215,0.9984679,0.9986234,0.9983479,0.99922204,0.9975929
TMEM207,0.9967072,0.99750435,0.9980099,0.9966529,0.996889,0.9968914,0.9984898,0.9969293
TAS2R31,0.9981673,0.99864495,0.99878776,0.9979323,0.99813855,0.99809027,0.9990623,0.9980674
FAM167A,0.99819905,0.99875414,0.9988034,0.9980384,0.9984933,0.99831885,0.9992056,0.99822104
ERICH2,0.99622315,0.9972238,0.997977,0.9965457,0.9967154,0.9968507,0.9985614,0.99639904
KLRC4,0.9974376,0.9980438,0.9984781,0.99741745,0.9975829,0.99759245,0.99884,0.99774337
MS4A5,0.99630404,0.99720514,0.99777544,0.99626535,0.99653006,0.996539,0.9983207,0.99655044
NUTM2B,0.99873036,0.9990064,0.99935955,0.99885595,0.99893415,0.9991428,0.9996054,0.99925
ARMCX6,1.000287,1.000179,1.0004905,1.0006962,1.0005772,1.0008409,1.0004755,1.0004387
LCE5A,0.99676675,0.99754906,0.99803686,0.99670285,0.9969377,0.9969303,0.9985063,0.9969621
LY6G6D,0.99854076,0.9988828,0.9991778,0.9985626,0.99869055,0.99873793,0.9994159,0.9988671
AGR3,0.99641633,0.9972908,0.99782443,0.9963509,0.9966208,0.9966152,0.9983531,0.9966117
SAP25,1.0018739,1.0013251,1.0010021,1.0016294,1.0016358,1.0013435,1.0006727,1.002085
RPRML,0.996951,0.9976448,0.99816954,0.99695855,0.99715173,0.9971645,0.9986154,0.9972366
MAL,0.9969706,0.997685,0.99851656,0.99742424,0.9975486,0.99767417,0.9989769,0.9980457
CDKN2D,0.99460423,0.99595785,0.9968645,0.99473023,0.99514043,0.99519825,0.99768126,0.9949689
RBP2,0.99822795,0.9986657,0.9989352,0.99817836,0.99831593,0.99835324,0.99921125,0.99833804
TIMM10,1.0004188,1.0003544,1.000484,1.0006884,1.0004516,1.0006263,1.0003934,1.0003064
IL7,1.0018016,1.001397,1.0009798,1.0015249,1.0014719,1.0014809,1.0007036,1.0013939
KCNE4,0.9943234,0.9957982,0.9966934,0.9944153,0.99493074,0.99524117,0.99772316,0.9949148
IL4,0.9967072,0.99750435,0.9980099,0.9966529,0.996889,0.9968914,0.9984898,0.9969293
ICOS,0.9960582,0.9970374,0.9976461,0.9960295,0.996341,0.99632263,0.9982313,0.9965198
CPLX4,0.99663633,0.9974498,0.997971,0.9965885,0.9968267,0.9968314,0.99846184,0.9968804
PIN4,0.9954901,0.99657506,0.9973806,0.9956168,0.9960006,0.99599606,0.9980653,0.99600035
HAUS2,1.0000868,1.0001162,1.0001283,1.0001554,1.000056,0.9997611,1.0000063,0.9998659
C16orf91,1.0013943,1.0011028,1.0006615,1.0010933,1.0010264,1.0007597,1.0003804,1.0007176
MRPL27,0.9972882,0.99791527,0.9984501,0.9973444,0.9974083,0.9975395,0.9988507,0.9982562
FAM163A,0.9979769,0.99844545,0.9987098,0.99784696,0.99801666,0.99791914,0.9989756,0.998003
PVALB,0.9967072,0.99750435,0.9980099,0.9966529,0.996889,0.9968914,0.9984898,0.9969293
RP11-211G3.3,0.9967072,0.99750435,0.9980099,0.9966529,0.996889,0.9968914,0.9984898,0.9969293
GOLGA6B,0.99674165,0.99753034,0.9980261,0.99668217,0.99691755,0.996915,0.99849993,0.9969486
UCMA,0.9969421,0.9976789,0.99815524,0.99689233,0.9971058,0.9971088,0.99859715,0.9971384
SNRPE,0.99793696,0.998368,0.99876475,0.9978999,0.9979673,0.9981546,0.99905264,0.99820805
TMEM225,0.9970448,0.99776,0.9982164,0.99699223,0.99719846,0.99718666,0.9986385,0.99725413
RPLP2,0.99528885,0.9963825,0.9969426,0.9949391,0.99524415,0.9953067,0.9975867,0.99501365
UBD,1.0002759,1.0002048,1.0001372,1.0001941,1.0001434,1.0001775,1.0001173,1.0005143
CDC42SE2,1.0021119,1.0017132,1.0011122,1.0017604,1.0018802,1.0015304,1.0007787,1.0016396
HIGD1A,1.002883,1.0022243,1.0017778,1.0028291,1.002595,1.002609,1.0013326,1.0028203
KRTAP10-10,0.9967072,0.99750435,0.9980099,0.9966529,0.996889,0.9968914,0.9984898,0.9969293
DEFB112,0.9969254,0.99766386,0.99813175,0.9968598,0.9970732,0.9970467,0.99856544,0.9971044
RP11-508N12.4,0.9967072,0.99750435,0.9980099,0.9966529,0.996889,0.9968914,0.9984898,0.9969293
IFNL3,0.9967072,0.99750435,0.9980099,0.9966529,0.996889,0.9968914,0.9984898,0.9969293
USP49,1.0011528,1.0008283,1.0006566,1.0010855,1.0009105,1.0010234,1.0004367,1.0003717
IFNB1,0.99693257,0.99766874,0.99811316,0.9968428,0.99707043,0.99704283,0.9985524,0.9970276
C12orf71,0.9976768,0.99821836,0.99842143,0.99742925,0.99766517,0.99753976,0.9987437,0.9972736
EVA1A,0.99857724,0.9989134,0.99905515,0.9983865,0.9984672,0.9984325,0.99922407,0.9986301
ZNHIT3,0.995386,0.9966166,0.9972408,0.99539566,0.995908,0.99572194,0.9979464,0.9953299
CDC26,0.9986048,0.99894977,0.99959815,0.999221,0.9991461,0.9993264,0.9998282,0.9991709
DPPA3,0.9984577,0.99878633,0.99916255,0.9985379,0.9985698,0.99861443,0.99936676,0.99890625
AKAP9,0.99202025,0.9939326,0.99499416,0.99174285,0.9923396,0.99236035,0.99615246,0.99210453
NINL,0.9958471,0.9968785,0.9973135,0.99567837,0.9960139,0.9955766,0.99786645,0.9960822
C4orf45,0.9969315,0.99766815,0.99822813,0.99702156,0.99717915,0.99717236,0.99865925,0.9972031
GLUL,0.99910605,0.9993067,0.99945813,0.99904466,0.9990784,0.9991388,0.9995754,0.99917614
PPP1R14A,1.0031695,1.0024385,1.0021354,1.0033842,1.0030943,1.0030279,1.0016232,1.0039016
SPATA3,0.99669784,0.997489,0.9979882,0.99662924,0.9968678,0.996868,0.9984704,0.996887
TCIM,0.9846617,0.9886259,0.9902628,0.9840499,0.9857149,0.9852796,0.9928121,0.98595506
KCNE5,0.99523604,0.9963708,0.99774253,0.99617803,0.9960853,0.99642766,0.9984735,0.9965614
OXLD1,0.99757177,0.99825346,0.9982907,0.9972248,0.997578,0.9974899,0.9987531,0.99713755
PQLC2L,0.9967072,0.99750435,0.9980099,0.9966529,0.996889,0.9968914,0.9984898,0.9969293
IGSF3,0.9957622,0.996763,0.997518,0.9958447,0.99609363,0.99633706,0.99821806,0.9966205
ARHGAP11B,0.99840593,0.9988117,0.99915755,0.9984753,0.9983748,0.99839497,0.99929255,0.99864066
RAET1L,1.0002965,1.0002455,1.0000337,0.9999424,1.0000753,0.999974,0.9999889,1.0002749
ARPP19,0.9959048,0.99696344,0.99750096,0.9958296,0.99610126,0.99602556,0.99807465,0.99577796
CRH,1.002122,1.0014826,1.0011096,1.0018605,1.0017519,1.0017724,1.000757,1.0015343
TNFAIP8L2,0.99938196,0.99957854,0.99941146,0.9989794,0.99920726,0.99917793,0.9995175,0.9985402
NRN1,0.99178016,0.9937959,0.99497974,0.99163496,0.99258244,0.9926621,0.9963132,0.9914061
HIST2H2BF,0.9967072,0.99750435,0.9980099,0.9966529,0.996889,0.9968914,0.9984898,0.9969293
ARHGAP33,1.0023686,1.0018474,1.0011162,1.0019059,1.0019348,1.001604,1.0007513,1.0014515
STUM,1.002415,1.0017381,1.0011846,1.0019656,1.001751,1.0019464,1.0008266,1.0015354
AC087645.1,0.9967072,0.99750435,0.9980099,0.9966529,0.996889,0.9968914,0.9984898,0.9969293
IL37,0.9969666,0.9977012,0.99818164,0.99692714,0.9971349,0.9971372,0.99861777,0.9972124
SLC2A2,0.9963694,0.99725133,0.99779475,0.996309,0.99657714,0.9965795,0.9983312,0.9965327
CLEC2A,0.99931324,0.99949324,0.99960375,0.9992364,0.99933255,0.9993187,0.99970245,0.99953145
TMEM158,0.9962925,0.9972916,0.9978388,0.99638116,0.99679685,0.99679613,0.9985041,0.99641246
TMEM220,1.0004997,1.0003538,1.0001872,1.0002582,1.0003692,1.0003477,1.0001484,1.0004952
RNASE12,0.99663633,0.9974498,0.997971,0.9965885,0.9968267,0.9968314,0.99846184,0.9968804
REG1A,0.99674165,0.99753034,0.9980261,0.99668217,0.99691755,0.996915,0.99849993,0.9969486
PRIMA1,1.0003024,1.0002097,1.0003052,1.0003707,1.000273,1.0003284,1.0002245,1.0006382
BCL2,0.9977263,0.99826956,0.9988074,0.99799335,0.99778306,0.9978359,0.99906355,0.99796844
CCDC140,0.99937403,0.99951243,0.9996043,0.99930847,0.99936604,0.9993917,0.9996944,0.9991511
C1D,0.9955007,0.9966824,0.9976696,0.99596524,0.99628675,0.9963381,0.99840236,0.9966645
SRGAP1,0.9939939,0.9954233,0.996217,0.9937673,0.99425524,0.99426746,0.9971192,0.9941621
REG3G,0.9967072,0.99750435,0.9980099,0.9966529,0.996889,0.9968914,0.9984898,0.9969293
IGSF23,0.99665153,0.9974611,0.9979777,0.99660337,0.99684346,0.9968476,0.99846804,0.9969044
FABP12,0.9967625,0.99755025,0.998029,0.996688,0.9969337,0.99692196,0.99850154,0.9969264
CITED4,1.003124,1.0024142,1.0020298,1.0031395,1.0029373,1.0029447,1.0015576,1.0032369
KRTAP4-12,0.9967486,0.99753284,0.9980187,0.9966763,0.9969168,0.99691707,0.9984941,0.99689794
SELENOM,0.9996997,0.99972904,1.0004312,1.0005474,1.0000856,1.0005676,1.0004529,1.0002483
PITX1,1.0000184,1.0,0.99976707,0.99958664,0.99969554,0.99959207,0.99972224,0.9993791
TAL2,1.0055678,1.0041519,1.0030345,1.0050535,1.0048945,1.0048264,1.0022155,1.004371
C19orf70,0.9967072,0.99750435,0.9980099,0.9966529,0.996889,0.9968914,0.9984898,0.9969293
TLR7,0.9961289,0.9970273,0.9975817,0.99592304,0.9962482,0.9963645,0.99813974,0.9959197
C3orf35,1.0014068,1.0010326,1.0008762,1.0013709,1.0012147,1.0012491,1.000632,1.0012786
POLR3K,0.99903333,0.9993788,0.9992533,0.9988291,0.9990076,0.99848074,0.9993239,0.9986411
KRTAP4-6,0.99654114,0.99738216,0.9979336,0.9965164,0.9967462,0.9967662,0.9984351,0.9967669
SERHL2,0.9974377,0.99801666,0.99884546,0.997962,0.9979512,0.9982326,0.99927187,0.9988228
SPATA25,0.9959828,0.9969618,0.99758655,0.99596906,0.99624467,0.99624217,0.99817324,0.99609256
AARD,0.9989313,0.9991912,0.99958754,0.999219,0.9991033,0.999238,0.9997179,0.9991143
TMEM139,1.0001161,1.000031,1.0002677,1.0003012,1.000118,1.000285,1.0002037,1.0007676
LARP1B,1.002306,1.0017984,1.0015539,1.0023911,1.0022287,1.0023892,1.0012251,1.0023499
NDUFC1,0.99803424,0.9985062,0.9987091,0.9978512,0.9979824,0.99793154,0.99896073,0.9978359
C10orf126,0.99629223,0.997172,0.99778247,0.996284,0.99653137,0.99657845,0.99833566,0.9967338
ZRSR2P1,0.9967072,0.99750435,0.9980099,0.9966529,0.996889,0.9968914,0.9984898,0.9969293
KRTAP4-8,0.99674165,0.99753034,0.9980261,0.99668217,0.99691755,0.996915,0.99849993,0.9969486
MS4A12,0.99674165,0.99753034,0.9980261,0.99668217,0.99691755,0.996915,0.99849993,0.9969486
GABRA2,1.0050683,1.0038309,1.0032378,1.0050887,1.0046687,1.0049763,1.0025032,1.0053349
C11orf91,0.9986927,0.99898154,0.9993975,0.99889505,0.9989197,0.9990344,0.9995732,0.9989424
GLIPR2,1.0008388,1.0006454,1.0004569,1.0007294,1.0007594,1.0005653,1.000363,1.001537
BEX2,0.9962262,0.99719334,0.99811125,0.99669486,0.9968382,0.99699175,0.9986371,0.9965827
C2CD6,1.0002449,1.0001996,1.0001318,1.0001483,1.0001765,1.0003182,1.000167,1.0004038
FAM9B,0.9982254,0.9986377,0.9990142,0.99826634,0.99831384,0.99847347,0.9992912,0.9988596
CXorf66,0.9967072,0.99750435,0.9980099,0.9966529,0.996889,0.9968914,0.9984898,0.9969293
POTEG,0.9967072,0.99750435,0.9980099,0.9966529,0.996889,0.9968914,0.9984898,0.9969293
INO80C,1.0033399,1.0025926,1.0019339,1.0031393,1.0031251,1.0027405,1.0014544,1.0039055
TMEM247,0.99663633,0.9974498,0.997971,0.9965885,0.9968267,0.9968314,0.99846184,0.9968804
NOMO3,0.99673396,0.99752086,0.9980248,0.9966804,0.9969082,0.99689806,0.99849415,0.9969568
LHB,0.99655473,0.99739933,0.99795234,0.99656224,0.9967745,0.9967077,0.9984259,0.99679816
KLRC3,0.9971819,0.9979341,0.99856365,0.99754167,0.9975729,0.9976154,0.99899036,0.99802417
H1FOO,0.9967072,0.99750435,0.9980099,0.9966529,0.996889,0.9968914,0.9984898,0.9969293
GALP,1.0012994,1.000964,1.0012724,1.0018897,1.0015343,1.001936,1.0010545,1.0016336
LAMTOR4,1.0000985,1.0000737,0.99985707,0.9997221,0.99981475,0.9998458,0.9998561,0.99968886
LRRC20,0.99952215,0.99965787,0.9997857,0.9995428,0.9997289,0.9995607,0.9999052,1.0004921
BGLAP,0.99930656,0.99953055,0.99972343,0.99941707,0.9995494,0.99958503,0.9998893,1.0000283
KLRF2,0.99668026,0.99747914,0.9979962,0.99663115,0.996866,0.99687994,0.99848247,0.99692774
CDC42EP2,1.0056851,1.0043168,1.0032598,1.005348,1.0049381,1.0048506,1.0023546,1.0046741
KCNE3,0.999109,0.99930793,0.99928147,0.99876535,0.9989685,0.998809,0.9993932,0.99929583
FAM174A,1.0004431,1.0003636,1.0004051,1.0006882,1.000596,1.0005808,1.000383,1.0007873
AP2M1,0.9973695,0.9980202,0.99850273,0.99743706,0.9975618,0.9975814,0.9988544,0.99756837
FAM241B,0.99978733,0.99985564,0.9994401,0.9990914,0.9994755,0.9992689,0.99950373,0.9989894
FBXO48,1.0002424,1.0001078,1.0008197,1.0011848,1.0006776,1.0009964,1.0007128,1.0012655
PLAC8L1,0.9971777,0.99790746,0.9982648,0.99710095,0.9973986,0.9973958,0.9987427,0.9973575
TEX43,0.99948263,0.99957687,0.9995587,0.99926233,0.99938464,0.9993329,0.9996443,0.99935484
PDE6G,0.99984115,0.9998863,0.99979955,0.9996182,0.9996375,0.99962103,0.99979043,0.999441
TSHB,0.9961189,0.9970463,0.9977113,0.99617374,0.9963974,0.99639386,0.99826455,0.9964951
C5orf24,0.99093986,0.99313986,0.99443793,0.9907383,0.9913178,0.9912486,0.99572945,0.99186337
TP53AIP1,0.9976706,0.9981383,0.99872994,0.99789643,0.99792755,0.998173,0.9991163,0.9981238
OVOL3,0.99658036,0.9974258,0.9980016,0.99659896,0.9968022,0.99683535,0.998488,0.996828
GIP,0.9987591,0.9990653,0.99920285,0.99863213,0.99881893,0.9987792,0.9993905,0.9985967
TAS2R16,0.9967072,0.99750435,0.9980099,0.9966529,0.996889,0.9968914,0.9984898,0.9969293
MIF,0.99940336,0.99955785,0.9990554,0.9986119,0.99905586,0.9987582,0.9991859,0.9978179
C1orf52,0.99846107,0.99879575,0.99944335,0.9990305,0.9988748,0.9991962,0.9996877,0.99909973
GSTA5,0.9969254,0.99766386,0.99813175,0.9968598,0.9970732,0.9970467,0.99856544,0.9971044
TTC32,0.996242,0.9971229,0.9979167,0.99642956,0.9968143,0.9969201,0.99854934,0.9973603
NDUFA5,0.9975542,0.9981389,0.99849033,0.9973844,0.99760956,0.9976386,0.99883413,0.9977273
IFNL1,0.99678284,0.9975583,0.9980508,0.99672127,0.99695194,0.9969539,0.9985186,0.99700844
MAGEA8,0.9960314,0.99699676,0.9974525,0.99576855,0.99606013,0.99601185,0.99799585,0.9959184
PIGP,1.0031765,1.0024562,1.0018569,1.0030152,1.0028509,1.0027812,1.0013834,1.0024482
SIT1,0.9966044,0.9974321,0.9979743,0.9965774,0.9968004,0.9968137,0.99846107,0.9968225
MS4A2,0.9991624,0.99937034,0.9994412,0.99893606,0.9991215,0.99916375,0.999604,0.9996215
RNF183,0.9986136,0.99897194,0.9990783,0.99839437,0.9985421,0.998544,0.99928844,0.9985926
STT3B,0.99745846,0.99814254,0.9984159,0.9973382,0.99767125,0.9976191,0.99885035,0.9974992
ILF3,0.9935278,0.9950838,0.9960857,0.9934887,0.9937868,0.9939306,0.997003,0.9938245
IGFL3,0.99676675,0.99754906,0.99803686,0.99670285,0.9969377,0.9969303,0.9985063,0.9969621
FABP5,0.9958352,0.9968058,0.9973268,0.9955914,0.9957676,0.9958166,0.9978672,0.9954634
C1orf122,0.99879956,0.9991523,0.9993175,0.99887526,0.9990114,0.9989039,0.99952626,0.99875116
SMIM23,0.9966953,0.9974985,0.99799263,0.9966278,0.9968753,0.99686563,0.99847555,0.99688196
C10orf82,1.0002801,1.0002644,1.0000272,1.0000094,1.0001595,0.99988353,0.9999456,0.99986815
ATP5MG,0.9977294,0.9982415,0.99845934,0.9974458,0.99764496,0.99764144,0.9987546,0.9973197
MUSTN1,1.0019348,1.0015962,1.00056,1.0010931,1.0017153,1.0013483,1.0004989,1.0007793
METTL14,0.9994602,0.9997113,0.99993694,0.99981475,0.9996346,0.99987674,1.0000604,0.99944365
MS4A3,0.9970591,0.9977621,0.99820566,0.99698895,0.99719715,0.99717957,0.9986262,0.99722624
HEBP1,0.99993086,0.99992526,0.9997771,0.99963105,0.9996603,0.9997568,0.9998249,0.99941254
C12orf42,1.0004385,1.0003537,1.0003693,1.0004828,1.0003709,1.0005124,1.0003152,1.0005941
TAS2R9,0.9967072,0.99750435,0.9980099,0.9966529,0.996889,0.9968914,0.9984898,0.9969293
REG3A,0.9967072,0.99750435,0.9980099,0.9966529,0.996889,0.9968914,0.9984898,0.9969293
RAB6C,0.9997068,0.99974984,1.0004247,1.0004038,1.0000445,1.000684,1.000497,1.0006802
PDRG1,1.0039334,1.0030174,1.0026782,1.0042747,1.0039308,1.0042336,1.0021458,1.0036862
MS4A15,0.9975289,0.99813235,0.99853384,0.997498,0.9976696,0.99773824,0.99890244,0.99762046
LPCAT2,0.99860364,0.99895924,0.9993869,0.9988426,0.9988894,0.9990047,0.9996133,0.99937695
GIMAP7,1.0008928,1.000575,1.0004032,1.0006212,1.0004258,1.0005105,1.0001949,1.0006444
THOC3,0.99644727,0.99738693,0.9982058,0.99683106,0.9970383,0.99703133,0.99873424,0.99732834
C2CD4D,0.997664,0.99822694,0.9986038,0.9976187,0.99776417,0.99779844,0.9989337,0.99777323
GCSAML,0.99892426,0.99916553,0.99940306,0.9989424,0.99907124,0.99921525,0.99961734,0.99906933
UGDH,1.000217,1.0002401,1.0003343,1.0004681,1.0002652,1.000437,1.0003314,1.0003755
NAT8,0.9970254,0.9977423,0.9982127,0.9969795,0.9971827,0.9971845,0.9986393,0.9972768
CMTM6,1.0020976,1.0016829,1.0010421,1.0016934,1.0017602,1.0014684,1.0007249,1.0013025
ANXA2R,0.9999996,1.0000867,0.99971867,0.9995163,0.9997368,0.9995558,0.9997281,0.9990548
IL31,0.9967072,0.99750435,0.9980099,0.9966529,0.996889,0.9968914,0.9984898,0.9969293
NDUFA4,0.9990967,0.9992702,0.9992812,0.9988032,0.998929,0.99899876,0.99939454,0.9984472
ZNF581,1.00208,1.0016143,1.0014232,1.0022684,1.0019107,1.0021039,1.0011139,1.0015672
PLET1,0.9967072,0.99750435,0.9980099,0.9966529,0.996889,0.9968914,0.9984898,0.9969293
UBALD2,0.9978616,0.9983516,0.9986033,0.9977447,0.9978887,0.997656,0.99884665,0.9975041
HYPK,0.99393463,0.9955038,0.9958044,0.993123,0.9939606,0.99360746,0.9967238,0.9933045
RPRM,0.9982332,0.998706,0.99841547,0.99753433,0.99781036,0.99759805,0.99867433,0.99685305
EMC6,1.00431,1.0032871,1.0027635,1.0044522,1.0041068,1.00404,1.0020933,1.0040195
CST11,0.9967072,0.99750435,0.9980099,0.9966529,0.996889,0.9968914,0.9984898,0.9969293
PFDN4,1.0004059,1.0003155,1.0005038,1.0005977,1.0004473,1.0007328,1.000405,1.0004123
IFNL2,0.9967072,0.99750435,0.9980099,0.9966529,0.996889,0.9968914,0.9984898,0.9969293
TEX29,1.0029389,1.0021954,1.0018325,1.0029515,1.0027008,1.0027136,1.0013741,1.0030668
TEX44,0.9967072,0.99750435,0.9980099,0.9966529,0.996889,0.9968914,0.9984898,0.9969293
MRPL54,1.000307,1.0003327,1.0004394,1.0005513,1.000547,1.0005838,1.000431,1.0005614
DSTN,0.995075,0.99626654,0.99705255,0.99507165,0.9954226,0.9953799,0.99773717,0.995209
TMEM174,0.9986869,0.99900234,0.9991873,0.99859047,0.99868006,0.99878037,0.9993901,0.998587
CARNS1,0.99715054,0.9977953,0.99831295,0.99714863,0.9973064,0.9973521,0.99872327,0.99777806
SRP14,0.99567574,0.99667215,0.9971706,0.99530643,0.995615,0.9956931,0.99776894,0.9953946
LOR,0.9967072,0.99750435,0.9980099,0.9966529,0.996889,0.9968914,0.9984898,0.9969293
FCGR3B,0.9968513,0.9976162,0.9981281,0.9968307,0.99702984,0.9970732,0.9985834,0.99702847
TTC26,1.0031321,1.0024866,1.0020537,1.0032238,1.0031595,1.0032774,1.0017053,1.0031581
FAM153B,0.99935424,0.9994906,0.99954313,0.99919975,0.9992697,0.9992466,0.99961436,0.9991522
FRG2,0.99682367,0.9975854,0.99805534,0.9967447,0.99697554,0.99695504,0.9985119,0.9969533
FMC1,0.99981785,0.99987537,1.0003954,1.0004957,1.0002851,1.000567,1.0004678,1.0007107
UFM1,0.99891746,0.9991362,0.9991883,0.99862134,0.99870247,0.9987807,0.99934804,0.99881566
ZNF705A,0.99678284,0.9975583,0.9980508,0.99672127,0.99695194,0.9969539,0.9985186,0.99700844
EID2,1.0051974,1.0039523,1.0028259,1.0046592,1.0044653,1.0043602,1.0020614,1.0043218
PLAC8,0.99776244,0.99830997,0.9985856,0.997722,0.9978398,0.9977093,0.99885964,0.99725777
FAM104B,1.0025017,1.0020049,1.0016726,1.002646,1.0025403,1.0026335,1.0013824,1.0021039
C16orf90,0.9966429,0.9974458,0.9979763,0.9965991,0.99683285,0.996859,0.9984704,0.9969169
TMEM170B,0.9970205,0.99773836,0.99831724,0.9971831,0.99730515,0.9974898,0.99879515,0.99708486
AC009065.1,0.9967072,0.99750435,0.9980099,0.9966529,0.996889,0.9968914,0.9984898,0.9969293
MED9,1.0005167,1.0004283,1.0007275,1.0011225,1.0010004,1.0009489,1.0006431,1.0008404
CSN2,0.9967791,0.99755025,0.9980476,0.9967193,0.99694777,0.99695736,0.9985175,0.9970199
LCNL1,0.9965668,0.9973974,0.997893,0.99648356,0.99673736,0.99673665,0.99839854,0.99663913
RPL22,0.9980091,0.9984379,0.998634,0.99770206,0.9978212,0.9978521,0.99887013,0.997829
HSPE1,0.9987291,0.9990256,0.9993067,0.9987557,0.9986839,0.99870634,0.9994465,0.99951655
TOMM5,1.0010335,1.0008355,1.0004199,1.0006723,1.0007458,1.0005682,1.000268,1.0007889
KRTAP4-9,0.9967072,0.99750435,0.9980099,0.9966529,0.996889,0.9968914,0.9984898,0.9969293
SPANXN2,0.9967072,0.99750435,0.9980099,0.9966529,0.996889,0.9968914,0.9984898,0.9969293
TMEM61,0.9953865,0.99649596,0.9973351,0.9955557,0.995794,0.99579984,0.997996,0.9959288
CD302,1.003232,1.0025244,1.0017823,1.0028768,1.0028604,1.0029461,1.0014032,1.0023043
SAMD5,1.0030524,1.0023873,1.0016053,1.0025673,1.0027338,1.0029981,1.0012898,1.0014905
SELENOW,0.9949232,0.9960953,0.9967619,0.99464774,0.99498945,0.99499434,0.99745744,0.9948086
ZBED2,0.9967072,0.99750435,0.9980099,0.9966529,0.996889,0.9968914,0.9984898,0.9969293
PANK3,1.0057648,1.0043525,1.0032877,1.0053381,1.0049701,1.0053712,1.0024983,1.0043025
FKBP15,1.0042294,1.0031837,1.0022676,1.0037467,1.0033777,1.0034189,1.001588,1.00298
CDA,0.9980441,0.99850285,0.99875224,0.99788797,0.99799323,0.9980297,0.99901986,0.9979979
GTF2IRD2B,0.99762845,0.9982075,0.99851143,0.9975327,0.9977685,0.9977297,0.99885094,0.9972292
TIMM8A,1.0075153,1.0058012,1.0046246,1.007529,1.0071825,1.0072271,1.0036002,1.0067694
FAM241A,1.003662,1.0027741,1.0020193,1.0033543,1.0029999,1.0028299,1.0013627,1.0027467
C17orf98,0.9966158,0.9974302,0.9979584,0.99656856,0.99680495,0.99681115,0.99845177,0.9968892
ARL9,1.0042573,1.0031581,1.0028355,1.0045191,1.0041566,1.0044461,1.0022444,1.0046687
SIGLEC14,0.99680674,0.99759805,0.9981027,0.9967619,0.9970574,0.9971338,0.99859643,0.99703234
SORCS3,1.0037737,1.0030111,1.0024049,1.0038764,1.0034845,1.0036395,1.0018451,1.0025911
TNFRSF13C,0.9972331,0.9978957,0.9983251,0.997174,0.99735963,0.99740124,0.99872774,0.9973098
AKAIN1,0.98649627,0.98980844,0.99210674,0.9866822,0.9878298,0.98816216,0.99428415,0.9888966
PRCD,1.0016732,1.0012189,1.0011021,1.0017322,1.0015405,1.001579,1.0007951,1.0013367
CCDC144NL,0.9984764,0.9988102,0.99898124,0.9983032,0.9985262,0.9984386,0.9992163,0.9984813
RARRES2,0.9957825,0.9968796,0.9978597,0.9964061,0.99633265,0.996262,0.99838674,0.99637353
RNASE7,0.998544,0.9989135,0.9991212,0.9984824,0.99863684,0.99856395,0.9993232,0.9986019
RPEL1,1.0027215,1.0020053,1.0016792,1.0026877,1.0024495,1.002531,1.0012617,1.0027454
CBWD2,0.996395,0.9972944,0.998152,0.9967854,0.9969666,0.99721634,0.99876034,0.99726546
MRGPRX4,0.9967072,0.99750435,0.9980099,0.9966529,0.996889,0.9968914,0.9984898,0.9969293
CLC,0.9967072,0.99750435,0.9980099,0.9966529,0.996889,0.9968914,0.9984898,0.9969293
IPO11,1.0005116,1.0005301,0.99964416,0.99954903,1.0000077,0.9995378,0.9996358,0.99911106
MARK1,0.9888919,0.99176836,0.9932095,0.9887821,0.9895638,0.9893055,0.9948322,0.989345
TCL1B,0.9967338,0.9975244,0.9979931,0.9966313,0.99686575,0.99685264,0.998458,0.9968808
NCOA5,0.99871606,0.9990356,0.999477,0.99901885,0.99901223,0.99918926,0.99970067,0.9994332
KCNJ6,0.99992895,1.0001026,0.99955964,0.9990295,0.99936587,0.9993762,0.9997121,1.0012589
ZNF428,0.99695134,0.99772906,0.9980763,0.99685,0.9971305,0.9971274,0.9985427,0.99647844
TEDDM1,0.99823487,0.9986278,0.9992336,0.998582,0.998418,0.9986211,0.99941695,0.998582
SF3B6,0.9987205,0.99897987,0.9990637,0.9984214,0.99848557,0.9985056,0.99921215,0.9987086
FABP6,0.9988906,0.99916005,0.9997685,0.9994438,0.9993605,0.99960685,0.9999536,0.9995873
GPX5,0.9967072,0.99750435,0.9980099,0.9966529,0.996889,0.9968914,0.9984898,0.9969293
SEC61B,1.0005919,1.000437,1.0002849,1.0004244,1.0004485,1.0004095,1.00017,1.0001515
CMTM8,0.9957397,0.9968574,0.9972321,0.99538016,0.9957708,0.9955578,0.9979048,0.996959
GGACT,0.99850667,0.99883413,0.9992037,0.99855876,0.9986005,0.99879545,0.99942017,0.9986161
CXCL14,0.9959605,0.9970608,0.9974713,0.99576837,0.99613905,0.9960742,0.9980552,0.9953391
GCHFR,1.0002685,1.0002955,1.0001327,1.0001972,1.0001773,1.0000596,1.0000653,0.9994131
CTAGE6,0.9967072,0.99750435,0.9980099,0.9966529,0.996889,0.9968914,0.9984898,0.9969293
NINJ1,0.99918485,0.9994355,0.99946547,0.99908465,0.9991298,0.9992695,0.9996261,0.9986248
PPP1R14D,0.9975486,0.9981424,0.99851465,0.99750483,0.99767935,0.9976764,0.9988737,0.99758375
RPL30,0.9969351,0.9976264,0.99799085,0.9966676,0.9968504,0.9969323,0.99839556,0.99655044
NNMT,0.99636793,0.9972111,0.99781775,0.99637216,0.99657166,0.9965008,0.99831265,0.9967607
KRTAP10-2,0.9967072,0.99750435,0.9980099,0.9966529,0.996889,0.9968914,0.9984898,0.9969293
TIMM8B,0.9996649,0.99973655,0.999632,0.99940175,0.99954,0.9994103,0.9996541,0.99906856
PSORS1C2,0.99674165,0.99753034,0.9980261,0.99668217,0.99691755,0.996915,0.99849993,0.9969486
CXCL16,0.9939865,0.99545324,0.99641514,0.99393904,0.99434507,0.99435496,0.9972447,0.99424684
GNPNAT1,1.0034745,1.0027051,1.0018647,1.0031058,1.0031161,1.0029178,1.0014012,1.0027037
LBH,0.98368526,0.9876503,0.9899963,0.9835643,0.9848567,0.9847312,0.9924453,0.98450303
DTD2,1.0022123,1.001749,1.0012879,1.002047,1.0019835,1.0019251,1.0009828,1.0015317
TMEM253,0.99930775,0.99941933,0.9995823,0.9992366,0.9992429,0.9993383,0.9996743,0.99954545
EBF4,1.0001695,1.0001153,1.0000354,1.0000763,0.9998404,0.9998293,0.99992216,0.9993462
GRP,1.0004128,1.0004133,0.99998856,0.9999629,1.0000036,0.9998754,0.99991155,0.9995507
MAGEA3,0.9967072,0.99750435,0.9980099,0.9966529,0.996889,0.9968914,0.9984898,0.9969293
PPIA,0.99380994,0.9952678,0.9959823,0.99339294,0.99384254,0.993819,0.9968447,0.9935631
FUOM,0.9984522,0.9988247,0.9991298,0.99850225,0.99860764,0.99862707,0.999365,0.9982883
SNU13,0.9990033,0.9992802,0.99953306,0.9991399,0.99910516,0.999177,0.9996419,0.99896896
CD7,0.9970109,0.997731,0.9980986,0.9968177,0.9970447,0.99700004,0.99850744,0.9970094
ZNF524,0.992728,0.9944638,0.99577355,0.9930234,0.99343663,0.993289,0.99680907,0.99346083
ACOT13,0.99772716,0.998324,0.9990176,0.99828386,0.9983165,0.99824494,0.99933606,0.9984118
TAS2R46,0.9996606,0.9997834,0.99991715,0.99976754,0.9998139,0.9998454,0.9999869,0.9997971
C20orf27,0.99553454,0.99662906,0.99744636,0.99574304,0.9960882,0.99624467,0.99818623,0.9957255
MAGEA6,0.9967072,0.99750435,0.9980099,0.9966529,0.996889,0.9968914,0.9984898,0.9969293
TSPO2,0.9987854,0.9990668,0.99919486,0.9986156,0.99869573,0.99872065,0.99934804,0.9985261
NNAT,0.9894111,0.9919021,0.9935514,0.98932827,0.9899168,0.9900085,0.99502456,0.98977315
FOXL2NB,1.0005139,1.0003173,1.0003438,1.0005431,1.0004617,1.0003546,1.0002018,1.0004772
ZDBF2,1.0016747,1.0011898,1.0013434,1.0019639,1.0016284,1.0016629,1.0009886,1.0029973
AP5S1,0.99919057,0.9993024,0.99988353,0.9996493,0.9995667,0.999745,1.0000124,1.0007644
SPCS3,1.0016649,1.001281,1.0010225,1.0015613,1.0013312,1.0013516,1.0006856,1.0010058
HTR5A-AS1,0.99744976,0.9981234,0.9982985,0.99725366,0.9975415,0.9974299,0.9986975,0.9967577
PLAC1,0.9963739,0.9972763,0.9977976,0.9962816,0.9965557,0.99655086,0.9983252,0.9965147
TMEM99,0.99992985,0.99996483,0.99971867,0.999574,0.99978054,0.99969953,0.99980843,0.9996675
TAS2R42,0.9966594,0.9974672,0.9979802,0.99660647,0.9968447,0.9968443,0.99846673,0.9968895
ANAPC4,0.99968266,0.99967515,0.9995637,0.99926454,0.9993017,0.99942815,0.9996297,0.99955404
COX16,0.996304,0.9972043,0.9978632,0.99640965,0.9965935,0.9965879,0.9983571,0.99634624
MRPL42,1.001554,1.0011735,1.0011717,1.0018327,1.0016458,1.0017691,1.0009345,1.001472
SMAD1,0.9959512,0.99697185,0.99719965,0.9955438,0.99603176,0.99576604,0.997828,0.9950826
NUDT15,1.0021422,1.0016701,1.001204,1.0020065,1.0020969,1.0016389,1.0008559,1.0019716
FAM218A,1.0036314,1.002826,1.0024276,1.0038145,1.0036106,1.0035892,1.0019056,1.0039158
C21orf62,0.9926015,0.9944979,0.9956496,0.99279857,0.9933396,0.9929577,0.99672776,0.99377954
TMEM14B,0.9994862,0.999673,0.99964225,0.9994254,0.99963117,0.9994299,0.99974024,0.99914443
VMA21,0.99800104,0.9984971,0.9986573,0.99778736,0.99801016,0.9979344,0.9989574,0.99789727
KHDC1L,0.9980774,0.99857056,0.99896264,0.9981936,0.99831223,0.9983465,0.9992705,0.99846196
TAS2R40,0.9967072,0.99750435,0.9980099,0.9966529,0.996889,0.9968914,0.9984898,0.9969293
DCANP1,0.99669164,0.99748874,0.9979889,0.996627,0.99686813,0.9968714,0.9984733,0.9968631
GLOD5,0.99678814,0.9975625,0.998039,0.9967125,0.9969511,0.99694717,0.99850786,0.99692607
UCP2,0.9938728,0.9954231,0.9961394,0.99357367,0.9942082,0.99403214,0.9971286,0.9949112
KIAA1024L,0.9967072,0.99750435,0.9980099,0.9966529,0.996889,0.9968914,0.9984898,0.9969293
RNF224,0.9967072,0.99750435,0.9980099,0.9966529,0.996889,0.9968914,0.9984898,0.9969293
C12orf54,0.99708086,0.99778605,0.9982344,0.99702185,0.9972255,0.997242,0.998657,0.9972282
AMTN,0.9967072,0.99750435,0.9980099,0.9966529,0.996889,0.9968914,0.9984898,0.9969293
TOMM22,1.0006813,1.0004864,1.0004342,1.0005918,1.0006146,1.00069,1.0003687,1.00123
KLRD1,0.99725133,0.99787545,0.9984944,0.9974601,0.9975823,0.99763596,0.99891007,0.99798983
IFT20,1.0017848,1.0013057,1.0016742,1.0025059,1.0021099,1.0024228,1.0013626,1.00261
RIDA,0.99886715,0.99904954,0.9994286,0.99905056,0.9988437,0.998932,0.9995408,0.99950236
RPS25,0.99806017,0.99849164,0.9986459,0.99771565,0.997857,0.9979432,0.9988871,0.997541
COMMD10,1.0028559,1.0022416,1.0016513,1.0026493,1.0026463,1.002655,1.0012889,1.002
FKBP1B,1.0019515,1.0015053,1.0012667,1.0019754,1.0017375,1.0018841,1.0010065,1.0024655
TPPP2,0.9967072,0.99750435,0.9980099,0.9966529,0.996889,0.9968914,0.9984898,0.9969293
S100A1,0.99757147,0.9980834,0.99860495,0.9975897,0.9977709,0.99794066,0.9989807,0.99798316
VAMP4,1.0018059,1.0014074,1.0013051,1.0020317,1.0017052,1.0018302,1.0009696,1.0009665
DLEU7,0.99640834,0.99723357,0.9980916,0.99679065,0.99688196,0.9970927,0.9986479,0.997157
SSPN,0.9994818,0.9996216,0.9995828,0.999297,0.99944377,0.99941564,0.9997233,0.9995583
SUZ12,0.99848855,0.99887294,0.9988022,0.9981259,0.99838924,0.9980927,0.9989799,0.9973682
TSEN15,0.9974679,0.99817085,0.998672,0.9977212,0.99783385,0.9977317,0.99905336,0.99814105
RNF225,0.9967072,0.99750435,0.9980099,0.9966529,0.996889,0.9968914,0.9984898,0.9969293
LAMTOR5,0.997905,0.9983413,0.9987919,0.99794674,0.9979242,0.9980882,0.9990557,0.9981554
HMGN5,0.9963152,0.9973137,0.9977009,0.99611264,0.9966271,0.99642134,0.99834436,0.99762374
ZHX1,1.0011481,1.0008768,1.0005952,1.0009449,1.0010602,1.0010692,1.0004673,1.0005035
XRN1,0.9963011,0.99710953,0.9978008,0.99625576,0.99654937,0.99675333,0.9983939,0.9972367
HS6ST3,0.98669314,0.9899263,0.99138653,0.9859091,0.9869894,0.98733795,0.9934934,0.9859855
CDC42BPB,0.9919064,0.99391186,0.9950325,0.99183214,0.9922501,0.99215156,0.9961606,0.99177
SERTAD1,1.0031054,1.0024686,1.00153,1.0024981,1.0025349,1.0022744,1.0010701,1.0016671
C3orf14,1.0000495,1.0000567,1.0002224,1.0001862,1.0002167,1.0002475,1.0002186,1.0006282
RFPL4AL1,0.9967072,0.99750435,0.9980099,0.9966529,0.996889,0.9968914,0.9984898,0.9969293
UTF1,0.99674165,0.99753034,0.9980261,0.99668217,0.99691755,0.996915,0.99849993,0.9969486
IL12A,0.98975635,0.9923703,0.9939972,0.9900266,0.99069846,0.9908191,0.99558794,0.9900407
LYZL6,0.9967072,0.99750435,0.9980099,0.9966529,0.996889,0.9968914,0.9984898,0.9969293
CTF1,0.9970957,0.99788094,0.9983202,0.99711716,0.99744904,0.99739134,0.9987892,0.99731964
TAC3,0.9981494,0.9985056,0.9989959,0.9983113,0.9983069,0.99837935,0.9992244,0.99834305
PARM1,1.0037016,1.0028975,1.0019485,1.0031981,1.0032032,1.0026625,1.0013355,1.0030746
PMM1,1.0005574,1.000415,1.0005405,1.0007828,1.0007182,1.0007092,1.0004803,1.0016366
EBLN1,0.9967072,0.99750435,0.9980099,0.9966529,0.996889,0.9968914,0.9984898,0.9969293
MRPS16,1.000783,1.0006245,1.0006083,1.0008873,1.0007454,1.0008124,1.0004742,1.0009053
C11orf53,0.99664956,0.99745715,0.99796915,0.9965928,0.9968375,0.9968489,0.99846303,0.9968548
TMEM81,1.0002217,1.00013,1.0004733,1.0006669,1.0005401,1.0007758,1.0004493,0.9999691
FRG2B,0.9967072,0.99750435,0.9980099,0.9966529,0.996889,0.9968914,0.9984898,0.9969293
SPN,1.0022044,1.0016744,1.0014968,1.0023342,1.0020996,1.0022217,1.0011425,1.0023617
MAGEC2,0.99654794,0.9973819,0.99792194,0.9965075,0.9967487,0.9967556,0.9984262,0.99681604
LHX4,1.0014274,1.0010682,1.0007734,1.0012257,1.0012395,1.0011088,1.0005171,1.0009875
MAP6D1,1.0028464,1.0021843,1.001491,1.0024459,1.0023,1.0019691,1.0009937,1.0024629
LYPD2,0.99674165,0.99753034,0.9980261,0.99668217,0.99691755,0.996915,0.99849993,0.9969486
CRCP,1.0050082,1.0037626,1.0031763,1.0051212,1.0046608,1.0046955,1.0023575,1.0048089
ACKR1,0.9994205,0.9995425,0.9996234,0.99943703,0.99931806,0.9993051,0.99965894,0.99870765
TMEM221,0.9968498,0.99762714,0.9980683,0.9968025,0.997012,0.9968373,0.9984897,0.99671113
CGB7,0.99994826,0.9999336,0.9998504,0.99967456,0.99977076,0.9997103,0.999823,0.99985456
CXorf40B,1.0039911,1.0030613,1.0026225,1.0041647,1.0038857,1.0041046,1.0020602,1.0034363
AGRP,0.9964081,0.9972787,0.9978217,0.9963528,0.9966118,0.9966042,0.998348,0.9966353
FAM216B,0.9965371,0.9973439,0.9979683,0.99658877,0.9967921,0.9967881,0.99845755,0.99703145
CCDC160,1.000958,1.000612,1.0003225,1.000532,1.0005187,1.0004481,1.0001363,1.0004939
ODF4,0.9967072,0.99750435,0.9980099,0.9966529,0.996889,0.9968914,0.9984898,0.9969293
PTGES3L,1.0030395,1.0022787,1.0019652,1.0031749,1.0027997,1.0029421,1.0014764,1.0025524
IMP3,1.0008745,1.0006833,1.0005717,1.0007935,1.0006778,1.0007948,1.0004363,1.0010233
CKS2,0.9987278,0.9990647,0.9992244,0.9986013,0.99869776,0.9987641,0.99943566,0.99918497
C5orf63,1.0011803,1.000766,1.0004995,1.0008804,1.0009724,1.0007513,1.0003409,1.0017163
PRAMEF3,0.9967072,0.99750435,0.9980099,0.9966529,0.996889,0.9968914,0.9984898,0.9969293
ROPN1,0.9969089,0.9976504,0.9981452,0.9968704,0.99707735,0.9971173,0.998598,0.9971298
ITM2A,0.9909878,0.99321884,0.99434805,0.99080133,0.9914289,0.9912312,0.9957063,0.9915331
PLP2,0.997054,0.99774784,0.9985416,0.99742186,0.9974239,0.99750257,0.9989081,0.9979905
C2orf50,0.99805236,0.99854416,0.99894845,0.99818254,0.9982532,0.9983051,0.9992355,0.998321
ARL6IP6,0.99610376,0.9970964,0.9976394,0.99603474,0.9963371,0.99623716,0.99823487,0.9968351
EBLN2,1.0067745,1.0051756,1.0039427,1.0063891,1.0060904,1.0060034,1.0029118,1.0058146
MIEN1,0.9983212,0.99872565,0.9992871,0.99862826,0.99854016,0.99887323,0.9995509,0.99913275
CHCHD7,0.99799305,0.99854356,0.9988415,0.99802834,0.9982969,0.9980849,0.99914205,0.9980652
C19orf18,0.99767494,0.9982059,0.99878645,0.99789727,0.99804294,0.9981699,0.9991647,0.99827254
CD47,0.9971354,0.9979952,0.99833095,0.9971375,0.99747515,0.997304,0.9988297,0.99806154
STAT6,1.003504,1.0028127,1.001868,1.0030318,1.0030442,1.002943,1.0013944,1.0018023
PMCH,0.9967931,0.9975734,0.99804306,0.9967139,0.9969591,0.99694216,0.99851024,0.99694395
TCEAL6,1.0017529,1.001435,1.0015631,1.0024703,1.0020937,1.002191,1.001302,1.0019457
CCDC126,1.0072238,1.0053602,1.0044304,1.0072422,1.0066628,1.0068423,1.0033338,1.0067599
TSHZ2,0.9950348,0.9961957,0.9962146,0.99387276,0.99457675,0.99415344,0.99691725,0.9945265
TEX38,0.9975668,0.99812114,0.9984907,0.99746156,0.99764574,0.99765754,0.9988402,0.9976903
C1orf158,0.99887216,0.999159,0.99953914,0.99906945,0.99909604,0.99926925,0.99977297,1.0001663
FTO,0.9989902,0.99920857,0.9995891,0.9991614,0.999169,0.9993987,0.99973786,0.99919796
TMEM252,0.9968494,0.9976008,0.9980885,0.9967873,0.99700624,0.99700546,0.9985419,0.99708
TMEM273,0.9960269,0.99697345,0.9974797,0.9958238,0.9961353,0.99614286,0.9980449,0.9958122
TCAF2,1.0013381,1.001013,1.000842,1.0013189,1.0011059,1.0009689,1.0005331,1.0011622
CBY1,0.9991721,0.9994476,0.9999413,0.99970496,0.99970734,0.9999019,1.0001516,1.000585
MMP14,1.0017613,1.0012984,1.0008268,1.0014185,1.0015169,1.0013202,1.0005751,1.0007929
ANAPC15,1.0003057,1.0002743,1.0000919,1.0001367,1.000365,1.0001321,1.0000908,1.0004933
LYSMD2,0.99782795,0.9983818,0.99895966,0.99819213,0.99824,0.998346,0.99927384,0.9977442
ARMCX3,0.99696237,0.99771464,0.9981282,0.9968233,0.9971022,0.9972012,0.9986185,0.9976238
TREML4,0.99674165,0.99753034,0.9980261,0.99668217,0.99691755,0.996915,0.99849993,0.9969486
SAMD13,1.002419,1.0018365,1.0015296,1.0024787,1.0023644,1.0025206,1.0012118,1.0015564
IL15RA,0.99711823,0.99777395,0.998351,0.99717325,0.9973774,0.9974901,0.9987824,0.99745744
LIME1,0.9971628,0.9978263,0.9982085,0.99709177,0.99715924,0.9970679,0.99855727,0.9968089
RNASE10,0.9967072,0.99750435,0.9980099,0.9966529,0.996889,0.9968914,0.9984898,0.9969293
MS4A8,0.9989507,0.999197,0.9993311,0.9988464,0.9989401,0.9989099,0.99946845,0.99886376
ZC3H4,1.000838,1.000577,1.0002434,1.0004976,1.0005355,1.0003178,1.0000889,1.0002079
CRABP1,0.99989843,0.99999386,0.9999596,0.99994385,1.0000092,0.9998834,0.9999743,0.99916226
C17orf99,1.0012872,1.001024,1.0008783,1.0013373,1.0012542,1.0012739,1.0006651,1.0006835
EIF4EBP3,1.0042566,1.0032356,1.0024503,1.0039859,1.0038741,1.0036362,1.0017791,1.0031922
TIFAB,0.9967072,0.99750435,0.9980099,0.9966529,0.996889,0.9968914,0.9984898,0.9969293
KRBOX4,0.99917156,0.9992646,1.0000045,0.99974734,0.9994974,1.0001037,1.0001888,1.0008569
CMTM2,0.9969288,0.9976547,0.9980482,0.99677515,0.9970318,0.99699235,0.9984974,0.99683404
ZDHHC11B,0.9967072,0.99750435,0.9980099,0.9966529,0.996889,0.9968914,0.9984898,0.9969293
NDUFA11,0.9999926,0.99996567,0.99992406,0.99983156,0.9998518,0.99988186,0.9998955,0.99956656
CNTF,0.9979689,0.9984752,0.99881494,0.99798155,0.998086,0.9980793,0.9991109,0.9983276
TMEM86B,1.0002501,1.0002141,1.0003374,1.000436,1.0004481,1.0005122,1.0003139,0.9999818
TMEM187,1.0028338,1.0021342,1.0020859,1.0032122,1.0027391,1.0033883,1.0017269,1.00277
C15orf48,0.9995291,0.99966383,0.99980795,0.9995346,0.9995123,0.9997212,0.9999041,0.99969745
FCGR2B,0.9963363,0.99726796,0.9980606,0.9966359,0.9968841,0.9968839,0.9985876,0.9968419
HS6ST1,0.9956221,0.9966501,0.99742484,0.99575293,0.9959475,0.9960122,0.99804777,0.99549615
NBL1,0.99686086,0.9976188,0.99812937,0.9968451,0.9970584,0.9970672,0.9985833,0.99707544
NBPF10,1.0012863,1.0010369,1.0008224,1.0013108,1.0013068,1.0010662,1.0006139,1.0009645
TPGS1,0.9950241,0.9963081,0.99691427,0.9949168,0.9953245,0.99527246,0.9976798,0.9944432
RNF7,0.99687684,0.99760723,0.9982997,0.9971113,0.997118,0.9972195,0.9987202,0.9977307
IL33,0.9894886,0.99225134,0.994004,0.98987305,0.9906744,0.9907819,0.9957225,0.9912432
NPM3,1.0007747,1.000607,1.0003768,1.0005493,1.0007322,1.0005045,1.0003233,1.0017524
FABP2,0.99717885,0.9979094,0.9982544,0.9970812,0.9973768,0.9972967,0.9987006,0.99741566
NDUFA2,0.9995457,0.99963653,0.99972916,0.99947995,0.99952304,0.99957836,0.9997952,0.9996425
UBQLN4,0.9969528,0.9977586,0.9978076,0.996503,0.9970057,0.9966406,0.99829763,0.99623406
EQTN,0.9968003,0.9975827,0.998122,0.9968616,0.99706364,0.9970806,0.9986056,0.99714315
LSM7,0.9991807,0.9993843,0.99984914,0.99954337,0.99933815,0.9995213,0.99989766,0.9996535
ULBP2,0.998956,0.99921894,0.9999467,0.9997597,0.9995428,0.9999251,1.0001317,0.9992511
PCLAF,0.99673605,0.9975231,0.9977474,0.99634206,0.9966198,0.9965212,0.99824727,0.9967607
MTCP1,0.99690294,0.9976239,0.9981805,0.99693537,0.9970826,0.99714184,0.9986176,0.9970739
IKBKG,0.9968586,0.9976489,0.99844533,0.9973095,0.9974605,0.99764407,0.99898136,0.99766064
LPL,0.9995506,0.9996601,0.99958813,0.9993232,0.9991358,0.9992956,0.9996549,0.9995124
IL36G,0.9967625,0.99755025,0.998029,0.996688,0.9969337,0.99692196,0.99850154,0.9969264
PLA2G2C,0.9967072,0.99750435,0.9980099,0.9966529,0.996889,0.9968914,0.9984898,0.9969293
NACA2,0.9916966,0.99373174,0.9945911,0.9911778,0.991942,0.99175465,0.99581397,0.99121237
KRTAP10-1,0.9967072,0.99750435,0.9980099,0.9966529,0.996889,0.9968914,0.9984898,0.9969293
ENO3,0.9995631,0.9996608,0.9995806,0.9992824,0.9993969,0.9992496,0.9996104,0.9994112
BOK,1.0016274,1.0013158,1.0006711,1.0011203,1.0011122,1.000853,1.0003853,1.000572
SNHG28,1.0000142,1.000012,1.0000589,1.0000283,1.0001057,1.0002925,1.0001636,1.0001508
TNFSF4,0.99980426,0.9998455,1.0001141,1.0000389,0.9999205,1.0001287,1.0001388,1.0000151
RFPL4A,0.9967072,0.99750435,0.9980099,0.9966529,0.996889,0.9968914,0.9984898,0.9969293
MCRIP2,0.99753034,0.99811596,0.9982115,0.99711794,0.99740744,0.99749964,0.9986422,0.99645054
DAD1,0.99924684,0.9994191,0.9996002,0.9992304,0.9992185,0.9992671,0.99967724,0.999513
LCN1,0.9967072,0.99750435,0.9980099,0.9966529,0.996889,0.9968914,0.9984898,0.9969293
LGALS16,0.99647915,0.99734306,0.99794155,0.9965053,0.99668,0.9967762,0.9984414,0.9966048
NPIPB11,0.9967072,0.99750435,0.9980099,0.9966529,0.996889,0.9968914,0.9984898,0.9969293
TMEM69,1.0016285,1.0011798,1.0011919,1.0019004,1.0015891,1.0019531,1.0010126,1.0018566
NUDT8,0.9956209,0.9967122,0.99775195,0.9962518,0.9962332,0.9963785,0.9983871,0.99593943
IL26,0.9967339,0.9975202,0.9980216,0.9966754,0.99690783,0.9969073,0.9984963,0.99697113
EDDM3A,0.9967072,0.99750435,0.9980099,0.9966529,0.996889,0.9968914,0.9984898,0.9969293
VAMP8,0.99674237,0.99747527,0.9979918,0.996637,0.99686754,0.9968511,0.9984162,0.9965732
SLC2A8,0.99984825,0.9999207,0.9996242,0.9994055,0.9995936,0.9994533,0.9996586,0.9988736
LIN52,1.0034755,1.0026222,1.0022005,1.0034723,1.0031711,1.0032299,1.0016443,1.0035725
FXYD6,0.996065,0.99701846,0.99772334,0.99618524,0.9963575,0.99638116,0.99825394,0.9961893
GATS,0.9967072,0.99750435,0.9980099,0.9966529,0.996889,0.9968914,0.9984898,0.9969293
BET1L,1.000237,1.0002047,1.0003879,1.0005467,1.0003698,1.000402,1.0003369,1.0008637
HCFC1R1,0.99951446,0.999683,0.9999144,0.99971807,0.9996747,0.9997198,0.99996614,0.9996958
PPP1R1B,0.9926317,0.99428576,0.99599266,0.99333584,0.9935887,0.9936178,0.99703056,0.99442303
SLC7A11,0.9968021,0.99754465,0.9980345,0.99676454,0.99678385,0.99684954,0.99847627,0.9969859
MSGN1,0.9967072,0.99750435,0.9980099,0.9966529,0.996889,0.9968914,0.9984898,0.9969293
EIF1AX,0.9982705,0.99872416,0.9988132,0.9980148,0.9981438,0.9980337,0.99900615,0.99781924
SAA2,0.9990409,0.99930716,0.99957025,0.9991794,0.9991685,0.9993212,0.9997293,0.99917674
ASPRV1,0.99858785,0.9989301,0.9991513,0.998633,0.9986073,0.9983957,0.99926376,0.99820817
SLC30A5,1.0001546,1.000092,1.0002962,1.0004972,1.0002761,1.0003896,1.0002843,1.0005168
RPS29,0.9948744,0.9960604,0.99672043,0.9945549,0.99485856,0.9949695,0.99741936,0.99463606
CEBPD,0.99596226,0.996938,0.99770194,0.99603844,0.9962147,0.9966035,0.9983529,0.9964606
C12orf74,0.9967072,0.99750435,0.9980099,0.9966529,0.996889,0.9968914,0.9984898,0.9969293
OBP2B,0.9967072,0.99750435,0.9980099,0.9966529,0.996889,0.9968914,0.9984898,0.9969293
DIO3,0.9985007,0.9988751,0.9990296,0.99834025,0.99853444,0.9984126,0.9992485,0.99867004
TNFAIP8,1.0002178,1.0001018,1.0001689,1.000195,1.0000826,1.0003105,1.0001245,0.9999492
VHLL,0.99707687,0.99780035,0.9982665,0.9970588,0.99727464,0.99734676,0.9987111,0.99715954
AC011484.1,0.9967072,0.99750435,0.9980099,0.9966529,0.996889,0.9968914,0.9984898,0.9969293
MAGEB18,0.996897,0.99764615,0.99813557,0.9968586,0.9970692,0.9970621,0.9985805,0.9971525
SCARA5,1.0025433,1.0018861,1.0017982,1.0028603,1.0025096,1.0028851,1.0014372,1.0022725
CNIH1,0.9990703,0.9993099,0.9995057,0.99911785,0.99923503,0.99905777,0.99960506,0.99913657
C3orf80,1.0016615,1.0012312,1.000871,1.0013618,1.0011865,1.0014408,1.0006144,1.000507
FAM86C1,0.99617016,0.9970182,0.998111,0.99670863,0.99689794,0.9972049,0.99873376,0.99750686
ABRACL,0.9981525,0.9986134,0.9989213,0.9981593,0.99831676,0.9983934,0.9992126,0.9980785
KRTAP10-11,0.9966758,0.9974909,0.997995,0.99661875,0.9968622,0.99685997,0.9984789,0.99688494
BEX3,0.9952215,0.9963746,0.99691325,0.99487674,0.9952744,0.9952631,0.9975847,0.9949015
GP9,0.9974253,0.998029,0.99833035,0.99721426,0.9974845,0.9974493,0.9987047,0.99723274
INTS1,0.99778485,0.99832886,0.9987106,0.99791324,0.9980387,0.9979967,0.99905115,0.99752617
MTURN,0.99105823,0.9931756,0.9944315,0.9908232,0.9912741,0.99133146,0.9956559,0.9906823
SMIM4,0.9996921,0.99975216,0.99986124,0.9996971,0.99961257,0.99969494,0.9998851,0.99970675
HTRA2,1.0021387,1.0018091,1.0012466,1.0019991,1.0020748,1.0018344,1.0009766,1.0012331
SELENOV,0.99912524,0.9993109,0.99943686,0.99902785,0.99908674,0.99920046,0.99957454,0.9989229
RPP38,1.0020132,1.0016341,1.0012282,1.0019332,1.0019697,1.0018338,1.0009887,1.0022781
TRNP1,1.0042887,1.0032635,1.002445,1.0040241,1.0038388,1.0035107,1.0017498,1.0037811
RPA4,0.996603,0.9974662,0.9977592,0.99632144,0.9967114,0.99652404,0.9982657,0.99617296
FAM183A,0.9965937,0.9974351,0.99784994,0.9964067,0.99683535,0.99671793,0.9984633,0.9976905
AURKAIP1,0.9999021,0.99999154,1.0003053,1.0003436,1.0003014,1.0002577,1.000313,1.000694
EIF1AD,1.00083,1.000615,1.0007937,1.0012107,1.0009965,1.001109,1.00064,1.0007601
TIMM9,1.0005172,1.0004015,1.0006202,1.0008022,1.0006862,1.000756,1.0005355,1.0015265
FFAR3,0.9970367,0.9977397,0.998189,0.996979,0.9972071,0.9971684,0.99860823,0.99696326
C4B,0.999164,0.99942493,0.99959344,0.99922645,0.9993913,0.9994323,0.99976295,0.999002
KLRG1,1.0031905,1.0024782,1.0018005,1.0028577,1.0027487,1.0028213,1.0013816,1.0027014
RELL1,0.9943998,0.99588096,0.9967748,0.9946084,0.99495554,0.9949081,0.9976336,0.99475944
DUS2,1.0015172,1.0011382,1.0008556,1.0014545,1.001326,1.0012813,1.0006188,1.0006906
MFSD6,0.99761367,0.9981885,0.9979623,0.99670595,0.9971063,0.99702,0.9983696,0.99707615
RGS13,0.9978514,0.9983694,0.99873585,0.99782515,0.99794614,0.99798435,0.99903345,0.9980006
UBE2V2,0.999528,0.9996733,0.99975,0.99949634,0.9995688,0.99973845,0.99986523,0.9994447
ACYP1,0.9967393,0.99756765,0.99836755,0.99712735,0.99733317,0.9975946,0.9989135,0.997265
TCEAL5,1.000226,1.0001307,1.0002887,1.0003552,1.0003198,1.0004492,1.0002543,1.0008259
PPP1R27,0.9998991,0.9999219,1.0000218,0.9999063,0.9999423,1.0000432,1.0000479,0.99996495
NUDT2,1.0009711,1.0006331,1.0007745,1.0011368,1.0008627,1.0011694,1.0006121,1.0015705
CRIP1,1.0045537,1.0035179,1.0025363,1.0041265,1.0038934,1.0038855,1.0018847,1.0033941
PNMA8A,0.9945595,0.99589956,0.99686813,0.994761,0.99515146,0.9949675,0.9976307,0.9952849
HIGD2A,0.9978304,0.99831355,0.9984534,0.9974644,0.997702,0.99751675,0.9987219,0.99760175
ANO6,1.0021968,1.0016099,1.0013715,1.0021957,1.0020348,1.0022177,1.0010576,1.0015947
ULBP3,1.0011375,1.0008823,1.0008459,1.0013096,1.0012306,1.0012759,1.0006664,1.0008287
SECTM1,0.99708086,0.99778605,0.9982344,0.99702185,0.9972255,0.997242,0.998657,0.9972282
PLLP,0.9928808,0.99470407,0.99620485,0.9935838,0.9936078,0.9935694,0.99715924,0.9949346
RPS19BP1,1.0001526,1.0001004,1.0000944,1.0000521,0.9999832,1.000179,1.000074,0.9998809
MCTS1,0.99611604,0.9970212,0.9980135,0.9965627,0.9966805,0.99686193,0.9985653,0.9970689
MRGPRX3,0.9958285,0.9968262,0.9975418,0.9958937,0.99613005,0.99611616,0.99813485,0.99625295
C17orf97,0.99868023,0.9990614,0.9991781,0.99851865,0.9987978,0.9985291,0.9993787,0.99899125
C1orf194,0.99887717,0.99910355,0.99923915,0.99878275,0.99877834,0.99876606,0.999405,0.9991428
BORCS8,0.99774414,0.9982983,0.9989487,0.9982165,0.9981898,0.9982385,0.9992739,0.99834615
TBCA,0.99510205,0.996263,0.99697375,0.9949864,0.99531555,0.9953269,0.9976692,0.99520266
PRM2,0.9967072,0.99750435,0.9980099,0.9966529,0.996889,0.9968914,0.9984898,0.9969293
BANF1,1.000933,1.0007336,1.0005534,1.0008178,1.0007722,1.000822,1.000445,1.0011833
TXNL4B,1.0007159,1.0005112,1.0003651,1.0006294,1.0006565,1.00029,1.000187,1.0007643
POTEM,1.0035985,1.0027989,1.00216,1.0035002,1.0034072,1.0033667,1.0016425,1.0023538
CDR1,0.998466,0.99886763,0.99927807,0.9987041,0.99877083,0.9987724,0.9995215,0.9988185
BOP1,1.0013609,1.001062,1.0008101,1.0013176,1.001296,1.0012193,1.0006326,1.0010846
THEM5,0.9974239,0.9980544,0.99840814,0.997313,0.9975214,0.99749935,0.9987827,0.9975403
GAST,0.9967072,0.99750435,0.9980099,0.9966529,0.996889,0.9968914,0.9984898,0.9969293
BTF3L4,0.996081,0.99706817,0.9977551,0.9962164,0.99645436,0.99650747,0.99833536,0.99641114
SHISAL2B,0.9966186,0.9974283,0.99799716,0.99664676,0.99684185,0.99684227,0.99847627,0.9968723
SYNJ2BP,0.9979566,0.99847794,0.9990079,0.9982687,0.9982612,0.9983807,0.9993067,0.99851686
ANKRD66,0.99909043,0.99929345,0.9994064,0.9989728,0.9990661,0.999071,0.999518,0.99879193
SDHAF3,0.9983102,0.9987531,0.999079,0.9984362,0.9986426,0.9985424,0.99936056,0.9984945
EIF4A1,0.98823,0.9910725,0.9923316,0.9874846,0.9885221,0.9883133,0.9940599,0.9877174
RBP1,0.99902046,0.9992606,0.9990379,0.99846065,0.9988331,0.9986676,0.9992374,0.99856204
IL17B,0.99665153,0.9974611,0.9979777,0.99660337,0.99684346,0.9968476,0.99846804,0.9969044
CKS1B,0.9961381,0.99715906,0.9976125,0.99602914,0.99630165,0.99625826,0.9982263,0.99666864
C17orf49,0.99461514,0.99588037,0.99681205,0.9947841,0.9950148,0.99507153,0.9975921,0.9947593
OPTC,0.99818337,0.9986423,0.99882257,0.99801135,0.9982293,0.998283,0.9991472,0.9982736
TMEM233,0.9989966,0.99928576,0.99939376,0.9988911,0.9989445,0.99898493,0.999534,0.9986863
CSF3,1.0012805,1.000928,1.0007005,1.0010821,1.0009683,1.0010267,1.0004668,1.0008593
COX7A1,1.0053533,1.004051,1.0034213,1.0054826,1.0048612,1.0048764,1.0024723,1.0045987
MORF4L2,0.994795,0.99604666,0.99674106,0.9945849,0.9949535,0.9949756,0.99746907,0.9946176
PLGRKT,1.0014939,1.0011588,1.0009588,1.0013835,1.0013378,1.0012928,1.0007011,1.001461
DYDC2,1.0012255,1.0009303,1.0008242,1.0013069,1.0012807,1.0013098,1.0007209,1.0018835
TCEAL2,0.9993622,0.99956167,0.9998201,0.99956024,0.99962336,0.9996853,0.9999453,0.9999573
GSKIP,0.9992863,0.9994503,0.99959373,0.9993848,0.99945974,0.9991306,0.9996635,1.0000322
PFDN5,0.9976933,0.99819815,0.9984215,0.99737185,0.9975538,0.9976109,0.9987383,0.99762654
POLR2I,1.0002546,1.0001963,1.0002269,1.0003078,1.0003139,1.000148,1.0001384,1.0003972
CYREN,1.0006949,1.0004473,1.0003519,1.0005566,1.0004138,1.0003769,1.0002021,1.0007
NSMCE2,1.0007076,1.000545,1.0005269,1.0007889,1.0007957,1.0007017,1.0004212,1.0011052
LSM2,0.9957891,0.99683726,0.9976802,0.99599826,0.99616474,0.99636436,0.99830437,0.9962121
TMEM219,0.9987609,0.99905884,0.9993174,0.9987992,0.9988139,0.99894464,0.99950504,0.9986689
LY6G5B,0.9987294,0.9990608,0.99941623,0.9989561,0.998953,0.9990429,0.99961776,0.9989611
CXorf21,0.99473953,0.99608505,0.996668,0.99440825,0.994955,0.9947665,0.9974139,0.99480397
MGST1,1.0015557,1.0009974,1.0013325,1.002114,1.0015144,1.001931,1.0010751,1.0034345
TUSC2,0.99806654,0.998494,0.9989874,0.9982207,0.9982316,0.9985508,0.9993211,0.99858606
KRTCAP3,1.0020905,1.0015587,1.0013614,1.0021133,1.0020051,1.0020475,1.0010397,1.0019374
ASXL1,0.9982755,0.99865353,0.9987575,0.99796176,0.9979247,0.99786246,0.9989445,0.99850345
MB,0.99674165,0.99753034,0.9980261,0.99668217,0.99691755,0.996915,0.99849993,0.9969486
TAF10,0.99945474,0.9995576,0.999684,0.9995297,0.9995537,0.99957514,0.9998032,0.99926233
GPX8,0.9991075,0.99944055,0.9997295,0.9994626,0.9994204,0.99922717,0.9998361,0.99992925
S100A2,0.99619055,0.99714196,0.99764806,0.99609923,0.9964685,0.9963559,0.99821484,0.9961109
TM4SF18,0.9958974,0.99684167,0.99733543,0.9955816,0.9957416,0.99583995,0.9979044,0.99602973
COMMD5,0.99890304,0.9991481,0.99962556,0.99929845,0.99911296,0.99927765,0.9997611,0.9993541
SLC31A2,0.99959123,0.99963474,0.9998824,0.99977446,0.99968565,0.9997216,0.99993217,1.0001535
TMEM37,0.99961853,0.99965096,0.99984825,0.99965626,0.9995359,0.9996681,0.9998373,0.9994949
PLA2G1B,0.99893504,0.9991654,0.99938774,0.99888724,0.9988786,0.9989836,0.99951583,0.9989239
CCL23,0.9974246,0.99805963,0.99837387,0.99727654,0.9975195,0.99742556,0.9987432,0.9974847
FAM9A,0.9967072,0.99750435,0.9980099,0.9966529,0.996889,0.9968914,0.9984898,0.9969293
KLLN,1.0032946,1.0025433,1.0019896,1.0031778,1.003046,1.0031703,1.001567,1.0028815
SIAH3,1.0034351,1.0024457,1.0023043,1.0037475,1.0032028,1.0033503,1.001717,1.0040882
VAMP2,0.9979317,0.99846375,0.9989331,0.99811995,0.99816525,0.9981599,0.99919474,0.99848527
IFITM2,0.99662936,0.9975734,0.99770784,0.9961947,0.99660456,0.99643934,0.9982048,0.995606
KLRC2,0.9999982,1.0001905,1.000015,0.9998739,0.9998651,0.9995271,0.99993825,1.0001065
CHCHD5,0.99650216,0.99738145,0.99791944,0.9965499,0.99696195,0.9969088,0.9985324,0.9969461
KRTAP9-1,0.99678284,0.9975583,0.9980508,0.99672127,0.99695194,0.9969539,0.9985186,0.99700844
ID4,0.99065655,0.9928826,0.99414545,0.99039215,0.9908798,0.99077594,0.9954384,0.9910917
KRTDAP,0.99681294,0.997581,0.9980495,0.99673235,0.9969708,0.9969621,0.99851394,0.9969384
LYZL4,0.9969013,0.9976441,0.9981101,0.99682516,0.9970497,0.997042,0.99855804,0.99710923
ID2,0.9963888,0.99721444,0.9976776,0.99620616,0.99648476,0.99647206,0.9982108,0.996433
TRIM49,0.9966302,0.9974364,0.9979697,0.99658966,0.9968177,0.9968227,0.99845725,0.9969036
PDCD1LG2,0.99751765,0.9981202,0.99874425,0.9978101,0.99788815,0.99803865,0.99912083,0.9979503
VSTM5,0.9993038,0.9994377,0.9997238,0.99939275,0.9993387,0.9994415,0.9997924,0.9997806
NUDT14,0.9990808,0.9993361,0.99940336,0.9990355,0.9992051,0.9991094,0.9995924,0.99936473
KRTAP10-12,0.9967072,0.99750435,0.9980099,0.9966529,0.996889,0.9968914,0.9984898,0.9969293
DNAJB8,0.9967072,0.99750435,0.9980099,0.9966529,0.996889,0.9968914,0.9984898,0.9969293
RTP2,0.9967072,0.99750435,0.9980099,0.9966529,0.996889,0.9968914,0.9984898,0.9969293
KRTAP10-8,0.9967072,0.99750435,0.9980099,0.9966529,0.996889,0.9968914,0.9984898,0.9969293
PTPRCAP,1.0001922,1.0001602,0.99990726,0.9998474,0.9999282,0.99974847,0.99982756,0.9992275
GOLT1A,0.99525064,0.99637055,0.99734193,0.9955016,0.99578905,0.9959074,0.99807096,0.9961711
REG1B,0.9967681,0.9975283,0.99809355,0.996766,0.996997,0.997053,0.9985708,0.9971397
LCN9,0.9969666,0.9977012,0.99818164,0.99692714,0.9971349,0.9971372,0.99861777,0.9972124
SCOC,0.99639344,0.9973102,0.9977065,0.9961288,0.99644315,0.9964044,0.9982301,0.99648565
FAM209B,0.99654454,0.9973798,0.9979509,0.99657434,0.9968047,0.9968419,0.9984802,0.9969406
TCTEX1D2,1.0001519,1.0001704,1.0001681,1.0002301,1.0001998,1.0002456,1.0001785,1.0002544
UTP14A,1.0063257,1.0048618,1.003418,1.0057056,1.0056133,1.0050623,1.0024304,1.0048547
GABBR1,0.99109817,0.9932044,0.99491894,0.9915875,0.99183387,0.99199396,0.99620104,0.992379
KAT8,1.0002985,1.0002815,1.0004299,1.0006928,1.0006652,1.0007377,1.0004411,1.0001217
FAM210B,1.0013186,1.0009384,1.000768,1.0012095,1.0009583,1.0010654,1.0005026,1.0009456
C20orf85,0.9972756,0.99793136,0.9984106,0.9973048,0.99746144,0.9974978,0.99879885,0.99736196
C9orf152,0.99674165,0.99753034,0.9980261,0.99668217,0.99691755,0.996915,0.99849993,0.9969486
HHLA3,0.9999003,0.9999709,0.9998387,0.99983525,0.999879,0.99973536,0.999874,0.9992441
MMP28,0.99212027,0.9940869,0.99537593,0.9923181,0.9927556,0.99296105,0.99661595,0.9926264
CCL25,0.9977285,0.99829006,0.9985444,0.99756646,0.99776566,0.99774814,0.9988877,0.9976196
NUP88,1.0004687,1.0004272,1.000556,1.0007949,1.0007647,1.000768,1.00054,1.0011888
SLC23A2,0.99967843,0.999828,0.99957013,0.9992547,0.9994811,0.99926394,0.9996232,0.99931467
LZIC,1.0024513,1.0018079,1.0017995,1.0027958,1.0024762,1.0024817,1.0013769,1.003756
SNX12,1.0022321,1.0016825,1.0014086,1.0023293,1.0020763,1.0023223,1.0011096,1.0015118
C10orf67,1.0015004,1.0011623,1.0010633,1.0016448,1.0015793,1.001545,1.000835,1.001686
NAP1L5,1.000417,1.0003822,1.0001162,1.0001372,1.0003767,1.0003349,1.0001357,1.0000334
PDZD11,1.0001371,1.0001425,1.0002058,1.0002658,1.0002985,1.0002179,1.0002015,1.0004833
RPS21,0.99797523,0.9984206,0.9985748,0.9976115,0.99774045,0.9977861,0.9988187,0.9976053
ZNF705G,0.9967072,0.99750435,0.9980099,0.9966529,0.996889,0.9968914,0.9984898,0.9969293
AIF1,0.99845195,0.99887335,0.99901867,0.9983376,0.99845535,0.99860823,0.99927276,0.997575
UQCRH,0.9978547,0.99834764,0.998667,0.99775076,0.9978398,0.9978907,0.99893093,0.9977647
RPL36A,0.9977314,0.9982321,0.9989684,0.9980786,0.9979544,0.9982407,0.9992473,0.99875605
KCNMB4,0.99838495,0.9987638,0.9987622,0.9979944,0.99826014,0.99817747,0.99911386,0.9993739
ARL14EPL,0.9967072,0.99750435,0.9980099,0.9966529,0.996889,0.9968914,0.9984898,0.9969293
POTEI,0.9978485,0.9983939,0.9986995,0.9977938,0.998011,0.9979309,0.9990001,0.99753547
CD58,1.0006577,1.0006945,1.0004182,1.0005915,1.0006748,1.000627,1.00041,1.0002292
TMEM156,0.9999111,0.99998426,0.999803,0.99955213,0.99973834,0.99973375,0.99983895,0.9995916
VXN,1.0033,1.0025347,1.0021329,1.0034956,1.0030072,1.0032061,1.0016557,1.0033736
ERFE,0.99701464,0.99771035,0.99833184,0.99715495,0.9973017,0.99739254,0.9987609,0.9972744
DPY30,1.0001204,1.0001116,1.0000659,0.9999846,1.0000025,0.9999902,1.0000402,1.0005667
MS4A4A,0.997266,0.9979175,0.99835455,0.99725986,0.997481,0.9975554,0.9987963,0.9974328
PRAMEF4,0.9967072,0.99750435,0.9980099,0.9966529,0.996889,0.9968914,0.9984898,0.9969293
DEPDC4,0.99986744,0.99994886,0.9999963,0.9998541,0.9997877,0.9996739,0.9999445,1.0001988
GKN1,0.9967072,0.99750435,0.9980099,0.9966529,0.996889,0.9968914,0.9984898,0.9969293
SENP8,1.0043784,1.0034606,1.0026276,1.004065,1.0039147,1.0037999,1.0019672,1.0043604
SAA1,0.996956,0.99769115,0.99811494,0.99683344,0.9970579,0.99704,0.9985452,0.9970628
SSX3,0.9969666,0.9977012,0.99818164,0.99692714,0.9971349,0.9971372,0.99861777,0.9972124
CXorf40A,1.0047464,1.0035717,1.0030284,1.0048716,1.004492,1.0045708,1.0022897,1.0044136
PCSK1N,0.9993789,0.99952614,0.9998972,0.99968207,0.9994525,0.9997263,0.99996203,0.9997947
SLC15A2,0.99877876,0.9991197,0.99955857,0.9990409,0.9989267,0.9991919,0.99977577,0.99994576
ACYP2,1.0012919,1.0009584,1.0007923,1.0012205,1.001144,1.0011493,1.0006087,1.0018992
BCL2L15,1.0005836,1.0004426,1.0005534,1.0008041,1.0008042,1.001009,1.0005691,1.0010264
C6orf52,1.000847,1.0006695,1.0006814,1.0009584,1.0009642,1.0011361,1.0005903,1.0003662
C17orf96,0.9967072,0.99750435,0.9980099,0.9966529,0.996889,0.9968914,0.9984898,0.9969293
FAM71C,0.99802214,0.99852604,0.9988102,0.9979646,0.99813354,0.9981606,0.99912155,0.9980954
PIGH,0.9999392,0.9999933,1.0003328,1.0004085,1.0002177,1.0002426,1.0003109,1.0007046
TAS2R7,0.9967072,0.99750435,0.9980099,0.9966529,0.996889,0.9968914,0.9984898,0.9969293
MS4A7,1.0012742,1.0008955,1.0005041,1.0008054,1.0008914,1.0008421,1.0002792,1.0004299
ZNRD1,0.9970759,0.9977662,0.99842644,0.9972482,0.99739504,0.99728525,0.99878407,0.9979577
RNF222,1.0004078,1.0003338,1.0001014,1.0001314,1.0001758,1.0001843,1.000031,0.9997385
PLA2G2D,0.9968146,0.99758285,0.9980695,0.9967543,0.99697936,0.9969673,0.99852663,0.99701464
GPX1,1.0003562,1.0002849,1.0003018,1.0004534,1.0003672,1.000344,1.000217,1.0001652
FAM174B,0.99955714,0.99981344,0.99951816,0.99911463,0.9994153,0.9993712,0.9997018,0.99960625
DIRAS3,1.0040004,1.002986,1.0027109,1.0043836,1.0040711,1.003928,1.002064,1.0044348
C3orf62,0.99936116,0.99947125,0.9998566,0.999593,0.9993067,0.99987054,0.9999888,0.9999796
INMT,0.994591,0.9958663,0.99701893,0.99498904,0.99509007,0.99523926,0.9977864,0.9959583
TNFSF18,0.9967072,0.99750435,0.9980099,0.9966529,0.996889,0.9968914,0.9984898,0.9969293
MEA1,0.99987525,1.0001073,1.000267,1.0002325,1.0002706,1.0003278,1.0003444,0.99977106
C4A,1.0008596,1.0007198,1.0006397,1.0008936,1.0009845,1.0010633,1.0005603,1.000496
COX7A2L,0.9964286,0.9972935,0.9976268,0.99606144,0.99649537,0.9964781,0.99817145,0.9960635
CCDC152,1.0025792,1.0019515,1.0018401,1.0028424,1.002645,1.0026925,1.0014395,1.0032359
ULBP1,1.0030919,1.0023731,1.002078,1.0032452,1.0029984,1.003404,1.0017228,1.0033147
PGPEP1L,0.99678755,0.9975596,0.9980451,0.9967239,0.9969498,0.99692434,0.99850404,0.99698436
LRRC10,0.99714756,0.99781954,0.99828494,0.99708986,0.9973103,0.99732417,0.99869686,0.99738365
NINJ2,0.9992,0.99944055,0.9994141,0.99898493,0.9991925,0.9991827,0.99959195,0.9991152
PIFO,0.9959088,0.9968979,0.9974713,0.9957886,0.9960791,0.9961127,0.998188,0.99761844
SCIMP,0.99754304,0.9980761,0.99868333,0.997729,0.99786097,0.9980014,0.99905765,0.99828404
CCZ1B,0.99837476,0.9988673,0.99920774,0.99868345,0.9988209,0.9988079,0.9995364,0.99884415
MAGEB4,0.9967072,0.99750435,0.9980099,0.9966529,0.996889,0.9968914,0.9984898,0.9969293
PAIP2B,1.00748,1.0056701,1.0046384,1.0075374,1.0069449,1.0071151,1.0035511,1.0074689
LYRM9,1.0024967,1.0017614,1.0013351,1.0022402,1.0020051,1.0019972,1.0009332,1.002745
CCL14,0.9967072,0.99750435,0.9980099,0.9966529,0.996889,0.9968914,0.9984898,0.9969293
IL17F,0.9967072,0.99750435,0.9980099,0.9966529,0.996889,0.9968914,0.9984898,0.9969293
LRRC37A2,1.0117369,1.0088918,1.0070955,1.0117005,1.0108994,1.0109916,1.005413,1.0113775
PRR23B,0.99697876,0.9977032,0.9981517,0.99689853,0.99711585,0.9970893,0.9985814,0.9971461
CSTL1,0.9967072,0.99750435,0.9980099,0.9966529,0.996889,0.9968914,0.9984898,0.9969293
PFDN6,0.9985069,0.9989575,0.99948907,0.99900436,0.9989292,0.9990553,0.9997395,0.99940383
TMEM218,1.0023015,1.0018189,1.0013933,1.0022202,1.002032,1.0019777,1.0010446,1.0020531
MAGEB2,0.99776125,0.99831903,0.9987173,0.9978054,0.9979422,0.99797547,0.9990437,0.9979006
CROT,0.9996097,0.9998272,0.9992186,0.99887294,0.9990895,0.9988319,0.99931455,0.9982408
CAMK2N2,1.0008041,1.0006055,1.0005641,1.0009031,1.0006794,1.0007766,1.0004046,1.000271
APOL6,1.0032115,1.0023694,1.0021749,1.0034144,1.0031191,1.0034529,1.00172,1.0033143
CAMSAP1,0.9897667,0.99217916,0.99377954,0.9897207,0.9903637,0.9905244,0.99529076,0.9905659
MAS1L,0.9967072,0.99750435,0.9980099,0.9966529,0.996889,0.9968914,0.9984898,0.9969293
MARCKS,0.9911128,0.99323046,0.9943832,0.9907378,0.99133205,0.99138594,0.99564636,0.9909843
GSTA3,0.99687576,0.99764144,0.99798596,0.9966405,0.9968737,0.9968071,0.9984014,0.9966951
ARMH2,0.99643576,0.99730074,0.9978223,0.9963622,0.9966294,0.99661803,0.99834657,0.9965646
SRPX2,0.997838,0.9983602,0.9988159,0.9979812,0.99806696,0.9981059,0.9991231,0.99801075
RNF24,1.0004343,1.0002375,1.0004389,1.0006001,1.0004567,1.0006233,1.0003722,1.0017529
MAGEB5,0.9967072,0.99750435,0.9980099,0.9966529,0.996889,0.9968914,0.9984898,0.9969293
TMEM107,0.9987297,0.99902606,0.9994328,0.9990206,0.9990335,0.9990597,0.99964184,0.99909496
FAM180B,0.9966355,0.99744403,0.99796915,0.9965889,0.99682486,0.996837,0.9984617,0.9968929
DAOA,0.9967072,0.99750435,0.9980099,0.9966529,0.996889,0.9968914,0.9984898,0.9969293
CHCHD1,0.9976108,0.9982667,0.99893326,0.99801534,0.99798524,0.9982908,0.9993079,0.9980965
FNDC8,0.9975592,0.99817014,0.99846685,0.9974195,0.9976648,0.9976765,0.9988587,0.9976188
CDK2AP1,0.9974581,0.9980607,0.99818635,0.9970626,0.9972218,0.9972434,0.9985683,0.99708235
MAGEB3,0.9968686,0.9976196,0.9980968,0.99680483,0.9970207,0.99699163,0.99853873,0.9970585
SPATA9,1.0028995,1.00221,1.0017116,1.0027323,1.0024898,1.0024501,1.001207,1.0023214
TSPAN16,0.9985323,0.9989158,0.9989829,0.9983008,0.99853635,0.9983133,0.9991852,0.99851286
RLN1,1.0008137,1.0005847,1.0005691,1.0008411,1.000755,1.00081,1.0004201,1.0007412
EVA1B,1.0032512,1.0024034,1.0020225,1.0032086,1.0029191,1.0031815,1.0015813,1.003528
DDX5,0.99303293,0.99467945,0.9955951,0.99272215,0.99318695,0.9932536,0.9965789,0.99290633
ORC1,1.000175,1.0001526,1.0003117,1.0004563,1.0003968,1.0001489,1.0002356,1.0005686
ALAD,1.0033112,1.0024018,1.0021042,1.0034542,1.0030508,1.0033122,1.0016298,1.0039401
NEDD8,0.99767244,0.9982478,0.9987967,0.9978988,0.99790365,0.99795413,0.99911016,0.99837923
TMEM126A,1.0001488,1.0000827,1.000383,1.0004845,1.0003092,1.0004085,1.000316,1.0006465
JPT2,0.99838984,0.9989169,0.99890864,0.99825335,0.9984993,0.9981773,0.99918157,0.9984356
AMY1C,0.9967072,0.99750435,0.9980099,0.9966529,0.996889,0.9968914,0.9984898,0.9969293
ASCL5,0.9966594,0.9974672,0.9979802,0.99660647,0.9968447,0.9968443,0.99846673,0.9968895
SNRPC,0.9993749,0.9995023,0.9997517,0.9994966,0.9994744,0.9996047,0.99986,0.9999169
SLC6A9,0.9980927,0.99850595,0.99924576,0.9987066,0.998333,0.99841404,0.9994325,0.9994314
TM4SF20,0.9968393,0.9976166,0.998152,0.9968839,0.9970871,0.99715805,0.9986414,0.9972154
KRTAP4-11,0.9967072,0.99750435,0.9980099,0.9966529,0.996889,0.9968914,0.9984898,0.9969293
HEG1,0.99990666,0.99996287,0.99971527,0.9995372,0.9994729,0.9992837,0.999655,0.9994656
LURAP1L,1.0054631,1.0041387,1.0036261,1.0057762,1.0051966,1.0055846,1.0028312,1.0053515
RGS21,0.9966407,0.9974407,0.99797904,0.9966056,0.9968146,0.9968153,0.9984518,0.99688286
RNF11,0.99416363,0.9955312,0.9965314,0.9941623,0.99448586,0.9948072,0.99741375,0.9944335
CCDC188,0.9967072,0.99750435,0.9980099,0.9966529,0.996889,0.9968914,0.9984898,0.9969293
CALY,1.0031376,1.0025104,1.002379,1.0038307,1.0034428,1.003451,1.0018853,1.0025725
GPX2,0.9984509,0.99881077,0.99905837,0.9983693,0.99847007,0.99851435,0.99927056,0.9984861
PPP1R14C,0.9962957,0.9972242,0.99756134,0.9960666,0.99643093,0.9965924,0.99824494,0.995799
TMEM213,0.9969978,0.9976937,0.99856675,0.9975152,0.9974202,0.99766636,0.99899554,0.9979897
FAM209A,0.99709284,0.9977858,0.9982331,0.9970243,0.997228,0.9972354,0.99865377,0.9973181
IQCF6,0.9967072,0.99750435,0.9980099,0.9966529,0.996889,0.9968914,0.9984898,0.9969293
CFAP126,0.9921813,0.99414814,0.99513286,0.99190325,0.992449,0.99234116,0.9963763,0.9944823
TAS2R10,0.9980626,0.9985305,0.9989729,0.99821866,0.9982804,0.99838626,0.9992639,0.99837697
SHISA4,0.9978124,0.9984503,0.9988855,0.99818015,0.9982027,0.99806774,0.9992149,0.9982755
CLEC4E,0.9972188,0.99788654,0.9983301,0.9971667,0.9973465,0.9974253,0.9987389,0.9973215
C1orf226,0.9976922,0.9982981,0.9986385,0.9977006,0.9979609,0.99800086,0.9990586,0.9977051
C11orf88,0.9967874,0.99760616,0.9979397,0.9965836,0.99690485,0.9967081,0.9983963,0.9965657
MS4A4E,0.9967072,0.99750435,0.9980099,0.9966529,0.996889,0.9968914,0.9984898,0.9969293
GM2A,0.99785614,0.99837625,0.9986735,0.9977602,0.99789655,0.9978937,0.99897236,0.9977758
C5orf52,0.99674165,0.99753034,0.9980261,0.99668217,0.99691755,0.996915,0.99849993,0.9969486
TAS2R39,0.99647677,0.9973325,0.9978989,0.99645895,0.9966903,0.99671245,0.9984102,0.9967246
AGO1,1.001077,1.0008545,1.0005326,1.000844,1.0010233,1.0008975,1.0004189,1.0004389
HIST1H1T,0.9967072,0.99750435,0.9980099,0.9966529,0.996889,0.9968914,0.9984898,0.9969293
TSLP,0.998256,0.99867505,0.99918044,0.99853987,0.9985979,0.998757,0.9994596,0.9985871
NUP107,1.0012808,1.001091,1.0011176,1.001657,1.0013819,1.0014915,1.0008945,1.0010322
GEMIN7,1.0010777,1.0007037,1.0010005,1.0015115,1.0012522,1.0013496,1.0008175,1.0026777
RNASE4,1.0015191,1.0012907,1.0010266,1.0014942,1.0015265,1.0014762,1.0008479,1.0017784
GPIHBP1,0.9976759,0.99823105,0.9985347,0.99753153,0.9976982,0.99769104,0.9988624,0.99772656
C10orf95,0.99779415,0.998312,0.99856436,0.9976077,0.99777675,0.9976949,0.9988479,0.9974859
KLRF1,0.99672544,0.99751085,0.99798983,0.99662983,0.996878,0.99686646,0.99846876,0.9969308
SNRPA,0.9929256,0.99471354,0.995906,0.99313915,0.99373627,0.99370563,0.9970465,0.9941331
COX5B,0.99849415,0.9988092,0.99891645,0.99823946,0.9983648,0.9982997,0.9991063,0.9983504
TMEM65,0.9990951,0.9992974,0.9991621,0.9987529,0.9989811,0.998981,0.99936604,0.99794424
CALML6,0.9967072,0.99750435,0.9980099,0.9966529,0.996889,0.9968914,0.9984898,0.9969293
MS4A6A,0.9975169,0.9980897,0.99856055,0.99748856,0.9977347,0.9978147,0.99895626,0.99834406
ANG,0.99750614,0.9981591,0.99852556,0.99747765,0.99772817,0.9976548,0.99889076,0.9974664
DYNLL2,1.0073708,1.0056853,1.0045863,1.0073421,1.0070161,1.0069066,1.003504,1.006923
LECT2,0.99685955,0.9976075,0.9980874,0.99678844,0.9970124,0.9970168,0.99854386,0.9970943
PDCL2,0.99655104,0.9973844,0.9979316,0.99652326,0.99675816,0.9967369,0.9984276,0.99684954
CDV3,1.000581,1.0005007,0.99998116,0.9999825,1.0002445,0.9999345,0.999913,1.0001148
TCTEX1D1,0.9919912,0.99410415,0.99427557,0.9906932,0.99198365,0.99123424,0.9956324,0.9926975
TNFSF8,0.99812895,0.99856585,0.9987997,0.9979509,0.99817336,0.9983388,0.99913317,0.99803954
EDDM3B,0.9967072,0.99750435,0.9980099,0.9966529,0.996889,0.9968914,0.9984898,0.9969293
LCN12,0.99663377,0.99745667,0.9979632,0.9965774,0.9968233,0.996834,0.9984592,0.9967745
CD300LD,0.9967072,0.99750435,0.9980099,0.9966529,0.996889,0.9968914,0.9984898,0.9969293
RLN2,0.9990281,0.99923533,0.99938834,0.99889654,0.9989841,0.9990178,0.99953675,0.99920803
CASC10,0.9967072,0.99750435,0.9980099,0.9966529,0.996889,0.9968914,0.9984898,0.9969293
GPR141,0.9967072,0.99750435,0.9980099,0.9966529,0.996889,0.9968914,0.9984898,0.9969293
IGSF6,0.993061,0.99478704,0.9955308,0.9926446,0.9933108,0.9931344,0.99653864,0.9924981
SPINK5,0.9972619,0.9979415,0.99830914,0.9971262,0.99742836,0.9974004,0.99873805,0.9974012
DEPP1,0.9954539,0.99647385,0.99747074,0.99573994,0.9958377,0.9959034,0.9980688,0.9956298
TSR2,0.99970096,0.99979305,0.999765,0.99952865,0.99965584,0.99956274,0.9998096,0.9997382
LTA,0.99754685,0.99817896,0.9984021,0.99731654,0.9975972,0.99752104,0.99877524,0.9973682
RD3,1.0005999,1.0004444,1.0003307,1.0004983,1.0004666,1.0005617,1.0002394,0.9998947
GRK5,1.0053531,1.004074,1.003401,1.0054766,1.0051304,1.0050938,1.0025904,1.0052814
ARRDC5,0.9987102,0.9990306,0.99927604,0.9986698,0.998645,0.99883974,0.99947083,0.9987257
BEX4,0.9962512,0.9971483,0.99761415,0.9960518,0.99637496,0.99624246,0.99812686,0.99623144
SNURF,0.9911488,0.9933597,0.99420273,0.9905142,0.9915221,0.9911304,0.99551046,0.9904591
CLEC12A,0.99880695,0.9991064,0.9992672,0.99871105,0.9988289,0.99892473,0.999478,0.999033
TMEM123,0.99287367,0.9945748,0.99550223,0.9926316,0.9931425,0.9929943,0.9965718,0.9938709
IRF3,0.9985642,0.99899167,0.99905646,0.9983373,0.99875164,0.99834394,0.999289,0.9989613
GCSAM,0.9989109,0.99913085,0.99928313,0.9987852,0.99886787,0.99890345,0.99943197,0.9989512
ERP27,0.9968711,0.9976202,0.99809194,0.99679744,0.9970224,0.99701273,0.99854404,0.99708927
NSG1,0.9884504,0.99123955,0.99307144,0.9884992,0.98923904,0.9892622,0.9947063,0.98891705
DNAJC15,0.9960252,0.99707675,0.99742556,0.99565494,0.9961767,0.99604595,0.9980322,0.99561644
CCDC85B,0.9974208,0.99790424,0.9984678,0.99748516,0.9975177,0.9976692,0.99882305,0.9977214
KRTAP10-9,0.9967072,0.99750435,0.9980099,0.9966529,0.996889,0.9968914,0.9984898,0.9969293
KRTCAP2,0.99834955,0.9987876,0.9992124,0.9985702,0.9986019,0.9987432,0.99947846,0.99883085
ATP6V1G3,0.9962481,0.99718356,0.99774057,0.99618924,0.9965025,0.99645126,0.9982934,0.9966917
FXYD1,0.98703384,0.990289,0.9922552,0.98726916,0.98805344,0.9879536,0.99418163,0.98760533
OMP,0.9967072,0.99750435,0.9980099,0.9966529,0.996889,0.9968914,0.9984898,0.9969293
CTAG2,0.9992562,0.99942636,0.99951804,0.99911,0.9992349,0.99913573,0.99959815,0.9993088
CCRL2,0.99968493,0.9997399,0.99966645,0.9994383,0.9995086,0.9994582,0.99969304,0.9993764
PSMD10,0.99945444,0.9996121,0.99975187,0.9994824,0.9995587,0.9996486,0.99987394,0.9996723
COMMD2,1.0011497,1.0008479,1.0007615,1.0011587,1.0010082,1.001212,1.0005887,1.0011431
DPPA5,0.9967387,0.99751097,0.99802923,0.9966899,0.9969095,0.99692357,0.99850184,0.9970215
OTUD6A,0.9998432,0.99987483,0.999883,0.9997317,0.99970865,0.99977195,0.99988955,0.99947596
FAM169B,0.9970324,0.9977493,0.9981543,0.99690634,0.99714506,0.99713075,0.9985863,0.99707115
RPL32,0.9959629,0.9968864,0.9973986,0.9956826,0.995909,0.9959742,0.9979316,0.9957403
SRP9,0.99546015,0.99651444,0.99705434,0.9951303,0.9954462,0.99552524,0.9976914,0.99518865
LCN10,0.99721533,0.99790335,0.99838173,0.99725413,0.99746627,0.9974538,0.9987966,0.9976036
KIAA0895,1.0019548,1.001452,1.0012009,1.0019447,1.0016958,1.0018976,1.0008924,1.0010132
CHCHD10,1.0036163,1.0027304,1.0018486,1.0030689,1.0030005,1.0029888,1.0013366,1.00213
CCDC171,1.0043683,1.0031571,1.0030653,1.0049007,1.0040541,1.0045233,1.0023167,1.0048925
TAS2R60,0.9967072,0.99750435,0.9980099,0.9966529,0.996889,0.9968914,0.9984898,0.9969293
HSPB11,0.9981204,0.9986109,0.9987107,0.9978112,0.99812955,0.997879,0.9990074,0.9986158
SPACA7,0.9968146,0.99758285,0.9980695,0.9967543,0.99697936,0.9969673,0.99852663,0.99701464
B4GALNT3,0.99655235,0.9973954,0.9978044,0.99634874,0.9966871,0.99657166,0.9983106,0.9966866
LAMTOR1,0.99992156,1.0000087,0.9998988,0.9997664,0.9999044,0.99962795,0.9998973,0.99995935
MBL2,0.9970668,0.99777246,0.99822897,0.9970089,0.9972113,0.99723554,0.99865437,0.9972448
HIST3H3,0.9967072,0.99750435,0.9980099,0.9966529,0.996889,0.9968914,0.9984898,0.9969293
PRAP1,0.996359,0.9972064,0.9978838,0.996421,0.9966414,0.99674,0.9984237,0.9968698
METTL3,1.0035659,1.0026965,1.0025271,1.0040827,1.0034906,1.003706,1.0019743,1.0041999
SLC22A18AS,0.99624795,0.9971561,0.99769473,0.9961537,0.9964231,0.9964092,0.9982379,0.99638426
CBWD1,0.9986167,0.9990344,0.99935997,0.99879926,0.9989172,0.9988661,0.99955904,0.9985844
GLRX2,1.0006795,1.0005796,1.0004023,1.0006852,1.0006385,1.0006235,1.0003318,0.99999243
SNX3,0.9982698,0.99880624,0.99897933,0.9982617,0.9984619,0.9983729,0.9992714,0.9983155
APOC3,0.99706066,0.99777436,0.9982128,0.9969865,0.9972036,0.9972018,0.99864066,0.997252
NANOGNB,0.99912435,0.9993228,0.99953485,0.9991504,0.9990887,0.9992136,0.9996425,0.99912345
IL25,0.9967625,0.99755025,0.998029,0.996688,0.9969337,0.99692196,0.99850154,0.9969264
BAALC,1.0021731,1.0017844,1.0015197,1.0024108,1.0021241,1.0021498,1.001193,1.0021173
CARD16,0.9972391,0.9979764,0.99835986,0.9972307,0.99740523,0.99731255,0.9987377,0.99723697
OCM,0.9987228,0.99904037,0.9992411,0.9986795,0.9988166,0.99871945,0.9994067,0.9988812
CEBPG,0.99675685,0.9975909,0.9985262,0.99747443,0.99752533,0.9975924,0.99899507,0.9971521
C1orf105,0.9967072,0.99750435,0.9980099,0.9966529,0.996889,0.9968914,0.9984898,0.9969293
ATP5PF,0.99954057,0.99964154,0.9995431,0.99920183,0.9993415,0.99930525,0.9995866,0.9991388
PRND,0.9985056,0.99889493,0.9992788,0.9987164,0.9987862,0.99878937,0.99949455,0.9988115
MAGEA12,0.9967072,0.99750435,0.9980099,0.9966529,0.996889,0.9968914,0.9984898,0.9969293
MAGEA10,1.0001538,1.0001125,1.0001255,1.0001738,1.0000912,0.9999956,1.0000517,1.0002137
IL1RN,0.9989573,0.9993043,0.9995079,0.999017,0.9991665,0.99916434,0.99966425,0.9990922
VGLL1,0.99118567,0.99329674,0.99446595,0.99089587,0.99146855,0.9913579,0.99568194,0.991171
PHLDA2,0.99296975,0.99460423,0.99569356,0.9929589,0.9932976,0.99329495,0.9966674,0.99307823
CNTD2,0.99947405,0.999604,0.9995395,0.9992188,0.9992928,0.99914575,0.9995722,0.9993016
IL24,0.9968146,0.99758285,0.9980695,0.9967543,0.99697936,0.9969673,0.99852663,0.99701464
ACVR2A,0.99401724,0.995507,0.9966198,0.9943173,0.99454063,0.9947836,0.9975048,0.9946034
ELOB,0.998608,0.9989162,0.999049,0.9983765,0.998477,0.9984926,0.99921435,0.9984764
BATF,0.99746525,0.9980433,0.99848443,0.9974295,0.9976069,0.99765843,0.9988513,0.99765074
POLR3G,1.0036706,1.0027394,1.002128,1.0035135,1.0033243,1.00324,1.0015668,1.0032396
DYNLL1,0.9948355,0.9960394,0.9967514,0.99462056,0.99492484,0.9949878,0.9974687,0.9948748
JUND,0.9956602,0.99681187,0.9973297,0.9956242,0.99600756,0.99565876,0.99795115,0.9958223
CD160,0.9965677,0.9973866,0.9978419,0.9964633,0.996747,0.9969065,0.9984536,0.9966683
FAM207A,0.99559,0.9965786,0.9974543,0.99580157,0.9960573,0.9959549,0.99808407,0.9965142
APOD,0.99900573,0.99953747,0.99949586,0.99904156,0.9990487,0.99886507,0.9996917,0.99962723
LYRM2,1.0008359,1.0006553,1.0003307,1.0005231,1.0006592,1.0004637,1.0002058,1.0004773
IMMP2L,1.003469,1.0026782,1.0025456,1.003943,1.0035596,1.0037494,1.0020199,1.0038853
CISD1,0.9942536,0.9956583,0.99667215,0.99445814,0.9947426,0.99466586,0.9974321,0.9942279
AC005841.1,0.9967072,0.99750435,0.9980099,0.9966529,0.996889,0.9968914,0.9984898,0.9969293
RRP15,0.9994577,0.99962205,0.9994197,0.9990926,0.9993155,0.99923414,0.9995575,0.99903774
LGALS9C,0.9980207,0.9984789,0.9986973,0.997823,0.99810123,0.9980693,0.9990163,0.99784607
DRAP1,0.9957218,0.9967742,0.99757373,0.9958875,0.9961892,0.9961404,0.99820566,0.99646974
OPRPN,0.99663633,0.9974498,0.997971,0.9965885,0.9968267,0.9968314,0.99846184,0.9968804
MS4A1,0.99853194,0.9989246,0.99901676,0.9983221,0.998529,0.9984498,0.99922633,0.99836755
UTS2B,0.998621,0.998996,0.9991963,0.9986024,0.9988179,0.99863917,0.99939346,0.99893236
APOOL,1.0028386,1.0022414,1.0016701,1.0026286,1.0025303,1.0025669,1.0012616,1.001939
CLRN3,0.99650896,0.99734485,0.9979435,0.9965527,0.9967499,0.9967623,0.99844086,0.9968089
ZNF444,0.9982158,0.9986174,0.9987298,0.997974,0.9982581,0.9980837,0.9990372,0.9984162
CMTM1,0.99871206,0.99903417,0.9991646,0.9985467,0.9986684,0.9986447,0.9993261,0.99846506
MCEE,1.0024978,1.001731,1.0019089,1.0029503,1.0025592,1.0029569,1.0015528,1.0038154
BOLA3,0.99807966,0.99870455,0.99868083,0.997769,0.9983182,0.9981861,0.99910426,0.99764246
PMP2,0.9979235,0.99849284,0.99925053,0.9985883,0.9983085,0.99862194,0.9995791,0.99923337
TNFSF9,1.0046135,1.0035062,1.0027367,1.0044546,1.0041502,1.0042726,1.0021027,1.0044607
TEX47,0.9970044,0.99772966,0.9981998,0.99695987,0.9971665,0.9971639,0.99862945,0.9972353
DYDC1,0.9999869,0.99992365,1.0000039,0.999966,0.99989104,0.9999069,0.99995786,0.9999506
OCIAD2,0.9983339,0.99868304,0.9991318,0.99843764,0.9985088,0.9987514,0.99938047,0.99850607
AL121963.1,0.9967072,0.99750435,0.9980099,0.9966529,0.996889,0.9968914,0.9984898,0.9969293
C14orf119,0.99815977,0.99863756,0.9989742,0.99821234,0.99844724,0.9982747,0.9992606,0.9990074
DNAL1,1.0017645,1.001326,1.0010307,1.0016936,1.0016141,1.0014191,1.000746,1.0020188
TSKU,1.0011091,1.000942,1.0002806,1.0005677,1.0007279,1.0002904,1.0001097,0.99994016
SPATA46,0.99663633,0.9974498,0.997971,0.9965885,0.9968267,0.9968314,0.99846184,0.9968804
CCDC28B,1.0023254,1.0018095,1.0015072,1.0023494,1.0022026,1.0021746,1.0011556,1.0025194
MANSC4,0.9973925,0.9980201,0.99841565,0.9973179,0.997501,0.99751973,0.99879295,0.99755055
BCAS4,1.0002003,1.0003003,1.0001373,1.0000829,1.0002881,1.0000902,1.0001416,1.0003684
PRXL2C,1.0010163,1.0007325,1.000714,1.001134,1.0008979,1.0009689,1.0005219,1.0010624
SSC4D,0.99795246,0.9984971,0.9989208,0.9981233,0.99824077,0.99824035,0.99923223,0.9980795
MS4A10,0.9977871,0.99832463,0.99869335,0.9977561,0.99787754,0.9977902,0.99895626,0.99809206
TEX30,0.99931836,0.9995245,0.9994392,0.99906635,0.99936104,0.9992087,0.999599,0.9991757
UBL5,0.99925864,0.99940264,0.9994837,0.9990808,0.99912393,0.9992247,0.99956226,0.99902344
CGGBP1,0.99560446,0.99664867,0.99741066,0.99568224,0.99579465,0.9958569,0.9979985,0.9959264
SIGLECL1,0.9967072,0.99750435,0.9980099,0.9966529,0.996889,0.9968914,0.9984898,0.9969293
TMEM170A,0.9942044,0.9956572,0.99682677,0.99468756,0.9948913,0.9948982,0.99767494,0.9952282
SSX5,0.99663633,0.9974498,0.997971,0.9965885,0.9968267,0.9968314,0.99846184,0.9968804
LYRM4,0.9935206,0.99511313,0.99636734,0.9938799,0.9943948,0.99454165,0.9974135,0.99421185
TMEM17,1.0029763,1.0022422,1.0019038,1.0030872,1.0028334,1.0030087,1.0015478,1.0035903
EPGN,1.0000317,0.9999606,1.0000299,0.9999691,0.99992335,1.0000367,1.0000021,1.0000367
PIGF,1.0074164,1.0057367,1.0041738,1.0068347,1.006707,1.0066112,1.0031785,1.0060523
LCN6,0.9967072,0.99750435,0.9980099,0.9966529,0.996889,0.9968914,0.9984898,0.9969293
MIS18A,1.0023458,1.0018958,1.0010021,1.0016588,1.0018754,1.001257,1.0006104,1.0015898
C2orf74,0.9989706,0.99917775,0.99966097,0.99929744,0.9992625,0.9995105,0.99986446,0.99992734
ARL16,1.0006869,1.0005834,1.0003302,1.0005084,1.0006552,1.000529,1.0002688,1.0002236
DCAF16,0.99782175,0.99837506,0.99902844,0.9982276,0.9981492,0.9985374,0.99938095,0.9980013
BID,1.0001446,1.0001225,1.0001835,1.0001936,1.0000883,1.0003448,1.0001839,0.99983025
TMUB1,1.0046736,1.0035981,1.0026672,1.0042648,1.0040287,1.003927,1.0019407,1.0039432
XG,0.99882066,0.9991075,0.9992043,0.9986123,0.9987376,0.9986762,0.9993622,0.9990397
ARHGEF6,0.99340093,0.9948541,0.9966756,0.9944409,0.9943495,0.9947902,0.99761593,0.99494463
RSPH10B,0.9967072,0.99750435,0.9980099,0.9966529,0.996889,0.9968914,0.9984898,0.9969293
TAS2R19,0.99884164,0.9991431,0.99926263,0.99870944,0.9988322,0.99879956,0.99943066,0.99884427
CCL3L3,0.9968386,0.99759614,0.99809194,0.99679136,0.99699223,0.99700594,0.9985441,0.99704444
GEMIN6,0.99912393,0.999365,0.9999502,0.99967825,0.99965036,0.9998376,1.0001137,1.0003295
TMED2,0.99663067,0.9974475,0.9980459,0.9966682,0.9968822,0.9969826,0.9985658,0.99723804
MRGPRX2,0.9967072,0.99750435,0.9980099,0.9966529,0.996889,0.9968914,0.9984898,0.9969293
HARS2,1.0021043,1.0016402,1.0012069,1.0020473,1.001909,1.0017856,1.0008895,1.0015951
C12orf76,0.99993706,0.99988484,0.9997394,0.9995322,0.99958324,0.99960136,0.9997661,1.0003934
SYNGR4,0.9967072,0.99750435,0.9980099,0.9966529,0.996889,0.9968914,0.9984898,0.9969293
FCER1A,0.9986401,0.9989654,0.9991218,0.9985118,0.99862283,0.9985242,0.99928784,0.99860024
TIMM22,1.004101,1.0031615,1.0024651,1.0040109,1.0038068,1.0038469,1.001894,1.0033941
VSTM1,0.9966597,0.9974605,0.99797606,0.99660444,0.99684465,0.996859,0.99846804,0.9968935
MPHOSPH6,0.99640006,0.99729455,0.9977542,0.9963517,0.99672806,0.996511,0.9982819,0.9961972
PTGES,0.9957832,0.9967184,0.99756444,0.9959023,0.9959915,0.99607563,0.99810946,0.9966557
SH2D1B,0.9967916,0.9975549,0.99813116,0.996863,0.9970319,0.99705946,0.9985871,0.99703753
C22orf42,1.0028641,1.002265,1.0020183,1.003112,1.0030241,1.0031421,1.0016353,1.0025976
TMEM179B,1.0001659,1.0001918,0.9999251,0.9997599,0.9999057,0.99973893,0.9998965,1.0000938
TP53INP2,1.0012629,1.0009463,1.0006591,1.0010505,1.0011828,1.0013328,1.0005707,1.0005426
TBC1D28,0.9993837,0.9994743,0.9997349,0.99943274,0.9994169,0.99956346,0.99981916,0.99990857
H2BFM,0.9967072,0.99750435,0.9980099,0.9966529,0.996889,0.9968914,0.9984898,0.9969293
CD164L2,0.9969666,0.9977012,0.99818164,0.99692714,0.9971349,0.9971372,0.99861777,0.9972124
ZNF720,1.0047928,1.0035982,1.0027847,1.0045904,1.0042307,1.0044615,1.0021089,1.0037303
EIF4EBP2,0.99691087,0.99771476,0.9978778,0.99651694,0.9968334,0.9966252,0.998327,0.99686325
C8orf82,0.998402,0.9988115,0.9990355,0.9983258,0.99865437,0.9986384,0.999344,0.99836004
CBWD3,0.99383986,0.9953284,0.9959843,0.99342716,0.99400544,0.99385047,0.99688697,0.9937787
SMIM7,0.99874747,0.9990251,0.9993448,0.99884856,0.99891615,0.99880755,0.9995104,0.9996941
NOMO2,1.0065236,1.0051105,1.0038033,1.0061842,1.0060482,1.0057769,1.0028776,1.0051734
ORMDL1,0.99863875,0.9990103,0.99929786,0.99874353,0.9987991,0.99873155,0.9994824,0.99908537
JPT1,0.9946171,0.99586415,0.9967637,0.9945973,0.9949014,0.9950394,0.99750686,0.9945619
FPR1,0.9919736,0.99390924,0.99485373,0.99152106,0.99225795,0.9921478,0.9960266,0.99169123
PAXX,1.0000062,1.0000801,1.0001013,1.000052,1.0000646,0.9999615,1.0000801,1.0002016
SKA2,0.99873185,0.99902415,0.9992562,0.99869716,0.99875677,0.99881446,0.99944466,0.9992139
PRH1,1.0020679,1.0015728,1.0012006,1.0019066,1.0017121,1.0017358,1.0008686,1.0018834
BOLA1,1.0007782,1.0006882,1.0005333,1.0007467,1.000907,1.0008233,1.0005269,1.0014608
PFDN1,0.99791646,0.99838686,0.99886036,0.998052,0.99806666,0.9982279,0.99915636,0.9982263
SAT2,0.99928784,0.9994048,0.9997345,0.9994652,0.9994204,0.9995816,0.9998436,0.9998188
NKAIN4,0.9976325,0.9982563,0.9987487,0.9978736,0.9978931,0.99788594,0.999113,0.99794865
CDKN2C,0.99751604,0.99835706,0.997981,0.99666643,0.99749625,0.99690217,0.99848324,0.9970786
RGS9BP,0.99677294,0.9975281,0.9980937,0.9967638,0.9969919,0.99706566,0.9985728,0.99718535
C2orf49,1.0012634,1.0010751,1.0010309,1.0015993,1.0014446,1.0012804,1.0008063,1.0013325
LEPROT,0.99911153,0.9993589,0.9992676,0.9987954,0.99882895,0.9987439,0.9993676,0.9987608
TCP10L,0.9936842,0.99535257,0.9966562,0.9942049,0.9945796,0.994779,0.9976443,0.9949516
EEF1E1,1.0008669,1.0007972,1.000709,1.0009598,1.0009764,1.0010896,1.0006547,1.0010633
CIAO2B,0.9980837,0.9984788,0.99893034,0.99817705,0.99819636,0.9983021,0.9992047,0.9987824
PRH2,0.9977616,0.9982821,0.998488,0.99749357,0.9978075,0.9977757,0.9988559,0.9977443
CYLC2,1.0012207,1.0009277,1.000777,1.0012225,1.0010943,1.0010916,1.0005686,1.0009756
MED28,0.9999141,0.99991494,0.99996626,0.9998338,0.9998542,0.99997795,1.000006,1.0003761
CNFN,0.99401873,0.9954985,0.99677277,0.99449444,0.9947393,0.99479663,0.9975944,0.9944825
TMEM254,0.99899274,0.9992428,0.99961436,0.99930596,0.9992496,0.99931157,0.9997658,0.999354
LRRC26,1.0051739,1.0039387,1.0030934,1.0051146,1.0048,1.0048208,1.0023516,1.0041953
CRABP2,0.99887204,0.9991187,0.9990955,0.99856234,0.9986942,0.99848485,0.99919736,0.99801886
ZC3HAV1L,0.9969288,0.99765766,0.9983478,0.9971124,0.9971663,0.99745905,0.9988575,0.99839693
RNF223,0.9967072,0.99750435,0.9980099,0.9966529,0.996889,0.9968914,0.9984898,0.9969293
HPGDS,0.9944625,0.995762,0.9967528,0.99455404,0.9949516,0.9951105,0.9976001,0.99491596
CARTPT,0.9982237,0.99863076,0.9989292,0.9981953,0.9983126,0.99818146,0.9991368,0.9982135
MCOLN3,0.9968201,0.99758184,0.99807155,0.99676096,0.9969833,0.9969784,0.9985294,0.9970342
AKIP1,1.0009974,1.0007544,1.0005314,1.0007509,1.0007559,1.0007842,1.0004101,1.0015476
IL1A,0.9984971,0.9988682,0.9990506,0.998412,0.9984891,0.99848247,0.9992554,0.99828327
MAL2,0.9995331,0.9996238,0.99969566,0.9994395,0.9995692,0.99951065,0.9998381,1.0004995
ATP5F1D,0.99973536,0.99983233,1.0000285,0.9998926,0.9997161,0.9998403,1.0000205,1.0000293
GOLGA8H,0.9970732,0.99779093,0.9981484,0.9969255,0.9971705,0.99712574,0.99858,0.9968549
GPS1,0.997359,0.9980208,0.99877256,0.99779886,0.9977455,0.99798167,0.99916863,0.99830514
KCNRG,0.9987271,0.9990602,0.99920285,0.9986684,0.99878496,0.9986968,0.9993751,0.9985199
NAT2,0.9961258,0.99708,0.997591,0.9959681,0.99629223,0.9962144,0.99816173,0.9964684
SNRPD2,0.99875134,0.99903095,0.99921346,0.99866563,0.99871075,0.9987339,0.99937236,0.99886334
KRTAP11-1,0.9969254,0.99766386,0.99813175,0.9968598,0.9970732,0.9970467,0.99856544,0.9971044
NSG2,0.9880743,0.9909761,0.99290776,0.9881878,0.98887396,0.9890528,0.9946114,0.9885039
ZG16,0.99678284,0.9975583,0.9980508,0.99672127,0.99695194,0.9969539,0.9985186,0.99700844
COPRS,0.99941486,0.9996455,0.9992377,0.99878764,0.9991802,0.99882364,0.99937594,0.9986698
ETFRF1,1.0006037,1.000411,1.0005622,1.000842,1.0005786,1.0008149,1.0005059,1.0016181
C6orf120,1.0018388,1.0014527,1.0011894,1.0018748,1.0017502,1.0020113,1.0010214,1.001481
CYP27B1,0.9974354,0.9980591,0.9984823,0.9974208,0.9975909,0.99762845,0.9988595,0.99762744
MAP1LC3B2,1.0028319,1.0023557,1.0021728,1.0033207,1.0033451,1.0033644,1.0018768,1.0033394
RNF186,0.9967072,0.99750435,0.9980099,0.9966529,0.996889,0.9968914,0.9984898,0.9969293
FAM162A,1.0005398,1.0004741,1.000566,1.0006565,1.0007628,1.0009772,1.0006001,1.0016506
KCNQ5,0.99801457,0.9985047,0.99873734,0.9979585,0.99801296,0.9980749,0.9990463,0.99761283
FAM228A,1.002687,1.0020014,1.0017868,1.0027794,1.0026312,1.0027,1.0013773,1.0027881
LST1,0.99252987,0.9943634,0.99527186,0.99217486,0.9928443,0.9928305,0.99638426,0.99227965
C1orf53,0.99534535,0.9965626,0.9974743,0.9956855,0.99596286,0.9960295,0.9981867,0.9957477
CD200R1L,0.9968146,0.99758285,0.9980695,0.9967543,0.99697936,0.9969673,0.99852663,0.99701464
RWDD3,1.0023195,1.001839,1.0016176,1.002561,1.0024326,1.0025269,1.0013847,1.0032606
ZFAND2A,0.996886,0.9975643,0.9983531,0.9971162,0.99705905,0.99740744,0.9988026,0.99783206
SPIN3,1.0008783,1.0006977,1.000351,1.0006349,1.0005337,1.0004389,1.0001793,0.99992186
MEF2D,0.99653107,0.9973117,0.9982412,0.997033,0.99697363,0.9971544,0.99869084,0.99649394
LMNB2,1.0014238,1.0011528,1.0006721,1.001178,1.0012243,1.0007806,1.0004188,1.00074
LSMEM2,0.99810743,0.9985621,0.99894464,0.99816036,0.9982636,0.99835265,0.999227,0.99831283
IQCF1,0.9967072,0.99750435,0.9980099,0.9966529,0.996889,0.9968914,0.9984898,0.9969293
C19orf84,0.99818146,0.99865174,0.998789,0.997962,0.998167,0.99805874,0.9990389,0.9980191
SLC35G5,0.9990631,0.99929047,0.99923533,0.998705,0.99888635,0.99876577,0.999364,0.9989084
PPP5D1,1.0025907,1.0019712,1.0016899,1.0026989,1.0024028,1.0024767,1.0012918,1.0022966
ODF3,0.99753034,0.9981529,0.99843776,0.99736094,0.997587,0.9975244,0.99878764,0.9975464
C22orf46,1.00543,1.004062,1.003455,1.00557,1.0049999,1.0053158,1.0026723,1.0057477
DAP,0.99530745,0.9965726,0.9973202,0.9954352,0.995944,0.9959587,0.9981257,0.9958724
TAS2R20,1.00521,1.0040145,1.0030102,1.004786,1.0045326,1.00434,1.0021656,1.0046589
GNLY,0.99703526,0.9977487,0.9981826,0.996966,0.99718106,0.9971569,0.9986108,0.9971007
ROMO1,0.99871457,0.9989575,0.9992027,0.9986404,0.9986701,0.99878937,0.9993845,0.9989495
C8orf74,0.9967072,0.99750435,0.9980099,0.9966529,0.996889,0.9968914,0.9984898,0.9969293
ALKAL2,0.9986945,0.9990449,0.99921227,0.9986924,0.99882495,0.9985616,0.99936914,0.9989186
LRRC10B,0.99503756,0.9962603,0.9966341,0.9946393,0.99531525,0.9949244,0.99742776,0.9941046
LGALS13,0.9974195,0.9980787,0.9984539,0.9973403,0.99752796,0.99750507,0.9987984,0.9971715
SNRPD1,0.9998622,0.99987423,0.99992925,0.9997962,0.9997238,0.99987096,0.99991906,0.9996264
CXorf30,0.9967072,0.99750435,0.9980099,0.9966529,0.996889,0.9968914,0.9984898,0.9969293
CNIH2,0.9981655,0.998628,0.9988281,0.9980713,0.9981805,0.99808174,0.99908423,0.9978274
MTIF2,1.001667,1.0012828,1.0009753,1.0016106,1.0015004,1.0014858,1.0007432,1.0014875
PPP3R2,0.99961054,0.9997483,1.0000342,0.9998389,0.9998455,0.9999604,1.0001014,0.9999647
RNF208,0.9996525,0.9996425,0.99986374,0.9998395,0.999665,0.9997548,0.9998869,0.99938107
RRM2,0.9934199,0.9950421,0.9962204,0.9936048,0.99396455,0.99383324,0.99712133,0.99428177
FAM120AOS,1.0021353,1.0016212,1.0011594,1.0018806,1.0018903,1.001555,1.0007955,1.0019989
GTF3C6,1.0002983,1.0002561,1.0002705,1.0003607,1.0003225,1.0002792,1.0002092,1.0005276
LAPTM5,0.9949281,0.99618983,0.9969413,0.99486303,0.9952083,0.9952228,0.9976578,0.99489784
IL19,0.99673724,0.997519,0.99801075,0.9966667,0.9969052,0.9969132,0.99848944,0.9969024
FAM89A,0.9990011,0.9994265,0.9991148,0.99850607,0.9988017,0.9985995,0.9993074,0.9980359
C20orf202,1.0001266,1.0000758,1.0000954,1.0000663,1.0000077,1.0000625,1.0000454,1.0001
POLR2J,0.99799436,0.9984615,0.9988893,0.9981437,0.99823093,0.9982699,0.9992029,0.9982898
CTNNBIP1,1.0006558,1.000576,1.0002929,1.0004463,1.0004716,1.000352,1.0001923,1.0000585
SAT1,0.996776,0.997454,0.99796367,0.9965594,0.99652076,0.996683,0.9983611,0.9974835
LCAT,0.99796975,0.99843955,0.9991691,0.9984971,0.998381,0.9986944,0.9994593,0.9981272
TIMM13,0.99936473,0.9996086,0.9995318,0.9991902,0.9993309,0.9991479,0.9996116,0.9988736
ZCCHC10,0.99944127,0.9996084,0.99973536,0.99952716,0.99965584,0.9995866,0.9998572,0.9997064
FAM3C,1.0015767,1.0012504,1.0008147,1.0012542,1.0012872,1.0011479,1.0005691,1.0012109
AC026202.1,0.9967072,0.99750435,0.9980099,0.9966529,0.996889,0.9968914,0.9984898,0.9969293
EREG,0.99591494,0.99686086,0.9974772,0.99581087,0.9961653,0.99616146,0.9981142,0.9963388
LY6H,1.000519,1.0003775,1.0005665,1.0008439,1.0006914,1.0008388,1.0004865,1.0008725
TMEM31,0.9982668,0.9986609,0.99888825,0.9981116,0.99822426,0.99824214,0.9991294,0.9983516
C8orf33,0.99670696,0.99746203,0.9983721,0.9971781,0.99715024,0.9973592,0.9988457,0.99792254
ZNF124,0.9964341,0.99723494,0.997797,0.9963505,0.99671197,0.9969067,0.99839514,0.9963217
TMEM54,0.9996983,0.9997507,0.9998991,0.9997963,0.9997009,0.9995229,0.9998404,0.9997419
OSR1,0.9968263,0.99759567,0.99802387,0.99669874,0.9969516,0.99694765,0.99849045,0.99672985
TMEM52B,0.9961778,0.9971133,0.997282,0.9955503,0.9960171,0.9957974,0.9978017,0.9955218
AWAT1,0.9967072,0.99750435,0.9980099,0.9966529,0.996889,0.9968914,0.9984898,0.9969293
KNDC1,1.003566,1.002743,1.0020515,1.0034693,1.0032053,1.0030103,1.0014846,1.0024469
GPR160,0.9965434,0.99740267,0.99781704,0.9963478,0.99675477,0.9967487,0.99837404,0.99643815
COTL1,0.99985015,0.99989235,0.99984884,0.99972576,0.9997399,0.9996216,0.99984235,1.0001876
LEP,1.0061572,1.0046729,1.0032909,1.0053064,1.0051631,1.004863,1.0022726,1.0050834
NRM,1.0011878,1.0010216,1.0007856,1.0012646,1.0014374,1.0010499,1.0006303,1.0009327
CABCOCO1,0.9974678,0.9981052,0.9984691,0.99738276,0.99761456,0.9975326,0.9988497,0.9980366
DAB2IP,1.0018339,1.001349,1.0008473,1.0014082,1.0012484,1.0010252,1.0004568,1.0011723
TRIM46,0.99882615,0.9990307,0.9994134,0.99904287,0.99889016,0.9991679,0.9995966,0.9990667
TDGF1,0.997258,0.99791574,0.9983262,0.99714094,0.99737096,0.9974208,0.998744,0.99760664
THEM4,1.0019561,1.0015011,1.0013802,1.0022392,1.0020534,1.0019963,1.0010881,1.002253
SPINT3,0.99678284,0.9975583,0.9980508,0.99672127,0.99695194,0.9969539,0.9985186,0.99700844
NXNL2,0.99661744,0.99741226,0.99796057,0.9965748,0.996776,0.99680674,0.99844503,0.99688697
RAB41,0.9969013,0.9976517,0.9981986,0.9969626,0.9971072,0.997163,0.99864864,0.99702513
SPATA8,0.9967072,0.99750435,0.9980099,0.9966529,0.996889,0.9968914,0.9984898,0.9969293
TMEM190,0.9972384,0.9979726,0.9982014,0.99694586,0.99728894,0.99715865,0.99863243,0.99753606
ERH,0.99853027,0.99893713,0.99906963,0.9984359,0.998605,0.99854493,0.9993041,0.998513
FGFBP3,0.9931843,0.994782,0.99500203,0.9920975,0.99267495,0.99214745,0.99595237,0.9923594
LAMTOR2,1.0003897,1.00032,1.0005016,1.0006628,1.0004882,1.0006645,1.0004284,1.0005898
KRTAP10-5,0.9967072,0.99750435,0.9980099,0.9966529,0.996889,0.9968914,0.9984898,0.9969293
LY96,0.99429595,0.9956211,0.99647117,0.9941574,0.99464834,0.9946836,0.9973167,0.9943814
CATSPER2,1.0064042,1.004868,1.0037466,1.0060637,1.0056529,1.0056875,1.0027755,1.0057358
NXT2,0.997195,0.9980313,0.9986917,0.9977077,0.997776,0.99807096,0.99921703,0.9978187
HNRNPA1L2,1.0036788,1.0028149,1.0018377,1.0030013,1.0030643,1.002959,1.0013514,1.0032203
RPL22L1,0.99829227,0.9988755,0.9989768,0.9982835,0.9986045,0.99837047,0.99930024,0.9983888
CLEC4D,0.9970529,0.99776316,0.99822515,0.9970025,0.9972055,0.99720234,0.998647,0.997293
DUSP21,0.9967072,0.99750435,0.9980099,0.9966529,0.996889,0.9968914,0.9984898,0.9969293
FAM122A,1.0066592,1.005024,1.004156,1.0067203,1.0062879,1.006275,1.0031469,1.0065451
SH3BGRL,0.99982953,0.99990356,0.9997121,0.99947,0.9995893,0.9994054,0.9997148,1.0000236
MMAA,1.0013099,1.0010469,1.0006964,1.0011147,1.0009476,1.0008347,1.0004461,1.0007241
FBXL15,1.0007749,1.0006477,1.0003395,1.00053,1.000583,1.0004892,1.0002656,1.0010685
C8B,0.99668026,0.99747914,0.9979962,0.99663115,0.996866,0.99687994,0.99848247,0.99692774
PRR34,0.9969381,0.99766356,0.99816394,0.9969183,0.99711823,0.9971215,0.99860394,0.99712396
DUSP19,1.0059996,1.0045552,1.0036871,1.0060002,1.0055473,1.0053935,1.002751,1.0061069
RFLNA,1.0036818,1.0028464,1.0022922,1.0036858,1.0034739,1.0035655,1.0017647,1.0031481
TCTEX1D4,0.9972219,0.99786615,0.9983554,0.99719936,0.99733984,0.9974261,0.99875975,0.99766517
POP7,1.000508,1.0004212,1.0004743,1.0006876,1.0005467,1.000528,1.0003643,1.0006481
C15orf62,0.9976481,0.9982382,0.99854887,0.9975424,0.9977257,0.9975862,0.99885994,0.9978668
GOLGA6L9,1.0045245,1.0034028,1.0027366,1.0043619,1.0041327,1.0041656,1.0020618,1.0045512
SH3BGRL2,1.0034072,1.0024811,1.0016103,1.0026835,1.0026206,1.002486,1.0010726,1.0025399
CIART,1.0050757,1.0039194,1.0035605,1.0056895,1.0051659,1.00488,1.002686,1.0056171
EBF2,1.0023783,1.0018928,1.001837,1.0026927,1.0024519,1.0024844,1.0013655,1.001756
GMPPB,1.0032407,1.0025259,1.0017271,1.0028105,1.0028045,1.0028147,1.0013056,1.0023069
CNIH4,1.0001196,1.0001285,1.0000699,1.0001018,1.0001132,0.99990654,1.0000067,0.99978733
ECHDC3,1.0003673,1.0002196,1.0001405,1.000196,1.0001447,1.0000529,1.0000162,1.0001945
CRP,0.99945736,0.9995962,0.99964166,0.9993731,0.99946547,0.99934256,0.9996947,0.9993655
STAU2,0.9960251,0.99702215,0.99769557,0.99609935,0.99645585,0.99639285,0.9982741,0.99643517
PDXP,0.9979234,0.9984711,0.9988314,0.9980513,0.9981203,0.9981209,0.99913037,0.99771273
BRI3,0.9988994,0.9992312,0.99912786,0.99855477,0.99890524,0.99861264,0.9993075,0.9983759
BTG2,0.9999722,1.0000137,0.99996585,0.9998326,0.9998781,0.9998047,0.99996746,1.0003119
RFPL4B,0.99677,0.99754804,0.99804926,0.99672127,0.99694777,0.9969427,0.99851584,0.99701273
ZCCHC18,1.0022706,1.001669,1.0012912,1.0022103,1.0019832,1.0019419,1.0009549,1.0023504
ARIH2OS,0.9985345,0.9988543,0.9992633,0.99875164,0.99863243,0.9986234,0.9993793,0.99848145
MRPS12,1.0003589,1.0002449,1.0004444,1.000638,1.0005549,1.0006093,1.0004032,1.0010121
ALG1,1.002391,1.0019125,1.0014973,1.0023911,1.0025084,1.002353,1.0012441,1.0023327
C17orf58,1.0012834,1.0010929,1.0011591,1.0017229,1.0014774,1.0016416,1.000983,1.0016079
DEFB125,0.9967072,0.99750435,0.9980099,0.9966529,0.996889,0.9968914,0.9984898,0.9969293
PRR29,0.99940264,0.99957603,0.99945974,0.99907684,0.99914587,0.999125,0.9995893,0.99980694
SLC48A1,1.0000097,1.0000498,1.0001998,1.0002571,1.0001475,1.0002587,1.0002317,1.0001719
FADD,1.0029252,1.0023406,1.0019841,1.0030544,1.0030315,1.0031564,1.0016735,1.0031688
DNLZ,0.99911463,0.99942124,0.99937063,0.9989556,0.99927443,0.9990642,0.99956733,0.9983394
LRRC73,1.0004935,1.0003406,1.0001645,1.0003794,1.0003676,1.0003083,1.0000856,0.99937975
CLEC2B,1.002479,1.0018766,1.0013263,1.0021441,1.0020018,1.0020106,1.0009212,1.0016341
SLC35G3,1.0002327,1.000211,1.0003468,1.0004894,1.000473,1.0006294,1.0003555,1.0000343
BIRC8,0.99674165,0.99753034,0.9980261,0.99668217,0.99691755,0.996915,0.99849993,0.9969486
SCRT1,0.9990166,0.9991493,0.9993305,0.9989192,0.99912685,0.9991721,0.9995208,0.99889195
HIKESHI,0.9978063,0.99831593,0.9990181,0.9982732,0.9981984,0.99839747,0.9993349,0.9987192
PRR22,0.9976765,0.9982406,0.9987284,0.9978304,0.9978961,0.99795145,0.9990648,0.9980554
IFITM5,0.9967072,0.99750435,0.9980099,0.9966529,0.996889,0.9968914,0.9984898,0.9969293
KRTAP24-1,0.9967072,0.99750435,0.9980099,0.9966529,0.996889,0.9968914,0.9984898,0.9969293
CLEC2D,1.0041361,1.0032107,1.0020987,1.0034814,1.0034175,1.0032992,1.0015111,1.0023696
CD80,0.9970044,0.99772966,0.9981998,0.99695987,0.9971665,0.9971639,0.99862945,0.9972353
TGFA,1.0012738,1.0009981,1.0007333,1.001123,1.0011818,1.0012715,1.0006208,1.0010004
TMEM217,0.9973234,0.99798846,0.99820125,0.9970261,0.9973424,0.9972165,0.9986087,0.99706686
BCL2A1,0.99937475,0.9994376,0.99977994,0.99953246,0.99942154,0.99973106,0.99985504,0.9991491
HACD4,0.99701864,0.997719,0.99770856,0.9962873,0.99670404,0.99640787,0.99808854,0.9962651
IL17A,0.99612033,0.99705625,0.9977144,0.99617296,0.99640536,0.9964063,0.9982722,0.9964777
SRXN1,1.0128322,1.0096972,1.0076923,1.0125719,1.0117878,1.0118735,1.0057547,1.0111527
FIBIN,0.98725814,0.99053025,0.99257696,0.98771226,0.9885072,0.9887374,0.9947067,0.98970956
PTRHD1,1.0006617,1.0005703,1.000525,1.0008477,1.000828,1.0007797,1.0004522,1.0003421
CLEC6A,0.99674064,0.9975225,0.99801636,0.99667394,0.99691266,0.99691993,0.99849516,0.99694085
EPB41L1,0.98872614,0.9915899,0.9928746,0.9882971,0.9892889,0.9889189,0.994523,0.98880744
C16orf54,0.9994208,0.9996031,0.9996238,0.9992664,0.99948645,0.9994067,0.9997228,0.999454
TFF2,0.9967486,0.99753284,0.9980187,0.9966763,0.9969168,0.99691707,0.9984941,0.99689794
SORBS3,0.9966198,0.99746054,0.99787724,0.99643385,0.99657696,0.9965757,0.99834704,0.9967192
VN1R2,0.99649084,0.9973376,0.997887,0.99645245,0.9966961,0.9967002,0.9983993,0.9967697
IL17C,0.9967072,0.99750435,0.9980099,0.9966529,0.996889,0.9968914,0.9984898,0.9969293
C4orf17,0.9968406,0.9975989,0.9980465,0.99673915,0.9969836,0.9969683,0.99850786,0.99688756
FMR1NB,0.9963851,0.99726,0.99782217,0.9963459,0.9966028,0.9966029,0.9983529,0.9966643
RBP5,0.99771905,0.9982821,0.9986253,0.9976585,0.997854,0.99796474,0.9990086,0.99793863
CCDC117,0.999115,0.99930006,0.99938715,0.99896455,0.9991563,0.99923193,0.9995804,0.99901724
CTLA4,0.9967486,0.99753284,0.9980187,0.9966763,0.9969168,0.99691707,0.9984941,0.99689794
MRGPRG,0.99676675,0.99754906,0.99803686,0.99670285,0.9969377,0.9969303,0.9985063,0.9969621
IFNE,0.9967072,0.99750435,0.9980099,0.9966529,0.996889,0.9968914,0.9984898,0.9969293
RNF122,1.0051675,1.0038375,1.0030516,1.0049866,1.0045621,1.0049934,1.0023484,1.0043763
ARPC5L,1.0006492,1.000498,1.0007858,1.0011127,1.0007991,1.0008831,1.0006077,1.0010767
C17orf107,0.9986393,0.99896765,0.9993038,0.9988251,0.9988748,0.9988222,0.9994869,0.9987602
C16orf45,0.9967072,0.99750435,0.9980099,0.9966529,0.996889,0.9968914,0.9984898,0.9969293
FCGR2A,0.9966658,0.9974668,0.9976962,0.996211,0.996585,0.99654347,0.9981754,0.99569905
TRAT1,0.99675393,0.99753225,0.9980397,0.99670184,0.99693143,0.99694455,0.9985148,0.9970423
JOSD2,0.9973487,0.9979772,0.9986541,0.997711,0.99786234,0.99800164,0.99910843,0.9976713
SUMO2,0.9967689,0.99751663,0.99783564,0.9963999,0.99664533,0.99671197,0.998272,0.99628407
GAL,0.99570596,0.99674714,0.9971747,0.9953519,0.99573576,0.9955723,0.99776983,0.99556947
SPACA1,0.9967072,0.99750435,0.9980099,0.9966529,0.996889,0.9968914,0.9984898,0.9969293
C1orf131,1.0028982,1.0022027,1.0016823,1.0027516,1.0028324,1.0027406,1.0013652,1.003623
FANCF,0.9993801,0.9995316,0.9999717,0.99985236,0.9996307,0.9998838,1.0000879,1.0002718
ADM5,0.99913615,0.999359,0.9994477,0.9990628,0.9991716,0.99911267,0.9996106,0.9994916
WFDC5,0.99663633,0.9974498,0.997971,0.9965885,0.9968267,0.9968314,0.99846184,0.9968804
BAG2,1.0005823,1.0005778,1.0002359,1.0004433,1.0005902,1.0004308,1.0002104,0.99956405
NDUFB5,1.0026191,1.0020572,1.0015131,1.0024503,1.0023696,1.0023013,1.0011363,1.0019457
TMCO2,0.9967072,0.99750435,0.9980099,0.9966529,0.996889,0.9968914,0.9984898,0.9969293
DNAJB7,0.999002,0.99923366,0.9994575,0.9989981,0.9989911,0.99908376,0.9996145,0.99959314
TCL1A,0.9967316,0.9974947,0.99803954,0.99670565,0.9969151,0.99694645,0.99851567,0.9971571
POM121L12,0.9967072,0.99750435,0.9980099,0.9966529,0.996889,0.9968914,0.9984898,0.9969293
DNAJC6,0.99403584,0.9954983,0.9963579,0.9939506,0.9943156,0.9941629,0.997139,0.9940865
CACNA1E,0.99513847,0.9963223,0.9970249,0.99513197,0.99556434,0.99539304,0.9977375,0.99532324
GABARAPL1,1.0046396,1.0036,1.0026867,1.0043591,1.0043036,1.0038996,1.0019431,1.0038756
RAMAC,0.99646056,0.9974027,0.99797213,0.9965669,0.99695283,0.9970739,0.998592,0.99669933
FAM133A,1.0103703,1.0077994,1.0063547,1.0104065,1.0097351,1.0098215,1.0047976,1.0092821
FAM170B,0.9967072,0.99750435,0.9980099,0.9966529,0.996889,0.9968914,0.9984898,0.9969293
CPLX3,1.0007428,1.0005444,1.000633,1.0009134,1.0006912,1.0009334,1.0005007,1.0007429
TMEM251,0.9992991,0.99957025,0.9995954,0.9993143,0.9996728,0.9993559,0.99976194,0.9995649
SLC10A5,0.9995905,0.99971443,0.9996654,0.9994082,0.9995322,0.99956137,0.99976325,0.9992194
LYNX1,1.001286,1.0010875,1.000633,1.0009617,1.0011119,1.00111,1.0005351,1.0006957
TLNRD1,1.0039768,1.0030704,1.0023928,1.0038588,1.0037785,1.0036631,1.0018237,1.0034378
THBS2,0.99823326,0.99877924,0.9988334,0.9980303,0.998229,0.99813175,0.99915326,0.998145
PUDP,1.0010657,1.000658,1.0008786,1.0013125,1.0008976,1.0014558,1.0007049,1.0013155
C1orf68,0.9967072,0.99750435,0.9980099,0.9966529,0.996889,0.9968914,0.9984898,0.9969293
TERB2,0.9968146,0.99758285,0.9980695,0.9967543,0.99697936,0.9969673,0.99852663,0.99701464
PDCD5,0.99821055,0.99863416,0.99903226,0.9983147,0.99830115,0.99851245,0.9993042,0.9985767
PCBP1,0.99629563,0.9972594,0.9975542,0.995945,0.9962907,0.99618757,0.99809515,0.99596107
ROPN1B,0.99837697,0.9987784,0.999051,0.99837875,0.99850166,0.998531,0.9993047,0.99834317
HINT3,0.99919075,0.99936473,0.99940205,0.9989918,0.9991152,0.99900424,0.9995086,0.99931794
LCN2,0.9980676,0.9985147,0.99875486,0.9979118,0.9980682,0.9980017,0.99901074,0.9980011
C3orf70,1.0011476,1.0009575,1.0009458,1.0014744,1.0013338,1.0012455,1.0007658,1.0012677
MYDGF,0.99780166,0.99835634,0.99873066,0.99781257,0.9980025,0.9980124,0.99908423,0.9985108
REX1BD,0.9984985,0.99892616,0.9993421,0.9988017,0.9988903,0.99890846,0.9995795,0.9989116
RDM1,0.9997313,0.9996696,0.999646,0.9994061,0.9993268,0.99929404,0.9995924,0.999515
ESM1,1.0008492,1.0006498,1.0005149,1.0007498,1.0007607,1.0008588,1.0004004,1.0003407
ERP29,1.0009114,1.0006701,1.0007308,1.0011351,1.0009091,1.0010989,1.0005852,1.0009636
ARPC3,0.99826145,0.9987061,0.99899995,0.9982654,0.99837935,0.9983201,0.9992176,0.99842346
KLHL40,0.9967072,0.99750435,0.9980099,0.9966529,0.996889,0.9968914,0.9984898,0.9969293
DNAL4,0.9996449,0.9997777,0.99988425,0.9998009,0.9997933,0.99963915,0.999968,1.0004635
GPR82,1.0011754,1.0007552,1.0006764,1.0010006,1.0008817,1.0011356,1.0005175,1.0016154
ARL2BP,0.99982995,0.99994135,0.99988866,0.99967414,0.9996988,0.9996004,0.99990773,1.0004325
FAM177B,0.998257,0.9986548,0.9989687,0.9982027,0.99827695,0.99831295,0.99918294,0.9984038
TXNDC17,1.0012679,1.0009441,1.0008136,1.0012288,1.0010921,1.0012872,1.0006224,1.0009682
COMMD4,0.99701905,0.99779433,0.9984597,0.99735785,0.99757785,0.99779296,0.9990034,0.9975909
GPR148,0.9967072,0.99750435,0.9980099,0.9966529,0.996889,0.9968914,0.9984898,0.9969293
FTL,0.9974102,0.9979867,0.9982457,0.99706644,0.9972669,0.9973235,0.9985839,0.9971349
TXNDC12,0.997726,0.998318,0.9987,0.99783635,0.9979247,0.99799156,0.99908507,0.99816793
COX6B2,0.9992174,0.999502,0.9995545,0.9991843,0.99924314,0.9990288,0.9995825,0.9987818
C19orf81,0.99577737,0.9967429,0.99759823,0.99602944,0.9962028,0.9962127,0.99823195,0.99682426
DEFB119,0.99667704,0.9974768,0.9979949,0.99663055,0.9968591,0.9968517,0.99847305,0.9969215
GIMAP1,0.99725777,0.99786735,0.9982524,0.9969961,0.99725616,0.9973341,0.99867296,0.9979807
HIP1,0.9950838,0.9962971,0.9972377,0.99544084,0.9955374,0.9954886,0.9979242,0.99591726
SDHAF4,1.0049524,1.0036491,1.0034648,1.0054588,1.00477,1.0051413,1.002698,1.0064476
CLEC3B,0.9937029,0.9952291,0.99594235,0.99335337,0.99372053,0.99351525,0.9967692,0.9932557
PGA4,0.9967072,0.99750435,0.9980099,0.9966529,0.996889,0.9968914,0.9984898,0.9969293
POLR2D,1.0023054,1.0018942,1.0015411,1.0024129,1.0021857,1.0022337,1.0012549,1.0025461
RPH3A,1.003221,1.0024086,1.0021553,1.0035142,1.003117,1.0030098,1.0015621,1.0035536
SNAI3,0.9975723,0.99818254,0.99844694,0.99738866,0.9976147,0.9975318,0.99878705,0.99755317
THY1,0.99473476,0.99609816,0.99696887,0.99491584,0.99517226,0.9952095,0.9977498,0.9948647
SNRPB2,0.99788225,0.998405,0.9985961,0.99764305,0.99780726,0.9977517,0.99885905,0.99762726
NICN1,1.0042734,1.0032537,1.0027187,1.0043215,1.0041213,1.0041838,1.0020739,1.0035684
RAET1G,0.99863064,0.99899495,0.9992981,0.99875677,0.998806,0.9988539,0.99949825,0.9987214
MYL7,0.9966926,0.99748075,0.99814343,0.996917,0.99706507,0.9970851,0.998633,0.99701226
CCDC54,0.99648416,0.99733305,0.99788785,0.9964509,0.99669373,0.9967029,0.998402,0.99677485
UBE2QL1,0.9946689,0.9959155,0.99676585,0.9947297,0.99503225,0.9951356,0.9975164,0.9938269
CETN1,0.9967072,0.99750435,0.9980099,0.9966529,0.996889,0.9968914,0.9984898,0.9969293
HSPA6,0.99920714,0.9995671,0.99906504,0.9986465,0.9989123,0.99859095,0.9992417,0.99763286
TRAPPC5,0.9996844,0.9997517,1.0000238,0.99988,0.9996903,0.9998231,1.0000243,1.0003806
SLAMF1,0.99736875,0.9980371,0.9983587,0.99722123,0.99745286,0.99739057,0.9987315,0.9974524
LGALS14,0.99741864,0.9980822,0.9985038,0.9974187,0.9976006,0.99761367,0.9988955,0.9979842
GIMAP4,0.99536294,0.9964024,0.9970426,0.99510896,0.9954644,0.9955203,0.9976909,0.99498
TRAPPC6A,0.9990732,0.9992473,0.9992777,0.998783,0.9988569,0.9987971,0.9993967,0.9993089
LGALS1,0.9967339,0.997591,0.9980849,0.9966745,0.9967593,0.997005,0.998552,0.9963137
ERG28,0.9981689,0.9985831,0.99933815,0.99871767,0.99859226,0.9988618,0.9995991,0.99932617
TMEM230,0.9989189,0.99922645,0.99949026,0.99911726,0.99912316,0.9991685,0.99966574,0.99918604
PGLYRP1,0.9968959,0.99763656,0.9981168,0.99683577,0.9970477,0.99703336,0.9985573,0.99710166
AIM2,1.001005,1.0007744,1.0005084,1.0008503,1.0007265,1.0007827,1.0003786,1.0004494
NDUFS6,1.0009358,1.0007004,1.0007622,1.0011202,1.0009522,1.001116,1.0006093,1.0011892
SREK1IP1,1.0013618,1.0010118,1.0006437,1.0010033,1.0009881,1.0008025,1.0003777,1.0013715
ARL5C,0.99678814,0.9975625,0.998039,0.9967125,0.9969511,0.99694717,0.99850786,0.99692607
GREM2,1.004055,1.0030231,1.0021186,1.003475,1.0033892,1.0033493,1.0015197,1.0028324
USP17L2,0.9967072,0.99750435,0.9980099,0.9966529,0.996889,0.9968914,0.9984898,0.9969293
RWDD1,0.9968456,0.99762076,0.9981147,0.9968271,0.99699646,0.9969163,0.99855065,0.9972147
DR1,1.0006137,1.0005407,1.0001736,1.000172,1.0002983,1.0001694,1.0000631,1.0000175
CD8B,0.99759495,0.9981764,0.99850106,0.9974807,0.99768734,0.99765533,0.9988527,0.99769926
DDIT3,0.9936578,0.99511623,0.99620426,0.9936247,0.99401253,0.9943272,0.99716055,0.9941623
C19orf38,0.99655485,0.9973346,0.99792635,0.9965242,0.996789,0.9968929,0.9984523,0.9966688
PSMG4,1.0001205,1.000029,0.9998163,0.9997672,0.9997905,0.9996794,0.9997679,0.99944735
RTP3,0.9968146,0.99758285,0.9980695,0.9967543,0.99697936,0.9969673,0.99852663,0.99701464
TFDP3,0.99690735,0.9976502,0.99812615,0.9968494,0.99706507,0.99708843,0.99857795,0.9970453
IL36B,0.9968146,0.99758285,0.9980695,0.9967543,0.99697936,0.9969673,0.99852663,0.99701464
HBE1,0.9929502,0.9947505,0.9956788,0.9924926,0.99324024,0.9928094,0.99655324,0.9936015
PCBD1,0.99724644,0.99806124,0.9982263,0.99705774,0.99744916,0.99715936,0.99866724,0.9971412
GSTO1,0.9972844,0.9978601,0.9986811,0.9977009,0.9974804,0.99780047,0.99901915,0.99819744
SPX,1.000682,1.0005186,1.0002629,1.0003735,1.0004454,1.0004494,1.0001742,1.0002819
FNDC9,1.0002887,1.0001498,1.0005293,1.0007939,1.0004922,1.0006907,1.0004357,1.0003684
SPCS1,0.9990796,0.99931073,0.99956596,0.9991665,0.99917614,0.9993958,0.9997228,0.9990725
COMMD6,0.9990858,0.9992651,0.9994123,0.99896884,0.9989889,0.999129,0.9995094,0.9987155
CPLX1,0.9997356,0.99986494,0.99982774,0.9997198,0.9998381,0.999483,0.99982923,0.9998896
PRSS46P,0.9978097,0.9983423,0.99863243,0.9976721,0.9978272,0.9978535,0.9989598,0.9980084
CEMP1,0.9957417,0.9968214,0.99769413,0.9961268,0.9962856,0.99627185,0.998316,0.9967183
KLF14,0.9967072,0.99750435,0.9980099,0.9966529,0.996889,0.9968914,0.9984898,0.9969293
CCZ1,0.9995271,0.9996184,1.0002207,1.0001717,0.9999279,0.99999475,1.0002396,1.0010246
MRGPRD,0.9967072,0.99750435,0.9980099,0.9966529,0.996889,0.9968914,0.9984898,0.9969293
PXDC1,1.0016539,1.0012465,1.0008736,1.0012847,1.001211,1.0013732,1.00073,1.0029597
UBE2U,0.9967072,0.99750435,0.9980099,0.9966529,0.996889,0.9968914,0.9984898,0.9969293
SKIL,0.996298,0.9972588,0.99758303,0.99597466,0.9963043,0.9961762,0.99810636,0.9960432
SHLD3,0.9967072,0.99750435,0.9980099,0.9966529,0.996889,0.9968914,0.9984898,0.9969293
CLDN34,0.9967008,0.9974953,0.99800575,0.99664676,0.99688005,0.99688435,0.99848616,0.9969504
DYNLT1,0.9983776,0.9987471,0.99889106,0.99812543,0.9982766,0.99826777,0.9990887,0.9979701
CPLX2,1.0006642,1.0004004,1.0008523,1.0013613,1.0010071,1.0011742,1.0006938,1.001123
TBC1D4,0.9993346,0.99946165,0.9991951,0.9986402,0.99890935,0.9990227,0.99943584,0.9997214
GLYATL2,0.9989071,0.99912596,0.999622,0.99921167,0.99923646,0.9993302,0.9997839,0.99994373
LYPLAL1,0.9982594,0.9987057,0.99911237,0.9984328,0.99838495,0.998443,0.9993839,0.99944663
TMIGD2,0.9933774,0.994972,0.996099,0.9935297,0.9938826,0.99373627,0.99700624,0.9939908
SPA17,0.9999281,1.0000232,1.0000093,0.9999168,0.9998381,0.9997091,0.9999864,1.000245
AKAP14,0.99857694,0.99890983,0.99928397,0.9987823,0.9988282,0.99863267,0.9994581,0.9991485
EIF2B5,1.0030022,1.0022405,1.0018384,1.0029881,1.0026697,1.0027707,1.0013607,1.0026851
C6orf223,0.9962361,0.99717987,0.9977809,0.99624145,0.99653363,0.99653995,0.9983475,0.9966186
ID1,0.99760187,0.99826264,0.9986597,0.99777806,0.99774635,0.99791527,0.9990097,0.9967351
ARMCX2,1.0031576,1.0024463,1.0018499,1.0029795,1.0030283,1.0029149,1.0014446,1.0031902
PRDX1,0.9993361,0.9994519,0.99961776,0.99927413,0.9992037,0.99935794,0.99967337,0.99937046
ZNF547,0.997944,0.99843585,0.9988956,0.99816006,0.99816906,0.9981337,0.9991818,0.9984858
MOBP,0.99721617,0.9977878,0.9987402,0.9978531,0.9976428,0.9977671,0.9990642,0.9988711
RFPL1,0.99887645,0.999116,0.99927735,0.9987389,0.99883777,0.99892807,0.99944615,0.9988172
FUNDC1,0.998634,0.99903333,0.99906164,0.9984036,0.99886554,0.99875104,0.99939847,0.9989174
HAVCR2,0.9935341,0.99505043,0.9958622,0.99318886,0.99378633,0.99358106,0.9967833,0.99378073
ATP6AP2,0.998032,0.99853647,0.99889493,0.9980913,0.99815,0.99818164,0.99915576,0.9980768
TAT,0.9956231,0.9967204,0.9973803,0.9955919,0.99591625,0.9959376,0.998055,0.9962399
DRAM1,1.0010529,1.0008566,1.0006061,1.0009223,1.0008819,1.0009669,1.0004714,1.0005429
NUTF2,0.9987244,0.99903333,0.99946296,0.998994,0.9989334,0.9991014,0.9996518,0.99933195
AKAP5,1.002031,1.0015538,1.0011837,1.001947,1.0016999,1.0014055,1.0007834,1.0019486
MRGPRE,0.99674165,0.99753034,0.9980261,0.99668217,0.99691755,0.996915,0.99849993,0.9969486
IL11,0.99827605,0.99860007,0.9992548,0.99868584,0.9985577,0.9988814,0.9995339,0.99914634
CD48,0.99675983,0.99756646,0.99796146,0.9965957,0.99687827,0.99681985,0.9984359,0.9967632
MKRN2OS,0.9996752,0.9996939,0.9998423,0.99970263,0.999641,0.99964315,0.99987805,1.0002999
DDIT4L,0.9959902,0.9969875,0.9976318,0.99601865,0.99634445,0.9964117,0.99825346,0.99601185
HDHD2,0.9982406,0.9986743,0.9990532,0.9983764,0.9983957,0.9982656,0.9992621,0.99863815
KCND3,1.0016841,1.001295,1.0008558,1.0013605,1.0013725,1.0013602,1.0006337,1.0013955
HIST1H3H,0.9967072,0.99750435,0.9980099,0.9966529,0.996889,0.9968914,0.9984898,0.9969293
CCK,0.98231345,0.986444,0.98990005,0.9834868,0.98426276,0.98441255,0.9925956,0.9866535
SDC4,1.0000706,1.0001135,0.99980104,0.99970496,0.9999954,0.99971646,0.9998342,0.999823
SSR4,0.9984578,0.99882436,0.9989821,0.9982673,0.9984255,0.99842465,0.9991962,0.99838907
SV2B,1.0044148,1.0034741,1.0027516,1.0044903,1.0042126,1.0041602,1.0020521,1.0023558
NPIPB15,0.996817,0.99753666,0.99803305,0.99683344,0.9969467,0.9970925,0.9985508,0.9968388
ARMC7,1.0055797,1.0043435,1.0031108,1.0050505,1.0050488,1.0047326,1.0022994,1.0045344
CD69,0.99734455,0.99808204,0.9983995,0.9973117,0.9975015,0.99750495,0.99882877,0.99701416
GAP43,0.98702645,0.990115,0.9920843,0.98686063,0.98768866,0.9877398,0.9939008,0.98742616
NREP,0.99262637,0.9943691,0.9953195,0.9922622,0.9928042,0.99287045,0.9963767,0.9925873
LRRC3,0.9998121,0.9998915,0.99967587,0.99940526,0.99964064,0.9995572,0.99976593,1.0000322
PGM2,1.0003128,1.0003215,1.0004368,1.000581,1.0005062,1.0004681,1.000359,1.0002481
DNAJC5G,0.99739814,0.9980225,0.9984526,0.9973782,0.99758494,0.9976243,0.9988452,0.9974859
ZNF552,1.0061646,1.0046473,1.0037595,1.0061133,1.005763,1.0057945,1.0028583,1.0056194
PGF,1.0001034,1.000072,0.9998902,0.9998392,0.99991226,0.9999443,0.999915,0.99961483
ATP5PD,0.99765444,0.99819267,0.9984572,0.9974414,0.9976234,0.99758315,0.9987773,0.99766654
KHDC3L,0.998278,0.99869317,0.9989186,0.9981608,0.9983121,0.99831915,0.9991829,0.9984635
VAMP3,1.0009736,1.0007479,1.0003949,1.0006331,1.0007782,1.0007584,1.0003015,1.0002239
PFDN2,0.9996951,0.9997057,1.0001118,1.0000408,0.99980557,1.0001211,1.0001178,1.0002198
RGS16,0.9958803,0.9970726,0.99758434,0.99577117,0.9960868,0.99577177,0.9981289,0.99649626
TAS2R5,0.99751437,0.99811494,0.9984566,0.9974019,0.9976001,0.99757344,0.9988179,0.997674
GPR89B,0.99924695,0.9995167,0.999426,0.999086,0.9993398,0.9990857,0.99957097,0.99876755
HBQ1,0.9962497,0.9972002,0.997802,0.9964187,0.9965701,0.99665844,0.9983826,0.9956657
NANOS1,1.0021347,1.0015843,1.0013187,1.002032,1.0018295,1.0018024,1.0009774,1.002772
NUDT3,1.0018215,1.0013791,1.0008533,1.0013735,1.0011479,1.0010284,1.0004582,1.0007215
NPPC,0.997612,0.9980017,0.9987347,0.997908,0.99771893,0.9981332,0.99909914,0.9990807
ZNF615,1.0023727,1.0017488,1.002014,1.0031133,1.0025628,1.0028442,1.0016192,1.0036054
IL6,0.9997426,0.99983096,0.99974525,0.99950635,0.9996896,0.9996635,0.9998145,0.9995449
FAM19A5,0.9967072,0.99750435,0.9980099,0.9966529,0.996889,0.9968914,0.9984898,0.9969293
SSNA1,0.99709344,0.99790597,0.99808407,0.99680495,0.99729,0.99711335,0.9985962,0.9968345
CYB5A,0.99473965,0.996143,0.99678683,0.99477184,0.9953221,0.99518543,0.9976772,0.99462676
SZRD1,1.0013838,1.0011657,1.0008166,1.0012908,1.0012231,1.0010703,1.0006057,1.00101
CSN1S1,0.9970044,0.99772966,0.9981998,0.99695987,0.9971665,0.9971639,0.99862945,0.9972353
PLD6,1.0049086,1.0036786,1.0029553,1.0049375,1.0046792,1.0044837,1.0022498,1.0050677
ARMCX5,1.0046334,1.0035021,1.0030196,1.004786,1.0044448,1.004693,1.0023427,1.0040989
FSHB,0.9967072,0.99750435,0.9980099,0.9966529,0.996889,0.9968914,0.9984898,0.9969293
GPSM3,1.0001142,1.0000424,0.99982786,0.99964845,0.99986655,0.9999336,0.99983716,0.99926996
NME5,1.0060658,1.0046468,1.0036542,1.0058548,1.0055524,1.0057111,1.0028341,1.0056815
PHF5A,1.0047232,1.0035752,1.0026168,1.0042146,1.0042701,1.0041544,1.0019522,1.0037862
IL17D,0.9955517,0.99662876,0.99778473,0.9961184,0.9962752,0.99649894,0.9984723,0.9972993
SERBP1,0.99777424,0.998314,0.99861526,0.99763894,0.997795,0.9979139,0.99894977,0.99782413
MDK,0.9963908,0.99730027,0.99802625,0.9966478,0.9967567,0.99700844,0.9986274,0.99763566
RWDD4,0.998397,0.9988035,0.9993311,0.99873984,0.99880874,0.9989866,0.99963117,0.99946344
PRKX,0.99352837,0.99495274,0.9955642,0.992761,0.9933517,0.99311566,0.9964493,0.99375236
ARPC5,0.99506944,0.9962801,0.9970248,0.99505055,0.9953749,0.99547887,0.9977622,0.99509025
ZC3H12B,1.0025148,1.0018601,1.001658,1.0026832,1.002326,1.0022249,1.0011697,1.0025121
ATP5MC3,0.9973341,0.99797547,0.99829626,0.99715376,0.997386,0.9973651,0.99866736,0.99722564
MAP1LC3A,0.9991031,0.999289,0.99952936,0.99915814,0.99910223,0.9991882,0.99962306,0.9992225
PTTG1IP,0.99895227,0.9992119,0.9994674,0.9990365,0.99906814,0.9992279,0.9996413,0.9989222
CENPM,0.997774,0.9983757,0.9988791,0.99806464,0.9980733,0.99793607,0.9991449,0.9977188
C17orf51,0.9967072,0.99750435,0.9980099,0.9966529,0.996889,0.9968914,0.9984898,0.9969293
NDN,0.9931304,0.99478,0.9956634,0.9928777,0.99336255,0.9932463,0.9966768,0.9937005
MCFD2,0.9995198,0.9996583,0.99970055,0.99947363,0.9995383,0.9995162,0.9997822,0.9993489
EHD3,1.0030035,1.0022922,1.0019126,1.00313,1.0029106,1.003056,1.0015252,1.0026187
TVP23B,1.0031549,1.0024761,1.0018317,1.0029789,1.002876,1.0027995,1.0013939,1.0025233
FAM167B,0.9994259,0.9995912,0.9995152,0.9992106,0.9992974,0.9991516,0.99956405,0.99883914
EFHD1,0.9976078,0.99815375,0.99883175,0.99800014,0.99799836,0.9981414,0.9992037,0.9982568
SNX29,1.0047338,1.0035447,1.0030481,1.0048943,1.0044582,1.0047729,1.0023683,1.004925
GPR89A,0.9946882,0.9960829,0.9972047,0.99524724,0.9955716,0.9958098,0.9980818,0.99501354
PAM16,1.0000322,1.0000327,0.99992836,0.99991846,1.0001109,0.9998822,0.9999929,1.000624
GSTM4,0.9992106,0.9994762,0.99930805,0.99892604,0.999166,0.9991324,0.9995165,0.99843013
DNAJC19,0.9990719,0.9993109,0.999641,0.9992537,0.9992681,0.9995414,0.99984586,0.99985635
MAGEB10,0.99869573,0.999068,0.9992097,0.9985596,0.9987156,0.9986998,0.99939996,0.9989064
CANT1,1.0001413,1.0001845,1.0003701,1.0004601,1.0006185,1.0007119,1.000499,1.000978
FKBP1A,0.99836683,0.9988019,0.9990552,0.9983188,0.9983696,0.9983784,0.9992532,0.9983828
C11orf58,0.99630594,0.9971912,0.99763966,0.9960575,0.9963606,0.99634045,0.99815524,0.9963043
CDSN,0.9965172,0.997362,0.99792194,0.9964988,0.99673474,0.9967555,0.99843264,0.9968149
TMC6,0.9957656,0.9967426,0.99748844,0.99570966,0.9960753,0.9961461,0.9981029,0.99649036
RGPD8,0.9971291,0.99781835,0.99825025,0.99704933,0.9972575,0.9972577,0.9986665,0.9973562
ISG20,0.99905396,0.9992688,0.999519,0.9991087,0.99909836,0.99928117,0.99967134,0.9991385
NPM2,1.0000396,1.0001129,0.9998871,0.9999076,0.99990034,0.99963045,0.99982244,0.9990542
TAAR8,0.9967625,0.99755025,0.998029,0.996688,0.9969337,0.99692196,0.99850154,0.9969264
RD3L,0.99746966,0.9980911,0.9984357,0.9973662,0.9975867,0.99757516,0.9988117,0.99751544
RBM43,1.0036494,1.0028213,1.0022576,1.0036047,1.0033385,1.0032083,1.0016425,1.0029514
NDUFA7,0.9986322,0.99892163,0.9992044,0.9986216,0.9987358,0.9988074,0.999434,0.9990492
GPBAR1,0.9985683,0.99895835,0.9989015,0.9981729,0.9984553,0.99833775,0.9991251,0.99795216
TMEM50B,1.0006584,1.0005208,1.0003593,1.0005206,1.0003903,1.0004078,1.0002317,1.0003698
HMSD,0.9948587,0.99618024,0.9969008,0.99485064,0.99526036,0.9952843,0.9977125,0.9946131
ARHGAP39,1.0046402,1.0034565,1.0027704,1.004581,1.0042609,1.0042373,1.0020854,1.0046122
PDZK1,0.9963169,0.99719846,0.9978399,0.9963962,0.9966082,0.9966657,0.9984058,0.99688506
GLIPR1L1,0.99677634,0.99754906,0.99804693,0.99671555,0.99694324,0.9969473,0.99851525,0.9970314
RTL6,0.99485457,0.99614596,0.9969326,0.9949345,0.99529177,0.99524915,0.9977029,0.994679
TAOK3,0.9960698,0.997071,0.9975346,0.99583685,0.99612474,0.99611384,0.99809957,0.9963014
MAGEF1,1.0003649,1.0003324,1.0000222,1.0000288,1.0000906,0.9998231,0.999912,0.99973583
MYEOV,0.9967072,0.99750435,0.9980099,0.9966529,0.996889,0.9968914,0.9984898,0.9969293
MSANTD1,0.99869996,0.9990752,0.9992889,0.99874175,0.9988348,0.99879384,0.99947757,0.99896526
PER1,0.999959,0.9998628,1.000002,1.0000043,0.99988085,1.0000241,1.0000015,0.99997354
GCSH,0.99961305,0.9997413,1.0001667,1.0001001,1.0000057,1.0001473,1.0002375,1.000356
RGS10,0.9969605,0.99761736,0.9980999,0.99686337,0.9971054,0.9972447,0.9985657,0.9969697
CLEC7A,1.0021514,1.0015916,1.001279,1.0020928,1.0019107,1.0018855,1.0009128,1.0015626
VBP1,0.99583834,0.99690294,0.9974743,0.99579376,0.99615645,0.9961649,0.99810475,0.9955203
GADD45A,0.99911296,0.9993588,0.9993991,0.99901855,0.9992386,0.9991081,0.9995306,0.9980856
CLEC1B,0.9968029,0.99756664,0.9981097,0.99681425,0.9970151,0.99702084,0.9985664,0.9971117
ROPN1L,0.9963064,0.99720997,0.99780345,0.99630445,0.99662656,0.99656737,0.99840564,0.9974867
KRT75,0.99676675,0.99754906,0.99803686,0.99670285,0.9969377,0.9969303,0.9985063,0.9969621
BLOC1S2,0.9996312,0.9997093,0.9994683,0.9990957,0.9991986,0.9990089,0.9994062,0.9984661
HAMP,0.99661374,0.9974019,0.9980465,0.9966829,0.99689174,0.9969567,0.9985393,0.9970848
CDC42EP3,0.99909836,0.99935174,0.99949026,0.99909717,0.9992348,0.9991535,0.9995985,0.99888146
CACNG6,0.996603,0.99745035,0.99782586,0.99639225,0.99674666,0.9967267,0.99835855,0.99647856
PCSK5,1.0011716,1.0008085,1.0009631,1.0014598,1.0012251,1.0014632,1.0008136,1.002224
NANOG,1.0000628,1.000025,1.0000753,1.0001241,1.0000665,0.9998112,0.99997616,1.0000609
TBX4,0.99688673,0.99764144,0.9980996,0.9968073,0.9970404,0.9970142,0.99854684,0.99702936
SDC2,0.99374866,0.99562156,0.9959924,0.9932675,0.9945165,0.99374044,0.9971192,0.99498665
RTP1,0.99944335,0.999475,0.999766,0.9995167,0.9994814,0.99962866,0.99982977,1.00004
RPS28,0.9961481,0.9970335,0.9975624,0.9959389,0.99618435,0.99625826,0.99808633,0.9959526
PROK2,0.99748755,0.99808675,0.9985988,0.9975861,0.99771905,0.9978434,0.99897647,0.99773514
CCER2,0.996323,0.9971886,0.99771994,0.9963186,0.9966343,0.99652565,0.99829674,0.9966589
MCF2L2,0.9984737,0.9988134,0.9991839,0.99863416,0.9986311,0.9984998,0.9993352,0.99872434
RPL29,0.9986812,0.9989308,0.99906147,0.9984431,0.99851656,0.99856186,0.99920964,0.9983252
ITGB2,0.9937775,0.99533916,0.9961372,0.9935317,0.9941691,0.99408597,0.9970828,0.9939885
KLF8,1.0080676,1.0061405,1.0046871,1.0076627,1.0072266,1.0073044,1.0035218,1.0065136
NUDT11,0.9910996,0.99324906,0.9946686,0.9912315,0.99171674,0.9917346,0.9959816,0.9919933
NKAPD1,1.0000938,1.0000724,1.0003065,1.0003655,1.0002669,1.0005543,1.0003529,1.0008101
SUSD3,0.99827707,0.99872404,0.9987095,0.9978519,0.9981375,0.9980047,0.99894404,0.9974824
RIPPLY3,1.001437,1.0010636,1.0007149,1.0011358,1.0013232,1.0011137,1.0005232,1.0016642
NHP2,1.0004183,1.0002912,1.0003637,1.0005037,1.0003711,1.0005504,1.000299,1.0007057
SPP1,1.0057161,1.0044416,1.0035226,1.0055681,1.0053025,1.0052627,1.0026426,1.0051618
MAGEB1,0.9980674,0.99853444,0.99888223,0.9980688,0.9981996,0.9982147,0.99915373,0.99820065
HIST1H2AK,0.9967072,0.99750435,0.9980099,0.9966529,0.996889,0.9968914,0.9984898,0.9969293
TPPP3,0.9966562,0.99746644,0.99801576,0.9966639,0.9968518,0.996941,0.9985995,0.99802506
INSL6,0.9967072,0.99750435,0.9980099,0.9966529,0.996889,0.9968914,0.9984898,0.9969293
CPXCR1,0.99678576,0.9975559,0.99805486,0.9967308,0.9969542,0.9969542,0.9985185,0.99701166
SELPLG,0.9985856,0.9989941,0.9989496,0.9981554,0.99849343,0.9982989,0.9991337,0.9985249
MAGEB17,0.9967072,0.99750435,0.9980099,0.9966529,0.996889,0.9968914,0.9984898,0.9969293
PTPN20B,0.9967072,0.99750435,0.9980099,0.9966529,0.996889,0.9968914,0.9984898,0.9969293
TRARG1,0.99824905,0.9986745,0.99911666,0.99842036,0.99840075,0.99855894,0.9993528,0.9982692
DMPK,0.9965699,0.9975202,0.997947,0.9965925,0.9967489,0.99661124,0.99845564,0.99625295
ARL11,0.99639046,0.9972557,0.9979509,0.9964753,0.99673766,0.99677294,0.99847555,0.99720323
CSPP1,0.99893165,0.9990951,0.99915975,0.9986545,0.9986516,0.99869716,0.99932534,0.9995584
PEA15,0.9969704,0.99770904,0.99804586,0.99675804,0.99682355,0.99674964,0.99841976,0.99696434
UQCC2,0.99746263,0.99803054,0.9985377,0.9975431,0.99772286,0.997833,0.9989772,0.9982598
NFYB,0.9973759,0.99800617,0.9980661,0.9967847,0.9970939,0.99684143,0.9983752,0.99676263
TALDO1,0.99928147,0.999469,0.99961925,0.999262,0.9993295,0.99936914,0.9997237,0.99929523
FAM219B,0.9999471,1.0000801,0.9999001,0.99986976,1.0000377,0.99975735,0.999913,0.99917006
IFT22,0.99837875,0.998796,0.99899167,0.9983523,0.9986943,0.99839866,0.9992734,0.998922
CWC15,0.9964067,0.9972686,0.99810475,0.99675316,0.9967435,0.996949,0.998587,0.99682593
LSM6,0.9989469,0.99930054,0.99942327,0.9989317,0.9990917,0.99909663,0.99961853,0.998979
GSTA4,0.9945969,0.9958602,0.9968293,0.99468076,0.9949881,0.9950982,0.99758923,0.99492836
DPY19L3,1.0013062,1.0009787,1.0007305,1.0012333,1.0011001,1.0010839,1.0005193,1.0008314
RELL2,1.0003259,1.0002449,1.0002693,1.0003788,1.0002314,1.0003545,1.0001879,0.9997329
FAM71E1,1.0038705,1.0027715,1.0022984,1.0037215,1.0033886,1.0036501,1.0017143,1.0036123
BTG4,0.9961684,0.997085,0.99774593,0.9962245,0.9964496,0.9964622,0.9982989,0.99659395
FAM220A,0.999509,0.99963796,1.0002851,1.0002614,1.0000006,1.0005176,1.000428,1.0005269
IQCJ,0.99702716,0.99775064,0.9981245,0.9968463,0.9971517,0.9971046,0.9985837,0.9974432
APCS,0.9967072,0.99750435,0.9980099,0.9966529,0.996889,0.9968914,0.9984898,0.9969293
TEX13B,0.9967072,0.99750435,0.9980099,0.9966529,0.996889,0.9968914,0.9984898,0.9969293
CBY3,0.9967339,0.9975202,0.9980216,0.9966754,0.99690783,0.9969073,0.9984963,0.99697113
CXorf56,1.0025115,1.0020387,1.0016494,1.0026133,1.002484,1.0024043,1.0012906,1.00209
ARL6IP5,0.9980241,0.9985165,0.99896693,0.9981712,0.9982765,0.9983219,0.9992324,0.99839234
ANGPTL8,0.9967072,0.99750435,0.9980099,0.9966529,0.996889,0.9968914,0.9984898,0.9969293
MED10,0.9974892,0.998091,0.9986274,0.9976486,0.99773,0.9977332,0.9989772,0.99819815
EIF5A2,1.0016532,1.0011864,1.001385,1.0021372,1.0016761,1.0020653,1.0010902,1.0015366
SFT2D1,0.9933568,0.9949631,0.996088,0.99353427,0.9939432,0.99414873,0.99716926,0.99406934
FBXO36,1.0005047,1.0003095,1.0007557,1.0010831,1.0006738,1.0010294,1.0006356,1.0011221
RFXAP,1.0012789,1.0010364,1.0008241,1.0012995,1.001173,1.0012956,1.0006614,1.0003985
BSPH1,0.99648416,0.99733305,0.99788785,0.9964509,0.99669373,0.9967029,0.998402,0.99677485
MIS12,0.9982524,0.9987296,0.999081,0.9984001,0.998518,0.9984137,0.9993397,0.998757
RNASEK,1.0014793,1.0010667,1.0011332,1.0017076,1.0015559,1.0017703,1.0009077,1.0017653
KCNMB3,0.9983643,0.998718,0.9992237,0.9986733,0.9985988,0.9986608,0.99944687,0.9992482
TPT1,0.99492323,0.99612224,0.9967612,0.9946425,0.9949439,0.99501175,0.9974637,0.994696
CCDC190,0.9979943,0.9984728,0.9987722,0.9979261,0.99806476,0.99802136,0.99904346,0.9980658
ART4,0.99593973,0.9969318,0.99754393,0.9958948,0.99619335,0.996202,0.99814975,0.9961313
LAMTOR3,0.996781,0.99750984,0.9980898,0.9968348,0.99694335,0.9969317,0.99852186,0.9970494
CMTM4,1.0019596,1.0015576,1.000997,1.0016718,1.0016917,1.0014176,1.0007308,1.0015246
XAF1,1.0027812,1.0020497,1.0016588,1.0026238,1.0024039,1.0025212,1.0011926,1.0024799
COL25A1,1.0006015,1.0004755,1.0005827,1.00081,1.0007113,1.0007882,1.0004628,1.0004557
SMCO2,0.9977646,0.9982835,0.99862325,0.99768656,0.99788535,0.9979217,0.9989761,0.9979644
TXN2,1.001284,1.0009918,1.0009284,1.0013878,1.001226,1.0012474,1.0007089,1.0016063
GOLGA8M,1.0001996,1.0001453,1.0000403,0.9999788,0.9999888,1.0000374,0.9999987,1.0001135
MYL5,1.0039272,1.0029985,1.0019686,1.0032271,1.003227,1.0028988,1.0013838,1.0037701
SDHAF1,1.0020416,1.0016943,1.0010086,1.0015433,1.001684,1.0014126,1.0007346,1.0020349
KRT5,0.9999845,1.0000141,0.9996749,0.99952865,0.99973094,0.9994842,0.99967754,0.9990593
CREG1,1.0013251,1.0009975,1.0006297,1.0010066,1.0009327,1.0010412,1.0004383,1.0005139
LRRC61,1.0013787,1.0011591,1.0007412,1.0012472,1.0013078,1.0008762,1.0005271,1.0012519
CITED1,0.9992339,0.99954987,0.9993633,0.9988794,0.9991626,0.9989316,0.99948907,0.9984611
MED11,1.0002156,1.000155,1.00028,1.0004021,1.0003202,1.0001494,1.0001903,1.0005451
PHPT1,0.99978703,0.9998447,1.0000241,0.99990475,0.9998112,1.0000323,1.0000635,1.0001144
ZSWIM7,0.9964268,0.99739766,0.9979912,0.996518,0.99694324,0.9968628,0.9986076,0.99769115
CDCA5,0.99728215,0.998098,0.9979192,0.9967134,0.9970971,0.99616563,0.99816537,0.995754
SNAPIN,1.001045,1.0008605,1.0008445,1.0012121,1.0011737,1.001307,1.0007215,1.0008417
NANP,1.0051842,1.0039603,1.0030855,1.0050116,1.0047293,1.0047313,1.0023347,1.0047243
HEBP2,0.995576,0.99664855,0.99691623,0.9949874,0.9956744,0.99549866,0.99768925,0.99581414
ELOF1,1.0000129,0.9999229,1.0002236,1.0002753,1.0000253,1.0003123,1.0001975,1.0003709
CAVIN3,1.0007215,1.0005267,1.0002332,1.00041,1.0003133,1.0001696,1.0000491,1.0000073
NDST4,1.0001602,1.0001459,1.0003163,1.0004287,1.0003232,1.0003334,1.0002668,1.0000074
FRG1,0.9968562,0.99761176,0.9981377,0.99685997,0.9970117,0.99687004,0.99849796,0.9970535
OOEP,0.9966911,0.9974836,0.998008,0.99665177,0.9968791,0.9968902,0.9984895,0.9969726
RFK,1.0003457,1.0003009,0.999815,0.99971807,0.9999503,0.99965143,0.99975324,0.99977624
KLHL32,1.0025663,1.0020548,1.0014062,1.0021523,1.002304,1.0021458,1.0011027,1.0026339
COA3,1.0008677,1.0007052,1.0004559,1.0006819,1.0007147,1.0007205,1.0003451,1.0005138
TMEM176A,0.9998698,0.9999566,0.99987733,0.99970996,0.9997841,0.9997264,0.9998815,0.99957216
TRAF7,1.0006528,1.0004082,1.0003656,1.0006168,1.000416,1.0004413,1.0002031,0.999966
CCDC124,0.99606043,0.9970355,0.9977275,0.99616,0.9964001,0.9963678,0.9983033,0.99670327
LYZL1,0.9968146,0.99758285,0.9980695,0.9967543,0.99697936,0.9969673,0.99852663,0.99701464
CKMT1A,1.0041189,1.003093,1.0027869,1.0044869,1.0039934,1.0041106,1.002087,1.0036451
RFPL3,0.9967072,0.99750435,0.9980099,0.9966529,0.996889,0.9968914,0.9984898,0.9969293
HIST1H3A,0.9967072,0.99750435,0.9980099,0.9966529,0.996889,0.9968914,0.9984898,0.9969293
IFNK,0.99676675,0.99754906,0.99803686,0.99670285,0.9969377,0.9969303,0.9985063,0.9969621
IQCF3,0.9968511,0.9976101,0.99808735,0.99678636,0.9970101,0.9969933,0.9985382,0.99703825
SPART,0.9970656,0.99777925,0.99846613,0.9974378,0.9974589,0.9974687,0.9989115,0.9982965
SFT2D2,0.99923694,0.9995411,0.9994049,0.9989253,0.9992043,0.99898183,0.9995223,0.9990381
HSPA9,0.99626195,0.99712884,0.9978969,0.9964371,0.99649405,0.9967109,0.99842304,0.996735
COA7,1.0027901,1.0020621,1.0022234,1.0034726,1.0030856,1.0032359,1.0017443,1.0031307
DPM3,0.9977865,0.99831676,0.99897873,0.9982737,0.99827003,0.9981247,0.9992634,0.9985681
RASAL2,0.99186826,0.99380404,0.9949082,0.99161553,0.9922061,0.99202085,0.99605256,0.99230695
TMEM35A,0.9884021,0.99125636,0.9928378,0.9881319,0.98910886,0.98905253,0.99456465,0.98879737
GIMAP5,0.99810684,0.9985279,0.99877393,0.9979105,0.99788547,0.99799377,0.99899614,0.9981125
RASSF3,0.99912584,0.99929917,0.9992527,0.99880564,0.9988954,0.99906635,0.9994334,0.9982762
CALHM2,0.9972013,0.9978162,0.9983749,0.9972043,0.99728644,0.99734193,0.9987116,0.9977037
GSTP1,1.0006618,1.0004935,1.0002675,1.0004214,1.0003023,1.0002985,1.0001414,1.0007261
LYSMD4,1.002742,1.0019939,1.0018742,1.0030471,1.002815,1.0030754,1.0014968,1.0021712
SPCS2,0.9983793,0.99874604,0.99906635,0.9984162,0.99849486,0.99851733,0.9992753,0.9982817
BIRC5,0.9959657,0.99703896,0.9975098,0.99587464,0.99608743,0.9960741,0.99815416,0.99619186
PIR,0.9982822,0.99883354,0.99873936,0.99790883,0.9983467,0.9981024,0.99906886,0.9978225
GPHA2,0.9970544,0.99777603,0.9982171,0.99698377,0.99719787,0.9971848,0.99863946,0.9972467
C1orf56,1.0029559,1.0022724,1.0025684,1.0038949,1.0031807,1.0035503,1.0020452,1.0039049
C19orf25,1.0008283,1.0006937,1.000546,1.0008059,1.0007465,1.000731,1.0004479,1.0011723
CATSPERZ,0.99610806,0.9970789,0.9976349,0.996107,0.9963708,0.99634665,0.9982109,0.9958558
OXER1,0.99731517,0.99792784,0.9984875,0.997425,0.9976303,0.99774903,0.9989134,0.99769026
RAP2C,1.0014262,1.0010664,1.0009876,1.0015459,1.0013385,1.001586,1.0007889,1.000993
UBALD1,1.0041091,1.003106,1.0026944,1.0043689,1.0039489,1.0040776,1.0020804,1.0038645
RBPMS2,0.99866366,0.99911803,0.9995247,0.9991874,0.99916184,0.9991758,0.9997808,0.9989718
CCDC172,0.99669397,0.997493,0.9979974,0.99663734,0.9968741,0.9968695,0.99847806,0.99691224
AP3S1,0.99775445,0.99833655,0.9984357,0.9973551,0.99750733,0.9974565,0.9987462,0.9978005
FGFBP2,0.99773157,0.9982724,0.99861133,0.99767077,0.9978341,0.99781,0.99893475,0.9977422
UQCRQ,0.997627,0.9981612,0.99844646,0.99738157,0.99758524,0.9976032,0.9987747,0.9978453
C6orf203,0.9967072,0.99750435,0.9980099,0.9966529,0.996889,0.9968914,0.9984898,0.9969293
C9orf135,0.9944347,0.99575484,0.9968405,0.9947721,0.9950154,0.99503064,0.9976453,0.9952451
C1orf141,0.9990746,0.9992863,0.9993769,0.99890727,0.99901927,0.99899125,0.999506,0.9991416
KIR3DL3,0.99676675,0.99754906,0.99803686,0.99670285,0.9969377,0.9969303,0.9985063,0.9969621
TRIM37,0.9996575,0.9997909,0.99958366,0.9993295,0.9995338,0.99922013,0.9996249,0.9995489
PLK5,1.0018052,1.00143,1.0009415,1.0015317,1.0015825,1.0014255,1.0006894,1.0011775
JTB,1.0011575,1.0010087,1.0003594,1.0005873,1.0006688,1.0005618,1.0002276,1.000231
NAIF1,1.0089061,1.0067999,1.0049224,1.0080715,1.0079232,1.0077903,1.003644,1.0069809
CYSLTR2,0.9995328,0.9996146,0.99966264,0.9993697,0.9994583,0.99947906,0.9997362,0.99963343
C18orf21,1.002071,1.001457,1.001509,1.002402,1.002099,1.0020698,1.0011357,1.0032777
SPACA9,0.99940443,0.9996227,0.9995922,0.9992617,0.9995032,0.99942434,0.9997643,0.99934304
YBEY,1.0019138,1.0015215,1.001025,1.0016785,1.0016171,1.0016849,1.0008352,1.0017065
EVI2A,0.9967873,0.9976331,0.99825954,0.9970145,0.99723816,0.9975743,0.9988663,0.997021
POLE4,1.0029176,1.0022719,1.0017924,1.0028695,1.0026262,1.0025017,1.001273,1.0018466
PPP1R1A,0.998789,0.99911964,0.99923503,0.9988007,0.9989296,0.99865437,0.9993839,0.99848694
CFL1,0.9966997,0.9974853,0.9978806,0.99646866,0.9967022,0.9967326,0.9983286,0.9962895
SERTAD2,1.000698,1.0006204,1.0001681,1.0003122,1.0002372,1.0000199,1.0000126,0.99977946
AGAP5,1.0036898,1.0028701,1.0018743,1.0030887,1.0030588,1.0026577,1.0012991,1.0032306
PPIH,1.0011365,1.0009019,1.0006533,1.0009396,1.0008751,1.0008051,1.0004495,1.0011905
NAA80,1.0026875,1.002134,1.0016483,1.0026422,1.0025073,1.0023782,1.0012416,1.0022678
MED21,1.0007244,1.0006391,1.0008209,1.0012047,1.0010115,1.0010458,1.0006857,1.0008941
TOB2,0.9982246,0.99878025,0.9990688,0.998379,0.9985674,0.9984634,0.9993738,0.99839586
C17orf78,0.9973494,0.9979832,0.99840665,0.99730146,0.997474,0.9974587,0.99877656,0.99760807
KLF13,0.9992653,0.99940807,0.99927294,0.9988555,0.9990512,0.9987427,0.99932045,0.99840546
GLT6D1,0.9967072,0.99750435,0.9980099,0.9966529,0.996889,0.9968914,0.9984898,0.9969293
HES3,0.9967072,0.99750435,0.9980099,0.9966529,0.996889,0.9968914,0.9984898,0.9969293
CCDC89,0.9999976,1.0000451,0.99992526,0.9997915,0.9998858,0.9998007,0.99992025,0.9997585
TIGIT,0.99707526,0.99777997,0.99823403,0.99702,0.9972229,0.9972147,0.99865174,0.9973017
CHAC2,1.0049043,1.003737,1.0025412,1.0041622,1.0040909,1.0038271,1.0018268,1.0042598
HMGN1,0.9965945,0.9974419,0.9978473,0.99639213,0.99661934,0.9966203,0.9983157,0.9965454
AGR2,0.9961994,0.99708086,0.9977219,0.99618983,0.99642444,0.99644816,0.998258,0.99660736
FAM19A4,0.9967072,0.99750435,0.9980099,0.9966529,0.996889,0.9968914,0.9984898,0.9969293
WFDC2,1.0060371,1.0045764,1.0041664,1.0067189,1.0059975,1.00618,1.0032029,1.0058565
MID1IP1,0.9962676,0.9972151,0.99793935,0.99651563,0.99663895,0.99686325,0.9985509,0.9966973
STPG4,0.9975467,0.99816966,0.99852747,0.99750715,0.9976986,0.99758625,0.9988554,0.9975644
UBE2D4,0.99594223,0.9968948,0.9983187,0.997053,0.99687994,0.99755013,0.99901253,0.99749005
TMEM242,0.99889493,0.9991554,0.9995053,0.99910736,0.9989692,0.9990316,0.9996523,0.9999596
CNRIP1,0.9999021,0.9999572,0.99982,0.9997232,0.9998388,0.99976194,0.9998458,0.9996445
C19orf12,1.00354,1.0027257,1.002264,1.0036275,1.0035106,1.0034842,1.0017581,1.0032623
CRADD,1.0012138,1.0010618,1.0006307,1.001019,1.0014386,1.0011585,1.0006163,1.0012748
CFAP299,0.9989112,0.9990978,0.99942315,0.9989602,0.9990028,0.99907184,0.99957967,0.9997166
PROSER2,1.0016484,1.0012898,1.0012527,1.0019166,1.0016267,1.0017835,1.0009801,1.0016742
PAGR1,0.9950818,0.9963156,0.99714,0.99522024,0.99558675,0.99561614,0.9978726,0.99495584
METTL7A,0.9989392,0.9993286,0.99942267,0.9989681,0.9989159,0.99897105,0.99960506,0.99884987
UBE2L3,0.9975142,0.998138,0.99840415,0.9973546,0.9975573,0.9974234,0.99875253,0.997702
PRADC1,0.9965736,0.99746203,0.9980913,0.99686503,0.9971827,0.9971725,0.99867547,0.9961986
AKR1B15,0.9969168,0.99766123,0.9981104,0.99682397,0.99706614,0.99705315,0.9985622,0.99713874
LNP1,1.0008707,1.0008106,1.0006499,1.0009453,1.0010843,1.0010891,1.0006306,1.0008378
EEF1AKMT1,1.0029247,1.0023116,1.0021119,1.0033246,1.0030744,1.0029685,1.0016367,1.0027831
LIN28A,0.9992837,0.999515,0.9994571,0.9989767,0.99916637,0.9989018,0.99949515,0.99923277
C8orf48,0.9998458,0.9998673,1.0001025,1.0000604,0.9999238,1.0001581,1.000178,1.0005509
KRTAP10-7,0.9967072,0.99750435,0.9980099,0.9966529,0.996889,0.9968914,0.9984898,0.9969293
PHOSPHO2,1.0022846,1.0016218,1.0016633,1.0026486,1.0022304,1.0026494,1.0013525,1.00278
MPC2,1.0006032,1.0004071,1.0007017,1.0009544,1.0006864,1.0009717,1.0005819,1.0014392
KCNE2,1.0002522,1.0001777,1.0000496,1.0000145,0.9999943,1.0000339,1.0000011,1.0001755
PRKACG,0.9969159,0.9976469,0.9981266,0.9968562,0.9970658,0.99705386,0.99856555,0.9971591
RAI2,1.0030032,1.002229,1.0016174,1.0025175,1.0025476,1.0025023,1.001186,1.0034492
PLA2G4E,0.99998444,0.9999051,1.0000871,1.0000205,0.9999076,1.0000591,1.0000659,1.0007614
LILRA5,0.9977685,0.9983177,0.9988079,0.997957,0.998003,0.9980222,0.99910665,0.9980322
MRAP2,1.0004781,1.0003502,1.0003577,1.0004628,1.0003586,1.0003357,1.0002371,1.0010741
FREM3,0.99913037,0.99939954,0.9994097,0.99893796,0.999159,0.9990581,0.9995705,0.9993435
ABCG5,0.99856555,0.99891174,0.99918294,0.9986025,0.99867284,0.9987625,0.9994109,0.99862367
SIM2,1.0030553,1.0023452,1.0014744,1.0025301,1.0025704,1.0020422,1.0009396,1.0017674
TMEM160,0.99784994,0.9983501,0.99853635,0.99759626,0.9977226,0.9977631,0.99888337,0.9980563
PRAMEF20,0.9967072,0.99750435,0.9980099,0.9966529,0.996889,0.9968914,0.9984898,0.9969293
ASB9,1.0008724,1.0006382,1.0005974,1.0008681,1.0007066,1.0008554,1.0004413,1.0008311
CRISP1,1.0011181,1.0008693,1.0008247,1.001235,1.0011688,1.0012245,1.000652,1.0009396
IQCK,0.9989728,0.9993241,0.9995333,0.9991567,0.9990909,0.99923503,0.9997109,0.998724
BTN3A2,1.0021875,1.0016972,1.0014292,1.0022713,1.002137,1.0023623,1.0011888,1.0020494
TREML1,0.99644643,0.99725634,0.9979394,0.99649715,0.9967408,0.99685407,0.99847054,0.9969816
LTB4R,0.99934673,0.99954695,0.99979043,0.9994881,0.99964416,0.9995514,0.99989545,1.0001454
BLOC1S6,1.0000788,1.000127,0.9998351,0.9996648,0.9997372,0.99969006,0.99978936,0.99917614
COX5A,1.0001359,1.0001186,1.0002663,1.0003057,1.0001475,1.0002228,1.0001906,1.0003684
SFR1,0.9992775,0.99955636,0.999506,0.9991646,0.9993999,0.99908584,0.99965715,0.9999442
AAMDC,1.0000666,1.0001627,0.99987245,0.9997186,0.99981946,0.9994687,0.99980414,0.999424
WRB,0.9967072,0.99750435,0.9980099,0.9966529,0.996889,0.9968914,0.9984898,0.9969293
PRRG1,1.0037587,1.0028181,1.002368,1.0038683,1.0033659,1.0033197,1.001688,1.00331
ADH4,0.9959247,0.9968828,0.9976965,0.99613136,0.99629056,0.99632883,0.9982698,0.99651957
C22orf39,1.0009326,1.0006669,1.0007294,1.0010712,1.000917,1.0010829,1.0005872,1.0013001
CSDC2,1.0011392,1.0009015,1.0003004,1.0005407,1.0005295,1.0003533,1.0001203,1.0003753
ZNF22,0.99929154,0.99949676,0.9994725,0.9991164,0.9992027,0.99924636,0.99959445,0.9987004
TNFRSF10C,0.99815136,0.9985587,0.9988004,0.9980179,0.99812543,0.9981731,0.9990619,0.997921
ATG10,0.9962501,0.9973685,0.99753106,0.9958024,0.9964237,0.99610317,0.99816346,0.9967935
LAIR1,0.99525416,0.99625576,0.9972489,0.9954196,0.9956037,0.9956783,0.99789155,0.9963373
RPL37A,0.9947849,0.99599814,0.9966519,0.9944581,0.9947957,0.99486643,0.99737155,0.9945812
RPL27,0.99954444,0.9996574,0.99981856,0.99962586,0.9995331,0.99963236,0.99984527,0.9993608
LGI1,0.99900043,0.99954915,0.9996987,0.99941933,0.9996444,0.9994117,0.99994016,0.99933034
FATE1,0.9974119,0.99805367,0.99839544,0.99729836,0.99753773,0.9975654,0.9988086,0.9975513
SCAMP1,0.9975884,0.9982351,0.9985116,0.9974905,0.99774957,0.99755996,0.9988203,0.9973099
MAGEB16,0.99674165,0.99753034,0.9980261,0.99668217,0.99691755,0.996915,0.99849993,0.9969486
C3orf52,0.99772024,0.9982324,0.9986298,0.99766135,0.9977859,0.9977687,0.9989127,0.9979093
FAM228B,0.9993262,0.9995656,0.9997461,0.9995346,0.9996588,0.99957716,0.99989176,0.99959433
GMFB,1.0010309,1.0008149,1.0007405,1.0011483,1.0010271,1.0010056,1.0005646,1.0009793
UBE2D1,0.99884194,0.9991425,0.9994352,0.9989362,0.99896884,0.99903536,0.99959993,0.9994
NAA50,0.9988395,0.9992752,0.999279,0.9987093,0.9990287,0.9989475,0.9995309,0.9984894
CACYBP,0.9987497,0.9990547,0.9993405,0.99879575,0.99881613,0.9989213,0.99950075,0.9990174
BATF3,0.99911296,0.9993587,0.99939996,0.99898696,0.9990444,0.9990907,0.9995223,0.9983541
NMRK1,0.9961851,0.99706244,0.9977696,0.9962068,0.99640054,0.9964541,0.998299,0.9969548
PRR19,0.99989945,0.9999477,0.9999001,0.9998667,0.999908,0.99975115,0.9999087,0.99939823
RNF113B,0.9962827,0.9971744,0.9977591,0.99625266,0.99650073,0.9964835,0.99829525,0.99659497
CFHR3,0.9977492,0.9982973,0.9986109,0.9976417,0.99778724,0.9977881,0.99892116,0.99782956
TAS2R14,0.99708605,0.9977886,0.9982455,0.99703777,0.99724424,0.9972458,0.99866444,0.9972279
PRAF2,0.99935234,0.99950874,0.99990606,0.9996712,0.9995943,0.99983233,1.0000327,1.0002041
TYROBP,0.9998598,0.9999647,0.9999038,0.9997225,0.9998516,0.9999043,0.9999565,0.9992871
C2orf73,1.0000174,1.0000222,0.99997616,0.999831,0.99988055,0.99988437,0.9999595,0.9998732
KITLG,0.9991815,0.9994872,0.9994365,0.9990246,0.999264,0.999243,0.9996475,0.99911463
CD300LB,0.9972182,0.9979091,0.9983065,0.9970914,0.99736273,0.99734557,0.9987082,0.9975152
LYZL2,0.9967072,0.99750435,0.9980099,0.9966529,0.996889,0.9968914,0.9984898,0.9969293
C5orf60,0.99489546,0.9961066,0.9969694,0.9950348,0.9953075,0.9951291,0.997671,0.9953133
MPC1,0.9987246,0.99902856,0.9995407,0.999125,0.99909115,0.9993204,0.99977803,0.99948674
TAF11,1.0026412,1.0020735,1.0016888,1.0026714,1.002536,1.0025158,1.0012977,1.0023702
RUFY1,0.9998507,0.999856,0.9999014,0.99977213,0.99963963,0.99979407,0.9999372,1.0002707
C1orf115,0.9955597,0.99670035,0.9970434,0.9951886,0.9953798,0.99524474,0.9976083,0.99440503
DYNLRB1,0.9959214,0.9969142,0.9977609,0.9961965,0.99637264,0.99638605,0.99831283,0.99641097
DDA1,0.997324,0.9979961,0.99860245,0.9976005,0.9976039,0.9978037,0.9990133,0.9978146
BPIFA3,0.99678284,0.9975583,0.9980508,0.99672127,0.99695194,0.9969539,0.9985186,0.99700844
C1orf146,1.0003618,1.0003053,1.0001576,1.0001851,1.0002091,1.0001429,1.0000945,1.0002873
NPBWR2,0.9967072,0.99750435,0.9980099,0.9966529,0.996889,0.9968914,0.9984898,0.9969293
ANO5,1.0085015,1.0065452,1.0054199,1.0087125,1.0080067,1.0080018,1.0040454,1.0072279
XAGE5,0.9967072,0.99750435,0.9980099,0.9966529,0.996889,0.9968914,0.9984898,0.9969293
C3orf84,0.9967072,0.99750435,0.9980099,0.9966529,0.996889,0.9968914,0.9984898,0.9969293
BHLHB9,1.0028828,1.0021617,1.001795,1.0028213,1.0027208,1.0026646,1.0013463,1.0028045
MAGEA4,0.9968776,0.9976351,0.9980715,0.996761,0.9969914,0.99697345,0.9985142,0.99697924
MYMK,0.9967072,0.99750435,0.9980099,0.9966529,0.996889,0.9968914,0.9984898,0.9969293
SELENOT,0.99777377,0.998318,0.99853337,0.99753624,0.99777126,0.99772906,0.9988566,0.9976317
MRPS10,1.0013949,1.0011029,1.0009055,1.0013554,1.0012263,1.0013599,1.0007093,1.0013356
NELFCD,0.99874157,0.9990871,0.99914384,0.99852717,0.99879384,0.9986098,0.99934924,0.9990503
MAGEA1,0.9967072,0.99750435,0.9980099,0.9966529,0.996889,0.9968914,0.9984898,0.9969293
FBXL22,1.000897,1.0007331,1.0004226,1.0006216,1.0007241,1.0006661,1.0003345,1.0008304
MALSU1,0.9964737,0.9972882,0.9980097,0.9966695,0.99687594,0.99666506,0.99852216,0.9982912
FAM181B,0.9985579,0.99890304,0.9990779,0.99852514,0.99847466,0.99840724,0.9992873,0.9988109
C4orf3,0.999495,0.9996021,0.99960697,0.9993369,0.99943376,0.99947083,0.9996879,0.99921584
CTU1,0.9993382,0.99949706,0.9996356,0.9994241,0.99936795,0.9993346,0.99970245,0.9990722
CHCHD2,0.99855494,0.99887145,0.9989631,0.99824655,0.9983623,0.998373,0.9991393,0.9983684
AADACL3,0.9967072,0.99750435,0.9980099,0.9966529,0.996889,0.9968914,0.9984898,0.9969293
RNF13,1.0026482,1.0021098,1.0014999,1.0024059,1.0022434,1.0021738,1.001115,1.0025373
CD300E,0.99836457,0.99872875,0.9990438,0.99835587,0.9984159,0.9984013,0.99925685,0.9988338
SAYSD1,1.0000961,1.0001618,1.0001917,1.0001627,1.0002296,1.0001248,1.0001897,1.0003933
MAGEH1,0.9963634,0.9972899,0.9979148,0.99646103,0.9966055,0.9967122,0.99845004,0.9966537
VAMP1,1.005245,1.0040836,1.0031853,1.0050087,1.0049336,1.0046924,1.0024121,1.0052122
FFAR1,0.9967072,0.99750435,0.9980099,0.9966529,0.996889,0.9968914,0.9984898,0.9969293
GRAP,0.9996265,0.99974453,0.99969405,0.99946445,0.99956274,0.9995327,0.99974304,0.9988145
HNMT,0.99850845,0.99892807,0.99928033,0.9987283,0.99876344,0.998906,0.99950767,0.99799496
UBL4A,0.9991291,0.9993697,0.99959266,0.999197,0.99927044,0.9993473,0.9997705,0.9998585
C2orf80,1.0024812,1.0019324,1.002043,1.0032029,1.0027821,1.0029038,1.0016726,1.0034672
ABT1,0.9998953,0.9999215,1.0001782,1.0002592,1.0001273,1.0001717,1.0001765,1.0000318
MZB1,0.99696594,0.9976562,0.99816114,0.9969002,0.99705726,0.99713105,0.9985956,0.99736094
SDHAF2,1.0019667,1.0015432,1.0009934,1.0015818,1.0015943,1.0014826,1.0007411,1.0021074
RGS5,0.9921725,0.9941431,0.9948381,0.9914261,0.9922,0.9919697,0.9960057,0.9922526
IL18BP,1.0032567,1.0023746,1.0018693,1.0030007,1.0028267,1.002913,1.0013667,1.0028783
FDX2,0.99785644,0.9984648,0.9992931,0.9986423,0.99860364,0.99867344,0.9996139,0.9990244
RPL38,0.9954728,0.9965254,0.99704397,0.99510765,0.99543035,0.99546504,0.9976617,0.99513847
NUDT7,1.001101,1.0008562,1.0005219,1.0008059,1.0007982,1.000506,1.0002968,1.0011032
UBXN2A,0.99993265,1.0000216,1.0003728,1.0004463,1.000359,1.0005351,1.0004361,1.000455
PCBD2,0.99792993,0.99861455,0.9988839,0.9980578,0.99834096,0.99819446,0.9992435,0.9976351
FMNL1,0.9988206,0.9990748,0.9990686,0.9984238,0.99860203,0.9984385,0.99917096,0.99851936
FAM122C,1.0052205,1.0039961,1.0032066,1.0051711,1.0048703,1.0048442,1.0024222,1.0044355
ADH6,0.9999806,1.0000044,0.99986124,0.9997371,0.99980295,0.9996558,0.99982965,0.9996406
PIMREG,0.99484193,0.99624896,0.99670696,0.99455154,0.9951251,0.9947914,0.99749744,0.99424124
CLEC4A,0.9982049,0.998592,0.9991003,0.998416,0.9985038,0.99853384,0.99934757,0.99861646
CD2,0.9971801,0.99785024,0.9982908,0.99711597,0.99730945,0.9973357,0.99870014,0.99739945
ZNF668,1.0003297,1.0001432,1.0002563,1.0003707,1.0002265,1.0004686,1.000229,1.000538
ZNF688,1.0018479,1.0013893,1.0009336,1.0014346,1.0014901,1.0015118,1.0006891,1.001218
NMI,0.9999622,1.0000039,0.9996764,0.9994658,0.9996847,0.9995402,0.99968004,0.9988787
TRMT112,0.99961746,0.9997148,0.99953365,0.9991843,0.9992933,0.99923456,0.9995737,0.9995056
DKKL1,0.9971389,0.99783087,0.9983175,0.99713385,0.99737227,0.997367,0.9987416,0.9975354
ATXN3L,0.9967072,0.99750435,0.9980099,0.9966529,0.996889,0.9968914,0.9984898,0.9969293
IER3IP1,0.9971682,0.99790335,0.99846447,0.9974141,0.9976548,0.9977771,0.9989696,0.9974794
APOPT1,0.9967072,0.99750435,0.9980099,0.9966529,0.996889,0.9968914,0.9984898,0.9969293
TMEM243,0.9980715,0.99855745,0.99902886,0.9983069,0.9982134,0.9983344,0.9992738,0.9985039
GNAZ,0.9949249,0.99628806,0.9969627,0.9949512,0.99540484,0.99513674,0.9976803,0.9946885
PPIC,0.99961114,0.99975646,0.99982727,0.9996636,0.9996929,0.9997849,0.99994206,0.99962866
EFHD2,0.99582803,0.9969691,0.9977235,0.99614096,0.99649084,0.9965279,0.9984305,0.9959502
TREM1,0.9968562,0.99760675,0.99805564,0.9967456,0.99697936,0.99699014,0.9985135,0.9968786
BTLA,0.9978411,0.9983593,0.9986917,0.9977478,0.99788535,0.9979854,0.9990096,0.99774516
DPM2,0.9975089,0.99827397,0.9987267,0.9978454,0.9980488,0.9977443,0.99907815,0.99788845
UXT,0.998142,0.9986225,0.9989872,0.9982246,0.9982759,0.998212,0.9992347,0.9985486
GREM1,1.0010989,1.000811,1.0006151,1.0010111,1.0008566,1.000839,1.0003939,1.0004389
C7orf50,0.9981314,0.9986435,0.99899805,0.99830115,0.998399,0.9983765,0.9992788,0.99808407
NFRKB,1.0006006,1.000313,1.0001153,1.0003358,1.0003791,1.0002856,1.0000803,1.0012822
CMTM5,0.998628,0.9990522,0.99941134,0.9989414,0.9989381,0.99892914,0.99967563,1.0000436
MRPL41,0.99875927,0.9990998,0.99953943,0.99911237,0.99902135,0.99911237,0.9996948,0.99928236
JSRP1,0.99742246,0.9980839,0.9983728,0.997244,0.9975202,0.997453,0.99876714,0.9976473
PDCL3,0.997165,0.9978243,0.99862564,0.99754345,0.9975395,0.99785274,0.9990498,0.998406
PRR7,1.0056558,1.0043187,1.0032219,1.0052674,1.0050943,1.004986,1.002434,1.00531
ZNF98,1.0012696,1.0009453,1.0006509,1.0010062,1.0011151,1.0008838,1.0004431,1.0012133
CENPW,0.9981099,0.99864304,0.99890894,0.9981019,0.99837565,0.9982029,0.9992189,0.9984864
FAM90A1,0.9978322,0.99837464,0.9986868,0.9977854,0.9979347,0.9977983,0.9989684,0.9981276
CEACAM7,0.998986,0.9992257,0.999324,0.99881154,0.9989115,0.99888825,0.9994596,0.99911594
FAM89B,0.9978708,0.99836624,0.99869907,0.9978258,0.9979158,0.99795496,0.9989995,0.9976903
MMP26,0.99701,0.9977311,0.99819267,0.9969568,0.9971656,0.9971836,0.998628,0.9971886
BLOC1S5,1.0104082,1.0079802,1.0060542,1.0099826,1.0094607,1.0093808,1.0045502,1.0088108
MRGBP,0.99789554,0.9984349,0.9988514,0.9981376,0.9983055,0.99811673,0.9991783,0.99803036
DBNDD1,0.99952674,0.9996215,0.9998085,0.99958205,0.99948657,0.999835,0.9999609,1.0001496
CENPK,0.99591637,0.9969232,0.99771243,0.99622715,0.9962938,0.9962071,0.99829197,0.9967896
TP53INP1,1.0035021,1.0026536,1.0019957,1.0032616,1.0030584,1.003103,1.0015072,1.0030084
FSBP,1.0098902,1.0075146,1.0061553,1.0099717,1.009208,1.0092133,1.0046555,1.0101345
MORN5,0.99750733,0.99814355,0.9986001,0.99761987,0.99777496,0.99770916,0.9990204,0.9985369
TMC7,1.0006654,1.0005118,1.0003688,1.0005214,1.000427,1.0007497,1.0003113,0.9996246
CD33,0.9972241,0.9980053,0.998023,0.9967295,0.9971076,0.9968673,0.998402,0.99639124
CPTP,0.9994932,0.9996141,0.9995979,0.9993862,0.99935615,0.99917805,0.9996099,0.99896306
RPL37,0.99859,0.99888897,0.9990035,0.9983411,0.9983969,0.9985144,0.9991921,0.99827737
TMEM212,0.9966279,0.99741,0.99807984,0.9968526,0.9969906,0.9968574,0.9985678,0.997587
YPEL3,0.9995073,0.99966264,0.99975157,0.9995022,0.9995123,0.9995569,0.9997962,0.99884456
MRPS33,1.0029435,1.0022175,1.0017167,1.0027916,1.0026181,1.0025016,1.0012432,1.0027201
SHISA5,0.99714553,0.9978332,0.9985387,0.9974703,0.9975346,0.99773973,0.9989619,0.9974017
HCRT,0.9978564,0.99837625,0.9985932,0.99768084,0.99799633,0.9978571,0.9989257,0.9975765
TFIP11,1.0022596,1.001729,1.0011774,1.0019299,1.001903,1.0019225,1.0009068,1.002202
LSM8,0.99893314,0.9991898,0.9990429,0.99847615,0.9986451,0.9985137,0.9991816,0.9980619
FLII,1.001218,1.0009824,1.0009847,1.0015092,1.0013562,1.0011442,1.0007493,1.0020938
C16orf86,0.99899554,0.9991996,0.99947834,0.99901223,0.99899733,0.99916303,0.99963176,0.99963295
H3F3A,0.9967072,0.99750435,0.9980099,0.9966529,0.996889,0.9968914,0.9984898,0.9969293
TSSK3,0.99531436,0.9964971,0.9972165,0.99535155,0.9957211,0.9956466,0.99791294,0.99545074
ANKRD45,1.0052152,1.0039793,1.0036837,1.0058997,1.0052506,1.0055375,1.0029081,1.0055857
NUDT10,1.002884,1.0021709,1.0022416,1.0034705,1.0030782,1.0031608,1.0017602,1.004064
ARMCX1,0.99870706,0.99906164,0.99912596,0.99847364,0.9986955,0.9985316,0.9993001,0.9988971
TMCO5A,0.99678284,0.9975583,0.9980508,0.99672127,0.99695194,0.9969539,0.9985186,0.99700844
CENPQ,1.0015712,1.0013537,1.0010116,1.0015247,1.0011814,1.0010234,1.0006869,1.0014294
ENKUR,0.9945971,0.9960599,0.99695015,0.9948615,0.99523544,0.9950856,0.99778783,0.9954585
ACADL,0.99812686,0.998617,0.9988899,0.9981081,0.9982052,0.99813485,0.9991417,0.998292
CD274,0.99856186,0.9988866,0.99899244,0.998283,0.99846137,0.9984987,0.9991851,0.99807656
FAM19A2,0.9967072,0.99750435,0.9980099,0.9966529,0.996889,0.9968914,0.9984898,0.9969293
NSMCE3,1.00085,1.0007486,1.0005087,1.0008554,1.0007284,1.0003479,1.0003253,1.0010396
SLC45A4,1.0027319,1.0020201,1.0016147,1.0026286,1.0024364,1.0024495,1.0011926,1.002316
PRAMEF15,0.9967072,0.99750435,0.9980099,0.9966529,0.996889,0.9968914,0.9984898,0.9969293
GNRH2,0.996915,0.9976541,0.9981076,0.9968382,0.99706113,0.9970454,0.9985535,0.9969865
NAIP,0.9974787,0.99810547,0.99851716,0.99744403,0.9976413,0.99794394,0.99900866,0.9981781
CLEC2L,0.99948955,0.9996455,0.9995861,0.9992963,0.9994758,0.9994174,0.9997108,0.9994017
LEMD1,0.998773,0.9991057,0.99927294,0.9987184,0.99900806,0.99883556,0.999503,0.9992954
PAWR,1.004244,1.0032127,1.0029856,1.0046781,1.004092,1.0044498,1.0023322,1.0043807
CXorf65,0.99685913,0.99761105,0.99809134,0.996796,0.9970165,0.9970076,0.9985424,0.9970597
CD83,1.0005804,1.0004177,1.0006222,1.0009408,1.0008869,1.0010263,1.000588,1.001112
MANF,0.9983282,0.99884164,0.99905324,0.9983088,0.99845195,0.99844086,0.9993405,0.9987006
WRNIP1,1.0014718,1.0011021,1.0009463,1.0014744,1.0013704,1.0013673,1.0007215,1.00152
NF2,1.001516,1.0012555,1.0012646,1.0019047,1.0017085,1.0018406,1.0010762,1.001972
KLK2,0.99660325,0.9974249,0.99795717,0.99656415,0.99680483,0.9968184,0.9984561,0.996881
AANAT,0.9975583,0.9981505,0.9985099,0.99748063,0.99767745,0.9977166,0.99889266,0.9978399
MME,1.000996,1.0007366,1.0004086,1.0006495,1.0007195,1.0006387,1.0002549,1.0005336
MAGEB6,0.9967072,0.99750435,0.9980099,0.9966529,0.996889,0.9968914,0.9984898,0.9969293
PIP5K1C,0.9989073,0.99914515,0.99930537,0.9988603,0.9989283,0.9988106,0.99943835,0.9988054
TMEM171,0.99746585,0.9980645,0.9983978,0.99735963,0.99751616,0.9974216,0.9987415,0.9974944
CYP26C1,0.99678284,0.9975583,0.9980508,0.99672127,0.99695194,0.9969539,0.9985186,0.99700844
TMIGD1,0.9966389,0.9974636,0.99799013,0.99665797,0.9969419,0.9969398,0.9984999,0.9966027
TMEM18,0.9981499,0.9986238,0.9988079,0.9979852,0.99805844,0.9980645,0.999065,0.9979892
IGSF5,0.99777913,0.9983001,0.9988786,0.99804854,0.99808526,0.9981619,0.9991865,0.99833083
LYPD1,0.9923481,0.994131,0.99579346,0.993094,0.9931189,0.993289,0.9968726,0.9934896
NSD1,1.0004709,1.0004436,0.99977136,0.99963593,0.99992657,0.99959993,0.9996934,0.99931324
PTRH2,1.0026977,1.0020072,1.0016234,1.0025669,1.0024054,1.0025196,1.0012598,1.0032961
FLT3LG,0.9989908,0.9993048,0.9994086,0.9989521,0.9990247,0.9987818,0.99948204,0.9989506
POLH,1.0037096,1.0028837,1.0021077,1.0034845,1.0032797,1.0030141,1.0014838,1.0025449
ASCL3,0.9967072,0.99750435,0.9980099,0.9966529,0.996889,0.9968914,0.9984898,0.9969293
CXCL12,0.99669397,0.9974916,0.99830073,0.9970502,0.99721223,0.9972675,0.9987922,0.99719024
OVOL2,0.99662614,0.997421,0.998018,0.99666834,0.99685794,0.9968249,0.99849075,0.99719656
MRPL12,0.99744296,0.9981774,0.9984236,0.99732494,0.99762785,0.99752843,0.99886805,0.9979626
NR2C2AP,1.001936,1.0015035,1.0018073,1.0028155,1.0024104,1.0026973,1.0015577,1.0029188
KLRB1,1.0004195,1.0003641,1.0002038,1.0002664,1.0002156,1.0002218,1.0001316,1.0001409
CYFIP2,0.993322,0.99498665,0.9960022,0.99333,0.9938412,0.9936584,0.9969354,0.99354136
KIAA2026,0.9920229,0.9939649,0.995041,0.99183774,0.99228525,0.9922037,0.99613893,0.99179846
PNRC1,0.99811935,0.9985715,0.99871635,0.9978499,0.99811465,0.99788797,0.9989662,0.9982605
CD226,0.99628156,0.997167,0.9977187,0.99623024,0.99649155,0.9964417,0.99825203,0.99628276
LIMD2,0.99707043,0.997884,0.9983402,0.9971571,0.99737424,0.99735814,0.99878573,0.9970529
LRRC3B,0.99039507,0.9929701,0.9947798,0.99111384,0.99182034,0.99195373,0.99633354,0.9913764
TMEM86A,0.9959065,0.9968013,0.9976902,0.99615693,0.996473,0.9967174,0.998391,0.9966636
KRCC1,1.0027821,1.0021759,1.0015972,1.0025252,1.0025814,1.0025163,1.0012527,1.0024278
ORMDL3,1.0006819,1.0005083,1.0000548,1.0002018,1.000447,1.0000119,0.9999372,0.99979883
DPPA4,1.0076014,1.0057143,1.004955,1.0079855,1.0072165,1.0074979,1.0037919,1.0075107
RNF182,0.9984555,0.99882096,0.9989941,0.99825937,0.99842006,0.99871063,0.9993234,0.9985759
ACAD11,1.007074,1.0054499,1.0042766,1.0070302,1.0066442,1.0063471,1.0032151,1.0066216
SPATC1L,0.9991002,0.99933696,0.9997231,0.9993688,0.99927783,0.9994991,0.999864,0.99982804
SPACA3,0.99686927,0.99761134,0.99810344,0.9968143,0.99702436,0.9970223,0.9985502,0.9971007
SAMD10,1.0031682,1.0023675,1.0017827,1.0030123,1.002954,1.0027962,1.0013634,1.0029185
BNIP3,0.9967242,0.9975659,0.99832493,0.99715203,0.9971218,0.9971497,0.99877167,0.99745834
C5orf30,0.99646735,0.99733835,0.9981401,0.9968467,0.9969042,0.9969444,0.9986376,0.99702466
CSH1,0.994595,0.99582654,0.99682796,0.99462664,0.994932,0.9945884,0.9974229,0.9962585
ZNF664,0.9957491,0.99671906,0.9973167,0.99557257,0.9959525,0.9958177,0.9979209,0.9959053
EVI2B,0.9982215,0.9986013,0.99881345,0.9979857,0.99823576,0.99829155,0.9991003,0.998379
COL10A1,0.9995962,0.9996848,0.9997227,0.9994528,0.99946725,0.99958116,0.9997841,0.99956423
NUS1,1.0033644,1.0025525,1.0017366,1.0029259,1.002879,1.0026515,1.001249,1.002824
CDRT15,0.9967072,0.99750435,0.9980099,0.9966529,0.996889,0.9968914,0.9984898,0.9969293
GLRX5,1.0009036,1.0007749,1.0006694,1.0009704,1.0010676,1.0008845,1.0005362,1.0007784
CLDND2,0.9973196,0.99799305,0.9983398,0.9972662,0.9973548,0.9972554,0.9986673,0.99706805
PCP2,0.9977103,0.99824065,0.9985908,0.99761987,0.9977851,0.9977819,0.9989121,0.9978947
CD200,0.99622893,0.99712586,0.99774945,0.9961995,0.99656516,0.99672234,0.9983196,0.99591607
RP11-192H23.4,0.9967072,0.99750435,0.9980099,0.9966529,0.996889,0.9968914,0.9984898,0.9969293
IQCF5,0.9967072,0.99750435,0.9980099,0.9966529,0.996889,0.9968914,0.9984898,0.9969293
KRTAP29-1,0.9967072,0.99750435,0.9980099,0.9966529,0.996889,0.9968914,0.9984898,0.9969293
TXNDC9,0.9993904,0.999508,0.9997777,0.9994545,0.999536,0.9996121,0.9998923,1.0004175
MYADML2,0.99658805,0.99739975,0.99795353,0.9965619,0.99678946,0.99681544,0.998453,0.9969206
RNASE2,0.99762034,0.99822605,0.9984989,0.99746394,0.99767864,0.99763966,0.9988402,0.9974902
IER2,0.99966097,0.99971426,1.000063,0.9999316,0.9996503,0.99997514,1.0000632,1.0002184
GUCA1C,0.9966429,0.9974587,0.99796736,0.99658716,0.99683595,0.99683565,0.99846184,0.9968357
LYSMD1,1.0048479,1.0037227,1.0029963,1.0048014,1.004457,1.0047591,1.0023663,1.0046784
RPS15A,0.99977267,0.9997702,0.99981976,0.99959546,0.9995475,0.9996778,0.9998072,0.99974227
TNFRSF4,0.99694777,0.99765843,0.99816394,0.9969387,0.9971106,0.9971635,0.9986055,0.9970211
SOWAHD,0.9974021,0.99801266,0.9984206,0.9973098,0.99746305,0.9975965,0.9988018,0.99744296
RASAL1,0.99824566,0.9986915,0.9988483,0.9981121,0.9982555,0.99817514,0.9990925,0.9977809
TAS2R13,0.99599797,0.9969697,0.9975847,0.99596274,0.9962487,0.99625444,0.99817955,0.9962987
ACKR4,0.99997437,1.0000318,1.0000257,0.9999396,0.9999939,0.9999188,1.0000257,1.0000198
SCYL2,1.000119,0.99999917,0.9998432,0.9997641,0.99983484,0.99963367,0.9997831,1.0003355
ERAS,0.9962237,0.9971266,0.9977164,0.9961892,0.99643743,0.9964458,0.9982667,0.9964253
FAM216A,0.9981487,0.99866474,0.99945784,0.9988517,0.99873537,0.9992276,0.99982995,0.9997269
FRG2C,0.9967072,0.99750435,0.9980099,0.9966529,0.996889,0.9968914,0.9984898,0.9969293
SLC35G6,0.9984559,0.9988463,0.9991168,0.99842644,0.9985889,0.99864215,0.9993664,0.99876225
LEPROTL1,0.9998418,1.0000415,0.9999084,0.9997488,1.0000157,0.99981606,0.99998224,0.99973536
PSMD9,0.9984368,0.99880564,0.999166,0.9985496,0.9986466,0.9987935,0.9994528,0.99882555
SH3BGR,1.0001693,1.0001762,1.0001894,1.0002267,1.0002197,1.000344,1.0002173,0.99999726
CAAP1,1.0011859,1.000916,1.0010431,1.0015152,1.0013136,1.0014279,1.0008733,1.0023639
PNMT,0.9990413,0.9992962,0.9994397,0.999048,0.99917495,0.9990429,0.999587,0.9994105
C1orf123,0.9967072,0.99750435,0.9980099,0.9966529,0.996889,0.9968914,0.9984898,0.9969293
ACOT1,1.0008755,1.0006479,1.0009258,1.0013945,1.0011553,1.0014279,1.0008368,1.0015843
BOD1,1.0008838,1.0007129,1.000407,1.0006852,1.0006865,1.0003114,1.0002192,1.0011114
C5AR2,0.996691,0.99748015,0.9979857,0.99662554,0.9968538,0.99683654,0.9984592,0.9969096
SBK3,0.9967072,0.99750435,0.9980099,0.9966529,0.996889,0.9968914,0.9984898,0.9969293
ACKR2,0.99767125,0.9981653,0.9985868,0.9976094,0.99766654,0.99768627,0.9988464,0.9977199
IMMP1L,1.0067255,1.0051147,1.0038596,1.0063853,1.0060601,1.0058796,1.0028381,1.0054009
ARL14EP,1.0006019,1.0004674,1.0007809,1.001022,1.0007749,1.0009918,1.0006709,1.001784
MAP3K7CL,1.002502,1.0019155,1.0015959,1.002487,1.0022249,1.0024151,1.0012128,1.0023001
TXNL4A,0.9962344,0.9971614,0.99808097,0.9967491,0.9968267,0.99694175,0.99865246,0.996882
MRPL49,0.99919116,0.9994701,0.9997939,0.9995323,0.999584,0.9995183,0.99994385,1.0000305
IL36RN,0.9969254,0.99766386,0.99813175,0.9968598,0.9970732,0.9970467,0.99856544,0.9971044
MDC1,1.0017376,1.0014052,1.0010816,1.0016248,1.001548,1.0015135,1.0008445,1.0019639
C1orf74,1.0009568,1.0008526,1.0006826,1.0010103,1.0010632,1.0011315,1.0005813,0.99983895
FAM136A,1.000402,1.0004119,1.0003996,1.0005578,1.0005658,1.0006223,1.0004109,1.0008157
IER3,1.0018184,1.0014343,1.0011352,1.0017612,1.0018145,1.0018744,1.0009382,1.0015885
C12orf49,0.996889,0.99760634,0.9984698,0.9974139,0.9974252,0.99758524,0.9989644,0.9981016
PSMG2,0.9986404,0.99894845,0.9997114,0.9993482,0.9991082,0.99931407,0.9998584,0.9996774
RASA3,1.0015397,1.0011595,1.0013279,1.0020014,1.0015849,1.0020459,1.0011191,1.0019307
NKG7,0.9972061,0.997876,0.99812865,0.9969251,0.9971523,0.997138,0.998533,0.99659413
TPM2,0.9977596,0.99843264,0.9986167,0.9977211,0.9979584,0.9976805,0.99896145,0.99755216
ABHD14B,1.0005995,1.0003525,1.0003905,1.0006177,1.0004729,1.0005784,1.0002481,1.0001225
GSTM5,0.99902034,0.99913734,0.99950397,0.99911225,0.99902135,0.9989697,0.99954677,0.9994143
PRPF6,0.9973694,0.9980072,0.9983102,0.9972614,0.99749684,0.99744487,0.99869716,0.9969332
METTL7B,0.9955069,0.99656016,0.997466,0.9956871,0.9959516,0.9961086,0.99814373,0.9963238
TFPI2,0.98916364,0.9920002,0.99338734,0.98865217,0.9898596,0.98953086,0.99492514,0.98986804
CTRB1,0.9967072,0.99750435,0.9980099,0.9966529,0.996889,0.9968914,0.9984898,0.9969293
TEX261,1.0011178,1.0009347,1.0003058,1.0005639,1.0007582,1.0004581,1.0001633,1.0000299
C14orf180,0.9960935,0.99702406,0.99763095,0.9960531,0.9963231,0.99632514,0.99820805,0.9964218
C1orf216,0.9998069,0.99970627,1.0000011,1.0000039,0.9997911,1.0001688,1.0000813,1.0008636
RP11-248J23.6,0.9967072,0.99750435,0.9980099,0.9966529,0.996889,0.9968914,0.9984898,0.9969293
COMMD3,1.0011287,1.0008351,1.000684,1.0009966,1.0009259,1.0009806,1.0004833,1.0011935
PROK1,0.9967072,0.99750435,0.9980099,0.9966529,0.996889,0.9968914,0.9984898,0.9969293
SPATS1,0.99674165,0.99753034,0.9980261,0.99668217,0.99691755,0.996915,0.99849993,0.9969486
ISCA2,0.99749845,0.9981359,0.99880546,0.99792504,0.9980364,0.9982082,0.9992449,0.99833083
SDC3,0.99105126,0.99328005,0.99447143,0.99093014,0.9913899,0.9912671,0.9957571,0.9913349
AHSG,0.9982474,0.9986694,0.9988798,0.9980897,0.9982393,0.99818945,0.99911886,0.9983083
WDR43,1.0029347,1.0022788,1.0018214,1.0029669,1.0028453,1.0028048,1.0014044,1.0024776
GUSB,0.99830437,0.99877524,0.99917483,0.9986445,0.99863577,0.9986933,0.9994362,0.9979353
ELOVL3,1.006487,1.0049888,1.0041268,1.0065053,1.0061562,1.0060287,1.0031457,1.0074794
CFHR2,0.99663633,0.9974498,0.997971,0.9965885,0.9968267,0.9968314,0.99846184,0.9968804
GPR27,0.9988897,0.9992029,0.9993598,0.9988693,0.99895716,0.998934,0.9995243,0.9990129
PRDX5,0.99997556,0.99998343,1.000147,1.0001174,1.000043,1.0001296,1.0001113,1.0000054
FAAP24,1.0009073,1.0006049,1.0005262,1.0007282,1.0004814,1.0006305,1.00033,1.0010706
CFAP161,0.9991604,0.99929523,0.99968386,0.9993354,0.9992453,0.99957687,0.9998275,0.9996538
NDUFA4L2,1.0024071,1.0018264,1.0014306,1.0022551,1.0021741,1.0022186,1.001121,1.0027463
LYG2,1.0021284,1.0015763,1.001537,1.0024028,1.0021771,1.0023882,1.0012509,1.0027648
C12orf57,0.9976441,0.998167,0.9984314,0.99740463,0.99756217,0.9975448,0.9987118,0.9970693
RPAIN,0.9966841,0.9974313,0.99793255,0.99651337,0.9966823,0.99674064,0.99836755,0.9969796
CDC34,0.9968219,0.99756694,0.99854636,0.9975474,0.9973502,0.99764216,0.998994,0.99714434
FAM43B,0.9993558,0.9995614,0.99973035,0.9994846,0.9995328,0.9996427,0.99987507,0.99925447
NPY,0.9873513,0.9905451,0.99268126,0.9879158,0.98894465,0.989027,0.994823,0.9896034
ATP5MC2,0.99863046,0.9988965,0.99893796,0.99824953,0.998339,0.99834454,0.99908936,0.9981654
KCNMB2,1.0023174,1.0017126,1.0018556,1.0028871,1.0024226,1.0027936,1.0015249,1.0034952
RSPH14,1.001321,1.0009683,1.0007805,1.0012267,1.0011799,1.0010055,1.0005276,1.0013111
HIST1H3E,0.9967072,0.99750435,0.9980099,0.9966529,0.996889,0.9968914,0.9984898,0.9969293
TBC1D2,1.0047836,1.0035865,1.0029376,1.0047214,1.0042723,1.0045997,1.00226,1.004468
MEI4,0.9967072,0.99750435,0.9980099,0.9966529,0.996889,0.9968914,0.9984898,0.9969293
IZUMO2,0.9963192,0.9972178,0.99776417,0.99626124,0.99653864,0.9965242,0.9983082,0.9965266
REC114,0.9965968,0.9974017,0.9979485,0.9965589,0.9967832,0.99679726,0.99844223,0.9969168
FAM166B,0.9969686,0.9976835,0.9981619,0.9968945,0.99708605,0.9971039,0.9985926,0.9973506
TREM2,0.9944804,0.99583685,0.9967482,0.99457467,0.9949243,0.9950249,0.9975672,0.9945116
LY6E,0.9965792,0.99743724,0.9980486,0.99668753,0.9968585,0.9969058,0.998567,0.99712706
IGDCC4,1.0047342,1.0036788,1.0023478,1.0039067,1.0040282,1.003613,1.001665,1.003213
TSPYL6,0.9966682,0.99746597,0.9979731,0.99660444,0.9968451,0.99685514,0.99846256,0.99685574
C19orf71,0.9967674,0.99753714,0.9980406,0.9967084,0.9969342,0.9969456,0.9985119,0.99703836
RAMP2,0.99844277,0.99891776,0.99873835,0.99800086,0.9982776,0.9980498,0.99897647,0.9973093
SYPL1,0.99824375,0.99869114,0.99877,0.9978931,0.99798036,0.9980173,0.99899626,0.9976802
HIST3H2A,0.9967072,0.99750435,0.9980099,0.9966529,0.996889,0.9968914,0.9984898,0.9969293
VTCN1,0.999143,0.9992883,0.9993923,0.9989315,0.99904466,0.9990468,0.99949765,0.99923766
GFER,0.99792147,0.99842805,0.99877024,0.9979023,0.9980949,0.99789345,0.99904585,0.99846804
CARMIL1,0.99708366,0.9978658,0.9984831,0.99741054,0.99751735,0.9974104,0.9988972,0.99754554
IER5,0.9926193,0.9943836,0.99515545,0.9920845,0.9926563,0.9926435,0.99628985,0.99245423
C6orf15,0.99674165,0.99753034,0.9980261,0.99668217,0.99691755,0.996915,0.99849993,0.9969486
EAF2,0.9978926,0.99846804,0.9988433,0.9979614,0.99801797,0.9980812,0.9991464,0.9979469
KPNA1,0.9945191,0.99580526,0.996817,0.99466616,0.99489534,0.9950023,0.9976024,0.99530685
GIMAP2,1.0003543,1.0002037,1.0003228,1.0004194,1.0003438,1.000558,1.0002713,1.0004092
CLEC1A,1.0005279,1.0003645,1.0002495,1.0003396,1.0002357,1.000284,1.0001056,1.0001595
SHISA3,1.0004964,1.0003616,0.99980664,0.9998631,0.9999393,0.99960244,0.9996443,0.9981689
GPR62,0.9984011,0.99880695,0.99903774,0.99836314,0.99853027,0.9985544,0.9993063,0.9982718
P4HTM,1.0018244,1.0014113,1.0009671,1.0015485,1.0014718,1.0015934,1.0007663,1.0013334
MC1R,1.0032248,1.0025254,1.0016758,1.0027429,1.0026975,1.0024706,1.0012121,1.0027419
NMS,0.99678284,0.9975583,0.9980508,0.99672127,0.99695194,0.9969539,0.9985186,0.99700844
DCTD,0.99858063,0.9990059,0.9993999,0.998899,0.99891794,0.99896073,0.9996309,0.9988134
KXD1,0.99871624,0.999064,0.9990572,0.9984224,0.9986739,0.99851906,0.9992912,0.99891233
ZDHHC22,1.003876,1.0029584,1.0025865,1.0042393,1.0039274,1.0038579,1.0019771,1.0031068
CRISP2,1.000454,1.0003278,1.0001397,1.0001904,1.0002863,1.0002531,1.0000728,1.0001229
FAM58A,0.9967072,0.99750435,0.9980099,0.9966529,0.996889,0.9968914,0.9984898,0.9969293
HCAR3,0.9965529,0.9973855,0.99794596,0.9965376,0.99675715,0.99681777,0.9984547,0.99676275
CLEC9A,0.99670315,0.9974973,0.99801314,0.99665713,0.9968909,0.9969042,0.99849665,0.9969837
FAM181A,0.9966444,0.9974849,0.99834204,0.9972381,0.9971881,0.9970467,0.9987378,0.9968227
FAM19A1,0.9967072,0.99750435,0.9980099,0.9966529,0.996889,0.9968914,0.9984898,0.9969293
PLA2G2F,0.9967072,0.99750435,0.9980099,0.9966529,0.996889,0.9968914,0.9984898,0.9969293
TSGA13,0.9968308,0.9975983,0.9980938,0.99678564,0.99698603,0.9970051,0.99854547,0.9969157
HMGB3,0.99583733,0.99682957,0.9974724,0.9958123,0.99612904,0.9962208,0.9981118,0.99582374
ABI2,0.9976624,0.9982287,0.998567,0.99759597,0.9977578,0.99775136,0.99889046,0.99773526
C12orf65,1.0003818,1.0003003,1.000119,1.0001822,1.0002304,1.0002437,1.0000792,0.9999637
VENTX,0.99893403,0.9991932,0.99926317,0.9987236,0.9989017,0.9988798,0.99943805,0.99896085
LY6K,0.9980738,0.99853057,0.99891734,0.9981339,0.9982271,0.99825466,0.9991832,0.9983681
SDCBP,0.99638605,0.99722123,0.9976989,0.9961777,0.996399,0.99641097,0.9982221,0.996946
RNF125,1.0007449,1.0005429,1.0006475,1.0010226,1.0008447,1.0007335,1.0004735,1.0013192
PDZD9,0.99818593,0.9986238,0.9989099,0.9981351,0.99827284,0.99825466,0.99915844,0.9981138
ARPIN,0.9981262,0.9985362,0.9989362,0.99834204,0.99834454,0.9980211,0.99915874,0.9992022
HACD1,1.003248,1.0025692,1.002269,1.0035999,1.0033436,1.0032704,1.0017847,1.003221
ZFAND6,0.99883235,0.9991459,0.9994217,0.9989422,0.9990352,0.99912196,0.9996017,0.9986402
HIST1H3D,0.9967072,0.99750435,0.9980099,0.9966529,0.996889,0.9968914,0.9984898,0.9969293
BLOC1S1,0.9973253,0.99801886,0.9985534,0.9974903,0.9976276,0.99787897,0.99903125,0.9977381
ELP6,0.99868643,0.99899495,0.99932605,0.99890685,0.9990114,0.9991474,0.9996039,0.99874127
BCL7B,0.9995097,0.9995967,1.0002365,1.0002562,0.9999465,1.0002341,1.0002804,1.0000517
MYL12B,0.9969812,0.99772906,0.9980576,0.99677515,0.99705756,0.9969523,0.9984652,0.9967371
KCTD21,0.99800885,0.99849,0.9988498,0.9980726,0.9982408,0.99818254,0.99918526,0.9988233
CNTNAP2,0.99577814,0.9968097,0.9977788,0.99617624,0.99645674,0.9963287,0.998353,0.9967414
APOC2,0.9975137,0.99813414,0.99845976,0.99739033,0.9975667,0.9975573,0.99881375,0.9974935
CDRT15L2,0.9967072,0.99750435,0.9980099,0.9966529,0.996889,0.9968914,0.9984898,0.9969293
ARL14,0.9967072,0.99750435,0.9980099,0.9966529,0.996889,0.9968914,0.9984898,0.9969293
ATP6V1G2,0.9970317,0.9976945,0.99830353,0.99719334,0.9973209,0.9974568,0.99875236,0.99711907
PCNP,0.9978235,0.998349,0.9986772,0.99777746,0.9979485,0.9980344,0.99901086,0.99772316
CX3CR1,0.9952818,0.9964279,0.996783,0.99474025,0.9951645,0.99516714,0.997465,0.9939343
ALDH3A1,0.99876857,0.99906635,0.99932814,0.9987659,0.9988262,0.99893725,0.99951553,0.99911964
RTN4RL1,0.9994822,0.9995559,0.9996058,0.99943316,0.9993402,0.999443,0.9996809,0.99897087
GPR35,0.9999156,0.99987507,0.99991524,0.99978197,0.9997659,0.9999925,0.99998695,1.0004542
PRAMEF14,0.9967072,0.99750435,0.9980099,0.9966529,0.996889,0.9968914,0.9984898,0.9969293
NABP1,0.99965394,0.9997462,0.9993545,0.99895346,0.99940723,0.99914837,0.99944925,0.99868447
PRDX2,1.0000093,1.0000298,1.0000141,0.99994195,1.000011,1.0000539,1.0000474,0.99992275
LKAAEAR1,0.9958502,0.996856,0.99765617,0.9961206,0.99620473,0.9962288,0.9982213,0.99633384
ANKRD22,1.0049238,1.0036813,1.0029167,1.004738,1.0044657,1.004545,1.002178,1.0041428
PDGFRB,0.9868802,0.9901325,0.9917897,0.9863695,0.9873858,0.9874062,0.9938226,0.9880172
ATG101,1.0011635,1.0009377,1.0004867,1.0007977,1.000894,1.0008963,1.0003847,1.0002685
FUNDC2,0.99878716,0.9991105,0.9995722,0.9991481,0.99914634,0.9994204,0.99981016,0.99935937
SLC10A1,0.99762654,0.9982368,0.99853253,0.99747944,0.9976791,0.9976529,0.9988735,0.9978757
CDX4,0.9967625,0.99755025,0.998029,0.996688,0.9969337,0.99692196,0.99850154,0.9969264
ATG12,0.9978478,0.9983456,0.9983035,0.99724513,0.9976425,0.9974163,0.9986142,0.99733424
SH3BGRL3,1.0010701,1.0008142,1.0006942,1.001023,1.0008543,1.0010275,1.0005169,1.0009184
VGLL3,1.0065784,1.0051842,1.003551,1.0058818,1.0059735,1.0056099,1.002736,1.0058181
FAM84B,0.9967072,0.99750435,0.9980099,0.9966529,0.996889,0.9968914,0.9984898,0.9969293
IL34,0.9997949,0.99983096,1.0003078,1.0003085,1.0001845,1.0002002,1.0002707,1.000408
KCNJ2,1.0042439,1.0032415,1.0025563,1.0042094,1.00402,1.0039678,1.0019541,1.003499
CITED2,0.9940155,0.99549735,0.99627346,0.9938463,0.9944304,0.994311,0.9971932,0.9941176
RBX1,0.9994992,0.9996072,0.9997088,0.9994254,0.9994623,0.999552,0.9997596,0.9994071
APOBEC4,0.9992142,0.9994064,0.99941385,0.999012,0.999143,0.99898934,0.9995005,0.99907446
ERICH5,0.9998923,0.9999453,0.99981236,0.99964917,0.99973714,0.99960613,0.9998002,0.99963856
CNIH3,1.0002785,1.0003179,1.0000035,1.0000046,1.0002402,1.0002844,1.0000998,0.9993973
BATF2,0.9965371,0.9973489,0.99795234,0.99654293,0.9967807,0.9968375,0.9984623,0.99688184
MESDC2,0.9967072,0.99750435,0.9980099,0.9966529,0.996889,0.9968914,0.9984898,0.9969293
NDUFA6,0.99891067,0.99911547,0.9994805,0.9990231,0.9989601,0.999251,0.9996554,0.9996067
C17orf64,0.99699247,0.9977111,0.99811804,0.9968559,0.9971001,0.99709594,0.99855983,0.99699426
TNFRSF12A,1.0001228,1.0000824,1.0005823,1.0007887,1.0005426,1.0009642,1.0006078,1.0003911
TMEM177,0.99554074,0.99667597,0.99738365,0.9956067,0.9960721,0.99598217,0.9981481,0.99687964
UBE2F,0.9982994,0.99874926,0.9990661,0.99837923,0.9985889,0.9985498,0.99936247,0.99884695
ENSA,0.99422324,0.99560857,0.99667484,0.99444604,0.99477446,0.9949192,0.9975576,0.9948754
TMEM121,1.0007193,1.0005956,1.0003319,1.000635,1.0005914,1.0005702,1.0002793,0.99988127
RBBP9,0.99838006,0.99874306,0.9991639,0.9986621,0.9985965,0.9984289,0.9993412,0.9984559
UQCRFS1,0.9979675,0.9984788,0.9988718,0.998032,0.99807197,0.9981013,0.9991127,0.9978157
TIMM10B,1.001019,1.0008337,1.0008276,1.001276,1.0011561,1.0013001,1.0007243,1.0008857
TEX36,0.99668026,0.99747914,0.9979962,0.99663115,0.996866,0.99687994,0.99848247,0.99692774
TXNDC2,0.9975302,0.99816525,0.99846125,0.99738985,0.9975995,0.99755263,0.9988085,0.9974794
HIST1H2AI,0.9967072,0.99750435,0.9980099,0.9966529,0.996889,0.9968914,0.9984898,0.9969293
NRXN3,0.9868356,0.9900781,0.99157834,0.986119,0.98721087,0.98666424,0.9933957,0.9872848
PDPN,0.9936986,0.99525017,0.9955063,0.9929496,0.9937433,0.9928645,0.9963963,0.99286747
NUDT16,1.0012372,1.0010116,1.0009878,1.0015236,1.0014373,1.0014124,1.0008138,1.0014824
CEBPA,0.9969819,0.9977355,0.9981323,0.99681884,0.9971268,0.99729836,0.998639,0.9971116
MARCH3,0.9967072,0.99750435,0.9980099,0.9966529,0.996889,0.9968914,0.9984898,0.9969293
BCL2L1,0.9960397,0.9970567,0.99767745,0.99614346,0.9964696,0.9965032,0.9983425,0.9964683
FPR2,0.99702156,0.9977369,0.9981693,0.9969189,0.997147,0.99714994,0.99860394,0.99720955
SPZ1,0.9968146,0.99758285,0.9980695,0.9967543,0.99697936,0.9969673,0.99852663,0.99701464
C11orf86,0.9967072,0.99750435,0.9980099,0.9966529,0.996889,0.9968914,0.9984898,0.9969293
C1GALT1C1,1.001883,1.0013994,1.0008913,1.0014131,1.0013852,1.0014513,1.0006685,1.00172
RABAC1,0.99901456,0.99924636,0.9994008,0.99895173,0.9989879,0.99881876,0.9994739,0.99925494
MC2R,0.9979494,0.99844706,0.9986454,0.9977409,0.9979462,0.99791956,0.9989536,0.9978422
GPX6,0.9967072,0.99750435,0.9980099,0.9966529,0.996889,0.9968914,0.9984898,0.9969293
LAT2,0.9962032,0.9971595,0.9972818,0.9955248,0.99599135,0.99587154,0.9978213,0.9950869
CCDC106,0.99578667,0.9967612,0.997554,0.9959957,0.9962599,0.9965215,0.9983071,0.99631715
P2RY14,1.0022751,1.0017164,1.0016432,1.0025125,1.0021952,1.0024707,1.0013126,1.002648
MGST2,1.0021865,1.0016289,1.0008538,1.0014043,1.0015281,1.0014201,1.0005186,1.0007126
PTMA,0.9913952,0.9934298,0.9945478,0.9910104,0.9915752,0.99163264,0.9957603,0.9912666
MOAP1,0.9981909,0.9986333,0.99913675,0.9985104,0.9984429,0.9984679,0.9993496,0.9984773
TREX2,0.9961748,0.9970971,0.99773914,0.9962187,0.99644995,0.99644184,0.9982873,0.99650776
HIST4H4,0.9967072,0.99750435,0.9980099,0.9966529,0.996889,0.9968914,0.9984898,0.9969293
GPR32,0.9972615,0.99792325,0.9983101,0.9971511,0.9973419,0.9973053,0.99868315,0.9973561
COX6B1,1.0008676,1.0006326,1.000467,1.0007074,1.0006449,1.0007293,1.000321,1.0006269
METTL21C,0.99679786,0.9975661,0.99806535,0.9967462,0.99696934,0.9969684,0.9985279,0.99705774
NDUFB11,1.0009717,1.0007151,1.0004892,1.0007541,1.0007167,1.0006711,1.0003079,1.0006919
SCRT2,0.9995313,0.9995621,0.99978536,0.9995626,0.9995667,0.999835,0.9999213,1.0002536
LY6G5C,1.0017754,1.0012892,1.001489,1.0022367,1.0019236,1.0022078,1.0012106,1.0026369
CREBZF,0.9983039,0.99866724,0.99907655,0.9984288,0.9983364,0.99843454,0.9992603,0.9985274
SP9,0.9966686,0.99746346,0.99802285,0.9966827,0.9968811,0.9968773,0.9984973,0.9970162
ZNF501,1.0041258,1.0030563,1.0027508,1.0043418,1.003814,1.0042784,1.0021658,1.0045848
TIRAP,1.001557,1.0012549,1.0008426,1.0013638,1.0013133,1.0012918,1.00064,1.001165
CLIC2,0.99968207,0.9997849,0.9996736,0.99943995,0.99956256,0.999597,0.9997734,0.99930245
MRPL34,0.99744225,0.9981762,0.9986947,0.99769855,0.99787223,0.9979243,0.9991058,0.9976487
SLC2A4RG,1.0020931,1.0016665,1.0014482,1.0022637,1.0017885,1.0015569,1.0009724,1.0023276
PTGES3,0.99714214,0.9977896,0.9982876,0.9971144,0.9972044,0.99735177,0.9986847,0.9974175
TMEM51,1.0016985,1.0014684,1.0013932,1.0021105,1.0020658,1.0018394,1.0011144,1.0018759
TMBIM4,0.9971417,0.99797267,0.99838126,0.99723434,0.99760747,0.9973222,0.9988266,0.9975648
HIST1H4K,0.9967072,0.99750435,0.9980099,0.9966529,0.996889,0.9968914,0.9984898,0.9969293
RHOXF1,0.9979671,0.9984684,0.9988183,0.9979776,0.99814725,0.9980403,0.99910533,0.9984702
APOLD1,0.9956578,0.99684024,0.99722123,0.99535465,0.9958159,0.9955312,0.99785846,0.99558604
TMEM50A,0.99979335,0.9998704,0.9999672,0.9998441,0.99980736,0.99983,0.99999607,1.0004212
NUDT1,0.9967221,0.9975109,0.99829435,0.99704033,0.9971477,0.9973031,0.99877924,0.99720794
PAQR4,0.9999522,1.0000622,1.0001528,1.0001621,1.000145,1.0001286,1.0001771,0.999642
CD3G,1.0024027,1.0018146,1.0012137,1.0019765,1.0019335,1.0019231,1.0008715,1.0018482
GPR78,0.9979273,0.99842554,0.99880224,0.99795306,0.9980834,0.99812424,0.9991087,0.99804807
GCG,0.9980247,0.99853384,0.9986951,0.99782014,0.99807936,0.9980358,0.99902165,0.9977621
MED19,0.999977,0.9999777,1.0000877,1.0000665,1.000041,0.9999619,1.0000461,1.000232
C16orf95,0.99641365,0.99727535,0.99809253,0.99686265,0.9968463,0.9968205,0.99854535,0.99632144
ADCYAP1,1.0003358,1.0002106,1.000418,1.0005748,1.0005399,1.0006931,1.0003933,1.000456
ZNF736,1.0051882,1.0039423,1.0028623,1.0046331,1.004425,1.0043232,1.0020654,1.004326
OLAH,1.0003875,1.0002588,1.0002701,1.0003949,1.0003061,1.000355,1.0001816,1.0000501
SYCE2,0.9971256,0.99779725,0.9981642,0.99688905,0.9971603,0.99709237,0.99855936,0.99731636
SPINDOC,1.0009798,1.0008407,1.0000796,1.0001479,1.0002923,0.99991393,0.99988294,0.9999557
HIST1H2AG,0.9967072,0.99750435,0.9980099,0.9966529,0.996889,0.9968914,0.9984898,0.9969293
FAIM,1.0005352,1.0003874,1.0005605,1.0008471,1.0006672,1.0010945,1.0006144,1.0012631
CD40LG,0.9960942,0.9970395,0.99768865,0.9961339,0.9963783,0.99636734,0.99825156,0.9964176
TAAR1,0.9967072,0.99750435,0.9980099,0.9966529,0.996889,0.9968914,0.9984898,0.9969293
TEX264,0.99674803,0.9976437,0.99805397,0.99671024,0.9971926,0.99709934,0.99864054,0.99708396
NUDT19,0.9999536,1.0000116,1.0001216,1.0000749,1.0000756,0.99993694,1.0000932,1.0006984
ZFP42,0.99931014,0.9995318,0.9994161,0.99897814,0.99909127,0.9989199,0.9994501,0.9987991
LYG1,1.0004585,1.0004383,1.0003833,1.0005454,1.0005509,1.0006692,1.000376,1.0001428
MRPL11,0.9993205,0.99957037,0.9997166,0.99944085,0.99948144,0.99936736,0.9997959,0.9993398
TBPL1,0.99834365,0.99876606,0.9991797,0.9986062,0.9987124,0.9987225,0.99943686,0.9986092
NCR3LG1,1.0007625,1.0005237,1.000579,1.0009211,1.0007682,1.0011436,1.0005639,1.0007323
SLC39A1,1.0013418,1.0010138,1.0006791,1.0010946,1.0009861,1.0010333,1.0004758,1.0007882
INO80E,1.0009933,1.0008683,1.0006917,1.0011474,1.001219,1.0010216,1.0006164,1.0010805
ADH1B,0.99806356,0.9985194,0.9989079,0.9981016,0.9981861,0.99825287,0.99918485,0.99842036
CTNND1,1.0107481,1.0081486,1.0061029,1.010091,1.0096284,1.0092555,1.0044484,1.0088637
KCNK7,0.9968288,0.9975929,0.9980551,0.9967442,0.9969826,0.99696946,0.9985165,0.99694306
YIPF6,0.9974841,0.9981242,0.9986073,0.99762535,0.997869,0.99778575,0.99899614,0.99801546
PRELID3A,0.9963095,0.99721843,0.99798155,0.99649996,0.996822,0.9969245,0.99862444,0.9979719
TMEM150B,0.99678284,0.9975583,0.9980508,0.99672127,0.99695194,0.9969539,0.9985186,0.99700844
SKP1,0.9958272,0.99677926,0.99727976,0.9955052,0.99579895,0.9958348,0.9978485,0.9956172
RGS19,0.99344575,0.99504715,0.99599314,0.9933538,0.9938947,0.99386907,0.99697506,0.9935746
CEBPB,1.002383,1.0017236,1.0018486,1.0028265,1.0024343,1.0027626,1.0014993,1.0038466
TCTN2,1.0046692,1.0035598,1.0024332,1.0040858,1.0037819,1.0036843,1.0017525,1.0036275
R3HDM4,0.9992418,0.99951863,0.9995054,0.99917215,0.99930406,0.9991406,0.99962115,0.9987505
C8orf37,1.0012646,1.0009218,1.0010653,1.0016075,1.0015111,1.0017672,1.0009383,1.0017456
TMA16,1.0010185,1.0008847,1.0004706,1.0007333,1.000771,1.0005599,1.0003164,1.000555
FAM151B,1.0032349,1.0025675,1.0019339,1.0030974,1.0030407,1.0029244,1.0014818,1.0025512
ZNHIT1,0.9981686,0.9985695,0.9988147,0.99800026,0.9981757,0.99809825,0.9990567,0.9983368
BRINP2,1.0069135,1.0052911,1.0040089,1.0065778,1.0062294,1.0058405,1.0029643,1.007237
CRISP3,0.9970069,0.99772894,0.9981903,0.9969503,0.9971624,0.99716306,0.9986223,0.99718165
NDUFS5,0.9962673,0.9971179,0.99760604,0.99603426,0.99632114,0.99632895,0.99812883,0.99638784
MFAP3,0.9993598,0.999588,0.9993768,0.99894524,0.9990709,0.999022,0.9994732,0.9985393
C16orf87,0.9970093,0.997798,0.9985449,0.99750614,0.99765277,0.99780846,0.9990549,0.99737823
FRAT2,1.008588,1.0064018,1.0051813,1.0085777,1.0079939,1.0079312,1.003882,1.0084425
SLC25A29,1.0010267,1.0007036,1.0008823,1.0014055,1.0009906,1.0012219,1.0006533,1.0010041
PLA2G5,0.9908086,0.99315166,0.9945514,0.9909469,0.9915422,0.9916684,0.995973,0.9910307
ARHGDIG,0.9998914,0.999944,0.9998684,0.9997601,0.9997979,0.9995482,0.99981517,0.9997507
APOBEC3C,1.003099,1.0024247,1.0018071,1.0029417,1.0028547,1.0025762,1.0013081,1.002578
LUZP4,0.99674165,0.99753034,0.9980261,0.99668217,0.99691755,0.996915,0.99849993,0.9969486
NFAM1,1.0036079,1.0027264,1.0018471,1.0030603,1.0029616,1.0029433,1.0013084,1.0020947
SOCS3,1.002234,1.0017658,1.0013506,1.0021424,1.0020745,1.0019957,1.0010237,1.0016663
TMEM186,1.0008533,1.0006429,1.0008211,1.0012572,1.0010743,1.0011866,1.0006887,1.0008562
KCNMB1,1.0006921,1.000586,1.0004427,1.0005618,1.0006009,1.000504,1.0003481,1.0013306
YPEL5,0.9955764,0.996652,0.9973422,0.99557376,0.99587154,0.9959402,0.9979818,0.99540496
REG4,0.99931,0.9994766,0.99970496,0.99941427,0.99940383,0.99949324,0.9997959,0.9993894
NAA20,1.0007365,1.0006185,1.0004175,1.0006379,1.0006609,1.00058,1.0003124,1.0002867
P2RY13,0.9942838,0.9957082,0.996345,0.99394655,0.99449956,0.9944072,0.99718666,0.9936846
ACRV1,0.9988053,0.99912107,0.9992323,0.9986458,0.99876654,0.99866974,0.99937135,0.99879694
ACADM,0.9961188,0.99698985,0.99781907,0.99633193,0.99626875,0.9964725,0.99831736,0.9966179
GKN2,0.9967681,0.9975283,0.99809355,0.996766,0.996997,0.997053,0.9985708,0.9971397
VSIR,0.9946994,0.99600077,0.99649864,0.9941991,0.9946638,0.9946256,0.9972499,0.99423325
SH2D6,0.99702394,0.9977553,0.998327,0.9971336,0.99731636,0.9973433,0.99875855,0.99758184
ZNF492,1.007409,1.0055971,1.0043027,1.0070221,1.0065752,1.006469,1.0031565,1.0065715
OCEL1,0.9997246,0.9998046,1.0000526,0.9999602,1.0000191,1.0001116,1.0001242,0.99964017
CCDC12,0.9997407,0.99985373,0.999941,0.9997915,0.99982035,0.9999475,1.0000061,0.99975
MOSMO,1.0045551,1.0034523,1.0027859,1.0045455,1.0041914,1.0042641,1.0020962,1.0039055
EGR3,1.0005829,1.000418,1.0006157,1.0008805,1.0008159,1.0010438,1.000562,1.0006099
CD200R1,0.9974043,0.9979992,0.9985529,0.9975335,0.99768466,0.99782467,0.99894834,0.9977011
TMEM11,1.0009378,1.0007596,1.0009745,1.0014051,1.0011393,1.0014426,1.0008501,1.0014348
ALDH9A1,0.9960433,0.9970591,0.99772465,0.99616086,0.9964491,0.996477,0.9983635,0.99665785
TMEM176B,0.9947119,0.9961767,0.99700916,0.994853,0.99510586,0.99505913,0.99771225,0.9949465
LSM12,1.0038197,1.002949,1.0025401,1.0040436,1.0036458,1.0037792,1.0019658,1.003986
NCF1,0.9966656,0.9974852,0.9979807,0.996588,0.9968591,0.9968797,0.9984727,0.99671984
CD86,0.99927807,0.9994295,0.99924266,0.99875915,0.99899083,0.9989584,0.99935263,0.9981206
PSMF1,0.99926007,0.99944067,0.99965966,0.9993433,0.99930876,0.99929506,0.9997367,0.99973214
HSF2BP,0.998618,0.99900407,0.99936146,0.99880564,0.99897474,0.99906135,0.99965113,0.99946326
SLC4A1,1.0096487,1.0073057,1.0056973,1.0092992,1.0086826,1.0087228,1.004216,1.0081706
FOXD1,1.0053526,1.0041293,1.0030305,1.0049351,1.0049152,1.004799,1.0023155,1.0040958
IL2RA,0.99801576,0.99848485,0.9987963,0.99797404,0.9981046,0.9981007,0.9990752,0.9980898
TGOLN2,0.9979111,0.9984376,0.9985825,0.99763775,0.99783075,0.997762,0.998891,0.99792325
USP27X,1.0058607,1.004453,1.0035841,1.0057199,1.0053624,1.005527,1.0027125,1.0049899
ACAP3,0.99490917,0.99609387,0.99657744,0.9945071,0.99495196,0.99488866,0.99735916,0.9943474
LXN,0.99749124,0.99809,0.99829566,0.997118,0.99724805,0.99717367,0.9986019,0.99752975
COMMD7,1.0010991,1.0008597,1.0009258,1.0014464,1.001232,1.001256,1.0007215,1.0009716
CFL2,1.0001823,1.000232,1.0002002,1.000205,1.0001893,1.000154,1.0001687,1.0002711
PRAMEF17,0.99669164,0.99748874,0.9979889,0.996627,0.99686813,0.9968714,0.9984733,0.9968631
CMBL,0.99760604,0.99826944,0.9988039,0.99793494,0.9980484,0.99792856,0.9991541,0.9983655
GTSF1,0.99673057,0.99755055,0.99814206,0.9968284,0.99701446,0.9968925,0.99854785,0.99724096
TMEM74,1.001259,1.0009965,1.0007896,1.0012081,1.0011758,1.0008628,1.0005174,1.0012965
CD300C,0.9965121,0.99732757,0.9977322,0.99627805,0.9966136,0.9966053,0.9982629,0.9961378
NAA11,0.99662566,0.99744105,0.9979594,0.99657196,0.99682105,0.9968324,0.99845827,0.99687254
CD14,0.999262,0.9995301,0.9991774,0.9985871,0.999002,0.9987489,0.9992919,0.9985216
FNDC5,0.9996085,0.99957734,0.99991536,0.9996892,0.99943924,0.9996011,0.99980277,0.9991253
NUPL2,0.9967072,0.99750435,0.9980099,0.9966529,0.996889,0.9968914,0.9984898,0.9969293
TAF12,1.0031283,1.0024233,1.0018764,1.0030174,1.0029815,1.0030769,1.0014961,1.0025448
UTP23,1.0018808,1.0014634,1.0011072,1.0017338,1.0017464,1.0017403,1.0008495,1.0015408
CALHM4,0.9966594,0.9974672,0.9979802,0.99660647,0.9968447,0.9968443,0.99846673,0.9968895
IZUMO4,1.0008231,1.000607,1.0003347,1.0004468,1.0003659,1.000641,1.0002605,1.0003133
RBM3,0.9970307,0.9977561,0.99810606,0.99684,0.9971454,0.9969621,0.99851096,0.99725854
CYB5B,0.9961159,0.9971391,0.9976542,0.9960301,0.99640894,0.996457,0.99829644,0.99616194
HORMAD2,0.9973707,0.99799144,0.9984728,0.9974215,0.9975599,0.9975773,0.9988413,0.9976581
RTP5,0.99703383,0.997743,0.9982012,0.99697167,0.9971797,0.9972155,0.9986366,0.9971609
IFI27L1,1.0008314,1.0007138,1.0005372,1.000807,1.0007598,1.0004932,1.0003989,1.0014404
HINT1,0.9971762,0.99782574,0.9982127,0.9970093,0.9971783,0.9972495,0.9985896,0.99699694
PACRGL,0.99818015,0.99862,0.9992942,0.9986532,0.99865013,0.99873745,0.9995663,0.9995307
CASTOR1,0.9915112,0.99364406,0.9951527,0.9918697,0.99243265,0.9926881,0.9965093,0.9920608
CD300LG,0.9989894,0.9992696,0.9993104,0.9988011,0.99895704,0.9989123,0.99947333,0.99905336
CCDC68,0.998459,0.9988512,0.998917,0.9981692,0.9983314,0.9982662,0.99912167,0.9980737
TBC1D26,0.99882853,0.99909645,0.9994973,0.99904454,0.99910104,0.9993106,0.9997195,0.99910194
RAB31,0.99907625,0.99937403,0.99952286,0.99908364,0.9990618,0.9990332,0.99965644,0.9996369
PFN4,0.99586576,0.9968143,0.997711,0.9961341,0.9962833,0.9964271,0.99829304,0.99642456
PRELID2,1.0013459,1.0010898,1.0007423,1.0011802,1.0010828,1.000577,1.0003968,1.0011725
TTLL3,1.0031468,1.0023516,1.0017674,1.0028902,1.0027874,1.0025573,1.0012362,1.0022484
TMEM97,0.99949706,0.99958,0.99955964,0.9992967,0.99934244,0.9992089,0.9995825,0.9993022
PGAM4,0.99796224,0.9984962,0.99863183,0.9978509,0.99823284,0.9979585,0.9989879,0.9978926
SH2D1A,0.99742854,0.9980313,0.99840057,0.99731314,0.99750316,0.9974668,0.9987592,0.997558
LRG1,0.998008,0.99843013,0.99885106,0.99806356,0.9981235,0.99810827,0.99910104,0.9982841
YPEL4,1.0067424,1.0051415,1.0038497,1.0062671,1.0060873,1.0062675,1.0029337,1.0050259
CENPH,0.99678355,0.9976059,0.9980715,0.9967425,0.99697435,0.9967226,0.9985308,0.99784064
FEV,1.004876,1.0037845,1.0029747,1.0047159,1.004534,1.0043768,1.0022238,1.0043329
SLAMF7,0.99748856,0.99814886,0.9984138,0.99734044,0.9976289,0.99761546,0.99884874,0.9976938
NMB,0.9973568,0.9979577,0.9986108,0.99761593,0.9976839,0.99794036,0.99905264,0.9980509
CTRB2,0.9971126,0.9978076,0.99825656,0.9970564,0.99725163,0.9972627,0.99866927,0.9972646
COMMD8,1.0008426,1.0007027,1.0005789,1.0009348,1.0009646,1.0008125,1.0004671,1.0006989
COA6,0.9992282,0.9994267,0.9997784,0.9994793,0.9994153,0.99943984,0.99987316,0.9999628
DNAJC12,1.0066555,1.0051069,1.0042732,1.00682,1.0064743,1.0063872,1.0032548,1.0070136
CYSLTR1,0.9999797,0.99997175,0.9998969,0.9997548,0.9999026,0.9999311,0.99990284,0.9995277
CSH2,0.9966328,0.99745417,0.997993,0.9966062,0.996863,0.99680924,0.99847364,0.9970997
AP1S2,0.99658424,0.99736285,0.997763,0.9962821,0.99659824,0.9967371,0.9983212,0.99679923
KIFC1,1.0011523,1.0009551,1.0004683,1.000741,1.0005997,1.0003228,1.0001839,0.9999634
BRI3BP,0.99948585,0.9996357,0.9997599,0.99955094,0.99951816,0.99943864,0.99979365,0.99908805
HOPX,0.99810064,0.9985714,0.99876404,0.99797726,0.9980767,0.9978795,0.99895096,0.9973842
HAUS1,0.9985224,0.99880344,0.99940294,0.99886477,0.99874175,0.99907357,0.9996358,0.99957657
SLC5A2,0.99760634,0.9981875,0.9985733,0.9975928,0.99770725,0.99767077,0.99888337,0.9976562
MED29,1.0002637,1.0002235,1.0004164,1.0006256,1.000482,1.0004771,1.0003575,1.0004482
YTHDC1,0.9995305,0.9996419,0.9998447,0.9996028,0.9995177,0.99957234,0.9998702,1.0001966
LRRC29,1.001641,1.0012861,1.0010962,1.0016806,1.0015903,1.001615,1.0008489,1.0012403
KIR2DL1,0.99703157,0.9977474,0.99820083,0.99697053,0.99718213,0.9971779,0.9986284,0.9971942
CARD19,0.9997203,0.999748,1.0002155,1.0002102,0.9999256,1.0002327,1.0002685,1.0007554
CIAO2A,0.99941254,0.9995835,0.9997517,0.9994968,0.99952734,0.9993398,0.999779,0.9996655
LRAT,1.0038618,1.0028795,1.0023968,1.0038508,1.0035797,1.0038029,1.0018694,1.0037807
EXO5,1.0018576,1.001354,1.0013546,1.0020804,1.0017781,1.0019714,1.0010543,1.0023597
C4orf33,1.0029202,1.0023291,1.0017289,1.0028442,1.0029501,1.0027952,1.0014089,1.0024936
SCML1,1.0013779,1.0010232,1.0009608,1.0014597,1.0011884,1.00087,1.0005827,1.0018743
DNAJC22,1.0005214,1.0004774,1.0004802,1.000713,1.000738,1.0006404,1.0004169,1.0007242
GDI1,0.99636054,0.9972851,0.99785197,0.9963769,0.9966501,0.99658215,0.9983562,0.99641
HNRNPCL1,0.9967072,0.99750435,0.9980099,0.9966529,0.996889,0.9968914,0.9984898,0.9969293
TPD52L2,0.99999297,1.0000615,1.0000834,1.0000446,1.0001501,1.0001707,1.0001494,1.0002478
C1orf174,0.99884474,0.9991939,0.99976075,0.9994596,0.9992552,0.9991814,0.99980915,0.9988754
CDKN2B,0.99813575,0.9985832,0.9987991,0.9979969,0.9981068,0.9980736,0.9990388,0.9978374
CIPC,1.0006467,1.0004084,1.0007734,1.0011406,1.0008378,1.001074,1.0006468,1.0014887
CALML4,0.9951966,0.9963197,0.9973718,0.99563205,0.99568045,0.99584866,0.99806273,0.99598664
C1QTNF12,0.9970389,0.997755,0.9982158,0.99698216,0.99719334,0.9972122,0.9986493,0.99729383
MXRA7,1.0021942,1.0016732,1.0010886,1.001823,1.001877,1.0016549,1.0007792,1.001787
ZNF75A,1.0024041,1.0017407,1.001591,1.0025667,1.0022218,1.0025816,1.0012589,1.0022123
RGS18,1.0003386,1.0002861,0.99993587,0.9998691,0.9999715,0.99981195,0.9998373,0.9995885
LYZ,1.0011275,1.000845,1.0010011,1.0015261,1.0012765,1.0012374,1.0007675,1.0019937
KLB,1.0039587,1.0029057,1.0027366,1.0043799,1.003782,1.0041158,1.0021274,1.0047269
LUM,1.0060961,1.0049053,1.0036384,1.005718,1.0057921,1.0058764,1.002927,1.0051068
COMMD9,0.9989816,0.9992237,0.99964976,0.99933356,0.99936163,0.9993347,0.99978983,0.99933827
HIST1H3F,0.9967072,0.99750435,0.9980099,0.9966529,0.996889,0.9968914,0.9984898,0.9969293
CSKMT,0.9948413,0.9962393,0.99692225,0.9948451,0.9954194,0.9952724,0.99779445,0.99543154
PRAMEF2,0.99660325,0.9974249,0.99795717,0.99656415,0.99680483,0.9968184,0.9984561,0.996881
CCDC28A,1.0034673,1.0026218,1.0017264,1.0029399,1.0030392,1.0024931,1.0011679,1.0025922
UBE2C,0.9955009,0.99665153,0.9974725,0.99567336,0.99585664,0.9959669,0.9981564,0.9962218
OTUB2,1.0041976,1.003271,1.0024643,1.0040207,1.0038927,1.0038908,1.0019199,1.0033131
BUD31,0.99858284,0.9989339,0.99927616,0.99868095,0.9986961,0.99869615,0.99940085,0.998258
LAMP2,1.0012996,1.0010598,1.0005599,1.0008537,1.001001,1.0009344,1.0004138,1.0007938
TSC22D3,0.9981177,0.99861217,0.9988154,0.9980593,0.99835324,0.9981496,0.9990838,0.99772286
FAM3A,1.0028789,1.0022224,1.0020416,1.003174,1.0029489,1.0030271,1.0016599,1.0039388
WDYHV1,1.0003977,1.0002759,1.000541,1.0006975,1.0005414,1.0006562,1.0004264,1.000605
CDO1,0.9986198,0.998947,0.9987249,0.997947,0.99836344,0.9982341,0.99902034,0.9988606
SPDYE3,1.0032561,1.0025166,1.0018871,1.0030043,1.0029233,1.0029675,1.0014658,1.0028709
LRRN4CL,1.0013912,1.0011127,1.0007684,1.0012164,1.00111,1.000952,1.000528,1.001292
CCDC58,0.99922734,0.9993988,0.9994467,0.99913883,0.9991187,0.9987837,0.99947274,0.99917996
MEDAG,0.99757564,0.9981726,0.9985068,0.99748135,0.9976715,0.99766237,0.9988661,0.9977095
VSIG4,0.9949709,0.9961909,0.9967834,0.99471605,0.9951158,0.9950489,0.9974829,0.99421597
HIST1H3C,0.9967072,0.99750435,0.9980099,0.9966529,0.996889,0.9968914,0.9984898,0.9969293
RANBP10,1.0017923,1.0013341,1.0010539,1.0017036,1.0015743,1.0014541,1.0007424,1.001616
ODAM,0.99674165,0.99753034,0.9980261,0.99668217,0.99691755,0.996915,0.99849993,0.9969486
YEATS4,0.9991169,0.9994151,0.99949634,0.9990418,0.99923086,0.999089,0.99961996,0.9990532
TMEM240,0.99790967,0.9984404,0.9985942,0.9978031,0.9979697,0.99784017,0.99889433,0.9968336
UBE2N,0.9982401,0.99865437,0.9989524,0.99820256,0.99827266,0.99826604,0.9991678,0.99825203
ZNF787,1.0029241,1.0022061,1.0020543,1.003227,1.0029763,1.0030175,1.0016503,1.0041533
CCDC70,0.9967072,0.99750435,0.9980099,0.9966529,0.996889,0.9968914,0.9984898,0.9969293
TMEM106A,0.9957136,0.99670625,0.99743146,0.9956441,0.99598914,0.99606776,0.9980651,0.9961194
ID3,0.99495393,0.99620855,0.9968078,0.9948002,0.9951242,0.995229,0.99764735,0.99517006
ZNRF2,1.0014338,1.0012267,1.0007758,1.0012039,1.001264,1.0010372,1.0005524,1.0003313
CGRRF1,1.0046221,1.0035757,1.0025153,1.0040352,1.0038524,1.0038733,1.001873,1.0040036
PSMB11,0.99784,0.99844545,0.998666,0.9977132,0.9979148,0.99784696,0.9989854,0.9976346
DCUN1D2,1.0012312,1.0009478,1.0009643,1.0015148,1.0014141,1.0015829,1.0008603,1.0015519
RPP25L,0.9972763,0.9979241,0.9986458,0.9976321,0.99783015,0.9978218,0.999092,0.99878955
GTPBP8,1.0021079,1.0016961,1.0010121,1.00172,1.001916,1.0014579,1.0007445,1.0019704
DAZAP2,1.0006446,1.0005133,1.0002834,1.0004027,1.0004412,1.0003556,1.0001898,1.0006146
ZNF740,0.99995196,0.9998778,1.0001411,1.0001065,0.99981046,1.0001746,1.0001247,1.0005156
C4BPB,0.9967072,0.99750435,0.9980099,0.9966529,0.996889,0.9968914,0.9984898,0.9969293
MCUB,1.0007052,1.0004569,1.0002418,1.0004487,1.0005118,1.0002255,1.0000921,1.0008392
FOPNL,1.0000042,0.9999949,0.9999265,0.99983656,0.99979854,0.99989545,0.99993694,1.0000259
TMEM229B,1.0017507,1.0013641,1.0012431,1.002008,1.0017959,1.001797,1.000987,1.0016333
PRRG4,0.9966656,0.99742055,0.99770653,0.99631953,0.9965135,0.99645483,0.9981793,0.99616706
RHD,0.99948585,0.99960387,0.99974144,0.9995094,0.99949706,0.99970675,0.9998399,0.9989349
MC5R,0.9963552,0.997228,0.99795413,0.9965451,0.9967174,0.99675405,0.9984706,0.99676263
PEBP4,0.9976542,0.9982065,0.9984617,0.9974395,0.99765056,0.9976103,0.9987966,0.9976375
CD247,0.9962114,0.99718565,0.99771315,0.99617296,0.996457,0.99633026,0.9982451,0.99644613
MMGT1,1.0005798,1.0004555,1.0004772,1.0007155,1.0007087,1.0008346,1.0004696,1.0008298
LRRC52,0.9969269,0.9976809,0.99805045,0.99674374,0.99702084,0.9969845,0.9985031,0.9968304
TEX101,0.9956295,0.99663866,0.99743617,0.99573576,0.9959929,0.99603,0.9981169,0.9967939
MRPL58,1.0000758,1.0000819,1.0000465,1.0000117,1.0000618,0.99997663,1.00004,1.0000536
TAAR6,0.9967072,0.99750435,0.9980099,0.9966529,0.996889,0.9968914,0.9984898,0.9969293
ATL3,1.0040014,1.0030997,1.0025017,1.0040238,1.0037453,1.0039203,1.0019662,1.0035222
OAZ2,0.9986681,0.9990603,0.99922705,0.99864334,0.99882853,0.9987366,0.9994481,0.9990213
RAD51AP1,0.99647987,0.99725705,0.9976089,0.99613696,0.9961785,0.99600744,0.9980035,0.9961066
MOSPD1,1.0031316,1.0024493,1.0019647,1.003123,1.0029929,1.0031586,1.001591,1.0027267
CLEC4G,0.99732804,0.99795026,0.99836266,0.99724936,0.9974282,0.9974088,0.99873495,0.997529
TNFRSF6B,1.0034428,1.0027033,1.0022507,1.0035537,1.0034065,1.0035262,1.0017834,1.0029
PRAMEF1,0.99950945,0.99963844,0.9998475,0.99963224,0.99964,0.9997831,0.9999323,0.9995538
ZNF626,0.99863195,0.99899435,0.99872935,0.9979464,0.9983597,0.99798644,0.99895585,0.9984844
TAF1D,1.0009407,1.0007538,1.0003631,1.000635,1.0006492,1.0003146,1.0001581,1.0004323
TAAR5,0.9971064,0.9978014,0.99824536,0.9970442,0.99724543,0.99723196,0.9986558,0.99726045
CTNNA2,1.0002006,1.0001421,1.0005606,1.0008107,1.0006571,1.000779,1.0005115,1.0004491
OSTC,0.99849665,0.9989298,0.9991703,0.9986185,0.9987446,0.99861467,0.9993959,0.99863183
EMC8,0.9946746,0.99605656,0.9972247,0.9953002,0.9954104,0.99549747,0.99799645,0.9951466
LYVE1,0.9942111,0.9955907,0.9964709,0.9940599,0.99463075,0.9948174,0.99740005,0.99447334
GRPEL1,0.99989414,0.99991417,0.9996761,0.9994366,0.9997531,0.9995961,0.99972564,0.99951935
TMEM98,0.99648917,0.99737453,0.99832696,0.99713105,0.9971967,0.9973768,0.99890125,0.9977466
NKAIN3,0.9958817,0.99699354,0.9976938,0.9960544,0.99645776,0.99624026,0.9983306,0.99671113
ZNRF1,0.9962733,0.99721193,0.99767244,0.9960774,0.99641377,0.9964781,0.9982321,0.99603814
TEX33,0.9967486,0.99753284,0.9980187,0.9966763,0.9969168,0.99691707,0.9984941,0.99689794
TMEM74B,0.99343354,0.9950661,0.9956225,0.9929086,0.9933996,0.9932254,0.99660647,0.99310124
ZNF486,1.0035233,1.0027245,1.0024269,1.0038557,1.0036379,1.0037038,1.00193,1.0035598
PPP3R1,1.0078565,1.0058066,1.0047964,1.0078208,1.0070257,1.0073221,1.003532,1.0072281
LURAP1,0.9967681,0.99752367,0.9982656,0.9971061,0.99720526,0.99720824,0.9987161,0.99727315
RPL34,0.9984192,0.9987687,0.99898577,0.99828357,0.9983024,0.99835694,0.99915427,0.99805117
NDUFB4,1.0009977,1.000746,1.0004443,1.0006683,1.0006948,1.0007943,1.0003043,1.0004702
MAGOHB,1.0037163,1.0029356,1.002137,1.0034646,1.0033094,1.0031444,1.0016042,1.0033488
TREML2,0.9996244,0.99968904,0.9997384,0.99949026,0.99951524,0.9995619,0.9997754,0.99959326
NRN1L,0.99686885,0.9976586,0.99824893,0.99699056,0.997118,0.9971864,0.99869365,0.99732274
ICAM2,0.99664575,0.9974618,0.9976685,0.99616796,0.996392,0.9963268,0.9981044,0.9958416
TMED5,0.9997463,0.99980855,1.0001857,1.0002489,1.0000609,1.0003556,1.0003092,1.000659
PCED1B,1.000377,1.0002953,0.9999468,0.99989593,0.9999956,0.99990904,0.9998586,0.9995326
GCLM,1.0049896,1.0037558,1.0028458,1.0047216,1.00426,1.0042427,1.0020466,1.0037951
FCGR1A,0.99377525,0.9952492,0.99604106,0.99346656,0.99395645,0.9939014,0.99692404,0.9936474
SHISA2,0.98914385,0.9918269,0.99377817,0.98960054,0.99042475,0.9902493,0.9953791,0.98996556
DAND5,0.99720186,0.997911,0.99830985,0.997197,0.9973432,0.99716794,0.99866724,0.9971957
HIST1H2AL,0.9967072,0.99750435,0.9980099,0.9966529,0.996889,0.9968914,0.9984898,0.9969293
ADH1A,0.99674857,0.9975354,0.9980202,0.99667436,0.9969177,0.9969077,0.9984944,0.9969412
TMEM196,1.0062815,1.0048289,1.004273,1.0067928,1.006351,1.0066112,1.0033687,1.0057908
SSMEM1,0.99771065,0.9982772,0.99853384,0.9975419,0.99777377,0.9977501,0.9988766,0.9975137
LAMP3,0.9978254,0.9983437,0.9985325,0.9975647,0.99777246,0.9976431,0.99881154,0.9973942
PSMC3IP,1.0038263,1.0028167,1.0024532,1.0038452,1.0035201,1.0039121,1.0019373,1.0042465
RHBDL2,0.99763954,0.99819833,0.9990876,0.99824655,0.9981458,0.99846977,0.9994416,0.99929917
MANSC1,0.9973749,0.998189,0.998821,0.99791884,0.9980078,0.99772096,0.9991807,0.9987664
APOBEC3H,0.99678284,0.9975583,0.9980508,0.99672127,0.99695194,0.9969539,0.9985186,0.99700844
TMEM121B,1.006009,1.0046589,1.0037115,1.0060598,1.0057739,1.005551,1.002802,1.0054641
MTX2,1.0014827,1.0011172,1.0009123,1.001393,1.001353,1.0011785,1.0006278,1.0017747
R3HDML,0.9967072,0.99750435,0.9980099,0.9966529,0.996889,0.9968914,0.9984898,0.9969293
HNRNPF,0.99423134,0.99564695,0.9962716,0.99386406,0.99428177,0.9942452,0.9970956,0.99397147
FGF7,0.9965471,0.99741083,0.9979861,0.9965962,0.9968267,0.99677056,0.998484,0.9970839
UBE2A,0.9968841,0.9977549,0.99822575,0.99697083,0.99728405,0.99720305,0.9987185,0.9969648
RPL27A,0.9989283,0.99917793,0.99921083,0.99866784,0.998683,0.9988117,0.9993397,0.99837124
PARD6B,0.999475,0.99960274,0.9996934,0.99936414,0.99929124,0.9993848,0.99973047,0.99959266
GABARAPL2,0.9970039,0.99769235,0.9982431,0.9969901,0.99715644,0.9972217,0.9986503,0.99755824
IBTK,1.0001503,1.0002179,0.99992573,0.9997628,0.9999462,0.99984914,0.99992365,0.9999866
MTHFD1L,0.9980798,0.9986559,0.99913204,0.99849564,0.9985508,0.9986203,0.9994519,0.9978745
USP18,0.99986446,0.9998651,1.0001631,1.0001414,1.0000247,1.0001367,1.0001534,1.0000998
FAM107A,0.99359757,0.99522233,0.99593437,0.9934157,0.9939176,0.9933864,0.9968126,0.99364203
ZNF784,1.0051723,1.0040128,1.0030173,1.0049527,1.0047456,1.0043852,1.002244,1.0048779
CIB4,0.9969312,0.99767315,0.998172,0.9969129,0.997123,0.9971343,0.99861586,0.99713326
VSTM4,1.0031736,1.0023456,1.0020696,1.0032548,1.0028921,1.0029783,1.001553,1.0039585
LYRM1,1.0021653,1.0015994,1.00144,1.0022328,1.0021179,1.0024464,1.0012128,1.0023843
TM4SF5,0.9967253,0.99750924,0.99799633,0.99664456,0.99689245,0.9969028,0.9984808,0.99687207
FCGR3A,0.99244535,0.99433553,0.9953133,0.9922991,0.9928636,0.9927434,0.9964143,0.99217784
NOP10,0.99819636,0.99862933,0.99884224,0.99801666,0.99814934,0.9981812,0.9990762,0.9979886
EMD,1.0022743,1.0016948,1.0013564,1.0021229,1.0020288,1.002022,1.0009971,1.0021174
CENPBD1,1.0038304,1.0028716,1.0024947,1.0039341,1.0035287,1.0037265,1.0019004,1.0039144
PRB3,0.9967072,0.99750435,0.9980099,0.9966529,0.996889,0.9968914,0.9984898,0.9969293
SHISAL1,0.99903214,0.999303,0.99989486,0.99971664,0.9997241,0.9996392,1.0000293,0.9994391
TSC22D4,0.9939418,0.9954245,0.996761,0.9946324,0.9947032,0.99475896,0.99762595,0.99505746
CEACAM6,1.0005584,1.0004635,1.0003287,1.0005064,1.0005918,1.0004652,1.0002521,1.0003963
MYADM,0.99921376,0.99948955,0.9992826,0.99866784,0.9990857,0.998858,0.9994323,0.99937296
UBL3,0.9959533,0.99691164,0.9976349,0.99599004,0.996042,0.9964624,0.9982778,0.99635965
NGB,0.99819404,0.99861825,0.99917614,0.99863327,0.99859524,0.9988021,0.99949145,0.9983138
ZNF506,1.0017233,1.0013646,1.001152,1.0018008,1.0017655,1.0019106,1.0009707,1.0014982
INCA1,1.0037389,1.002825,1.0022464,1.0035919,1.0034773,1.0035666,1.0017276,1.003396
ORAI3,1.0023828,1.0017419,1.001921,1.0030017,1.0025262,1.0030026,1.0015991,1.0030453
PPCDC,1.0006275,1.0004916,1.0003072,1.0005015,1.0004596,1.0003242,1.0001495,0.9996427
TRIM48,0.99672794,0.9975188,0.99799466,0.9966458,0.99689865,0.99688536,0.9984758,0.9968617
TRIM71,1.0047855,1.0036187,1.0025911,1.0042272,1.0040815,1.00404,1.0018418,1.0033623
FAM122B,1.0010138,1.0008767,1.0004463,1.0007375,1.0010549,1.0007089,1.0003555,1.0001795
KLRC1,0.99953413,0.9996486,0.99982595,0.99955463,0.99953806,0.99946547,0.9998323,1.0002398
RTP4,0.997364,0.9979876,0.99836516,0.9972614,0.997455,0.9974576,0.9987441,0.9973439
ZNF138,1.0024623,1.0019404,1.0016445,1.0026333,1.0025904,1.0023535,1.00126,1.0020757
MMRN1,0.99181294,0.9939628,0.9945124,0.9909978,0.9919491,0.9915842,0.9958502,0.99242944
CREG2,1.0076499,1.0059544,1.0047665,1.0076795,1.0073495,1.007308,1.0036203,1.006022
CIB3,0.99674165,0.99753034,0.9980261,0.99668217,0.99691755,0.996915,0.99849993,0.9969486
SEC11C,0.99824286,0.99863374,0.9990393,0.9982778,0.99832016,0.99837303,0.9992425,0.9986178
STX19,0.9967984,0.99755657,0.99806094,0.99674535,0.9969636,0.99696773,0.9985237,0.99709284
BTG1,0.98794365,0.9908273,0.9922529,0.9873473,0.98819596,0.98811984,0.99400854,0.9879894
GPX3,0.9948206,0.9961692,0.99664056,0.9945159,0.9951849,0.9951056,0.9975616,0.99468064
LGALS12,0.99662846,0.9974439,0.99796766,0.99658406,0.99682474,0.9968332,0.9984621,0.9968923
C6orf163,0.99955034,0.99967724,1.0000452,0.999918,0.99990225,0.9999348,1.000076,0.99957
CCNI,0.9917687,0.993763,0.994714,0.99129176,0.99203324,0.991944,0.99591994,0.9916833
C16orf46,1.000314,1.0002418,1.000529,1.0007552,1.0004992,1.0006443,1.000509,1.0013919
LYPLA1,0.9998622,1.0000006,1.0000395,0.99991304,1.0000417,0.99990714,1.0000575,1.0000151
GINM1,1.0045872,1.0036051,1.003303,1.0052296,1.0046512,1.0045784,1.0025134,1.0048606
PTGDR2,1.0031042,1.0023994,1.001882,1.003016,1.0029116,1.002829,1.0014225,1.0026784
KRTAP10-4,0.9968835,0.99763864,0.9981189,0.9968281,0.9970498,0.9970577,0.99857444,0.99713445
TYRP1,0.9970693,0.99777627,0.9982385,0.99702406,0.99722123,0.9972087,0.9986526,0.99729383
RHOT2,0.9941206,0.9955866,0.9966529,0.9944221,0.9946121,0.99452996,0.99746555,0.994804
PSMB7,0.9966163,0.99745667,0.99777323,0.99630374,0.99671423,0.9966464,0.9982996,0.9964577
RBM7,0.99811256,0.99854696,0.99895126,0.9982365,0.99830854,0.99850684,0.9992659,0.9979897
ATF5,1.0055977,1.0042913,1.0031481,1.0051562,1.0048972,1.0048387,1.0023211,1.0042514
FAM222A,1.0031844,1.0024828,1.0016693,1.0026753,1.0028579,1.0025216,1.0012401,1.002929
NTPCR,0.9975275,0.9982537,0.9987023,0.99771225,0.9980423,0.9981296,0.9991858,0.99774504
VMO1,0.99749374,0.9981024,0.99841195,0.99736476,0.9975418,0.9975005,0.9987601,0.99717337
ZNF146,1.0019742,1.0014589,1.0014495,1.0022235,1.0017347,1.0020831,1.0010926,1.0021293
RTN4R,1.0008988,1.0007104,1.0003245,1.0006001,1.0006375,1.0002933,1.000191,1.0009196
METTL27,0.99952376,0.99965394,0.9996762,0.9993732,0.99947524,0.99940336,0.9997262,0.99947214
SRP19,0.9998743,0.99994123,0.99990237,0.9997925,0.9999649,0.9998432,0.9999219,0.9995427
SRA1,0.9997219,0.9998554,0.99992514,0.99979454,0.99981976,0.999737,0.99996746,0.99977213
CDIP1,0.9959091,0.9968693,0.9980799,0.99670124,0.99667454,0.99705017,0.9987526,0.997802
SLC39A3,0.9977764,0.99836105,0.9990222,0.99837315,0.99833727,0.9981451,0.99928045,0.9982673
RABIF,1.0000407,1.0001228,1.0001307,1.0001365,1.0001279,1.000276,1.0001705,0.9993189
ARMC10,1.0016198,1.0014338,1.0007212,1.0011244,1.0012436,1.0010893,1.0005248,1.0002751
SMURF1,1.0021068,1.0015775,1.0011444,1.0018756,1.0018578,1.0019541,1.000889,1.0016489
PGA5,0.99657965,0.9974024,0.997947,0.9965495,0.99678206,0.9967861,0.9984434,0.9968815
RP13-996F3.4,0.9967072,0.99750435,0.9980099,0.9966529,0.996889,0.9968914,0.9984898,0.9969293
YIPF4,1.0011662,1.0009347,1.0010207,1.0015087,1.0014064,1.0014055,1.0008187,1.0010146
CD28,0.99703526,0.9976706,0.99849105,0.9973376,0.9974108,0.9976267,0.998912,0.99803466
FAM187B,0.99674165,0.99753034,0.9980261,0.99668217,0.99691755,0.996915,0.99849993,0.9969486
RPL31,0.99955213,0.9996141,0.999587,0.99928546,0.99929017,0.9993808,0.9996091,0.99905336
MED20,1.0003781,1.0003927,1.000366,1.0005844,1.0006998,1.0004122,1.0003359,1.0006061
TMEM185B,0.99807584,0.9984169,0.9989617,0.9981998,0.99815726,0.99824595,0.9991951,0.9990238
LRRC38,0.9989356,0.9991884,0.9993292,0.9988446,0.9989836,0.99891317,0.99948144,0.9990499
ATP6V0C,0.9992381,0.9994736,0.9997887,0.9994534,0.9993247,0.99944264,0.9998332,0.99944735
SELENOF,1.0009518,1.0007775,1.0005236,1.0007333,1.0007399,1.0007269,1.000371,1.0007136
LAMP5,0.9915973,0.99373055,0.99479866,0.99155504,0.99241716,0.9921768,0.9961754,0.9914019
CCND1,1.000803,1.0006279,1.0002167,1.0004486,1.0004265,1.0003752,1.0001031,0.9997052
CLDN20,1.0004282,1.0003426,1.0003306,1.0004127,1.000372,1.0003805,1.000241,1.0003616
EPO,0.99627817,0.99716073,0.99786276,0.9963639,0.9965836,0.9966773,0.9984089,0.9967923
QPRT,1.0005224,1.000231,1.0000923,1.0001683,1.0001829,1.0000927,0.99995977,1.0007777
GULP1,0.9978403,0.9984883,0.99848795,0.9976718,0.9979359,0.99737036,0.9987519,0.99692786
LRRC7,1.0012771,1.0010456,1.000604,1.0009284,1.0009125,1.0009114,1.000454,1.0011694
COPS9,1.0005155,1.0003787,1.0003357,1.000513,1.0004128,1.000493,1.0002446,1.0003122
INSL3,0.99654794,0.9973819,0.99792194,0.9965075,0.9967487,0.9967556,0.9984262,0.99681604
PLEKHJ1,0.9988352,0.99916565,0.9992684,0.9987342,0.9989135,0.9988873,0.9994794,0.9989671
GPR55,1.0001695,1.0001318,1.0002729,1.000328,1.0001769,1.0003016,1.0002184,1.0002654
TBC1D21,0.996948,0.9976773,0.9981262,0.99686015,0.99708354,0.99706495,0.99856377,0.99707115
METTL24,0.9973491,0.9980021,0.9983721,0.9972559,0.99748605,0.99752796,0.9987936,0.9975485
CLDN8,0.9967072,0.99750435,0.9980099,0.9966529,0.996889,0.9968914,0.9984898,0.9969293
NDFIP1,0.9957208,0.9967916,0.997404,0.99563336,0.99593186,0.99589336,0.9980103,0.9958858
CINP,0.9997668,0.99989235,0.9997848,0.9996021,0.9997548,0.99968517,0.99987435,0.9995792
BNIP3L,0.9962081,0.9971039,0.9976131,0.9960339,0.99628484,0.9963192,0.9981483,0.9962698
PEBP1,0.99669015,0.99748313,0.9980162,0.9966572,0.99679375,0.99693227,0.9984721,0.9967177
GPR15,0.9967625,0.99755025,0.998029,0.996688,0.9969337,0.99692196,0.99850154,0.9969264
INKA1,1.0006703,1.000444,1.0004755,1.000723,1.0007243,1.0007993,1.0003848,1.0007317
SDHA,1.0008909,1.0008378,1.0006325,1.0009294,1.000989,1.0010372,1.000591,1.0008147
GABARAP,0.99733233,0.9979411,0.99824065,0.99702114,0.9972372,0.99733037,0.9986118,0.9971785
RHBDD2,0.99723715,0.99800307,0.9987055,0.99771434,0.99771607,0.99779534,0.9991113,0.9977546
TLDC2,0.99656975,0.9974084,0.99790394,0.9964808,0.9967444,0.99674296,0.9984093,0.9967173
CCNI2,0.9951087,0.9962733,0.9971228,0.995224,0.9954833,0.99552804,0.99784446,0.9956559
XCR1,0.99681145,0.9975914,0.99804443,0.9967171,0.9969729,0.9969466,0.9985106,0.9969188
PDC,0.9974377,0.99807435,0.9984045,0.9973171,0.99755824,0.9975753,0.9988159,0.99759924
UBE2L6,1.001843,1.0014169,1.0014743,1.0022098,1.0019429,1.0021732,1.0011836,1.002239
FADS6,0.99964935,0.99970347,0.999717,0.99950624,0.9995201,0.99958706,0.99977446,0.99933887
SAMD1,0.9951422,0.9963002,0.99712014,0.995337,0.99546707,0.99512744,0.9977149,0.99563
NME4,0.99838006,0.9987684,0.9991672,0.99852747,0.9985721,0.99866045,0.9994292,0.99886096
MTA3,1.0046988,1.0036719,1.0027683,1.0046068,1.0043054,1.0040759,1.0020546,1.0038273
HDDC3,0.99961555,0.99956036,1.0001687,1.0001391,0.9998135,1.000171,1.0002263,1.0012254
RAD9A,1.0003252,1.0003222,1.0004003,1.0006087,1.0005212,1.0005354,1.0003309,0.9995572
METTL18,1.002478,1.0019293,1.0016565,1.0026853,1.0024495,1.002348,1.0012445,1.0019195
PNMA1,0.9982327,0.9986738,0.99916923,0.9984925,0.99838734,0.99856323,0.99939674,0.9989091
ALG1L,1.0011827,1.00087,1.0008773,1.0013399,1.0011709,1.0011517,1.0006493,1.0012515
SNAI2,0.9981122,0.9984564,0.9986377,0.997762,0.9977772,0.9981797,0.99893653,0.99708843
RAB9B,1.0008198,1.0006342,1.0006759,1.0010412,1.0009584,1.0009823,1.0005097,1.0002519
CETN2,0.99650323,0.99735034,0.99802554,0.9966696,0.99687934,0.99699074,0.99858224,0.99726164
EBI3,1.0000725,1.0000975,0.9996066,0.9993371,0.9996046,0.9993321,0.9995592,0.99931836
POP5,0.9976085,0.99820864,0.99893093,0.9981115,0.9981085,0.9981537,0.9992882,0.9988085
RPSA,0.9955344,0.9965652,0.99723893,0.9953866,0.99561745,0.9957348,0.99785155,0.99566007
UQCRB,0.9945015,0.9957978,0.996572,0.99431455,0.99465764,0.9947773,0.9973587,0.9943703
HDHD3,1.0016699,1.0013788,1.0010895,1.001582,1.0015872,1.001793,1.0009599,1.0019581
IQCF2,0.9967072,0.99750435,0.9980099,0.9966529,0.996889,0.9968914,0.9984898,0.9969293
METTL11B,0.99670076,0.9975259,0.9981159,0.9968101,0.99702984,0.99706006,0.9986104,0.99700826
EXOSC5,1.0020165,1.0015249,1.0012261,1.0020089,1.0020092,1.0020726,1.0009978,1.0019054
MAGEA11,0.99676675,0.99754906,0.99803686,0.99670285,0.9969377,0.9969303,0.9985063,0.9969621
C19orf24,0.9967072,0.99750435,0.9980099,0.9966529,0.996889,0.9968914,0.9984898,0.9969293
CALM2,0.9916177,0.99358606,0.9947012,0.9912641,0.9917846,0.9918711,0.9958811,0.9915519
EFCAB11,0.998188,0.9986947,0.99907196,0.9984437,0.9984698,0.9984826,0.9993427,0.9982159
PPIF,0.9993583,0.9996164,0.9998524,0.9996594,0.99971426,0.99967825,0.99997866,0.9994124
TOR4A,1.0006618,1.0003653,1.0004662,1.0006297,1.0005848,1.000806,1.0003618,1.0011214
CD3E,0.99798405,0.99848324,0.9988141,0.9979569,0.9980956,0.9981616,0.9991191,0.9981497
COL13A1,1.0026909,1.0019969,1.0015147,1.002431,1.0023041,1.002555,1.0011692,1.0021749
GGH,0.99714315,0.99789065,0.9986123,0.997594,0.9976681,0.9977104,0.9990696,0.9983003
CHIC1,1.0024178,1.0018774,1.0014081,1.0022417,1.0023108,1.0022725,1.0011191,1.0020939
METTL5,0.99842143,0.99881244,0.9996544,0.9991578,0.998875,0.9990387,0.9998169,0.9999413
MED18,1.0037593,1.0027986,1.0028653,1.0045693,1.003993,1.0043743,1.0023265,1.004723
UBE2M,0.9963187,0.9971676,0.9979462,0.99656284,0.9966519,0.9966911,0.9984616,0.9967455
C22orf15,1.0009235,1.0006963,1.0004843,1.0007731,1.0008702,1.0009881,1.0004454,1.0007163
ZNF114,1.0076351,1.005877,1.0049553,1.0080594,1.0075893,1.0076084,1.0038594,1.0073447
CD70,0.9967072,0.99750435,0.9980099,0.9966529,0.996889,0.9968914,0.9984898,0.9969293
FAM110D,1.0011442,1.0009052,1.0006616,1.0010197,1.0009665,1.000842,1.0004544,1.0008984
ZADH2,0.9999536,1.0000167,1.0004876,1.0006486,1.0003576,1.0004745,1.0004307,0.99996555
TMEM134,0.9995208,0.9996371,0.99977374,0.9996292,0.9996859,0.9995718,0.9998399,0.9991888
HDGFL1,0.99674165,0.99753034,0.9980261,0.99668217,0.99691755,0.996915,0.99849993,0.9969486
CD38,0.9971016,0.9978167,0.9980608,0.996801,0.9971078,0.9969599,0.99847925,0.9969232
BCAP29,0.99872273,0.9990605,0.99961776,0.9991828,0.9990294,0.9991193,0.9997653,0.99963784
NPDC1,0.99586886,0.9969313,0.9975796,0.99591047,0.996186,0.9961453,0.9981669,0.9958886
TPRG1,0.9968331,0.99755657,0.9981854,0.99697345,0.99707794,0.99711466,0.99862146,0.9972911
CCT8,0.9990319,0.99924576,0.99942636,0.99899375,0.9990355,0.99908495,0.999539,0.99892426
CLDN25,0.9967072,0.99750435,0.9980099,0.9966529,0.996889,0.9968914,0.9984898,0.9969293
BSND,0.9967072,0.99750435,0.9980099,0.9966529,0.996889,0.9968914,0.9984898,0.9969293
GINS3,1.0007167,1.0006248,1.0004358,1.0005399,1.0006207,1.0005081,1.0003084,1.0002698
BCL2L10,0.9965186,0.9973483,0.997882,0.996462,0.99670076,0.99665403,0.9983753,0.99675596
TRIM64B,0.9974394,0.9980643,0.9984245,0.99733424,0.9975381,0.9975377,0.998798,0.9975091
NCR3,0.9981654,0.99858904,0.9988363,0.9980228,0.9981347,0.99815524,0.9990912,0.9982421
STT3A,1.0005578,1.0004287,1.0004845,1.0006917,1.0005424,1.0007076,1.0003929,1.0006827
PTN,0.9932232,0.9948267,0.995903,0.9932067,0.9934565,0.99354565,0.9968642,0.9940411
EYA3,1.0016804,1.0012255,1.0015461,1.0023347,1.0018698,1.0021708,1.0012522,1.0025707
PAK1,1.0002068,1.000207,1.0004156,1.0005722,1.000526,1.000485,1.000371,1.0006124
SNRPA1,0.9994859,0.999642,0.9999967,0.9998027,0.9997209,0.999858,1.0000653,1.0001082
KIR2DL4,0.9967072,0.99750435,0.9980099,0.9966529,0.996889,0.9968914,0.9984898,0.9969293
NPM1,0.9953736,0.99643373,0.997074,0.99514544,0.99536467,0.99550176,0.9977148,0.99546075
KCTD11,1.000556,1.0004731,1.0003629,1.0005169,1.0005517,1.0005293,1.0003147,1.0005946
PIH1D2,0.9998698,0.9999913,0.9997941,0.9996227,0.9998246,0.99963605,0.9998745,0.99997663
SIKE1,1.0045567,1.0034912,1.0026754,1.0043693,1.0040861,1.0041268,1.0020132,1.0037967
HMBS,0.9982672,0.9986379,0.999017,0.9982841,0.99833095,0.9982181,0.99922615,0.9993706
PNOC,1.0043252,1.0032566,1.00296,1.0048292,1.0043256,1.0044183,1.0022771,1.004325
NANOS3,0.99754536,0.9982177,0.9987594,0.99786115,0.99781585,0.9978119,0.9991164,0.9984964
GAS1,0.9948748,0.9961469,0.9970193,0.9950406,0.9952585,0.9949045,0.99767464,0.9952984
MAB21L4,0.99656975,0.99736273,0.998069,0.996706,0.99681294,0.99702454,0.99858236,0.9972075
ZNF691,1.0001136,1.0002136,1.0003961,1.0003834,1.0003818,1.0005529,1.0004566,1.0007112
RILPL2,0.9961238,0.99714386,0.9977917,0.9961715,0.99651194,0.99651355,0.99838996,0.99699867
SP6,1.0017654,1.001349,1.0010927,1.0017533,1.0016646,1.0016633,1.0008254,1.0014145
HDGFL3,0.99284375,0.99463665,0.9952923,0.99226314,0.9929582,0.99263984,0.99629015,0.99219495
CXXC4,0.9883749,0.99120265,0.9925257,0.98787194,0.9887255,0.9884919,0.9942074,0.988038
PIH1D1,0.9995545,0.9997186,0.9996797,0.9994401,0.99964786,0.99943507,0.9997713,0.9996817
TRIR,0.9977065,0.9982829,0.9985452,0.99760324,0.9977251,0.9977666,0.9988853,0.99731654
INS,0.996326,0.99722165,0.9977845,0.99628305,0.99654746,0.99655163,0.9983257,0.99656135
PDE6D,0.99787986,0.9984165,0.99899817,0.99824077,0.9983601,0.99849343,0.9993844,0.99872506
CCDC92,1.0024687,1.0019584,1.0014589,1.0024248,1.0023615,1.0021663,1.0011141,1.0018857
TBATA,0.9967072,0.99750435,0.9980099,0.9966529,0.996889,0.9968914,0.9984898,0.9969293
KCTD14,0.9961591,0.99711704,0.99761724,0.9960053,0.9963701,0.99635816,0.9982223,0.9965539
PMVK,0.99775964,0.99828994,0.9986903,0.99776566,0.99793285,0.9979785,0.9990593,0.99848723
U2SURP,0.9934838,0.9950642,0.9958451,0.9931489,0.9937214,0.9936551,0.9967996,0.9934213
ZNF684,1.0011959,1.000976,1.0012754,1.001964,1.0016627,1.0017717,1.0010817,1.0011938
NRIP3,1.0048275,1.0036833,1.0024171,1.0040796,1.0040605,1.0036253,1.0017141,1.0041316
KLK1,0.9967072,0.99750435,0.9980099,0.9966529,0.996889,0.9968914,0.9984898,0.9969293
WFDC3,0.99774086,0.9982697,0.99866515,0.9977045,0.997895,0.9979669,0.99901223,0.99792147
RFPL2,0.9976502,0.9982245,0.9985881,0.9976419,0.9977993,0.9978087,0.99891865,0.9972657
FAM84A,0.9967072,0.99750435,0.9980099,0.9966529,0.996889,0.9968914,0.9984898,0.9969293
VGLL4,1.000352,1.000319,1.0003062,1.0004443,1.0003942,1.0001793,1.0002426,1.0012447
SYCE1L,1.000036,0.9999621,0.99984443,0.99984133,0.99983966,0.99985874,0.9998424,0.99897426
MSRB2,0.9987329,0.9990264,0.9990897,0.99855065,0.9989064,0.9986869,0.99934804,0.9989234
LRRC69,0.9968898,0.99768627,0.9980527,0.99672854,0.99698603,0.99692607,0.9985132,0.9968554
C10orf88,1.0051984,1.0040426,1.0035055,1.0055928,1.0052775,1.005332,1.0027831,1.0054054
ATP5PO,0.9990728,0.9992572,0.9993123,0.9988291,0.9988971,0.9989541,0.99941576,0.998694
TSPAN19,0.9986625,0.99895275,0.9993598,0.9989179,0.9987228,0.99883157,0.9995218,0.99933153
AIMP2,1.0064452,1.0049539,1.0038761,1.0063775,1.0059617,1.005843,1.002945,1.0065739
HESX1,0.9992647,0.99940795,0.9995707,0.9992355,0.9992349,0.9993111,0.9996637,0.9992698
MRAP,0.99654704,0.9973558,0.99783945,0.99640095,0.9966632,0.9966174,0.9983294,0.99671453
APOO,0.9967035,0.9975154,0.9983735,0.9972038,0.9972155,0.9973146,0.9988172,0.9971116
HRASLS5,0.9967072,0.99750435,0.9980099,0.9966529,0.996889,0.9968914,0.9984898,0.9969293
AMN1,1.0004919,1.000453,1.0003225,1.0003943,1.0004205,1.0004174,1.0002794,1.0006378
TMEM204,1.0054724,1.0041428,1.0031548,1.0051818,1.0049318,1.0048919,1.0023416,1.0042756
ZCCHC12,0.9984434,0.99889755,0.9993399,0.9987496,0.9988477,0.99906665,0.9996542,0.9992219
HIST1H4I,0.9967072,0.99750435,0.9980099,0.9966529,0.996889,0.9968914,0.9984898,0.9969293
C8orf86,0.9985524,0.99888253,0.99906874,0.998403,0.99849665,0.99849224,0.99925846,0.9985907
FURIN,1.0029454,1.0022888,1.001537,1.0025322,1.002454,1.0019991,1.0009987,1.0021832
KATNBL1,0.9986208,0.99894524,0.9992545,0.9987036,0.99863136,0.99868715,0.9993928,0.9985142
SPRYD4,0.9993166,0.99957514,1.0000424,0.9997854,0.99970233,0.9997208,1.0001196,1.0011191
ODAPH,1.0014788,1.0010859,1.0010194,1.0015315,1.0013399,1.0013344,1.0007162,1.0018338
ITM2B,0.99615824,0.9971116,0.9977164,0.9961549,0.99625885,0.99622667,0.9982325,0.99689543
ADH7,0.9971959,0.99785364,0.9983541,0.99720436,0.9973475,0.9974114,0.99875253,0.9974805
PSMA5,0.99706995,0.9978668,0.9984046,0.997267,0.99749434,0.9974557,0.9988806,0.9980011
RB1CC1,0.9901148,0.99255013,0.9939012,0.98992777,0.990464,0.9903769,0.9952706,0.9903883
MOB1A,0.99808276,0.998523,0.9985087,0.99765724,0.9980191,0.99774677,0.99880254,0.99739814
MRPL50,1.0019015,1.0015416,1.0010356,1.0016451,1.0017399,1.0015631,1.0007763,1.0011656
TAF9B,1.0024287,1.001837,1.0016487,1.0026232,1.0024226,1.0025209,1.0013282,1.00328
IRGC,0.9967072,0.99750435,0.9980099,0.9966529,0.996889,0.9968914,0.9984898,0.9969293
RPP25,1.0014226,1.001069,1.0013596,1.0021331,1.001873,1.0019407,1.001142,1.0024142
ZNF670,1.0012946,1.0010217,1.0010164,1.001472,1.0013613,1.0013666,1.0008051,1.001901
TCEANC2,1.0029997,1.0022902,1.0020134,1.0032017,1.0030229,1.0031617,1.001637,1.0033169
CEACAM18,0.9967072,0.99750435,0.9980099,0.9966529,0.996889,0.9968914,0.9984898,0.9969293
NAT8L,0.9965066,0.9972629,0.997905,0.9965852,0.9967747,0.9967818,0.99845827,0.99725056
TRABD2B,0.9933412,0.9950793,0.9959178,0.9932461,0.9939269,0.9939811,0.9970989,0.99420995
PPIL1,1.0016763,1.0012892,1.0012451,1.0019057,1.0016744,1.0018219,1.0010006,1.0022283
CLEC12B,0.9967072,0.99750435,0.9980099,0.9966529,0.996889,0.9968914,0.9984898,0.9969293
HIST1H4A,0.9967072,0.99750435,0.9980099,0.9966529,0.996889,0.9968914,0.9984898,0.9969293
ASB12,0.9972777,0.9979137,0.9985124,0.9974695,0.9975474,0.9976448,0.9989065,0.99781907
PTGDS,0.9956491,0.9966753,0.9974681,0.99584955,0.9960052,0.9958528,0.99804056,0.9965489
LRRC2,0.9981011,0.9986271,0.998809,0.9980406,0.99818665,0.997936,0.99905205,0.9979148
ORM2,0.9965755,0.99740267,0.99793434,0.9965306,0.9967713,0.9967736,0.9984338,0.9968317
ZDHHC11,1.0070419,1.005373,1.004163,1.0068728,1.0064061,1.0064363,1.0030968,1.0051792
GLTPD2,0.99727166,0.9979651,0.998286,0.99710554,0.9973499,0.99728286,0.99867415,0.99733424
SPAG7,1.001159,1.0009202,1.0010915,1.0016,1.0013905,1.0016689,1.0009232,1.0010599
PLA2G12B,0.9964584,0.9973135,0.99787813,0.99643326,0.99667823,0.99669653,0.9983995,0.9967816
CCDC74A,1.0003998,1.0005153,1.000077,1.0001031,1.0003194,0.9997726,0.9999963,0.9992775
NQO2,1.000096,1.0000503,1.000366,1.000419,1.0003165,1.0004288,1.0003533,1.0010612
CEP19,1.0031368,1.0023782,1.0019398,1.003106,1.0030363,1.0031458,1.0015635,1.0032493
RSPRY1,1.0007613,1.0006082,1.0006282,1.0010022,1.0008279,1.0008997,1.0005159,1.0008361
AP3S2,1.0047244,1.0034022,1.0025973,1.0043072,1.0039403,1.0040038,1.0018492,1.0039611
PGP,0.99949676,0.9997137,0.9996468,0.99935746,0.99962986,0.99933934,0.9997225,0.99908674
YIPF7,0.9971751,0.9978569,0.9982924,0.997113,0.9973084,0.99730766,0.9986997,0.9974338
NUCKS1,0.99301434,0.9946939,0.99551845,0.99261093,0.9930723,0.99301815,0.9964887,0.99296224
FXYD3,0.99491197,0.9961126,0.99684733,0.9947746,0.99509275,0.9951378,0.9975722,0.9949705
NENF,0.9997158,0.99982005,0.99966586,0.9994812,0.99950695,0.99937606,0.9996975,0.9990955
GOLGA7,0.998821,0.999073,0.9995365,0.99916613,0.999043,0.9991015,0.9996871,0.9996069
DIO1,0.99678284,0.9975583,0.9980508,0.99672127,0.99695194,0.9969539,0.9985186,0.99700844
ORC6,0.99672353,0.9975035,0.99803877,0.9967303,0.99672383,0.99676585,0.9984747,0.99699366
CXorf58,0.99674165,0.99753034,0.9980261,0.99668217,0.99691755,0.996915,0.99849993,0.9969486
FCRLA,0.99615765,0.99707,0.9978111,0.9963204,0.9964789,0.9964957,0.99835795,0.9969768
RAET1E,0.9984946,0.9988386,0.99905777,0.99839675,0.99855554,0.9985646,0.99929464,0.99841934
NDUFS4,0.9960448,0.9970059,0.99761456,0.9959775,0.9962355,0.9963311,0.9982101,0.9963863
RNF138,0.9967034,0.9975362,0.9985057,0.997308,0.9972327,0.99748844,0.9989525,0.9974579
MOB1B,0.99937904,0.9995489,0.9998131,0.9996611,0.99948967,0.9995557,0.9998386,0.998814
DCAKD,0.9993907,0.9995384,0.99995446,0.99973285,0.99975836,0.9999211,1.000101,1.0003691
MGP,1.0059744,1.0045202,1.0035655,1.0057395,1.0054107,1.0052572,1.0025898,1.00507
RNF148,0.9967072,0.99750435,0.9980099,0.9966529,0.996889,0.9968914,0.9984898,0.9969293
DPPA2,0.9968991,0.9976547,0.9981099,0.9968349,0.99708307,0.9970919,0.9985771,0.99705184
VOPP1,0.99419224,0.9956624,0.996763,0.9945622,0.994846,0.99492,0.9975899,0.99414575
TMED6,0.99571884,0.9967481,0.99757004,0.9959292,0.9961083,0.996113,0.99816614,0.99627113
FAM104A,1.0002851,1.0002666,0.9999857,0.9999378,1.0000856,0.99993,0.99997085,1.000277
MRM1,0.9995005,0.9996769,0.99971193,0.9994766,0.9995753,0.99938047,0.99977684,0.99973536
LYPD3,1.0020092,1.0015602,1.0013268,1.0020397,1.0018808,1.0019584,1.000989,1.001579
LYPD6B,0.9950377,0.99622697,0.9972566,0.9954381,0.99564415,0.99572295,0.9980109,0.99573195
GRIK1,1.0043532,1.0034118,1.0029371,1.0047698,1.004484,1.0041335,1.0022173,1.0039916
A3GALT2,0.9976182,0.99819016,0.9985224,0.997514,0.99771386,0.9977447,0.99889326,0.9977913
DMRT1,0.99681437,0.99758863,0.9981271,0.9968407,0.9970465,0.9971128,0.9986089,0.9969903
ISLR,0.9989344,0.99918413,0.999368,0.9988909,0.998847,0.9988544,0.99946463,0.9987949
VAV3,1.0034453,1.0026913,1.0026498,1.0040829,1.0036367,1.0038068,1.0020739,1.0033617
DHRS2,0.996322,0.9972105,0.997795,0.9963122,0.99653673,0.9965181,0.99831104,0.99655694
NAP1L2,0.99967986,0.99979556,1.0000012,0.9998436,0.9996406,0.99983156,1.000006,0.9997059
ZMAT4,0.9986828,0.9992106,0.99886584,0.9981445,0.998989,0.99863565,0.99930465,0.99834
MARCH2,0.9967072,0.99750435,0.9980099,0.9966529,0.996889,0.9968914,0.9984898,0.9969293
MRPS26,0.99776495,0.9983655,0.9989755,0.99816084,0.9981608,0.9981477,0.99928105,0.9988123
CLBA1,1.0038581,1.002969,1.0021899,1.0036696,1.0035208,1.0034027,1.0016572,1.0028163
NDUFA12,0.9978258,0.9983182,0.99875355,0.9978734,0.99794924,0.9980499,0.99904394,0.99801874
ARV1,1.000614,1.0005562,1.0006585,1.0009607,1.0008863,1.0008178,1.0005798,1.0011404
TTC16,0.9996108,0.9996922,0.99977726,0.9995631,0.9995961,0.99965894,0.9998231,0.99940944
TRIM13,0.9951854,0.996312,0.9972037,0.99536526,0.9956612,0.99578655,0.99791,0.9951373
NDUFAF2,0.99952126,0.99966407,0.99981713,0.99958503,0.9995685,0.99975324,0.9999224,0.9995924
PBDC1,0.9984791,0.99896204,0.9991009,0.9984621,0.99876356,0.9985024,0.99933994,0.99845564
TEX35,0.9970448,0.99776,0.9982164,0.99699223,0.99719846,0.99718666,0.9986385,0.99725413
NTMT1,1.0060225,1.0046093,1.003781,1.0062023,1.0059603,1.0058806,1.0029206,1.005364
PRAMEF19,0.99641776,0.9972776,0.9977905,0.9963125,0.99658704,0.99658537,0.9983135,0.9964587
PRSS58,0.9967072,0.99750435,0.9980099,0.9966529,0.996889,0.9968914,0.9984898,0.9969293
TBK1,1.001654,1.0011947,1.0007762,1.0012155,1.0012687,1.0013082,1.0005578,1.0011879
ZNF385C,1.0008254,1.0006399,1.0004705,1.0006856,1.0007195,1.0007603,1.0003719,1.0006187
PTCRA,0.99745005,0.99803257,0.99853504,0.99749815,0.9976579,0.99775547,0.9989189,0.9977846
RPL10A,1.000651,1.00045,1.0002341,1.0003297,1.0002478,1.0003223,1.0000882,1.0002487
HIST1H3G,0.9967072,0.99750435,0.9980099,0.9966529,0.996889,0.9968914,0.9984898,0.9969293
CBX3,0.99454856,0.9958329,0.9964789,0.99420524,0.9945835,0.9945735,0.99723625,0.99429524
ZGLP1,0.99622476,0.9971583,0.9980067,0.9966744,0.9966869,0.9968368,0.9985504,0.99635315
TPSAB1,0.9968,0.9975711,0.99805737,0.99673474,0.9969653,0.9969627,0.9985219,0.9970153
NBPF1,0.9961738,0.9971155,0.99781775,0.9963201,0.9963673,0.9966185,0.998388,0.9967091
MRPS34,0.9997673,0.9998778,1.0000174,0.9998739,0.999942,1.000023,1.0000744,0.9998247
YY2,1.0039409,1.0030053,1.002278,1.0037206,1.0035405,1.003382,1.0016509,1.0035126
TMEM270,0.9967072,0.99750435,0.9980099,0.9966529,0.996889,0.9968914,0.9984898,0.9969293
COX4I2,1.0025864,1.001953,1.0015947,1.0025381,1.0023974,1.0024331,1.0012056,1.002316
C7orf61,0.9979308,0.99843824,0.99883175,0.99803805,0.99810886,0.99820393,0.9991838,0.99861
GAL3ST2,0.9965539,0.9973948,0.9979414,0.99653006,0.99676704,0.9967757,0.99844426,0.99682474
PLSCR4,1.0016114,1.0012329,1.0012405,1.0018526,1.0015119,1.0016742,1.0009754,1.0022018
IFITM10,1.0016663,1.0012879,1.0011178,1.001747,1.0016967,1.0016309,1.0008552,1.0014486
CMA1,0.9967072,0.99750435,0.9980099,0.9966529,0.996889,0.9968914,0.9984898,0.9969293
AUNIP,0.99894804,0.9992482,0.99927044,0.9987759,0.9989298,0.9985601,0.9993556,0.9989148
PSME2,1.0002265,1.0002584,1.000034,1.0000125,1.0001113,1.0000447,1.0000297,0.9996766
GGT6,0.99842733,0.9988221,0.99914324,0.9985485,0.9986197,0.998781,0.9993955,0.9979073
KIF2A,1.0024463,1.0018395,1.0013695,1.0021985,1.0018686,1.0018871,1.0009152,1.0020294
FIS1,1.0004017,1.0002737,1.0000834,1.0000885,1.0001333,1.0000778,1.0000091,1.0005658
PPIB,0.99844944,0.9988371,0.99892354,0.99822867,0.9983127,0.9982946,0.9991219,0.9980428
MIXL1,0.99982005,0.999905,0.99980175,0.9996525,0.99974287,0.999645,0.99983644,0.9997417
GMNC,1.0013448,1.0010463,1.0008659,1.00134,1.0013363,1.001349,1.0006814,1.0008624
UBE2R2,0.99271333,0.99446726,0.995239,0.9922681,0.9929242,0.99262273,0.99627364,0.99230504
GATSL1,0.9967072,0.99750435,0.9980099,0.9966529,0.996889,0.9968914,0.9984898,0.9969293
DHFR,0.99780166,0.9983572,0.99864995,0.9978112,0.99798465,0.99785805,0.9989839,0.9975815
FBXL8,0.9976381,0.99819446,0.9986264,0.9976469,0.9977696,0.9978639,0.99896693,0.9977862
MRPL17,1.001482,1.0012312,1.0008142,1.001183,1.0013196,1.0011895,1.0006475,1.0016351
IL12B,0.9966488,0.99745643,0.99797857,0.99660474,0.99682796,0.9968302,0.9984586,0.9967952
DNAJB9,0.99601465,0.997028,0.99783117,0.9962882,0.9965538,0.996562,0.9984455,0.99684024
WBP2,0.99812394,0.9985889,0.9992043,0.99860644,0.9986311,0.99868727,0.99946916,0.9984765
HSCB,0.9979523,0.9985697,0.99899,0.9982593,0.99833786,0.9984639,0.9993725,0.9982785
PRKCI,0.99802756,0.99865305,0.99889064,0.99804544,0.99809813,0.9980011,0.9991243,0.9978305
TMEM223,1.0001254,1.0001259,1.0003337,1.0004091,1.0002878,1.0003445,1.000313,1.0008055
TTC9B,0.99718165,0.99786305,0.99841785,0.99734247,0.99747777,0.9977026,0.9988917,0.9974659
PHLPP2,1.0034713,1.0026355,1.0019914,1.0033014,1.0031313,1.0029625,1.0014567,1.0029447
FIGLA,0.99668026,0.99747914,0.9979962,0.99663115,0.996866,0.99687994,0.99848247,0.99692774
URM1,1.0013415,1.0011168,1.0005344,1.0008383,1.0010022,1.0006351,1.0003343,1.0008395
NACC2,0.99786246,0.99842423,0.9984443,0.9975356,0.9976193,0.9970851,0.9986206,0.9971715
SAPCD1,1.0053252,1.004025,1.0030894,1.0051342,1.0048342,1.0045663,1.0022414,1.0043683
FKBP3,0.99946,0.999527,0.9996726,0.999409,0.99933136,0.9994571,0.9997022,0.99935806
SULT1C3,0.9967072,0.99750435,0.9980099,0.9966529,0.996889,0.9968914,0.9984898,0.9969293
CABP5,0.9970211,0.99773276,0.9981613,0.99692523,0.9971429,0.9971012,0.99858063,0.99709564
ASGR2,1.0008616,1.000603,1.0005114,1.0007361,1.000653,1.0007766,1.0003656,1.0009097
CALHM5,1.0014619,1.0010724,1.0008857,1.0013425,1.0011231,1.001315,1.0006449,1.0012945
SDC1,1.0026429,1.0022213,1.0021286,1.0032504,1.0030955,1.0026339,1.001641,1.0035472
CCR4,0.9967072,0.99750435,0.9980099,0.9966529,0.996889,0.9968914,0.9984898,0.9969293
APOBEC1,0.9967072,0.99750435,0.9980099,0.9966529,0.996889,0.9968914,0.9984898,0.9969293
HACD2,1.0009015,1.0005653,1.0004069,1.0006423,1.0005598,1.0005126,1.0002085,1.0008748
CHI3L2,0.9978079,0.99835587,0.9985783,0.9975952,0.99781716,0.99773777,0.9988861,0.99783194
TCP10,0.99838465,0.99877226,0.9990319,0.9983244,0.99843514,0.99844736,0.9992554,0.99847984
TMEM40,0.99804056,0.9985113,0.99881494,0.99802756,0.9980782,0.9980847,0.9990647,0.99784577
TM4SF4,0.9967072,0.99750435,0.9980099,0.9966529,0.996889,0.9968914,0.9984898,0.9969293
TMEM208,1.0003912,1.0002686,1.0006375,1.0009158,1.0006443,1.0009722,1.0005836,1.0008091
PID1,1.0000443,1.0001255,1.0004303,1.0005018,1.0001796,1.0000756,1.0003202,1.0015337
TMEM150C,1.0048978,1.0037402,1.0030148,1.0048549,1.0044413,1.00448,1.0022928,1.005255
NUDT21,0.9921179,0.99406266,0.99511933,0.99194247,0.9925779,0.99228984,0.99623144,0.9924133
TMEM164,1.0018222,1.0012914,1.0014992,1.0023112,1.0019813,1.0020009,1.0011764,1.0031903
RNF4,0.9968312,0.99773246,0.9981407,0.99686897,0.997054,0.9971136,0.9986543,0.9965259
TIMM29,1.0038162,1.0029566,1.0022271,1.0035099,1.0032719,1.0031879,1.001636,1.0036607
HTATIP2,1.0019152,1.001448,1.0009941,1.0015604,1.0015424,1.0015215,1.0006953,1.0014513
TMIE,1.0010597,1.0008659,1.00059,1.0008836,1.0009589,1.0007718,1.0004381,1.0011463
YPEL1,1.0007513,1.0006449,1.0004519,1.0006707,1.0007035,1.0006688,1.0003288,0.99983644
CDCA4,0.997475,0.9982498,0.9983187,0.99716306,0.9974996,0.99722564,0.99868894,0.996738
SPRYD7,1.00087,1.0007213,1.0002944,1.0004305,1.0004629,1.0005442,1.0002201,1.0004228
RPL26L1,1.0019214,1.0014637,1.0011926,1.0019089,1.0018162,1.001849,1.0009181,1.0015625
DMP1,0.99636793,0.99724877,0.99774754,0.99623775,0.9965373,0.99655306,0.9982922,0.9963273
C9orf66,0.9967072,0.99750435,0.9980099,0.9966529,0.996889,0.9968914,0.9984898,0.9969293
CHAD,1.0001504,1.0001762,1.0002958,1.0003526,1.0002216,1.0002743,1.0002528,1.0005934
LAPTM4A,0.99686635,0.9976611,0.99820584,0.99693537,0.9970113,0.9970305,0.998628,0.9974816
CNEP1R1,1.0048904,1.0037248,1.0031687,1.0050529,1.0046608,1.0046855,1.0024092,1.0052149
TWISTNB,1.003906,1.0029613,1.0024164,1.0038173,1.0035402,1.0036297,1.001809,1.00367
HIST1H2AB,0.9967072,0.99750435,0.9980099,0.9966529,0.996889,0.9968914,0.9984898,0.9969293
CMSS1,1.000143,1.0001905,1.0001513,1.0001566,1.0003035,1.0001414,1.0001744,1.0005401
SNRPN,1.0013466,1.001128,1.0011522,1.001647,1.0017592,1.0016747,1.0010238,1.0026088
SLC9A1,1.0059812,1.0045702,1.0035126,1.0057166,1.0054083,1.0055904,1.0027199,1.0052313
ZNF358,0.9977785,0.9983527,0.9985924,0.99771607,0.99796396,0.9977826,0.9988917,0.99700785
SLC10A3,1.00328,1.0023656,1.0022316,1.0035163,1.0031596,1.0032809,1.0017145,1.0042543
AS3MT,1.0077659,1.0059075,1.0047745,1.0077498,1.0072896,1.0074712,1.0036713,1.0069298
AKIRIN1,0.99669397,0.99750704,0.99801266,0.9966774,0.99695694,0.9968374,0.99848485,0.99698687
TRAPPC2,0.9988322,0.9991281,0.9992777,0.9987606,0.99873805,0.9986304,0.9993962,0.9990343
TMEM95,0.99692667,0.99765146,0.99812746,0.9968554,0.997066,0.99706304,0.9985676,0.9971831
PLSCR2,0.9972855,0.9979309,0.9983949,0.99726915,0.9974139,0.997432,0.99876606,0.99750304
SOX10,0.98738515,0.9907931,0.9921002,0.9868792,0.98779124,0.9876016,0.9940628,0.98785543
ADAT2,1.0040154,1.0031319,1.0027089,1.0042515,1.0039339,1.0040243,1.002079,1.0037371
TEX26,0.99841833,0.998824,0.9992367,0.9986876,0.9985216,0.9987959,0.9994832,0.99879324
PMEPA1,0.9965425,0.9974338,0.99754196,0.99604666,0.9964237,0.99600303,0.997966,0.99526906
FHIT,1.0010941,1.000935,1.0007833,1.0011772,1.0012429,1.0012596,1.0006933,1.0008355
GNPDA2,1.0027843,1.0020322,1.0019193,1.0029271,1.0025158,1.0028024,1.0014799,1.0037558
CTAGE9,1.0005083,1.0004166,1.0002143,1.0002677,1.0003048,1.0002208,1.0001197,1.0002317
TMEM138,1.0008923,1.0008876,1.0000741,1.0000947,1.0005745,1.0004395,1.0001262,1.000088
TMEM88,0.9988478,0.99903816,0.99933106,0.99887305,0.99869645,0.99887574,0.9994588,0.9990197
AREG,0.99744886,0.99807197,0.9984629,0.9973861,0.99757195,0.99756664,0.99882346,0.9975563
NUDT16L1,0.9998065,0.9999222,1.0002753,1.0002666,1.0001769,1.0002754,1.0003177,1.0003954
BCL10,1.0035316,1.0026777,1.0020642,1.003387,1.003319,1.0033206,1.0015951,1.0027773
PRG3,0.9967072,0.99750435,0.9980099,0.9966529,0.996889,0.9968914,0.9984898,0.9969293
CPLANE2,0.99643326,0.997314,0.9979609,0.99659634,0.9967775,0.99674106,0.99845827,0.9964975
YLPM1,0.99865246,0.99902666,0.99914277,0.99850154,0.99860024,0.9985308,0.9993152,0.99887
SARNP,0.99869573,0.99900454,0.9993398,0.9988297,0.99885356,0.99901253,0.9995253,0.9986635
BPIFB2,0.998068,0.9985328,0.9988779,0.9980556,0.9981508,0.998182,0.99913716,0.99824226
TSPAN6,0.99371314,0.9952985,0.9963869,0.99396855,0.9943099,0.9946023,0.9974446,0.9947604
RARRES1,1.0033151,1.0025334,1.0020316,1.0032339,1.0030715,1.0030966,1.0015557,1.0032009
ESAM,0.99863464,0.9989724,0.9987637,0.9979986,0.9981053,0.9977639,0.99883246,0.9976949
SSU72,1.0009365,1.0007682,1.000386,1.0006311,1.0006899,1.0005717,1.0002626,1.000486
PRR3,0.9953371,0.99633944,0.9972267,0.995358,0.99542737,0.9955611,0.9978404,0.9961122
KCTD4,1.0026984,1.0020598,1.0019569,1.003056,1.0027344,1.0028573,1.0015297,1.0030465
RTL4,0.99664915,0.997455,0.9979745,0.99659765,0.99683285,0.99683493,0.9984622,0.99691
TPBG,1.0036073,1.0029643,1.0019053,1.003008,1.0034705,1.0031624,1.0015967,1.0038718
RPS15,1.000192,1.0001342,0.9999908,0.9999637,0.99997354,0.9998955,0.99993587,1.0000559
METRN,0.99347544,0.99504566,0.9965962,0.9942876,0.99443525,0.99450505,0.9975891,0.99574286
MSTO1,1.0044553,1.0033712,1.0028305,1.0045872,1.0043298,1.004333,1.0021734,1.0040103
MRPL10,1.0016419,1.0013304,1.0014316,1.0021546,1.0017993,1.0019335,1.001164,1.0021597
SNX10,1.0006443,1.000697,1.000869,1.0012674,1.0011828,1.0010734,1.0007812,1.0009835
MED31,1.0026889,1.0020981,1.0016185,1.0026667,1.0027521,1.0024401,1.0012517,1.0024047
AKR7A3,0.995686,0.9967478,0.9975362,0.99585664,0.9960989,0.99614835,0.9981788,0.9961453
EEF2KMT,1.0024928,1.0018281,1.001257,1.0020468,1.001893,1.0017614,1.0008185,1.0020934
CTD-2267D19.3,0.9967072,0.99750435,0.9980099,0.9966529,0.996889,0.9968914,0.9984898,0.9969293
SIAH2,1.0016887,1.0012869,1.0015862,1.0024022,1.0021162,1.0025443,1.0013902,1.0019709
ACER1,0.9967072,0.99750435,0.9980099,0.9966529,0.996889,0.9968914,0.9984898,0.9969293
RABL2A,1.0012822,1.000989,1.000423,1.0006741,1.000869,1.0005691,1.0002726,1.001714
CD3EAP,0.9990354,0.9991708,0.99958587,0.9992181,0.9989802,0.9992857,0.99969816,0.9995082
F2RL2,1.0029454,1.0022426,1.0017968,1.0028703,1.0027368,1.0028589,1.0014286,1.0030053
CD3D,0.99765265,0.99815416,0.998543,0.9975623,0.99768484,0.9976785,0.9988543,0.99803984
SCN4B,1.0019525,1.0014172,1.0014154,1.0022873,1.0019329,1.0021002,1.0010793,1.0017885
CASP14,0.99682015,0.9975935,0.99805546,0.996737,0.9969815,0.99696034,0.99851805,0.9969594
ERMN,0.9956951,0.99679065,0.997418,0.9957484,0.996101,0.99606955,0.9981437,0.99684536
SLC35A4,0.9984275,0.9988604,0.99927926,0.9987006,0.9987562,0.99880767,0.999537,0.9989203
CKMT1B,1.0066679,1.0051746,1.0042877,1.006943,1.0063503,1.006116,1.0031416,1.0055983
BEND6,0.99799496,0.99850285,0.9988606,0.9980757,0.99825776,0.9983132,0.9992252,0.9985216
FRAT1,1.0008872,1.0006267,1.0009997,1.0015831,1.0011892,1.0015111,1.000865,1.0011646
CEACAM21,0.9990084,0.9992491,0.9993929,0.99891865,0.99897844,0.999012,0.9995145,0.99872696
CENPA,1.0036192,1.0028235,1.0018638,1.0030189,1.0030034,1.002735,1.001328,1.0025895
PRG2,0.990319,0.9924992,0.99449253,0.99089026,0.99123466,0.99117094,0.9958129,0.9930373
TAS2R41,0.9967072,0.99750435,0.9980099,0.9966529,0.996889,0.9968914,0.9984898,0.9969293
FAM204A,0.9987916,0.999109,0.9993332,0.99877965,0.99884856,0.9987494,0.9994719,0.99935734
SYCP3,0.99779797,0.9984145,0.99844253,0.99744105,0.99774337,0.9975561,0.9988017,0.9974609
MRPL13,0.9994582,0.99962205,0.9998136,0.999541,0.99957365,0.9995372,0.99986434,0.99978226
P2RY12,0.9946726,0.9959719,0.9967508,0.9946106,0.99496865,0.9949996,0.99752545,0.9943838
PPP1R42,0.9994749,0.99952126,0.99976254,0.99946743,0.9994652,0.999645,0.99990076,1.0009933
MICB,0.99917066,0.99942255,0.9991959,0.99870384,0.99893343,0.9986653,0.9992978,0.99829686
SNRPD3,0.99985623,0.9998257,0.99987787,0.99973035,0.99960446,0.99969935,0.9998518,1.0000906
SPIN4,1.0018733,1.0014985,1.001192,1.0018358,1.0017354,1.001609,1.0008738,1.0018123
USP50,0.9969254,0.99766386,0.99813175,0.9968598,0.9970732,0.9970467,0.99856544,0.9971044
MFAP2,0.9972006,0.99795526,0.9984071,0.9972311,0.99747956,0.9974251,0.9988527,0.9977498
OXT,0.9978544,0.99838495,0.99854624,0.9975755,0.99782467,0.99770945,0.99884605,0.9975451
CEACAM3,0.9981612,0.99858916,0.9988718,0.9980576,0.9981334,0.99823284,0.99912846,0.9980827
ANKRD61,0.99701464,0.99773836,0.99819136,0.99695146,0.9971702,0.9971757,0.99862885,0.99724805
LHFPL1,0.99743617,0.9981135,0.998389,0.9972725,0.997648,0.99758506,0.9988258,0.99747276
CLSTN2,1.0033536,1.0026302,1.0020583,1.0033059,1.003047,1.0031719,1.0016214,1.0032611
MAS1,0.9967072,0.99750435,0.9980099,0.9966529,0.996889,0.9968914,0.9984898,0.9969293
FAM110C,1.0005331,1.0004731,1.000557,1.0007647,1.0007646,1.0008292,1.0004909,1.0005373
PEX19,0.99536026,0.9966036,0.99743176,0.9957255,0.9960027,0.9960027,0.9981765,0.9955462
IGFBP7,0.9927306,0.99446666,0.99575233,0.99287856,0.9930551,0.9933892,0.99678856,0.9931185
C11orf65,0.99879086,0.9991125,0.99937737,0.99888253,0.9990075,0.99905753,0.9995556,0.9980648
BABAM1,0.99829507,0.99869055,0.9993168,0.9987025,0.99864715,0.9989437,0.9995891,0.99902785
KLF3,1.0013359,1.0010148,1.0005902,1.0009806,1.001023,1.0008831,1.0003908,1.0008373
GZMH,0.9960315,0.9970052,0.99758315,0.9959753,0.99626935,0.9962388,0.99816775,0.9961579
TEF,1.0031241,1.0023445,1.0020669,1.0032418,1.0030521,1.0032865,1.0016761,1.0035813
ZNF121,1.0085914,1.0065594,1.0052664,1.0085225,1.0079918,1.0078835,1.0039436,1.0078773
GNAQ,0.9926075,0.99439967,0.99543214,0.9924419,0.9929788,0.9930455,0.99652064,0.9926778
TRIM44,0.999058,0.9993187,0.99933577,0.9989729,0.99928844,0.99908763,0.99952865,0.9986161
DCTPP1,1.0003648,1.0003235,1.0003306,1.0004587,1.0004863,1.0004433,1.0002997,1.0007203
MCEMP1,0.9970726,0.99778605,0.9981452,0.9969226,0.99717844,0.9971291,0.9985758,0.9970492
TIGD6,1.005649,1.0042949,1.0036197,1.005757,1.005364,1.0056347,1.0028107,1.0052009
GPALPP1,1.0062681,1.0048336,1.0038042,1.0061893,1.0058486,1.0055982,1.0028319,1.0057461
CREBL2,0.9997827,0.99977756,0.99944884,0.9990176,0.9993698,0.9992829,0.99949515,0.9989091
EIF3J,0.9990183,0.9992436,0.9995398,0.9991691,0.9990835,0.9991363,0.9996508,0.9996595
CPSF2,1.0005462,1.000433,1.0005746,1.0008605,1.0006524,1.0008873,1.000524,1.0007344
LIN7C,0.99640214,0.99724936,0.99771774,0.9961548,0.996356,0.99647605,0.99821997,0.99659324
UTS2,0.9972843,0.99794513,0.9982629,0.9970828,0.99731266,0.99727976,0.99864495,0.997233
MRPL1,0.99925953,0.9995359,0.9996394,0.9993297,0.9995549,0.99929494,0.99975514,0.99967194
FCGRT,0.998598,0.9990161,0.9989716,0.998276,0.99847925,0.99822825,0.99914944,0.9982883
RTL10,1.0024922,1.0019265,1.0016322,1.0026098,1.0023232,1.002477,1.0012295,1.0016057
CHD1L,1.0026312,1.0019249,1.0015459,1.0025145,1.0023193,1.0022335,1.0011477,1.003213
C1orf159,0.9994496,0.99969065,0.999707,0.9995123,0.9995562,0.99954313,0.99982107,0.9984571
STXBP6,1.0016989,1.0014213,1.0008371,1.0014476,1.0014418,1.0011089,1.0005635,1.0002657
AKR1B10,0.9992804,0.9994532,0.9993789,0.99892473,0.9990622,0.99892044,0.9994451,0.9990798
DPRX,0.9967072,0.99750435,0.9980099,0.9966529,0.996889,0.9968914,0.9984898,0.9969293
DMRTB1,0.99742717,0.99805325,0.9983276,0.9971957,0.99744964,0.9974091,0.99870306,0.9973208
ANKRD49,1.0034374,1.0026338,1.0018158,1.0030227,1.0029905,1.0027812,1.001343,1.0032315
GDNF,1.0000736,0.9999869,1.0003004,1.0003568,1.0001075,1.0002562,1.0002443,1.0009575
STARD3NL,1.0002939,1.0002568,0.9999768,0.9998692,0.9999362,0.9999912,0.9999558,1.0000836
NAP1L3,0.990764,0.99301994,0.9943009,0.99062496,0.99141526,0.99134445,0.99570477,0.9912318
LAPTM4B,0.99748755,0.99824864,0.9982662,0.997188,0.9975066,0.99698544,0.99856687,0.996708
ZFP36,0.99833846,0.99878156,0.99879646,0.9979849,0.9981504,0.9981239,0.9990276,0.99755657
MRPS18A,0.99958026,0.99982893,1.0000712,1.0000308,1.0000591,0.9999369,1.0001707,0.9999348
AWAT2,0.9966953,0.9974985,0.99799263,0.9966278,0.9968753,0.99686563,0.99847555,0.99688196
NPC2,0.99434656,0.99582756,0.9966558,0.99440736,0.99488413,0.9948732,0.9976003,0.99547774
CTDNEP1,0.9973004,0.9980167,0.9981893,0.9970911,0.9974464,0.9969112,0.99854106,0.9972807
TMED4,0.99937236,0.99954057,0.9998419,0.9996198,0.99956053,0.9996605,0.999948,1.0002795
KRT85,0.9967072,0.99750435,0.9980099,0.9966529,0.996889,0.9968914,0.9984898,0.9969293
RGN,0.99925756,0.9994588,0.9994069,0.9990456,0.99921954,0.9990418,0.9995187,0.9987582
NRBF2,1.0015042,1.001107,1.000728,1.0012319,1.0011425,1.0009781,1.0004396,1.0006566
DESI1,1.0006661,1.0005149,1.0003989,1.0005944,1.0005984,1.0005087,1.0002991,1.0007575
SOCS1,1.0052698,1.0039815,1.0031497,1.0051403,1.0048399,1.0050457,1.0024005,1.0039971
SLAMF9,0.9966594,0.9974672,0.9979802,0.99660647,0.9968447,0.9968443,0.99846673,0.9968895
SAP18,0.99642897,0.99731004,0.99789214,0.99647665,0.99672943,0.9967692,0.99842566,0.9965669
TMED10,0.9973656,0.9980054,0.9984473,0.9973738,0.99744594,0.997532,0.9988237,0.9977745
MAP1LC3B,0.99821055,0.9986901,0.99920404,0.9985403,0.99851865,0.99869394,0.99944794,0.99831104
SLC10A6,0.9967072,0.99750435,0.9980099,0.9966529,0.996889,0.9968914,0.9984898,0.9969293
EEF1AKMT3,1.0000858,1.000111,1.0004436,1.0006126,1.0005618,1.0008371,1.0005568,1.0010549
CD164,0.99801713,0.99857354,0.998649,0.9977332,0.9980582,0.9978589,0.998961,0.9977956
ZDHHC19,0.99786794,0.99834114,0.9988647,0.99801826,0.9980384,0.998266,0.99917144,0.9980819
SPSB2,0.9991336,0.9993191,0.99950755,0.9991237,0.9991518,0.999329,0.9996924,0.99925494
AKT1S1,1.0002962,1.0001476,1.0004791,1.0006717,1.0003414,1.0005748,1.0004089,1.0011227
ZNF80,0.9970124,0.9977504,0.99823165,0.9970001,0.99721646,0.9972464,0.9986671,0.99705696
SPIN1,0.9966516,0.99744236,0.9979099,0.9964601,0.99662626,0.9967106,0.9983614,0.9968182
RBPMS,1.0060005,1.0046602,1.0036879,1.0058784,1.0055621,1.0054753,1.0027833,1.0059576
BCAP31,0.99898857,0.99925816,0.9992211,0.9987273,0.9988911,0.99877226,0.9993778,0.9985587
GOLGA7B,0.9971294,0.9977922,0.9984273,0.9973727,0.99741673,0.9975725,0.9988837,0.99773884
PRB1,0.9968146,0.99758285,0.9980695,0.9967543,0.99697936,0.9969673,0.99852663,0.99701464
CXCR6,0.9976628,0.9982252,0.99857485,0.99758637,0.9977524,0.99776816,0.9989123,0.99775445
ARGFX,1.0020514,1.0015147,1.0010992,1.0017881,1.0016913,1.0015051,1.0007151,1.001313
DBH,0.99994856,0.99986637,1.0000364,0.99996686,0.99982977,1.0000491,1.0000304,1.0004463
PON2,0.9963101,0.997302,0.9978079,0.9964152,0.99662435,0.9963673,0.9983518,0.9967774
CYB561D1,1.001151,1.000774,1.0007432,1.0011352,1.0009574,1.0010948,1.0005082,1.0005691
DUSP18,1.0006038,1.0004252,1.0002623,1.0004293,1.0003843,1.0003021,1.0001615,1.0006354
COX4I1,0.99667,0.99742615,0.9978382,0.996418,0.99661547,0.9966227,0.9982649,0.9963927
TRPV2,1.0018861,1.0013893,1.0011845,1.0018022,1.0016888,1.0016797,1.0008605,1.0025417
TMEM47,0.9916471,0.9939065,0.99465215,0.99125516,0.9923238,0.9919373,0.996106,0.9924062
PAQR9,1.0017262,1.0012848,1.0010357,1.0016876,1.0015087,1.0014817,1.0007467,1.0018088
MCIDAS,0.9967072,0.99750435,0.9980099,0.9966529,0.996889,0.9968914,0.9984898,0.9969293
GSTO2,0.9995757,0.99972576,0.9997342,0.9995223,0.99980664,0.9997122,0.99988407,0.999565
TMEM106B,1.0025553,1.0019598,1.0016887,1.0026762,1.0023266,1.0024977,1.0012859,1.0020533
ZNRF4,0.99840736,0.9987772,0.9989924,0.9982873,0.9984095,0.99842435,0.99921346,0.99825364
NMRK2,0.99660397,0.9974286,0.9979416,0.9965435,0.99679434,0.9967872,0.9984386,0.9968146
IZUMO3,0.99676675,0.99754906,0.99803686,0.99670285,0.9969377,0.9969303,0.9985063,0.9969621
DUSP22,0.99901235,0.99919,0.9993862,0.9990266,0.9990853,0.9988674,0.99949706,0.9994323
PILRB,0.9927425,0.9946509,0.99531937,0.99235654,0.99310744,0.9924511,0.99630153,0.99208957
DCTN3,0.9996736,0.99970317,0.999966,0.99987364,0.99975,0.99984145,0.99996674,0.99980545
PIGX,0.9974241,0.99807346,0.9982108,0.99711937,0.99748147,0.9973384,0.9986502,0.9975291
CCDC134,0.99786866,0.99833804,0.9987872,0.9979832,0.99811924,0.99815524,0.9990998,0.9980793
TPGS2,0.9951192,0.99625736,0.99730664,0.99546975,0.99562263,0.995858,0.9980043,0.9953257
C12orf29,1.0048826,1.0037761,1.0032582,1.0052284,1.0048313,1.0047687,1.0024674,1.0040864
RPS9,1.000562,1.0003985,1.0002866,1.0004127,1.0003953,1.0004501,1.0001955,1.0003724
ADM2,0.9983843,0.99881953,0.9988827,0.9980978,0.9983212,0.9981544,0.99909127,0.9981231
SPATA4,0.9978137,0.99832094,0.9988408,0.9979889,0.9980932,0.9982053,0.9991869,0.9985175
ZNF785,1.0033994,1.002565,1.002047,1.0034076,1.003124,1.0030173,1.0015223,1.0034047
PPP1R35,1.0023048,1.00177,1.0013956,1.0022552,1.0022147,1.0019833,1.0010372,1.0020669
TNFRSF9,0.9991058,0.9993083,0.9996325,0.9993299,0.99935174,0.9994585,0.99979556,0.9995778
SNX16,1.0090418,1.0067596,1.005518,1.0088956,1.0081325,1.0085385,1.004181,1.0090809
SYNGR3,0.9977816,0.9984023,0.99869025,0.99785393,0.99781954,0.9977277,0.9989543,0.99742955
HIST1H3I,0.9967072,0.99750435,0.9980099,0.9966529,0.996889,0.9968914,0.9984898,0.9969293
C11orf1,0.9965766,0.9973694,0.99813616,0.99687433,0.9971146,0.99719155,0.998714,0.99770856
NIPSNAP3B,1.0027424,1.0019256,1.0015615,1.0025852,1.0024015,1.0026915,1.0012038,1.0025837
CCNG1,0.99587274,0.99688065,0.9976841,0.9960753,0.9963063,0.9966401,0.9983764,0.99648106
UBE2I,0.99915844,0.9993701,0.9994812,0.9990909,0.99916255,0.9990932,0.9996059,0.99950016
RAP1B,0.9973446,0.99810463,0.9986778,0.99767554,0.9978069,0.9978414,0.9990862,0.99785864
LIMA1,0.99733454,0.99817383,0.99809843,0.99686074,0.9971078,0.9966972,0.99850035,0.9979245
SPC24,0.99668884,0.9975951,0.99794555,0.996525,0.9969096,0.99669087,0.99841666,0.99625266
AGTR2,0.9967072,0.99750435,0.9980099,0.9966529,0.996889,0.9968914,0.9984898,0.9969293
KIAA0355,0.9954622,0.99644274,0.99721026,0.99539125,0.9956374,0.9958323,0.9978641,0.99570906
CAVIN4,1.0040576,1.0030283,1.0021858,1.0037187,1.0036491,1.0032871,1.0015134,1.0023181
TMEM178B,0.99565125,0.9968103,0.99686897,0.9949055,0.99563247,0.9952611,0.9975432,0.99467057
EPPIN,0.9963001,0.9972002,0.99777114,0.9962584,0.99651664,0.9965166,0.99831235,0.9965855
YEATS2,0.99806094,0.9985166,0.9987987,0.9980606,0.99813086,0.99803907,0.9990345,0.9976307
TESC,1.0038438,1.002801,1.0024235,1.0038618,1.0035765,1.0038571,1.0018744,1.0038971
CBLN4,1.0043411,1.003429,1.0034467,1.0052919,1.0048219,1.0049604,1.0027432,1.0045317
NUBP2,0.9948986,0.99610716,0.99726975,0.995363,0.9956295,0.9959048,0.9980769,0.9956392
CALML3,0.9967072,0.99750435,0.9980099,0.9966529,0.996889,0.9968914,0.9984898,0.9969293
PTPN4,0.99387527,0.9953682,0.99641,0.99407315,0.99430764,0.9944322,0.9973055,0.9940636
BTG3,0.99996984,1.0000657,1.0000012,0.9998668,0.99992085,0.99979985,0.99998766,0.99982035
H1FNT,0.9967072,0.99750435,0.9980099,0.9966529,0.996889,0.9968914,0.9984898,0.9969293
CHCHD6,1.0001757,1.0001836,1.0005062,1.0006669,1.0005736,1.0006721,1.000498,1.0007913
RPP21,1.001345,1.0009438,1.0011129,1.0017018,1.0014353,1.0014862,1.0008472,1.001888
TENT5D,0.99674165,0.99753034,0.9980261,0.99668217,0.99691755,0.996915,0.99849993,0.9969486
HCAR1,0.99782246,0.9983202,0.9988353,0.99804556,0.99809587,0.99800223,0.9991039,0.99821067
GPR20,0.99956006,0.9996581,0.999591,0.9992862,0.99942744,0.9992771,0.9996271,0.9993956
MNDA,0.9940089,0.99547523,0.9963362,0.9938665,0.99445784,0.9945214,0.99728626,0.9943508
SUSD6,0.99991524,0.999841,1.0002384,1.0001615,0.9999701,1.0005817,1.0003214,1.0006338
PLAGL1,0.9977802,0.99849635,0.99871874,0.9978577,0.99813235,0.9979328,0.9991226,0.9982021
FKBP2,0.9972744,0.99799955,0.99860775,0.99760747,0.997692,0.9977943,0.99902856,0.99759483
HIST1H3J,0.9967072,0.99750435,0.9980099,0.9966529,0.996889,0.9968914,0.9984898,0.9969293
XPO4,0.99907565,0.9994208,0.9991776,0.9986886,0.9990016,0.99858916,0.9993427,0.99885595
ZCCHC13,0.9967072,0.99750435,0.9980099,0.9966529,0.996889,0.9968914,0.9984898,0.9969293
PFN1,0.99721503,0.997915,0.99832153,0.9971907,0.99731135,0.99737304,0.99873036,0.99714506
TRIM31,0.9967625,0.99755025,0.998029,0.996688,0.9969337,0.99692196,0.99850154,0.9969264
ZNF679,0.99674165,0.99753034,0.9980261,0.99668217,0.99691755,0.996915,0.99849993,0.9969486
KCNK18,0.9967072,0.99750435,0.9980099,0.9966529,0.996889,0.9968914,0.9984898,0.9969293
LBHD1,1.0003501,1.000339,1.0001211,1.0001094,1.0003088,1.0000448,1.0000436,0.99994063
SNAP23,0.99786514,0.99846864,0.9986247,0.99776167,0.99794114,0.9979644,0.9989839,0.9971207
CHURC1,0.99792045,0.99849,0.99887127,0.998033,0.9982412,0.9981866,0.99920803,0.99856055
HRASLS,0.9967072,0.99750435,0.9980099,0.9966529,0.996889,0.9968914,0.9984898,0.9969293
UBE2E1,0.99857044,0.9989054,0.9986248,0.9978191,0.9982401,0.99817115,0.9989116,0.9975265
DBP,1.0004455,1.000349,1.0002995,1.0004177,1.000368,1.0005544,1.0002489,1.0000725
MYL9,1.0072864,1.005593,1.0042161,1.0068145,1.0064955,1.0063889,1.0031408,1.0066333
FGF23,1.0025108,1.0019069,1.0016155,1.00255,1.0024391,1.0024993,1.0012516,1.0023074
PFN3,0.99671334,0.99751,0.99817365,0.9968638,0.99713314,0.9973377,0.99874794,0.9974351
TLCD2,1.0016203,1.0012918,1.0011992,1.0018373,1.001574,1.0015479,1.0009152,1.001836
FGF1,0.99991035,0.9999314,0.99969286,0.9995174,0.9996513,0.9994056,0.9997407,1.0004842
PLEKHB1,0.9966248,0.9975854,0.998324,0.9971318,0.9970902,0.9971228,0.9988365,0.9974694
SPTBN1,0.9836735,0.9876107,0.98987836,0.9834187,0.98456424,0.9844707,0.9922694,0.9841398
BCL2L14,0.9967842,0.99758685,0.9980637,0.9967463,0.9969528,0.9968517,0.9984919,0.9969305
OSTF1,0.9997921,0.99984497,0.9998684,0.9997077,0.99978864,0.9998909,0.99990815,0.9992639
GRAMD1B,1.0018338,1.0012738,1.0013134,1.0020704,1.0016135,1.0017713,1.0009301,1.0022306
CD1A,0.9968839,0.9976351,0.99807537,0.9967765,0.99702096,0.99701583,0.9985328,0.99699116
PGRMC1,0.9971626,0.9979743,0.9981549,0.99690926,0.99724543,0.9970119,0.9985478,0.9966948
MSANTD3,1.0000087,1.0000105,1.0000563,1.0000163,1.0000902,1.0000386,1.0000306,0.99993217
FAM110A,1.0012058,1.0008639,1.0005524,1.0008442,1.000831,1.0008824,1.0003911,1.0014795
FGF20,0.9972809,0.9979739,0.99830925,0.9971392,0.99737775,0.99731505,0.9986959,0.99736
PRR16,1.0012817,1.000953,1.0007049,1.0010523,1.0011208,1.0012456,1.0005766,1.0011368
ISOC2,0.9983945,0.9988295,0.9993353,0.99888194,0.9988924,0.9988482,0.99958897,0.99915624
SPATA19,0.99674165,0.99753034,0.9980261,0.99668217,0.99691755,0.996915,0.99849993,0.9969486
PPIP5K1,1.0077734,1.0058302,1.0045961,1.007412,1.0071974,1.0073208,1.0035369,1.0077324
OMG,0.99396586,0.9955162,0.99718237,0.99523103,0.99515307,0.9954059,0.99809706,0.995859
CCDC59,1.0018861,1.0014163,1.0013301,1.0020487,1.0017956,1.0018871,1.0010104,1.0021741
OAZ3,0.9996427,0.99977446,0.9997439,0.99945617,0.99968565,0.99983394,0.999918,0.9997467
HMGB4,0.99704206,0.99775696,0.9982141,0.99698627,0.99719197,0.9972124,0.99864346,0.9972006
SIVA1,0.99854106,0.99898183,0.9992119,0.99868673,0.9988799,0.9988414,0.999515,0.99900144
DRICH1,0.9988252,0.99910724,0.99933136,0.9987954,0.9989207,0.99892473,0.99950135,0.9989474
LHPP,0.99839103,0.9987824,0.99918956,0.9986217,0.99856234,0.9985609,0.999422,0.99881506
SPATA32,0.9969666,0.9977012,0.99818164,0.99692714,0.9971349,0.9971372,0.99861777,0.9972124
GSTK1,1.0000417,1.0001369,0.99955446,0.9993546,0.99964035,0.999346,0.99960554,0.9990928
SINHCAF,0.998667,0.9989376,0.9991127,0.99848825,0.99861336,0.9986657,0.9992888,0.9985141
MTERF2,0.9985333,0.999025,0.9997833,0.999449,0.9995191,0.9995935,1.0000681,0.9994222
GSTM2,0.9985542,0.99891824,0.99937296,0.9987544,0.99874127,0.99885654,0.9995916,0.99988353
DNAI1,0.99907076,0.99931705,0.9994957,0.999063,0.9989714,0.9990586,0.99957734,0.99847984
LRRC75B,0.9977224,0.99823976,0.9983357,0.9973463,0.99758446,0.9975961,0.99873805,0.99729216
ATP6V0E2,0.998999,0.99924386,0.9997381,0.99940026,0.99923694,0.99941707,0.99984115,0.9995942
CLDN2,0.9986248,0.9988997,0.9990549,0.99840784,0.99856603,0.9985767,0.99925166,0.9984223
HIST1H2AM,0.9967072,0.99750435,0.9980099,0.9966529,0.996889,0.9968914,0.9984898,0.9969293
FTMT,0.9967072,0.99750435,0.9980099,0.9966529,0.996889,0.9968914,0.9984898,0.9969293
SLC31A1,0.9987967,0.9990977,0.9993579,0.998827,0.99879706,0.9988494,0.9995334,0.9995201
TAF13,1.0036614,1.0027993,1.0022274,1.0035903,1.0034312,1.0034719,1.0017754,1.004252
GPR65,0.99775445,0.99825,0.99876857,0.9978348,0.99797183,0.9980839,0.99909425,0.99844325
MTG1,0.9994954,0.99968064,1.0001645,1.0000486,0.999908,1.0000519,1.0002367,1.0004035
CEACAM8,0.99611586,0.9970668,0.9978368,0.9963747,0.99661124,0.9967184,0.9984733,0.9968666
SPEF1,0.99752676,0.99810576,0.9985645,0.99756634,0.9977387,0.997718,0.9989431,0.9980726
MICA,0.99856335,0.9988097,0.99892694,0.99822843,0.99825454,0.9982735,0.9991081,0.99885905
CAPS,1.0045354,1.0034508,1.0026195,1.0042865,1.0040686,1.0040541,1.0019679,1.0037823
RPS7,0.99757254,0.9981531,0.99844813,0.9974461,0.99752694,0.99753666,0.99876857,0.9975168
GOLGA6L6,0.996755,0.9975382,0.99805856,0.99672604,0.9969497,0.9969559,0.9985311,0.9970759
MYL10,0.9970144,0.99772894,0.9982174,0.9969913,0.99718827,0.99718726,0.9986417,0.9972265
PON3,1.0011824,1.0009172,1.0006324,1.0010066,1.0010318,1.0010116,1.00049,1.0010097
CCDC166,0.99674165,0.99753034,0.9980261,0.99668217,0.99691755,0.996915,0.99849993,0.9969486
TRAPPC1,0.99555683,0.9966302,0.9975155,0.99580216,0.9960325,0.99604803,0.99816453,0.9962857
MRPL51,0.99821687,0.9986455,0.998925,0.99812585,0.99827456,0.9982719,0.9991847,0.9986887
IL32,0.9984123,0.99878097,0.9989778,0.99828875,0.9983631,0.99835104,0.9991784,0.9982617
UBAP1L,0.99730694,0.99798393,0.99859947,0.99750686,0.99748385,0.99757206,0.99895054,0.9981773
RGS17,1.0040098,1.0030406,1.0024664,1.0039592,1.003705,1.003929,1.001932,1.004202
TMC3,0.9980313,0.99850154,0.9987782,0.9979334,0.99806845,0.9980767,0.9990509,0.997926
SPEM1,0.9968146,0.99758285,0.9980695,0.9967543,0.99697936,0.9969673,0.99852663,0.99701464
MRPS2,1.0022979,1.001812,1.001303,1.002052,1.002018,1.0019898,1.0010109,1.0021516
TRAPPC3,0.9996595,0.9996264,1.0000134,0.9998619,0.99973273,1.0000687,1.0000662,1.0003798
SKA3,1.0026212,1.0020599,1.0015837,1.0024427,1.0023714,1.0021379,1.0011262,1.0021448
NUTM2F,0.9996871,0.99974763,0.99978673,0.9995791,0.9996066,0.99963653,0.9998219,0.9996629
RPL28,1.0005605,1.0003972,1.0003637,1.0005344,1.0004327,1.0004933,1.0002384,1.0002489
PAPOLA,0.9961648,0.99705744,0.9978025,0.9962876,0.9963348,0.9965543,0.9983457,0.9968052
TNNC2,0.9956684,0.99666595,0.9975333,0.99585444,0.9959878,0.99612606,0.9981518,0.99640745
ZNF708,1.0031525,1.002456,1.0017875,1.0028024,1.0028126,1.0028815,1.0013795,1.0028307
TGIF2,0.99415016,0.99564433,0.99635625,0.99414,0.9945166,0.9940758,0.99718076,0.9941453
PAX9,0.99878657,0.99908704,0.999339,0.9988015,0.9988549,0.9989392,0.99950755,0.9987677
RABL2B,1.0008576,1.0006385,1.0005872,1.0008904,1.0008035,1.0008273,1.0004632,1.0012
TMEM150A,1.0036237,1.0028284,1.0023116,1.0036358,1.003298,1.0034108,1.0017807,1.0034517
BCL7C,0.998435,0.998929,0.99916756,0.9985504,0.9987463,0.99889135,0.9995345,0.99832183
ZNF141,1.0063211,1.0047724,1.003965,1.0064361,1.0060513,1.006011,1.0030121,1.0064449
ANKRD7,0.9985684,0.99892867,0.9991482,0.9984824,0.9986378,0.99864334,0.9993551,0.99861693
MCUR1,0.99763215,0.9982101,0.9987885,0.99784744,0.99791574,0.9981183,0.99916685,0.9985142
RPL23A,1.0009674,1.0006766,1.0004411,1.0006495,1.0005469,1.0007162,1.0002716,1.000626
CPSF4L,0.99689305,0.9976382,0.9981091,0.9968208,0.99704486,0.99704194,0.998559,0.99711096
NAT16,0.9984652,0.9987892,0.99902153,0.9984323,0.9984337,0.9982021,0.99915045,0.9984065
STMN3,0.9993518,0.999558,0.99959135,0.99924064,0.9994237,0.99925566,0.99967825,0.99957013
FAM162B,1.0058883,1.0044591,1.0036731,1.0059159,1.0055572,1.0057087,1.0028206,1.0055451
ZNF90,1.0030502,1.0023382,1.0016408,1.0027258,1.0026766,1.002631,1.0012003,1.0018581
CCDC153,0.9974445,0.9980804,0.9983099,0.99717224,0.99746615,0.9974246,0.9987229,0.99746406
PRSS45,0.9967072,0.99750435,0.9980099,0.9966529,0.996889,0.9968914,0.9984898,0.9969293
MRGPRF,0.99783385,0.99835956,0.9986268,0.9976697,0.99785775,0.9978097,0.9989314,0.998015
PSENEN,0.99731714,0.99803066,0.9983196,0.99712217,0.9974791,0.9975035,0.99879396,0.9974299
ANAPC10,1.0021869,1.0016112,1.0015106,1.002371,1.00208,1.0020125,1.0010978,1.0023358
LYPD6,1.0037642,1.0028514,1.0022783,1.0036833,1.0034187,1.0033157,1.0016782,1.0037117
CCDC32,1.0037463,1.0027721,1.00244,1.0038767,1.0034604,1.0038171,1.0018861,1.0036578
ZNF558,1.0050893,1.0038486,1.0030438,1.0049419,1.0045671,1.0049505,1.0023966,1.0049839
RPL9,0.9977037,0.99826074,0.9984718,0.9974725,0.9976324,0.9976419,0.9987788,0.9972496
RAB18,0.997804,0.9983773,0.9985004,0.9974623,0.997782,0.99751663,0.9988059,0.99815035
NXPH3,0.99673307,0.99753845,0.9980885,0.99680334,0.9968961,0.99689305,0.99857175,0.9973784
RXFP4,0.9967072,0.99750435,0.9980099,0.9966529,0.996889,0.9968914,0.9984898,0.9969293
CIB2,1.0031403,1.0025079,1.0016246,1.0027181,1.0027995,1.0024084,1.0011768,1.0016991
TYW3,1.0029268,1.0021175,1.0016675,1.002732,1.0026008,1.0027689,1.0013242,1.0033923
TMEM182,0.9988814,0.99917006,0.99973977,0.9994391,0.99924564,0.9995202,0.99990904,0.9993723
FASLG,0.996192,0.9971143,0.99774396,0.9962251,0.99646544,0.9964529,0.99829197,0.9964912
MC4R,0.99739087,0.9980155,0.99853015,0.9975078,0.9976383,0.9976864,0.99890727,0.9976706
ELP5,1.0018584,1.0014092,1.0010707,1.0017968,1.0016564,1.0015709,1.0007977,1.0019791
IFI35,0.9994713,0.999583,0.9995958,0.9993162,0.99935496,0.9993678,0.9996631,0.9989829
NEURL2,0.99725723,0.9979625,0.99829286,0.9970816,0.9973819,0.99743253,0.9987236,0.9969535
NCOA1,0.9960028,0.99698055,0.9974651,0.9958052,0.99590063,0.99605757,0.9980121,0.9955113
MED30,0.996287,0.99711394,0.998116,0.99676895,0.9967484,0.99707496,0.9986615,0.9972123
FRMPD4,1.0059223,1.0044658,1.0035312,1.0057918,1.00546,1.0053904,1.0026474,1.005519
SCHIP1,1.003034,1.0021383,1.0018923,1.0030761,1.0027047,1.0029935,1.0014112,1.0030508
NOXRED1,0.9978865,0.9984111,0.99866426,0.99776244,0.99797654,0.99786484,0.99896723,0.9980018
EMB,1.0004513,1.000208,1.000304,1.000373,1.0002929,1.0005907,1.0002503,1.0008172
GZMM,0.9962505,0.9971393,0.9977821,0.99629223,0.9965062,0.9965018,0.9983143,0.9966389
C19orf66,0.9967072,0.99750435,0.9980099,0.9966529,0.996889,0.9968914,0.9984898,0.9969293
UBE2D2,0.99637985,0.99721,0.9980237,0.9966005,0.99669373,0.99685645,0.9985436,0.9973424
CXCR1,0.99654794,0.9973819,0.99792194,0.9965075,0.9967487,0.9967556,0.9984262,0.99681604
CAPNS2,0.9967072,0.99750435,0.9980099,0.9966529,0.996889,0.9968914,0.9984898,0.9969293
NUDT5,0.99749064,0.99817336,0.99863803,0.9976431,0.9978444,0.9977728,0.99900424,0.9974848
DTX3,1.0017501,1.0013385,1.0010562,1.0017064,1.0016091,1.0016788,1.0008268,1.0016557
SUPT4H1,1.0001993,1.0001286,1.0004224,1.000591,1.0003321,1.0004537,1.0003455,1.0008602
STX11,1.0022962,1.0018591,1.0011185,1.0018029,1.0019147,1.001842,1.0008559,1.0013815
AL354898.1,0.9967072,0.99750435,0.9980099,0.9966529,0.996889,0.9968914,0.9984898,0.9969293
ZBTB11,0.99618006,0.9970482,0.9974915,0.9958631,0.99610686,0.9958925,0.99797857,0.996563
SUMO3,1.0009651,1.0008128,1.0007439,1.0010784,1.00106,1.0010442,1.0005989,1.0009968
TWSG1,0.99568504,0.99675703,0.9976245,0.99606407,0.9961772,0.99619323,0.99827033,0.9959724
LGALSL,0.99979335,0.9999743,1.000298,1.0004424,1.0004704,1.0004452,1.0003968,0.99994123
EDN1,0.9967407,0.99759436,0.997776,0.9963292,0.9967278,0.99659497,0.9982805,0.99606407
RSL24D1,0.9976226,0.99819624,0.99874187,0.99779475,0.997827,0.9981016,0.9990941,0.99784935
SLC10A4,0.9965983,0.9974625,0.99802524,0.9965373,0.996599,0.99613106,0.99832094,0.99823016
CTDSP2,0.9952684,0.9964255,0.99755955,0.99585956,0.9957621,0.9960775,0.9982388,0.99613345
HUS1,1.0043312,1.0032519,1.0024046,1.0039316,1.0037742,1.0037794,1.0017887,1.0037868
GP1BB,0.9951486,0.99643433,0.99746096,0.99560034,0.9959724,0.9962394,0.998243,0.99513304
KCNC1,1.0068326,1.0052526,1.004128,1.0068135,1.0064516,1.006181,1.0030493,1.0051308
HMGB2,0.9988644,0.9990777,0.99937785,0.99887383,0.99872875,0.99895465,0.99952185,0.9995517
PGLYRP4,0.99630404,0.99720514,0.99777544,0.99626535,0.99653006,0.996539,0.9983207,0.99655044
TPD52,1.0028024,1.0022461,1.0017667,1.0027933,1.002869,1.0026951,1.0014294,1.002857
ZNF593,0.9963995,0.9972188,0.99813676,0.9968082,0.9967984,0.9970367,0.99868345,0.99796474
RBM18,1.0006791,1.0005193,1.0005418,1.0008266,1.0008259,1.0009359,1.0004725,1.0007961
SCN8A,1.0018302,1.0013878,1.0010269,1.0016543,1.0016599,1.0014986,1.0007278,1.0015652
CLK3,0.9956603,0.996729,0.99753094,0.99574375,0.9960793,0.99628234,0.9982598,0.9972117
HIST1H4D,0.9967072,0.99750435,0.9980099,0.9966529,0.996889,0.9968914,0.9984898,0.9969293
C9orf47,1.0002329,1.000134,1.0000242,1.0000427,1.0002619,1.0001965,1.0000386,0.999847
EGR2,1.0014467,1.0009383,1.0011468,1.0016644,1.0013394,1.0019431,1.0009679,1.0021502
RPP40,1.004844,1.0037655,1.0031644,1.0050724,1.0048734,1.0048116,1.0024989,1.0049708
NTNG1,0.9991405,0.99939644,0.999791,0.9995464,0.9994471,0.9995644,0.99992925,0.99967897
DBI,0.99795187,0.99840355,0.99898374,0.9981599,0.99799585,0.9983152,0.99925745,0.99889165
TINAG,0.99662447,0.9974369,0.9979487,0.99656296,0.99680674,0.9968077,0.99844277,0.99680996
PROS1,1.0080185,1.0061766,1.005054,1.0082046,1.0076879,1.0075972,1.0038282,1.0069516
LIN28B,1.0075467,1.0057683,1.0041941,1.0068636,1.0067451,1.0065511,1.0030724,1.0056541
ATP6V0B,0.99703693,0.99773526,0.9981241,0.99685764,0.99709475,0.9970765,0.9985185,0.99674714
TMED8,1.0022109,1.0016662,1.0013832,1.002192,1.0019281,1.0020876,1.001052,1.0020751
PEG10,0.9939475,0.99547505,0.9964565,0.9940243,0.9944463,0.99441063,0.99731964,0.994527
TMEM185A,1.001382,1.0010971,1.0012089,1.0018867,1.0016549,1.0016086,1.0009587,1.0012839
INSM1,0.9935901,0.9950916,0.9958199,0.99306834,0.99375415,0.99358547,0.9967371,0.9932488
SOCS2,1.0015236,1.0011449,1.0004084,1.0008237,1.0008755,1.0007529,1.0002238,1.0001721
C8G,0.9973953,0.998039,0.9984478,0.9973744,0.9975725,0.9975681,0.9988361,0.99751616
MCRIP1,0.9996996,0.9997643,0.9998835,0.9997038,0.9996322,0.9996196,0.99987966,1.0000283
TCP10L2,1.0003047,1.0002041,1.0002232,1.0002453,1.0001922,1.0003177,1.0001818,1.0007604
DPCD,0.9998195,0.99984074,1.0005473,1.0007544,1.0003814,1.0008326,1.0005974,1.000561
VSTM2B,1.0031829,1.0024173,1.0019523,1.0032595,1.003046,1.0030239,1.0014781,1.0024395
ALKBH2,0.9977536,0.99835896,0.998803,0.998002,0.9980359,0.99790823,0.99912846,0.99869037
SYS1,1.0026567,1.002059,1.0019345,1.003095,1.002771,1.0028163,1.0015283,1.0024583
PRR4,1.000227,1.0001369,1.0001831,1.0001919,1.0000578,1.0003493,1.0001571,0.9999941
TCEANC,1.0084815,1.0063391,1.0053552,1.0085644,1.0078404,1.0079864,1.004,1.0087099
HSD11B1,0.998648,0.9989624,0.9992775,0.9987179,0.998753,0.99886346,0.9994769,0.99881864
LMO4,0.99515045,0.996444,0.99677765,0.9946772,0.99516004,0.99498534,0.9975202,0.9951817
RHBDD3,0.9988431,0.99914896,0.999496,0.99915147,0.9989865,0.99900454,0.99960434,0.99849355
CHD1,0.9980625,0.9985739,0.9987923,0.99792814,0.9980665,0.9981798,0.99911296,0.9982759
GPR132,0.9975106,0.9980781,0.99863243,0.9977206,0.9978336,0.9977449,0.9989471,0.99777055
CDC42EP1,0.99644345,0.99737775,0.99796116,0.99660975,0.9967824,0.9966592,0.99848855,0.9969444
PLA2G12A,0.999212,0.9993322,0.99965096,0.99938,0.9992703,0.9994689,0.99978876,0.9998756
ANKRD60,0.99534065,0.9964667,0.9972223,0.99538296,0.995667,0.9955167,0.9978698,0.99589336
EEF1B2,0.99771434,0.99828124,0.9985975,0.9976436,0.99775153,0.99774694,0.99889255,0.9975735
CCDC169,0.99568874,0.99672353,0.9974815,0.9957856,0.996027,0.99605495,0.99810636,0.99615014
ADO,1.0013542,1.000903,1.0009043,1.0014263,1.001176,1.001417,1.0007212,1.002231
LRRC3C,0.9967072,0.99750435,0.9980099,0.9966529,0.996889,0.9968914,0.9984898,0.9969293
TRUB2,1.001317,1.0010531,1.000876,1.0013168,1.0012482,1.0012779,1.0007148,1.0020336
TMEM255B,0.9968949,0.9976977,0.9979259,0.99658775,0.9968777,0.99674994,0.9983664,0.99661934
ARL6IP1,0.9953886,0.9965138,0.99711907,0.995183,0.99547064,0.995515,0.997755,0.9952492
DPT,0.9959835,0.99695504,0.99763894,0.99604815,0.9962976,0.9963075,0.99822533,0.99639595
LRMDA,0.99904454,0.99931455,0.99925256,0.9987236,0.99895394,0.998824,0.9993892,0.99868536
HIST2H2AB,0.9967072,0.99750435,0.9980099,0.9966529,0.996889,0.9968914,0.9984898,0.9969293
ODF3L1,0.9985658,0.9989323,0.99916303,0.99853766,0.9986828,0.99875456,0.99939525,0.9984137
MPZL1,0.99888825,0.99932754,0.999326,0.99878,0.9991271,0.9989675,0.9995685,0.99882674
TNF,0.9998613,0.9999159,0.99980986,0.999624,0.99979174,0.9998193,0.9998673,0.9994271
TTR,0.99567944,0.9970224,0.99715865,0.995094,0.995944,0.9956446,0.99802387,0.9972829
GLRA1,0.9976006,0.9981973,0.9985423,0.9975171,0.9977085,0.99768245,0.99888945,0.99783456
CFH,1.0053554,1.0040361,1.0033722,1.0054194,1.004926,1.0051394,1.0025545,1.0047817
ZNF707,0.9980507,0.9984595,0.9991856,0.99855506,0.99846077,0.99858296,0.9994549,0.9994273
H2AFZ,0.9967072,0.99750435,0.9980099,0.9966529,0.996889,0.9968914,0.9984898,0.9969293
POLR2G,1.0011373,1.0008583,1.0007218,1.0010668,1.0009906,1.0010729,1.0005474,1.0012165
TSPO,0.99909043,0.99929035,0.9996325,0.9993091,0.99908876,0.99917006,0.999691,0.99940926
ZSCAN4,0.9969726,0.9976876,0.9981785,0.9969362,0.99712384,0.997105,0.9986011,0.9972676
DUSP3,0.9992889,0.9992765,0.99957204,0.99918854,0.9991198,0.9994739,0.99966645,0.99972296
TRIM77,0.99668026,0.99747914,0.9979962,0.99663115,0.996866,0.99687994,0.99848247,0.99692774
ORAI2,0.99941486,0.9996021,0.9995979,0.99926203,0.9992501,0.99934036,0.9997021,0.9996909
ATP4B,0.9959954,0.9969691,0.9976294,0.9960151,0.99627185,0.9963048,0.99821746,0.9963496
CCDC3,0.98739564,0.99038374,0.99223125,0.9871775,0.98792624,0.9878439,0.99401927,0.988371
RHNO1,0.998477,0.99883103,0.9991853,0.99861944,0.9987724,0.99853915,0.99937284,0.9988605
FUT5,0.9969953,0.9977243,0.9981477,0.99688625,0.99712086,0.9971081,0.9985834,0.9971055
STEAP1B,0.9982099,0.9986336,0.9990566,0.9983694,0.9983946,0.9984063,0.99928427,0.9984789
HIST2H2AC,0.9967072,0.99750435,0.9980099,0.9966529,0.996889,0.9968914,0.9984898,0.9969293
CHP2,0.99953043,0.9996128,0.9997561,0.9995254,0.999499,0.999488,0.99978155,0.9995942
SNX24,1.0054524,1.0042018,1.0029376,1.0048918,1.0047706,1.004203,1.0020704,1.0046812
TMEM163,0.9979769,0.99861765,0.998752,0.99786925,0.998331,0.9981999,0.9991727,0.9975406
NKAIN2,0.9993907,0.99964565,0.9991231,0.9985715,0.99896973,0.9990444,0.9993615,0.99844897
TRIM40,0.99678284,0.9975583,0.9980508,0.99672127,0.99695194,0.9969539,0.9985186,0.99700844
LACTBL1,0.996326,0.99722165,0.9977845,0.99628305,0.99654746,0.99655163,0.9983257,0.99656135
RFESD,1.003384,1.0026929,1.0020317,1.0032328,1.0031964,1.0030845,1.0015677,1.0030277
SFTPA2,0.9952769,0.9963,0.9971511,0.9952954,0.99550486,0.99541044,0.9977646,0.9961992
NPY5R,1.0004199,1.0004059,1.0002011,1.0002806,1.0003616,1.0002029,1.0001572,1.0000908
USB1,1.0010816,1.0008715,1.0006973,1.001132,1.0012616,1.0012985,1.0006653,1.0012214
MYCT1,0.99472964,0.99601614,0.99662036,0.9944323,0.99475026,0.99470884,0.99735665,0.99440074
SLAMF6,0.9980011,0.99840367,0.99885786,0.99806184,0.99810547,0.9981967,0.9991157,0.99832004
EDARADD,1.0053345,1.0042012,1.0031439,1.00508,1.0049975,1.0049272,1.0024898,1.0052941
DDX11,0.99324423,0.99484575,0.99652904,0.994135,0.99433005,0.9943509,0.9974881,0.99515134
IAH1,0.99623287,0.9971153,0.9977945,0.9963149,0.99664295,0.9967598,0.99843323,0.99687326
RNF115,1.006834,1.0052209,1.0041469,1.0066296,1.0062912,1.0062362,1.0031141,1.0066295
SUSD2,0.9971906,0.99786747,0.99814796,0.99694794,0.9972434,0.9970635,0.99857175,0.99769354
PPP1R3B,0.997018,0.9977931,0.9981462,0.99694836,0.997249,0.9971113,0.9986149,0.99700165
NXPH2,1.0029156,1.0021797,1.0016836,1.0028136,1.0025498,1.0025387,1.0012472,1.0026486
THYN1,0.9984365,0.9987772,0.9995276,0.99904656,0.99878407,0.99919915,0.99973816,0.999165
WFDC8,0.9976102,0.99817896,0.9984723,0.9974337,0.99764353,0.99757814,0.99880815,0.9977408
YPEL2,1.0051061,1.003892,1.0029744,1.0049177,1.0045844,1.004801,1.0022675,1.0039096
EAPP,0.999379,0.99954355,0.9996581,0.9993661,0.9994514,0.99952805,0.9997779,0.9994208
C1QBP,0.99646616,0.9974204,0.9982296,0.9969535,0.9971143,0.9971624,0.99879146,0.9973031
C3orf33,1.0032471,1.0025465,1.0024441,1.0038443,1.0036399,1.0038288,1.0020479,1.0034564
DCUN1D5,0.9984855,0.99887466,0.99925053,0.9986585,0.9987424,0.99863076,0.99943876,0.9990374
TMEM38B,1.0026176,1.0020922,1.0014075,1.0023048,1.0022541,1.0021613,1.0010817,1.0018021
PHETA2,0.99817747,0.99858916,0.99867,0.9978154,0.9981422,0.9980588,0.99897987,0.99794644
CBLN2,0.9977384,0.9983287,0.998335,0.99724126,0.99739313,0.997714,0.99869823,0.9963387
GABRD,1.0008929,1.0006527,1.0004636,1.000755,1.0006926,1.0005647,1.0002762,1.000632
NEIL2,1.0013452,1.001206,1.0005789,1.0009446,1.0011027,1.0011281,1.0005271,1.0006125
FBXO38,1.000998,1.0007815,1.0006093,1.0009462,1.0007827,1.0008421,1.0004442,1.0007513
LYAR,1.0005414,1.0003803,1.0000634,1.000193,1.0002656,0.9998199,0.9998927,1.0000937
PDGFA,1.0002983,1.0002536,1.0002111,1.0003066,1.0002561,1.0002729,1.000189,1.0007944
NAA38,0.9979346,0.9985006,0.9989057,0.99807435,0.9981567,0.998287,0.99925154,0.9983504
JOSD1,1.0016965,1.0012512,1.0011818,1.0018463,1.0016224,1.0017248,1.000913,1.0021496
IGFBP1,0.99612033,0.99705625,0.9977144,0.99617296,0.99640536,0.9964063,0.9982722,0.9964777
MYPOP,1.0042293,1.0031358,1.002582,1.004214,1.003904,1.0040076,1.0019398,1.0036287
TMEM268,1.0062257,1.0047328,1.0034719,1.0056375,1.005333,1.0052357,1.0025446,1.0057085
PHYHIPL,0.99313223,0.9948684,0.9958974,0.99315786,0.9936614,0.9935627,0.99690807,0.993801
KDELR3,1.0018682,1.001389,1.0010643,1.0016685,1.0015225,1.0015403,1.0007548,1.0018854
FETUB,0.9968146,0.99758285,0.9980695,0.9967543,0.99697936,0.9969673,0.99852663,0.99701464
RSU1,0.99717844,0.9978528,0.99828404,0.99717855,0.9973288,0.9973053,0.9986989,0.9973416
FAM221A,1.001993,1.0014931,1.0014312,1.0022514,1.002015,1.0022755,1.0011699,1.0020723
EMP2,0.996575,0.9973221,0.9982151,0.99697256,0.996824,0.99694103,0.99864465,0.99773437
RPS19,1.0003862,1.000227,1.0000589,1.0000819,1.0000291,1.0001289,0.99996233,0.9998524
IL1R2,0.99689746,0.9976672,0.99813557,0.9968561,0.99705684,0.9970077,0.9985756,0.99717385
ATP1A1,0.9987141,0.99906963,0.9995096,0.9991126,0.99907565,0.9991694,0.99968886,0.99878013
FNDC4,0.9991193,0.99937475,0.9995688,0.9992714,0.9992898,0.99928933,0.99973416,0.9994008
ITLN2,0.99886787,0.999142,0.99939346,0.9988814,0.9988419,0.9990722,0.9995519,0.99868596
FAM124B,0.9966692,0.9974555,0.9977584,0.99629843,0.996492,0.9964858,0.99820554,0.9963014
TBX1,1.0003433,1.000328,1.0000259,0.99998105,1.0002902,1.0002838,1.0000706,0.999488
P2RY10,0.9967072,0.99750435,0.9980099,0.9966529,0.996889,0.9968914,0.9984898,0.9969293
ZNF32,1.0034574,1.0024971,1.0020947,1.0033766,1.003054,1.0032861,1.0016049,1.0039891
CLEC18B,1.0034709,1.0026479,1.0018319,1.0029721,1.0031188,1.0029637,1.0013852,1.0030601
KLRK1,0.99694645,0.997681,0.9981688,0.99691284,0.9971235,0.99712485,0.99861,0.9972066
NMRAL1,0.99663144,0.9974452,0.9981773,0.99685943,0.99701244,0.9972333,0.9987116,0.9973029
MAMSTR,0.9961306,0.9971071,0.99788153,0.99643016,0.99674165,0.9965067,0.9984115,0.9963155
MIA,0.99576676,0.99681914,0.9973989,0.9957088,0.9960648,0.9960347,0.99806106,0.9958234
PSMB3,1.000005,1.0000441,1.0002772,1.0003624,1.00025,1.0002658,1.0002472,1.0003957
MREG,1.004489,1.0034603,1.0025117,1.0041233,1.0039297,1.0037564,1.0018249,1.0035105
NME1,1.0010067,1.0007603,1.0005114,1.0007977,1.0007336,1.000707,1.000322,1.0007534
GPR119,0.9967072,0.99750435,0.9980099,0.9966529,0.996889,0.9968914,0.9984898,0.9969293
PCDHGA5,0.99879086,0.9991076,0.99922657,0.9986739,0.9987954,0.99868643,0.9993738,0.99871725
YIPF5,0.9999963,1.0000138,0.9999303,0.9998232,0.99990076,0.9998926,0.9999038,0.9992235
C9orf78,0.99943936,0.99957097,0.99970853,0.99944514,0.99943435,0.99939144,0.99974567,0.9996778
APOF,1.0006201,1.0004454,1.0005085,1.0006913,1.0004994,1.0007216,1.0004023,1.0007831
TMEM267,1.0054375,1.0042286,1.0032713,1.0053734,1.005125,1.004754,1.0024251,1.0049033
NCALD,1.0019952,1.0016545,1.000922,1.001543,1.001591,1.0014421,1.0006891,1.0012122
SIRPG,0.99670315,0.9974973,0.99801314,0.99665713,0.9968909,0.9969042,0.99849665,0.9969837
LITAF,0.9968538,0.99765927,0.99813,0.9969981,0.9971611,0.9969584,0.9985744,0.99681175
ASGR1,0.997682,0.9980658,0.99876416,0.99794865,0.99787736,0.99805075,0.9990702,0.9984807
PIK3CG,1.0018032,1.0012851,1.0010971,1.0017006,1.0015877,1.0017713,1.0008218,1.0015793
EMC7,0.9975656,0.99824846,0.9987943,0.99789643,0.9980695,0.99800897,0.99920404,0.9985033
ZNF682,1.001949,1.0016074,1.0012169,1.0019255,1.0019294,1.0018414,1.000978,1.0014659
C1QB,0.9957019,0.9967059,0.9974901,0.9958198,0.99605274,0.99616766,0.99812424,0.9958911
DNPH1,0.9959942,0.9970772,0.9979185,0.99647427,0.9967168,0.99659836,0.9985429,0.9969584
PSME3,0.9965508,0.99738014,0.99837995,0.9971403,0.997172,0.99725634,0.9988499,0.9976778
DAZL,0.996524,0.9973699,0.9978834,0.9964533,0.99671817,0.9966967,0.99839306,0.99671215
RHEBL1,1.0034153,1.0026288,1.0022323,1.003669,1.0032763,1.0031667,1.001651,1.0029327
SAXO2,1.0004567,1.000402,1.0003182,1.0004478,1.0005307,1.0003276,1.0002636,1.0010382
SLC22A31,0.9969254,0.99766386,0.99813175,0.9968598,0.9970732,0.9970467,0.99856544,0.9971044
YAF2,0.999565,0.99971807,0.9993904,0.99903655,0.99927676,0.9989494,0.9994089,0.9984788
GLO1,0.99791515,0.99851346,0.9987089,0.99774134,0.9980223,0.99797887,0.99907947,0.9984282
DFFA,0.9990288,0.99929154,0.99961376,0.9992598,0.99927354,0.99920803,0.99973893,0.9997314
AMIGO1,1.000918,1.0007029,1.0005587,1.0008128,1.0007696,1.0008277,1.0004455,1.0011128
TCN1,0.9967072,0.99750435,0.9980099,0.9966529,0.996889,0.9968914,0.9984898,0.9969293
CETN3,1.000422,1.0003626,1.0003825,1.0005064,1.0005679,1.0006046,1.0003594,1.0005772
TMEM130,0.9982978,0.99876,0.998894,0.9982579,0.9984884,0.99843407,0.9992218,0.99794257
KLK3,0.9968292,0.99759054,0.99806327,0.99675083,0.99698526,0.99698544,0.9985261,0.9969833
DUSP28,0.9981419,0.9986413,0.99890435,0.99813604,0.99832356,0.9982377,0.99921656,0.9986024
AC010336.1,0.9967072,0.99750435,0.9980099,0.9966529,0.996889,0.9968914,0.9984898,0.9969293
NCR2,0.9967072,0.99750435,0.9980099,0.9966529,0.996889,0.9968914,0.9984898,0.9969293
POP4,1.0001106,1.0001172,1.0006182,1.0007303,1.0004933,1.0008248,1.0006111,1.0010794
CCDC34,1.0009047,1.0008107,1.0003679,1.0006843,1.000871,1.0005404,1.0003009,1.0004629
HES2,0.9959661,0.9969559,0.99763596,0.99611926,0.9962951,0.99616826,0.99820936,0.9963907
RIC1,1.0014651,1.0009975,1.0011384,1.0017424,1.0017006,1.002014,1.001018,1.0021453
PEAK3,0.99414337,0.9954897,0.996703,0.99449956,0.9946749,0.99478245,0.9975241,0.99517035
BEAN1,0.99937093,0.99957913,0.9996147,0.9992964,0.9993761,0.9992521,0.9996927,0.9993328
NFU1,0.9975177,0.99806464,0.9987769,0.99788505,0.99791396,0.9980436,0.99912775,0.99805367
LUZP2,0.9933721,0.9951709,0.9960697,0.9935026,0.99371046,0.9935721,0.9970323,0.99390006
PAQR5,1.0023805,1.0017301,1.0015042,1.0024371,1.0022883,1.0023701,1.0011287,1.0018578
EML5,0.9951737,0.99639297,0.9971623,0.99525464,0.9955771,0.99560994,0.9978906,0.99502826
TNFRSF14,0.99978817,0.99984705,0.9998194,0.9996456,0.99964345,0.999715,0.99982953,0.9990605
ADAT3,1.0009179,1.0007704,1.000425,1.0006657,1.0007322,1.0008088,1.0003849,1.0002726
APIP,1.0046414,1.0035398,1.0029941,1.0047877,1.0043769,1.0045083,1.00228,1.0042558
ANP32B,0.997504,0.9980988,0.9985281,0.9975147,0.9976042,0.9976825,0.9989048,0.99807554
RABL3,1.0029857,1.0023882,1.0015597,1.0025343,1.0024729,1.0021094,1.0010661,1.0019557
DCTN6,0.9988339,0.9991559,0.9994864,0.99897254,0.99898624,0.99907136,0.99964654,0.9993993
ABCA6,0.9992019,0.99941355,0.9994149,0.998973,0.9990821,0.99897563,0.9995065,0.9992031
SPINT2,0.99856985,0.99894464,0.99919105,0.99857485,0.9987282,0.9987422,0.9993758,0.9980476
SERPINA7,0.9969666,0.9977012,0.99818164,0.99692714,0.9971349,0.9971372,0.99861777,0.9972124
NXPH4,0.9977995,0.99826145,0.9985934,0.99766695,0.9979308,0.99777985,0.9989099,0.99827325
ATP6AP1L,1.0016925,1.0013204,1.0014554,1.0022128,1.0021465,1.0021617,1.0012144,1.0020144
IDNK,0.9986521,0.9990748,0.99891627,0.9981857,0.9985695,0.99850464,0.9992615,0.9985821
KRTAP16-1,0.99709314,0.9978032,0.998222,0.9970026,0.99722993,0.99721825,0.9986466,0.9972377
PTP4A1,0.9987357,0.99897695,0.9994363,0.99891573,0.9987211,0.9989052,0.9995255,0.999062
PLSCR5,0.9972055,0.9978827,0.99834156,0.9971819,0.9973626,0.9973645,0.998737,0.9974779
GJB7,1.0007994,1.0006142,1.000287,1.0004325,1.0005287,1.0003564,1.0001444,1.0005252
PVRIG,0.9973469,0.9979702,0.9984106,0.99731076,0.9974623,0.9974887,0.99878573,0.997604
TMEM45B,1.0020021,1.0015119,1.0011611,1.0018758,1.0017194,1.0018253,1.0008836,1.0016048
ZAR1L,0.99641824,0.99728346,0.99786615,0.9964099,0.9966582,0.996695,0.9984002,0.996807
TPSD1,0.9967072,0.99750435,0.9980099,0.9966529,0.996889,0.9968914,0.9984898,0.9969293
CAPZA3,0.9967072,0.99750435,0.9980099,0.9966529,0.996889,0.9968914,0.9984898,0.9969293
PDCL,1.0022466,1.0016502,1.001238,1.0019704,1.0019447,1.0021842,1.0010177,1.002921
ZBTB8OS,0.9981683,0.99874806,0.99918854,0.9984878,0.99860954,0.998767,0.99951124,0.9981071
NDUFB10,0.99886036,0.9991406,0.9994403,0.9990272,0.99901426,0.9989479,0.9995675,0.999315
FNDC11,1.0054972,1.0041372,1.0032678,1.0053189,1.0049989,1.0052834,1.0025407,1.0049696
PRR23C,0.99708444,0.9977688,0.9982635,0.99709433,0.99723446,0.9972728,0.99868095,0.99727714
MRPS11,0.9998572,0.9999716,1.0001678,1.0002096,1.0001094,1.0001487,1.0001819,0.99958754
FAM92B,0.99901855,0.9992366,0.9992199,0.99870807,0.9988899,0.99889743,0.9994012,0.99885476
ARF4,0.9987035,0.99901634,0.9993923,0.9988894,0.9988432,0.9989622,0.9995476,0.9990348
CD84,0.9997939,0.9998534,0.999673,0.9994682,0.9996249,0.9995022,0.99969196,0.99899304
SIRPB1,0.99678814,0.9975625,0.998039,0.9967125,0.9969511,0.99694717,0.99850786,0.99692607
ZIM3,0.9983803,0.99879086,0.9989927,0.9982743,0.99838233,0.99839294,0.999221,0.998364
CDCA3,1.0004747,1.0003865,1.0002955,1.0004052,1.0002598,1.0003719,1.0002401,1.0004008
CLCF1,0.99842906,0.99881315,0.99912083,0.998458,0.99860746,0.9986278,0.99938,0.99878967
CCR8,0.9968146,0.99758285,0.9980695,0.9967543,0.99697936,0.9969673,0.99852663,0.99701464
BAK1,1.0033425,1.0026394,1.0020359,1.0032284,1.0031602,1.0030413,1.0015872,1.0036204
MSRB3,1.0037581,1.0028709,1.0022702,1.0036496,1.0032111,1.0033613,1.0016524,1.0026706
SSTR4,0.9967072,0.99750435,0.9980099,0.9966529,0.996889,0.9968914,0.9984898,0.9969293
C22orf31,0.9986768,0.99898356,0.9990326,0.9983621,0.9985066,0.99843097,0.99919426,0.99846053
ZNF658,1.0044905,1.0033447,1.0029187,1.0047704,1.0043051,1.0043982,1.0022049,1.0040102
ACTR3C,1.0020304,1.0015869,1.0013218,1.0020216,1.0018915,1.0021021,1.001061,1.0017631
FAM3B,0.9965346,0.997363,0.99779046,0.9962999,0.9965721,0.99657583,0.9982785,0.99656975
FOXR2,0.99663633,0.9974498,0.997971,0.9965885,0.9968267,0.9968314,0.99846184,0.9968804
JUNB,0.99804044,0.9985532,0.9989977,0.9982024,0.99824786,0.9984519,0.9993168,0.99847066
FAM118A,0.9934579,0.99500215,0.996083,0.9934114,0.99378157,0.9939492,0.9970777,0.9946612
CLDN12,1.0018243,1.001381,1.0012195,1.00184,1.0016915,1.0017996,1.0009147,1.0013908
SOD1,0.9978696,0.9983376,0.99865174,0.997715,0.9977555,0.9978112,0.99889356,0.99786234
FFAR2,0.9984304,0.99878263,0.99905515,0.9983287,0.99842024,0.99854374,0.9992865,0.9984336
MOB2,0.99402666,0.9954684,0.99663156,0.99446046,0.9946517,0.994655,0.99749726,0.99459636
THAP8,1.0001336,1.0001101,1.0007676,1.0011096,1.0007961,1.0010738,1.0007814,1.0012405
KCTD6,0.997699,0.9983945,0.9989755,0.99806905,0.99825203,0.99842787,0.9994046,0.9983096
BCL7A,0.9970305,0.99768054,0.9983594,0.9972336,0.99737275,0.9976092,0.998804,0.9973771
PROCA1,1.0014082,1.001101,1.0010184,1.0016098,1.0014839,1.0013721,1.0007445,1.0008528
CASP6,0.99953353,0.999684,0.9997494,0.99947166,0.99953645,0.9994483,0.9998075,0.9998565
IQCD,1.0043447,1.0033116,1.0028031,1.0045398,1.004278,1.0043974,1.0022161,1.0038106
COPZ2,0.99762875,0.99819374,0.99857724,0.9975799,0.997799,0.997805,0.99893695,0.99783194
CALHM6,1.001792,1.0013793,1.0011234,1.0017148,1.0016968,1.0017108,1.0008831,1.0018808
MARC2,0.9967072,0.99750435,0.9980099,0.9966529,0.996889,0.9968914,0.9984898,0.9969293
UPK3A,0.9972544,0.99794984,0.9982998,0.99712217,0.9973593,0.9973078,0.99869317,0.99739516
NAT10,0.99866927,0.99906564,0.9996663,0.9993085,0.99918246,0.99945605,0.99991745,0.999501
PRR25,0.9969206,0.9976557,0.9981253,0.996846,0.9970664,0.9970679,0.99857116,0.9971576
CHIC2,0.99944997,0.9994864,1.0001698,1.0001292,0.99976265,0.99998546,1.0001911,1.0009152
SP8,1.0055217,1.004288,1.0036988,1.0058643,1.0055895,1.0054804,1.0028812,1.0059295
RPL35A,0.9980624,0.99850726,0.99869287,0.99779403,0.99790096,0.9979852,0.99894243,0.9978101
GPR85,0.998165,0.99856204,0.99906385,0.9983094,0.998281,0.99848413,0.9993235,0.9991058
GCAT,1.0002353,1.000294,1.0002664,1.0004328,1.0004725,1.0004795,1.0003457,1.0006002
MRTO4,1.0031437,1.0025069,1.0020806,1.0032797,1.002919,1.0028002,1.0015389,1.0033225
PRXL2A,0.9991238,0.9993367,0.9993844,0.9989562,0.99902225,0.99892443,0.999478,0.99900293
METTL21A,0.99814785,0.9985577,0.9991884,0.99848425,0.9983791,0.9986098,0.99942285,0.99910605
LTC4S,0.99376315,0.9953122,0.9960748,0.9935309,0.99411,0.993924,0.9969841,0.9933734
MRPL55,0.99889326,0.99919283,0.9996729,0.9992974,0.99918896,0.9993196,0.9998153,0.99943787
RALY,1.000099,1.0000784,1.0002339,1.0002862,1.0002198,1.0001844,1.0001894,1.0005347
AMELX,0.997278,0.9979341,0.99836206,0.9972348,0.99741495,0.99742365,0.9987515,0.9974338
NPTXR,0.9963107,0.99719816,0.9979188,0.99657965,0.9965842,0.9966855,0.9984381,0.99631345
TMEM173,0.9967072,0.99750435,0.9980099,0.9966529,0.996889,0.9968914,0.9984898,0.9969293
SNAPC2,0.99845755,0.99882394,0.99946094,0.9989144,0.9989769,0.9993482,0.9998137,0.9996413
PCGF6,1.0044614,1.0034755,1.0029342,1.0045794,1.0042744,1.0041374,1.0022014,1.0047286
ARID2,0.99786866,0.99833536,0.99874187,0.9978603,0.99785435,0.9979821,0.9989803,0.99740094
ACKR3,0.995917,0.9967745,0.99654543,0.99472654,0.9951961,0.9945141,0.9970646,0.9948881
DNAJC30,0.99756885,0.9982021,0.9986352,0.9977001,0.9980395,0.99816024,0.9991336,0.99810183
TIPIN,1.0028698,1.0022694,1.0017899,1.0028386,1.0027184,1.0026286,1.0013683,1.00255
BIRC7,0.9976845,0.9982012,0.9986401,0.997679,0.99782956,0.9978394,0.99895895,0.9980432
CLDN24,0.9967072,0.99750435,0.9980099,0.9966529,0.996889,0.9968914,0.9984898,0.9969293
CTDSPL,0.9988507,0.99909115,0.99967444,0.99933624,0.99913096,0.9992686,0.9997815,0.99953234
METRNL,0.998094,0.9986534,0.9988327,0.9981504,0.99832964,0.9981426,0.999176,0.997924
ST8SIA6,0.99783075,0.99841225,0.998633,0.9976802,0.9979305,0.99794096,0.99897814,0.9974103
LIG3,1.0020587,1.0014607,1.0018258,1.0028629,1.002384,1.0025635,1.0014484,1.0028429
NMU,0.994792,0.99620306,0.99721664,0.9951508,0.9956455,0.9955964,0.998034,0.995299
PKN1,1.0012825,1.0009569,1.0006061,1.0009376,1.0009695,1.000853,1.0003988,1.0011035
MARS,0.9967072,0.99750435,0.9980099,0.9966529,0.996889,0.9968914,0.9984898,0.9969293
TMED3,0.9983498,0.99876964,0.9991703,0.9985397,0.9986783,0.99865437,0.9994472,0.99923575
ABHD14A,0.9973695,0.99803454,0.99869215,0.9976748,0.9977393,0.9979782,0.9991355,0.99826014
ORAI1,0.9977086,0.9983356,0.9988247,0.9979955,0.99807686,0.99802,0.99914926,0.9977983
VPS29,0.99801296,0.9985036,0.99888384,0.99802524,0.9981483,0.9982718,0.99918807,0.99852836
FAM3D,0.99854517,0.9988941,0.99909747,0.99844193,0.9985496,0.9985827,0.99930775,0.9986098
RAX2,0.99830824,0.9987332,0.99898905,0.9982373,0.99837685,0.99836385,0.9992169,0.99815464
INO80B,1.0069871,1.0052807,1.0042359,1.0069726,1.0064738,1.0063229,1.0031325,1.0062146
MAGIX,1.0015393,1.0011121,1.001233,1.0018648,1.0016153,1.0019879,1.0010377,1.0020881
TRIM51,0.9996004,0.99966884,0.9997505,0.99951357,0.9995229,0.9995184,0.999781,0.99985826
FCAR,0.9969485,0.99759644,0.998441,0.9974304,0.9975133,0.9976614,0.9989505,0.9981307
SLC50A1,0.9986977,0.99920136,0.99905646,0.99839234,0.99871075,0.998548,0.9992882,0.9976634
CEP44,1.0028465,1.0022389,1.0017669,1.0028327,1.0025192,1.0024189,1.0012813,1.0026746
PROCR,0.9996641,0.99962354,0.9995465,0.99920356,0.9992759,0.99948853,0.99958414,0.9989624
UBXN10,1.0003085,1.0001824,1.0002952,1.0003811,1.0003486,1.0004195,1.0002514,1.0008886
DNAJC5B,0.997017,0.9977522,0.9982059,0.9969623,0.9972197,0.9971937,0.9986478,0.9972763
HPCA,0.9974234,0.99811023,0.99864864,0.99770296,0.9978014,0.99757135,0.99893653,0.99731857
LRRC57,1.003505,1.002693,1.0021534,1.0034631,1.0030987,1.002929,1.0015303,1.0035486
UBE2G2,0.99651515,0.99736774,0.99804145,0.99663645,0.996794,0.9969055,0.9985315,0.9969343
BHLHA15,0.9967072,0.99750435,0.9980099,0.9966529,0.996889,0.9968914,0.9984898,0.9969293
FIZ1,1.0019137,1.0014513,1.0012352,1.0019735,1.0018269,1.0017695,1.0009344,1.0017788
GIMAP6,0.9992213,0.9992815,0.9995122,0.9990932,0.9991664,0.99928176,0.9995934,0.99954516
NUTM2G,1.0024211,1.0018699,1.0014408,1.0023533,1.0023112,1.002235,1.0011125,1.0020872
UGT2B17,0.9967072,0.99750435,0.9980099,0.9966529,0.996889,0.9968914,0.9984898,0.9969293
SNRNP25,0.99545765,0.99661094,0.99739254,0.9956268,0.9959266,0.9958471,0.9980922,0.99627954
EFCAB1,0.9960917,0.9971508,0.99746156,0.995824,0.99638855,0.9960763,0.9981667,0.99711835
ZNF280B,1.0028648,1.0021846,1.0020394,1.0031862,1.0028228,1.003175,1.0016594,1.0032957
SPERT,0.9967072,0.99750435,0.9980099,0.9966529,0.996889,0.9968914,0.9984898,0.9969293
NSL1,0.9995264,0.9996766,0.9998777,0.9997017,0.9997698,0.99973816,0.99997354,0.9999797
SLC39A2,0.99674165,0.99753034,0.9980261,0.99668217,0.99691755,0.996915,0.99849993,0.9969486
UBXN2B,0.9994124,0.9995825,0.9998255,0.9995526,0.99945295,0.9996278,0.9998939,0.99972236
C6orf62,0.9987465,0.9991087,0.9991461,0.9984968,0.9985256,0.998482,0.9992563,0.9982847
LRRC55,1.0030018,1.0021559,1.0015576,1.0025566,1.0022757,1.0024235,1.0010471,1.0017754
SYF2,0.9986373,0.99896455,0.99937475,0.99887383,0.9988539,0.9991774,0.99961746,0.9986761
GMFG,1.0003899,1.0002685,0.9999682,0.9999041,1.0000387,1.0001384,0.9999368,0.9993371
HIST1H4C,0.9967072,0.99750435,0.9980099,0.9966529,0.996889,0.9968914,0.9984898,0.9969293
ACP1,0.99973345,0.99980205,0.99989665,0.999755,0.9996997,0.99980307,0.9999314,0.99995124
GMPS,1.000118,1.0001652,1.0003401,1.0004162,1.0003276,1.0002828,1.0003304,1.001082
MOCS2,1.0002873,1.0003097,1.0003982,1.0005186,1.000418,1.0003321,1.0003569,1.0012376
PPP1R2,1.0006094,1.000509,1.0003877,1.0005336,1.0007442,1.0005281,1.0003418,1.0010502
MRPL48,1.0002421,1.0002196,0.99998343,1.0000454,1.0001428,1.0000737,0.9999878,0.9994724
GPER1,0.9982673,0.9987562,0.99899817,0.99829125,0.9984573,0.99863946,0.9993394,0.9977313
CEACAM4,0.9970428,0.99775,0.99817276,0.9969444,0.99717,0.99715745,0.99860156,0.99706435
HES4,0.99764305,0.9982262,0.998314,0.9973082,0.9974458,0.9970928,0.9986123,0.99758613
ZDHHC4,0.9978478,0.99845976,0.99893737,0.9981468,0.9982544,0.9982033,0.99927056,0.9981961
DCXR,0.99675804,0.9975889,0.99830806,0.99711895,0.9971401,0.9972966,0.998786,0.99706936
DUSP14,0.9877711,0.9907716,0.99284816,0.9879431,0.98894835,0.9892839,0.9948621,0.9904226
CLDN22,0.9967072,0.99750435,0.9980099,0.9966529,0.996889,0.9968914,0.9984898,0.9969293
AKR7A2,0.9958508,0.9969174,0.9976363,0.9959866,0.9961765,0.9962368,0.99827325,0.996559
RPL35,0.99814224,0.9985573,0.99882054,0.99799657,0.9980714,0.99816245,0.9990454,0.9979224
MRO,0.9980158,0.9985111,0.9986967,0.9978189,0.99802065,0.99801296,0.9989885,0.9976996
AQP11,1.0077894,1.0059624,1.004518,1.0073085,1.0071017,1.0071112,1.0034561,1.0071682
ABCA3,0.997447,0.99818397,0.9984571,0.99746907,0.9976436,0.99735224,0.9987807,0.9968329
CLIC4,0.9971484,0.9978848,0.9982064,0.9969579,0.99715245,0.99720305,0.9986365,0.9973685
CDKN3,0.9940836,0.99559295,0.99671704,0.9944985,0.99493754,0.99499345,0.9976813,0.99457014
FBXO39,0.9981086,0.9985634,0.9989106,0.9981253,0.9982147,0.99826777,0.9991882,0.9984263
TMED1,0.9973774,0.9980855,0.9982277,0.997103,0.9975191,0.99727476,0.998685,0.9973426
SLC22A23,0.99622804,0.99713933,0.9971022,0.99532723,0.9959048,0.9956412,0.99770606,0.99581015
MRPS7,1.0029893,1.0022788,1.001758,1.0028498,1.0026908,1.0026475,1.0013001,1.0025827
NAT1,0.9995391,0.9997186,0.9997674,0.9994713,0.9996091,0.99967396,0.99988925,0.9996866
RAD18,1.0032325,1.0026176,1.0015736,1.0025721,1.0028725,1.0024056,1.0011595,1.0021306
PPP1R8,1.0001125,1.0001942,0.9996997,0.9996606,0.9999093,0.999738,0.999792,0.9987901
ISX,0.9967072,0.99750435,0.9980099,0.9966529,0.996889,0.9968914,0.9984898,0.9969293
POLR3H,0.9998326,1.0000241,0.99976027,0.99950373,0.99973357,0.99967724,0.99987566,0.99951446
FGF21,0.9967072,0.99750435,0.9980099,0.9966529,0.996889,0.9968914,0.9984898,0.9969293
FBXO2,1.001635,1.0012474,1.0012363,1.001932,1.0016589,1.0018957,1.0009911,1.0014296
ING4,0.9998665,0.99985665,0.99985075,0.9996747,0.9997425,0.9997663,0.9998424,0.9996079
PROKR1,0.9967072,0.99750435,0.9980099,0.9966529,0.996889,0.9968914,0.9984898,0.9969293
RPS23,0.99671173,0.9974469,0.99785894,0.9964384,0.9966104,0.99674475,0.99829715,0.99637294
HSPB3,0.9987921,0.99905527,0.9992224,0.99870896,0.9987918,0.9987924,0.9993974,0.9988361
ABCB8,0.99841154,0.99882996,0.99953246,0.99915195,0.9989123,0.9989668,0.99970925,0.99880844
HIST1H4H,0.9967072,0.99750435,0.9980099,0.9966529,0.996889,0.9968914,0.9984898,0.9969293
CHRNB4,0.9982642,0.9986781,0.9990469,0.99833304,0.998361,0.9983363,0.99924463,0.9986515
FAM173A,0.9967072,0.99750435,0.9980099,0.9966529,0.996889,0.9968914,0.9984898,0.9969293
AP4S1,1.0005484,1.000427,0.99997854,0.9999963,1.0000737,0.9998419,0.9998567,0.9995757
SET,0.99508846,0.99627215,0.9969524,0.994881,0.9951483,0.99522775,0.9976181,0.9950695
FAM185A,1.0059009,1.0045484,1.0033331,1.0054734,1.0053375,1.0051602,1.0025451,1.0058056
SLA2,0.9965055,0.9974332,0.997903,0.9964621,0.9967692,0.99659324,0.9983865,0.9967483
ZNHIT2,1.0018184,1.0014071,1.0013998,1.0021846,1.0020099,1.0021932,1.0012028,1.002475
SLFNL1,0.9960315,0.9970318,0.99758327,0.9959715,0.99627864,0.9961703,0.99814034,0.99582076
USP41,0.9967072,0.99750435,0.9980099,0.9966529,0.996889,0.9968914,0.9984898,0.9969293
FERD3L,0.9993038,0.9994668,0.9994808,0.99901974,0.9991858,0.9991033,0.99958324,0.9997954
IFT46,1.0006142,1.0004036,1.0007558,1.0010575,1.0009625,1.00135,1.000792,1.0024127
GFRAL,0.99682784,0.9976042,0.99805415,0.99673104,0.99698544,0.99693227,0.9985125,0.99701726
OXGR1,0.99696285,0.9976502,0.9982524,0.99705863,0.9970963,0.99717426,0.9986415,0.9974447
TOMM20,0.9940233,0.99543566,0.99617636,0.9936972,0.994213,0.99413323,0.99704194,0.9941296
GPRIN2,0.99714553,0.9978332,0.99856806,0.9974453,0.9975921,0.9977988,0.99903274,0.99839693
RNF141,1.0003631,1.0003285,1.0003936,1.0005581,1.0004071,1.000468,1.0003446,1.0005324
CNTNAP1,1.0067085,1.00509,1.0037817,1.0062141,1.0058955,1.0056632,1.0027258,1.0054172
SRRD,1.0036304,1.0028118,1.0022638,1.0036556,1.0035223,1.0034846,1.0017781,1.0033917
CNPY3,1.0005734,1.000498,1.000059,1.000067,1.0002744,0.9998083,0.9999243,1.0001346
GSTM3,0.9984015,0.9987769,0.99949485,0.9990372,0.9989149,0.9991708,0.99971277,0.9987149
KLF15,1.001748,1.0012789,1.0008407,1.0014349,1.0013639,1.0013121,1.0005844,1.0010828
PSMB1,0.99917686,0.99934626,0.9994515,0.99904835,0.99904644,0.999083,0.99953306,0.9993278
KLF2,0.9988148,0.9992126,0.9989193,0.99819905,0.99858034,0.99844843,0.9991237,0.99714285
LGALS9,0.9975002,0.9981934,0.99834234,0.99718493,0.99753296,0.99733365,0.9986887,0.99734294
RPS27A,0.9977485,0.99828696,0.998424,0.9973786,0.9975708,0.99754846,0.9987141,0.9973395
CCDC42,0.9962189,0.99710476,0.9977824,0.99625474,0.9965089,0.9965726,0.9983448,0.99674857
HSPB8,1.0014819,1.001055,1.0008513,1.0013366,1.0011693,1.0011967,1.0005774,1.0015062
TCEAL4,0.99882925,0.99911886,0.99922836,0.9986601,0.99876475,0.9987067,0.9993487,0.9985148
ANKRD39,1.001739,1.0013319,1.0012963,1.0020448,1.001923,1.0020803,1.001083,1.0017242
MGMT,0.9982257,0.9987017,0.99915826,0.9985011,0.9984071,0.9986734,0.9994481,0.9985554
RGS7BP,1.0051506,1.0040174,1.003142,1.0051224,1.0050788,1.0049298,1.0024517,1.004153
FAM199X,1.0017067,1.0012665,1.0009232,1.0015427,1.0014167,1.0013361,1.0006607,1.0017036
EIF3D,0.99938285,0.9994458,0.9995886,0.99930704,0.9993383,0.99936795,0.9996701,0.99963844
TTC33,1.0013291,1.0010778,1.0005448,1.0009058,1.0010698,1.0008669,1.0004284,1.0014791
PIGC,1.002875,1.0021293,1.0019614,1.0031186,1.0027298,1.0028437,1.0014856,1.003244
CDKN1B,0.9975873,0.9981812,0.998389,0.9972535,0.99731433,0.99735534,0.99868834,0.9973964
FAM78B,1.0000589,1.0000387,1.0000448,0.9999689,0.99997914,0.9999863,1.00003,1.0003225
LRRC59,0.9985207,0.99888635,0.99953055,0.9991155,0.99902916,0.9993137,0.9998038,0.9993209
ANAPC11,1.0005305,1.0003396,1.0003422,1.0005236,1.0004003,1.0005298,1.0002437,1.000529
ZNF479,0.99752325,0.99813575,0.9984684,0.9974153,0.9976398,0.99767697,0.99886334,0.99767274
RHEB,1.0000036,1.0000206,1.0000048,0.9999048,0.9998689,0.9998558,0.9999639,0.99981827
NIP7,0.99813545,0.9987109,0.99908805,0.9982832,0.99853873,0.99848795,0.99944687,0.999457
PSME1,0.9982071,0.9986944,0.9991113,0.99842966,0.99853414,0.9986768,0.9994332,0.99869823
SPATA13,0.9983959,0.99889714,0.99866843,0.9977006,0.9980855,0.9976779,0.9989084,0.99905455
TMEM9B,1.0,1.0000314,1.000325,1.0003934,1.0001976,1.0002965,1.000315,1.0010482
FAM110B,0.9989418,0.99919796,0.99959964,0.99920607,0.9991621,0.9992997,0.9997427,0.99987584
HIST1H2AC,0.9967072,0.99750435,0.9980099,0.9966529,0.996889,0.9968914,0.9984898,0.9969293
LRRC25,0.9973682,0.9979588,0.99826074,0.9971446,0.9974562,0.9974158,0.9986609,0.9969919
ZNF575,0.9962537,0.9972406,0.99785185,0.9964558,0.99668324,0.99643826,0.9983679,0.9964117
BTBD8,0.9994285,0.9995229,1.0001116,1.0000415,0.99976087,1.0000801,1.0001793,1.0004146
ATP6V1E1,0.99865663,0.9989897,0.9993409,0.99876654,0.9987559,0.9989081,0.9995136,0.9988256
PRSS48,1.0001509,1.0001588,0.9999627,0.9998586,0.9999156,0.999978,0.999974,1.000097
FAM47B,0.9967072,0.99750435,0.9980099,0.9966529,0.996889,0.9968914,0.9984898,0.9969293
TCAP,1.000099,1.0000335,0.99996996,0.9999268,0.99989414,0.99975646,0.99987555,0.99959034
CCR3,0.99668026,0.99747914,0.9979962,0.99663115,0.996866,0.99687994,0.99848247,0.99692774
CPN2,0.99668884,0.9974884,0.99798715,0.99662226,0.9968679,0.99686587,0.99847263,0.99688864
TMEM71,0.9968598,0.9976281,0.99820036,0.9969677,0.9970967,0.9971905,0.9986582,0.9969627
NAA60,0.9998214,0.9998188,1.0000824,1.0000398,0.99982667,0.99992347,1.0000622,1.0006275
CD2BP2,1.0010642,1.0009382,1.0007625,1.0011363,1.0010643,1.0011125,1.0006564,1.0013576
ALDH3B1,0.9966903,0.99744797,0.99810135,0.99670243,0.99700665,0.99711573,0.99863696,0.9979664
CIDEA,0.99699503,0.99770653,0.99824363,0.9970281,0.9972254,0.99719214,0.9986702,0.9974954
DLGAP1,1.0036572,1.0027511,1.0021508,1.0034618,1.0030544,1.0031385,1.0015671,1.0036309
VPS37D,1.0017579,1.0013244,1.0009142,1.0015069,1.00147,1.0012383,1.0005919,1.001023
C4orf47,1.0013593,1.0009654,1.0011128,1.0016253,1.0012345,1.0016251,1.0008824,1.0019428
ZNF727,0.9981321,0.9985628,0.99878323,0.99794096,0.99811184,0.9981077,0.99905646,0.9983383
TIMD4,0.99800086,0.9984361,0.9987836,0.99790794,0.9980481,0.998111,0.9990591,0.9982874
HORMAD1,0.9972836,0.9979354,0.9983467,0.99721,0.9974009,0.9974079,0.99873793,0.9974324
NMBR,0.99746907,0.9980717,0.99855036,0.9975188,0.9976196,0.99766433,0.99889517,0.9977001
C16orf89,0.9992411,0.999413,0.99957263,0.9992305,0.99926084,0.99932885,0.9996793,0.99923575
EPHB6,1.0027771,1.0021816,1.0012312,1.0020255,1.002123,1.0020559,1.0008991,1.0018461
GP5,1.0015568,1.0011845,1.0009903,1.0015643,1.0014832,1.0014529,1.0007552,1.0016224
GNE,1.0008038,1.0005707,1.0007603,1.0011669,1.000829,1.0009923,1.0005842,1.0009284
PNMA5,1.0005677,1.0005018,1.000134,1.0001827,1.0003145,1.0000336,0.99999106,0.99987173
AMBN,0.99098444,0.99323416,0.99484634,0.9912687,0.99158216,0.99156475,0.99600875,0.9913857
ZNF716,1.0005591,1.0003576,1.0006291,1.0008811,1.0005729,1.000906,1.000515,1.0008707
NOL3,1.005749,1.0043244,1.0033636,1.0055401,1.005149,1.0052606,1.0025332,1.0050879
SNCB,0.99290335,0.99464357,0.9955861,0.99280727,0.9933615,0.99327123,0.9966886,0.99317497
DNAJC17,1.0070419,1.0054433,1.0037832,1.0063342,1.0062042,1.005724,1.0027372,1.0052536
ALKBH7,1.0007706,1.0006115,1.0007278,1.0010757,1.000968,1.0010378,1.0006099,1.0010377
AFF4,0.98872966,0.9914465,0.99335617,0.9889483,0.9897329,0.9898563,0.99506223,0.9898872
OTULINL,0.9989159,0.9991404,0.9993942,0.9988972,0.99896973,0.99910337,0.9995423,0.99898493
PNMA2,0.99518657,0.99649775,0.99731266,0.9954679,0.9957597,0.99570954,0.9980105,0.99517953
WDR53,1.0062087,1.0046452,1.0039688,1.0064178,1.0057759,1.0058882,1.0029792,1.0061134
CD300A,0.9992702,0.9993795,0.9996371,0.99921405,0.9992939,0.999558,0.99974513,0.99913275
EXOSC8,0.99975735,0.99984056,0.99980617,0.9996892,0.9997671,0.99966156,0.9998756,1.0000091
TRIM16L,1.0011191,1.0008224,1.0006546,1.0011072,1.0010375,1.0011222,1.0005516,1.0012683
NIPSNAP3A,1.0006138,1.0004504,1.0007086,1.0010537,1.0007691,1.00098,1.0006019,1.0011567
ERICH1,1.0036073,1.0027544,1.0022075,1.0035009,1.0032442,1.0033767,1.0016673,1.0034465
C2orf68,0.9999682,1.000075,1.0003028,1.0003285,1.0002253,1.000189,1.0002613,1.000319
PTAFR,0.9922987,0.9941934,0.9951321,0.99195087,0.9925642,0.9924792,0.9962265,0.9920776
GDPGP1,1.0017328,1.0012583,1.0012989,1.001986,1.0017058,1.0020877,1.0010792,1.0020541
FAM131C,1.002176,1.0015587,1.001512,1.0023737,1.0020456,1.002114,1.0011058,1.0024065
SFTPA1,0.9961535,0.9970434,0.9977461,0.9962392,0.99642605,0.9964225,0.9982797,0.99667716
ATRAID,1.0001335,1.0001521,1.0002453,1.0002693,1.000202,1.0002685,1.0002365,1.0004864
STMND1,0.9956994,0.9967353,0.99739397,0.995667,0.9959875,0.99596465,0.9980224,0.9958055
C11orf42,0.9967072,0.99750435,0.9980099,0.9966529,0.996889,0.9968914,0.9984898,0.9969293
NAA10,0.997002,0.99775374,0.9983607,0.9971844,0.99731976,0.997396,0.9987948,0.99703175
TNFAIP6,1.0042777,1.0032197,1.0030247,1.0047224,1.004129,1.004323,1.0022994,1.0047567
HPS5,0.99909586,0.9992521,0.9994232,0.9990997,0.99903107,0.9993206,0.99961275,0.9986123
PTS,0.9978477,0.9984272,0.99894536,0.9981297,0.99829507,0.9981787,0.99925,0.998458
PTCD2,1.0012562,1.0009565,1.0005596,1.0009272,1.0009987,1.0009621,1.000379,1.0001296
TNFSF13B,1.0004332,1.0003234,1.0003333,1.000475,1.0005207,1.0005376,1.0002764,1.0002866
YKT6,0.9989786,0.9991883,0.9995611,0.99924576,0.9992237,0.99942243,0.9997847,0.9997456
SKA1,1.0009171,1.0008314,1.0002944,1.0005265,1.0007739,1.0001048,1.0001161,1.0003192
PHYHIP,0.9954185,0.99652165,0.99714935,0.99534476,0.9957189,0.9955971,0.99785316,0.99562603
CLEC4C,0.99698764,0.997723,0.9981992,0.9969447,0.9971392,0.9971764,0.9986328,0.99713385
SEMA4G,1.0016116,1.0012054,1.0014446,1.002279,1.0018348,1.0021049,1.0011723,1.0016277
SYNDIG1L,1.0028169,1.0021095,1.0015602,1.002527,1.002346,1.0022583,1.0010852,1.0023729
HENMT1,1.0051632,1.0038712,1.0033913,1.0054879,1.0049207,1.0052931,1.002659,1.0052049
IL10RB,1.0012392,1.0008643,1.0007373,1.0012168,1.0010612,1.0011774,1.0005124,1.0002656
ZNF93,1.0037545,1.0030018,1.002565,1.0040479,1.0039088,1.003721,1.0020026,1.0034946
TRPC4,1.0027049,1.0020566,1.0017374,1.0028253,1.0027889,1.0028293,1.0014066,1.0021536
ZNF557,0.9997314,0.9997219,0.99973774,0.99960625,0.9995916,0.99975634,0.9998162,0.99930954
ZNF367,1.0036914,1.0027002,1.0021989,1.0035322,1.0031824,1.0032537,1.0015783,1.003034
CLNS1A,0.9984207,0.99881774,0.99908423,0.99849975,0.99856555,0.9984529,0.9993093,0.9988872
LHFPL2,0.99751425,0.9981694,0.9985667,0.9975071,0.9977945,0.9977709,0.99896044,0.99766445
ZFYVE21,0.99999785,1.0000627,1.0002551,1.00032,1.0000949,1.0001973,1.0002209,0.99996233
AAR2,1.002313,1.001862,1.0012474,1.0020518,1.0020714,1.0020125,1.0009795,1.0013711
MC3R,0.99678284,0.9975583,0.9980508,0.99672127,0.99695194,0.9969539,0.9985186,0.99700844
NABP2,0.99599457,0.99702954,0.9977888,0.99624944,0.99657625,0.996596,0.9984453,0.9965968
EDA2R,0.9977009,0.99832165,0.99864215,0.99764884,0.9978593,0.9978912,0.99900657,0.9978321
NAT9,0.99799013,0.99849325,0.998771,0.99799,0.9981319,0.9982315,0.99916553,0.99888766
MXD1,0.9992032,0.99941564,0.99944055,0.99907684,0.99924546,0.9989697,0.9995295,0.99922335
DEDD2,1.0004582,1.0003269,1.0004919,1.0006545,1.0005239,1.0005959,1.0003945,1.0011063
GPR183,0.99574053,0.9967692,0.997422,0.9956506,0.9960314,0.9961641,0.9980832,0.9955115
SPRY4,0.9961126,0.9971757,0.9980557,0.9967339,0.9968306,0.9969152,0.998675,0.99672306
CYB561D2,0.99589133,0.9969405,0.99750674,0.995788,0.9962489,0.9964032,0.99825615,0.9961812
HIST1H4B,0.9967072,0.99750435,0.9980099,0.9966529,0.996889,0.9968914,0.9984898,0.9969293
ECM1,1.002672,1.0020572,1.0012833,1.0021386,1.0020806,1.0019901,1.0008883,1.0015594
MRPL16,1.0009222,1.0008276,1.00053,1.0007619,1.0006688,1.0006558,1.0003846,1.0004998
GP1BA,0.9978832,0.99844086,0.99871695,0.99788064,0.9981235,0.99791414,0.99900734,0.9975639
RGS8,0.9975515,0.9981258,0.99853885,0.99751604,0.9976559,0.99769425,0.99888325,0.9977997
C11orf16,0.99695075,0.9976764,0.9981604,0.9969042,0.99710864,0.9971461,0.9986068,0.9971609
ZCCHC17,1.0001589,1.0001627,0.9999801,0.99990475,1.0001341,1.0000266,0.99998784,0.99990827
XKR9,0.998301,0.9987372,0.9990207,0.99845374,0.9985486,0.99822855,0.9992259,0.99844337
MYBPC1,0.9969156,0.9976545,0.9981853,0.99695027,0.9971145,0.9971149,0.9986229,0.9973227
FOXJ3,1.0021814,1.0016676,1.0012693,1.0021514,1.0020083,1.0018834,1.0009139,1.0014421
MSH6,0.9984407,0.9987824,0.99913317,0.9985479,0.99862915,0.998724,0.99937546,0.9984623
PALM,0.9996941,0.9997474,0.99986684,0.99973464,0.9996443,0.9996903,0.99987316,0.9997743
RBM24,1.0043094,1.0033094,1.0026417,1.0043608,1.0042527,1.0042424,1.0021229,1.0042323
ATOH7,1.0020052,1.0014697,1.0013705,1.0021268,1.0019182,1.0022218,1.0011154,1.0023344
MAD2L1,0.9987987,0.9992027,0.99916947,0.9985289,0.9987612,0.99867,0.999413,0.9991191
SRPRB,0.99674976,0.997538,0.99820954,0.99697196,0.9970804,0.9971693,0.9987073,0.9974563
GDF5OS,0.9967072,0.99750435,0.9980099,0.9966529,0.996889,0.9968914,0.9984898,0.9969293
ZNF562,1.0005393,1.0003854,1.0000184,1.0000458,1.0000634,1.0000354,0.9999443,1.000321
CAVIN1,0.9981026,0.9985707,0.9985006,0.99753934,0.9978917,0.9977701,0.9987897,0.997249
AMY2A,1.0040785,1.0030146,1.0025369,1.00407,1.003581,1.0037959,1.0019131,1.0046365
ZNF474,0.9962548,0.9971361,0.9978991,0.9964483,0.9967111,0.9966371,0.9984578,0.99731183
UBE2E3,0.99890697,0.9991218,0.9996073,0.9992138,0.99902606,0.9992231,0.9997152,0.99980867
PABPC4L,1.0000496,1.0000697,1.0000033,0.9999689,0.9998795,0.9998304,0.9999601,0.99973124
EMG1,0.9968921,0.99771196,0.9984766,0.9973482,0.9973439,0.99753517,0.99895144,0.9973669
KCNIP4,1.0014057,1.0011331,1.0009205,1.0014589,1.00138,1.0013961,1.0007753,1.001606
CABP7,0.99298066,0.9946437,0.9956554,0.9928603,0.99348193,0.9935114,0.99682844,0.9943067
ARL3,0.9990313,0.99923235,0.99957716,0.99915373,0.999084,0.9992459,0.9997096,0.99996233
OPN1LW,0.9968146,0.99758285,0.9980695,0.9967543,0.99697936,0.9969673,0.99852663,0.99701464
NME3,0.9997801,0.9998758,1.0001101,1.0000389,0.99986166,0.9999089,1.0001178,1.0005949
TFPT,0.9956492,0.99668646,0.997452,0.99577945,0.9961251,0.9960412,0.99810857,0.9960593
MAF1,0.9958488,0.9968811,0.99775505,0.9962573,0.99650955,0.99652815,0.99842334,0.9968865
EFL1,1.0046273,1.0035485,1.0031468,1.0050251,1.0046911,1.0049877,1.0025561,1.004463
RAB10,0.99624187,0.9971682,0.99793196,0.9964533,0.99648863,0.99661136,0.9984339,0.9970051
C2orf70,0.9967072,0.99750435,0.9980099,0.9966529,0.996889,0.9968914,0.9984898,0.9969293
KLHL28,0.9999238,0.9999856,0.9999003,0.99985373,0.9998457,0.9997799,0.9999014,0.99931943
MRPL9,0.99878407,0.9990947,0.9994726,0.9990524,0.99904966,0.9991421,0.9996593,0.9989873
FUT3,0.9973017,0.9979419,0.998458,0.9973581,0.9974705,0.9976155,0.99886143,0.9976466
PRAMEF12,0.99678576,0.9975559,0.99805486,0.9967308,0.9969542,0.9969542,0.9985185,0.99701166
NFATC2IP,0.998528,0.9988776,0.99894077,0.9982759,0.998397,0.998494,0.99919426,0.99789333
ATF3,1.002727,1.0020442,1.0017309,1.0028018,1.0024779,1.0023952,1.0012782,1.003156
SHKBP1,0.99515855,0.99637896,0.9972657,0.99538046,0.9956792,0.99561334,0.9979781,0.99629414
GINS2,0.99542046,0.99654365,0.99745303,0.9957383,0.9959006,0.9959813,0.9981111,0.99543834
C6orf141,0.9987724,0.9990859,0.999346,0.99885213,0.99889934,0.9988761,0.9995104,0.9990045
COQ3,0.9983233,0.99867404,0.9996427,0.9992467,0.9989727,0.9991576,0.99983287,0.99983287
CDC37L1,1.0023546,1.0017728,1.001826,1.0028566,1.0025283,1.0027264,1.0014968,1.0030819
RNASET2,0.9962319,0.9970999,0.9976876,0.9961943,0.9964295,0.9965112,0.99827516,0.99658644
FKBP7,0.9976579,0.9982478,0.9986777,0.99771917,0.9977834,0.9981625,0.99909043,0.9973178
MRPL40,0.9993198,0.99951005,0.9997131,0.99945414,0.99958503,0.9994826,0.9998505,0.99990624
TMEM222,0.99768585,0.99831766,0.99868643,0.9977244,0.9979844,0.9979019,0.9990572,0.9982047
KNOP1,1.001728,1.0013323,1.0011737,1.0018392,1.0016814,1.0016575,1.0009131,1.002317
NDFIP2,1.0014824,1.0011617,1.0007149,1.0011339,1.0011362,1.0012406,1.0005727,1.0011997
HPCAL4,1.000222,1.0002342,1.000455,1.0007298,1.0005088,1.0004989,1.0003843,1.0000534
MRM2,1.0023091,1.001733,1.0017049,1.0026795,1.0023234,1.0025089,1.0013372,1.0025396
JAGN1,0.99816245,0.9986262,0.99894583,0.9982448,0.9984999,0.998639,0.9993392,0.9980694
ARHGAP5,0.9974581,0.9981399,0.9981734,0.9969945,0.9972629,0.9971098,0.9985465,0.9972722
NQO1,1.0022773,1.0016758,1.001817,1.00274,1.0023235,1.0026078,1.0014478,1.0033498
CALHM1,0.99600905,0.9969683,0.9976336,0.99605083,0.9962956,0.99627817,0.99820745,0.9963732
KIAA1257,1.0019971,1.0014992,1.0009522,1.0015695,1.0017633,1.0017124,1.0007885,1.0022705
IL17REL,0.9981319,0.99856156,0.9988239,0.9980697,0.9981965,0.9982523,0.9991003,0.9977088
LHFPL6,0.99595195,0.99684024,0.997332,0.9957378,0.9960062,0.99574757,0.99787813,0.99612427
PAK6,1.0034666,1.0026541,1.0023911,1.003814,1.0034568,1.003339,1.001807,1.0037673
ITPRIPL2,1.0014989,1.0010543,1.0008619,1.0013835,1.0011528,1.0014259,1.0006783,1.0015666
EID3,1.0040171,1.0029945,1.0024941,1.0039049,1.0034264,1.0037436,1.001858,1.003721
PRKAB2,0.99705696,0.9977442,0.99872935,0.9976983,0.997473,0.99782383,0.9991027,0.9982932
ZC2HC1B,0.9964502,0.9972982,0.9978746,0.9964291,0.9966703,0.99671024,0.9984014,0.99680495
KLF9,1.0073647,1.0056127,1.0046817,1.0075738,1.0068145,1.007011,1.0035791,1.0075645
COPZ1,1.0003405,1.0002451,1.0002706,1.000359,1.0002779,1.0004002,1.0002201,1.0003214
FAM206A,0.9967072,0.99750435,0.9980099,0.9966529,0.996889,0.9968914,0.9984898,0.9969293
PHF11,0.99786645,0.9984848,0.9987656,0.9978581,0.99808025,0.9976849,0.9990184,0.9985867
RAD1,1.0013213,1.0009365,1.0008879,1.0013845,1.0011237,1.0011497,1.0006071,1.0014331
VDR,0.99948454,0.99965143,0.99953,0.99917877,0.999291,0.9990194,0.9995359,0.9994376
PLCXD3,1.0032572,1.0024763,1.0016205,1.0025604,1.0025904,1.0023631,1.0011095,1.002875
MRPL28,1.0008653,1.0006644,1.0005898,1.0008981,1.0008684,1.0008978,1.0004704,1.0006698
ARNT,1.0060995,1.0046208,1.0036896,1.0060098,1.0055447,1.0056913,1.0027916,1.0057241
NDP,0.9939207,0.99531674,0.99652314,0.99409807,0.99437594,0.9951332,0.9976009,0.9952589
USP19,0.99999857,0.99995303,0.99958587,0.99943066,0.9996744,0.9992995,0.99958444,0.999974
PRR35,0.9967072,0.99750435,0.9980099,0.9966529,0.996889,0.9968914,0.9984898,0.9969293
MTIF3,1.0007272,1.0005462,1.0005882,1.000884,1.0007732,1.000795,1.0004334,1.0005705
RPL26,0.99921185,0.99934566,0.9994145,0.9989939,0.9990125,0.9990948,0.99947894,0.9987997
ELK1,1.00358,1.002805,1.0020288,1.003314,1.0032403,1.0031629,1.0015606,1.0030781
ZNF764,0.99902177,0.9992064,0.99941504,0.99907374,0.9992113,0.9991799,0.999606,0.9992839
EGFR,1.0043218,1.0032148,1.0033782,1.0052563,1.004469,1.0048729,1.0027038,1.0065078
YDJC,0.9971424,0.9979855,0.99873185,0.9977045,0.99780595,0.99801123,0.99920535,0.99767584
SPATA31A1,0.9967072,0.99750435,0.9980099,0.9966529,0.996889,0.9968914,0.9984898,0.9969293
GUCA1B,0.99939126,0.9995178,0.9997909,0.9996152,0.99948037,0.99938613,0.99983215,1.0001229
MOB3A,0.99671435,0.99746513,0.9982791,0.99707353,0.9970473,0.99712133,0.9987359,0.9979844
OARD1,1.0015874,1.0012922,1.0011063,1.0017275,1.0017002,1.0017307,1.0009388,1.001672
ROGDI,0.9964488,0.9972318,0.9980458,0.996724,0.9968729,0.9970004,0.99858916,0.99711645
PGLS,0.99965227,0.99975866,0.9999401,0.99977726,0.99966407,0.99973226,0.9999609,1.0000005
PEX11G,0.99575883,0.996784,0.9975105,0.99582916,0.99609566,0.9961585,0.9981342,0.9961237
RAB5IF,1.0009227,1.0006845,1.000671,1.00101,1.0008291,1.0008262,1.0004818,1.0009583
SLC25A10,0.9988549,0.9991421,0.99922526,0.9987633,0.9988475,0.9985118,0.9993061,0.998506
HINT2,0.9936641,0.9953091,0.99633455,0.99380815,0.994295,0.9942527,0.9973314,0.9947991
HTR6,0.997137,0.9978336,0.9982517,0.99705327,0.9972639,0.99726045,0.9986664,0.99724394
PLSCR1,0.99797165,0.9985507,0.9984567,0.99743783,0.99787235,0.99754894,0.99873805,0.9970144
SPESP1,0.99813676,0.998557,0.9988636,0.998139,0.99815804,0.9979622,0.9990343,0.99793804
LENG9,0.99780035,0.9983118,0.99869144,0.99774206,0.9977852,0.99792254,0.99900174,0.9979382
NRIP2,0.99882364,0.99904203,0.9993893,0.9989712,0.99892306,0.99894077,0.99950397,0.9988428
MAIP1,0.99975455,0.999883,1.0000966,1.0000734,0.99999213,0.99976456,1.0000471,0.99995685
SLC9C1,0.9972291,0.9979181,0.99830043,0.99712706,0.99735326,0.99733406,0.99871224,0.997446
KLF10,0.99227226,0.9941659,0.9952345,0.9920978,0.9926157,0.9927044,0.99636877,0.9920565
EXOSC6,1.0025988,1.001939,1.0020019,1.0031306,1.002643,1.002995,1.0016303,1.0033954
MRPL35,0.99892247,0.9992012,0.9995201,0.9991604,0.9992095,0.9989389,0.99961495,0.9994372
HAUS7,0.998796,0.99904054,0.9992974,0.99880517,0.9988189,0.9987632,0.99945045,0.9994415
ZCRB1,0.9985083,0.9988786,0.9988929,0.9981191,0.9982567,0.99807286,0.99907374,0.99895394
ODF3L2,0.99662846,0.9974439,0.99796766,0.99658406,0.99682474,0.9968332,0.9984621,0.9968923
STYXL1,0.99892104,0.9991562,0.9996809,0.9994465,0.9993707,0.99946344,0.99988216,0.9996679
TRAK1,0.99533707,0.9965372,0.9969051,0.99492323,0.99535644,0.99527323,0.9976179,0.99512494
ATP5IF1,0.99802923,0.9985397,0.99866164,0.9977404,0.99800825,0.9978732,0.9989567,0.9981613
TRIML2,0.9989232,0.9991694,0.9993177,0.9988092,0.99891233,0.99889654,0.99946,0.99891317
HS1BP3,0.9959791,0.9970192,0.9974593,0.99585384,0.9962808,0.99622065,0.9981314,0.9954741
ZNF763,1.0051404,1.0037857,1.0035886,1.0056906,1.0048562,1.0053732,1.0027497,1.0057616
SYPL2,0.99771565,0.99827516,0.9987824,0.9978806,0.99791163,0.9981004,0.9991436,0.99820375
CXCR2,1.001019,1.0007043,1.0005202,1.0007813,1.0007395,1.0008426,1.0003737,1.0010147
MRPS24,1.0032889,1.0025804,1.0019057,1.0030484,1.0030283,1.0030138,1.0014706,1.0026346
RPL14,1.0012866,1.0009546,1.0007157,1.0011468,1.0010701,1.0011188,1.0005081,1.000931
PI15,0.99945533,0.9994877,0.9997673,0.99949133,0.9994309,0.99940443,0.9998217,1.0012434
SPATA48,0.9968511,0.9976101,0.99808735,0.99678636,0.9970101,0.9969933,0.9985382,0.99703825
HAX1,0.9997661,0.99979967,0.9999559,0.9997964,0.99979746,0.9999415,1.0000134,1.0000927
RGL4,0.99993825,0.9999112,1.0000049,0.9999137,0.99991095,1.0000703,1.0000278,0.9999813
BLVRB,1.0013843,1.0010728,1.0004241,1.0007267,1.000899,1.0008051,1.0002447,1.000033
ZNF660,1.0076349,1.0056651,1.0041085,1.006739,1.0064523,1.0062886,1.0029693,1.0074272
RAB21,1.001797,1.0012999,1.0009367,1.001532,1.0014192,1.0011071,1.0005759,1.0019357
TMEM202,0.9966594,0.9974672,0.9979802,0.99660647,0.9968447,0.9968443,0.99846673,0.9968895
UBE2G1,0.9989748,0.99922454,0.99947155,0.9990532,0.99910194,0.99914384,0.99961805,0.99883616
MFAP5,0.9955406,0.9965,0.997368,0.9956617,0.9957372,0.995712,0.99791044,0.99635744
FAM71F1,0.9972111,0.99790657,0.99826884,0.9970718,0.9973025,0.9972788,0.99869525,0.9975977
PSMA6,0.99515164,0.9962702,0.99714744,0.9952302,0.9954416,0.99561787,0.99783427,0.99546385
NEUROG1,0.9873437,0.99053806,0.9926294,0.98767054,0.9887272,0.9885814,0.9946135,0.98950005
SWI5,0.9988201,0.99923503,0.99933517,0.9987902,0.99910975,0.9990608,0.999632,0.9992126
C21orf91,1.0039501,1.002974,1.0021497,1.0036247,1.0034612,1.0032359,1.0014799,1.0022268
BORCS5,0.9983338,0.9989471,0.99915814,0.99831474,0.9986509,0.9984597,0.9994471,0.9990194
CSNK1A1L,1.0097108,1.0074934,1.0058024,1.0093981,1.0087773,1.0088272,1.0043535,1.008441
CD79B,1.0000397,1.0000212,0.99994004,0.99983597,0.9998914,0.9998022,0.9999158,1.0000823
TACO1,1.0027156,1.0021671,1.0014721,1.00235,1.0023522,1.0023062,1.0011107,1.0016805
FAM168A,0.995081,0.996266,0.99700713,0.99513894,0.9954066,0.99526185,0.997676,0.99478567
ZNF280A,0.99747515,0.99809986,0.99845934,0.99740213,0.99759376,0.9976899,0.9988439,0.99727035
FAM219A,0.9975406,0.99810725,0.9984811,0.9975138,0.99772775,0.99764526,0.99885124,0.9977401
RBM8A,0.99737656,0.9980162,0.99826384,0.9970953,0.99736065,0.99726975,0.9986192,0.99720466
NRSN1,1.0041277,1.0030208,1.0021783,1.0036423,1.003508,1.0036325,1.0015693,1.0022414
RAB20,1.001211,1.000972,1.0005677,1.0008309,1.0010266,1.0009332,1.0004156,1.0006839
LRRC46,0.9988836,0.9992063,0.9991534,0.9985761,0.99886453,0.9987246,0.9993843,0.9989333
AGAP2-AS1,0.99683607,0.99751675,0.99827635,0.99701416,0.99703574,0.99727243,0.9987216,0.99779844
PENK,0.9904687,0.9928094,0.9943099,0.9906174,0.9912331,0.99152493,0.99585795,0.99090934
LPAR3,0.9967486,0.99753284,0.9980187,0.9966763,0.9969168,0.99691707,0.9984941,0.99689794
EFNA1,0.99356604,0.99513364,0.99597955,0.9934051,0.9939232,0.9937378,0.9969119,0.99361557
MTERF3,0.9981389,0.9986148,0.99928707,0.99869937,0.99875486,0.99877167,0.9996009,0.9994681
COQ7,0.99988437,0.99988514,1.0005646,1.0007282,1.0005319,1.0009719,1.0006335,1.0006678
LHX1,0.9755081,0.9813705,0.9848112,0.9751508,0.9770742,0.97731626,0.988489,0.97454584
SLC7A6OS,1.0064737,1.0050739,1.0041869,1.006677,1.0064086,1.0062706,1.0032202,1.0052705
FITM2,0.99994636,0.9999459,0.9999267,0.99979407,0.9998009,0.99989676,0.99993396,0.9997504
IFT27,0.9960947,0.99709654,0.997689,0.9961903,0.99671257,0.9966197,0.99839675,0.9967619
MEPE,0.9961229,0.997054,0.9977158,0.9961758,0.996405,0.9964081,0.9982729,0.99650776
DNM1L,0.99594516,0.99688697,0.9974046,0.99565417,0.9957932,0.9959104,0.997951,0.9961248
MDFIC,1.0010056,1.000787,1.0005486,1.0009652,1.0008934,1.000711,1.0003673,0.9999057
BGN,0.99691135,0.9976858,0.9981404,0.99682283,0.99688303,0.99696237,0.9985494,0.99701613
ELSPBP1,0.99668026,0.99747914,0.9979962,0.99663115,0.996866,0.99687994,0.99848247,0.99692774
ZCCHC9,0.9975827,0.99816453,0.9989464,0.99815387,0.9981569,0.9982101,0.99928427,0.9980571
CTSA,0.99982685,0.9999443,0.9998885,0.9998218,0.9999802,0.9998266,0.99994546,0.9992566
DGAT1,0.99921405,0.99944353,0.9996675,0.9993603,0.99947083,0.99931216,0.9997988,1.0000398
DRAM2,1.0022565,1.0017372,1.0016651,1.0025572,1.0023643,1.0025325,1.0013561,1.0028129
PRIM2,1.0001034,1.000144,1.0000575,1.000061,1.0000669,0.9998414,1.0000042,0.9996408
RAB40AL,0.99701583,0.9977113,0.9982817,0.99707127,0.99720925,0.9972022,0.9986893,0.99775755
AADAC,0.99674165,0.99753034,0.9980261,0.99668217,0.99691755,0.996915,0.99849993,0.9969486
CNBP,0.99805677,0.9984546,0.9987033,0.997831,0.99783623,0.997935,0.9989364,0.99820566
VAPA,0.9935372,0.99508286,0.9962657,0.9937559,0.9939889,0.99415904,0.9971589,0.9937758
SIGLEC9,0.99816036,0.9986764,0.9986708,0.99773204,0.9979854,0.9978229,0.998896,0.9977752
PPA1,0.99814975,0.9985739,0.9989433,0.99817336,0.99821997,0.99826324,0.99917185,0.9985135
WDR5B,0.9972467,0.9979718,0.99830407,0.997089,0.99752706,0.99753726,0.99885285,0.9982146
FITM1,0.9964969,0.99738544,0.9978204,0.9963447,0.9966409,0.9966278,0.99835837,0.996563
TMEM41A,1.0008553,1.0006325,1.0008351,1.0012472,1.000827,1.0009545,1.0005949,1.0012381
HLF,0.99867266,0.9990525,0.9991406,0.99850476,0.9987449,0.99879175,0.9994135,0.99854267
ANO7,1.0016531,1.0012801,1.0011423,1.0017508,1.0017439,1.0018036,1.0009406,1.0017369
PBK,0.9977101,0.99831355,0.99849635,0.99752927,0.99757445,0.9973081,0.99874455,0.9972666
MOB3B,1.0039525,1.0030024,1.00196,1.0033929,1.0033107,1.0026684,1.0012729,1.0030705
SYNPO2,1.00478,1.0035951,1.0027505,1.0044453,1.0041173,1.0041584,1.0020268,1.0044887
NXPH1,0.99712396,0.998073,0.9978508,0.9965179,0.9968662,0.99630654,0.9982549,0.99687517
PHF13,1.0026991,1.0021422,1.001723,1.0027735,1.0026785,1.002419,1.0012956,1.0022843
TRIM49B,0.996326,0.99722165,0.9977845,0.99628305,0.99654746,0.99655163,0.9983257,0.99656135
TPSG1,0.99678284,0.9975583,0.9980508,0.99672127,0.99695194,0.9969539,0.9985186,0.99700844
CLEC10A,0.99678284,0.9975583,0.9980508,0.99672127,0.99695194,0.9969539,0.9985186,0.99700844
C1orf50,1.0006845,1.000412,1.0003561,1.0005634,1.0003407,1.0004331,1.0002209,1.0013021
SAR1A,0.99941206,0.9996119,0.9995672,0.9992386,0.99937975,0.9993105,0.99967694,0.9992546
TMEM205,0.9973211,0.9980084,0.99858785,0.9975555,0.9977342,0.99772465,0.9990165,0.99835205
ZDHHC21,0.9999976,1.0000951,0.99992967,0.9998052,0.9999198,0.99993706,0.9999647,0.9993643
SLC9A3R1,0.99546885,0.9967052,0.99676776,0.9948298,0.9954875,0.994861,0.99746376,0.99453795
DKK4,0.9974698,0.9980787,0.9984584,0.99739593,0.9975692,0.99758935,0.99881995,0.9975189
UBE2B,0.99636453,0.99718535,0.99755883,0.99594945,0.9960797,0.99613154,0.9980409,0.9965778
ANKRD34C,0.99678564,0.99756324,0.99804443,0.99671793,0.99695253,0.9969406,0.99851036,0.9969706
CCDC25,0.99917656,0.99940294,0.99933565,0.9989152,0.99916804,0.99891794,0.9994583,0.9989715
CACNA1I,0.9999871,1.0000638,0.9998448,0.99979836,0.99968815,0.99962866,0.99978024,0.99865234
IGFBP5,0.99917024,0.9993247,0.9995058,0.99920857,0.9991213,0.99897206,0.999581,0.9991896
ISCU,0.9975398,0.9981437,0.9988394,0.99799776,0.99790704,0.997953,0.9991533,0.9982894
EMP1,1.002009,1.0015248,1.0010755,1.0017186,1.0013723,1.001402,1.0007027,1.0017786
PPARD,0.99862164,0.9989533,0.9993502,0.9988239,0.99870145,0.9988606,0.999534,0.99902034
C1orf35,1.000558,1.000391,1.0006912,1.0009874,1.0007188,1.0011138,1.0006452,1.0013579
SLC52A1,0.9971323,0.99784917,0.99807286,0.9968255,0.99703306,0.9969039,0.9984251,0.99659055
POTEC,0.9967072,0.99750435,0.9980099,0.9966529,0.996889,0.9968914,0.9984898,0.9969293
SGF29,0.9974304,0.99806607,0.9990386,0.9982048,0.99803364,0.9983876,0.99941945,0.99853253
GPR3,1.001661,1.0012051,1.0014341,1.0021471,1.0018202,1.0020967,1.0011625,1.0026672
UBA52,0.9970163,0.99768853,0.9980562,0.99676025,0.9969572,0.99701333,0.99845976,0.9969138
CENPL,0.99725175,0.9980738,0.99834013,0.99716055,0.99755466,0.9973229,0.99877465,0.9974636
GAB4,0.99681294,0.997581,0.9980495,0.99673235,0.9969708,0.9969621,0.99851394,0.9969384
IMPDH2,0.99911547,0.99932647,0.99966955,0.9993575,0.9993218,0.9995506,0.99983394,0.99949324
BOLL,0.99747765,0.9980972,0.9984252,0.997362,0.99758685,0.99760115,0.99882257,0.9975759
CCNG2,0.9970474,0.9976783,0.99823433,0.99703294,0.9970424,0.99734676,0.99865466,0.99705017
BDH2,0.9965524,0.99757135,0.9980184,0.9967377,0.99723446,0.99684757,0.9986166,0.9970757
CLSTN3,1.0026624,1.0020357,1.0016294,1.0027033,1.0025244,1.0025582,1.0012693,1.0021981
ZFP36L1,0.99484944,0.99612945,0.996761,0.9946586,0.9948792,0.9949411,0.99752665,0.99510646
KIFAP3,0.99474543,0.9960518,0.9967988,0.994654,0.9950327,0.99507093,0.9975626,0.99473745
PI16,0.9993836,0.99948907,0.9997633,0.99948156,0.9994439,0.9996456,0.99986225,0.9998454
NDUFA8,1.0001156,1.0001154,1.0003734,1.0004764,1.0002538,1.0003177,1.0002921,1.0003978
CXCR3,0.99635065,0.9972212,0.9978399,0.9963844,0.9965967,0.99658275,0.9983554,0.99670017
NGF,0.99921274,0.99938095,0.9995457,0.99912655,0.9992333,0.99920154,0.99964035,0.99940825
RPL7A,0.9981637,0.99855566,0.99865866,0.9977952,0.9979305,0.9979682,0.9988985,0.99777997
MTX3,1.0025455,1.0019234,1.0015893,1.0025821,1.0023954,1.0024774,1.0012281,1.0022242
SCAMP5,0.9970936,0.9977505,0.9981566,0.99695903,0.9971043,0.99720526,0.99858475,0.99688363
ZNF730,1.0032059,1.0024488,1.0021342,1.003458,1.0030992,1.0029172,1.0015796,1.0034242
LDLRAP1,1.0029329,1.0023224,1.0016228,1.0025744,1.0025761,1.0024209,1.0011743,1.0018734
YOD1,1.002037,1.0015075,1.0012012,1.0019245,1.0018262,1.0019648,1.0009145,1.0015078
CHMP4A,1.0007595,1.0006151,1.0005796,1.0008489,1.0008355,1.0007932,1.0004623,1.0007482
SFPQ,0.9941635,0.9956019,0.99639595,0.9940324,0.9944203,0.99444604,0.9972487,0.994126
CD244,0.997635,0.9981841,0.99862474,0.9976321,0.9978001,0.9978905,0.9989741,0.9978659
ZNF83,0.9997959,0.99982595,0.99969137,0.99954456,0.9995563,0.9997263,0.9997555,0.99897146
RIC3,1.0004286,1.0003713,1.0002317,1.000407,1.0002799,1.0003248,1.00021,1.0008607
CBX6,0.9994701,0.999663,0.99968624,0.99945796,0.9996116,0.99959564,0.9998148,0.9989737
LILRB4,0.99428964,0.99563265,0.996326,0.9939158,0.99444056,0.99442613,0.99716794,0.99444044
GIF,0.9967072,0.99750435,0.9980099,0.9966529,0.996889,0.9968914,0.9984898,0.9969293
ACER3,0.99974966,0.9998696,0.9995857,0.999343,0.99964786,0.9994643,0.9996779,0.9990553
TRAPPC3L,0.9969666,0.9977012,0.99818164,0.99692714,0.9971349,0.9971372,0.99861777,0.9972124
ARL6,1.0050759,1.0038375,1.0032654,1.0053278,1.0049107,1.0051962,1.0026019,1.0052701
PSMG1,0.999009,0.9993466,0.99960375,0.9992149,0.99917984,0.9991604,0.99969196,0.9985354
PLEKHF2,1.0057342,1.0043643,1.0030888,1.0050175,1.0049086,1.0047495,1.00226,1.0046854
KLK7,0.9951792,0.9962923,0.99725664,0.99538016,0.9956299,0.9957907,0.99799347,0.9962027
CCNC,1.0025102,1.0019574,1.0018978,1.0029742,1.002694,1.0027263,1.0015249,1.0030646
ZSCAN16,1.0028944,1.0021949,1.0017436,1.002727,1.002703,1.0027528,1.0013185,1.0017595
CBR3,0.9974797,0.99823785,0.99848104,0.99745214,0.99773824,0.99772054,0.9989406,0.9973665
ZNF92,1.0025935,1.0019729,1.0016285,1.0025854,1.0023894,1.0021268,1.0011628,1.0027655
ZNF597,0.99912214,0.9993682,0.99977016,0.99945486,0.9993149,0.999453,0.99987483,0.99975467
CCDC90B,0.99735576,0.9979367,0.99852943,0.99746084,0.99752927,0.9977623,0.9989132,0.99786913
ART3,1.0000877,1.0000876,1.0000267,0.9999456,0.9999435,0.99989253,0.9999887,1.0000627
TDRP,0.99458563,0.99581724,0.99670136,0.9945727,0.99469507,0.99458635,0.99736774,0.9946436
NT5C,0.9973036,0.99810606,0.9986183,0.99761665,0.99780834,0.99781054,0.99905723,0.9972619
STPG1,1.0023054,1.0017943,1.001573,1.002348,1.0023258,1.0022584,1.0012913,1.0038097
LYPLA2,0.9963325,0.9972385,0.99799496,0.99654317,0.9966881,0.996853,0.9985446,0.99678564
IL20RB,1.0003561,1.0002052,1.0000824,1.0000728,1.0002226,1.0002958,1.0000913,1.00038
ZSWIM1,1.0045103,1.003483,1.002308,1.0038846,1.0038509,1.0036746,1.0016799,1.0029672
C16orf78,0.99678284,0.9975583,0.9980508,0.99672127,0.99695194,0.9969539,0.9985186,0.99700844
ANKRD46,0.99693877,0.99769354,0.99810946,0.99682,0.99711835,0.99706435,0.9985539,0.99734354
KCNA7,1.0017564,1.0013307,1.0010707,1.001667,1.0015775,1.0016654,1.0008363,1.0018013
FSIP1,1.008119,1.0061322,1.0048962,1.0079265,1.0073963,1.0072341,1.0036552,1.0083742
ENKD1,0.99947834,0.99970627,0.9999349,0.9998536,0.9996222,0.99983215,1.000061,0.99946284
IER5L,1.0023267,1.0018327,1.0018516,1.0029584,1.0027167,1.0027817,1.0015341,1.0024538
ZBTB12,0.9970763,0.9977833,0.99821067,0.99698937,0.99721074,0.99721193,0.99863863,0.9972087
EXTL1,1.0016739,1.0012717,1.0009114,1.0014486,1.0014342,1.0012774,1.000628,1.0013517
RHOA,0.9985759,0.9989209,0.9993127,0.9987526,0.99867505,0.99882925,0.99948394,0.99879897
ART5,0.9961767,0.99706614,0.9978264,0.9963422,0.99652165,0.99648124,0.99834776,0.9968751
PCDH12,1.0029836,1.0022204,1.0016707,1.002711,1.0024815,1.0025918,1.0012139,1.0022292
C12orf43,0.9998676,0.99990314,1.0000257,0.9999422,0.999844,0.9998994,1.0000446,1.0003817
GADD45GIP1,0.99811244,0.9985765,0.99897885,0.9982556,0.9983243,0.9982109,0.99922705,0.99844265
DUXA,1.0027535,1.0020521,1.0015676,1.0024471,1.0022668,1.0021875,1.0010812,1.00278
SURF2,1.0002458,1.0002073,1.0002649,1.0004001,1.0004116,1.0002265,1.0001878,1.0001068
MANBA,1.0054097,1.004015,1.003353,1.0054916,1.0050781,1.0052547,1.0025661,1.004933
TMEM200A,1.0005075,1.0004239,1.0000594,1.00024,1.0001439,0.9998343,0.999938,1.0000286
IGF1,1.0047992,1.0036706,1.0026002,1.0041881,1.0042186,1.0040255,1.0019157,1.0043904
SULT2A1,0.99772906,0.9982779,0.99875027,0.99785423,0.9980217,0.9979847,0.9990814,0.99838436
CPO,0.9967486,0.99753284,0.9980187,0.9966763,0.9969168,0.99691707,0.9984941,0.99689794
ADI1,0.99732256,0.9979378,0.99857974,0.9976235,0.9976148,0.99772453,0.9989842,0.99830073
CD40,1.0045824,1.0036125,1.0024426,1.0039785,1.0040084,1.0037999,1.001785,1.002872
RITA1,0.99839747,0.9987337,0.99949527,0.9990758,0.9988701,0.9992102,0.999762,0.99919677
RAB40A,0.99702716,0.99771917,0.99825954,0.997025,0.9972713,0.9973875,0.99873435,0.99757004
RNF133,0.9966358,0.99742293,0.99803174,0.9966602,0.9968839,0.9969566,0.998528,0.9970875
C7orf57,1.001464,1.0010297,1.0009981,1.0015286,1.0012531,1.0013742,1.0007769,1.0028423
CLUL1,1.0067182,1.0051968,1.0043423,1.0069364,1.0066177,1.0066811,1.0033906,1.006516
C4orf51,0.9963355,0.99722993,0.99779356,0.9962968,0.9965543,0.99657845,0.99833643,0.99652994
CD68,0.99516547,0.99635077,0.99696696,0.9949435,0.99540985,0.9954001,0.99770176,0.99535096
SP7,0.99654114,0.99738216,0.9979336,0.9965164,0.9967462,0.9967662,0.9984351,0.9967669
FAM133B,1.0019345,1.0014963,1.0011204,1.0018532,1.0018308,1.0019796,1.0009277,1.0015349
BLVRA,0.9996941,0.99987453,1.0000408,0.9998704,0.99992377,0.9998981,1.0000879,1.0000663
ZBTB9,1.0018016,1.0013716,1.0013802,1.0021288,1.0019532,1.002228,1.0011647,1.0016843
ZMAT3,0.9989394,0.9992608,0.9995179,0.9990574,0.99898183,0.9990134,0.9996383,0.9991933
ZNF732,1.0004086,1.0003082,1.0003839,1.0005038,1.0005119,1.0004791,1.0003029,1.0005755
KLK15,0.9963937,0.99726355,0.99783665,0.9963667,0.9966129,0.996624,0.9983647,0.9967072
PRTN3,0.99643487,0.9973029,0.9978337,0.99637467,0.9966362,0.99662215,0.9983556,0.99662125
TMEM144,0.9981409,0.9985354,0.9989464,0.9981315,0.99834895,0.99858475,0.99927795,0.99852073
GPR182,0.99668026,0.99747914,0.9979962,0.99663115,0.996866,0.99687994,0.99848247,0.99692774
SYMPK,1.0000676,1.0000534,1.0003684,1.0005114,1.0004381,1.0005394,1.0003774,1.0003309
RGS4,1.009765,1.0073521,1.0063571,1.0102134,1.0094999,1.0099771,1.0049436,1.009055
TAAR2,0.9967072,0.99750435,0.9980099,0.9966529,0.996889,0.9968914,0.9984898,0.9969293
TMEM80,0.99758554,0.99818563,0.99837244,0.9974321,0.9977529,0.9976357,0.9988499,0.9981389
HDDC2,1.0015075,1.0012536,1.0009422,1.0014535,1.001524,1.0014664,1.000788,1.0014596
KCNK12,1.0055085,1.0041875,1.0032444,1.0052512,1.0050682,1.0050383,1.0024576,1.0049175
AURKC,0.9976367,0.99815613,0.99883723,0.9980736,0.99806964,0.9981967,0.9991802,0.9979416
TMEM200B,0.9989159,0.99913585,0.9994739,0.9990401,0.99898183,0.9991765,0.9996367,0.9994142
STX12,0.99283314,0.9945581,0.995873,0.9931376,0.99350077,0.99343073,0.9968775,0.9936738
IRF2BP2,0.99237,0.994236,0.99533015,0.9922583,0.99267197,0.9926578,0.99640167,0.9926033
CCDC103,0.99934053,0.99950886,0.99960065,0.9992513,0.99923724,0.9991735,0.99966514,0.99953306
ADM,1.0028477,1.0021033,1.0016139,1.0026064,1.0023463,1.0024159,1.0011137,1.0020387
ANKH,1.001312,1.0010152,1.000613,1.0010483,1.0010065,1.0006127,1.0003142,1.0006081
IGFBPL1,0.99814427,0.9984556,0.9991273,0.998356,0.9982424,0.9988331,0.999405,0.9985606
STMN1,0.99270797,0.9944313,0.99538684,0.9923883,0.9928646,0.9929116,0.99640006,0.9924502
MOSPD3,0.99773014,0.99830186,0.99889386,0.99811304,0.99821377,0.9982543,0.9992816,0.9986573
MCOLN1,1.0000615,1.000081,1.0000933,1.0001528,1.0001423,1.0001593,1.0001239,0.99998236
C6orf58,0.99781,0.9983324,0.9986166,0.9976767,0.9978702,0.9978925,0.99896175,0.9979732
FAM187A,0.9967072,0.99750435,0.9980099,0.9966529,0.996889,0.9968914,0.9984898,0.9969293
KTI12,1.0045899,1.0034552,1.0027593,1.0044507,1.0041466,1.0041122,1.0020138,1.003588
TMEM41B,1.0001564,1.0002229,0.9999956,0.9999471,1.0000527,1.0000733,1.0000285,0.9995461
ERCC6L,1.0027512,1.0021132,1.0016971,1.0026563,1.0025629,1.0024222,1.001256,1.0025868
UBE2E2,0.9995688,0.99977297,0.999905,0.99984497,0.99981594,0.9996283,0.99997056,1.0001271
AP1S1,1.0018122,1.001428,1.001697,1.0025058,1.0022907,1.0026021,1.0014782,1.0025923
PSG11,0.99955153,0.99967337,0.999763,0.99950457,0.9995685,0.99959254,0.99981236,0.99947727
APOL3,0.99738395,0.9980228,0.9984276,0.9973346,0.9975288,0.99754894,0.9988099,0.99741614
CCT8L2,0.99786377,0.9983551,0.9985995,0.9976547,0.9978404,0.9978032,0.9989054,0.9978689
CD300LF,0.99850434,0.99882996,0.9990275,0.99834216,0.9985315,0.99861944,0.9992798,0.99850273
LDHAL6B,1.0004268,1.0003133,1.0002396,1.0003227,1.0003692,1.0003791,1.0001881,1.0003415
NOTO,0.9979384,0.9984506,0.99879825,0.9979148,0.9980688,0.9981093,0.99910796,0.9981901
CDK11B,0.998502,0.9988684,0.99918777,0.9986234,0.9987,0.99890256,0.9994873,0.9985642
NCKAP5,0.9938896,0.9953197,0.99671257,0.99447453,0.9947019,0.99476635,0.9976292,0.9956343
GPR88,1.0001392,1.0002339,1.0001054,1.0000923,1.0002246,1.0001293,1.0001346,0.99972713
LILRA2,0.9960309,0.99703825,0.9974614,0.9957255,0.99618435,0.99613583,0.9980701,0.99613905
PDYN,0.99920976,0.99941105,0.99952686,0.99916005,0.99925864,0.9993251,0.99966395,0.9990212
CFHR1,1.001157,1.0008755,1.0006006,1.0009181,1.0008217,1.0007657,1.0003918,1.0008962
RPF2,0.99997306,1.0000969,1.0004427,1.0004565,1.0002999,1.0005162,1.0004388,1.000319
FAM47E,0.99818134,0.99868655,0.99880874,0.9980155,0.99822104,0.99816644,0.9991191,0.9979863
SLC36A3,0.99759716,0.9981883,0.99850744,0.99748695,0.9976946,0.9977305,0.998886,0.99768436
GNAT1,0.9961995,0.99712527,0.9977223,0.9961759,0.9964453,0.9964655,0.99828684,0.99650156
MAGOH,0.99968153,0.9998027,0.99970335,0.999496,0.9996382,0.99968123,0.99981916,0.99934447
ALKBH4,1.0010929,1.0008042,1.0007747,1.001247,1.0009967,1.000915,1.0005927,1.0025332
CASP3,0.99983025,0.9998948,1.000225,1.0002681,0.9999728,1.0003827,1.0002519,0.99955547
PSG2,0.9992676,0.9995681,0.99905896,0.9982606,0.99865633,0.99825615,0.9990375,0.9981444
SPDYA,0.9986059,0.9989601,0.99902844,0.9983597,0.9984451,0.998324,0.99915576,0.9983214
GPR139,0.9967072,0.99750435,0.9980099,0.9966529,0.996889,0.9968914,0.9984898,0.9969293
CCDC122,1.0010934,1.0007452,1.0008925,1.0013293,1.0010265,1.0013072,1.0006995,1.0019443
MYL1,0.9970693,0.99777627,0.9982385,0.99702406,0.99722123,0.9972087,0.9986526,0.99729383
FAM47E-STBD1,0.9986887,0.9990157,0.9990338,0.9983248,0.9985832,0.9985132,0.999265,0.99900895
PTX3,0.99470425,0.9961051,0.9965,0.99430937,0.9947765,0.9947252,0.9974104,0.9952845
RPL17,0.9992878,0.9995027,0.9997889,0.999524,0.9995288,0.9997344,0.99991757,0.9993545
BPIFB1,0.9967486,0.99753284,0.9980187,0.9966763,0.9969168,0.99691707,0.9984941,0.99689794
PDGFRL,0.99881554,0.9991119,0.9992868,0.9987402,0.9988161,0.998773,0.9994122,0.99849546
COMT,0.99934816,0.99950933,0.9997347,0.999465,0.99952567,0.9994935,0.9998493,1.0002567
CDKN1A,0.99980235,0.99981785,0.9997184,0.99943733,0.9995172,0.99971306,0.9997902,0.999367
PYM1,0.9999458,1.0000135,0.9999011,0.9997236,0.99994147,1.0000672,0.99999654,0.99973977
POLR3GL,0.99865997,0.99900067,0.99937737,0.9988985,0.9989748,0.9989747,0.99961686,0.9992863
GRXCR2,0.9967625,0.99755025,0.998029,0.996688,0.9969337,0.99692196,0.99850154,0.9969264
MBLAC1,1.0006486,1.0004852,1.0004048,1.0005798,1.0004624,1.0006897,1.000345,1.0006269
HIST1H2AH,0.9967072,0.99750435,0.9980099,0.9966529,0.996889,0.9968914,0.9984898,0.9969293
PRXL2B,0.99997085,0.9999412,0.99996185,0.99986494,0.99993587,0.99983555,0.9999559,1.0001543
GCA,0.99793774,0.99851155,0.999038,0.9982649,0.99820983,0.9981917,0.9992981,0.9985845
PGLYRP3,0.99678284,0.9975583,0.9980508,0.99672127,0.99695194,0.9969539,0.9985186,0.99700844
ARL15,1.0069678,1.0052822,1.0044363,1.0071567,1.0065641,1.006886,1.0034148,1.0063585
RALYL,0.99928033,0.9995898,0.9998517,0.9996449,0.9997394,0.999897,1.0000763,0.9995545
MRPS25,1.0019884,1.0015658,1.001212,1.0018952,1.0016819,1.0018026,1.0009142,1.0015941
LTB,0.99947584,0.999681,0.9994117,0.99896973,0.9992281,0.99899805,0.9994801,0.9993058
COQ10B,1.0057077,1.0043246,1.0033784,1.0054226,1.0050317,1.0053496,1.0025558,1.0048048
STX17,1.0027546,1.0021996,1.0016451,1.0026097,1.0027354,1.0024662,1.0012922,1.0029044
DCLRE1A,1.0036658,1.0028071,1.0027057,1.0042996,1.0035542,1.0037704,1.0020405,1.0032301
MAB21L3,0.99446094,0.9957568,0.9969884,0.9948964,0.99501,0.99520755,0.9977797,0.99594545
SLX4IP,1.0076699,1.0056527,1.0047891,1.0076545,1.0070194,1.0074964,1.0036653,1.0081006
VSTM2A,1.0019873,1.0015131,1.0012541,1.0020033,1.0017303,1.001857,1.0009353,1.0019678
VDAC3,0.99552214,0.99659956,0.99725187,0.9954096,0.99573684,0.99579954,0.99788666,0.9951924
TMEM200C,0.9969398,0.99766815,0.9980621,0.99671555,0.9969728,0.99699146,0.9985522,0.99788594
LRRC72,0.99704814,0.99780357,0.99817616,0.9969202,0.99717236,0.99712384,0.9986034,0.99709725
CS,1.0005113,1.0004851,1.0001404,1.000189,1.0004711,1.0002996,1.000133,1.0002853
KCNK9,1.0001354,1.0000508,0.99974227,0.9996105,0.9997704,0.9995985,0.99972856,0.99997455
F12,1.002515,1.0019097,1.0014837,1.0024192,1.0023048,1.0023408,1.001134,1.0018803
TMED7,1.0012465,1.0010359,1.0008004,1.0012941,1.0011678,1.0012205,1.0006487,1.0008917
VAT1,0.9965259,0.9973648,0.9976694,0.9961091,0.9965441,0.9963887,0.99817896,0.99659055
UTS2R,0.9967072,0.99750435,0.9980099,0.9966529,0.996889,0.9968914,0.9984898,0.9969293
COPB2,0.99830353,0.998636,0.9989041,0.9981656,0.99823916,0.9981948,0.9991348,0.9993154
SEMA3G,0.99711853,0.997784,0.99810773,0.99678075,0.9967735,0.996856,0.99844587,0.99744236
SIGLEC15,0.9967072,0.99750435,0.9980099,0.9966529,0.996889,0.9968914,0.9984898,0.9969293
IL10,0.99766994,0.9982,0.99855494,0.9975742,0.9977451,0.99775815,0.99889934,0.9978124
NUP188,0.9998901,1.000026,0.9999942,0.9999294,1.0000529,0.9998702,1.0000408,1.0001183
MRPL21,0.9947802,0.9961283,0.9969255,0.9947776,0.9951753,0.99520653,0.99775195,0.9959111
UBTD1,0.9997609,0.99977756,1.0001428,1.0000774,0.9999949,1.0002506,1.0002022,1.0003519
TNNC1,0.99689364,0.9976437,0.9980874,0.99678814,0.9970106,0.9969901,0.99852467,0.997031
ZNF260,0.9986477,0.9989455,0.9992821,0.9986955,0.99865097,0.99895346,0.9995142,0.9991949
CSPG5,0.9946971,0.9960776,0.9968427,0.9948131,0.9950225,0.9950262,0.9976685,0.995017
AVP,0.9966636,0.99746674,0.9980012,0.9966341,0.99684966,0.9968625,0.99847925,0.996881
AES,0.9967072,0.99750435,0.9980099,0.9966529,0.996889,0.9968914,0.9984898,0.9969293
VAPB,1.0010226,1.0007396,1.0007746,1.0011698,1.0010684,1.0010455,1.000603,1.0014812
RPP30,1.0020347,1.0016125,1.0014826,1.0022829,1.00215,1.0021422,1.0011758,1.0023725
ASF1B,0.9998907,0.9999967,1.0001507,1.000088,1.0000873,0.999769,1.0000868,1.0002815
ST6GAL1,0.99993545,1.0000229,0.99977386,0.99953127,0.9997127,0.99982554,0.9998497,0.99902385
RNF166,1.0002514,1.0002104,1.0001143,1.0002042,1.000292,1.0001916,1.0000966,0.9997028
APLNR,0.99470294,0.99596155,0.99652815,0.99435586,0.9945555,0.9943756,0.99719983,0.99435335
FMOD,1.0007282,1.0005428,1.0004754,1.0006797,1.0006356,1.0006821,1.0003443,1.0005512
SCG5,0.9953667,0.99647164,0.9972001,0.9953116,0.9956614,0.9957062,0.9978441,0.9951128
CCDC107,1.0033234,1.0026901,1.0019101,1.0031103,1.0028366,1.0026419,1.0013913,1.0025148
CEP164,0.99364746,0.9951923,0.9964941,0.99415493,0.9943572,0.9944021,0.9973769,0.99427867
PXMP4,0.99992055,1.0000397,1.0000284,0.9999201,1.0000403,1.0001819,1.0001633,1.0000821
LETMD1,0.9972274,0.99783266,0.9984846,0.9974817,0.99756646,0.99769306,0.9988827,0.9973061
EHD2,1.0067904,1.0051925,1.004139,1.0067021,1.0063195,1.0063342,1.0031395,1.006058
FGF10,0.99840474,0.9987817,0.9991008,0.99843454,0.99851733,0.9985199,0.99931854,0.99885124
BCCIP,0.9980112,0.99849296,0.9987024,0.99786055,0.997886,0.997887,0.9989613,0.99798596
ZNF696,1.0015048,1.0011996,1.0007557,1.0012721,1.0013434,1.0010169,1.0005229,1.0008982
BEND2,0.99887383,0.99908507,0.9994117,0.99895656,0.99893063,0.9989748,0.9995358,0.9993025
STIP1,1.0001134,1.0001144,1.0003157,1.0004528,1.000304,1.000317,1.0002618,0.99996996
UPB1,0.9989538,0.999246,0.9994559,0.9989518,0.9991032,0.9991598,0.9996425,0.999336
ELK4,0.999431,0.9994555,0.99966097,0.9994608,0.9993516,0.9993322,0.9996779,0.99968314
MIF4GD,1.0002272,1.0002828,1.0002656,1.0002937,1.000369,1.0003989,1.000265,0.9996987
PACS1,0.99988484,0.9999771,1.0002441,1.0002583,1.0001255,1.0003443,1.0003104,1.0007389
CHSY1,0.9995396,0.9995619,0.99991137,0.9997343,0.9995543,0.9998101,0.99993026,0.9997812
C8orf58,1.0036275,1.0027552,1.0021808,1.0035572,1.003226,1.0032922,1.0016286,1.0029217
TST,0.9948771,0.9959985,0.99718976,0.99534196,0.99555516,0.9955288,0.99791217,0.99611104
ZNF772,0.9998786,0.99988365,1.0001243,1.0000912,1.0000048,1.0001688,1.0001402,0.99982786
TMEM216,0.9990017,0.9993502,0.9992725,0.99880445,0.99908984,0.9990492,0.9995468,0.998528
CCDC116,0.9981779,0.99866736,0.99903953,0.99830794,0.99847555,0.9985354,0.99934196,0.99842423
TMX4,1.0001626,1.0002328,1.0000532,1.0000321,1.0000553,0.99986047,1.0000116,1.0001825
ZWINT,0.9921875,0.9941462,0.99560964,0.9926984,0.99299276,0.99293727,0.99673927,0.99313
CD320,0.9938602,0.99533176,0.996503,0.9941815,0.9944354,0.9944947,0.9974251,0.9952578
SUCNR1,0.9992751,0.9994324,0.9994506,0.9990232,0.9991799,0.9992496,0.99956226,0.99882525
ZNF713,1.000418,1.0002283,1.0003116,1.0004711,1.0003471,1.0006162,1.000303,1.000824
MR1,1.0011802,1.0008837,1.0006219,1.0009763,1.000886,1.0010052,1.0004597,1.0006919
BMF,1.0003014,1.0002097,1.0000975,1.0001898,1.0000294,0.9998781,0.99994016,0.9995692
INPP1,1.004189,1.0033249,1.0025499,1.0042188,1.0039399,1.0038677,1.0019681,1.0031544
C1QTNF6,1.0016093,1.0012766,1.0005964,1.0009897,1.0010575,1.0007461,1.0002782,1.0004473
SP5,0.98791164,0.9908755,0.99253607,0.9878371,0.98854434,0.9881662,0.9942254,0.9882082
MPZL2,0.9979633,0.9984616,0.9988174,0.99796355,0.9981022,0.998183,0.9991227,0.9980353
NGRN,0.99568117,0.9967514,0.9976648,0.9959748,0.9961052,0.99638546,0.9982927,0.9961889
CRYAB,0.9989596,0.9991173,0.99959016,0.99927807,0.9991243,0.999362,0.9998051,1.0005318
EDEM2,1.002914,1.0021896,1.001859,1.0028673,1.0026743,1.0027878,1.001425,1.0032008
NFIA,0.99179816,0.99377346,0.99525094,0.9921088,0.9922886,0.99242496,0.9963793,0.9924786
CCR6,0.9943985,0.99562216,0.99711025,0.9951457,0.9952204,0.99547184,0.99794,0.9963882
ACVRL1,0.99700665,0.9977386,0.9979714,0.9966857,0.9969542,0.99687487,0.9984021,0.9964787
ASB11,0.99888086,0.99916625,0.99923146,0.9987053,0.99887055,0.9987612,0.99938786,0.998649
ZNF273,1.0009096,1.0007749,1.0010936,1.001691,1.0015063,1.0016551,1.0009987,1.0009441
TRUB1,1.0019871,1.0014952,1.0015411,1.0023806,1.0019395,1.0021247,1.0011643,1.0021002
BTF3,0.99783695,0.9983135,0.99849796,0.99748385,0.9976127,0.9976382,0.99875927,0.99766546
AIG1,1.0015553,1.0011652,1.001243,1.0019699,1.0016961,1.0018096,1.0009911,1.0014489
ZNF230,1.0037999,1.002835,1.0029901,1.0046711,1.0042226,1.0045615,1.002425,1.0042173
B3GNT4,0.9997219,0.9997874,0.99994695,0.99986047,0.9998721,0.99987054,0.99997896,0.99970186
LAX1,0.9995175,0.9996764,0.9997874,0.99955094,0.99959713,0.9995295,0.9998457,0.9998071
SLC35E4,1.004437,1.0034585,1.0031086,1.0050291,1.0045975,1.0047828,1.0024785,1.0039221
POLR2H,0.9988469,0.9991225,0.99947786,0.9990382,0.99897724,0.9991057,0.9996419,0.99948967
DNASE1L1,1.0009521,1.0007933,1.0006368,1.0009279,1.0009508,1.001016,1.0005368,1.0007341
EDN3,0.9990855,0.9993213,0.9994241,0.998983,0.99910355,0.999159,0.99957895,0.9988295
CFAP20,0.9969684,0.9976664,0.9982027,0.99693483,0.9971019,0.99710536,0.99861073,0.99754024
TSSK1B,0.9967072,0.99750435,0.9980099,0.9966529,0.996889,0.9968914,0.9984898,0.9969293
ARL5A,1.003289,1.0026475,1.001656,1.0026712,1.0027175,1.002353,1.0011768,1.002791
FAM19A3,0.9967072,0.99750435,0.9980099,0.9966529,0.996889,0.9968914,0.9984898,0.9969293
RIPK4,0.9994284,0.9995917,0.99967694,0.9993765,0.99944437,0.9995366,0.99980867,0.99945676
KCNJ4,0.99504817,0.9961612,0.9973943,0.99559784,0.9957438,0.9958039,0.9980973,0.9968894
AGFG2,1.0002809,1.0002315,0.99986434,0.99974006,0.99996144,0.9998051,0.9998482,0.9999323
PARK7,1.0002862,1.0001761,1.0000209,1.0000098,1.0000103,0.99996406,0.9999356,1.0001014
MYLPF,1.0057628,1.004473,1.003231,1.0053347,1.0051973,1.0048248,1.0023586,1.0043348
FAHD1,1.0041395,1.0032324,1.0023804,1.0038881,1.0039104,1.0036794,1.0018076,1.003376
SELENOS,1.0023156,1.0018419,1.0015067,1.0023719,1.0022763,1.0022159,1.0011737,1.0022119
LAMP1,0.9979857,0.9985244,0.9988421,0.99799794,0.9980432,0.9982351,0.9991896,0.9981582
CENPU,0.99246037,0.99440855,0.99549305,0.9924638,0.99295443,0.9927517,0.99659324,0.9930439
CALM1,0.99285215,0.99455434,0.9956175,0.99271905,0.9931028,0.9932202,0.996616,0.9929309
TMEM248,1.0013256,1.000986,1.0007666,1.0012183,1.0010482,1.0009378,1.0005,1.001
FCRL1,0.9967072,0.99750435,0.9980099,0.9966529,0.996889,0.9968914,0.9984898,0.9969293
TARM1,0.9967072,0.99750435,0.9980099,0.9966529,0.996889,0.9968914,0.9984898,0.9969293
RIBC2,1.0006115,1.0005552,1.0005385,1.000713,1.0007484,1.0007994,1.0004922,1.0008254
RNPS1,0.99764097,0.9982883,0.9984286,0.9973792,0.9976529,0.99750507,0.9987602,0.997177
STX7,0.9983492,0.9986986,0.9991851,0.9985384,0.9985437,0.99880904,0.9994122,0.9983682
UCHL3,1.0012083,1.0010006,1.0008085,1.001243,1.0012312,1.0013518,1.0007,1.0009711
RHOD,0.9968092,0.99757564,0.9980446,0.9967202,0.99692714,0.9968709,0.9984764,0.9968997
BTNL3,0.997197,0.99786615,0.99830735,0.99713916,0.99732625,0.99731326,0.99870074,0.9974344
ZNF771,0.99827945,0.99867946,0.99924636,0.9986448,0.99855256,0.9987587,0.99952316,0.9990386
MRPL18,0.99919575,0.999297,0.9998378,0.99963343,0.999365,0.99979347,0.9999344,0.9994689
PAG1,0.9915507,0.9935993,0.9946761,0.9912537,0.99193096,0.9919443,0.995992,0.9921969
RAB27A,1.0019507,1.0014275,1.0010536,1.0017414,1.0015432,1.0015193,1.0007225,1.0015149
MAST3,0.99739397,0.997996,0.9985047,0.9974245,0.99768245,0.99776924,0.99892527,0.99778664
JUN,0.99304616,0.99475837,0.99567133,0.9928513,0.9932972,0.99323076,0.9966439,0.9930558
BCL2L11,1.0088124,1.0066736,1.0047015,1.0077987,1.0075369,1.0073179,1.0033959,1.0073189
DHDH,0.99867654,0.99894714,0.99927735,0.99876106,0.99876976,0.9988932,0.99945104,0.99858224
ADH5,0.99683946,0.9975835,0.99804443,0.99671847,0.99702156,0.99695396,0.9985138,0.9973135
CEACAM16,0.9967072,0.99750435,0.9980099,0.9966529,0.996889,0.9968914,0.9984898,0.9969293
SBSN,0.9967072,0.99750435,0.9980099,0.9966529,0.996889,0.9968914,0.9984898,0.9969293
REEP6,0.99620235,0.99713933,0.9978174,0.99628973,0.9966294,0.99679726,0.9984665,0.9969618
CDIPT,1.0009029,1.0007722,1.0004368,1.0007119,1.0007595,1.0006588,1.0003355,1.0002433
SOD2,1.0000255,1.0000951,0.99985063,0.9997653,0.99986655,0.999665,0.9998214,0.99908596
TMEM64,1.0033829,1.0026149,1.0018579,1.0031512,1.00299,1.002935,1.0013946,1.002322
TECRL,0.9978329,0.99832594,0.99856687,0.9976187,0.9978097,0.99772394,0.9988533,0.9977467
RAB17,0.99831074,0.9987047,0.9988893,0.9981183,0.99827677,0.9982395,0.99911463,0.99823153
TMEM235,0.9965386,0.9973614,0.9980254,0.99665785,0.9968711,0.9969796,0.9985614,0.9971445
TM2D2,1.0010633,1.0008479,1.0005484,1.00092,1.000909,1.0008452,1.0004005,1.0005078
ZNF117,0.9976453,0.9981636,0.9979991,0.99676013,0.9974188,0.99692523,0.9983221,0.9970087
IL1B,0.99570626,0.996684,0.99729866,0.9955679,0.9958769,0.99589527,0.997917,0.99516505
SOSTDC1,1.000298,1.0001543,1.0003158,1.0005118,1.0002321,1.0005004,1.0002444,0.9999914
OMD,0.99660146,0.997437,0.9979526,0.9965614,0.9968177,0.99678326,0.99845135,0.99683785
CNR2,0.9967072,0.99750435,0.9980099,0.9966529,0.996889,0.9968914,0.9984898,0.9969293
SEL1L3,0.99158394,0.99365765,0.9952644,0.992172,0.99236435,0.9926264,0.99654126,0.9925132
CCDC198,1.0002475,1.0001138,1.000365,1.0004886,1.0003898,1.0004379,1.0003043,1.0011642
EIF4E1B,0.9988856,0.9991667,0.99938,0.9988415,0.9988233,0.99893874,0.9995264,0.9989152
PDCD2L,1.0007563,1.0006993,1.0003312,1.0005361,1.0008298,1.0007223,1.0003587,1.0003327
ETFBKMT,1.0036916,1.0027065,1.0022347,1.0036731,1.0033863,1.0035106,1.0016952,1.0035914
IKZF5,1.0025091,1.001852,1.0020974,1.0032728,1.0026263,1.0032611,1.0017692,1.003674
CASP4,0.9964127,0.9972116,0.9976101,0.9959973,0.9963708,0.996413,0.9981239,0.99614316
GPR101,0.9967072,0.99750435,0.9980099,0.9966529,0.996889,0.9968914,0.9984898,0.9969293
GZMK,0.99678284,0.9975583,0.9980508,0.99672127,0.99695194,0.9969539,0.9985186,0.99700844
AQP10,0.9982003,0.99862826,0.9989736,0.99824345,0.99831796,0.9982976,0.9992111,0.9984267
ANKRD34B,0.99983966,0.99990755,0.9998634,0.99967575,0.99972844,0.99981594,0.99990237,0.99959993
TEPP,0.996055,0.9969958,0.99765205,0.9960805,0.9963204,0.9963061,0.9982174,0.99645686
C6orf89,0.998742,0.9990352,0.99912703,0.99849224,0.9987149,0.99866337,0.999329,0.9988098
SCXB,0.9967072,0.99750435,0.9980099,0.9966529,0.996889,0.9968914,0.9984898,0.9969293
C1orf109,0.99975777,0.99979293,1.0000286,0.9999815,0.9998337,0.99996555,1.0000812,1.0004054
MRPL44,0.99558115,0.9965867,0.99749935,0.99573237,0.9959454,0.9962783,0.99820185,0.99667895
EDN2,0.9955037,0.99661684,0.9972217,0.9953805,0.9957541,0.9956734,0.99788433,0.99564433
P2RY11,1.0035708,1.0026784,1.0022533,1.00363,1.0034033,1.0035398,1.0017484,1.0033196
RNF135,0.9992342,0.9993831,0.9994585,0.999066,0.99916923,0.9991433,0.99955237,0.9989185
NXPE1,0.99674165,0.99753034,0.9980261,0.99668217,0.99691755,0.996915,0.99849993,0.9969486
TP53I11,1.0026174,1.0019917,1.0016624,1.0026271,1.0025457,1.0024052,1.0012236,1.0023278
DPP8,0.99990296,0.99981076,1.000175,1.0002317,1.0000709,1.0002304,1.0002105,1.0013992
ZFP92,0.9967072,0.99750435,0.9980099,0.9966529,0.996889,0.9968914,0.9984898,0.9969293
RIMBP3,0.9968343,0.99757165,0.9981621,0.99686897,0.99706733,0.9971646,0.9986293,0.9972626
DKK1,1.0044278,1.0033326,1.0025387,1.0041718,1.0037938,1.0037858,1.0018406,1.0037651
RAD51B,1.0034232,1.0025169,1.0020969,1.0034254,1.0030351,1.0031292,1.0015483,1.0031315
KCNK16,0.9967072,0.99750435,0.9980099,0.9966529,0.996889,0.9968914,0.9984898,0.9969293
ITLN1,0.9957868,0.9968091,0.99751383,0.9958465,0.99610496,0.9961035,0.9981252,0.9961443
CLIC1,0.9917209,0.9938655,0.995143,0.9918225,0.99249434,0.9922849,0.9963373,0.9922244
RAB28,0.9965058,0.9974278,0.9980949,0.99681425,0.9971442,0.9971467,0.99870485,0.9969902
CCDC83,0.9965991,0.99739873,0.99799126,0.9965986,0.9968489,0.99689984,0.9984994,0.99709547
TSSK6,0.99896336,0.9992094,0.99937344,0.9988822,0.99894774,0.99896514,0.99951565,0.9990567
KIR3DL2,0.99668026,0.99747914,0.9979962,0.99663115,0.996866,0.99687994,0.99848247,0.99692774
DSPP,1.0000451,1.0000265,1.0002697,1.0002849,1.0000596,1.0002978,1.0002267,1.0002645
LARGE1,0.9977263,0.9982712,0.99887,0.9981679,0.99828327,0.99805796,0.9991871,0.99821657
LRPAP1,0.9986206,0.99900734,0.99951684,0.9990636,0.99907315,0.9991964,0.9997578,0.9994151
FAM107B,0.9941441,0.9956462,0.9964864,0.994272,0.9946842,0.994622,0.99739504,0.99391717
ALAS2,0.99859756,0.9991025,0.9993851,0.99886405,0.99882936,0.9988457,0.9995333,0.9977032
GAN,1.003833,1.0028234,1.002273,1.003679,1.0034425,1.0033746,1.0016785,1.004227
STXBP5,0.99712,0.9978977,0.99813247,0.9969258,0.9971123,0.99698555,0.9985062,0.996415
ZNF519,1.0031872,1.0023395,1.0020539,1.0032597,1.0028331,1.0029526,1.0015416,1.003859
PPIL6,0.9961035,0.99700946,0.9976034,0.99613667,0.996481,0.9962561,0.9982028,0.99671954
RPS18,0.9972713,0.997869,0.99868673,0.99765074,0.9974867,0.9977833,0.99902105,0.99849695
RAB27B,1.0072443,1.0054932,1.0047271,1.0077192,1.0069888,1.0071766,1.0036175,1.0067444
PHOSPHO1,0.9993026,0.99946415,0.999511,0.99914575,0.9991919,0.999192,0.99958706,0.9988965
PARP8,1.0026543,1.0021067,1.001063,1.0018615,1.0020273,1.0016271,1.0006623,1.0012822
HPRT1,1.0019889,1.0014789,1.0016922,1.0026627,1.0022873,1.0023795,1.0013204,1.0019879
CCNH,1.0013752,1.0011399,1.000667,1.0009851,1.0011162,1.0009245,1.0004573,1.000806
BCAS1,0.9997206,0.9997302,1.0002577,1.0002933,0.99993014,1.0002034,1.0002737,1.0011644
TSPAN31,1.002034,1.0016081,1.0008945,1.0015101,1.0016365,1.0018609,1.0008013,1.0014076
ZSCAN23,1.0057828,1.0044672,1.0032421,1.0053897,1.0052161,1.00479,1.0023665,1.0054736
GATAD1,0.9987688,0.99910086,0.99892414,0.99832916,0.99865854,0.9982462,0.9990813,0.9979258
FAM189A1,1.0034672,1.0026172,1.0017825,1.0030715,1.0029693,1.0027784,1.0012381,1.0017967
ZMAT2,0.9976945,0.9982518,0.99869883,0.9977917,0.99784946,0.9978344,0.9989949,0.9978757
TM2D3,0.9977285,0.9983001,0.99877584,0.99794316,0.99805945,0.9980148,0.99908054,0.99778074
NDUFAF4,0.9969783,0.99784,0.99847865,0.997277,0.9975903,0.99774057,0.99903643,0.9979497
DBNDD2,1.0020173,1.0015507,1.0014756,1.0022827,1.0020417,1.0022485,1.0012121,1.0019931
RCVRN,0.9971157,0.9978136,0.9982432,0.99704796,0.99728096,0.99737227,0.9987179,0.99746794
RANBP1,0.99712974,0.9977658,0.99828935,0.9971446,0.99727327,0.99725497,0.99866736,0.99736935
DCAF12L1,0.99970895,0.9997523,0.99990624,0.9997304,0.9997401,0.9998247,0.9999486,0.99986243
MESP1,1.0031826,1.0023707,1.0019407,1.0031183,1.0028741,1.0029118,1.0014386,1.0028241
TNFRSF10D,0.99882567,0.99910235,0.9992161,0.9986476,0.99857956,0.99866295,0.9993252,0.99833304
HHLA2,0.99830544,0.9987133,0.9988913,0.9981442,0.99827766,0.99822426,0.999117,0.9980316
DUS4L,1.0057485,1.0043559,1.003359,1.0055312,1.0053157,1.0050771,1.0025021,1.0054549
ESD,0.99889636,0.9990933,0.9992275,0.9986682,0.99871457,0.998852,0.9993874,0.9991813
SIGLEC5,0.9975606,0.9981761,0.99845594,0.9973931,0.99761313,0.99753684,0.9987954,0.99755293
MLYCD,1.0024592,1.001924,1.0013946,1.0022584,1.0021145,1.0020317,1.0010707,1.0026438
RPS20,0.9954108,0.99645334,0.9970888,0.9951487,0.99537426,0.9955183,0.9977127,0.99541414
SIGMAR1,0.99612,0.9971838,0.9975641,0.9959675,0.9965005,0.9963447,0.9982474,0.99612457
B3GNT3,0.99731135,0.99797136,0.9984017,0.9972956,0.9974934,0.99751663,0.99880594,0.9974508
ZNF19,1.0064896,1.0047941,1.0038885,1.0062442,1.0057083,1.0058692,1.0028834,1.0066352
CDK1,0.99338967,0.9950161,0.9958937,0.99324906,0.9936178,0.99358386,0.99688756,0.99387205
OTULIN,1.0030673,1.0023029,1.0019603,1.0030088,1.002765,1.0028646,1.0014788,1.0033996
NXF5,0.99775374,0.99829525,0.99864924,0.99768907,0.9978527,0.9978962,0.9989756,0.9978318
PABPC5,1.0063307,1.0049126,1.0037342,1.0059606,1.0057868,1.0057325,1.002861,1.0060239
ATP5PB,0.9990672,0.99925756,0.9996017,0.999213,0.99908805,0.99936914,0.9997052,0.9991689
MTNR1A,0.9967072,0.99750435,0.9980099,0.9966529,0.996889,0.9968914,0.9984898,0.9969293
C1orf198,0.9992352,0.9993743,0.9994525,0.9991176,0.9991706,0.99904567,0.99952877,0.99914443
ZNF253,1.0020225,1.0015715,1.0012765,1.0019795,1.0019406,1.0019532,1.0009937,1.0016757
PPP1R3G,0.9907137,0.99306256,0.99440944,0.99076676,0.9914447,0.9913925,0.9958261,0.9910939
F3,0.9968788,0.9976924,0.99854136,0.9975308,0.9975146,0.9977315,0.9990225,0.9968338
ANKDD1B,0.9976889,0.99825513,0.99863863,0.9977344,0.99790263,0.997835,0.9989692,0.997607
TMEM56,0.9967072,0.99750435,0.9980099,0.9966529,0.996889,0.9968914,0.9984898,0.9969293
OAZ1,0.9984314,0.9987687,0.99902433,0.9983194,0.99834764,0.9984339,0.99920607,0.998436
EIF3B,0.9987479,0.9989809,0.9994475,0.999123,0.9989215,0.99909997,0.99962926,0.999252
SLAMF8,0.99862415,0.99893737,0.999148,0.99852437,0.99864,0.9986913,0.999352,0.998695
SLC38A11,1.0016563,1.001281,1.0008938,1.0014405,1.0014695,1.0013634,1.0006531,1.0010579
RAPGEF3,0.99670553,0.9974427,0.9981352,0.9969229,0.9970463,0.9970449,0.9986066,0.99719316
ZNF680,1.0046127,1.0035472,1.0031481,1.0050107,1.0044171,1.0045185,1.0023968,1.0048381
SIM1,1.005422,1.0041246,1.0032481,1.0052999,1.0052845,1.0053864,1.0025592,1.0041776
SOWAHA,0.9979489,0.9984723,0.998835,0.99800414,0.99810636,0.9981646,0.9991294,0.9977566
AZU1,0.99861825,0.99899286,0.9989802,0.9983997,0.9986011,0.99861,0.999265,0.99780923
SRSF9,0.99923193,0.9995078,0.99936914,0.9990065,0.99914265,0.99909973,0.9995078,0.99804413
TTC9,1.001306,1.0010622,1.0011191,1.0017742,1.001497,1.0016185,1.000942,1.0015253
AMIGO2,1.006659,1.0051196,1.0043247,1.0070033,1.0065236,1.006479,1.0033585,1.0066949
PUSL1,1.0032134,1.0024831,1.0020701,1.0033083,1.0031502,1.0032271,1.0016321,1.002944
JAZF1,1.0020422,1.0015311,1.001332,1.0020885,1.0016763,1.0019276,1.00097,1.0019275
TADA1,0.99925804,0.99947715,0.9998051,0.99942636,0.9994104,0.99963766,0.9999198,0.9996207
NDUFV2,0.9995248,0.999586,0.999809,0.99961483,0.99959564,0.9996656,0.99985176,0.9997475
CRTAM,0.99792707,0.99841905,0.9989897,0.9982233,0.99828494,0.99837875,0.9992875,0.9985031
MCL1,0.9949478,0.99616164,0.99695164,0.99492514,0.99514365,0.9952607,0.9976738,0.99506485
FAM166A,1.0038358,1.0029585,1.0021894,1.0035183,1.0034304,1.0031428,1.001581,1.0031953
INTS13,1.0007321,1.0005361,1.0007914,1.0011258,1.0010076,1.0012779,1.0007372,1.0013473
ZNF610,1.0064498,1.0049804,1.0040375,1.0065718,1.0062436,1.0062647,1.0031449,1.0057956
MYL4,0.9988959,0.99926865,0.9991616,0.9985547,0.9986935,0.9984398,0.99925,0.9984301
GLYATL3,0.9967072,0.99750435,0.9980099,0.9966529,0.996889,0.9968914,0.9984898,0.9969293
TRAF1,1.0006709,1.0005354,1.0002673,1.0004247,1.0004647,1.0003921,1.0001906,1.0005317
BRICD5,1.0006295,1.0005118,1.0000119,1.0000197,1.0002304,0.9998745,0.99988496,0.99979365
LIPT1,1.0018221,1.0014012,1.0010849,1.0015818,1.0015433,1.0015341,1.0008126,1.0025392
RBM42,0.9987521,0.99906266,0.9992958,0.9987746,0.9988816,0.99881625,0.9994812,0.9989966
PDE1B,1.0056281,1.0042413,1.0035143,1.0056865,1.0052086,1.0051358,1.0025827,1.0052665
RHOG,0.9965972,0.9975015,0.9977785,0.9963268,0.9967267,0.9966941,0.9983491,0.9959245
ZCWPW2,0.9985608,0.99890906,0.9993894,0.9988568,0.9987999,0.9989389,0.9995655,0.9990829
SSR3,0.9954656,0.99661416,0.9974992,0.9958149,0.9960205,0.99612296,0.99816513,0.9953858
LPAR6,0.9986533,0.9989569,0.9988869,0.9981798,0.9983324,0.9982915,0.9990821,0.99829113
FAM71A,1.0009534,1.0007205,1.0007023,1.0009835,1.000874,1.0010194,1.0005493,1.001009
KRBA2,1.0060833,1.0045373,1.0034323,1.0056572,1.0053178,1.005127,1.0024498,1.0057726
ZDHHC24,1.0005492,1.000369,1.0002855,1.0003817,1.0004605,1.0006217,1.0002643,1.0006675
MYL3,1.0008423,1.0006214,1.0004395,1.0006361,1.0006663,1.0007514,1.0003397,1.000776
ZNF639,1.0040373,1.0030775,1.0021921,1.0036408,1.003443,1.0031579,1.0015371,1.003245
FBXL14,0.9991642,0.99934256,0.99970603,0.9994365,0.99945265,0.9994894,0.9998214,0.9993781
IFNAR2,1.0028583,1.0021949,1.0016446,1.0026512,1.002386,1.0023388,1.0011561,1.0023949
MPIG6B,1.0013428,1.0009795,1.0008678,1.0013611,1.0011896,1.0010777,1.0005955,1.0017885
TNFRSF13B,0.9970322,0.9977441,0.99817944,0.99694884,0.99716026,0.99711514,0.9985944,0.997163
STRA8,0.99689007,0.9976395,0.99810654,0.9968205,0.99704283,0.99702156,0.9985508,0.9970628
TMUB2,1.002158,1.0016167,1.0012747,1.0020444,1.0020188,1.0019666,1.0009737,1.0022087
TMEM9,0.9983383,0.99874824,0.99916846,0.99859536,0.998675,0.998565,0.99937963,0.9986836
TMX1,0.99890107,0.9991877,0.9993924,0.9989175,0.9988457,0.99883795,0.99950814,0.9990385
SYNGR1,0.9989065,0.9991745,0.99932647,0.99890924,0.9989383,0.99881613,0.9994481,0.99877775
TTLL2,0.9988855,0.9991311,0.99941134,0.99891186,0.9989562,0.99902254,0.99955094,0.9992056
ZIK1,1.001682,1.0013447,1.0010762,1.0016868,1.0016612,1.0015593,1.0007885,1.0010453
EPC2,1.0038428,1.0028652,1.0019395,1.003178,1.0031059,1.0028616,1.0013404,1.0035549
SLC25A52,0.99557304,0.9966346,0.9972839,0.995489,0.99582887,0.995845,0.9979501,0.9958695
MACROD1,1.0041044,1.0030861,1.002668,1.0043428,1.0038203,1.0039735,1.0020409,1.0040245
C2CD4A,0.99879503,0.99910665,0.9993112,0.9987971,0.99884343,0.99890906,0.9994862,0.99868774
CFAP97,0.9988298,0.99923575,0.9996468,0.99931264,0.99931276,0.9992318,0.99978447,0.99866116
EEF1AKMT2,0.99843925,0.9989017,0.9995611,0.99910235,0.9989679,0.9992633,0.99984086,0.99885476
TUBGCP6,1.0030335,1.002305,1.0017338,1.0028703,1.002691,1.0024672,1.0012336,1.0023837
BRIX1,1.0012157,1.0009482,1.0007975,1.0012376,1.001101,1.0011711,1.000613,1.0008248
IDO1,0.99955726,0.999568,0.99995875,0.99987566,0.9996519,0.99974406,0.99995816,1.0001237
LMO1,1.0072103,1.0054312,1.0048174,1.0077295,1.0071274,1.0071849,1.0037041,1.0078691
APOL1,0.99963665,0.99981177,0.9996897,0.99940807,0.99963784,0.9995456,0.9998034,0.9998981
USF3,0.999808,0.99988765,0.99989414,0.99970853,0.99974567,0.999707,0.9999141,0.9997178
NTSR2,0.99593455,0.9969033,0.9974233,0.9957384,0.9960706,0.9959846,0.9980066,0.9959934
CAV2,1.0020804,1.001628,1.0014558,1.0023854,1.0019932,1.0019748,1.0010638,1.0015491
TNFSF15,1.0011127,1.0008929,1.0004022,1.0006812,1.0008545,1.0005028,1.0002309,1.0005553
RNF126,1.0013881,1.0011073,1.0005479,1.000855,1.0011295,1.0009145,1.0004262,1.0016856
DRD4,0.99888813,0.9992218,0.99938565,0.99887395,0.9989676,0.9991097,0.9995943,0.99857974
RCAN2,1.0014708,1.0012759,1.0002531,1.0003607,1.0009308,1.0000678,0.9999869,1.0009649
FBXO11,0.9932492,0.9948988,0.9958354,0.993115,0.9935616,0.99344146,0.9967562,0.99302745
ELOVL7,0.9991039,0.9992332,0.99938536,0.9989495,0.99893415,0.9989161,0.9994329,0.999071
ENOPH1,0.99965984,0.9998267,0.9997299,0.99950033,0.99965113,0.999542,0.9998128,0.99947226
RNF149,0.9973193,0.99798304,0.9987472,0.997762,0.99770224,0.9977124,0.9990489,0.9983778
PCGF1,1.0032059,1.0024312,1.0020505,1.0032489,1.00302,1.0030472,1.0015424,1.0028629
LBP,0.9967072,0.99750435,0.9980099,0.9966529,0.996889,0.9968914,0.9984898,0.9969293
GGCT,0.99739486,0.99815243,0.9985602,0.9975387,0.99784386,0.9977691,0.9989786,0.9969883
AIDA,1.0030808,1.0023831,1.001677,1.0027525,1.002682,1.002387,1.0012,1.0028839
GPS2,0.9987633,0.9990891,0.9992987,0.99875194,0.99888384,0.9988866,0.9995278,0.9997093
THAP10,1.0016092,1.0013374,1.0010556,1.0016721,1.0017568,1.0017979,1.0009588,1.001655
POU6F2,0.9990174,0.999223,0.999372,0.9989612,0.99894094,0.998665,0.99938774,0.998855
MYOZ1,0.99669886,0.9974452,0.9981312,0.9968338,0.9969968,0.99708426,0.9986053,0.9973577
METTL6,1.0033852,1.002521,1.0017831,1.0028903,1.0026981,1.0027237,1.0012449,1.0025127
GPR25,0.9967072,0.99750435,0.9980099,0.9966529,0.996889,0.9968914,0.9984898,0.9969293
RPS14,1.000464,1.0002722,1.0002464,1.0003632,1.0002408,1.000438,1.0001463,1.0000553
IRAK1BP1,1.006202,1.0046904,1.0038792,1.006431,1.0058546,1.0058839,1.0029635,1.0061772
GRPR,0.9964106,0.9972894,0.99781704,0.99634296,0.9966164,0.9966014,0.99834573,0.9965756
RPTOR,1.0011072,1.0007544,1.0009019,1.0014226,1.0012255,1.0014107,1.000726,1.000482
CSF1,1.0012035,1.0009665,1.0005847,1.0009644,1.000998,1.0007071,1.0003787,1.0007455
APH1B,1.0008514,1.0007237,1.0004618,1.0007656,1.0006967,1.0006607,1.0003448,0.9999993
GSTZ1,1.0004438,1.0003921,1.0002197,1.0002931,1.0004716,1.0005536,1.0002683,0.99984854
CCR5,0.9967072,0.99750435,0.9980099,0.9966529,0.996889,0.9968914,0.9984898,0.9969293
APOA1,0.998832,0.99906206,0.99924695,0.9987783,0.99884206,0.9987542,0.9993639,0.998352
NOL7,0.9995693,0.999707,0.99993694,0.9997858,0.9996828,0.99978024,0.99999726,1.0000979
PTGDR,0.99722373,0.99789006,0.99830276,0.997144,0.9973416,0.99734294,0.9987011,0.9973384
CXCR5,0.9981648,0.9986163,0.99893105,0.9981475,0.99828494,0.99833715,0.9992004,0.99816775
FSTL3,1.0027317,1.0020494,1.0015106,1.0024958,1.0023112,1.0021315,1.001023,1.0019131
NCS1,0.99303526,0.9947383,0.99587643,0.9931416,0.99361205,0.99343926,0.99686563,0.99400574
LDLRAD4,1.0027374,1.0021657,1.0016446,1.0026464,1.0025204,1.00241,1.0012598,1.0026028
AIMP1,0.99945235,0.99962115,0.99987364,0.9996601,0.999714,0.9998584,0.99999094,0.99962234
SULT1E1,0.99617267,0.99703276,0.9981291,0.9966293,0.99649745,0.99705005,0.99868333,0.9973452
MTFR1L,0.99887884,0.99912,0.9995059,0.999133,0.99911785,0.9991127,0.99963415,0.99917054
SCAMP4,0.99624115,0.99726546,0.99804074,0.99663043,0.99682754,0.9969455,0.99867177,0.9969323
PDAP1,0.99639636,0.9972404,0.9976388,0.99614835,0.9964336,0.9963167,0.9981599,0.99648774
KHDC1,1.0006623,1.0004721,1.0004576,1.0005325,1.0003821,1.0008907,1.0004367,1.0009179
UBE2T,0.99849844,0.9989759,0.999379,0.99881226,0.99884546,0.9989153,0.99963486,0.9991305
STX4,1.0004247,1.000409,1.0002043,1.0003631,1.0004325,1.000284,1.0001858,0.99995565
CASP1,0.9949037,0.99607027,0.99696743,0.9949914,0.9954046,0.9956229,0.99780643,0.9948548
TSPAN8,0.9971936,0.99786866,0.9982617,0.9970777,0.9972894,0.9972527,0.99865496,0.99727285
TACSTD2,0.9978773,0.9983696,0.9986264,0.9976802,0.9977724,0.99776983,0.9988973,0.9978793
CCND2,0.9962057,0.9971134,0.9977453,0.996228,0.9963475,0.9964509,0.9983213,0.9972675
IQCG,1.0039842,1.0029677,1.0024148,1.0039629,1.0035911,1.0035031,1.0017878,1.004345
UPF2,1.000489,1.0002859,1.0002726,1.0004417,1.0002126,1.000291,1.0001322,1.000572
RPUSD3,0.99864215,0.9989791,0.9995758,0.99907404,0.9991212,0.9991684,0.9997949,1.0004514
FCER2,0.99798185,0.99846935,0.9987663,0.9978838,0.99803483,0.9980479,0.99905586,0.9981663
SULT6B1,0.9962284,0.997147,0.9977342,0.9961971,0.996464,0.9964751,0.99829113,0.9964995
SLC35B3,1.0019443,1.0014889,1.0014542,1.002228,1.00206,1.0021079,1.0011368,1.0019877
CATIP,0.9975438,0.9982301,0.99822295,0.9970231,0.99746037,0.99732673,0.9986316,0.9971706
SIRT4,0.9977546,0.9982599,0.9991623,0.9984896,0.99831223,0.9986974,0.9995386,0.99908376
ZNF177,1.0054859,1.0041755,1.0030266,1.0049419,1.0049424,1.004927,1.0023081,1.0043999
RBMX2,0.99667776,0.9974369,0.9980137,0.99670064,0.99690056,0.9969419,0.998512,0.9971223
YIF1A,0.9986473,0.9990978,0.99940205,0.9989794,0.9990325,0.9988959,0.99961376,0.9987519
BPIFB6,0.9967072,0.99750435,0.9980099,0.9966529,0.996889,0.9968914,0.9984898,0.9969293
SDCBP2,0.9972656,0.99793935,0.99821955,0.9970145,0.9972696,0.9971802,0.9986089,0.9972331
MPZL3,0.99990666,0.9999987,1.0003023,1.0002911,1.000212,1.000355,1.000347,1.0006297
CD207,0.9967072,0.99750435,0.9980099,0.9966529,0.996889,0.9968914,0.9984898,0.9969293
DNAJC4,0.999507,0.999673,1.0000179,0.9999814,0.9998719,0.99991095,1.0001088,1.000011
SETDB2,1.0030664,1.0022875,1.0020185,1.003221,1.0030634,1.0032431,1.0016084,1.0026164
TOMM40L,1.002477,1.001865,1.0016329,1.002598,1.0022589,1.0024068,1.0012702,1.0028017
NRP1,1.0014311,1.0011209,1.00055,1.0008856,1.0007708,1.0010492,1.0003586,1.000163
ZNF891,1.0065888,1.0049416,1.0035226,1.0058826,1.0055913,1.0054067,1.0024675,1.0043938
LILRA1,0.99691576,0.99762917,0.9981686,0.996901,0.9971168,0.99717593,0.9986222,0.9972507
S1PR3,0.9908049,0.9929813,0.99467933,0.99109876,0.99163795,0.99156475,0.9960539,0.993325
HSD17B11,1.0012645,1.0009627,1.0009865,1.0015087,1.0012,1.0012877,1.0007342,1.001352
NT5DC1,0.9979234,0.9984827,0.99892807,0.9981525,0.99832153,0.9984526,0.99929976,0.9980317
RPL7L1,1.0005586,1.0003786,1.0004691,1.0006524,1.0003422,1.0005333,1.0003549,1.0015823
SSSCA1,0.9967072,0.99750435,0.9980099,0.9966529,0.996889,0.9968914,0.9984898,0.9969293
CGAS,0.9982604,0.99866056,0.99911094,0.99843657,0.99844015,0.99847996,0.99931884,0.99847496
SUPT7L,1.0019383,1.0015038,1.0010984,1.0018007,1.0017841,1.0018046,1.000859,1.0016129
MRPL20,0.9977951,0.99836826,0.9986049,0.997664,0.99784076,0.997876,0.9989443,0.9975885
B3GALT6,0.9960525,0.99704903,0.99764836,0.9960899,0.9963146,0.99632025,0.9982657,0.9963904
RAB12,0.9962926,0.99716055,0.99782574,0.99641335,0.9965911,0.99671215,0.9984392,0.9970468
PRKAB1,1.000071,0.99999404,0.9999579,0.9998193,0.99985373,0.99962556,0.9998703,1.0009338
DTD1,0.99941456,0.99956626,0.99947965,0.9990674,0.9992739,0.99921966,0.99956524,0.9991373
SNCG,0.9985658,0.99873877,0.9994428,0.9990021,0.9986371,0.99896014,0.9995638,0.99947023
MCHR1,1.0001069,1.0000918,0.99990964,0.9997735,0.999825,0.99980885,0.99987555,0.9998549
KERA,0.9968146,0.99758285,0.9980695,0.9967543,0.99697936,0.9969673,0.99852663,0.99701464
PDCD10,1.0005033,1.0004355,1.0003736,1.0006074,1.0005239,1.0005741,1.000314,1.0000279
IL22RA2,0.99669397,0.997493,0.9979974,0.99663734,0.9968741,0.9968695,0.99847806,0.99691224
CACNG1,0.99588096,0.9968146,0.9977094,0.9961008,0.996255,0.9964668,0.99832433,0.99684644
CAPZA1,0.99397385,0.9954759,0.99634695,0.9939298,0.99431074,0.99415314,0.99718547,0.9942125
MRPS18B,0.99776495,0.99829686,0.9988588,0.99799466,0.9980768,0.99818385,0.9991919,0.9985354
OXNAD1,1.0046498,1.0034174,1.002748,1.0043309,1.0040312,1.0041643,1.0020125,1.004446
CD8A,0.99984246,0.9998246,1.0000708,1.000001,0.9999456,1.0001845,1.0001333,1.0004678
CCDC127,1.0001079,1.0000808,1.000485,1.0006429,1.000423,1.0005306,1.0004537,1.0010009
LIPJ,0.99795943,0.9984592,0.9987244,0.99784726,0.9980222,0.997929,0.99899507,0.99781525
CMPK1,0.9935876,0.9952253,0.99610543,0.993569,0.9941108,0.99394834,0.997069,0.9937415
ZNF485,1.0051763,1.003968,1.0032977,1.0052955,1.0048106,1.0050359,1.0025319,1.0044966
C1GALT1,1.0011156,1.0007823,1.0007156,1.0011556,1.0009935,1.0009022,1.0004883,1.0010092
MRPS14,0.99963117,0.99972457,1.0002744,1.0002127,0.99998987,1.0003229,1.0003296,1.0006989
PTK7,1.0000163,0.9998668,1.0007912,1.0010238,1.0004547,1.0010301,1.0007838,1.0029016
PSMA7,0.99715686,0.9978492,0.99814826,0.996922,0.997175,0.99718606,0.9985592,0.99685633
YIPF2,0.9970519,0.9977187,0.99833024,0.9971603,0.99729,0.9975326,0.9988334,0.99800265
FUT6,0.99890256,0.99925625,0.9993237,0.9988148,0.9989763,0.9986496,0.9994339,0.999026
TRH,1.0010161,1.0010283,1.000563,1.0007144,1.0012462,1.0012326,1.0006685,1.0011952
ZNF843,0.9986483,0.9989844,0.9991317,0.9985088,0.9986557,0.99859333,0.99931806,0.9987049
RRP7A,1.001841,1.001401,1.0013762,1.0021417,1.0019766,1.002011,1.0011084,1.0024952
LSM4,0.99672866,0.99755573,0.9983473,0.9971806,0.9972777,0.99725986,0.99881566,0.9975667
SNAI1,1.0013292,1.0009947,1.0006205,1.0011219,1.0010624,1.0009418,1.0004425,1.0012007
THAP6,1.0089333,1.0067688,1.0051546,1.0085335,1.0082111,1.008137,1.0038632,1.0070486
MOGAT1,1.000092,1.000066,0.99999,0.99991333,0.9999864,1.0001019,1.0000687,1.0007297
FAM76A,0.9987999,0.99910283,0.9991887,0.99867845,0.9989073,0.9990605,0.9995096,0.9988227
RNF114,0.9982343,0.99867195,0.99929154,0.99866676,0.9986874,0.9988081,0.99954295,0.99867976
ZNF677,0.99929464,0.9994287,0.9999169,0.99974185,0.99960923,0.99975204,0.99999833,0.9997504
ZNF600,1.0005429,1.0004523,1.0005486,1.0007819,1.0008261,1.0009003,1.0005058,1.0004084
OLR1,0.99731714,0.99804837,0.9981259,0.99683523,0.9971061,0.9969042,0.9984099,0.99629855
P2RY6,0.9963095,0.99721336,0.99758106,0.996016,0.9963888,0.99627507,0.9981103,0.99590206
ZBTB43,0.998441,0.99885356,0.999064,0.9983772,0.99849355,0.9986975,0.9993442,0.99837345
SSB,1.0000184,0.9999747,0.99992967,0.99982095,0.9997318,0.9998458,0.99990404,1.0003047
GPR6,1.0022695,1.0017256,1.001389,1.0022111,1.002112,1.0020783,1.0010359,1.0018864
ANHX,0.99674165,0.99753034,0.9980261,0.99668217,0.99691755,0.996915,0.99849993,0.9969486
MFSD12,1.0003446,1.0002471,1.0004096,1.0005877,1.000364,1.0005876,1.0003567,1.0004246
GLI4,1.0002785,1.000282,1.0002959,1.0004056,1.0004439,1.0004075,1.0002868,1.0003393
PAPSS2,1.001709,1.001282,1.000845,1.0013306,1.0014011,1.0013642,1.0006287,1.0016303
CLEC4M,0.99678576,0.9975559,0.99805486,0.9967308,0.9969542,0.9969542,0.9985185,0.99701166
ABHD13,0.99900115,0.9992322,0.99956757,0.99911463,0.9991653,0.99933237,0.9997535,0.99948144
ZNF630,1.0075319,1.0056806,1.0044405,1.007334,1.0069289,1.0068748,1.0033324,1.0066898
TAGLN3,0.9976725,0.9981961,0.9985975,0.9976157,0.9977327,0.9978888,0.99890614,0.9974029
RIMS1,1.0013577,1.0011349,1.0007359,1.0011538,1.0011458,1.0008662,1.0004992,1.0014269
UCHL1,0.9920081,0.99393916,0.99508905,0.9918537,0.9924512,0.9923749,0.9962101,0.9922261
BIN3,1.0008695,1.0007778,1.0006477,1.0009578,1.0010282,1.0009415,1.0005484,1.0004869
SPATA2L,0.9975004,0.9981514,0.9985279,0.9974673,0.99772555,0.997628,0.99886966,0.9975861
CNPY4,1.0009738,1.0007526,1.0007596,1.0011212,1.0010303,1.001311,1.0007483,1.001935
LGALS4,0.9989263,0.99919033,0.9992493,0.9987286,0.9987963,0.99876475,0.99937654,0.9987684
SBK1,0.9872857,0.99037516,0.99216866,0.987108,0.98810315,0.9879868,0.99403316,0.9876864
HVCN1,0.99648607,0.9973322,0.9977503,0.9962247,0.9966527,0.996573,0.9982887,0.99664116
SMC3,0.9981152,0.99850017,0.9988463,0.9979847,0.9979793,0.99814105,0.9990702,0.998669
PDLIM4,0.9947299,0.9960655,0.9972302,0.9952766,0.99547213,0.99584615,0.99810845,0.9955412
BORCS6,1.0013341,1.000942,1.0014104,1.0021905,1.0017306,1.0020151,1.0011737,1.0020245
GALR1,0.9986994,0.99898374,0.9988452,0.9981429,0.9984038,0.99801576,0.9990046,0.9989644
BAG1,1.0024569,1.0018485,1.0016556,1.0026152,1.0023373,1.0025349,1.0012957,1.002311
TMEM101,1.0030195,1.0023551,1.0020967,1.0032616,1.0030024,1.0031788,1.0017081,1.0036759
CLDN11,0.99928844,0.99939525,0.9997417,0.99950397,0.9993565,0.9993344,0.99978805,1.0002899
CFAP77,0.9982252,0.99867153,0.9989624,0.99824727,0.9983757,0.9982883,0.9992264,0.99864864
CEBPE,0.99736416,0.99803525,0.99835396,0.9972173,0.99744797,0.9974102,0.998734,0.99734604
A1BG,1.0013785,1.0010328,1.0012174,1.0018823,1.0016917,1.0015401,1.0009311,1.001951
IGFBP6,1.0008776,1.0006602,1.0005786,1.000922,1.0008152,1.0010257,1.0005069,1.0007837
ZFP57,0.99691576,0.9976628,0.9981339,0.9968556,0.99707663,0.9970797,0.9985839,0.9971539
TM6SF2,0.9961995,0.99714935,0.99801564,0.9965909,0.99672294,0.9967208,0.9985428,0.99709874
C22orf23,1.0019895,1.0014688,1.0012031,1.0019462,1.0018349,1.0018885,1.000951,1.0022389
HIST1H2AJ,0.9967072,0.99750435,0.9980099,0.9966529,0.996889,0.9968914,0.9984898,0.9969293
UBE2S,0.9987625,0.9991982,0.9994054,0.9989046,0.99905086,0.99902356,0.99962044,0.99861646
VPS37C,1.0020237,1.0015522,1.0012205,1.0019789,1.0019683,1.001987,1.0009797,1.0017334
TEKT1,1.0001607,1.0000705,1.000481,1.0004718,1.000351,1.0006481,1.0005004,1.0020757
EXOC3L2,0.9952736,0.99642384,0.9972102,0.99538016,0.9956836,0.99567133,0.9978974,0.9953811
ZNF765,1.0026464,1.0019618,1.0018506,1.0029721,1.0025263,1.0025725,1.0013762,1.0029199
S1PR4,0.9967008,0.9974953,0.99800575,0.99664676,0.99688005,0.99688435,0.99848616,0.9969504
TMEM115,1.0003749,1.0003376,1.000602,1.00085,1.0007133,1.000932,1.0006025,1.0009533
SMNDC1,0.9978008,0.9982796,0.9986576,0.9977769,0.9978759,0.9978954,0.9989642,0.9980351
RAB1A,0.9976028,0.9982458,0.99866515,0.9977057,0.9977659,0.9977828,0.9989562,0.9973084
PCED1A,1.0009298,1.0007896,1.0006132,1.0009481,1.00085,1.0007925,1.0004709,1.000746
CCDC24,1.0009063,1.0006679,1.0006766,1.0010648,1.0009491,1.0009768,1.0005543,1.001038
KLK4,0.9967072,0.99750435,0.9980099,0.9966529,0.996889,0.9968914,0.9984898,0.9969293
SGTB,0.9971974,0.9979479,0.99790883,0.99656856,0.9970069,0.9968831,0.9983639,0.9965721
SNX20,0.99958503,0.9996493,0.99967456,0.9994224,0.99947596,0.99941957,0.9996997,0.9995108
SLC35E2B,0.990286,0.99265146,0.9938084,0.98983777,0.9906696,0.9904798,0.99523485,0.9902042
NHLH2,0.99450064,0.9957144,0.9965614,0.99426115,0.99476546,0.9948659,0.9973191,0.99376166
FKBP11,1.0084507,1.0064354,1.0050607,1.0083122,1.007775,1.007512,1.0037069,1.0070465
SUSD5,0.99933475,0.9995111,0.99965394,0.99939114,0.9994111,0.99956584,0.9998138,0.99934244
RHCE,0.9992986,0.9995016,0.9995866,0.9992505,0.9993559,0.9992088,0.99965405,0.99921405
GPR50,0.99670726,0.9974965,0.9979969,0.99664116,0.9968805,0.9968932,0.9984808,0.99688447
WDR38,0.99870116,0.9990206,0.9992329,0.99865925,0.99880844,0.9986947,0.9994211,0.99922204
LDLRAD1,0.99792635,0.99841666,0.99872625,0.9978454,0.99794674,0.99797463,0.99900997,0.997889
PAQR8,0.9954275,0.99657995,0.9974895,0.9958677,0.9961822,0.99623466,0.9982194,0.9954574
PHLDA1,0.98919266,0.99186885,0.99344695,0.98902845,0.9899058,0.9900431,0.99510384,0.9896884
SYNDIG1,1.0032333,1.002526,1.0020132,1.0032256,1.0031759,1.0029905,1.0015545,1.0030726
GPR157,0.9967072,0.99750435,0.9980099,0.9966529,0.996889,0.9968914,0.9984898,0.9969293
AKR1B1,0.99829483,0.99875456,0.99900556,0.9982865,0.9983802,0.998488,0.9992808,0.99819815
MRPL47,0.998222,0.99863416,0.9994964,0.9990017,0.9987725,0.99927694,0.99982023,0.99963087
SYNPR,1.0067577,1.0050575,1.0043966,1.0071934,1.0065545,1.0066261,1.0033269,1.0064304
CA2,0.9928149,0.9946456,0.9959796,0.9932606,0.9934179,0.99354285,0.99699616,0.99372685
HAUS4,0.998935,0.99922657,0.9991915,0.9985951,0.9987724,0.9984944,0.99929655,0.99896705
OXCT2,1.0038805,1.0029391,1.0023375,1.0037336,1.0036069,1.0036309,1.0017929,1.0037949
UBE2K,0.993129,0.9948758,0.99593014,0.9931637,0.99362874,0.99365413,0.99694496,0.99352765
ZC4H2,1.0001771,1.0001378,1.0003695,1.0005139,1.0003577,1.0006198,1.000375,1.0002098
PMF1,0.9974421,0.99806285,0.9987134,0.99783486,0.9979311,0.99799293,0.99911684,0.9978328
RWDD2B,1.005863,1.0044165,1.0036364,1.0058899,1.0055015,1.0056858,1.0027896,1.0054324
PYGO2,1.002124,1.0016615,1.0012938,1.002101,1.0021377,1.0020145,1.001013,1.0018533
CDCP2,0.9967072,0.99750435,0.9980099,0.9966529,0.996889,0.9968914,0.9984898,0.9969293
ELK3,0.99752504,0.99811894,0.99848056,0.9975005,0.99773777,0.9977419,0.99886477,0.9967631
NUDT18,0.9999639,0.99996424,1.0002072,1.0002131,1.0001588,1.0003389,1.000233,1.0001518
ARC,0.9988451,0.9992844,0.999712,0.99949086,0.99947876,0.999403,0.9999423,0.99930847
RASSF6,0.99912405,0.999305,0.9994905,0.9991271,0.9991593,0.99922276,0.99962693,0.9992262
TMEM255A,0.9989199,0.99920243,0.9993801,0.99899507,0.9989146,0.9984772,0.9994043,0.9998888
UBE3D,1.003858,1.0030012,1.0020583,1.0033622,1.0033895,1.0030932,1.0015016,1.0032244
LIX1,0.9985465,0.9988198,0.99953896,0.9990733,0.9985275,0.99898815,0.9996693,0.9996939
VPS25,0.998281,0.9986776,0.9990959,0.9983996,0.99848676,0.9986267,0.99937725,0.9986944
CYP2C19,0.9968,0.9975711,0.99805737,0.99673474,0.9969653,0.9969627,0.9985219,0.9970153
TNKS,0.9969725,0.99776673,0.9982067,0.99696064,0.9971069,0.9971901,0.99863523,0.9968484
CXCR4,0.9921336,0.993888,0.9950222,0.9918319,0.99205744,0.99194264,0.9960499,0.99395466
PSMB2,0.9972846,0.99791795,0.9983567,0.99718726,0.9972743,0.997355,0.9987177,0.9977361
CD27,0.997066,0.99774337,0.9980786,0.99683225,0.9969461,0.99694455,0.99846816,0.99697423
STX6,0.9978776,0.99835825,0.999076,0.9983841,0.99811876,0.9985157,0.9993836,0.9985312
SSTR5,0.9967072,0.99750435,0.9980099,0.9966529,0.996889,0.9968914,0.9984898,0.9969293
PLAGL2,1.0023308,1.0018181,1.001244,1.0020095,1.0019857,1.0019858,1.0009875,1.0020092
SERPINA6,0.9968433,0.9976143,0.9980717,0.99675596,0.9970058,0.9969858,0.9985337,0.9970465
KDF1,0.99662304,0.99742854,0.99795127,0.99658203,0.9967854,0.99673855,0.9984124,0.9968148
SUN3,0.99739504,0.9980184,0.9985131,0.99747217,0.997611,0.9976742,0.9988947,0.99779534
ANKRA2,1.0011052,1.0009058,1.0002241,1.0004014,1.0005794,1.0003313,1.0000806,1.0003815
TMEM109,0.99906325,0.9994966,0.99918234,0.99855906,0.99898887,0.9987992,0.9993936,0.9979627
ATPAF1,1.0023497,1.0018979,1.0009799,1.0016699,1.0020356,1.0014462,1.0006564,1.0012367
CLCN3,0.99827355,0.998648,0.99897873,0.99827737,0.9982295,0.9981997,0.9991651,0.9989965
ZNF561,1.0023212,1.0017715,1.0015872,1.0024714,1.0023762,1.0027175,1.0013452,1.0020325
ZNF654,1.0016792,1.0013232,1.0008712,1.0013201,1.0013485,1.0011142,1.0005722,1.0015415
GINS4,0.99990743,0.9999684,0.999915,0.9998262,0.99968386,0.99947363,0.99981856,0.9996154
OTUB1,0.99982584,0.9998405,1.000145,1.000102,0.99993205,1.000254,1.0001805,1.0002742
HES7,0.998708,0.99904764,0.9990752,0.99846923,0.9986758,0.9987921,0.99936736,0.9985993
ARPC4,1.0006622,1.0005656,1.0003661,1.0004814,1.0005388,1.0004716,1.0002719,1.0007796
RASA1,0.9989476,0.9992032,0.99912643,0.9985038,0.9986765,0.9986264,0.99925995,0.99867463
ZNF302,0.99934036,0.99947274,0.9998195,0.99961245,0.9995327,0.9995817,0.99988425,0.9997541
BCL2L13,1.0031244,1.002452,1.0014046,1.0024347,1.0026292,1.0020546,1.0009623,1.0024267
TP53I3,0.9983968,0.9987818,0.9992396,0.99864215,0.9985939,0.99879706,0.99950486,0.9990822
NPC1L1,0.99718994,0.9978603,0.9982822,0.9971075,0.9973058,0.9972899,0.9986824,0.9974072
SWSAP1,0.99728763,0.9980061,0.99861246,0.99751914,0.99767613,0.9979818,0.9991028,0.998333
GTF3A,0.99780655,0.9983555,0.9990928,0.99833167,0.9983568,0.99847364,0.9994161,0.9988233
IFT43,0.99966526,0.99980295,1.0000353,0.99991536,0.9998786,1.000091,1.0001667,1.0005018
P2RY4,0.99674165,0.99753034,0.9980261,0.99668217,0.99691755,0.996915,0.99849993,0.9969486
TMEM246,0.9967072,0.99750435,0.9980099,0.9966529,0.996889,0.9968914,0.9984898,0.9969293
PSMB6,0.9981707,0.9986328,0.9988679,0.99809086,0.9982815,0.99829865,0.9991559,0.998187
NUP62,0.9967508,0.9976176,0.99771774,0.9962605,0.99660754,0.99633265,0.99816084,0.9961943
GDE1,1.001302,1.0009623,1.0009224,1.0014591,1.0011078,1.0011926,1.0006692,1.0016638
BSG,0.9977206,0.9983443,0.99875444,0.9978368,0.9980056,0.9980313,0.999143,0.99844635
CREB3L4,1.0051165,1.0040655,1.0029553,1.0047522,1.0047992,1.0046077,1.0022693,1.0038483
S1PR2,0.9993961,0.9994744,1.0000572,1.0000027,0.9997989,1.0001636,1.0002066,1.0004681
GUCA1A,1.0037626,1.0027939,1.0024273,1.0039595,1.0035925,1.0034661,1.0017903,1.0040015
SAC3D1,0.9987035,0.9990372,0.9992529,0.99876416,0.99906564,0.99875116,0.9995073,0.99988055
HPS3,1.0022905,1.0017833,1.0012705,1.0020336,1.0018764,1.0018045,1.000873,1.0014899
NRK,0.9973248,0.9979605,0.9984173,0.99732137,0.9975141,0.99761707,0.998837,0.9974965
TIMM17A,0.9980365,0.9985774,0.9989304,0.99813133,0.99832964,0.99835277,0.99925035,0.9982159
ATP1B3,0.9925166,0.9943638,0.995499,0.9924936,0.99295104,0.99297905,0.996591,0.99308574
SLC10A2,0.9972677,0.997934,0.9984312,0.99732745,0.99748135,0.9975469,0.99883616,0.99756724
BAX,0.99894154,0.99919224,0.9994755,0.9990553,0.9989165,0.9988281,0.99953437,0.999026
GPR87,0.9966082,0.99742436,0.99795985,0.9965693,0.9968064,0.99682224,0.9984578,0.99691266
STARD4,0.9967572,0.9975852,0.99810433,0.996801,0.9971162,0.99710625,0.998654,0.99747694
TAF7L,0.99877036,0.99907845,0.9992739,0.99873435,0.9988352,0.99877644,0.9994296,0.99890023
ZMYND19,0.99987394,0.99979377,1.0001718,1.0003083,1.0000856,1.0002753,1.0001458,0.9993954
GPR180,1.005,1.0039194,1.0028932,1.004617,1.0044966,1.0044985,1.002198,1.0040543
TTC13,1.0003594,1.0002275,1.0005293,1.0006925,1.0005312,1.000705,1.0004466,1.0008223
RHBDD1,1.0033298,1.0025121,1.0020177,1.0032704,1.0029143,1.0030137,1.001512,1.0029304
KCNK13,0.9979962,0.99848497,0.9987856,0.9979454,0.99806714,0.99807036,0.99906653,0.9978173
CDKN1C,1.0012814,1.0009025,1.0006275,1.0011091,1.0010103,1.0008805,1.0003545,1.0004199
MYL2,0.9968146,0.99758285,0.9980695,0.9967543,0.99697936,0.9969673,0.99852663,0.99701464
CAV3,0.9967072,0.99750435,0.9980099,0.9966529,0.996889,0.9968914,0.9984898,0.9969293
TEX45,0.9968341,0.9975692,0.9981742,0.9969101,0.9970603,0.9972446,0.9986694,0.9973668
RAB23,1.0004078,1.0003152,0.9998882,0.9999573,1.0000906,0.99942875,0.99979156,1.0007932
MTUS1,0.9914161,0.9934428,0.99511933,0.9917464,0.9920634,0.9923742,0.996345,0.992912
ZNF695,1.0031664,1.0022985,1.0021116,1.0033073,1.0029747,1.0031542,1.0015942,1.0033612
SYAP1,0.99755704,0.9980836,0.9985635,0.99761754,0.9977832,0.9978301,0.99893594,0.99765694
ITPA,0.9993944,0.9996362,0.9996802,0.9994076,0.9996028,0.99956036,0.9998537,0.99969256
SHISA7,1.0061995,1.0046268,1.0039182,1.0063822,1.0058079,1.0061052,1.0030072,1.0059049
ANP32E,0.9972962,0.9979725,0.9984354,0.9973289,0.9974507,0.9973875,0.9988121,0.9979811
DYNC2LI1,0.99696773,0.9976789,0.9982224,0.9970504,0.99715674,0.99707454,0.9986633,0.9978471
ICAM4,1.0019826,1.0014193,1.0012605,1.0019755,1.0016682,1.0018497,1.0009003,1.0017352
SPDEF,0.996876,0.9976353,0.9980558,0.9967551,0.9970145,0.99697125,0.99851143,0.9968893
THEG,0.99674165,0.99753034,0.9980261,0.99668217,0.99691755,0.996915,0.99849993,0.9969486
DAPP1,0.99821115,0.9985791,0.9989186,0.99822426,0.99834764,0.9983547,0.9991559,0.99798
CRYGC,0.99848944,0.9988619,0.9989152,0.99819183,0.9984075,0.9982755,0.9991281,0.9982466
ASPDH,0.9992126,0.9994644,0.9995582,0.99919677,0.9993539,0.99917173,0.9996486,0.9988041
PRB4,0.99674165,0.99753034,0.9980261,0.99668217,0.99691755,0.996915,0.99849993,0.9969486
SERPINA12,0.99612033,0.99705625,0.9977144,0.99617296,0.99640536,0.9964063,0.9982722,0.9964777
RAB3B,0.9975133,0.99811363,0.9988749,0.99798346,0.9980043,0.99820817,0.9992511,0.9986301
ZNF737,0.9996452,0.9996369,0.9999294,0.99976575,0.99970865,0.9997258,0.9999181,1.0003773
TNFSF10,0.9990035,0.999234,0.9993291,0.9988266,0.998984,0.9989707,0.999455,0.99855906
MAD2L2,0.9984882,0.99886006,0.99915576,0.9985266,0.99859643,0.9984937,0.99934316,0.99893546
ZNF468,1.0031698,1.0023721,1.0019372,1.0031804,1.0030483,1.0032899,1.0015686,1.0024862
PSMD14,0.999712,0.9998772,0.99970543,0.9994388,0.999632,0.99958366,0.9998007,0.9993758
RNASEH1,1.0034986,1.0026956,1.0019982,1.0032678,1.0031195,1.0028731,1.0014262,1.002865
JMJD8,1.0001228,1.0001259,1.0000846,1.000243,1.000284,1.0001755,1.000098,0.9992943
GZMA,1.0005317,1.0004737,1.0002426,1.0002902,1.0004,1.0002759,1.0001467,1.0001205
DUSP2,1.0011321,1.0008993,1.0009581,1.0014151,1.0014132,1.001575,1.0008241,1.0006573
AKR1C4,0.99899566,0.99922466,0.9994519,0.999036,0.9990182,0.99917984,0.9995926,0.9988035
DGKD,0.9987159,0.9990402,0.9991009,0.99856824,0.998906,0.9986806,0.9993329,0.9984379
CFDP1,0.995809,0.99684334,0.9976843,0.9960606,0.9962864,0.9963002,0.9982674,0.99638546
CASP12,0.9984044,0.9988028,0.9990115,0.99829847,0.9984926,0.99846804,0.9992534,0.99835765
RAB19,0.9967072,0.99750435,0.9980099,0.9966529,0.996889,0.9968914,0.9984898,0.9969293
AEN,0.9994518,0.999655,1.0000553,0.99990904,0.99966013,0.9996896,1.0000392,1.0002517
AQP9,0.9969454,0.9977215,0.998155,0.99686635,0.9970894,0.99706995,0.9985869,0.99705374
SLC39A9,1.0037854,1.002983,1.0023546,1.003726,1.0036774,1.0037701,1.0018853,1.0032413
PBLD,1.0031667,1.002418,1.0022001,1.0035415,1.0032914,1.0034549,1.0017862,1.0029129
MRPS23,0.9982415,0.9986889,0.9990914,0.9983429,0.9985055,0.9986198,0.9993893,0.99865437
FYCO1,1.004843,1.0037117,1.0029122,1.0046983,1.0045208,1.0046009,1.0022641,1.0040288
TRMT10C,0.99829257,0.99873537,0.9992282,0.99862826,0.99853003,0.9984806,0.9994137,0.9990083
TSSK4,0.995183,0.99635816,0.99709094,0.99517167,0.9955007,0.9955089,0.99781775,0.99541783
PDIA2,0.9994443,0.9996347,0.9998487,0.99977314,0.9996925,0.99975115,0.9999232,0.9987427
OPN1SW,0.9995464,0.99967027,0.99971175,0.9993968,0.9994769,0.9994457,0.9997694,0.99976444
CCER1,0.99846447,0.9988956,0.9991257,0.99842316,0.99858665,0.99853647,0.999336,0.9985364
LARP6,1.0046339,1.0034488,1.0024077,1.0041087,1.0039233,1.0039699,1.0017805,1.0034527
SPIB,1.0006793,1.0005225,1.0004897,1.000689,1.0006373,1.0006979,1.0004046,1.0010839
MSC,0.9974332,0.99806076,0.99857366,0.9975785,0.99768084,0.9978131,0.9989599,0.99756163
ANTXR1,0.99608195,0.9971614,0.99737895,0.99563605,0.9961326,0.9960868,0.99809,0.9960954
UPK3B,0.99855554,0.9988681,0.9992802,0.9987159,0.9986731,0.99866927,0.99942267,0.99899924
B3GALT5,0.9990617,0.9992558,0.99957466,0.9991852,0.9991765,0.9993796,0.99972445,0.9992282
MRPL39,1.0040324,1.0030841,1.0024319,1.0038908,1.0035832,1.003623,1.0018052,1.0037382
TTC36,0.9986147,0.99894345,0.9992287,0.9986545,0.99875164,0.99896824,0.9995112,0.99895823
UBAP1,1.0031292,1.0024478,1.0018346,1.0029757,1.0029044,1.0028539,1.0013726,1.0017062
NEUROG2,0.9978337,0.9982728,0.9983353,0.99727756,0.9974773,0.9974239,0.9986221,0.9972584
OLIG1,0.99302137,0.9949523,0.995698,0.99292874,0.99338245,0.9931321,0.9967947,0.9933981
SPI1,0.99477947,0.99597186,0.9967712,0.99459875,0.9950756,0.99521255,0.99757457,0.9948667
CRYGB,0.99663633,0.9974498,0.997971,0.9965885,0.9968267,0.9968314,0.99846184,0.9968804
HSH2D,1.0007131,1.0006369,1.0003692,1.000488,1.0004296,1.0003836,1.0002482,1.0003769
BCAS2,1.0002034,1.0001675,1.0001947,1.0002041,1.0002601,1.0004431,1.0002184,1.0003128
SFN,0.99798954,0.9984888,0.9985314,0.99763,0.99793637,0.9976767,0.9988129,0.9975273
STAP2,0.99775755,0.9982841,0.99867344,0.9978558,0.9978185,0.99771476,0.9989226,0.99746513
VCPKMT,1.0001624,1.0001031,1.0002267,1.0003123,1.0002114,1.000365,1.0002052,0.99991596
GEMIN2,1.0010266,1.0007582,1.0006282,1.0010862,1.00087,1.0008404,1.000453,1.0008394
MED7,1.0037704,1.0028192,1.0025111,1.0039725,1.0036123,1.0037327,1.0019739,1.005151
FAM102B,1.001531,1.0011663,1.0004852,1.0009158,1.0009782,1.0007638,1.0002892,1.0007244
SEC22C,0.99735284,0.9979924,0.99830806,0.997165,0.99751484,0.9976051,0.99876714,0.9970268
MED4,0.9966605,0.9974251,0.99807346,0.9967598,0.99690866,0.99708,0.9985926,0.99734616
FBXO27,1.0053668,1.0040448,1.0033249,1.0053989,1.0048456,1.0047429,1.0024391,1.0056517
MYOG,0.9965285,0.99735427,0.9978863,0.99646974,0.9967059,0.9966758,0.99838257,0.9968064
CAPSL,0.9968522,0.9976199,0.99815726,0.996878,0.9971859,0.99706227,0.99866337,0.99779534
PQLC3,0.9967072,0.99750435,0.9980099,0.9966529,0.996889,0.9968914,0.9984898,0.9969293
ANXA2,0.9942297,0.9957212,0.99626434,0.9937253,0.9944584,0.9944612,0.9973048,0.99570274
SPATA6L,1.0071827,1.0055523,1.0042429,1.0069301,1.0066239,1.0063938,1.0032102,1.0068744
CA6,0.996886,0.9976336,0.998108,0.99681866,0.9970388,0.99702597,0.99855363,0.9970903
VPS37B,1.0019457,1.0015742,1.0011811,1.0019553,1.0019356,1.0015435,1.00089,1.0020683
CCNDBP1,1.0018895,1.001359,1.0012071,1.0019104,1.0016527,1.0018628,1.000901,1.001542
GJC3,0.9973739,0.99799466,0.99840546,0.99730295,0.9974774,0.9974798,0.99877673,0.997633
TAF7,0.9956385,0.9966795,0.9973463,0.9955958,0.99575186,0.99590814,0.99796665,0.9956771
C1QA,0.9948285,0.99606407,0.9968071,0.99475604,0.99513626,0.99520826,0.9976123,0.9948064
CD1D,0.99786043,0.9984053,0.9987031,0.99775535,0.99799836,0.9980118,0.99904096,0.99795127
TUBB8,1.001528,1.0011692,1.0009551,1.001498,1.0016036,1.0016577,1.0007854,1.0007524
DENND5A,0.99549073,0.9966024,0.99706423,0.9952123,0.9954879,0.99543667,0.9977408,0.9951998
GYG2,1.003187,1.0025332,1.0020579,1.0032252,1.0029943,1.0028905,1.0015576,1.0033486
BRS3,0.99717975,0.997869,0.998257,0.99706995,0.99730515,0.99726325,0.99866533,0.9972785
HDGF,0.9970108,0.99767536,0.99800694,0.9967861,0.99698323,0.99680215,0.99839294,0.99677265
OSTM1,1.0036744,1.0027492,1.002693,1.00423,1.0036547,1.0039413,1.0020744,1.0038795
FAM47C,0.9967072,0.99750435,0.9980099,0.9966529,0.996889,0.9968914,0.9984898,0.9969293
CSRP3,0.99842644,0.99883807,0.9988643,0.9980571,0.9982685,0.99815094,0.999079,0.99830973
CHI3L1,1.0003802,1.0002441,1.0003046,1.0003421,1.0003561,1.0005323,1.0002625,1.0007548
DUPD1,0.9967072,0.99750435,0.9980099,0.9966529,0.996889,0.9968914,0.9984898,0.9969293
ICAM1,1.0015582,1.0010824,1.0008171,1.001256,1.0011995,1.0014071,1.0005779,1.00073
SNAP47,1.0026965,1.0021248,1.0017226,1.0027921,1.0025764,1.0024815,1.0013018,1.0022027
METTL9,0.99622285,0.99719846,0.9975482,0.9959631,0.9963472,0.99619603,0.99810046,0.99570274
FEZ2,0.9999043,0.9999501,1.0000312,1.0000658,1.0000259,0.99988747,1.0000327,1.0002338
ARF6,0.9941821,0.9956713,0.9962159,0.99378073,0.99433863,0.99413073,0.9971052,0.99396235
DKK3,0.99266565,0.99447525,0.9955666,0.99267817,0.9933127,0.99318856,0.9966949,0.99317944
EFNA5,0.9955699,0.99677896,0.99701047,0.99517024,0.9957849,0.9954444,0.997751,0.99547756
SRD5A3,1.0042259,1.0032295,1.0024012,1.0038935,1.0037199,1.0039358,1.0018797,1.0036919
WBP2NL,0.997446,0.99806964,0.9983913,0.997313,0.9975674,0.9975961,0.9987874,0.9971779
ESX1,0.99663633,0.9974498,0.997971,0.9965885,0.9968267,0.9968314,0.99846184,0.9968804
TMED9,1.0017259,1.0014062,1.0011451,1.0018089,1.0015363,1.0013572,1.0007837,1.0015962
ADORA1,1.002712,1.0019757,1.0017273,1.0027347,1.0023786,1.002545,1.0013102,1.0033692
KPNA6,0.9983393,0.9987164,0.99916524,0.9985206,0.99845755,0.9985701,0.99937147,0.99893475
HELT,0.99847996,0.99884856,0.99899054,0.9983071,0.9984479,0.99841404,0.9991981,0.9982524
LRFN3,0.9955015,0.996701,0.9973622,0.995649,0.99589664,0.9958274,0.9980557,0.9955745
NUP35,1.0025737,1.0020562,1.0017946,1.0027361,1.0026426,1.0025768,1.0014244,1.0032197
NHLH1,0.991151,0.9932412,0.9948579,0.9912956,0.9919851,0.991773,0.99608105,0.9924127
INKA2,1.004793,1.0036261,1.0034608,1.0055285,1.0048281,1.0052478,1.0027595,1.0051439
LRRC58,1.0000944,1.0000788,1.0004294,1.0005399,1.000365,1.000606,1.0004232,1.0007001
GPA33,0.99678284,0.9975583,0.9980508,0.99672127,0.99695194,0.9969539,0.9985186,0.99700844
GTF2A1,0.9967971,0.9976681,0.997614,0.99617815,0.9967064,0.99651456,0.998181,0.9959113
PEX11A,1.003667,1.002824,1.0019711,1.0032412,1.003242,1.0029751,1.0014672,1.0034722
C7orf26,1.0026021,1.0019721,1.0013859,1.0022783,1.0022768,1.0021856,1.0010293,1.0020075
ECI2,0.9980587,0.99857295,0.99933434,0.9987482,0.9985546,0.99883664,0.9996116,0.9985192
KHDRBS1,0.993521,0.99510705,0.99569684,0.9929154,0.9935087,0.99342257,0.9966284,0.9928105
FGFR1OP,1.0016543,1.0012583,1.001241,1.0019944,1.0017573,1.0019034,1.0010035,1.0016227
PRUNE1,1.0028746,1.0022914,1.0012615,1.0020703,1.0021927,1.0018562,1.0008436,1.0013906
TCF23,0.99678284,0.9975583,0.9980508,0.99672127,0.99695194,0.9969539,0.9985186,0.99700844
GPR68,1.0052736,1.00409,1.003432,1.0054665,1.0051649,1.0052289,1.0026546,1.0044829
GTPBP10,1.0028635,1.0022796,1.001845,1.0029505,1.0027217,1.0028267,1.0014501,1.0019872
UBXN1,0.999938,0.99994975,0.99997497,0.9998846,0.9998171,0.999807,0.9999398,1.0000072
CYB561A3,1.0048394,1.0038075,1.0030357,1.0049098,1.0048808,1.0046405,1.0023372,1.0039527
SPARC,0.9908418,0.9930936,0.99408364,0.9903617,0.99093133,0.9906732,0.9954191,0.991549
COL9A2,1.0014831,1.0011078,1.0011892,1.0019157,1.0016909,1.0017929,1.0009965,1.0021499
S1PR5,0.99969995,0.9997776,0.9996847,0.9994135,0.9995137,0.9994978,0.9997306,0.9995664
HPCAL1,1.0007169,1.0006443,1.0002689,1.0003729,1.0003748,1.0002381,1.0001434,1.0003895
ZNF621,1.002002,1.0014719,1.001204,1.0019678,1.0018246,1.0018303,1.0009274,1.002232
EML3,0.9977263,0.9983387,0.99886656,0.99801815,0.998006,0.99801743,0.99916935,0.9981571
TMEM53,1.0023894,1.0017906,1.0014542,1.0023072,1.0020381,1.002221,1.0011162,1.0024467
ZNF703,0.9900595,0.992545,0.99382603,0.9897064,0.9907079,0.9910568,0.9955318,0.99036765
TVP23A,1.0039167,1.0030028,1.0029092,1.004626,1.0041615,1.0043805,1.0023226,1.0040648
EGLN3,0.9937389,0.9954753,0.9962376,0.9937262,0.99446744,0.9942459,0.9973242,0.99452555
NFATC4,1.0035286,1.0025914,1.0023178,1.0036867,1.0032353,1.00338,1.0017332,1.0036564
C19orf54,0.99816203,0.9987954,0.9987513,0.99792296,0.99845886,0.99821675,0.9991766,0.9980267
TTC9C,1.0001528,1.0001522,1.0003141,1.0004201,1.0003453,1.0003656,1.0003031,1.0001571
KCNK1,1.004421,1.0034453,1.0030706,1.0049177,1.0045582,1.0047332,1.0024765,1.0043887
GSDMB,1.0014489,1.0011189,1.0010402,1.0016742,1.0014994,1.0014918,1.0008187,1.0011969
OLIG2,0.9975629,0.99833465,0.99896896,0.99809825,0.99809766,0.9983151,0.9994254,0.9986109
UBAC1,0.99929833,0.99950755,0.99933636,0.99899185,0.99921834,0.99884653,0.9994077,0.99850994
MMP10,0.9993851,0.9995123,0.9995893,0.9992618,0.99935865,0.99927634,0.9996574,0.99950004
FBXO8,1.0038204,1.0029345,1.0024332,1.0039254,1.0036268,1.0037513,1.0018849,1.0032312
SLC36A2,0.99710274,0.99773824,0.99839485,0.9972793,0.9974046,0.99754435,0.9988544,0.99805856
ABCF3,0.9988179,0.99915886,0.99894905,0.9983495,0.9986397,0.99852234,0.99920225,0.99813676
SRSF10,0.998536,0.99887216,0.9994521,0.998929,0.99877524,0.9990175,0.9996385,0.9995958
ZNF37A,1.0021399,1.0016265,1.0010079,1.0017039,1.0015945,1.0013161,1.0005882,1.0009608
CDX1,0.9967072,0.99750435,0.9980099,0.9966529,0.996889,0.9968914,0.9984898,0.9969293
TSPAN3,0.9979298,0.9984284,0.9986814,0.99775445,0.99785894,0.99792415,0.9989612,0.99784636
EHD1,0.99896693,0.99918824,0.9992882,0.9988145,0.9988916,0.99911296,0.9994976,0.998857
CHAC1,1.0058818,1.0044553,1.0036064,1.0058188,1.0055312,1.0054804,1.0027473,1.0057946
RAB43,1.0066311,1.0050744,1.0039321,1.0064006,1.0061008,1.0061016,1.0029837,1.0060508
PIM3,0.9962214,0.9970541,0.9976802,0.9962199,0.9964054,0.9962208,0.99813414,0.9960097
BBS2,0.99764407,0.99828655,0.99882257,0.99793726,0.99793726,0.9979921,0.99917805,0.99837196
FERMT1,0.998806,0.99911153,0.9995849,0.9992493,0.99909896,0.9990903,0.9996681,0.99869645
TPRN,1.0017266,1.0012932,1.0009032,1.0015649,1.0015255,1.0013419,1.0006406,1.001221
PLCXD2,1.0011196,1.0008861,1.0007639,1.0011649,1.0009811,1.0010586,1.0005877,1.0011795
NXPE2,0.9969582,0.99769616,0.9981247,0.99685436,0.997098,0.99706185,0.99856627,0.9971405
TMEM136,0.9967072,0.99750435,0.9980099,0.9966529,0.996889,0.9968914,0.9984898,0.9969293
YAE1,1.0011907,1.0009613,1.0009027,1.0013754,1.0014378,1.0014714,1.000825,1.0020251
SEC14L6,0.99654794,0.9973819,0.99792194,0.9965075,0.9967487,0.9967556,0.9984262,0.99681604
CIDEB,1.0012922,1.0009856,1.0008485,1.0013015,1.0010347,1.001163,1.0006158,1.0011823
TRPM5,0.9969254,0.99766386,0.99813175,0.9968598,0.9970732,0.9970467,0.99856544,0.9971044
ZNF728,1.0005099,1.0003417,1.0003939,1.0005999,1.0004468,1.0006212,1.0002972,1.0002652
AMMECR1,1.0031857,1.0024095,1.0018324,1.0029453,1.0027188,1.0028963,1.0013906,1.0024583
SEC22A,1.0011477,1.0010531,1.0010103,1.0015142,1.0014122,1.0015401,1.0009221,1.001491
DUOXA2,0.9965175,0.9973594,0.99791574,0.9964937,0.99673796,0.9967629,0.9984312,0.99685
YTHDF3,1.0013394,1.0010376,1.0008049,1.0013165,1.0012088,1.001208,1.0005934,1.0010437
SALL1,0.9966541,0.99740857,0.9981035,0.9968197,0.9967959,0.9969142,0.9985533,0.99718094
POPDC3,0.9985,0.9989109,0.99894965,0.99823487,0.9984429,0.9982649,0.999153,0.998444
ALKBH5,0.9989456,0.99918294,0.99927497,0.99877465,0.9989476,0.998826,0.9994081,0.9987022
U2AF1L4,1.000915,1.0007527,1.0009247,1.0013444,1.0012605,1.0013883,1.0008447,1.0013981
SSBP1,1.0010448,1.0007911,1.0004855,1.0007877,1.000785,1.0007932,1.0003356,1.0006514
POTEE,0.9974539,0.9980962,0.9983968,0.99730504,0.99757683,0.99753165,0.9987824,0.9973496
NRAS,0.99632716,0.9972098,0.9978059,0.99630845,0.99655795,0.9966466,0.9983598,0.9962648
MB21D2,0.9950845,0.99629986,0.99694943,0.9948942,0.9953672,0.99562776,0.99778944,0.99520135
BAMBI,1.0078508,1.0060427,1.004739,1.0077432,1.0072782,1.0073928,1.0036498,1.006859
CCDC8,1.0035698,1.0028241,1.0022688,1.0036726,1.003278,1.0032129,1.0016984,1.0033877
DPH6,1.0010555,1.0009177,1.001443,1.002165,1.0017209,1.0017803,1.0012491,1.0023867
FTSJ1,0.9981129,0.9985676,0.99918824,0.9985869,0.9985477,0.9987792,0.99950236,0.99860203
ZNF747,0.9992818,0.9995962,0.9991617,0.9985963,0.9989803,0.9986185,0.9993237,0.99945605
TRMT10B,1.0015442,1.0010465,1.0011239,1.0017947,1.001526,1.001693,1.000876,1.0023973
SMAD7,1.0039642,1.002912,1.0022693,1.0037436,1.0033954,1.0034645,1.0016556,1.0036427
IMPAD1,0.9980159,0.9985832,0.9983998,0.9974923,0.9978378,0.99754846,0.9987404,0.99745846
ACTRT1,0.9968146,0.99758285,0.9980695,0.9967543,0.99697936,0.9969673,0.99852663,0.99701464
RBFA,1.0009364,1.000737,1.0004224,1.000624,1.0006125,1.0007317,1.0003338,1.0005747
ZNF678,1.0023621,1.0017482,1.0011917,1.0019331,1.001834,1.0017626,1.0008082,1.0017413
ZFAND3,0.99899805,0.9993472,0.9994766,0.9990866,0.999084,0.9991523,0.9996526,0.9987154
KCNF1,1.0008427,1.0005897,1.0006098,1.0010837,1.0008926,1.000957,1.000483,1.0005387
ART1,0.9966594,0.9974672,0.9979802,0.99660647,0.9968447,0.9968443,0.99846673,0.9968895
CDH8,0.9979445,0.99864215,0.9991474,0.998404,0.9987055,0.99863833,0.9994848,0.9977217
C2orf69,1.0039086,1.0030221,1.0023341,1.0037922,1.003772,1.003589,1.0017904,1.0035802
RPL13,0.9963258,0.9971763,0.99766016,0.9961127,0.9962657,0.99635124,0.9981502,0.9961263
MGST3,0.9991844,0.99933887,0.9993933,0.998925,0.9990084,0.9990855,0.99950075,0.9992317
PCMT1,0.9989179,0.9991678,0.9994527,0.9990138,0.9989809,0.99901724,0.9995584,0.99917555
SURF6,1.0004759,1.0003203,1.0003258,1.0004631,1.0004313,1.0002538,1.0001899,1.001014
BORA,1.0046817,1.0035837,1.0032098,1.0050027,1.0043769,1.0046649,1.0024658,1.0050526
SDF4,1.0000242,1.0000701,1.0001384,1.0002412,1.0002419,1.0001812,1.0001736,1.0001026
UBL7,1.0004032,1.0003338,1.0005078,1.0007155,1.0006008,1.000651,1.0004176,1.0002472
CHORDC1,1.0004805,1.0003757,1.0003421,1.0004753,1.0003419,1.0004472,1.0002556,1.0005214
LY6G6F,0.9965755,0.99740267,0.99793434,0.9965306,0.9967713,0.9967736,0.9984338,0.9968317
PROKR2,0.9967012,0.99754363,0.99797523,0.99658686,0.99687374,0.9968263,0.99846184,0.9968642
LRRC14B,0.9967072,0.99750435,0.9980099,0.9966529,0.996889,0.9968914,0.9984898,0.9969293
GPR150,0.9967072,0.99750435,0.9980099,0.9966529,0.996889,0.9968914,0.9984898,0.9969293
RNF215,0.9975514,0.9981253,0.99852496,0.9975054,0.99765754,0.9976725,0.99889624,0.9983386
TSPAN1,0.9983459,0.998705,0.99916565,0.99850774,0.99859357,0.99872655,0.9994254,0.9988195
CYP2C9,0.99677396,0.99755394,0.998086,0.9967655,0.99698126,0.99700624,0.99855816,0.9971312
PNO1,1.0032921,1.0025488,1.0019822,1.0032063,1.0030239,1.0028658,1.0014518,1.0025609
FCN3,0.9974967,0.99808323,0.9984708,0.9974185,0.997567,0.9975994,0.99882424,0.99763566
CNTD1,1.0023676,1.0017596,1.0014408,1.0022469,1.0020453,1.0021749,1.0010667,1.0022397
CLIC3,1.001293,1.0009515,1.0006723,1.0010211,1.000925,1.0008998,1.0003806,1.0006219
SFRP2,0.9966763,0.9975907,0.99785256,0.99641097,0.99681175,0.9965973,0.9984107,0.9970703
THAP1,1.0016387,1.0014149,1.0014004,1.0020815,1.002121,1.002213,1.0012685,1.0017228
HMOX1,1.0029204,1.0022271,1.0012593,1.0020924,1.0021465,1.0019815,1.0007827,1.0010171
GPR34,0.9930695,0.9947325,0.99577725,0.9930354,0.9935684,0.9936085,0.99682903,0.99308836
LRIT2,0.99785364,0.99839425,0.9986268,0.9976834,0.9979195,0.9979117,0.9989751,0.9979147
CCDC159,0.996399,0.99726325,0.9981978,0.99693257,0.9971498,0.99755645,0.9988994,0.9972588
PLIN3,0.9961032,0.9970557,0.9977268,0.99628055,0.99637604,0.99668103,0.9983896,0.99608886
CD1C,0.99747956,0.9980978,0.9984464,0.99738145,0.99759805,0.997626,0.9988415,0.9976562
TMEM38A,0.99980164,0.9998195,1.0000091,1.0000137,1.0000141,1.0001255,1.0000793,0.9998435
OGN,0.9967048,0.99752176,0.9981314,0.9968319,0.99699306,0.9970392,0.99860585,0.996945
ZSCAN5A,0.99837923,0.998757,0.9991298,0.99848926,0.9985827,0.99866337,0.999395,0.9988051
GPR137C,0.9946146,0.99596155,0.99659157,0.99445456,0.9947966,0.9945085,0.99729097,0.99389756
GGPS1,0.9990039,0.99924684,0.99954826,0.99917984,0.9992504,0.999254,0.99970305,0.9993881
F11R,0.9993192,0.99961007,0.9995798,0.99924654,0.9994223,0.9990827,0.9996419,0.9990634
ZNF17,1.0046893,1.0034885,1.003456,1.0054598,1.0048747,1.0053886,1.0027864,1.0052344
PRR5,0.99888414,0.9992602,0.9996605,0.9993003,0.99936545,0.9994416,0.9998584,0.9989078
AK4,0.9974208,0.9981405,0.99924815,0.9985931,0.9981395,0.99864835,0.9996648,0.9990599
FAM221B,0.99788845,0.9983897,0.9986712,0.9977559,0.99790615,0.997936,0.9989829,0.9981051
PTGER1,0.9969829,0.9977118,0.9981587,0.9969033,0.99712825,0.9971315,0.9986009,0.9971405
ASB13,0.9945338,0.99587774,0.9966668,0.9945382,0.9947567,0.99470913,0.99745256,0.9944867
CEACAM1,0.99768466,0.99823093,0.9986415,0.9976915,0.9977325,0.9976754,0.998896,0.9978117
CD72,0.9964848,0.9973611,0.9978981,0.99645865,0.9967094,0.99658185,0.9983797,0.9967948
TAF8,1.001236,1.0009507,1.0003078,1.0005568,1.000604,1.0004172,1.0001465,1.0011173
HDAC1,0.9988067,0.99906623,0.9992017,0.99860173,0.99868166,0.9984774,0.99932563,0.99946237
MND1,0.99670106,0.99758375,0.99827266,0.997089,0.9972464,0.9969359,0.9987405,0.9979283
EGR4,0.9981723,0.9986272,0.99891734,0.9981477,0.9982776,0.9982834,0.9991757,0.99801385
KLF12,0.99490637,0.9962311,0.996885,0.99481064,0.99522877,0.99505115,0.99758685,0.99440557
EPDR1,0.9960138,0.9971411,0.9980495,0.99667984,0.9967911,0.99690557,0.99869597,0.99635315
CHMP1B,0.99584144,0.99686193,0.9975209,0.99574935,0.9960151,0.99608976,0.9981235,0.9965897
ZNF572,0.99773014,0.99837756,0.99866796,0.9977004,0.9979095,0.9979295,0.99905086,0.99812704
UBLCP1,0.99834883,0.99877214,0.99895877,0.99822354,0.99849904,0.99849916,0.99929416,0.99882096
APP,0.9835626,0.98758197,0.98974776,0.9832095,0.9843435,0.9840869,0.9921433,0.9843868
EPSTI1,1.0024045,1.0018752,1.0012164,1.0018982,1.0018778,1.0017773,1.0008143,1.001684
CD99L2,0.9993358,0.9994846,0.99957466,0.99927616,0.99931794,0.9994164,0.9997206,0.99943197
CCR1,0.99595904,0.9969207,0.99747765,0.9957519,0.99613476,0.9961759,0.99805844,0.9959189
HEXIM2,0.997772,0.9982053,0.99902326,0.99828255,0.9982513,0.9986245,0.9994358,0.9993562
ATAD2B,0.9987464,0.9991127,0.99894583,0.99830806,0.9986578,0.99830425,0.9991479,0.99852693
CARD8,1.0008519,1.0007882,0.9999493,0.9997611,1.0001872,1.0000408,0.9998895,0.99954313
PAQR7,1.0004846,1.0003597,1.0007204,1.0010489,1.0008019,1.0006733,1.0005636,1.001992
TDRD10,0.998147,0.99857,0.99890435,0.998128,0.9982231,0.9983157,0.9991715,0.9982599
ECHDC1,0.9982252,0.9988019,0.9988189,0.99801266,0.9983096,0.99820614,0.99913037,0.9974133
KCNIP3,0.99882394,0.9991933,0.9995587,0.99917114,0.9991436,0.99887526,0.99965274,0.99944264
CA5B,1.0051512,1.003852,1.0035961,1.005696,1.0049704,1.0054302,1.0027971,1.0054742
PGRMC2,0.9958861,0.99697053,0.99761724,0.9960237,0.9962247,0.9962701,0.99822736,0.99556017
MRPL24,1.0007595,1.0006111,1.0005391,1.0008609,1.0007372,1.0008379,1.000482,1.0010859
RHOJ,0.9992173,0.99951935,0.9996756,0.9994314,0.9993911,0.9993879,0.99982584,0.9991137
NUP37,0.9905913,0.9931165,0.9945079,0.99069107,0.9915682,0.99101585,0.995819,0.99125725
MSMO1,0.99763405,0.998198,0.998572,0.997577,0.9976531,0.9977741,0.9989016,0.9977214
POLR1D,0.9997878,0.9999137,0.999977,0.9998609,0.9997861,0.9998689,1.000005,0.99960756
CIDEC,0.99813926,0.9985929,0.9990089,0.99827886,0.9982927,0.9983938,0.999261,0.9982151
TWIST1,1.0021135,1.0017418,1.0012888,1.0019947,1.0020269,1.0020716,1.0011017,1.002336
CPSF4,1.0000868,1.0000479,0.99992615,0.9999982,1.0001475,0.99998826,0.99993336,0.9991375
CD4,0.995702,0.9966869,0.9973279,0.9955003,0.9958812,0.9960633,0.9979737,0.9955259
DUSP23,0.99744326,0.99812055,0.99861616,0.9976428,0.99779916,0.9978759,0.9990289,0.99729073
B3GNT5,1.002662,1.0020406,1.0011425,1.0019549,1.0020394,1.0018189,1.0007571,1.0012493
XRCC2,0.9984404,0.9989167,0.99899626,0.9983907,0.9985275,0.99812144,0.9991678,0.9979985
PGPEP1,1.0022769,1.0016477,1.001292,1.0021349,1.0018687,1.00196,1.0009177,1.0014929
SIGLEC6,0.99615324,0.9970869,0.99761736,0.996019,0.99629295,0.99627817,0.9981648,0.99627733
CUTA,0.9993249,0.99948394,0.9998824,0.9995854,0.9994111,0.9996438,0.99993634,1.0001359
POLB,1.0008919,1.0006258,1.0003924,1.000541,1.0005677,1.000662,1.0002565,1.0007441
CXorf36,0.9967072,0.99750435,0.9980099,0.9966529,0.996889,0.9968914,0.9984898,0.9969293
FRA10AC1,1.0008417,1.0006677,1.0003178,1.0006016,1.000824,1.0005257,1.0002292,1.0003241
SLC37A4,0.9983281,0.9986646,0.99916923,0.9985986,0.9985748,0.9986366,0.99938494,0.99853915
HRG,0.99663633,0.9974498,0.997971,0.9965885,0.9968267,0.9968314,0.99846184,0.9968804
CHMP4B,0.999743,0.99973303,0.9999021,0.9998852,0.99977463,0.99961174,0.9998614,0.99966407
HNRNPH2,0.99530303,0.99647224,0.9969862,0.99502325,0.9954693,0.99541616,0.99766743,0.99463767
TVP23C,1.000098,1.0000947,1.0000714,1.0001066,1.0001742,1.000202,1.0001137,0.99978507
CGREF1,1.002717,1.0020928,1.0014567,1.0023972,1.0022117,1.0021114,1.0009859,1.000929
ZNF460,1.0038395,1.0027889,1.002639,1.0041647,1.0037677,1.0041528,1.0021192,1.004986
CFAP300,0.99711764,0.99797153,0.9979744,0.9966319,0.9971976,0.99697983,0.9985435,0.99726
WDR73,1.0007528,1.0005174,1.0004493,1.0006416,1.0005913,1.0007185,1.0003948,1.0018
MAJIN,0.9967088,0.9975005,0.9980086,0.9966544,0.99688864,0.9968978,0.99848986,0.99694204
ACSM6,1.0001755,1.0001581,1.0001668,1.000175,1.0001518,1.0002186,1.0001457,1.0004184
SRSF3,0.9954163,0.99648726,0.99713624,0.9952215,0.99546915,0.99558294,0.9977776,0.9955467
ZNF844,1.002911,1.0020076,1.0023805,1.0036545,1.0029835,1.0036011,1.0019436,1.0052228
RSRP1,0.9986707,0.9989706,0.9990451,0.99836457,0.9984062,0.99843824,0.99920183,0.9985766
TPMT,1.0074122,1.0056161,1.005035,1.0080041,1.0071653,1.0072426,1.0038087,1.0080907
RPS24,0.9956888,0.99666786,0.9971981,0.995358,0.9956205,0.99572754,0.997784,0.9953861
CRKL,0.99807096,0.99854183,0.9988774,0.998069,0.99809384,0.99796766,0.9990879,0.9985194
SV2C,1.0016595,1.0014532,1.0008719,1.0012226,1.0014135,1.0006218,1.0004818,1.0018258
ADPRHL2,0.9989344,0.99914134,0.99911237,0.9986135,0.99876505,0.99867415,0.99928796,0.9987079
STEAP1,1.0032399,1.0025011,1.002357,1.0037384,1.0033978,1.003521,1.0018785,1.0034596
CYB5D1,1.0018934,1.0015132,1.0007212,1.0012155,1.0014745,1.0012426,1.0005436,1.0012975
MARC1,0.9967072,0.99750435,0.9980099,0.9966529,0.996889,0.9968914,0.9984898,0.9969293
MTERF4,1.0028265,1.0021052,1.0014105,1.002263,1.0020199,1.0020407,1.0009416,1.0028362
GCNA,1.0017467,1.0013895,1.0010908,1.0016868,1.0016214,1.0017182,1.0008779,1.0015174
PECR,1.0034968,1.0027182,1.0024527,1.0039682,1.0036268,1.0035717,1.0018778,1.0027375
ZNF773,1.0049251,1.0036451,1.0034431,1.0056038,1.0048876,1.0052528,1.0026702,1.0049385
DDIT4,0.9962098,0.9971589,0.99807084,0.9967207,0.9967538,0.9968452,0.9986193,0.99695206
CTSO,0.9993875,0.9996371,0.9996005,0.99928164,0.9994167,0.9994056,0.9997544,0.99927664
MRPL32,1.00072,1.0005134,1.0005116,1.0007497,1.0007114,1.0008707,1.0004356,1.0008268
ARL4D,1.0010357,1.000711,1.0007912,1.0012238,1.0010182,1.0010173,1.0005684,1.0013577
ZNF586,1.0009669,1.0005989,1.0009117,1.0013309,1.0011468,1.0013214,1.0007353,1.0019171
RAB9A,0.99530137,0.99651957,0.9970788,0.99524283,0.9956658,0.9953306,0.99780035,0.9956752
RRAS2,0.99783087,0.99844205,0.9988339,0.9979621,0.9983171,0.9982507,0.9992518,0.998608
HSD17B7,0.99778366,0.99847937,0.99871826,0.9977956,0.9979548,0.99789214,0.99908316,0.99802756
CLDN6,0.99704444,0.99775445,0.9982135,0.99698365,0.99718,0.99719274,0.99863374,0.99723476
MNAT1,1.0020454,1.0015961,1.0012803,1.0020216,1.0018281,1.0016899,1.0009348,1.0023704
ZNF232,1.0022424,1.0017536,1.0014867,1.0022876,1.0022014,1.002273,1.0011793,1.0020542
KANSL1,0.99740314,0.99803555,0.9982878,0.9971293,0.9972993,0.99727446,0.9986568,0.99753106
RFNG,0.9983848,0.9988245,0.9991753,0.99865687,0.9985967,0.99857426,0.99939084,0.9979442
SDR16C5,0.99803,0.9985433,0.99874914,0.99787414,0.99811506,0.99796915,0.9990301,0.9980861
CD34,0.9966155,0.9974258,0.9976665,0.99617434,0.99643695,0.996439,0.9981555,0.9960849
HEMGN,0.999645,0.9996948,0.9998658,0.99977064,0.9996712,0.9996321,0.9998299,0.9991191
DOHH,1.0035393,1.0026904,1.0021825,1.0035841,1.0033137,1.0033091,1.0016723,1.0036123
ASPHD1,1.0049424,1.0037477,1.003059,1.0050175,1.0047823,1.0044953,1.0022846,1.0051183
FGF9,0.9985372,0.998817,0.99879813,0.9980929,0.9983618,0.9982968,0.99902546,0.99798155
CTB-133G6.1,0.9967072,0.99750435,0.9980099,0.9966529,0.996889,0.9968914,0.9984898,0.9969293
RSPH9,1.0006204,1.0005585,1.0002356,1.0004629,1.0005758,1.0004221,1.0002179,1.0001713
HRH4,0.9997058,0.9998293,0.9996939,0.9994707,0.99960124,0.9993751,0.99971366,0.9994993
LAD1,0.99684346,0.9975972,0.9980934,0.99679816,0.9970094,0.99698675,0.99853915,0.9971024
CH25H,0.9978378,0.9984156,0.9983339,0.9973185,0.99767584,0.9974592,0.9986429,0.9964212
MTNR1B,0.9967072,0.99750435,0.9980099,0.9966529,0.996889,0.9968914,0.9984898,0.9969293
NKX3-1,0.9987049,0.9990374,0.9993236,0.9988395,0.99884033,0.99884903,0.9994985,0.9988331
TMEM229A,1.0003879,1.0002974,1.0002856,1.000448,1.0003927,1.0002949,1.000174,1.0000674
SPHK1,0.9958304,0.9968281,0.9975883,0.9959105,0.9961033,0.9961074,0.9981725,0.9962972
AGAP6,0.99995005,1.0000889,0.999912,0.9997666,0.99983287,0.99969506,0.99993396,0.99974847
IFNGR1,1.0020218,1.0015365,1.0008187,1.0013866,1.0013661,1.0013522,1.0005189,1.0007902
KLHL12,0.9975009,0.99807,0.9984294,0.997385,0.9973552,0.99746746,0.99875426,0.99740565
LACC1,1.0002159,1.0001118,1.0000651,1.0000796,1.0000234,1.0001482,1.000036,0.99997103
PRELID1,1.0033717,1.002719,1.0019782,1.0032223,1.0032952,1.0028334,1.0014745,1.0028474
CHMP6,0.9991277,0.9993926,0.99978673,0.9994314,0.99943054,0.9995711,0.9999398,1.0003134
VPS26C,1.0009624,1.0007606,1.0008746,1.001333,1.0011063,1.0013264,1.0007657,1.0014832
CAVIN2,0.99925846,0.9994532,0.9995657,0.99921715,0.99929,0.9992912,0.9996364,0.9984261
SPDYE1,1.005986,1.0044677,1.0035601,1.0056275,1.0052615,1.0056219,1.0027235,1.0061277
SERF2,0.99862456,0.9989736,0.99909234,0.9984621,0.9985757,0.9984696,0.99926805,0.99869186
CNMD,1.0019181,1.0014482,1.00143,1.002182,1.0018439,1.0022566,1.001214,1.0023553
C11orf54,1.0030184,1.0023422,1.0017962,1.0028863,1.0028243,1.0027837,1.0014027,1.0031016
PROP1,0.99696827,0.9977001,0.99817455,0.9969204,0.9971279,0.9971509,0.99861515,0.9971516
SHARPIN,1.0032393,1.0025039,1.0023752,1.0036826,1.0033945,1.0035005,1.0018923,1.0035152
RHOH,0.9980568,0.99860144,0.9986066,0.99767536,0.99807763,0.99775654,0.9988994,0.9981169
SERPINA5,0.99476504,0.9960572,0.9967757,0.9946602,0.99510735,0.99504304,0.99757254,0.9950923
ARF5,0.99921274,0.99943453,0.99957347,0.99921405,0.99919593,0.99930346,0.99966675,0.9988736
ZNF623,1.0027525,1.0021608,1.0016667,1.0027001,1.0026016,1.00232,1.0011914,1.001669
C10orf120,0.9967072,0.99750435,0.9980099,0.9966529,0.996889,0.9968914,0.9984898,0.9969293
PRKAG2,1.0040255,1.0031664,1.0025377,1.004051,1.0037593,1.0036726,1.0019389,1.0039058
RPS17,0.9957831,0.99681014,0.99693847,0.995044,0.99554324,0.995196,0.9975085,0.99492943
CCDC91,1.0003302,1.0001657,1.0004084,1.000586,1.0004423,1.0008597,1.0004289,1.0005069
LRRC34,1.001939,1.0016038,1.0007893,1.0014013,1.0014884,1.0011351,1.0005481,1.0010159
RPS13,0.99647546,0.9972834,0.9977223,0.9962274,0.9964243,0.9964932,0.9981893,0.9961346
AAGAB,1.0034161,1.0026599,1.0020344,1.0032924,1.0031905,1.0032434,1.0016254,1.0035182
TAGLN,1.0085983,1.0065142,1.0054451,1.0086884,1.0080608,1.0083818,1.0041533,1.008029
TMEM236,0.99698573,0.9976808,0.998211,0.9969656,0.9971689,0.9972547,0.99865925,0.99734414
ZNF414,1.0018075,1.0013683,1.0009559,1.0015637,1.0016348,1.0016336,1.0007637,1.0013056
DMRTA2,0.9984653,0.99876106,0.9991566,0.99856555,0.9985394,0.99841356,0.9992845,0.9985657
RNF167,0.9996561,0.9998628,1.0001546,1.000054,1.0000335,1.0000983,1.0002487,1.000514
CLRN2,0.9967072,0.99750435,0.9980099,0.9966529,0.996889,0.9968914,0.9984898,0.9969293
KCNK3,1.0053807,1.0041795,1.0031642,1.0052054,1.0051101,1.0049725,1.0024059,1.0037072
DEPTOR,1.0017314,1.0012743,1.0009739,1.0014818,1.0014952,1.0015491,1.0007399,1.0016881
HHLA1,0.9967072,0.99750435,0.9980099,0.9966529,0.996889,0.9968914,0.9984898,0.9969293
VDAC1,0.9997426,0.9998059,0.999856,0.99972093,0.9997212,0.9996904,0.99987555,0.999864
FBXO45,1.0017191,1.0013635,1.0008048,1.0014027,1.0015271,1.0011072,1.0005187,1.0006328
FSTL1,0.98222387,0.98665977,0.9891231,0.9821581,0.9835365,0.9834627,0.99193037,0.9837544
GPR17,0.99739057,0.9982391,0.998296,0.9971754,0.9973547,0.9970943,0.9987039,0.99726576
CD180,0.9979685,0.99849284,0.9985366,0.99755013,0.9978466,0.9976548,0.998789,0.9975936
EVPLL,0.9967188,0.9975133,0.99799126,0.99663466,0.996887,0.99687576,0.99847245,0.9968365
LRP11,1.0003135,1.0003196,1.0001684,1.0003481,1.0004138,1.0000526,1.0001374,1.0007932
MMP7,0.99617636,0.9971161,0.9977288,0.99618256,0.99642444,0.99642026,0.99827385,0.9963664
MUL1,0.99890274,0.99917626,0.9998642,0.99960387,0.99942017,0.9996895,1.0000396,0.99949384
ANXA5,0.99784946,0.9983934,0.9987182,0.99782395,0.9979093,0.99798876,0.99906135,0.99814856
RAB3C,1.0038061,1.0029774,1.0026861,1.0041391,1.0040348,1.0040768,1.0021634,1.0041465
C2CD4B,0.99722064,0.9979254,0.9980142,0.9967216,0.9969789,0.9968461,0.9983838,0.9965373
EME2,0.9972662,0.9979199,0.99830914,0.9971583,0.9973682,0.9973601,0.9987058,0.99738693
RCN1,0.99638677,0.9974855,0.9979814,0.99660605,0.9970206,0.99672455,0.99860704,0.99748015
DFFB,1.004014,1.0030499,1.0022708,1.0036964,1.0035982,1.003645,1.0017204,1.0029261
CXorf38,0.9987186,0.9990625,0.9995888,0.9991672,0.9990641,0.99912095,0.9997823,1.000077
PNPLA4,1.0003344,1.0003577,1.0001274,1.0001892,1.0004127,0.99991274,1.0000613,1.0005183
GTF2A1L,0.9967072,0.99750435,0.9980099,0.9966529,0.996889,0.9968914,0.9984898,0.9969293
JAML,0.9998119,0.999827,0.999954,0.9998236,0.99978924,0.9998989,0.99996674,0.99991274
SNRPB,1.0002416,1.0002267,1.000055,0.9999823,0.9999896,0.99988735,0.99998605,1.0002768
CLDN17,0.9967072,0.99750435,0.9980099,0.9966529,0.996889,0.9968914,0.9984898,0.9969293
ITGB1BP2,0.9979063,0.9983882,0.9987332,0.99783707,0.99786454,0.99796736,0.9989915,0.9978821
CA1,0.99627656,0.99717516,0.9977524,0.9962349,0.99650383,0.99651796,0.9983076,0.9965795
KHDRBS2,1.0014129,1.0011051,1.0013257,1.0020349,1.0017066,1.0019318,1.001109,1.001365
TP53TG5,0.99837005,0.998808,0.99889934,0.99810356,0.9982877,0.9982674,0.9991472,0.998207
BPIFC,0.99694717,0.99769044,0.99811363,0.9968374,0.99708605,0.9970502,0.9985574,0.9970339
CHPT1,0.99905705,0.99932444,0.9998078,0.9995481,0.99952686,0.99959695,0.9999734,0.9996006
SLC35G2,1.0009809,1.0008063,1.0008819,1.0012301,1.0010204,1.0009215,1.0006756,1.0022984
ERCC1,0.9980425,0.9985931,0.9991843,0.9985689,0.9986366,0.9987637,0.9995482,0.9988324
NDUFB8,0.9976871,0.99824774,0.9985304,0.99755335,0.9977603,0.99778795,0.9988594,0.9972566
CFAP73,1.0015669,1.0011692,1.0008912,1.0014474,1.0013536,1.0012885,1.0006528,1.001632
ZNF296,1.0012141,1.0008929,1.0003306,1.0006018,1.0008341,1.0007658,1.0002329,1.0002867
MITD1,1.0026516,1.0020359,1.0018597,1.0029634,1.0028939,1.0029178,1.0015391,1.003055
DERL2,0.99741054,0.9981016,0.9986051,0.99750745,0.99772453,0.9977096,0.9990109,0.99851036
RRAGB,1.0019562,1.0014647,1.0011258,1.0018142,1.0017507,1.0017122,1.0008559,1.0020545
TERF2IP,0.9878738,0.9908505,0.99263155,0.9877788,0.9886596,0.98863447,0.99439293,0.9882031
CAV1,0.99811476,0.9985987,0.9992851,0.9986651,0.99856806,0.9985579,0.99945533,0.99823606
PSPH,0.99625194,0.9970287,0.99842536,0.99724126,0.997146,0.9976858,0.99902856,0.9980688
DLG1,0.99805266,0.9984519,0.9989121,0.9981901,0.9981097,0.998351,0.99921656,0.99865377
FOLR3,0.9967072,0.99750435,0.9980099,0.9966529,0.996889,0.9968914,0.9984898,0.9969293
APOH,0.9967072,0.99750435,0.9980099,0.9966529,0.996889,0.9968914,0.9984898,0.9969293
SIRPA,0.99546576,0.99660355,0.99725175,0.9954106,0.9957229,0.9957992,0.99793977,0.99534607
HGF,0.9970891,0.99784255,0.9985038,0.9973959,0.99754673,0.9975452,0.99891126,0.99718577
RCN2,0.99824107,0.9986745,0.99878526,0.9979515,0.99816793,0.99816585,0.99903953,0.99805045
UBE2D3,0.9953393,0.996436,0.99712074,0.9951615,0.99543273,0.99548686,0.99776375,0.995832
SPATA31A3,0.9967072,0.99750435,0.9980099,0.9966529,0.996889,0.9968914,0.9984898,0.9969293
MRPL22,0.9988177,0.9991449,0.99950516,0.999081,0.99906623,0.9993602,0.9997343,0.9987417
QPCTL,0.9960953,0.99699473,0.99775445,0.9962917,0.99648607,0.99657464,0.9983649,0.9968662
TAGLN2,0.99294615,0.99471843,0.99567544,0.9928434,0.9934104,0.99324787,0.9967543,0.99365973
ARHGDIA,0.9957093,0.9968262,0.99770457,0.9961189,0.9962864,0.9962901,0.9983262,0.99625456
GLUD1,0.9998832,0.99994266,0.9997862,0.99971867,0.99981785,0.999519,0.9997965,0.99980676
S100PBP,1.002163,1.0016441,1.0012908,1.0020165,1.0018184,1.0016654,1.0008752,1.0019591
AKR1E2,0.9993515,0.99952525,0.99981016,0.9995903,0.99957913,0.9997179,0.99993366,0.99968994
LILRA4,0.9964754,0.997306,0.99782443,0.9964098,0.9966545,0.99664176,0.99833447,0.99634445
ZNF681,1.0072322,1.0055165,1.0044962,1.0072532,1.0066228,1.0066445,1.0033667,1.0073001
AMER2,0.9955047,0.99659383,0.9970708,0.99511015,0.99553937,0.99559456,0.997748,0.99519217
C19orf44,1.0002818,1.0002847,1.000176,1.0002537,1.0003365,1.0001165,1.0001248,1.0001581
GPR4,1.0056015,1.0042534,1.0035048,1.0056009,1.0051422,1.0053949,1.0026824,1.0051687
SLC9B1,0.9981929,0.99862725,0.9987764,0.9979924,0.99817646,0.998211,0.9990863,0.9978179
TMEM70,0.99323153,0.99490356,0.9957862,0.99305964,0.99373245,0.9937486,0.9969342,0.9940053
SERPINB7,0.9965335,0.997373,0.9977789,0.996299,0.99656117,0.9965044,0.9982506,0.99646914
UNC119B,1.0005718,1.0004481,1.0000598,1.0001729,1.0003899,1.0001782,1.0000837,1.0008891
POMK,1.0031263,1.0024565,1.001987,1.0031327,1.0030696,1.0031137,1.0015818,1.002914
KDELR1,0.9971457,0.9979572,0.9982805,0.9970988,0.9974703,0.99740565,0.99877924,0.99704385
NCBP2,0.9988532,0.99905753,0.9994097,0.9989011,0.99884474,0.99905765,0.99955773,0.9996021
C6orf118,1.003061,1.0021849,1.0020726,1.003308,1.0027796,1.0031971,1.0016421,1.0042843
CLTA,0.9975683,0.998214,0.998616,0.99764967,0.99780643,0.99777275,0.9989681,0.99748534
CYTIP,0.9998517,0.9998826,0.9998609,0.9996541,0.9997045,0.9997324,0.99986327,0.99984014
IZUMO1R,0.9967072,0.99750435,0.9980099,0.9966529,0.996889,0.9968914,0.9984898,0.9969293
VTA1,0.99830395,0.9987298,0.99918526,0.9985699,0.9985561,0.9987613,0.9994508,0.9984834
DMRTC2,0.9966594,0.9974672,0.9979802,0.99660647,0.9968447,0.9968443,0.99846673,0.9968895
ZNF683,0.9967072,0.99750435,0.9980099,0.9966529,0.996889,0.9968914,0.9984898,0.9969293
NPY1R,1.0029601,1.0022799,1.0019467,1.0032002,1.0028311,1.0029911,1.0014523,1.0012951
PDPK1,1.0017126,1.001251,1.0007753,1.001321,1.0013453,1.0012665,1.0005357,1.0012286
KNSTRN,0.9996848,0.99992025,1.0000799,0.9999782,0.999972,1.0000018,1.0001788,1.0000516
AMZ2,1.0003316,1.0003369,1.0003247,1.0004716,1.0005229,1.0003992,1.0002968,1.0002521
GOSR2,0.9981314,0.998698,0.9990532,0.9984126,0.9986235,0.99858177,0.9993993,0.99786645
STX1B,0.9970591,0.99781156,0.9984013,0.9973252,0.99744385,0.99735886,0.99882245,0.99756384
MAPRE3,1.0016057,1.0012425,1.0012789,1.001977,1.0018411,1.0019374,1.0010667,1.0019894
ZNF830,1.002713,1.0019819,1.0016489,1.002631,1.0021971,1.0022173,1.0011221,1.002675
TESMIN,0.999493,0.9995812,0.99968266,0.9994463,0.9996331,0.9995477,0.9997772,0.99962735
SAAL1,1.0007869,1.000598,1.0010183,1.0015671,1.0012071,1.0015141,1.0009048,1.0010822
RAD9B,0.9984194,0.9988769,0.99926317,0.99867517,0.99871397,0.9985905,0.9994508,0.99898154
C12orf66,1.0017523,1.0012974,1.0010247,1.0016365,1.0014961,1.0016968,1.0007985,1.0016367
NOP16,1.0029937,1.0022228,1.0016588,1.002709,1.0025043,1.0025221,1.0011955,1.0025783
AMIGO3,1.0009784,1.0009131,1.0003858,1.0006311,1.0008464,1.0007529,1.0003259,0.99976087
LRTM1,1.0075247,1.0058686,1.0045784,1.0073978,1.0070454,1.0069758,1.0035225,1.0072484
REXO2,1.0013638,1.0010104,1.0011177,1.0017073,1.001398,1.0014416,1.000833,1.0016439
ANXA10,0.9972493,0.99791116,0.99827075,0.99710095,0.99731207,0.9972974,0.9986594,0.99720657
RLN3,0.99676675,0.99754906,0.99803686,0.99670285,0.9969377,0.9969303,0.9985063,0.9969621
NSA2,1.0006535,1.0004959,1.0003669,1.0005324,1.0004699,1.0004432,1.0002272,1.0002857
F2RL1,0.99825984,0.9986926,0.99900484,0.99826777,0.9983728,0.9984754,0.99927235,0.9983903
YBX3,0.9990109,0.99926496,0.9994259,0.9990115,0.9991467,0.9990132,0.9995719,0.9987916
FBXL16,0.99628866,0.9972575,0.9977522,0.99632776,0.9965171,0.99638087,0.99824595,0.9958403
RPS6,0.9959153,0.99684215,0.9973242,0.9955684,0.99579465,0.9959103,0.99787474,0.9956063
PRPF18,1.0028933,1.0022123,1.0017636,1.0028028,1.0026896,1.002707,1.0013572,1.0027982
TIPRL,0.99826694,0.998762,0.99900234,0.99826586,0.99846566,0.99857044,0.9993074,0.99789214
MTRF1L,0.9971055,0.99784577,0.9984259,0.99728453,0.9974475,0.99760807,0.9989455,0.99829817
TIMM17B,0.99954474,0.9996951,0.9998896,0.99969375,0.999714,0.9998964,0.999998,0.99958384
TMC5,0.99963546,0.9997697,0.9996978,0.999452,0.9996631,0.9997184,0.9998558,0.9995185
PILRA,1.0020757,1.00157,1.0009177,1.0014497,1.0015882,1.00155,1.0006292,1.0009508
GRK2,0.9990547,0.9993071,0.99951583,0.99912596,0.99916816,0.9991382,0.9996536,0.99932486
C5AR1,0.9985395,0.99890274,0.99887395,0.99804235,0.9983814,0.99827075,0.99908555,0.9982146
PLIN5,1.0033042,1.0024045,1.0022358,1.0036067,1.0031154,1.003407,1.001749,1.0039021
BEND5,1.0028347,1.0021282,1.001989,1.0030719,1.0028043,1.0029672,1.0015255,1.0029359
C19orf67,0.9964628,0.9973278,0.99779135,0.9963258,0.99661934,0.9965831,0.9983135,0.9963852
ERBIN,0.9946011,0.99597347,0.9960016,0.9935316,0.9942003,0.99392486,0.99684906,0.9940959
FAM69A,0.9967072,0.99750435,0.9980099,0.9966529,0.996889,0.9968914,0.9984898,0.9969293
CCDC97,0.9980848,0.9985322,0.9988132,0.9980829,0.9982984,0.9980929,0.99911064,0.9982034
TIMM23,0.99930835,0.9995806,0.999857,0.9995985,0.99976474,0.99981946,1.0000365,0.9996892
ADORA2B,0.9972842,0.9980422,0.9988121,0.9978175,0.99780416,0.9980378,0.99924207,0.99818486
OCSTAMP,0.99674165,0.99753034,0.9980261,0.99668217,0.99691755,0.996915,0.99849993,0.9969486
SPDYE4,0.9967072,0.99750435,0.9980099,0.9966529,0.996889,0.9968914,0.9984898,0.9969293
CHDC2,0.9967072,0.99750435,0.9980099,0.9966529,0.996889,0.9968914,0.9984898,0.9969293
SULT1C4,1.0080881,1.0061224,1.004267,1.007115,1.0067115,1.0062299,1.0029408,1.0063789
IGBP1,0.99800444,0.99849,0.9990976,0.9984267,0.99854755,0.998685,0.9994337,0.9983649
ZNF676,0.9999976,1.0000447,1.0001576,1.0001419,1.0001252,1.0001793,1.0001712,1.0002367
ZNF304,1.0018834,1.001452,1.0010905,1.0017271,1.001628,1.0015094,1.0007684,1.0017395
MED15,0.9980785,0.9986268,0.99900424,0.9983134,0.99848866,0.9984044,0.999329,0.99836975
KLF17,1.0023003,1.0017146,1.0014963,1.0023264,1.0020366,1.0020654,1.0010697,1.0024073
LIPF,0.99696976,0.9976976,0.99817824,0.9969269,0.99712634,0.9971417,0.998613,0.9971664
CTBS,0.9946072,0.9958904,0.99661684,0.9943315,0.9948902,0.99483895,0.9974382,0.9951579
SETD9,1.0019568,1.0015686,1.0011933,1.0018907,1.0019572,1.0019858,1.0009943,1.0014175
ZNF649,1.0018821,1.0014272,1.0011305,1.0018117,1.0016305,1.0017158,1.0008725,1.0018401
RASL12,0.9989586,0.99927545,0.99948967,0.9989456,0.99908537,0.99935496,0.9997493,0.9993539
CCDC85C,0.9976134,0.9982029,0.9986596,0.997851,0.99780846,0.9975897,0.99894357,0.99785763
IDO2,0.9968511,0.9976101,0.99808735,0.99678636,0.9970101,0.9969933,0.9985382,0.99703825
TEFM,1.0016527,1.0011766,1.0013822,1.0022292,1.0019324,1.0020995,1.0011517,1.002388
AP1AR,1.002145,1.0017114,1.001273,1.0021017,1.0020632,1.0019991,1.0009873,1.0011127
GUCD1,1.0000478,1.0001395,1.0001884,1.0001873,1.0002713,1.000099,1.0002035,1.000571
ZNF577,1.0002713,1.0002338,1.000668,1.0008847,1.0006454,1.0009818,1.0006647,1.0011119
ZP3,1.0019335,1.0013726,1.0011523,1.0018382,1.00154,1.0016011,1.0007766,1.0016909
ZXDB,0.99859065,0.9989016,0.99944484,0.99890506,0.99880654,0.9990737,0.999684,0.9996847
TBC1D7,0.99897575,0.99930304,1.0000118,0.9997924,0.99962765,0.9998857,1.0001973,1.0001953
TNFRSF18,0.9974388,0.99806184,0.99842435,0.99734575,0.99756175,0.99760145,0.99882776,0.99764216
OCIAD1,0.9956074,0.99669164,0.9974709,0.9957503,0.9959891,0.99602664,0.998096,0.9959216
MKLN1,0.9990727,0.9993463,0.99937916,0.99890435,0.9990249,0.99914956,0.9995614,0.99874973
VPS4A,0.99898946,0.9992966,0.9993876,0.9989463,0.99900573,0.99898255,0.99953866,0.9986656
WDTC1,0.9978658,0.99829614,0.99910665,0.99833775,0.99831355,0.99864507,0.9994653,0.99936795
P2RY1,1.0004884,1.0003912,1.0003854,1.0005172,1.0004569,1.0005194,1.0003163,1.0005407
TIMP1,0.9996972,0.9997924,1.0000504,1.0000225,0.99981487,0.9999678,1.0000838,0.9996586
AIFM2,0.999132,0.9994761,0.99922895,0.99869144,0.998924,0.99885947,0.99941933,0.9986063
KLHDC8B,1.0028039,1.002183,1.0013502,1.0022411,1.0023785,1.0020304,1.0010086,1.0030093
ZNF155,1.004822,1.0036609,1.0029924,1.0047884,1.0044286,1.0044758,1.002242,1.0044922
AZIN1,0.99545586,0.9966015,0.99740005,0.995618,0.99588,0.9960306,0.9980898,0.99560505
TSPYL5,0.9976952,0.9982897,0.99862003,0.99768007,0.99769664,0.9974881,0.9988701,0.9980638
TRNAU1AP,0.9980509,0.998512,0.9990034,0.99824953,0.9983689,0.99862015,0.9993746,0.9987711
EHHADH,0.99928284,0.9993941,0.9996383,0.99936557,0.9993694,0.99930936,0.9997153,0.9997895
PSG8,0.9969566,0.9976673,0.9982163,0.9969641,0.9971709,0.99723196,0.9986592,0.99727905
RHOU,0.999784,0.99967146,0.99986815,0.99978787,0.99973404,1.00002,0.9998931,0.9991163
RNF185,1.0047772,1.0036842,1.0029805,1.0048105,1.0045522,1.0044047,1.0022849,1.0051496
EVA1C,0.99702656,0.9979068,0.9980917,0.9968087,0.9972346,0.99690807,0.9985714,0.9970176
PSG4,1.0020503,1.0015061,1.0013714,1.0020673,1.001885,1.0018985,1.0009749,1.002251
TEKT4,1.0014398,1.0010759,1.0009258,1.0014044,1.0012536,1.0012968,1.0006711,1.0012311
NOX4,0.9999677,0.99999887,1.0000348,1.000005,1.0001328,1.0000815,1.000069,0.9997503
NUP50,0.9989073,0.99920136,0.9994321,0.9990479,0.9990102,0.99896383,0.9995549,0.99871606
RPL24,0.99613523,0.99699664,0.99750674,0.99586886,0.99608856,0.9961996,0.9980257,0.9959129
PIGO,0.99932563,0.9996149,0.9997402,0.99944067,0.99969304,0.99957454,0.99994886,1.0002168
RND3,0.99310905,0.9946687,0.995879,0.99310976,0.99355876,0.99372524,0.9968714,0.9936078
RPS11,0.99552923,0.9965454,0.9970656,0.9951543,0.99543196,0.99554634,0.99767995,0.9951303
C12orf56,0.9955772,0.99667096,0.99733305,0.99555707,0.9959136,0.9958636,0.9979967,0.9958148
PRR11,0.99723065,0.9980638,0.99798775,0.9967853,0.9971327,0.99652123,0.99835694,0.9967636
COL4A3BP,0.9967072,0.99750435,0.9980099,0.9966529,0.996889,0.9968914,0.9984898,0.9969293
IFNGR2,1.0000029,1.0000584,1.0000608,1.0000007,1.0000032,0.9999527,1.0000658,1.0003324
CYHR1,0.9961843,0.99719024,0.99754345,0.9959619,0.9963491,0.9962714,0.9981859,0.9962864
CCDC69,1.0017502,1.0013295,1.0010827,1.0017438,1.0016613,1.0015509,1.0007917,1.0014521
ZXDA,1.0026256,1.0020448,1.0018429,1.0029268,1.0026591,1.0028996,1.0014796,1.0018193
CHODL,1.002818,1.0021489,1.0018501,1.0029882,1.0027447,1.002649,1.0013713,1.0023444
ETV3L,0.9975914,0.99816275,0.99869883,0.99774456,0.9978175,0.9979656,0.99906075,0.99815375
KSR2,1.0017426,1.0014988,1.001287,1.0018816,1.0016803,1.0017669,1.0010102,1.0011363
TMEM206,0.9967072,0.99750435,0.9980099,0.9966529,0.996889,0.9968914,0.9984898,0.9969293
IGFLR1,0.9954455,0.99658084,0.9970251,0.99502784,0.9956447,0.9953426,0.9976729,0.9952675
FAM69C,0.9967072,0.99750435,0.9980099,0.9966529,0.996889,0.9968914,0.9984898,0.9969293
MGLL,1.00144,1.0011834,1.0010784,1.0016493,1.0015359,1.0016533,1.0008857,1.0009036
PDLIM1,0.99393153,0.99547803,0.9966086,0.99427783,0.99469393,0.99453485,0.9974984,0.99481153
CREB3,0.9992814,0.99941444,0.99942315,0.99901116,0.999248,0.9992929,0.99961776,0.999645
RPF1,0.9983455,0.9987229,0.99936223,0.99877304,0.9986884,0.9989983,0.99962723,0.99938446
ASB8,1.0014315,1.0009787,1.0009537,1.001406,1.0010808,1.0011879,1.00065,1.0025535
ELF5,0.9968776,0.9976351,0.9980715,0.996761,0.9969914,0.99697345,0.9985142,0.99697924
NPY2R,0.99727285,0.99799466,0.99817157,0.997027,0.99735886,0.9971146,0.9985812,0.9969218
ZNF556,0.9952326,0.9964341,0.9972377,0.9954082,0.99577034,0.9956399,0.99795365,0.9959371
KLHL42,0.99258614,0.9944316,0.99542785,0.9923991,0.99296916,0.99285257,0.99646974,0.9923449
PSMA4,0.9960687,0.9969568,0.99765766,0.99610054,0.9963089,0.9963702,0.99820286,0.9964374
PPM1K,0.9937254,0.9953113,0.9960472,0.99344534,0.99407196,0.99395657,0.9970309,0.9942616
TNFSF14,0.9939712,0.99540603,0.99657726,0.9941879,0.99462354,0.99474907,0.99749565,0.9953791
PRCC,0.9995506,0.999749,0.9997239,0.99945945,0.99955547,0.99947757,0.9997972,0.9993862
TMEM199,1.0019774,1.0014825,1.0013802,1.0021775,1.00197,1.0021242,1.0010829,1.0018246
C1orf100,0.9966594,0.9974672,0.9979802,0.99660647,0.9968447,0.9968443,0.99846673,0.9968895
CLTB,0.9999372,0.999992,0.99974054,0.99954736,0.99968934,0.9995753,0.99973345,0.99882007
CFD,1.0006782,1.000528,1.000474,1.0007267,1.0006082,1.0004916,1.0003065,1.0003588
ANXA3,0.99923253,0.99942756,0.9992621,0.9988283,0.998891,0.99873996,0.99930346,0.9982329
GDF15,1.0053654,1.0041647,1.0028757,1.0045164,1.0045068,1.0041493,1.0019639,1.0041252
HTR1E,0.99795425,0.9984328,0.99877405,0.9978856,0.9980096,0.99805397,0.9990562,0.9983188
SLC35C1,1.0023696,1.0017438,1.0015544,1.0025002,1.0021696,1.0024968,1.0012128,1.0016192
TACR2,0.9977955,0.9983456,0.9986734,0.9977503,0.9979303,0.99795926,0.9989936,0.9974772
RNASEH2B,1.0003468,1.000272,1.0005505,1.0007557,1.0004954,1.0005043,1.0004174,1.0008402
C15orf41,0.9952226,0.9964239,0.99748635,0.99579144,0.996049,0.99604297,0.9981949,0.99562466
ELOVL6,0.9975723,0.9981792,0.99865985,0.99785864,0.9980409,0.99792296,0.99906856,0.9982165
SLC38A8,0.9998667,0.99984056,0.9999794,0.99987835,0.99981755,0.9999554,0.9999856,1.0002042
RAB5A,0.9979593,0.99853563,0.99863446,0.9976939,0.99784374,0.99775153,0.9989151,0.99762034
GLIPR1L2,1.0034103,1.0024328,1.0024681,1.0038549,1.0032196,1.0036507,1.0019202,1.0047493
POU5F2,0.9967072,0.99750435,0.9980099,0.9966529,0.996889,0.9968914,0.9984898,0.9969293
CCSAP,1.0023887,1.0017685,1.0014203,1.0022461,1.0020655,1.0020218,1.0009999,1.0021465
ZBP1,1.0006523,1.0004823,1.0003182,1.0005059,1.0005045,1.0005742,1.0002677,1.0003283
LSP1,1.0003201,1.0002598,1.0001369,1.000146,1.0001688,1.0001314,1.0000594,1.0001014
IL6R,0.995023,0.99619776,0.99711645,0.99506736,0.9954749,0.9956608,0.997884,0.9954581
RRH,0.9967862,0.99755263,0.99803704,0.9967046,0.9969484,0.99695885,0.9985128,0.997067
RASL11A,0.9994893,0.9995291,0.9998764,0.999691,0.99964166,0.9999103,0.99997425,0.99985313
SYT13,0.9947504,0.996005,0.996855,0.9947239,0.9948062,0.99506485,0.99755746,0.994449
STX8,1.0019562,1.0015122,1.0012822,1.0019975,1.001978,1.0018246,1.0009754,1.0020556
MAT2B,0.9991249,0.9993436,0.9993949,0.9989336,0.9990523,0.99920905,0.9995924,0.99927855
ANKRD23,1.0041798,1.0031914,1.0025647,1.004182,1.003837,1.0038307,1.0019002,1.0035558
SBSPON,1.0028634,1.0020882,1.0016644,1.0027448,1.0025805,1.002463,1.0012319,1.0031908
NCOA6,0.99922985,0.9994262,0.99984133,0.99966455,0.9996525,0.99994314,1.0000116,0.999138
AJAP1,1.0026562,1.0021017,1.001855,1.002897,1.0026687,1.0026829,1.0014117,1.0018494
ZSCAN1,0.99438804,0.99591047,0.9968866,0.9947149,0.9952048,0.995327,0.9978831,0.99589336
GNB1L,1.0003822,1.0003461,1.0005131,1.0007592,1.0006694,1.0008664,1.0005379,1.0003107
ARR3,0.9965267,0.9973525,0.9978906,0.9964746,0.9967215,0.99672675,0.99840254,0.9968257
RAB8B,0.9964862,0.997337,0.9978899,0.99643743,0.99665165,0.9966862,0.9983969,0.99673617
HTR1D,0.9987693,0.99910194,0.9991291,0.99853635,0.9986862,0.9984443,0.999256,0.9986689
CTRL,0.99552214,0.99654776,0.99750316,0.99586093,0.9959698,0.9961641,0.99819005,0.99642086
TCP11,0.99773705,0.9983055,0.9986396,0.9977053,0.9979271,0.99779356,0.9989496,0.9977238
BSPRY,1.0001569,1.0000648,1.0002936,1.0003512,1.0002056,1.0003705,1.0002508,1.0007979
C18orf25,1.0004275,1.0003808,1.0005667,1.0007305,1.0006491,1.0007119,1.0005287,1.0015919
DEGS1,0.9981086,0.9986205,0.9992211,0.9985702,0.9984983,0.99862504,0.9994997,0.9989518
YIPF1,0.9993973,0.99952245,0.9999249,0.99979067,0.9997486,1.0000507,1.0000775,0.99945736
DGCR6L,0.997825,0.9983896,0.9989922,0.998206,0.9982655,0.9983148,0.9993218,0.99855477
SDR9C7,0.997042,0.9977577,0.99815357,0.99690783,0.9971495,0.9971133,0.9985807,0.99711
GCNT1,1.0071166,1.0054655,1.0040927,1.0067065,1.00639,1.0063221,1.0030715,1.0061927
APOL2,1.0029777,1.0022559,1.0016658,1.0026616,1.0024853,1.002528,1.0012099,1.0023942
KCNK17,0.9971552,0.9978131,0.99836755,0.99721783,0.9973491,0.99750745,0.9988023,0.99757785
CD96,1.0016601,1.0012655,1.0007219,1.0012269,1.0012448,1.0010831,1.0004851,1.001369
BST1,0.99776375,0.9982927,0.99866116,0.99773186,0.997875,0.9978751,0.9989666,0.9978012
PRDM12,0.9993239,0.9994412,0.9996671,0.9993886,0.9994242,0.9993855,0.9997448,0.9998785
KLF7,0.99104124,0.99321234,0.99466175,0.99117893,0.99182093,0.99193716,0.99602604,0.9916991
RAB7A,0.99856865,0.9989861,0.999237,0.9986333,0.9985995,0.9985495,0.9993848,0.9986221
IFIT3,1.0017679,1.0013927,1.001092,1.0017593,1.0016401,1.0018665,1.0009122,1.0011005
SAMD12,1.0069875,1.0053022,1.0040951,1.0067227,1.0063056,1.0060774,1.0029662,1.0055567
ODR4,0.99994624,0.9999964,0.99988604,0.9997947,0.99981666,0.9994603,0.9997947,0.9997148
SLC6A12,1.006737,1.0051926,1.0037353,1.0061872,1.006144,1.0058384,1.0027936,1.005163
ZNF749,0.9992509,0.99944794,1.0001163,1.0000327,0.99989974,1.0001473,1.0002623,0.9999317
SUGT1,1.0027664,1.0020912,1.0016378,1.002578,1.0024354,1.0024387,1.0011928,1.0023254
PAK4,0.99875414,0.9992513,0.9995631,0.9991938,0.999364,0.99897236,0.99975896,0.9990711
DSN1,1.0024297,1.0018638,1.0016292,1.0026,1.0021224,1.0021915,1.001156,1.0016713
RDH14,1.0100203,1.0075445,1.0059345,1.0097623,1.0091621,1.0091391,1.0044229,1.0088177
PALM2,0.9950119,0.99637556,0.9968648,0.9947392,0.99531996,0.99510926,0.9976226,0.9948232
TRPT1,0.9980074,0.9985546,0.9988636,0.9980972,0.9984491,0.99835515,0.9992678,0.9984946
FCRL2,0.99605304,0.9970043,0.9976777,0.9961122,0.99634635,0.9963498,0.99824584,0.9964321
SCG3,0.9998561,0.9998748,0.9999927,0.99988496,0.9998646,0.999926,0.9999627,0.99951994
HS3ST5,1.0036737,1.0028498,1.0017736,1.0029964,1.0027864,1.0024152,1.001098,1.0020154
DND1,1.0035666,1.002666,1.0023365,1.0037498,1.0033128,1.0037005,1.0018303,1.0030692
PEX5L,1.0057864,1.0042747,1.003465,1.0056784,1.0052565,1.0052708,1.0025427,1.0052447
RBM41,0.9978404,0.9983318,0.9983934,0.9973421,0.9975705,0.99743176,0.99867725,0.9979197
CCDC74B,1.0022815,1.0018456,1.0012587,1.0021368,1.0021021,1.0016907,1.000896,1.0010188
MED22,0.99978805,0.9998673,0.99995023,0.9998689,0.999897,0.9997244,0.999969,1.0003612
IL18R1,0.9972638,0.99790674,0.9983243,0.9971912,0.997385,0.99735975,0.99870974,0.99743855
FAM50B,0.9991839,0.99943674,0.99974966,0.9994339,0.9994137,0.9994699,0.9998667,0.99986994
ELAC1,1.0017357,1.0013449,1.0012383,1.0018957,1.001634,1.0017887,1.0009865,1.0022504
INSM2,0.9985594,0.9988955,0.99926615,0.99874115,0.99875444,0.9988363,0.99947894,0.99852324
SPPL2C,0.9985011,0.99886143,0.9991851,0.99859136,0.99868333,0.998698,0.9993919,0.9985188
SYNGR2,0.9973382,0.997977,0.99837816,0.99725664,0.9974497,0.99748325,0.9987577,0.9972871
CRYGD,0.99296904,0.9946624,0.9965144,0.9940633,0.9942353,0.9943433,0.9975304,0.9945601
GPX7,1.0002093,1.0001445,1.0001731,1.0001484,1.0001107,1.000204,1.0001606,1.0005584
HES1,0.99375784,0.9952135,0.9959903,0.9934139,0.99364215,0.9937731,0.99691045,0.99451435
SLC16A11,0.9985064,0.9988708,0.99897724,0.9982819,0.9984477,0.998334,0.9991734,0.9983518
TNFRSF10B,1.0040841,1.0032022,1.002114,1.0035274,1.0035156,1.0031333,1.0014768,1.0023271
TGM7,0.99660325,0.9974249,0.99795717,0.99656415,0.99680483,0.9968184,0.9984561,0.996881
GPR52,0.9961784,0.9971079,0.9977036,0.99614924,0.996418,0.9964267,0.99826753,0.9964586
ACHE,0.9991126,0.99947226,0.99928695,0.9988114,0.9990045,0.99855125,0.99935955,0.99870276
SKAP2,1.0046208,1.0033805,1.0027397,1.0044792,1.004271,1.004435,1.0020959,1.004284
SIGLEC7,1.0011995,1.0009083,1.0006847,1.0010303,1.0009708,1.0009239,1.0004601,1.0011165
FAM170A,0.99674165,0.99753034,0.9980261,0.99668217,0.99691755,0.996915,0.99849993,0.9969486
CCR2,0.9966297,0.99744034,0.99799097,0.99661416,0.9968318,0.9968687,0.9984841,0.99691784
CLDN23,0.9975363,0.9981092,0.99842167,0.9973475,0.9975112,0.99755657,0.9987762,0.99764
GPR39,0.99881303,0.99900913,0.9994025,0.9989556,0.99899906,0.9990449,0.9995635,0.99915725
INHBC,0.9974079,0.9980415,0.99845505,0.99738646,0.99757373,0.99758285,0.9988381,0.9975271
DCAF4L1,1.0028963,1.002131,1.0013984,1.0023301,1.0023149,1.002118,1.0009363,1.0021237
HNRNPC,0.9962722,0.99712217,0.9976649,0.9961049,0.996256,0.9964599,0.9981858,0.99621344
GFOD2,0.9980422,0.998507,0.998547,0.99764407,0.9979943,0.99786013,0.99884224,0.9972291
ZFPM2,0.9971721,0.997875,0.99918735,0.998363,0.99822605,0.9985831,0.99960375,0.9986095
ANXA1,0.9955836,0.99674296,0.99681425,0.9947979,0.9953298,0.99504614,0.997494,0.9951439
MRPL46,1.0019572,1.0014883,1.0014673,1.0022752,1.0020437,1.0020764,1.0011451,1.0022557
ZIC5,0.9981463,0.9987067,0.99897254,0.99822086,0.99839354,0.99814165,0.99920034,0.99786454
RAB38,1.0007133,1.0004692,1.0004606,1.0006824,1.0003997,1.000604,1.0002884,1.000597
FAM76B,0.99751115,0.99810517,0.9982323,0.9971492,0.9975326,0.99731374,0.998597,0.99689317
NPTX1,0.99491954,0.9959606,0.99689966,0.99494624,0.9951901,0.9952867,0.9976647,0.9961673
WDR77,0.9984314,0.99890053,0.9992683,0.99866146,0.9989286,0.998821,0.9995636,0.9989511
C21orf58,0.9940225,0.9956288,0.99643636,0.9940337,0.9946158,0.9941442,0.9972956,0.9942376
SH2D5,1.0042502,1.0032271,1.0027068,1.0043876,1.004007,1.0040598,1.0020359,1.0037568
AGTR1,0.997936,0.9984417,0.99871457,0.997807,0.9979751,0.99795926,0.99900687,0.9980228
TUT7,1.0045491,1.0033289,1.0028939,1.0047269,1.0042913,1.0045959,1.0022153,1.0043858
MPV17L,0.99870205,0.99906254,0.99927306,0.99875426,0.998924,0.9988241,0.99949586,0.9991965
ALDH5A1,1.0008098,1.000637,1.0006303,1.0009993,1.001003,1.0010331,1.0005391,1.0002431
RILP,0.99803394,0.99849343,0.9987488,0.9978776,0.998198,0.9982146,0.9991109,0.99836683
CNTFR,0.9980571,0.9985162,0.9990368,0.99842864,0.99843067,0.99837387,0.9993116,0.99829066
ST6GALNAC3,0.99638474,0.99724114,0.9977902,0.99628127,0.99655724,0.9968245,0.9984213,0.9969027
PCNA,0.9946728,0.9959042,0.9968693,0.99484074,0.9950677,0.99509007,0.9976376,0.9951877
SFTPD,0.99782443,0.99834085,0.99879205,0.99792266,0.9979923,0.9980303,0.9990858,0.9981954
TMEM234,1.001735,1.0014111,1.0011444,1.0018432,1.0017998,1.0019116,1.0010203,1.0017333
RAB22A,0.99290586,0.9945511,0.99600405,0.9933518,0.99359536,0.9939004,0.99706006,0.99354523
LZTFL1,0.99922407,0.99947757,0.99949217,0.99916995,0.9992412,0.9990467,0.99962795,0.9993764
MTFP1,1.0003656,1.0003834,1.000387,1.0004967,1.0006182,1.0003066,1.000325,1.0010304
SLC7A10,1.0001712,1.0000193,1.0001789,1.0002184,0.999923,1.0001547,1.0000917,1.0004569
SIRT3,0.99968314,0.9997616,0.99997765,0.9999038,0.9998668,1.0000892,1.0000942,0.99984396
CLDND1,0.9965443,0.99737144,0.99808097,0.9967131,0.99679816,0.99700826,0.9986067,0.9975142
BPGM,0.99839234,0.9986944,0.9993017,0.9987807,0.99861443,0.9988438,0.999506,0.99906266
PSMC3,1.0004064,1.000273,1.0003119,1.0003943,1.0002588,1.0004244,1.0002462,1.0010487
CASP5,0.9967722,0.99751556,0.9980769,0.9967585,0.9969852,0.99705553,0.99855673,0.9970794
DCSTAMP,0.99663633,0.9974498,0.997971,0.9965885,0.9968267,0.9968314,0.99846184,0.9968804
NTAN1,1.0022875,1.001779,1.0011379,1.0018684,1.0018737,1.0016782,1.0008054,1.0018432
MSRA,1.0011122,1.0008472,1.0007328,1.0011871,1.0011113,1.0010971,1.0005902,1.0011194
SERPINB1,0.9990244,0.99921185,0.9994761,0.99909294,0.9991574,0.9990443,0.9995841,0.9996464
CRYBG1,0.99893546,0.9991709,0.99921125,0.998682,0.9987327,0.9986577,0.99930006,0.99867755
ZBTB26,0.9999046,0.9999826,0.9998381,0.99970603,0.99979484,0.9996939,0.99984825,0.9992609
PSG5,1.0029821,1.0022745,1.0012448,1.0020093,1.0021669,1.0018803,1.000754,1.0016176
COPG1,0.99830145,0.99873036,0.99937767,0.9987962,0.9986762,0.9989544,0.99964786,0.9993739
GPR45,0.9967072,0.99750435,0.9980099,0.9966529,0.996889,0.9968914,0.9984898,0.9969293
VDAC2,1.0000943,1.000073,1.0002078,1.0002109,1.0000765,1.0003345,1.0001783,0.99997056
KLK13,0.9967072,0.99750435,0.9980099,0.9966529,0.996889,0.9968914,0.9984898,0.9969293
KCNK15,0.99901253,0.9992988,0.99943554,0.99898195,0.999176,0.99911606,0.9996046,0.9992336
IFNAR1,1.0014634,1.0012262,1.0008849,1.0014045,1.0013521,1.0012163,1.000676,1.0009863
MTFR1,1.0022206,1.001715,1.0012678,1.0020745,1.0019768,1.0019319,1.000929,1.0011525
GATD1,0.9989959,0.9991559,0.99953115,0.99919283,0.99907005,0.9993415,0.9997016,0.9993018
ADPRH,0.9994587,0.9996207,0.99948853,0.9991709,0.9993278,0.9991292,0.99953246,0.99880004
GNPDA1,0.99873245,0.9990276,0.99924874,0.99868107,0.9987886,0.99872166,0.99944097,0.9992332
DNASE2,0.99679947,0.9976078,0.9981673,0.99685997,0.99714166,0.9971321,0.99865514,0.99671793
BCL2L12,0.9974737,0.99814796,0.99831736,0.99728286,0.9974545,0.9970517,0.99854255,0.9964401
CRYGN,0.9968171,0.9975862,0.99810195,0.99679613,0.99700963,0.9970212,0.99856365,0.9971305
GID4,1.0036049,1.0027165,1.0020274,1.0032989,1.0031489,1.0031109,1.0014958,1.0029606
ACTL10,0.9982717,0.99870604,0.99903476,0.9983238,0.99845225,0.99849445,0.99930173,0.9983438
MTX1,0.9996674,0.9998296,1.000251,1.0002191,1.0002356,1.0002897,1.0003682,1.0010519
MLNR,0.99696475,0.9977033,0.9981402,0.9968718,0.99710923,0.9970754,0.99857736,0.9971455
RSL1D1,0.99941605,0.9995941,0.9996798,0.9993868,0.99941957,0.9993269,0.9997239,0.9996541
PARD6G,0.9974274,0.99806297,0.99862146,0.9976649,0.9976704,0.99765086,0.9989642,0.9981108
BRCC3,1.0012141,1.0008473,1.0007703,1.0011853,1.0009866,1.0012611,1.0006279,1.0015862
NCF4,0.9950738,0.9962905,0.99695957,0.9949038,0.99534726,0.99529594,0.997676,0.9951695
CLDN9,0.99827063,0.9987246,0.9988424,0.99805456,0.9983098,0.9983883,0.9991894,0.99834466
DTWD2,1.0009266,1.0007212,1.0007162,1.0010995,1.0009505,1.0010657,1.0005733,1.0007037
ISOC1,0.99799955,0.99866295,0.9990388,0.99812937,0.99851286,0.9986122,0.999439,0.99825734
CRIP3,1.0000527,1.0000594,0.99995625,0.9998797,0.9999602,0.9998841,0.999946,0.9998449
GH2,0.99677145,0.9977411,0.9979551,0.99634916,0.9968768,0.99669874,0.9984062,0.99631095
ZNF174,1.0043621,1.0032494,1.0029517,1.0046903,1.0043731,1.0045927,1.0023282,1.0047843
SLC35D3,0.9982014,0.9987012,0.99897134,0.99821323,0.9984051,0.99831533,0.9992393,0.99840856
ARTN,0.99894977,0.9992521,0.99927914,0.9987047,0.99877775,0.99881727,0.9994401,0.99877226
WDR55,1.0058129,1.0043671,1.0037396,1.0060698,1.0055125,1.0057395,1.0028651,1.0058615
EXOSC1,0.99968886,0.9998633,0.9998225,0.9996172,0.9997924,0.9997861,0.9999412,0.99920464
HPGD,0.99829805,0.99859107,0.9991603,0.9986243,0.9985213,0.99852055,0.9993269,0.99914294
HOXD8,0.99678284,0.9975583,0.9980508,0.99672127,0.99695194,0.9969539,0.9985186,0.99700844
PSMB9,0.9972551,0.9980428,0.9981055,0.99680865,0.99722826,0.9971069,0.99853873,0.99642503
GPANK1,0.9995188,0.99978507,0.9998512,0.9994931,0.9997877,0.9996569,1.0000029,1.0004461
FAM118B,0.99833447,0.9987998,0.99957716,0.9990327,0.9989455,0.9993564,0.9999066,0.9996921
TSPAN12,1.0055447,1.0043172,1.0028988,1.0048692,1.0049051,1.004338,1.0021251,1.0043367
SAP30BP,0.999859,0.99994457,1.0003309,1.0003237,1.0000885,1.000335,1.0003425,1.0008284
POTEF,0.9983535,0.9987261,0.99903274,0.9983295,0.99842227,0.99853706,0.99929416,0.9985993
NCR1,0.9975627,0.99814856,0.998607,0.99760187,0.99775386,0.9978553,0.9989809,0.99789214
TBX18,1.0043187,1.0032527,1.0028584,1.0045471,1.0041121,1.0044469,1.0022405,1.0042094
SEC24B,1.0013163,1.0009775,1.0008287,1.0012636,1.0012221,1.0011613,1.0005846,1.0009408
POLR2E,0.9967568,0.99750876,0.9983127,0.997067,0.99703777,0.997206,0.9987359,0.9976391
TXNL1,0.9966773,0.9974959,0.998052,0.9967568,0.99699026,0.9969228,0.99854386,0.9970725
TSNAX,0.999701,0.9997333,0.9996861,0.99950826,0.9996072,0.9996481,0.9997462,0.9992899
RANGRF,0.9985415,0.9989328,0.9994877,0.9989867,0.9988941,0.99891645,0.9996631,0.9992304
CDH22,1.0012753,1.0010124,1.0011158,1.0017562,1.00144,1.0014311,1.0008823,1.0018121
LENG1,1.0004461,1.0003774,1.0005226,1.0008038,1.0007491,1.0008155,1.0005305,1.0009604
PROC,0.9970125,0.9977451,0.99816173,0.99690163,0.9971461,0.99711245,0.99859476,0.9971896
PSPN,0.9968667,0.99763626,0.99809134,0.99679947,0.99706507,0.9970877,0.99858284,0.99712217
APLF,0.99912155,0.999372,0.99977267,0.9994152,0.9994267,0.9992924,0.9998315,1.000159
ABCG2,0.99574244,0.99674857,0.997146,0.99525934,0.99560165,0.99563825,0.99775,0.99527884
PUM2,0.9937652,0.99525046,0.99635434,0.9938625,0.9941431,0.99439466,0.9972613,0.99437773
ZNF382,1.0012847,1.0009463,1.0012665,1.0018792,1.0013859,1.00196,1.0010924,1.0021739
PRSS37,0.9967072,0.99750435,0.9980099,0.9966529,0.996889,0.9968914,0.9984898,0.9969293
FBXO4,1.0040779,1.0031147,1.0027927,1.0044681,1.0040905,1.0042151,1.0021691,1.0038197
AKR1C1,1.0002555,1.0001531,1.0004445,1.0005761,1.0004866,1.0006611,1.000383,1.0006423
TPP1,0.99913883,0.9993938,0.9993501,0.9989194,0.99909097,0.99900305,0.99952996,0.999333
MAP9,0.99598426,0.9970307,0.99759173,0.9958755,0.99616104,0.9960823,0.99815595,0.99659956
DNALI1,1.0061182,1.0046872,1.0033892,1.0055707,1.0053431,1.0048648,1.002426,1.0053794
CTSL,1.0026851,1.0021033,1.0015713,1.0024338,1.002217,1.0023096,1.0011598,1.0027219
ZPBP2,0.99678576,0.9975559,0.99805486,0.9967308,0.9969542,0.9969542,0.9985185,0.99701166
PALMD,0.99135506,0.9933497,0.9944587,0.9909371,0.9913652,0.99155754,0.995703,0.9914181
CD1B,0.9971359,0.9978353,0.99824476,0.9970423,0.9972671,0.9972517,0.9986621,0.9972693
CTBP1,0.9956814,0.99675745,0.9972967,0.9955685,0.9959631,0.995814,0.9979374,0.9955406
CFAP43,0.9995208,0.9997215,0.99955505,0.9992415,0.9995438,0.9993756,0.99977237,1.0003589
ISG20L2,0.9963572,0.9971365,0.99811137,0.99676156,0.996869,0.9971589,0.99869406,0.99768746
RIMS3,0.9988132,0.9991852,0.9992168,0.99862146,0.99877805,0.9987289,0.99940217,0.99844366
ZNF878,1.0005741,1.00049,0.99996126,0.9999813,1.0003256,0.99987364,0.9998789,0.99974847
CCR9,0.99678814,0.9975625,0.998039,0.9967125,0.9969511,0.99694717,0.99850786,0.99692607
ZNF430,0.9988187,0.9991058,0.9996308,0.99937403,0.9992672,0.99928576,0.9997976,0.99945676
MORN3,0.99956477,0.999666,0.9995456,0.9992303,0.9993762,0.9993396,0.99962765,0.9994061
ZNF25,0.99911535,0.9993173,0.99949443,0.9990747,0.99917847,0.9990299,0.99956626,0.99954146
TMEM192,1.0026836,1.0020225,1.0016013,1.0024817,1.0023792,1.0024998,1.001214,1.0026854
EGR1,0.9952933,0.9965004,0.99733233,0.99543244,0.9955729,0.99568397,0.99800944,0.99605
GIN1,1.0022885,1.0017138,1.0015142,1.0024039,1.0022912,1.0020847,1.0011122,1.0024662
CNBD1,0.9972913,0.99794924,0.99838763,0.99727786,0.99747014,0.99750566,0.9987955,0.9974173
KLK5,0.9984138,0.9987812,0.9990902,0.99846447,0.9985285,0.99848807,0.999289,0.9984381
CBX7,1.0002378,1.000079,1.0001936,1.0002148,1.0000854,1.0001479,1.0000999,1.0007393
CCT5,0.9995549,0.99966216,0.99973583,0.9995193,0.9994749,0.99951947,0.99975896,0.9992229
GPR63,1.0051024,1.0040746,1.0027335,1.0044649,1.0045414,1.0040596,1.0020366,1.0043983
WDR31,1.0017841,1.0012798,1.0010698,1.0017109,1.0016106,1.0016594,1.0008119,1.0017802
GPR135,0.9993177,0.99946153,0.999444,0.9990455,0.9992232,0.9991563,0.9995456,0.99918497
ZNF692,1.0067713,1.0051627,1.0041664,1.0067234,1.0063021,1.0062454,1.003109,1.005931
PPEF1,0.99949074,0.99961627,0.9998919,0.9997754,0.9997264,0.99976003,0.9999331,0.9993162
TSPYL1,0.9996957,0.9997702,0.9999542,0.9998723,0.99983084,0.9998919,0.9999887,0.99985397
KIR3DL1,0.99674165,0.99753034,0.9980261,0.99668217,0.99691755,0.996915,0.99849993,0.9969486
PSMD4,1.0006607,1.0004878,1.0004828,1.0007169,1.0006125,1.0006235,1.00034,1.0006157
UBQLNL,0.99944293,0.9995806,0.9996015,0.99930024,0.99940777,0.9992865,0.99966764,0.99937314
BHMT2,0.99925315,0.9994445,0.99948376,0.9991226,0.9992184,0.9991175,0.99957097,0.99901235
ADRB2,0.9939606,0.9955544,0.9963433,0.993853,0.9944203,0.99439096,0.99728286,0.99401486
AQP7,0.9967486,0.99753284,0.9980187,0.9966763,0.9969168,0.99691707,0.9984941,0.99689794
ZNF514,1.0043216,1.0032346,1.0024761,1.004,1.0034839,1.0035017,1.0016928,1.0033828
FGF5,1.000382,1.0002064,1.0005457,1.0007529,1.000515,1.0006258,1.000436,1.0012288
YIPF3,0.99720895,0.99786896,0.99860394,0.9975577,0.99764246,0.9977381,0.9990225,0.99850583
RNF181,1.0014503,1.0011163,1.0006933,1.0011053,1.0011506,1.0010333,1.0004637,1.0010978
LDHAL6A,0.998674,0.99897945,0.9990788,0.9984561,0.998641,0.9983959,0.99923635,0.99923533
RANBP9,1.0033076,1.0025258,1.0022173,1.0034515,1.0031023,1.0033954,1.0017129,1.0030572
ZNF587B,1.0038443,1.0028375,1.0021132,1.0034323,1.0032351,1.0032537,1.0015005,1.0029889
ZNF550,1.002885,1.0021449,1.0019569,1.0030831,1.002762,1.0028938,1.0014849,1.0025257
VSNL1,1.0044727,1.0034328,1.0031903,1.0050642,1.004774,1.004926,1.0025704,1.0046647
SRSF12,0.9961989,0.9970554,0.99825364,0.99695987,0.9969034,0.99721,0.99879074,0.99746966
MRPL15,1.0028315,1.0021824,1.0017176,1.0027198,1.0025405,1.0025573,1.0012953,1.0027312
MOGAT2,0.9967072,0.99750435,0.9980099,0.9966529,0.996889,0.9968914,0.9984898,0.9969293
RASSF4,0.99802434,0.99862313,0.99922925,0.9985584,0.99858844,0.9986732,0.99950624,0.99784553
ACP7,0.9971322,0.9978197,0.9981531,0.9969235,0.9971668,0.997126,0.99856156,0.99706936
ZBTB32,0.99673396,0.99752086,0.9980248,0.9966804,0.9969082,0.99689806,0.99849415,0.9969568
NTF4,0.9967072,0.99750435,0.9980099,0.9966529,0.996889,0.9968914,0.9984898,0.9969293
CCDC189,1.0020857,1.0015595,1.0011758,1.0018312,1.0017107,1.001799,1.0008793,1.0022256
SLC35B1,0.9982092,0.9987043,0.9990552,0.99838877,0.9986459,0.9985622,0.99936545,0.99844897
TPRG1L,1.000864,1.0006859,1.0008397,1.0012674,1.0009484,1.0010557,1.0006814,1.0014025
BRMS1,0.9981295,0.9986558,0.99905473,0.9983995,0.9984969,0.99836975,0.99931955,0.99808055
ZC2HC1A,0.99249244,0.9943377,0.995399,0.9923291,0.9928671,0.9928398,0.9964601,0.9928167
TRMO,1.0033283,1.0025986,1.0024685,1.0038279,1.0036674,1.0036438,1.0020084,1.0043035
KCNK5,0.9979296,0.9984071,0.9988347,0.99804306,0.9981405,0.99812233,0.99910796,0.99813175
MPZ,1.0033712,1.0025413,1.0015947,1.0026875,1.0027493,1.0025958,1.001124,1.0022308
TMX2,0.99927795,0.9994749,0.9996687,0.9993702,0.9994291,0.9994748,0.9998232,1.0001397
R3HCC1,0.9983367,0.9987061,0.9994813,0.999007,0.99881846,0.99905336,0.9997045,0.99934155
SLC35D1,1.0049139,1.0037625,1.0032065,1.0049987,1.0044484,1.0047607,1.0024599,1.0051428
LRRC15,0.9987714,0.9990482,0.99952126,0.9990754,0.99902725,0.99919,0.9996921,0.9993578
VSIG8,0.9980834,0.998518,0.9988195,0.9979983,0.9981252,0.9981412,0.99908376,0.9982415
CLU,0.99620545,0.9970093,0.9976726,0.9962027,0.9962323,0.9962639,0.998217,0.9978721
PLPP6,1.0028498,1.0020899,1.0020378,1.0032353,1.0029297,1.0033426,1.0016899,1.0030925
ZNF154,1.000916,1.0007412,1.0006481,1.0010322,1.0010359,1.0010386,1.0005925,1.0011793
NOVA2,1.0061188,1.0045705,1.0032543,1.0054451,1.0052688,1.0050749,1.0023202,1.0042362
TSR3,1.0048968,1.0037004,1.0028905,1.0047386,1.0043905,1.0044485,1.0021596,1.0037807
HOXD11,0.9967072,0.99750435,0.9980099,0.9966529,0.996889,0.9968914,0.9984898,0.9969293
C6orf136,0.9988353,0.9991929,0.99946046,0.9989687,0.99917305,0.99931294,0.99975014,0.9992308
EFNA2,1.0090127,1.0068206,1.0052608,1.0086448,1.0081372,1.0079688,1.003881,1.0083534
PTRH1,0.9991355,0.9993962,0.99982655,0.99950254,0.9994174,0.99963224,0.9999616,0.99979836
THUMPD1,0.99941003,0.9995198,0.9995276,0.9991732,0.99929225,0.9991808,0.9995609,0.9993234
CENPO,1.0037417,1.0028698,1.0019169,1.0032107,1.0031083,1.0026027,1.0012836,1.0028143
RBM34,1.0008452,1.0006479,1.0007827,1.0011511,1.0010201,1.0011898,1.0006669,1.0011148
CACUL1,0.9996542,0.9996971,1.0000598,0.9999637,0.9998523,1.0001104,1.0001328,1.0004067
PSMA2,0.9986119,0.9989152,0.99923193,0.9986305,0.99862885,0.99871916,0.9993905,0.99894583
ASB1,1.0017343,1.0014287,1.0010861,1.0017333,1.0017536,1.0015821,1.0008752,1.0014639
ERMAP,1.0033283,1.0024972,1.0021985,1.0034986,1.0031484,1.0033975,1.0016923,1.0029402
LIF,0.99752164,0.998086,0.99855006,0.9975447,0.9975924,0.9976194,0.99887085,0.99784946
ALG14,1.0036143,1.0028001,1.0024146,1.0039006,1.0035688,1.003588,1.0019192,1.0043538
SLC35E3,1.0015067,1.0011305,1.000901,1.0014894,1.0015258,1.001532,1.0007595,1.0015512
NUSAP1,0.99615216,0.99711084,0.99770695,0.99619985,0.99634826,0.9963011,0.9982872,0.99704814
SNRNP27,0.9983479,0.99873966,0.99906313,0.998356,0.99842423,0.99847907,0.99926853,0.99824715
DPH5,0.99889237,0.9991213,0.9997444,0.9994987,0.99915516,0.9994935,0.9998759,0.999017
RNH1,0.9974148,0.99811184,0.9987564,0.9977344,0.9978243,0.997961,0.99916863,0.9985167
ZNF701,1.0056005,1.0042762,1.0034814,1.0055664,1.0052274,1.0050521,1.002593,1.0056224
FAM83A,1.0021119,1.0015814,1.0012963,1.0020375,1.0018907,1.0020304,1.0009955,1.0020409
RERGL,1.0040171,1.0030859,1.0022564,1.0036212,1.0035387,1.0034611,1.0017128,1.0040357
TMEM25,0.9986081,0.99895537,0.9995892,0.9991627,0.9991363,0.9993911,0.99986565,0.9998193
COPG2,1.002202,1.0017529,1.0016487,1.0025353,1.0024256,1.002729,1.0014644,1.0029767
KAZALD1,0.9972092,0.99787927,0.9982794,0.9971156,0.99732244,0.99731827,0.9986817,0.99723935
MRPS31,0.9979863,0.99845487,0.99898183,0.9982223,0.99834955,0.99852484,0.9992821,0.99771947
PPTC7,1.0066929,1.0051526,1.0041164,1.0066552,1.0064361,1.0064231,1.0031993,1.0061811
HEMK1,1.0040015,1.003044,1.0024674,1.0040134,1.0037656,1.0038521,1.0019327,1.0038596
DIRAS2,1.0026954,1.0021276,1.0020888,1.0032188,1.0030923,1.0033919,1.0018189,1.0033871
SAMD7,0.9965372,0.9973885,0.99782884,0.99637806,0.996685,0.99662256,0.9983438,0.9966403
TOR3A,1.002001,1.0015916,1.001778,1.0026028,1.0022304,1.0023453,1.0014322,1.0033159
E2F5,1.0037339,1.0028188,1.0021026,1.0034844,1.0032518,1.0029155,1.0015308,1.0044696
MRPL3,0.99631315,0.9972061,0.9983244,0.99703753,0.9969431,0.9973664,0.99886394,0.99715203
YWHAB,0.99067587,0.9929645,0.9941009,0.9902954,0.99105203,0.9908908,0.99543506,0.9903826
C3AR1,0.99220955,0.9941684,0.9952787,0.99206895,0.99276435,0.9926849,0.9964293,0.99272245
CTDP1,1.0074279,1.0055473,1.0044664,1.0072714,1.006799,1.00704,1.0033683,1.0065293
GPR18,0.9974847,0.9980309,0.9984503,0.9974378,0.9975784,0.9975382,0.99879175,0.9977977
TIMP4,0.995497,0.9965582,0.9978976,0.9963555,0.99624026,0.9966077,0.9986145,0.9982574
TRIM52,1.0022118,1.0016406,1.0012336,1.0020182,1.0018262,1.0016998,1.000849,1.0021148
EFS,0.99758494,0.99816847,0.9983606,0.9972871,0.9975915,0.997479,0.99876755,0.99791527
STC2,0.99695075,0.9978046,0.99808586,0.9966812,0.9970646,0.9973097,0.9987048,0.99759865
TUBG1,1.0016712,1.0013322,1.0012314,1.0019002,1.0017475,1.0017707,1.000983,1.0017135
MAPRE1,0.9970206,0.9978621,0.99824744,0.99703383,0.99727297,0.997096,0.9986609,0.9970733
ZFP3,1.0005513,1.0004947,1.0004934,1.0006825,1.0005543,1.0008698,1.0004869,1.0003158
SOD3,0.9965898,0.99740237,0.9979676,0.996598,0.9967979,0.9968566,0.9984722,0.9968581
C3orf30,0.9967072,0.99750435,0.9980099,0.9966529,0.996889,0.9968914,0.9984898,0.9969293
MAFK,1.0079496,1.0059803,1.0046909,1.0076759,1.007236,1.0071752,1.0034941,1.007285
GPR174,0.9967072,0.99750435,0.9980099,0.9966529,0.996889,0.9968914,0.9984898,0.9969293
DHRS4L2,0.99866366,0.9990465,0.99937403,0.998922,0.9990409,0.99883103,0.9995464,0.9986175
C1QTNF7,0.99886906,0.99916565,0.9993398,0.99882424,0.9989505,0.9989594,0.9995074,0.99881047
YWHAE,0.99810547,0.9985765,0.9987184,0.9978171,0.99798596,0.9979814,0.9989656,0.9978104
ZNF3,1.0004473,1.0003035,1.0002962,1.0004587,1.0003705,1.0003866,1.0002117,1.0004898
NFE2,1.0014648,1.0010834,1.0010462,1.0015907,1.0013082,1.0015649,1.000791,1.0010859
EPYC,0.9970819,0.99782246,0.9981861,0.9969412,0.99719024,0.99711585,0.9985994,0.9971614
DIO2,0.9923722,0.99436045,0.99531764,0.99237704,0.9928543,0.99267626,0.99641526,0.9916562
SLBP,0.99997616,1.0000422,1.0002266,1.0001898,1.000102,1.0002153,1.0002365,1.0003035
UHMK1,1.0001674,1.0001407,1.0002235,1.0002973,1.0001814,1.000267,1.0001949,1.0003617
GPR151,0.9967072,0.99750435,0.9980099,0.9966529,0.996889,0.9968914,0.9984898,0.9969293
SCCPDH,0.9994662,0.9996161,0.999657,0.9993359,0.9993647,0.9991328,0.9996676,0.99991727
KHDRBS3,0.9980697,0.9987277,0.99872106,0.9979322,0.99826825,0.99797183,0.99903816,0.997238
THTPA,0.998885,0.9991387,0.99939144,0.9989337,0.9989971,0.9990704,0.9995818,0.9991915
PLPP5,0.99868274,0.99897945,0.9994507,0.9988992,0.99889636,0.999194,0.99968004,0.99970466
C14orf93,1.0004847,1.0004128,1.0005907,1.0008492,1.0007137,1.0007882,1.0005347,1.000937
CBLN1,0.9996102,0.99965566,0.9995892,0.99942875,0.9994581,0.9993056,0.9996105,0.99882257
FN3KRP,0.9988539,0.9993458,0.9992289,0.99868166,0.99911404,0.99884546,0.99952096,0.9989042
PODXL2,0.9984205,0.99887085,0.9990699,0.99841964,0.99853456,0.99850285,0.99933016,0.99856627
TOMM40,0.9981543,0.9986815,0.9991019,0.99844,0.9985876,0.99853766,0.999431,0.9985405
TIGD5,1.0029907,1.002274,1.0019116,1.0029867,1.0028031,1.0028343,1.0014696,1.0034583
SLC35A1,1.0003729,1.0003202,1.000421,1.000617,1.0005964,1.0006411,1.0004041,1.0007019
C2CD4C,1.0004091,1.0002443,1.0000868,1.0001745,1.000041,1.0000763,0.99997926,0.9999205
SSTR1,1.0008636,1.000734,1.0006387,1.0009953,1.0007571,1.0008223,1.0004435,0.99961746
AKAP7,0.9989359,0.9992454,0.9991263,0.99861896,0.99858546,0.9985243,0.9992515,0.9983306
UPP2,0.9978112,0.9983363,0.998539,0.99758387,0.9978063,0.99770904,0.9988532,0.9976232
ATP6V1E2,0.9994955,0.9996232,0.999671,0.9993875,0.99949133,0.99943954,0.9997449,0.99966586
POLR2M,1.0058441,1.0044847,1.0033352,1.0054758,1.0052146,1.0050498,1.0024757,1.0052245
CCM2,0.9970298,0.99766976,0.9981953,0.99710655,0.9971616,0.9970436,0.9985646,0.9969952
SBK2,0.9967072,0.99750435,0.9980099,0.9966529,0.996889,0.9968914,0.9984898,0.9969293
WBP1,1.0094211,1.007177,1.0053318,1.0089184,1.0086818,1.0084395,1.0040096,1.0075972
NUCB2,0.99703336,0.99785316,0.99818647,0.9969351,0.997381,0.99714637,0.99865365,0.997208
PHETA1,1.0046751,1.0035212,1.002745,1.0044553,1.0042207,1.00424,1.0020888,1.004769
EXOSC3,0.99913526,0.9994097,0.9998231,0.9994771,0.9994942,0.9995857,0.99998194,1.0003171
ZNF860,1.0033662,1.0024849,1.0024543,1.0038573,1.0034757,1.0038106,1.0019801,1.0039436
CCDC183,0.9996427,0.99973094,0.9998784,0.9996494,0.9997213,0.9997738,0.99994177,1.0000958
LINS1,1.0074086,1.0055825,1.0047965,1.0078056,1.007153,1.0076839,1.003746,1.006071
XRCC4,0.999488,0.9997617,0.999856,0.99967694,0.9996789,0.99933034,0.9998789,0.9998784
HABP4,1.0054742,1.0041556,1.0029912,1.0048648,1.00472,1.0044665,1.0021055,1.0039526
STYX,1.0021317,1.0016009,1.0011995,1.0019394,1.001715,1.0017464,1.0008551,1.0016645
SPPL2A,1.0025167,1.0020298,1.001446,1.0023695,1.002382,1.0022538,1.0011506,1.0019473
DIMT1,1.0013645,1.0009797,1.0008894,1.0013834,1.0010709,1.0010732,1.0006022,1.0019428
BCDIN3D,1.0019181,1.0014801,1.0010403,1.0017042,1.0015093,1.0014572,1.0007017,1.0011102
FAM53B,0.99933004,0.999408,0.9993806,0.9990114,0.9991861,0.999033,0.9994545,0.9985524
ERGIC2,1.0015085,1.0011883,1.0007513,1.0012102,1.0011784,1.0012007,1.0005352,1.0005078
F2R,0.9969018,0.99762857,0.998381,0.99723315,0.997283,0.9973794,0.9988142,0.9977687
GLOD4,0.9996831,0.9997597,0.9997753,0.9996213,0.99956137,0.99960524,0.99979746,0.9993201
PTP4A3,0.99730664,0.99794614,0.998669,0.9978134,0.99782217,0.99793065,0.99909735,0.9979397
AMY2B,1.0008476,1.0007665,1.0003796,1.0005773,1.0007354,1.0006394,1.0003346,1.0004058
WDR74,1.000141,1.0001814,1.0003524,1.000446,1.000309,1.0006595,1.0004166,1.0004171
JAM2,0.9972948,0.99804956,0.99840903,0.99734616,0.99737304,0.9972591,0.99879104,0.9978279
FLRT1,1.0034666,1.0026538,1.0022855,1.0036911,1.0033528,1.0036385,1.0018466,1.0036724
PRAME,0.9972788,0.99793905,0.9983948,0.99728346,0.9974636,0.99748886,0.9987965,0.9974761
MEAF6,0.99565506,0.9966793,0.9974611,0.9957246,0.995852,0.99599504,0.9980397,0.99573123
MED24,0.9968567,0.9977002,0.9982414,0.99709344,0.99719536,0.99687964,0.99864334,0.9973172
CYP2C18,0.9986638,0.99894196,0.99906933,0.99845976,0.9985769,0.99847823,0.9992427,0.9988538
HOXA7,0.9982196,0.99868053,0.99891317,0.99815494,0.9983677,0.99840903,0.999208,0.9979372
NSUN3,1.0078027,1.0060099,1.0048854,1.007829,1.0073125,1.0076276,1.0037677,1.0065656
WASHC4,0.99878514,0.99910915,0.9989859,0.9983138,0.99855375,0.99849313,0.99923635,0.9992041
C7,1.0028107,1.0021012,1.0016115,1.0025903,1.0024302,1.0024664,1.0011773,1.0022458
STX2,0.9975035,0.99804443,0.9987666,0.9979774,0.99786484,0.9979027,0.9991032,0.9985178
YWHAH,0.9882767,0.9911052,0.9927085,0.98802876,0.9888906,0.988799,0.9944198,0.98850405
PELO,1.0006522,1.0005612,1.0002373,1.0003525,1.0004323,1.0006487,1.0002317,0.9995196
ZNF587,1.0020384,1.0015526,1.0012845,1.0020336,1.00192,1.0016737,1.000921,1.0026016
RSPO4,0.9967598,0.99753314,0.99805844,0.99674404,0.99696326,0.99695367,0.9985244,0.9969767
DHRS4,1.0005591,1.000562,0.9999768,0.99994147,1.0001135,0.99974215,0.9998752,0.9998849
RP11-159G9.5,0.9967072,0.99750435,0.9980099,0.9966529,0.996889,0.9968914,0.9984898,0.9969293
MARCH11,0.9967072,0.99750435,0.9980099,0.9966529,0.996889,0.9968914,0.9984898,0.9969293
ERI3,0.9987297,0.9991333,0.99922895,0.99871165,0.99891126,0.9986775,0.9994091,0.9984089
IBSP,0.9967072,0.99750435,0.9980099,0.9966529,0.996889,0.9968914,0.9984898,0.9969293
ZNF100,1.00194,1.0015606,1.0010836,1.0017873,1.001692,1.0014138,1.0007498,1.001276
C3orf38,1.0014504,1.0011648,1.0009876,1.0015147,1.0013448,1.0009944,1.0006906,1.0024875
FAM71B,0.9967072,0.99750435,0.9980099,0.9966529,0.996889,0.9968914,0.9984898,0.9969293
TRMT9B,0.99747396,0.9980209,0.9984337,0.9973255,0.99742484,0.997828,0.99889547,0.9979362
TSPYL4,0.9875516,0.99050754,0.9922426,0.98725617,0.9880126,0.9880192,0.9939991,0.98734355
PRSS55,0.99940217,0.99946976,0.9997831,0.999501,0.9993075,0.9995971,0.999842,0.9999789
CNN3,0.9977609,0.99828494,0.99856436,0.9976055,0.99763715,0.9976311,0.9988433,0.9980715
ZC3H10,1.0020034,1.0016174,1.0011901,1.0018953,1.0018859,1.0018654,1.0009456,1.0013552
KISS1R,0.99815947,0.9986242,0.99892205,0.9981127,0.99828154,0.9982939,0.9992062,0.9984776
ZC3H15,0.9943615,0.9957632,0.99658525,0.9943108,0.99471414,0.9946796,0.99739945,0.9946393
TBC1D20,1.000835,1.0006957,1.0003703,1.0005563,1.0003502,1.0002313,1.0001618,1.0004611
DRAXIN,1.0022049,1.0014918,1.0017098,1.0026699,1.0020883,1.0026127,1.0013294,1.0033071
DUSP9,1.0024141,1.0018182,1.0013463,1.002207,1.0021013,1.0019962,1.000977,1.002082
RNF26,0.99970084,0.99991125,0.9998055,0.9995843,0.9997792,0.99969995,0.9999306,0.999509
CFAP157,0.99649215,0.99732375,0.99792516,0.9965353,0.99680126,0.9968277,0.99849796,0.99739814
OLIG3,0.9995177,0.9996033,0.9996588,0.99938595,0.99943835,0.99943006,0.99971163,0.999413
DIRAS1,0.9957106,0.996729,0.9974171,0.9957435,0.9959948,0.99590075,0.9980694,0.99668825
AVPR2,0.9967072,0.99750435,0.9980099,0.9966529,0.996889,0.9968914,0.9984898,0.9969293
ZNF419,0.9977187,0.9983872,0.99923253,0.99850726,0.9985224,0.99878657,0.99963486,0.99862444
ZNF320,1.0013267,1.0010859,1.0007932,1.0011704,1.0012798,1.0011864,1.0006459,1.0015502
LHFPL5,1.0013022,1.0009906,1.0008246,1.0012228,1.0011797,1.0012128,1.0006263,1.0014977
ATP1B4,0.9996187,0.99970496,0.999834,0.9996487,0.9996706,0.9996498,0.9998892,1.0000472
VPS28,0.9996319,0.9996989,0.99974906,0.9995035,0.9994503,0.999461,0.99973845,0.9995951
CTHRC1,1.000457,1.0005047,1.000182,1.0003009,1.0003383,1.0002751,1.0001938,1.000186
CASP9,1.0031021,1.0023069,1.0018533,1.0029181,1.0025276,1.0026369,1.0013285,1.0030192
BNIPL,0.9984056,0.9988505,0.99909014,0.9984565,0.9985893,0.99860084,0.9993863,0.9989541
GAPDH,0.99358416,0.9950775,0.99590486,0.9932337,0.9936224,0.99373347,0.9967973,0.993356
GRAMD2A,0.997391,0.9979643,0.9987749,0.9978696,0.9977857,0.9980165,0.99914443,0.99840003
DCAF4L2,0.99974716,0.99981046,0.99995697,0.9998862,0.9997791,0.9997755,0.99994874,0.9997811
UFC1,1.0003692,1.0003057,1.000391,1.00055,1.0004249,1.0004041,1.0002955,1.0005611
HRH2,1.0038767,1.0029498,1.0023799,1.0037796,1.003536,1.0036279,1.0017943,1.0037003
ANKRD40,0.99889123,0.9992249,0.99958205,0.999223,0.9993638,0.9992425,0.9997917,0.9996463
B9D2,0.9998503,0.9999509,0.99992704,0.9998411,1.0000268,1.0000594,1.0000552,0.99958694
FBXO6,1.0012093,1.00099,1.0010875,1.001586,1.0013427,1.0015588,1.0009216,1.0017807
PURB,1.0003437,1.0002009,1.0000257,1.0000408,0.9998969,1.0000783,0.9999724,0.9999927
STK26,1.0027404,1.0021528,1.001689,1.0026792,1.0025536,1.002511,1.00124,1.0015419
MED8,1.0004439,1.0004364,1.0002362,1.0003368,1.0003679,1.0002209,1.000155,0.99970716
ZNF404,1.0012708,1.0009198,1.000798,1.001338,1.0010297,1.0011175,1.0006087,1.0015023
GPATCH4,1.0016544,1.0014249,1.0010715,1.0016692,1.0016633,1.001393,1.0007992,1.0010233
ZNF285,1.0044339,1.0032821,1.0030787,1.0048633,1.0043805,1.0047637,1.0024241,1.004678
TSPAN7,0.9927909,0.9945133,0.9956899,0.9928216,0.99321926,0.9932414,0.99670726,0.99356836
P2RX1,0.9987808,0.99909425,0.99918556,0.9986044,0.99871725,0.9987006,0.9993584,0.9984434
MMD2,0.9897032,0.9922855,0.9939357,0.9899868,0.99066234,0.99072015,0.9955752,0.9909184
EPHB2,1.0030439,1.0023091,1.0014558,1.0024693,1.002473,1.0024993,1.0010737,1.0018182
OC90,0.9968288,0.9975929,0.9980551,0.9967442,0.9969826,0.99696946,0.9985165,0.99694306
ELOVL1,0.99790865,0.99845386,0.998925,0.9981798,0.9982924,0.9982712,0.9992411,0.9979199
BPI,0.99671334,0.99751043,0.9980013,0.99664843,0.99688625,0.9969024,0.99848497,0.9968062
FRZB,1.0020324,1.0016603,1.0012568,1.002036,1.0019468,1.0020065,1.000999,1.0008128
RSPH1,0.9936906,0.9951786,0.9960638,0.99342716,0.99402887,0.9939295,0.9971269,0.9961086
NTM,0.986768,0.9900905,0.9920653,0.98685694,0.9877677,0.98776805,0.99405456,0.9878833
STX5,0.99837863,0.99870944,0.99927866,0.9987265,0.99873734,0.9990301,0.9995911,0.99897754
ZNF566,1.0019084,1.0014573,1.0009834,1.0015895,1.0015785,1.0013603,1.000659,1.0015707
CCNY,0.99480844,0.99609333,0.99678564,0.9946819,0.995104,0.99501705,0.9975667,0.99502295
FFAR4,1.0017821,1.0013812,1.0010277,1.001588,1.0014758,1.0013795,1.0007195,1.0018343
ST3GAL1,0.9993675,0.99954605,0.99959195,0.9993223,0.9994072,0.99923015,0.9996262,0.9986462
RETREG1,0.9966574,0.9975009,0.9978109,0.9962815,0.9966045,0.9967258,0.9983865,0.99724615
RPA2,1.0007924,1.0006372,1.0003946,1.0006634,1.0006471,1.0004861,1.0002728,1.00086
SYT8,0.99726546,0.9979218,0.99823725,0.99705285,0.9972415,0.9971811,0.998587,0.9970859
P2RX4,0.9980937,0.9985496,0.9986859,0.9978109,0.9980712,0.9979998,0.9989864,0.9980297
EIF4H,0.99841595,0.99878514,0.99902874,0.99838907,0.99840605,0.9984908,0.9992361,0.9980145
TOR1A,1.0002787,1.0002654,1.0004593,1.0006305,1.0005752,1.0007272,1.0004612,1.0005668
CENPP,1.0011474,1.0009384,1.0007858,1.0012395,1.001232,1.0011961,1.0006497,1.0003716
ORC5,1.0000832,0.9999894,1.0000069,0.99994326,1.0000186,1.0000819,1.0000634,1.001077
MEIOB,0.9996238,0.99975574,0.9998487,0.9996323,0.99967504,0.9997372,0.99991673,0.99980736
CCR10,1.0032327,1.0024428,1.0018096,1.002872,1.0027647,1.0027145,1.0013226,1.0032653
FBXL18,0.9994926,0.99967355,0.99915564,0.9986582,0.99889433,0.9983845,0.99917495,0.9992144
OTUD6B,1.0023977,1.0019653,1.0013778,1.0023347,1.0023907,1.002039,1.0010688,1.0017529
SDHC,1.0006852,1.0005224,1.0002884,1.0003992,1.0004197,1.0003858,1.0001711,1.0004778
PSKH2,0.9969254,0.99766386,0.99813175,0.9968598,0.9970732,0.9970467,0.99856544,0.9971044
VASH1,0.9945076,0.9958072,0.9967708,0.9947127,0.9949728,0.9948971,0.997545,0.99495053
ARL2,0.99691117,0.9976477,0.9982628,0.9970151,0.99715894,0.99712086,0.99868166,0.9974489
SPG21,0.9985719,0.99883616,0.99907,0.99844986,0.99852073,0.99855185,0.99924767,0.99856484
GPR75,1.0002549,1.0002079,1.0001807,1.0001909,1.000217,1.0001299,1.00011,1.0002062
RPS4X,0.9974593,0.9980546,0.9983818,0.997277,0.99743474,0.9974742,0.9987122,0.9973763
ZNF286B,0.99122673,0.9934021,0.99449956,0.991071,0.9918115,0.9915425,0.99579966,0.99068916
FAM69B,0.9967072,0.99750435,0.9980099,0.9966529,0.996889,0.9968914,0.9984898,0.9969293
WDR18,0.9970405,0.997762,0.9983547,0.99718475,0.99729705,0.99756426,0.99883974,0.9970789
HEPACAM2,1.0049617,1.0037024,1.0031002,1.0048679,1.0046395,1.0047829,1.0023488,1.0043647
KDELR2,0.9954957,0.9966092,0.99758685,0.9959189,0.99603593,0.996037,0.9982096,0.9965532
RPRD1A,0.99843085,0.9988532,0.99904954,0.99842596,0.99847853,0.9983948,0.99925673,0.9983773
EGFL7,0.999028,0.9992587,0.9992125,0.9987122,0.99879384,0.9986757,0.99928206,0.99797934
ALKBH6,1.0030607,1.0024102,1.0022585,1.0034884,1.0033686,1.0032964,1.0018334,1.0042323
PSAPL1,0.9999577,0.99994886,1.0000358,0.9999443,0.99993896,0.9999632,1.0000056,1.0000346
CLDN15,0.9998747,0.9999629,1.0001488,1.0002363,1.0000854,1.0000927,1.0001523,0.99963176
TMEM106C,0.9992261,0.9994375,0.9997989,0.9994463,0.99924713,0.99967575,0.99995327,1.0001993
TMBIM1,0.99664444,0.99745035,0.99800813,0.99668264,0.9968264,0.99684393,0.9984406,0.99622893
ELMOD1,0.9981847,0.99863327,0.99870265,0.99787176,0.99820554,0.997986,0.9989861,0.9982519
TSPAN13,0.9939836,0.99545646,0.9963169,0.99384403,0.9943308,0.99432296,0.9971668,0.9937743
C1QL1,1.0017039,1.0014688,1.001416,1.0021927,1.0019513,1.002106,1.0012226,1.0013425
AKR1D1,0.9983208,0.99868554,0.9989178,0.99824035,0.9983343,0.99827784,0.9991541,0.99835527
SERPINB9,0.99929667,0.9994079,0.99974096,0.99945426,0.9992323,0.9993861,0.9997716,1.0000055
TRIM64C,0.99706066,0.99777436,0.9982128,0.9969865,0.9972036,0.9972018,0.99864066,0.997252
LPAR1,0.9956564,0.9968013,0.9973953,0.9956702,0.99617267,0.9959789,0.99813133,0.99651754
GALM,1.0016724,1.0012566,1.0009968,1.0014346,1.0012217,1.0014117,1.0007532,1.0025727
PLEKHA3,1.0040077,1.0030468,1.0022678,1.0038153,1.0036913,1.0035582,1.0017159,1.0033525
SULT2B1,0.99736667,0.998003,0.9983822,0.997267,0.99746156,0.9974345,0.99875057,0.9974787
XPA,0.9955431,0.9966459,0.99755657,0.9958999,0.9962273,0.99625796,0.99825025,0.9959663
SAP30L,1.0027583,1.0021766,1.0016074,1.0025835,1.0025392,1.0025163,1.001296,1.0029345
NUP205,1.0031558,1.0024289,1.0022012,1.003546,1.0032023,1.003394,1.001769,1.0029881
ASIC5,0.99674165,0.99753034,0.9980261,0.99668217,0.99691755,0.996915,0.99849993,0.9969486
KCNIP1,1.0040778,1.003201,1.00279,1.004402,1.0039723,1.0038877,1.0021331,1.0041335
STXBP5L,1.0111883,1.0084895,1.0068144,1.0111439,1.0104991,1.0105491,1.0051577,1.0098786
FANCD2,0.9996128,0.99978024,0.9997159,0.9994696,0.9996934,0.99938893,0.9997786,0.99938774
RAC2,0.9981245,0.9984995,0.99910194,0.9983785,0.9984711,0.99869,0.9993882,0.9985265
TMEM19,1.0037736,1.0029079,1.0022774,1.0036652,1.003366,1.0030853,1.0016057,1.0034714
EIF3F,0.9988482,0.99907863,0.99942076,0.9989939,0.9989429,0.99904704,0.99957037,0.9993196
IL5RA,0.99822176,0.9985881,0.9990301,0.99833345,0.9983641,0.99842733,0.99926674,0.9986742
RGR,0.9990915,0.9993357,0.99954873,0.9991713,0.9991686,0.9992546,0.999671,0.9988228
ZNF417,1.0014197,1.0010577,1.0010991,1.0017567,1.0014822,1.0015734,1.0008731,1.0017867
PRRT2,0.9980278,0.9985263,0.9989428,0.9981644,0.99815536,0.99811757,0.9991243,0.99745
SNAPC1,1.0011468,1.0008479,1.0008397,1.001259,1.0010914,1.0011708,1.000637,1.0014341
C9orf72,0.9996452,0.99975395,0.99956083,0.9991652,0.9992745,0.99921584,0.9995532,0.9988579
BVES,1.0017347,1.0012858,1.0011581,1.001786,1.0015966,1.0015827,1.0008409,1.001715
WIPF1,1.0049233,1.0037966,1.0027492,1.0044912,1.0043248,1.0040542,1.0019712,1.0036929
RPS8,0.9977107,0.9982307,0.99849725,0.99749327,0.9975966,0.99771225,0.99879944,0.9974911
ILKAP,1.0002109,1.0002623,1.0004065,1.0005558,1.0004896,1.0005152,1.000385,1.000233
PIP4K2A,1.0009389,1.000772,1.0008596,1.0012392,1.0011568,1.0012383,1.0007435,1.0012904
PVR,1.0000414,1.0000007,1.0002788,1.000364,1.0001345,1.0002337,1.0002201,1.0003002
ZNF69,1.0063303,1.0047153,1.0040531,1.006608,1.0059729,1.0064217,1.0031462,1.0059111
HSDL2,1.0046078,1.0034904,1.0026534,1.0042843,1.0040536,1.0041096,1.0020243,1.0045438
CDKL4,1.0004249,1.0003091,1.0002279,1.0002613,1.0002445,1.0002949,1.0001619,1.0005978
ZNF669,0.9995144,0.99961776,1.0001755,1.000242,0.99994624,1.0001843,1.000201,0.99950236
TMPPE,0.99646765,0.997309,0.99777234,0.99632686,0.9966296,0.9966482,0.99831414,0.9962713
SAR1B,0.99830925,0.99873924,0.9990457,0.9983474,0.9983565,0.99848497,0.99932235,0.99885947
ZNF429,1.0031555,1.0023923,1.0023184,1.0037245,1.0032461,1.0036844,1.0019054,1.0029917
ZNF497,1.0040895,1.0031493,1.0022365,1.0036496,1.0036371,1.0036709,1.0017029,1.0028999
ZNF439,1.000963,1.0006603,1.0006154,1.0009483,1.0007933,1.0011401,1.0005131,1.000772
GH1,0.9865184,0.98975,0.99173665,0.98643994,0.98727167,0.9872695,0.99370724,0.9870815
ALS2CR12,0.9967072,0.99750435,0.9980099,0.9966529,0.996889,0.9968914,0.9984898,0.9969293
NOL12,0.9979797,0.99858224,0.9992738,0.99864876,0.9986558,0.9986893,0.99960756,0.99888027
ARMC1,0.99513865,0.99634445,0.99688184,0.9948373,0.9952407,0.9952904,0.9976332,0.99523866
ZDHHC15,1.0085117,1.0064707,1.0051547,1.0083697,1.0078423,1.007742,1.0038396,1.0077198
GSDME,1.001116,1.0007902,1.0010527,1.0015165,1.0013632,1.0017606,1.0009944,1.0028203
ZNF134,1.0040257,1.003164,1.0025572,1.0040004,1.0037739,1.0037912,1.001934,1.003665
CCNYL1,1.0069871,1.0054343,1.0041754,1.0067496,1.0063993,1.0061945,1.0031364,1.006609
GPR173,0.99993944,0.999967,1.0002849,1.0003853,1.0002311,1.0004674,1.0003314,0.9998896
B3GALNT1,0.99876165,0.99914724,0.99931794,0.9988074,0.99881643,0.9987864,0.9994502,0.9981319
FBXO16,1.006233,1.0046484,1.0037415,1.0060155,1.0055504,1.0057877,1.0028229,1.0060632
PGBD4,0.9988093,0.9991027,0.99933684,0.9987482,0.99879813,0.9988992,0.9995084,0.99933064
GNRHR,1.0006539,1.0003728,1.0004427,1.0007067,1.0005307,1.0007427,1.0003438,1.0007377
TMPRSS12,0.9967931,0.9975734,0.99804306,0.9967139,0.9969591,0.99694216,0.99851024,0.99694395
NANS,0.99859613,0.99896383,0.9995924,0.9992516,0.9992142,0.99949515,0.99986064,0.9987526
FGFR1,0.9952378,0.99633694,0.9972416,0.99535143,0.9953132,0.99550784,0.99785554,0.9960644
RBKS,1.0036805,1.0028201,1.0019126,1.0031108,1.0031998,1.0029016,1.0013828,1.003176
SDHD,0.9986156,0.9989566,0.99945647,0.99897206,0.998773,0.99907607,0.99965334,0.99922436
EMP3,0.99780625,0.99853635,0.99854136,0.9975488,0.9980257,0.99754417,0.99891144,0.9977424
HTR5A,1.003573,1.0027491,1.0022382,1.0035789,1.0033383,1.003395,1.0016936,1.0027984
MTERF1,1.0053304,1.0040824,1.003243,1.0052978,1.0050875,1.0051371,1.0025373,1.0047492
PANX3,0.9967072,0.99750435,0.9980099,0.9966529,0.996889,0.9968914,0.9984898,0.9969293
TTL,0.9995803,0.9996693,0.9999893,0.9998721,0.9997517,0.99984026,1.0000534,1.0006517
GPRIN3,1.006778,1.0051869,1.0043597,1.0069923,1.0065446,1.0068364,1.0034157,1.0063367
PTER,1.0007133,1.0005416,1.0001897,1.0003374,1.0003209,1.0001202,0.9999928,0.99970996
CCDC36,1.0001757,1.0001125,0.99989414,0.9998425,0.9999505,0.9998772,0.999881,0.9998151
ZNF793,0.99816746,0.99854434,0.9984453,0.99747753,0.9977081,0.9976889,0.99873066,0.9981426
STRN4,0.99913347,0.9993211,0.9997126,0.99942875,0.99932015,0.9994321,0.999817,0.99947
PIGU,1.0023029,1.0017841,1.0016181,1.0025504,1.0023288,1.0022066,1.001226,1.002603
TCF19,1.0019336,1.001481,1.0012937,1.0020097,1.0017134,1.0017234,1.0009446,1.0016351
GPR12,1.0012385,1.0008708,1.000629,1.0010252,1.0009465,1.0009516,1.0004121,1.0007915
GHITM,1.0002236,1.0001717,1.0002179,1.0002806,1.0001587,1.0002301,1.0001354,1.0001336
RBM11,1.0043571,1.0033083,1.0028405,1.0044761,1.0041256,1.0042855,1.0022001,1.0046144
HSD17B12,0.99991137,0.9999967,0.9998462,0.9997015,0.9997065,0.99980175,0.9998907,0.999321
KLF1,1.0020213,1.0015111,1.0012051,1.0019302,1.001736,1.0017844,1.0008713,1.0016117
ZNF212,1.0047425,1.0036368,1.0029175,1.0047375,1.0045239,1.0046613,1.0023031,1.0044154
FAHD2B,0.9975971,0.99819124,0.9987893,0.9979466,0.9980229,0.9981372,0.9992156,0.99848807
LAYN,1.0016851,1.001273,1.0010483,1.0016522,1.0014817,1.0014915,1.0007534,1.001283
NEUROD4,0.99462634,0.9959836,0.99642783,0.9940732,0.9949194,0.9946914,0.99733436,0.9948994
TLK1,0.998193,0.9986543,0.9993539,0.99875677,0.99864066,0.9986557,0.99954736,0.9989151
ANGPTL5,0.99818176,0.9986136,0.99891263,0.9981397,0.99828243,0.998333,0.9991811,0.99816096
SERTAD4,1.0024931,1.0019076,1.0013059,1.0021131,1.0020653,1.0016788,1.000853,1.0020515
PYGO1,0.99079514,0.99307036,0.99423647,0.9906404,0.9912164,0.99089444,0.99551415,0.9902494
HEXIM1,0.9919825,0.99398386,0.99483716,0.99146825,0.99221206,0.99212396,0.99609214,0.9926217
ZNF239,1.0022204,1.0015916,1.0015279,1.0024219,1.0021092,1.0024287,1.0012476,1.0029696
RPL19,0.99887586,0.9991105,0.99917215,0.9986101,0.9986906,0.99876636,0.9993112,0.9984645
TREX1,0.99881256,0.99911964,0.9990765,0.9984945,0.9987614,0.99845135,0.9992354,0.9987349
F2RL3,0.99978775,0.9998181,0.9998862,0.9997616,0.9996855,0.9996798,0.9998875,0.9998982
PPP1R3F,1.0030026,1.0023327,1.0013702,1.0023398,1.0023738,1.0020933,1.0009398,1.0015963
ZNF611,1.0039122,1.0029446,1.0024742,1.0040128,1.0037899,1.0036764,1.0018724,1.004105
RNF112,0.9944091,0.9958258,0.996382,0.99404716,0.99469125,0.99466056,0.99731135,0.9940257
ECHS1,0.9970974,0.9977696,0.9982797,0.9971289,0.9972813,0.9974357,0.99871767,0.9971684
ZNF579,1.0034546,1.002598,1.0018983,1.0031049,1.0029857,1.0027375,1.0013152,1.0026214
IDI1,0.9948429,0.9960803,0.9969589,0.99491537,0.99513435,0.9952415,0.9976932,0.99535936
ZFAND2B,0.99530137,0.99638486,0.9977473,0.99611694,0.99628186,0.99659467,0.99853337,0.99744
TMEM59,0.998739,0.99903154,0.99937654,0.99886024,0.9988568,0.99894166,0.9995495,0.99934983
TTC4,1.0069999,1.0052654,1.0042257,1.006841,1.0064588,1.0066141,1.003207,1.0061462
TLCD1,0.99671143,0.99764913,0.99786127,0.9964767,0.9969455,0.9970408,0.99854565,0.9968681
DTNBP1,1.0001409,1.000284,1.0003833,1.0005404,1.0005649,1.0004497,1.000395,1.000319
CHIA,0.99662846,0.9974439,0.99796766,0.99658406,0.99682474,0.9968332,0.9984621,0.9968923
CD46,0.9992878,0.99947786,0.9996733,0.99934864,0.99935913,0.9995022,0.999797,0.9997339
HEY2,1.0037433,1.0027881,1.0028306,1.0043504,1.0036639,1.0039084,1.0021591,1.0047009
METTL8,0.9993665,0.9994768,0.9996493,0.99948263,0.9994286,0.99926066,0.9997003,0.99974316
ARID3C,0.9963359,0.99721736,0.9978168,0.99635684,0.9965666,0.99649096,0.9983133,0.9965211
GGN,0.9986243,0.99891186,0.9992081,0.9986042,0.9986812,0.9987941,0.99941576,0.99899507
NFKBIB,0.99978155,0.9999971,0.99966526,0.9993517,0.99976575,0.9994594,0.99977064,0.99955887
ATP5S,0.9967072,0.99750435,0.9980099,0.9966529,0.996889,0.9968914,0.9984898,0.9969293
TMEM178A,0.99411047,0.99560815,0.99649423,0.9941966,0.99471235,0.99477255,0.99746215,0.9945379
INSYN2,0.9967072,0.99750435,0.9980099,0.9966529,0.996889,0.9968914,0.9984898,0.9969293
HPDL,1.0011116,1.0009205,1.0008569,1.0012958,1.001159,1.001305,1.0007064,1.0007744
ARL4C,0.99399734,0.9955262,0.99613667,0.99364066,0.99425066,0.99413097,0.9970442,0.9936526
APOL5,0.99662125,0.9974299,0.9979619,0.9965749,0.99680746,0.996816,0.9984541,0.99692297
CPT2,0.99765384,0.9983765,0.9988507,0.9979603,0.9982768,0.99817455,0.9992988,0.99871886
HP1BP3,0.9913353,0.99341506,0.99469244,0.9912399,0.9917349,0.9917741,0.9959373,0.99186647
TEKT5,0.9965318,0.9973606,0.9978955,0.9964784,0.9967233,0.9967338,0.9984051,0.99675536
CRY2,1.0036492,1.0027483,1.0018998,1.0032119,1.0031941,1.002974,1.0013888,1.0032241
EIF3K,0.9979386,0.99840903,0.9988043,0.9979572,0.998044,0.9981966,0.99910307,0.99807155
C1orf87,0.9997808,0.99981916,0.99988663,0.99973214,0.99966884,0.999822,0.99991167,0.9995327
AICDA,1.0017557,1.0013092,1.0012789,1.0020006,1.0018034,1.001823,1.0009751,1.0018078
PIANP,1.0002327,1.0002646,1.0004444,1.0005957,1.0005838,1.000628,1.0004427,1.0004114
ZFP69B,1.0013553,1.0009484,1.0011109,1.0016685,1.0015006,1.001823,1.0010055,1.0029726
ABI3,0.99626845,0.9971353,0.99767286,0.9960928,0.99647003,0.99651176,0.99823743,0.9962946
CA4,1.0017476,1.0013297,1.0008721,1.0013891,1.0013487,1.0012265,1.000579,1.0013529
SNX30,1.0061761,1.0047228,1.0032402,1.0054328,1.0053668,1.0050471,1.0023838,1.0052004
RMDN1,1.0035582,1.0027828,1.0020392,1.0033333,1.003143,1.0028965,1.0014406,1.0025764
NKX1-2,0.9967486,0.99753284,0.9980187,0.9966763,0.9969168,0.99691707,0.9984941,0.99689794
VSIG1,0.9980142,0.99846244,0.9988559,0.99807984,0.99819684,0.9982127,0.9991466,0.99827754
SRI,1.0010461,1.0007983,1.0007691,1.0011429,1.0009135,1.000918,1.0005578,1.0015401
CECR2,1.0006772,1.000429,1.0006499,1.0008523,1.0007141,1.0007906,1.0005068,1.0018789
MYL6B,0.999655,0.9997076,1.0000739,0.9999628,0.99984145,1.0001347,1.0001401,1.0002942
LDHC,0.99663633,0.9974498,0.997971,0.9965885,0.9968267,0.9968314,0.99846184,0.9968804
SERPINB3,0.99678284,0.9975583,0.9980508,0.99672127,0.99695194,0.9969539,0.9985186,0.99700844
SELENOP,1.0013031,1.0008044,1.0009146,1.001344,1.0008392,1.0011442,1.0006369,1.0031061
ODF1,0.9970747,0.9977811,0.99819094,0.9969587,0.9971875,0.9971744,0.9986142,0.99718845
C14orf28,0.9987351,0.99898946,0.9994114,0.99897337,0.9989609,0.99915344,0.9996131,0.99870455
COX18,1.0030866,1.002356,1.0020913,1.003324,1.003022,1.0030959,1.0016204,1.0034535
RIT2,0.9979147,0.99866927,0.9984085,0.9974593,0.9979526,0.9976718,0.9988475,0.99662256
LIM2,0.9967072,0.99750435,0.9980099,0.9966529,0.996889,0.9968914,0.9984898,0.9969293
BTN3A1,1.0035985,1.0027598,1.0015576,1.002667,1.0027518,1.0024941,1.0010787,1.0025417
FANCB,1.000689,1.0005659,1.0010885,1.0015168,1.0012661,1.0018103,1.0010693,1.0014105
TRIM15,0.9967072,0.99750435,0.9980099,0.9966529,0.996889,0.9968914,0.9984898,0.9969293
PSG1,1.0055885,1.0042679,1.0029494,1.0047206,1.0046681,1.004324,1.0020131,1.0045491
RASD2,1.0045912,1.0035251,1.0027941,1.004509,1.004256,1.0043164,1.0021454,1.0040362
AKR1A1,0.99928296,0.9995265,0.9995665,0.9992095,0.9994024,0.9993106,0.9997109,0.9994277
TOM1L1,0.9992723,0.9994397,1.0000424,0.9998907,0.9996099,1.0001217,1.0001776,0.9995281
CRNN,0.9967072,0.99750435,0.9980099,0.9966529,0.996889,0.9968914,0.9984898,0.9969293
BTNL2,0.99620795,0.9971495,0.99769187,0.99611354,0.9964454,0.99643034,0.99826515,0.9966136
ZNF529,0.9988819,0.9990386,0.9993638,0.99889827,0.9988189,0.9989587,0.9995045,0.9997261
SOHLH1,0.99678284,0.9975583,0.9980508,0.99672127,0.99695194,0.9969539,0.9985186,0.99700844
SOCS6,1.0055106,1.0042167,1.0032303,1.0052979,1.0050151,1.0048865,1.0023824,1.0042864
TMEM143,0.99723345,0.9978628,0.9987706,0.99779266,0.99776566,0.99786854,0.999132,0.99847007
TFPI,1.0014589,1.0010563,1.0010439,1.0016477,1.0013528,1.0013542,1.0007372,1.001334
PLEK,0.99156,0.9936058,0.9948162,0.9913776,0.99216795,0.9922151,0.996112,0.9918533
FBXO15,1.0021784,1.0016181,1.0015807,1.002467,1.0021957,1.0022714,1.0012106,1.0025727
RHOQ,0.9886066,0.99126226,0.99269015,0.98806155,0.9890171,0.98881364,0.9943533,0.9887792
FAM111A,1.0010598,1.0009232,1.0003695,1.0005975,1.0006052,1.0002428,1.000172,1.0006981
CCNB1IP1,0.99832594,0.9986468,0.9991394,0.99851334,0.99836016,0.9983146,0.9993223,1.0001364
PANX1,0.9959054,0.9968424,0.9979186,0.9962996,0.9965626,0.9967743,0.9985726,0.99796903
TIMELESS,1.0011342,1.0008638,1.000751,1.0012219,1.0010961,1.0008787,1.0005248,1.0008254
DKK2,1.0004761,1.0002987,1.0002738,1.0004172,1.000431,1.0003512,1.0001764,1.0006061
OSCAR,0.99840367,0.9988082,0.99898267,0.9982153,0.99840593,0.99836564,0.9991936,0.99829674
HSD17B2,0.9990233,0.99923027,0.9992799,0.9987692,0.99887896,0.99877846,0.9993821,0.99897724
SFXN4,1.0007739,1.0005152,1.0003047,1.0004716,1.00032,1.0002418,1.0000756,1.000465
CHCHD3,0.99920726,0.999429,0.9997076,0.9994341,0.9994199,0.9995085,0.9998778,1.000189
GDPD3,1.0001324,1.0000191,1.0000428,1.0000615,1.0000507,0.9999615,0.9999678,0.99991965
SLC30A8,0.9985215,0.9989234,0.9992279,0.9986416,0.99869514,0.9986342,0.9994103,0.9986454
STARD6,0.9979148,0.9984275,0.99865663,0.99773747,0.9979315,0.9979205,0.9989675,0.9979061
SLC10A7,1.001351,1.0009025,1.0008321,1.001371,1.0010664,1.0010705,1.0005286,1.000883
FAM192A,0.9967072,0.99750435,0.9980099,0.9966529,0.996889,0.9968914,0.9984898,0.9969293
PTGR2,1.0022234,1.001693,1.0015235,1.0024003,1.0020436,1.0021213,1.0011519,1.0024502
COPS7A,0.9991856,0.99943376,0.99981415,0.9995158,0.9993046,0.9995411,0.99992263,1.0000093
FAM81A,0.9967905,0.9975655,0.99803084,0.99684453,0.9969603,0.99687254,0.99845606,0.9963792
CABP2,0.99663633,0.9974498,0.997971,0.9965885,0.9968267,0.9968314,0.99846184,0.9968804
STIMATE,1.0027889,1.0020922,1.0016139,1.002684,1.0025183,1.0023996,1.0011958,1.0026664
GLRX3,0.9964366,0.99729097,0.99816227,0.996859,0.9970045,0.99711037,0.9986941,0.9972241
PSEN1,0.9993923,0.99957895,0.99958795,0.9992862,0.999405,0.9995241,0.9997309,0.9986023
GTSE1,1.0021676,1.0017474,1.0013851,1.0022166,1.001993,1.0016992,1.00098,1.0018445
LDHD,0.99774396,0.99829596,0.9986341,0.99764085,0.99781644,0.99782383,0.9989711,0.998227
TRAPPC2L,0.9963591,0.99727607,0.9980264,0.99668145,0.9967973,0.9967089,0.99854076,0.99725676
SRRM1,0.995141,0.99631023,0.9969181,0.99494463,0.99534076,0.99524,0.99761176,0.9951004
XRCC3,0.99607396,0.9969685,0.99777436,0.9963086,0.9964125,0.9963529,0.9982717,0.9959328
ATP13A3,0.99705964,0.9978024,0.99779224,0.9964434,0.99674356,0.9966631,0.99824023,0.9961022
C19orf47,1.0016252,1.0011442,1.0010431,1.0016639,1.0016828,1.0016446,1.0008116,1.001803
RASL10A,0.99787545,0.99841636,0.9988241,0.99797666,0.9979621,0.99815273,0.99916756,0.9982766
PPP2R3C,0.9958068,0.9967787,0.9976329,0.99604136,0.9961474,0.9962119,0.998212,0.9965188
WDR82,0.9931402,0.99486375,0.99574995,0.9929905,0.9935062,0.99331397,0.9967274,0.9930861
FAIM2,1.0014595,1.001104,1.00103,1.0016224,1.0013981,1.0012695,1.0007554,1.0023277
GPKOW,1.0046766,1.0034722,1.002976,1.0048558,1.0044197,1.0043654,1.0022422,1.0054362
SH3GLB1,0.99784386,0.9984685,0.9984291,0.9974718,0.9978019,0.9972551,0.9986445,0.99706495
COLEC11,1.0018581,1.0013936,1.0014995,1.0021585,1.0018543,1.0024252,1.0012923,1.0028334
RUNDC3A,0.9972155,0.99795496,0.998549,0.9974551,0.9976604,0.9978156,0.99900675,0.9970282
NUDT12,1.0052762,1.0040417,1.0033793,1.0054247,1.0050313,1.0049244,1.0025733,1.005846
EIF3H,0.99879766,0.99902844,0.9992686,0.99871945,0.9987536,0.9988828,0.99942404,0.9988952
ST8SIA1,0.99970424,0.9997962,0.9998729,0.9996831,0.9996744,0.99965584,0.999913,1.0002258
TIMMDC1,1.0000968,1.0001327,1.0002273,1.0002382,1.000209,1.0001338,1.000189,1.0005742
RAB39B,0.9985211,0.99885005,0.9992925,0.998773,0.9988478,0.9990529,0.9995852,0.9990602
CCDC105,0.9968013,0.9975676,0.99805784,0.99673617,0.99696344,0.9969627,0.9985217,0.9970435
LIN37,0.99978495,0.99985516,1.0000793,1.0000697,1.0000044,0.9997846,1.0000235,1.0000606
PRAM1,0.9982623,0.9987591,0.99871933,0.9978521,0.9981412,0.9979502,0.99895525,0.997715
ZNF200,1.0050391,1.0037471,1.0031185,1.0050399,1.0045857,1.0046476,1.0023286,1.0049458
MED6,0.9993123,0.9995034,0.999853,0.999557,0.9995218,0.99978316,1.0000073,1.0000775
DUSP12,0.9967319,0.9974964,0.9980208,0.9966651,0.99689054,0.99707556,0.9985572,0.9971762
PRKRIP1,1.0042686,1.0034474,1.0023848,1.0038568,1.0039772,1.0033712,1.0017577,1.0036056
RASL11B,0.99600387,0.99698424,0.9976962,0.99611837,0.9963265,0.9963336,0.9983054,0.99696517
IPMK,1.0035255,1.0027058,1.0024469,1.0038489,1.0034328,1.0035568,1.0018346,1.0024283
TRIM54,0.9988913,0.99912214,0.9993452,0.9988773,0.998901,0.99877644,0.9994438,0.9991747
TXNDC15,0.98960376,0.9919909,0.99399954,0.9900892,0.99036247,0.9904409,0.9954257,0.9914357
ZNF85,1.000422,1.0002139,1.0002929,1.0003763,1.0003505,1.0004758,1.0002143,1.0002092
ITM2C,0.9935008,0.995216,0.996022,0.9934113,0.9938965,0.9937357,0.9970318,0.9942059
TEX13A,0.9970693,0.99777627,0.9982385,0.99702406,0.99722123,0.9972087,0.9986526,0.99729383
CAT,0.99717796,0.9979011,0.99864507,0.997535,0.99758106,0.99778163,0.99904454,0.9976607
VIL1,0.9961177,0.9970529,0.99770564,0.9961629,0.9964036,0.9963999,0.9982673,0.99649
CSRP2,0.998622,0.9989325,0.998927,0.99826074,0.9983682,0.99831516,0.9990965,0.998309
LRRC63,0.99922657,0.9994447,0.999719,0.9993685,0.99926585,0.9995649,0.99986213,0.99930525
SNAPC3,0.99912703,0.99938476,0.99977845,0.9994565,0.9994914,0.99950707,0.9998816,0.99934787
TRHR,0.9969617,0.99769044,0.9981313,0.99685776,0.9970866,0.9970828,0.9985719,0.9971404
EMC10,0.9974831,0.9982415,0.9983681,0.99726784,0.9976317,0.99733305,0.99878097,0.9976853
CD1E,0.9969643,0.99770314,0.99810493,0.9968362,0.99709266,0.9970467,0.9985471,0.9969536
TMEM59L,0.99880624,0.9991764,0.99948883,0.9990659,0.9990761,0.99884427,0.9996021,0.9994923
ARL10,1.0066445,1.0051333,1.0040613,1.0064739,1.0061884,1.0062252,1.0031079,1.0061107
FOXE3,0.99660397,0.9974286,0.9979416,0.9965435,0.99679434,0.9967872,0.9984386,0.9968146
RAPGEF4,0.99803424,0.9986475,0.99905455,0.99817383,0.99800664,0.9982815,0.99925864,0.9972396
CSRP1,0.9975389,0.9981853,0.9983948,0.99739516,0.99766004,0.9975414,0.9987733,0.99704754
CD5L,0.9976474,0.99818873,0.99858,0.9975798,0.997804,0.9978167,0.99892455,0.9977807
TM2D1,1.0002563,1.0002068,1.0004219,1.0006094,1.0004773,1.0006065,1.0004331,1.001216
DCAF12L2,1.0052419,1.004066,1.0032697,1.0052674,1.0049903,1.0050558,1.0025702,1.0052541
ARMH1,1.0066037,1.004912,1.0040941,1.0066233,1.0061085,1.006444,1.0031638,1.0064558
PRDX3,0.9971517,0.9978663,0.99832046,0.9972105,0.99742234,0.9973253,0.9987273,0.997491
C9orf24,0.996251,0.9971732,0.9976727,0.99610424,0.99641454,0.9960649,0.9981886,0.9972936
TUBA1A,0.9913686,0.9934094,0.994544,0.9909996,0.9915717,0.9916439,0.9957665,0.99126524
SFRP5,0.9999226,0.99996364,1.0000256,0.9998734,0.9999609,1.0000057,1.0000423,1.0001401
NCEH1,1.0002517,1.000186,1.0002816,1.0002974,1.0003033,1.0006187,1.0003257,1.0003935
NOV,0.9967072,0.99750435,0.9980099,0.9966529,0.996889,0.9968914,0.9984898,0.9969293
TFAP2B,1.0012157,1.0009805,1.0007684,1.0011643,1.0011195,1.001219,1.0005922,1.0002959
TTC23L,1.0008255,1.0006248,1.0003712,1.0005547,1.000681,1.000643,1.0002874,1.0004964
NELL2,0.9967468,0.99743474,0.9982279,0.997025,0.9970294,0.99734074,0.9986927,0.9971086
WBP11,0.9972405,0.9979423,0.9986116,0.9975647,0.99770224,0.9980611,0.9991249,0.99791574
ZBTB6,0.9976833,0.99808586,0.9982873,0.9972636,0.99742115,0.99756473,0.9986534,0.9978174
AVPR1B,0.9963436,0.997236,0.99783903,0.9963496,0.99657464,0.9966124,0.9983667,0.9965785
CAB39L,1.0031537,1.0024115,1.0018336,1.0030084,1.0027975,1.0027385,1.0013559,1.0026373
FRRS1L,1.0010697,1.0008236,1.0009034,1.0014223,1.0012786,1.001272,1.0007114,1.0010225
ALYREF,0.99596167,0.9969456,0.9976398,0.9961169,0.9963526,0.99626946,0.99826205,0.996591
RAB29,0.99751806,0.99809086,0.99866396,0.99770695,0.9977814,0.9980366,0.999071,0.99787533
C20orf96,1.0056908,1.0044128,1.0031037,1.0051053,1.0050396,1.0048296,1.0023035,1.0044293
ZNF75D,1.0064483,1.0049859,1.0036603,1.0058986,1.0056472,1.0058485,1.0028054,1.0053167
MFF,1.0007333,1.0005437,1.0004305,1.000627,1.0006177,1.0003941,1.000267,1.0014011
ZNF584,1.0045229,1.0033845,1.002763,1.0045259,1.0042553,1.0041114,1.0020652,1.0046958
SLC38A1,0.99058133,0.99290526,0.9940667,0.9902248,0.9910948,0.9910432,0.9954807,0.9901049
RNF150,1.0028062,1.0020058,1.0017263,1.0028715,1.0026783,1.0025078,1.0012448,1.0028722
MMP20,0.9967154,0.99750626,0.9980166,0.9966655,0.9968995,0.9969083,0.9984974,0.99698544
PLEKHM2,0.9993152,0.99951357,0.9992257,0.99880546,0.9990505,0.99873877,0.99930656,0.9984621
FUT9,0.99069285,0.99297863,0.9943282,0.9906392,0.9910936,0.9909871,0.9956316,0.9915391
CBLL2,0.9964676,0.99733543,0.9978498,0.9963919,0.9966695,0.99665165,0.99837244,0.99668443
IFI44,0.9943867,0.9957342,0.99670404,0.9945946,0.9946238,0.9948748,0.99755955,0.99534225
DERL3,1.0018203,1.0013975,1.0006565,1.0010624,1.0012347,1.0010073,1.0003624,1.0005696
PDILT,0.9967072,0.99750435,0.9980099,0.9966529,0.996889,0.9968914,0.9984898,0.9969293
TIGD2,1.0021262,1.0016805,1.0013095,1.0020642,1.0020742,1.0020816,1.0010525,1.0018902
SERPINA3,0.9967072,0.99750435,0.9980099,0.9966529,0.996889,0.9968914,0.9984898,0.9969293
RCSD1,1.0026374,1.0019326,1.0015372,1.0023838,1.0022285,1.0025525,1.0011659,1.0019232
CBR4,1.0032163,1.0026062,1.0021921,1.0035061,1.0033121,1.0032153,1.0017732,1.0034958
CACNG5,0.9972534,0.9979198,0.99834883,0.9972013,0.99739146,0.99739194,0.99874294,0.99749136
ZNF20,1.0076559,1.0057478,1.0046333,1.0076255,1.0069693,1.0072016,1.0035061,1.0067459
MBNL2,1.0019398,1.0016209,1.0008235,1.0013663,1.0014747,1.0011754,1.0005836,1.0016419
A4GNT,0.99645454,0.9973082,0.99791914,0.9965067,0.9967082,0.99672794,0.99842644,0.99674994
TRIM11,1.0046048,1.0036464,1.0027064,1.004353,1.0041372,1.0040706,1.0020698,1.0040153
CLDN4,0.9908326,0.9930611,0.9941406,0.99039173,0.9910983,0.9909867,0.9954665,0.99062955
CSTF3,0.99875855,0.99918914,0.9993212,0.9988333,0.9989954,0.99889016,0.99953127,0.99860203
GTF2F2,0.9974527,0.9981463,0.99864084,0.9976919,0.99794996,0.9977864,0.9990512,0.9983601
RHOF,0.998917,0.9991851,0.99939996,0.9989646,0.99910665,0.99902797,0.99956083,0.9990304
LTB4R2,0.99701774,0.99774027,0.9981437,0.9968834,0.99712574,0.9971146,0.9985792,0.9971192
ZSCAN30,1.0011536,1.000895,1.0010121,1.0015883,1.0014981,1.0015993,1.0008879,1.0009215
TIGD3,1.0015951,1.0011925,1.0009849,1.001484,1.0013748,1.0014807,1.0007643,1.0021031
FOXL1,1.0040721,1.0030973,1.0025623,1.0040973,1.0038533,1.0039966,1.0019855,1.0035805
PRSS50,0.9991678,0.99943876,0.9996186,0.9992392,0.9992067,0.99938524,0.9997513,0.99879754
H2AFY,0.9967072,0.99750435,0.9980099,0.9966529,0.996889,0.9968914,0.9984898,0.9969293
EPHX3,0.9978304,0.9983701,0.9987024,0.9977912,0.9980061,0.99795425,0.9990128,0.99768573
CD9,0.9965254,0.99738514,0.99835944,0.997187,0.99701285,0.9972862,0.99886143,0.9977086
LRP2BP,1.0039604,1.0029756,1.0021706,1.003577,1.0034401,1.0034549,1.0016487,1.0037022
TRIM63,0.99696517,0.9977013,0.9981638,0.9969027,0.9971219,0.9971274,0.99860704,0.9971925
ST8SIA3,1.0004227,1.0004709,1.0004036,1.0005379,1.0005181,1.0006313,1.000348,0.9992144
LSM11,0.99996555,0.99996126,1.000006,0.9999696,0.9998177,0.99970603,0.99991304,0.9999413
P2RY2,0.99851143,0.9988784,0.9991224,0.9984915,0.9985427,0.9984816,0.99929,0.99862146
HMOX2,1.0012419,1.0010173,1.0009961,1.0015434,1.0014913,1.0013399,1.0007979,1.0015236
ST8SIA2,0.9962078,0.9971539,0.99787486,0.9963999,0.9965946,0.99675035,0.9984584,0.9967464
RNF41,1.0007924,1.000649,1.0008415,1.0011414,1.001029,1.0012288,1.0007608,1.001677
CLEC17A,0.997038,0.99775255,0.9982625,0.99704456,0.99721533,0.9972676,0.9986873,0.9973117
GPR19,1.0083065,1.0063198,1.0052409,1.0084064,1.0077446,1.0077066,1.0039414,1.0089314
LACTB2,1.003781,1.0028408,1.0024283,1.0039072,1.0036969,1.0038062,1.0018955,1.0034523
SLC17A1,0.99660325,0.9974249,0.99795717,0.99656415,0.99680483,0.9968184,0.9984561,0.996881
ACOD1,0.99678284,0.9975583,0.9980508,0.99672127,0.99695194,0.9969539,0.9985186,0.99700844
MAFG,0.996202,0.99713415,0.99766654,0.9960934,0.99620306,0.99622893,0.9981788,0.9963162
PIGL,1.0069618,1.0052853,1.0041704,1.0068907,1.0064778,1.0063215,1.0030932,1.0057938
TAF1A,1.0026329,1.0019839,1.0011361,1.0018938,1.0019275,1.0014577,1.000696,1.0025398
SERPINA10,0.9970037,0.99772555,0.99820316,0.9969653,0.9971638,0.99715406,0.9986272,0.99725044
MTFR2,0.99862325,0.99909604,0.9993801,0.99880266,0.998976,0.99898803,0.999619,0.99838686
DPYS,0.99679255,0.99756455,0.9980546,0.99673796,0.9969632,0.9969493,0.99851704,0.9969846
PSD4,0.99991894,0.99994975,0.9998988,0.9997686,0.99988437,0.9997803,0.9998857,0.99963903
ZNF10,1.0026022,1.0019268,1.0015545,1.0024927,1.0023602,1.002495,1.0012063,1.0027592
VPS72,0.998054,0.9986148,0.998713,0.99793637,0.99816954,0.9980586,0.99902785,0.9972249
RCE1,1.0014696,1.0012137,1.000592,1.0009596,1.001061,1.0006807,1.0003381,1.0009129
RPL8,0.9982166,0.99861366,0.9987339,0.99792266,0.998059,0.99801415,0.99895763,0.9980184
CBR1,1.0009227,1.0007516,1.0008368,1.0012879,1.0011597,1.0012552,1.0007541,1.0012908
ZNF222,1.0029292,1.0022835,1.0018122,1.002855,1.0028021,1.0029719,1.0014966,1.0029948
ZNF594,1.0031016,1.0023155,1.0020592,1.0032885,1.0029932,1.0032411,1.0016587,1.0033295
APOBEC3G,0.99654996,0.9973122,0.9980259,0.9966854,0.99685764,0.99702084,0.9985359,0.99667925
SNX15,1.0022832,1.0017873,1.0015484,1.0024601,1.0023069,1.0023602,1.0012187,1.0018189
SCRN3,1.0020281,1.001703,1.0015013,1.0024055,1.0024154,1.0024508,1.0013411,1.0019194
NPFFR1,0.99673396,0.99752086,0.9980248,0.9966804,0.9969082,0.99689806,0.99849415,0.9969568
NPAP1,0.99783266,0.99835294,0.9986698,0.9977704,0.99804604,0.99791914,0.9990133,0.9984897
CDCA8,0.99905825,0.99947965,0.9997338,0.9994124,0.99947715,0.9992882,0.9998882,0.9996662
FGF4,0.9967072,0.99750435,0.9980099,0.9966529,0.996889,0.9968914,0.9984898,0.9969293
ADAMDEC1,0.998021,0.9985037,0.99886894,0.99804497,0.9982046,0.99825186,0.9991656,0.998047
ALG10B,1.0042005,1.0032241,1.0022695,1.0037411,1.0037591,1.0036087,1.0017284,1.0037616
PTGER2,1.0008168,1.0005869,1.0004114,1.0005882,1.0006284,1.0006971,1.0002878,1.0004075
RIMKLA,1.0023751,1.001765,1.0013348,1.0022364,1.0020944,1.0018743,1.000927,1.0021709
FAM217A,0.9967072,0.99750435,0.9980099,0.9966529,0.996889,0.9968914,0.9984898,0.9969293
CDR2L,0.999505,0.9995599,0.99997926,0.9999286,0.9997394,1.0001117,1.0001323,1.0001217
THG1L,1.0015955,1.0012014,1.0014546,1.0022622,1.0020323,1.002383,1.001322,1.0024302
PP2D1,0.9972453,0.99791783,0.9983555,0.99721205,0.9974023,0.9973906,0.99874365,0.9974007
SLFN12L,0.99678284,0.9975583,0.9980508,0.99672127,0.99695194,0.9969539,0.9985186,0.99700844
DRG1,1.0009935,1.0007404,1.000661,1.0010693,1.0009475,1.0009823,1.0005167,1.0009848
MOG,1.000983,1.0007085,1.0009719,1.0014837,1.0011278,1.0012969,1.0007954,1.0019338
WFDC1,0.99605143,0.9970852,0.99775624,0.9962248,0.9964347,0.9963984,0.9983516,0.9964496
IGFBP3,0.9981661,0.9985645,0.99885976,0.99815106,0.99817735,0.9980562,0.9990349,0.99790716
USE1,0.99907625,0.9993247,0.99945533,0.99907756,0.99915886,0.9991771,0.9996166,0.9988526
CALCOCO2,1.0002701,1.0003202,1.0001185,1.0002145,1.0002937,1.000105,1.0001159,0.9997387
RABGAP1,0.9928533,0.99458724,0.99542606,0.9925066,0.9930959,0.99299717,0.9964736,0.99264634
LYL1,1.0035034,1.0025804,1.0020825,1.0033456,1.003034,1.0030763,1.0014746,1.0029552
FUT8,0.99906665,0.99929476,0.9998065,0.99962676,0.99953693,0.9994892,0.99987745,0.9988549
PLEKHS1,0.9960666,0.9970268,0.99759483,0.9959905,0.9962933,0.9962767,0.9981799,0.99619573
FBXW2,0.99982524,0.99991536,1.0000081,0.99984634,0.9998902,0.9997432,0.9999797,1.0001233
UGT3A1,0.99664915,0.997455,0.9979745,0.99659765,0.99683285,0.99683493,0.9984622,0.99691
ZNF165,0.99891174,0.9991744,0.999377,0.9988563,0.9990139,0.999058,0.999562,0.99906784
IP6K3,0.9971309,0.9978522,0.99831426,0.997138,0.9973084,0.9973152,0.99873114,0.99731135
RAB13,0.9927948,0.9946416,0.9956219,0.99272156,0.993355,0.99335855,0.99679106,0.99319094
ZNF500,1.0075424,1.0056778,1.0045208,1.0073283,1.0068574,1.0071088,1.003488,1.0076423
TRIM72,0.99813235,0.99856377,0.9988719,0.998046,0.9982128,0.99834305,0.99918616,0.99847645
CHMP2B,1.0030714,1.002465,1.0022777,1.0034237,1.0029562,1.0032272,1.001802,1.0036434
CRYZ,0.9954014,0.99667513,0.9971361,0.9952358,0.9958867,0.99566567,0.99797016,0.99618423
MXD3,0.9981129,0.99863505,0.9988636,0.9980849,0.99829274,0.99781024,0.9990352,0.997833
ZNF835,1.000845,1.0006171,1.0007027,1.0010189,1.0009494,1.0011256,1.0006288,1.0014348
SNX7,0.9975561,0.998202,0.9979451,0.9966657,0.9969131,0.99705005,0.9983935,0.99692076
ZNF440,1.0081652,1.0060725,1.0047165,1.00779,1.0073736,1.0073093,1.0034853,1.0072489
TSEN34,1.0015898,1.0012051,1.0010616,1.0015937,1.0012547,1.0015781,1.0007907,1.0011225
ARHGEF5,0.9956863,0.9966836,0.9976233,0.9959644,0.9961798,0.99635154,0.9982741,0.99654305
CISH,1.0022572,1.0016891,1.001662,1.0026646,1.0023298,1.0023048,1.0012568,1.0024778
IGFBP4,0.99667215,0.99752533,0.99824244,0.9969729,0.9971386,0.99733543,0.9988009,0.9972336
EXOG,0.9986366,0.998986,0.9992784,0.9987825,0.9989065,0.9987534,0.9994553,0.9985774
PRELP,0.9999629,1.0001429,0.99994993,0.9997983,1.0000575,1.0001748,1.0001549,1.0005069
TNFRSF10A,0.99898124,0.9992353,0.9993329,0.9988071,0.998881,0.998911,0.9994817,0.9991448
MTHFD2L,1.0040814,1.0031025,1.0017626,1.0030068,1.0032506,1.0027088,1.001169,1.0026485
OPN3,1.0062037,1.0047113,1.0034057,1.0057557,1.0055174,1.00546,1.0025175,1.0042393
CHST1,0.9959506,0.9970796,0.9975107,0.9958672,0.99616534,0.99622273,0.998167,0.9952581
ZNF70,1.0016916,1.0012747,1.0009553,1.0015197,1.0013692,1.0014246,1.0007106,1.0017076
FAXDC2,0.9951052,0.99636805,0.9971943,0.99531937,0.99568427,0.99569297,0.9979898,0.99530226
PLCL2,1.0011287,1.0008346,1.0008047,1.0012449,1.0011506,1.0014536,1.0007112,1.0007744
C5orf22,1.0048001,1.0038078,1.0029695,1.004783,1.0046674,1.0046083,1.0023427,1.0040567
GSDMD,0.9988204,0.9991909,0.9989022,0.99819064,0.99850106,0.9981779,0.9990212,0.99776626
MMP3,0.9994748,0.99961615,0.9994962,0.9991075,0.9992303,0.9991614,0.9995593,0.9992758
POF1B,0.9998186,0.999857,0.9998139,0.9996343,0.99970883,0.9997188,0.9998342,0.99949443
IL13RA1,0.99729705,0.99804187,0.9980899,0.9968145,0.9972985,0.99716866,0.99850905,0.99632764
TIMP2,0.99213696,0.9940308,0.99532413,0.9922228,0.99263984,0.99280393,0.9964876,0.9929168
SERPINA4,0.9967072,0.99750435,0.9980099,0.9966529,0.996889,0.9968914,0.9984898,0.9969293
INSYN2B,1.0031288,1.002354,1.0020204,1.0032043,1.0029438,1.0029162,1.0015051,1.0033494
SIL1,1.0027319,1.0020167,1.0016465,1.0026581,1.0024434,1.0024159,1.0012295,1.0029681
TENT5C,1.005227,1.0039549,1.0031652,1.005176,1.0047724,1.0048523,1.002369,1.0043089
HTR1F,1.0032524,1.0024741,1.0020816,1.0033519,1.0031655,1.003271,1.0016351,1.0029433
RPE,0.99807805,0.99857986,0.9990815,0.99837685,0.9984534,0.99851054,0.99942935,0.9992361
ENTHD1,0.9968517,0.99760175,0.9980866,0.9967845,0.99700785,0.99701697,0.99854493,0.9970963
ZNF714,0.995361,0.9964784,0.99713063,0.9952885,0.9954798,0.995358,0.9977454,0.9955707
PCBP2,0.99608004,0.99705124,0.99719524,0.99544376,0.99591005,0.99565756,0.9977666,0.9956251
CEP295NL,1.0027987,1.0021131,1.0015405,1.0024657,1.0023661,1.0023208,1.0011019,1.0022529
ST6GALNAC4,0.99576867,0.9967865,0.99751604,0.99583054,0.9959388,0.9961084,0.9980854,0.9955479
PTP4A2,0.9976343,0.9982604,0.998342,0.9972889,0.9976077,0.99757874,0.9987471,0.9972664
ETV3,1.0086083,1.0064371,1.0048761,1.008065,1.0076065,1.0074085,1.0035405,1.0077789
CFAP36,1.0001001,1.0000372,1.0000154,0.999984,0.99995685,0.9999888,1.0000001,1.0004497
SLC8A2,1.0042546,1.0032396,1.0025151,1.004151,1.0040281,1.0038362,1.001877,1.003483
RHBDL1,1.0002463,1.0001245,1.0005085,1.0007204,1.0004,1.0007204,1.000427,1.0003536
PARP11,0.9998059,0.9998533,1.0002029,1.0002475,1.0000982,1.000164,1.0002309,1.0006487
TMEFF1,1.0036093,1.0026184,1.002378,1.0036204,1.0030521,1.0035006,1.0017977,1.0042499
TSPAN32,0.99955726,0.9996121,0.9998014,0.99955606,0.99956125,0.9996476,0.999843,0.99976766
PSTK,1.001728,1.001444,1.0006142,1.0010592,1.0014288,1.0010599,1.0004464,1.0005507
CCND3,1.0021561,1.0017376,1.0010993,1.0018246,1.0019683,1.0014813,1.0007625,1.0016793
SERPINA1,0.9955472,0.99668515,0.99722433,0.9954408,0.99581236,0.99557745,0.9978503,0.99539626
UPK1B,0.9971463,0.9978297,0.9982475,0.99705803,0.99718815,0.99712974,0.9986151,0.9973849
PDIK1L,0.9989486,0.9992361,0.9997251,0.9994327,0.9993164,0.999289,0.99981,0.9995779
AK3,0.9995234,0.9996965,0.9995587,0.99924266,0.9993555,0.99912316,0.99955034,0.998603
CHMP5,0.997674,0.99819815,0.9987972,0.99789655,0.9978806,0.9981586,0.999124,0.9981972
MAP3K20,0.9986128,0.9989486,0.99964225,0.99923027,0.9989575,0.9993512,0.99988276,1.000169
ZNF223,1.006492,1.004836,1.0039002,1.0063752,1.0058491,1.0056778,1.0028181,1.0061522
COPS6,0.9985573,0.9989212,0.9993067,0.9987453,0.99877656,0.9988929,0.99951655,0.9987283
MMP1,0.9974166,0.99803174,0.9984449,0.9973643,0.9975278,0.9975686,0.99881387,0.99753153
SLC30A7,0.99863255,0.9990431,0.999442,0.99903846,0.9989196,0.99893844,0.999599,0.99833447
ATXN7L3,1.0013671,1.0010754,1.0009549,1.0015519,1.0012774,1.0011841,1.0006722,1.0010283
PTAR1,0.99829626,0.9987266,0.9988662,0.9981344,0.9981859,0.9981091,0.9991046,0.99838686
ENDOD1,0.99957097,0.9996895,0.9997909,0.9996009,0.9995418,0.99931896,0.9998182,1.0004152
CHST7,1.0004425,1.0003846,1.0001874,1.0003084,1.0002451,1.0002229,1.0001264,0.99993193
HAUS8,1.0020518,1.0016214,1.001026,1.0016733,1.0017507,1.001314,1.0006669,1.0010853
SLC38A5,0.9947628,0.99610186,0.9963535,0.9940969,0.99453545,0.9942014,0.99706376,0.99364495
ZSWIM9,1.0059117,1.004627,1.0035905,1.0058308,1.0054473,1.0052742,1.0026935,1.0052291
AASDHPPT,0.99407136,0.99553216,0.99644053,0.99409837,0.9945475,0.994604,0.9973216,0.9940211
DHX29,0.997784,0.99830174,0.998675,0.9977137,0.9978999,0.9980733,0.99903685,0.9979062
CCNE2,1.0013256,1.0010719,1.0011858,1.0018849,1.0016652,1.0012727,1.0008727,1.0017456
BCO1,0.9982722,0.99869883,0.99896836,0.998209,0.9983293,0.9983607,0.9992259,0.99854195
RIMS4,1.006244,1.0049558,1.0038111,1.0060806,1.0059875,1.0057664,1.0029383,1.0054046
SLC39A7,0.99714684,0.9979068,0.99848545,0.99745667,0.99761105,0.99769926,0.9989959,0.99801564
FANK1,1.000814,1.0005821,1.0003737,1.0005225,1.0004689,1.0003288,1.0002285,1.0019983
PDCD7,0.9934715,0.9950755,0.9960948,0.99356246,0.994137,0.99391305,0.99703777,0.9933303
RHOBTB1,1.0040116,1.0029496,1.0024685,1.0040218,1.0035998,1.0035657,1.0017838,1.00386
OTUD1,1.0002178,1.000149,0.9998846,0.99990845,0.9999653,0.99967194,0.9997797,0.9991286
GUK1,0.9980861,0.9985926,0.9991676,0.99843764,0.9984778,0.99867487,0.9994834,0.99896264
GRPEL2,1.0000677,1.0000589,0.9999235,0.9999281,0.999981,0.9998788,0.9999183,0.99953943
CPM,1.0035151,1.0026206,1.0021861,1.0035667,1.0032067,1.0031857,1.0016197,1.0038753
HGH1,1.0030329,1.0023851,1.0017818,1.0028588,1.0027268,1.0027828,1.0013914,1.0024174
SLC35F4,1.0024099,1.0018833,1.0014731,1.002299,1.0022175,1.0022151,1.0011303,1.0022721
RPS5,0.9989957,0.99918735,0.99923825,0.99871457,0.99878496,0.99883413,0.99934137,0.9985857
GDF3,0.9968146,0.99758285,0.9980695,0.9967543,0.99697936,0.9969673,0.99852663,0.99701464
FAM155B,1.0053961,1.0040067,1.0032929,1.0053012,1.0050093,1.0052981,1.0025868,1.0058863
CBFB,0.99999887,0.99996984,0.9998246,0.9997413,0.99978924,0.9996023,0.99977994,0.99947244
ADGRG5,0.9968556,0.9976105,0.9980138,0.99669856,0.9969691,0.9969438,0.9984791,0.99678946
ELMOD2,0.9971108,0.99781203,0.998339,0.99706256,0.9972473,0.9973956,0.9988662,0.9992274
EIF2S1,1.0015947,1.001306,1.0009654,1.0015506,1.0015485,1.0013995,1.0007253,1.0010201
GLMP,1.0019011,1.0014653,1.0015609,1.002363,1.0020189,1.0024574,1.0013487,1.0026889
UROS,1.0028402,1.0022275,1.0016254,1.0025907,1.0024036,1.0023627,1.001202,1.0026102
UNC119,0.9990978,0.9993814,0.99985754,0.99968183,0.9995823,0.9996301,0.9999657,0.99883735
CRIPAK,0.99967164,0.9998281,0.99973345,0.99947155,0.9997954,0.9998119,0.9999088,0.9996237
P2RX6,0.99859357,0.9989421,0.99908924,0.9984126,0.9985417,0.998521,0.99929065,0.9987457
RPS16,0.99767303,0.998175,0.99837685,0.9973045,0.9974514,0.9975141,0.99867296,0.9973439
CHMP2A,1.0003539,1.0002633,1.0002251,1.000315,1.000227,1.0002258,1.00015,1.0007269
EXOSC7,1.0017741,1.00138,1.001094,1.0016618,1.0017022,1.0016296,1.0008521,1.0020442
PARVG,0.9975281,0.99813867,0.99843705,0.997391,0.99775124,0.9978051,0.99887764,0.9971255
ST6GALNAC5,0.9999956,1.0001805,0.99989825,0.99975944,0.9999808,0.999886,0.99999356,0.99955666
RAP2A,0.9970163,0.99781394,0.9980396,0.9967277,0.9970594,0.9969024,0.9984989,0.9971646
THAP11,0.9970596,0.99777913,0.99823576,0.9971136,0.99735916,0.9972141,0.99868214,0.99701357
ST8SIA4,0.9971651,0.99786925,0.99825096,0.99701834,0.99717176,0.9975289,0.9987246,0.9967526
MDP1,1.0019274,1.0013251,1.0012815,1.0020502,1.0015738,1.0019655,1.0009735,1.0024977
SPSB3,0.9992306,0.99935716,0.99966097,0.9993123,0.99935377,0.9995893,0.9998181,0.9998676
HCCS,0.99801683,0.9986286,0.99898225,0.99820405,0.9984734,0.998506,0.9993751,0.9984931
GLIS2,1.0015054,1.0011144,1.0009137,1.0014166,1.001365,1.001428,1.0007432,1.0022215
MVB12A,0.99447334,0.9958756,0.99699754,0.9950258,0.99533975,0.99530935,0.9978506,0.9949671
IRX3,1.0062014,1.0046624,1.0031188,1.005295,1.0050979,1.0043993,1.0020101,1.0044475
HOXA13,0.99887323,0.9991533,0.9991667,0.9985761,0.99879324,0.9987842,0.99936634,0.9987687
WDCP,0.9998884,0.9999913,1.0000899,1.0000432,0.99996257,1.0000175,1.0001311,1.0000771
RFXANK,0.99936104,0.9995951,0.9997995,0.999601,0.99967986,0.99945897,0.99989974,0.9998985
NUF2,0.9991774,0.9994385,0.99951035,0.99917173,0.99912846,0.99890876,0.99959177,0.99933034
RHOBTB2,1.0038291,1.0029689,1.0022312,1.003674,1.0034492,1.0031558,1.0015925,1.0030223
ZSCAN5B,0.9986545,0.99898237,0.9991642,0.99855566,0.998671,0.9986416,0.9993397,0.9985737
FOXM1,0.99715656,0.99790573,0.9978049,0.996507,0.99709904,0.99656343,0.9982562,0.9964411
RAD51C,1.0014523,1.0011735,1.0006804,1.0011227,1.0011843,1.0009696,1.0004969,1.0012755
GFOD1,1.0013932,1.0010511,1.0005147,1.0008357,1.0007788,1.0009087,1.0003141,1.0001378
GOLPH3,1.0007122,1.0006267,1.0003383,1.0005155,1.0005991,1.0005667,1.0002748,1.0000656
GORASP1,1.0036147,1.0027392,1.0019917,1.0032673,1.0031955,1.0029345,1.0014508,1.0036085
F11,0.9990834,0.9993019,0.9995675,0.9991704,0.99916416,0.9992524,0.9996881,0.9992292
UBE3B,0.999353,0.9995221,0.9996681,0.9995018,0.99945533,0.9995208,0.99979043,0.9991212
PODNL1,0.9990498,0.99928427,0.9994442,0.9990368,0.99915576,0.99899346,0.99955904,0.99924994
GTPBP1,1.0023971,1.001796,1.0015146,1.0024941,1.0023239,1.0023427,1.0011488,1.0014244
ELAVL4,0.9894886,0.9919544,0.9937755,0.9896419,0.9902595,0.9904624,0.9952755,0.99020493
GRXCR1,0.9967072,0.99750435,0.9980099,0.9966529,0.996889,0.9968914,0.9984898,0.9969293
GID8,0.99808943,0.99854624,0.9988159,0.9980074,0.99821687,0.99827504,0.9991271,0.99805593
MRNIP,1.0089262,1.0066304,1.0056566,1.0091693,1.0084102,1.0090524,1.0044107,1.0088931
FBXO17,1.0036123,1.0026703,1.0020626,1.0033995,1.0030699,1.0031168,1.0014751,1.0027931
MACROD2,1.0017304,1.0013978,1.0010146,1.0016985,1.0016254,1.0015649,1.0008285,1.0018046
SLC29A3,1.0019056,1.0014005,1.000855,1.001397,1.0013864,1.0014478,1.000582,1.0009476
DMAC2,0.99947405,0.9997005,0.9999312,0.9997428,0.9998309,0.9997704,1.0000174,0.99954474
CRYBA2,1.0004781,1.0003604,1.000286,1.0003915,1.0003997,1.0004709,1.0002191,1.0001173
TCEA3,0.9967336,0.99755794,0.9982238,0.9969591,0.9970454,0.9971019,0.9986924,0.99736893
EMC2,1.0000887,1.0000776,1.0006506,1.000824,1.0003521,1.0007851,1.0006293,1.0015371
GBA,1.0034041,1.0025916,1.0024955,1.0039103,1.0034405,1.0038334,1.0020361,1.0039771
CHRM2,1.000029,1.0000391,1.0001516,1.0001743,1.0001484,1.000026,1.000089,1.0000329
TFB2M,1.0020008,1.0014745,1.0014309,1.0022442,1.0018277,1.0023758,1.0012066,1.00238
CDC37,0.99923813,0.9994119,0.99967223,0.9994017,0.9992651,0.9993465,0.9997253,0.99923885
STARD5,0.9999849,0.9999881,1.000099,1.0000296,0.9999979,1.0002601,1.000131,0.99995315
CCKAR,0.99619377,0.9971521,0.99764717,0.99605906,0.9963995,0.9963095,0.9982171,0.9965506
RCHY1,1.0007695,1.000637,1.0006783,1.0009773,1.0008918,1.0009933,1.0005796,1.0009203
PSMB8,0.9981177,0.9986534,0.9989879,0.99825346,0.99835885,0.9984291,0.9992852,0.997821
KLC2,0.99663305,0.99744284,0.99809635,0.99683857,0.99701697,0.9971577,0.9986731,0.9973527
ZNF674,1.0022047,1.0017003,1.0010848,1.0017929,1.0016958,1.0017529,1.0007758,1.0008911
ZNF589,1.0018785,1.0014602,1.0012224,1.0019283,1.0017704,1.0018725,1.0009537,1.0013171
C1QTNF9,0.9957564,0.99679434,0.99746007,0.9957477,0.9960474,0.9960675,0.99809486,0.996086
DNTTIP1,1.00091,1.0008501,1.0006493,1.0010183,1.0011877,1.001016,1.0006182,1.0007939
SNAP25,0.99763894,0.99818593,0.99874336,0.99775565,0.9978521,0.99797815,0.99904096,0.9980538
UBXN6,1.0012664,1.0009695,1.0004786,1.0008769,1.0010054,1.0008647,1.0003235,1.0002077
DDX50,1.0044065,1.0033517,1.0027502,1.0044583,1.0041995,1.0040498,1.0020521,1.0041835
FYTTD1,0.9970256,0.9977222,0.99836266,0.99721676,0.99727607,0.99741465,0.9987739,0.99718964
GYS1,1.0049279,1.003825,1.0033897,1.005474,1.0050348,1.0050877,1.0026684,1.0046381
THEMIS2,0.99940956,0.9995767,0.9996966,0.9994636,0.9995198,0.99955034,0.9997966,0.9990625
OCLN,0.99892414,0.9991113,0.9990354,0.9984404,0.99854076,0.9984448,0.9991921,0.99936485
INTS12,1.0007527,1.0006454,1.0008087,1.0011554,1.0010402,1.001237,1.0007286,1.0010062
FBXO47,0.9989814,0.9992301,0.99933475,0.99881446,0.9988909,0.9988568,0.99946666,0.999103
ARL8B,1.0001444,1.0000633,1.0002289,1.0003278,1.0001934,1.000224,1.0001854,1.0007937
TNC,0.99133337,0.99334866,0.99505454,0.99186057,0.991908,0.9920072,0.99623394,0.9927973
PDCD4,1.0003903,1.0003986,1.0002935,1.000315,1.0002351,0.99994385,1.0001247,1.0005187
ZFYVE1,1.0019505,1.0013287,1.0012379,1.0018966,1.0014994,1.0018694,1.0009575,1.0034759
SPATC1,0.99678814,0.9975625,0.998039,0.9967125,0.9969511,0.99694717,0.99850786,0.99692607
PRSS8,0.9942226,0.9955777,0.99621034,0.99380744,0.99418414,0.99398315,0.9969543,0.9943576
ALG10,1.0020597,1.0014858,1.001301,1.0021114,1.0019972,1.0019436,1.0009633,1.0019922
ICMT,1.002931,1.002311,1.0021225,1.0033245,1.0029154,1.0029002,1.0016267,1.0030301
C5orf51,0.9998969,0.9998576,1.0001466,1.0001757,0.9999045,1.0001351,1.0001646,1.0008631
RAB30,0.9953548,0.9964827,0.99742985,0.9957839,0.9958159,0.99589753,0.99806714,0.9956442
FTH1,0.9939343,0.99539244,0.99619466,0.9936904,0.99410033,0.9941412,0.9970522,0.99382615
AQP5,0.9961555,0.99705815,0.99771106,0.99618375,0.99641013,0.9963789,0.9982374,0.9962394
ZNF410,0.9984272,0.9988194,0.9992788,0.99870586,0.9986793,0.9988786,0.9995301,0.99875534
PCDHB13,1.004583,1.0034627,1.0028375,1.0046016,1.0042871,1.0043346,1.0021505,1.0040368
IMPA2,0.9971832,0.9977293,0.9988371,0.9978596,0.99759924,0.9979561,0.99915147,0.99831593
FGF11,1.0016981,1.0011809,1.0012904,1.0020678,1.0017523,1.0018346,1.0009795,1.0019356
TNNI2,0.9977455,0.998261,0.9985745,0.99763334,0.99775565,0.9977287,0.99886656,0.9976723
NUDT22,1.0001446,1.0000942,1.0001469,1.0000867,1.0000887,1.0001097,1.0000782,1.0001135
APOA4,0.9967072,0.99750435,0.9980099,0.9966529,0.996889,0.9968914,0.9984898,0.9969293
BDKRB1,0.99609816,0.99703443,0.99762857,0.9960449,0.99632907,0.9963107,0.9982029,0.9963434
CA13,1.0004084,1.0003018,1.0004511,1.000628,1.0004724,1.000562,1.0003574,1.0004109
C1orf116,0.99683404,0.9975986,0.99811757,0.99682295,0.9970367,0.9970502,0.9985763,0.997061
PM20D2,0.99955636,0.99971914,0.9999794,0.9998953,0.9998909,0.9996741,1.0000058,0.9997562
WDR4,1.0020119,1.001563,1.0009458,1.0015695,1.0016639,1.0014884,1.000684,1.0012479
WDR54,0.9984392,0.99879575,0.9993795,0.99892735,0.9989621,0.99895465,0.99961495,0.99929184
ITPRIP,1.000826,1.0008128,1.0003124,1.0004301,1.0006304,1.0002525,1.0001785,1.0001528
GLIPR1,0.9981875,0.99862754,0.998752,0.99783194,0.99811643,0.998321,0.99907565,0.9972565
ZNF79,1.0001324,1.0002168,1.0002022,1.0002003,1.0002621,1.0003121,1.0002292,0.99988735
PDGFB,0.9964243,0.99726087,0.9975121,0.9958747,0.99631095,0.9962026,0.99800295,0.995715
MAGT1,1.0004308,1.0004046,1.0001953,1.0002792,1.0003667,1.0001528,1.0001402,1.00035
PURA,1.000526,1.0003839,1.0003446,1.0006034,1.0004977,1.0004247,1.0002129,1.0001397
BPHL,0.9980061,0.99849784,0.99892366,0.9981185,0.99824953,0.9984312,0.9992752,0.99853194
NOVA1,0.9948929,0.996175,0.99702185,0.99505335,0.9954009,0.995497,0.9977832,0.9945584
CRYZL1,1.0014764,1.001158,1.0008134,1.0012332,1.0012708,1.0011979,1.0006136,1.0016543
ERCC8,1.0074089,1.0056808,1.0046955,1.0076354,1.0071063,1.0071687,1.003606,1.0069665
IFIT2,1.0005349,1.0004452,1.0004892,1.0006933,1.0005997,1.0006547,1.0004171,1.0006212
MRPS15,0.9981549,0.99861026,0.9991195,0.9984313,0.9984676,0.99865615,0.9994316,0.99891776
HERPUD1,0.9971713,0.9979086,0.9981759,0.99691975,0.9972906,0.99702,0.99854565,0.99701464
ZNF2,0.99948215,0.99968904,0.99955356,0.9991945,0.9994077,0.9990976,0.9996093,0.9996587
ATG3,0.9970733,0.99778724,0.9986636,0.9976337,0.9976387,0.997827,0.9990827,0.99761295
DSCC1,0.99655044,0.99737245,0.9981836,0.99691427,0.9970103,0.9970659,0.9986654,0.9971117
GRINA,0.9993786,0.9995996,0.99959576,0.99928176,0.99936897,0.9993,0.99967206,0.99882936
GCNT4,0.9976148,0.998205,0.99844396,0.9974071,0.9976599,0.9975799,0.9987953,0.997481
C1orf94,0.99878097,0.99910057,0.99940133,0.9988944,0.9989282,0.99900895,0.9995526,0.9985769
PSMD5,1.0062072,1.0047582,1.0041249,1.0066271,1.0060052,1.005813,1.0030817,1.0063878
SLC4A11,0.99908185,0.99927723,0.9994323,0.9989749,0.9990369,0.9991139,0.99957323,0.99934256
SCRN1,0.9975138,0.99810004,0.9987466,0.99778223,0.99783266,0.99790496,0.99906754,0.9981391
SLFN12,1.0032046,1.0024134,1.0019996,1.0032122,1.002978,1.0031123,1.0015314,1.0026616
FGF18,1.0010185,1.0007793,1.0007117,1.0010917,1.0010705,1.0009907,1.0005457,1.001193
ELL3,0.99891126,0.9991752,0.9994287,0.99896586,0.99900484,0.9989671,0.9995714,0.9995668
C14orf39,0.9998324,0.9998482,0.9998138,0.9996123,0.9997091,0.9997532,0.9998496,0.99978507
PEF1,0.99828625,0.9988514,0.9990355,0.99840564,0.9986481,0.9984653,0.9993432,0.9981696
C12orf40,0.99753785,0.9981686,0.9984759,0.9974078,0.9976189,0.9975518,0.9988183,0.99763143
CLPP,0.9997531,0.9998876,1.0001817,1.0001719,1.0001857,0.9999602,1.0001616,1.0001874
CD209,0.9989509,0.9991876,0.99949205,0.9990227,0.9990778,0.99913234,0.9996308,0.999464
SAXO1,0.99854326,0.99887383,0.99927807,0.9986783,0.998608,0.9988065,0.99946284,0.998718
C8orf76,0.99787194,0.99856865,0.9985485,0.9975658,0.9981646,0.9979347,0.99898577,0.9972532
LAT,1.0026573,1.0019531,1.0016224,1.002692,1.0024375,1.0023457,1.0011566,1.0020419
TNMD,0.9967072,0.99750435,0.9980099,0.9966529,0.996889,0.9968914,0.9984898,0.9969293
KLF5,1.0039309,1.0029931,1.0021198,1.0035539,1.0034562,1.0032278,1.0015411,1.0032136
B3GNT2,1.0007398,1.0005202,1.0000703,1.0000601,1.0002756,1.0003285,1.0000368,1.0002772
SIRT7,1.0036659,1.0027806,1.0024841,1.0040064,1.0035888,1.0038213,1.0019612,1.0036093
SPATA2,1.0031962,1.0024335,1.0017748,1.0030029,1.002869,1.0028259,1.0013356,1.0020387
AP5M1,1.0036589,1.0029691,1.0023483,1.0036349,1.0035424,1.003543,1.0018675,1.0038722
RABL6,0.99705106,0.9977736,0.9981245,0.99700207,0.99722767,0.997121,0.9985936,0.99707675
PDK3,1.0001581,1.0003502,1.0001447,1.0000224,1.0003698,0.99984866,1.0001066,1.0004187
UGT2B4,0.9945822,0.9959216,0.9967859,0.9946843,0.9950371,0.9948858,0.9975667,0.99537474
TMPRSS11B,0.999189,0.9994285,0.9999471,0.99974185,0.9996046,0.99970645,1.0000398,1.0000046
CHERP,1.0012298,1.0010492,1.0008085,1.0012327,1.0012333,1.0010717,1.0006013,1.0007799
NUBPL,1.0047648,1.0036315,1.0026993,1.0043209,1.0040921,1.0041783,1.0020176,1.004276
CLEC4F,0.99662846,0.9974439,0.99796766,0.99658406,0.99682474,0.9968332,0.9984621,0.9968923
VTI1B,1.0034815,1.0026649,1.0021367,1.003541,1.0035095,1.0034415,1.0016927,1.0028008
PON1,0.99927104,0.99942523,0.99983865,0.999521,0.9994533,0.99972045,0.9999738,1.0004021
TIGD4,1.0033746,1.0027497,1.0017289,1.0028701,1.0030525,1.0027119,1.0012817,1.001668
RXFP3,0.99748784,0.9980787,0.99850464,0.9974618,0.9976235,0.99763274,0.99885833,0.99780285
NKX2-8,0.99811935,0.99850714,0.9985819,0.9976487,0.9978368,0.9977659,0.9988107,0.99792075
LPAR5,0.9942709,0.9956808,0.99637467,0.99396926,0.9945337,0.9945054,0.9972394,0.99410105
ZNF284,1.0036486,1.0026948,1.0020187,1.0032866,1.0031832,1.003029,1.0014665,1.0038848
DOLPP1,1.0036085,1.0027242,1.0025516,1.0041006,1.0036162,1.0038332,1.0020151,1.0040596
UBE2Z,0.9932296,0.9948822,0.99560225,0.9928697,0.99338245,0.99309796,0.9965395,0.99269086
PERM1,0.9978221,0.9983711,0.99871457,0.9977797,0.9979482,0.998013,0.99904126,0.99800634
PTHLH,1.0000093,1.0000539,0.9999595,0.99987674,0.9999032,0.9998524,0.999941,0.99987984
SNX21,0.9999006,0.9999219,1.0001281,1.0001853,1.0000631,1.0000054,1.0001049,1.0003506
PLTP,0.9911083,0.9933568,0.99478877,0.991279,0.9920137,0.9921658,0.99629545,0.9929491
FAM53A,0.9997281,0.9997736,0.9997978,0.99959683,0.99957776,0.9995884,0.9998008,0.99949366
GMEB1,1.0042508,1.003342,1.0026846,1.0041416,1.0040569,1.004092,1.002124,1.0046145
SNX8,0.9991654,0.99943584,0.9995371,0.99916804,0.999297,0.99923575,0.99967885,0.99870634
GFI1,0.9974886,0.9981036,0.9985565,0.99750805,0.99760056,0.99774134,0.9989232,0.9976597
PITPNB,1.000693,1.0005673,1.000642,1.0009115,1.0007815,1.0009359,1.0005665,1.001092
BMP8A,1.0022707,1.0017357,1.0018525,1.0028915,1.0024675,1.0027624,1.001512,1.0027958
MAFF,1.0013478,1.0010647,1.0007973,1.0012307,1.0012763,1.0011709,1.0005894,1.0008938
NECAB1,0.9979005,0.99843764,0.9987875,0.99810505,0.99803984,0.998072,0.9990841,0.99719185
ZFYVE26,1.0023239,1.0017636,1.0014828,1.0023768,1.0021834,1.0021359,1.0011692,1.003096
ADRB3,0.9967072,0.99750435,0.9980099,0.9966529,0.996889,0.9968914,0.9984898,0.9969293
NPTX2,0.99888605,0.99904346,0.99877363,0.99814177,0.9982823,0.9976868,0.99877393,0.99816227
VASH2,0.9843905,0.9881269,0.99011654,0.9838015,0.985103,0.9851669,0.9925095,0.9848069
FKBP8,0.9963021,0.99724096,0.99794513,0.99657655,0.9967593,0.9969632,0.998561,0.9963438
H2AFX,0.9967072,0.99750435,0.9980099,0.9966529,0.996889,0.9968914,0.9984898,0.9969293
CCNJ,1.0015361,1.0010226,1.0011613,1.0018703,1.0015724,1.0018805,1.0009158,1.0014448
TUFT1,1.0022445,1.001699,1.0014876,1.0022889,1.0020372,1.0021183,1.0011175,1.0024761
RBBP8NL,0.9968776,0.9976351,0.9980715,0.996761,0.9969914,0.99697345,0.9985142,0.99697924
C1QTNF3,0.9995949,0.9998454,0.9996685,0.99943733,0.9998939,0.9997728,0.99989617,0.99920464
YJU2,1.0029783,1.0023069,1.0018945,1.0030044,1.0028303,1.0028902,1.0015382,1.004031
RAB3D,1.0010991,1.0008162,1.0004362,1.0007201,1.0007633,1.0007892,1.0003234,1.0007735
FHL5,0.9999416,0.9999473,1.0000021,0.9999016,0.9998535,0.9999361,0.99999404,1.0000457
RPS3,0.99702734,0.9976816,0.99799204,0.9966676,0.99685425,0.99693483,0.998379,0.99665725
PIGM,0.99968636,0.9996816,1.0000478,1.0000119,0.999884,1.0000703,1.0000811,1.0003866
MKRN3,1.0007198,1.0004196,1.0003196,1.0004271,1.0005379,1.0004733,1.0002462,1.0019864
CLN8,1.0012357,1.0009181,1.0008373,1.0012708,1.0011766,1.0014467,1.0006967,1.0008447
PRSS57,0.99689966,0.9976497,0.9981476,0.99687153,0.9970825,0.9970917,0.9985966,0.99718827
EYA2,0.9952016,0.996392,0.9974458,0.99566925,0.99587274,0.9958194,0.998122,0.99604034
ZNF280C,0.99930465,0.9994755,0.9996186,0.9993547,0.99940217,0.9993324,0.99971676,0.9991251
TATDN3,1.000785,1.0006077,1.0007169,1.0010848,1.0009434,1.0008774,1.0005684,1.001296
CELA1,0.9975517,0.99816966,0.99844974,0.99738514,0.9976022,0.99751216,0.99878454,0.9975217
BMI1,0.9958383,0.99692786,0.9972805,0.995517,0.9959954,0.9957353,0.99789906,0.9956399
SPEM2,0.99708605,0.9977881,0.99829185,0.9970943,0.99735045,0.9973642,0.99874437,0.9977187
SAMD15,1.0007495,1.0006323,1.0003831,1.0004925,1.0005435,1.000669,1.0003257,1.0003177
GPD1,1.0001395,1.0000985,1.0000229,1.0000489,1.0000111,0.99973047,0.99998534,1.0016963
ANKRD29,0.99895686,0.999243,0.9991253,0.9986336,0.99894524,0.99864334,0.99928594,0.9982799
SC5D,0.99261785,0.99439836,0.99566436,0.99276406,0.99315035,0.9933795,0.99677217,0.99317396
TONSL,0.99979544,0.99993503,0.9997555,0.9996555,0.9996244,0.999274,0.99969935,0.99893296
MTA1,0.9972807,0.9980587,0.99822325,0.99700856,0.99733233,0.9972751,0.99867,0.9970734
GPRC5A,0.9994776,0.99957824,0.99954605,0.9991993,0.99931103,0.99927366,0.99961746,0.99951285
ARL1,0.99854165,0.9989441,0.9993371,0.99880654,0.9988851,0.9990145,0.9996195,0.999063
CCNA2,0.99892914,0.9993058,0.99921817,0.9987069,0.99887764,0.99852824,0.9993688,0.9988336
SLC30A4,1.0006506,1.0004326,1.0005147,1.0007578,1.0006735,1.0006325,1.0003802,1.0014626
POLDIP2,0.9996072,0.99981654,0.9997666,0.9995729,0.9997779,0.99950945,0.9998365,0.9994427
ZNF431,1.0047457,1.0035391,1.0029633,1.0048381,1.0044515,1.0046718,1.0022353,1.0034666
OSGEPL1,1.0019714,1.0014812,1.0014508,1.0023112,1.002008,1.0020168,1.0011318,1.0025934
JUP,0.99393153,0.99530685,0.99609756,0.9935727,0.99408877,0.9939903,0.9969371,0.99387884
ZMYND12,1.0000246,0.9999637,1.0000725,1.000029,0.9999607,1.0000343,1.0000505,1.000341
ABHD17A,1.000702,1.0006146,1.0002927,1.0004636,1.0005816,1.0005023,1.0002291,0.9994575
NMNAT1,1.0031863,1.002476,1.0019761,1.0031654,1.0028977,1.0028834,1.0014746,1.0026867
SYNE4,1.0008467,1.0006552,1.0002586,1.0004117,1.0004998,1.0003226,1.0000966,1.000222
TM9SF1,0.9991466,0.99930793,0.99988025,0.9997045,0.9994127,0.99965364,0.9999836,1.0000708
UGT2B28,1.0008255,1.0006284,1.0003564,1.000571,1.0006486,1.0006557,1.0002527,1.000061
IFIT1B,0.99661434,0.99743915,0.99793386,0.99654126,0.9967965,0.9967594,0.9984242,0.99672914
TRIM69,0.99889195,0.9991791,0.9996245,0.999237,0.999283,0.9994881,0.9998282,0.9989279
B3GNT9,0.99767494,0.9982668,0.9985836,0.9976157,0.99781644,0.997717,0.99890804,0.99774474
AZI2,0.99446845,0.9958799,0.99679744,0.9945239,0.9949856,0.99510896,0.99764687,0.99486244
ATCAY,0.99568975,0.99675447,0.99722975,0.9953747,0.99575996,0.99562013,0.9978139,0.9956553
KCTD17,1.0023699,1.0018716,1.0012136,1.0020083,1.0018829,1.0018071,1.0008963,1.0017768
ASB18,0.9973764,0.9980571,0.9983782,0.99726415,0.99756896,0.9973676,0.9987558,0.99774384
PDLIM3,0.99700224,0.99777746,0.9979364,0.9966535,0.99692297,0.99660933,0.99837124,0.9967039
CAPG,0.9930129,0.99484456,0.99573874,0.99288523,0.9935376,0.99333954,0.9968169,0.9933541
BTN2A1,1.0035871,1.0028105,1.002454,1.0038888,1.0036272,1.0034504,1.0018904,1.0042182
SLC38A9,1.0023179,1.0016818,1.0016212,1.0025051,1.0022248,1.0026016,1.0013114,1.0027394
TMEM44,0.99970883,0.9995855,0.9998811,0.99979496,0.9995872,0.9997978,0.99988,1.0002921
ZDHHC12,0.9996944,0.999857,0.99956274,0.9992114,0.9994013,0.99915385,0.99955636,0.9988178
NUFIP1,1.0014217,1.0012563,1.0009234,1.0013925,1.0014653,1.0012479,1.0007492,1.0013344
ZNF195,0.99620116,0.9970603,0.9975424,0.99589026,0.99629307,0.9964794,0.9981401,0.9959081
ATXN7L2,1.007025,1.005392,1.003775,1.0061997,1.0059925,1.005977,1.0028,1.0055454
FEZ1,1.0005789,1.0004176,1.0005898,1.0008851,1.000601,1.000825,1.0004508,1.000494
CEP68,1.0038958,1.0028973,1.0022155,1.0036048,1.003219,1.0033314,1.001563,1.002854
KCTD16,1.0065749,1.0050008,1.0038981,1.0064062,1.0060854,1.0061929,1.0029652,1.0052369
MAGEC1,0.9967072,0.99750435,0.9980099,0.9966529,0.996889,0.9968914,0.9984898,0.9969293
SLC35B4,1.0019423,1.0014334,1.00138,1.0021601,1.0018065,1.002029,1.001057,1.0019677
C4orf50,0.9967072,0.99750435,0.9980099,0.9966529,0.996889,0.9968914,0.9984898,0.9969293
C1orf43,0.99879074,0.99910605,0.99902964,0.9984101,0.99863684,0.99841344,0.99920726,0.9988345
KLK10,0.9987632,0.99906397,0.9993657,0.9988744,0.99878645,0.9989153,0.9995265,0.99887
CNOT7,0.998694,0.9990292,0.9992025,0.9986216,0.99875283,0.9987824,0.9994173,0.9988027
ZNF416,1.003093,1.0023398,1.0014324,1.0023648,1.0023516,1.0022461,1.0010244,1.0027483
LRRC32,1.0073788,1.0055901,1.0043851,1.0071182,1.0066137,1.0068221,1.0032992,1.0064552
FOLR2,0.9939873,0.99545014,0.9963515,0.9939656,0.9943106,0.9944469,0.9972497,0.993884
SEPHS1,0.99880517,0.99908584,0.9996666,0.9993667,0.9991486,0.99934834,0.99983305,0.9994837
RRAS,1.0085421,1.0064924,1.0050786,1.0082014,1.007563,1.0078523,1.0038205,1.0078048
MPPED2,0.99761295,0.99819374,0.9989295,0.99800646,0.9979673,0.99812394,0.999224,0.9986123
WBP4,1.0002156,1.0002062,0.9999907,0.9999558,1.0000813,0.9998892,0.9999429,0.9999232
HPX,1.0012549,1.000966,1.0006704,1.0010555,1.0011438,1.0011735,1.0005763,1.0013597
TK1,0.9980303,0.9985038,0.99842,0.99754435,0.9978223,0.9971228,0.9985751,0.9971181
KRAS,0.9968606,0.99767375,0.9982132,0.9970532,0.99728584,0.99738455,0.99872553,0.99657804
EIF3M,0.99982333,0.9998789,0.9998428,0.999698,0.99973524,0.9997784,0.999882,0.9996275
GFI1B,0.9988842,0.9991394,0.9994085,0.99892235,0.9989771,0.9990401,0.9995521,0.9988111
ANXA9,0.996603,0.9974026,0.9979758,0.9965945,0.9968064,0.9968542,0.9984752,0.99702
GOSR1,1.0005157,1.0003347,1.0004728,1.0006615,1.0004343,1.0006081,1.0003357,1.0008118
DNAJC27,1.0000693,1.0001026,0.99962497,0.9993628,0.99975824,0.9991201,0.99955904,1.000189
ZNF28,1.0020349,1.0015041,1.0011258,1.0017803,1.0017105,1.0019271,1.0009,1.0018506
PIGK,0.9991659,0.9993688,1.0001532,1.0000236,0.9997271,1.0002611,1.0003285,0.99995935
DNAJC9,1.0002973,1.0002538,1.0000325,1.000072,1.0001779,0.9997917,0.99992085,1.0000378
STK17B,0.9942095,0.99572825,0.99690735,0.9948288,0.99502206,0.99491715,0.9977032,0.9943548
FCF1,1.0057738,1.004372,1.0032734,1.0053471,1.0049812,1.0047282,1.0023006,1.0046716
TMEM129,1.0020622,1.0015352,1.0008932,1.0014602,1.0013303,1.0013254,1.0005567,1.0010628
RNASEH2C,0.99530554,0.99640906,0.9975872,0.99586976,0.9960247,0.99616945,0.99830556,0.99703586
LEFTY1,0.99943984,0.99958485,0.9995084,0.9991447,0.9992955,0.99926054,0.99958956,0.9989548
AURKA,0.9975238,0.9981779,0.99838424,0.9973383,0.99741375,0.9972708,0.9986944,0.9969077
PPP1R3C,0.9978497,0.99846554,0.9984286,0.99738574,0.99791646,0.99756336,0.99889386,0.9991932
RFTN2,0.9965458,0.9974928,0.997866,0.99655974,0.9967934,0.99655235,0.9984033,0.9967699
IMPA1,1.0012767,1.0010238,1.0008085,1.0013307,1.0013582,1.0012207,1.0006797,1.0016347
DMTN,0.99532187,0.9964677,0.99748755,0.9958385,0.9958668,0.99593997,0.9981101,0.9954486
ANXA13,0.9968146,0.99758285,0.9980695,0.9967543,0.99697936,0.9969673,0.99852663,0.99701464
THPO,0.99682236,0.99759644,0.998119,0.9968127,0.9970433,0.9970687,0.99859786,0.997275
C18orf63,0.9967088,0.9975005,0.9980086,0.9966544,0.99688864,0.9968978,0.99848986,0.99694204
PYCR2,1.0009462,1.0008767,1.0006857,1.0009567,1.000919,1.0009847,1.0006133,1.0011778
ADARB1,1.0023056,1.0016887,1.0012373,1.0020463,1.0019764,1.0019385,1.0009258,1.0024649
OPCML,0.99849933,0.99898636,0.99951696,0.9989983,0.99904734,0.99928534,0.99980265,0.9984237
CIAPIN1,1.0001048,1.0000601,1.0001562,1.000179,1.0001209,1.0003009,1.0001433,1.0000288
COPE,0.9985999,0.99897987,0.999305,0.9987613,0.99885297,0.99890697,0.9995266,0.99873126
SSUH2,0.9992696,0.99943423,0.99961495,0.99929583,0.9992772,0.99937296,0.9997221,0.9991879
CYB5D2,1.0017328,1.0013093,1.001235,1.001935,1.0017813,1.0018849,1.001014,1.0021998
MARCH5,0.9967072,0.99750435,0.9980099,0.9966529,0.996889,0.9968914,0.9984898,0.9969293
HSD17B1,0.99887717,0.9990907,0.9995381,0.999169,0.9991977,0.9995474,0.99981284,0.99944925
NEUROG3,0.9967072,0.99750435,0.9980099,0.9966529,0.996889,0.9968914,0.9984898,0.9969293
ARMH4,1.0022194,1.0017087,1.0010751,1.0017769,1.001689,1.0016202,1.0007222,1.0013748
MROH2B,0.99771935,0.99827135,0.9986911,0.99778634,0.9978974,0.997957,0.9990212,0.9976341
UNC50,0.9996923,0.9998121,0.9996312,0.99946153,0.99954975,0.9991938,0.9996178,0.9992454
TEPSIN,1.0016445,1.0012765,1.0012746,1.0019991,1.0019405,1.0019063,1.0010419,1.0014095
GHSR,0.99862325,0.999041,0.9988797,0.9981239,0.9984598,0.9981296,0.9990691,0.9985335
SIAH1,0.99780834,0.99829674,0.9988277,0.99803424,0.99807644,0.99816996,0.9991287,0.9979523
DPEP2,0.9971025,0.9977962,0.9983339,0.9971452,0.9973699,0.9974201,0.99875903,0.9974895
STPG3,0.9967072,0.99750435,0.9980099,0.9966529,0.996889,0.9968914,0.9984898,0.9969293
NDUFAF1,1.0037014,1.0028632,1.0022566,1.0036362,1.0034993,1.0035757,1.0017712,1.0031343
GTF2E2,0.99616015,0.9971115,0.9978996,0.99642265,0.99666166,0.99668443,0.9984944,0.9969854
ALKBH1,1.0038927,1.002943,1.0022087,1.0036077,1.0034598,1.0034587,1.0016532,1.0029712
SURF4,0.99803895,0.9985577,0.9991052,0.99840117,0.9983518,0.99845195,0.9993851,0.9986607
ELMOD3,1.0053328,1.0040371,1.0031983,1.0053556,1.0050362,1.0050256,1.0024523,1.0045284
ARRDC4,1.0069221,1.0052054,1.004204,1.0069001,1.0062562,1.0065147,1.0031747,1.0061738
ABRAXAS2,1.0028093,1.002148,1.0014527,1.0024542,1.0024618,1.0020669,1.0009978,1.0018983
ZNF846,0.9989198,0.9991593,0.9993764,0.9988194,0.9989933,0.9991745,0.99958754,0.9990478
AKIRIN2,0.9943211,0.9956771,0.99638975,0.99404275,0.9944936,0.99441206,0.99721533,0.9945265
SYT4,0.99178493,0.9937804,0.99508035,0.9918287,0.9924171,0.99267006,0.9963595,0.9921217
HM13,1.0001353,1.0001632,1.0001093,1.000072,1.0000923,1.0002017,1.0001302,1.0001761
AK1,0.99854535,0.9988836,0.99915344,0.9985446,0.9986315,0.9987763,0.9994089,0.9985917
PRLHR,0.99656504,0.997398,0.99789137,0.99643415,0.9966984,0.9967193,0.9984791,0.9981743
PIM2,0.99902415,0.99926764,0.99988496,0.99974656,0.9995685,0.99981356,1.0000781,0.9998412
SLC12A3,0.9975463,0.99814284,0.99865633,0.99769056,0.99777955,0.99789333,0.99901867,0.9977624
ARHGEF39,0.9989256,0.9993442,0.9991333,0.9986713,0.99908173,0.9983899,0.9992864,0.9982279
STX10,0.9979292,0.99854624,0.9988961,0.99814105,0.9982914,0.9982266,0.9992832,0.99888974
TMEM108,0.99916947,0.99938494,0.999611,0.9992163,0.99931467,0.999574,0.9998369,0.99996376
DUSP6,1.0001824,1.0001934,1.0002633,1.0004026,1.0003552,1.0003588,1.0002451,1.0001359
RTL5,1.0006131,1.0004188,1.0001279,1.0003005,1.0003574,1.0002561,1.0000324,0.99935234
HTR3C,0.9969902,0.99773014,0.9981011,0.99685764,0.9971279,0.99704134,0.99853635,0.9968922
NEMP2,1.0008545,1.0007217,1.0002129,1.0004104,1.000368,1.0000354,1.0000277,1.0000396
POM121L2,0.9967072,0.99750435,0.9980099,0.9966529,0.996889,0.9968914,0.9984898,0.9969293
PTGFR,1.0021156,1.0015752,1.0013369,1.002163,1.0020412,1.0020987,1.0010626,1.0021251
PAPSS1,0.9980999,0.998565,0.99915206,0.998453,0.9984777,0.99854994,0.9993883,0.99853164
RPL6,0.9982021,0.99860847,0.9988371,0.9980437,0.99809843,0.99822354,0.9990587,0.9977759
RLF,0.99816585,0.9985751,0.9991026,0.998412,0.99844587,0.99862444,0.9993578,0.99839413
ZPBP,0.9968513,0.9976162,0.9981281,0.9968307,0.99702984,0.9970732,0.9985834,0.99702847
JMJD7,1.0016261,1.0011674,1.0012593,1.0019906,1.0017259,1.001998,1.0010341,1.0017027
SERPINA11,0.9969953,0.9977243,0.9981477,0.99688625,0.99712086,0.9971081,0.9985834,0.9971055
PLPP7,1.001363,1.0011168,1.0010943,1.0016781,1.0015135,1.0015566,1.0008736,1.0008911
UBE2W,0.99853384,0.9988543,0.9990901,0.9984385,0.99863327,0.99873376,0.9993627,0.9989215
NMUR2,0.99696827,0.9977001,0.99817455,0.9969204,0.9971279,0.9971509,0.99861515,0.9971516
GAR1,1.0015976,1.0011964,1.0011016,1.0017873,1.0015657,1.0014167,1.000768,1.0011268
C19orf57,1.0075561,1.005786,1.004132,1.0068182,1.0065806,1.0062797,1.0030171,1.0063906
CHIT1,0.9967072,0.99750435,0.9980099,0.9966529,0.996889,0.9968914,0.9984898,0.9969293
CDR2,1.010175,1.0077263,1.0061585,1.0100268,1.0096469,1.0098126,1.004732,1.0085436
GLYATL1,0.9977113,0.9982679,0.9986818,0.9977377,0.9978901,0.9979125,0.9990115,0.9978811
YWHAQ,0.9952605,0.99640083,0.9970529,0.9950863,0.99537206,0.9954525,0.9977099,0.99513716
SSR1,0.99666435,0.9974673,0.99814165,0.99686086,0.9969425,0.9970703,0.99862826,0.9973117
FHOD1,1.0030499,1.0022144,1.0018284,1.0030094,1.0027369,1.0028193,1.0013549,1.0026178
DUSP26,1.0033892,1.0025852,1.0019089,1.0031176,1.0029725,1.0029535,1.0014198,1.0029103
H2AFJ,0.9967072,0.99750435,0.9980099,0.9966529,0.996889,0.9968914,0.9984898,0.9969293
NAF1,0.99998677,0.9999945,1.0001444,1.000155,1.0001069,0.9999987,1.0000827,0.9996438
DHRS12,0.9983257,0.9987662,0.9991676,0.9985155,0.99867654,0.9988268,0.999509,0.9991843
KCTD15,0.9976171,0.9981966,0.9985316,0.99749446,0.99768585,0.9976876,0.9989245,0.99816006
SLC39A11,0.99838114,0.99871445,0.99937665,0.99891746,0.998651,0.99897087,0.9996097,0.9988395
PLAG1,1.003225,1.0024389,1.0018786,1.0028825,1.0026157,1.0026336,1.0013125,1.0032756
ZNF792,1.0007995,1.0006154,1.0003537,1.0005002,1.0005829,1.0007079,1.0003005,1.0004152
CAPZA2,0.9988711,0.999111,0.9994395,0.99896806,0.9989573,0.9991629,0.99959505,0.99902856
MIA2,1.0049107,1.003742,1.0031772,1.0051428,1.0049573,1.0050738,1.0025612,1.0050533
WBP1L,0.99117565,0.99329436,0.9943404,0.9906841,0.9913679,0.99119216,0.99565375,0.9921299
RAB33A,0.998754,0.9990887,0.9995121,0.99913466,0.99924934,0.9993094,0.99978703,0.9999527
TATDN1,1.006361,1.0050083,1.0036162,1.0059311,1.005777,1.0054824,1.0026904,1.0050292
FAM83E,1.0008899,1.0006278,1.0004189,1.0006589,1.0007079,1.0006945,1.0002954,1.0006025
QKI,0.9937935,0.9953116,0.9960818,0.993598,0.99389297,0.9937155,0.9969289,0.99404633
SH2D7,0.99659854,0.9974133,0.99794126,0.99655354,0.9967921,0.9967953,0.9984393,0.99687505
APOBEC3B,0.9985031,0.9988903,0.9990773,0.99843615,0.9986229,0.99854815,0.99930966,0.99848944
HSPB7,0.9977476,0.99830276,0.99863815,0.99770314,0.99787694,0.99786043,0.998965,0.99774915
SELL,0.99950993,0.99964976,0.9995303,0.9991791,0.999319,0.99934524,0.9996519,0.9993783
HIC1,1.0053915,1.004106,1.0031935,1.0051789,1.0048797,1.0049423,1.0024168,1.0045668
ZNF768,0.99817824,0.9985074,0.99888337,0.998128,0.99789274,0.9979196,0.99900806,0.9980563
LRRC42,0.99965465,0.99979544,0.99980867,0.9996105,0.99973917,0.9995165,0.9998887,1.0005932
POLR2B,0.9965513,0.9973816,0.99802315,0.9966327,0.9967885,0.9968625,0.99847436,0.9964836
RNFT1,0.99850726,0.9989261,0.99871445,0.99806464,0.9984028,0.9981153,0.9990178,0.9977158
FOXI2,0.9967072,0.99750435,0.9980099,0.9966529,0.996889,0.9968914,0.9984898,0.9969293
STRADB,1.0019126,1.0014527,1.0017908,1.0027283,1.0022277,1.0025945,1.0015347,1.0037163
WIPF3,0.9993082,0.9995376,0.9998373,0.999576,0.99947524,0.9996891,0.99991876,0.99862045
RTF2,1.0007424,1.0005987,1.000562,1.0008333,1.0007534,1.0007442,1.0004256,1.0006275
PIGN,0.9998008,0.99991584,1.0002738,1.0004382,1.0002983,1.0005885,1.0003935,0.999259
FAM47A,0.9973961,0.99801826,0.9984309,0.9972938,0.99745226,0.9975544,0.9988179,0.9979563
FGFR2,0.99242914,0.9941659,0.9951746,0.9921161,0.9923915,0.9926623,0.9963008,0.992998
PRSS54,0.9967072,0.99750435,0.9980099,0.9966529,0.996889,0.9968914,0.9984898,0.9969293
FOXA3,0.9967072,0.99750435,0.9980099,0.9966529,0.996889,0.9968914,0.9984898,0.9969293
TERF1,1.0000709,1.0001109,0.99997926,0.99990773,0.9999391,0.9998304,0.99994123,0.9999863
DAP3,1.0000286,1.0000775,1.0001986,1.0001342,1.0002325,1.0003669,1.0002413,1.0001734
CKAP5,0.99824643,0.9987175,0.9990599,0.9983221,0.99838114,0.9985695,0.9993675,0.9988271
ZNF205,1.004555,1.0033934,1.0028203,1.0045366,1.0040355,1.0041356,1.0020969,1.004829
BHLHE40,1.00108,1.0006769,1.000898,1.001334,1.0006963,1.0012543,1.0006636,1.0015845
ZNF329,1.0012125,1.0008334,1.0012877,1.0018418,1.001633,1.0020795,1.0011973,1.0034546
PPID,1.0016456,1.0012889,1.0013086,1.0020156,1.0018845,1.0019618,1.0010952,1.0021137
DIABLO,1.0025957,1.0019542,1.0017178,1.0027249,1.0024651,1.0026093,1.0013344,1.0028331
SOWAHC,0.9969135,0.9975307,0.9987129,0.9978241,0.9975963,0.99780154,0.9991614,0.9992956
ZNF266,1.0044589,1.003429,1.0023875,1.0038351,1.0036626,1.0034692,1.0016841,1.0040524
RPS3A,0.99401486,0.9954083,0.9962064,0.99372184,0.99407756,0.994157,0.9970243,0.99381495
E2F1,0.990358,0.99282384,0.99403757,0.9900873,0.99085057,0.9904134,0.9953823,0.9909633
CRYGA,0.9982819,0.9986601,0.99913526,0.9985058,0.9984944,0.9985212,0.9993333,0.99844086
NEPRO,0.99995005,1.0000274,0.9999136,0.9998184,0.9999089,0.99962556,0.9998858,0.9999477
NEIL3,1.0044912,1.0034857,1.0024872,1.0040894,1.0039095,1.003358,1.0016766,1.0029562
CTSZ,0.9989441,0.9991951,0.9990035,0.99831915,0.998466,0.99824214,0.9990907,0.9985389
NOX3,0.99953127,0.9996106,0.99988174,0.99967724,0.99958193,0.99976826,0.9999435,1.0000196
DOK2,1.0002031,1.0001642,1.0000969,1.0000728,1.0000777,1.0000801,1.000053,0.9999957
GINS1,1.0015581,1.0012547,1.0007455,1.0012347,1.0010873,1.0007733,1.0004185,1.0006976
PGC,0.9974315,0.9980929,0.99849,0.99743205,0.9976522,0.9975609,0.9988514,0.99761367
MFAP4,0.99114454,0.9933706,0.99468136,0.99112546,0.9919807,0.99172795,0.9960465,0.9925915
RGS20,0.9905249,0.9929054,0.99431276,0.9907149,0.99137926,0.9910562,0.99570155,0.9905342
HS3ST3B1,1.0002604,1.0002553,1.000233,1.0002881,1.0003133,1.000333,1.000216,1.0001724
PSG6,1.0004816,1.0003905,1.0002528,1.0002536,1.0003202,1.0002162,1.0001296,1.0005809
LCMT1,0.99924576,0.99938285,0.99984527,0.9995687,0.99951994,0.9995635,0.9999013,0.99999845
FBXL3,0.99951667,0.9996698,0.99948674,0.9990814,0.9992386,0.9992454,0.99959576,0.9991052
TIMM21,1.0019703,1.0014882,1.0012968,1.0020379,1.001885,1.001704,1.0009382,1.0019896
ARMC12,1.0005107,1.0004426,1.0003166,1.0004256,1.0004241,1.0004232,1.0002213,0.9999211
PARP16,1.0024362,1.0019352,1.0016284,1.0024972,1.0023599,1.0024385,1.0012788,1.0023255
TNFAIP1,0.9953666,0.9964251,0.9973428,0.9955576,0.9954492,0.9955402,0.9978912,0.9958511
PAQR3,0.99683106,0.99765253,0.99789596,0.99660647,0.99703646,0.99689937,0.9984025,0.996027
CNOT8,0.99439335,0.99575573,0.9969281,0.9948229,0.9950164,0.99521405,0.99776566,0.99528384
CENPI,0.999001,0.9992907,0.9993765,0.9988798,0.9989579,0.9990007,0.9995202,0.99872535
DCN,1.0060586,1.0047674,1.0033121,1.0054142,1.0053601,1.0050533,1.002448,1.0045288
MISP,0.9967463,0.9975292,0.99802446,0.996683,0.99691594,0.9969106,0.99849653,0.9969721
CLNK,0.9971064,0.9978014,0.99824536,0.9970442,0.99724543,0.99723196,0.9986558,0.99726045
SLC22A25,0.99668026,0.99747914,0.9979962,0.99663115,0.996866,0.99687994,0.99848247,0.99692774
CRYM,0.99209285,0.9940306,0.9958683,0.9930109,0.9933969,0.9936546,0.9971545,0.9944804
SELENOI,1.0008242,1.0006056,1.001052,1.0015427,1.0012048,1.0014596,1.0008919,1.0013483
NFKBID,0.9988626,0.9991206,0.9992796,0.99870527,0.99886453,0.99886787,0.99943113,0.99901116
HSD17B13,1.0018003,1.001413,1.0009478,1.0014815,1.0015087,1.0013145,1.0006406,1.001405
CPA2,0.99766356,0.99822605,0.99873626,0.99783003,0.99792945,0.9979627,0.9990628,0.99791247
AKAP3,0.99694455,0.99768746,0.99812853,0.99687886,0.9971125,0.9970082,0.9985417,0.9967532
CNN1,0.9974097,0.99802536,0.99841416,0.99734765,0.99756014,0.99749815,0.99879235,0.9977619
APCDD1L,0.9987767,0.99905574,0.9993448,0.9987979,0.9987421,0.9988799,0.99948704,0.9989642
PEX14,1.0017548,1.0013182,1.0010138,1.0017312,1.0016272,1.0014379,1.0007385,1.0014715
TRIM29,0.9973538,0.997996,0.9983677,0.99725723,0.99744046,0.99740016,0.9987279,0.9973613
THAP3,1.0016289,1.0013425,1.0013869,1.0020351,1.0018773,1.0021353,1.0012139,1.0021123
TM9SF4,0.997911,0.99844307,0.9988594,0.99811524,0.99804723,0.998106,0.99913216,0.99763536
ABHD17B,1.0009642,1.00066,1.00034,1.0006177,1.00055,1.0005257,1.0001762,1.0003556
IL1R1,1.0037696,1.0028632,1.0022454,1.0035429,1.0032036,1.0033096,1.0016451,1.0034422
RPL13A,0.9981759,0.9985939,0.9987616,0.9979146,0.99801207,0.99798876,0.9989952,0.9982573
UBQLN3,0.9968146,0.99758285,0.9980695,0.9967543,0.99697936,0.9969673,0.99852663,0.99701464
NGDN,0.9994377,0.99952245,0.9997967,0.9995773,0.99942404,0.9994652,0.9998239,1.000515
RSPO1,0.9973995,0.99804276,0.9983535,0.9972435,0.99744594,0.99742824,0.99872303,0.997219
CHID1,0.99901605,0.99922776,0.9997599,0.99950904,0.9992893,0.9994391,0.9998777,1.0001079
LHFPL3,1.0000291,1.0003194,0.99980265,0.999619,0.9998419,0.9993582,0.99984133,1.0001183
LRR1,1.0008535,1.0007576,1.0005265,1.0008335,1.0009443,1.0004231,1.0003626,1.0009311
MMAB,1.0017587,1.0013832,1.0010967,1.001703,1.001627,1.0015398,1.0008273,1.0016028
FCMR,0.9998257,0.9998721,0.99972165,0.9995189,0.9995209,0.9994687,0.99970746,0.9994292
SLC16A6,1.0005006,1.0004268,1.0002637,1.0002925,1.0004681,1.0005813,1.0002747,1.0002658
RAB4A,0.9960803,0.99710834,0.99794364,0.9965122,0.9967965,0.99685013,0.99858904,0.99662375
WDR61,0.9999149,1.0000126,0.9999999,0.9999667,0.9999659,0.99984795,0.9999899,0.99962044
GPATCH11,1.0016478,1.0011882,1.0010458,1.0016831,1.0014517,1.0014935,1.0007598,1.0018334
L3HYPDH,1.0011325,1.0010369,1.0007263,1.0012252,1.0013254,1.0012118,1.000696,1.0007253
NFKBIA,0.99612236,0.99704486,0.99743617,0.99573815,0.9961157,0.9960739,0.9979831,0.9955753
ZDHHC20,1.0023808,1.0018389,1.0013722,1.002199,1.0021856,1.0020686,1.0010073,1.0017873
PRSS1,0.9967072,0.99750435,0.9980099,0.9966529,0.996889,0.9968914,0.9984898,0.9969293
PLEKHG7,0.9978394,0.99834955,0.9987968,0.99795395,0.9980289,0.9980631,0.9990908,0.99797773
CDH24,1.0073698,1.0056076,1.0045806,1.0074942,1.007116,1.0074425,1.0036424,1.0066345
SSTR2,0.9994353,0.9995803,0.9997337,0.9994387,0.9994266,0.99963987,0.999851,0.99980295
ZNF256,1.0007609,1.0007017,1.0004344,1.0005457,1.0007995,1.0005741,1.0003792,1.0013167
REEP1,0.9846122,0.98831815,0.9905711,0.984424,0.98541474,0.98544097,0.99279356,0.9854206
OTUD3,1.0087117,1.006598,1.0049973,1.0082102,1.0077136,1.0073415,1.003576,1.0074548
SIGLEC11,0.999363,0.99956024,0.99945295,0.99909395,0.99920666,0.9990264,0.99949586,0.99880815
PRIM1,0.9997417,0.99989355,0.99979764,0.99962884,0.99958587,0.99946094,0.9998073,0.99975073
AGFG1,0.9922523,0.9940657,0.99498844,0.9917217,0.9923042,0.9922185,0.99612397,0.99321544
CTSG,0.99558854,0.9966657,0.99732757,0.99554825,0.99587226,0.99588096,0.99799,0.9957877
ZSCAN22,0.9965912,0.99741304,0.99832773,0.99708086,0.9971111,0.99726486,0.9988289,0.9981499
M6PR,1.0045599,1.0033888,1.002672,1.0043285,1.0041367,1.0044184,1.0020738,1.0042874
USP46,0.9991044,0.9993118,0.99958014,0.9991769,0.9991275,0.9994571,0.99973214,0.9990498
AKR1C3,0.998185,0.99859536,0.9988643,0.9980782,0.9982327,0.9982939,0.99913824,0.9981152
SOX15,1.0052986,1.0040903,1.0031309,1.0050104,1.0046535,1.0046626,1.0023067,1.0044346
MIPOL1,1.0021093,1.0017362,1.0007707,1.0012769,1.0016105,1.0011463,1.0004758,1.0009345
CDC25C,1.0046862,1.0036892,1.002868,1.0047116,1.0044895,1.0041173,1.0021409,1.0038799
PURG,1.0044279,1.0033054,1.0026865,1.0043361,1.0038807,1.0039624,1.0019987,1.004848
LANCL3,0.9986437,0.998924,0.9992953,0.9987246,0.99874806,0.9988855,0.9994874,0.9991294
DCUN1D1,0.9997059,0.99983966,0.9999659,0.9997558,0.9997554,1.0000992,1.0000982,0.9999713
GIPC2,0.99871653,0.99900424,0.9992698,0.9987271,0.99875855,0.99883586,0.99946356,0.99900645
TRIM34,0.99871874,0.99903667,0.9992421,0.99869055,0.99882036,0.9987447,0.9994093,0.99872524
BSX,0.9968146,0.99758285,0.9980695,0.9967543,0.99697936,0.9969673,0.99852663,0.99701464
CCDC121,1.0024049,1.001926,1.0011804,1.0019603,1.0019989,1.0017006,1.0008566,1.0021102
TRIM59,1.0001063,1.0001497,0.9999852,0.9999416,1.0000657,0.99991095,1.000005,1.0002118
CHMP3,0.9985497,0.99894285,0.9986168,0.9977764,0.9983077,0.9978475,0.99884874,0.998314
ZNF385B,1.0043861,1.0033247,1.0029595,1.0047575,1.0041268,1.0044619,1.0022621,1.0037645
BARX1,0.9996059,0.99966645,0.9998377,0.9996506,0.99965334,0.99978024,0.9999063,0.9997886
GSG1,1.0008879,1.0006895,1.00048,1.0007758,1.0007312,1.0006146,1.0003362,1.0007008
SHLD2,1.0012387,1.0009521,1.0012491,1.0019152,1.0016493,1.0018725,1.0011005,1.0022128
NHEJ1,1.002054,1.0015954,1.0013916,1.0022068,1.0021316,1.0020999,1.00109,1.0014334
PRRX2,0.9967072,0.99750435,0.9980099,0.9966529,0.996889,0.9968914,0.9984898,0.9969293
SFTPC,0.9932507,0.99473816,0.99602556,0.9934895,0.9937229,0.99363685,0.9969335,0.9946904
SMTNL1,0.99889547,0.99910307,0.99946594,0.9990226,0.99897814,0.9990922,0.99959666,0.99946845
PSPC1,0.9997228,0.99988544,0.99996686,0.9998447,0.999866,0.99973476,1.0000046,1.0001165
TMEM127,1.0017383,1.0013897,1.0007935,1.0013106,1.0015184,1.0014905,1.0006104,1.0004199
AHNAK,1.0021892,1.0016564,1.0012017,1.0018501,1.0017979,1.001756,1.0008836,1.0023798
MORF4L1,0.99167836,0.9936348,0.99485123,0.9914898,0.9919473,0.9921067,0.99602747,0.991791
RRS1,0.99872124,0.9990834,0.9997177,0.9993462,0.9992286,0.999285,0.99988973,1.0000253
PRR5L,0.9990111,0.99927944,0.9993284,0.9988344,0.99890864,0.9990887,0.9995297,0.9984348
LRRC66,0.99662507,0.9974637,0.9978719,0.9964632,0.9967745,0.99669015,0.99837846,0.9966252
CRYBB2,0.99871457,0.99898994,0.99933195,0.9988126,0.9987699,0.9987105,0.9994459,0.99914014
CHRM1,1.0015824,1.0011973,1.0007553,1.0012693,1.0012292,1.0011625,1.0005169,1.0007555
RAC1,0.99514973,0.9963566,0.99700594,0.99498177,0.99523914,0.9953131,0.9976872,0.9951941
ZBED8,1.002784,1.0020688,1.0019493,1.002939,1.0026516,1.0026165,1.0014699,1.0047317
RASGEF1C,0.99593437,0.9969108,0.9976395,0.99614406,0.9961294,0.9961748,0.9981646,0.9957739
ITPK1,0.99673194,0.9974859,0.998262,0.997046,0.99707997,0.9972408,0.9987771,0.9979266
ANKRD63,0.99674165,0.99753034,0.9980261,0.99668217,0.99691755,0.996915,0.99849993,0.9969486
CD19,1.0022951,1.0016897,1.0017056,1.0026181,1.002328,1.0025682,1.0013525,1.0029404
HTR3E,0.9967339,0.9975202,0.9980216,0.9966754,0.99690783,0.9969073,0.9984963,0.99697113
ZNF157,0.9969928,0.99771184,0.99820054,0.9969642,0.99716765,0.9971758,0.99863327,0.99721944
ZNF101,1.0035014,1.0026531,1.0020285,1.0032687,1.0029631,1.0028973,1.0014365,1.0029614
FGF22,0.9966594,0.9974672,0.9979802,0.99660647,0.9968447,0.9968443,0.99846673,0.9968895
EOMES,0.988232,0.9911201,0.9928122,0.98803306,0.98914635,0.9890207,0.99469984,0.9904778
ENTPD8,0.9979427,0.9984369,0.9988009,0.99795413,0.998108,0.9981351,0.99910384,0.99804926
MAD2L1BP,1.0054961,1.0041286,1.003546,1.005718,1.0052737,1.005412,1.0027307,1.0057526
HSPA1L,1.0089285,1.0066156,1.0057126,1.0092385,1.0081679,1.0085958,1.0042756,1.0086256
SOST,0.99938893,0.9994949,0.99963224,0.9993287,0.99931794,0.99934804,0.9996824,0.99943733
CYC1,0.9999801,1.0000091,1.0002956,1.00034,1.0001712,1.0002494,1.0002538,1.0005075
ZNF837,0.9984248,0.998755,0.99897504,0.99823517,0.9983088,0.9982692,0.99915355,0.99868304
NUBP1,0.99753046,0.99829483,0.998862,0.9979757,0.9980947,0.998194,0.9992796,0.9975184
DECR1,0.9969895,0.9979536,0.99820894,0.9970734,0.99753344,0.9973367,0.9987979,0.9965538
ZBTB5,1.0016196,1.001166,1.0014441,1.0021075,1.0014794,1.0019653,1.0011265,1.0024706
FAM173B,0.9967072,0.99750435,0.9980099,0.9966529,0.996889,0.9968914,0.9984898,0.9969293
TMEM30B,0.99717224,0.9979001,0.99824065,0.9970403,0.9973502,0.9974185,0.99870145,0.99696517
FBXW12,0.99687994,0.99759364,0.9980826,0.9968027,0.99700916,0.997024,0.99853235,0.9971165
PRSS22,0.9969312,0.99767315,0.998172,0.9969129,0.997123,0.9971343,0.99861586,0.99713326
TCF21,0.9984153,0.9987956,0.99907845,0.99838674,0.99850607,0.9985781,0.99931544,0.9984697
HP,0.99680173,0.9975698,0.99803126,0.99670863,0.9969531,0.9969473,0.99849975,0.99687093
N4BP3,1.0036039,1.0027777,1.0017906,1.0029585,1.0028625,1.002528,1.0011811,1.0027258
SULT1A2,0.99799633,0.9984757,0.9988929,0.9980648,0.99814606,0.99825585,0.9991909,0.9983501
IFNLR1,0.99740064,0.998088,0.99842477,0.9973437,0.9975804,0.99757576,0.9988171,0.9969239
PLP1,0.9935261,0.9949771,0.9966341,0.99444115,0.9942861,0.9944256,0.9974841,0.99542415
TOMM34,1.00024,1.0001807,1.0007567,1.0010245,1.0007842,1.0010822,1.0007321,1.0013378
PPP1R36,0.9988034,0.9990593,0.9991504,0.9985516,0.99868774,0.9986521,0.99930894,0.99883425
ARHGAP36,1.0000911,1.0000908,1.0000362,1.0000181,1.0000894,0.99998045,1.0000191,1.0002332
RABGGTB,0.9952466,0.9963945,0.9971725,0.99524415,0.99542737,0.99539304,0.99780506,0.9959167
NUP58,0.99828887,0.9987197,0.9991063,0.9984007,0.9982883,0.99838924,0.99928725,0.9984883
XPNPEP3,1.0006509,1.0006119,1.0001655,1.00024,1.000444,1.0002432,1.0000892,0.9999479
CCDC130,0.99944484,0.9995297,0.9998225,0.9996268,0.9995145,0.99954164,0.999871,1.0001943
KCTD1,0.99849284,0.99891317,0.99882364,0.99822646,0.9987658,0.99843866,0.999174,0.99778116
ZNF775,1.003981,1.002998,1.0025749,1.0041304,1.0037881,1.0039673,1.0019906,1.0038192
SCD,0.99657685,0.99738586,0.9976723,0.9961797,0.9964451,0.9964695,0.99818146,0.9963443
KCNN2,0.99579513,0.9968574,0.9980469,0.99662787,0.9966706,0.99699104,0.9987371,0.9968897
WDR25,1.0029361,1.0023164,1.0019511,1.003186,1.0029997,1.0028992,1.0015304,1.0027347
JAM3,0.99746215,0.99811214,0.998388,0.99735594,0.9975877,0.997233,0.99872625,0.99786615
PIP4K2C,1.0037677,1.002839,1.0022224,1.0036033,1.0033865,1.0036392,1.0017524,1.0034025
RPUSD4,1.0029135,1.0021981,1.0017186,1.0028297,1.0027649,1.0026734,1.0013247,1.0028219
RNF144A,0.99429923,0.9957838,0.9965445,0.9943001,0.9946174,0.994573,0.99741787,0.9944957
MSS51,1.0015992,1.0011806,1.0011841,1.0017766,1.0015234,1.001747,1.0009284,1.0019499
ST3GAL4,0.9966347,0.99753404,0.99834615,0.99725163,0.9973651,0.9971572,0.9987987,0.9969734
GFRA4,0.9967072,0.99750435,0.9980099,0.9966529,0.996889,0.9968914,0.9984898,0.9969293
SCML4,1.0108478,1.0082488,1.0068713,1.011146,1.0104094,1.0107181,1.00529,1.009891
ARMT1,1.0025175,1.0019532,1.0013384,1.0021408,1.0020648,1.0019681,1.0009477,1.0018673
ZNF391,1.0029452,1.0021974,1.0017945,1.0028614,1.0025716,1.00265,1.0012906,1.0025203
PRSS42,0.9967072,0.99750435,0.9980099,0.9966529,0.996889,0.9968914,0.9984898,0.9969293
LRRC56,1.0023379,1.0017309,1.0014741,1.00236,1.0021654,1.0022709,1.0011036,1.0016996
PLD2,0.99562764,0.9966158,0.9976729,0.99603873,0.9961622,0.99612284,0.9982395,0.99689984
ACP6,1.0019021,1.0013725,1.0012012,1.0019139,1.001774,1.0017363,1.0008634,1.001721
KCMF1,0.9975345,0.9981115,0.9985603,0.99755275,0.99762344,0.99756473,0.9988588,0.9976747
PMP22,0.99882525,0.9992454,0.9996847,0.99923605,0.9991367,0.99924934,0.9998766,0.99972975
THEMIS,0.9969659,0.9977014,0.99808705,0.99680734,0.99707687,0.9969797,0.9985199,0.997105
TRIM14,1.00061,1.0005087,1.0005109,1.0007323,1.0005972,1.0004559,1.0003101,1.0005614
VNN3,0.9974166,0.99803174,0.9984449,0.9973643,0.9975278,0.9975686,0.99881387,0.99753153
ZNF57,0.9997647,0.9998351,1.0001363,1.0001376,1.0000274,1.0000997,1.000164,1.0001434
S1PR1,0.9917325,0.99377835,0.9951454,0.9919295,0.99244153,0.99238956,0.99638987,0.9924363
GKAP1,1.002757,1.0022364,1.0015589,1.0024767,1.0025799,1.0024154,1.001173,1.0012362
CSRNP1,1.0006002,1.0004642,1.0004797,1.0006261,1.0004536,1.0006437,1.0003798,1.0006802
VPS37A,1.0003402,1.000425,1.0004724,1.0006307,1.0005931,1.0006909,1.0004598,1.0001267
MRPL45,1.0020144,1.0015159,1.0010841,1.0016896,1.0016496,1.0016481,1.0007799,1.0017107
NUDT13,1.0007147,1.0005171,1.0004643,1.0007292,1.0005445,1.0004125,1.000269,1.0007902
RPL18,1.0012932,1.0009203,1.000538,1.0009034,1.0008668,1.0008734,1.0003163,1.0005834
SERPINB2,0.9967717,0.99755025,0.9980011,0.9966533,0.99689174,0.9968771,0.9984623,0.99685043
INHBA,1.0048614,1.0036081,1.0029705,1.0048361,1.0043477,1.0043831,1.0021529,1.004444
OGFOD3,1.0026652,1.0020212,1.0014536,1.0023793,1.0022863,1.0023104,1.0010678,1.001875
ATG5,0.9953488,0.99647874,0.9973769,0.99557745,0.99584526,0.99600655,0.99815077,0.9967432
GNL3L,1.0013134,1.0010645,1.0009437,1.0014883,1.0013238,1.001272,1.0007155,1.0010674
SGPP1,1.0000229,1.0000411,1.0002748,1.0004091,1.0002409,1.0004504,1.0002888,0.99923897
ZNF181,1.005022,1.003917,1.003129,1.0050168,1.004854,1.0048523,1.0024772,1.0051059
FGFR1OP2,1.0021896,1.0015888,1.0009959,1.001644,1.0016655,1.0014614,1.000618,1.0017551
NAGK,1.0011346,1.0009117,1.0004172,1.0006663,1.0007639,1.0005825,1.0002377,1.0004987
SLC39A8,1.0040679,1.003123,1.0023364,1.0038693,1.003647,1.0034902,1.001714,1.0035381
VAT1L,1.0007918,1.0006586,1.000442,1.0008695,1.0007845,1.0001792,1.0001454,0.99933684
ASPA,0.99692905,0.9976664,0.99815273,0.9968834,0.9970994,0.9971352,0.9986067,0.9971903
ZNF213,0.9973206,0.997972,0.9983276,0.9972468,0.99755275,0.99754345,0.9987932,0.99712133
LRRC47,0.9961163,0.99705374,0.9976433,0.9961544,0.9963033,0.99606276,0.9981279,0.9963597
DUSP5,1.0023793,1.0018461,1.0014253,1.0023439,1.0022407,1.0021846,1.0010703,1.0015433
CBLN3,0.99791545,0.9984239,0.99859,0.9976078,0.9977858,0.99766546,0.9988674,0.9981072
TMEM256-PLSCR3,1.0057583,1.0042801,1.0033531,1.0054312,1.0048742,1.0050278,1.002461,1.005885
SLC38A6,1.0040045,1.003011,1.0030389,1.004731,1.0040083,1.0044625,1.0024018,1.0047495
METAP1D,1.005379,1.0040593,1.0029985,1.0051076,1.0048465,1.0046964,1.0022359,1.0042576
RBM22,0.99980056,0.99986327,0.99972916,0.99949455,0.99951583,0.9995327,0.9997394,0.99945796
CX3CL1,1.0076548,1.005805,1.0049672,1.008108,1.0074273,1.0076587,1.0038186,1.0067421
ABHD10,1.0000256,0.99998343,1.0000911,1.0000488,0.9999279,0.9999637,1.0000044,0.9999207
GPR84,0.9983289,0.9987391,0.99909914,0.9984397,0.99854684,0.9985734,0.99935865,0.99842274
SFXN3,0.9967792,0.9974508,0.9982935,0.997099,0.99709904,0.99740684,0.99881625,0.9985415
ACOT7,0.99732804,0.99798983,0.99870825,0.9977447,0.99776405,0.9978626,0.99903846,0.9974431
LHFPL4,1.005923,1.0046123,1.0033519,1.0054991,1.0053424,1.0051265,1.0025029,1.0047269
WWTR1,0.9969762,0.9975233,0.9982525,0.99701893,0.99657845,0.997046,0.9986354,0.9990879
ZNF18,1.0060251,1.0044549,1.0037344,1.0059671,1.0053023,1.005514,1.0027715,1.0067191
LEFTY2,0.9970677,0.99776894,0.9982282,0.99701357,0.9972147,0.9972142,0.99864864,0.9973092
RND1,1.0024757,1.0019484,1.0018606,1.0029583,1.0027595,1.0030446,1.0016141,1.0027366
SLC25A2,0.99692214,0.9976656,0.9981499,0.9968775,0.9970875,0.9971143,0.9985981,0.99711657
AGTRAP,0.99986005,0.9999032,1.0000165,0.9999044,0.9998914,0.9997581,0.9999987,1.0003068
AQP8,0.997437,0.9980599,0.99851096,0.9975002,0.99764884,0.99763036,0.99887896,0.9976217
COQ10A,1.0000684,1.0000646,1.0000103,0.99988407,0.99988323,0.9998263,0.9999672,1.0004517
CDS1,1.0031366,1.0023589,1.0020945,1.0033381,1.0030941,1.0031085,1.0016363,1.0038416
NOMO1,0.99884117,0.99923235,0.99904966,0.9985022,0.99883187,0.99834484,0.9991768,0.9978402
ATG4A,1.0010405,1.0009532,1.0006977,1.0009818,1.0012336,1.0011888,1.0006348,1.0002849
CEACAM5,0.999735,0.99972034,1.000008,0.9999293,0.99985623,1.0000604,1.0000556,1.000109
ZNF443,1.0009356,1.0005945,1.0005177,1.000781,1.0007217,1.0008307,1.000424,1.0020988
ZNF799,1.003875,1.0029765,1.0023295,1.0038247,1.0035264,1.0035728,1.0017545,1.003165
DUSP15,0.99904394,0.9992587,0.9994525,0.9989747,0.99906105,0.99915016,0.9996044,0.99951446
SFRP1,0.9914057,0.993368,0.99505854,0.9917984,0.9920821,0.99212754,0.99628526,0.99374366
WTAP,0.99676335,0.9975586,0.99808884,0.99678856,0.99687576,0.9969115,0.9985262,0.99679804
TMC1,0.99942017,0.9995471,0.9996575,0.99939764,0.99937594,0.99926513,0.9996656,0.9993062
GRB2,0.9967725,0.9975172,0.998018,0.9966364,0.9968239,0.9969179,0.99844676,0.9968313
CALN1,0.99920577,0.9994613,0.99928737,0.9989378,0.999019,0.99886763,0.9993987,0.99820745
ZNF250,0.9980257,0.99840236,0.999027,0.9982802,0.9983264,0.9985153,0.99931604,0.99875057
SERPINB10,0.99637866,0.9972824,0.997834,0.9963355,0.9966285,0.9966109,0.99837273,0.99682486
SPSB4,0.99887514,0.9992429,0.9996334,0.9993719,0.9993614,0.9994881,0.9999024,0.9990305
ARFRP1,0.99864376,0.998935,0.999267,0.9987178,0.99869615,0.9988956,0.99947715,0.9987576
BLZF1,1.0022604,1.0016855,1.0020849,1.0031666,1.0026437,1.0029382,1.0017086,1.0038253
STX16,0.9997251,0.9997316,0.999745,0.9996065,0.99954915,0.9996617,0.9997728,0.99926174
DUSP11,0.99905205,0.99926263,0.99954474,0.99918044,0.9990535,0.9991274,0.9996518,0.99946946
TOX2,0.99085975,0.9932159,0.99403554,0.99009675,0.9909253,0.9904459,0.9952898,0.9907866
DCTN2,0.99818814,0.99857837,0.9989518,0.9981681,0.99820566,0.99837494,0.9991938,0.99834895
RP2,0.99711794,0.9978695,0.9982902,0.99718297,0.99738574,0.9972331,0.9987319,0.99748695
B4GALT1,1.0038176,1.0028002,1.0020993,1.0034692,1.0032473,1.0033596,1.0014974,1.0021234
HOXB7,1.0000887,1.0000288,1.0001415,1.0001342,1.0000734,1.0002248,1.0001254,1.0002661
DNAJB2,1.0007669,1.0006098,1.0003833,1.0006685,1.000597,1.0003061,1.0002143,1.0008023
HARBI1,1.0017021,1.0013213,1.0009335,1.0014912,1.0014485,1.0014087,1.0006735,1.0011194
UGT2B11,1.0003334,1.0002322,1.0003465,1.0004454,1.0003709,1.0006042,1.0003139,1.0002934
PYGL,0.9950903,0.9964014,0.99688613,0.9947754,0.9954245,0.99511784,0.99769473,0.9959624
TWIST2,0.99643433,0.99729395,0.99785787,0.9964039,0.99664795,0.99665546,0.9983791,0.9967364
ATP1B2,0.99951285,0.999632,0.9998398,0.9996642,0.99941504,0.99941695,0.99985313,1.0004032
EXOC4,1.001511,1.001253,1.0005279,1.0008329,1.0008869,1.0007066,1.0003135,1.0011762
CSHL1,0.99674165,0.99753034,0.9980261,0.99668217,0.99691755,0.996915,0.99849993,0.9969486
PDE4B,0.99913037,0.99948275,0.9995482,0.9991739,0.99912596,0.9991063,0.99963427,0.9985657
ZNF852,1.0053433,1.0040905,1.003253,1.0053334,1.0050609,1.0048375,1.0024234,1.0046517
SLC25A53,1.0016782,1.0012786,1.0010955,1.0017468,1.0017437,1.0017085,1.0008782,1.0014199
LRRC39,1.0020033,1.0014894,1.0010405,1.0016861,1.0016676,1.0016675,1.0007718,1.0017267
CHRNA10,0.9951938,0.9964211,0.9970341,0.99510777,0.9955734,0.9954136,0.9977777,0.9951244
HFE,0.99942815,0.99951124,0.9997578,0.99950516,0.9994856,0.99967194,0.9998462,0.9996705
SULT1C2,0.9982109,0.9985899,0.99897206,0.9982165,0.9983212,0.99852854,0.9992775,0.9986402
TMEM26,0.9984073,0.9988266,0.9989731,0.9982531,0.99846256,0.9985041,0.99925184,0.99823564
B3GNT8,0.998232,0.99862945,0.998904,0.9981239,0.99826384,0.99820995,0.999129,0.9982381
NOB1,1.0007899,1.0007117,1.0008658,1.0012898,1.0011883,1.0012043,1.0007979,1.0015198
ARRDC3,0.9939013,0.99533147,0.9963181,0.9938619,0.9941416,0.9943823,0.997188,0.9941906
EGFL8,0.99865806,0.9990329,0.9991509,0.9985149,0.99874485,0.9987119,0.9993806,0.9986371
KIAA0513,1.0028374,1.0021701,1.001862,1.0029961,1.0029234,1.0030522,1.001514,1.0022044
CLDN14,0.9962698,0.9971762,0.99778473,0.99628973,0.9965347,0.99651396,0.99832267,0.9966081
TRIM21,0.999786,0.99971986,1.000029,0.99998665,0.9999082,1.0000705,1.0000687,1.0006032
CA7,0.9967072,0.99750435,0.9980099,0.9966529,0.996889,0.9968914,0.9984898,0.9969293
AVEN,0.9999695,0.9999609,1.0002782,1.0003759,1.0002552,1.0003176,1.0002613,1.0001663
CUEDC2,1.0004998,1.0004306,1.0005872,1.0008237,1.0006992,1.0008086,1.0005094,1.0007598
ZNF467,1.0000668,1.0000974,0.99979156,0.999616,0.99992925,0.99972916,0.9998088,0.9995464
MINDY3,1.0001005,1.0000882,1.0004472,1.0005993,1.0005543,1.0007441,1.0004858,1.0005105
PROSER1,1.0017204,1.001174,1.0007461,1.0012672,1.00121,1.0012093,1.0004761,1.0011792
ZNF8,1.0032005,1.0024209,1.0023355,1.003695,1.0033373,1.0038018,1.0019302,1.002883
ANKRD2,0.997084,0.9977744,0.998193,0.99696684,0.99719614,0.997126,0.99860203,0.997422
C1QL2,1.0030901,1.002235,1.0018775,1.002987,1.0025749,1.0028615,1.0014046,1.00348
UBAC2,1.000938,1.0007021,1.0007894,1.0012041,1.0010691,1.0009983,1.00062,1.0014842
GSC,0.99674165,0.99753034,0.9980261,0.99668217,0.99691755,0.996915,0.99849993,0.9969486
IL1RL1,0.9963013,0.9972037,0.9978285,0.99633837,0.9965726,0.99658746,0.99836564,0.99660736
RPLP0,0.9969476,0.9976256,0.9979569,0.99662274,0.99678683,0.9968692,0.9983706,0.9968205
RBMS2,1.0008805,1.0005751,1.0007292,1.0010774,1.0007606,1.0009766,1.0005293,1.0009015
TSPAN9,1.0031133,1.002345,1.0021318,1.003407,1.0029342,1.0031095,1.0016026,1.0027609
ZFAND1,1.0035765,1.0026755,1.0023733,1.0038358,1.0036324,1.0035855,1.0018396,1.0041783
CHP1,0.997347,0.9980569,0.99855703,0.99758124,0.9976407,0.99757934,0.9989048,0.9971217
TXNIP,0.99405026,0.9955026,0.9962837,0.99385154,0.994103,0.99408597,0.99707574,0.9939972
MEGF9,0.99073684,0.992962,0.9942296,0.9905247,0.9911535,0.99107677,0.99557936,0.9910122
ARPC2,0.9977691,0.99837327,0.9986743,0.9976965,0.99783635,0.9979574,0.9989982,0.99746346
HSPBP1,0.99861425,0.9989698,0.999015,0.99832344,0.9985373,0.9984262,0.9992252,0.99889743
PIP4P1,1.0023382,1.0018492,1.0013266,1.0021008,1.0020708,1.0018121,1.000941,1.0018746
WARS2,0.99788517,0.9984646,0.9992167,0.9985825,0.99855995,0.9988159,0.9996139,0.99878794
SLC35F2,0.9976216,0.99829924,0.9989056,0.998078,0.99827206,0.9983544,0.9993297,0.9977821
HOXC5,0.9967072,0.99750435,0.9980099,0.9966529,0.996889,0.9968914,0.9984898,0.9969293
IFIT1,1.0025969,1.0020055,1.0015485,1.0024709,1.0023437,1.0023029,1.0011828,1.0024991
RNF113A,0.9982834,0.99870324,0.9993718,0.99889255,0.99895394,0.9990864,0.99967414,0.99883986
HOXC8,0.99990696,0.9999358,1.0000168,0.99992514,0.99987113,1.0000815,1.0000551,0.9997216
CAPN10,1.0011997,1.0008531,1.0008836,1.0013673,1.0009952,1.0011575,1.0006618,1.0018126
ZNF345,1.0031285,1.0022974,1.0019821,1.0032376,1.0029181,1.0030165,1.0015314,1.0035813
SCAMP3,0.99951684,0.9997057,1.0000091,0.99995315,0.9998794,0.9999374,1.0000844,0.99950445
ITK,0.9981822,0.99859905,0.99885064,0.99804187,0.99822176,0.9981663,0.9991063,0.9984206
DUSP8,0.9973791,0.9979596,0.99856186,0.9975914,0.9975482,0.99780726,0.9989605,0.99762756
RAB3A,1.0003681,1.0001931,1.0005127,1.0006796,1.000397,1.0007625,1.0004346,1.0010155
KLK6,0.99430245,0.99561524,0.9968979,0.9948524,0.9949591,0.99499154,0.99768996,0.9959327
BCL9L,1.0018388,1.001438,1.0009743,1.0016435,1.0017922,1.0014026,1.0007399,1.0018591
SLC15A5,0.99664676,0.99745774,0.997952,0.9965695,0.9968238,0.99681515,0.9984442,0.9967872
KIAA1191,0.9987552,0.99904066,0.999414,0.99889714,0.9988358,0.9990452,0.9995768,0.99904156
IL17RB,0.9941296,0.9956063,0.9967884,0.99465173,0.99481344,0.9946233,0.99756956,0.9950565
SERPINB13,0.99649084,0.9973376,0.997887,0.99645245,0.9966961,0.9967002,0.9983993,0.9967697
DDAH1,0.99845886,0.99896526,0.999177,0.99860704,0.9985314,0.99840677,0.9993699,0.99848914
DAAM2,1.0023597,1.0018152,1.0016778,1.0025543,1.0023468,1.0025547,1.0013695,1.0028815
SMAD2,0.9963324,0.9972384,0.9974495,0.9958197,0.9962734,0.99616194,0.9980005,0.9956298
AFMID,1.0060904,1.0045148,1.0036104,1.0058465,1.005433,1.0057248,1.002729,1.0053774
EBP,1.0007772,1.00059,1.0005907,1.0008309,1.000672,1.0009447,1.0004895,1.0008181
RPL23,0.99650466,0.99729097,0.99766064,0.99611104,0.99637043,0.9964454,0.99813557,0.9962063
CYB561,1.0028311,1.0021704,1.0018238,1.0029218,1.0027432,1.002857,1.0014813,1.0035042
WDR17,0.9989966,0.9991523,0.99950266,0.99911714,0.9989971,0.9992571,0.9996468,0.999257
DNAJB6,0.993241,0.99483395,0.9958217,0.9930678,0.9934625,0.99351716,0.99675804,0.99339676
TRNT1,0.9990176,0.9992705,0.99942166,0.99895763,0.99905336,0.99907136,0.99959433,0.99941146
DPEP1,0.99677134,0.9975539,0.9978765,0.9965011,0.99667466,0.99666905,0.9983202,0.9966788
ZMYM4,0.9977489,0.9983059,0.99838716,0.9973433,0.99764025,0.9974561,0.9987023,0.99744034
EFCAB12,0.99725497,0.9978206,0.998605,0.99759555,0.9977034,0.9978641,0.99907106,0.99898195
IL13RA2,1.0002191,1.0002195,0.99988365,0.99981594,0.99999034,0.99985564,0.9999021,0.9999193
FOXS1,1.0041356,1.003216,1.002279,1.0036732,1.0036006,1.0035975,1.0017004,1.0028119
C12orf50,0.9969312,0.99767315,0.998172,0.9969129,0.997123,0.9971343,0.99861586,0.99713326
FCN2,0.9966953,0.9974985,0.99799263,0.9966278,0.9968753,0.99686563,0.99847555,0.99688196
UCK2,0.99875635,0.9990526,0.99938196,0.99893045,0.99884963,0.9989002,0.9995406,0.9989328
ADAM20,0.9994103,0.99959326,0.99961495,0.99927413,0.99932945,0.9993628,0.9997201,0.9993661
FAR2,1.000441,1.0004536,1.0004189,1.0005789,1.0006614,1.0006037,1.0003572,0.9997937
GOLM1,0.9961313,0.9970876,0.997717,0.99621546,0.99641395,0.996333,0.998253,0.99629456
HSD17B3,0.9967072,0.99750435,0.9980099,0.9966529,0.996889,0.9968914,0.9984898,0.9969293
CYP2A13,0.9976013,0.9981779,0.998698,0.99776417,0.9978527,0.9979701,0.99905086,0.9978809
MLF2,0.99683213,0.9975424,0.99840343,0.99726444,0.99722815,0.99748266,0.9988527,0.997723
GAL3ST1,0.9999771,1.0000994,1.0000823,0.999975,0.99994475,1.000002,1.0001281,1.0003257
GTF2E1,1.0067544,1.0051106,1.0040228,1.0065787,1.0060778,1.0059803,1.0029167,1.0053537
PSG3,1.0028133,1.0022695,1.0010543,1.0015432,1.0018988,1.0014185,1.000549,1.0015235
ASS1,1.0056609,1.0043089,1.0032841,1.0053765,1.0050375,1.0050285,1.0024256,1.004473
AKTIP,1.0032699,1.0025868,1.0020437,1.0032564,1.0031457,1.0031233,1.001622,1.0034738
NKX2-3,0.99906194,0.9992994,0.99960697,0.9992317,0.99911976,0.99933904,0.9997349,0.9990165
AQP6,0.9957204,0.9967751,0.99766594,0.9960573,0.9961897,0.9961737,0.99824536,0.99644136
COQ4,1.0018923,1.0014467,1.0011879,1.0018669,1.001657,1.0016295,1.0008938,1.0023625
BMP8B,0.9980985,0.9985681,0.9989021,0.9981171,0.9982388,0.9983144,0.99921155,0.9984937
FUZ,0.9983053,0.9988067,0.99910396,0.9983809,0.99859285,0.99854755,0.9994031,0.9989491
ETV7,1.0015087,1.0011109,1.0010219,1.0015743,1.0013039,1.0014195,1.0007364,1.0013874
ACTL8,0.99701214,0.99768806,0.99820334,0.99698174,0.99715483,0.99719167,0.99863183,0.99748534
SRD5A1,1.0041637,1.0031886,1.0025059,1.0040579,1.0039338,1.0040028,1.0019546,1.0036731
LRRC75A,1.0072616,1.0055255,1.0044107,1.0072,1.0066622,1.006423,1.0032685,1.0073134
FGF12,0.99877715,0.9991355,0.99922323,0.9987056,0.9988425,0.9987599,0.99941576,0.9987233
KCTD10,0.9991623,0.99936545,0.9995817,0.9993551,0.99933434,0.99952734,0.9997541,0.9986657
FAM53C,0.9988189,0.9990988,0.9995663,0.999226,0.9991579,0.9992956,0.9997595,0.999352
ZNF140,1.0007973,1.0004971,1.0004836,1.0007839,1.000572,1.0005541,1.0003022,1.0010862
FAM102A,1.0047736,1.0036652,1.003058,1.0048797,1.0044256,1.0045599,1.0023522,1.0048876
OAS1,0.9978064,0.9983115,0.9984786,0.99743235,0.9977632,0.99776584,0.9988194,0.99762994
UBOX5,0.9994527,0.9995623,0.9997419,0.99948716,0.9994126,0.99933505,0.999722,0.999004
KLK14,0.99678284,0.9975583,0.9980508,0.99672127,0.99695194,0.9969539,0.9985186,0.99700844
CCDC114,0.9991926,0.9993559,0.99956226,0.99923146,0.99932396,0.999298,0.9997154,0.9996713
PEX26,1.0032531,1.0024472,1.0021943,1.0035243,1.0032055,1.0034211,1.0017533,1.0033267
PCDHB11,1.0019774,1.001378,1.0013727,1.0020909,1.0017998,1.0020745,1.0010617,1.0026177
CCDC112,0.9966267,0.99745333,0.9979985,0.9966892,0.99691474,0.9969332,0.99847674,0.9963028
SSRP1,0.9951344,0.9963012,0.99688333,0.9948485,0.99523294,0.9950522,0.9975599,0.99533045
ZSCAN18,0.9974772,0.9981223,0.9984616,0.99741113,0.99764585,0.9974252,0.99879456,0.9976151
SERPINB5,0.99950516,0.9996029,0.9996571,0.9993768,0.999488,0.9994949,0.9997432,0.9994942
BTN3A3,0.9990783,0.9993432,0.99950475,0.9991214,0.9991342,0.9992126,0.9996533,0.99870807
GPBP1L1,0.995225,0.9963534,0.99728537,0.995461,0.99562883,0.99591815,0.998029,0.99597776
CHGA,0.9968934,0.99768096,0.99843264,0.99726224,0.99734074,0.9971379,0.99878824,0.9979708
LDAH,1.0006244,1.0004374,1.000589,1.0008304,1.0005378,1.0006869,1.0004526,1.001164
BBOF1,1.0020993,1.001477,1.0011005,1.0017678,1.0016932,1.0019939,1.0009164,1.0026032
CENPB,0.9976765,0.99828726,0.9985328,0.9976557,0.99773633,0.99764717,0.99886763,0.9970516
MLLT1,0.996784,0.99761105,0.99826264,0.99710965,0.99721915,0.9972922,0.99876285,0.99715376
ANTXRL,0.99674165,0.99753034,0.9980261,0.99668217,0.99691755,0.996915,0.99849993,0.9969486
DENND1B,0.9991665,0.9993434,0.999645,0.9992323,0.99918234,0.999421,0.9998213,1.0007522
DHRS7C,0.9967072,0.99750435,0.9980099,0.9966529,0.996889,0.9968914,0.9984898,0.9969293
ERRFI1,1.0032629,1.0024722,1.0018933,1.0031223,1.0030471,1.002822,1.0013634,1.0021677
CHRDL1,0.9919115,0.99387455,0.99512315,0.99192953,0.99243724,0.9924299,0.99633324,0.9931644
PXMP2,0.99917495,0.99953306,0.99952674,0.9991757,0.9992925,0.99902153,0.99964774,0.9989654
NCK1,1.0010395,1.000909,1.0008266,1.0012655,1.0012717,1.0012575,1.0007284,1.0009632
TNFRSF1B,0.99946743,0.9995847,0.999485,0.99905884,0.99921143,0.9991511,0.99953127,0.9991047
SERPINI2,1.0005001,1.0003775,1.0001165,1.0001341,1.0001376,1.000033,1.0000032,1.0002172
SLA,0.9959827,0.99688125,0.9974897,0.9957597,0.9959929,0.996387,0.9981502,0.9967652
DERL1,1.0001898,1.0001543,1.0001583,1.0001581,1.000216,1.0003698,1.0002068,1.0006517
ZFP1,0.9999833,0.9999484,1.0000477,0.9999889,1.0001088,1.0003608,1.0001342,1.0000077
HAND2,0.99914217,0.9993382,0.9994297,0.99898446,0.99907845,0.9990855,0.99953353,0.9989438
ZNF331,1.0020555,1.0015786,1.0013778,1.0021193,1.0017912,1.0019941,1.0010228,1.001406
PANX2,1.0022807,1.0017369,1.0016869,1.0027198,1.0024103,1.002471,1.001343,1.0023084
RHOC,0.99974644,0.99988794,0.99952596,0.99919116,0.9993261,0.9991069,0.9995309,0.9991168
IPCEF1,0.9974167,0.9981621,0.9983027,0.9971018,0.9975318,0.9972507,0.99867535,0.997231
LMO2,0.9981163,0.99856657,0.9986481,0.99777246,0.9979297,0.9978485,0.9988903,0.9975289
UPK1A,0.99693555,0.99766976,0.9981252,0.99685925,0.9970741,0.99703157,0.9985548,0.9970907
DNAJB13,0.99874306,0.9990487,0.999202,0.9986338,0.99882793,0.99889684,0.9994708,0.99925494
CD276,0.9975624,0.9981564,0.9984317,0.9974015,0.99773836,0.99763453,0.9988321,0.9973794
SDF2,1.0009737,1.0007856,1.0006366,1.000993,1.0009725,1.0009515,1.0005212,1.0009587
NXF3,0.99668026,0.99747914,0.9979962,0.99663115,0.996866,0.99687994,0.99848247,0.99692774
ELFN1,1.0055423,1.0043082,1.0032625,1.0052917,1.0049468,1.0048771,1.0024704,1.0055393
ELAVL1,0.9980087,0.9985798,0.9989479,0.9981288,0.998334,0.9983933,0.999292,0.99819046
KLK12,0.99674165,0.99753034,0.9980261,0.99668217,0.99691755,0.996915,0.99849993,0.9969486
PPM1N,1.0010177,1.0007532,1.0005097,1.0007603,1.0006679,1.0006711,1.0002968,1.0009007
CCDC38,0.9974339,0.99800026,0.99846613,0.99736166,0.99757314,0.9975804,0.9988261,0.9979503
NEGR1,0.98931026,0.9919442,0.9938971,0.989933,0.9904717,0.9905715,0.995459,0.98980117
B3GALT4,1.0036178,1.0026693,1.002076,1.0034097,1.0033014,1.0033433,1.0015762,1.0031571
DHRS9,0.9923254,0.99422634,0.9950949,0.99191505,0.9926543,0.99246037,0.99621904,0.9922126
RASA2,0.99854285,0.99880385,0.99929285,0.9987463,0.9987562,0.999104,0.9995663,0.9989959
GLT8D2,1.0037348,1.0028231,1.0023983,1.0038325,1.0034205,1.0036013,1.0018206,1.0036122
TBL2,1.0001684,1.0002055,1.0001305,1.0001061,1.000075,0.99997246,1.0000534,0.9998272
BHLHE41,0.99655247,0.99736136,0.99786997,0.9964584,0.9967973,0.9968076,0.99844545,0.99718004
TLR1,0.99561375,0.9967638,0.99708736,0.99514526,0.995686,0.99550974,0.997731,0.9951352
FOSL2,1.0034543,1.0026134,1.0022323,1.0034654,1.0032002,1.0034882,1.00174,1.003346
PSMD7,0.9962347,0.99714947,0.9978361,0.9962872,0.99654484,0.99670863,0.99841726,0.99686664
ZDHHC18,1.0037873,1.002795,1.0023677,1.0039114,1.0036507,1.0035942,1.0017946,1.0039628
ANKRD10,0.9954019,0.9964709,0.99718225,0.9952848,0.995487,0.99561584,0.99782145,0.9957882
CYB5R2,1.0005816,1.0004495,1.0006969,1.0010717,1.0008919,1.0009332,1.0005801,1.0010781
VEGFD,0.9967072,0.99750435,0.9980099,0.9966529,0.996889,0.9968914,0.9984898,0.9969293
KCTD12,0.99649394,0.99725467,0.9979149,0.99646986,0.99656284,0.9967247,0.9984548,0.99790823
SF3A2,0.9996323,0.9997958,1.0000179,0.9999663,1.0000241,0.99996424,1.0001225,1.0002445
TCN2,0.9989939,0.9992962,0.99953,0.9991573,0.9991213,0.9990059,0.99962115,0.9989071
KLF11,0.99855316,0.99884295,0.9990555,0.99848974,0.9985868,0.998472,0.99920166,0.9975977
GORAB,1.0025182,1.0019889,1.0012726,1.002139,1.0020943,1.0020932,1.0010083,1.0020959
CYGB,1.0051119,1.0038646,1.0029778,1.0047915,1.0044093,1.004472,1.0021787,1.0047044
RCAN3,1.0074356,1.0057242,1.0044879,1.0072055,1.0068469,1.0068549,1.0033827,1.0066656
SLC16A12,1.0024452,1.0018582,1.0017431,1.0026652,1.0024573,1.0026928,1.0014141,1.0027843
FCN1,0.99759436,0.9982466,0.9984592,0.99738,0.9976256,0.9975152,0.99879134,0.99748844
CDADC1,1.0055618,1.0041533,1.0038522,1.0061817,1.0056865,1.0057722,1.0029935,1.0062306
MSRB1,1.0010043,1.0006953,1.0006951,1.0010836,1.0009834,1.0008576,1.0004816,1.0014135
MAPK12,0.9996543,0.9997318,0.9994563,0.99913317,0.9994225,0.9992498,0.99956006,0.9995072
GPR37L1,0.98864007,0.9914863,0.9935889,0.9894184,0.98991305,0.9898815,0.9952566,0.9901067
CABLES2,1.0022615,1.0017002,1.0013887,1.0023351,1.0022724,1.0021663,1.0010779,1.0017565
DCUN1D4,1.001944,1.0015398,1.0014274,1.0021821,1.002128,1.0020918,1.0011262,1.0018688
LCA5L,1.001812,1.0013518,1.0009223,1.0014497,1.0013871,1.0015887,1.0007321,1.00176
ZNF275,0.99998283,1.0001065,1.0001409,1.0001985,1.0001955,1.0003743,1.0002216,0.999287
ELOVL4,0.9938154,0.99530137,0.99626887,0.9938036,0.99415886,0.993913,0.9971055,0.9949603
SNRNP48,1.0016556,1.0012147,1.0006859,1.001225,1.0012125,1.0009762,1.0003858,1.0006838
SPATA16,0.9971093,0.9978087,0.9981543,0.9969183,0.9971484,0.9971278,0.99856335,0.996992
SNUPN,1.0013142,1.0009495,1.0007639,1.0012996,1.0011098,1.0011048,1.0005245,1.0004553
NRTN,0.9981691,0.9986105,0.9992432,0.9985868,0.9985323,0.99867946,0.9994726,0.99856615
ZNF551,1.0036423,1.0027542,1.0020626,1.0033797,1.00318,1.0028366,1.0014087,1.002968
B4GAT1,0.99662745,0.9974575,0.9982052,0.99697113,0.99705774,0.9972255,0.9987327,0.99726045
ASTL,0.99729645,0.99795145,0.99833614,0.9971908,0.99739563,0.99740577,0.9987269,0.9973562
IK,0.99561,0.99664176,0.9976877,0.9960456,0.9961474,0.9963722,0.998334,0.99684924
P2RX3,0.99859667,0.998773,0.9991859,0.99860406,0.9983721,0.9986977,0.9993614,0.9997021
FBXO25,0.9996673,0.999691,0.99999195,0.9999658,0.99988294,1.0001006,1.0001168,1.0004101
ZNF625,0.9992571,0.9994837,0.99980915,0.99959314,0.9996525,0.99953824,0.9999121,0.99975216
DPH7,0.9990427,0.99927604,0.9996146,0.99921775,0.99901253,0.9991964,0.9997028,0.9993746
SLC32A1,1.0034412,1.0025642,1.002542,1.0041109,1.0036178,1.0039731,1.0020187,1.0027502
EFNA4,0.9979323,0.9984386,0.9989262,0.99813783,0.99807036,0.99808735,0.9991431,0.9979655
AKAP4,0.9983531,0.99876636,0.999001,0.9982542,0.9983841,0.99837875,0.9992281,0.998482
CDC20B,0.99919206,0.99938345,0.9996108,0.9992281,0.9993695,0.99935603,0.99974364,0.9994358
WDR89,1.0054816,1.0041943,1.0034558,1.0056049,1.005135,1.0051781,1.0026277,1.0049354
TRABD,0.99896336,0.99926394,0.9991941,0.99860907,0.99871224,0.99846005,0.9992571,0.9987987
DCAF8L2,0.996326,0.9972143,0.9977727,0.9962708,0.9965372,0.99654627,0.99831605,0.9965317
ZNF571,1.0033709,1.0025392,1.0017154,1.002797,1.002813,1.0029359,1.0013337,1.0027819
SERPINB12,0.99661624,0.99740183,0.9978893,0.99651,0.9967419,0.9966518,0.99835825,0.99679625
MOSPD2,1.0067806,1.0049748,1.0043058,1.0070266,1.0063924,1.006715,1.0033079,1.0069106
RCN3,0.99703574,0.9977653,0.99803805,0.996699,0.99703926,0.9968114,0.9984087,0.9970727
ZNF543,0.9971025,0.9976803,0.9984315,0.9972843,0.99714816,0.99759024,0.9988383,0.9978403
CELA2B,0.99671555,0.9975207,0.9979725,0.99659824,0.9968852,0.9968741,0.9984704,0.9969398
TSPAN11,1.0027106,1.0021346,1.0014122,1.0022732,1.0022845,1.0019478,1.0009675,1.0016965
ACPP,0.9967072,0.99750435,0.9980099,0.9966529,0.996889,0.9968914,0.9984898,0.9969293
PQLC2,0.9967072,0.99750435,0.9980099,0.9966529,0.996889,0.9968914,0.9984898,0.9969293
TJAP1,0.99830866,0.9988637,0.9990525,0.99840415,0.9986351,0.99844646,0.9993855,0.99846244
MEOX2,0.99720633,0.99787754,0.99829626,0.99713135,0.9973295,0.99734694,0.9987036,0.99732506
PRSS21,0.9976785,0.9982829,0.99854314,0.9975375,0.9977888,0.9977012,0.99888384,0.9976195
CRX,0.9998895,1.000015,0.99992776,0.9998604,0.9998565,0.99989223,0.9999896,0.99956274
KCNK2,0.9976206,0.99823767,0.9983418,0.9973357,0.99761724,0.99765533,0.9988321,0.99804056
ABHD16B,0.99751925,0.9980733,0.9986249,0.9976289,0.9977453,0.99791163,0.9990067,0.99807787
HECA,0.9943824,0.9957697,0.9967874,0.99454486,0.9947804,0.99476326,0.99756944,0.9955803
PTPMT1,0.9991634,0.9994247,0.9994521,0.9990307,0.9991816,0.99910116,0.9996004,0.99917656
RNF10,0.9969926,0.99774134,0.99827266,0.99703634,0.9972141,0.9972075,0.9986856,0.9975102
TFDP1,0.99951607,0.9997115,0.99977523,0.9995411,0.9995806,0.99961424,0.9998915,0.99976337
ADORA3,0.9954371,0.996524,0.9969647,0.99496675,0.99547386,0.9954184,0.99762994,0.99487007
ZNF43,1.0013453,1.0011499,1.0007837,1.0012939,1.0011747,1.0008605,1.0005221,1.0008826
BBX,0.9981406,0.9986238,0.9988569,0.99804306,0.99811924,0.99812096,0.9991198,0.99853307
SRFBP1,1.0028379,1.00209,1.0018463,1.00302,1.002477,1.002716,1.0013573,1.0025257
ZDHHC9,0.9979538,0.9984317,0.9989941,0.99814856,0.9982008,0.99841684,0.9993251,0.9993073
CNR1,0.9934183,0.9949419,0.9957164,0.9929329,0.99357486,0.9937176,0.99674374,0.9935206
PODXL,0.99633473,0.9972495,0.99730146,0.99568313,0.9961091,0.99579376,0.99784386,0.99620754
CA8,0.9988327,0.99913615,0.9996019,0.9992709,0.9991962,0.9992432,0.9997531,0.9994202
ASB6,0.9996456,0.999732,0.9998425,0.99973226,0.9997772,0.99983376,0.9999546,0.999972
QPCT,1.0060668,1.0046152,1.0038457,1.0062056,1.0058544,1.0060031,1.0029649,1.0052328
RASSF9,0.99898386,0.99922764,0.99940073,0.99896455,0.99906254,0.99901235,0.99953854,0.99893
MAGEE2,1.0013573,1.0009768,1.0007578,1.0012089,1.0013008,1.0014893,1.000672,1.0013392
USP8,1.0012304,1.0009366,1.0001184,1.0002611,1.0004317,0.9999465,0.9998853,1.0008192
MCAT,0.9994551,0.9996983,0.99956167,0.9991937,0.999341,0.9993473,0.99970937,0.999117
NTSR1,1.0005183,1.0005153,1.0002757,1.0003949,1.0006061,1.0001478,1.0001838,1.0007081
SCG2,0.99194616,0.99377644,0.9944976,0.99105155,0.9917621,0.99169195,0.9956292,0.99092746
GTDC1,1.002384,1.0017041,1.0015372,1.0024297,1.0021613,1.0022086,1.0011463,1.0028145
C16orf71,0.99764,0.9981824,0.9985039,0.9974648,0.9975897,0.9976829,0.99886775,0.99795735
RAB24,1.0023873,1.0018047,1.001709,1.0026896,1.0023959,1.0024886,1.001329,1.002764
ABRAXAS1,1.0070089,1.0052102,1.0039965,1.0065584,1.0062126,1.0059452,1.0028803,1.006647
TTPA,0.9998958,0.9999496,0.99969333,0.999449,0.99969786,0.9995204,0.9997263,0.9998742
ADGRG3,0.99853784,0.9988568,0.999109,0.99849933,0.9985978,0.9984795,0.99927336,0.99863267
TSFM,1.0034882,1.0025976,1.0022188,1.0035251,1.0032254,1.003232,1.0016819,1.0041902
GOT1L1,0.9967072,0.99750435,0.9980099,0.9966529,0.996889,0.9968914,0.9984898,0.9969293
KRT37,0.9966594,0.9974672,0.9979802,0.99660647,0.9968447,0.9968443,0.99846673,0.9968895
MYLK4,0.99785185,0.9983413,0.99879277,0.9979034,0.9980551,0.9981456,0.99911726,0.9982478
CDK3,1.0080397,1.0061033,1.0047897,1.0077155,1.0072961,1.0072343,1.0035502,1.0070717
MAPK11,1.0032827,1.002514,1.0018305,1.0031266,1.0029614,1.0029824,1.0013934,1.0022511
CYP2A7,0.9961785,0.9970968,0.99774504,0.9962244,0.9964524,0.99645305,0.9982934,0.99654174
GPR153,0.99932146,0.99940026,0.9994582,0.99917996,0.9991813,0.9989568,0.9994707,0.9988817
RER1,0.99883485,0.9991945,0.99945915,0.99904007,0.99920547,0.99910086,0.9996761,0.99916345
ANGPTL3,0.9977987,0.9983492,0.9985803,0.99761957,0.99786854,0.9978726,0.9989425,0.99778605
TSPYL2,1.002806,1.0020639,1.0019959,1.0032017,1.0027347,1.0029395,1.0015566,1.0032346
PNMA8B,0.99986255,1.0000093,1.0000037,0.99995196,1.0000235,0.9998146,1.0000327,1.0002143
GTF2H3,0.9978817,0.99840903,0.99889326,0.9980955,0.9981787,0.9982054,0.99918485,0.997687
GDPD1,1.0008996,1.0007355,1.0006735,1.0009407,1.0008212,1.0009085,1.0004942,1.0003644
PCDH1,1.0047358,1.0035865,1.002943,1.0047216,1.0042077,1.0044451,1.0021882,1.0038078
GPN1,1.0076141,1.0057955,1.0041865,1.006969,1.0067873,1.0065571,1.0030979,1.00633
LDHB,0.9969118,0.9976199,0.99800247,0.99665964,0.99682474,0.99693334,0.99842024,0.99672246
TNFSF13,0.99682015,0.9975884,0.99804586,0.99672306,0.99696326,0.9969486,0.99850726,0.996974
PI4K2A,1.0022905,1.0016788,1.0013676,1.002251,1.002117,1.0021825,1.0010325,1.0015497
NSFL1C,0.99900293,0.9992311,0.9995688,0.99920934,0.9991589,0.99921584,0.9997085,0.9999559
ANKRD9,0.99874574,0.9990668,0.99948704,0.9990377,0.999127,0.9994422,0.99978566,0.9989629
ZNF496,0.99953145,0.99969304,0.9996358,0.9993266,0.99953043,0.9995743,0.9997833,0.9996276
FAM172A,1.003679,1.0027468,1.0023804,1.0038689,1.0035051,1.0037594,1.0018843,1.0037704
RNF130,0.9982096,0.9986825,0.99859524,0.99774045,0.9980603,0.9978179,0.9988866,0.9978725
ADPRHL1,0.9973953,0.99801415,0.9985328,0.9975668,0.99771285,0.99777555,0.99895406,0.9977311
CYP2A6,0.99738777,0.9979843,0.9985492,0.99750465,0.9975233,0.99772716,0.9989123,0.9975482
STAM2,1.0037569,1.0028884,1.0021538,1.0035672,1.0033381,1.0032324,1.0015957,1.0032666
PTGIR,0.9967072,0.99750435,0.9980099,0.9966529,0.996889,0.9968914,0.9984898,0.9969293
ZFYVE27,0.9992873,0.99948883,0.999884,0.9997091,0.9996151,0.9999076,1.0000405,0.9992542
DHH,0.9995614,0.999646,0.9997367,0.9995059,0.9994327,0.9994585,0.999755,0.999583
SLC30A10,1.0045314,1.0033792,1.0026697,1.0043298,1.004137,1.0042318,1.0020112,1.0038537
PYCR1,0.9972569,0.9980476,0.9985191,0.9975338,0.9977802,0.99766827,0.9990035,0.9978341
ZNF461,1.0066541,1.0050989,1.003953,1.0063696,1.0060593,1.0064921,1.0031363,1.0060744
FAM151A,0.9967072,0.99750435,0.9980099,0.9966529,0.996889,0.9968914,0.9984898,0.9969293
FAM78A,0.9986552,0.99894524,0.99897575,0.9982649,0.99851644,0.9985657,0.9991686,0.9977735
EXOSC2,1.0021306,1.0015562,1.0011525,1.0019207,1.0017881,1.0016756,1.0008175,1.0022873
UFD1,0.998973,0.99927044,0.99957645,0.9992122,0.99923635,0.9990659,0.99969935,0.9996773
HAO1,0.9967072,0.99750435,0.9980099,0.9966529,0.996889,0.9968914,0.9984898,0.9969293
WISP3,0.9967072,0.99750435,0.9980099,0.9966529,0.996889,0.9968914,0.9984898,0.9969293
GFRA3,1.0007894,1.0005615,1.0005146,1.000776,1.0007554,1.0006282,1.0003555,1.0011506
ZNF549,1.0042181,1.0031723,1.0021718,1.0035317,1.0034951,1.0031745,1.001511,1.0042241
JMJD4,1.0015414,1.0012587,1.0005412,1.0009385,1.0011152,1.0007538,1.0003556,1.00115
DCAF17,0.99883974,0.9991213,0.999552,0.9991589,0.99914676,0.9992369,0.99974483,0.99950767
PTX4,0.9967072,0.99750435,0.9980099,0.9966529,0.996889,0.9968914,0.9984898,0.9969293
KRT34,0.99205065,0.9938934,0.9953879,0.99231386,0.9927556,0.99291337,0.99659467,0.99365306
MPND,0.99789345,0.9983315,0.9986101,0.99774957,0.99785423,0.9975029,0.99883306,0.99846625
ZNF330,1.0004389,1.0003161,1.0005448,1.000741,1.0004802,1.0006524,1.0004451,1.0011214
RIOX2,1.0075494,1.0056841,1.0046661,1.0075932,1.0069213,1.0068845,1.0034771,1.0076315
SLC22A9,0.9998121,0.9998529,0.9998306,0.9996675,0.99974275,0.999663,0.9998472,0.99983096
STRIP2,1.0037082,1.0028844,1.0024488,1.0038441,1.0036514,1.003926,1.001966,1.003017
ENTPD3,1.0017312,1.0013243,1.0013647,1.0021602,1.0018477,1.0018418,1.0010586,1.0022714
PSME4,1.0020268,1.0015898,1.0011245,1.001815,1.0018373,1.0021682,1.0009506,1.0007122
PALM3,0.9975431,0.99812245,0.9985183,0.99753034,0.99769753,0.99763685,0.99885774,0.9975567
PGBD5,1.0014492,1.0010793,1.0008056,1.0013131,1.0011404,1.0012856,1.0005763,1.000108
LRRC31,1.0006562,1.0004475,1.0005567,1.0008293,1.0006741,1.0008811,1.0004487,1.0005127
SLC25A19,1.0053277,1.0039971,1.003285,1.0053471,1.004986,1.0047432,1.002392,1.005252
MLLT3,0.9974847,0.99817693,0.99840474,0.99727964,0.99745893,0.99781585,0.99887174,0.997406
MLF1,1.001045,1.0008423,1.0005102,1.0008782,1.0008035,1.0006409,1.0003552,1.000726
ODF2L,1.0008292,1.0006119,1.0003537,1.0005186,1.0005106,1.0004069,1.0001878,1.0009673
ZNF383,1.0035828,1.0027606,1.0023594,1.0037539,1.0034328,1.0034459,1.0018024,1.0034413
TMEM175,1.0013602,1.0011376,1.0007857,1.0012343,1.0011915,1.001094,1.0005409,1.0003649
USP51,1.0076671,1.0058177,1.0044847,1.0072944,1.0069053,1.0067375,1.0032891,1.0066046
PARD6A,1.0042092,1.0030942,1.0027003,1.0044498,1.0040687,1.0041741,1.002078,1.0042489
LRRC28,1.006959,1.0052643,1.0041572,1.0068386,1.0063488,1.0063198,1.0031009,1.0062532
ACTRT3,1.0015707,1.0012136,1.0009404,1.0014322,1.001334,1.001384,1.0007302,1.0019561
RP9,0.9989422,0.99923825,0.99976224,0.9994949,0.9993907,0.9993646,0.99988663,0.99976337
PRDM11,1.0074344,1.005719,1.0044265,1.007142,1.0068058,1.006905,1.003406,1.0067134
HOXB4,0.9985208,0.9988687,0.99919957,0.99860966,0.998675,0.9987296,0.9994047,0.99853706
POLR2A,0.99659264,0.99748784,0.99780524,0.99635696,0.99673617,0.99654293,0.99829566,0.996042
POLR1A,1.0020417,1.0014597,1.0012852,1.0021029,1.0019299,1.0019741,1.0010058,1.0025364
SNX32,1.0020701,1.0015676,1.0013585,1.0021722,1.0018854,1.0019661,1.0010215,1.0017232
DPEP3,0.99639964,0.9973589,0.9977173,0.99617285,0.9965016,0.99628234,0.99819887,0.99644554
IFT52,0.9949547,0.9961244,0.99679184,0.9947336,0.99513257,0.9950386,0.99750507,0.99472415
SYT12,1.0014793,1.0011008,1.0008857,1.0014011,1.001348,1.0013528,1.0006564,1.0011762
GPRC5D,0.9967072,0.99750435,0.9980099,0.9966529,0.996889,0.9968914,0.9984898,0.9969293
SLC22A18,0.99614024,0.99707,0.9976833,0.9961244,0.99638355,0.99648607,0.9982692,0.9962206
MAGEL2,1.0086023,1.0066392,1.0048016,1.0079622,1.0077862,1.0074859,1.0035791,1.006656
EFCC1,0.99399054,0.99550414,0.99606943,0.99350417,0.9940909,0.994146,0.997115,0.9950582
METTL2B,1.0050082,1.0038447,1.0029156,1.0047652,1.0045242,1.0042765,1.0021374,1.0045847
KCTD18,0.9996053,0.99967265,0.9995477,0.99929035,0.999254,0.9991824,0.99955976,0.9990217
L1CAM,0.99511784,0.9962372,0.99705476,0.9950777,0.9952941,0.99553895,0.9977902,0.99613386
TLR6,0.99978375,0.99983954,0.9997432,0.99954796,0.9996153,0.99955547,0.99974215,0.9990967
PLIN1,0.99717927,0.99784327,0.9983549,0.9971895,0.99738955,0.9974791,0.9987918,0.9976992
U2AF2,0.9976561,0.9983456,0.99853206,0.99758434,0.99795574,0.99770033,0.99894357,0.99762857
ZNF620,1.0042412,1.003332,1.0027075,1.0044076,1.0042506,1.0042014,1.0021596,1.0040877
ZNF248,1.0009971,1.0008097,1.0000447,1.0001036,1.0003295,1.0002301,0.99997896,1.0006064
USP12,1.0050968,1.0038841,1.0033567,1.0054591,1.0050449,1.0050068,1.0025623,1.0045093
ZBTB8B,1.0045905,1.0034473,1.0030084,1.0048358,1.0042888,1.0044806,1.0022749,1.0046308
LYSMD3,1.0026258,1.0019318,1.0016851,1.0026741,1.0024116,1.0026582,1.0013018,1.0025502
MPV17L2,0.9968062,0.99760586,0.9983049,0.9970207,0.99729717,0.99761313,0.9989153,0.99816537
CHD7,0.997504,0.99812794,0.99865854,0.9976609,0.99772537,0.99773556,0.9989866,0.99818313
GPR176,1.0083302,1.0063771,1.0051229,1.0083877,1.0076392,1.0078369,1.0038719,1.0072769
CD55,1.0052502,1.0040286,1.0027528,1.0045477,1.0044891,1.0042167,1.0019834,1.0045046
RNF165,0.9923961,0.99431264,0.9954292,0.9923867,0.99297225,0.9929514,0.9965582,0.99262905
TNFSF11,0.99631226,0.9972068,0.9977604,0.9962548,0.99652493,0.9965252,0.99830496,0.99648815
ATXN3,0.99967194,0.99975634,0.9999446,0.99986446,0.9997379,0.99998033,1.0000122,0.99958956
MBIP,0.99995375,0.999898,1.0003128,1.0004108,0.99999607,1.0002927,1.0002697,1.0008708
PDP2,1.004328,1.0033189,1.002522,1.004117,1.0039032,1.0038935,1.0019047,1.003848
CBX2,1.0022291,1.0016534,1.0013503,1.0022006,1.0021198,1.0017335,1.0009552,1.0028386
SLC9A3R2,0.99897677,0.9992146,0.9991325,0.9985674,0.99863553,0.99880767,0.99936336,0.99937236
ANGPT1,1.0001736,1.0002246,0.9996487,0.9994859,0.9998014,0.9993923,0.9995968,0.99800974
BBC3,1.006008,1.0045089,1.0032439,1.0053983,1.0052859,1.0052664,1.0024476,1.0050974
C9orf50,0.99636585,0.99724483,0.99799824,0.9966394,0.99678457,0.99672896,0.9984881,0.996827
CYP4Z1,0.99824226,0.9986643,0.99895453,0.99823,0.9983147,0.9984268,0.99924403,0.9984242
FASTKD3,1.0012629,1.000953,1.000963,1.0015092,1.0013438,1.0014375,1.0007925,1.0015781
PAFAH2,1.0018871,1.0014961,1.000978,1.0016091,1.0015602,1.0013735,1.0006912,1.001517
MPPE1,1.0070734,1.0054584,1.0041258,1.0066869,1.0065607,1.0064892,1.0031561,1.0059588
TSPAN2,0.9955262,0.996593,0.99728376,0.9954678,0.99590516,0.99579126,0.99803174,0.99734306
AAMP,0.999717,0.99980795,1.0000024,0.9999116,0.9998945,1.000057,1.0001069,1.0003209
GPR83,0.99789286,0.9984374,0.9986571,0.9977635,0.99804604,0.9979967,0.99900544,0.9976325
RERG,0.99630696,0.99748695,0.99728703,0.9954443,0.9964901,0.99594295,0.9980531,0.99700624
LCOR,0.9995073,0.99958134,0.99995506,0.99986,0.9998125,0.999923,1.0000362,0.99998987
ZNF324B,1.0034242,1.0025378,1.0020881,1.0033609,1.0030162,1.003125,1.0015472,1.0032775
PCGF5,1.0061057,1.0046724,1.0037072,1.0060604,1.0055311,1.0056026,1.002752,1.0047386
SNF8,1.0037199,1.0028808,1.0020604,1.0034589,1.0034059,1.0033487,1.0015807,1.0024638
GCLC,1.0042962,1.003216,1.0026218,1.0042617,1.0040102,1.0041713,1.0020326,1.0039699
ZNF511,0.99689823,0.99778104,0.99824566,0.9970032,0.99742866,0.99720764,0.9987683,0.99770427
A4GALT,1.00011,1.0000985,1.0000856,1.000054,1.0000103,1.0000325,1.0000505,1.000102
SEPHS2,1.0042212,1.0031356,1.0026106,1.0042572,1.0040314,1.0039486,1.0019622,1.0043926
CCNE1,1.0043161,1.0033374,1.0025702,1.0042272,1.0039968,1.0037779,1.0018744,1.0031855
IYD,0.9958911,0.99684757,0.99775124,0.9961755,0.99638236,0.9965184,0.99836034,0.9965957
C2orf81,0.999055,0.9992853,0.99970853,0.99945176,0.99937916,0.9994296,0.99981403,0.999096
TMLHE,1.0050821,1.0038612,1.003281,1.0052457,1.0048944,1.0049347,1.002494,1.0049783
CYP8B1,1.0011144,1.0008469,1.0006071,1.0009646,1.0008483,1.0007219,1.0003846,1.0008799
THUMPD2,0.99852115,0.99889135,0.9994302,0.9989681,0.9989121,0.9988817,0.99962866,0.999195
AADAT,0.9993517,0.9995866,0.99956805,0.9991837,0.9994968,0.99965334,0.99981534,0.99931175
MDH1B,1.0069668,1.0052477,1.0043751,1.0070324,1.0064263,1.0065765,1.0033226,1.0074536
COL21A1,1.0012038,1.0009717,1.0008488,1.0012774,1.001153,1.0010724,1.0006056,1.000953
C10orf68,0.9967072,0.99750435,0.9980099,0.9966529,0.996889,0.9968914,0.9984898,0.9969293
ZNF783,1.0020535,1.0014966,1.00142,1.0022645,1.0020125,1.0022236,1.0011557,1.0024159
FYB2,0.9955294,0.9966897,0.9974495,0.9956905,0.99600554,0.99613726,0.9981775,0.99579096
C9orf64,1.0007129,1.0005035,1.0004637,1.0006714,1.0005578,1.0008705,1.0004222,1.0010653
ABHD6,0.99669564,0.9974779,0.99785686,0.99642646,0.9969218,0.996961,0.9984821,0.9972431
GRASP,1.0041647,1.0031855,1.0021995,1.0035951,1.0035907,1.0033919,1.0015793,1.0027561
ZNF257,1.0002959,1.000232,1.0000923,1.0000515,1.0002801,1.0003405,1.0001438,1.0001477
KRT222,1.0065607,1.0050809,1.0044229,1.0069904,1.0065993,1.0066202,1.003429,1.0061903
PAAF1,0.99871564,0.9990655,0.9994847,0.99903095,0.99913454,0.99912465,0.9997155,0.9995239
PFKL,0.9978639,0.99845743,0.99893105,0.99808466,0.99804926,0.997959,0.99917877,0.9988607
MYCN,0.9985285,0.99883354,0.9991038,0.9985825,0.99864733,0.99876475,0.9993917,0.9988736
ELF4,0.9984823,0.9988626,0.9990909,0.9984629,0.9985485,0.99857986,0.99929863,0.99813914
ABHD1,0.9962036,0.99712014,0.99774677,0.99625814,0.9965304,0.9964558,0.99830043,0.9964912
XBP1,1.0013838,1.0010805,1.0006169,1.0009526,1.0010684,1.0009018,1.0004318,1.0013049
LRP5L,1.0046468,1.0034616,1.0029534,1.0047753,1.004242,1.0044618,1.0022175,1.0043688
HTR3D,0.9966594,0.9974672,0.9979802,0.99660647,0.9968447,0.9968443,0.99846673,0.9968895
ADAL,1.0023654,1.001801,1.0015842,1.0025728,1.0023905,1.002175,1.0011952,1.0027823
HOXD4,0.9965539,0.9973948,0.9979414,0.99653006,0.99676704,0.9967757,0.99844426,0.99682474
ZFP69,1.0017972,1.0013402,1.0013316,1.0020974,1.0019643,1.0022554,1.0011617,1.0019938
MYBPHL,0.9980637,0.9985333,0.99892366,0.99813503,0.9982095,0.9983299,0.99921584,0.9982238
GDF9,1.0022041,1.0016601,1.001409,1.0022199,1.0020877,1.0022917,1.0011194,1.0017645
CYP21A2,0.99877477,0.99905026,0.9994438,0.99898255,0.9989681,0.9990357,0.99959946,0.9991198
HAAO,0.9981707,0.99861324,0.99905473,0.9982232,0.99837613,0.9985113,0.99935734,0.9992769
ERVFRD-1,0.9995446,0.99966383,0.99977636,0.99954903,0.9995488,0.9995705,0.9998039,0.9992665
EPHX4,1.0003649,1.000263,1.0002811,1.0004075,1.0002201,1.0003229,1.0002049,1.0005054
ZNF726,1.0063574,1.0049454,1.0037041,1.0061369,1.0059555,1.0056674,1.0027959,1.0052929
RTBDN,0.9952573,0.99637264,0.99716485,0.9953352,0.99564546,0.9956885,0.99788415,0.995607
PCMTD2,0.9991371,0.9993874,0.999277,0.9987861,0.9989584,0.99870145,0.9993595,0.9989743
SF3B4,1.0027628,1.0022253,1.0017512,1.0027711,1.002748,1.0025845,1.0013673,1.0026323
USP25,1.0019143,1.0015098,1.0014584,1.0022724,1.0019913,1.00209,1.0011423,1.001529
SAG,0.99670327,0.99749726,0.9979914,0.9966339,0.9968756,0.99687374,0.9984732,0.99686354
ZIC3,0.992381,0.9943223,0.9955634,0.9925183,0.9928565,0.9927685,0.99659294,0.9929402
CAMKMT,0.9955117,0.99673605,0.9976592,0.99605966,0.996275,0.99599934,0.99828064,0.9962039
DGLUCY,1.0041046,1.0032306,1.0022684,1.003769,1.0037783,1.003494,1.0017108,1.0030951
ODC1,0.99876684,0.9990846,0.99911433,0.99856585,0.9987633,0.99878037,0.999329,0.9980469
ZNF717,1.0035139,1.0026597,1.0020298,1.0032868,1.0031146,1.0030291,1.001517,1.0034412
PTPN14,1.0021908,1.0015756,1.0012605,1.0019605,1.0017418,1.0019059,1.0009736,1.003418
MBLAC2,1.0067173,1.005019,1.004156,1.0066726,1.006031,1.0062766,1.0031108,1.007057
HSPB2,0.99634385,0.99721205,0.99779856,0.99639696,0.9967495,0.99660385,0.99835145,0.99629205
GNMT,1.0016707,1.0013003,1.0009968,1.0015615,1.0014226,1.0013981,1.0007145,1.0011173
VAX2,0.99836266,0.9988061,0.9991174,0.9984323,0.9985701,0.9986293,0.99939215,0.9986684
PNLIPRP3,0.9968579,0.99761283,0.9980798,0.99678004,0.99700916,0.99699545,0.99853235,0.99698675
TBC1D13,0.9987109,0.9990796,0.9991982,0.9987647,0.9987917,0.99873984,0.99943256,0.9986111
AQP4,0.9926696,0.9945682,0.9954625,0.99266434,0.9931934,0.9930136,0.9965851,0.99209225
STX1A,1.0005157,1.0003593,1.0003709,1.0005634,1.0004077,1.0004863,1.0002595,1.000424
ZBTB7B,0.999741,0.9999201,0.9997288,0.9994534,0.99959373,0.99941987,0.9997567,0.99948275
NDRG3,1.0010922,1.0008879,1.0008016,1.0012329,1.001174,1.00133,1.0006921,1.0008287
TMEM135,1.0007876,1.0005586,1.00112,1.0016545,1.0012352,1.0015557,1.0010093,1.0023496
SLC14A1,1.0010961,1.0008337,1.0006125,1.0010372,1.0009582,1.0009642,1.0004432,1.0003738
H2AFY2,0.9967072,0.99750435,0.9980099,0.9966529,0.996889,0.9968914,0.9984898,0.9969293
TM6SF1,0.99723125,0.99780226,0.99848914,0.99744797,0.99744016,0.99759936,0.9988425,0.9975191
ZMAT1,1.0012039,1.0008876,1.0005493,1.0008434,1.0008314,1.0008223,1.0003626,1.0008714
SMPD1,1.0022044,1.0017385,1.001378,1.0022912,1.0021307,1.001932,1.0010662,1.0023009
MIP,0.9972534,0.99795526,0.99812883,0.996885,0.9971673,0.9969981,0.99848413,0.99693286
EBPL,1.0017807,1.0013573,1.0013591,1.0021049,1.0018543,1.0018423,1.0010519,1.0021915
SP2,1.0023867,1.0018127,1.0015982,1.0024985,1.0023142,1.0024602,1.0012761,1.0022867
LRIF1,0.9985779,0.99890155,0.99982166,0.99961907,0.9992579,0.9995871,1.0000046,0.9996811
TRIM60,0.9970195,0.997766,0.99839044,0.997306,0.99745417,0.9974048,0.99882126,0.9971484
LIPN,0.9967008,0.9974953,0.99800575,0.99664676,0.99688005,0.99688435,0.99848616,0.9969504
STRN3,0.9979906,0.99855953,0.99886525,0.9980247,0.9982085,0.9981531,0.9991653,0.99791265
ZNF34,1.0067853,1.005127,1.0042717,1.006886,1.0064044,1.0067041,1.0033321,1.0068705
TSPAN33,0.9999018,0.99999785,0.99972045,0.9994826,0.99963623,0.9995513,0.9997901,0.9995951
DPM1,0.99858785,0.9989556,0.99923456,0.9986059,0.99874955,0.99858296,0.99941206,0.99942696
GPD1L,0.99754536,0.9982053,0.9983677,0.9972451,0.9975295,0.9976902,0.99884427,0.9977373
AADACL2,0.99669397,0.997493,0.9979974,0.99663734,0.9968741,0.9968695,0.99847806,0.99691224
DUSP7,1.0075519,1.0056524,1.0046264,1.0075482,1.007005,1.0071695,1.0034847,1.0068136
PRL,0.99328387,0.9949224,0.9958596,0.9931339,0.9936564,0.9937209,0.9968888,0.99347603
TRMT61B,1.0087628,1.006679,1.0057632,1.0093777,1.0085917,1.008748,1.0044571,1.0089195
FAM131B,0.9992293,0.9994024,0.999727,0.9995048,0.99951136,0.9997046,0.9999043,0.9995333
MRPS35,1.0039434,1.003042,1.0024569,1.0038805,1.0036364,1.003786,1.0019131,1.0043256
NDUFV3,0.9963474,0.9972565,0.99797213,0.9965618,0.9967697,0.99680525,0.99851227,0.9968231
ZNF789,1.0017662,1.0013096,1.0008812,1.0014546,1.001379,1.0013096,1.0006045,1.0015507
CTTNBP2,0.9986242,0.99887633,0.9991626,0.9984836,0.9985703,0.99879354,0.99938244,0.999248
UBFD1,0.9993055,0.999514,0.9992804,0.9988323,0.9990777,0.9987763,0.9993793,0.99913615
SAMSN1,0.9941384,0.99559593,0.99634445,0.99386024,0.9945045,0.99456275,0.9972639,0.99403405
MTHFD2,1.0007597,1.0006728,1.0005435,1.0007199,1.0007192,1.0005,1.000364,1.0007406
B3GALT1,0.99695903,0.99772716,0.9982847,0.99709064,0.9972961,0.9973935,0.9987714,0.9972035
B3GNT7,0.99982715,0.99986905,1.000315,1.0003743,1.0001932,1.0005221,1.0004127,1.0010895
GJB4,0.9967072,0.99750435,0.9980099,0.9966529,0.996889,0.9968914,0.9984898,0.9969293
ENTPD1,0.99767023,0.9983338,0.99839556,0.99732643,0.99754965,0.99743086,0.9987407,0.99716663
PDZD3,1.0012343,1.0009177,1.0007274,1.0010862,1.000947,1.0010817,1.0005186,1.0008862
GDF1,1.0035566,1.0027496,1.0018327,1.0030489,1.0030612,1.0027328,1.0013016,1.0023537
ZNF619,0.9997412,0.9998216,0.9999421,0.99978566,0.99985504,0.99974453,0.99999475,1.000549
ACP4,0.99711573,0.99784404,0.99818885,0.99698126,0.9972304,0.9971187,0.9985934,0.99704534
SGO1,0.99983966,1.0000131,0.9997183,0.99947596,0.99955404,0.99936646,0.9997289,0.99905586
ANKRD65,0.99786633,0.9983233,0.99891067,0.9981332,0.99795425,0.99817574,0.9991757,0.99833596
PRMT6,1.003319,1.0026586,1.0017818,1.0029633,1.0030937,1.0028554,1.0013885,1.0022938
SLC9B2,1.002426,1.0018384,1.0016444,1.0026464,1.0022875,1.0024407,1.0012627,1.0021112
GJB2,0.9972025,0.9979066,0.9984248,0.99732435,0.99745226,0.9975228,0.99883944,0.99739766
PGBD2,1.0038049,1.0029649,1.0021856,1.0034838,1.0035734,1.0035847,1.0017691,1.0037766
GALR3,0.99769735,0.99826455,0.99859905,0.99762034,0.99780977,0.9978932,0.99897134,0.99783576
ZNF510,1.0044119,1.0033367,1.0026554,1.0043911,1.0040452,1.0041139,1.0020171,1.0034364
ATF7IP2,1.0043476,1.0032243,1.0026071,1.0042522,1.0037725,1.0038941,1.0018945,1.0035305
SUDS3,1.0015082,1.0010962,1.0010034,1.0015479,1.0013491,1.0013995,1.0007346,1.0017816
TMEM184B,0.9988326,0.99912834,0.99926144,0.99881685,0.9989011,0.9989455,0.99946445,0.9984814
CELA3B,0.9967486,0.99753284,0.9980187,0.9966763,0.9969168,0.99691707,0.9984941,0.99689794
PPP1R32,0.9966332,0.99751854,0.99795854,0.99669576,0.9970133,0.9968145,0.9985066,0.9964192
MYL6,0.9959101,0.9968469,0.9973707,0.99563354,0.99587286,0.9959388,0.9979141,0.99571484
CRACR2B,0.99947405,0.99956715,0.99965596,0.9993677,0.9993529,0.99937934,0.9997166,0.99980164
KLK9,0.9967072,0.99750435,0.9980099,0.9966529,0.996889,0.9968914,0.9984898,0.9969293
HDHD5,0.99592483,0.9969933,0.99797875,0.99661934,0.996807,0.99674505,0.99859667,0.99634534
ZNF554,0.9994412,0.9995637,0.9997136,0.99946564,0.9992844,0.99932295,0.9997201,0.99936175
USP54,0.99745876,0.99805224,0.9988497,0.99804205,0.99787104,0.99804235,0.9991967,0.99822366
ICAM3,0.99903274,0.9993046,0.9991465,0.99858224,0.99868786,0.9986593,0.9992769,0.9983278
PLPP3,0.9968847,0.9976681,0.99846387,0.9973581,0.99717283,0.9972125,0.99885416,0.9979882
SLC22A24,0.99674165,0.99753034,0.9980261,0.99668217,0.99691755,0.996915,0.99849993,0.9969486
SHCBP1L,0.99660325,0.9974249,0.99795717,0.99656415,0.99680483,0.9968184,0.9984561,0.996881
ZNF81,1.006191,1.004601,1.0039654,1.0062861,1.0058815,1.0062432,1.0030813,1.0063776
FOXQ1,0.9988863,0.999177,0.9992895,0.9988092,0.99887514,0.99887705,0.9994248,0.9978352
LEXM,0.996719,0.9975118,0.9980081,0.9966577,0.99689424,0.9968848,0.9984844,0.9969255
CCDC84,1.0027819,1.0021832,1.0018935,1.0030273,1.0028062,1.0027809,1.0014619,1.0023744
NLRP10,0.9967072,0.99750435,0.9980099,0.9966529,0.996889,0.9968914,0.9984898,0.9969293
VSIG10,1.0015067,1.0011778,1.000966,1.0016155,1.0013757,1.0014831,1.0007552,1.0009212
DRC3,1.0045979,1.0034044,1.0030763,1.0049273,1.0042651,1.004569,1.0023334,1.0048563
PPP1R37,1.0016434,1.0013447,1.0009464,1.0015645,1.0014657,1.0009147,1.0005634,1.0010372
DNASE1,1.0027497,1.0021043,1.0017803,1.0028499,1.002664,1.0026352,1.0013919,1.0031618
CCDC96,0.9994018,0.9996154,0.99898094,0.9984047,0.9989486,0.9985218,0.999171,0.99887127
CBARP,0.99999714,0.99997765,1.0001916,1.0001903,1.0001035,1.0002742,1.0001953,1.0003706
PPM1L,1.0064638,1.0049719,1.0041896,1.0067263,1.0063292,1.006436,1.0032519,1.0058639
PIP5KL1,1.0067945,1.005159,1.0036917,1.0061017,1.0059733,1.005658,1.0026433,1.005209
TMPRSS11D,0.9980061,0.9985249,0.9987322,0.99783576,0.9980448,0.99795496,0.9990109,0.9980322
ZNF491,1.0027851,1.0020843,1.0016327,1.002605,1.0025489,1.0027161,1.0013356,1.0033062
SERPINB8,1.0003579,1.0003753,1.0001155,1.0000887,1.000246,1.000079,1.0000944,1.0004286
TRAPPC10,1.0033076,1.0025525,1.0019606,1.003232,1.0031018,1.0030427,1.0014884,1.002336
JRKL,1.0001462,1.0000805,1.0001919,1.0002453,1.00026,1.000223,1.0001849,1.0009389
WISP2,0.9967072,0.99750435,0.9980099,0.9966529,0.996889,0.9968914,0.9984898,0.9969293
UNG,0.9969531,0.99781305,0.9984245,0.9972125,0.9974031,0.9975858,0.99895954,0.9975937
DCP1B,1.0027438,1.00214,1.001663,1.0026919,1.0026017,1.0023966,1.0012548,1.0024552
MPPED1,0.9953048,0.9963758,0.9972064,0.9953538,0.9954385,0.99580836,0.9979167,0.99559754
COQ9,0.9970787,0.99792033,0.998157,0.9969275,0.99733007,0.997116,0.99866426,0.99710286
GSDMA,0.9971738,0.99787235,0.9983732,0.997234,0.9974024,0.9974267,0.9987821,0.997453
PINX1,1.004366,1.0032787,1.0030789,1.0048993,1.004384,1.0048151,1.0024523,1.004205
RPS10,1.0003939,1.0002813,1.0005562,1.0007572,1.0004523,1.0006607,1.000449,1.0010109
PQBP1,1.0023637,1.0018401,1.0015397,1.0024503,1.0023811,1.002248,1.0011775,1.0021544
PPM1H,1.00573,1.0043647,1.0035621,1.005802,1.0053792,1.0053028,1.0026529,1.0050318
BRMS1L,1.0046062,1.0035112,1.0029161,1.0047764,1.0045979,1.0045058,1.0022886,1.004485
HOXA11,0.99668026,0.99747914,0.9979962,0.99663115,0.996866,0.99687994,0.99848247,0.99692774
VGF,1.001735,1.0013881,1.0011395,1.0017033,1.0014731,1.0013263,1.0008007,1.0021394
ATG13,1.0040643,1.0031257,1.0025324,1.0041307,1.0038942,1.0039349,1.0019482,1.003386
STX18,1.0003753,1.0003699,1.0003054,1.00044,1.0005252,1.0003343,1.0002754,1.0004737
BMP15,0.9967072,0.99750435,0.9980099,0.9966529,0.996889,0.9968914,0.9984898,0.9969293
TTC29,0.99896336,0.99921274,0.99929786,0.99879575,0.9988772,0.9987608,0.99939877,0.9988593
BCL3,1.0010126,1.0007005,1.0008851,1.0013683,1.0010976,1.0013238,1.000699,1.0009928
TMEM43,0.9998699,0.99995047,0.99953437,0.9993072,0.99963427,0.99937737,0.9996018,0.99906904
TMOD3,0.9981631,0.99864787,0.99872744,0.9978974,0.998086,0.99790764,0.9989914,0.99826837
FJX1,0.9898938,0.99232936,0.99366426,0.9896343,0.99036574,0.99025226,0.99521536,0.9909887
ACOT9,1.0024736,1.0019815,1.0015036,1.0023781,1.0022962,1.0024753,1.0012523,1.0022173
SPATA22,0.99593437,0.9969171,0.9975636,0.99592835,0.9962051,0.99619603,0.9981622,0.9963027
DECR2,0.99593854,0.99687815,0.9977346,0.9962431,0.9964417,0.99661285,0.9984165,0.99693793
TNFAIP2,1.0033591,1.0024562,1.0019455,1.0031401,1.0028653,1.0030196,1.0014162,1.0028267
MBNL3,1.0052208,1.0039836,1.0030128,1.0049193,1.004665,1.0045397,1.0022222,1.0045066
RAP2B,0.9997731,0.99982214,0.9997393,0.99950695,0.9996128,0.99977887,0.99983066,0.999629
TTC22,0.9968511,0.9976101,0.99808735,0.99678636,0.9970101,0.9969933,0.9985382,0.99703825
MRPS27,1.0009984,1.0007927,1.0009966,1.0014862,1.0012754,1.0015616,1.0008844,1.0014242
PTGES2,0.99906707,0.999284,0.9993553,0.9989728,0.99913216,0.99899435,0.99950635,0.9987024
ENDOU,0.9975276,0.9981295,0.998502,0.99746454,0.99764025,0.9976568,0.99886096,0.9976098
PARL,0.9998561,0.9998436,1.0001428,1.0001128,1.0000137,0.99998486,1.0001237,1.0010028
REXO4,1.0019696,1.0013688,1.0013063,1.0020615,1.0018177,1.0019765,1.0009962,1.0025413
NDUFAF3,0.9964968,0.99740344,0.99786735,0.99645907,0.99674165,0.9966811,0.9984192,0.9967439
ALKBH3,0.99871194,0.9991143,0.9998038,0.9994812,0.99945784,0.99965763,1.000081,0.99976003
ZNF503,1.0028179,1.0021453,1.0014017,1.0022416,1.0022566,1.0023134,1.0010562,1.0024976
CAMK4,1.0044645,1.0034498,1.0028381,1.0045425,1.0043228,1.0046003,1.0022912,1.0039434
SEMG2,0.9967072,0.99750435,0.9980099,0.9966529,0.996889,0.9968914,0.9984898,0.9969293
ADIPOR1,0.9996072,0.99978036,0.99992394,0.9996517,0.99963355,0.99982214,1.0000194,1.0000362
FAM57A,0.9967072,0.99750435,0.9980099,0.9966529,0.996889,0.9968914,0.9984898,0.9969293
MSLN,0.9977623,0.99833095,0.9984921,0.99748564,0.99773633,0.9976311,0.9988121,0.9976737
TRIM56,0.9995245,0.99968106,0.9997343,0.99966854,0.9997462,0.99933755,0.9997531,0.9992273
RNF212,1.0011036,1.0008869,1.0006055,1.0008901,1.0008857,1.0008281,1.0003979,1.000379
SCO1,1.0000283,1.0002664,0.9999825,0.9999013,1.0001788,0.99974656,1.0000046,0.9996964
PCDHB12,1.002148,1.0015792,1.001607,1.0024682,1.0021086,1.0021663,1.0012066,1.0029931
RPS26,0.99827844,0.99871397,0.9988444,0.9980768,0.99817365,0.99809635,0.9990634,0.998047
SEPT14,0.9967072,0.99750435,0.9980099,0.9966529,0.996889,0.9968914,0.9984898,0.9969293
ZNF436,1.0006888,1.0004474,1.0005078,1.0008057,1.0006087,1.0008423,1.000422,1.0009186
ACOT2,0.99835396,0.99878275,0.9997635,0.9993166,0.9990427,0.9994375,0.99997365,0.99923027
ZNF513,1.0081582,1.0061581,1.0051525,1.0084997,1.0078527,1.0076597,1.0038596,1.0073774
CADM4,0.9962003,0.9971215,0.9975133,0.99593234,0.9961599,0.9960711,0.9980528,0.9962168
SAGE1,0.9967072,0.99750435,0.9980099,0.9966529,0.996889,0.9968914,0.9984898,0.9969293
RHAG,1.0002725,1.0002067,1.0000825,1.0000881,1.0000842,0.9999809,0.99998593,1.0000029
C11orf80,1.003347,1.0025941,1.0019536,1.0032346,1.0031108,1.0030173,1.0014762,1.0023605
TRIB1,1.0024188,1.0018386,1.0013119,1.0020913,1.0021889,1.002186,1.001018,1.0021505
MAGEE1,1.0061257,1.0046766,1.0037405,1.0060465,1.005615,1.0057864,1.0028452,1.0050812
AHSA1,0.99871886,0.9990994,0.99911666,0.9984894,0.9987225,0.99863327,0.9993373,0.9986089
GTF2F1,1.0028763,1.0021625,1.0015186,1.0025439,1.0023847,1.0023421,1.0010917,1.0023249
PRRC1,1.0048122,1.0038655,1.0030167,1.0048736,1.0047761,1.0045863,1.0023683,1.0042814
TAL1,1.004395,1.0033712,1.0025723,1.0041811,1.004047,1.0042048,1.0019534,1.0025773
FAM114A2,1.0035017,1.0026621,1.0022866,1.003663,1.0035665,1.0037097,1.0018563,1.0037638
STK33,1.0025022,1.0018781,1.0009602,1.0017935,1.0019417,1.0012426,1.0005891,1.0026513
CALB1,1.0016943,1.0011681,1.0005692,1.0009854,1.0008512,1.0005763,1.0002193,1.0017005
SLC52A2,1.0003656,1.0004038,0.99999547,0.99996066,1.0000917,0.9998377,0.9999535,0.99978745
ALX3,0.99658257,0.9974173,0.9979377,0.99653137,0.9967787,0.99678636,0.9984423,0.9968227
TSPAN18,1.0017132,1.0013566,1.0010383,1.0017573,1.001586,1.0015328,1.0007645,1.0006636
NTHL1,0.9962957,0.9972099,0.99843323,0.9972465,0.99713254,0.99742067,0.99900943,0.997977
PTCHD1,1.0041188,1.0032566,1.0022346,1.0037339,1.0036612,1.0033734,1.0016216,1.0023792
KCNC2,1.003443,1.0026634,1.0020807,1.0034059,1.0032215,1.003375,1.0016564,1.0025551
DNAJB1,0.99788314,0.99843967,0.9986261,0.9976733,0.99786866,0.99784386,0.9989208,0.99739873
RANBP3L,0.99565864,0.9967264,0.99753904,0.9958303,0.995976,0.9962713,0.99823046,0.9962882
CCDC71,1.0010518,1.000854,1.0003352,1.0005975,1.0007416,1.000404,1.0001509,1.00025
VASP,1.0039634,1.003139,1.0024316,1.0039382,1.0039712,1.0036976,1.0018997,1.0034702
GLT8D1,1.0021448,1.0016371,1.0013838,1.0022264,1.0020251,1.0019835,1.0010538,1.0022646
SLC5A5,0.9947151,0.9960209,0.9968035,0.99470174,0.9950249,0.99479467,0.9975171,0.99526703
RTN4IP1,1.0063286,1.0048461,1.0039047,1.0062757,1.0060489,1.0062476,1.0031128,1.0065272
MSANTD4,1.002423,1.0018225,1.0013992,1.0022433,1.0022144,1.0020545,1.0010055,1.0020266
ZNF502,1.0010318,1.000747,1.0006301,1.0009123,1.0009036,1.000978,1.0004984,1.0011443
SHISA6,1.001538,1.001317,1.0004287,1.0006585,1.000916,1.0008125,1.0002975,1.0003847
PABPN1,1.0052698,1.0039182,1.0034518,1.0055059,1.0049782,1.005264,1.0026498,1.0055046
SPAM1,0.9967486,0.99753284,0.9980187,0.9966763,0.9969168,0.99691707,0.9984941,0.99689794
ZBTB33,1.0031127,1.0023507,1.0017222,1.0027531,1.0025624,1.0024167,1.0011958,1.0027668
C17orf80,1.000782,1.0005739,1.0006337,1.0010717,1.0010059,1.0012567,1.0006373,1.0008985
ABR,0.9951405,0.9963058,0.99726367,0.995455,0.9956728,0.9958412,0.9979824,0.9952167
HOXC11,0.99698424,0.997704,0.99818325,0.99693817,0.99713427,0.99714744,0.9986146,0.99719864
TADA2B,1.0003405,1.0002282,1.0001899,1.0003117,1.000182,1.0002469,1.0000701,0.9989201
GORASP2,0.9966567,0.997563,0.99818206,0.9969836,0.99729955,0.99714625,0.9987116,0.9968235
MPDU1,0.9959352,0.9969562,0.9980582,0.99659324,0.9965631,0.9966527,0.9985803,0.99676704
FGL2,0.99856484,0.9990171,0.9992775,0.9986737,0.99876773,0.99866104,0.99945045,0.99873036
HSD3B2,0.9967072,0.99750435,0.9980099,0.9966529,0.996889,0.9968914,0.9984898,0.9969293
FCAMR,0.9967072,0.99750435,0.9980099,0.9966529,0.996889,0.9968914,0.9984898,0.9969293
SYT17,1.0044105,1.0033889,1.0027628,1.0045307,1.0041397,1.003696,1.0019606,1.0040362
CABYR,1.0014557,1.0010934,1.0009861,1.0015935,1.0013998,1.0014673,1.0007827,1.001316
MED27,1.0012245,1.0010719,1.0006044,1.0008568,1.0010908,1.0008007,1.000446,1.0013627
TNFRSF11A,0.9963899,0.9972673,0.9977931,0.9963177,0.9965914,0.99656504,0.99832726,0.99659854
MFNG,0.99932075,0.9995085,0.99943376,0.9990026,0.99913734,0.9988226,0.9994315,0.9987794
LILRA6,0.9998728,0.9998781,0.9997685,0.99958867,0.99966383,0.99968445,0.9997779,0.9993217
RPAP2,1.0044945,1.0034112,1.0031679,1.0050571,1.0045024,1.0046762,1.002475,1.0051037
FAM114A1,1.0008636,1.0006738,1.0005839,1.0008016,1.0007074,1.0006747,1.0004163,1.0011673
CTTNBP2NL,0.9965184,0.9974021,0.9975076,0.9958023,0.9964093,0.99623275,0.9980488,0.9964889
FOLR1,0.99606866,0.9970181,0.9974184,0.9957356,0.9960023,0.99588287,0.9979139,0.9958277
IKBIP,1.0012565,1.0008795,1.0012445,1.0018512,1.0013525,1.0018277,1.001053,1.0019873
ADRB1,0.9993093,0.99947715,1.0000572,0.9999583,0.9996642,1.0000979,1.0001659,0.99962634
FEZF1,0.9998642,0.99990594,1.0001593,1.0001397,1.0000249,1.0001806,1.000185,1.0001395
SAPCD2,1.0033301,1.0026288,1.001786,1.0028884,1.0028161,1.0024543,1.0012337,1.0022151
TOX,0.9953602,0.9964931,0.99698657,0.99510014,0.9956485,0.9954245,0.99769914,0.995216
ZBED6,1.007151,1.0054581,1.0043883,1.0071744,1.0067499,1.0066658,1.0032952,1.0062871
SFXN2,1.0031102,1.0024366,1.001921,1.0030179,1.0030292,1.0029262,1.0014771,1.0027049
C5orf38,1.0011244,1.0008231,1.0008998,1.0014039,1.0011996,1.0012841,1.000715,1.0014715
RAB1B,0.9996215,0.9997692,0.99985254,0.99976635,0.99968857,0.9996034,0.99987245,0.9991636
TICAM2,1.0007123,1.0005845,1.0005245,1.0006791,1.0006254,1.0008031,1.0004681,1.0011141
ZNF721,0.9997686,0.99980664,1.0000474,1.0000744,0.9998863,0.99992967,1.0000191,0.9993575
LTBR,1.0045935,1.0036252,1.002279,1.0037138,1.0035169,1.0031515,1.0014708,1.002947
FBXO43,1.003235,1.0024756,1.0017991,1.0029392,1.0028386,1.0026395,1.0012782,1.0022206
HOXD12,0.9967072,0.99750435,0.9980099,0.9966529,0.996889,0.9968914,0.9984898,0.9969293
TDRKH,1.0013914,1.0011364,1.0012519,1.0018992,1.0018388,1.0017242,1.0010602,1.0017769
PAIP1,0.9954259,0.99656755,0.99743056,0.9956621,0.99580216,0.99595857,0.9980996,0.996046
ALCAM,0.9940227,0.99555594,0.9963891,0.99397147,0.9943395,0.99439925,0.9973206,0.99471474
RCAN1,0.9952526,0.9964582,0.9971866,0.99523747,0.9956132,0.99574286,0.99795115,0.9953277
SNX31,0.9967779,0.9976139,0.9982134,0.9969473,0.99713075,0.99719894,0.99871576,0.99728274
HYAL1,1.0003029,1.0002205,1.0002552,1.0003046,1.0002178,1.0004056,1.0002129,1.0001539
ADRA1B,1.0032008,1.0024241,1.0020103,1.0031903,1.0029134,1.0031612,1.0015563,1.002801
DHRS7B,1.0058297,1.0045092,1.0037719,1.00613,1.0055281,1.0055403,1.0028563,1.0051768
UBR5,0.99175227,0.9937049,0.9952109,0.9920726,0.992326,0.99248767,0.9963778,0.99247813
PRSS27,1.0018611,1.0013494,1.0008155,1.0013642,1.0012088,1.0013618,1.0005528,1.0009849
KLF4,1.0004475,1.0002383,1.000279,1.00041,1.0001132,1.0003206,1.000134,1.0000931
DDRGK1,1.0007039,1.0005956,1.0007548,1.0011971,1.0010996,1.0011182,1.0006788,1.0008175
ATP6V0D2,0.9998008,0.9998591,0.9997326,0.99951553,0.9996784,0.9994509,0.99973124,0.9999591
SLC16A13,1.0032909,1.0026056,1.001683,1.002706,1.0027306,1.0024629,1.0011704,1.0021987
TMCO1,1.0015225,1.0011941,1.0006483,1.00103,1.0011945,1.0010158,1.0004615,1.0014422
FGF17,0.99354315,0.9951825,0.9960774,0.9937061,0.9940969,0.99390054,0.9970217,0.99271536
ZBTB34,0.9984516,0.99878514,0.9990194,0.99844056,0.99839854,0.99838316,0.9991884,0.9977772
IL22RA1,0.9967072,0.99750435,0.9980099,0.9966529,0.996889,0.9968914,0.9984898,0.9969293
BLM,1.0016023,1.0013244,1.0012279,1.002032,1.0017481,1.001562,1.0009605,1.0015903
PUS7L,1.006537,1.0049545,1.003611,1.0059651,1.0055369,1.0054398,1.0025831,1.0054953
ZNF350,1.0013413,1.0010216,1.0011536,1.001767,1.0015872,1.0020131,1.0010574,1.0014536
UTP3,0.999984,0.999978,1.000226,1.000318,1.0002153,1.0003687,1.0002834,1.0006797
ATMIN,0.9960411,0.99703074,0.99736685,0.995715,0.99616313,0.99587065,0.9979278,0.9952388
SNX11,1.0025513,1.0020218,1.0017947,1.0028155,1.0027581,1.0027512,1.0014842,1.0029448
SHH,0.99668884,0.9974762,0.99801004,0.9966568,0.99685574,0.99685097,0.9984789,0.9969624
MFSD4B,1.0026876,1.0019819,1.0014933,1.0023497,1.0022006,1.002263,1.0011067,1.0028967
GUCY1A1,0.9992112,0.9993976,0.9996656,0.9993361,0.9993588,0.9996983,0.99980444,0.998557
HTR1B,0.9967072,0.99750435,0.9980099,0.9966529,0.996889,0.9968914,0.9984898,0.9969293
CDKL1,1.0036943,1.0027738,1.0023527,1.0037898,1.0034777,1.003544,1.0017691,1.0033482
HSDL1,0.99705625,0.99779,0.99873734,0.9977279,0.99773484,0.99810207,0.9992206,0.9981202
ANKUB1,0.9954246,0.9965752,0.9970566,0.99514735,0.99564934,0.99541676,0.9977381,0.99550295
ERGIC1,1.0003775,1.0002649,1.0001665,1.0002984,1.0002806,1.0003061,1.0001547,1.0004883
EFCAB3,0.9969436,0.9976704,0.99799293,0.9966529,0.9969239,0.99686813,0.99844384,0.9971237
SLC26A5,0.99967253,0.99978113,0.9999625,0.99980116,0.9997674,0.9999074,1.0000123,0.9999213
CHMP4C,0.99620926,0.99712217,0.997748,0.9962207,0.99644554,0.9965303,0.998316,0.99651694
MBP,0.99769557,0.9982915,0.99860716,0.99773127,0.99781454,0.99752074,0.9988682,0.99807227
FAM189A2,1.0013145,1.0010186,1.0009975,1.0014651,1.0013168,1.0012467,1.0007695,1.0019183
CPA4,0.9996714,0.9997278,0.99963367,0.9993315,0.99937737,0.9992861,0.99964106,0.99979293
BFAR,0.99862474,0.9989276,0.999233,0.99869,0.998692,0.9988101,0.99945414,0.9991774
ARID3B,0.9984919,0.9989356,0.999119,0.9984744,0.9986948,0.99862,0.99938416,0.99843895
FOXD4L1,0.99940556,0.99956,0.9996686,0.99934447,0.99941915,0.999418,0.99974,0.99955344
NAA30,1.0003233,1.0002267,0.9999503,0.999881,0.99975926,0.9999134,0.99986744,0.9992551
PTK2,0.9976872,0.9981883,0.99870753,0.99778444,0.9978019,0.9979707,0.99902666,0.9980621
CNN2,0.9993998,0.9994391,0.9997463,0.99949205,0.99916923,0.99926037,0.9997098,1.0000157
SFTPB,0.9977944,0.99833554,0.99855256,0.9976425,0.99780476,0.9975027,0.99882865,0.9979074
GAS8,1.0014179,1.0011746,1.0008675,1.0014964,1.0015419,1.0014828,1.0007579,1.0008569
GMEB2,1.0027357,1.0020692,1.0018144,1.002865,1.0027399,1.0031292,1.0015036,1.0017403
PRSS3,0.99978024,0.9998068,0.99978817,0.9996145,0.99961245,0.99955297,0.9997759,0.9996654
HPR,0.9969123,0.9976479,0.9981866,0.9969429,0.9971144,0.9971175,0.9986122,0.9970069
EME1,1.0006113,1.0004742,1.0003369,1.0005382,1.0004447,1.0002309,1.0001745,1.0006864
TTC23,0.9984462,0.9988366,0.9992882,0.9986751,0.9985217,0.9988071,0.9995128,0.9989945
FBXL12,1.004514,1.0034524,1.0027894,1.0045905,1.004416,1.004439,1.0022169,1.0043001
TRA2B,0.99490917,0.9961184,0.99693716,0.9948691,0.99514014,0.995238,0.99765456,0.99521995
GCNT3,0.9967072,0.99750435,0.9980099,0.9966529,0.996889,0.9968914,0.9984898,0.9969293
CEP57L1,1.0080149,1.0061477,1.0049646,1.0080957,1.0075359,1.0076346,1.0037949,1.0069423
ATP5F1C,0.99762034,0.99817675,0.9987403,0.9978142,0.997831,0.9979477,0.9990385,0.9978266
PYCR3,0.99894834,0.9992129,0.99933183,0.9989149,0.9991011,0.99905944,0.9995538,0.9989766
PCBP3,1.0038689,1.0029444,1.0022044,1.003616,1.003468,1.0032465,1.0015731,1.0025604
MUCL3,1.0000184,1.0000365,1.0001851,1.000169,1.0001568,1.0002577,1.0002108,1.0004712
SSBP2,0.9957378,0.9967619,0.9975997,0.9959439,0.99604744,0.99627984,0.99821556,0.9961113
RFX1,1.0033416,1.0025084,1.0019207,1.0031371,1.0029902,1.002832,1.0013957,1.0031348
RBFOX3,1.0005718,1.0005187,1.000248,1.0004301,1.0005476,1.0004536,1.0002279,0.99975395
EDIL3,0.9938933,0.9953215,0.99650204,0.9941504,0.99439573,0.9947529,0.9974004,0.9937889
PCNX2,1.0037739,1.002872,1.0022328,1.0036296,1.0035022,1.0033482,1.0016646,1.0033103
TGIF1,0.99368334,0.9953201,0.9964116,0.994078,0.99444634,0.9942622,0.99734104,0.99390715
CIRBP,0.996962,0.99770343,0.9981736,0.9969281,0.99709195,0.9970844,0.9985777,0.99691594
UGT8,0.997722,0.9982898,0.9989289,0.9981502,0.99814725,0.99809086,0.9992597,0.9991144
C5,0.99969536,0.9997584,1.0000178,0.9999659,0.99973273,0.99973214,1.0000174,1.0004703
ABHD11,0.9968177,0.9975792,0.99799794,0.9967004,0.9969016,0.9966209,0.9983809,0.9970639
CLDN7,0.99716514,0.99791664,0.9979333,0.996568,0.99688184,0.99668425,0.9982815,0.99645495
NUDT9,0.9988735,0.9992758,0.999593,0.9992207,0.9994462,0.9993652,0.9998006,0.9983257
IL2RG,0.99668336,0.9974836,0.99796903,0.996613,0.9968476,0.99684,0.9984527,0.99673843
TADA3,0.9974805,0.9981601,0.9985132,0.9975114,0.99776876,0.9976784,0.99893063,0.9976376
ZFP37,1.0054994,1.0043898,1.0033352,1.0053095,1.0054502,1.0053284,1.0026805,1.0051823
MX2,0.9978929,0.9983915,0.9987161,0.99781644,0.99798167,0.99798703,0.99901843,0.9980688
IL21R,0.99798274,0.9984753,0.9987751,0.99788105,0.9980478,0.9980607,0.9990564,0.99814737
TRIM22,1.0002724,1.0003028,0.99983215,0.9997945,0.9999496,0.9997778,0.9998038,0.9988557
EN1,0.9911151,0.99339354,0.99477124,0.99115586,0.99167264,0.9916333,0.9960679,0.9929303
UNC5CL,1.0011861,1.000889,1.0009096,1.0013624,1.0012537,1.0015001,1.0007622,1.0010115
C17orf75,0.9982033,0.9986422,0.99889576,0.99811363,0.99832886,0.99831533,0.99919724,0.998814
NODAL,1.0043225,1.0033457,1.0025369,1.0041034,1.0039917,1.0041921,1.0020336,1.0035651
FBXO32,0.9964553,0.9972331,0.9978584,0.9964996,0.99669194,0.9967387,0.9984199,0.9970738
ADPRM,1.009156,1.0070512,1.0054878,1.0088873,1.0084928,1.0081147,1.0040789,1.0086341
DNAJB4,0.9963351,0.9972433,0.9976214,0.9960413,0.99624527,0.9961404,0.99814504,0.99695766
ZNF662,1.0046202,1.0035336,1.0020899,1.0034904,1.0034206,1.0032712,1.0014113,1.00298
MIEF2,0.9995614,0.99967754,0.9996834,0.9993346,0.9995699,0.999948,0.99993247,0.99980927
BEND7,1.0034243,1.0026045,1.0020776,1.0033044,1.0030898,1.0031589,1.0015887,1.0032817
SMUG1,1.0014393,1.0010784,1.0009279,1.0014307,1.0013008,1.0013274,1.000721,1.0023897
DGAT2L6,0.9968794,0.99764144,0.9980892,0.99678755,0.99703634,0.99701166,0.99854517,0.9970698
EIF4E2,0.9963615,0.99721664,0.99803066,0.9966804,0.9968444,0.9970074,0.9985958,0.9971342
CLDN3,0.99690104,0.9976565,0.9980484,0.9967419,0.9969598,0.996925,0.9984772,0.9968642
PCMTD1,1.0012369,1.0009657,1.0003971,1.000667,1.0008119,1.0005077,1.0001758,1.0003484
BAZ1B,0.9944247,0.9957814,0.9964087,0.99412125,0.9946091,0.994509,0.9972191,0.99401486
CALB2,0.9925628,0.9942957,0.995499,0.99256516,0.9929713,0.9926583,0.99644935,0.99343634
OVGP1,1.0032762,1.0024421,1.001891,1.0030466,1.0027502,1.0026689,1.0013084,1.0026276
SS18,1.0008281,1.000709,1.0007739,1.0010237,1.000916,1.0010654,1.0006921,1.0018114
CPQ,0.99272954,0.99457765,0.9954257,0.9923624,0.9932283,0.9931413,0.99669,0.9940866
IL20RA,0.99886394,0.9991837,0.99920124,0.9986098,0.99877787,0.99872416,0.9993715,0.9986223
SMYD1,0.99674165,0.99753034,0.9980261,0.99668217,0.99691755,0.996915,0.99849993,0.9969486
SSC5D,1.0025283,1.0020262,1.0016026,1.002502,1.0023917,1.0023139,1.0012081,1.0022185
DACT3,0.9985789,0.9991069,0.99931204,0.9987902,0.9990146,0.9989464,0.99957955,0.9981209
ZNF214,1.0067669,1.0051304,1.0043024,1.0070288,1.0063362,1.00676,1.0033141,1.005745
ANKRD33B,1.0010945,1.0007689,1.0008737,1.001338,1.0011507,1.0013549,1.0007181,1.0013117
ZNF641,1.0043367,1.0033884,1.002452,1.0039628,1.0039823,1.0037432,1.0018219,1.003149
RNF32,1.0021192,1.0016389,1.001291,1.0020671,1.0020564,1.0020161,1.0010061,1.001913
FKBP6,0.9967521,0.9975326,0.99800557,0.9966638,0.9969106,0.99690896,0.99848235,0.99683654
CKAP2,0.9974027,0.99799275,0.9985758,0.99756473,0.99746656,0.99759436,0.9988935,0.99781466
HDX,1.0033076,1.002368,1.0024297,1.0038192,1.0033504,1.0037676,1.0019321,1.0040905
CREB3L1,1.0000172,1.0000522,0.9997697,0.9996346,0.99985206,0.9996699,0.999768,0.99920833
ATOH8,0.9964073,0.9972973,0.9982151,0.99686825,0.9969294,0.996922,0.9987102,0.9975418
TFAM,0.99625146,0.9971446,0.9976924,0.99623907,0.99662304,0.9961915,0.9981743,0.9965131
C7orf25,1.0045819,1.0035458,1.0033889,1.0053717,1.0048752,1.0050781,1.0027457,1.005305
RAB33B,0.998382,0.99890757,0.9987938,0.9979014,0.99836814,0.998002,0.9990884,0.9989073
NME7,1.0032097,1.0023737,1.0022259,1.0035106,1.003026,1.0032241,1.001702,1.0040184
MYF5,0.9967072,0.99750435,0.9980099,0.9966529,0.996889,0.9968914,0.9984898,0.9969293
TOX3,0.9860293,0.98940945,0.9913288,0.9857782,0.9865998,0.98660445,0.9933363,0.98605084
MYZAP,1.0001714,1.0001459,1.0000813,1.000041,1.0000745,0.99997854,1.0000204,1.0000931
VTI1A,1.0058352,1.004488,1.0037221,1.0060124,1.0057553,1.005786,1.0028806,1.0046474
PPM1F,1.0059534,1.0045633,1.0032742,1.0053723,1.0052521,1.004962,1.0023592,1.004633
ZNF415,1.000713,1.0006092,1.0004828,1.0007412,1.0007036,1.0008078,1.0004398,1.0003524
PHOX2B,0.9850781,0.9885738,0.9910429,0.9852853,0.9859207,0.9854148,0.9929712,0.9876386
NAP1L4,0.9963529,0.9972271,0.9978229,0.99633473,0.99655807,0.9966006,0.998358,0.99694747
CA9,0.9977244,0.9982419,0.99879956,0.9979034,0.99801695,0.9981284,0.99913216,0.9980328
SLC15A3,0.9991228,0.99932826,0.99916756,0.9986054,0.99881226,0.99872935,0.999262,0.9983368
SULT4A1,0.99756724,0.9981942,0.99861646,0.997658,0.9976628,0.997676,0.9989548,0.9980526
FRMD5,1.0085064,1.0064454,1.0051217,1.0083687,1.0079422,1.0078595,1.0038521,1.0080378
THRAP3,0.9980594,0.9984983,0.99896854,0.9982021,0.9981543,0.9982679,0.9992039,0.9985149
SMYD3,1.0006529,1.000561,1.0006057,1.000792,1.0008047,1.0010347,1.0006008,1.0011008
SLC7A13,0.9967072,0.99750435,0.9980099,0.9966529,0.996889,0.9968914,0.9984898,0.9969293
PCYOX1L,1.0013037,1.0009172,1.0011833,1.0018072,1.0015103,1.0017219,1.0009403,1.001437
RNF144B,1.0019133,1.0014057,1.0009651,1.0014815,1.0014973,1.0015457,1.0006855,1.0016081
HERPUD2,1.0020581,1.0016067,1.0009236,1.0014842,1.0015903,1.0014901,1.0006566,1.0011158
LGMN,0.9987211,0.99900824,0.99951786,0.99904567,0.99899304,0.99935865,0.99976593,0.9996531
SKP2,0.9990246,0.99930465,0.9995689,0.999192,0.9990536,0.9991252,0.9996972,0.99992836
ZAR1,0.99710953,0.99780285,0.9982594,0.99705696,0.99725425,0.99725604,0.9986728,0.99736667
DUSP10,1.0051306,1.0038192,1.0036956,1.0057291,1.0050212,1.0058008,1.0029415,1.0055697
SLC17A4,0.9967927,0.9975914,0.9980521,0.9967486,0.9969944,0.99698997,0.99851835,0.9966531
MS4A14,0.99649876,0.9973757,0.997851,0.9964253,0.9966947,0.99662113,0.99835443,0.99646586
PPIE,1.0027614,1.002088,1.0019054,1.0030661,1.0028021,1.0028093,1.0014936,1.0033352
IGSF21,0.99937063,0.9995333,0.9998351,0.9996669,0.9995664,0.9996065,0.9999057,0.9995579
LEKR1,0.99949014,0.9996448,0.99967575,0.99934435,0.9994505,0.9994776,0.9997777,0.9997101
GJB5,0.9968776,0.9976351,0.9980715,0.996761,0.9969914,0.99697345,0.9985142,0.99697924
KDM8,1.0008739,1.0006261,1.0007497,1.0011332,1.0009837,1.0011351,1.0006354,1.0012199
CCT3,0.9976804,0.9982223,0.998708,0.99781257,0.9978906,0.9978983,0.999015,0.9981088
RBM4B,1.0003021,1.0002882,1.0000563,0.9999839,1.0001789,1.0002167,1.000063,1.0001793
MARCH9,0.9967072,0.99750435,0.9980099,0.9966529,0.996889,0.9968914,0.9984898,0.9969293
MKRN2,1.0049558,1.0037633,1.0032914,1.0052779,1.0047752,1.0050263,1.0025775,1.005136
MIER2,0.9973023,0.9981264,0.99847126,0.99744046,0.9977436,0.99774575,0.9989929,0.99700785
TCEA1,0.9963891,0.99724925,0.9979366,0.9964869,0.99663794,0.9967672,0.9984832,0.9974282
TBXA2R,1.0059845,1.0045307,1.0034151,1.0055465,1.005122,1.0050575,1.0024295,1.0052218
BMP10,0.9967072,0.99750435,0.9980099,0.9966529,0.996889,0.9968914,0.9984898,0.9969293
PABPN1L,0.9976176,0.9982245,0.9984772,0.9974394,0.99770606,0.9976245,0.9988386,0.9976803
NAP1L1,0.99492556,0.99607944,0.996716,0.994552,0.9948922,0.9950491,0.9974463,0.9948796
LNPK,1.0007172,1.0005022,1.000478,1.0007114,1.0005957,1.0008589,1.0003803,1.0000314
HYAL4,0.99676895,0.9974991,0.9983534,0.9971956,0.99724364,0.9973805,0.99881303,0.9973929
NMUR1,0.99810976,0.99853665,0.9989317,0.9980968,0.99828255,0.9984474,0.99927866,0.99897027
POLR1E,1.0027052,1.0020521,1.001378,1.002356,1.0021209,1.0018344,1.0008866,1.0018243
MYF6,0.9991993,0.9993976,0.9995558,0.9992157,0.99924827,0.99912035,0.99959975,0.998865
PJVK,0.9997362,0.999825,1.0000784,1.000028,0.99995273,1.000175,1.0001805,1.0000792
RASL10B,0.99883765,0.99918777,0.99917144,0.9986762,0.9988469,0.9984337,0.9992925,0.9985896
SLC38A2,0.9929521,0.9946418,0.9957409,0.99290466,0.993273,0.9935391,0.99680156,0.993396
RMI1,1.00085,1.0007843,1.0009432,1.0014129,1.0012639,1.0012006,1.0007983,1.0010316
UGT3A2,0.9967072,0.99750435,0.9980099,0.9966529,0.996889,0.9968914,0.9984898,0.9969293
DNAAF2,1.0029047,1.0021639,1.0019531,1.0031148,1.0028262,1.0031706,1.0015656,1.0027031
UGT2B7,0.9989093,0.9991609,0.9993487,0.9988823,0.9989735,0.99903715,0.99951065,0.9987055
ANXA4,0.99578,0.9967867,0.9972172,0.99534667,0.99576545,0.9957975,0.9978176,0.9953307
RAD23A,0.9990296,0.9993377,0.9995281,0.9991018,0.9992205,0.99908566,0.99965763,0.99941075
PSMB4,0.9982024,0.9985984,0.99895406,0.9982184,0.99830735,0.99846816,0.9992348,0.9984939
MAP3K8,1.00041,1.0003517,1.0001202,1.0002394,1.0002285,1.0001619,1.0000457,0.99952877
APRT,0.99631965,0.99725115,0.9978821,0.9964278,0.9967459,0.99683493,0.9985094,0.99708647
CAPZB,0.9976959,0.99828523,0.9989258,0.9980774,0.99808264,0.99822074,0.999267,0.9985188
DLK1,1.0084741,1.0065695,1.0046372,1.0075377,1.0074159,1.0067531,1.0032501,1.006607
CCDC65,1.0021851,1.0017372,1.0016047,1.0025554,1.0023087,1.0024707,1.0013568,1.0022786
NAPSA,0.9970087,0.9977147,0.99821144,0.997006,0.997224,0.9972229,0.9986546,0.9973906
DNASE1L2,1.0009211,1.0007036,1.000572,1.0009267,1.0008943,1.0008276,1.0004567,1.0009931
ADORA2A,1.002364,1.0018195,1.0012071,1.0019941,1.0019355,1.0018001,1.0008023,1.0007175
ZNF254,0.997582,0.99812365,0.99842644,0.9974073,0.99769783,0.997529,0.9987731,0.9983166
SLC25A45,1.0011269,1.0007688,1.0009518,1.001405,1.0011824,1.0015032,1.000803,1.0019941
PJA2,0.99256635,0.99437535,0.995438,0.99244213,0.9929239,0.99302614,0.99653363,0.9926988
GRK1,0.9974006,0.998086,0.9982444,0.9970564,0.99738216,0.99726045,0.99863553,0.9971678
IFIT5,1.0031369,1.0022702,1.0022215,1.0034573,1.0029998,1.0033104,1.0016971,1.0039055
CTDSP1,1.0006067,1.0004585,1.0004237,1.0007058,1.0006162,1.000438,1.0003048,1.0008334
NUFIP2,0.9921113,0.994012,0.9950302,0.99180996,0.9922544,0.99227154,0.9961558,0.9923943
RNLS,0.99996626,0.9999695,1.0003225,1.0003636,1.0002928,1.0003204,1.0003117,1.0005972
DGKQ,0.99783903,0.9984275,0.9990686,0.9983504,0.9982743,0.9984671,0.99937737,0.99759597
RAB4B,1.0077807,1.0059268,1.0048854,1.0079373,1.0074174,1.007478,1.003725,1.0069803
PSTPIP1,0.9983821,0.998771,0.99902266,0.99833286,0.9984571,0.99851143,0.9992831,0.9984827
CACNG7,1.0016127,1.0012606,1.0011806,1.0017445,1.0016712,1.0018723,1.0009781,1.0016131
GSX2,0.99646044,0.9973231,0.997889,0.99644375,0.9966842,0.996695,0.9984062,0.9967566
RNF39,0.99671245,0.99750245,0.9980041,0.99665153,0.99688494,0.9968778,0.9984808,0.996947
SLCO6A1,0.9982097,0.99867976,0.9989946,0.99824524,0.9983731,0.99831355,0.9992345,0.99833703
ZIM2,1.0070494,1.0052587,1.0037522,1.0062379,1.0060357,1.0059447,1.0027391,1.0064249
PPP2CB,0.99619734,0.9972327,0.9973007,0.99559903,0.99617565,0.9957459,0.99786526,0.9956503
TRIM50,0.9965621,0.9973961,0.9978614,0.9964305,0.99669564,0.9966818,0.99836004,0.9965569
SLC35E1,0.9980394,0.99857485,0.99873877,0.997913,0.9981446,0.99761593,0.9989078,0.99800885
ADAM29,0.9980068,0.9984945,0.99885845,0.998039,0.99818647,0.9982445,0.99916315,0.9981477
ZNF776,1.0017161,1.001286,1.0013189,1.002074,1.0018184,1.0017782,1.0010036,1.002195
ZNF319,1.0015612,1.0012584,1.0010183,1.0014782,1.0015929,1.0013262,1.000787,1.0021381
SFRP4,0.9990249,0.99931055,0.99940526,0.99896395,0.9990907,0.9991634,0.9996044,0.9988649
CRYBA1,0.9989384,0.9991777,0.99956036,0.9991381,0.9992044,0.9993508,0.99976283,0.9996696
LRRC24,1.0008277,1.0005977,1.000651,1.0009449,1.0008705,1.0009769,1.0005008,1.0007062
ZNF398,1.0050958,1.0037168,1.003206,1.0052137,1.0047528,1.0051601,1.0024544,1.0046469
ZNF30,0.9999978,0.99998856,1.0002971,1.0003144,1.0003762,1.0008068,1.0004764,1.0010611
MVB12B,0.9895755,0.9920725,0.9934077,0.9893044,0.9900382,0.990003,0.99499154,0.9895951
DTX2,1.0019388,1.0014682,1.0011463,1.0018225,1.001765,1.0017352,1.0008638,1.0014299
TRIM65,1.0021776,1.0017136,1.0012705,1.0020812,1.0020741,1.0019121,1.0009711,1.0014489
FAAH2,0.9974145,0.99805945,0.9986167,0.9975971,0.997676,0.997956,0.9990399,0.9975921
ZBTB25,1.0006832,1.0004705,1.0006948,1.0010531,1.0008018,1.0008626,1.0005555,1.0014066
CETP,1.0020093,1.0015478,1.001068,1.0017118,1.0016673,1.001559,1.0007627,1.0016203
SLC39A4,0.99636334,0.997281,0.99767274,0.9961654,0.99653864,0.9962559,0.9981908,0.99643743
SLC17A3,0.9967625,0.99755025,0.998029,0.996688,0.9969337,0.99692196,0.99850154,0.9969264
DEDD,0.9996284,0.9997691,0.9998964,0.9996897,0.9995979,0.99996287,1.0000424,1.0001452
LRRN4,0.99674165,0.99753034,0.9980261,0.99668217,0.99691755,0.996915,0.99849993,0.9969486
CDK5,1.0005825,1.0004106,1.0006359,1.0008686,1.0006783,1.0009506,1.0005692,1.0011909
G6PC2,0.9983873,0.99876857,0.9990667,0.99837005,0.9984437,0.99850893,0.99928486,0.9985044
APOBEC3D,1.0000875,1.0000902,0.99978137,0.9996624,0.9997647,0.9996776,0.9997766,0.999369
SOX12,0.99598825,0.9969512,0.9974805,0.9959264,0.9962348,0.9959528,0.9980339,0.99612087
TFB1M,1.0063071,1.0047976,1.0032356,1.0054344,1.0053995,1.004874,1.0022507,1.0047892
ADCY1,0.99660844,0.99744105,0.99816984,0.9969635,0.9968362,0.9968419,0.99856734,0.9972959
HSD17B8,0.99691653,0.9977277,0.9982986,0.997116,0.9972999,0.99729097,0.99877334,0.997146
LRRC23,1.0026405,1.0020242,1.0014809,1.0024341,1.002418,1.0023503,1.0011839,1.0025644
ST3GAL5,0.9994992,0.9996241,1.0000774,0.9999634,0.99984217,1.0002189,1.0002086,1.0002812
RFC3,1.0025468,1.001976,1.0015546,1.0025165,1.0023226,1.0021119,1.0011144,1.0023862
METTL2A,1.0040609,1.0031226,1.0021033,1.003459,1.0035058,1.0032327,1.0015424,1.0036772
ACY3,0.9956641,0.9966463,0.9973149,0.9955387,0.9958887,0.99589074,0.997937,0.9956953
SVOP,0.99906224,0.99924755,0.99992096,0.9997655,0.99955344,0.9996679,1.0000144,0.9998573
SLC39A13,0.99898124,0.99921715,0.9993526,0.9989214,0.9990573,0.998852,0.99948967,0.99920106
NIPSNAP2,0.99777377,0.9983401,0.9988102,0.99795604,0.9980476,0.9981241,0.99915266,0.9980695
ROM1,0.99915814,0.9994412,0.9992386,0.9987687,0.99901104,0.9989476,0.9994526,0.99871147
RAB8A,0.9998558,0.9999621,1.0001236,1.0001328,1.0001665,1.0002167,1.0001879,0.99974144
ST8SIA5,1.002142,1.0015416,1.0013039,1.0021454,1.0019329,1.001874,1.0009673,1.0032322
TMEM198,0.9966675,0.9974004,0.9983237,0.9971942,0.99712694,0.99721426,0.9987936,0.9981999
RMND1,1.0049493,1.0037434,1.0033264,1.0053004,1.004784,1.0051434,1.0025963,1.004752
ZNF652,1.0010421,1.0008429,1.0006976,1.0010155,1.0009727,1.0009809,1.0005102,1.000762
MAGED2,0.99457395,0.9958396,0.9966322,0.9944008,0.99466693,0.99474394,0.99737513,0.9948361
TRMT2B,1.0017524,1.0014094,1.0008252,1.001334,1.0014695,1.0014305,1.0006683,1.0012598
VKORC1L1,0.99744046,0.99809206,0.99817693,0.99708533,0.99738497,0.9970865,0.9985275,0.9968928
GDF2,0.9969312,0.99767315,0.998172,0.9969129,0.997123,0.9971343,0.99861586,0.99713326
IFT57,0.99750626,0.99817336,0.99856657,0.99762076,0.9978338,0.9977727,0.9989937,0.99815
FOXD2,0.9989532,0.99926233,0.9988567,0.99805963,0.9987962,0.9989929,0.9992139,0.99710834
TSG101,0.99706006,0.9976892,0.9983388,0.99710894,0.99712986,0.997321,0.9987273,0.9977774
ARHGAP1,1.0005312,1.0004499,1.000421,1.0005653,1.0005127,1.0006423,1.0003726,1.0004201
CKAP2L,0.9993873,0.9996513,0.99916416,0.99866605,0.9988669,0.9984017,0.9991946,0.9982835
POT1,1.0026696,1.0021758,1.0015911,1.0025235,1.0024416,1.0022506,1.001204,1.0022279
OLA1,1.000294,1.0002453,1.0005003,1.0006952,1.0005039,1.0007253,1.0004475,1.0005593
SDF2L1,0.9992641,0.99961245,0.9999081,0.99948347,0.9995513,0.99965835,1.0000204,0.99970746
NPFFR2,0.9972913,0.99797213,0.9983196,0.99718523,0.99743456,0.9973954,0.9987283,0.99733675
DNASE2B,0.9963221,0.9972075,0.99778795,0.9962918,0.99654293,0.9965333,0.99832183,0.9966296
DEGS2,0.997065,0.997733,0.9981998,0.99700403,0.9970454,0.99710214,0.9985748,0.997144
KRR1,1.0019041,1.0014905,1.0013303,1.0020032,1.0019387,1.0021969,1.0010983,1.0016605
ZNF35,1.0031618,1.0023696,1.0020539,1.0032357,1.0030144,1.0030286,1.0015656,1.0031981
HAPLN2,1.0037609,1.002945,1.002025,1.0032973,1.0032037,1.0030288,1.0014961,1.0032353
RS1,0.9970561,0.99770176,0.9981612,0.9970002,0.9970876,0.99716157,0.9985992,0.99729896
CENPN,0.99850833,0.9989011,0.9991132,0.99850726,0.9986049,0.99841905,0.9993047,0.9985627
ZSCAN25,1.0025835,1.0018711,1.0018282,1.0029154,1.0025921,1.0027027,1.0014532,1.0036639
EFNA3,1.0025178,1.0019547,1.0011505,1.0019332,1.0020041,1.0016438,1.0007375,1.001458
RBMS3,0.9907407,0.9929491,0.9944001,0.99074394,0.9911127,0.9910778,0.99565715,0.9916613
TESPA1,0.99703664,0.9978051,0.9980686,0.9967973,0.99715924,0.99707997,0.998549,0.9969524
TENT5B,0.9966484,0.99742085,0.99799305,0.9966024,0.9967721,0.996912,0.9985075,0.99742997
BTN2A2,1.0029957,1.0021703,1.0014591,1.002434,1.0022362,1.0021447,1.0009778,1.0024971
CARNMT1,1.00338,1.0025437,1.0018647,1.0030355,1.0029826,1.0029359,1.0013616,1.0023987
UTP11,0.9996375,0.9998001,0.99986523,0.99970216,0.99981594,0.9996594,0.9999027,0.9995208
APOA5,0.9967072,0.99750435,0.9980099,0.9966529,0.996889,0.9968914,0.9984898,0.9969293
NDE1,0.99769664,0.9984487,0.9985174,0.9975896,0.9979191,0.99744016,0.99882877,0.99675953
SLC46A1,1.0070896,1.0052745,1.0040967,1.0066875,1.0061734,1.0063215,1.0030133,1.0060778
ZNF23,1.0060948,1.0046134,1.0035571,1.0058755,1.0055976,1.0055819,1.0026677,1.0049113
CSNK1A1,0.9969473,0.9977141,0.998142,0.99681354,0.99700737,0.9971101,0.9985591,0.9964688
RABEPK,0.99865097,0.99900705,0.9995946,0.99914443,0.99903214,0.9991323,0.99977505,0.9996015
TBC1D32,1.0026265,1.0020965,1.0014939,1.0023351,1.0022966,1.0021305,1.0010922,1.0019387
CD5,0.9970447,0.9977459,0.9981842,0.99694896,0.99717176,0.9971653,0.9986139,0.9972805
TRABD2A,0.9967302,0.9975052,0.997957,0.9965845,0.9968221,0.99677026,0.9984087,0.9968247
RRP8,0.9980088,0.99853486,0.9988636,0.9978777,0.9983115,0.9983884,0.99928916,0.99932027
E2F3,0.9996988,0.99995935,0.99956083,0.9993236,0.9996568,0.9992578,0.9996473,0.9985215
ABHD8,1.0002358,1.0001507,1.0005524,1.0008831,1.000585,1.0006151,1.0004627,1.000187
TCTE1,0.9976007,0.9981916,0.998521,0.9974921,0.99773026,0.997697,0.99887526,0.9975749
SPAG4,0.99725205,0.9979398,0.99835086,0.9972385,0.9974776,0.9975289,0.99879456,0.9971975
HOXB8,0.99691427,0.9976579,0.9981517,0.99688584,0.9970959,0.9971087,0.99859834,0.99710345
CLYBL,1.0016377,1.001298,1.0009904,1.0015055,1.0014219,1.0015582,1.0007873,1.0014248
BCL6B,0.9981586,0.9986322,0.99865174,0.9977323,0.9979309,0.99791163,0.9989103,0.99752474
IGLON5,1.0018797,1.0014795,1.0011504,1.0017847,1.0017134,1.0017343,1.0008576,1.0014492
RAB5B,0.99018514,0.99258506,0.9938868,0.98994994,0.9905887,0.99052787,0.9953142,0.99051785
AASS,0.9972044,0.99784636,0.9984082,0.9972743,0.9972683,0.99730146,0.99877274,0.99807847
SFXN5,0.9899728,0.9924457,0.9941498,0.99038196,0.99097955,0.99075305,0.9956138,0.9909302
DMRTA1,1.0030073,1.0023489,1.0019846,1.0031602,1.00299,1.0030309,1.001616,1.0033722
CALR,0.9977585,0.99836123,0.9987991,0.9979118,0.997983,0.99806166,0.9991399,0.9980576
CSNK1G2,0.99808514,0.99854034,0.99914,0.99848855,0.99824405,0.99831784,0.9993445,0.9991225
DUSP4,0.9958576,0.99692273,0.9976652,0.99594426,0.9961627,0.99655,0.9983423,0.9966584
PDIA3,0.9967934,0.9976336,0.99796796,0.99659026,0.99687576,0.99693817,0.9984872,0.99672186
PACSIN1,0.9994519,0.9995537,0.9998021,0.99959236,0.999496,0.99971807,0.9999074,0.9996364
ANKRD33,0.9982455,0.99864835,0.9989022,0.99812275,0.99829227,0.9983698,0.99917805,0.998232
GTF2B,0.9969115,0.99763215,0.9984587,0.9972626,0.9974083,0.9975814,0.9989104,0.9978524
NPTN,0.9959499,0.99706423,0.9976196,0.99602187,0.9964262,0.9961809,0.99824286,0.99638665
TBC1D22A,1.004279,1.00327,1.0027428,1.004354,1.0040601,1.004223,1.0021131,1.0041322
SCTR,0.99759996,0.99819624,0.9986103,0.9976318,0.9978205,0.9978442,0.998965,0.9975583
ZDHHC3,1.0007554,1.0006471,1.000434,1.0006914,1.0007006,1.0005804,1.0003319,1.0006182
NECAB3,0.99941134,0.9995852,0.9997155,0.9995606,0.99954706,0.99948096,0.9997885,0.9985721
SLC25A51,1.0050325,1.0039166,1.003087,1.0050256,1.0048262,1.0045086,1.0023122,1.0044358
ARL8A,0.9982654,0.99876523,0.9989562,0.99815226,0.99814403,0.99817795,0.9991846,0.9984733
GAK,1.002387,1.0018411,1.0012451,1.0020804,1.0020642,1.0018318,1.00088,1.0018055
STK19,1.0039651,1.0030255,1.0019783,1.0032315,1.0033518,1.0029836,1.0014058,1.0034871
MYOZ3,1.0040659,1.0030674,1.0025768,1.0039864,1.0037783,1.003989,1.0019886,1.0041779
ZNF540,1.0040271,1.0031116,1.0028245,1.0044804,1.0041484,1.0043881,1.0022893,1.0039865
ZNF233,1.0023179,1.0017167,1.0016115,1.0024576,1.0021064,1.0023694,1.001203,1.0018039
POLR2F,1.0012351,1.0009234,1.0005167,1.000866,1.0009356,1.0007249,1.0003035,1.0008553
EMC3,0.99993885,0.9999403,1.0001334,1.0001168,0.99998605,0.9998543,1.0000634,1.0007445
SHBG,0.99780285,0.99834013,0.99864066,0.9977101,0.9978905,0.9978698,0.9989593,0.99783516
WDR47,0.99856836,0.99894476,0.99916303,0.99848413,0.9986116,0.9986745,0.9993521,0.9984356
TLE6,1.0026019,1.0020171,1.001488,1.0023634,1.0022393,1.0022445,1.0011125,1.0021671
SUPT3H,1.0082428,1.0062299,1.0050466,1.0081735,1.0077537,1.0077804,1.0038626,1.0083177
ARFIP1,1.0015843,1.0010915,1.0008909,1.0014493,1.001229,1.001364,1.0006227,1.0012528
SNPH,1.0059662,1.0045588,1.0035933,1.0058184,1.0054593,1.0053698,1.0027527,1.0068376
C9orf43,0.9978706,0.9983808,0.99875474,0.99790174,0.99805963,0.9980383,0.9990648,0.99789554
MAPK1,0.99802667,0.99855024,0.99883914,0.998024,0.9980855,0.9981301,0.99911886,0.99794596
ZNF300,0.9985188,0.9987952,0.9993825,0.9988721,0.99874365,0.99898946,0.9995755,0.9995115
B3GAT2,0.9993929,0.9996637,0.9994131,0.99894047,0.99922574,0.99906886,0.99953496,0.99865794
CPA5,0.99847645,0.99889207,0.9989526,0.99821615,0.9984289,0.99834436,0.9991772,0.9984046
KDM4E,0.9967072,0.99750435,0.9980099,0.9966529,0.996889,0.9968914,0.9984898,0.9969293
SH2D2A,0.9976123,0.9982228,0.9985328,0.9975026,0.99767864,0.9976585,0.99886703,0.9975935
ZFPL1,1.0023842,1.0017519,1.0017738,1.0028069,1.0024779,1.0025584,1.0013788,1.002953
HOXB13,0.99678284,0.9975583,0.9980508,0.99672127,0.99695194,0.9969539,0.9985186,0.99700844
FAM83C,0.99643487,0.9973029,0.9978337,0.99637467,0.9966362,0.99662215,0.9983556,0.99662125
CYBA,0.9974503,0.9980805,0.99874085,0.9977813,0.9978187,0.9981205,0.9991187,0.99693364
ABRA,0.99705976,0.9977549,0.99818486,0.9969628,0.9971731,0.9971378,0.9985981,0.99718106
SERINC3,0.99758697,0.99825597,0.998605,0.9975927,0.9978111,0.9978478,0.9989781,0.9974654
BACE2,1.0000803,1.0000496,1.0004464,1.00061,1.0003927,1.0006409,1.0004411,1.000485
KPRP,0.9967072,0.99750435,0.9980099,0.9966529,0.996889,0.9968914,0.9984898,0.9969293
TNIP3,1.0007893,1.0005809,1.0002776,1.0004151,1.0003703,1.000287,1.0001096,1.0001848
WDR92,1.0021162,1.0015451,1.0015167,1.0024369,1.0021503,1.0021576,1.001205,1.0032077
OPRK1,1.0082088,1.0062042,1.0050585,1.0082164,1.0074729,1.007254,1.0036746,1.0080364
GLMN,1.0034677,1.0026397,1.0020027,1.0033064,1.0031364,1.0027153,1.0014024,1.0034555
AGT,0.9871737,0.9904922,0.9920611,0.9869039,0.9880111,0.987965,0.994153,0.9877554
SMAP1,0.9986887,0.99907625,0.9994048,0.9988776,0.9988481,0.998793,0.9995471,0.9991896
GCH1,1.0043758,1.0034304,1.002553,1.0040033,1.0038538,1.003917,1.001929,1.0038011
ZSCAN21,1.0017643,1.0014913,1.0012543,1.0019903,1.0019455,1.0017984,1.0010378,1.0016091
RRAGD,1.0045571,1.0034927,1.0024397,1.0040448,1.0038384,1.0034828,1.0016885,1.0037606
USP9X,0.9965933,0.99739814,0.99777186,0.9962946,0.9965945,0.996448,0.99821657,0.9965479
POMC,0.9965131,0.9973501,0.99783015,0.9964104,0.99675196,0.99671024,0.9983554,0.9964599
C11orf96,0.99692976,0.9975873,0.9981545,0.99693424,0.99679315,0.9969976,0.99855626,0.99752176
ADGRB1,0.9963949,0.9973592,0.9983867,0.9971888,0.99700373,0.99723756,0.9988599,0.9966768
ZNF526,0.99784136,0.99832803,0.99894196,0.9981612,0.9980545,0.9982388,0.9992377,0.99870473
SLC30A3,1.0026196,1.0019603,1.0018176,1.0028296,1.0025126,1.0027314,1.0014129,1.0029393
PRMT3,1.0007838,1.0006604,1.0011146,1.0016198,1.0013905,1.0017967,1.0010959,1.0014249
CCDC86,1.0054337,1.0042548,1.0031106,1.0049603,1.0050018,1.0048441,1.002377,1.0044913
UBE2J1,0.99655074,0.9973415,0.99768066,0.9961883,0.9965253,0.9967271,0.9982478,0.9960218
SOX21,0.997056,0.99773586,0.9985229,0.99748695,0.9973382,0.9975462,0.9989533,0.9982101
C8orf34,0.9941524,0.9954769,0.9964465,0.9941737,0.9945618,0.99469185,0.99739873,0.9950645
B4GALT5,0.99336374,0.9949291,0.99581116,0.9930719,0.9937311,0.99372035,0.99685776,0.9940087
CCDC137,0.9996789,0.9998498,0.999751,0.9995202,0.9994774,0.9992378,0.99971414,0.9994546
NHLRC3,1.002128,1.0015938,1.0012239,1.0019447,1.0017644,1.0016855,1.0008378,1.0017161
SERPINE1,0.9987097,0.99896,0.9991211,0.9985055,0.9983753,0.99840814,0.999189,0.99835646
CREB3L2,1.0049266,1.0037032,1.0030675,1.0049012,1.004488,1.0045488,1.0022788,1.0047837
ST3GAL2,0.9996978,0.9998945,0.9998207,0.99956393,0.99972427,0.9997194,0.99992585,0.9995284
PCYT1B,1.0023226,1.0018036,1.0015551,1.0025277,1.0023224,1.0022339,1.0011944,1.0018464
ASB5,0.9967288,0.99751234,0.99806464,0.996754,0.9969412,0.996895,0.9985131,0.9970069
POU5F1B,0.99781275,0.9983549,0.9986941,0.9977534,0.9979372,0.99790263,0.9989979,0.99784476
NECAP2,0.99925625,0.9994775,0.99984854,0.9996004,0.9994872,0.9997439,0.99999607,0.9996051
RBP4,1.0013984,1.0010769,1.0006952,1.0011587,1.0010183,1.0009158,1.0004113,1.0005751
MPV17,0.99715364,0.9978044,0.998476,0.99748844,0.9974976,0.9975656,0.9988908,0.9976587
GAS2,0.9981283,0.99865615,0.9991023,0.99843735,0.9985535,0.99860835,0.99941534,0.9983597
GABPB2,1.0014845,1.0011816,1.0011885,1.0018463,1.0015991,1.0017123,1.0009555,1.0014164
RPL18A,0.9975854,0.99810827,0.9983724,0.9973099,0.9974721,0.9975169,0.998684,0.9972768
OGFRL1,0.9988216,0.9991151,0.9992409,0.998713,0.99898255,0.99881387,0.9994199,0.9986547
FAM124A,1.0037893,1.002857,1.002442,1.0038497,1.0034254,1.0035866,1.0018423,1.0037973
COQ5,1.0004277,1.0004151,1.0000821,1.0000381,1.0003144,1.0000972,1.0000522,0.9999918
GZMB,0.9956865,0.99674666,0.9973707,0.99563205,0.9959465,0.9959278,0.99801165,0.99577934
IL23R,0.99619985,0.9971329,0.99759126,0.9960325,0.9963903,0.99632853,0.9981704,0.9959712
AGK,0.99955785,0.9997525,1.0001688,1.0001277,1.000149,1.0001472,1.0002694,1.0002092
SLC46A2,0.9967996,0.9975631,0.9980483,0.99672675,0.99695957,0.9969716,0.9985177,0.9969802
NPHS1,0.99904466,0.99923366,0.99937534,0.9989278,0.999004,0.9988876,0.99947083,0.9993454
PCDHB8,0.99630487,0.99721026,0.9979149,0.99646264,0.99668086,0.9966968,0.9984523,0.9969728
ZNF648,0.9967072,0.99750435,0.9980099,0.9966529,0.996889,0.9968914,0.9984898,0.9969293
CLUAP1,1.0004293,1.0002916,1.0005268,1.000734,1.00053,1.0006468,1.0004392,1.0011868
KBTBD13,0.99844563,0.9988531,0.99907964,0.9984089,0.9985564,0.99854,0.99930996,0.99844474
SLC16A2,0.9981019,0.9986565,0.9989569,0.9982032,0.99819636,0.99831533,0.99924767,0.9977475
PGGT1B,1.0031139,1.002406,1.0020485,1.0032848,1.0030642,1.0030689,1.0015632,1.0024743
PSMD8,1.0009545,1.0007306,1.0007088,1.0010533,1.0008804,1.0009894,1.0005382,1.0009353
WIPF2,1.0019935,1.0015184,1.0009961,1.0016786,1.0015512,1.0011735,1.0006266,1.0022426
MFSD9,1.0009687,1.0006962,1.0011766,1.0017984,1.0013809,1.0018947,1.0010912,1.0021377
THOC6,0.99316645,0.99475956,0.9962138,0.99363667,0.99383664,0.99383444,0.99716055,0.995298
EXTL2,0.9987632,0.9989871,0.99911237,0.99850297,0.99846554,0.9985318,0.99926937,0.999265
CWC27,0.9982184,0.9987395,0.9992259,0.9985883,0.9986106,0.9986606,0.99951255,0.99895453
ADK,1.0013939,1.001143,1.0007099,1.0010315,1.001085,1.0010154,1.0005404,1.0014102
B4GALT6,1.0069349,1.0053504,1.0043573,1.0070621,1.0065863,1.0067308,1.0033894,1.0066919
CAP2,0.99937695,0.9995414,0.99952817,0.9992882,0.99937767,0.9992894,0.99964,0.9989829
CERS1,0.9993923,0.99959433,0.9995987,0.999421,0.99949193,0.99976027,0.99983066,0.99837655
LANCL1,1.0013236,1.0009602,1.0011067,1.0015936,1.0012132,1.001306,1.0007833,1.0022407
VWA1,0.99771667,0.998302,0.9985912,0.9976493,0.997692,0.9976876,0.99889064,0.9974772
REEP3,0.99813056,0.9986237,0.99906653,0.9983939,0.9984601,0.99850494,0.9993516,0.99814975
DIRC2,0.9967072,0.99750435,0.9980099,0.9966529,0.996889,0.9968914,0.9984898,0.9969293
TMOD2,0.99740845,0.9980707,0.9985354,0.9974298,0.9974971,0.99750715,0.9988695,0.99835014
GPR142,0.9967072,0.99750435,0.9980099,0.9966529,0.996889,0.9968914,0.9984898,0.9969293
STAC,1.0017811,1.0013273,1.0010602,1.0017455,1.0016057,1.0016572,1.0007963,1.0010661
TAB1,1.0009836,1.0007809,1.0008632,1.0013722,1.0011225,1.0012871,1.0007508,1.0013634
PNMA3,1.0042126,1.0032218,1.0026989,1.0044188,1.0041755,1.0040163,1.0020435,1.0036045
GNPTG,0.99976695,0.999912,1.0001235,1.0000503,1.0000145,0.99999076,1.0001676,1.0004969
PAQR6,1.004839,1.0036632,1.0033002,1.0053017,1.0048771,1.0048876,1.0025833,1.0055352
C11orf49,0.9982876,0.99875486,0.99921304,0.9986061,0.9986992,0.99873024,0.99951494,0.99904853
SKAP1,0.9962833,0.9971951,0.9977599,0.9962443,0.99651027,0.9964857,0.99830055,0.99649286
TCEA2,1.0022142,1.0018799,1.0011144,1.0019187,1.0019764,1.001635,1.0007999,1.0004228
FBXO44,0.99902856,0.9993355,0.99972457,0.99945617,0.9995067,0.9995785,0.9999038,0.99920166
GAL3ST3,1.00298,1.0022682,1.0021443,1.0034385,1.0030084,1.0030007,1.0016438,1.0032461
SASH3,0.9978584,0.99828607,0.99868584,0.99779415,0.99797165,0.9980229,0.9989737,0.9975098
ATXN10,0.9985306,0.9989512,0.9992543,0.9986782,0.99881095,0.9987746,0.9994687,0.9985192
LACTB,1.0018642,1.0014688,1.0009451,1.0015212,1.0015857,1.0011656,1.0006258,1.001609
SFXN1,0.99857104,0.99899936,0.9993848,0.9988687,0.99895054,0.9988103,0.999561,0.99873257
PEX3,1.0045714,1.0034364,1.0029998,1.0048789,1.0044923,1.0043379,1.002259,1.0045537
FBXO28,1.0055237,1.0042744,1.0035334,1.0056573,1.0052919,1.0052732,1.0026797,1.004822
IRX1,1.0028865,1.0021226,1.0022502,1.0034829,1.0028542,1.003419,1.0017674,1.002563
GPR137B,1.0005935,1.0004402,1.0003558,1.0006196,1.0005258,1.0005413,1.0002798,1.000371
ARG1,0.9968699,0.99762225,0.99805903,0.9967625,0.9970051,0.9969506,0.9985082,0.99695563
RNF219,0.9967072,0.99750435,0.9980099,0.9966529,0.996889,0.9968914,0.9984898,0.9969293
TEX9,1.0066718,1.0051118,1.0040473,1.0065494,1.0061502,1.0061594,1.003097,1.00676
P4HB,0.9967271,0.99756336,0.9981706,0.9968926,0.9970304,0.996984,0.9986376,0.9973475
ANKRD54,1.0028949,1.002213,1.001941,1.0031478,1.0028685,1.0029749,1.0015612,1.0031188
CDC7,1.0034459,1.002705,1.0021641,1.0034605,1.0031743,1.0029947,1.0015678,1.0026306
LPO,0.9992793,0.99947894,0.99972755,0.9993987,0.9994526,0.9995582,0.9998428,0.99943537
TRAPPC4,0.99667233,0.9975276,0.99802953,0.9966717,0.9969392,0.99687815,0.9985069,0.99685574
ZNF836,1.006043,1.0046362,1.0037441,1.0060159,1.0055492,1.0055203,1.0028064,1.0061693
SMS,0.9989406,0.9993319,0.99934834,0.99883425,0.99902403,0.9988876,0.999491,0.99851906
CALCRL,0.9946424,0.99619794,0.9961233,0.99364984,0.9945015,0.99434865,0.9971328,0.99367315
TRMT11,1.0001074,1.0002357,1.0004878,1.0006287,1.0006516,1.0009754,1.0006459,1.000675
SRSF2,0.99796325,0.9985063,0.9987183,0.99784434,0.99796605,0.9979175,0.9989832,0.99765515
IKZF3,0.99967873,0.9997746,0.99997056,0.99988383,0.99973816,0.9995908,0.9999221,1.0000656
ZKSCAN4,1.0023286,1.0018065,1.0013378,1.0021803,1.0019593,1.0019879,1.0010061,1.0019441
ZBTB22,1.0049542,1.0037601,1.0027461,1.004554,1.0042723,1.0042648,1.0020258,1.0037566
GBGT1,1.0001413,1.0000325,1.0002707,1.000258,1.0001436,1.0004375,1.0002604,1.0009809
TRIM58,1.0013192,1.0010531,1.0008639,1.0013086,1.00122,1.0009909,1.000613,1.0018046
PLOD2,0.9959497,0.99699163,0.9972137,0.9955493,0.9958972,0.9956323,0.9978528,0.99609935
KCTD8,1.0012809,1.0010328,1.000562,1.0008781,1.0010337,1.0007149,1.0003695,1.001024
CIAO1,0.9984256,0.9987997,0.99925894,0.99862766,0.9986613,0.9988079,0.9994869,0.99905145
AGA,1.0005112,1.0005602,1.000169,1.000171,1.0004053,1.0001512,1.0001774,1.0006406
ADAM2,0.996784,0.9975599,0.9980345,0.9967081,0.99693877,0.996914,0.99849695,0.99692464
RFC2,0.9987378,0.9990728,0.99941885,0.9988751,0.9988784,0.9990951,0.9996319,0.99886966
MBOAT4,0.997365,0.9979658,0.99853873,0.9974921,0.99762654,0.99777496,0.9989336,0.9977844
SMYD5,0.99802434,0.99840903,0.99894774,0.9982075,0.9982722,0.9983945,0.9992647,0.99885327
ST6GALNAC6,1.0005859,1.0004514,1.0003698,1.000649,1.0004321,1.0004251,1.0002369,1.0002058
STK17A,0.9936493,0.9952773,0.9965106,0.9941037,0.99454755,0.99427664,0.99742043,0.9944922
SLC8A1,0.99695504,0.9978479,0.9976429,0.99610007,0.9967587,0.9965997,0.9982154,0.99669945
SPATA6,0.99807453,0.9986886,0.9989773,0.99816585,0.9982573,0.99820054,0.99926174,0.99797297
RPL10L,1.0044867,1.0033991,1.0029886,1.0048139,1.0044172,1.0047129,1.0023776,1.0043283
ZNF573,1.0023291,1.0016134,1.0017841,1.0027177,1.0021101,1.0027525,1.0014188,1.003402
FGF3,0.9967072,0.99750435,0.9980099,0.9966529,0.996889,0.9968914,0.9984898,0.9969293
RDH11,0.9977517,0.9983145,0.9987093,0.99781096,0.9979213,0.9980222,0.99903816,0.99750555
ZNF385A,0.9967698,0.9974475,0.9984393,0.9972782,0.9972913,0.99763286,0.998937,0.9977131
DUSP1,0.9973495,0.997967,0.99836123,0.9972315,0.9972712,0.9973782,0.9987018,0.9973453
CUTC,1.0017263,1.0013422,1.0010254,1.0017266,1.0015877,1.0015426,1.000769,1.0009041
SYT11,0.99389863,0.9953789,0.9962615,0.99383295,0.9941718,0.9940946,0.99709463,0.9939748
SDE2,0.9986527,0.99897397,0.9994843,0.9990524,0.99874955,0.9989533,0.9996388,0.99941134
FICD,1.000285,1.0002642,1.0000507,0.9998877,1.0000522,1.0000547,1.000021,1.0000454
B4GALT4,1.0040281,1.0030137,1.0022697,1.003668,1.0033903,1.0033498,1.0016426,1.004213
ITGA5,0.99646515,0.9972703,0.9979571,0.99656284,0.9965471,0.99684733,0.99845266,0.99657166
PPP2CA,0.999881,0.9999285,1.0001122,1.000036,0.99994814,1.0000534,1.0000842,0.99988204
SLC39A14,1.005281,1.0040648,1.0032765,1.0053048,1.0049934,1.0049571,1.0025127,1.0050488
SLC16A3,1.0000377,1.0000534,0.9998723,0.9997939,0.99982834,0.9999446,0.99988556,0.9987993
FAM83F,0.9968526,0.9976077,0.9980892,0.9967853,0.9970107,0.9970125,0.998546,0.99708545
PRKCB,0.98993236,0.99245954,0.9939668,0.9899944,0.990719,0.9906387,0.9954108,0.98956263
CCDC120,0.9986919,0.99904203,0.99904174,0.99844396,0.9987271,0.99849415,0.99928606,0.9988784
NT5C3B,0.9999147,0.9999155,0.999722,0.99955624,0.9996227,0.999555,0.99971306,0.9994422
NECAB2,1.0031073,1.0023439,1.0014602,1.0024558,1.0023737,1.0023429,1.0010257,1.0018195
POU1F1,0.99674165,0.99753034,0.9980261,0.99668217,0.99691755,0.996915,0.99849993,0.9969486
PRKACA,0.99516284,0.9963889,0.9968416,0.9948809,0.9954854,0.99522513,0.9976055,0.9949208
SIRT2,1.0025678,1.0019969,1.0015279,1.0024226,1.0022783,1.0023388,1.0011821,1.0024993
NR1H2,1.0025322,1.0019835,1.0012751,1.0020506,1.0020301,1.0017133,1.0008575,1.0016656
HSPB1,0.9982679,0.9986865,0.99915147,0.9985297,0.99850065,0.9986023,0.99939823,0.9984547
INPP5D,0.9977325,0.9983115,0.99837315,0.9972479,0.99764,0.99755657,0.99871445,0.9970819
NSUN6,1.0041275,1.0032036,1.0023777,1.0038112,1.003663,1.0036904,1.0017979,1.0034614
SLC16A9,0.9980639,0.99854684,0.9990418,0.9983799,0.99815214,0.99831635,0.9992524,0.9980475
AP5B1,1.0047685,1.0036132,1.0026733,1.0043888,1.0041107,1.0040083,1.001924,1.0039058
SNX5,0.9985557,0.9989598,0.99915016,0.99853987,0.9986254,0.9985136,0.99936223,0.99883115
ECH1,0.9993732,0.9995221,0.99966884,0.9994142,0.9993205,0.99928385,0.9996885,0.99914366
MYLK2,1.0019536,1.001417,1.0009805,1.0016145,1.0015204,1.0013995,1.0006294,1.0013354
NKX2-4,0.99712574,0.997833,0.99826586,0.99706686,0.99729306,0.9973422,0.99870026,0.99718773
TRADD,0.9981518,0.99856985,0.9988914,0.998104,0.9981425,0.99815917,0.9990855,0.99793106
FAM98C,1.0014782,1.0011878,1.0006791,1.0010834,1.0013382,1.0014232,1.0006506,1.0015397
HOXA5,0.9950799,0.99629235,0.99703634,0.99504423,0.99548835,0.99541664,0.9977964,0.9957117
GRSF1,0.99812686,0.998635,0.99890864,0.99817044,0.9983275,0.9983132,0.99920994,0.998091
NOSIP,0.9998691,0.99996066,0.9999536,0.99992836,0.9999584,0.9998494,0.999978,0.9996179
RIOK1,0.99979305,0.9999886,1.0001209,1.0000706,1.0002195,1.0001029,1.0002148,1.0003731
PIP4P2,0.9994297,0.99963516,0.99983376,0.9996266,0.9996395,0.99960494,0.99991214,0.9997992
MROH1,1.0002819,1.0002706,1.0000157,1.000053,0.9999376,0.999983,0.9999435,0.9987452
GJD4,0.9971044,0.997804,0.9982543,0.9970665,0.9972074,0.99712133,0.9986347,0.99743366
HMX2,1.0001824,1.0001857,1.0000482,0.99994165,1.0000334,1.0000389,1.0000588,1.000607
EFCAB14,0.99827635,0.9987427,0.998725,0.9979582,0.99811494,0.9980049,0.99898696,0.99746764
SERPING1,0.99895346,0.99921376,0.999137,0.9986451,0.9988289,0.99855804,0.9992788,0.9986961
PROZ,0.9972054,0.9978738,0.9983364,0.9971858,0.997365,0.99738985,0.998737,0.9973774
FCRL4,0.9983066,0.9987619,0.9989052,0.99813783,0.99835,0.9983393,0.99917173,0.9979503
DDI1,0.9967072,0.99750435,0.9980099,0.9966529,0.996889,0.9968914,0.9984898,0.9969293
UGT2B10,0.99943835,0.9995735,0.9996202,0.9993009,0.999342,0.99950075,0.99971175,0.9989982
CCDC82,0.99381286,0.99523985,0.9962506,0.99380046,0.99406594,0.9941037,0.99710554,0.994524
PRTFDC1,1.0008711,1.0007375,1.0003567,1.0006099,1.0007956,1.0004411,1.0002446,1.0002888
ZNF671,1.0020595,1.001476,1.0013242,1.0020895,1.001945,1.001998,1.0009851,1.0019822
VCAM1,0.99909556,0.9991549,0.999604,0.9992841,0.998925,0.9992045,0.99968183,1.0000226
SCAP,0.9987092,0.9990133,0.9991764,0.9985795,0.9986943,0.9987508,0.9994061,0.9989661
UBXN4,0.99750674,0.99814165,0.99841154,0.997334,0.9975253,0.9974948,0.9987576,0.99734926
BTBD18,0.9955096,0.9965706,0.9977058,0.99608564,0.99628294,0.9966023,0.9984526,0.9967711
TNFRSF11B,0.9990805,0.99939466,0.99956024,0.9991501,0.9992906,0.99942255,0.9997934,0.99914277
CEP72,1.0013019,1.001032,1.0010028,1.0016211,1.0013773,1.0014951,1.0008006,1.000429
IRGQ,0.99438846,0.9957612,0.9965649,0.99433327,0.99466944,0.9946755,0.99736935,0.9943181
LIPA,0.99908197,0.9993597,0.99968195,0.99936974,0.9992887,0.99957,0.999881,0.99930215
TSN,0.9953642,0.99650586,0.9971813,0.9953429,0.9956155,0.995472,0.9978185,0.99565965
TEKT2,0.9922701,0.99444485,0.99480397,0.99151194,0.9928847,0.9921595,0.9961735,0.9923769
ZSWIM3,1.0029705,1.0023673,1.002212,1.0034214,1.0030574,1.0031576,1.0017561,1.0034312
FAM155A,0.98519474,0.9888509,0.9908457,0.9849684,0.98610246,0.9859686,0.99307287,0.985742
DOCK5,1.002022,1.00153,1.0010774,1.001728,1.0016663,1.0015883,1.0007408,1.0012612
FAM131A,1.0042505,1.0033073,1.0027385,1.0043839,1.0040954,1.0041336,1.0021272,1.0040095
ASRGL1,0.9974158,0.99808884,0.9984181,0.9973424,0.997719,0.99736303,0.9988074,0.9982674
NIF3L1,1.0036174,1.0027816,1.0024478,1.003896,1.0035453,1.0034181,1.0018128,1.0033697
FBXL7,1.0012872,1.0010054,1.0007782,1.0013596,1.0013328,1.0011327,1.0006499,1.0014601
HOXA1,1.0016544,1.0012726,1.0007727,1.0012546,1.0013657,1.001087,1.0004964,1.0009887
KCTD13,1.0022607,1.001732,1.0015442,1.0024812,1.0022397,1.0025142,1.0012639,1.0021303
TRIM10,1.0016297,1.0011928,1.0008955,1.0013983,1.0013378,1.0014036,1.0006484,1.0014265
GSX1,0.9962709,0.9971801,0.9979259,0.99654263,0.99670076,0.9967532,0.99848974,0.99692893
DCPS,1.001502,1.00119,1.0011636,1.0017598,1.001534,1.0017649,1.000978,1.0017147
ACOT4,0.9991088,0.9993355,0.999506,0.9990876,0.99910176,0.999109,0.99959576,0.99920344
KIAA1328,1.0069075,1.0052392,1.0046346,1.0073487,1.0065851,1.0068338,1.0035536,1.0072565
PLPPR5,0.9995419,0.9997221,0.99908924,0.9986757,0.9990179,0.99874806,0.99920094,0.9978346
TEDC2,0.99798834,0.9983818,0.9990244,0.9982867,0.9982595,0.99832076,0.9992975,0.9992796
TMEFF2,0.99396145,0.9953548,0.99609697,0.9935669,0.9938021,0.9938216,0.99691606,0.99455965
METTL1,0.99882007,0.9991559,0.9994939,0.99903023,0.9990977,0.9992186,0.99970853,0.9991881
HSD17B14,0.9968469,0.9975827,0.9983361,0.99720997,0.9973301,0.9977449,0.9989201,0.99714625
STAR,1.0011071,1.0009038,1.0005516,1.0008653,1.0008739,1.0008088,1.0004328,1.0009696
WWC3,1.0024693,1.001931,1.0009534,1.0016924,1.0017152,1.0016143,1.000632,1.0006807
CD82,0.9992292,0.99941564,0.99976575,0.99948025,0.9993108,0.9993606,0.9997939,0.9995842
PARVB,1.0032485,1.0023894,1.0022185,1.0035847,1.0032924,1.0033867,1.0016997,1.0027851
UTP18,0.9993135,0.9995681,0.9996086,0.999219,0.9992886,0.9991096,0.9996687,0.9994346
TC2N,1.0007226,1.0005174,1.0005698,1.0008299,1.0006914,1.0008702,1.0004636,1.0007749
SLC6A17,1.0014653,1.0012822,1.0007298,1.0012089,1.0012841,1.0010186,1.0005136,1.0001848
CYP2F1,0.9984124,0.99876094,0.9990183,0.9983147,0.998459,0.99849695,0.9992498,0.9984932
ACIN1,0.9966084,0.9974713,0.9976773,0.9961809,0.9965162,0.99633056,0.99814177,0.9959574
CRTC1,1.0037497,1.002884,1.0019652,1.0032921,1.0031861,1.0030892,1.0014422,1.0028554
ING5,1.0004834,1.0003881,1.0003737,1.000586,1.0004624,1.0004133,1.0002893,1.0007358
SLC41A2,1.0031956,1.0024672,1.0022352,1.0035462,1.003144,1.0034901,1.0018113,1.0033944
XKR8,1.0011859,1.0007555,1.0008361,1.0013087,1.0009464,1.0010136,1.000551,1.0018433
CCDC60,0.99667233,0.99750364,0.99793017,0.99654496,0.9968567,0.996824,0.9984329,0.99658024
TAF5,1.0065825,1.0050566,1.0044346,1.0071305,1.0065943,1.006618,1.0034168,1.0060836
BHMT,0.9994012,0.99956346,0.99946797,0.99907166,0.9992218,0.99915063,0.9995558,0.99909043
PEX16,0.99821705,0.9985601,0.99924374,0.9987221,0.99862015,0.99890274,0.99956,0.99940324
C1QTNF1,1.0012611,1.0009981,1.0007857,1.0011735,1.0011778,1.0012155,1.0006238,1.0010457
SERPINB6,0.99964845,0.99979854,0.9995938,0.9993316,0.9993432,0.9993354,0.99965,0.9990828
MAP6,0.9874357,0.9904878,0.9921833,0.987134,0.9881068,0.9882282,0.99409807,0.9877685
FAM49B,0.9988457,0.9991522,0.9993125,0.9987806,0.9988806,0.9989712,0.9994749,0.9982173
FOXE1,0.99865484,0.9989884,0.99915075,0.998574,0.998685,0.99861336,0.9993162,0.9983741
KCNIP2,1.0028555,1.0022502,1.0020521,1.0031971,1.0028434,1.0029173,1.0016172,1.0034604
ZDHHC1,0.999344,0.99953,0.9997209,0.99944866,0.99954605,0.99954164,0.9998399,0.9995188
CEP78,1.0066411,1.0051961,1.0039126,1.0064436,1.0060484,1.0056641,1.0028657,1.0056897
MGME1,1.0008421,1.000706,1.0005913,1.0008271,1.0008428,1.000694,1.0004747,1.0014408
HOXA2,0.9967072,0.99750435,0.9980099,0.9966529,0.996889,0.9968914,0.9984898,0.9969293
SGK494,0.9967072,0.99750435,0.9980099,0.9966529,0.996889,0.9968914,0.9984898,0.9969293
RUSC2,1.0022292,1.001782,1.0018092,1.002856,1.0025892,1.0027274,1.001471,1.0017633
RSPO2,1.0002873,1.0003991,0.99995625,0.99981415,1.0000813,0.9999045,1.000027,1.0004172
ZBTB3,0.9999285,0.99988806,1.0000434,0.99996555,0.99988896,1.000152,1.0000609,0.99997497
NELFA,1.0034429,1.0026048,1.0021998,1.0034356,1.003123,1.003279,1.0016782,1.0037246
LILRB5,0.9963927,0.99717116,0.998013,0.99660504,0.9967808,0.99696803,0.9985416,0.9972265
DMRT3,0.9941257,0.99557626,0.99669176,0.99437594,0.9945855,0.9947023,0.9974964,0.9945172
HTR7,1.0006379,1.0004416,1.0003977,1.0006108,1.0005152,1.0006645,1.0003111,1.0004354
HYLS1,1.0016832,1.0013132,1.0010798,1.0016896,1.0016632,1.001626,1.0008688,1.0019218
WSB2,0.996055,0.9970139,0.9975697,0.99592596,0.9961472,0.9961511,0.99809307,0.9958204
DHRS7,0.9979699,0.99856544,0.99918914,0.99841195,0.9983696,0.99862367,0.99949527,0.9986516
TGDS,1.0072922,1.0055397,1.0047174,1.0076699,1.0070617,1.0072517,1.0036477,1.0068544
RNPEPL1,0.9978732,0.99831927,0.99894804,0.9982652,0.99810046,0.9982834,0.9992099,0.99764806
ZNF782,1.0035962,1.0027065,1.0018982,1.0031376,1.0031192,1.0030537,1.0014006,1.0028261
SLC35F6,1.000174,1.0001625,1.0002562,1.0003694,1.0004314,1.0004925,1.0003043,1.0002695
DMRT2,0.9987521,0.9991851,0.99913454,0.9984555,0.9987557,0.9987988,0.99943304,0.99878037
HMG20B,0.99432373,0.9958013,0.99661213,0.9943626,0.9947526,0.9945615,0.9974611,0.99496835
ERG,0.99905074,0.9992549,0.9993144,0.9988265,0.998858,0.99890304,0.99941754,0.9985417
OXTR,1.008363,1.0064256,1.0048987,1.0079293,1.0075693,1.0075815,1.0037329,1.0080159
SLC24A5,0.9996549,0.99964565,0.99982023,0.9996761,0.99958396,0.9996493,0.9998747,1.0007182
DENND3,0.9987345,0.99913013,0.999009,0.99828494,0.99854606,0.9984093,0.99922097,0.9987478
SLC36A1,1.005026,1.0038265,1.0028789,1.0045593,1.0043831,1.0042611,1.0021209,1.0049922
NAMPT,0.9964427,0.9973364,0.9977902,0.99628186,0.99641335,0.9964158,0.9982693,0.99645245
HSPBAP1,1.0009187,1.0007689,1.0005158,1.0007737,1.0009012,1.0008593,1.000448,1.0006585
SRR,1.0039966,1.003036,1.0024693,1.0039201,1.0037193,1.0037504,1.0018944,1.0038425
CATSPER3,1.0002997,1.0002719,1.0002192,1.0002053,1.0001599,1.0002131,1.0001624,1.0003886
INHBE,0.9975055,0.9981018,0.9984828,0.9974233,0.99766505,0.99772966,0.9988876,0.99776375
ARRB1,0.99720883,0.99781656,0.997972,0.99668485,0.9969844,0.9969746,0.99837273,0.9964239
PSKH1,1.0040648,1.0030944,1.0023655,1.0038288,1.0034924,1.0035312,1.0017469,1.0033437
FOXR1,0.9976077,0.99818814,0.9985444,0.99754894,0.99774,0.9977534,0.99890435,0.99760413
RNF175,1.000747,1.0006092,1.0004364,1.0005995,1.0006288,1.000795,1.0004057,1.000637
SLC16A4,1.0024025,1.0017531,1.0013682,1.0021656,1.001941,1.0019723,1.0009489,1.0019238
OPHN1,0.99920523,0.99929845,0.99990845,0.9996352,0.99926764,0.99962044,0.99993473,1.0004975
TENT5A,1.0015446,1.0011561,1.0007231,1.0010855,1.0010602,1.001183,1.0004797,1.0003934
GATA1,1.0008901,1.0007224,1.0004954,1.00075,1.0006846,1.0005647,1.0003114,1.0006605
PLEKHO2,1.0026206,1.0019718,1.0015703,1.0025289,1.0024306,1.0025979,1.0012155,1.0017123
MIER3,1.0002143,1.0002004,1.000265,1.0003971,1.0001674,1.0001818,1.0001949,1.0001922
REPS2,1.0009241,1.0006115,1.0006472,1.0010232,1.0008659,1.0009997,1.000486,1.0007297
RIMKLB,0.99584544,0.9968344,0.9975901,0.9960052,0.99617887,0.99618185,0.9981886,0.9966481
TSPAN15,0.99979496,0.99986625,0.9998376,0.9996673,0.9997214,0.99956685,0.99980736,0.99962115
C1QTNF2,0.9999454,0.99999464,0.9996736,0.9995289,0.99969864,0.9994484,0.9996829,0.99933374
PLPP1,1.005694,1.0043578,1.0032992,1.0054429,1.0052083,1.0050615,1.0024691,1.0047737
SAE1,0.99883604,0.9991697,0.9993058,0.9987902,0.9989193,0.99890816,0.9994844,0.9985422
DAW1,0.99807024,0.9984834,0.9987872,0.9979538,0.99798334,0.9978217,0.9990162,0.9992665
FEN1,0.99970853,0.999894,1.000074,0.999997,0.9998487,0.99977213,1.0000725,1.0000703
STK32A,1.005674,1.0043554,1.0035154,1.0058193,1.0055332,1.0053582,1.0026854,1.0048661
STXBP4,1.0006742,1.0006264,1.0006562,1.0010413,1.000984,1.0010011,1.0006568,1.0011948
BTNL9,1.0008178,1.0006248,1.0004475,1.0006629,1.0004916,1.0005527,1.0002927,1.0005345
SERINC1,0.9918375,0.9938133,0.9952011,0.99198836,0.9924071,0.99253535,0.9963474,0.992188
ASCC1,0.99977565,0.9998906,0.9999856,0.9999957,0.9999516,0.99976146,1.0000347,1.0003397
LOXHD1,0.9987296,0.999014,0.9992755,0.9987118,0.99874127,0.9988053,0.9994273,0.9987779
G6PC3,0.99790967,0.9985621,0.99859923,0.9977247,0.9980163,0.9978333,0.9989853,0.9977598
MOB3C,1.0016515,1.0012871,1.0009902,1.0015266,1.0014334,1.0014905,1.0007321,1.0011097
ATP6V0D1,0.9979185,0.9984578,0.99890673,0.9980672,0.99810666,0.99809575,0.9991889,0.9984844
UBXN7,1.0070103,1.005351,1.0039318,1.0063833,1.0060945,1.0059402,1.0028323,1.0058271
DRD3,0.9967154,0.99750626,0.9980166,0.9966655,0.9968995,0.9969083,0.9984974,0.99698544
DYNC1LI2,0.9944761,0.9957695,0.9966179,0.9943716,0.99466276,0.99478614,0.9973916,0.9946307
BRD1,0.9982694,0.99870366,0.99905694,0.9983698,0.99844533,0.99871933,0.999359,0.9977715
PCDHB3,0.99830055,0.9985744,0.99942493,0.9988493,0.9987472,0.99904895,0.99968207,1.0000887
HHEX,0.9974394,0.9980112,0.99824524,0.99705195,0.9972621,0.9973053,0.99858797,0.9970672
CREB5,0.9932654,0.9949593,0.99623084,0.99363136,0.99375105,0.9938344,0.99718666,0.9943891
CELF5,0.9887526,0.99145025,0.99322903,0.98880386,0.989547,0.98969734,0.9949108,0.98958373
NEUROD6,0.9982054,0.9986192,0.99926364,0.99856246,0.99844265,0.9987953,0.999504,0.9988392
ENPP1,1.0034415,1.002672,1.0020423,1.0032688,1.0030947,1.0029699,1.0015047,1.0028291
FRYL,0.99719226,0.9979209,0.9981396,0.99685454,0.9971336,0.99708575,0.9985371,0.99697614
ZNF264,0.9990992,0.99933577,0.99963295,0.99925816,0.99919146,0.9993113,0.9997529,0.999771
SLC30A1,1.00309,1.0023674,1.0015266,1.0025637,1.0025868,1.0024161,1.0010862,1.0015432
ST6GAL2,0.9929383,0.99459505,0.9958712,0.99311614,0.9934532,0.9937435,0.9969138,0.99331594
HAPLN1,0.99556553,0.9967648,0.9979156,0.99631554,0.9963608,0.9964668,0.9985188,0.9962746
SAMD14,1.0032183,1.0024085,1.0021322,1.0034616,1.0031599,1.0034447,1.0016931,1.0027006
ENPP4,1.0011611,1.0009518,1.0010101,1.0016246,1.0015078,1.0013046,1.0008197,1.0015783
P3H4,0.9988273,0.9991647,0.9991933,0.99867713,0.9987128,0.99836636,0.9992789,0.99876004
MAP7D3,1.0055029,1.004172,1.0033461,1.005428,1.0050821,1.00511,1.0025256,1.0049746
STAC3,0.99981195,0.9998742,1.0000086,0.9999155,0.99996555,1.0001211,1.0001037,1.0001769
ZNF527,1.005591,1.0041735,1.0033996,1.0055305,1.005212,1.0053263,1.0025964,1.0054876
EMX1,0.9865885,0.9899795,0.9922066,0.98690903,0.9879078,0.9876647,0.9941935,0.9886339
SH3D21,0.99697083,0.9977575,0.9981329,0.9968759,0.9971561,0.99714434,0.9986037,0.99669397
RGPD4,1.0005679,1.0003686,1.0003555,1.0004941,1.0003564,1.0005131,1.0002568,1.0007297
MTCH2,1.0015466,1.0012575,1.0010427,1.0015683,1.0015695,1.0015475,1.00082,1.0012629
CTSE,0.9999617,0.9999641,0.9998479,0.99967444,0.99976337,0.9997469,0.9998367,0.9996951
ZNF277,1.0017575,1.0012281,1.0008775,1.0015061,1.0015038,1.0015335,1.0006678,1.0016485
TRIM4,1.0012571,1.0009385,1.0008017,1.0012786,1.0012184,1.0010486,1.0006044,1.001795
RPAP1,0.9990827,0.999281,0.9998442,0.9996164,0.9994464,0.9997386,1.0000336,1.0002991
VHL,0.9887589,0.99139935,0.9930055,0.98851204,0.9891391,0.9891449,0.99458194,0.98925906
AZIN2,1.0038413,1.0029153,1.002047,1.0034276,1.0031645,1.003043,1.0014257,1.0025812
RAB11A,0.9970156,0.99770695,0.99813604,0.9968419,0.99702823,0.9971585,0.99856377,0.9972175
ARSB,0.99536186,0.9964524,0.99736536,0.99557376,0.9958545,0.9960133,0.9981303,0.9966645
TTC21B,1.0040581,1.0030009,1.0023696,1.0039569,1.0036217,1.0037072,1.0017602,1.0033791
ZNF132,1.0036356,1.0027475,1.0022988,1.0036846,1.003432,1.003476,1.0017555,1.0036247
TAF9,0.9974956,0.99813914,0.998811,0.9978329,0.99793667,0.9981544,0.99919605,0.9978639
GALNTL5,0.9968146,0.99758285,0.9980695,0.9967543,0.99697936,0.9969673,0.99852663,0.99701464
B3GNT6,0.99859124,0.9989484,0.99950075,0.99899536,0.99890596,0.9989768,0.9996519,0.9995185
NXPE3,1.0001534,1.0002238,0.9999844,0.9999889,1.0001596,0.9998895,0.9999678,0.99922264
UNC93A,0.9967072,0.99750435,0.9980099,0.9966529,0.996889,0.9968914,0.9984898,0.9969293
SPATA7,1.0036924,1.0028157,1.0025555,1.004068,1.0037616,1.0038868,1.002023,1.0039014
METTL22,1.0004604,1.0003378,1.0007402,1.0011463,1.000886,1.0010059,1.0006661,1.0009143
DRGX,0.99674165,0.99753034,0.9980261,0.99668217,0.99691755,0.996915,0.99849993,0.9969486
KIF25,0.99696153,0.99771965,0.99810576,0.9968227,0.99707824,0.9969899,0.9985368,0.9971007
GCM1,0.9962258,0.99713755,0.99748576,0.995834,0.9961356,0.9960077,0.99797595,0.9960803
TCERG1L,0.99968237,0.99971914,1.0002115,1.0002202,1.000154,1.0001308,1.0002017,1.0000027
RPS2,0.99874413,0.999051,0.99900603,0.9983475,0.99846053,0.9983829,0.9991367,0.99811995
MYCL,1.0028205,1.0022446,1.001651,1.0025194,1.002601,1.0024761,1.0012976,1.002861
MAN2A1,1.0029583,1.0022327,1.0017467,1.0028666,1.0026723,1.002573,1.001259,1.0021603
LIG1,0.9989283,0.99915993,0.9995976,0.99922407,0.99907357,0.9990758,0.99966586,0.999136
ZNF675,1.0058864,1.0044129,1.0035105,1.0058187,1.0053706,1.0053831,1.0026212,1.0054212
APOE,1.000139,1.0001563,1.0003306,1.000336,1.000164,1.0005473,1.0003015,0.99951506
NDUFA13,0.9985211,0.99884045,0.99903417,0.9983344,0.9983693,0.9984895,0.9992029,0.9982071
LINGO4,0.9968511,0.9976101,0.99808735,0.99678636,0.9970101,0.9969933,0.9985382,0.99703825
CACNG2,1.0016311,1.0014334,1.0012599,1.0018983,1.0018015,1.0014662,1.0009432,1.0016584
RASSF1,0.999218,0.99948883,0.9996171,0.9993379,0.999321,0.9994183,0.9997617,0.9986861
ZNF829,1.006231,1.0049042,1.0034202,1.0055641,1.0055116,1.0047718,1.0024196,1.0055463
CDK20,1.0029638,1.0022697,1.0020086,1.0031829,1.0030245,1.0030385,1.0016286,1.0036824
POLE2,1.002095,1.0016838,1.0013139,1.0020484,1.001888,1.0015131,1.0008796,1.001807
UBE2Q2,0.9986673,0.9990146,0.9989636,0.99828506,0.9985659,0.9984516,0.9991843,0.9982737
IKZF4,0.9934683,0.9950353,0.9960213,0.99337023,0.99382985,0.9939518,0.997048,0.99450505
HOXC10,0.99816597,0.99858165,0.9989747,0.9981903,0.9982998,0.998367,0.9992409,0.99880576
RNF2,0.99983627,0.9999159,0.9998731,0.99974275,0.99972296,0.9996345,0.99985754,0.9996909
TXNDC16,0.999347,0.9995333,0.9996794,0.99941945,0.99955213,0.9996041,0.99980867,0.9992417
NKPD1,0.999219,0.9993795,0.9995781,0.9992254,0.9993067,0.99924904,0.9996624,0.99945295
HSF5,0.9971843,0.9978645,0.99827284,0.99708843,0.9972962,0.9973069,0.99868035,0.997278
VRK3,0.9958751,0.99683344,0.99791646,0.99637747,0.99640775,0.99675393,0.9985578,0.9971609
ZNF33B,0.9995084,0.9995347,0.9993441,0.998934,0.9990618,0.9991982,0.99945134,0.99914944
HOXB1,0.99663633,0.9974498,0.997971,0.9965885,0.9968267,0.9968314,0.99846184,0.9968804
NMNAT3,1.0009708,1.0007839,1.0009413,1.0013971,1.0012388,1.0014579,1.000855,1.0010409
ENPP5,1.001157,1.0008963,1.0008216,1.0012355,1.0011513,1.0013835,1.0006835,1.0006229
DAB1,1.0044869,1.0034611,1.0029579,1.0047069,1.0043957,1.0045788,1.0023341,1.0039773
GFAP,0.995302,0.9963957,0.99761415,0.99605894,0.99609184,0.99619097,0.9983171,0.9966466
OGFOD2,0.9995712,0.99975896,0.99980116,0.99953353,0.99981624,0.9997651,0.9999664,1.0002437
CADM3,1.0005715,1.0004302,1.0003815,1.0005662,1.0005345,1.0005802,1.0003247,1.000987
MECR,0.99790365,0.99846774,0.998857,0.99815416,0.9982851,0.9981904,0.99921155,0.99816364
DDB2,0.99780536,0.99833715,0.99897945,0.9981315,0.99805325,0.9980657,0.9991783,0.99824643
BCKDK,0.9970617,0.99794656,0.9984878,0.9973557,0.9976006,0.9976477,0.9990276,0.99788475
PDE5A,0.99821126,0.99860764,0.99856824,0.9976423,0.9978565,0.9978507,0.9988994,0.99876857
FIBP,0.9997909,0.9999011,0.9999792,0.9998559,0.9999125,0.9999111,1.0000225,0.9999374
CELA2A,0.99678284,0.9975583,0.9980508,0.99672127,0.99695194,0.9969539,0.9985186,0.99700844
GBX1,0.99663633,0.9974498,0.997971,0.9965885,0.9968267,0.9968314,0.99846184,0.9968804
TOR2A,0.99953365,0.9997005,0.9998559,0.99968207,0.99975497,0.9995587,0.99991524,1.0000365
RAD51D,0.99874413,0.9991003,0.99975157,0.9994414,0.99935454,0.9995359,0.999977,0.99987364
GRWD1,1.0003947,1.000346,1.0003623,1.0004951,1.0005143,1.0003939,1.0002997,1.0008533
SLC25A21,1.0053755,1.0040092,1.0033457,1.0054352,1.005249,1.0052493,1.0025945,1.005348
TBP,1.0028422,1.0021209,1.0020572,1.0032133,1.0027715,1.0030694,1.001633,1.0038866
RAB39A,1.0012223,1.0009434,1.0007311,1.0011574,1.0011947,1.000952,1.0005255,1.0013889
ABHD12,0.997918,0.99851024,0.99884677,0.9980321,0.99829036,0.9984059,0.99928963,0.9983263
PRSS35,0.9848813,0.9887303,0.9908908,0.98495734,0.9862721,0.98628336,0.9933148,0.98549044
VIT,0.99089,0.9931838,0.9942243,0.99059653,0.9915477,0.9908232,0.99553686,0.99130213
RETREG3,0.99901056,0.99923897,0.9995718,0.9992219,0.99914634,0.9992345,0.99971426,0.99954057
SPOCK1,0.9964837,0.997406,0.99779534,0.9962615,0.99643195,0.9967646,0.99841666,0.99690175
VMP1,1.0017569,1.0013793,1.0006938,1.0011547,1.0012965,1.0010211,1.0004073,1.0004752
USP20,1.002668,1.0020013,1.0017561,1.0029194,1.002666,1.0028794,1.0014222,1.002416
PLEKHA2,0.998329,0.9986632,0.9992368,0.9986441,0.9986079,0.99872863,0.99944913,0.99897194
UST,1.001089,1.000873,1.0005553,1.0008844,1.0009278,1.0009494,1.0004666,1.0005599
CTSS,0.9988323,0.99915123,0.9990872,0.9984653,0.99875784,0.99859476,0.9992579,0.9982886
TUBB6,1.0002282,1.00019,1.0000145,0.99992704,0.9998822,0.9997966,0.9999008,0.9994716
STX3,1.0047102,1.0036242,1.0027965,1.0045365,1.0042224,1.0044239,1.0021013,1.002859
SSBP4,0.9982986,0.9987207,0.9985312,0.9976661,0.99788433,0.9975944,0.9987599,0.99809635
DRD5,1.0047603,1.0036588,1.0029191,1.0047033,1.0044953,1.0045692,1.0022383,1.0038844
HRC,1.0008707,1.0007083,1.0005647,1.0007863,1.0007744,1.0008371,1.000449,1.0010868
KDELC2,0.9967072,0.99750435,0.9980099,0.9966529,0.996889,0.9968914,0.9984898,0.9969293
ZNF613,1.001533,1.0011964,1.0008268,1.0014178,1.0014424,1.0013926,1.0006783,1.000953
C2orf78,1.0004196,1.000306,1.0002134,1.0002565,1.0001894,1.0003655,1.0001718,1.000443
PIGS,0.9976289,0.99826443,0.99871707,0.9978471,0.99807304,0.9979681,0.99910843,0.99799097
KLHDC9,1.0060105,1.0045496,1.0036952,1.0060997,1.0056081,1.0054517,1.0027306,1.0052716
FOXD4,0.9966996,0.9974761,0.9980178,0.99666965,0.9968859,0.9968958,0.99849975,0.99707294
CASC4,0.9962706,0.9971841,0.997836,0.9963699,0.996473,0.9965788,0.99839574,0.996993
GOPC,0.99892306,0.99923885,0.99912035,0.99850434,0.99871707,0.9986166,0.9992701,0.99845254
CRELD2,0.9981332,0.99858654,0.9989314,0.99820834,0.99815786,0.9982612,0.9992126,0.99846935
C7orf31,1.0063837,1.0048214,1.0038358,1.0061883,1.0057145,1.0057945,1.0028563,1.0059664
PRDM7,1.0009284,1.0006965,1.0006682,1.0010109,1.0008988,1.0009048,1.0004934,1.0009437
NFKBIE,1.0024107,1.0016708,1.00166,1.0026307,1.0022943,1.0027442,1.0013211,1.0025427
CYFIP1,0.9963043,0.99722457,0.9977644,0.99629426,0.9966186,0.99652314,0.9983449,0.99672997
EI24,0.9980674,0.9985784,0.99825513,0.9972705,0.99767447,0.99720377,0.998502,0.9967576
PPM1A,0.9920236,0.99398303,0.99539936,0.99228525,0.99280775,0.993086,0.9966495,0.9928204
ABHD2,1.0020804,1.0016674,1.00127,1.0019855,1.0018442,1.0015491,1.0008585,1.0017619
DLX6,1.0051727,1.003798,1.0026622,1.0044129,1.0040778,1.0037632,1.0017872,1.005357
UFSP2,1.0012076,1.0009005,1.0008707,1.0014104,1.0013003,1.0011075,1.000656,1.0017966
EFNB2,0.99527776,0.9964031,0.9971336,0.9952321,0.9954446,0.99545187,0.99779606,0.99574727
VRK1,0.9989844,0.999192,0.9999771,0.9997028,0.9995752,0.99982846,1.0001031,1.0000744
ZNF471,0.99861825,0.99894667,0.99951464,0.99908423,0.99907994,0.9991298,0.99968815,0.9986288
FBXL6,1.0017028,1.0012586,1.0008005,1.0013733,1.001255,1.0010068,1.0004576,1.0008717
NSDHL,0.99874556,0.99900687,0.9993765,0.9989375,0.99894905,0.9992316,0.9996507,0.9993632
CTD-3088G3.8,0.9967072,0.99750435,0.9980099,0.9966529,0.996889,0.9968914,0.9984898,0.9969293
REEP2,1.0008366,1.0006132,1.0007347,1.0010973,1.0009474,1.0009187,1.0005555,1.0012865
GPR61,0.9997003,0.9997821,0.9999887,0.9998858,0.99978065,0.9999259,1.0000131,0.99955463
CNOT9,0.99896985,0.99926996,0.9994472,0.9990349,0.99899703,0.99900156,0.99959,0.9992495
ANKRD16,1.0060477,1.0046585,1.0030266,1.0051665,1.005284,1.0046039,1.002123,1.0039611
METTL4,1.0056186,1.0043621,1.0031946,1.0052146,1.0050712,1.0047536,1.0023371,1.004326
NKX6-2,1.0071479,1.0054548,1.0043839,1.0071042,1.0067894,1.0070524,1.003407,1.0059731
EHF,0.9990658,0.99930465,0.99948907,0.9990542,0.9990759,0.99902666,0.9995681,0.9990339
CTSW,0.9974637,0.99809694,0.998374,0.9972703,0.99750614,0.9974265,0.99873304,0.99746335
RAPGEFL1,1.0034804,1.0026369,1.0023069,1.0037829,1.0035032,1.003412,1.0018113,1.0041409
TACR3,0.99728584,0.9978977,0.9983562,0.9972456,0.99743646,0.99744594,0.9987437,0.99743104
PPP1R15B,0.99708426,0.99774694,0.9984852,0.9974609,0.9974096,0.99753034,0.9988657,0.99743056
ZNF766,1.003385,1.0025076,1.002207,1.0035133,1.0032914,1.0033981,1.0017322,1.003927
MTG2,1.0021778,1.0016993,1.0015613,1.0023624,1.0020363,1.0021658,1.0011917,1.0024909
MMP21,1.0006987,1.0005682,1.0002606,1.000399,1.0005367,1.0002435,1.0001194,1.0003043
ATP6AP1,0.9978672,0.99841774,0.99905825,0.9983364,0.9982984,0.9983444,0.9993515,0.99857116
WDSUB1,1.0008765,1.0006989,1.0001564,1.0003417,1.0003836,1.0003864,1.0000848,0.9998964
LMAN2,0.99782497,0.9984155,0.99887687,0.99805266,0.9981711,0.9980353,0.9991678,0.998191
UGT2A3,0.9965755,0.99740267,0.99793434,0.9965306,0.9967713,0.9967736,0.9984338,0.9968317
RP11-723O4.6,0.9967072,0.99750435,0.9980099,0.9966529,0.996889,0.9968914,0.9984898,0.9969293
IFI16,1.0010445,1.0007684,1.0003481,1.0005021,1.0004829,1.0004327,1.0001183,1.0002735
FSD1,0.997324,0.9979442,0.9987867,0.9979236,0.99787366,0.99781275,0.99909127,0.9980632
TRIM47,0.9909009,0.9931683,0.99476004,0.9913413,0.9917736,0.9918549,0.996143,0.99163175
FMO2,0.9975522,0.9981223,0.9986266,0.9976221,0.99772793,0.997825,0.9989797,0.99815017
CDC6,1.0011752,1.0009078,1.0004824,1.0008371,1.0007634,1.0003152,1.0002116,1.0010424
RNPC3,0.9987334,0.9990096,0.9991756,0.99858165,0.9986491,0.99864477,0.99932235,0.99856424
C1QTNF9B,0.9970951,0.9978068,0.998197,0.99696803,0.99721426,0.99719286,0.99862576,0.9972005
ZNF449,0.9998847,0.99994886,1.0007644,1.0010056,1.0009,1.001333,1.0008976,1.0011172
GABPB1,1.0032973,1.0025003,1.0020301,1.003308,1.0030495,1.0029517,1.001509,1.003106
BOC,1.0018946,1.0015059,1.0009358,1.0015879,1.0015587,1.0013258,1.0006521,1.0008119
TMCO6,1.0004342,1.000428,1.0001636,1.0001533,1.0002509,1.0002902,1.0001609,0.9999609
RNMT,0.9971397,0.9978076,0.99833703,0.997174,0.99728256,0.9972905,0.99870837,0.99778104
MPST,0.99680996,0.9975816,0.99847376,0.9974134,0.9974009,0.9973768,0.99887687,0.99711585
FAM92A,0.99775696,0.9982456,0.99882454,0.99793166,0.9979362,0.99844885,0.99924135,0.9986229
ATF7,0.99919534,0.99948645,0.99942154,0.9990337,0.9991818,0.9991523,0.9995992,0.99872386
PROSER3,0.99894667,0.9992757,0.99963975,0.99932307,0.99922144,0.9993154,0.9998019,0.99901426
HOXB2,0.99735594,0.99799275,0.99849516,0.99742955,0.99759066,0.99764,0.99888587,0.99772656
FN3K,0.9995962,0.99965054,0.99987257,0.9996725,0.9996122,0.9997302,0.99989665,0.99982584
GSG1L,1.0025158,1.0018697,1.001539,1.002564,1.0022826,1.0020106,1.0010166,1.0012952
MRM3,1.0005319,1.0003272,1.000789,1.0011168,1.0008126,1.0009753,1.0006834,1.0023198
ZNF324,0.9947705,0.9959047,0.99709475,0.9952158,0.9952561,0.99544454,0.99783635,0.9957435
RIT1,1.002775,1.0022085,1.0017372,1.0027245,1.0027139,1.0025475,1.0013497,1.0027033
CYP20A1,0.99775565,0.99822074,0.9985099,0.9975873,0.9975785,0.99754214,0.9987871,0.99826
TANK,0.99726415,0.9979162,0.9985141,0.99744266,0.9977174,0.99777246,0.99897087,0.9976827
CAMK1G,1.0059786,1.0045549,1.0036951,1.0059986,1.0056982,1.0057322,1.0028242,1.0054662
MYH11,0.9959365,0.9969213,0.9977137,0.99614704,0.9962921,0.99629736,0.99829686,0.9967762
AFM,0.9973606,0.9979912,0.9984406,0.9973595,0.99752396,0.9975065,0.998803,0.99748576
GPN3,0.9968514,0.9976852,0.9978954,0.99640214,0.99697906,0.99680454,0.99842834,0.99694496
GPRASP2,1.0002905,1.0002792,1.0000249,0.9999918,1.0001222,0.99981594,0.99992895,0.99972075
HMCES,0.9993473,0.9995215,1.0000688,0.9998753,0.99976563,0.99992,1.000139,1.0002031
CSRNP2,0.9964589,0.9974298,0.99765813,0.996151,0.9965529,0.9963995,0.9982032,0.9956602
DDX53,0.9967072,0.99750435,0.9980099,0.9966529,0.996889,0.9968914,0.9984898,0.9969293
NAPG,1.0022032,1.0016782,1.001393,1.0022045,1.0019526,1.0018797,1.0009737,1.0021361
SH3GLB2,0.99820304,0.99866855,0.99886036,0.99815124,0.9981873,0.99799514,0.999076,0.99823594
ABHD3,0.9914885,0.9937264,0.99507517,0.9916892,0.9924376,0.9924303,0.9964591,0.99246144
FDPS,0.9974723,0.99808025,0.99864125,0.9977275,0.9977821,0.997905,0.99902934,0.9978096
RPL7,0.997923,0.99837065,0.99865603,0.9977302,0.9977751,0.99788404,0.9988992,0.9976554
CFHR4,0.99643576,0.99729633,0.9978651,0.99643016,0.99665976,0.9966417,0.9983738,0.9966699
ACTRT2,0.9967072,0.99750435,0.9980099,0.9966529,0.996889,0.9968914,0.9984898,0.9969293
CPN1,0.9976249,0.9982083,0.9986286,0.99765086,0.99780923,0.9978932,0.99899036,0.9977824
HOMER1,1.0041679,1.0031538,1.0025907,1.0042236,1.003962,1.0041975,1.0020142,1.0030805
FASTKD2,1.0030468,1.002339,1.0019745,1.0031592,1.0029063,1.0028887,1.0015168,1.003229
MCMDC2,1.0019692,1.0015266,1.0014851,1.0022795,1.0021353,1.0021808,1.0011904,1.0021832
RIBC1,0.9994312,0.99959236,0.9994036,0.99903846,0.9993321,0.99924934,0.99956393,0.9988539
DNAAF4,1.0015099,1.0011864,1.00096,1.0015144,1.0014402,1.0012612,1.0007349,1.0018415
SIGIRR,0.99788535,0.99834096,0.999092,0.99834454,0.99847686,0.9983691,0.9994054,0.9999532
AKAP8,1.0009816,1.0007423,1.0004735,1.0007377,1.0006809,1.0007539,1.0003142,1.0001122
ANGPTL4,1.0057827,1.0044315,1.0037374,1.0059929,1.005557,1.005573,1.0028411,1.0054853
UGP2,0.99797,0.99855614,0.99850976,0.99749994,0.9979849,0.9976351,0.9988198,0.99740005
PRPS1,0.9996424,0.9998425,0.99980384,0.9996855,0.99978155,0.9995389,0.9998567,0.99924386
RFFL,0.998965,0.99921155,0.99953145,0.9991408,0.9990648,0.9991187,0.9996462,0.99934363
ZNF746,1.0021989,1.0017098,1.0012388,1.0020584,1.0019457,1.0019072,1.0009263,1.0010824
GET4,0.99683964,0.99768114,0.99820566,0.99702644,0.99712485,0.9969957,0.9986303,0.99654293
MARCH1,0.9967072,0.99750435,0.9980099,0.9966529,0.996889,0.9968914,0.9984898,0.9969293
KIAA1586,1.0021235,1.0015919,1.0013146,1.0020396,1.0019106,1.001956,1.0009565,1.0014882
BBS1,0.9997519,0.99988323,0.99992347,0.9998492,0.99969524,0.9997823,0.9999671,0.99950206
MED26,1.0062151,1.0046779,1.0036567,1.005944,1.0055273,1.0057619,1.002795,1.0060859
TRPV6,0.99922895,0.9994664,0.99957204,0.9991853,0.9993386,0.99930346,0.9996866,0.999068
PARP3,1.0030279,1.0023102,1.0015818,1.0026171,1.0024883,1.0022848,1.0011212,1.0027575
GPR108,0.9979147,0.9985116,0.9988676,0.998042,0.99820936,0.9981036,0.99919146,0.9982282
CYP7A1,0.9971631,0.9978457,0.99824905,0.99705565,0.9972702,0.99728346,0.9986623,0.99720335
PITPNM3,1.0031462,1.0024729,1.0018783,1.0030973,1.0027683,1.0026073,1.001343,1.002231
MEX3A,0.9944823,0.9958118,0.9964409,0.99417895,0.9946853,0.9946009,0.997243,0.9940866
SHOC2,0.99719346,0.9978481,0.9983102,0.99719846,0.9973197,0.99745744,0.99874187,0.99760425
CEP152,1.0043757,1.0034723,1.0023746,1.0039312,1.003738,1.0035553,1.0017302,1.0025529
FAM198A,0.9967072,0.99750435,0.9980099,0.9966529,0.996889,0.9968914,0.9984898,0.9969293
SMPD2,0.9988894,0.99911356,0.9998461,0.9995446,0.99937725,0.99962807,0.99999714,0.99995095
CPB1,0.9970898,0.99778116,0.9982139,0.99700236,0.9972061,0.9971697,0.99862015,0.9972577
PSTPIP2,1.0012763,1.0009013,1.000585,1.0009818,1.0009649,1.0008423,1.0003822,1.0013715
TBRG1,1.0015433,1.0012372,1.0007315,1.0012066,1.0012281,1.0010713,1.0005113,1.0009434
TTLL10,0.9970038,0.9977282,0.9981953,0.99695253,0.99715954,0.9971845,0.998631,0.99717546
KDM4D,1.0031242,1.0024773,1.0020196,1.0031385,1.0030446,1.0028952,1.0015538,1.0031915
CWC25,1.0018706,1.0014539,1.0014791,1.0022781,1.0018859,1.0019904,1.0011313,1.0021182
MUM1L1,0.9967072,0.99750435,0.9980099,0.9966529,0.996889,0.9968914,0.9984898,0.9969293
SRSF5,0.99529874,0.99643654,0.9972391,0.99536204,0.99556834,0.9956995,0.997925,0.9959475
TMEM237,0.99864507,0.9990003,0.9996344,0.9992105,0.9990933,0.99919784,0.99980193,0.9994855
POGK,0.9961367,0.99705064,0.9977243,0.9962169,0.9964036,0.9963945,0.99828184,0.99650943
ACBD5,0.9993459,0.99948657,0.99965155,0.99942267,0.9994714,0.99947774,0.9997821,0.9994966
WASF3,0.9945302,0.9959309,0.9967049,0.99457854,0.995008,0.9948399,0.9975788,0.99506176
GFRA1,0.98997504,0.9926804,0.9940722,0.99004364,0.9907185,0.99052817,0.9955771,0.9912299
TMEM184C,1.0042393,1.0032524,1.0022578,1.0037374,1.0036685,1.0038781,1.0018054,1.0035294
DBT,1.0017301,1.0012506,1.0013037,1.0020853,1.0017937,1.0020013,1.0010611,1.0022709
POFUT1,0.99860364,0.99898505,0.9992447,0.9986863,0.9987756,0.9986717,0.99948776,0.99966264
ATPAF2,0.99822307,0.99871355,0.9990955,0.9984161,0.99844205,0.99851054,0.9993678,0.9984411
PDK4,1.0004796,1.0004082,0.99941635,0.9991338,0.99957305,0.9989747,0.9992734,0.9986092
MIIP,0.9988469,0.9991474,0.9995989,0.9991724,0.9990368,0.9993493,0.9997784,0.9994136
TCAIM,1.0035763,1.0027561,1.0022194,1.003643,1.0033152,1.0034226,1.0016979,1.0026269
RAB11B,0.9985397,0.9989099,0.9994205,0.99891704,0.9988755,0.9989471,0.9996184,0.9991832
TMEM231,1.0015099,1.001195,1.0009037,1.0014415,1.0013398,1.0011048,1.0006621,1.001715
LGALS3BP,1.0014727,1.0012695,1.0014918,1.0021521,1.0019104,1.0019796,1.0012596,1.0021279
CAPNS1,0.9979062,0.9984925,0.99838936,0.997378,0.99768186,0.9973628,0.99866116,0.99685407
EIF2S2,1.0013609,1.0010446,1.0008488,1.0012956,1.0011892,1.0012478,1.0006193,1.0010121
PIGW,1.0010138,1.0007026,1.0007627,1.001174,1.0009351,1.0009978,1.0005403,1.0013778
FBXO34,1.0011915,1.00088,1.0008218,1.0013237,1.0011743,1.0012912,1.0006667,1.0012571
ZNF567,1.0053691,1.0040432,1.0032036,1.0051861,1.0048721,1.0048921,1.0023959,1.0048574
AMDHD1,0.99724305,0.99790394,0.9983499,0.9972061,0.9973897,0.9973967,0.9987439,0.99749196
ATG4D,0.9997871,0.99982345,1.000108,1.0000885,0.99998844,0.99988353,1.0000737,1.0001184
TNNI1,0.99764156,0.9981977,0.99844444,0.99741596,0.9976323,0.9976324,0.9987912,0.99743485
C17orf47,0.9967072,0.99750435,0.9980099,0.9966529,0.996889,0.9968914,0.9984898,0.9969293
THBD,0.9990548,0.9993314,0.9992783,0.99879265,0.9988935,0.99888504,0.9993812,0.9976424
UTP14C,0.9998268,0.9999136,0.9999959,1.000006,0.99994147,0.9997976,0.9999962,0.9997151
OXSM,1.0008799,1.0005167,1.0005008,1.0007665,1.0006943,1.0006707,1.0003223,1.0011834
SLX4,1.0077775,1.0058876,1.0048608,1.0079913,1.0074223,1.0074428,1.0036992,1.006901
NIPSNAP1,1.0002472,1.0002086,1.0003657,1.0005188,1.0004112,1.0004909,1.0003399,1.0008167
LMBRD1,0.99756134,0.9982381,0.99855554,0.9975991,0.9978787,0.9978217,0.9989906,0.9979139
AMN,0.9971894,0.99783814,0.99836695,0.997206,0.99738127,0.99747664,0.998781,0.9976164
LRRTM1,0.99808854,0.9985901,0.9994169,0.9988587,0.99864715,0.99915147,0.9998119,0.99977297
SLC25A40,1.0035901,1.0027659,1.002153,1.003463,1.0032451,1.0029101,1.0015544,1.0037934
SLC25A33,1.004841,1.0036774,1.0028434,1.0046192,1.0042615,1.0045828,1.0022155,1.0043993
PRPSAP2,0.9991995,0.9993395,0.999591,0.9992383,0.99928594,0.99956226,0.9997713,0.99963886
NKX3-2,1.0014193,1.0010945,1.0007346,1.0011845,1.0012186,1.0011817,1.0005445,1.0008153
HTR2A,0.9986003,0.99907166,0.9986745,0.9978564,0.99833304,0.99800014,0.998924,0.99699175
PRDM4,1.0031149,1.0023389,1.0021656,1.0034932,1.0031897,1.0031885,1.0016936,1.0035682
TMEM79,1.0001267,1.000097,0.9998614,0.99974906,1.0000224,0.99984497,0.9998853,0.9998503
ZNF786,1.0049516,1.0039066,1.0031061,1.0049672,1.004847,1.0047839,1.0024629,1.0049224
MTDH,0.99465925,0.99597013,0.99669313,0.99452233,0.9949055,0.9948137,0.9974535,0.9948352
TMPRSS11E,0.99704504,0.9977575,0.9982046,0.9969795,0.99719155,0.9971825,0.99862945,0.9971955
ZSCAN31,1.0051452,1.0040073,1.0032566,1.0052464,1.0049064,1.0049301,1.0025177,1.0045764
HYI,1.0058925,1.0045234,1.0037737,1.006134,1.0056866,1.0055647,1.0028297,1.0049355
DNAJC18,0.99680156,0.99757147,0.99789417,0.9964868,0.9967989,0.99673164,0.9983505,0.99659646
MCM3AP,0.99862725,0.99895513,0.9990926,0.998446,0.99863815,0.99851406,0.99927723,0.9987987
TRIB3,1.002811,1.0021634,1.0019339,1.003131,1.0030179,1.0029578,1.001536,1.0026455
LRRD1,0.9984652,0.99881786,0.99905205,0.99836177,0.9984909,0.9984971,0.99927115,0.9987779
FAM50A,0.9966676,0.997474,0.998346,0.99715865,0.9972801,0.9974487,0.9988681,0.99737084
PI4K2B,0.99674827,0.9975757,0.9978658,0.99640524,0.99660677,0.9968233,0.9984547,0.99708426
CASP2,0.9974319,0.9981201,0.99854445,0.99746144,0.9975915,0.9977623,0.99895805,0.9976427
MVD,0.99713194,0.99785155,0.9984739,0.9973657,0.9974856,0.9975251,0.9989154,0.9984063
ZBED5,0.9985454,0.99891376,0.99930656,0.99876255,0.99875367,0.9989039,0.9995453,0.9991758
STK32B,0.9985915,0.9990703,0.9990314,0.9983113,0.9985297,0.99884856,0.99940205,0.9980159
NAPA,0.9987179,0.99913275,0.99918956,0.99852955,0.99870086,0.9986813,0.99940664,0.99861276
TRMT13,1.0018022,1.0013419,1.0006658,1.0012132,1.0014168,1.0009935,1.0003982,1.0015804
CES1,0.9977093,0.99822176,0.9987095,0.99779785,0.99774635,0.9979093,0.9989991,0.9978751
DAB2,1.0035485,1.0027782,1.0017858,1.0029509,1.0029774,1.0027604,1.0012449,1.0018702
ZNF808,1.0054529,1.0041902,1.0032173,1.005156,1.0051053,1.0049691,1.0024532,1.004992
OPN4,0.9967072,0.99750435,0.9980099,0.9966529,0.996889,0.9968914,0.9984898,0.9969293
GPR149,1.0034003,1.0026104,1.0020509,1.0032401,1.0031478,1.0031667,1.0015602,1.002875
FOXI1,0.99674165,0.99753034,0.9980261,0.99668217,0.99691755,0.996915,0.99849993,0.9969486
PCDHB16,0.99973834,0.9998057,1.0002263,1.0003152,0.99998176,1.0003659,1.0002961,0.99988246
CD36,0.99676955,0.9975505,0.9978234,0.9963829,0.996819,0.9968802,0.9984621,0.997653
RAB6A,1.0010517,1.000839,1.0009186,1.0013291,1.0011804,1.001261,1.0007209,1.0011463
WIF1,0.99779034,0.9983429,0.9988471,0.9979807,0.9981496,0.99817747,0.9992012,0.9985728
RNF180,1.0045964,1.003541,1.0029552,1.0048182,1.0044743,1.0044941,1.0022799,1.0042962
GABPA,1.002767,1.0021632,1.0021803,1.0034034,1.0030057,1.0031772,1.001739,1.0027533
MLIP,1.000341,1.0002573,1.0002003,1.0002912,1.0003506,1.0002584,1.0001619,1.0003102
SYT6,1.0013866,1.0011071,1.0006664,1.0011029,1.0010797,1.0009083,1.0004318,1.0004724
HOXA10,0.99928355,0.9994639,0.9995811,0.99920154,0.9993375,0.99932826,0.99968606,0.9992639
B3GALT2,1.0024551,1.0018898,1.0013084,1.0020357,1.0020429,1.0020291,1.0009513,1.0019337
TICAM1,0.9988574,0.9991864,0.99948514,0.9990787,0.99903107,0.9990525,0.9996263,0.9991819
SLC39A5,0.99807596,0.9985362,0.99886143,0.99807286,0.9982557,0.99835104,0.99918956,0.99816054
CACNG8,1.0003872,1.000418,1.000109,1.0001656,1.0003122,0.9999795,1.000026,0.99999166
NIPAL1,0.99624234,0.9971672,0.9978904,0.9963916,0.99664044,0.9967363,0.9984703,0.996936
ZNF653,1.0030701,1.0023816,1.0017906,1.0028436,1.0027833,1.0027099,1.0013676,1.0026608
RELT,1.000076,1.0001345,0.99997866,0.9999498,0.99998367,0.99968237,0.99989617,0.99933106
FHOD3,1.0046072,1.0035503,1.0029566,1.0047126,1.0045139,1.0047076,1.00235,1.0042193
CCDC102B,1.0037131,1.0027463,1.0021807,1.0034645,1.0033088,1.003186,1.0016047,1.0042739
SASS6,1.0049862,1.0037299,1.0031905,1.0051198,1.004632,1.00457,1.002342,1.0052063
CHMP7,0.9985349,0.99888307,0.9996568,0.99921304,0.9990251,0.99929,0.9998419,0.9994989
FBXO46,1.0007831,1.0005021,1.000722,1.0010705,1.0008025,1.0011247,1.0005898,1.0006225
RPRD1B,1.0041937,1.0033299,1.0027184,1.0043797,1.0041404,1.0041734,1.0021578,1.003773
PCDHB10,0.9948224,0.99601185,0.9969511,0.99501973,0.9953102,0.99559486,0.9978653,0.99592423
ACAT2,0.9988344,0.99910986,0.99943423,0.9990267,0.99899125,0.9991554,0.9996178,0.9988586
CARD9,0.99684453,0.9976254,0.99800473,0.99671483,0.9969652,0.9969137,0.9984584,0.9963013
B3GNTL1,1.0000088,1.0002382,0.9997498,0.9995513,1.0000827,0.9997288,0.9998909,0.99958575
MMP13,0.9968511,0.9976101,0.99808735,0.99678636,0.9970101,0.9969933,0.9985382,0.99703825
ZNF77,1.0030465,1.0022193,1.0022007,1.0035739,1.0031219,1.0033221,1.0017033,1.0027874
NDRG2,0.99686813,0.9975972,0.9981858,0.99697936,0.9970373,0.9969984,0.9986475,0.9981103
HOXB9,0.9967072,0.99750435,0.9980099,0.9966529,0.996889,0.9968914,0.9984898,0.9969293
RAB5C,1.0021887,1.0017533,1.0013142,1.0020308,1.0019889,1.00195,1.0010173,1.002099
HRH3,1.0053015,1.0039625,1.0033307,1.0053442,1.0049503,1.0051165,1.0025293,1.0050533
HTR1A,0.9992614,0.999444,0.99965984,0.9993444,0.99936604,0.99940014,0.999756,0.9993655
FAM227B,1.0036007,1.002718,1.002181,1.0035951,1.0034602,1.0034434,1.0016879,1.0030084
CENPT,1.0009409,1.0007503,1.0007017,1.0010417,1.0008814,1.0010607,1.0005643,1.0005794
IP6K1,0.99978733,0.99987495,0.9999678,0.9998808,0.9998338,0.9998635,0.9999974,0.9997212
CTSH,0.99788225,0.99838907,0.9985839,0.9976134,0.9978892,0.997764,0.99889326,0.9981751
STAG1,1.0040048,1.0030969,1.0022192,1.0036408,1.003695,1.0035245,1.001683,1.003258
CRK,0.9984436,0.99872386,0.9988026,0.99799067,0.99822843,0.998073,0.9990128,0.9989656
TACR1,1.0006669,1.0004294,1.0007573,1.0010694,1.0007797,1.0013574,1.0007669,1.0019382
KM-PA-2,0.9967072,0.99750435,0.9980099,0.9966529,0.996889,0.9968914,0.9984898,0.9969293
HSD11B1L,0.9998394,0.9998609,0.9998488,0.99963915,0.99979484,0.9998162,0.9999138,1.0007945
FUT7,0.9980638,0.9984919,0.999002,0.9982605,0.9982749,0.99843824,0.9992778,0.9985389
GFRA2,1.0057626,1.0044013,1.0035307,1.0057528,1.0053352,1.0053257,1.0026816,1.0054517
TMEM120B,1.0021381,1.0016837,1.0015218,1.0024,1.0021671,1.002458,1.0012486,1.0015386
GLYCTK,1.0014412,1.0010475,1.001069,1.0016222,1.0014373,1.0017488,1.0008852,1.0014579
PTPN3,1.0057282,1.0044266,1.0036323,1.0057319,1.0054168,1.0052967,1.0027682,1.0063401
TFG,0.9997153,0.9998232,0.9998779,0.9997196,0.9997236,0.999639,0.9999019,1.0000684
NLRP1,1.0006765,1.0005572,1.0001941,1.000312,1.0003638,1.0001146,1.0000271,1.0001122
CDC25A,0.9998238,1.000018,0.99991447,0.99975634,1.000122,0.9999376,1.0000868,1.0001967
SH3GL2,0.99899244,0.9992446,0.99999094,0.9997405,0.9997056,0.9999598,1.0001738,0.9999277
GADL1,0.99684167,0.9975966,0.99813354,0.99684167,0.99704146,0.997044,0.99858725,0.99722016
RSRC1,1.002754,1.0021017,1.0017128,1.0028007,1.0025618,1.0026817,1.0013115,1.0020131
CLDN16,0.9968888,0.99766994,0.9980637,0.9967323,0.9970459,0.9969202,0.99851143,0.9972445
SEPT2,0.9967072,0.99750435,0.9980099,0.9966529,0.996889,0.9968914,0.9984898,0.9969293
CYLD,0.99629664,0.9972608,0.997561,0.99596846,0.9964315,0.9961937,0.9980918,0.9957571
HACD3,0.9977597,0.9982699,0.99863887,0.9976986,0.9978477,0.997882,0.9989383,0.99774635
PIK3R6,0.99879014,0.99916875,0.9990406,0.99835455,0.9986053,0.99849916,0.9992012,0.99800396
LAG3,1.0004051,1.0002775,1.0005611,1.0006816,1.0005276,1.0007666,1.0005009,1.0013478
ZNF207,0.9979359,0.99852276,0.99869335,0.99781084,0.99797845,0.99785864,0.9989989,0.997975
RNF170,1.0046657,1.0035439,1.0026697,1.0042939,1.0042017,1.0040182,1.001975,1.004497
CAGE1,0.99750763,0.9980514,0.9985532,0.9975343,0.99762964,0.99779713,0.9989239,0.99790245
ZNF672,1.0037576,1.0028491,1.0025204,1.0040126,1.0036174,1.0036364,1.0018979,1.0036985
CCDC62,1.002496,1.0019433,1.0015882,1.0025293,1.0024235,1.0023828,1.0012114,1.0023252
RAB15,1.0014923,1.0011023,1.0012276,1.0018121,1.0013709,1.0013851,1.0008175,1.0014381
CERKL,0.99684244,0.9976603,0.99783087,0.9963785,0.9968895,0.99672383,0.9983723,0.9973194
HIF1AN,0.9980241,0.99851894,0.9989625,0.99826014,0.9984412,0.9985315,0.99932206,0.99784386
LRIT1,0.9967072,0.99750435,0.9980099,0.9966529,0.996889,0.9968914,0.9984898,0.9969293
NBEA,0.98615193,0.9894303,0.9916394,0.98626465,0.98701704,0.98723453,0.9936613,0.9866601
SLC46A3,1.0003856,1.0002816,1.0003176,1.0004007,1.0005004,1.0004848,1.0002772,1.0004001
ZDHHC23,1.0014137,1.00113,1.0007246,1.0011294,1.0012536,1.0012016,1.000561,1.0008683
AURKB,0.9931387,0.9949024,0.99602115,0.99332774,0.99385005,0.9937904,0.9970878,0.99386036
GJB6,0.9957197,0.9968134,0.9974906,0.9957481,0.9960506,0.99612343,0.9981469,0.9960352
ZKSCAN3,1.0034709,1.0025662,1.0021098,1.0033997,1.0030859,1.0029685,1.0015254,1.0036564
ISLR2,0.99500084,0.99617213,0.9965761,0.99450934,0.9951943,0.99532807,0.99741083,0.99329734
PIGZ,1.0006576,1.0005894,1.0004349,1.0006955,1.0007248,1.0006349,1.0003598,1.000039
RAB26,0.9990502,0.9993211,0.99940485,0.99898905,0.9991844,0.9988564,0.9995187,0.9992974
SLC13A5,0.9863196,0.98970884,0.9920155,0.98687273,0.9876424,0.98764694,0.99405724,0.98696446
TCP11L2,1.0031233,1.0023862,1.0018507,1.0029149,1.0028033,1.0029308,1.0014318,1.0028168
FAHD2A,0.99384785,0.9953499,0.99674386,0.994504,0.99474764,0.9947047,0.9976072,0.9951061
RAB25,0.9986409,0.9989935,0.9992064,0.998603,0.9987019,0.99871767,0.9993994,0.9987434
RRP36,1.0017667,1.0013463,1.0011412,1.001792,1.0017891,1.0019019,1.0009494,1.0014927
EPHX2,0.9955963,0.9968239,0.99759865,0.9959293,0.99634683,0.99614954,0.9982653,0.99591553
METTL25,0.99895823,0.9992887,0.9994569,0.99910694,0.99907655,0.9993137,0.9996945,0.9983429
PXYLP1,0.99229753,0.99415016,0.99536467,0.99237126,0.99288416,0.9929188,0.9965254,0.99303335
AGMAT,1.0017138,1.0012593,1.0011098,1.0017148,1.0013626,1.001477,1.0007628,1.0014055
PSMD13,0.9988007,0.99912363,0.9994043,0.9989183,0.9989445,0.99907744,0.9995892,0.9988744
STAG3,1.0001312,1.0000153,1.0001234,1.0001761,1.0000508,1.0003395,1.0001571,1.000499
PPP1CC,0.9969602,0.9977573,0.9981618,0.99695116,0.9971374,0.9972002,0.99862,0.99640965
SCRN2,1.0005774,1.0004712,1.0002904,1.0004112,1.0003809,1.0004228,1.0002081,1.0000632
PPP1R15A,0.9986056,0.99885994,0.9991029,0.9984726,0.99837375,0.99853534,0.99926317,0.9990075
SLC16A5,0.99994344,0.9999145,0.9999132,0.9998114,0.9998315,0.99991083,0.9999068,0.999493
PCYOX1,1.004809,1.0037259,1.0028024,1.0045793,1.00426,1.004309,1.0021135,1.0043435
DPYSL3,0.9906192,0.9928194,0.9941429,0.990358,0.99102163,0.9910304,0.9954722,0.99066865
NTF3,0.9960971,0.9970738,0.9973633,0.9957161,0.99616194,0.9960239,0.9980254,0.9963028
PNPO,0.9944693,0.99571735,0.9969075,0.9949181,0.99513125,0.995297,0.9977863,0.99608064
ELF2,1.0058124,1.0044534,1.0038227,1.006144,1.0056397,1.0057696,1.0029454,1.0054832
XK,1.0039978,1.003077,1.0025442,1.004072,1.0037498,1.0036807,1.0018861,1.0037794
TNIP2,0.99561137,0.99666005,0.99726534,0.99553144,0.9960226,0.9958675,0.99794924,0.9954009
DLX5,0.999834,0.9996964,0.9994292,0.999184,0.9992027,0.99891305,0.99940974,1.0017946
AQP3,0.9982391,0.9986614,0.99899626,0.9982834,0.9983063,0.9984106,0.99924797,0.9983659
RDH10,1.0020368,1.0014853,1.0016497,1.0025986,1.0021715,1.0024304,1.001329,1.0027413
FAM49A,1.0016018,1.0012689,1.0007122,1.0011694,1.0013723,1.0011096,1.0004904,1.000756
ARAF,1.0024648,1.0019443,1.0014883,1.002367,1.0021629,1.0019172,1.0010705,1.0026194
ATP9A,0.99034595,0.99267286,0.9940522,0.9902129,0.99081564,0.99084294,0.9954493,0.9907832
PASD1,0.99701047,0.9977349,0.9981376,0.99687254,0.9971137,0.99709815,0.9985716,0.9970922
ZNF582,0.997622,0.9983448,0.99859977,0.99755216,0.9979748,0.99792504,0.9990783,0.9983388
HTATSF1,0.997236,0.99788725,0.9982623,0.997037,0.9972217,0.99725854,0.9986414,0.9974139
RINL,1.0018337,1.0015233,1.0010369,1.001565,1.0015953,1.001505,1.0007807,1.0013096
TRMT5,0.99822474,0.99876076,0.9991933,0.99864364,0.99878883,0.99872404,0.9995085,0.9985484
KIAA2012,0.9996798,0.9997573,0.9997821,0.9995418,0.9996292,0.9996486,0.9998523,0.99984443
SMC6,0.9981233,0.99867016,0.99840796,0.99748,0.9979022,0.9974174,0.9986762,0.9974086
PIAS4,0.9995052,0.99955285,0.9995458,0.9991343,0.99920416,0.99922454,0.9996244,1.0006214
LSM14A,0.99807245,0.9984911,0.99897045,0.9982103,0.99820566,0.99828535,0.99924517,0.9992546
FSCN1,0.9979623,0.99847794,0.99880654,0.99794257,0.99803233,0.9980321,0.9990531,0.9980289
CASS4,1.0014251,1.0011014,1.0008688,1.0013044,1.0012069,1.0012609,1.0006399,1.0012865
REXO5,0.9967072,0.99750435,0.9980099,0.9966529,0.996889,0.9968914,0.9984898,0.9969293
ZNF365,1.0042638,1.0032672,1.0025373,1.0041587,1.0039425,1.0039021,1.001906,1.0032921
SLC16A8,0.99831426,0.9987458,0.99915266,0.99849445,0.9984347,0.9985794,0.999388,0.9987567
HAO2,0.9967072,0.99750435,0.9980099,0.9966529,0.996889,0.9968914,0.9984898,0.9969293
IL1RAPL2,0.9968382,0.9975957,0.99811196,0.99682355,0.9970461,0.997061,0.9985774,0.997139
MYOT,0.9977111,0.9982388,0.998565,0.99761593,0.99777204,0.997666,0.9988704,0.9979141
DCAF8L1,0.99668026,0.99747914,0.9979962,0.99663115,0.996866,0.99687994,0.99848247,0.99692774
CLVS2,0.99746466,0.99806654,0.99859977,0.9976355,0.99779266,0.99790335,0.9989922,0.9975407
ENO4,1.0002762,1.0000437,0.9998337,0.99975765,0.99978393,1.0000086,0.999847,1.0002
WEE2,0.99976426,0.99979645,0.999861,0.9997101,0.99976,0.99965984,0.9998627,0.9999081
BHLHE23,0.9967072,0.99750435,0.9980099,0.9966529,0.996889,0.9968914,0.9984898,0.9969293
ARHGAP40,0.9983213,0.99870443,0.99908864,0.99840724,0.9984924,0.99857616,0.9993342,0.9987235
NIPA1,0.9973935,0.9980866,0.9984381,0.99737597,0.997628,0.9975208,0.9988618,0.99791896
MTHFSD,1.005342,1.0040766,1.003304,1.0053173,1.0049801,1.0052719,1.0026243,1.0053774
SYNC,1.0127833,1.0097361,1.0075576,1.0124235,1.0118288,1.0115294,1.0056462,1.0113628
GBP5,0.99636054,0.9972292,0.9978304,0.9963789,0.9965998,0.9965801,0.9983465,0.9966211
EDNRA,0.9877369,0.99075735,0.9927057,0.9878576,0.9886626,0.98879373,0.99458134,0.98874885
APOBEC3F,0.9969169,0.9976309,0.9982386,0.9970498,0.9972421,0.99738693,0.99872524,0.9968903
ZNF704,0.9988081,0.99912226,0.99914086,0.9986451,0.9987043,0.9985403,0.9992646,0.9981326
CLIC5,0.9978025,0.9983649,0.9985512,0.9976022,0.997815,0.99765635,0.99886334,0.9978658
BAIAP2L2,0.9970656,0.9977521,0.9979454,0.9966742,0.99700314,0.9969145,0.99839216,0.9965482
UBIAD1,1.0052607,1.0040997,1.0028478,1.004629,1.0044379,1.0041186,1.0020152,1.0040102
LRRC43,1.0017471,1.0013341,1.0010797,1.0016501,1.0016549,1.0017433,1.00085,1.001305
CAST,1.002202,1.0017004,1.0013537,1.0021429,1.0021089,1.0019906,1.0010335,1.0019771
ZNF24,0.9985908,0.99895334,0.9988424,0.99810886,0.99843085,0.99833536,0.9990735,0.9978648
PRMT1,0.99686337,0.99763274,0.99829435,0.9970616,0.9972877,0.9974432,0.99878764,0.9972857
FBXO5,0.9984454,0.99895394,0.9990066,0.9983313,0.9985188,0.9983182,0.9992757,0.9984665
GBP4,0.9985416,0.99879986,0.9993968,0.9988555,0.9986348,0.99893737,0.9995424,0.9991064
ELF3,1.004658,1.0035446,1.0028615,1.0045658,1.0041903,1.0043669,1.0021503,1.0040613
R3HCC1L,1.0077233,1.0058663,1.0045114,1.0073632,1.0068862,1.0068045,1.0033212,1.0069482
SCN1B,0.99895966,0.99931943,0.9990854,0.9984673,0.998775,0.99842536,0.99920225,0.9984983
PLEKHB2,0.99776566,0.9982729,0.9987272,0.9978068,0.9977908,0.997795,0.9989744,0.99835443
ZNF397,0.99917424,0.99937606,0.9993016,0.99884486,0.99894273,0.99890816,0.99944234,0.9994156
ATP6V1A,0.98955375,0.99209607,0.99380386,0.9896929,0.99037665,0.99040866,0.995327,0.9903022
DSEL,1.0001919,1.0002384,1.0004387,1.0005746,1.0004771,1.0006433,1.0004878,1.0010451
SMOC1,0.99977267,0.9998673,0.99958,0.9993422,0.9993279,0.99890816,0.99955153,1.0001004
SEMA6C,0.9986176,0.998912,0.99924624,0.9988043,0.9988036,0.998865,0.9994481,0.9983504
UCP1,0.996082,0.99697113,0.9975364,0.9959109,0.99613494,0.9961555,0.9980999,0.99654263
GP6,1.0002269,1.0001805,1.000181,1.0002426,1.0002089,1.000171,1.0001309,1.0003024
ASAP2,0.9925801,0.99434656,0.9955777,0.9926895,0.99299294,0.99299824,0.99662507,0.993085
MYD88,0.9984988,0.99877363,0.99949753,0.9989745,0.9989275,0.9993292,0.99977386,0.99984187
RBMS1,0.9927492,0.9944867,0.9950884,0.99203205,0.9927249,0.9924261,0.9961424,0.9928553
NYX,0.99625796,0.9971692,0.9977472,0.9962214,0.99648774,0.9964942,0.998299,0.99651456
CCDC185,0.9967072,0.99750435,0.9980099,0.9966529,0.996889,0.9968914,0.9984898,0.9969293
PITPNC1,0.9969076,0.99764466,0.99816865,0.99697655,0.9972795,0.99737746,0.99869907,0.9968887
CACNB2,1.0065706,1.004931,1.0044576,1.0072329,1.0064331,1.0065409,1.0033977,1.0069057
LASP1,0.99602747,0.99697447,0.99766874,0.9960733,0.99611366,0.996019,0.9981363,0.996658
BROX,1.0003101,1.0002556,1.000576,1.0007598,1.0004604,1.0009283,1.0005372,1.0000185
RAE1,0.99961114,0.9997694,0.99989593,0.99981093,0.9998955,0.9998524,0.9999908,0.9995134
HAPLN4,1.0006487,1.0004427,1.0004075,1.0006652,1.0006864,1.0008171,1.0004054,1.0010922
ZNF283,1.0050361,1.0038297,1.0031338,1.0050961,1.0045855,1.0046247,1.0023304,1.0044502
SHB,0.9969257,0.99760973,0.9983071,0.99717426,0.9973359,0.9974299,0.9987913,0.9972489
ANGPT4,0.996886,0.9976336,0.998108,0.99681866,0.9970388,0.99702597,0.99855363,0.9970903
NOC4L,0.9952121,0.99636906,0.99697584,0.9950361,0.9954591,0.9954858,0.9977752,0.9954767
STRN,0.9977296,0.99826086,0.99922776,0.99852353,0.9983928,0.99863756,0.9995198,0.99866927
TRAM1,1.0002708,1.0002341,1.0003338,1.0004674,1.0002669,1.00022,1.0002089,1.000212
ZNF665,1.0070679,1.0053728,1.0043967,1.0071414,1.0066481,1.0068641,1.0034101,1.0066357
TAPBPL,0.99998033,0.9999603,0.999915,0.9998276,0.99982524,0.9999082,0.9999144,0.99958545
GJD3,1.0015854,1.0011672,1.0008864,1.0014036,1.00127,1.0012088,1.0006076,1.0016414
EIF3E,0.9997115,0.99974215,0.99983513,0.99968934,0.9996168,0.99963653,0.9998406,1.000136
ERICH6,0.9990878,0.99931705,0.9996439,0.9993215,0.9992835,0.999405,0.99978125,0.99925673
LMOD3,1.006056,1.0046026,1.0035892,1.0058918,1.0055099,1.0053849,1.0026445,1.0049257
CYP3A7,0.9967072,0.99750435,0.9980099,0.9966529,0.996889,0.9968914,0.9984898,0.9969293
RHO,0.99667746,0.9974817,0.9979633,0.9965849,0.9968343,0.9968262,0.9984473,0.996819
DBNL,0.99895424,0.9991722,0.9995129,0.99905086,0.99899346,0.99911356,0.999655,0.9999518
ATP6V1D,0.99961793,0.9996762,0.99981976,0.9996433,0.9996646,0.99974984,0.9998671,0.9995507
IRAK3,1.0009011,1.0005769,1.00079,1.001215,1.0009397,1.001092,1.0006027,1.0012512
FAM222B,0.9994378,0.99958193,0.9995754,0.9992755,0.9992933,0.9993751,0.9996345,0.9985863
ZNF394,1.0030599,1.0023329,1.0018349,1.0029707,1.0027903,1.0027664,1.001375,1.0029141
UBR1,0.9977299,0.99828815,0.99877036,0.9979114,0.99793303,0.99796885,0.99908173,0.9981283
EHBP1L1,1.0047166,1.0035895,1.0026083,1.0043738,1.0040778,1.0040566,1.0019017,1.0031182
WAPL,1.0008485,1.0007284,1.0003433,1.0005132,1.0005002,1.0003127,1.0001422,0.99965286
KLHDC7B,0.9981658,0.99859613,0.99892914,0.9981195,0.99823403,0.9983274,0.9991989,0.9986072
HOXA4,0.9968146,0.99758285,0.9980695,0.9967543,0.99697936,0.9969673,0.99852663,0.99701464
HIRIP3,0.9993229,0.9995039,0.99956965,0.9992777,0.9994278,0.99930346,0.999676,0.9990257
ZNF750,0.9979889,0.9984571,0.99887,0.9980595,0.99818456,0.9982869,0.9991876,0.9981897
GDF7,0.9970254,0.9977423,0.9982127,0.9969795,0.9971827,0.9971845,0.9986393,0.9972768
ACP5,1.0000596,0.99998385,1.0002191,1.000243,1.0000869,1.0002831,1.0001853,1.000448
RHBG,0.99583566,0.9968351,0.99757564,0.99594665,0.996241,0.9963397,0.99824166,0.99652076
PARP15,0.9964021,0.9972049,0.9982486,0.99693686,0.9968066,0.9971628,0.99874604,0.9979163
CHST10,0.99709064,0.9978882,0.998106,0.99691373,0.9972997,0.99722326,0.998648,0.9969308
SLC6A3,1.0021406,1.0017853,1.0012019,1.001728,1.0017679,1.0015348,1.0009007,1.0029764
TRIM16,1.0009594,1.0006717,1.0006188,1.0009453,1.0007739,1.0009093,1.0004843,1.0016391
RSAD1,1.001519,1.0012218,1.0013033,1.0020384,1.0017757,1.0020066,1.0011054,1.0013567
ETNK2,1.0033965,1.002456,1.001824,1.0030298,1.00284,1.0027304,1.0012572,1.0029583
FCRL5,0.9969585,0.9976934,0.99818027,0.9969319,0.9971425,0.9971442,0.9986186,0.9971392
NDUFAF6,0.99600816,0.9971052,0.99776113,0.9961935,0.9965335,0.996527,0.99844515,0.9970063
VSX1,1.0023359,1.0017972,1.001246,1.0019642,1.0019317,1.0018749,1.000883,1.0017059
SNRNP40,1.0016946,1.0013542,1.0011476,1.0017891,1.0017323,1.0017374,1.0009096,1.0012922
DHPS,1.0016847,1.0012406,1.0009087,1.0014085,1.0014087,1.0015111,1.0006809,1.001395
SEPT3,0.9967072,0.99750435,0.9980099,0.9966529,0.996889,0.9968914,0.9984898,0.9969293
NDUFAF5,1.0043308,1.0033305,1.0026505,1.0042273,1.0040183,1.0039939,1.002019,1.0040562
MORN1,1.002304,1.0017585,1.0009904,1.0016158,1.001708,1.0014851,1.0006459,1.0016192
MMP11,1.0034689,1.0026135,1.0018133,1.0029737,1.0028417,1.0027422,1.0013231,1.0035133
NBEAL2,1.0051044,1.0039058,1.003053,1.0050426,1.0047274,1.0046487,1.0022871,1.0040861
RMDN2,1.003047,1.0022724,1.002129,1.0033336,1.0029033,1.0032759,1.0016769,1.0029755
TSC22D2,1.0046228,1.0034988,1.002728,1.0044103,1.0041025,1.004032,1.0020021,1.0047679
ST6GALNAC1,0.9987017,0.99897635,0.99914074,0.9985362,0.9985316,0.99858606,0.9992844,0.99858093
CRTAP,0.9999949,1.0001324,0.99965364,0.9994552,0.99977523,0.9994221,0.9996829,0.9988222
MAP2K3,1.0040689,1.0031233,1.002647,1.0042665,1.0037864,1.0038966,1.001996,1.003674
CDC123,1.0026478,1.0019817,1.0017567,1.0027554,1.0024098,1.0027072,1.001354,1.0026181
ARAP3,1.0065253,1.004849,1.0038583,1.0063002,1.0059462,1.0060209,1.0028656,1.0052866
SLC8A3,1.00509,1.0038744,1.0033642,1.0054102,1.0048048,1.0050906,1.0026032,1.0049547
EYA1,1.0064175,1.0047569,1.0041281,1.0067365,1.006043,1.0064045,1.0032121,1.0072229
RBAK,1.0016642,1.0011661,1.0009193,1.0015743,1.0012475,1.0012122,1.0005697,1.0011243
SH2B2,1.0009931,1.0008104,1.0008862,1.0013385,1.0012288,1.0012755,1.0007774,1.0013992
RIPK3,0.9982017,0.99864924,0.9988433,0.9980486,0.9982142,0.99817586,0.9990977,0.9980625
TDG,0.9971005,0.9976692,0.9983853,0.99725175,0.99728256,0.9975995,0.99880224,0.9978843
LRIG3,0.9991734,0.99941075,0.99957913,0.99918485,0.99923456,0.99905753,0.9996611,0.9995281
TRAIP,1.0016594,1.0014956,1.0010821,1.0016544,1.0016375,1.0012434,1.0007837,1.0007001
NOG,0.9936968,0.99533993,0.99627197,0.9938235,0.994099,0.9941429,0.9971797,0.9929643
DNAJC28,1.0007026,1.0005403,1.0003957,1.0006378,1.0005554,1.0005128,1.0002577,1.0003116
CCDC155,0.9979765,0.99848366,0.9987057,0.9978014,0.998006,0.9979702,0.9990065,0.9980452
ALLC,0.996783,0.9975569,0.9980389,0.9967091,0.9969497,0.99694145,0.99850935,0.99701226
TRMT12,1.0012397,1.0009923,1.0011288,1.0017555,1.00156,1.0017807,1.0009553,1.0003809
PGAM1,0.99785435,0.99840236,0.9990566,0.9982573,0.9982077,0.9984506,0.9993806,0.9987626
SBDS,0.99515533,0.99634457,0.99738276,0.99557143,0.99567825,0.9957675,0.9980557,0.99604833
SNX33,1.0018241,1.0012856,1.0014273,1.0021716,1.0017717,1.0020243,1.0011168,1.0029306
SURF1,0.9995707,0.9996979,0.9998703,0.99972296,0.99974144,0.99988663,1.000001,0.99935293
FAM43A,1.0039244,1.0030236,1.0023003,1.0037267,1.0035628,1.003611,1.0017605,1.0033838
TMEM184A,0.9998996,0.9999678,1.0001986,1.0002304,1.000263,1.0003842,1.0002545,0.9996573
PSRC1,0.9990452,0.9993577,0.99957573,0.9991451,0.99918735,0.99932075,0.9997713,0.9991632
SH3GL3,0.9995868,0.99968433,0.9994558,0.9991994,0.99942946,0.9993377,0.9995755,0.99904203
DLX2,0.99608445,0.9969233,0.99737424,0.99574256,0.9958943,0.9956236,0.9978759,0.9980917
NEUROD1,0.9985804,0.9988419,0.99929595,0.99868006,0.9986595,0.9990652,0.99952304,0.99848163
SPATS2L,0.995479,0.99655366,0.996968,0.99493563,0.9952948,0.9951811,0.9976044,0.99618644
SQOR,0.9999633,0.9999454,1.0000556,0.99998665,0.9999159,0.9999473,1.0000035,0.9999352
RNF214,1.0031835,1.0023968,1.0021968,1.0034311,1.0030541,1.0033269,1.0016837,1.0026054
TPRA1,0.99984,0.9999875,0.99981177,0.9996279,0.99979746,0.9997431,0.9999418,1.000498
SLC18B1,0.99777603,0.99842983,0.99896204,0.99811804,0.99822986,0.9981539,0.9993072,0.9986435
ZACN,0.99697447,0.99768066,0.9982867,0.99708116,0.9971589,0.99731016,0.9987023,0.9970473
ILF2,0.9979664,0.99838907,0.99865377,0.99775517,0.9978231,0.9979627,0.998922,0.9979882
AQP2,0.9967072,0.99750435,0.9980099,0.9966529,0.996889,0.9968914,0.9984898,0.9969293
IRAK4,1.0008553,1.0006322,1.0004705,1.0007267,1.000731,1.000549,1.0002764,1.0005932
HTR4,0.99907017,0.99929184,0.9993907,0.99897194,0.99907124,0.99890953,0.9994916,0.9990132
M1AP,0.9968033,0.9976048,0.9980651,0.996752,0.99698496,0.9969219,0.99851525,0.99694324
MARCH4,0.9967072,0.99750435,0.9980099,0.9966529,0.996889,0.9968914,0.9984898,0.9969293
C6orf222,0.9967072,0.99750435,0.9980099,0.9966529,0.996889,0.9968914,0.9984898,0.9969293
PDXK,0.9977608,0.99834967,0.9986732,0.9977553,0.99779564,0.9977585,0.9989622,0.99768853
IVL,0.9967072,0.99750435,0.9980099,0.9966529,0.996889,0.9968914,0.9984898,0.9969293
ECI1,1.0006348,1.000489,1.0002377,1.0004702,1.000457,0.99988157,1.000005,1.0003254
SLC25A36,0.991258,0.9934398,0.9945625,0.99097073,0.99165225,0.99156874,0.9958224,0.9911778
POLD3,1.0034597,1.0026007,1.0022197,1.0035847,1.0031677,1.0032574,1.001639,1.0028334
OSGEP,1.0009921,1.0007079,1.0006485,1.0010043,1.0008719,1.0009236,1.0004891,1.0015651
UBR7,0.9996276,0.9998461,0.9998927,0.9996935,0.99962914,0.99921167,0.99981856,0.99990714
CNST,1.0022254,1.001715,1.0015761,1.0024092,1.0021783,1.00219,1.001215,1.0029266
IFRD1,0.9960107,0.99701476,0.9976283,0.9959439,0.9961703,0.99625003,0.9981923,0.99621665
GRM7,1.0026679,1.002089,1.0013758,1.0022459,1.0020827,1.0023885,1.0010421,1.0012772
ZNF148,0.99336314,0.9949038,0.99618673,0.99366426,0.9938654,0.99398077,0.99708563,0.994087
ZNF565,1.0056268,1.0042298,1.003145,1.0052669,1.0048857,1.0047194,1.0022811,1.005116
MLST8,0.99960566,0.99980146,1.0003413,1.0003182,1.0001612,1.00037,1.0004263,1.0005351
AP3B1,1.0024105,1.0018636,1.0015001,1.0023626,1.0021535,1.0019922,1.0010803,1.0026401
ZNF614,1.0016038,1.0012357,1.0010083,1.0015116,1.0016477,1.0016711,1.0008416,1.0016525
GLT1D1,0.9995737,0.9997153,0.99991554,0.9997778,0.9997883,0.9996824,0.9999382,0.99956465
ERICH6B,0.99849147,0.9988512,0.99922645,0.9986225,0.99864334,0.9987344,0.99943924,0.9988905
PAX6,0.989877,0.99242693,0.9943248,0.99038684,0.9910273,0.9912224,0.9958886,0.9914695
MRPL43,1.0007432,1.00058,1.000555,1.0008346,1.0007954,1.0008836,1.0004694,1.0007027
SLCO1A2,1.0017309,1.0012479,1.0012363,1.0019124,1.0016484,1.0018203,1.0009378,1.0018412
FOSL1,0.9975939,0.99822146,0.9983294,0.997244,0.9974805,0.99738646,0.99868107,0.9971001
CD37,0.9930241,0.9946828,0.99567354,0.9927813,0.9933573,0.99337065,0.9966779,0.9931935
CELF1,0.98951495,0.9920771,0.99333775,0.98903084,0.9898932,0.98966813,0.99484634,0.9896357
MDH2,0.9972395,0.99784946,0.99842834,0.9973452,0.9974017,0.99743944,0.99877775,0.9977361
EPM2AIP1,0.9927747,0.99454635,0.9954741,0.9925089,0.9930403,0.9929702,0.9965197,0.99288785
RNF121,1.0022454,1.0016559,1.001684,1.0026995,1.0024861,1.0028077,1.0014389,1.0025221
QRFPR,1.0008478,1.000627,1.0005262,1.0008177,1.0007827,1.0008054,1.0004005,1.0005741
CPA3,0.9967008,0.9974953,0.99800575,0.99664676,0.99688005,0.99688435,0.99848616,0.9969504
ZNF607,1.0073318,1.0054785,1.004252,1.0069354,1.0065032,1.0069757,1.0032787,1.006501
PCDHB2,0.9989575,0.99924076,0.99935746,0.99888086,0.99911034,0.99921805,0.9996569,0.9994811
NSMCE4A,1.0000875,1.0001142,1.0003628,1.0004299,1.0003384,1.0004933,1.0003988,1.0012549
FUT1,0.9987428,0.99909604,0.99923813,0.9986856,0.99867344,0.9986334,0.99936503,0.99831355
METTL15,1.0068226,1.0051532,1.0040674,1.0066983,1.0062611,1.0065515,1.003135,1.0056936
ANKRD34A,1.0025218,1.0018814,1.0015622,1.0024816,1.0023719,1.0024327,1.001203,1.0025085
GRIN3A,1.0055168,1.004282,1.0034709,1.0055076,1.0052016,1.0052879,1.0026655,1.0046628
FUT11,1.0001848,1.000198,1.0001899,1.000244,1.000303,1.0001559,1.0001495,1.000277
CLDN10,0.98774856,0.99083793,0.9930412,0.9884887,0.9891511,0.9892551,0.9949179,0.98897994
TEDC1,1.0000881,1.0001413,0.99981654,0.9997858,1.0000207,0.9997857,0.99986976,0.9993845
PACSIN3,0.9975885,0.99818903,0.9984431,0.99741054,0.9976427,0.9975685,0.99879813,0.9973379
ADRA2A,0.9896778,0.99227303,0.993171,0.98884416,0.9899062,0.99007744,0.99494183,0.9893895
WDFY2,1.0032575,1.0026342,1.0017102,1.0027411,1.0030037,1.0026913,1.0013113,1.0021766
ZNF564,1.0001606,1.0001659,1.0004867,1.0006809,1.000475,1.0004462,1.0003932,1.0005257
TIAL1,1.0010017,1.0007019,1.0006918,1.0009906,1.0007578,1.0010309,1.0005184,1.0011561
NDUFS3,0.9976517,0.9982209,0.99873865,0.9978428,0.9979582,0.99793065,0.99905944,0.9980148
ADRA2B,0.998106,0.998564,0.9989268,0.9981203,0.9982233,0.99833083,0.9992095,0.99831235
GPC3,1.0044916,1.0034502,1.0029366,1.0046558,1.0043961,1.004451,1.0022815,1.0044326
DCK,0.9998699,0.99995977,1.0002764,1.0003319,1.0002788,1.0004768,1.0003694,1.0003695
WASF2,0.99572366,0.996804,0.9972904,0.9955064,0.99603343,0.9958494,0.99799705,0.9963785
CRBN,0.9974523,0.99818504,0.998335,0.9972341,0.99771476,0.9973329,0.99873304,0.9977214
FHL1,0.99787986,0.9984043,0.9987111,0.9978428,0.9978963,0.9979192,0.9989952,0.9978372
RIPK2,1.0029302,1.0022862,1.0018156,1.0029287,1.0027606,1.0025386,1.0013344,1.0027475
GPR137,0.9953554,0.99650335,0.9972982,0.99551165,0.99589306,0.99598855,0.99810964,0.9963623
CYP2C8,1.0014279,1.0010252,1.0009971,1.001579,1.0014389,1.0015988,1.0008135,1.0016359
GAMT,0.99833333,0.99877346,0.9994408,0.99895585,0.9988178,0.9988607,0.9996523,0.9992616
MCU,1.0027099,1.0020639,1.0018067,1.0028216,1.0024691,1.0028135,1.0014343,1.0026314
CYP39A1,1.0013325,1.0011344,1.0009813,1.0015244,1.0014607,1.0013995,1.0008453,1.0016935
ZNF41,1.0042093,1.0032184,1.002609,1.004173,1.0039635,1.0041384,1.0020437,1.0038376
RTCA,1.0011193,1.0009435,1.0006866,1.0010451,1.0010246,1.0009781,1.0005286,1.0006192
ZNF569,1.0045686,1.0035102,1.003059,1.0048431,1.0043771,1.0045617,1.0023717,1.004709
SPTAN1,0.9965245,0.9973693,0.9979125,0.9964841,0.99670494,0.99666137,0.9983977,0.9969138
PTGER3,1.0038593,1.0030639,1.0024165,1.0037727,1.0036242,1.0038798,1.0019776,1.0035927
FOXK2,1.000624,1.000463,1.0006282,1.0009984,1.0007217,1.0008858,1.0005031,1.0003556
MXRA8,1.000067,1.000096,0.9998663,0.9998102,0.99989283,0.9996977,0.9998947,1.0001733
SERINC2,0.9950125,0.9962331,0.9969852,0.99493176,0.9952156,0.99522316,0.9976846,0.9951472
ZNF616,1.001417,1.0010353,1.0012714,1.0018327,1.00147,1.0019329,1.0010622,1.0018563
RBM46,0.99582976,0.9969177,0.9972893,0.9954978,0.99599886,0.9958018,0.99794,0.9960103
ZDHHC6,0.9997165,0.9997406,0.9999448,0.9998354,0.99972296,0.99983335,0.9999803,1.0004522
CLCC1,1.0009342,1.0007716,1.0007306,1.0009887,1.0008061,1.0008447,1.0005686,1.0016577
NAGPA,1.0059276,1.0045359,1.0036716,1.0059795,1.0055554,1.0056578,1.0028193,1.005465
ZNF528,1.0028033,1.002071,1.0020603,1.0032394,1.0028154,1.0030881,1.0016136,1.0030704
MRPS30,1.0014733,1.0011054,1.0007353,1.0011821,1.0011684,1.0011747,1.0005628,1.0014992
PTBP1,0.9945127,0.99593055,0.9968704,0.9948424,0.9951384,0.99519575,0.9977323,0.9946716
FLI1,0.9977886,0.998299,0.9983815,0.9973309,0.99751925,0.9974272,0.9986291,0.99694276
SIGLEC12,0.9982035,0.9985912,0.99905527,0.99835736,0.998454,0.9986238,0.99933916,0.99847555
TBC1D24,0.9929192,0.99466485,0.9954591,0.992567,0.9931038,0.99302363,0.9965018,0.99245846
PEX13,1.0016065,1.0012805,1.0009953,1.0015389,1.0015075,1.0014269,1.000772,1.0014465
POLDIP3,0.9994414,0.9996387,0.99990296,0.9997368,0.9996991,0.99970466,0.99996185,0.9994071
SLC16A7,1.002651,1.0019501,1.0013101,1.0021892,1.0020459,1.0019366,1.000852,1.0018216
C17orf53,0.9967072,0.99750435,0.9980099,0.9966529,0.996889,0.9968914,0.9984898,0.9969293
RIOK2,1.0018532,1.0014626,1.0012841,1.0020283,1.0020108,1.0019766,1.0010645,1.0023206
POLD2,0.99920774,0.99941885,0.99975514,0.99946415,0.99943304,0.99958867,0.9998953,0.9994716
FSD1L,0.99685395,0.99760777,0.9980922,0.9968029,0.9969216,0.99699104,0.9985478,0.9972193
SETD4,1.0010959,1.0008489,1.001189,1.0017183,1.0014316,1.0017447,1.0010941,1.0029199
CTSD,0.99771297,0.9983399,0.9986801,0.9977157,0.9979005,0.9979577,0.9990597,0.99800766
LILRB3,0.9985435,0.99886477,0.99910337,0.9984665,0.9986208,0.9984261,0.9992794,0.99921405
RAVER1,0.99593526,0.99700505,0.99791217,0.9964354,0.9967283,0.9967787,0.99862635,0.9971695
CCDC141,0.9992081,0.9993286,0.9996533,0.9993758,0.9990444,0.99925625,0.99967504,0.9991946
CHADL,1.0021492,1.0016925,1.0014198,1.0022026,1.0020919,1.0021237,1.0011284,1.0021427
AUH,1.0027485,1.0021331,1.0016862,1.0026547,1.0025332,1.0026283,1.0012975,1.0022137
SLC16A10,0.9995903,0.99969447,0.9997107,0.9994307,0.99945176,0.9995662,0.99977374,0.99923444
SLC28A2,1.0010548,1.000782,1.0009583,1.0014662,1.0012039,1.0011892,1.0007309,1.0017064
SLC22A10,0.9967072,0.99750435,0.9980099,0.9966529,0.996889,0.9968914,0.9984898,0.9969293
VPS26B,0.99889517,0.9992896,0.99929917,0.99877536,0.9990686,0.99885833,0.9995154,0.99882984
ITGAL,1.0012472,1.0009209,1.0005469,1.0008466,1.0008762,1.0008334,1.00033,1.0005925
CHST12,1.0031196,1.0023326,1.0020354,1.0032567,1.0029303,1.0031912,1.0015866,1.0026634
CREB1,0.99533236,0.9964131,0.9973816,0.99563825,0.9957237,0.99595755,0.99804425,0.99563336
TBCB,0.99878323,0.9990877,0.9995374,0.999117,0.99906886,0.9992254,0.9996729,0.9986255
ADRA1D,0.9972155,0.9978974,0.9983078,0.9971608,0.99734235,0.9972402,0.99867415,0.99726796
YTHDF2,0.9972908,0.9979498,0.9983639,0.997245,0.9973601,0.99743795,0.9987257,0.9971227
NUDC,0.9994024,0.99958265,1.0000285,0.9999408,0.999757,0.99987626,1.0000919,1.0000005
KIAA0391,0.9967072,0.99750435,0.9980099,0.9966529,0.996889,0.9968914,0.9984898,0.9969293
SPOP,0.9972006,0.99792695,0.9984113,0.99730235,0.9974824,0.9975497,0.9988254,0.99704254
MYBPC3,0.9986743,0.99902415,0.9992377,0.9986685,0.9988074,0.99875057,0.999422,0.99860245
LRRIQ3,1.0033118,1.0024906,1.0021157,1.0034192,1.0031978,1.0032853,1.0016301,1.0029573
ACCSL,0.99630404,0.99720514,0.99777544,0.99626535,0.99653006,0.996539,0.9983207,0.99655044
CYP3A4,0.9968457,0.9975978,0.9980706,0.99677134,0.9969989,0.9969849,0.998526,0.99702156
ABLIM3,1.0045812,1.0035281,1.0027598,1.0044086,1.0041664,1.0039939,1.0020094,1.0040635
HRH1,0.99622923,0.9971963,0.997989,0.99650705,0.9968981,0.99709034,0.99864763,0.9967426
LOXL2,0.9989842,0.99935234,0.9998392,0.99945694,0.9994858,0.9997413,1.000109,1.0005872
CRYBB1,0.9959372,0.99687016,0.9975462,0.99588466,0.9962404,0.9964466,0.9982157,0.9961177
PRKCE,0.99917674,0.9994728,0.9992707,0.99882525,0.999143,0.99902326,0.99950665,0.9988938
WNT8A,0.9966594,0.9974672,0.9979802,0.99660647,0.9968447,0.9968443,0.99846673,0.9968895
PRPH2,1.0040096,1.0030336,1.0023637,1.0038424,1.0038129,1.0037463,1.001826,1.0037608
TMX3,1.0004277,1.0002815,1.00018,1.0002815,1.0002925,1.0002849,1.0001196,1.0002525
RBM4,0.9957267,0.99673223,0.9974544,0.9957287,0.99601847,0.9960013,0.99806213,0.9963212
CARF,1.0020815,1.0014527,1.0015242,1.0023594,1.0019593,1.0022912,1.0012312,1.003472
TOX4,1.0010624,1.0008111,1.0006435,1.0009327,1.0007267,1.000776,1.0004321,1.0013902
EXOSC4,0.9966091,0.99743146,0.9982767,0.99702024,0.99719816,0.99741715,0.9988555,0.9975708
MGAT4C,1.0026908,1.0021284,1.0018789,1.0029616,1.0027997,1.0030303,1.0015615,1.0021646
BAG4,0.99997073,0.9999894,1.0001674,1.0001855,1.0000484,1.0000012,1.0001199,1.0001372
SLC25A4,0.99871993,0.9990183,0.9994612,0.9989598,0.99901426,0.9992237,0.9996685,0.9991288
COL23A1,1.0004089,1.0003188,1.000319,1.0004402,1.0002806,1.0002792,1.0001962,1.0000552
MNS1,1.0021876,1.0016211,1.0011525,1.0020202,1.0017833,1.0015955,1.0007985,1.0018566
KSR1,1.0006572,1.0004947,1.0003479,1.0005358,1.0005671,1.0005138,1.0002637,1.0008293
RGP1,0.9980515,0.9984752,0.9989745,0.9981646,0.998237,0.9984536,0.99927145,0.9986526
NUP43,1.0009264,1.0007098,1.0006278,1.0009925,1.0008541,1.0007218,1.0004576,1.0010426
NKX6-1,0.9975492,0.9981719,0.99852353,0.9974736,0.99766636,0.9976889,0.9988903,0.9976716
RBMXL1,0.9988804,0.9991574,0.99955755,0.99915874,0.99901474,0.9992287,0.99969983,0.99905807
CCDC51,1.0032775,1.0025581,1.0018917,1.0030808,1.002942,1.002918,1.0014392,1.0029969
PRSS33,0.9957614,0.9967692,0.9975725,0.99590707,0.996108,0.99615836,0.9981887,0.9965757
ZNF225,1.0008457,1.0005738,1.0007923,1.0012053,1.0009185,1.001066,1.0006174,1.0012925
SLC25A32,1.0012624,1.0009562,1.0006416,1.0010518,1.0010751,1.0009294,1.000461,1.0011866
MNX1,0.9962196,0.99713135,0.9977232,0.9961894,0.9964521,0.9964455,0.99827707,0.9965359
ETNK1,0.99930584,0.999534,0.9995714,0.9991071,0.99919355,0.999297,0.9996536,0.99907875
NIT2,1.0010865,1.0008419,1.0004591,1.0007766,1.0009115,1.0007344,1.0003378,1.0008789
DGAT2,1.004811,1.0035832,1.0027708,1.0045383,1.0042424,1.0044143,1.0020707,1.0038676
TRAFD1,1.0029486,1.0022297,1.0018518,1.0029058,1.0026944,1.002682,1.0013902,1.003178
GIT2,1.0031563,1.0023409,1.0019307,1.0030996,1.0027821,1.0028358,1.0013998,1.0031798
SS18L1,0.994739,0.99597824,0.9969306,0.99488664,0.9951032,0.9951925,0.9976587,0.99492276
CLVS1,1.0035598,1.0026413,1.0023429,1.0037261,1.0033875,1.0034426,1.00173,1.0027494
RASSF5,1.0025318,1.0019323,1.0014216,1.0022459,1.0021617,1.0021592,1.001046,1.002069
TCFL5,1.000491,1.0003806,1.0001185,1.0002224,1.0001913,1.0001947,1.0000556,0.99947447
CDK11A,1.0007068,1.0005996,1.0002669,1.000509,1.0007014,1.000173,1.0001292,1.0004573
BMT2,1.0041573,1.0032213,1.0021489,1.0034885,1.0035337,1.0031998,1.0015241,1.0033659
ELANE,0.99598694,0.99697006,0.9975767,0.99594736,0.99623907,0.9962362,0.99817157,0.9962144
HNRNPA2B1,0.99481225,0.99604803,0.9967429,0.9945842,0.9948491,0.99497914,0.99746037,0.9945674
AK2,0.9983566,0.9989141,0.9988748,0.99806726,0.9984181,0.9984027,0.999218,0.9979651
CCDC85A,1.007218,1.0056534,1.0047793,1.0076348,1.0071099,1.0071288,1.0036721,1.0063101
HOXA6,0.9969834,0.99771553,0.99814427,0.99687815,0.9971126,0.9971045,0.9985827,0.9971036
SERPINF1,0.9898842,0.9924373,0.9934732,0.9893336,0.99032396,0.99007404,0.9950099,0.98950297
ZNF84,0.99586344,0.9967904,0.9974234,0.9957948,0.99596393,0.99596643,0.99798834,0.99604684
ASCL1,1.0024555,1.0018921,1.0014855,1.0023981,1.0021636,1.0020835,1.0010904,1.0023968
CCDC7,1.0065826,1.0050678,1.0043477,1.0070173,1.0065503,1.006638,1.003404,1.0062587
FDXACB1,0.99693155,0.9976715,0.9983083,0.99712384,0.9971218,0.9976324,0.99886394,0.9972329
B3GAT3,1.0017247,1.0013059,1.0012336,1.0018971,1.0018463,1.0017699,1.0009518,1.0018079
ACMSD,0.9985504,0.9988904,0.999184,0.99858004,0.9986787,0.99873286,0.99941427,0.998886
TENT4A,0.9983082,0.99865663,0.99913657,0.9984968,0.9983376,0.9985887,0.9993538,0.99867547
PELI1,0.9969337,0.9976772,0.9982385,0.99701285,0.99714196,0.99726415,0.9986994,0.99737453
CCDC148,0.9994603,0.9996052,0.99942833,0.99916625,0.9992625,0.9989929,0.9995058,0.9992186
DAPK3,1.0030409,1.0023382,1.0018086,1.0029979,1.0028677,1.0025457,1.0013092,1.0026867
TMEM39A,1.0042382,1.003268,1.0026252,1.004255,1.0040847,1.004183,1.0020751,1.0037787
HSD17B10,0.9984777,0.9989228,0.9993775,0.9988723,0.9988698,0.99878025,0.9995792,0.99904734
DMC1,0.99373317,0.99527097,0.9964582,0.9939243,0.9943306,0.9940053,0.9972706,0.9957822
ERLIN1,0.9996487,0.99982005,0.99996954,0.99984264,0.9997121,0.9997252,0.99998665,0.9993999
EGLN2,1.0004157,1.0003259,1.000494,1.0006223,1.0005739,1.0006975,1.0004385,1.0009586
NTN5,0.99634993,0.9972625,0.99784154,0.99635154,0.9966327,0.99662423,0.9983852,0.9967363
CLIC6,0.9979392,0.9984439,0.99873453,0.99786377,0.99797046,0.99799335,0.99902433,0.9979551
GC,0.99660325,0.9974249,0.99795717,0.99656415,0.99680483,0.9968184,0.9984561,0.996881
ACP2,1.0027192,1.0020676,1.0019245,1.0029639,1.0028007,1.0029783,1.0015652,1.0033133
PPME1,0.9983406,0.9987689,0.9993019,0.9986943,0.99866676,0.9987775,0.9995123,0.99869764
SRRM3,1.0004417,1.0003015,1.0006016,1.0008947,1.000558,1.000833,1.00051,1.000736
ZSCAN2,0.9991337,0.9992747,0.9995103,0.99917936,0.9991964,0.99925363,0.9996641,0.99994147
CDK14,0.9970031,0.9977727,0.99766123,0.9961537,0.99662685,0.99630976,0.9980811,0.9963721
KMO,0.9993216,0.99941945,0.99939215,0.9991716,0.99923897,0.99945796,0.9995073,0.9975543
ASPG,0.9967997,0.99753815,0.99784356,0.996444,0.99677265,0.9966247,0.9982902,0.9967015
VRK2,1.0019428,1.001519,1.0019946,1.0030183,1.0024856,1.003098,1.0017786,1.0030766
ZNF774,1.0016515,1.0012951,1.0010219,1.0015624,1.001538,1.0014724,1.0007876,1.0018559
SH2D4B,0.9972774,0.99792194,0.9982482,0.9970962,0.997328,0.9972366,0.9986291,0.997223
LTN1,1.0020975,1.0016829,1.0010026,1.0015333,1.0016351,1.0013708,1.0006655,1.0016226
LARP7,1.0007068,1.0005609,1.0003628,1.0005264,1.0004406,1.0004776,1.0002407,1.0007579
PEX12,1.0022109,1.0017543,1.0015904,1.0025009,1.0024748,1.0029479,1.001478,1.0022631
LBX2,0.9964131,0.9972184,0.9979294,0.99648094,0.9967077,0.9968349,0.9984629,0.9970482
HOXD10,0.9970614,0.99777925,0.99820447,0.9969841,0.997205,0.99720824,0.9986355,0.9971293
NSUN7,1.0010277,1.0009122,1.0006301,1.0009707,1.0011243,1.000883,1.0005498,1.0013957
NAB1,0.99393296,0.9954411,0.99650645,0.9941602,0.99451435,0.9945332,0.9974477,0.9953742
EMILIN3,0.99768573,0.9983102,0.9986737,0.997762,0.9978061,0.9977901,0.99900305,0.9977787
ZBTB42,0.9985257,0.9989151,0.99932474,0.9987633,0.99875456,0.998912,0.9995711,0.99904466
KRT20,0.99723613,0.9978969,0.9982835,0.99711233,0.9973242,0.9973016,0.99867564,0.9973453
TEAD4,0.9999492,0.9999625,1.0001618,1.0001403,1.0000045,1.0001794,1.0001401,0.99993104
UCHL5,0.9998971,0.9999161,1.0000882,0.9999947,1.0000322,1.0002065,1.0001463,1.0001419
PDZD7,1.0031636,1.0023267,1.001814,1.0028721,1.0028096,1.0027903,1.0013578,1.0035467
PNPLA1,0.9970453,0.997782,0.9982124,0.9970137,0.99724805,0.9972349,0.99866754,0.99722916
NCOA2,1.002428,1.0018935,1.0014591,1.0024383,1.0022608,1.0021433,1.0010496,1.0009968
ZBTB8A,0.99956244,0.99972403,0.9995874,0.9992874,0.99946594,0.9993136,0.9996122,0.99856204
SLC1A4,0.99700654,0.9977346,0.99832964,0.99718535,0.9971747,0.9973959,0.9987737,0.99713063
NRL,0.9987915,0.999051,0.99932134,0.99882555,0.9989234,0.99894494,0.9994991,0.99902785
NOSTRIN,1.0039967,1.0030823,1.0023344,1.0037374,1.0035892,1.0035139,1.0017248,1.003203
RPIA,1.0038592,1.0028951,1.0027398,1.0043268,1.0037774,1.0042052,1.002142,1.003177
HOXC13,0.9970044,0.99772966,0.9981998,0.99695987,0.9971665,0.9971639,0.99862945,0.9972353
STK24,0.9965124,0.9973593,0.997922,0.99662554,0.9968591,0.99701905,0.9985485,0.9968864
VIRMA,1.0040408,1.0030692,1.0024372,1.0039951,1.0038071,1.0036789,1.0018412,1.0036823
KLK11,0.9967072,0.99750435,0.9980099,0.9966529,0.996889,0.9968914,0.9984898,0.9969293
CHST13,0.99674916,0.9975431,0.9980071,0.996658,0.99691606,0.99688756,0.9984822,0.99686956
MEX3D,0.9992189,0.99932814,0.9995059,0.99920464,0.9992063,0.99932647,0.99963796,0.9991498
DYNC1LI1,0.99752367,0.9980954,0.9989606,0.9981649,0.99809504,0.99831736,0.99930406,0.9980439
RPL10,0.9962063,0.99708074,0.9976799,0.996132,0.99630904,0.9964365,0.99819887,0.99609995
HOMER3,0.99935955,0.99950945,0.9992232,0.9988477,0.99908596,0.9987688,0.9993309,0.9988934
ABCD2,1.0006185,1.0005431,1.0006561,1.001028,1.0009592,1.0009904,1.0005974,1.0003806
VRTN,0.9991287,0.9992722,0.99940205,0.9989772,0.9989817,0.9989456,0.99947786,0.9993206
MKKS,0.99937654,0.99954337,0.99970007,0.99951446,0.99961793,0.9995924,0.99983644,0.99933994
CARS2,0.9975476,0.9981464,0.998323,0.99738544,0.99757755,0.99716806,0.9986328,0.9969539
CPPED1,0.9962224,0.99698746,0.9981356,0.9967698,0.9967091,0.99722254,0.99874794,0.9981222
SPRYD3,1.0026689,1.0021049,1.0014482,1.0024719,1.0023565,1.0022132,1.0010501,1.0009518
ELFN2,1.0024837,1.0019217,1.0016637,1.0026064,1.0022479,1.002211,1.0011957,1.0019414
POU4F1,0.9995116,0.9995829,0.99951696,0.9993866,0.9995529,0.99949074,0.99957156,0.99762416
CDK6,0.9966115,0.9975015,0.99817204,0.99693036,0.99694574,0.9965864,0.9984926,0.9966511
FBLIM1,1.0036525,1.0028143,1.0021188,1.0034506,1.0032532,1.0032747,1.0015905,1.0031173
LRRC40,0.99963766,0.99963474,0.9996734,0.9994943,0.999637,0.9995618,0.99972975,0.9998004
KLHDC1,1.003192,1.002353,1.0020845,1.003397,1.0030361,1.0033276,1.0016418,1.0028945
LOX,1.0028857,1.0022659,1.0015221,1.0025578,1.0024198,1.0022793,1.0011252,1.002302
PBXIP1,1.0007663,1.0004992,1.0006425,1.0010281,1.0008192,1.000689,1.0004716,1.0019069
FBXW4,0.9972559,0.9979039,0.99827576,0.9972422,0.9976324,0.9975763,0.9987658,0.9967478
NEK7,1.0008572,1.0006514,1.0001376,1.0002518,1.0003604,1.0000999,0.9999657,0.9998723
KIN,1.0022249,1.0016673,1.0015802,1.0025338,1.0022273,1.0022957,1.0012083,1.0022497
SGCB,0.9980913,0.99847853,0.99917495,0.9985173,0.9982799,0.9986293,0.99942607,0.99928236
WIPI1,0.9994165,0.9995104,0.99960494,0.9992364,0.9992904,0.99943554,0.9996829,0.9994259
ZNF334,1.0003791,1.000242,1.0001135,1.0000944,1.0000517,1.0000768,1.0000384,1.0004808
FMO3,0.9966639,0.99747515,0.9979794,0.99660444,0.9968548,0.9968537,0.9984703,0.99688244
HMX1,0.99674743,0.99751914,0.9979403,0.99658364,0.99688196,0.9968003,0.99841356,0.99676883
WDR5,1.0000396,1.0001576,1.0000358,0.99995005,1.000189,0.9999667,1.00011,1.0006216
CCDC110,1.0019428,1.0014948,1.0012779,1.0020052,1.0017717,1.0017973,1.0009236,1.0012736
ZNF189,1.0037315,1.0027742,1.0019453,1.0033046,1.0031089,1.0027871,1.0013266,1.003067
UCP3,1.0011144,1.0007925,1.0006511,1.0009725,1.0008016,1.0010179,1.0004536,1.0005349
CTU2,1.003171,1.002465,1.0019361,1.0031114,1.0028933,1.0029575,1.0015163,1.0028894
PCDHB14,1.0027609,1.0020638,1.0014961,1.0023701,1.0021591,1.0023446,1.0011016,1.0025908
RRN3,0.9982754,0.9986814,0.9991852,0.9984831,0.99857694,0.99874324,0.9994729,0.9993162
PKMYT1,0.9974297,0.99811333,0.9987,0.99777424,0.99786985,0.9975935,0.99897206,0.9969799
ITGAM,0.99765366,0.9982373,0.99845195,0.9973314,0.9977268,0.99775374,0.9988365,0.99756587
PREB,1.0010897,1.0008554,1.0008541,1.0012792,1.0011858,1.0012956,1.0007277,1.0016154
TOE1,1.0061324,1.0047425,1.0036016,1.005805,1.0055529,1.0052004,1.0026077,1.0048635
CYP19A1,1.0009717,1.0007057,1.0004573,1.00068,1.0006644,1.0006663,1.0002729,1.000509
SERINC4,1.001983,1.0015365,1.001127,1.0018251,1.0017679,1.0016096,1.0008155,1.0015906
CREBRF,1.0009744,1.0007135,1.000609,1.0008756,1.0007198,1.000886,1.0004278,1.001051
CFAP47,1.0007924,1.0005426,1.0004896,1.0007693,1.000621,1.0006036,1.0003374,1.0011932
ASAP1,0.99779075,0.9983019,0.9984044,0.99731886,0.99760216,0.9973031,0.99864686,0.9977423
KRT86,0.9972001,0.9978825,0.99832267,0.9971646,0.99733883,0.9973974,0.99873185,0.99736
NFYA,1.0002296,1.0000982,1.0001394,1.0002265,1.0002491,1.000279,1.0001323,1.0004878
ZNF470,1.0045141,1.0033284,1.002735,1.0045012,1.0039558,1.0040234,1.0019685,1.0036303
EPM2A,1.0029378,1.0022602,1.0015621,1.0026326,1.00263,1.0024129,1.0011487,1.0018299
STOM,0.9963294,0.99724317,0.998013,0.9966799,0.9967393,0.99675286,0.9985179,0.9963305
MSX1,0.9975574,0.9981698,0.9987756,0.99774003,0.99773514,0.99824405,0.9991796,0.99757624
COPS5,1.0012815,1.0009545,1.0008178,1.0012003,1.0011282,1.0013515,1.0006478,1.0012972
LSM14B,0.9986353,0.99910235,0.998634,0.99781203,0.9982704,0.99766433,0.9987687,0.9970012
CBLL1,1.0040992,1.0031934,1.0024936,1.0040035,1.0036981,1.0038867,1.0019324,1.0034394
HLX,1.0002689,1.0000799,1.0000875,1.000099,0.999947,1.0001173,0.9999914,1.0000443
ERLIN2,1.0033797,1.0026604,1.0016422,1.0028415,1.002922,1.0024282,1.0011655,1.0024275
IGSF11,1.0037667,1.0027837,1.0022938,1.0036447,1.003182,1.003221,1.0016425,1.0039124
DNAJB12,0.998984,0.9993956,0.99925804,0.9987517,0.9990313,0.9987,0.9994103,0.99802524
KIF24,0.9995719,0.99967253,0.9997101,0.9994143,0.9995296,0.9993433,0.9997424,0.9995178
ARL6IP4,0.9992424,0.99943733,0.99941754,0.99900794,0.9990062,0.99913454,0.9995457,0.9990481
APEX2,0.9959873,0.9970544,0.9975779,0.99594855,0.99648654,0.9963925,0.99829024,0.9963793
FBP1,0.9981843,0.9986354,0.99881506,0.99800074,0.99816394,0.9980531,0.9990431,0.99804
VSIG10L,1.0032576,1.0024579,1.0020183,1.0031359,1.0029745,1.0032637,1.0015693,1.0028123
ASB10,0.9967072,0.99750435,0.9980099,0.9966529,0.996889,0.9968914,0.9984898,0.9969293
CYP2B6,0.99662983,0.99743426,0.99795485,0.99658084,0.9967972,0.9968306,0.99844515,0.9967611
ZNF816,0.99907106,0.9992732,0.9997387,0.9995166,0.99944055,0.99955755,0.9998808,0.9997093
ORC4,0.9990958,0.9992634,0.9994993,0.99913114,0.99911165,0.9992342,0.99963206,0.9995185
TNNI3,0.996796,0.9974834,0.9980949,0.9968711,0.9970139,0.99696517,0.9985494,0.99765337
ZNF347,1.0002086,1.0000551,1.000279,1.000319,1.0003726,1.0004375,1.0002707,1.0012568
ELOVL5,0.9992623,0.99952114,0.99932694,0.9989108,0.99904853,0.9989177,0.99942,0.9982197
CRYL1,0.999681,0.99998313,0.99992466,0.99965835,0.999869,0.9998547,1.000077,0.9995963
PHOX2A,0.9841714,0.98775303,0.9907486,0.9847754,0.98509896,0.9853981,0.9929624,0.98767805
HOXA9,0.9967072,0.99750435,0.9980099,0.9966529,0.996889,0.9968914,0.9984898,0.9969293
PTOV1,1.0008581,1.0006934,1.0002823,1.0004557,1.000612,1.0004399,1.000161,1.0002327
PRMT8,1.0062273,1.0047245,1.0034074,1.0057119,1.005579,1.0050673,1.002429,1.0051633
CLCNKA,0.99909806,0.99931806,0.9994582,0.99901104,0.99908435,0.9991338,0.99958026,0.9990574
RRP1,1.0008205,1.0007062,1.0008596,1.0012987,1.0011952,1.0011297,1.0007197,1.0010962
GNL3,0.99956757,0.9996867,0.9998909,0.99966264,0.9995533,0.9996599,0.9999003,0.99969244
ADGRF2,0.99927145,0.9994119,0.9995582,0.9992193,0.9992753,0.99930054,0.99966705,0.9994288
FOXB2,0.9967072,0.99750435,0.9980099,0.9966529,0.996889,0.9968914,0.9984898,0.9969293
CASQ2,0.99999976,0.9999966,0.99992156,0.99987745,0.99989676,0.99987996,0.99991,0.9993168
ZNF442,1.0043272,1.0033165,1.0029256,1.0046462,1.0042335,1.0045593,1.002308,1.0038023
DCP2,0.99605787,0.9970105,0.9979631,0.9965714,0.9964721,0.99657357,0.99847376,0.9967687
DLX1,0.9911274,0.99315274,0.9946828,0.99129474,0.99159026,0.9914191,0.9959174,0.99428475
MAGEC3,0.995488,0.9965795,0.99736273,0.99561214,0.9958677,0.9958349,0.9980067,0.9958942
RAB36,0.9991152,0.9994151,0.99945444,0.9990696,0.99924505,0.9990307,0.9996196,0.9994388
SRSF1,0.9977325,0.99829733,0.99856615,0.9975655,0.9978063,0.99776256,0.99889016,0.99774307
PPP4C,0.99700594,0.99776655,0.99814606,0.9969387,0.9972715,0.9970794,0.99862546,0.99753654
TMEM68,0.9999019,0.99995095,1.0001757,1.000249,1.0001783,1.0003018,1.0002431,1.0001738
LRRC6,0.99888146,0.9992105,0.99937063,0.9989232,0.99887264,0.99874914,0.9994965,0.99910474
PPP1CB,0.9975527,0.99815303,0.9985602,0.99752915,0.9976406,0.99775577,0.9989054,0.99772716
KRT38,0.9966953,0.9974985,0.99799263,0.9966278,0.9968753,0.99686563,0.99847555,0.99688196
TRAF3IP2,0.9983103,0.998684,0.9990879,0.9984313,0.99840677,0.99844,0.99932575,0.9992678
ELP4,1.0012722,1.0009754,1.0013161,1.0019885,1.0015322,1.0020028,1.0011537,1.0018394
ZNF317,1.0063967,1.004897,1.0038738,1.0063162,1.0059731,1.0060425,1.0029716,1.0059543
KRT40,0.9968551,0.9976243,0.99806654,0.9967561,0.99701,0.9969795,0.9985255,0.99694794
CYP3A5,0.998331,0.9987985,0.9991485,0.9984101,0.99847096,0.99856067,0.99939674,0.99893415
EIF3I,0.99972737,0.99981034,0.9998838,0.99973,0.9997882,0.9998491,0.9999634,1.0002079
UPRT,1.0026333,1.0018234,1.0020815,1.0032595,1.0027533,1.0031389,1.001682,1.0042783
FAM227A,1.0012085,1.000899,1.0007095,1.0011631,1.0010431,1.0009624,1.0005022,1.0010564
PTPA,0.99826884,0.998708,0.9987219,0.9979373,0.9982096,0.9979763,0.998978,0.99796855
PPP1CA,0.99707144,0.9979208,0.9983069,0.9970652,0.9974774,0.9972133,0.9987742,0.9977789
PNPLA5,0.99668384,0.9974897,0.99802613,0.9966686,0.9968934,0.9969142,0.9985142,0.9969959
RRM1,0.9995563,0.99966383,1.0000006,0.9998982,0.9998061,0.99974275,1.0000277,1.0005019
CHD5,0.9963595,0.9973986,0.99766684,0.9961019,0.9964665,0.9961705,0.9981779,0.9961892
SMPDL3A,1.0057964,1.0044682,1.0034181,1.0054493,1.0051671,1.0051957,1.0025754,1.0056084
SCEL,0.9968344,0.9975947,0.99804735,0.9967282,0.99697363,0.99695855,0.99851,0.99702483
CYP2E1,1.0021152,1.0015811,1.001322,1.0021217,1.0018855,1.0019686,1.000977,1.0017359
CTRC,0.9967072,0.99750435,0.9980099,0.9966529,0.996889,0.9968914,0.9984898,0.9969293
SLC16A14,0.99827886,0.99872535,0.9987507,0.99791706,0.9980155,0.99804556,0.998991,0.9977588
ZNF281,0.996063,0.9969872,0.9971911,0.9954021,0.9957999,0.99572706,0.9977392,0.9952148
ZCCHC14,0.99671745,0.9975054,0.99788654,0.9965098,0.9968269,0.99691635,0.998432,0.996644
SHC3,0.9963504,0.99738395,0.9977702,0.99629295,0.9963834,0.9963461,0.9983207,0.99657565
ENTPD5,0.9990647,0.9993116,0.99921215,0.9987025,0.99890983,0.9985604,0.99930197,0.9990001
TP53BP2,0.99968505,0.99978364,1.0000125,0.99985754,0.99973077,0.9997449,0.9999894,0.9999453
SEPT12,0.9967072,0.99750435,0.9980099,0.9966529,0.996889,0.9968914,0.9984898,0.9969293
RAD54B,0.9994751,0.9996766,0.9998676,0.9997056,0.9996282,0.9994916,0.9999007,0.9996116
BAIAP2,0.99589425,0.9968804,0.9975667,0.9960149,0.9962621,0.99619865,0.9981879,0.9959189
FLVCR2,1.0005859,1.0003867,1.0002851,1.0003641,1.0001795,1.0003687,1.0001445,1.0003916
PPM1B,0.99739444,0.998025,0.9986794,0.9977286,0.9977187,0.9978968,0.99902254,0.9974354
RGS12,0.99980986,0.9999246,1.0000173,0.9999315,0.9997754,0.9996688,0.9999554,0.9997132
ISM1,0.998736,0.99901754,0.99924564,0.9986635,0.998697,0.9988116,0.99941695,0.9988247
ASPSCR1,0.9987955,0.9991777,0.99912196,0.99858236,0.998626,0.9982896,0.9991929,0.99751616
CCDC78,0.9967754,0.9975084,0.9980587,0.99676645,0.99697286,0.9970297,0.9985416,0.9971466
GGA2,1.0027695,1.0021236,1.0018227,1.0028925,1.0027633,1.0028005,1.0014395,1.0028678
PRSS56,0.9966006,0.9974178,0.99795175,0.9965577,0.9967952,0.9968115,0.99845016,0.99687016
C1QTNF4,0.9985112,0.9988775,0.99920183,0.9985837,0.9985512,0.9985374,0.99935365,0.9987842
SLC25A17,1.0024647,1.0019844,1.0015546,1.0025296,1.0023875,1.0022044,1.0011685,1.0018337
CEP55,1.0052972,1.0041404,1.0031297,1.0050942,1.0047499,1.0044389,1.0022594,1.0042677
ZNF426,1.0070843,1.0053377,1.0045624,1.0073886,1.0068576,1.0070231,1.0035168,1.0071285
ZGPAT,1.0044732,1.003495,1.0024629,1.0040255,1.0040487,1.0037107,1.001815,1.003797
SMTNL2,0.9979237,0.9984639,0.99877554,0.9979283,0.9981026,0.9980612,0.9990872,0.99792796
TTLL8,0.9967072,0.99750435,0.9980099,0.9966529,0.996889,0.9968914,0.9984898,0.9969293
KDM5C,0.99666125,0.9975473,0.9980563,0.9966692,0.9968189,0.9968249,0.9985136,0.99712324
PLEKHM3,0.9990827,0.99936306,0.99955916,0.9992958,0.9993465,0.9991472,0.9996922,0.9990925
BAZ1A,0.9981152,0.99854076,0.99876356,0.99796474,0.99815553,0.9980499,0.99904174,0.9983176
HNRNPH1,0.9946017,0.99589294,0.9966141,0.99440384,0.99474823,0.99481285,0.9973749,0.99422264
ADIPOR2,0.9987893,0.99904674,0.99927187,0.99878085,0.99872756,0.9987296,0.99940765,0.99920034
ADGRB2,0.99816424,0.9986205,0.999089,0.99848056,0.9984735,0.99838305,0.9993316,0.99837613
PSAT1,0.9961091,0.99709225,0.99799824,0.99659,0.9965299,0.99665976,0.9985776,0.9976835
DNAJB14,0.99932635,0.99949324,0.99987096,0.99965626,0.9994116,0.9997916,0.99996156,0.9994117
ISPD,0.9967072,0.99750435,0.9980099,0.9966529,0.996889,0.9968914,0.9984898,0.9969293
ZNF48,0.9970765,0.99770254,0.99831676,0.99722326,0.9974425,0.997555,0.9988123,0.99737406
ZDHHC7,1.0024785,1.0019083,1.0014284,1.0023894,1.0022439,1.0018709,1.0010078,1.0026349
MAPK14,1.0027505,1.0020992,1.0017896,1.0029356,1.0026755,1.0026125,1.0013082,1.0015209
RASGEF1A,1.0006623,1.0005469,1.000234,1.0003994,1.0004903,1.0002571,1.0001036,0.99981785
FGF13,1.001133,1.0008812,1.000689,1.001027,1.0010058,1.0009024,1.0004939,1.0014132
TYMS,0.9954764,0.99676466,0.9965513,0.99461377,0.9955753,0.99475116,0.99734604,0.99444723
ORC2,1.0032868,1.0024973,1.0020487,1.0033247,1.003125,1.002914,1.0014936,1.0029249
CDK2,0.99384594,0.99538064,0.9966179,0.9943651,0.9946816,0.99458486,0.997537,0.9948884
ADGRE3,0.9971602,0.99785364,0.9983019,0.9971186,0.99732494,0.9973992,0.99873716,0.99736226
ENDOV,0.99826,0.9986745,0.9991099,0.9984547,0.9985803,0.99850905,0.99937767,0.9993509
ROS1,0.9967183,0.9975158,0.9980022,0.9966463,0.9968937,0.9968792,0.99848104,0.99689186
ARSG,0.9999811,0.99996924,0.99981,0.99968684,0.99973047,0.99967,0.9997822,0.99932754
ATG4C,1.0040001,1.0030454,1.001988,1.0032805,1.0033865,1.0031363,1.0014381,1.0032972
GPM6A,0.99385726,0.99531865,0.9961643,0.99362516,0.99400884,0.994081,0.9970161,0.9937303
PLEKHD1,0.9975226,0.99813056,0.9984643,0.9974118,0.99763334,0.99766827,0.998858,0.99769205
BDNF,1.0043535,1.0034059,1.0027796,1.0043086,1.0039297,1.0041231,1.002157,1.0047824
KIAA1211L,1.0004557,1.0003378,0.9999918,0.9999981,1.0001444,0.9999782,0.9999137,0.9996133
IL18RAP,0.9967072,0.99750435,0.9980099,0.9966529,0.996889,0.9968914,0.9984898,0.9969293
LY9,0.99901605,0.999241,0.99945015,0.99900687,0.99908316,0.999153,0.99959683,0.9991223
MAEL,1.0017979,1.0013361,1.001199,1.0018647,1.0016749,1.0017103,1.0008925,1.0019569
ATP11C,0.9917047,0.9937422,0.9949033,0.99153686,0.9922782,0.99219203,0.99616164,0.9924947
ZFP82,1.0054555,1.0043244,1.0036061,1.0057836,1.0054986,1.0052935,1.0027885,1.0050199
DLST,1.0040376,1.0030713,1.0022285,1.0035951,1.0032166,1.0033057,1.0015743,1.0032042
FRMD1,0.9976526,0.99819785,0.9986587,0.99770546,0.9977751,0.99781716,0.9989631,0.99784005
TTLL11,1.005208,1.0039303,1.0032866,1.0052851,1.0049185,1.0050848,1.0025231,1.0049891
OXA1L,0.99916744,0.99936306,0.9999609,0.9997346,0.9996556,1.0000653,1.0001478,0.9998686
CCDC17,0.9994204,0.9995665,0.99981827,0.99958694,0.99951446,0.9996154,0.999879,0.9994532
SLC35C2,0.99691856,0.9976181,0.99826235,0.99719954,0.99718225,0.9973135,0.9987352,0.997337
GYG1,0.99961406,0.9997673,0.9996877,0.999507,0.9995828,0.99947447,0.99973726,0.99861944
IL2RB,0.99979293,0.99986017,0.99971664,0.9994919,0.99964416,0.9995921,0.9997483,0.9992914
C4BPA,0.9969652,0.997699,0.99814826,0.9968864,0.997115,0.9971111,0.9985934,0.9971599
FAM71E2,0.9967072,0.99750435,0.9980099,0.9966529,0.996889,0.9968914,0.9984898,0.9969293
TIMM50,1.000963,1.000829,1.0007192,1.0010942,1.001066,1.0010109,1.0005913,1.0007073
C5orf34,1.0038588,1.0030254,1.0027896,1.0042589,1.0039748,1.0042678,1.002289,1.0049102
ZNF770,0.99920803,0.99933505,0.9993281,0.9988889,0.9989284,0.9992206,0.99947965,0.9986489
TRAF4,0.9960233,0.9969582,0.99795717,0.9966126,0.996511,0.99661595,0.99849826,0.996888
CNGA2,0.9962284,0.997147,0.9977342,0.9961971,0.996464,0.9964751,0.99829113,0.9964995
ZNF518B,1.0038981,1.002916,1.0021229,1.0035765,1.0033644,1.0034436,1.0015906,1.0031384
PAPOLB,1.0021602,1.0016395,1.0011973,1.0019084,1.0018286,1.0019442,1.0009036,1.0016026
LSS,0.9979449,0.9984093,0.99860704,0.99767196,0.9978502,0.9978452,0.9989158,0.99808717
TMEM181,0.9944386,0.9958171,0.99640137,0.9941336,0.9945569,0.99448967,0.99723196,0.9941616
NOCT,1.0042441,1.0031486,1.0027719,1.0044278,1.0040506,1.004267,1.0021522,1.0049162
TFEC,0.9955669,0.99661946,0.99727,0.99541163,0.99583066,0.9958388,0.9979204,0.99573755
RBMXL2,0.99668026,0.99747914,0.9979962,0.99663115,0.996866,0.99687994,0.99848247,0.99692774
HMMR,1.0019748,1.0016706,1.0011194,1.0017802,1.0018775,1.0015984,1.0008692,1.0016862
ZNF563,1.0009842,1.000711,1.000745,1.0012056,1.0010003,1.0010304,1.0005717,1.0013674
TMCC3,1.0005949,1.000561,1.0002855,1.0002294,1.0002388,1.0000015,1.0001384,1.0017656
CNP,0.99697685,0.9977434,0.9984076,0.9972869,0.997234,0.9973055,0.9988308,0.9977269
ADGRF4,0.9968504,0.9976134,0.9980579,0.9967499,0.99699867,0.996976,0.9985175,0.9969195
RNF168,1.0000707,1.0000372,0.9999299,0.99982965,0.99992466,0.9999634,0.99994165,1.0000007
FOXA1,0.99835205,0.9988944,0.99891806,0.9980228,0.99849415,0.99867684,0.9993602,0.99872684
SOX18,0.994835,0.99609107,0.99690056,0.99485683,0.9949981,0.9951558,0.99762344,0.9946401
ZNF839,1.0017661,1.0013093,1.0010177,1.0016863,1.0014696,1.0014029,1.0006928,1.0007938
RNFT2,1.0062361,1.004858,1.0035907,1.0059539,1.0057125,1.0052814,1.0026295,1.0048867
ADGRL4,0.9974141,0.9980776,0.9982121,0.997013,0.99724686,0.9972156,0.9985695,0.9966471
MYNN,1.0021342,1.001454,1.0016772,1.0025692,1.0021098,1.0025724,1.0013208,1.0028489
GPATCH2,0.99981236,0.99988925,1.0001409,1.0002,1.0000082,1.0001913,1.0001814,0.9996004
KLK8,0.9967072,0.99750435,0.9980099,0.9966529,0.996889,0.9968914,0.9984898,0.9969293
IRX2,1.0002046,1.0001513,1.0002708,1.0005045,1.0002525,1.0003197,1.0001551,0.9993261
SPNS1,0.99730366,0.9979199,0.998612,0.9977009,0.9977609,0.99754095,0.9989214,0.99777484
TTYH3,0.9938517,0.9953334,0.9962009,0.9937862,0.9941921,0.99409246,0.9971038,0.99429363
SOX14,1.0010576,1.0008637,1.0010083,1.0014406,1.0013006,1.0018461,1.0009445,1.0008545
SP1,1.0020282,1.0015852,1.0005208,1.0010252,1.0013194,1.0008618,1.0002458,1.0005289
HNRNPH3,0.9938785,0.99535835,0.99630046,0.9938182,0.99416757,0.99426997,0.99718356,0.9943602
GNB3,1.0049663,1.0038933,1.0031621,1.0049986,1.0047555,1.0048578,1.0024652,1.0041517
PRB2,0.9960416,0.99700826,0.997609,0.9959991,0.99628603,0.996287,0.99819577,0.9962839
ZNF236,1.0030441,1.0024252,1.0017719,1.002855,1.0026797,1.002527,1.0013312,1.0029738
NDEL1,1.0020998,1.0015363,1.0014606,1.0023437,1.0020192,1.0023286,1.0011448,1.0019739
RASD1,1.001194,1.0008833,1.000976,1.0015278,1.0014173,1.0015371,1.000857,1.0018613
SUN5,0.9967072,0.99750435,0.9980099,0.9966529,0.996889,0.9968914,0.9984898,0.9969293
B4GALNT2,0.99678284,0.9975583,0.9980508,0.99672127,0.99695194,0.9969539,0.9985186,0.99700844
ANXA7,0.9969108,0.99780387,0.9982127,0.9969204,0.9971916,0.9971762,0.998703,0.9965743
INHBB,1.0033166,1.0024892,1.00211,1.0033917,1.0029976,1.0030673,1.001578,1.0031747
HSD17B6,0.9961302,0.9971138,0.9976988,0.9961686,0.9964112,0.9965023,0.99833405,0.9964061
DNAJC25,1.0007609,1.0005307,1.0003586,1.0006083,1.0005823,1.0002582,1.0001504,1.0007282
E2F4,0.9972172,0.9979295,0.99836636,0.99732065,0.99756944,0.9975834,0.9988294,0.99691546
ZNF384,0.99968266,0.99983776,0.99995273,0.9998077,0.99983454,0.99980086,0.9999963,0.9998627
NARF,0.9946412,0.9959334,0.99689126,0.99479294,0.99517334,0.99516857,0.9976815,0.9952855
CWF19L1,1.0012945,1.0010067,1.0007215,1.0011986,1.0010626,1.0008421,1.0004508,1.0007257
DLK2,1.0019794,1.0014175,1.0017095,1.0026717,1.00213,1.0024127,1.0013403,1.00247
YTHDF1,1.0026861,1.0020468,1.0013236,1.0022311,1.002127,1.0019734,1.0009136,1.0018826
HOXD13,0.9968013,0.9975676,0.99805784,0.99673617,0.99696344,0.9969627,0.9985217,0.9970435
MSI2,1.0080421,1.0060184,1.0046089,1.0075723,1.0071062,1.0067905,1.0032825,1.0069087
EN2,0.9952862,0.9964587,0.997151,0.99522716,0.9955839,0.9954742,0.9978275,0.99599147
LHX8,0.99673396,0.99752086,0.9980248,0.9966804,0.9969082,0.99689806,0.99849415,0.9969568
ADGRG7,0.9970163,0.99774957,0.99829113,0.9970887,0.99730283,0.9972911,0.9987189,0.9972758
ZNF880,1.0051693,1.0038092,1.0034969,1.005672,1.0050378,1.0054669,1.0027375,1.0056547
CYR61,0.9967072,0.99750435,0.9980099,0.9966529,0.996889,0.9968914,0.9984898,0.9969293
RABEP2,1.004912,1.003653,1.0026857,1.0045292,1.0043175,1.0042424,1.0019534,1.0035275
CALR3,0.9984978,0.99887156,0.99915534,0.9985316,0.9985671,0.99864393,0.9993632,0.99861145
TRIM7,0.9971898,0.99788445,0.9985944,0.9976208,0.99758637,0.99774766,0.99901175,0.99759495
MAP2K4,1.0010848,1.0009477,1.0006477,1.0010288,1.001193,1.0010087,1.0005755,1.0012023
SLTM,0.99536955,0.996547,0.996679,0.99459386,0.99514246,0.99481565,0.9973471,0.99506915
PRIMPOL,1.0064213,1.0049187,1.0037096,1.0060649,1.0054857,1.0054986,1.002712,1.0055063
ZNF221,0.99908686,0.9992562,0.9993509,0.9988705,0.99905694,0.9990078,0.9994877,0.99894655
CATSPERE,0.9960314,0.9970397,0.99759096,0.9959357,0.996245,0.99630046,0.9981949,0.9961618
TUSC3,0.99664575,0.99753225,0.9977325,0.9962659,0.99668455,0.99648184,0.998249,0.99652433
ZSCAN32,1.0013973,1.0011181,1.0011399,1.0017409,1.0016674,1.0016887,1.0009506,1.0013552
TRPM6,1.0001459,1.0001812,0.99993294,0.9998169,1.0000105,0.99988765,0.9999348,0.9997064
RDH13,1.006441,1.0047932,1.0041978,1.0067787,1.006155,1.0062457,1.0031672,1.0069693
CR1L,0.9962688,0.9971545,0.9977269,0.9962183,0.9964669,0.9965137,0.998281,0.9963356
MRPL37,1.0005455,1.0004569,1.0004697,1.0007039,1.0007432,1.0005639,1.0003792,1.0008607
CXADR,0.99143636,0.99352825,0.9947447,0.9912843,0.9919828,0.99197924,0.99599856,0.99157625
HS3ST4,0.9994751,0.9996928,0.9996333,0.9992696,0.99945444,0.99944997,0.99982715,1.0001144
PLPP4,0.99861443,0.99918014,0.9987947,0.9979768,0.99840415,0.9981309,0.99914336,0.9989054
PGBD1,1.0030875,1.0021827,1.0017066,1.0027628,1.0025678,1.0027896,1.0012438,1.0026878
EIF2AK3,1.0024111,1.0019203,1.0014845,1.002346,1.0020891,1.0021973,1.0011523,1.0019358
HS3ST6,0.9967072,0.99750435,0.9980099,0.9966529,0.996889,0.9968914,0.9984898,0.9969293
HTR2B,0.9965514,0.9974185,0.99780256,0.9963324,0.9967139,0.99664605,0.9983455,0.9966535
PHF6,1.00338,1.0026538,1.001677,1.0027395,1.0028877,1.0025498,1.0011741,1.0022466
NECTIN4,0.99847174,0.99883527,0.99906623,0.99838865,0.99848187,0.9985652,0.99928766,0.99839646
ZNF175,1.0029633,1.0022595,1.0016593,1.0027541,1.0026052,1.0023513,1.0011849,1.0026038
ACTL9,0.99674165,0.99753034,0.9980261,0.99668217,0.99691755,0.996915,0.99849993,0.9969486
PNCK,1.0033689,1.0027361,1.0021667,1.0035055,1.0033243,1.0031676,1.0016646,1.0021718
TK2,1.00098,1.0007949,1.0006359,1.0010477,1.0009359,1.0008963,1.0004954,1.0005186
SLC25A18,0.9893563,0.9920604,0.99393666,0.989939,0.99052143,0.9905871,0.995545,0.9899667
CHMP1A,0.9980436,0.9985651,0.9990759,0.9982936,0.99826354,0.9985031,0.99939096,0.9989552
UBA5,1.000249,1.000335,1.0001603,1.0001533,1.000397,1.0004112,1.0002375,0.99965465
GOLPH3L,1.0020216,1.0014807,1.0014155,1.0021863,1.0018402,1.0021031,1.0011038,1.0024353
SPAG8,1.0010356,1.0007769,1.00044,1.0006896,1.0006738,1.0005454,1.0002997,1.0015961
WSB1,0.99170077,0.99367166,0.99479973,0.99139714,0.99193585,0.99204326,0.9959911,0.9917996
GXYLT2,0.9969317,0.99768543,0.9981227,0.99685156,0.9970984,0.99703276,0.9985584,0.99707353
TBKBP1,1.0006512,1.0005257,1.0003239,1.0005528,1.0006175,1.0005791,1.0002942,1.0004656
FNTA,1.0003335,1.0002768,1.000319,1.000426,1.0003614,1.0005274,1.0002781,1.0000073
SLC38A4,1.0013173,1.0009426,1.0005851,1.0009179,1.0009502,1.0008343,1.0003651,1.0011404
PRG4,0.9964193,0.9972587,0.99791783,0.99653,0.9967083,0.99669486,0.99841934,0.9967611
ZNF433,1.0039523,1.0030994,1.0023992,1.0038724,1.0037265,1.0036064,1.0018659,1.0038073
RGPD3,0.99990463,0.9999292,1.0000151,0.9999311,0.999928,0.99996716,1.0000143,0.9998205
ZNF446,1.0019026,1.0015321,1.0011322,1.0018833,1.001868,1.0016538,1.0008879,1.0015519
DMKN,0.9983835,0.9987337,0.99914086,0.99849063,0.998519,0.99864435,0.99936813,0.99871355
CRTC3,1.0028375,1.0021247,1.0016874,1.0026562,1.0024365,1.0027189,1.0013571,1.0033439
PAICS,0.9995657,0.9997164,0.9999253,0.9998069,0.99966383,0.9997393,0.999977,0.99972236
SP140L,0.99979645,0.9998364,0.9998308,0.99963665,0.9997573,0.9997998,0.9998875,0.9997966
ZNF530,1.0007653,1.0007925,1.0005345,1.0008149,1.001121,1.0007317,1.0004778,1.0002334
AMACR,1.0070671,1.0054655,1.0040599,1.0065962,1.0064905,1.0062735,1.003083,1.0064183
MAPRE2,0.99561155,0.99668103,0.99745953,0.99578106,0.9960902,0.99620444,0.9981297,0.99566066
PEX7,0.99925804,0.9994485,0.99989474,0.9996215,0.9996512,0.999863,1.0000768,1.000344
NKD2,1.001341,1.0009533,1.0008397,1.001322,1.0010389,1.0010933,1.0005637,1.0012877
NPAS4,0.99976325,1.0000081,1.0003285,1.000242,1.0002571,1.000428,1.0004311,1.0002277
ATAD3B,0.99846506,0.9989082,0.9992194,0.9986379,0.9987424,0.99876714,0.9994894,0.9987776
PPP2R2A,0.99772036,0.9981656,0.99888885,0.9980822,0.9978297,0.99822366,0.9992045,0.9988079
LAMB4,0.99802065,0.99852663,0.99858546,0.99764293,0.9979777,0.9978603,0.99889714,0.99774903
SOBP,0.9859623,0.98936427,0.9908887,0.9851204,0.98633903,0.9859173,0.9929148,0.9858222
RNASEL,1.0031492,1.002351,1.0021267,1.003373,1.0030305,1.003329,1.0017055,1.0038115
BUB3,0.9986466,0.99901855,0.9993197,0.99879193,0.99882257,0.99887884,0.9995201,0.99898905
PTPN18,0.99643385,0.99726677,0.99794394,0.99656516,0.9967954,0.9969927,0.9985653,0.9971987
RMDN3,1.0038996,1.0028644,1.0025634,1.0041,1.0035222,1.0036755,1.0018957,1.0047855
PSIP1,0.99563134,0.99669635,0.99727035,0.99543935,0.9957192,0.9956279,0.99785626,0.995865
ZNF182,1.0036006,1.0026925,1.0020964,1.0033295,1.0031652,1.0031174,1.0015404,1.0038111
WASF1,0.99898124,0.9993609,0.9995331,0.9990431,0.99916875,0.99922353,0.9997016,0.99879146
DHRS11,1.0053446,1.0040169,1.0031621,1.0051925,1.004802,1.0047276,1.0023054,1.0041761
ARL13B,1.0032432,1.0024635,1.0020792,1.0033867,1.0030553,1.0031003,1.0015802,1.0030274
NMD3,1.0022261,1.0016475,1.0019013,1.0028254,1.0023845,1.0028173,1.0015509,1.0034025
ARG2,0.9997221,0.9998908,1.0001458,1.0000589,1.0002606,1.0000218,1.0001591,0.99997914
GJB1,0.99788165,0.9983752,0.9988816,0.99807703,0.99811494,0.99822456,0.99919045,0.9984017
PRRG3,1.0067338,1.0051181,1.0040919,1.006599,1.0062071,1.0061542,1.0030769,1.0066665
PDP1,0.99981666,0.9999136,0.9997449,0.9994668,0.9998121,0.999583,0.9997568,0.9993533
ADRA1A,0.9996449,0.999737,0.99979866,0.9995903,0.9997846,0.99976873,0.99989223,0.99946725
EIF4A2,0.99359715,0.9951026,0.9960047,0.99336386,0.9937589,0.9938686,0.9969014,0.993605
GPATCH8,0.9999245,0.9999733,0.9998702,0.9997964,0.99982095,0.99975884,0.9998626,0.99939775
LRRTM4,1.0040026,1.0031058,1.0027822,1.0043228,1.0041016,1.004271,1.0022211,1.0036725
RTL9,1.0014489,1.0012126,1.0006793,1.000993,1.0012585,1.0011398,1.0005586,1.0011462
RBM17,0.99802315,0.9985992,0.99874127,0.99787724,0.99805325,0.9979727,0.99904346,0.9980047
FAM171A2,0.99835634,0.9987856,0.99905556,0.9984013,0.9986338,0.99855554,0.99932206,0.99838966
SLC52A3,0.99790287,0.9983547,0.9987155,0.99782383,0.99783236,0.9979043,0.9989732,0.99817896
DTX3L,0.99786484,0.9983815,0.9989864,0.99826217,0.9983918,0.9985666,0.99938077,0.9983876
NSUN4,1.0016747,1.0013139,1.0011911,1.001857,1.0018606,1.0017881,1.0010011,1.002666
ERLEC1,0.9968518,0.99758494,0.9984153,0.9973515,0.9974133,0.99749523,0.99887526,0.9976281
PGAM2,1.0043887,1.0033374,1.0028772,1.0046406,1.0044355,1.004436,1.002276,1.0046836
ARNTL2,1.0068828,1.0051877,1.0042236,1.0069094,1.0063486,1.0063331,1.0031321,1.0061035
MDH1,0.99858797,0.9989512,0.9991946,0.9985763,0.9986701,0.99866736,0.9993856,0.9989519
GNAT3,0.9967072,0.99750435,0.9980099,0.9966529,0.996889,0.9968914,0.9984898,0.9969293
SCML2,1.0038781,1.0028346,1.0021877,1.0035752,1.0033894,1.0033929,1.0016165,1.003998
CCNA1,1.0049382,1.0039474,1.003015,1.0048878,1.0047857,1.0045526,1.0023441,1.0041745
KRT74,0.9992881,0.99946344,0.9994879,0.999068,0.9991447,0.9991562,0.999586,0.9993552
NEDD1,0.99986696,0.99996316,1.0002424,1.000255,0.99994576,1.0002577,1.000298,1.000805
G6PC,0.99859864,0.998894,0.99914163,0.99851334,0.9986117,0.998598,0.99932295,0.99883366
PRSS16,0.99742794,0.99804956,0.99847656,0.9974196,0.9975921,0.99761456,0.99885505,0.9976075
AP3M1,0.9981414,0.9986377,0.9990549,0.9983207,0.99850416,0.9986764,0.9994309,0.9989648
POC1A,1.0023707,1.0018072,1.0014484,1.00236,1.002037,1.0017486,1.0009263,1.0012707
ZNF778,1.0022564,1.0017697,1.0015904,1.0025101,1.0022092,1.0022486,1.0012348,1.0023998
SLC7A14,1.0039182,1.0031753,1.0022087,1.003572,1.0036495,1.0037051,1.0018046,1.002783
UGCG,0.9999847,0.9999025,1.0000498,1.0000342,0.9998263,1.0000429,1.0000296,1.0003953
GZF1,1.0002003,1.0000775,1.000395,1.000492,1.0002793,1.0006053,1.0003632,1.0007694
FYB1,0.99440706,0.9957715,0.99628043,0.9938303,0.99443686,0.9942727,0.997074,0.994098
HIVEP2,0.99987555,0.9998534,0.99964654,0.99941266,0.99944264,0.9999008,0.9997808,0.99938
SLC25A14,1.0015256,1.0011051,1.0013303,1.0019405,1.0015839,1.0019383,1.0010916,1.0025127
RABGEF1,1.0012647,1.0009586,1.0010798,1.0016797,1.0013652,1.0014936,1.0008545,1.0015533
ZNF777,1.0046569,1.0035524,1.0025403,1.0042496,1.0043633,1.0041553,1.0019526,1.0036379
CNNM3,0.99713886,0.9979693,0.9980121,0.9968146,0.9971578,0.9967622,0.9984462,0.9965112
QTRT2,0.99993056,0.9999249,1.0003768,1.0004712,1.0002404,1.0003144,1.0003145,1.0004696
DHRS3,0.9968754,0.99758494,0.9980545,0.99673295,0.9969008,0.99696374,0.998495,0.99701154
CDCA7,0.99611974,0.99707794,0.9977436,0.99620557,0.9963149,0.9960735,0.9982096,0.99660254
SNX17,0.99769413,0.9982245,0.9986272,0.99767095,0.99775654,0.99794555,0.9990049,0.997896
SGK2,1.0000445,1.0000362,1.0002409,1.0002713,1.000119,1.0002873,1.0002271,1.0003346
ZNF700,1.0012547,1.0009856,1.0011215,1.0017192,1.0016646,1.0015748,1.0009397,1.001838
TDP2,1.0047069,1.0034876,1.0029159,1.0046998,1.0043294,1.0045886,1.0022092,1.0041597
ZMYM5,1.0047117,1.0035901,1.0027629,1.0044895,1.0042768,1.004223,1.0020654,1.0044627
FAAP100,1.001307,1.001077,1.0009942,1.001607,1.0013242,1.0012438,1.0007571,1.0012827
UCK1,0.9973392,0.99806464,0.9988581,0.99802196,0.99815834,0.9982818,0.9993428,0.997996
CPB2,0.9987567,0.99910176,0.999081,0.9984668,0.99871147,0.9986975,0.99932617,0.99855566
KLHDC4,1.0045842,1.0035384,1.0028563,1.0045543,1.0041288,1.0040591,1.0020735,1.0041852
FAM135A,0.99912614,0.99934566,0.9994086,0.99915963,0.9993167,0.9992671,0.9996184,0.9986352
LIPK,0.99663633,0.9974498,0.997971,0.9965885,0.9968267,0.9968314,0.99846184,0.9968804
ALX1,0.9966429,0.9974458,0.9979763,0.9965991,0.99683285,0.996859,0.9984704,0.9969169
C17orf50,0.99851996,0.9988676,0.9990511,0.998394,0.9984931,0.99845004,0.99923944,0.9985216
BCAT2,0.9999801,1.0000896,0.99990857,0.9997491,0.9999058,0.9997269,0.9999261,1.0000489
MPG,1.0011406,1.0008981,1.0006577,1.0010507,1.0009737,1.0008097,1.0004737,1.0016066
FBXO7,1.0016457,1.001376,1.0010092,1.0015345,1.0016788,1.0015225,1.0008,1.0012119
MTMR9,0.9932301,0.99474543,0.99553406,0.9926697,0.9931612,0.99320936,0.9965,0.9933529
PCOLCE2,1.0020914,1.0016207,1.001555,1.0024892,1.0022875,1.0025724,1.0013335,1.0020962
HOXB5,0.9977289,0.9982878,0.9987449,0.9978212,0.99791074,0.99799263,0.9990659,0.9978495
BAIAP2L1,0.9995311,0.9997148,0.9999245,0.99974823,0.99972725,0.9999094,1.0000061,0.9991418
ASTE1,1.0038556,1.0029063,1.0022757,1.0036741,1.0035384,1.0032271,1.0016621,1.004437
WIPI2,1.0007867,1.0006214,1.0000346,1.0001686,1.0002911,0.99994695,0.9998834,1.000011
CLDN18,1.0000929,1.000015,1.00005,1.0000134,0.9999994,1.0000737,1.0000217,1.0000068
ZNF7,0.9992037,0.9994613,0.9996978,0.999424,0.99946296,0.9993986,0.99984664,1.0001496
NAAA,0.99763036,0.998133,0.9986236,0.9976979,0.99788654,0.9978492,0.9989673,0.99824685
PADI3,1.0003631,1.0002818,1.000313,1.0004301,1.0003476,1.0004053,1.000244,1.0002836
RSAD2,0.99959344,0.9996518,0.9999428,0.99974537,0.9995915,0.99978316,0.9999666,1.0001113
VASN,1.0053867,1.0040876,1.0036962,1.005961,1.0054251,1.0057023,1.0029556,1.0057768
ZIC4,1.004334,1.0032663,1.0026159,1.0042088,1.0039424,1.0039976,1.0019549,1.0036852
GPATCH3,1.0037984,1.0028863,1.0026109,1.0041729,1.0038322,1.0040737,1.0020876,1.0037944
ZNF274,1.0018177,1.0014046,1.0015336,1.0023295,1.0020657,1.0021257,1.0012441,1.0029936
NDUFS8,1.0015393,1.0012697,1.0008353,1.0013574,1.0014471,1.0011977,1.0006151,1.0009592
ARHGAP19,1.0008682,1.0007308,1.0005796,1.0008523,1.0008491,1.0007836,1.0004526,1.000286
WDR12,1.0033379,1.0025504,1.0020151,1.00324,1.0030454,1.0029011,1.0014446,1.0026249
SLC25A34,0.99856186,0.99882114,0.99889904,0.9982151,0.99847025,0.99847925,0.999184,0.9989571
UQCC1,1.0012423,1.0008812,1.0009711,1.0015174,1.0012492,1.0014662,1.0007809,1.0014126
SHPK,0.9981842,0.9987228,0.99918044,0.9985369,0.9986628,0.99860775,0.9994627,0.9987689
MDM2,1.0023049,1.0017403,1.0011392,1.0018724,1.0017438,1.0015967,1.0007457,1.0017576
SLC17A2,0.9974799,0.998074,0.99850404,0.9974538,0.9976218,0.9977158,0.9988792,0.99761754
CD2AP,1.0034077,1.0024699,1.0020205,1.0032942,1.0030906,1.0031588,1.0014871,1.0030266
HOXC4,0.9967072,0.99750435,0.9980099,0.9966529,0.996889,0.9968914,0.9984898,0.9969293
SUGP1,0.9994625,0.9997537,0.9998392,0.99964285,0.9998591,0.99970746,1.0000105,0.99990535
GCC1,1.0045743,1.0034308,1.0030571,1.0049102,1.0044158,1.0045334,1.0023086,1.0043404
BARHL2,0.9976939,0.99823606,0.9986681,0.9977623,0.99791074,0.99803376,0.9990245,0.997633
SNTG2,0.9981351,0.9985435,0.99890816,0.9981454,0.99820185,0.99827135,0.99916697,0.99843264
NEIL1,1.000047,1.0000812,0.9996892,0.9995684,0.99960923,0.9996023,0.9997219,0.999517
ZNF169,1.0026939,1.0021607,1.0013233,1.0021503,1.0022451,1.0018575,1.0009202,1.0020741
LIPM,0.9967072,0.99750435,0.9980099,0.9966529,0.996889,0.9968914,0.9984898,0.9969293
SGMS2,0.99755573,0.9981427,0.99860454,0.99765533,0.9977522,0.99774665,0.9989419,0.9978481
CLMP,0.9944804,0.9957901,0.99640244,0.994151,0.99448603,0.9948445,0.997375,0.99482226
ASAH1,0.9956906,0.9967899,0.9977895,0.99621207,0.9963563,0.9964081,0.99840975,0.99636865
LRRC8E,1.0009377,1.0007081,1.0006008,1.0009041,1.0008638,1.0009251,1.000462,1.0007542
CA11,1.006593,1.0049689,1.0042872,1.0070454,1.0064903,1.0065942,1.0033022,1.0061913
BBS9,1.0033677,1.0024812,1.0017062,1.0028281,1.002531,1.0025623,1.0011792,1.0029957
ARID3A,1.0010223,1.0006205,1.0003545,1.0005143,1.0003282,1.0003997,1.0000801,1.0008239
SOCS4,1.0059884,1.0045784,1.0033776,1.0054431,1.0050448,1.0051183,1.0024524,1.0049983
RBBP7,0.9970577,0.99787444,0.99809957,0.9968091,0.99716413,0.9969827,0.998539,0.9966464
BEST2,0.99708813,0.99779135,0.99823374,0.9970238,0.9972287,0.9972397,0.9986546,0.997223
B4GALNT4,0.98787963,0.9907651,0.99276114,0.98804235,0.9886703,0.98891973,0.9945495,0.9886136
RPS6KB2,0.9968194,0.99755853,0.99827635,0.99711037,0.9972689,0.9971831,0.99874085,0.99796176
DCLK3,1.0019041,1.0014696,1.0016314,1.0024385,1.0021765,1.0025415,1.0013983,1.0026038
PTF1A,0.9980211,0.9984937,0.99873304,0.997875,0.9980649,0.9980579,0.9990355,0.9980316
CDH6,0.9963118,0.9971546,0.9981047,0.9968027,0.99697196,0.9970746,0.9987116,0.9978137
PDX1,0.99676675,0.99754906,0.99803686,0.99670285,0.9969377,0.9969303,0.9985063,0.9969621
CDHR5,0.9970936,0.9977976,0.9982354,0.99701864,0.9972284,0.99722564,0.99865294,0.9972855
DHRS1,0.9990412,0.9992917,0.9993154,0.9987693,0.9988866,0.999007,0.9995196,0.99929106
CYP2S1,1.000725,1.0005639,1.0003905,1.0005679,1.000674,1.0006979,1.0003114,1.0000813
BECN1,1.00616,1.0048181,1.0040069,1.0065016,1.0063032,1.0059757,1.0030649,1.0047309
C16orf58,1.0005214,1.0004987,1.0002288,1.0003499,1.000471,1.0002135,1.000169,1.0002928
ADAM30,0.9967072,0.99750435,0.9980099,0.9966529,0.996889,0.9968914,0.9984898,0.9969293
GBP2,0.99763614,0.99823844,0.99835205,0.99723613,0.9974639,0.9973236,0.99864817,0.997385
TMPRSS4,1.0019022,1.0014668,1.0010957,1.0017076,1.0016284,1.001573,1.0007858,1.0017565
GLIS1,0.99961776,0.9997078,0.99974716,0.99952507,0.99958694,0.9995954,0.9997942,0.9994359
FBXW9,1.0011332,1.0008276,1.0010548,1.0016645,1.0014768,1.0014691,1.0008949,1.0019623
DDIAS,1.0018295,1.001562,1.001192,1.001795,1.0016116,1.0014585,1.0008768,1.0013636
MAPKAPK2,0.9974685,0.99805725,0.9984124,0.9973655,0.99751824,0.99787974,0.99893296,0.9978169
DYRK4,1.0025314,1.0021167,1.0013568,1.0021601,1.0022564,1.0019839,1.0010552,1.0021803
COPS4,0.99386406,0.99545354,0.99636036,0.993978,0.9945674,0.99438286,0.99733007,0.99451214
HPSE,0.9988606,0.9991286,0.9992714,0.99876577,0.99886394,0.9988681,0.99943995,0.99860156
PPP2R2C,0.9994319,0.99971664,0.9995657,0.99934953,0.99952525,0.99907935,0.9995853,0.9982213
RANGAP1,0.9988584,0.99920356,0.9993348,0.9988954,0.99902534,0.9986401,0.9994458,0.99874866
NEU2,0.99674165,0.99753034,0.9980261,0.99668217,0.99691755,0.996915,0.99849993,0.9969486
NNT,0.9973449,0.9980091,0.9985415,0.9975202,0.9975321,0.99755347,0.9988831,0.99761313
LDHA,0.99789435,0.99835324,0.99880064,0.9979362,0.99790525,0.99815094,0.99910426,0.99836564
EXOSC9,1.0040569,1.003026,1.0024934,1.004048,1.0036494,1.0036588,1.0018408,1.0041308
ATP6V1C2,0.99837625,0.9987674,0.99900997,0.99829674,0.99841267,0.9983771,0.9992538,0.9988963
CCDC151,1.0009198,1.0007312,1.0007871,1.0010811,1.0010602,1.0011876,1.0006793,1.001277
MSL1,0.99675447,0.997598,0.99791217,0.99649775,0.9968331,0.9966085,0.9983624,0.996909
NPRL2,1.0019885,1.0014883,1.0009757,1.0016679,1.0016723,1.0017216,1.0007362,1.0010786
BZW2,0.99583274,0.99683714,0.99760103,0.99601716,0.99625385,0.99635136,0.9982164,0.9959481
FANCG,0.9996903,0.9998674,1.0001532,1.0000966,1.0000793,1.0000973,1.0002321,1.0003324
ARMC9,1.0052195,1.0040901,1.0029392,1.0048589,1.0046517,1.0043778,1.00215,1.0039806
CDK5R2,1.0033026,1.0026224,1.0019851,1.0032635,1.0030808,1.0027902,1.0014447,1.0024452
DZIP1L,1.0040767,1.0031135,1.0021473,1.0035559,1.0034972,1.0033281,1.0015535,1.0029294
SLC17A5,1.0026392,1.00196,1.0013006,1.0021838,1.0021396,1.0022049,1.000956,1.0015955
RLBP1,0.99314153,0.9948491,0.9961097,0.9934795,0.9938445,0.99391246,0.9971424,0.99403095
MESP2,0.9978006,0.9983351,0.99882483,0.99795234,0.9980763,0.99812794,0.99914896,0.9982266
TOLLIP,0.99753195,0.9982201,0.9985582,0.9974515,0.9977008,0.997645,0.9989479,0.9981653
ADAMTS6,0.99799633,0.99861383,0.99911,0.99842596,0.9982052,0.9984143,0.99938893,0.9976275
MICALCL,0.9980614,0.9985416,0.9986762,0.9978056,0.9980693,0.9979478,0.99896204,0.99770933
HACL1,1.0019414,1.0014231,1.0014439,1.0022244,1.0018005,1.001656,1.0009948,1.0028769
CFHR5,0.9963361,0.9972211,0.9977772,0.9962809,0.99654794,0.9965622,0.99832106,0.99652624
GPR22,1.0074906,1.005763,1.0049936,1.0080601,1.0075891,1.0073675,1.0038232,1.0070593
KIAA1147,0.9967072,0.99750435,0.9980099,0.9966529,0.996889,0.9968914,0.9984898,0.9969293
RAB3IP,1.0001385,1.0001614,1.0001799,1.0003142,1.0003449,1.0001695,1.0001674,1.0004418
RBM44,0.99864703,0.99898005,0.99911135,0.9984735,0.99870145,0.998729,0.9993479,0.9984529
RAB40C,1.003588,1.0027317,1.0022323,1.0035849,1.0032881,1.003273,1.0016677,1.0033298
SEH1L,0.999977,0.9999984,1.0001135,1.000131,1.0001,1.00003,1.0000764,0.99950707
DNAJA1,0.99615145,0.9970355,0.9976329,0.996034,0.99628127,0.9964641,0.998202,0.99619144
CATSPERD,0.99801576,0.9985389,0.9988021,0.99795043,0.9982123,0.9982016,0.99912953,0.99808955
HOXC12,0.9967072,0.99750435,0.9980099,0.9966529,0.996889,0.9968914,0.9984898,0.9969293
OGFOD1,1.0015854,1.0013001,1.0014906,1.0022267,1.0018609,1.0020038,1.0012286,1.0025239
CASP10,1.0015128,1.0011855,1.0004505,1.0007503,1.0008097,1.0006016,1.0001855,1.0004394
OLFM4,0.9974852,0.99807966,0.9984987,0.99745655,0.99762154,0.99762154,0.9988521,0.9977679
SHROOM1,1.0005099,1.0004902,0.99995565,0.9999924,1.0000662,0.99976796,0.9998371,0.9992725
IBA57,1.0042051,1.0029981,1.0033226,1.0052322,1.0044322,1.0050892,1.0026728,1.0056174
EMX2,0.9939032,0.99555135,0.9964386,0.99403495,0.99465585,0.99472964,0.9974101,0.9930817
ZNF484,1.0101396,1.0076036,1.0064018,1.0103525,1.0094655,1.009843,1.0048616,1.0096813
BPIFB4,0.99674165,0.99753034,0.9980261,0.99668217,0.99691755,0.996915,0.99849993,0.9969486
DNAJB11,0.9987154,0.9990942,0.99928784,0.99868155,0.9988632,0.9988861,0.9995413,0.99957454
PCDHGA4,0.99678475,0.9975817,0.9980205,0.99669135,0.9969319,0.9968104,0.9984765,0.9972321
RBFOX2,0.9894798,0.9920085,0.9934875,0.9892306,0.98999757,0.9900141,0.99499214,0.9895774
LMOD1,0.99670684,0.99751115,0.99830544,0.99712366,0.9970613,0.9972975,0.998771,0.9971968
WFIKKN1,0.9956806,0.9967276,0.99742043,0.9957355,0.99601126,0.99600315,0.9980663,0.99582624
TMEM168,1.0007081,1.0005474,1.0003418,1.0005615,1.0004942,1.0002887,1.0002009,1.0009356
ZNF354B,1.0055152,1.0041814,1.0033103,1.0053284,1.0049889,1.0051103,1.0025163,1.0051261
RRAD,1.0048621,1.0037417,1.0027947,1.0046208,1.0044973,1.0043292,1.0020919,1.0035787
HMGCLL1,1.0028384,1.0021564,1.0017668,1.0027483,1.0026935,1.0025185,1.0013528,1.0039746
GPR162,1.0043018,1.0033044,1.0027616,1.0044961,1.0041964,1.0040605,1.0020792,1.0037022
FAM234A,0.9973214,0.99795616,0.9988047,0.9978997,0.99782646,0.9980532,0.9992154,0.99822414
MAGED1,0.9973727,0.9980098,0.9983854,0.99726987,0.99741477,0.99747694,0.99873805,0.99727
WDR3,1.0034932,1.0027074,1.00217,1.0034922,1.0032402,1.0032963,1.0016811,1.003439
ICA1L,0.9983815,0.99880254,0.99890316,0.9981637,0.99820685,0.9981332,0.9990909,0.99834466
TRMT10A,1.0078428,1.0059471,1.0046734,1.0076685,1.0071126,1.0070084,1.0034752,1.0076364
PLA2G4C,1.0015194,1.0011668,1.0011662,1.0018313,1.0014818,1.0015005,1.0008194,1.0011759
CAMKV,1.0001215,1.0000722,1.0002002,1.0002241,1.0000793,1.0002013,1.0001614,1.0004689
SLC27A6,0.9995594,0.99970186,0.99967396,0.9993409,0.99941105,0.9993533,0.9996923,0.9993444
DENND2D,0.9991946,0.9993691,0.9996761,0.99944264,0.999449,0.99948955,0.9997901,0.9992653
CEP170,0.99113953,0.99322426,0.9945806,0.9910333,0.9915658,0.9917555,0.9958587,0.99135095
GPRC5C,1.0102593,1.0076667,1.0062634,1.0102465,1.0095072,1.0099511,1.0048201,1.0095639
CAMK1,1.0036147,1.0027406,1.0021486,1.0036013,1.0033118,1.0031934,1.0015883,1.0033815
FBP2,0.9967072,0.99750435,0.9980099,0.9966529,0.996889,0.9968914,0.9984898,0.9969293
ZNF267,1.0050838,1.0037538,1.0030358,1.0048497,1.0045083,1.004589,1.0022321,1.0048561
HADHA,1.0013434,1.0009934,1.0006785,1.0010931,1.0010073,1.0010372,1.0004686,1.0010022
MIOX,0.9967072,0.99750435,0.9980099,0.9966529,0.996889,0.9968914,0.9984898,0.9969293
ZNF627,1.0013802,1.0009595,1.0008783,1.0013506,1.0011203,1.0010293,1.0005721,1.0021591
ZNF12,1.0009465,1.0007718,1.0006508,1.0010082,1.0009928,1.0011271,1.0005753,1.0006204
RAB34,0.9958967,0.9970235,0.99777794,0.9961044,0.99635625,0.99641114,0.9983664,0.9959371
BCLAF3,1.00145,1.001064,1.0007823,1.0012419,1.0010375,1.0011148,1.0005345,1.0009519
MRPL4,0.99857306,0.9989571,0.99913067,0.99851596,0.9986874,0.9987792,0.99940556,0.9985273
THRA,0.99542993,0.9965677,0.99724096,0.99547875,0.99579763,0.99547386,0.99788046,0.99605167
IGFALS,0.9976262,0.9982029,0.99857235,0.9975693,0.9977302,0.9977139,0.9989033,0.9978325
RNF44,0.9959769,0.99701023,0.9974738,0.9958044,0.9961567,0.99610645,0.99806964,0.9957875
TTI2,1.0014894,1.0011914,1.0010201,1.001557,1.0014724,1.001576,1.0008557,1.0018437
EXOC3,1.0033628,1.0025125,1.0020778,1.0033911,1.003131,1.0030794,1.0015794,1.0037274
ATXN1L,1.003197,1.0023139,1.0020576,1.0033221,1.0030246,1.0030696,1.0015486,1.0038521
PIGA,1.0065401,1.0049534,1.004326,1.0069084,1.0062878,1.0064522,1.0033189,1.0068038
TMEM183A,0.99546957,0.9965459,0.9975513,0.99589896,0.9961534,0.996495,0.9982652,0.9950049
TCP11L1,0.9982399,0.99875164,0.99883306,0.9980463,0.9983165,0.99827206,0.9991747,0.9981885
ZIC1,0.99300146,0.99467385,0.99595565,0.9932296,0.9936619,0.99368995,0.99700594,0.99400187
HAT1,0.9944687,0.99588823,0.9966707,0.9945516,0.99507606,0.99470717,0.9975291,0.995333
GABRR2,0.99674165,0.99753034,0.9980261,0.99668217,0.99691755,0.996915,0.99849993,0.9969486
STUB1,1.0018651,1.0014138,1.0012541,1.0019635,1.0018175,1.0019041,1.0010061,1.001834
SLC5A1,0.99668354,0.9974704,0.9979857,0.9966278,0.99685246,0.99684346,0.99846095,0.99689114
ARFGAP3,0.9998703,0.9999399,0.99999654,0.99991596,0.9999633,0.999909,1.0000339,1.000272
SLC35F3,1.0011888,1.0009404,1.0005624,1.0008532,1.0009689,1.0009092,1.000433,1.0008088
NSMF,0.99987674,0.99984753,0.9998294,0.9996861,0.9995935,0.9996073,0.99981606,1.0001574
TRIM42,0.9967072,0.99750435,0.9980099,0.9966529,0.996889,0.9968914,0.9984898,0.9969293
GAS2L3,1.000066,1.0000188,0.9996728,0.99956286,0.99961454,0.9994575,0.9996463,0.9994804
SLC41A3,0.9984765,0.9988587,0.9992926,0.998708,0.99892485,0.9988618,0.9995873,0.99989855
TAMM41,0.9996027,0.9997377,0.99968755,0.9995072,0.9996357,0.9997153,0.9998592,0.9995564
FAM8A1,0.997947,0.99852824,0.9990318,0.9983049,0.99831617,0.9981141,0.9992753,0.9988659
ARPC1B,0.9983531,0.9987602,0.9985876,0.9976629,0.9979335,0.99770004,0.9987478,0.9974705
XRRA1,1.004316,1.0033033,1.0023907,1.0039513,1.003866,1.0037271,1.0017598,1.0030631
PLPP2,1.0002006,1.000137,1.0000663,1.0001075,1.0002241,1.0002273,1.0000591,0.99984646
PRKCZ,1.0041918,1.0032623,1.0026923,1.0043927,1.0041165,1.0039616,1.0020376,1.0033367
RET,1.0037496,1.0029906,1.0024395,1.0038654,1.0037302,1.0036874,1.0019135,1.0031835
LIMS1,0.9969802,0.99772465,0.9980662,0.99680126,0.997015,0.9969208,0.9985049,0.99720544
DNAJA4,0.9979193,0.99845815,0.99899936,0.9983049,0.99821985,0.9982791,0.999251,0.99784666
AGO2,1.0019526,1.0015516,1.0009217,1.0015619,1.0016971,1.0014496,1.0006706,1.000944
GALNT8,1.0000094,1.0000216,0.9998724,0.9998118,0.99992895,0.9996215,0.9998058,0.99941623
MBTPS2,1.0030344,1.0023437,1.0019852,1.0032798,1.0031142,1.0028846,1.0015476,1.0034473
CLN5,0.9996866,0.99982464,0.99999833,0.99986976,0.9999625,0.9999443,1.000114,1.0006889
CLEC11A,0.99830323,0.9987437,0.99939376,0.9988985,0.99877083,0.9990155,0.9996865,0.999
CYB5RL,1.0050213,1.0037612,1.0027413,1.0044324,1.0043247,1.0041531,1.0019698,1.004318
PGK2,0.9980333,0.99855363,0.9987608,0.9979136,0.9981997,0.9980745,0.9990535,0.9977293
PRKAR2B,0.98952204,0.9920894,0.9935226,0.9893229,0.99009186,0.9900722,0.99504745,0.98945606
SLC25A48,0.9914434,0.9936037,0.99494547,0.9915928,0.99217635,0.99222326,0.9962591,0.99194616
A2ML1,0.9985962,0.99885666,0.9992755,0.9987227,0.99864626,0.99881315,0.9994583,0.9991691
FASTK,1.000348,1.0003136,1.0002882,1.0004884,1.0005102,1.0002946,1.0002375,1.000312
CXorf57,0.9967072,0.99750435,0.9980099,0.9966529,0.996889,0.9968914,0.9984898,0.9969293
DOK3,1.0009115,1.0006772,1.000355,1.0006058,1.000632,1.0006003,1.0002233,0.9999571
CCDC61,1.0020558,1.0015128,1.0011626,1.0018961,1.0018829,1.0017632,1.0008618,1.0017467
SDCCAG8,1.0023334,1.0017347,1.0013813,1.0021739,1.0020155,1.0022006,1.0010352,1.0019627
CEP63,1.0033065,1.0025743,1.0020838,1.0033113,1.0031323,1.0031396,1.00159,1.0027366
CCDC9B,0.9971525,0.9978821,0.99829197,0.99710834,0.99736506,0.9972842,0.9987115,0.99740183
RMND5B,1.0015187,1.0011815,1.0008128,1.0012461,1.0012743,1.0011057,1.0006022,1.0019182
ZNF570,1.003835,1.0028925,1.0024009,1.0038526,1.0034946,1.0031981,1.0017091,1.0044504
MDM4,0.99776286,0.99831563,0.9983149,0.9972359,0.99747413,0.99727273,0.99860394,0.99757934
UPF3A,0.9974771,0.9981158,0.9987973,0.9978756,0.9978795,0.99809873,0.9991694,0.99800396
ZNF202,1.0018069,1.0013855,1.0012249,1.0018859,1.0018111,1.002054,1.0010403,1.0016646
KRT78,0.9970355,0.99775696,0.9982099,0.9969852,0.99718845,0.9971876,0.99863577,0.9971733
PRRX1,1.0013897,1.0011662,1.001148,1.0018448,1.0018171,1.0020655,1.001143,1.0018849
YBX2,1.0010126,1.0007256,1.0006593,1.0010216,1.0008082,1.0009742,1.0004898,1.0009377
TRIM68,0.9988777,0.9991319,0.9993795,0.9989323,0.9989038,0.99884903,0.999524,0.99921215
CABLES1,1.0006099,1.0005069,1.0004443,1.0006499,1.0006979,1.0007144,1.0004073,1.0005625
PAK2,0.99658656,0.9974068,0.9978639,0.9964446,0.996527,0.9965666,0.9982882,0.996313
PPM1E,1.0003675,1.0002674,1.0000793,1.0000197,1.00012,1.000247,1.0000714,1.0002599
CCDC154,1.002694,1.0021065,1.001581,1.0025026,1.0024805,1.0024418,1.001218,1.002505
ATRIP,1.0030389,1.0023476,1.0020486,1.0033822,1.0031661,1.003032,1.0016125,1.0030543
PABPC3,1.0027312,1.0021188,1.0011616,1.0020261,1.0021688,1.0018371,1.0007676,1.0007006
RGS11,0.9976316,0.998301,0.9986707,0.9978162,0.99791276,0.9979931,0.99906254,0.99715924
ALDH3B2,0.9968959,0.99763656,0.9981168,0.99683577,0.9970477,0.99703336,0.9985573,0.99710166
PTPRZ1,0.99853253,0.99888337,0.99905396,0.99837124,0.99825215,0.9983821,0.9992226,0.99863577
GPR75-ASB3,1.0069476,1.0053381,1.0043318,1.0070499,1.0065646,1.006579,1.0033085,1.0064132
SPATA21,0.997856,0.9984265,0.998636,0.9977176,0.9980292,0.9978734,0.9989779,0.99793786
NOL11,0.99840283,0.99884224,0.9995108,0.9990468,0.99884665,0.99906385,0.99973845,0.99898005
E4F1,1.0018334,1.0015243,1.0010242,1.0015646,1.0017211,1.0014362,1.0007896,1.0017756
GAREM2,0.9999489,1.0000092,1.0000694,0.99999225,0.9999327,0.9999336,1.0000541,0.99974865
GIPC1,0.9963795,0.9972818,0.99782586,0.9964734,0.99663496,0.99640954,0.99833816,0.9968345
ZFYVE16,0.99576175,0.99682915,0.99712753,0.99529177,0.995806,0.99560535,0.99780023,0.9960081
STON2,0.99748284,0.99813485,0.9988103,0.99785554,0.99761736,0.9979681,0.9991684,0.99815005
PCDHB6,1.001135,1.0008285,1.0004776,1.0008569,1.0007807,1.0006176,1.0002633,1.0003195
C2CD2L,1.0047599,1.0035473,1.002676,1.004389,1.0042412,1.0041212,1.0019506,1.0039535
CDS2,0.99899036,0.9992975,0.9992876,0.99877906,0.998885,0.9990113,0.9994805,0.9985056
RIC8A,1.0001378,1.0001363,0.9999126,0.9999435,0.99998146,0.9998567,0.9999076,0.99940854
SNTG1,0.99818665,0.99867094,0.99916065,0.9984811,0.9982299,0.99823976,0.9994136,1.0007987
FBXL17,1.0056732,1.0042956,1.0034876,1.0056312,1.0050548,1.004952,1.0025324,1.0058649
ACR,0.99663633,0.9974498,0.997971,0.9965885,0.9968267,0.9968314,0.99846184,0.9968804
ACBD4,0.99815536,0.9985273,0.99871516,0.99789995,0.99811196,0.9979658,0.99895537,0.9978947
DCLK2,0.98982674,0.99224496,0.9938532,0.98987615,0.990387,0.990278,0.9952878,0.99108446
RCOR1,0.9979462,0.99845976,0.9987608,0.99788785,0.99791276,0.99786174,0.99904394,0.9986584
RBM26,0.99454975,0.9959434,0.9968356,0.9947517,0.9949492,0.9950106,0.9976262,0.99477077
PLD3,0.9993558,0.99954045,0.9998038,0.9995191,0.9995477,0.9997452,0.9999336,0.99974096
PLPPR3,1.0011986,1.0009818,1.0008914,1.0014081,1.0013963,1.0012448,1.0007095,1.0008614
PPP1R18,0.994367,0.9956517,0.9962216,0.9938184,0.99432784,0.9943854,0.99710226,0.99417615
ACACB,0.99920714,0.9995042,0.9994769,0.99902576,0.9992248,0.9993341,0.9996867,0.99871135
PNPLA3,0.9997532,0.99992734,0.99968505,0.9995637,0.9996199,0.9994179,0.9997318,0.99891627
GRHL3,0.9946797,0.99599105,0.99678624,0.9946577,0.99505234,0.99506843,0.99759513,0.99487436
HSD3B1,0.99848557,0.99887425,0.9987528,0.9979453,0.99819493,0.9980483,0.9989413,0.9979595
FKBP5,1.0020058,1.0015846,1.0013783,1.0021427,1.0019298,1.0018191,1.0009892,1.0015249
CFAP206,1.0072716,1.0054712,1.0044233,1.0071361,1.0065535,1.0066688,1.0033102,1.006712
PARP9,0.99459636,0.9959437,0.9967175,0.9945379,0.99480414,0.9947084,0.99745,0.9944196
ADAP2,0.9987817,0.9990926,0.9989257,0.9982135,0.99858093,0.9985348,0.9991517,0.99793637
TMEM131,0.99928373,0.99952555,0.99994,0.9996993,0.99971485,0.9998585,1.0000731,0.99948275
ABCG1,1.0028367,1.0021623,1.0017177,1.0027279,1.002578,1.0024917,1.0012333,1.0023625
GAS7,0.9980991,0.9984529,0.9987407,0.99799186,0.99804115,0.99773335,0.99891007,0.998446
DNMBP,1.006004,1.0047121,1.0039266,1.0063372,1.0058855,1.00595,1.0030705,1.0051613
BCAM,0.9989378,0.999242,0.99929476,0.9988002,0.99893475,0.9988899,0.99946463,0.99827826
CCDC102A,1.003066,1.0022236,1.0019784,1.0031476,1.002812,1.0031505,1.0015271,1.002624
HSD11B2,0.99965155,0.99975264,0.99990076,0.999743,0.99973154,0.9997867,0.99994314,0.99975646
DGKB,0.99933004,0.9995322,1.0003225,1.000323,0.9999604,1.0003166,1.0004177,1.0003965
NPSR1,0.99687845,0.9976078,0.99817914,0.9968999,0.99710894,0.997189,0.99864334,0.9973595
CSGALNACT1,0.9981245,0.9986836,0.9990071,0.99834013,0.9985114,0.9983554,0.99933696,0.99861634
LRRN2,1.0008407,1.0007339,1.0001873,1.0003276,1.0004748,0.9999695,1.0000368,1.0007397
PEX10,1.0006738,1.0005467,1.0003756,1.0005221,1.0006304,1.0005593,1.0003104,1.0006809
HIPK4,0.997318,0.9979719,0.9984478,0.99733657,0.99747515,0.99754214,0.9988271,0.9975189
CPNE8,0.99935585,0.9994732,0.999421,0.9991122,0.99907666,0.9988142,0.999436,0.9998447
IKZF2,1.0022527,1.0016433,1.0014249,1.0022892,1.0021682,1.0024811,1.0011754,1.0019577
COPS3,0.9994104,0.999616,0.9995758,0.99926835,0.99943435,0.99935055,0.9996731,0.99894464
LILRB1,0.99734044,0.9980105,0.998267,0.99714303,0.9973721,0.99722755,0.9986087,0.99675286
PHYKPL,0.9986398,0.99890816,0.9993906,0.9989253,0.9988735,0.9989363,0.99959326,0.99969685
DDX39A,1.0010004,1.0008271,1.0005091,1.0008101,1.0008124,1.0006104,1.000335,1.0007201
GABRE,0.99975944,0.99984,0.99990535,0.99974835,0.99975926,0.99977076,0.9999387,0.9998592
MYLIP,1.0020626,1.0016018,1.000696,1.001209,1.0015712,1.0013021,1.0004468,1.0002961
SYT14,1.0029058,1.0021363,1.0019132,1.0029198,1.0025576,1.0030495,1.0014951,1.0027084
CYTH3,0.99759364,0.9980812,0.9989356,0.9980693,0.99787486,0.99852884,0.99930346,0.9979086
RAB3IL1,0.99787587,0.9984076,0.99859375,0.99762374,0.9978424,0.9977236,0.9988514,0.9975188
PROX2,0.99761534,0.9981959,0.9986212,0.99762034,0.99781287,0.99783045,0.99898195,0.9979578
CCNB2,0.99377257,0.99532354,0.99637294,0.99392366,0.9943365,0.994368,0.9973531,0.9951067
ACTL7B,0.9967072,0.99750435,0.9980099,0.9966529,0.996889,0.9968914,0.9984898,0.9969293
VLDLR,1.0040883,1.0030301,1.0026672,1.0041611,1.0037496,1.0043104,1.0021188,1.0042534
CDC25B,0.998707,0.99910265,0.9993062,0.9988041,0.9989325,0.9987072,0.99950767,0.9992684
NSRP1,1.0040518,1.0030702,1.0021303,1.0035309,1.0034024,1.0034002,1.0015502,1.0028219
NDUFB9,0.9975874,0.99815893,0.9985349,0.99749625,0.9976531,0.99773854,0.9988704,0.99750745
SLC41A1,0.99898577,0.9992393,0.9993697,0.9989936,0.99902964,0.9991312,0.99958634,0.9984617
MAP3K10,1.003012,1.0022582,1.0019135,1.0031153,1.0028571,1.0029578,1.0014699,1.0026748
THADA,0.9989974,0.9992374,0.9992771,0.99883246,0.9990903,0.9988452,0.99946094,0.9992533
CSE1L,1.0001073,1.0001416,1.0000503,1.0000349,1.0001435,1.0000578,1.0000556,0.9998945
EIF2S3,0.9970033,0.99775064,0.99819756,0.9969708,0.99716556,0.9971956,0.99863744,0.9969692
RASGRF1,0.99962556,0.9996924,0.9999633,0.99985296,0.99973255,0.99989474,1.0000143,0.99991757
GPC6,1.0021875,1.0018368,1.0017118,1.0026449,1.0024687,1.0022084,1.0013549,1.0028359
EFNB1,0.9966247,0.9975176,0.9979497,0.9965553,0.99679935,0.99638695,0.99835104,0.9966623
SLAIN2,0.9963589,0.9972284,0.99757755,0.99599266,0.996405,0.99626565,0.9981257,0.99677765
LRRC8B,1.0008016,1.0006541,1.0000575,1.0001056,1.0002687,1.000123,0.9999542,0.99974906
NEMP1,0.9990525,0.9992987,0.99934155,0.9988574,0.9991466,0.9989144,0.99952495,0.99959767
CTSK,1.0079283,1.0060283,1.0048394,1.0077733,1.0072668,1.0074689,1.0036852,1.0072663
TMOD4,0.99868643,0.9990028,0.99922186,0.99865615,0.9987367,0.9987539,0.99940807,0.99867755
LBX1,0.99674165,0.99753034,0.9980261,0.99668217,0.99691755,0.996915,0.99849993,0.9969486
TSEN2,1.0045416,1.0034167,1.0029248,1.0046873,1.0043272,1.0043435,1.0021806,1.0039146
IFT140,0.9990182,0.9993699,0.9999204,0.99972856,0.99950373,0.99956584,1.0000006,0.9987551
RAP1GDS1,1.0011873,1.0009074,1.0009072,1.0013242,1.0012224,1.0013938,1.000771,1.0020869
PCDHB1,0.9967072,0.99750435,0.9980099,0.9966529,0.996889,0.9968914,0.9984898,0.9969293
DACH1,0.9939116,0.99541724,0.9961299,0.9935597,0.99393195,0.99343014,0.99681735,0.9936091
PDLIM2,0.99857223,0.9989829,0.9995682,0.9991319,0.99909735,0.9993216,0.99985075,0.9999831
CASP7,1.0048043,1.0036234,1.0028504,1.0046484,1.0042831,1.0043255,1.0020958,1.0036232
TAGAP,0.9977524,0.9981892,0.99851435,0.9976113,0.9978584,0.9979033,0.99886304,0.99703276
SLC43A3,1.0021849,1.0017499,1.0008161,1.0014147,1.0015405,1.0015684,1.0005801,1.0000889
BANP,1.0052897,1.004101,1.0031987,1.0051434,1.0049474,1.005105,1.0025114,1.0049347
LMBR1L,1.0008111,1.0006753,1.0009043,1.0013305,1.0012815,1.0014167,1.0008588,1.0018725
HIF3A,0.9987739,0.9990206,0.999581,0.9991843,0.99884236,0.99887127,0.9996232,0.99951375
NDRG1,1.0016459,1.0011863,1.0010798,1.0016633,1.0014777,1.0017185,1.0008415,1.0016141
FAM189B,1.0052993,1.0041354,1.0033399,1.0054967,1.0051488,1.0050833,1.0025977,1.0049616
CHST11,1.0006733,1.0006924,1.000387,1.0005376,1.00071,1.0003599,1.000307,1.0004891
ATF2,0.9971658,0.99787474,0.998219,0.9969569,0.9971192,0.9971896,0.9986222,0.9973662
USP3,0.9990548,0.99920326,0.9997302,0.99937713,0.9992378,0.99930525,0.99978435,1.0002049
HNRNPA0,0.994288,0.9957175,0.99643433,0.99409366,0.9944835,0.9945117,0.99726903,0.99402
POGLUT1,1.000309,1.0002432,1.0002849,1.0004349,1.0003829,1.000649,1.0002977,0.99964225
ZXDC,1.0020108,1.001559,1.0009904,1.0016316,1.0016376,1.0016003,1.0006961,1.0004964
DOK4,0.9962561,0.9971153,0.9980865,0.9967817,0.99681985,0.9970771,0.99864686,0.9969033
STYK1,1.0027622,1.0021611,1.0017722,1.0027394,1.0026066,1.0025015,1.0013498,1.0031414
CHEK1,1.002963,1.0023918,1.0014987,1.002442,1.0024568,1.0019529,1.0009785,1.0016294
CYP4X1,1.0037888,1.0028313,1.0027425,1.0043755,1.0038638,1.0041012,1.0021737,1.0043921
ALG11,1.0059619,1.0045857,1.0034325,1.0055971,1.0053145,1.0051011,1.0025023,1.0049834
BIVM,0.99946713,0.99961066,0.99970627,0.9994774,0.9994606,0.9994962,0.9997823,0.9995406
PCDHB5,1.0036535,1.0028522,1.0020016,1.003203,1.0030808,1.0031664,1.0015149,1.0025722
REN,0.99891436,0.99924827,0.9990479,0.99836814,0.9987225,0.9985343,0.99921775,0.9983983
MAFA,1.0003405,1.0002313,1.0003704,1.0004797,1.000377,1.000731,1.0003717,1.0003759
CUZD1,0.99773055,0.99829274,0.9985558,0.9975769,0.99781424,0.9977677,0.99889195,0.99755746
POC1B,0.99908817,0.999266,0.99957347,0.99927473,0.9992238,0.9991609,0.9996549,0.99917555
BRD9,0.9999539,0.99994564,0.9998586,0.99984014,0.9999382,0.99968123,0.9998573,1.0000348
THUMPD3,1.0024955,1.0019596,1.001617,1.0025642,1.0024196,1.0025642,1.0013257,1.002598
THSD1,0.9949331,0.9961456,0.9971204,0.99522173,0.99526525,0.9954002,0.99779713,0.9947615
TATDN2,0.99850607,0.99887955,0.9993366,0.9988406,0.9988626,0.9988148,0.9995464,0.99901676
FOXL2,0.9964161,0.9972751,0.99770725,0.996213,0.9965178,0.9964154,0.9982151,0.996298
ZNF215,1.0028418,1.0020902,1.0020499,1.0031691,1.0027473,1.0028224,1.0015402,1.0039759
CYB5R4,1.0016936,1.0013505,1.0012025,1.0018145,1.0018147,1.0018487,1.001004,1.0016644
LRRC71,0.99837434,0.9987763,0.99892473,0.9981673,0.99832344,0.9983723,0.999194,0.9983774
FAM198B,0.9967072,0.99750435,0.9980099,0.9966529,0.996889,0.9968914,0.9984898,0.9969293
RILPL1,1.0037682,1.0028632,1.0021564,1.0035652,1.0035499,1.0033393,1.0016402,1.0034244
MYBPH,0.99674165,0.99753034,0.9980261,0.99668217,0.99691755,0.996915,0.99849993,0.9969486
HOXC6,0.9998431,0.99986124,1.0000793,1.0000124,0.9999138,1.0001173,1.0000935,0.99986595
KCNJ13,0.99763197,0.9982147,0.99870116,0.9977355,0.9978608,0.9979428,0.9990672,0.9982748
MMP17,1.0005981,1.0004709,1.0001996,1.0004056,1.0003552,1.0001979,1.0000442,0.99909914
SNX2,0.99993396,1.0000207,1.0001746,1.0001316,1.000108,1.0002578,1.0002165,1.0002156
BIN2,0.99266434,0.99441046,0.99538267,0.992352,0.99298245,0.992972,0.99645215,0.99269956
PDE3B,1.0067971,1.0052207,1.0037028,1.0061625,1.0061145,1.0058861,1.0027959,1.0056442
KDSR,0.9994303,0.9996276,0.9998666,0.99970555,0.99951655,0.99964786,0.99991584,0.9992665
AFTPH,1.0011595,1.0009146,1.0005227,1.0009295,1.0010839,1.0006044,1.0003026,1.0008872
UBE2Q1,0.9941251,0.99548686,0.9960072,0.9934309,0.99393374,0.9937209,0.99680704,0.993906
SLC17A9,0.9990252,0.9993373,0.99936616,0.99888206,0.9990645,0.9989859,0.9995084,0.99860257
PIGR,0.99821454,0.99865043,0.99889106,0.9981388,0.99819934,0.99824613,0.9991596,0.99827135
KPTN,1.0013455,1.0010667,1.0009962,1.0014992,1.0011538,1.0012643,1.0007547,1.0016809
SETD6,1.0037589,1.0028872,1.002165,1.0034928,1.0032359,1.0032216,1.0016177,1.0035785
IL1RL2,0.99635345,0.997245,0.9977659,0.99626,0.9965232,0.9965375,0.9982988,0.9964061
RNPEP,0.99959797,0.9997269,0.99970853,0.9993814,0.9996884,0.99972,0.99986845,0.9999049
RAB37,1.0001962,1.0001597,0.99994314,0.99991393,1.0000908,0.9999253,0.9999361,0.9998983
ZNF534,1.0040762,1.0031061,1.0021701,1.0035751,1.0036285,1.0035421,1.0016406,1.0031015
PDK1,1.0022318,1.0017562,1.0021832,1.0033324,1.0029383,1.0030997,1.001854,1.0036817
PREPL,0.99474704,0.99607825,0.9969753,0.9949055,0.9952619,0.9952003,0.9977135,0.99528694
ZEB2,1.0014645,1.0010478,1.0007291,1.0011669,1.0010555,1.0010781,1.0005023,1.0017503
ERI2,1.000549,1.0005782,1.0005715,1.0008739,1.000861,1.0006475,1.0004663,1.000035
TFE3,1.0044148,1.0033767,1.0026342,1.0042546,1.0040693,1.0038673,1.0019667,1.0043314
XIAP,0.9969108,0.99770904,0.9980055,0.9966601,0.99683785,0.99676317,0.99842155,0.9967134
CES3,0.99805224,0.9985304,0.9988348,0.9980205,0.99818116,0.99811757,0.9991014,0.9981119
POLR3C,1.0014061,1.001061,1.0009489,1.0014762,1.00139,1.0014383,1.0007539,1.0012653
GDPD5,1.0023334,1.0017407,1.0013103,1.002063,1.0020561,1.001931,1.0009514,1.0022997
VPS9D1,1.0035034,1.0026817,1.0019605,1.0032786,1.0031922,1.0030229,1.001464,1.0026087
SYT5,1.0002568,1.0001829,1.0004508,1.0006555,1.0005534,1.0007876,1.0004454,1.0003362
MPP1,1.003275,1.0024331,1.0020546,1.0033388,1.0030017,1.0031046,1.0015067,1.0024617
FBXW8,1.005156,1.0039101,1.0033891,1.0055526,1.0050098,1.0051044,1.002602,1.0044626
TTC21A,1.0040399,1.0029955,1.0028752,1.0045708,1.0041512,1.0044098,1.0023048,1.0047688
SESN3,0.9946482,0.9958631,0.9968041,0.99466944,0.99473786,0.9947738,0.9974855,0.9950499
LEMD2,0.9979777,0.9983649,0.9990079,0.99837387,0.9982979,0.9984726,0.99931324,0.9986794
BUD23,0.9972965,0.99790746,0.9984985,0.99751806,0.99759805,0.9976479,0.9989058,0.9978889
HMGXB4,0.99900043,0.9991976,0.9995998,0.9993159,0.9991312,0.9991588,0.9996925,0.9996603
MEFV,1.0004575,1.0004156,1.0001801,1.0002161,1.0002278,1.0001113,1.0000902,1.0002741
ADRA2C,1.0035275,1.0026627,1.0020571,1.0032717,1.003097,1.0032885,1.0015649,1.0028806
B4GALT2,0.9977709,0.99834657,0.99836344,0.9974605,0.9977237,0.9973795,0.99866915,0.99680126
TLX3,0.9967072,0.99750435,0.9980099,0.9966529,0.996889,0.9968914,0.9984898,0.9969293
MRPL38,0.9999589,1.0000827,1.000188,1.0002024,1.0002894,1.0000714,1.0001893,1.0001624
CHKA,1.0006084,1.0004214,1.000376,1.0006391,1.0005541,1.0005807,1.0002892,1.000368
FAM98B,1.0025293,1.0019734,1.0015167,1.0024445,1.0023993,1.0022825,1.0011446,1.002043
ZCCHC7,1.0061282,1.004656,1.0039166,1.0063486,1.0056452,1.0057456,1.0029128,1.0054069
CWH43,0.99704504,0.9977575,0.9982046,0.9969795,0.99719155,0.9971825,0.99862945,0.9971955
ROBO1,0.99508846,0.99632514,0.99701214,0.99497396,0.9954116,0.9953071,0.99768245,0.9949458
TARBP2,0.9988432,0.99912214,0.99965394,0.9993508,0.9992652,0.9994186,0.99986494,0.9998319
DNAAF1,0.99668443,0.99747825,0.9980274,0.9967489,0.99702215,0.9968815,0.9985297,0.99749804
PGAP2,1.0001073,1.000062,1.0007168,1.0009906,1.0006049,1.0008848,1.0006937,1.0015048
CTGF,0.9967072,0.99750435,0.9980099,0.9966529,0.996889,0.9968914,0.9984898,0.9969293
KDR,0.99640584,0.99726546,0.9976051,0.9959814,0.9962329,0.9962132,0.9980761,0.9960511
KCNJ1,0.9967072,0.99750435,0.9980099,0.9966529,0.996889,0.9968914,0.9984898,0.9969293
PUM3,0.99701416,0.9977684,0.99797684,0.99658436,0.99696034,0.9970139,0.9984988,0.9975871
PRICKLE4,1.0018299,1.0013306,1.0011841,1.0018351,1.0016456,1.0017564,1.0008821,1.00175
HEATR3,1.0040866,1.0031067,1.0022539,1.0037264,1.0035099,1.0033922,1.0016425,1.0033925
POM121C,0.9964576,0.99731714,0.9977563,0.99626625,0.9965069,0.9965437,0.99825966,0.99611735
SENP5,0.9989896,0.9992411,0.999362,0.99884456,0.99896073,0.9988761,0.99949205,0.99940217
FOXN3,0.99601257,0.9969579,0.99775636,0.9962286,0.9963554,0.9964169,0.9982742,0.99612176
BNIP2,1.0001055,1.0001353,1.0001037,1.0,1.000103,0.9999118,1.0000899,1.0012326
SHC1,1.0011423,1.0008146,1.0006527,1.0010467,1.0009469,1.000886,1.0004573,1.0011787
PAPPA2,1.0060948,1.0046278,1.0037332,1.0060215,1.0056585,1.0057405,1.0028234,1.0053816
PPT1,1.0005796,1.0004773,1.0002052,1.0003157,1.0003667,1.0001311,1.0001053,1.0007148
CYB5R1,0.9974629,0.9980997,0.99854785,0.9974952,0.99768585,0.99775124,0.9989629,0.9981904
STOML1,1.0028784,1.0021393,1.0018499,1.002925,1.0026747,1.0029103,1.0014752,1.003503
HIVEP3,1.0001888,0.99999785,1.0001056,1.0001363,1.0000468,1.0002389,1.000062,1.000474
NUB1,1.00175,1.0014267,1.0009141,1.001564,1.001353,1.0011642,1.0005653,1.000232
NDC1,0.9998512,0.9998516,0.9998536,0.99978375,0.9999299,0.999558,0.9998592,1.0005252
RNF34,1.002317,1.0018522,1.0012858,1.0020697,1.0021257,1.0019608,1.0009787,1.0020654
NOP9,1.0008227,1.0005333,1.0003095,1.0006093,1.0006644,1.0004857,1.0001843,1.0004983
MCCC2,1.0049156,1.0038061,1.0029728,1.0048757,1.0045748,1.0043778,1.0022433,1.004758
YAP1,0.9937283,0.9951745,0.9961427,0.9937066,0.9940552,0.9940927,0.9971614,0.995449
DCAF12,0.9994118,0.9995556,0.99954796,0.99922675,0.99922764,0.999184,0.9996086,0.99943805
VEGFA,0.9963347,0.99728394,0.9980573,0.9966896,0.9966762,0.99702394,0.99865144,0.99680746
GRM5,0.9893317,0.99227136,0.99435306,0.9902421,0.99096876,0.9914006,0.99609965,0.9904774
MAPK4,1.0040667,1.0031772,1.0020895,1.0036032,1.0035826,1.003276,1.0015159,1.0021882
NIPA2,0.99919426,0.9994588,0.9996229,0.99929404,0.99944377,0.99934375,0.99975455,0.9990657
ZNF33A,0.9970056,0.99776495,0.998192,0.99690384,0.99703133,0.99725676,0.9986392,0.9966951
RPH3AL,0.999318,0.99942064,0.99951565,0.9991988,0.9992347,0.9992284,0.9995905,0.9994037
CSNK2A3,1.0106019,1.0079843,1.0060103,1.0098711,1.0094504,1.0095836,1.0044837,1.0086219
DOK6,0.9897183,0.99217856,0.99423945,0.9903525,0.9908941,0.99086785,0.9956622,0.9908066
TLR5,1.0033056,1.0025182,1.0020049,1.0031462,1.0029044,1.0030482,1.0014966,1.0030363
MYH15,0.99768215,0.9982369,0.9986962,0.9977888,0.99785775,0.99783194,0.9990011,0.9979378
GDPD2,0.99320966,0.99491084,0.9960599,0.9935193,0.9938024,0.9938674,0.99715006,0.9943304
KNG1,1.0007516,1.0005819,1.0004939,1.000785,1.0007167,1.000681,1.0003506,1.0004468
SLC27A2,1.0005691,1.000445,1.0002476,1.0003254,1.000384,1.0004351,1.0001678,0.9999547
IRF2BP1,0.99600315,0.9970356,0.99733543,0.995656,0.9961065,0.99570405,0.9979412,0.9959674
KDELC1,0.9967072,0.99750435,0.9980099,0.9966529,0.996889,0.9968914,0.9984898,0.9969293
AEBP2,1.0051136,1.0039188,1.0033528,1.0052923,1.0046736,1.0048119,1.0025294,1.0054137
FEM1B,0.9870155,0.99015117,0.992184,0.98708797,0.98791397,0.9879918,0.99409926,0.98772705
TRMT6,1.0004722,1.0003241,1.0009267,1.0013292,1.0012337,1.0014981,1.0009575,1.0027288
C2CD2,1.0042021,1.0031683,1.0024848,1.0039738,1.0036062,1.003872,1.0018963,1.0040342
OMA1,1.0021477,1.0015893,1.0013716,1.0022216,1.001909,1.0017151,1.0009751,1.002929
CLDN5,0.9939221,0.9953188,0.9961307,0.9936873,0.99396485,0.99391186,0.9969796,0.99430126
PA2G4,1.0016184,1.0012892,1.0008817,1.0013994,1.0013759,1.0012158,1.0006173,1.0013868
PLBD1,0.9983579,0.99866676,0.99902105,0.99834657,0.99842644,0.9985291,0.9992415,0.9984487
HSF2,1.0001193,1.0000867,1.0000969,1.0000849,1.0001369,1.000341,1.0001422,1.0002012
LRRN1,0.9989301,0.9992104,0.9994866,0.9991238,0.9990302,0.99894476,0.99958545,0.99928796
AOC1,0.99404514,0.9954033,0.9965718,0.9943385,0.99457395,0.994527,0.99738777,0.9952632
DHX58,0.99985933,0.9999045,0.99981534,0.9996699,0.9997988,0.9997318,0.9998543,0.99959975
VWA5A,1.0029912,1.0022743,1.0018828,1.0028996,1.0028586,1.0028439,1.001421,1.002852
AMZ1,0.9981903,0.99867916,0.99888957,0.99812096,0.998374,0.998165,0.99915385,0.9983221
CYP4B1,0.99671847,0.99750936,0.9980222,0.9966742,0.996903,0.9969022,0.99849725,0.99697506
RHCG,0.9980528,0.9985244,0.9990629,0.998363,0.998333,0.9984193,0.99931955,0.99835813
LRRC49,0.9990075,0.99927914,0.99946773,0.99903274,0.99918914,0.9991609,0.99961406,0.99912775
SESN1,1.0015913,1.0012362,1.0007256,1.001208,1.001214,1.001324,1.0005529,1.0007274
RORA,0.9995773,0.99992514,0.99982524,0.9993917,0.9995925,0.99964833,0.99993706,0.99897885
ARMC6,0.9995863,0.99975705,0.9999014,0.9997613,0.99969757,0.999472,0.9998596,0.99950004
GDF11,1.0044215,1.0034978,1.0030236,1.0046322,1.0045669,1.0047787,1.0024929,1.0047414
TSTD2,1.0053717,1.0041395,1.0030488,1.0049577,1.0047911,1.004703,1.0022773,1.0045538
BUD13,1.0032059,1.0024097,1.0019307,1.0031115,1.0029047,1.0031255,1.0015084,1.002742
DTHD1,0.9916793,0.99369955,0.9949523,0.99154806,0.9922215,0.99245346,0.99635804,0.9936193
ZNF606,0.99719644,0.9979002,0.9986053,0.9975922,0.99764603,0.9979191,0.99908125,0.9976737
CERS3,0.99688786,0.9976311,0.9981121,0.9968314,0.99705434,0.9970671,0.99856627,0.9969933
RBBP4,0.99756914,0.998199,0.9985484,0.99757576,0.997752,0.9978994,0.99894965,0.9972147
NOL9,1.0003545,1.0002872,1.0002037,1.0002265,1.0002381,1.0001829,1.000139,1.0006373
PDIA5,1.0053905,1.0041006,1.0030779,1.0050519,1.0048292,1.0047077,1.0022957,1.0046496
PHB,0.9981742,0.9986905,0.99936867,0.998757,0.99880636,0.9990996,0.99972737,0.99932027
PPT2,0.99962735,0.99971473,0.9997772,0.99958885,0.99970764,0.9996487,0.9998441,0.9995141
MELK,0.9959585,0.99690217,0.9976511,0.9960638,0.9961777,0.9959317,0.9981234,0.99655163
CCDC77,1.0022126,1.0017892,1.0014676,1.0024225,1.0023131,1.0023928,1.0012021,1.001158
SLC35B2,0.9980084,0.9985335,0.99894595,0.9981683,0.9983851,0.99829316,0.9992974,0.9989021
UAP1L1,0.995152,0.9963597,0.99687964,0.99489915,0.9953766,0.9952904,0.9976344,0.9946577
NKAP,1.0062281,1.0047333,1.0035964,1.0057914,1.0055255,1.0055052,1.0026753,1.0057864
CCDC50,0.99731827,0.9980288,0.9983528,0.9972663,0.99758244,0.9975382,0.9987937,0.9973155
PRDM13,0.9976704,0.9982513,0.9985492,0.9975443,0.99780303,0.9977562,0.9989137,0.99794984
CHRDL2,0.99692214,0.9976656,0.9981499,0.9968775,0.9970875,0.9971143,0.9985981,0.99711657
USP26,0.9968579,0.99761283,0.9980798,0.99678004,0.99700916,0.99699545,0.99853235,0.99698675
TTYH1,0.9937563,0.99525046,0.99599206,0.99345016,0.99368155,0.993587,0.9968948,0.99462736
CRLF3,0.99694467,0.9976436,0.9984139,0.9972804,0.99722254,0.9973898,0.99881387,0.9974039
KDM3A,0.9881178,0.99095255,0.99268335,0.98800147,0.9887136,0.98853433,0.9943616,0.9888485
WDR93,1.0012486,1.0008979,1.0008638,1.0013328,1.0012038,1.0014153,1.000716,1.0017225
APTX,1.0001627,1.0001316,1.0000767,1.0000696,1.0000463,0.9999788,1.0000217,0.999997
CYP4F2,0.9965755,0.99740267,0.99793434,0.9965306,0.9967713,0.9967736,0.9984338,0.9968317
SLC9A7,1.0007955,1.0006013,1.000701,1.0011071,1.0009263,1.0009983,1.0005927,1.0011474
SERPINF2,0.9995413,0.99951196,1.0000991,0.9999649,0.99974775,1.0002577,1.0001969,1.0007541
SLC35F5,1.0023555,1.0019102,1.0015095,1.0023867,1.0022682,1.0023403,1.0012498,1.0024189
MEOX1,0.9959835,0.99697226,0.9975631,0.9959236,0.9962193,0.9962355,0.99816334,0.996127
TXLNG,1.0009453,1.0006559,1.0011377,1.0017228,1.0013833,1.0017778,1.0010128,1.001487
PTBP2,0.9959439,0.9969667,0.99743104,0.99569595,0.9959909,0.9960344,0.9980179,0.9958534
CDK4,0.99564683,0.9966897,0.9976001,0.9959637,0.99606776,0.99622357,0.9982579,0.9963881
ZUP1,1.0018427,1.001346,1.0015335,1.0023243,1.0019525,1.0022569,1.0012312,1.0024872
CSF1R,0.994628,0.9959161,0.996531,0.9942961,0.9946902,0.9947518,0.9973016,0.99385494
SORBS1,0.99794924,0.9984642,0.9989451,0.9981253,0.9980942,0.99832714,0.99924135,0.9982653
NSF,0.9964403,0.9974545,0.9981155,0.9967959,0.99706393,0.99712557,0.9986986,0.99638385
RRNAD1,1.0016145,1.0011687,1.0007815,1.0012751,1.001214,1.00088,1.0004717,1.0019577
MCAM,0.9967356,0.997517,0.99818015,0.9969154,0.9967551,0.996799,0.99855036,0.99720836
PJA1,0.99676317,0.99755436,0.99834335,0.9971564,0.9972054,0.9974345,0.99882054,0.9973069
KIAA0408,0.96751356,0.97539175,0.9796288,0.96663034,0.9692708,0.96874374,0.9843688,0.9679431
TLX2,0.99966276,0.99973965,0.9998712,0.9996816,0.9996542,0.9997257,0.99989176,0.9997159
SAV1,0.9998005,0.99985766,0.9995323,0.9993844,0.9995504,0.99935937,0.99959046,0.99903625
GIPR,0.99895155,0.99921006,0.99927217,0.9987495,0.99894154,0.99884206,0.99945104,0.9992257
ETS1,0.99937147,0.9995848,0.9993069,0.99880266,0.9988701,0.998772,0.9993446,0.9984147
PCDHB7,1.0017009,1.0012491,1.0012101,1.0017984,1.0015546,1.0018969,1.0009747,1.0019851
SLC13A1,0.9972899,0.9979669,0.9983287,0.9972715,0.9973746,0.99718744,0.99866647,0.99708426
KIAA2013,1.0015668,1.0012375,1.0008441,1.0014234,1.0014632,1.0012856,1.0006675,1.0015657
TRO,0.9956248,0.9966881,0.9976673,0.99604523,0.99611425,0.99628496,0.9982747,0.99617016
TROVE2,0.9967072,0.99750435,0.9980099,0.9966529,0.996889,0.9968914,0.9984898,0.9969293
ACOT8,1.0022684,1.0018473,1.00146,1.0021529,1.0022268,1.0025257,1.001296,1.0027483
SEMG1,0.9967072,0.99750435,0.9980099,0.9966529,0.996889,0.9968914,0.9984898,0.9969293
NOXA1,1.0027577,1.0021112,1.0018704,1.0030934,1.0026944,1.0028049,1.0014331,1.0017711
ASL,1.0013572,1.000968,1.0011525,1.0017637,1.0013566,1.0015736,1.0008973,1.0020708
SAMD3,0.99922085,0.9994205,0.9993652,0.9989237,0.9990633,0.99897146,0.9994743,0.9988504
GPNMB,1.0033488,1.0026219,1.0018351,1.0029123,1.0029998,1.0028988,1.0013964,1.002853
TUBB4A,0.99974185,0.9997578,1.0001988,1.0002301,0.9999865,1.000401,1.000251,0.9997267
ZNF655,0.99985564,0.9998972,0.9996103,0.9993375,0.9995642,0.9994549,0.9996629,0.99957633
SYVN1,1.0033941,1.0025392,1.0022702,1.003618,1.0032883,1.0034189,1.0017387,1.0029954
LIPH,0.9977023,0.99823797,0.9986736,0.99776524,0.9978508,0.9979,0.9989832,0.9977111
SEMA7A,1.0063275,1.0047827,1.0037943,1.0061965,1.0058179,1.0058644,1.0028354,1.0052198
ADAP1,1.0015522,1.0012189,1.0010445,1.0016775,1.0013804,1.0014648,1.0007638,1.0008724
TRIM26,0.9971081,0.9977674,0.9982182,0.9971277,0.99739033,0.99733454,0.9986924,0.9971825
SUGCT,0.9934785,0.9950301,0.9962809,0.9937357,0.9940909,0.99420655,0.99724394,0.9947932
MKNK1,0.99813145,0.9985647,0.99877274,0.99792045,0.99797153,0.99810517,0.99900806,0.9976022
LIX1L,0.9982866,0.99867064,0.99916196,0.9984938,0.9984112,0.9985379,0.999409,0.9995717
CEP70,1.0010169,1.0009241,1.0005312,1.0007459,1.0008318,1.0008445,1.0004904,1.0011482
MFAP3L,0.99197584,0.99409044,0.9951612,0.9919903,0.99269223,0.9926564,0.9964553,0.99192715
ZNF599,1.002065,1.0016434,1.001606,1.0024703,1.002255,1.0023148,1.0013187,1.0027982
MFSD4A,1.0002743,1.0002663,0.9999574,0.9998871,1.0001364,1.0001931,1.0000205,0.9996277
ETV1,0.9961059,0.997146,0.9977964,0.9963283,0.9962336,0.9962158,0.99829155,0.9960632
PRLR,1.0067894,1.005213,1.0042781,1.0069336,1.0064039,1.006747,1.0033333,1.0059254
SRMS,0.9966594,0.9974672,0.9979802,0.99660647,0.9968447,0.9968443,0.99846673,0.9968895
THAP7,0.99686605,0.99776506,0.9980509,0.9967552,0.99719167,0.99696743,0.9985959,0.99729365
ATF6,0.9963515,0.99728876,0.9978461,0.9963298,0.99676454,0.99685264,0.9984681,0.99644446
RAX,0.99788064,0.99841654,0.99878806,0.99790156,0.9980755,0.9981804,0.99912566,0.9979697
HPS4,0.9997679,0.9998721,1.0002267,1.0001969,1.0000132,1.0002743,1.0002786,1.0001528
AMMECR1L,0.9978303,0.99831665,0.9983653,0.9974135,0.9975207,0.9975996,0.99871004,0.9973409
CCNK,1.006463,1.0048723,1.0035343,1.0058541,1.0055286,1.0056167,1.0026033,1.0048487
PATJ,1.0025994,1.0020099,1.0012926,1.0020552,1.0022526,1.0021051,1.0010058,1.0029377
DOC2A,1.0053275,1.0040671,1.003047,1.0049955,1.0048441,1.0046582,1.0022444,1.0041313
KIAA0895L,0.99082947,0.99306744,0.9942074,0.9904111,0.9911762,0.99110615,0.9955586,0.9909344
TAF1B,1.0033112,1.0025213,1.0020212,1.0032383,1.0028962,1.0029212,1.0015182,1.0032909
HS2ST1,1.00087,1.0007858,1.0006701,1.0009706,1.0009301,1.0010614,1.0006316,1.0009816
HTR3B,1.0012593,1.000884,1.000814,1.0013359,1.0011795,1.0011238,1.000566,1.0011702
STK3,1.0044762,1.0035142,1.0024889,1.0041006,1.0039616,1.0037224,1.0018711,1.0041708
TGFB3,1.0006037,1.0004479,1.0006349,1.0010076,1.0007727,1.0009398,1.0005163,0.99989605
SUCLG1,0.99863213,0.9989585,0.9994036,0.9988902,0.99887633,0.9990741,0.99960303,0.9989479
SPNS3,0.9990652,0.99927115,0.9993187,0.99880457,0.99895394,0.9989258,0.99942523,0.9987666
RAD51,0.99557936,0.9968089,0.99735975,0.99544203,0.9958804,0.995486,0.99791217,0.9954817
CCDC181,1.0019165,1.0013533,1.0010164,1.001718,1.0015571,1.0015147,1.0007236,1.0018845
MAP2K6,1.0033871,1.0025403,1.0021721,1.0034373,1.0031376,1.0034866,1.001718,1.0031468
SESN2,1.0020475,1.001585,1.0013658,1.0022297,1.0021788,1.0021862,1.0011519,1.0021722
HNRNPLL,0.99769,0.99827623,0.9985329,0.99764687,0.9979274,0.99759626,0.9988523,0.997388
MSR1,1.00184,1.0014894,1.000918,1.0013746,1.0014129,1.001417,1.0006598,1.0012538
PPP2R5A,1.0027728,1.0021012,1.0019178,1.0030591,1.0026131,1.0028933,1.0014925,1.0022736
ANXA11,0.99768686,0.9982178,0.99860746,0.99761784,0.9979022,0.99783945,0.9989418,0.9977473
SPOCK2,0.9920372,0.9940634,0.99528414,0.9922351,0.9925866,0.99246573,0.99644107,0.9925883
SLC34A3,0.99649084,0.9973376,0.997887,0.99645245,0.9966961,0.9967002,0.9983993,0.9967697
ST14,0.99670756,0.99749744,0.99809724,0.9967333,0.9969928,0.99703294,0.9985753,0.99725777
AKNAD1,1.0046635,1.0035734,1.0030844,1.0049918,1.0045416,1.0047125,1.0023828,1.0039002
C1RL,1.0019135,1.0015264,1.0010507,1.0016108,1.0016726,1.0016448,1.0008273,1.0018613
RSPO3,0.99623656,0.99714875,0.9976016,0.9960795,0.99648297,0.99659705,0.99832183,0.996827
C15orf39,0.99687773,0.99762845,0.9983899,0.99725133,0.9973675,0.99752223,0.9988667,0.9972453
FAM83D,1.000584,1.0006146,1.0006962,1.000893,1.0007609,1.0007548,1.0005686,1.0003817
OTX2,1.001298,1.0009491,1.0007201,1.0012405,1.0011336,1.0011171,1.0005062,1.0004826
TRIM2,0.99431455,0.99572647,0.99654925,0.99424815,0.9946581,0.9947141,0.9973768,0.9942517
RBM14,0.9988172,0.99919987,0.99935734,0.998886,0.9990355,0.9989667,0.9995394,0.998456
RIN1,0.99723065,0.9979099,0.9982947,0.9971281,0.9973297,0.9972982,0.9986981,0.9973483
PLAU,1.000154,1.0001397,1.0001414,1.000119,1.0002102,1.0003762,1.0001904,1.0001698
PLPPR2,1.0016574,1.0012484,1.0008734,1.0014796,1.0014126,1.0014796,1.0006521,1.0008769
SNX6,1.0002675,1.0002246,1.0001736,1.0002207,1.0002089,1.0002849,1.0001608,1.0001882
RIOK3,0.99615455,0.99713385,0.99724567,0.99547064,0.9960283,0.9957472,0.99781394,0.99565417
LRRN3,0.9921119,0.9939877,0.9949181,0.9917029,0.99221,0.9920365,0.9960152,0.99221253
UBXN11,0.9976659,0.9983233,0.9986459,0.99770314,0.99800324,0.99763,0.998986,0.9980917
ENG,0.998702,0.9988636,0.9992113,0.9986398,0.9986234,0.9987279,0.999329,0.9988819
WDR41,1.000678,1.0006883,1.0005386,1.0008432,1.0007176,1.0004455,1.0003815,1.0003045
WHRN,0.9985449,0.9989881,0.9993589,0.9987993,0.9987987,0.9987621,0.9995315,0.99859893
ABHD15,0.99885213,0.9992492,0.9990365,0.9984277,0.99879396,0.9986086,0.9992584,0.99795854
NEK6,0.99352264,0.99515486,0.99634886,0.99388146,0.9941869,0.9941721,0.9972652,0.9936646
PPFIA2,0.99346507,0.9950148,0.9957919,0.9929918,0.9934966,0.9933454,0.9966767,0.9941073
MKRN1,0.9911792,0.99327004,0.99456036,0.9910178,0.9915601,0.9916364,0.99582577,0.991285
BAG5,1.0014699,1.0011598,1.0009711,1.0014675,1.0014334,1.0012674,1.0007107,1.0015314
TGFB2,1.0014955,1.0014222,1.0011203,1.0015575,1.0018705,1.0020337,1.0011278,1.0013443
UGT2A2,0.9967072,0.99750435,0.9980099,0.9966529,0.996889,0.9968914,0.9984898,0.9969293
C6orf132,1.0005932,1.0003774,1.0007099,1.0010141,1.0007538,1.0010183,1.0006093,1.001658
PRDM8,0.9977702,0.9983155,0.99900424,0.9981936,0.99823934,0.9984205,0.9993627,0.9986104
CHAF1B,0.9968293,0.99764884,0.9983551,0.99714684,0.9972075,0.9969075,0.99868524,0.99729997
MFSD14B,1.0005761,1.0004439,1.0006862,1.0010269,1.0008037,1.0010169,1.0005751,1.0001351
GXYLT1,1.0023892,1.001848,1.0014018,1.0021958,1.0020953,1.00212,1.0010703,1.0023048
UEVLD,1.0061579,1.0046068,1.0039731,1.0062947,1.0058304,1.0060948,1.0030819,1.007192
BABAM2,0.99863183,0.9990355,0.9996418,0.99915147,0.99919355,0.99925464,0.99985975,0.9998168
ACAT1,0.9983452,0.99877477,0.9991592,0.9985337,0.9985892,0.9986224,0.99938846,0.99836874
ZMYND10,0.99673414,0.997478,0.9980345,0.9966763,0.9968579,0.9969219,0.99857724,0.99818087
TRIM62,1.0044221,1.0033196,1.0028892,1.0047371,1.0044643,1.0047637,1.0023474,1.0043991
SLC15A4,1.0027707,1.0020946,1.0015861,1.0025508,1.0024476,1.0022942,1.0011435,1.0026351
PLEKHN1,0.99925625,0.9994974,0.9995322,0.9991243,0.99928945,0.9992546,0.99966264,0.9991344
B3GALNT2,1.0039837,1.0031877,1.0023482,1.0037662,1.0037369,1.0034221,1.0017577,1.0033526
SAMM50,0.9976654,0.99832803,0.9984023,0.9973853,0.9978074,0.9974382,0.9987605,0.9974385
STK32C,1.0001587,1.0000813,1.0002412,1.0002959,1.000229,1.0003206,1.000205,1.0001175
HTRA4,1.0002981,1.0001993,1.0001274,1.0001779,1.0001737,1.0000904,1.0000136,1.0000556
ADCY4,1.001012,1.0007263,1.0005242,1.0008184,1.0006878,1.000788,1.0003431,1.0004346
LOXL1,0.9968769,0.9976895,0.99782497,0.99653304,0.99696505,0.99641323,0.9982319,0.99642277
SEPT1,0.9967072,0.99750435,0.9980099,0.9966529,0.996889,0.9968914,0.9984898,0.9969293
BRD7,0.9977566,0.9983361,0.9986578,0.9977728,0.99793005,0.9977226,0.998956,0.9978678
YJEFN3,1.0028024,1.0021325,1.0019164,1.0030789,1.0028753,1.002962,1.0015192,1.0028579
DNAH5,1.0036206,1.0027122,1.0022392,1.0035326,1.0032119,1.0035307,1.0017588,1.0037861
ARRB2,1.0008276,1.0005715,1.0007412,1.00104,1.000973,1.00125,1.0006511,1.0012735
NEK8,1.0053405,1.0040716,1.003056,1.0050199,1.0046849,1.0045995,1.0022488,1.0047617
PTGIS,0.99992025,1.0000237,0.99959964,0.99951434,0.9996388,0.9989188,0.9995255,0.9997276
AP1M2,0.99734277,0.99798584,0.99829876,0.9971551,0.9973535,0.9973228,0.9986605,0.9971845
CCDC157,1.0007488,1.0006312,1.0005485,1.000807,1.0007509,1.000947,1.0005184,1.0006077
LRMP,1.0005583,1.0005373,0.999929,0.9998785,1.0001616,0.9998586,0.99982333,0.9992485
SLFN13,1.0006677,1.0004683,1.0007259,1.0010481,1.0007057,1.0010226,1.000584,1.0008893
ELOA2,0.99709195,0.99779,0.9982362,0.9970285,0.9972296,0.9972429,0.99865615,0.9972555
TSEN54,1.0007935,1.0006171,1.000655,1.0009866,1.0009671,1.001075,1.0005805,1.000676
ENOX2,1.0024266,1.0018547,1.0013331,1.0021541,1.0023115,1.0023007,1.0010972,1.0023236
AFP,0.9979527,0.9984384,0.99885255,0.99799305,0.99804115,0.99816865,0.9991393,0.9981388
RRM2B,0.9965309,0.99729884,0.998188,0.99693036,0.99689984,0.9971833,0.9987582,0.9983882
ZKSCAN8,0.99954784,0.9996327,0.99982744,0.99963546,0.99959683,0.9997966,0.99992347,0.9996009
GJA4,1.0019703,1.0014482,1.0010078,1.0016352,1.0013348,1.0013452,1.0006162,1.0013398
SOX1,1.0013853,1.0010719,1.0005791,1.0010816,1.0009115,1.0003633,1.00021,1.0005925
B3GLCT,0.9926989,0.9945929,0.9961963,0.9936094,0.99384683,0.9938768,0.9972611,0.9933568
TRAF5,1.0009849,1.0007566,1.0004778,1.0007505,1.0007643,1.0006478,1.0003165,1.0006083
ZNF841,1.005232,1.0039126,1.0034461,1.0055765,1.0050117,1.0050331,1.0025978,1.0055555
CCDC170,1.0019413,1.0014113,1.0013931,1.0021707,1.0018394,1.001869,1.0011046,1.0036883
CAP1,1.0001552,1.0001535,0.9999377,0.9998151,0.999921,0.9998206,0.99990195,0.9999918
ITFG1,0.999365,0.99951464,1.0000888,0.9999475,0.99973804,1.0000335,1.000179,1.000375
WDR83,1.003878,1.0030333,1.0025773,1.0041004,1.0037811,1.0037701,1.0019449,1.0027888
APOBR,0.9988366,0.99913234,0.99935585,0.99881756,0.9989414,0.99895287,0.9995255,0.99892145
ERGIC3,1.0009263,1.0006922,1.0005763,1.0009078,1.0007772,1.000823,1.0004252,1.0008981
SDS,0.9990335,0.9992702,0.9994359,0.9989624,0.9990212,0.9990688,0.9995531,0.9989073
UGT2A1,0.99697804,0.9977033,0.99815494,0.9969033,0.99711597,0.99707985,0.9985794,0.997133
TMEM87B,0.9998389,1.0000362,0.9999164,0.999712,0.9997426,0.99965847,0.99989843,0.9990419
VPS33B,1.0050259,1.0037723,1.0033793,1.005424,1.0049736,1.0051193,1.0025995,1.0050681
SCLT1,1.0011688,1.0009406,1.0008037,1.0013309,1.0011913,1.0012801,1.0006713,1.0006547
NCAPD2,0.99932647,0.9995645,0.9992639,0.9988449,0.9988394,0.9985712,0.9993091,0.99871886
SLCO1B1,1.0005944,1.0005062,1.0003749,1.0005058,1.0004885,1.0004756,1.0002754,1.0004137
HAS1,1.0011432,1.0009304,1.0008491,1.0012679,1.0013208,1.0012754,1.0006945,1.000973
DHRS13,1.0041913,1.0033089,1.0026548,1.0042456,1.003915,1.0038111,1.0020237,1.0042431
TMCO3,1.0003242,1.0003064,1.0003533,1.0005666,1.0005434,1.0005451,1.0003148,0.9994931
CALCR,1.0003731,1.0002428,1.0001966,1.0003284,1.0003071,1.0002724,1.0001222,1.0001897
CCDC63,0.99669397,0.997493,0.9979974,0.99663734,0.9968741,0.9968695,0.99847806,0.99691224
PLD5,1.0056865,1.0044142,1.0034003,1.0054882,1.0051289,1.0050645,1.0025537,1.0050844
REL,1.0072148,1.0054138,1.0041032,1.0067378,1.0064054,1.0063287,1.0030258,1.006665
SPATA17,1.0048008,1.0036476,1.0029757,1.0046648,1.004386,1.0046474,1.0023048,1.005114
IL4R,1.0005069,1.000432,1.0002882,1.0003239,1.00057,1.0005287,1.0002626,1.0002961
KIF2B,0.9967072,0.99750435,0.9980099,0.9966529,0.996889,0.9968914,0.9984898,0.9969293
ZNF44,1.0041916,1.0032027,1.0028825,1.0046523,1.0042628,1.0043919,1.002279,1.0042751
GLUD2,1.0070262,1.0053333,1.0042888,1.006987,1.0065305,1.0065129,1.0032238,1.0060259
GYS2,0.9983885,0.9987637,0.99907565,0.99838865,0.9984567,0.99854183,0.9993067,0.9986151
STOML3,1.0026217,1.0019965,1.0017439,1.0027158,1.0025259,1.0027745,1.0014026,1.0025295
WDR45B,0.9981977,0.9986178,0.9989806,0.99826634,0.99825704,0.9981404,0.9991626,0.99857724
TOGARAM1,1.000509,1.0003488,1.0001416,1.0002878,1.0001913,1.0001377,1.0000365,1.0001615
KIF3B,0.9995717,0.99970806,0.9997524,0.9995418,0.99949443,0.99964285,0.9998169,0.9990561
APBB1IP,0.9940272,0.9954213,0.9962141,0.9937306,0.99430764,0.99433154,0.99710083,0.9938687
STAMBPL1,1.0030388,1.0023793,1.0016379,1.0025856,1.0025914,1.002336,1.0011644,1.0027331
FHL3,0.997208,0.99798805,0.9980961,0.99688965,0.9972217,0.9968652,0.9985005,0.997208
SLC29A1,1.0000136,1.0000618,0.99988186,0.9997474,0.99986184,0.9998934,0.9999167,0.99944794
ZFP30,0.9975054,0.9981439,0.99861026,0.99759156,0.99781203,0.9978823,0.9990009,0.9972161
SLC39A10,0.9932982,0.99491364,0.9958414,0.9931667,0.9936657,0.9935765,0.9968158,0.9935042
MAB21L2,1.0030483,1.0022302,1.0017354,1.0028183,1.0026147,1.0026817,1.0012482,1.0023072
ZNF441,1.004887,1.0035509,1.002877,1.0047076,1.0044148,1.0046406,1.0021703,1.0046949
STAMBP,0.9987822,0.99914014,0.99957085,0.9992113,0.9993069,0.9992769,0.9997959,0.9991187
KRT6B,0.9966594,0.9974672,0.9979802,0.99660647,0.9968447,0.9968443,0.99846673,0.9968895
SLC19A3,0.99742633,0.99807745,0.99836814,0.99729717,0.997429,0.9973669,0.9986944,0.99710476
CHKB,1.0006609,1.000491,1.0003169,1.0005107,1.0005764,1.0004188,1.0002522,1.0010372
DACT2,0.99736595,0.99802804,0.9983263,0.9972019,0.9974705,0.99741066,0.99871516,0.9971844
TMOD1,0.99842334,0.99904853,0.99885535,0.99803805,0.99822074,0.99822575,0.99921334,0.998567
NAPEPLD,0.9995402,0.99973816,0.9996157,0.9993702,0.9994581,0.99903464,0.99964666,0.99948853
ZNF425,1.0034965,1.0027399,1.0022854,1.0036004,1.0034368,1.0034443,1.0018101,1.0034395
NIT1,0.9990302,0.9993688,0.9994564,0.99899745,0.9994323,0.9993458,0.99978244,1.0002253
GPR143,0.99849445,0.99883556,0.9991226,0.99850404,0.99854153,0.99855053,0.9993168,0.9984539
SEC13,0.9991022,0.99934566,0.99937296,0.99888694,0.9990598,0.99897873,0.9995105,0.999271
ENPP7,0.9967072,0.99750435,0.9980099,0.9966529,0.996889,0.9968914,0.9984898,0.9969293
LETM2,1.0064503,1.0050409,1.0039634,1.0064471,1.006207,1.0061747,1.0030967,1.0059006
ZNF16,0.9992371,0.999495,0.9996789,0.99937844,0.9993552,0.99956757,0.99991393,1.0003643
GPR161,0.9997457,0.99982756,0.9996629,0.99936354,0.99951464,0.9994701,0.9997052,0.99969137
OTC,0.9967408,0.99752903,0.99801147,0.99666405,0.99691164,0.99688697,0.9984849,0.9969352
TFDP2,1.0004513,1.0003552,1.000093,1.0001918,1.0001028,1.0001187,1.0000077,0.99975395
ZNF282,1.0024278,1.0018389,1.001467,1.0024078,1.0022542,1.0021045,1.001062,1.0018936
MADD,0.9993976,0.99959564,0.9999607,0.9998458,0.9998475,0.99993265,1.0000561,0.99931777
CELF3,0.99447477,0.9958676,0.99700356,0.99490607,0.9953724,0.99545175,0.99784625,0.99478424
MLPH,0.99771315,0.99826384,0.998629,0.99766266,0.9978306,0.99782515,0.99895954,0.9979577
ACSBG2,0.9992511,0.9994445,0.99944603,0.9990288,0.9991797,0.9991942,0.9995621,0.9988264
SLC25A16,1.0014985,1.0011468,1.000887,1.0012815,1.0012883,1.0012583,1.0006858,1.0019989
TERB1,0.9965304,0.9973626,0.9978988,0.996474,0.99671495,0.996711,0.9984017,0.99679786
FADS2,0.99824524,0.99873966,0.99884737,0.9980621,0.99823743,0.9982188,0.99914414,0.9981301
STON1,1.0064447,1.0048355,1.0038207,1.0062798,1.0058092,1.0059326,1.0029094,1.0065215
RHOBTB3,0.99498224,0.996215,0.9967996,0.99473786,0.99505675,0.99499106,0.9975188,0.99472153
CTIF,1.000025,0.99998593,1.0001075,1.0001817,1.0000179,1.0001814,1.0001072,0.99996805
WDR36,1.0019095,1.0014435,1.000847,1.0013351,1.0014551,1.0013733,1.0005941,1.0017736
MLKL,0.9970055,0.99784577,0.9981055,0.9968511,0.997173,0.9969039,0.9985102,0.9967697
EBNA1BP2,0.9969865,0.99775696,0.9984859,0.99734485,0.9974189,0.99774957,0.99900985,0.9979024
HASPIN,0.9975339,0.99819696,0.9987344,0.99781126,0.99794066,0.99798,0.999113,0.99791527
ETNPPL,0.99968225,0.9997332,0.9996903,0.9994615,0.99961275,0.9996408,0.9997821,0.9995507
UBQLN2,0.9971207,0.9978323,0.99856365,0.99749845,0.997579,0.99776614,0.9989979,0.99760336
STK36,1.0001234,1.0000858,1.0003705,1.0005839,1.0004634,1.0005399,1.0003577,1.0002135
GJA3,0.99612033,0.99705625,0.9977144,0.99617296,0.99640536,0.9964063,0.9982722,0.9964777
PPP1R9B,0.9970318,0.9977311,0.99827236,0.99718344,0.99716496,0.99723375,0.99867004,0.99688965
RPN2,0.99819714,0.998677,0.99896586,0.9982302,0.9983544,0.99829733,0.9992238,0.99844486
FMO4,0.9987427,0.9990263,0.9993032,0.9987064,0.99873966,0.99885094,0.9994683,0.99915045
AGER,1.0028102,1.0021505,1.0016927,1.0026942,1.0026121,1.0025327,1.0012524,1.0021899
MARCH10,0.9967072,0.99750435,0.9980099,0.9966529,0.996889,0.9968914,0.9984898,0.9969293
FUT4,1.0030506,1.0022894,1.0020714,1.0032911,1.0029403,1.0032632,1.0016468,1.0028908
TBC1D10A,0.99589574,0.9969778,0.9977087,0.99613476,0.99634147,0.9964491,0.9983714,0.9965187
TMEM62,0.99853563,0.99890596,0.99902475,0.998451,0.99871886,0.99880105,0.9993886,0.99855155
RAVER2,1.0029063,1.0022662,1.0020857,1.0032693,1.002906,1.0029503,1.001682,1.0043384
VNN1,0.9986412,0.9989729,0.99918485,0.99860644,0.9987336,0.9988378,0.9994085,0.9984011
FRS2,1.0024934,1.0019126,1.0015378,1.0025177,1.0023098,1.0026596,1.0012804,1.0017736
PPIL2,1.0044171,1.0033387,1.002868,1.0046164,1.0041362,1.0041903,1.0021716,1.0046028
BBS10,1.0041969,1.003252,1.0028969,1.0046535,1.0043681,1.0043534,1.0022919,1.004208
NEU3,0.9978818,0.9983802,0.9987377,0.9978299,0.99790376,0.99795824,0.99902964,0.9980593
ANKRD13D,1.0031948,1.0024953,1.0020939,1.003303,1.0030963,1.0032405,1.0016204,1.0022405
CASQ1,0.9916152,0.9937064,0.99503785,0.99179876,0.9923692,0.99241585,0.9963312,0.9917662
ACSM4,0.99823606,0.99866104,0.9989567,0.9982312,0.9983476,0.9983549,0.9992057,0.9981886
TBCE,1.0013344,1.0009694,1.001106,1.0017642,1.0013363,1.0015503,1.0008483,1.0013946
RPL3,0.99800324,0.9984364,0.99861014,0.9976839,0.9978385,0.9979411,0.9988818,0.99759746
KCTD20,1.0014699,1.0012095,1.0007524,1.0012367,1.0013072,1.0011137,1.0005677,1.0010834
FOXB1,0.99695396,0.99770665,0.99811757,0.99683964,0.997147,0.99710166,0.99858236,0.99707067
RNF123,1.0041144,1.0031459,1.0023637,1.0038816,1.0038325,1.0037984,1.0018127,1.0031977
RPL3L,0.99702466,0.9977411,0.998224,0.9970014,0.99720097,0.9971981,0.99864715,0.9972086
CYP11B2,0.9971515,0.99785185,0.9982674,0.9970752,0.99730706,0.99733937,0.9986973,0.99720275
SPINT1,0.99729633,0.9979726,0.99822646,0.9969877,0.99720937,0.9972142,0.9985951,0.9970392
MTF2,0.9955412,0.99660444,0.9972549,0.9953855,0.99565315,0.9958462,0.9978932,0.99552566
RING1,0.9985683,0.9989307,0.9992967,0.9987219,0.9987567,0.9988363,0.99952805,0.99938583
PADI4,0.99678284,0.9975583,0.9980508,0.99672127,0.99695194,0.9969539,0.9985186,0.99700844
EXOC3L4,0.9967072,0.99750435,0.9980099,0.9966529,0.996889,0.9968914,0.9984898,0.9969293
NT5C1A,0.9967072,0.99750435,0.9980099,0.9966529,0.996889,0.9968914,0.9984898,0.9969293
BMP2,1.0077264,1.0059056,1.0043215,1.0071768,1.0068321,1.0063587,1.003118,1.0067583
RAD52,1.003783,1.0028627,1.0026858,1.0041875,1.0038171,1.0042375,1.0021691,1.0037792
SAMHD1,1.0027738,1.0021287,1.0014931,1.0023683,1.0023668,1.0023749,1.0011514,1.0029998
GLCE,1.0010859,1.0008376,1.0005822,1.0009376,1.0011011,1.0012223,1.0005336,1.0004654
PTH2R,0.994463,0.9958811,0.9965378,0.99428153,0.9947996,0.994625,0.99738276,0.99441934
PNLDC1,0.9988426,0.99904287,0.9994025,0.99892926,0.99884737,0.9990654,0.9995402,0.9990748
SH2B3,0.9987775,0.99899054,0.999154,0.99859583,0.9988096,0.99890506,0.9993928,0.99864054
ZCCHC4,0.99794865,0.99846447,0.99930537,0.99863917,0.9986516,0.9990896,0.99972427,0.99931836
DBX1,0.99674165,0.99753034,0.9980261,0.99668217,0.99691755,0.996915,0.99849993,0.9969486
IRF2,1.00089,1.0006751,1.0006096,1.000912,1.0009346,1.000894,1.0004771,1.0008473
OLFML1,1.0037446,1.0028415,1.0023892,1.0037733,1.0035529,1.0036945,1.0018451,1.0036387
LCP2,1.001123,1.0007789,1.0005567,1.0008969,1.000957,1.0010233,1.0004046,1.0002497
CHGB,0.99688184,0.99768794,0.99825937,0.99706966,0.99733984,0.9972867,0.99874455,0.9973354
C9orf131,0.99988574,0.9999244,0.9999722,0.9998951,0.99988925,0.9999172,0.99999154,0.9999676
PARS2,1.0014174,1.001051,1.0010009,1.0015177,1.0012255,1.0014246,1.0007584,1.0014362
FSCN2,0.9959155,0.99690837,0.9975717,0.9959322,0.996206,0.9962044,0.9981786,0.99638045
TMEM30A,0.99662447,0.9975265,0.99813056,0.9969174,0.9971515,0.99702,0.9986391,0.99680364
ATP6V1B2,0.9998833,0.99995935,1.0000558,0.9999768,0.99991167,0.99985623,1.0000126,1.000017
OS9,0.9987637,0.99903417,0.9994085,0.9989364,0.9988644,0.99903893,0.9995933,0.99931145
TLR4,0.9958937,0.99695,0.9971553,0.9952796,0.9958558,0.9957471,0.9977997,0.99529064
CDKL2,1.0029286,1.0023314,1.0014684,1.0024797,1.0025803,1.0019964,1.0010009,1.002241
TYSND1,0.99715674,0.9979105,0.9982476,0.9970933,0.9975077,0.99741495,0.9987478,0.99719965
BLMH,0.99951315,0.9996401,0.99998045,0.9999411,0.9998914,0.9999111,1.0000521,0.99959314
FAM234B,1.0026549,1.0021569,1.0016414,1.0026147,1.0026307,1.0023551,1.0012732,1.0027456
NAB2,1.0030444,1.0023574,1.0020895,1.0033519,1.0030825,1.0031637,1.0016623,1.0032492
ZFAND4,1.0034859,1.0028018,1.0020355,1.0032907,1.0034778,1.0032331,1.0016235,1.0026867
TBX19,1.0012317,1.0009576,1.0009,1.0013196,1.0010903,1.0012672,1.0007226,1.0016671
GBP7,0.99665153,0.9974611,0.9979777,0.99660337,0.99684346,0.9968476,0.99846804,0.9969044
SPAG17,1.0039338,1.0029931,1.0025593,1.0041248,1.0037885,1.0037708,1.0020092,1.0046434
SLC35F1,0.9923487,0.9942834,0.99571276,0.9928142,0.9930248,0.99297285,0.9967617,0.99322915
ELF1,0.99863136,0.99904436,0.99913913,0.9984783,0.99862534,0.9984761,0.9992874,0.9979415
OSCP1,1.0006864,1.0005752,1.000363,1.0005534,1.0006254,1.0007848,1.0003878,1.0004368
NSUN5,1.0017161,1.001214,1.0008045,1.0012901,1.0011945,1.0014086,1.0005788,1.0015824
ANKMY2,1.0011338,1.0008172,1.0007335,1.001153,1.0010498,1.0011342,1.0005958,1.0018059
CACNG4,0.9944904,0.9959829,0.9968369,0.99468875,0.9950031,0.99489576,0.9976433,0.9947158
ILDR2,0.9988514,0.9990765,0.9991937,0.9987233,0.99842095,0.99843013,0.99922633,0.998201
KREMEN2,0.9971782,0.9978859,0.99821997,0.997012,0.99728227,0.997189,0.99862504,0.99714327
ENPP6,0.99856675,0.998896,0.99942994,0.998919,0.99884295,0.9991715,0.999701,0.99962306
LONRF2,0.9947951,0.9962078,0.9967141,0.9945471,0.9949837,0.99464816,0.9974018,0.99425954
NEK3,1.0031073,1.0024577,1.0020975,1.0033064,1.0029904,1.0030636,1.001634,1.0030179
DDI2,0.9982612,0.9987133,0.99897027,0.998196,0.998402,0.9983671,0.9992323,0.9983413
NEURL1B,0.9986814,0.99898684,0.99942654,0.9989169,0.99891824,0.9987689,0.99955475,0.99945724
MAPKAPK5,1.0001903,1.0002055,1.0003666,1.000458,1.0004134,1.000319,1.0003177,1.0007744
RPL5,0.9948267,0.9960293,0.9966851,0.99451756,0.9948571,0.9949336,0.99740374,0.99457157
SWAP70,0.9968989,0.9977816,0.99815744,0.9968803,0.9971476,0.9966823,0.99851686,0.9969784
IMP4,0.9995162,0.9998834,0.99989295,0.99960625,0.9998791,0.99957204,0.9999874,0.99966496
HSPA5,0.99877477,0.99909747,0.99907553,0.99840474,0.99855757,0.9985887,0.9992801,0.99891764
KRT32,0.9965622,0.99739146,0.99789417,0.9964725,0.99671197,0.9966968,0.9983841,0.99675405
RANBP3,1.0000093,1.0000875,1.0004774,1.0006598,1.000437,1.0005586,1.0004675,1.0003806
ADHFE1,0.9940736,0.99569416,0.9965491,0.99421746,0.99480945,0.9947447,0.9975697,0.99454606
MPHOSPH10,1.00222,1.0016811,1.0011921,1.0018944,1.0017657,1.0018966,1.000853,1.001647
PCSK1,0.99820584,0.99866265,0.9987405,0.9978181,0.9983324,0.99843884,0.9990758,0.9968115
MINDY1,1.0003226,1.0003119,1.000397,1.0005739,1.0006044,1.0004199,1.0003302,1.0003433
MARVELD2,0.9997983,0.9998673,0.99995846,0.99983644,0.9998094,0.9999161,1.0000135,1.0000799
CKB,0.9988313,0.9990813,0.99919254,0.99861944,0.9987295,0.9987624,0.9993335,0.99862456
TXNDC5,0.9981636,0.9986383,0.9989054,0.99810266,0.9982604,0.99817896,0.9991642,0.9985252
SPECC1L,0.9998181,0.9998362,1.0001535,1.000298,1.0001587,1.0002131,1.0001955,1.0001826
STRAP,0.9960616,0.99699396,0.9978993,0.9964452,0.99651635,0.99673665,0.9984761,0.9967454
ZFX,1.0022429,1.001692,1.0007849,1.0013175,1.0013461,1.0013577,1.0004827,1.000834
FPGT,1.0015116,1.0012088,1.0010215,1.0015244,1.0014515,1.001366,1.0008156,1.0022359
PDHX,1.0002959,1.0003109,1.0002317,1.0003093,1.0004358,1.000323,1.0002327,1.0002997
TRIM35,1.0016856,1.001312,1.0013708,1.0022242,1.0020293,1.0018284,1.0010376,1.0012523
CAMKK1,1.002562,1.0019639,1.0017022,1.0026745,1.0023687,1.0025338,1.0012971,1.0022137
HPSE2,1.0006416,1.0004572,1.000507,1.0007435,1.0007061,1.0007534,1.0004109,1.0006326
ADA2,1.000551,1.0002911,0.99999607,1.0000818,1.000177,1.00009,0.9998714,0.9991934
ADCK2,0.9974278,0.9979906,0.9986155,0.9976915,0.99772394,0.9978168,0.9989625,0.99714625
RPUSD2,1.0015845,1.0012136,1.001035,1.0016071,1.001509,1.0016379,1.0008489,1.0017178
ZDHHC16,0.9959737,0.9969156,0.99798995,0.9965403,0.99647903,0.99688005,0.99862146,0.9972738
EIF4A3,0.9955642,0.9966416,0.9976089,0.9958935,0.995942,0.99623615,0.998258,0.99657893
MAX,1.0025499,1.0019166,1.001527,1.0023711,1.002281,1.0024666,1.0011904,1.0024599
CPNE1,0.99730384,0.99799156,0.9983125,0.9971521,0.9974274,0.99734414,0.9987018,0.9972373
TMEM104,0.9995443,0.9996314,1.0001596,0.99998784,0.99974,1.0002668,1.000265,1.0006162
ZNF480,1.0035698,1.0026808,1.0020251,1.0033509,1.0031321,1.0029864,1.0014495,1.0030904
ATP8B2,1.0063307,1.0049231,1.0036129,1.0059412,1.0058638,1.0054021,1.0026944,1.005899
ETFA,0.99818814,0.99873686,0.9986828,0.99786055,0.99828124,0.9979322,0.9990011,0.99811584
EIF2AK4,1.0017112,1.0013485,1.0010773,1.0017422,1.0015221,1.001395,1.0007453,1.0014404
PSAP,0.99979955,0.99983865,0.9998884,0.99974823,0.99968624,0.9998558,0.99991196,0.99981034
CCDC27,0.9972235,0.9978919,0.9983495,0.9971993,0.99737847,0.99738204,0.99874365,0.99753195
PTPN22,0.99575096,0.9967799,0.9974587,0.9957968,0.9960872,0.9960472,0.99808407,0.99585396
CCBE1,1.0015961,1.0010995,1.0005707,1.0010347,1.0008452,1.0010873,1.0003045,1.0003774
ST5,0.9967072,0.99750435,0.9980099,0.9966529,0.996889,0.9968914,0.9984898,0.9969293
CARM1,1.000989,1.0009608,1.0005448,1.0008802,1.0011754,1.0006511,1.0004171,1.0004265
LSR,0.99724495,0.997925,0.99840426,0.9972896,0.99722075,0.9974048,0.9987904,0.9975898
GPR107,1.0006614,1.000489,1.0008181,1.001246,1.0008863,1.0010761,1.0006781,1.0010482
OAS2,0.99853873,0.9988811,0.9990493,0.99840784,0.998494,0.99848235,0.99923205,0.99815106
TMEM8B,1.0000571,1.0000414,1.0004525,1.0005448,1.0003624,1.000513,1.000465,1.0015591
GBP3,0.9982648,0.9986338,0.9990738,0.99833614,0.9983399,0.99856615,0.99931705,0.9987056
NDUFAF7,1.0063374,1.0048044,1.0040208,1.0064694,1.0057995,1.0061915,1.0030737,1.0055814
ZNF408,1.0011623,1.000792,1.000956,1.0014806,1.00124,1.0016106,1.0008365,1.0017934
LMAN2L,1.0016181,1.001212,1.0013828,1.0020741,1.0017848,1.0021144,1.0011835,1.0024745
TTC19,0.98299783,0.9870895,0.98953915,0.9828997,0.98397505,0.9838834,0.9920083,0.9834219
MAP10,1.0002544,1.0001628,1.0003676,1.0004526,1.0003936,1.0007023,1.0004033,1.000787
HSPA2,0.9978318,0.9983965,0.99885356,0.99807477,0.9981472,0.9980067,0.9991251,0.9978254
FOXK1,0.9985983,0.9988886,0.999429,0.9988739,0.9986689,0.99889886,0.99956167,0.99960744
DYTN,0.9963311,0.99722743,0.99779856,0.996302,0.9965539,0.9965732,0.9983376,0.9965229
GRHPR,0.9983749,0.9988531,0.9991681,0.99856067,0.99873674,0.9988351,0.9994881,0.9985907
RAB44,0.99678284,0.9975583,0.9980508,0.99672127,0.99695194,0.9969539,0.9985186,0.99700844
HCLS1,0.99517435,0.9964433,0.9967449,0.9945848,0.99513817,0.994947,0.9974432,0.99478734
SNTB2,1.0028627,1.0021479,1.0012846,1.0020652,1.0022365,1.0022194,1.0009266,1.0019746
POLR2C,1.0009921,1.000852,1.0004909,1.0007491,1.0010495,1.0009868,1.0004756,1.0006127
IL17RE,0.9964812,0.9973351,0.99784625,0.99640405,0.9966691,0.99665356,0.998363,0.9965971
RENBP,0.9975577,0.9982021,0.99843174,0.9973477,0.99758565,0.99743253,0.99875236,0.997455
ESCO2,1.0022762,1.001781,1.001684,1.0026884,1.002281,1.0023115,1.0012985,1.0019495
CCDC9,0.99774134,0.99828005,0.9988049,0.99789536,0.99785924,0.9978218,0.9990423,0.9983257
COQ2,1.0012412,1.0010109,1.0011401,1.0018048,1.0016885,1.0015928,1.0009848,1.0017644
FAM178B,0.99889237,0.99917114,0.99948674,0.99906087,0.9991152,0.9991478,0.9996453,0.99903184
CYTH4,0.99621415,0.9971143,0.9975115,0.99589074,0.996298,0.9961917,0.9980489,0.9957676
PUS3,0.9992833,0.9994415,0.9995798,0.9992044,0.9992958,0.99936724,0.99972075,0.9996476
PRODH2,0.9958827,0.9968823,0.99750865,0.99584216,0.99614036,0.9961541,0.998124,0.9961003
KRT9,0.998371,0.9987657,0.9990351,0.9983381,0.9984437,0.99840295,0.9992466,0.998505
PSMD2,0.9937887,0.99527836,0.99602276,0.99350226,0.99404085,0.9939519,0.9969666,0.9941164
SEC24D,1.0030388,1.0022852,1.0018848,1.0030837,1.0029665,1.0027516,1.0013807,1.002459
ZNF823,1.0063413,1.0047388,1.0040947,1.0065339,1.0058738,1.0063237,1.003117,1.0054281
SLC29A2,1.0038226,1.0028983,1.0023698,1.0038587,1.0035156,1.0035042,1.0017856,1.0037341
CYP3A43,0.9967233,0.99750936,0.997988,0.99664295,0.99688447,0.9968603,0.99846303,0.99685776
SRM,0.9976994,0.9982777,0.99837387,0.9973453,0.9974371,0.99758804,0.9987475,0.99746966
GHRHR,0.99752367,0.9981308,0.99846125,0.99741554,0.9976069,0.99751973,0.99880123,0.9976501
HINFP,1.0022764,1.001784,1.0016389,1.002556,1.0024034,1.0025587,1.001359,1.002382
GK2,0.9967072,0.99750435,0.9980099,0.9966529,0.996889,0.9968914,0.9984898,0.9969293
LAS1L,1.0017878,1.0013268,1.0011182,1.0017674,1.0015907,1.0016707,1.000823,1.0013555
DDX19B,1.006575,1.0050604,1.0040665,1.0065207,1.0062021,1.006435,1.0031567,1.0055255
ETAA1,1.0060257,1.0046103,1.0037409,1.0059876,1.0055465,1.005596,1.002845,1.0060186
NOS1AP,1.0068924,1.0051925,1.0043467,1.007029,1.006427,1.00634,1.0032537,1.0077927
N4BP1,0.9962625,0.9972038,0.9974698,0.9959214,0.99629635,0.9960569,0.9980209,0.99595046
CSGALNACT2,0.9994648,0.9997374,0.9995258,0.99916434,0.99948007,0.9991832,0.9996395,0.9990691
ATXN7L1,1.0023986,1.0018017,1.0011499,1.0020285,1.0020953,1.0015702,1.0007557,1.0022082
MYOD1,0.9967072,0.99750435,0.9980099,0.9966529,0.996889,0.9968914,0.9984898,0.9969293
TTPAL,1.0029982,1.002328,1.002292,1.0035566,1.0030867,1.0033382,1.0018225,1.0033344
PHYHD1,0.9960417,0.9971052,0.9972981,0.9955832,0.9961493,0.9960388,0.9979795,0.99559736
SEC14L2,0.9991754,0.99947345,0.9997444,0.9994626,0.9993644,0.9993011,0.99983144,0.99991167
UBP1,0.99489105,0.99604404,0.99711895,0.99523866,0.9952487,0.99529517,0.9978129,0.99619544
BACE1,0.9969891,0.99772346,0.99837446,0.997272,0.9973506,0.99750125,0.9988639,0.9979216
RUFY4,0.99612033,0.99705625,0.9977144,0.99617296,0.99640536,0.9964063,0.9982722,0.9964777
SLFN5,1.0045693,1.0035393,1.0029026,1.0046197,1.004168,1.0043793,1.0022113,1.0038793
LRRC4B,0.9965338,0.99746704,0.99793124,0.99655366,0.9968214,0.9967094,0.99847317,0.9965167
CTSB,0.99920714,0.9994886,0.999501,0.99910766,0.9991802,0.9989885,0.9995775,0.99912286
LRRC37B,1.0020192,1.0015881,1.0013928,1.0022476,1.0020564,1.0018356,1.001015,1.0012643
MYC,0.9993029,0.9995592,1.0005388,1.0006044,1.000224,1.0007782,1.0006921,1.0002912
NIPAL4,0.99827516,0.99873686,0.9988742,0.99807286,0.9982532,0.998124,0.99910665,0.99833083
ITGB1,0.9955066,0.9966073,0.997165,0.995355,0.9957044,0.9956478,0.9978432,0.9956173
ZNF219,1.003861,1.0029926,1.0022268,1.0036309,1.0034817,1.0032823,1.001685,1.0039775
IREB2,0.9981897,0.9986155,0.9988299,0.9980719,0.9981892,0.9980694,0.9990411,0.9981749
ZNF845,1.0051084,1.0038421,1.0029452,1.0047941,1.0046294,1.0046637,1.0022273,1.0050089
ZCCHC24,0.99820733,0.9987971,0.9987434,0.9979663,0.99794143,0.99782884,0.99901664,0.99781346
APBA3,0.99894464,0.99917656,0.9996029,0.9992337,0.9990109,0.9991033,0.9996586,0.998996
TDRD9,0.9989647,0.9992157,0.99927115,0.9987474,0.99883807,0.9988819,0.9994339,0.99869645
NR0B1,0.9964868,0.9974173,0.99808323,0.99672526,0.99693763,0.9969347,0.9986266,0.9973767
DHX32,1.0066249,1.0050426,1.0042464,1.0068942,1.0061135,1.0059866,1.003104,1.0064139
STAT4,1.0066966,1.005106,1.0040729,1.0066147,1.0062647,1.0063063,1.0031072,1.0060732
MOK,0.99895144,0.999225,0.9991683,0.9987049,0.99873376,0.99865204,0.9993353,0.9990512
DCAF15,0.99850583,0.9987764,0.99902356,0.9983996,0.99857485,0.9987067,0.99932045,0.998477
NDUFS7,0.99896854,0.99916077,0.99946034,0.9990365,0.99898005,0.99905837,0.9995604,0.999115
STAC2,0.99946916,0.9995496,0.9997581,0.99951994,0.9995264,0.9995926,0.99983615,1.0000198
SPRTN,1.0030217,1.0023754,1.0019745,1.0031738,1.0029771,1.0028951,1.0015086,1.0021607
FLRT3,1.0020831,1.0017062,1.0012667,1.0020101,1.0018305,1.0016963,1.0009152,1.0017807
RNF169,1.0070138,1.0051115,1.0044518,1.0072464,1.0066618,1.0070448,1.003404,1.0066822
EMID1,0.99688184,0.9976243,0.9978864,0.99659175,0.99683595,0.9967865,0.9983722,0.9966679
DICER1,0.99037695,0.99269587,0.9938735,0.99000144,0.99082506,0.99054366,0.9952749,0.9907496
SELE,0.99855375,0.99890447,0.99898905,0.99829435,0.9983773,0.99835783,0.9991724,0.99830514
SLC22A12,0.99674165,0.99753034,0.9980261,0.99668217,0.99691755,0.996915,0.99849993,0.9969486
PGK1,0.9980486,0.9984958,0.9988911,0.998081,0.99807584,0.9982585,0.99915516,0.99840415
GJA9,0.9967072,0.99750435,0.9980099,0.9966529,0.996889,0.9968914,0.9984898,0.9969293
PPP3CB,0.9948994,0.99610776,0.99679613,0.99468267,0.99502885,0.9952724,0.9975784,0.99446785
HYAL2,0.99848855,0.9989186,0.9990547,0.9983933,0.99866915,0.99830925,0.9992901,0.99941903
ZFP91,0.9947939,0.9960395,0.996907,0.9948262,0.9951186,0.99503475,0.99764645,0.9958912
METAP1,1.002961,1.0022707,1.0015061,1.0025239,1.0024915,1.0021175,1.000992,1.0018446
VPS36,0.99802065,0.9984921,0.99885154,0.99809325,0.99817663,0.9982194,0.99911284,0.9975407
WRAP73,0.99989116,0.9999595,1.0002574,1.0002496,1.0001864,1.0003715,1.0003216,1.0007164
SHF,1.0020635,1.0015988,1.0016489,1.0026314,1.0023637,1.0021315,1.0012202,1.0020329
BARHL1,1.0066934,1.0050457,1.003852,1.0062833,1.0059725,1.0059221,1.0028259,1.0056719
GABRG1,1.004991,1.0038227,1.0034723,1.0054979,1.0047705,1.0051916,1.0026771,1.0046247
CCDC178,1.0002142,1.0002186,1.0002897,1.0003831,1.0003905,1.0003968,1.0002795,1.0003392
COQ6,1.0043205,1.0033339,1.0028179,1.0044104,1.0041339,1.0043426,1.0022264,1.0044422
MINPP1,1.0014644,1.0011306,1.0010841,1.0016785,1.0014585,1.0015786,1.000858,1.0014749
WDR62,0.99767745,0.9982543,0.9987298,0.9977536,0.9979469,0.9977844,0.9990101,0.99821806
LANCL2,1.0055935,1.0043445,1.0030195,1.0049573,1.0050548,1.0046537,1.0022594,1.004949
APCDD1,0.99871135,0.99910885,0.99887,0.99829984,0.99849725,0.9981562,0.99908465,0.99798477
FBRSL1,0.99821377,0.9986376,0.99888194,0.9981285,0.99834,0.99814844,0.999111,0.9984331
PPP2R5B,1.004927,1.003722,1.0029304,1.0047616,1.004488,1.0043764,1.0021725,1.0044911
TIPARP,0.99966466,0.99973243,0.99958766,0.99931854,0.9993621,0.999238,0.99961656,0.9998964
CLPTM1L,1.0006284,1.000525,0.9995729,0.9994265,0.9998597,0.9993329,0.9994704,0.99885154
EPS15,0.99986124,0.99993193,0.9996495,0.99940145,0.9996226,0.9994477,0.9996755,0.99955165
PITX3,0.99547136,0.9967462,0.99742675,0.9954915,0.9959785,0.9957628,0.99814403,0.99695003
PTCHD4,0.99925184,0.9995438,0.9997173,0.99944663,0.9994966,0.9994185,0.9998405,0.99938
TTC5,1.0044684,1.0033841,1.0029402,1.004732,1.0043873,1.0045335,1.002281,1.0044454
GTF2H1,1.0015765,1.0012407,1.0011421,1.0017906,1.0015882,1.0017425,1.0009199,1.0011814
AKAP8L,1.0055418,1.0042512,1.003309,1.005492,1.005285,1.0051496,1.0025116,1.0042765
APEX1,1.0012578,1.0009592,1.0007133,1.0010767,1.0009943,1.0010597,1.0004944,1.0009019
KRT23,0.9976843,0.99826187,0.9986012,0.9976048,0.99773276,0.9977459,0.9988935,0.9975675
ELN,0.9962436,0.9971564,0.99827534,0.99701864,0.99698234,0.99716276,0.99882615,0.9976319
XKR7,0.99834156,0.9987507,0.9991267,0.9984038,0.9984977,0.9986286,0.9993812,0.9986823
ZNF493,1.0021803,1.0016284,1.0014111,1.0022392,1.0020411,1.002005,1.001054,1.0024052
HOMEZ,1.0056344,1.0043287,1.0031297,1.0050842,1.0049562,1.0047538,1.0022756,1.0044775
IGF2BP3,1.0024023,1.0018694,1.0017754,1.0027633,1.0024332,1.0024176,1.0013521,1.0026996
VNN2,0.99684477,0.99756753,0.99808586,0.99679685,0.99698794,0.9969996,0.99853134,0.99714136
TMEM232,0.9998156,0.99978125,1.0002936,1.0002723,1.0001174,1.0003897,1.0003605,1.0018659
B3GAT1,0.9965184,0.9972686,0.99812865,0.99689204,0.9969328,0.99702024,0.9986092,0.99687684
TRIM25,1.0040469,1.0031044,1.0024894,1.0040448,1.0036955,1.0036983,1.0018445,1.0032865
KRT13,0.9960931,0.99700546,0.99768424,0.9960995,0.9963743,0.99642235,0.99827236,0.99677765
PPP2R5E,0.99540406,0.9965151,0.9969168,0.99494994,0.9953836,0.99525577,0.99757904,0.9950197
CIP2A,1.0064518,1.0048594,1.0037135,1.0061169,1.0056975,1.0054615,1.0026882,1.0060594
ASB7,1.00674,1.0051173,1.0038197,1.0062253,1.0057511,1.0057583,1.0027802,1.0057147
YY1AP1,0.99733716,0.99804926,0.99845994,0.9974401,0.99766505,0.9976044,0.9988713,0.99705726
PLA2G4D,0.9965583,0.9973732,0.9979193,0.99651587,0.9967556,0.996786,0.9984305,0.9968803
SWT1,1.0041269,1.0032172,1.0022744,1.003768,1.0038152,1.0034791,1.0017257,1.0037798
RPS6KL1,1.0023161,1.0017127,1.0016036,1.0025289,1.0023245,1.0023988,1.0012604,1.0031083
RSRC2,0.996559,0.9973332,0.99793327,0.9964869,0.9965721,0.9967867,0.9984013,0.9969738
MAPT,0.99718857,0.9977419,0.9984703,0.99738884,0.9973866,0.9976567,0.99889714,0.99883497
FOXF2,0.99640435,0.9973053,0.9977455,0.99617827,0.9963746,0.9965846,0.99828565,0.99588037
SP3,1.0015968,1.0012509,1.0010045,1.001594,1.0015032,1.0016404,1.0008234,1.0011678
UTP15,0.9999372,1.0000372,1.0004958,1.0006791,1.0003053,1.0005774,1.0004958,1.0000628
MANEAL,1.0003718,1.0002954,1.0002577,1.0004439,1.0004014,1.0003587,1.0002154,1.000235
MINDY4,1.0017238,1.0013349,1.0012747,1.0020666,1.0018078,1.0019298,1.0010602,1.0020092
CLCN7,1.0028372,1.0021092,1.001389,1.0023632,1.0022542,1.0020927,1.000957,1.0021851
GPC4,0.99575937,0.9968,0.99795616,0.99635565,0.9961711,0.99618304,0.99841857,0.9971361
NFYC,0.9996061,0.9997132,0.999942,0.99977845,0.9997077,0.99978405,1.0000036,1.0003134
GPR37,1.0025052,1.0019352,1.001759,1.0028646,1.0025661,1.0025266,1.0013653,1.0020496
GLP2R,0.9967072,0.99750435,0.9980099,0.9966529,0.996889,0.9968914,0.9984898,0.9969293
WHAMM,0.99873483,0.99895954,0.99928135,0.9987231,0.9987941,0.9989029,0.9994834,0.99913144
SLC25A41,0.9980217,0.99860823,0.99884427,0.9980338,0.99827635,0.99808306,0.99911135,0.99766463
MROH6,0.99454576,0.99590397,0.9966338,0.99445164,0.9949599,0.99500144,0.99756336,0.9950645
PAK3,0.99987775,0.9998714,0.9999074,0.9997584,0.9998724,0.99991333,0.99990404,0.99957424
SRF,0.995692,0.9966074,0.9972309,0.99550986,0.99566185,0.9957243,0.9978628,0.9964478
CLN6,1.0047759,1.0036036,1.0027862,1.0044937,1.0043235,1.0042025,1.0020928,1.0051032
SLC13A4,1.0003868,1.000244,1.0002506,1.0004224,1.0002847,1.0003959,1.000186,1.0004576
NDC80,0.99795485,0.99851704,0.99879956,0.99793935,0.99815583,0.9979577,0.99912786,0.9987247
SLC25A35,1.0019503,1.0015638,1.0011218,1.0017761,1.001796,1.0017478,1.0008541,1.0011165
SOWAHB,1.0004922,1.000351,1.000205,1.0002816,1.0003023,1.0002878,1.0001135,1.0002251
EDA,1.0011126,1.0009418,1.0006559,1.0010065,1.0010206,1.0010009,1.0005239,1.0007088
ZNF628,1.002769,1.0021199,1.0017164,1.0027511,1.0025647,1.0025647,1.0013335,1.0030265
PDE6C,0.99791217,0.9983983,0.9988296,0.9979599,0.9981071,0.99835765,0.99920595,0.99834454
PCID2,0.99665105,0.9974472,0.998071,0.99668014,0.99683714,0.9971709,0.99862885,0.9971883
GTF3C4,1.0049214,1.0037625,1.0029002,1.00473,1.0045055,1.0043762,1.0021343,1.0035673
HKR1,0.9967072,0.99750435,0.9980099,0.9966529,0.996889,0.9968914,0.9984898,0.9969293
CFAP53,1.0077081,1.0058093,1.005,1.0080673,1.0073116,1.0076772,1.0038507,1.0075845
FAM126A,0.99769115,0.99834704,0.99810684,0.9969734,0.997432,0.99723184,0.9985508,0.99718976
PHYH,1.0037056,1.002827,1.0023347,1.0037415,1.0036156,1.0038685,1.0018613,1.0027275
PIP5K1B,0.99997246,1.000033,1.0000728,1.0000564,1.0000255,0.9999412,1.0000204,0.9993979
LRP3,1.0010108,1.0007923,1.0004401,1.00083,1.0008253,1.0005181,1.0002458,1.0000448
ETV6,1.0031441,1.0025102,1.0019826,1.0032084,1.0032375,1.0032296,1.0016389,1.0027045
REC8,1.0002959,1.000253,1.0001003,1.0001681,1.0003605,1.000156,1.0000978,1.0003661
SGCZ,1.0035723,1.0027077,1.0020654,1.0033463,1.003305,1.0032063,1.0015419,1.0029002
RAG2,0.9968498,0.99760556,0.99811697,0.99682856,0.9970409,0.99703306,0.9985678,0.99707484
NUMB,0.9975373,0.9981853,0.99862874,0.99768496,0.9979316,0.9979167,0.99904424,0.9978776
PTPRC,0.9964322,0.99732316,0.99755263,0.9959736,0.99647963,0.99632776,0.9980881,0.99551773
LCLAT1,1.0029294,1.002099,1.0016725,1.0027798,1.0025048,1.0024776,1.0011932,1.0030097
USH1G,0.99674404,0.997527,0.9980011,0.99665666,0.99690616,0.9968978,0.99847937,0.9968637
PTCD3,0.99835515,0.99874914,0.9988313,0.99807733,0.9981379,0.9979395,0.9989877,0.9981493
CCDC149,1.0014253,1.00113,1.0008315,1.0013338,1.0012656,1.0011108,1.0006014,1.0010601
EPN1,0.99619114,0.9971569,0.99768746,0.99627054,0.9965646,0.9963911,0.9982677,0.9961115
ARHGAP15,1.0027674,1.0020766,1.0017446,1.0028317,1.0026313,1.0025488,1.0012904,1.0025266
CYP2J2,0.9988834,0.99914926,0.9992529,0.99872017,0.9988002,0.99876636,0.99938715,0.9987817
ENO1,0.9999987,0.99997896,0.9999913,0.9998874,0.9998,1.0000155,0.9999944,1.0001843
FAM171B,1.0094773,1.0072603,1.0055375,1.0090528,1.0085739,1.0085258,1.0041269,1.0079291
CHEK2,0.9997926,0.99991274,1.0003033,1.0002398,1.0001702,1.0001832,1.0002874,1.0001141
SLC43A1,1.0005689,1.0003091,1.0006435,1.0009553,1.0006644,1.0009696,1.000534,1.0010296
PIAS3,1.0050203,1.003871,1.0030712,1.0049804,1.0047512,1.0045476,1.0022799,1.0040997
RELB,1.0007837,1.000624,1.0004748,1.0007323,1.000728,1.0006561,1.0003616,1.0006481
SNTB1,1.0033547,1.0026164,1.0018871,1.0030584,1.0029742,1.0029027,1.0014882,1.0037323
JPH1,1.0028207,1.00217,1.0016835,1.0026886,1.0026674,1.0024433,1.0012319,1.0022857
TLX1,0.9969156,0.99765563,0.99812233,0.99684477,0.9970634,0.9970466,0.9985628,0.99710923
ZNF354A,1.0027534,1.0020628,1.0017369,1.0029533,1.0026648,1.0026947,1.0013264,1.0022728
TMPO,0.99485826,0.9960514,0.99688953,0.99485457,0.9950081,0.99527025,0.997634,0.9950596
NBN,0.9996736,0.9997954,0.99982923,0.9996591,0.9997581,0.99995404,0.9999875,0.9996794
HOXB6,0.9967625,0.99755025,0.998029,0.996688,0.9969337,0.99692196,0.99850154,0.9969264
IL27RA,1.0056566,1.004315,1.0034423,1.00561,1.0053941,1.0052328,1.002609,1.0051591
GPAM,0.99978507,0.9998361,0.9999263,0.9998243,0.9998088,0.9997584,0.9999442,0.99992883
CBX8,1.0050434,1.003958,1.0026295,1.0042912,1.004537,1.0039403,1.0019249,1.0041656
DCLRE1B,1.0025744,1.001943,1.0016862,1.0026366,1.0024475,1.0024546,1.0012902,1.0027184
POU3F2,0.99323034,0.9948509,0.99556506,0.9927081,0.99328065,0.9933765,0.9965973,0.9931834
ATG14,1.00111,1.000842,1.0006267,1.0010448,1.0009534,1.0008292,1.000424,1.0006318
ZNF483,1.0085809,1.006505,1.0055908,1.008984,1.0082892,1.0084722,1.0043138,1.0090514
KIAA0100,0.9995753,0.99961257,1.000008,1.0000083,0.99972415,0.99997735,1.0000496,0.99983186
SOAT1,0.99684405,0.99767315,0.998155,0.9968677,0.9969808,0.9969255,0.99859524,0.9972644
ZBTB24,0.99932617,0.9994936,0.99951816,0.9992247,0.99934566,0.9992633,0.9996297,0.9986272
AP3M2,1.0020529,1.001624,1.0010087,1.0016521,1.001709,1.0012618,1.0006692,1.0022885
FAM193B,0.996009,0.996948,0.9974116,0.99583733,0.99619794,0.9959818,0.9979832,0.99565274
FAM161B,1.0050745,1.0039136,1.0033927,1.0052552,1.0047841,1.00507,1.0026375,1.0057204
BICDL2,0.9975126,0.9980718,0.99858785,0.99756324,0.997645,0.99772537,0.99892473,0.9981312
PLA2G3,0.9962412,0.9971425,0.99777824,0.99623716,0.99647343,0.9964991,0.99832237,0.99674463
LRRC45,0.998049,0.99853325,0.9985715,0.99767494,0.9978487,0.9975139,0.9987763,0.9979341
FRS3,1.0024391,1.0018431,1.0015419,1.0025102,1.002204,1.0024401,1.0012044,1.0018559
VKORC1,0.99880445,0.99924433,0.99944377,0.9989395,0.99909437,0.9991169,0.99968857,0.9989921
EARS2,0.9993071,0.9994917,1.0001293,0.99997604,0.99979675,1.0000279,1.0002525,1.0010607
GJA10,0.9967072,0.99750435,0.9980099,0.9966529,0.996889,0.9968914,0.9984898,0.9969293
NCF2,0.99887604,0.9992167,0.99914247,0.9985214,0.9987103,0.99857455,0.99927545,0.99844766
UNCX,0.99779797,0.9983871,0.99865836,0.9976816,0.99793327,0.9978988,0.9990108,0.9979936
ACCS,1.0013795,1.0009161,1.000953,1.0014732,1.0014318,1.0016572,1.0007932,1.0017009
HTR2C,1.0064919,1.004936,1.0039542,1.0063801,1.005974,1.0060818,1.0030335,1.0066459
EGLN1,0.99359083,0.99508435,0.9959148,0.99326646,0.993761,0.99359095,0.99684465,0.99470085
MXI1,0.9906416,0.9928743,0.99403405,0.99020845,0.99086803,0.9908936,0.995399,0.990475
ERN2,1.0003703,1.0003076,1.0002022,1.000247,1.0002677,1.0002928,1.0001547,1.0002942
ALDH8A1,1.0068845,1.0051675,1.0041304,1.0067012,1.0060153,1.0063671,1.0030653,1.0056995
BLNK,0.9924761,0.99434185,0.99537754,0.9922894,0.99296546,0.9928823,0.9964783,0.9927784
GDF6,0.9995488,0.99967736,0.9998814,0.99971247,0.999676,0.99977946,0.9999718,0.99988496
TRRAP,1.005097,1.0038881,1.0032775,1.0052787,1.0048034,1.0051789,1.0025568,1.0041072
IRX4,1.0017477,1.0012252,1.0010555,1.0016294,1.0014483,1.0014489,1.0007367,1.0022664
FOXA2,0.9953586,0.9965899,0.9968664,0.9948724,0.9955228,0.9954716,0.9976524,0.9945747
ERAL1,0.9954826,0.9967427,0.99730897,0.99547064,0.9959831,0.99588096,0.998089,0.9960278
GCFC2,1.0019916,1.0015534,1.0012553,1.0019642,1.001855,1.00193,1.0010011,1.0018992
MFSD11,1.0021495,1.0016524,1.0016501,1.0024638,1.0022519,1.0024768,1.0013328,1.0026675
AGPAT1,1.0011694,1.0009602,1.0010347,1.0016208,1.0014907,1.0014768,1.0008502,1.0008264
CDC45,1.0038052,1.0030366,1.0025436,1.0041003,1.0037299,1.0033083,1.001837,1.0030786
NKX2-2,0.9995215,0.9998038,0.99968576,0.9995137,0.99970675,0.9995979,0.99987316,0.9994701
PRR14,1.0030322,1.0023808,1.0016152,1.0026441,1.002563,1.0021548,1.0010793,1.0023506
ZSCAN12,1.0038147,1.002855,1.0023156,1.0038605,1.0034704,1.0035305,1.0017397,1.0034697
WARS,0.9967072,0.99750435,0.9980099,0.9966529,0.996889,0.9968914,0.9984898,0.9969293
ZNF629,0.9987857,0.99897337,0.9993216,0.9988208,0.9988054,0.99899095,0.999488,0.9989232
FBXO21,0.9948764,0.9960673,0.99713147,0.9951426,0.9952086,0.9954101,0.9978144,0.9956579
NT5DC3,1.0053948,1.00412,1.0033839,1.0054164,1.0048021,1.0051534,1.0025661,1.0051937
DCAF4,0.9993364,0.9995668,0.99929786,0.9988952,0.999202,0.999226,0.9995698,0.9992328
RCOR2,0.99897337,0.99922895,0.9995853,0.9991708,0.9991659,0.9992837,0.99973834,0.99933195
GCGR,0.99676675,0.99754906,0.99803686,0.99670285,0.9969377,0.9969303,0.9985063,0.9969621
CHN1,0.9964615,0.9972905,0.9976866,0.9962193,0.9964329,0.9963896,0.99815947,0.9959886
FBXO31,1.0027341,1.0021334,1.0011959,1.0021058,1.0020679,1.0019605,1.0008686,1.0014629
CLGN,1.0066545,1.0051262,1.004144,1.0068606,1.0065219,1.006189,1.003134,1.0057604
NARS,0.9967072,0.99750435,0.9980099,0.9966529,0.996889,0.9968914,0.9984898,0.9969293
TMEM259,0.9983301,0.99881554,0.9988909,0.998248,0.99849117,0.99821925,0.99913496,0.997577
PTK6,0.99805206,0.9985086,0.9988247,0.9979994,0.9981237,0.99802244,0.9990925,0.99846375
BBS4,1.0033131,1.0025749,1.0021024,1.0033818,1.003222,1.0031404,1.0016333,1.0033206
SLC9A8,1.0015997,1.0012059,1.0009851,1.0016353,1.0016974,1.0015223,1.0007824,1.0014384
RIC8B,1.0043999,1.0033749,1.002557,1.0041517,1.004076,1.0039339,1.001908,1.0035638
SYN1,1.0040451,1.003021,1.0022202,1.003653,1.003279,1.0030642,1.001481,1.002916
SNX1,0.99890155,0.9993272,0.9993415,0.9988682,0.9991243,0.99885416,0.99953175,0.998703
GAS6,0.9985063,0.99890864,0.99894583,0.9982556,0.9984629,0.9985143,0.99922407,0.9977442
RALBP1,1.0000869,1.0000592,0.99979407,0.99971104,0.9998301,0.9995384,0.99974644,0.99973303
SLC8B1,0.9982759,0.99873185,0.9990405,0.9983632,0.9984808,0.9984878,0.9992927,0.99787474
PRKAA1,0.99973387,0.99988544,0.99958014,0.99928075,0.99953914,0.9992565,0.9996238,0.99913096
ACADSB,1.0012026,1.000921,1.0009489,1.0014267,1.0014427,1.0016849,1.0008817,1.0014226
FBXL20,0.99907494,0.9993444,0.9995804,0.99927723,0.999194,0.99919975,0.99965096,0.99849844
ZNF814,1.0024599,1.0018668,1.0017077,1.0027066,1.0022926,1.0023527,1.0012631,1.0024247
KRT76,0.99674165,0.99753034,0.9980261,0.99668217,0.99691755,0.996915,0.99849993,0.9969486
UIMC1,1.0016316,1.0012374,1.0010781,1.0017039,1.0015202,1.0017674,1.0008827,1.0016247
FUT10,1.0012202,1.0009286,1.0012939,1.0019324,1.0016066,1.0017645,1.0010979,1.0022309
PARVA,0.9998423,1.0000031,0.9997574,0.9995755,0.9998296,0.99958086,0.9998647,1.0002129
DRD2,0.9979465,0.99875087,0.99905276,0.9979986,0.9987509,0.9986289,0.9995477,0.99931574
SPAG6,0.9922061,0.99418306,0.99495554,0.991706,0.9925662,0.9924997,0.996306,0.99313325
RNF14,1.0013933,1.0010983,1.001091,1.0017465,1.0017204,1.001588,1.0008547,1.0006235
CTSF,0.99928844,0.9994484,0.99968493,0.99942887,0.99936867,0.9995992,0.9998436,0.9996588
HMG20A,0.99656415,0.99746305,0.99822366,0.9969964,0.9971376,0.9970937,0.9987166,0.9970678
RPAP3,1.0029852,1.0023646,1.001588,1.0025787,1.0025773,1.0025363,1.0012083,1.0025235
LTV1,1.0014305,1.0010492,1.0007038,1.0010563,1.0008359,1.0009954,1.0004611,1.0014939
SLC25A43,1.0000818,1.0001234,1.000005,0.99990594,0.9999571,0.99991596,0.9999999,1.0000482
SH2D3A,0.9972753,0.9979584,0.9982919,0.9971079,0.99735045,0.9973645,0.99869645,0.99736726
FASTKD5,1.0047944,1.0035976,1.0029409,1.0047967,1.0044054,1.0046042,1.0022665,1.0045844
KRT3,0.9967072,0.99750435,0.9980099,0.9966529,0.996889,0.9968914,0.9984898,0.9969293
EXOC5,0.99591136,0.99690616,0.99736965,0.99563575,0.9959818,0.99600995,0.9980179,0.99641657
KCNAB1,1.0008868,1.0006137,1.0004171,1.0006343,1.0005374,1.0007007,1.0003548,1.0016594
NIM1K,1.0000433,1.0001897,1.0002599,1.0002726,1.0003583,1.0002491,1.0003133,1.0004686
SVOPL,0.9971844,0.99785894,0.9982604,0.9970755,0.997301,0.99729156,0.9986748,0.99737525
NONO,0.9962942,0.99715626,0.99762,0.99606705,0.99628896,0.99631786,0.998121,0.9960295
ZNF473,1.0043979,1.0032927,1.0034364,1.0053732,1.0046642,1.0054365,1.0028625,1.0055052
BIRC2,1.0001894,1.0001146,1.0003957,1.0005174,1.0003102,1.0003705,1.0002992,1.0005528
USP35,1.0021107,1.0015893,1.0014532,1.0023015,1.0020843,1.0020335,1.001115,1.0024433
SLC22A13,0.997138,0.99783826,0.9982757,0.99708325,0.99731624,0.9973848,0.9987196,0.99721307
MEIOC,0.9995961,0.9997183,0.99981594,0.9996258,0.9996394,0.9996233,0.9998529,0.9996252
ONECUT3,0.9967072,0.99750435,0.9980099,0.9966529,0.996889,0.9968914,0.9984898,0.9969293
LRRC8A,0.9984178,0.99882036,0.99927235,0.99873066,0.9988266,0.99897146,0.9995583,0.9984293
MAML1,1.0017067,1.0013654,1.0011861,1.0018365,1.0017557,1.0018111,1.0009611,1.0013148
FAR1,0.99776375,0.99838305,0.9983989,0.9973471,0.99763906,0.9972936,0.9986572,0.9969733
POU2F3,1.0005715,1.0004706,1.0001736,1.0002974,1.0003452,1.0001525,1.0000448,0.99986655
SOCS5,1.0063876,1.0049176,1.0037754,1.0061295,1.0055792,1.0055567,1.002753,1.0055907
POU3F3,0.9922879,0.9941319,0.9951616,0.9920169,0.99247897,0.99252766,0.99631333,0.9934968
HNRNPDL,0.99283016,0.99450517,0.99546003,0.992494,0.99295205,0.99303496,0.99647164,0.9929137
ZNF622,0.9991865,0.99942374,0.99972,0.9993279,0.9993638,0.9994553,0.9998813,1.0003626
SLC13A2,0.9967072,0.99750435,0.9980099,0.9966529,0.996889,0.9968914,0.9984898,0.9969293
TFEB,0.999851,0.99986047,0.9998921,0.9997747,0.9997549,0.9998504,0.99990624,0.99949586
QDPR,0.99947786,0.99965155,1.0000132,0.999825,0.9997033,0.9998468,1.0000718,0.9997524
TTC30B,1.0024831,1.0020448,1.001628,1.0025259,1.0026195,1.002396,1.0013016,1.0022712
STK38,0.9969002,0.9976706,0.99806297,0.9967492,0.9970629,0.9969162,0.99848115,0.9967202
FBXL5,1.0003617,1.0003201,1.0003518,1.0004563,1.0004163,1.0003138,1.0002737,1.0011144
POU5F1,0.9993758,0.9994304,0.99960446,0.9993547,0.999344,0.9993994,0.99970937,0.99997
HSD3B7,0.9966816,0.9974892,0.9980557,0.99679714,0.9969778,0.99696434,0.99853325,0.99661595
SGMS1,1.001725,1.0013211,1.0013897,1.0021603,1.0017244,1.0016954,1.0009938,1.0018921
CCNL2,0.99284226,0.9945563,0.99557877,0.9927485,0.99323404,0.9931035,0.9966016,0.9933597
FAM149B1,1.0019554,1.0015757,1.0010191,1.0016441,1.0017662,1.0015664,1.0007455,1.0009942
NUP54,1.0012496,1.0009787,1.0008261,1.0012627,1.0011848,1.0008562,1.0005344,1.0016601
UVRAG,1.0013944,1.0010827,1.0010208,1.0015904,1.0013255,1.0015125,1.0008205,1.0015321
CYP51A1,0.9974127,0.9980397,0.9984752,0.9973507,0.9974782,0.99767447,0.99886286,0.99766505
KRT33B,0.996326,0.99722165,0.9977845,0.99628305,0.99654746,0.99655163,0.9983257,0.99656135
OTX1,0.99520564,0.99644876,0.99729955,0.9954684,0.9956368,0.9953141,0.9978671,0.9950238
CFAP100,1.0053383,1.0039505,1.0030342,1.0049952,1.0045614,1.004703,1.0022317,1.0048791
SP4,0.9992975,0.9994682,0.9996172,0.9993545,0.9992174,0.9991624,0.9996493,0.99967563
KRBA1,1.0010912,1.0008472,1.0009735,1.0014455,1.001312,1.0013006,1.0007838,1.0014187
ZNF180,1.0029675,1.0021307,1.0019794,1.0031345,1.0028837,1.003098,1.0015328,1.0030588
LIAS,1.0058134,1.0044658,1.0034481,1.005516,1.0052285,1.0050523,1.0025474,1.0057071
ADAM32,0.99703807,0.9977948,0.99816287,0.99692047,0.9972235,0.9971156,0.9986121,0.99729156
SNIP1,1.007412,1.0056345,1.004358,1.0071232,1.006536,1.0066296,1.0032164,1.0059935
CLCA4,0.9966594,0.9974672,0.9979802,0.99660647,0.9968447,0.9968443,0.99846673,0.9968895
TNFRSF25,1.0022949,1.0017123,1.0014062,1.0023118,1.0021621,1.0021305,1.0010391,1.0015876
ZW10,1.0047284,1.0037069,1.0026561,1.0044396,1.0043573,1.0036609,1.0018955,1.0041369
TES,0.9999604,0.999962,0.99957204,0.99927497,0.9995737,0.99945664,0.99958694,0.9991005
LMNTD2,0.9991039,0.99928147,0.9994006,0.9989152,0.99900925,0.9989441,0.99948597,0.9991555
SPHK2,1.0012352,1.0010242,1.0004253,1.0007058,1.0010703,1.0011276,1.0004264,1.0001001
CRMP1,0.9894453,0.9919699,0.99360967,0.9894005,0.9900024,0.9900713,0.99506885,0.98956287
LCMT2,1.0016085,1.001277,1.0012531,1.0018568,1.001694,1.001859,1.0010513,1.0017337
SLC44A3,0.9979129,0.99843514,0.9988456,0.9980255,0.9981798,0.9982212,0.9991708,0.997887
SLC2A9,0.99733657,0.99797606,0.99837875,0.9972547,0.9974414,0.99746823,0.99876386,0.9975362
CLK1,0.99519,0.996282,0.9968455,0.9947846,0.9951093,0.99515164,0.9975077,0.9952161
OSGIN1,0.9993069,0.99945474,0.9993973,0.9989413,0.9990599,0.9990579,0.99948895,0.99923116
GUCY2F,1.0016615,1.001233,1.0009911,1.0015624,1.0015728,1.0014974,1.0007446,1.0016625
CIR1,1.0008717,1.0006475,1.0005159,1.0008097,1.0007554,1.0008144,1.0004051,1.0010893
TEAD3,1.0037236,1.002874,1.0022393,1.0036016,1.0034552,1.003351,1.001698,1.003437
KPNA3,0.9954761,0.99660766,0.99722403,0.9953474,0.99569345,0.9956949,0.99790025,0.99577975
CYP4A22,0.99676675,0.99754906,0.99803686,0.99670285,0.9969377,0.9969303,0.9985063,0.9969621
GPC2,0.9892727,0.99185514,0.99331975,0.9890476,0.989939,0.9898368,0.9949124,0.9894687
PRSS23,0.99465513,0.99583066,0.9966109,0.9943168,0.9946642,0.99503255,0.9974916,0.9957917
TAF6L,0.99585176,0.9967811,0.9977541,0.9961674,0.99627554,0.996463,0.9984057,0.9976962
DAPK2,0.9974493,0.9981488,0.9981884,0.99698776,0.9973315,0.99714124,0.99855894,0.9967105
FOXJ1,1.000606,1.0005144,0.99976844,0.9996225,0.9999848,0.9994322,0.99975324,1.0015527
FRRS1,0.9968282,0.997576,0.99806845,0.9967734,0.99697953,0.9969152,0.99850243,0.9970301
CYP46A1,0.99967825,0.9997667,0.99982023,0.99974465,0.9996646,0.9994376,0.99976444,0.9994082
FZD2,0.99418175,0.9955106,0.9964161,0.9941436,0.99434805,0.9943528,0.99725384,0.9950236
DOK5,0.9983679,0.9988307,0.999028,0.99827147,0.9983151,0.9982201,0.9992144,0.998616
CCNT1,1.0030571,1.0023631,1.0020576,1.0032275,1.0029047,1.0030596,1.0015585,1.0023978
DIS3,1.0001231,1.0001497,0.99983317,0.9997106,0.99998045,0.9996358,0.99979913,0.99959797
PRPSAP1,0.99663347,0.99739826,0.9981929,0.9969002,0.99685943,0.997084,0.9986601,0.9973955
JHY,1.0049536,1.0037671,1.0030353,1.0049081,1.0047678,1.00481,1.0023612,1.004258
INTS9,1.0042098,1.0032508,1.0026759,1.0043353,1.0039685,1.0039067,1.0020223,1.0041965
UMPS,1.000337,1.0002818,1.0004349,1.0006144,1.0003798,1.000393,1.0003146,1.0004102
ALG12,0.9969537,0.9977026,0.99828935,0.9971059,0.9972919,0.997196,0.99870884,0.9972218
STAT2,0.9985945,0.9988452,0.99931157,0.9987629,0.99858475,0.9987984,0.99948394,0.9997325
PATZ1,1.0008955,1.0005959,1.0003812,1.0007035,1.0006168,1.0006136,1.0002285,1.0003654
POU4F2,0.9979031,0.9983585,0.99888873,0.9980234,0.9980548,0.9984126,0.99920404,0.9978806
EIF2B2,1.0004661,1.0004508,1.0006988,1.0009737,1.0008,1.001061,1.0006657,1.0003364
MINDY2,0.9988169,0.99908984,0.9991559,0.99862576,0.9988279,0.9987583,0.9993496,0.99859625
FMO5,0.9993781,0.9995604,0.9993118,0.998888,0.99907184,0.99882936,0.9993699,0.99880505
THOP1,0.9995373,0.9996331,0.99977815,0.9996419,0.99955654,0.9995551,0.9998254,0.99942684
PACSIN2,1.0026115,1.0020313,1.0015037,1.0024363,1.0023971,1.002362,1.0011442,1.0019444
C17orf66,0.9967072,0.99750435,0.9980099,0.9966529,0.996889,0.9968914,0.9984898,0.9969293
ZNF136,1.0037658,1.0028709,1.0021497,1.0035568,1.0033853,1.0032905,1.0015595,1.0023632
RBM23,1.0001739,1.0002072,1.0002909,1.0002532,1.0002058,1.0001915,1.0002086,1.0005441
WFIKKN2,1.0019324,1.0015217,1.0011499,1.0017946,1.0017099,1.0017902,1.0009031,1.0017143
FBXL4,1.0033168,1.0024832,1.0022292,1.0035701,1.0032113,1.0035614,1.0017903,1.0036098
GSPT2,0.99598676,0.9969225,0.9976143,0.9960616,0.99622583,0.9960994,0.9981297,0.9961094
THNSL2,1.0021085,1.0016402,1.0012369,1.002018,1.0019739,1.0019324,1.0009869,1.0019828
PPHLN1,0.9981043,0.99858654,0.9987959,0.99799716,0.99819714,0.99815106,0.9990845,0.9980563
MFSD1,0.9974202,0.99809885,0.99874496,0.9978095,0.99788046,0.9980068,0.99916196,0.9980831
ZSCAN10,0.9967072,0.99750435,0.9980099,0.9966529,0.996889,0.9968914,0.9984898,0.9969293
TMEM145,1.0007594,1.0005857,1.0005757,1.000989,1.000898,1.0007577,1.0004272,1.0003204
IL17RA,0.99825567,0.9985728,0.9988164,0.9979967,0.99823695,0.99825865,0.99905264,0.99802953
FUCA1,1.0005534,1.0004722,1.0003585,1.0004475,1.0005159,1.0006514,1.0003357,1.000085
PTBP3,0.98737264,0.99039936,0.992382,0.98737717,0.9881377,0.98813474,0.9941622,0.9879466
SLC25A28,1.0045569,1.0034604,1.0028415,1.0046582,1.0043327,1.0041611,1.0021101,1.0041903
KCNJ10,0.99276394,0.9944457,0.99611914,0.9934589,0.99349385,0.99375147,0.99713993,0.9946631
TUBD1,1.0006876,1.0006422,1.0001332,1.000254,1.0003111,1.0002098,1.0000682,0.99975103
IQCE,1.0002828,1.0002608,1.0004234,1.0006071,1.0004463,1.0003662,1.0003383,1.0003557
ETV4,0.9957905,0.99696857,0.99788445,0.9964001,0.9964597,0.99638736,0.9984758,0.9963441
CHST15,1.0007259,1.000672,1.0001949,1.0003097,1.0004923,1.0002832,1.0001026,0.9996494
GBP6,1.0004396,1.000349,1.0004277,1.0005322,1.0003273,1.0006369,1.0003552,1.0002881
CSAD,0.99584794,0.99682534,0.9971998,0.99542624,0.99564624,0.99551666,0.9977473,0.99566406
MACC1,0.99647486,0.9972874,0.99783427,0.996412,0.9966689,0.9964465,0.998273,0.9970782
SLC1A5,1.0025024,1.0019226,1.0016106,1.0026264,1.0023558,1.0022858,1.0011704,1.0014601
DALRD3,1.0039198,1.0029693,1.0028344,1.0045244,1.0041564,1.004462,1.0023358,1.0047024
CEP57,0.999522,0.99966383,0.9998455,0.9996546,0.9995545,0.99973536,0.99989855,0.9993031
TOM1,1.0000474,1.0001812,0.99982446,0.999642,0.9999518,0.99972457,0.9998878,0.99974215
SGO2,1.0009462,1.0008459,1.0006269,1.0009996,1.000896,1.0007815,1.0004953,1.0004447
SLC25A5,0.99800134,0.9984666,0.99888825,0.99809057,0.9981518,0.9982457,0.999166,0.99828494
POU3F4,1.0075884,1.0058669,1.0046163,1.0075623,1.00709,1.006941,1.0034919,1.0067394
TRAF3,1.0024673,1.001931,1.0014743,1.0025257,1.0024445,1.0021709,1.0011344,1.0020387
CDCP1,0.9988588,0.9991375,0.9992252,0.9987099,0.9988812,0.99870086,0.9993743,0.9990574
EFCAB13,1.0014896,1.0011253,1.0011566,1.0017078,1.0015709,1.0018191,1.000989,1.0020565
CDYL,1.0007005,1.0004653,1.000903,1.0013176,1.0008256,1.0009712,1.0007105,1.0025262
TBRG4,1.0011027,1.0008299,1.0005628,1.0008004,1.000864,1.0008714,1.000414,1.0009058
LAP3,0.9992362,0.9995606,0.9998394,0.99958134,0.9996065,0.9995667,0.999954,0.99945897
CHST8,0.99762774,0.99828064,0.9986081,0.9976866,0.9978782,0.9977133,0.9989755,0.9976951
CNDP2,0.9995769,0.9996551,0.9998257,0.99967575,0.9995371,0.9997435,0.9998849,0.99945617
TFCP2,0.9971546,0.99782705,0.99819195,0.997074,0.997169,0.9971311,0.99858093,0.99697924
MTPAP,0.9952512,0.9964298,0.9971715,0.99532455,0.9956481,0.9956261,0.99787164,0.9953511
TXLNA,1.0014658,1.0012083,1.0004828,1.0008104,1.0010024,1.0005976,1.0002623,1.0007482
CHRNA6,1.0036416,1.002768,1.0021498,1.0035241,1.0033478,1.003298,1.0016043,1.0032206
MAPK3,0.9966824,0.9974642,0.9982952,0.9971415,0.997213,0.99722123,0.9987645,0.99714434
NCOA4,1.0005556,1.0003353,1.0002937,1.0004497,1.0003242,1.0004499,1.0001855,1.0006982
FANCC,1.0053036,1.0040132,1.0034089,1.0054852,1.0050436,1.0051575,1.0026089,1.0051862
NASP,0.9985408,0.9988557,0.9990318,0.9983749,0.99844253,0.9984621,0.9992069,0.9984998
UACA,0.998437,0.9988698,0.9986117,0.99779665,0.99790704,0.9974096,0.9986866,0.99720114
FARS2,1.0047272,1.0035733,1.002449,1.00404,1.0039271,1.0036836,1.0017176,1.0036348
SLC1A7,0.99678564,0.99756324,0.99804443,0.99671793,0.99695253,0.9969406,0.99851036,0.9969706
MARCH6,0.9967072,0.99750435,0.9980099,0.9966529,0.996889,0.9968914,0.9984898,0.9969293
FZD4,0.9991608,0.9993415,0.9993024,0.99893963,0.99894416,0.99890184,0.9994155,0.99862933
TNIP1,1.0020299,1.0015929,1.0012287,1.0019909,1.001634,1.0015352,1.0008498,1.0018876
UBA2,0.99281096,0.99464935,0.9958538,0.99311554,0.993603,0.99358964,0.9969342,0.9929249
TOP1MT,1.0049419,1.0037549,1.0028213,1.0046201,1.0044336,1.0042522,1.0020539,1.0039246
ZBTB48,1.0037872,1.0028198,1.0023494,1.0038097,1.0034815,1.0033895,1.0017508,1.0043645
CTCFL,1.0011805,1.0009114,1.0006386,1.0010643,1.0009415,1.0007079,1.0003791,1.0007339
KPNA2,0.9920846,0.99401766,0.99503225,0.99177325,0.99234426,0.9922998,0.99617,0.99202895
NFKBIZ,1.0038261,1.0027937,1.0022521,1.003509,1.0032322,1.0036013,1.001698,1.0036182
MMACHC,1.0002995,1.0003886,1.0002592,1.0003369,1.0004826,1.0003655,1.0002605,1.0000236
PMPCB,0.99913144,0.9994099,0.999807,0.99957716,0.9995595,0.999477,0.9999054,0.9994842
SLC25A47,0.99704266,0.997761,0.9982058,0.9969722,0.99718946,0.99719214,0.99863696,0.9972445
PIAS2,1.0012033,1.0010202,1.0005705,1.000905,1.0011207,1.0008315,1.0004138,1.0004714
CCDC173,1.0006536,1.000572,1.000631,1.0010012,1.0007828,1.0007617,1.0005523,1.0014986
MZF1,1.0000166,1.0001283,1.0000424,1.0001236,1.0002525,0.9998137,1.000025,0.9998727
RDH12,0.9971539,0.99784875,0.99840045,0.99729013,0.9975232,0.9975262,0.99882245,0.99737287
SOX4,0.9910661,0.99317646,0.9943521,0.9906881,0.99128336,0.9913522,0.99562067,0.99100065
CDC14B,1.0032132,1.0025287,1.0019178,1.0031276,1.0028775,1.0029093,1.0014238,1.0016375
BNC1,0.99739254,0.9980266,0.99845225,0.9973992,0.9975823,0.9976293,0.9988431,0.9974091
RTN3,0.9948495,0.99611694,0.9968531,0.9947678,0.9950832,0.9950495,0.997561,0.994859
UGT1A6,0.9967072,0.99750435,0.9980099,0.9966529,0.996889,0.9968914,0.9984898,0.9969293
SLC18A3,0.9982848,0.99864316,0.99904203,0.9984345,0.99832094,0.9980035,0.9991483,0.9991363
KRT7,0.990752,0.9928738,0.9944501,0.99090755,0.99132913,0.99133754,0.9957558,0.9917675
DDO,0.9955597,0.99665236,0.99732715,0.99553525,0.99585724,0.9958604,0.9979908,0.9958133
CMAS,1.0021038,1.0016555,1.0012442,1.001945,1.0019095,1.0019165,1.0009539,1.0017008
CYP1A2,1.0016546,1.0013177,1.0009232,1.0014663,1.0014762,1.0015798,1.0007721,1.0015159
SLC23A3,0.997668,0.99820924,0.9987011,0.9977472,0.9978228,0.9979458,0.9990326,0.99810946
PBX3,0.98175955,0.9861908,0.9883949,0.9809779,0.98242456,0.9821135,0.99102753,0.98186994
PLXDC1,0.99096304,0.9933059,0.9945501,0.99091315,0.9917016,0.9916921,0.9959748,0.99133277
TEAD2,1.0012962,1.001051,1.0006218,1.0010339,1.0011632,1.001191,1.0005817,1.0012279
CC2D2B,0.99751765,0.9981589,0.99866736,0.9976711,0.9978074,0.9978243,0.9990305,0.99790025
TTC14,0.9945941,0.99598044,0.99682474,0.99463385,0.99503416,0.99505717,0.99766684,0.9956876
USP1,0.99061865,0.99292946,0.9942128,0.9905318,0.99118936,0.99110085,0.99564207,0.991006
SLC9A6,0.99532735,0.99650043,0.9973309,0.9955746,0.9958061,0.9961253,0.9980897,0.9948913
FBRS,0.9980299,0.99844646,0.9986949,0.9979027,0.9979377,0.9977428,0.99891895,0.9984325
SRPK3,0.9983387,0.99884903,0.9989219,0.998165,0.998349,0.9981592,0.9991617,0.9983097
SERPIND1,0.9980236,0.9985118,0.9987449,0.9978584,0.9980372,0.99800754,0.9990312,0.9982032
TMPRSS2,0.9963565,0.9972309,0.9978731,0.99643147,0.99663115,0.9966221,0.9983868,0.9967725
ARGLU1,0.9955212,0.99659073,0.99721014,0.9953699,0.9956209,0.9955495,0.9978162,0.9959661
ZBTB1,1.0006849,1.0005168,1.0003725,1.0005274,1.0005102,1.000355,1.0002296,1.0010276
VANGL2,0.99828887,0.998799,0.9988471,0.99804926,0.99834704,0.99822223,0.9991132,0.99780345
TSTA3,0.9981564,0.99859476,0.9991756,0.9985834,0.99854434,0.9986418,0.9994608,0.99881697
ZNF235,1.0048654,1.0036871,1.0032992,1.0052737,1.0049754,1.0051962,1.002663,1.0051949
SLAIN1,1.0010202,1.0006881,1.0004528,1.0007527,1.0006615,1.0008138,1.0003242,1.0006734
ZBTB16,1.0034982,1.0025285,1.002248,1.0036236,1.0033042,1.0031953,1.0016738,1.0048543
BIN1,0.99685705,0.9975695,0.9982021,0.99699634,0.9970975,0.9972774,0.99865353,0.9967606
AC005358.1,0.9967072,0.99750435,0.9980099,0.9966529,0.996889,0.9968914,0.9984898,0.9969293
KIAA1024,0.9967072,0.99750435,0.9980099,0.9966529,0.996889,0.9968914,0.9984898,0.9969293
ANAPC7,1.0014843,1.0011487,1.0011567,1.001793,1.0016026,1.0017068,1.0009283,1.0014081
CES2,0.99989974,0.999959,1.000396,1.0004876,1.0001874,1.0005113,1.0004282,1.0004985
BEND4,1.0074599,1.0057172,1.004191,1.0069102,1.00674,1.0065285,1.0031135,1.0056677
CDHR4,0.99637234,0.99725497,0.9978609,0.99638057,0.996598,0.9966406,0.9983813,0.996625
DPYSL4,0.9980072,0.9985106,0.99890506,0.9980695,0.99826133,0.9983124,0.9992187,0.99815744
SLC49A3,1.0001909,1.000077,1.0000846,1.0000671,1.0000044,1.0000947,1.0000191,1.0001084
AHI1,0.991817,0.9938458,0.9950916,0.99188673,0.99235713,0.99209076,0.99620485,0.9925528
SPATA18,1.001066,1.0008227,1.0005774,1.0008764,1.0008378,1.0009819,1.0004855,1.0011941
POLM,1.0026667,1.0020506,1.0016633,1.0027702,1.0025556,1.002537,1.0012444,1.0013343
ZNF780A,1.0044283,1.0034493,1.0022092,1.0037558,1.0037102,1.0035117,1.0015932,1.0022515
VCP,0.9986558,0.9990194,0.9991631,0.99852,0.99863386,0.9986291,0.99935615,0.9988562
C6orf10,0.9967072,0.99750435,0.9980099,0.9966529,0.996889,0.9968914,0.9984898,0.9969293
DHDDS,1.0049074,1.0038656,1.0032065,1.0050218,1.0046762,1.0046968,1.0024565,1.004897
MFSD6L,0.999094,0.9992921,0.9992838,0.9988009,0.9988905,0.9988241,0.9993861,0.99879813
FLYWCH1,1.0003682,1.0003432,1.0002921,1.0005014,1.0004514,1.0003531,1.0002375,0.9998007
CNBD2,0.99882627,0.9991733,0.9994155,0.9989634,0.9990649,0.9991827,0.99966645,0.9987856
TENT2,1.002277,1.001791,1.0012064,1.0019914,1.0020075,1.001963,1.000943,1.0016924
IPO9,0.9986248,0.99905646,0.9987619,0.99790704,0.9984479,0.99823594,0.99904144,0.99820006
ZMPSTE24,0.99722373,0.99792755,0.9985478,0.997532,0.99759287,0.9978689,0.9990159,0.99715745
ZPR1,1.0019444,1.0014701,1.0014291,1.0021497,1.0019279,1.0020524,1.001108,1.0021188
MLC1,0.99472916,0.99612033,0.9965204,0.9943361,0.9948906,0.99445117,0.997336,0.99480045
CTNS,1.0024173,1.0018405,1.0014402,1.0023654,1.0021834,1.0021417,1.0010697,1.001834
LMOD2,0.9967072,0.99750435,0.9980099,0.9966529,0.996889,0.9968914,0.9984898,0.9969293
DNAAF3,0.9980379,0.9985444,0.99876714,0.9979509,0.9982368,0.9980727,0.99908507,0.99785006
IL1RAPL1,1.0037781,1.0029052,1.0026801,1.0042384,1.0037563,1.004246,1.002181,1.0035946
MRI1,1.0006297,1.0005038,1.0002741,1.0004848,1.0006244,1.0005372,1.0002286,1.0000895
BTD,1.0015877,1.0012028,1.0010794,1.0017142,1.0015005,1.0014894,1.000807,1.0014386
RSPH3,1.0053647,1.0041918,1.0031736,1.0050653,1.0049632,1.0046738,1.0023878,1.0051558
OTUD5,1.0040331,1.0029296,1.0023458,1.0038611,1.0034108,1.0033981,1.0016485,1.0038694
CYP26B1,1.0030141,1.0021783,1.0019267,1.0031515,1.0028434,1.0024862,1.001365,1.0042417
DDX20,0.9996731,0.9996832,0.9996713,0.9993382,0.9994823,0.99981976,0.99981487,0.99942505
SLITRK6,1.0079532,1.0059994,1.00489,1.0079018,1.0074415,1.0076724,1.0037683,1.007638
SPATS2,0.9990178,0.99921405,0.9993438,0.9989157,0.9990437,0.99899316,0.99948585,0.9989013
DCX,0.989856,0.992275,0.9936695,0.98954487,0.99028873,0.9902654,0.9950975,0.98979807
HNRNPA1,0.99722016,0.99790514,0.99824816,0.99708843,0.997222,0.9971856,0.9986133,0.9971204
FGG,0.9967193,0.99751383,0.997998,0.9966437,0.99689627,0.9968946,0.99848247,0.99686754
PLCZ1,0.99674165,0.99753034,0.9980261,0.99668217,0.99691755,0.996915,0.99849993,0.9969486
DRC1,1.000273,1.0002477,1.0001272,1.000087,1.0002135,1.0001957,1.0001893,1.0011162
PPP1R16B,1.0011277,1.0009091,1.0006068,1.0009702,1.0010632,1.0011053,1.0005254,1.0005816
SGPL1,0.99627084,0.9971601,0.997985,0.99660593,0.9966333,0.99702084,0.9985832,0.99667096
FOXN2,1.0029418,1.0022354,1.0017525,1.0027784,1.0025876,1.0026691,1.0013478,1.0035505
MKNK2,0.9998658,0.9997867,0.9997313,0.99954784,0.99953425,0.99944806,0.9996681,0.99965566
TTC38,1.00051,1.0004585,1.00008,1.0001494,1.0003495,1.0001413,1.0000187,0.99949485
TH,0.98894167,0.9916214,0.9932442,0.9887353,0.98932326,0.9887557,0.9946526,0.9911313
ZBED4,0.9975908,0.99809307,0.9986111,0.9977143,0.9979217,0.9981711,0.999065,0.99786913
CNOT4,1.0025349,1.0020026,1.0014713,1.0024108,1.0023298,1.0019361,1.0010415,1.0027155
CPVL,0.99260056,0.9945001,0.99541366,0.99243534,0.9931226,0.99301225,0.9965571,0.9926666
KPNA4,0.99641633,0.99735796,0.99784636,0.99646795,0.99660754,0.99636424,0.99831104,0.9966541
NOM1,1.00331,1.0026411,1.0022994,1.0036844,1.0034832,1.0030394,1.0017157,1.0032241
KLHL38,0.9967072,0.99750435,0.9980099,0.9966529,0.996889,0.9968914,0.9984898,0.9969293
CNTN1,0.9951129,0.99647427,0.99741936,0.9955554,0.99568033,0.99562323,0.9980835,0.9956749
SLC25A31,0.99630404,0.99720514,0.99777544,0.99626535,0.99653006,0.996539,0.9983207,0.99655044
TRDMT1,1.0029539,1.0022141,1.0019809,1.0032552,1.002984,1.0031137,1.0015929,1.0030361
AMH,1.003058,1.0023587,1.0014559,1.0024682,1.0025089,1.0023583,1.0010233,1.0016807
DDX56,1.0019511,1.0015419,1.0008887,1.0014031,1.0013269,1.0011171,1.0005324,1.0015128
PWWP2A,0.9994079,0.99939775,0.9997864,0.9996232,0.9993763,0.9996673,0.99982363,0.99953026
ANGPTL6,0.9966992,0.9974611,0.9981178,0.9968262,0.9969665,0.9970318,0.9985869,0.9972055
PLD1,1.0021667,1.0016334,1.0011027,1.0018126,1.0017623,1.0017471,1.0007678,1.0013405
SMU1,0.9988582,0.9990647,0.9996797,0.99932873,0.99914587,0.99923664,0.9997791,1.0000186
IL17RD,0.9976671,0.99830043,0.9986471,0.9977124,0.9978639,0.9976554,0.9989727,0.9981737
POM121,1.0033357,1.0025861,1.001538,1.0026433,1.0026996,1.0022783,1.0010376,1.0022734
CD44,1.0008594,1.0006576,1.0007185,1.0011327,1.0009766,1.0008447,1.0005523,1.0012456
ZNF112,1.0022347,1.0016652,1.0014348,1.0023284,1.0021123,1.0021467,1.0011325,1.0027627
GCM2,0.9975202,0.9981231,0.99859047,0.9975862,0.99771214,0.9977981,0.99895746,0.9977814
STK35,0.9975078,0.99801636,0.9988035,0.99793947,0.9978739,0.9980246,0.9991753,0.9992592
GJA5,0.9990788,0.9992862,0.99946314,0.9990735,0.99907154,0.9990957,0.99955255,0.9988744
CYP11B1,0.996326,0.99722165,0.9977845,0.99628305,0.99654746,0.99655163,0.9983257,0.99656135
HOXC9,0.9974469,0.9980716,0.9984572,0.9973898,0.99757147,0.99758816,0.9988289,0.99752504
KCTD5,0.9967283,0.99754786,0.99786645,0.99643874,0.99688625,0.9968383,0.99845946,0.997142
CYP2W1,0.99659264,0.9974142,0.9979923,0.996603,0.99678767,0.99683845,0.9984765,0.99683106
ITPKB,0.9969488,0.9977137,0.9982191,0.9969976,0.9970107,0.997029,0.99865294,0.99738467
AIP,0.99989,0.9998863,1.0000782,1.0000962,0.99998057,1.0000039,1.0000826,1.0003626
TNNT3,0.9980118,0.998508,0.99880326,0.99796987,0.9980755,0.9980525,0.9990748,0.9981338
FBXL13,1.0073467,1.0056722,1.0041277,1.0068048,1.0064743,1.0062776,1.0030471,1.0058374
RAD50,0.99808353,0.9985417,0.99886626,0.9980641,0.9980783,0.99844325,0.99919724,0.997822
AOC3,1.0003941,1.0003084,1.0002562,1.0003259,1.0002966,1.000355,1.000171,1.0000112
SYBU,0.99908173,0.9993163,0.99958366,0.9993386,0.9992625,0.9998676,0.99985635,0.99813217
FAM205A,0.9967072,0.99750435,0.9980099,0.9966529,0.996889,0.9968914,0.9984898,0.9969293
ZNF729,0.99936086,0.99951917,0.99959034,0.9992703,0.999377,0.99925923,0.9996567,0.99933934
EDNRB,0.9967027,0.99750113,0.99776,0.9964158,0.9963814,0.9963212,0.9981967,0.996572
COG8,1.0009787,1.0007875,1.0005794,1.0009146,1.0008754,1.000779,1.000412,1.0004991
SLC1A1,1.0037332,1.002909,1.001968,1.0032933,1.003209,1.0031335,1.0015106,1.0034571
ZNF574,1.001178,1.0008003,1.0011302,1.0016943,1.0011148,1.0016463,1.0009117,1.0015528
HDAC8,1.0050108,1.0037439,1.0032668,1.0052454,1.0047108,1.0049363,1.0024885,1.0049537
TFCP2L1,1.0008457,1.0006334,1.0005414,1.0007696,1.0005816,1.0007766,1.0003859,1.0004581
ARHGAP25,1.0005684,1.0003924,1.0002024,1.0002805,1.0003068,1.000344,1.0000995,1.000048
PAX3,1.0015024,1.0011641,1.0009279,1.001492,1.001446,1.0015287,1.0007148,1.0002354
LMBR1,0.99810815,0.998515,0.99807966,0.99699616,0.9973371,0.9969024,0.9983093,0.99771535
PATL2,0.9978409,0.9983641,0.9986589,0.9977355,0.99792325,0.99795437,0.9989974,0.997962
PRTG,1.0016602,1.0012803,1.0009291,1.0015937,1.0014243,1.0015411,1.0007572,1.0014896
NPRL3,1.0033485,1.0025808,1.0021675,1.0035251,1.0031703,1.0030459,1.0016092,1.0029491
FBXO33,1.0013914,1.000998,1.0009776,1.0016032,1.0014073,1.0014272,1.0007284,1.0012249
KRT31,0.9797745,0.9847849,0.9874198,0.9793751,0.98116523,0.9811778,0.9907421,0.98192906
CEL,0.9995357,0.9995964,0.9998201,0.99960774,0.99964774,0.99987155,0.99993396,0.99978983
ERO1A,1.0013742,1.0011197,1.000721,1.0011454,1.0013322,1.0012041,1.0005682,1.0005162
THBS1,0.9929447,0.9946037,0.9956124,0.99281883,0.9933773,0.9934589,0.9967938,0.9944438
MIGA1,0.9991206,0.9993171,0.99993217,0.9996774,0.9994962,0.99980485,1.0000786,1.0004737
CLP1,1.0040836,1.0029774,1.002008,1.0033389,1.0031838,1.0030968,1.0013666,1.0034715
CLK4,0.9990129,0.9992157,0.99971306,0.9994068,0.9992146,0.99938416,0.9997911,0.9991588
VSX2,1.001046,1.0007966,1.0006825,1.0010135,1.0009918,1.000989,1.0005254,1.0011675
SLC33A1,1.0038402,1.0030279,1.0024953,1.0038898,1.0036836,1.0034081,1.0018495,1.0040636
ANXA6,1.0000563,1.0000371,1.0002308,1.0002574,0.9999773,1.0000684,1.000208,1.0015113
STRC,0.9990021,0.99927217,0.9994174,0.99889934,0.99905264,0.9990777,0.99960375,0.9995767
RACK1,0.99763536,0.9981399,0.9983759,0.99730295,0.9974729,0.9975239,0.99867344,0.9972693
IGSF8,0.9993126,0.99939764,0.9999068,0.99969757,0.99947196,0.9997815,0.99999976,1.0004616
MBOAT7,1.0032023,1.0024452,1.0017722,1.0028992,1.0026767,1.0026331,1.0012623,1.002354
USP30,1.0006592,1.00051,1.0004659,1.0007484,1.0005991,1.0008285,1.0004168,1.0005128
COG6,1.0060419,1.0046316,1.0035782,1.0058186,1.0055267,1.0053465,1.0026932,1.0062288
TBC1D19,1.0008795,1.0006759,1.0005361,1.0009156,1.0007544,1.0007343,1.0004028,1.0006407
KRT36,0.99685913,0.99761105,0.99809134,0.996796,0.9970165,0.9970076,0.9985424,0.9970597
EEFSEC,0.9953873,0.9965534,0.99734735,0.9955231,0.99598545,0.995909,0.9981036,0.9967183
SRRM4,0.99474716,0.99598837,0.9966816,0.99445534,0.99489105,0.99491143,0.99740446,0.99448645
UGT1A10,0.9968146,0.99758285,0.9980695,0.9967543,0.99697936,0.9969673,0.99852663,0.99701464
LRRC8D,1.0029947,1.0023074,1.0018096,1.0029101,1.0028987,1.0028133,1.0013815,1.0023048
ZSCAN29,1.0019307,1.0014043,1.0015106,1.0023389,1.0020092,1.0023448,1.0012177,1.0022831
MAPK6,0.99630976,0.9971485,0.99766773,0.9961113,0.996486,0.99661213,0.9982165,0.9957946
STK25,0.999779,0.9999237,0.9995714,0.9993848,0.9995948,0.9993383,0.9996157,0.9985801
PLA2G4A,1.0017794,1.0012859,1.000951,1.0015455,1.0013888,1.0013709,1.000629,1.0012679
B4GALT3,0.996144,0.9970105,0.9980133,0.99658406,0.99664587,0.99695516,0.9985703,0.9968509
SNX18,1.0012021,1.0009226,1.0007806,1.0012782,1.0010931,1.0010121,1.0005528,1.0010552
ZNF135,0.9988897,0.9991275,0.9990761,0.99841607,0.99860466,0.99884856,0.99932694,0.9986667
PIK3AP1,0.999123,0.99926054,0.9995681,0.99916774,0.9991866,0.99940026,0.999694,0.99924064
FOXN1,0.9995343,0.9996499,0.99967194,0.9993739,0.99946064,0.9994848,0.99974203,0.9994787
CPZ,1.0009753,1.0007254,1.0005739,1.0008432,1.0007919,1.0007141,1.0003583,1.000867
ATP6V1B1,0.99807495,0.9985645,0.99860215,0.99769896,0.99797666,0.9979444,0.9989233,0.99773276
SYN3,1.0040907,1.0030341,1.0026908,1.0044091,1.004077,1.0039539,1.0019982,1.0034363
QRSL1,1.001731,1.0013514,1.0012867,1.0019957,1.001775,1.00199,1.0010711,1.0019686
GPAT2,0.99561226,0.9967631,0.997411,0.99571246,0.9961472,0.9963102,0.99823624,0.9958552
GDAP1,0.98632485,0.9895807,0.9915345,0.9860814,0.9870143,0.987105,0.9935808,0.98729503
PELI2,1.0008347,1.0006547,1.0007837,1.0012501,1.001122,1.0011418,1.0007057,1.0015439
DEUP1,1.0030147,1.0023215,1.001745,1.0027608,1.0026758,1.0025736,1.001285,1.0028269
SLC23A1,0.99724483,0.99791247,0.9983307,0.9971725,0.997363,0.9974118,0.99873656,0.9973779
MARCO,1.0005987,1.0005307,1.000283,1.0003762,1.000516,1.0003574,1.0001683,0.9999379
F13B,0.9964414,0.9973054,0.99784577,0.9963875,0.9966449,0.9966444,0.9983684,0.9966683
CDAN1,1.000593,1.0004454,1.0004389,1.0006814,1.0005057,1.0004754,1.000334,1.001015
PROB1,0.99894464,0.9992012,0.99935955,0.99888426,0.9989848,0.998914,0.99948263,0.99889207
DCTN4,0.99769276,0.9983089,0.9984769,0.9974828,0.99776506,0.9976765,0.9988371,0.99746275
DYRK2,0.9926467,0.994415,0.995451,0.9924458,0.9929825,0.9931464,0.9965761,0.99287784
FUCA2,1.0016146,1.0013067,1.0008932,1.001413,1.0013623,1.0011683,1.0006104,1.0012363
C3orf20,1.0002186,1.0000987,0.99996936,0.99990034,0.9999932,0.99996555,0.99992263,0.99999803
ZNF160,0.9984225,0.99867725,0.99907625,0.9983896,0.9982386,0.9983739,0.9992105,0.998835
SLC25A44,0.99802035,0.9986468,0.99843097,0.99740624,0.9979702,0.99771404,0.99884725,0.9977605
PRPS2,1.0019493,1.0015535,1.0011762,1.0018439,1.0017793,1.001647,1.0008407,1.0012703
PPIL4,0.9998458,0.99987626,0.9998975,0.9997809,0.99991477,1.0000464,1.0000067,1.0003213
NOLC1,0.9999832,0.99999213,1.0002115,1.0001415,0.9999951,1.000315,1.000239,1.000841
RGS7,1.0072471,1.0055422,1.0043693,1.0070609,1.0067713,1.0065534,1.0032673,1.0063705
WNT2,0.99689823,0.99766004,0.9980973,0.99679327,0.9970366,0.99702203,0.9985471,0.9970174
TARDBP,1.002433,1.001872,1.0012991,1.0021198,1.0020027,1.001869,1.0009036,1.0019224
GGT7,1.0018572,1.0013978,1.0018033,1.0027946,1.0024046,1.0025474,1.0015061,1.00322
PPM1G,0.999841,0.9999224,0.99980277,0.99961877,0.99964535,0.9996141,0.9998255,0.9998692
KLHDC8A,1.001419,1.0010865,1.0011207,1.0017375,1.0014617,1.0014235,1.0007919,1.0008602
AATF,0.997866,0.99847525,0.9989096,0.9980465,0.9982728,0.9981131,0.99920344,0.99850905
MAP1B,0.99182564,0.9937581,0.9948288,0.99146557,0.9920096,0.99207044,0.9959821,0.99174124
DDX19A,1.0019376,1.0015295,1.0014453,1.0022553,1.0020456,1.0021394,1.0011593,1.0020304
OTP,1.0028765,1.0022275,1.0021602,1.0033407,1.0030301,1.0031725,1.0016925,1.002521
MCOLN2,1.0010283,1.000744,1.0005324,1.0008358,1.0007833,1.0006388,1.0003233,1.001138
FBXO40,0.9966575,0.99749094,0.997924,0.99651265,0.9968393,0.9967787,0.99842703,0.9969448
MYOM3,0.99746007,0.99804807,0.9983635,0.9972713,0.9974705,0.9974289,0.99871576,0.9974798
SATL1,0.99777853,0.99830395,0.9986973,0.9977854,0.9978671,0.9978316,0.99897015,0.9978932
GEM,0.9978201,0.99845886,0.99869317,0.9978218,0.9980263,0.99832267,0.99918485,0.9973583
HERC3,1.0007353,1.0005352,1.0005465,1.0008548,1.0008954,1.0006901,1.0003879,1.000541
TFRC,0.99730015,0.9979812,0.9986005,0.99759233,0.9974926,0.9976835,0.99893105,0.99691325
SNX4,0.99618626,0.9970442,0.99777544,0.99623966,0.9964572,0.9966589,0.9983748,0.9970579
NKX2-5,0.9989258,0.9991896,0.9993743,0.99888587,0.9989648,0.99890345,0.99949056,0.9989483
GMCL1,0.9996377,0.99971867,1.0001497,1.0001166,1.0000665,1.0004759,1.0003252,1.0000141
ANKK1,0.9968284,0.9976143,0.9981365,0.9968486,0.99707544,0.99715436,0.99862295,0.9969526
LIMCH1,0.99238485,0.99407893,0.9947368,0.9915106,0.99204266,0.9917748,0.9957501,0.9921376
RAB35,1.0000817,1.0000737,1.0006185,1.0007896,1.0005482,1.0009179,1.0006305,1.0007726
JADE3,1.0035256,1.0027528,1.001665,1.0027341,1.0027711,1.0024432,1.0011384,1.0027137
TF,1.0003576,1.0001843,1.0006087,1.000875,1.0004419,1.0007923,1.0005741,1.002164
PRF1,0.9970097,0.99772894,0.9982333,0.9970051,0.9971843,0.9972418,0.99866647,0.9970863
NEURL1,1.0050428,1.0038226,1.002678,1.0044738,1.0044758,1.0042578,1.0019827,1.0038896
FUT2,0.99856675,0.99878347,0.99941134,0.9989736,0.9988944,0.9990266,0.9995693,0.99901336
FBLN7,1.0005043,1.0004231,1.0003943,1.0005622,1.0004445,1.0004635,1.0002787,1.0002787
TTC24,0.99676675,0.99754906,0.99803686,0.99670285,0.9969377,0.9969303,0.9985063,0.9969621
PARP2,1.0011328,1.0009128,1.0009608,1.0014797,1.0013618,1.0014076,1.0008156,1.0014403
ACOT12,0.9961444,0.99711084,0.9976833,0.9960997,0.9964333,0.99639153,0.99826145,0.9964505
REM2,1.0009866,1.000846,1.0012895,1.0019386,1.0017781,1.0020325,1.0012058,1.0011845
SPDL1,1.0019509,1.00152,1.0015709,1.0023795,1.0021293,1.0022728,1.0012786,1.0024353
HMX3,0.9967072,0.99750435,0.9980099,0.9966529,0.996889,0.9968914,0.9984898,0.9969293
NADK2,1.0001664,1.0000532,1.0000131,0.99998033,0.9997081,0.9998326,0.99994123,1.0006564
SEL1L2,0.9993457,0.9995142,0.99967384,0.9993429,0.9994254,0.9994731,0.99977845,0.9995514
DPY19L2,1.0031888,1.0024447,1.0017334,1.0028485,1.0026355,1.0026293,1.0012711,1.0023004
KRT39,0.9969312,0.99767315,0.998172,0.9969129,0.997123,0.9971343,0.99861586,0.99713326
IL1RAP,1.001959,1.0015867,1.0017326,1.0027211,1.0023348,1.0022871,1.0013916,1.002959
RYR3,1.0054202,1.0041989,1.003031,1.0049256,1.0049506,1.0048367,1.0023144,1.0045376
SQLE,0.99702823,0.99777496,0.99821055,0.9969845,0.99720776,0.9972129,0.9986546,0.9972562
NLRC4,0.9985101,0.9988449,0.99908334,0.9983932,0.9985692,0.99869066,0.99933887,0.9987267
NKX2-6,0.9967072,0.99750435,0.9980099,0.9966529,0.996889,0.9968914,0.9984898,0.9969293
PPARG,0.9969412,0.9976548,0.99797225,0.99663913,0.99687564,0.9968209,0.998366,0.99668884
ALPG,0.9968146,0.99758285,0.9980695,0.9967543,0.99697936,0.9969673,0.99852663,0.99701464
CCDC177,1.0019069,1.0013855,1.0009103,1.0015379,1.0016508,1.001585,1.0006983,1.0014521
FDFT1,0.9976802,0.9982002,0.99863714,0.9976631,0.99778056,0.9980612,0.9990082,0.9978025
ZNF184,1.0014762,1.0011804,1.0011754,1.0018587,1.0017197,1.0017549,1.0009681,1.0012681
NUTM1,1.0027943,1.0020764,1.00171,1.002731,1.0024558,1.0026221,1.001286,1.0026838
SLFN14,0.99845487,0.9988327,0.9990753,0.99840903,0.9985292,0.99846125,0.9992725,0.9985194
TMEM117,1.0014877,1.0011933,1.0011549,1.0017545,1.0015746,1.0015694,1.0009344,1.0018994
LTK,0.99699694,0.99771833,0.99815637,0.99691576,0.997133,0.9971038,0.99858403,0.9970299
ACSM5,0.9988694,0.99924934,0.9991137,0.9984553,0.9988643,0.9987356,0.99931896,0.99812794
SLC6A14,0.9973779,0.9979876,0.9983729,0.997272,0.997457,0.99741673,0.9987351,0.9975203
WASHC2A,1.0004456,1.0003784,1.0005033,1.0006887,1.0006472,1.0007839,1.0004727,1.0004418
GHR,1.0035453,1.0026878,1.0022621,1.0035636,1.0033689,1.0035908,1.00182,1.0038072
BAP1,0.9978744,0.998567,0.9988272,0.9980005,0.9983225,0.99824345,0.99922705,0.997504
IDH3A,0.9994992,0.9996587,0.99999094,0.9999191,0.99982625,1.0000317,1.0000777,0.9990792
STEAP4,0.9957051,0.9967824,0.9973504,0.9955882,0.9959645,0.9959894,0.9980314,0.9958451
GAPDHS,0.9967878,0.9975605,0.99804556,0.9967204,0.99695194,0.9969419,0.9985108,0.997
TIA1,0.99230194,0.9941437,0.9950763,0.99189734,0.99244475,0.9924007,0.9961643,0.9921967
ZKSCAN7,1.0057145,1.0042989,1.0036184,1.0058575,1.005456,1.0056576,1.0028017,1.0053918
SLC2A7,0.99785763,0.998415,0.99866146,0.99771386,0.99787897,0.99780476,0.99894106,0.99786204
CARD6,0.99967307,0.9997153,0.999737,0.9995056,0.999552,0.9995572,0.999757,0.99938416
IDH3B,0.9995798,0.9996866,0.999671,0.9993775,0.9993248,0.9994543,0.99972844,0.9997811
ATRN,1.0005003,1.0004289,0.99997616,0.9999969,1.0000339,1.0000582,0.9999156,0.99891156
FAM186B,0.9995557,0.9996114,0.9998207,0.9996071,0.99950624,0.9996791,0.99986947,0.9998672
LRRC36,1.0025256,1.0019431,1.0014513,1.0022618,1.0021706,1.0021136,1.0010453,1.0019615
HEPHL1,0.999197,0.99939764,0.99951553,0.99916565,0.9992496,0.9992058,0.9996277,0.99901783
CCNB3,0.999707,0.9998188,0.999744,0.99951214,0.9996468,0.99950683,0.9997618,0.99940324
ZBTB44,0.99931574,0.9994877,0.9994728,0.9991588,0.9992063,0.9992616,0.999619,0.99940634
AGBL4,1.0042851,1.0032403,1.0022849,1.003735,1.0037472,1.0034871,1.0016572,1.0039308
KLHL41,0.9985795,0.9989526,0.99932724,0.99880755,0.998885,0.9989222,0.9995494,0.9986778
ALDH1B1,0.9983808,0.9987761,0.99955326,0.9990728,0.99891317,0.9992075,0.9998213,0.999842
ZSCAN9,1.0027281,1.0020192,1.0014126,1.0023464,1.0021046,1.0021518,1.000977,1.0020869
CES4A,1.0007489,1.000414,1.0004495,1.0007348,1.0006869,1.0010711,1.0004371,1.000784
MAF,1.0019553,1.0014864,1.0008366,1.0014338,1.0012558,1.0009656,1.0004168,1.0010922
KCNAB2,1.0018362,1.00139,1.0012548,1.0019624,1.0018152,1.0016141,1.0009117,1.0023198
SLC29A4,0.99521655,0.9963503,0.99707425,0.9952446,0.99561656,0.9956737,0.99784005,0.99475956
NAALADL2,0.9979365,0.998487,0.9987706,0.9978796,0.9979832,0.9979474,0.99904615,0.99783015
RFC4,1.0022995,1.001817,1.0014867,1.0023353,1.002353,1.0020819,1.0011176,1.00211
SLC12A8,1.0005413,1.0004765,1.0001436,1.0002136,1.0003781,1.0000067,1.000028,1.0002295
IQGAP2,0.99855757,0.99903125,0.9986456,0.9978405,0.9982567,0.9976582,0.9988513,0.997877
BYSL,0.99894613,0.99925035,0.99962544,0.99925685,0.99920714,0.9992672,0.9998115,1.000164
SLC25A11,0.9984182,0.9988157,0.9992622,0.9986914,0.99873745,0.9988458,0.9995085,0.9986402
SREK1,0.99735326,0.9980389,0.9982424,0.9971137,0.9973136,0.99725115,0.99861765,0.996862
SLC25A20,1.0030236,1.0023644,1.0020416,1.0032282,1.0028903,1.0030375,1.0015974,1.002697
SLC1A2,0.9915066,0.9934994,0.9950096,0.99172103,0.9922108,0.9924558,0.9962837,0.99179614
CYP7B1,1.000531,1.0004067,1.0006125,1.0008547,1.0006435,1.0008299,1.0004907,1.0001583
POU3F1,1.0053041,1.003926,1.0029713,1.0049953,1.0048261,1.0048652,1.0022248,1.0039567
ATAD3C,1.0019711,1.0015255,1.0008156,1.001374,1.0014565,1.0010735,1.0005158,1.001682
IFT172,1.0023909,1.001859,1.0016646,1.0026567,1.0022041,1.0022782,1.0012368,1.0020139
GJB3,0.99824023,0.9986961,0.9988667,0.99806046,0.99822545,0.9982157,0.9991245,0.9980805
ZFP62,1.0035508,1.002656,1.0015565,1.0026109,1.0027416,1.0025289,1.0010433,1.002164
BDH1,1.0009406,1.0007837,1.0008557,1.0012323,1.0010754,1.0010594,1.0006824,1.0011134
ILDR1,1.0002732,1.0001931,1.0000648,1.0000482,1.0001367,1.0000682,1.0000188,1.0001395
KLHL23,0.9948892,0.9962214,0.9968234,0.9947417,0.9953455,0.9951959,0.99760145,0.99402076
ADGRF1,0.996173,0.99708974,0.99766743,0.9961109,0.9963778,0.9963554,0.99822235,0.9963875
ZNF311,1.001821,1.0012958,1.0009423,1.0015302,1.0015148,1.0016142,1.0007004,1.0012922
CDRT1,0.9990685,0.99936175,0.9995137,0.999096,0.9991927,0.99921715,0.99968624,0.999219
MYEF2,0.9972052,0.99792635,0.99830765,0.9971277,0.9973284,0.9972336,0.99869084,0.99738026
PRR36,0.997506,0.9981306,0.9987901,0.9979267,0.99796426,0.9982194,0.99921966,0.99761295
ALG9,1.00002,1.000068,0.999938,0.99984694,0.99997115,0.9999274,0.99998534,1.0000875
RPN1,0.9990022,0.9993751,0.9995416,0.9991962,0.99931407,0.999123,0.9997004,0.999203
HOXB3,0.9970796,0.9977864,0.99820477,0.99697435,0.99717903,0.9971857,0.99861765,0.9971578
MAPK13,1.0018023,1.0014066,1.0012903,1.0020497,1.0017653,1.0018346,1.001023,1.0020621
ACRBP,1.0019974,1.0015132,1.0012499,1.0019941,1.0019132,1.0019836,1.0009911,1.0018402
RAD21,0.98842204,0.99119574,0.9928235,0.98818684,0.9888758,0.98880565,0.99447083,0.98912174
PLXNC1,0.99684185,0.99769855,0.9978793,0.9965019,0.9967623,0.99648046,0.99828494,0.99626416
GLP1R,0.9963331,0.9972265,0.9978291,0.99633807,0.996563,0.9965942,0.99835694,0.9965668
GTF2H4,1.0003355,1.0002671,1.0003871,1.000616,1.0004041,1.0006416,1.000358,1.000078
ASB16,0.9981036,0.99854136,0.9987149,0.99785614,0.99801373,0.99792856,0.99896944,0.99811167
CRHR2,0.9971001,0.9978806,0.99844,0.9972224,0.99751216,0.9975118,0.9988806,0.9974605
RUSC1,0.9944764,0.9958654,0.99669814,0.99448085,0.9948833,0.99497235,0.99754894,0.99490297
STRADA,1.0027349,1.0021157,1.0018489,1.0029367,1.0026934,1.0026609,1.0014386,1.0028638
XRCC6,1.0005157,1.000389,1.0002449,1.0003306,1.0003045,1.0004122,1.0001624,1.0002478
CDH19,0.997483,0.99809057,0.9984598,0.99741805,0.99762076,0.9975966,0.9988271,0.9975885
WDR13,0.99971575,0.9997754,1.0000331,0.99996287,0.9999602,1.000029,1.0001178,1.0003836
CCDC174,1.0043793,1.0032872,1.0027754,1.0044626,1.0040122,1.0041413,1.0020512,1.0037639
ZNF185,0.99973476,0.9998163,0.99986076,0.9996408,0.99988294,0.99978054,0.9999391,1.0001167
SLC25A3,0.9982687,0.99868476,0.9989817,0.99823415,0.9983049,0.9984511,0.999232,0.9983207
PADI1,1.0000322,1.0000291,1.0000589,0.9999559,0.9999653,0.99998957,1.0000322,1.0002613
DAXX,0.9928716,0.9946085,0.9961499,0.9934779,0.9936885,0.99362206,0.9971167,0.9947804
ARFGAP2,1.0032239,1.0023634,1.0019981,1.0032123,1.0029147,1.0030999,1.001524,1.0034174
DDX28,1.0024364,1.0019416,1.0016443,1.0025122,1.0024045,1.0026158,1.0013416,1.001881
TADA2A,1.007431,1.0056207,1.0048786,1.0078436,1.0072023,1.0075663,1.0038173,1.0074809
ZNF585B,0.99616534,0.9970349,0.997963,0.99659073,0.9966041,0.9966668,0.9985039,0.997346
NEU4,0.99787414,0.99838006,0.99912286,0.9984919,0.99841225,0.99846554,0.99942106,0.9991075
USP22,0.99294984,0.99472034,0.9957082,0.9928671,0.9933479,0.993243,0.99671024,0.9932753
ALDOB,0.9967915,0.99756026,0.9980745,0.996761,0.99697363,0.99697614,0.99853706,0.9970861
CTPS2,1.0042714,1.0033433,1.0024967,1.0041034,1.0039428,1.0038896,1.0019207,1.0034844
ANKRD42,1.0038164,1.0027248,1.0023891,1.0038837,1.0033727,1.0036483,1.0017973,1.0042186
ZSWIM2,0.9969685,0.9976752,0.9982206,0.9969852,0.9971638,0.9972575,0.99866915,0.9973321
ZBBX,0.999427,0.99961805,0.9994805,0.9990959,0.9992284,0.99929416,0.999686,0.99998057
PUS10,1.00041,1.0003381,1.0002241,1.0002948,1.0002716,1.0001009,1.0000852,1.0000364
TUBE1,0.99518377,0.9963225,0.997465,0.9958058,0.9959023,0.9961688,0.99821925,0.9960872
REPS1,0.9996494,0.99972373,0.999252,0.9989671,0.99938226,0.9988537,0.9992862,0.9983899
REST,0.999944,0.999948,0.99970055,0.99968386,0.99960953,0.99933875,0.99965614,0.999215
UBQLN1,0.99881124,0.9990467,0.9993614,0.9988979,0.9987985,0.99892247,0.9994846,0.9988251
KCNC3,1.0003513,1.0003178,1.0001701,1.000206,1.0001991,1.0000039,1.000066,1.0002205
SLC6A16,1.0028181,1.002146,1.0018822,1.0029008,1.002668,1.0029277,1.0014858,1.0025868
DDX6,0.9913411,0.9934242,0.9947759,0.9913613,0.9918206,0.9918381,0.9959967,0.99167234
NECTIN2,0.9984902,0.9989805,0.9991205,0.9985477,0.99869853,0.9983748,0.9993134,0.9981606
CYTH2,0.9995202,0.99967414,1.0000569,0.9998767,0.9996941,1.0000191,1.0001093,0.9997289
WLS,0.9989969,0.9991435,0.9991691,0.9987265,0.99874616,0.998697,0.99934006,0.9998115
SHC4,1.0030873,1.0023904,1.0018576,1.0030973,1.0029069,1.0028173,1.0014021,1.0023495
CNTN4,0.9924089,0.9943845,0.99506724,0.9919243,0.9929406,0.99240524,0.9963197,0.99374264
TGS1,1.0059979,1.0045199,1.003782,1.0061791,1.0054989,1.005643,1.0028183,1.0055487
KBTBD3,1.0004061,1.0004296,1.0005631,1.0007542,1.0006974,1.0007273,1.000539,1.0005836
RAD17,1.0016617,1.001247,1.0011787,1.00186,1.0017095,1.0019389,1.0009739,1.0014384
PRRT3,1.0033294,1.0025529,1.0019715,1.0032817,1.0031585,1.003118,1.0015311,1.002833
TSC22D1,0.9955591,0.99663424,0.9971529,0.9952754,0.99558914,0.9955522,0.99776137,0.99546915
KCNK10,1.000624,1.000628,1.0004413,1.0007021,1.000598,1.0002947,1.000296,1.0002869
SDHB,0.9995421,0.9996896,0.99968815,0.99940693,0.9995768,0.9994172,0.9997537,0.9994405
GSTCD,1.0006202,1.0004234,1.0006251,1.0010123,1.0008061,1.0007188,1.0004613,1.0007789
DISC1,1.0020741,1.0015616,1.0014102,1.0021765,1.0019963,1.0021573,1.001093,1.0019894
ZNF516,0.99569035,0.996658,0.9977335,0.9961585,0.99603546,0.9962666,0.9982747,0.9962077
ZNF624,1.003964,1.0029018,1.0027215,1.0043478,1.0038562,1.0039012,1.0020442,1.0045445
MARCH7,0.9967072,0.99750435,0.9980099,0.9966529,0.996889,0.9968914,0.9984898,0.9969293
SCARB2,0.993713,0.9952855,0.99628544,0.99375033,0.99415696,0.99430287,0.9972528,0.9942684
CDKN2A,0.99744755,0.998039,0.99834603,0.9972576,0.9974624,0.9974601,0.9987096,0.9971861
EED,1.0014672,1.0011427,1.000896,1.001454,1.0013607,1.0012693,1.000658,1.0010319
EVL,0.9962092,0.9971943,0.9977226,0.9961736,0.99654746,0.9965271,0.9983048,0.9963231
SSX2IP,0.99789214,0.99829894,0.99854016,0.9976621,0.9977671,0.9978721,0.99884903,0.9972385
SH3RF2,0.99669623,0.9974891,0.9979718,0.9966104,0.99685913,0.9968555,0.99845636,0.99679124
IFT74,1.0065507,1.0050644,1.0042348,1.0067129,1.0062336,1.0063806,1.0032452,1.0060378
ACSM1,0.9977821,0.99832535,0.9986712,0.99773085,0.9979024,0.9979072,0.998996,0.99791527
C9,1.0018831,1.0014267,1.0010736,1.0017029,1.0016313,1.0015672,1.000767,1.0014318
PPM1J,1.0018969,1.0014395,1.000987,1.00164,1.0014855,1.0013473,1.0006306,1.0010841
SLC18A1,1.0031068,1.0024269,1.0015991,1.0024306,1.0024319,1.0021772,1.0011222,1.0037379
RDH5,0.99685127,0.99761754,0.99815536,0.99692273,0.99710554,0.9970783,0.9986172,0.9973214
DEPDC1B,0.99741447,0.998165,0.99838257,0.9972218,0.9975464,0.9973005,0.99878216,0.99766093
CFAP45,0.99708605,0.997726,0.9983722,0.9971504,0.9972799,0.9974848,0.9988942,0.99930835
FAM83G,0.9967072,0.99750435,0.9980099,0.9966529,0.996889,0.9968914,0.9984898,0.9969293
RGMB,0.99612164,0.9970521,0.9976783,0.9960982,0.9963549,0.99652267,0.9982513,0.9958359
RNF139,1.0034304,1.0026424,1.0021203,1.0033481,1.0030664,1.0033243,1.0016437,1.0028431
SLC39A6,0.9954635,0.9964762,0.9972557,0.99548346,0.9957963,0.9958365,0.997925,0.9959221
HPD,0.99836075,0.99876654,0.99910104,0.99845743,0.9984841,0.9985485,0.9993171,0.9981681
ITPKC,1.0037007,1.0028701,1.0022143,1.0036368,1.0033398,1.0032054,1.0016009,1.0023795
TMEM209,1.0023775,1.0018488,1.00154,1.0024889,1.0022895,1.0022633,1.0012169,1.0025914
MFSD14A,0.9961835,0.99710053,0.99785674,0.9964148,0.9966651,0.9967898,0.99849814,0.99731624
ZNF395,0.99547523,0.996549,0.9970901,0.9951799,0.99526834,0.9951136,0.99763894,0.99569476
HAUS6,1.0012968,1.0008973,1.0008613,1.0013733,1.0011086,1.0011604,1.0006214,1.0015395
SYT9,0.99472374,0.9959891,0.9970088,0.99505544,0.9953325,0.995281,0.9977764,0.9956846
KRT27,0.9967072,0.99750435,0.9980099,0.9966529,0.996889,0.9968914,0.9984898,0.9969293
PEX1,1.0033293,1.0025269,1.0019236,1.0030975,1.0028685,1.0028341,1.0013926,1.002959
CHRNA5,1.0037416,1.0028479,1.0024734,1.0039717,1.003706,1.0036325,1.0018928,1.0035424
ASCC2,0.9971936,0.9978862,0.998932,0.99810684,0.9978977,0.998227,0.99935895,0.99854374
RTN4,0.9890642,0.99166906,0.9930949,0.98863375,0.9894047,0.98937094,0.99464715,0.98909426
DRG2,1.0001848,1.0001216,1.0001583,1.0001416,1.0000651,1.0000552,1.0000913,1.0005664
ZNF544,1.0028365,1.0022143,1.0019318,1.0030308,1.0027355,1.0029726,1.0015647,1.003037
TMPRSS11A,0.99813354,0.9985812,0.99886703,0.99805844,0.99819434,0.9982612,0.99916184,0.9984187
MGAT2,0.9976263,0.99826,0.9990189,0.9983307,0.99828196,0.9984621,0.9994073,0.9981319
VIPR1,0.99962705,0.9997291,0.99974716,0.999498,0.9996817,0.99970794,0.9998554,0.99966764
ZPLD1,0.9972809,0.9979739,0.99830925,0.9971392,0.99737775,0.99731505,0.9986959,0.99736
GJC1,0.9919112,0.99385244,0.9947552,0.99155635,0.99214095,0.99188447,0.9959315,0.99178123
ITIH6,0.99681294,0.99758625,0.9980562,0.99673104,0.99697936,0.99697137,0.99852496,0.9970422
KLHL34,1.002211,1.0017339,1.0014906,1.0023005,1.002155,1.0020821,1.0011493,1.0028071
KLHL33,0.9967072,0.99750435,0.9980099,0.9966529,0.996889,0.9968914,0.9984898,0.9969293
TP53BP1,0.9991651,0.9993551,0.9992728,0.99877,0.9989499,0.9987627,0.99935335,0.9990419
HOXA3,0.9965961,0.9974363,0.9979225,0.9965224,0.9968169,0.9967799,0.99843776,0.99688864
ACTL7A,0.9969666,0.9977012,0.99818164,0.99692714,0.9971349,0.9971372,0.99861777,0.9972124
GGT5,1.0055132,1.0041704,1.0033262,1.005382,1.0050575,1.0051612,1.0025305,1.0049468
ZNF133,0.9999815,0.99991155,1.0005634,1.0006465,1.0003426,1.0007641,1.0005676,1.001646
URI1,1.0009038,1.0007559,1.0003738,1.0007063,1.0006416,1.0003955,1.000189,0.99982715
COX10,1.0044023,1.0033059,1.0029607,1.0047585,1.0042957,1.0046362,1.002353,1.0045463
KRT24,0.9984826,0.998852,0.9992485,0.9986738,0.99872196,0.9988736,0.9994925,0.9985713
PCDHGB3,0.9986404,0.9989458,0.99908596,0.99844694,0.998564,0.9985815,0.9992794,0.9986881
OSBPL2,1.0029191,1.0022157,1.002003,1.0031399,1.0026693,1.0029111,1.0015373,1.003366
CCDC47,0.99748504,0.99811167,0.99866784,0.9976659,0.9975897,0.9975901,0.9989509,0.99787515
DEPDC7,0.9985834,0.9988922,0.99952376,0.9990606,0.9988092,0.99908674,0.9997018,0.9995034
NHSL2,0.99824476,0.99867964,0.9988143,0.9980134,0.99823123,0.9980904,0.99906313,0.9982934
SLCO4C1,0.99888384,0.99915045,0.9994502,0.99900055,0.9990402,0.9991133,0.9996247,0.9992097
FUBP1,0.99897856,0.9992118,0.99950635,0.9990554,0.9990706,0.9991957,0.99965525,0.9995266
RSPH6A,0.9967072,0.99750435,0.9980099,0.9966529,0.996889,0.9968914,0.9984898,0.9969293
GPAA1,0.9976821,0.9982819,0.9989739,0.99821377,0.9982439,0.99833333,0.9993336,0.9983841
SLC22A15,1.0093169,1.0071465,1.0059261,1.0093898,1.0089275,1.009035,1.004554,1.0089831
MOV10L1,0.99803287,0.9984492,0.9988532,0.99809587,0.998189,0.9983614,0.9991908,0.9982796
NKRF,0.9969548,0.9975964,0.9983406,0.9971405,0.9971671,0.9972193,0.9987054,0.9978787
ADAM28,0.9955707,0.9966476,0.9969402,0.994992,0.99553657,0.99532926,0.9975761,0.9949666
RHPN2,1.0051403,1.003809,1.003353,1.0053306,1.0047858,1.0050815,1.0025413,1.00511
MAEA,0.9997296,0.99984646,0.99997187,0.99989367,0.9997897,0.9997379,0.99998546,1.0000135
MTRF1,1.0056674,1.0043687,1.00332,1.0054655,1.0051303,1.0050423,1.0024723,1.0045738
LMCD1,1.0015508,1.001199,1.0003393,1.0006021,1.0007217,1.0006056,1.0001712,1.0008631
PCDHA1,0.9971075,0.997789,0.99820155,0.99698555,0.9971956,0.9971973,0.9986191,0.9972625
SSH2,0.99146783,0.9935616,0.9948565,0.9914656,0.9919989,0.99201536,0.9961368,0.9926176
HES6,0.99845886,0.9988228,0.99871385,0.9979578,0.9981061,0.99790466,0.9989183,0.99825585
EGF,0.99982923,0.9998399,0.99986637,0.9997364,0.9997544,0.99970114,0.9998605,0.99982405
SLC22A3,0.99985564,0.99990165,0.9999205,0.9998267,0.9998096,0.9997821,0.9999133,0.999452
EIF2D,1.004533,1.0034907,1.0026405,1.0043064,1.0040494,1.0038984,1.0019532,1.0039926
L3MBTL4,0.99971175,0.9997903,0.99969745,0.999478,0.99960864,0.999647,0.99981046,0.9997461
CYP24A1,1.0000714,1.0000694,0.9998702,0.9997474,0.9998469,0.9996672,0.99983233,0.9999214
KBTBD11,0.99761295,0.99814224,0.9989109,0.99810374,0.99791944,0.9981208,0.999216,0.99844456
THSD7A,1.0014995,1.0011244,1.0007896,1.0012312,1.0013536,1.0013195,1.0005774,1.0007312
SRL,0.9992981,0.99936694,0.9998715,0.9996457,0.9993054,0.9996078,0.99991935,1.0004487
MGAT3,1.0007849,1.0007231,1.0004969,1.0007138,1.0008982,1.0006359,1.0003617,1.0000505
ALKBH8,1.0033514,1.002541,1.0022898,1.0037252,1.0033661,1.0034894,1.0018138,1.0034249
ZNF791,1.0031513,1.0024493,1.002079,1.0034521,1.0030293,1.00312,1.0016195,1.0029488
NLRP4,0.99629986,0.9971463,0.9978069,0.99632496,0.99654037,0.9966274,0.99835694,0.9968965
SCPEP1,1.0053735,1.0040609,1.0032699,1.0053197,1.0050164,1.0053161,1.0025965,1.0053388
PAX4,0.996583,0.9974185,0.99790514,0.9964927,0.99676657,0.9967315,0.998407,0.9967144
ATP10B,1.0012352,1.0010372,1.0008311,1.0012717,1.0013368,1.0013983,1.0007629,1.0011412
GPR156,0.99960595,0.9997068,0.99958074,0.9992626,0.9993883,0.9991796,0.9995804,0.9990857
TRIM41,1.0033909,1.0024655,1.0016241,1.0027102,1.0025256,1.002353,1.0010903,1.0037379
CACNA2D1,0.9992738,0.9994112,0.9995241,0.999047,0.99910265,0.9994017,0.99968755,1.0000378
MRPS9,1.0008564,1.0006397,1.0007393,1.0010426,1.0009634,1.0011178,1.0006402,1.0014038
TGM4,0.9999093,0.9998555,1.0000865,1.0000294,0.9998627,1.0000896,1.0000696,1.0002205
KRT79,0.99825835,0.9986735,0.9988927,0.99814427,0.99828756,0.9981689,0.999116,0.9982734
AMT,1.0016106,1.001152,1.0009813,1.0015829,1.0014627,1.0014852,1.0007496,1.0019643
PWP1,1.0028367,1.0021393,1.0016273,1.0026019,1.0024122,1.0024164,1.0011574,1.0023949
NRIP1,1.0008719,1.0006697,1.0002809,1.0005064,1.0005502,1.000641,1.000177,0.9993033
DENND1C,0.9984093,0.9988643,0.9988259,0.9980532,0.9983731,0.9982481,0.99908406,0.99775064
NETO1,1.0018506,1.0015168,1.0012264,1.0019817,1.0017172,1.001827,1.0009494,1.0006213
MTF1,1.0044886,1.0033742,1.0026913,1.004453,1.0042632,1.0042118,1.0020561,1.0038838
GSAP,0.99990666,1.0000397,1.0002558,1.0002397,1.0002263,1.0002996,1.0002944,1.0001986
ZNF598,1.001315,1.0009537,1.0002857,1.0006199,1.0006425,1.0003201,1.0000515,1.000656
BAG3,1.0008909,1.0006466,1.0002301,1.0003289,1.0003257,1.0003831,1.0001594,1.0013518
GATAD2B,1.0016675,1.0013088,1.0013328,1.0020297,1.001784,1.0017992,1.0010273,1.0019753
FAM98A,1.0011262,1.0008101,1.0009034,1.001391,1.001141,1.0011351,1.0006394,1.0010571
PDHA2,0.9996928,0.9997752,0.999457,0.9990696,0.9992652,0.99903274,0.99947345,0.9993348
PCDHGA1,0.998193,0.9986266,0.9989022,0.99811715,0.99816537,0.99815106,0.9991109,0.99824953
PRSS53,1.003645,1.0027881,1.0024067,1.0039117,1.0036274,1.003622,1.0018581,1.0031847
TMCC1,0.9954512,0.99649715,0.99729955,0.9955586,0.9957269,0.99594766,0.99797225,0.99549174
ZNF287,1.0021436,1.0016878,1.0011839,1.0019562,1.0019716,1.0019484,1.0009342,1.001057
ZFYVE19,0.99567664,0.99666846,0.99774665,0.99614656,0.9961354,0.9961928,0.9983223,0.99745846
SECISBP2L,0.99508256,0.99621475,0.99702424,0.99511194,0.99522555,0.9954988,0.99774706,0.99529016
DNAJC3,0.99943155,0.99963,0.99935204,0.9989617,0.9991445,0.99919033,0.9995291,0.9989179
TRIP6,0.99973047,0.9997814,1.000187,1.0002949,0.9999438,0.99975264,1.0001059,1.0006046
ZKSCAN5,1.0020937,1.0016139,1.0012261,1.0019069,1.0019064,1.0018471,1.0009422,1.0018828
KHDC4,1.0007658,1.0007097,1.0004367,1.0006998,1.0008194,1.0005186,1.0003226,1.0002565
SERGEF,1.0020043,1.0016031,1.0008645,1.0013888,1.0016711,1.0016522,1.0007395,1.0019249
SLC22A16,0.9968326,0.99759555,0.9980724,0.9967622,0.99699223,0.9969845,0.9985312,0.99703324
SLC25A42,1.0009114,1.0005746,1.001025,1.0015548,1.0011282,1.0014195,1.0008366,1.0017419
SLC2A3,0.9949289,0.99620855,0.99699044,0.9949547,0.99517936,0.9952889,0.9977213,0.99503994
ASNSD1,0.9976206,0.9981562,0.9986156,0.9976661,0.99785376,0.9979443,0.99898386,0.99775624
TRAF3IP3,0.99711025,0.9978509,0.9982,0.99694294,0.99722934,0.9971738,0.99861825,0.9971814
GABRP,0.9967791,0.99755025,0.9980476,0.9967193,0.99694777,0.99695736,0.9985175,0.9970199
ACTR3B,0.99825215,0.99872744,0.99875903,0.9979404,0.9981103,0.9982242,0.9990972,0.9979236
SOX2,0.99600565,0.9969409,0.9974864,0.99589133,0.995942,0.99602103,0.9980483,0.99614275
PISD,1.0048869,1.0036844,1.0031762,1.0050792,1.0046833,1.0047815,1.0024058,1.0047318
CANX,0.994816,0.99607575,0.99666417,0.9944992,0.9948397,0.994802,0.99739474,0.99473894
TAZ,0.9994073,0.99939144,0.9998697,0.99973273,0.99936485,0.99992734,0.9999324,0.9994645
NR1I2,0.9977995,0.9983157,0.9986594,0.9977267,0.99789435,0.99796546,0.9990014,0.9979414
SH3BP5,0.9715612,0.9783502,0.98264647,0.9714705,0.9732857,0.9731667,0.986679,0.9723227
TENT4B,0.99437565,0.99582744,0.99687386,0.9947169,0.9950719,0.99513936,0.99771774,0.9949086
ADGRG1,0.996729,0.9975085,0.9980812,0.996777,0.9968388,0.996834,0.9984781,0.9964925
ALG6,1.0010339,1.000735,1.0010331,1.0014708,1.0014145,1.0015891,1.0008973,1.0022066
ZER1,1.0002029,1.0002342,1.0000491,1.0001565,1.000337,1.0003346,1.0001291,0.9991827
FKBP4,0.9996835,0.99974716,0.99994045,0.9997981,0.99975264,0.99981856,0.9999459,0.99953616
LUC7L,0.9973407,0.997939,0.99839103,0.9972826,0.997394,0.99755555,0.9987749,0.99765056
RBFOX1,0.99723196,0.9978539,0.9980702,0.9967706,0.99706554,0.9972255,0.9985024,0.997163
DNAJA3,0.99963903,0.9997442,0.9997281,0.9995104,0.9996122,0.9998346,0.9999105,1.0001744
TBC1D17,0.9975395,0.9981562,0.9988532,0.9979479,0.9980315,0.9981539,0.99926144,0.99901307
DZIP1,0.9958545,0.9970422,0.9974125,0.9957757,0.99631375,0.9959419,0.99806476,0.9952892
CAMTA1,0.9930208,0.99474204,0.995754,0.99294543,0.9934852,0.9934389,0.99677455,0.9933069
C2CD3,1.003745,1.0027888,1.0023477,1.0039258,1.0034828,1.0033817,1.0016928,1.0030876
SLC28A3,0.99664074,0.99745166,0.99796164,0.99658066,0.9968282,0.9968227,0.9984544,0.99688816
DLAT,0.9944459,0.99576175,0.9968679,0.9947952,0.9950426,0.99537337,0.9977598,0.99457246
KMT5A,0.9986737,0.9990691,0.99915963,0.99855363,0.99858737,0.9985572,0.9993589,0.99854404
SLC30A6,1.0052545,1.0040274,1.0030048,1.0049429,1.0046737,1.004415,1.0021523,1.0040456
KIRREL2,0.9984834,0.99874306,0.99913913,0.998605,0.99863386,0.9985839,0.9993182,0.9990779
SLC22A2,0.9976084,0.9981974,0.99869,0.9977388,0.9978671,0.9979464,0.9990455,0.9978274
SYT10,1.0022314,1.0016792,1.0011003,1.0018017,1.0018722,1.0015087,1.0007064,1.0015097
QSOX2,0.99786115,0.9984407,0.99876106,0.99790585,0.9980415,0.99808854,0.99914414,0.9982513
GABRA6,0.9968388,0.997604,0.9980675,0.9967519,0.9969915,0.99699306,0.9985306,0.99702585
ZNF276,1.0060304,1.0046606,1.0035062,1.0057168,1.0052639,1.0053052,1.0026197,1.0050669
HAGH,0.99779856,0.99835205,0.9990757,0.9983001,0.9982244,0.9983996,0.9994114,0.999032
SLC2A14,1.0009704,1.000741,1.0007728,1.0010731,1.0009484,1.0011828,1.0006468,1.0011947
APPL2,0.99859643,0.9989165,0.9991467,0.9985645,0.9986639,0.9985945,0.99933255,0.9987259
CNKSR3,0.99965364,0.9997367,0.9997039,0.99948704,0.99954337,0.99943316,0.99976414,0.99985445
ZNF208,0.99584913,0.9968301,0.99748194,0.99584794,0.996052,0.99635065,0.9982273,0.99667096
CCDC81,0.9956702,0.9967395,0.99759555,0.99598694,0.99628645,0.99634194,0.9983655,0.9974557
KRT71,0.9967072,0.99750435,0.9980099,0.9966529,0.996889,0.9968914,0.9984898,0.9969293
TRAPPC12,1.001292,1.0011086,1.0008949,1.0013998,1.0014155,1.0012802,1.000732,1.0008998
EIPR1,0.99836457,0.99868906,0.99914926,0.9985188,0.9986268,0.9986429,0.9994162,0.9997214
RELA,0.9991119,0.99940443,1.0000215,0.9997754,0.99965626,0.99996424,1.000144,0.9992124
KRT72,0.9980935,0.9985393,0.9988973,0.9981006,0.99819815,0.99824095,0.9991579,0.99824786
SRPX,1.0042453,1.0032113,1.0025079,1.0040529,1.0038618,1.0035685,1.0018138,1.004127
GRID1,0.99965715,0.9998512,1.0000547,0.99999356,0.9998173,0.9998703,1.0001012,0.99970305
MYBL1,1.0033847,1.0025682,1.0016788,1.0027933,1.0024998,1.0023749,1.0010713,1.001824
ANKRD18B,0.99988884,0.9999106,1.0001264,1.000085,0.9999906,1.0002428,1.0001395,0.9996809
ZNF585A,1.0003862,1.0004008,1.0001593,1.0001729,1.000271,1.0004203,1.0001845,0.9999968
LAMB3,1.0017383,1.0013255,1.0010153,1.0015713,1.0015478,1.0014595,1.0007584,1.002231
PTPN7,0.99641293,0.99723995,0.9978602,0.99641776,0.99661833,0.9966642,0.9983696,0.99664736
FSCN3,0.99751085,0.998116,0.9985808,0.9975767,0.99770796,0.99778056,0.9989486,0.9977813
ERMARD,1.0040002,1.003029,1.0024912,1.0039984,1.0037044,1.0037649,1.0019293,1.0044202
WASHC2C,1.0055897,1.0042343,1.0033845,1.0054405,1.0050473,1.0051012,1.002512,1.0048661
TBX6,0.9963838,0.99724233,0.9978534,0.99639666,0.99661887,0.996688,0.99839246,0.99674505
CHUK,1.0060253,1.0045483,1.0036,1.005842,1.0054584,1.0054514,1.0026591,1.0053769
NLRP11,0.99655044,0.9973623,0.99793315,0.9965318,0.99675095,0.9967773,0.9984342,0.9969162
DACH2,1.0031233,1.0022583,1.0020336,1.0032072,1.0027488,1.002905,1.0014608,1.0026993
PHACTR4,0.9979038,0.9983969,0.9985906,0.99767584,0.99786294,0.9979001,0.9989141,0.9976742
FOLH1,0.99435246,0.9958821,0.9966733,0.99455017,0.99506366,0.99475145,0.99756247,0.99439996
HSPA8,0.99416935,0.9955284,0.9962866,0.9938576,0.9942422,0.99427956,0.9970925,0.9941031
KPNA7,0.9966857,0.9974716,0.9979836,0.9966152,0.99683934,0.99686456,0.9984629,0.99699366
CYP2U1,1.0026176,1.0019134,1.0017762,1.0029063,1.0025803,1.0027566,1.0014083,1.0027378
CBFA2T3,1.0016124,1.0011258,1.0009135,1.0014381,1.0010798,1.0013863,1.0006342,1.0013992
INPP5A,1.0037045,1.0029836,1.0017383,1.0028921,1.0031631,1.0028311,1.0013003,1.002111
NCAPH2,0.9967876,0.99763453,0.9977325,0.99637437,0.99678814,0.9963154,0.99818563,0.996395
HAS2,1.0046757,1.003349,1.0028231,1.0045252,1.0037267,1.0041621,1.0020628,1.0057809
GRB14,0.9933705,0.9951862,0.9958569,0.9932088,0.9936614,0.99346757,0.9968598,0.99281645
ENPP2,0.99942493,0.9994421,1.0002265,1.0002902,0.99977773,1.0001795,1.0003228,1.0021653
CPNE7,1.0012383,1.0010569,1.0007102,1.001131,1.0010054,1.0007496,1.0004383,1.0007529
TNNT1,0.9996663,0.9997734,1.0001072,1.000123,1.0000468,1.0000397,1.0001682,1.0002294
MGAT4A,1.0032008,1.0024837,1.0017191,1.0027864,1.0027521,1.0026265,1.0012581,1.0025629
SAMD8,0.9932059,0.99484456,0.99611497,0.99358,0.9939009,0.9940661,0.99719363,0.99427783
THAP12,1.000639,1.0004414,1.0002855,1.0004525,1.0002824,1.0003624,1.0001485,1.0003285
OPA3,1.003069,1.0022879,1.0014968,1.0024171,1.0023398,1.0024226,1.0010644,1.0021892
ILVBL,1.0017232,1.0014154,1.0011053,1.0016836,1.001612,1.0015326,1.0008472,1.0015693
SLC2A12,1.0022411,1.0016372,1.0020533,1.0031685,1.0026014,1.0031937,1.001763,1.0034001
PHC2,0.99770707,0.9982934,0.9982369,0.9972165,0.9976634,0.99747324,0.9986409,0.996882
BACH2,0.9962133,0.99715954,0.9980394,0.9966875,0.99685013,0.99690557,0.9986106,0.9968399
ENO2,0.99173254,0.9937452,0.9949954,0.9916719,0.9922528,0.99218833,0.9961691,0.9922439
SPOPL,1.0013931,1.0010489,1.0005821,1.0009735,1.0009074,1.0006964,1.0003418,1.0013871
DVL2,0.99779016,0.9983289,0.9987042,0.9977951,0.9979543,0.9979366,0.99907357,0.99877715
ANKRD55,1.0059034,1.0045303,1.003824,1.0061074,1.0057743,1.0059909,1.0029918,1.0051863
ZBTB49,1.0040263,1.0030212,1.0025461,1.0041249,1.00391,1.0034941,1.0018604,1.0045354
PDZD8,0.9977006,0.9983149,0.9987057,0.99777627,0.9978806,0.9980805,0.9991298,0.99788463
GDA,0.9958042,0.99683905,0.9973502,0.9957199,0.9960041,0.99592364,0.9979975,0.99562454
RTN2,1.0001247,1.0000553,0.9998565,0.99989736,1.0000075,0.9999354,0.9998618,0.99887633
HOOK1,1.0025754,1.0020494,1.0012195,1.0020411,1.0023274,1.0020915,1.0009344,1.0015475
TMCC2,1.0048463,1.0036714,1.0032434,1.0051583,1.0046527,1.0048562,1.0024996,1.0049754
SEPT6,0.9967072,0.99750435,0.9980099,0.9966529,0.996889,0.9968914,0.9984898,0.9969293
KRT28,0.99663633,0.9974498,0.997971,0.9965885,0.9968267,0.9968314,0.99846184,0.9968804
ZNF800,1.0036769,1.0028743,1.0022411,1.0035269,1.0032908,1.0033702,1.001695,1.0028789
MATN3,1.0002753,1.0002034,1.0000582,1.0000627,1.0001162,1.0000796,1.0000036,0.9997624
AUP1,0.99641293,0.99728966,0.9979991,0.9966387,0.99673444,0.99680984,0.9985137,0.9967873
CBFA2T2,0.9968082,0.9976135,0.9979155,0.996541,0.9970467,0.9969093,0.99844325,0.9967847
SLCO1B7,0.99678284,0.9975583,0.9980508,0.99672127,0.99695194,0.9969539,0.9985186,0.99700844
SLC19A2,0.999341,0.99949205,0.99944264,0.999133,0.9993148,0.9992432,0.9995756,0.998894
SLC17A8,1.0056494,1.0043576,1.0035495,1.0057726,1.0053949,1.0052912,1.0026717,1.0043244
KY,0.9971627,0.99777126,0.99832153,0.997172,0.9972711,0.99730873,0.99870193,0.99796265
HNRNPAB,0.9956133,0.9967146,0.9969232,0.9949915,0.9955752,0.995393,0.99759513,0.9946558
MMP19,1.0000236,0.9999889,0.99986017,0.99975455,0.99977946,0.99974316,0.9998137,0.9995276
BCKDHB,0.9983405,0.9988048,0.9989641,0.9982976,0.9985864,0.99846816,0.99929315,0.99843097
SIX1,1.0025662,1.0020148,1.0015873,1.0025573,1.0024498,1.002394,1.0012188,1.0022906
MAPK8,0.9938172,0.9953364,0.99635017,0.9939463,0.99432015,0.99448955,0.99727756,0.9934398
AKT2,0.9972815,0.9979751,0.9984903,0.9974227,0.99749875,0.9974055,0.99884444,0.9975854
DCAF10,0.99870527,0.9990481,0.99901223,0.9983802,0.9985789,0.9983183,0.999166,0.998331
SEC14L4,1.0008254,1.0006435,1.0004997,1.0007212,1.0006348,1.00069,1.00036,1.0007966
SNRK,0.995754,0.99683,0.9976784,0.99606264,0.9963039,0.9964651,0.99836636,0.99686366
CCDC13,1.0002358,1.0001678,1.000251,1.000362,1.0002711,1.0005268,1.000304,1.0005159
CWF19L2,1.0021865,1.0016426,1.0013593,1.00208,1.0018789,1.0018867,1.0009682,1.0023048
KHNYN,1.0011053,1.0009257,1.0006171,1.0010431,1.0009575,1.0008492,1.0004755,1.0007513
RLIM,0.9977013,0.9982645,0.99851215,0.99750257,0.99767506,0.9973622,0.99875295,0.9980216
GRAP2,0.9990487,0.9992174,0.9994312,0.9990097,0.9990399,0.9991672,0.9995595,0.9989756
HSF4,1.0002172,1.0001482,1.0002639,1.0003608,1.0001999,1.0003449,1.0002162,1.0005772
CHRM3,1.0054634,1.0041339,1.0031949,1.0052744,1.0049797,1.0048627,1.0023478,1.0044448
WSCD2,1.0031807,1.0023589,1.0019066,1.0030912,1.0029279,1.0029097,1.0014173,1.0029435
NOA1,0.9990892,0.9992576,0.999642,0.99923235,0.99909043,0.9991915,0.9997082,0.99982685
LMAN1,0.9976562,0.99831414,0.9982427,0.9970451,0.99758065,0.9975865,0.9987209,0.9976777
FNTB,1.0086982,1.00652,1.0052135,1.00852,1.0080699,1.008302,1.0040433,1.0087879
NLE1,1.0021746,1.0016313,1.0015668,1.0024593,1.0020742,1.0022229,1.0012026,1.0024195
SLC9A9,0.99844956,0.9987967,0.9994087,0.99880826,0.9986954,0.99905527,0.99965835,0.9993148
SPATA5L1,0.9999951,0.99989045,0.9999368,0.99982595,0.9998424,1.0000615,1.0000026,1.0005952
IQCA1,1.0044745,1.0033731,1.0027157,1.0044403,1.0040479,1.0038682,1.0019809,1.0042479
TOR1AIP1,0.9965941,0.9974201,0.9983238,0.9971999,0.9972571,0.9975536,0.99892986,0.997879
ADAMTSL2,0.9991396,0.9993589,0.9990792,0.9984951,0.99865675,0.9985069,0.99915457,0.99842834
ECHDC2,1.0035117,1.0028187,1.0017933,1.0028663,1.002978,1.0027041,1.0013366,1.0029535
THOC2,0.99600995,0.9970226,0.99750566,0.99585176,0.9960629,0.9960215,0.9980552,0.9958234
DDX18,0.99900377,0.9992255,0.99931246,0.99883366,0.99892175,0.9988899,0.9994242,0.9989128
EFHC2,1.0020368,1.0014958,1.0012115,1.0019386,1.0018108,1.0020952,1.0009933,1.0018756
FES,1.0008082,1.0006115,1.0001614,1.0002731,1.0004494,1.000317,1.0000412,0.99962807
ACSBG1,0.9895419,0.9922421,0.99389267,0.9899276,0.9905994,0.990627,0.99552655,0.9895958
PABPC4,0.99538296,0.996477,0.9971488,0.99525064,0.9955317,0.99555707,0.9977933,0.9952904
CFLAR,0.9974648,0.99807274,0.9986189,0.9976322,0.9975723,0.99763143,0.9989197,0.9977698
GJD2,0.99677485,0.99753976,0.998037,0.9967046,0.99694085,0.996954,0.9985116,0.99706733
PRRT4,1.0028192,1.0022308,1.0013208,1.0021856,1.0024047,1.0019834,1.0009344,1.0017319
WNT11,1.0017455,1.0013398,1.0010177,1.001635,1.0015721,1.0016274,1.0007771,1.0010304
TBX5,0.99982613,0.9998499,0.9999213,0.99979115,0.99974036,0.99985087,0.99992883,0.9995533
ATXN7,1.0039377,1.0030049,1.0022209,1.0036712,1.0034208,1.0032867,1.0016247,1.0034872
NLRP8,0.995963,0.99691284,0.9976039,0.9960333,0.9962561,0.996166,0.9981692,0.99650717
AOAH,0.9975196,0.99815476,0.99823236,0.99704325,0.997395,0.99734986,0.99860394,0.99654055
AGXT2,0.9968201,0.99758184,0.99807155,0.99676096,0.9969833,0.9969784,0.9985294,0.9970342
SLC2A11,1.0038953,1.0031362,1.0021331,1.0035415,1.0035768,1.0032368,1.0016079,1.0029556
LCORL,1.0025588,1.0019503,1.0014669,1.0023689,1.0022256,1.0020928,1.0010393,1.0021855
EIF2B3,1.0004241,1.0003057,1.0003421,1.0005414,1.0005858,1.0005295,1.000335,1.0011003
EFCAB7,1.0054071,1.0041546,1.0036559,1.005867,1.005393,1.0054343,1.0028381,1.005416
FAM83H,1.0015607,1.0012405,1.0008262,1.0013218,1.0013098,1.0012345,1.0006285,1.0013514
HS3ST2,1.0032372,1.0024676,1.0018803,1.0031085,1.0029025,1.0029504,1.0013942,1.0020196
TRIM6,1.0022175,1.001703,1.0010676,1.0017114,1.0016485,1.0015304,1.000683,1.0015637
TEX11,0.9971243,0.99781036,0.9981947,0.99698085,0.9971987,0.9971346,0.99859107,0.99713004
KLHDC7A,0.9998051,0.9998596,0.99969864,0.9994615,0.99957,0.9993554,0.9996643,0.99956954
AOC2,1.0016958,1.0013192,1.0011433,1.0017964,1.001595,1.0015831,1.0008305,1.0010924
CAPS2,1.0044637,1.0034449,1.0025418,1.0040977,1.0041021,1.0038877,1.0019357,1.004269
DNAJC21,1.0010554,1.0008475,1.0004393,1.0007033,1.000741,1.0004802,1.000225,1.0001926
SYTL4,1.0024588,1.0019159,1.0015346,1.0024134,1.002284,1.0021564,1.001136,1.0019935
WNT8B,0.9996026,0.99977267,0.99963856,0.999298,0.9995918,0.9995425,0.9997698,0.9993152
CTAGE5,0.9967072,0.99750435,0.9980099,0.9966529,0.996889,0.9968914,0.9984898,0.9969293
BFSP1,0.998289,0.9987228,0.99880224,0.9980213,0.99822354,0.9982381,0.9990827,0.99784386
NLK,0.99549127,0.9965384,0.99722517,0.99545133,0.9957644,0.99541676,0.99776745,0.99555945
PTPN2,1.0010614,1.0008336,1.0007943,1.001214,1.0010529,1.001075,1.0005975,1.0009735
SPNS2,1.0051278,1.0037534,1.003196,1.0051172,1.0045984,1.004654,1.0023162,1.0053313
ZYG11A,0.999632,0.99968374,0.9996431,0.9993584,0.99941325,0.99945444,0.99969554,0.9996473
SIX3,0.9986311,0.9989803,0.9992583,0.99867475,0.9991052,0.99953055,0.9996567,0.9979557
NEK5,1.0001545,1.0001326,1.0003617,1.0004663,1.0002801,1.0002931,1.00033,1.0012727
ZNF711,0.99398446,0.9954208,0.9964088,0.9940208,0.9943261,0.99457073,0.99729705,0.99395144
GABRA3,1.0039942,1.0029742,1.0025898,1.0041344,1.0037454,1.0039401,1.0019643,1.0038269
PFKP,1.0015472,1.001307,1.0010895,1.0015779,1.0016191,1.0016632,1.0009315,1.0020405
PALB2,0.99797714,0.99856174,0.999125,0.9983268,0.99853754,0.9989613,0.9995883,0.9985917
NYAP1,1.0003868,1.0003079,1.0001705,1.0002192,1.0002843,1.0001285,1.000076,1.0001053
ATAD1,0.996591,0.99743736,0.9978614,0.99638504,0.9967538,0.9966302,0.99833065,0.9965686
GBP1,0.99769324,0.99821687,0.9984504,0.99742806,0.99758935,0.99745,0.9987122,0.9974959
BICRAL,0.9978788,0.99828655,0.9985161,0.997568,0.99790156,0.99788266,0.99887204,0.99793637
FLOT1,0.99738324,0.99795794,0.9985316,0.9975103,0.9975055,0.9977093,0.9989029,0.9980549
SUCLA2,0.9993328,0.99952495,1.0000242,0.99979234,0.99975,1.0000234,1.0001514,1.0000544
IGF2BP1,0.9965588,0.9973898,0.9977956,0.9963091,0.996651,0.9964818,0.99830616,0.99717945
KRT84,0.9968146,0.99758285,0.9980695,0.9967543,0.99697936,0.9969673,0.99852663,0.99701464
LRRC1,1.0049293,1.0037097,1.0031599,1.0050197,1.0044926,1.004654,1.0023484,1.0043353
TRIM8,0.9954195,0.9966236,0.9969879,0.99506164,0.9956205,0.9954181,0.99774146,0.9953325
OSGIN2,1.004528,1.0033585,1.0026741,1.004328,1.0038062,1.0038118,1.0019093,1.0045532
RETSAT,0.99939716,0.99956405,0.999576,0.9993762,0.999462,0.9992752,0.9996525,0.9987907
TBXAS1,0.9944057,0.9957546,0.9964362,0.9941108,0.9946341,0.99447155,0.9972244,0.99431074
BBS12,1.0070264,1.0053453,1.0046399,1.0074334,1.0068834,1.0070977,1.0036371,1.0074503
SLC45A3,0.99962914,0.9996884,0.9995806,0.99931043,0.9995053,0.99937016,0.999627,0.9990449
FMO1,1.0008469,1.0006423,1.0006005,1.000928,1.0007982,1.0008242,1.0004606,1.0009282
GATM,0.99619144,0.9972253,0.99781626,0.9963719,0.99650913,0.9963223,0.9983301,0.9962057
TOMM70,0.99583626,0.99677694,0.9975264,0.99586034,0.9960189,0.9960205,0.9980417,0.99585783
NKD1,1.0002546,1.0001383,1.000756,1.0010805,1.000579,1.0009139,1.000684,1.0015858
SH3BP4,1.001234,1.0008566,1.0006618,1.0009903,1.0008632,1.0010924,1.0004413,1.0005689
USP16,0.99725527,0.99797684,0.99831116,0.9971554,0.99727815,0.9973464,0.99872524,0.99721587
KCNS2,0.99919736,0.9994335,0.9996648,0.9992714,0.99924105,0.99941176,0.9997957,0.9995637
DVL1,0.99704117,0.99775565,0.9986217,0.9976914,0.99755263,0.9975835,0.99900156,0.9975269
RPS6KA6,1.0025824,1.0019927,1.0012218,1.0021226,1.0022786,1.0019922,1.0008605,1.0007886
TRIM28,0.99958163,0.99971646,0.99982977,0.99964595,0.9996953,0.99964,0.9998895,0.9995637
MIS18BP1,0.99885297,0.999173,0.9991046,0.9984685,0.99855506,0.99825263,0.99915576,0.99833035
KCNJ11,1.0001088,1.0000257,1.0004004,1.0005112,1.0002995,1.0003356,1.0003144,1.001045
UHRF2,0.99987066,0.9999341,0.9999724,0.9998845,0.99983126,0.99974775,0.9999442,0.9999889
GMPR2,0.99940264,0.99950814,0.9995638,0.9992201,0.99937874,0.9992989,0.99970216,1.0007538
PGAP1,0.990428,0.9927968,0.99426585,0.990466,0.99110496,0.991197,0.9956913,0.9910395
SEPT11,0.9967072,0.99750435,0.9980099,0.9966529,0.996889,0.9968914,0.9984898,0.9969293
QTRT1,0.9961151,0.9970386,0.9977609,0.99631464,0.99650836,0.996343,0.9983326,0.9975068
ADNP2,1.0001212,1.0000362,1.0002491,1.0003777,1.0002999,1.0000477,1.0001131,1.000212
MMRN2,1.0018033,1.0014102,1.0009292,1.0014716,1.0015178,1.0015022,1.0006973,1.0009941
RAB11FIP3,1.002004,1.0014031,1.0013125,1.0022352,1.0019639,1.0019639,1.0009679,1.0017934
SENP3,1.0004888,1.0002843,1.0005804,1.0008597,1.000716,1.0008854,1.0005299,1.001233
HNRNPM,0.9992609,0.9994766,0.99944055,0.9990027,0.9990722,0.99899185,0.9995242,0.9994244
CPNE4,0.99729717,0.9979993,0.99887085,0.99807703,0.99817634,0.9980727,0.99925184,0.9976983
ST7L,1.0040982,1.0030423,1.0027544,1.0044556,1.0040256,1.0042964,1.0021701,1.0041294
SH3BP5L,1.0040867,1.003048,1.0024581,1.0039206,1.0037377,1.0037909,1.0018764,1.0043824
MAMDC2,0.99731237,0.99808645,0.998264,0.9970876,0.99746037,0.9971633,0.9986782,0.99742234
ACSL4,0.98873484,0.9914111,0.99309933,0.9886323,0.9894234,0.98960435,0.9948212,0.9896182
KANK3,1.0032488,1.0024797,1.0022081,1.0035479,1.003152,1.0032009,1.0016735,1.0028709
PCDHB15,1.0054061,1.0040628,1.0035189,1.0056596,1.0052415,1.0053936,1.002749,1.0061443
MROH9,0.9975041,0.99814916,0.9983783,0.9972866,0.9975944,0.9975343,0.99878335,0.9973695
BACH1,1.0001731,1.000078,1.0004182,1.0006597,1.0003332,1.0007432,1.0003889,0.99967706
ASIC4,1.0062213,1.0046546,1.0043677,1.0071168,1.0063323,1.0069374,1.0034797,1.005821
CDCA2,1.004716,1.0037141,1.0029567,1.0048451,1.0046532,1.0040872,1.0021784,1.0040884
CDHR1,1.0029024,1.0021503,1.001657,1.0027562,1.0025566,1.0024562,1.0012281,1.0028914
NFKB2,1.0014292,1.0010934,1.0011148,1.0016682,1.0015852,1.0016752,1.0008934,1.0014638
PRPF38A,0.9992355,0.9994545,0.99990827,0.99978817,0.9996327,0.9996608,1.0000019,0.99991745
SALL2,0.9988723,0.99903977,0.9990375,0.99850464,0.99850655,0.9984299,0.99917114,0.9987771
IL12RB2,0.99760866,0.9981595,0.99854493,0.997529,0.9977056,0.9977665,0.9988938,0.9977721
BMP4,1.001276,1.0010564,1.000683,1.0010865,1.00102,1.0010848,1.0005127,1.0003071
ARFIP2,0.99829346,0.9987906,0.99910486,0.9984214,0.9986531,0.99860144,0.99938315,0.99812865
MBOAT1,0.9978479,0.9984277,0.99858904,0.9975935,0.99784887,0.99771583,0.9989417,0.9987637
DPP7,0.99882805,0.99916065,0.99940336,0.9989389,0.99890244,0.99891496,0.99953854,0.99865365
NGFR,1.004322,1.003328,1.0025134,1.0041704,1.0041542,1.003974,1.0019385,1.0037949
ZCCHC8,1.0009425,1.0007362,1.0003393,1.0006511,1.0007,1.0004946,1.0002053,1.0001824
PBX2,1.002098,1.0015147,1.0011672,1.0019071,1.001837,1.0018071,1.0008411,1.0013897
PCDHA10,1.0000436,1.0001162,1.000054,0.9999634,1.0000398,1.0000516,1.0000869,1.0002389
CALCOCO1,1.0027769,1.0020831,1.0020797,1.0032096,1.0028186,1.0031092,1.0016841,1.0042763
LCTL,0.9987148,0.99903584,0.99905944,0.99842024,0.9985548,0.99836516,0.99918455,0.9982828
CTNNAL1,1.0010884,1.0009285,1.00072,1.0010847,1.0011251,1.000753,1.000483,1.0011024
GNA15,0.998664,0.9989834,0.9992377,0.99866563,0.998811,0.99878204,0.9994217,0.99887836
TTF1,1.0051371,1.0039278,1.0028397,1.0046096,1.0043892,1.004432,1.0020739,1.0041208
SHTN1,1.0003233,1.0001979,1.0001831,1.0002362,1.0001402,1.000144,1.0000808,1.0008124
FAF2,1.0020814,1.001594,1.0013386,1.0021589,1.0018883,1.0018663,1.0009707,1.0018089
NFIC,0.9995059,0.99978197,0.99954295,0.9991846,0.99952435,0.99931604,0.99969995,0.9992994
SLFN11,0.9984927,0.99884224,0.9990989,0.9983741,0.9985386,0.9986378,0.99932015,0.9986689
TRAF3IP1,1.000315,1.0002556,1.0001458,1.0002251,1.0001341,1.0001262,1.0000815,0.99999726
PHF1,0.99666476,0.99755824,0.99782664,0.99642247,0.99666214,0.9963498,0.99825203,0.99636334
TARS,0.9967072,0.99750435,0.9980099,0.9966529,0.996889,0.9968914,0.9984898,0.9969293
ATAD3A,1.0022111,1.0017046,1.0013268,1.002213,1.0021639,1.0021076,1.0010531,1.0017357
ZNF862,1.0050629,1.0037954,1.0031652,1.0052326,1.0047839,1.004879,1.0024245,1.0046723
CFAP221,1.001358,1.0010929,1.0008626,1.0014482,1.0014511,1.0011855,1.00068,1.0011659
RRP1B,0.99976337,0.9999391,0.99979925,0.99962735,0.99977463,0.99957216,0.9998373,0.99940383
ALG5,1.0023841,1.0017304,1.0020043,1.0030835,1.0024846,1.0028877,1.0015922,1.0034823
INTU,0.9993643,0.99957025,0.9995326,0.9991417,0.9992752,0.9989079,0.9995432,0.99926174
PHACTR3,1.0014507,1.0011003,1.0007803,1.0012337,1.0011423,1.0011433,1.0005419,1.001279
SLC47A1,0.99797845,0.99843204,0.9989803,0.9981892,0.9982082,0.9982966,0.9992398,0.99849635
CDYL2,1.0005467,1.0004635,1.000504,1.0006863,1.0006692,1.0008824,1.0004909,1.0005976
GJA8,0.9984135,0.99884033,0.9991387,0.99850935,0.99860287,0.99857116,0.99936014,0.99838567
SLC17A6,0.99488884,0.99616504,0.9969009,0.9946946,0.995219,0.99555165,0.9977398,0.9946668
DUSP16,0.9993444,0.99950945,0.9993582,0.9989189,0.99892974,0.9988609,0.99941105,0.99874437
MFSD5,1.005273,1.0039866,1.0029471,1.0048546,1.0045599,1.0044515,1.0021384,1.0042901
PNLIP,0.997738,0.99827874,0.9986596,0.9977009,0.99783486,0.99790156,0.9989957,0.9980253
RNF8,0.9970957,0.9977592,0.9983654,0.99730754,0.99741125,0.99728304,0.99877435,0.9983915
ALG2,1.0014932,1.0012349,1.000782,1.0012758,1.0012608,1.000968,1.0005219,1.000527
WDR37,0.9991933,0.9993839,0.99984986,0.9996068,0.9995896,0.9998671,1.0000385,1.0001968
PIGB,1.0031663,1.0025239,1.00247,1.0038855,1.0036048,1.0039827,1.0021019,1.0029074
MSI1,0.9987395,0.99908286,0.9993152,0.99878806,0.9988961,0.9990195,0.9995749,0.9991777
IKZF1,0.99761635,0.9981253,0.998628,0.99761784,0.99777853,0.9979023,0.99896854,0.9979775
LRGUK,0.9995048,0.99962693,0.9995773,0.9992702,0.9994985,0.9992126,0.999673,1.0004123
SLC9A4,0.9970561,0.99771225,0.9983978,0.997313,0.9973152,0.99755824,0.99887085,0.9980498
MMP24,1.0000815,1.0002024,1.0002174,1.0001898,1.000216,0.99993515,1.0001006,0.99970746
ROCK1,0.99562037,0.996704,0.99721897,0.9954352,0.995638,0.9954207,0.99777406,0.995983
TKTL2,0.99674165,0.99753034,0.9980261,0.99668217,0.99691755,0.996915,0.99849993,0.9969486
RCL1,1.0024669,1.0019832,1.0013548,1.0021818,1.0022117,1.001746,1.0009382,1.0021268
MPP7,1.0051368,1.0038577,1.0032117,1.0051326,1.0048053,1.0047917,1.0024397,1.005544
SCMH1,1.005245,1.0040743,1.0031471,1.0051801,1.0048854,1.0047355,1.0023671,1.0043623
HSPA12A,0.9944113,0.9958188,0.9961892,0.9937311,0.99449563,0.99429977,0.99710464,0.994555
WNT9A,0.9968922,0.9976454,0.9980982,0.99680775,0.99704194,0.99701107,0.99854386,0.9970235
GRAMD4,0.99463296,0.9959254,0.9967687,0.9947287,0.9951637,0.99536926,0.99768853,0.99431276
DHODH,1.0000054,1.0000452,0.9999489,0.9998038,0.9999161,0.99980843,0.9999352,0.9999319
ARFGAP1,0.99968815,0.9997324,0.9991759,0.99882007,0.99914366,0.9987624,0.9992393,0.9987432
DNAJC1,0.99967,0.9997959,0.9997505,0.9995891,0.9996794,0.99949175,0.9997852,0.99927336
ARSH,0.99678284,0.9975583,0.9980508,0.99672127,0.99695194,0.9969539,0.9985186,0.99700844
ANKRD13C,1.0007918,1.0006018,1.0003906,1.0006161,1.0006624,1.0006859,1.0002761,0.99956286
MAPKAP1,1.0002804,1.0002906,0.99989974,0.99991846,1.0002053,0.99992657,0.99990904,0.9990194
SLC25A22,1.0017519,1.0013734,1.0009549,1.001534,1.001452,1.001422,1.000714,1.0016286
FBXO9,0.9997879,0.9998218,0.9995564,0.9992852,0.99937737,0.99933374,0.9995427,0.9985679
PARG,1.000583,1.0005195,1.0004325,1.0006335,1.0007958,1.0005871,1.00035,1.000302
MEF2A,0.9992902,0.9994678,0.99963,0.99931884,0.999369,0.9992058,0.9996857,0.9997289
LMF1,0.9989277,0.99918723,0.9996033,0.9992809,0.99908656,0.9992237,0.9997314,0.9994905
PIGV,1.0026088,1.0019664,1.0017202,1.0027094,1.002364,1.0024576,1.001271,1.0022689
PIAS1,1.0015193,1.0011427,1.000735,1.0011802,1.0012609,1.0010878,1.0005327,1.0018413
NRF1,1.0004141,1.0003788,1.0006117,1.0008054,1.000675,1.0008407,1.0005776,1.0009438
SLC2A6,0.998634,0.9990202,0.99926686,0.99881446,0.99890757,0.9990548,0.9995453,0.99792796
KRT18,0.9983033,0.99868804,0.99888945,0.99809474,0.9982259,0.99821556,0.99908596,0.9985839
MEF2B,0.99970114,0.99973404,0.99968743,0.99943084,0.99950254,0.9994774,0.99971426,0.999508
PRKD2,1.0014107,1.0009706,1.0009865,1.0016857,1.0014127,1.0016713,1.000857,1.002234
RFX5,0.99502164,0.9962338,0.9969235,0.9949066,0.99527216,0.99540114,0.99775714,0.99543196
ZC3H12D,0.9986681,0.9990591,0.99930036,0.9987483,0.9988482,0.9988247,0.9995078,0.99915946
PMPCA,1.0001668,1.0001326,0.99990094,0.99988455,1.0000932,0.99976444,0.99986494,1.000165
AKT3,0.998072,0.99858975,0.99896944,0.9981824,0.99828684,0.9982912,0.9992198,0.9981027
IRF9,1.0020432,1.001651,1.0010829,1.0018137,1.0018268,1.001617,1.0007802,1.0009321
CDC16,0.9994141,0.9996306,0.9993149,0.99894446,0.9992939,0.99886644,0.99942636,0.99909794
AQP1,0.99847144,0.99881047,0.9991728,0.998548,0.9985877,0.99869585,0.9993979,0.9988582
GGA1,0.9970442,0.99767584,0.9984379,0.99744976,0.9974831,0.9975662,0.9988833,0.9977804
TGFBRAP1,0.9998746,0.9998373,0.99984384,0.9998157,0.99970883,0.9996443,0.9998058,0.9996002
SLITRK5,1.0008917,1.0006052,1.0005897,1.0009935,1.000895,1.0008575,1.0004313,1.0007637
TAF4B,1.0019796,1.0014722,1.001165,1.0018431,1.0017221,1.0016954,1.0008292,1.0018252
ATF6B,0.9961195,0.9969636,0.99799776,0.996541,0.996492,0.9966883,0.9984905,0.9975133
PHKG2,1.0003936,1.000259,1.0003319,1.0005075,1.0004351,1.0005648,1.0002909,1.0005784
LRWD1,1.003757,1.0029063,1.0021553,1.0035285,1.0034057,1.003284,1.0016336,1.003288
MEIS1,0.9985892,0.9988698,0.999262,0.99881506,0.99872875,0.9987838,0.99943733,0.99844563
API5,1.0004523,1.000389,1.0004741,1.0006049,1.0005679,1.0006198,1.0004033,1.0007505
LIN54,0.9987248,0.99902105,0.99965,0.99927795,0.9990932,0.99956286,0.9998854,0.99905694
MAG,0.9930158,0.994629,0.9962573,0.9937874,0.9938841,0.9939136,0.99721193,0.9952289
NEK2,1.0019056,1.0015469,1.0014422,1.0021795,1.0019252,1.0021129,1.0011681,1.0016478
C3orf67,0.9998055,0.99987054,0.9999753,0.9998777,0.999923,1.0000525,1.0000339,0.99966455
PLBD2,0.9995502,0.99966896,1.0002698,1.0002296,1.0002568,1.0005748,1.0004293,1.0004176
SCFD2,1.0012076,1.0010518,1.0008136,1.0012667,1.0011852,1.0012053,1.0006902,1.0008973
ZNF217,1.0023749,1.0018431,1.0015688,1.0024347,1.0020677,1.002342,1.0012219,1.0022311
POLR1C,1.0013647,1.0011214,1.001377,1.0021324,1.001934,1.0018245,1.0011457,1.0021513
AFAP1L2,1.0054955,1.004314,1.0031854,1.0051998,1.004942,1.0046792,1.0023711,1.00489
CSRNP3,0.98870873,0.99148524,0.99290895,0.9882779,0.98931783,0.98925245,0.99462557,0.98900145
RNF103,0.99769306,0.9982216,0.99879277,0.99791545,0.9978641,0.99793816,0.999074,0.9980688
CDCA7L,0.9997258,0.999918,1.0001042,1.0001571,0.99994636,0.9996595,1.0000594,0.9994961
ZDHHC13,0.99758744,0.9981983,0.99907374,0.99822336,0.9981495,0.9983126,0.99939024,0.998492
ZFP90,0.99865556,0.9990027,0.9988947,0.99825114,0.9985629,0.9983562,0.9991081,0.9981113
TOM1L2,1.0018106,1.0013576,1.0011392,1.0018964,1.0017209,1.0017126,1.0008999,1.0022695
TTC8,1.0012351,1.0008402,1.0009946,1.0015988,1.001353,1.0015403,1.0008562,1.002464
UTP4,0.99758506,0.9982631,0.9987072,0.9977517,0.99799824,0.99800634,0.99914116,0.99833965
TRMT2A,1.0034493,1.0027391,1.0022557,1.003628,1.0034225,1.0033376,1.0017794,1.003753
PLXDC2,0.9964467,0.9973873,0.9977027,0.99614835,0.99669176,0.99666035,0.9983507,0.9965489
MUM1,0.9967072,0.99750435,0.9980099,0.9966529,0.996889,0.9968914,0.9984898,0.9969293
GLDC,1.0045158,1.0033981,1.002701,1.0044158,1.0039401,1.0042644,1.0020437,1.0033572
CAMK2D,0.9989748,0.9993269,0.9992416,0.9987446,0.99894214,0.99869084,0.99940944,0.9989921
ADGRE5,0.99928784,0.99938667,0.9998108,0.9995331,0.9994563,0.9995415,0.9998466,1.0000687
KCNJ16,1.0011384,1.0008637,1.0014174,1.0020506,1.001539,1.0020068,1.0012636,1.0028726
LIMD1,1.0033581,1.0025375,1.0019007,1.0029421,1.0028181,1.0025952,1.0013344,1.003868
WDR1,0.9983653,0.99873966,0.99916947,0.99853694,0.99848425,0.9987277,0.99940157,0.99842846
PTCHD3,0.9971243,0.99781644,0.9982802,0.9970963,0.99729836,0.99729633,0.9986944,0.9973855
SEPT4,0.9967072,0.99750435,0.9980099,0.9966529,0.996889,0.9968914,0.9984898,0.9969293
USF1,1.0057371,1.004305,1.002873,1.0048151,1.0045365,1.004226,1.0019393,1.0042789
CEP85,1.003765,1.002882,1.0017557,1.0030129,1.0030363,1.0026284,1.0011942,1.0025126
SLC22A17,0.9979827,0.9984841,0.9988117,0.99807584,0.9982103,0.9981748,0.99910843,0.9974216
SLC1A3,0.9958571,0.9968805,0.9973667,0.9956928,0.9957614,0.9956387,0.99792194,0.9964262
HABP2,0.99820304,0.9986442,0.99901974,0.99827886,0.99837446,0.9984949,0.99929523,0.9983554
DSC3,1.0018184,1.0013603,1.0009537,1.0015576,1.0014888,1.0016927,1.0007901,1.0017705
PLCH1,1.00658,1.0049918,1.0041208,1.0066109,1.0061574,1.006275,1.0031446,1.0062485
KRT77,0.99676675,0.99754906,0.99803686,0.99670285,0.9969377,0.9969303,0.9985063,0.9969621
ZNF74,1.0021985,1.0016825,1.0014682,1.0023385,1.0023016,1.00232,1.0011952,1.0026379
DNAJC14,1.0066104,1.0050383,1.0038319,1.0063024,1.0058204,1.0057796,1.0028228,1.005424
LRFN1,1.0050509,1.0038897,1.0030255,1.0049628,1.0047219,1.0044863,1.0022271,1.0037909
NUAK2,1.0045326,1.0035077,1.0026014,1.0041862,1.0039345,1.0038494,1.0018921,1.0033548
IL31RA,0.9983256,0.99871933,0.9989915,0.9983032,0.9983791,0.9983334,0.9992094,0.99831855
MID1,0.9953994,0.9964693,0.9971616,0.99525535,0.99558574,0.9956423,0.99788404,0.9965497
QSOX1,1.0007087,1.0006216,1.0005534,1.0008045,1.0008911,1.0008216,1.0004668,1.0005009
EPS8L3,0.9989471,0.99918675,0.9993844,0.9989419,0.99897254,0.9989317,0.9994937,0.9989053
TMEM132A,0.99774474,0.9982107,0.9988394,0.99814004,0.9980737,0.9980787,0.99911773,0.99796927
PPP3CC,1.0037514,1.0028528,1.0022877,1.0036732,1.0034804,1.0037332,1.0018342,1.003733
ZNF333,1.0014111,1.001053,1.001349,1.0020187,1.0016267,1.0018678,1.0010831,1.0020263
CEP83,1.001204,1.0009041,1.0009336,1.0014951,1.001415,1.0014514,1.0008006,1.0015318
RBM28,1.0022609,1.0017545,1.0012739,1.0020322,1.0018623,1.0017846,1.000889,1.0018332
CCT6A,0.99729764,0.9979447,0.99835896,0.9972683,0.9974506,0.99746776,0.9987401,0.99721634
FASTKD1,1.0010064,1.000756,1.0008415,1.0012989,1.0012747,1.001622,1.0008073,1.001173
PHC1,0.9917766,0.993765,0.99482703,0.99153996,0.9921508,0.9917922,0.9959737,0.99210787
C2orf42,1.0019182,1.0015762,1.0012741,1.0019937,1.0020379,1.0022161,1.0011423,1.001677
PGD,1.0018684,1.0014653,1.0010886,1.0017624,1.001753,1.0016066,1.0008068,1.001403
TROAP,1.0020581,1.0017365,1.0012376,1.0019659,1.0019262,1.0014331,1.000874,1.0018394
TNFRSF1A,0.999228,0.99949175,0.9992793,0.99884665,0.99912345,0.99868953,0.9993495,0.9987746
LRRC8C,0.99788547,0.9984336,0.9986555,0.9977199,0.9979009,0.99809843,0.99900454,0.9968934
CDK5RAP3,0.99611044,0.997056,0.9978235,0.9963231,0.9964499,0.9965117,0.9983972,0.9972137
CIAO3,0.9972606,0.99805033,0.9986814,0.99770224,0.99783236,0.9978651,0.9991373,0.9980792
LPCAT3,1.0001363,1.0001947,1.0003313,1.0003757,1.0003843,1.0005643,1.0004042,1.0007514
PRKAA2,1.004873,1.003775,1.0026693,1.0044446,1.0041701,1.0039395,1.0019205,1.0040416
PDZD4,0.99339974,0.9950986,0.9957715,0.9931368,0.9936241,0.9932955,0.9967078,0.99307215
F2,0.9966594,0.9974672,0.9979802,0.99660647,0.9968447,0.9968443,0.99846673,0.9968895
TMEM161A,0.99738336,0.99816954,0.9985917,0.99759734,0.99775743,0.9976202,0.99897504,0.997504
SMARCD3,0.99901104,0.99933624,0.99965066,0.9993818,0.9992746,0.9991857,0.99975955,0.9993273
EEPD1,0.99227834,0.99418795,0.9952644,0.992272,0.99281967,0.9925827,0.9964162,0.99244034
ADCK1,1.0023648,1.0018071,1.0017581,1.0028177,1.0024837,1.002593,1.0014236,1.0029392
TUBB2B,0.9937062,0.9952047,0.99599886,0.99338406,0.9938307,0.9938799,0.9968866,0.99346167
ZBTB47,0.99964035,0.9998939,0.99972916,0.9995331,0.99960643,0.9995074,0.99984133,0.99931633
TRIM32,0.9994237,0.9996575,0.9999273,0.999643,0.99979323,0.9999784,1.0001178,1.0003192
NYAP2,1.001145,1.0008718,1.0007516,1.0012083,1.0011997,1.0010169,1.0005519,1.0011015
TMEM63C,1.001167,1.0008551,1.0009353,1.0014431,1.0011755,1.001497,1.0007815,1.0010885
HDAC2,0.992681,0.99446154,0.9954432,0.99248135,0.9929926,0.9929949,0.99648243,0.99247134
MDM1,1.0007128,1.0005367,1.0006998,1.0010256,1.0007035,1.000768,1.0005176,1.0009927
PCDHA9,1.0047019,1.0036441,1.0023866,1.0039248,1.0040028,1.003808,1.0017952,1.0040355
AJM1,0.9969666,0.9977012,0.99818164,0.99692714,0.9971349,0.9971372,0.99861777,0.9972124
KLHL17,0.99891555,0.9991379,0.9999087,0.9997573,0.9994918,0.99996614,1.0001082,0.99937594
ABHD4,0.9981935,0.99871576,0.99939346,0.9988736,0.9988195,0.9990103,0.99972296,0.99882036
MASTL,1.003357,1.0026278,1.0022355,1.003515,1.0033175,1.0032343,1.0017192,1.0033858
STEAP2,0.99817955,0.9986346,0.9988822,0.99825346,0.99833,0.99799436,0.9990703,0.99770176
NELFE,0.9965347,0.99736726,0.9982603,0.9970083,0.99702597,0.9971564,0.9987761,0.99799645
NLRP9,0.9979529,0.9984176,0.99873066,0.9978606,0.99799526,0.9980509,0.9990308,0.9980715
DOK7,1.0003364,1.0002104,1.0001426,1.0001793,1.0003295,1.0003576,1.0001152,0.99998826
PSMC6,0.9986665,0.9990109,0.99912995,0.9984901,0.99862283,0.99862564,0.9993116,0.9986341
CLINT1,1.0002742,1.0004175,1.0002439,1.0002891,1.0005091,1.0002276,1.0002444,1.000267
MIER1,0.9988021,0.9990624,0.99945045,0.99903804,0.99877775,0.9990059,0.9995619,0.99881196
GPM6B,0.99391305,0.99531734,0.9962302,0.9937658,0.9939723,0.9939338,0.99703556,0.9946897
EPS8L2,1.0026155,1.0018947,1.0016049,1.0026572,1.002404,1.0024459,1.0011656,1.0017586
NUCB1,0.99709177,0.9978771,0.99823344,0.9970285,0.99724275,0.9972069,0.9986927,0.99721295
C10orf71,0.9971039,0.9977858,0.99815303,0.99692,0.99716216,0.9970428,0.9985465,0.997192
RALGPS2,1.0011425,1.0007793,1.0005935,1.0009692,1.0007815,1.0008048,1.0003834,1.0012308
GDI2,0.9955557,0.9965824,0.9970412,0.9951346,0.99560666,0.9955532,0.9977054,0.99545276
GABRQ,0.99686813,0.9976023,0.99817735,0.9968949,0.9971022,0.99716324,0.9986352,0.9973098
ZNF45,0.9997015,0.99988973,0.9997828,0.9996487,0.9996172,0.99939156,0.9998241,0.9998249
WDR76,0.99809426,0.99856454,0.9990901,0.998426,0.9985003,0.9984573,0.99935114,0.99846005
IRF7,0.99825156,0.9986682,0.9989575,0.9982769,0.99838376,0.9984841,0.9992566,0.99821115
HSPA12B,0.997308,0.9979005,0.9982204,0.99708056,0.9970826,0.99705887,0.99851716,0.9971373
CHST5,1.0029434,1.002211,1.0018848,1.0030048,1.0027791,1.0028344,1.0014278,1.0028671
CSTF1,1.0044422,1.0034561,1.002775,1.004459,1.0041306,1.0041807,1.002144,1.0042651
CREM,0.99907106,0.9992932,0.99955785,0.99924105,0.99926263,0.9992695,0.99969536,0.99925447
DNM2,0.9983897,0.9987608,0.9990941,0.99846387,0.9985632,0.9985684,0.99933034,0.99852055
NDUFA9,0.9983474,0.99879265,0.99909514,0.99831593,0.9985651,0.9985031,0.9993396,0.9989093
FEM1C,1.000591,1.0004313,1.0005453,1.0008409,1.0008583,1.0007335,1.0004407,1.0008183
UBA3,0.99687463,0.9975997,0.9981346,0.99686897,0.99696374,0.9970201,0.9985397,0.99693066
PHF10,1.0014977,1.0010911,1.0008214,1.0013506,1.0009581,1.0011512,1.0005602,1.001261
EGFL6,1.0063698,1.0048811,1.003723,1.0059955,1.0055993,1.0056334,1.0027755,1.0059178
PRKAG3,0.9969834,0.99771553,0.99814427,0.99687815,0.9971126,0.9971045,0.9985827,0.9971036
SCUBE1,1.0003073,1.0001017,1.000145,1.000235,1.0001264,1.0003498,1.0001137,1.0002649
CRLF1,1.0015804,1.0011885,1.000941,1.0014637,1.0012319,1.001429,1.0006788,1.0009111
A2M,0.99547803,0.9965851,0.99702966,0.9951024,0.99548775,0.99551785,0.9977141,0.9949902
TXNDC11,1.0061665,1.0047259,1.0041537,1.0066661,1.0061448,1.0061543,1.0031952,1.0057483
URGCP,1.00091,1.0007122,1.0005915,1.0008934,1.0007579,1.0008968,1.0004733,1.0006006
CCDC33,0.9978665,0.9983964,0.99863255,0.99767077,0.99787533,0.99783653,0.9989487,0.9981122
MAT2A,0.99877805,0.9991375,0.9992906,0.9987941,0.9989468,0.9989316,0.9995059,0.9985675
MPI,0.9980891,0.9985812,0.9986844,0.9979168,0.9981773,0.9979354,0.99901724,0.9983401
AGPAT3,1.001517,1.0011504,1.0005338,1.0009722,1.0010946,1.0009753,1.000373,1.0008085
DDX52,0.9987968,0.9991337,0.9991251,0.99851143,0.9987265,0.99878514,0.99936485,0.99877214
PRKAG1,0.99919486,0.9994116,0.9997326,0.99937296,0.9994068,0.99958265,0.99992055,1.0001354
TSNAXIP1,1.0012085,1.0008518,1.000828,1.0012491,1.0009391,1.0010016,1.0005927,1.0022889
PCDHGA9,0.9967336,0.99751604,0.9979647,0.9966082,0.9968695,0.99685323,0.9984487,0.9968437
NADK,1.0006824,1.0005009,1.0004911,1.0008467,1.0006707,1.0006211,1.0003625,1.0004926
GK5,1.0026988,1.0021033,1.0019138,1.0029229,1.0027512,1.0029427,1.0015528,1.003104
KRT82,0.9967072,0.99750435,0.9980099,0.9966529,0.996889,0.9968914,0.9984898,0.9969293
PPARGC1A,1.0027826,1.002282,1.0018322,1.0028872,1.0028999,1.0026827,1.0014377,1.0023392
DMAP1,0.99788237,0.99835575,0.9987453,0.99786675,0.9979985,0.9980961,0.9990853,0.998535
ZC3H6,1.0035152,1.00275,1.002053,1.0033758,1.0032989,1.0031524,1.0015407,1.0024989
SCLY,1.0016642,1.0012934,1.0006721,1.001067,1.0011994,1.001129,1.0005113,1.0016111
GMPR,1.0031921,1.002433,1.0019615,1.0030876,1.0029464,1.0030637,1.0015296,1.003057
PDSS1,1.0009696,1.0008118,1.0003954,1.0006616,1.0010134,1.0008112,1.000361,1.0002693
CHST4,0.9967072,0.99750435,0.9980099,0.9966529,0.996889,0.9968914,0.9984898,0.9969293
EP400,0.9979424,0.9984113,0.9989261,0.9980652,0.99798584,0.99810386,0.99916553,0.99894845
CHRNB3,1.0001426,1.0001733,1.0001154,1.0000682,1.000219,1.0000825,1.0000991,1.000351
GEN1,1.0022825,1.0017565,1.0007964,1.0014714,1.0016878,1.0013003,1.0004733,1.0004064
JPH2,0.9993086,0.999496,0.9996357,0.9992981,0.9993429,0.99935615,0.99972594,0.99926585
CAPN5,1.0004135,1.0004234,1.0006802,1.0010455,1.000865,1.0007594,1.0006217,1.001107
GLRB,1.0006919,1.0005889,1.0008438,1.001218,1.0010846,1.0012836,1.0008236,1.001585
APEH,0.999716,0.9997741,1.000221,1.0002637,0.9999721,1.0001655,1.0002183,0.9998371
ACBD3,0.9957174,0.9967743,0.99723387,0.99533194,0.9958104,0.9958303,0.9979198,0.99635994
AIPL1,1.0007567,1.0005608,1.0005901,1.0008323,1.0007937,1.0009282,1.0004928,1.0009876
FHL2,1.0006323,1.0004436,1.0002967,1.0004668,1.0004686,1.0005727,1.0002413,1.0002824
PPP1R26,1.0025446,1.0019975,1.0013031,1.0022438,1.00195,1.0017569,1.0008963,1.0018371
PRICKLE2,0.9974501,0.99803984,0.99832296,0.99720126,0.99725854,0.9975952,0.998713,0.9966401
GALK1,0.99911106,0.9993733,0.99948215,0.9991077,0.9991846,0.9991354,0.99961007,0.99890786
HELB,1.0017112,1.0012565,1.0006576,1.0011275,1.0011855,1.0009718,1.000364,1.0009593
ISL1,0.9844253,0.98815376,0.99066055,0.98467517,0.9854895,0.98465896,0.99266434,0.9867971
CDH17,0.99783075,0.9984039,0.99863863,0.99767923,0.9978925,0.99783945,0.9989723,0.9978827
DPH2,1.0018262,1.0014356,1.0013932,1.0021647,1.0018349,1.0019987,1.0010899,1.0010488
HPS1,0.9994625,0.9996601,0.99972564,0.99943817,0.99951816,0.9995023,0.99986887,1.0002375
NDUFA10,0.9984797,0.9988656,0.999164,0.9985297,0.9986197,0.99868524,0.99940145,0.9989681
KDM2A,0.99912196,0.9993489,0.99942404,0.9990224,0.999115,0.9990194,0.9995036,0.99851155
PIPOX,1.0017352,1.0013536,1.0012437,1.0020341,1.0017877,1.0018955,1.0009768,1.0009996
SIRT1,0.9999062,0.99990785,1.0001843,1.0001962,0.9999925,1.0002661,1.0001724,0.99976087
DHX40,0.99389297,0.9953445,0.99603266,0.99355817,0.9938785,0.99373317,0.9968802,0.9937664
BRD2,0.9992793,0.99938154,0.99988705,0.99965614,0.999453,0.9997442,0.9999619,1.0000379
EXD3,1.0004427,1.0003607,1.0002086,1.0003133,1.0001414,1.0000392,1.0000687,1.0003804
LCA5,1.0043569,1.0032101,1.002495,1.003951,1.0037364,1.0040067,1.0019495,1.0050985
MID2,1.0049464,1.0038917,1.003242,1.0052011,1.0050241,1.0050185,1.0025576,1.0038108
TBC1D10C,0.9969293,0.997704,0.9979453,0.9966216,0.996903,0.9967578,0.998374,0.9965186
FOXP3,0.997091,0.9977905,0.99827313,0.99708116,0.9972571,0.99735725,0.9987091,0.99709153
SYCP2L,1.0014098,1.0009996,1.0009518,1.0015305,1.0013669,1.0014343,1.0007386,1.0014694
SLC25A37,1.0050753,1.0039515,1.0032141,1.0051397,1.0046072,1.0043871,1.0022825,1.004281
PCDHA12,1.0025842,1.0019422,1.0015433,1.0024807,1.0022395,1.0022824,1.0011584,1.0025994
SCNN1B,0.99637026,0.99725467,0.99780303,0.9963188,0.9965828,0.99657744,0.9983362,0.99658257
SMARCAD1,0.99687773,0.997634,0.9978006,0.9963964,0.9968202,0.99671674,0.9982865,0.9966234
KLHL35,1.004998,1.0037711,1.0032251,1.0052129,1.0047853,1.0051776,1.0025218,1.0041145
DCST1,0.99705243,0.99774635,0.99827933,0.99705577,0.99722886,0.99733233,0.9987149,0.9974793
ANO10,1.0010961,1.0008198,1.0009793,1.0014731,1.001266,1.0014784,1.0008398,1.0015442
ESRRA,1.0035465,1.0026491,1.0021505,1.0034933,1.0031848,1.0031209,1.0015383,1.0031294
MPP2,0.9995441,0.9996648,1.00009,0.99999344,0.9999084,1.0000048,1.0001576,1.0003848
NLRP7,0.99843484,0.99877644,0.99908125,0.99840367,0.99842316,0.99856895,0.99929065,0.99863076
PLK2,0.9979802,0.99853784,0.99839574,0.99742365,0.9978167,0.9978385,0.9987564,0.99664426
GPAT3,0.9967072,0.99750435,0.9980099,0.9966529,0.996889,0.9968914,0.9984898,0.9969293
IRAK1,1.0026325,1.0020608,1.001391,1.0022464,1.0021689,1.0019888,1.0010157,1.0026973
PDE12,1.0034153,1.0026337,1.0020766,1.0034112,1.0031407,1.0030773,1.0015485,1.0029893
NDST1,1.0011623,1.0009328,1.0005265,1.0008751,1.0008771,1.0008047,1.0003655,1.0003362
P4HA3,0.9967254,0.9975071,0.9979979,0.9966506,0.9968841,0.9968509,0.99846643,0.9969486
TTLL9,0.99906075,0.99932575,0.99940723,0.9989621,0.99921083,0.9992252,0.9996158,0.99908155
FKTN,1.0024378,1.0017118,1.0017867,1.0028328,1.0022798,1.0026491,1.0013964,1.0033486
ATXN1,1.0016568,1.001204,1.0006262,1.001071,1.0009059,1.0010688,1.0004131,1.0013812
TTC39B,1.0006461,1.000507,1.0002784,1.0004307,1.0004209,1.0003184,1.0001514,0.9999416
SEC14L3,0.9967791,0.99755025,0.9980476,0.9967193,0.99694777,0.99695736,0.9985175,0.9970199
NOP58,0.9985704,0.9990201,0.99927497,0.99869573,0.99875224,0.99878544,0.9994706,0.99820364
ZNF343,1.0041456,1.0030806,1.002878,1.0045062,1.0041497,1.004436,1.0022881,1.0045598
TLR8,0.99751455,0.99814093,0.998418,0.997336,0.99756944,0.9975064,0.99877286,0.99745774
TSHZ3,0.9973123,0.9978882,0.9984007,0.997378,0.99743867,0.99740666,0.99877024,0.9978019
FOXRED2,0.9979062,0.99837434,0.9987781,0.99796844,0.99813676,0.99808085,0.9991124,0.99844193
STAT5A,1.0050873,1.0038435,1.002721,1.0044655,1.0042696,1.0039537,1.0018824,1.003995
MASP1,1.0003245,1.0002332,1.0008333,1.0011388,1.0006257,1.0009196,1.0007036,1.0011356
NMNAT2,0.9989685,0.9991308,0.99915546,0.99867356,0.99882424,0.99868083,0.99923897,0.9984998
SSBP3,0.9927934,0.99452686,0.9954007,0.9924916,0.9930676,0.99301624,0.99646264,0.99246275
SUMF1,0.99596184,0.99701476,0.9977227,0.9961464,0.99645305,0.9965217,0.99842364,0.9972674
LRTOMT,0.9983418,0.99876994,0.999405,0.99884844,0.99877536,0.99874353,0.9996116,0.9997258
NCLN,1.0067567,1.0051194,1.004124,1.0067354,1.0062377,1.0061822,1.0030528,1.0060185
FA2H,0.9992314,0.9993735,0.9997723,0.99952734,0.999408,0.99950707,0.9998497,1.0000263
PXK,1.0027468,1.0020652,1.0017283,1.0028377,1.0027696,1.0027075,1.0013279,1.002248
ARHGEF25,1.0052961,1.0040803,1.0033607,1.0055147,1.0052562,1.0051492,1.0026042,1.0046217
NCDN,1.0032115,1.0024432,1.0020756,1.0033181,1.003102,1.0032636,1.00163,1.0029842
BFSP2,0.9958644,0.9968613,0.99754936,0.9959097,0.99616873,0.99615157,0.9981477,0.9962419
SF1,0.9949341,0.99617547,0.9969388,0.994933,0.9952804,0.99522316,0.9976857,0.995469
ERAP2,0.99702656,0.99780786,0.99870443,0.9976453,0.9975922,0.99791205,0.9991509,0.99764943
NRBP1,0.99853384,0.9989023,0.99929833,0.9988001,0.9989573,0.9989776,0.99956083,0.9988297
MFSD8,0.999005,0.9992862,0.9993409,0.99889654,0.9992087,0.99925923,0.9996327,0.99923193
GNAI2,1.0000054,1.000027,0.9997935,0.9996668,0.999681,0.9996592,0.99978197,0.9992874
GJA1,0.99245507,0.99435997,0.9953244,0.99235547,0.99282193,0.99280417,0.9965174,0.99299616
SELENBP1,0.9915205,0.9936942,0.994861,0.9915652,0.99227875,0.9920607,0.9961878,0.99209106
KCNH4,1.0032147,1.0024612,1.0018134,1.0028727,1.0029035,1.002938,1.0013963,1.0027454
MORC2,1.0080243,1.0062569,1.004548,1.0075073,1.0071828,1.0065914,1.0032904,1.0068046
DZANK1,1.0091826,1.0069846,1.0056347,1.0091867,1.0085918,1.0084991,1.004241,1.0083921
MBD3,0.999028,0.9992577,0.99941015,0.99899554,0.99898934,0.9989071,0.999531,0.99927694
FOXO4,1.005504,1.0041144,1.0030378,1.0050049,1.0047255,1.0045134,1.0021417,1.0045729
TMPRSS3,0.9993446,0.9994631,0.9995562,0.9992084,0.99928844,0.9994056,0.9996929,0.99955
ZNF512,0.9966147,0.9974798,0.9978118,0.9963238,0.9965053,0.99652183,0.99827635,0.99649674
PPAT,1.0007187,1.0006033,1.0005779,1.0008404,1.000658,1.0006357,1.0004241,1.0004991
ALDH1A2,0.9998381,0.9998987,1.0000588,0.99999547,0.9999728,0.99991155,1.0000427,0.99993455
HHATL,0.9972073,0.99788964,0.99829423,0.997126,0.99733436,0.9973079,0.9986986,0.9974027
AGRN,0.9920343,0.99395585,0.9949689,0.99177104,0.9922055,0.9919967,0.99605,0.9919733
TMEM132E,1.0029473,1.0022937,1.0018994,1.0030806,1.0028423,1.0027082,1.0014107,1.0023006
RASGRP2,1.0014472,1.0011222,1.0011897,1.0018828,1.0015523,1.0016986,1.0009469,1.001326
VEZT,0.9929725,0.99469376,0.9958787,0.99316674,0.99354404,0.99368113,0.9969305,0.9934404
ALB,0.9983031,0.99870396,0.9990172,0.9983051,0.9984434,0.9984728,0.9992663,0.9983334
PDE7B,1.0050638,1.0038546,1.0037243,1.0058465,1.0050371,1.0054566,1.0029256,1.0057483
DLD,0.99823177,0.99875635,0.9989972,0.9982423,0.9984038,0.9983485,0.9992573,0.9981073
MEIS3,0.9982468,0.9985924,0.9986715,0.99783015,0.9979681,0.9979286,0.9989242,0.99843526
PARP6,0.9997337,0.999831,0.9998043,0.99962115,0.9997126,0.99964345,0.9998211,0.9993289
ADGRG2,0.9989149,0.99914145,0.99938023,0.99896073,0.99900126,0.99882704,0.99947643,0.99922675
MEPCE,1.0029705,1.0022688,1.0019026,1.0030094,1.002672,1.0026911,1.0013757,1.0023792
NFIX,0.9987605,0.99908125,0.9992538,0.99868333,0.9985901,0.9987657,0.9994055,0.9983294
SLC13A3,1.003909,1.0028582,1.0026993,1.00435,1.0037515,1.0042193,1.0021229,1.0041307
TBXT,0.99689007,0.9976395,0.99810654,0.9968205,0.99704283,0.99702156,0.9985508,0.9970628
EVX2,0.9967072,0.99750435,0.9980099,0.9966529,0.996889,0.9968914,0.9984898,0.9969293
HMGCS1,0.99056536,0.99283314,0.99411285,0.99032587,0.99091995,0.9909006,0.99546325,0.99068457
FAF1,1.0025736,1.0019354,1.0018544,1.0029466,1.0026736,1.002737,1.0014639,1.0028902
KRT19,0.9956421,0.9966924,0.9971839,0.99541926,0.9957326,0.9956939,0.9978372,0.99570644
ZNF536,1.007223,1.0054449,1.0041652,1.0068295,1.0065401,1.0061854,1.0030413,1.0070531
ANKRD62,1.0054446,1.0040882,1.0033015,1.0053899,1.0051033,1.005012,1.0024748,1.005047
CCNL1,0.9927623,0.9944899,0.99583447,0.9930509,0.99319434,0.99343777,0.99684525,0.9934412
KRT73,0.9983305,0.9987782,0.9991135,0.9983803,0.9985157,0.99854374,0.99936265,0.9986764
TMEM8A,0.9967072,0.99750435,0.9980099,0.9966529,0.996889,0.9968914,0.9984898,0.9969293
MUS81,0.9990137,0.9993761,0.9994103,0.9990216,0.9991511,0.9988544,0.99954325,0.9988352
TPM4,0.9973756,0.99807894,0.99820065,0.99702716,0.997367,0.9972644,0.99860454,0.9967879
SEPT8,0.9967072,0.99750435,0.9980099,0.9966529,0.996889,0.9968914,0.9984898,0.9969293
ELL,1.0003878,1.0002774,1.0001543,1.00025,1.0003123,1.0003374,1.0001423,1.0001501
FAM161A,0.9973557,0.99795985,0.9984158,0.9973089,0.9973573,0.99721557,0.99871016,0.9980974
DDX55,1.0005178,1.0004151,1.0005361,1.0008239,1.0008345,1.0005975,1.0004213,1.0009806
GALE,0.9973783,0.9980752,0.9987672,0.99779975,0.9978645,0.99825096,0.9992521,0.9978815
TRMU,1.001974,1.0015379,1.0011274,1.001817,1.00183,1.0017262,1.0008824,1.0018744
CDC14A,0.9974936,0.9981678,0.9983376,0.9971265,0.9973707,0.9972471,0.99867547,0.9978714
PLK1,1.0011141,1.0010569,1.0002162,1.0003799,1.0006249,0.99996567,0.9999976,0.99941576
SMARCA4,0.9932394,0.99488306,0.9957403,0.9929937,0.99365026,0.9935588,0.996755,0.9930978
FAM160B2,0.99874365,0.99920255,0.9989922,0.9982939,0.99870986,0.9985106,0.99927485,0.99823606
NCBP3,1.0011016,1.0008724,1.0003024,1.0005356,1.0006096,1.000404,1.0001166,1.0002464
DTL,1.0014366,1.001242,1.0009068,1.0015275,1.0013878,1.0007074,1.0005093,1.0001938
GLRA4,0.99669397,0.997493,0.9979974,0.99663734,0.9968741,0.9968695,0.99847806,0.99691224
GNAI3,0.99661803,0.9974341,0.9980824,0.9967141,0.99695015,0.99710464,0.9986094,0.9970883
ERO1B,1.0009012,1.0006413,1.0005014,1.0008836,1.0006697,1.0007131,1.0003449,1.0007156
SLITRK2,1.0073844,1.0057187,1.0046504,1.0075126,1.0068907,1.0070195,1.0035865,1.0070641
ABCB9,1.0024713,1.0018216,1.0013785,1.0022713,1.0021428,1.002284,1.0010396,1.0018668
FBL,0.9969723,0.9977647,0.99808985,0.99682015,0.99708426,0.9969498,0.9985409,0.9970312
NAALAD2,1.0051966,1.003958,1.0033398,1.0055164,1.0050983,1.0050462,1.0025423,1.0043616
SLC37A1,1.0035033,1.0026679,1.0021697,1.0035032,1.0033085,1.0035938,1.0016932,1.0021772
MMP16,1.0035985,1.0029156,1.0019736,1.0030973,1.003093,1.0031451,1.0015554,1.0028764
SH2D4A,0.99666125,0.99743456,0.9978399,0.9964205,0.99649036,0.99655116,0.99824744,0.99623716
GK,1.0044347,1.0034025,1.002146,1.0035425,1.003433,1.0031872,1.0014541,1.0030894
SIGLEC10,0.99064404,0.99292386,0.99431825,0.9905823,0.9912996,0.9913104,0.9957196,0.99103415
DENND6B,0.9994818,0.9995935,1.000027,0.9999558,0.9997786,0.9999413,1.0001031,0.9999099
FOXC1,0.9979665,0.99851567,0.99870825,0.9978113,0.99789464,0.9980601,0.9990136,0.9969448
KRI1,1.0012946,1.0009205,1.0011096,1.0017462,1.0014242,1.001524,1.0008824,1.0023098
CYP4F11,0.99712217,0.9978144,0.9982947,0.9971052,0.99728554,0.9972917,0.9987024,0.9974446
KNTC1,1.0003033,1.0002835,0.99987936,0.99981755,1.0000234,0.99957967,0.9998063,0.99992275
SOX3,0.9904983,0.99293613,0.99430513,0.9905286,0.99115396,0.9908356,0.99563336,0.99073166
ITGA1,0.99753964,0.9981599,0.9984895,0.99739516,0.997537,0.9977094,0.9988655,0.99715173
INCENP,1.0014815,1.0011284,1.0010628,1.0016724,1.0015222,1.001495,1.0008278,1.0014601
BRPF1,1.0010711,1.0008311,1.0011429,1.0017539,1.0015203,1.0017238,1.0010003,1.0012755
TMPRSS13,1.0005931,1.0005485,1.0004767,1.0006362,1.000749,1.0006577,1.0004159,1.0006405
MICAL2,0.998346,0.9985993,0.99903154,0.9983453,0.9983389,0.99849784,0.99923575,0.9986415
CDC20,0.99816245,0.9986931,0.99877226,0.9979204,0.9980974,0.99779093,0.99902284,0.99857926
SPOCD1,0.9974395,0.9980532,0.9984332,0.9973581,0.9975376,0.99756515,0.99880266,0.99744606
THOC1,1.0027554,1.0021033,1.001529,1.0025027,1.002431,1.0024219,1.001157,1.0022641
SCNN1G,1.002379,1.0017422,1.001256,1.0020237,1.0018053,1.0020239,1.0008941,1.0018765
FLOT2,1.0018532,1.0014709,1.0008547,1.0014443,1.001525,1.0013127,1.000609,1.0008122
TMPRSS11F,0.9980271,0.9985012,0.9988944,0.9980941,0.99821043,0.99827397,0.99919415,0.99830985
RRP9,0.99778044,0.99826145,0.99901927,0.9982921,0.9981542,0.9984603,0.99936646,0.99881524
TDP1,1.0063041,1.00475,1.0041237,1.0066758,1.005907,1.0061644,1.0031196,1.0059572
SLC27A5,1.0015465,1.0011686,1.0009921,1.001717,1.0015744,1.0013763,1.0007219,1.0009998
STK11,1.0011572,1.0009412,1.0006759,1.0010701,1.0010196,1.0010438,1.0005248,1.0004386
EPPK1,1.0051037,1.0038254,1.0031857,1.0051224,1.0047244,1.0049655,1.0024447,1.0050038
FIBCD1,1.0050966,1.0038407,1.0029917,1.004849,1.0045363,1.0045774,1.0022277,1.0046184
PCDHA7,0.9933903,0.9950683,0.99557805,0.9926319,0.99317384,0.9929069,0.9964329,0.9924431
HJV,0.99660325,0.9974249,0.99795717,0.99656415,0.99680483,0.9968184,0.9984561,0.996881
TCTN1,0.9993966,0.9996042,0.9997998,0.99962986,0.9996009,0.9996713,0.9999196,0.9990625
USP39,0.9981105,0.9986538,0.9987271,0.9978968,0.99820924,0.9978487,0.99898773,0.9977629
ALOX15,0.998806,0.9991144,0.9993819,0.9988799,0.99898875,0.9990076,0.99955666,0.99895215
SLC45A2,0.9970041,0.99773264,0.99814105,0.9968813,0.99712753,0.9971,0.9985802,0.99707955
FAM129A,0.9967072,0.99750435,0.9980099,0.9966529,0.996889,0.9968914,0.9984898,0.9969293
OTUD7A,0.9977379,0.9983071,0.99877626,0.9979131,0.99799794,0.9980147,0.99910194,0.9980835
PCK1,1.0047858,1.0035925,1.0029218,1.004658,1.0042762,1.0044224,1.0021927,1.0046254
C16orf96,0.99632406,0.9972113,0.9978105,0.9963428,0.99657315,0.99653697,0.9983307,0.9965815
RTCB,1.000478,1.0003896,1.0003014,1.000453,1.0006325,1.0004683,1.0002816,1.0008931
DDX59,1.0019095,1.0014378,1.0014312,1.0021892,1.0019348,1.0021001,1.0011258,1.0022852
ING3,0.99734414,0.99793047,0.99809825,0.9969163,0.9973148,0.99718475,0.9984969,0.996457
GTF3C5,0.9983746,0.99883115,0.99902225,0.9982815,0.99848163,0.9982668,0.99923694,0.9988555
TMC8,0.99678946,0.99749345,0.99815583,0.99682283,0.9970894,0.99736536,0.99867433,0.9970645
SRSF4,0.9997063,0.99981,0.9997954,0.999599,0.99975586,0.99979234,0.999889,0.99956286
SLC37A2,0.9975985,0.99818695,0.99833536,0.99716794,0.997529,0.99756336,0.9987279,0.99743545
ADAD1,0.9973079,0.99796355,0.99834096,0.9972067,0.9974245,0.9973973,0.99872684,0.997319
ADCYAP1R1,0.9987135,0.999025,0.9992136,0.99875003,0.99877775,0.9986955,0.99942404,0.99884176
SLC2A5,0.99544036,0.9966495,0.9969435,0.99492806,0.9954433,0.9951826,0.9975681,0.9947847
TMEM161B,0.9978761,0.99843395,0.99889505,0.99814343,0.998116,0.99826837,0.9991859,0.9972969
GSR,0.99886096,0.9991673,0.9991819,0.9986322,0.9988152,0.9988679,0.9993949,0.9982065
FNDC7,0.99674916,0.9975431,0.9980071,0.996658,0.99691606,0.99688756,0.9984822,0.99686956
TRIP13,1.0021868,1.001652,1.0012579,1.0019935,1.0018983,1.0015563,1.0008614,1.0023544
MTBP,1.0046299,1.0034928,1.0029029,1.0048281,1.004375,1.0041993,1.0021609,1.0046501
NT5DC2,0.9971949,0.99786484,0.9983462,0.9973327,0.9973867,0.9973654,0.99874955,0.9972167
SYTL5,1.0031297,1.0022925,1.0018249,1.002945,1.0027641,1.0028253,1.00134,1.0028361
MAPK8IP3,1.0026059,1.0020226,1.0011504,1.0019858,1.0020815,1.0018586,1.0007863,1.0009885
CYTH1,1.0016906,1.0012572,1.0009223,1.0015464,1.0013727,1.0012972,1.0006255,1.0014066
KANK4,1.0031321,1.0022767,1.0020466,1.0032264,1.002704,1.0029669,1.0014817,1.0029802
PPEF2,0.9985069,0.99885106,0.9991032,0.9984627,0.99854255,0.99860525,0.9993268,0.9986173
ARHGEF33,1.0002925,1.0002906,1.0000919,1.0000911,1.0002279,1.0000961,1.0000997,1.0004817
LMX1A,1.0019021,1.0017481,1.0016868,1.0022976,1.0023587,1.0028865,1.0016651,1.003199
SERPINC1,0.99656415,0.9973761,0.9979303,0.9965272,0.9967605,0.99680537,0.9984399,0.9968835
MAOB,1.0035118,1.0027341,1.0019233,1.0031545,1.0031,1.0030757,1.0014602,1.0022007
ACAN,0.99950063,0.9996605,0.999789,0.99959964,0.9996586,0.99962556,0.9998868,0.9997872
PARP10,0.9983081,0.99874735,0.99872756,0.9979071,0.9981356,0.9979705,0.99894524,0.9978056
ZC3HC1,1.0028056,1.002243,1.0018169,1.0028886,1.0026414,1.0026836,1.0014207,1.002478
C7orf55-LUC7L2,0.9967072,0.99750435,0.9980099,0.9966529,0.996889,0.9968914,0.9984898,0.9969293
PCDHA4,0.9998157,0.999849,0.9999182,0.99975973,0.9996973,0.99975365,0.99989444,0.999526
OTOA,0.9975152,0.9980937,0.99850893,0.99746025,0.9976237,0.9976475,0.99884963,0.997658
APBA2,0.99867356,0.99911547,0.99943936,0.99899286,0.9991616,0.9991085,0.9996911,0.9988668
IQCB1,0.997664,0.9982623,0.9984318,0.9973718,0.9977341,0.99745804,0.9987916,0.9979939
FAM160A1,0.99705327,0.9978006,0.9982324,0.9970325,0.9972565,0.9972099,0.9986695,0.9972861
MFSD2B,0.99787366,0.9983889,0.9986828,0.9977586,0.9979143,0.9979917,0.9990057,0.9978209
EXD2,0.9996666,0.9997008,0.9998946,0.9997656,0.99965566,1.0000521,0.99999547,0.9995229
ALDH1A3,0.99767935,0.99825037,0.99844205,0.99741125,0.99764836,0.9975631,0.998765,0.9974027
SLITRK4,0.9934592,0.9950278,0.9958705,0.99323547,0.9936425,0.99326706,0.99670327,0.9937283
DMTF1,0.9976467,0.9982301,0.99842685,0.9973446,0.9975001,0.9975779,0.99875414,0.9973077
TRMT44,1.0038682,1.0028726,1.002321,1.0038235,1.0034627,1.0035446,1.0017437,1.0037727
HERC5,1.0008016,1.0006132,1.0007105,1.001024,1.0008705,1.0010833,1.0006022,1.0008544
RARS2,1.0012307,1.0008941,1.0012125,1.0018318,1.0014439,1.0017885,1.001009,1.0018951
KLHL10,0.9963854,0.9972706,0.9978062,0.99632233,0.9965962,0.9965861,0.99833953,0.99656266
F10,1.0021459,1.0016385,1.0012853,1.0020174,1.0019735,1.0018833,1.0009532,1.0020661
ZC3HAV1,0.9997499,0.99983096,1.0000527,1.0000529,0.99991107,0.99990416,1.0000665,0.999974
TBCCD1,1.0007877,1.0006721,1.0005733,1.000827,1.0008265,1.0009148,1.0005203,1.0009073
KHSRP,0.9973732,0.998098,0.99839795,0.997424,0.9976723,0.99750316,0.9988112,0.9970796
IL17RC,0.9940305,0.9954853,0.99630463,0.9939068,0.99435633,0.9944246,0.99723357,0.9941392
MAP3K2,0.99142575,0.9934541,0.99441016,0.9908682,0.99157715,0.9913428,0.9956461,0.9916768
DDN,0.9980699,0.9985008,0.9986195,0.9978174,0.9979857,0.99765587,0.99882746,0.99796605
DGCR2,0.9967316,0.9976281,0.99812585,0.9968337,0.99699354,0.9968365,0.9985958,0.9973499
SEPT9,0.9967072,0.99750435,0.9980099,0.9966529,0.996889,0.9968914,0.9984898,0.9969293
LIN9,0.99920046,0.9994726,0.9993621,0.99889386,0.99910486,0.99891233,0.9994894,0.9989541
SLC24A3,1.0003022,1.0003872,1.0002426,1.0003507,1.0003365,1.000303,1.0002112,0.99927247
CCDC175,0.99544483,0.99661183,0.9971204,0.995248,0.9956192,0.9954145,0.99777806,0.9953109
ACTL6A,0.99899167,0.9991602,0.99924767,0.9987838,0.9988712,0.9989325,0.9994347,0.999421
METAP2,0.998547,0.99887705,0.9990665,0.9983776,0.9984417,0.9985442,0.99925864,0.9985182
GRIPAP1,1.0021694,1.0016551,1.0010996,1.0018582,1.0018265,1.0016071,1.0007572,1.0015686
TENM2,0.98330957,0.98724914,0.98977125,0.98327047,0.9841752,0.98422694,0.9921462,0.98378146
MALT1,1.0038731,1.0029478,1.001878,1.0031922,1.0031883,1.0026553,1.00125,1.0029699
PPP2R2B,0.99472475,0.99598396,0.9970852,0.9950617,0.9951296,0.9953028,0.99781907,0.99597806
KCNN1,0.9996953,0.999639,1.0002182,1.000261,0.9999685,1.0002052,1.0002062,1.0000509
ZYX,0.99822414,0.99867177,0.9990274,0.99839264,0.99835396,0.9983293,0.9992755,0.9986006
BTBD1,1.0019528,1.0014908,1.0011061,1.0017667,1.0017529,1.0017359,1.0008069,1.0010934
PPP2R5C,0.99749756,0.9981824,0.9986498,0.9976902,0.99768925,0.9977249,0.9989937,0.9976042
ASIC3,0.9995271,0.99961317,0.999887,0.9997283,0.99964803,0.9995963,0.99991226,0.99994695
SIGLEC1,1.0010175,1.0006257,1.0007455,1.0010502,1.0009279,1.001181,1.00058,1.0017467
PIP5K1A,1.0063512,1.0048488,1.0034553,1.0056895,1.0055945,1.00529,1.0025073,1.0052211
EXOC3L1,1.0025941,1.001948,1.0013622,1.0021987,1.0020556,1.0019441,1.0008988,1.0020602
APAF1,1.0045502,1.0034726,1.0022193,1.0037143,1.0035894,1.0036266,1.0015852,1.002883
DCST2,0.9978107,0.9983803,0.99857336,0.99759233,0.99783146,0.9977459,0.99889165,0.99770784
NR2E1,0.9872279,0.99050117,0.9922967,0.98725545,0.98816097,0.9877864,0.9941355,0.98712146
ACSL5,1.0027606,1.0019684,1.0014933,1.0024012,1.0021746,1.0022941,1.0010332,1.0024362
ADCK5,1.0034359,1.0026966,1.0018592,1.0030919,1.0030357,1.0028714,1.0013841,1.0025147
CRACR2A,0.9986762,0.9990164,0.9992796,0.99873316,0.99883544,0.99890804,0.99949205,0.9986847
GNAS,0.99110794,0.99323916,0.9943119,0.9906355,0.9912974,0.99125224,0.9955728,0.9908564
MLXIPL,0.9968533,0.9976358,0.99808353,0.99679685,0.9970183,0.99693036,0.99852055,0.99699116
AFAP1,1.0022926,1.0017866,1.0014786,1.0023427,1.0022558,1.0023175,1.0011737,1.0019256
GALNT12,1.0003281,1.0002528,1.0004615,1.0005845,1.0005176,1.000665,1.0004413,1.0011033
SMYD4,0.99732304,0.9979662,0.99878347,0.99786556,0.99768066,0.9977274,0.99905705,0.99812335
GALNT15,0.99995387,0.99995816,1.0001718,1.0001773,1.0000979,1.0002011,1.0002096,1.0007353
ICAM5,0.99758863,0.9981806,0.99864084,0.99766207,0.9977195,0.99780214,0.9989636,0.9975525
OLFML3,0.9983326,0.9988129,0.9990097,0.99826854,0.9985252,0.9985277,0.9992895,0.9979606
CERS5,0.9993217,0.99945235,0.9997151,0.9994676,0.9993083,0.99927735,0.9997326,0.9999368
PLK3,1.0022823,1.001752,1.0014502,1.0022585,1.0022479,1.0022682,1.0011222,1.0018221
TRPM2,0.9971765,0.99780416,0.9981554,0.99698246,0.99721414,0.9971217,0.9985465,0.9969752
PHB2,0.99868053,0.9989984,0.99943966,0.9989456,0.99891806,0.99904895,0.9996257,0.99942946
ULK3,0.99902546,0.99934924,0.9995575,0.99918294,0.9991647,0.99898565,0.99964064,0.99936306
C12orf10,1.0001255,1.0002154,1.0000232,0.99996686,1.0001888,0.9998161,1.0000048,1.0002072
KCNJ12,0.9978361,0.99841094,0.99861586,0.99763864,0.9978448,0.9977671,0.99893445,0.9979092
SLCO4A1,1.0019864,1.0015262,1.0011694,1.0018439,1.0018568,1.0019643,1.0009346,1.0013103
CCKBR,0.99886525,0.99908614,0.9993029,0.99883574,0.9989027,0.999113,0.99955285,0.99925345
GATAD2A,0.99475914,0.9960277,0.99683726,0.9948224,0.9951763,0.9949951,0.9975999,0.9949653
PHACTR2,0.9963995,0.9973531,0.9977733,0.99636835,0.99672234,0.9966298,0.99835634,0.9959661
RASIP1,1.0013983,1.0010701,1.0007228,1.001143,1.0009681,1.0009123,1.0004458,1.0006689
PTH1R,1.0033163,1.0024694,1.0021281,1.0034177,1.0030947,1.003336,1.0016376,1.0029311
CSF2RB,0.9967983,0.9974783,0.99818456,0.99695534,0.99715436,0.99726117,0.9986597,0.9972036
RNF19B,0.9957676,0.99693716,0.99818945,0.9968827,0.9969109,0.9970548,0.9988446,0.99639815
AKAP1,0.9959489,0.99690163,0.99765974,0.9960596,0.99628997,0.9965944,0.9983083,0.9958981
NIPAL3,1.0040104,1.0030997,1.002674,1.0042739,1.004143,1.004221,1.0021379,1.003655
NECTIN3,0.99506116,0.9965366,0.99648,0.99421906,0.99517024,0.9946474,0.9974053,0.99534154
SLITRK1,0.9997056,0.99968743,0.9999848,0.99993825,0.99986404,0.9999182,0.99998796,0.9998101
GALK2,1.0085407,1.006494,1.0048231,1.0079558,1.0077136,1.0074557,1.0035863,1.0075947
GCNT2,1.0016425,1.0012033,1.0010701,1.001732,1.0015575,1.001432,1.0007592,1.0016031
NXN,0.99670595,0.9974887,0.9981741,0.99697363,0.9971602,0.9969672,0.9986291,0.9974756
RBM47,0.9962839,0.9972261,0.99768597,0.99615914,0.99647737,0.99626434,0.9982071,0.99649066
CCDC6,0.9992557,0.99950236,0.99926734,0.99867433,0.9991151,0.9987658,0.9993705,0.99903667
PPP6R1,0.99857205,0.9989157,0.9992734,0.99875855,0.9987847,0.9988016,0.99949,0.99882865
IMPG1,0.99699116,0.99770284,0.9981268,0.9968723,0.99710023,0.99708694,0.99856114,0.9970741
FOXC2,0.99792635,0.9984319,0.9987284,0.9978421,0.99802285,0.99799967,0.99903023,0.9980091
RXFP2,0.9971956,0.9979086,0.99826264,0.9970617,0.99730265,0.9972425,0.9986622,0.99729943
MON1A,1.0000303,1.0000194,1.0004389,1.0006592,1.000572,1.000587,1.0004241,1.0001343
SPEN,0.99520063,0.99640393,0.9970131,0.99503154,0.9953129,0.99527305,0.99768263,0.9952561
SUSD1,1.0015928,1.0010777,1.0012026,1.0018309,1.0015972,1.0019125,1.0009861,1.0024376
PIGQ,0.99573696,0.99687225,0.99756944,0.9959909,0.99609697,0.99613035,0.9981985,0.9950285
C1S,0.9968114,0.99767244,0.9980172,0.9967175,0.99693817,0.9968146,0.99846005,0.99592555
WNT7A,1.0078875,1.0058427,1.0047771,1.00788,1.0070561,1.0072442,1.0035815,1.0083456
SUV39H2,1.0012941,1.0009964,1.0010414,1.0016147,1.0013736,1.0013334,1.0007923,1.0015587
CTNND2,0.9939652,0.99548364,0.9963428,0.99395007,0.99432683,0.9942195,0.9971888,0.99384224
PARP12,0.99655557,0.9973428,0.9978374,0.9963851,0.9965209,0.99629974,0.9982231,0.9972765
ARHGAP6,1.0047386,1.0035443,1.0026443,1.0043681,1.0041883,1.0042211,1.0019841,1.0038854
N4BP2L2,1.0000741,1.0,1.0000952,1.0001167,0.9999583,1.0000852,1.0000482,1.0002723
DNPEP,1.0008276,1.000535,1.0005254,1.0008941,1.0007333,1.0007883,1.0003786,1.0007304
EPN3,0.99689627,0.9976547,0.9982461,0.99700093,0.9971707,0.9972557,0.9987152,0.99755234
ARHGEF16,0.9977654,0.9983334,0.9985742,0.9976008,0.99783695,0.99770784,0.998888,0.9977298
AMFR,0.99593455,0.9969872,0.99764395,0.99601877,0.99639225,0.9962897,0.998332,0.9974915
PDE7A,0.9993607,0.9995384,0.99933356,0.99892277,0.99910975,0.99912655,0.9994539,0.9982374
BTBD3,1.0021675,1.0016454,1.001263,1.0020294,1.0018995,1.0018026,1.0009277,1.0024651
COG7,0.9993981,0.9995822,1.0000844,0.9999144,0.9996352,0.9998688,1.0001456,1.0001663
KLHL4,1.003853,1.0029814,1.0022697,1.0037421,1.0034767,1.003596,1.0017204,1.002337
PCARE,0.9997276,0.9997299,0.9998797,0.9997129,0.9995926,0.9997554,0.99987185,0.9997214
OSBP,0.99677664,0.9975215,0.99805737,0.9966788,0.99685085,0.99687207,0.99849784,0.99734575
CNOT6L,0.998406,0.99888295,0.9993522,0.99879575,0.9987558,0.998891,0.9995738,0.99829155
KMT5C,1.0054337,1.0040867,1.0032717,1.0053936,1.0051525,1.0051439,1.0025091,1.0047467
KIAA1841,1.0012234,1.0008987,1.0008181,1.0012331,1.0010848,1.0011884,1.0006361,1.001946
SRSF6,0.99733543,0.9979962,0.9982301,0.99706376,0.99718726,0.9971688,0.99857944,0.997118
FBXO30,1.0047495,1.0037163,1.0023425,1.0038081,1.0038809,1.0034533,1.001662,1.0040274
NPHS2,0.99678814,0.9975625,0.998039,0.9967125,0.9969511,0.99694717,0.99850786,0.99692607
ZBTB4,1.0007404,1.0006213,1.0000534,1.0001523,1.0002612,1.0001212,0.9999571,0.999632
NAE1,1.0014437,1.0011463,1.000947,1.0014246,1.001264,1.001315,1.0007161,1.0013422
MTSS1,0.99534315,0.99648905,0.99707437,0.9951911,0.9954407,0.9952485,0.9976723,0.9953513
AGXT,0.99663633,0.9974498,0.997971,0.9965885,0.9968267,0.9968314,0.99846184,0.9968804
NCAM2,0.9980021,0.99860245,0.9988457,0.9980718,0.9982238,0.99809694,0.9991721,0.9981551
LYN,0.99300283,0.9948827,0.9956683,0.9927964,0.99353576,0.99355036,0.996806,0.99221414
CYP4V2,1.0041484,1.0032052,1.0022538,1.0036589,1.0035708,1.0034744,1.0016775,1.0034361
TRAF6,1.0017011,1.0013022,1.0010674,1.0016916,1.0015521,1.0015244,1.0008144,1.0020437
CYP26A1,0.99199164,0.99397385,0.9952588,0.99213374,0.9926404,0.99235487,0.99636996,0.9925181
SLCO1C1,0.98837876,0.9912703,0.9934528,0.98919,0.989646,0.9899465,0.99523175,0.98917466
PROM1,0.9989173,0.999401,0.9985492,0.9978598,0.9983372,0.99786246,0.99883544,0.9976492
C12orf4,1.0050026,1.0038948,1.003067,1.0049732,1.0045531,1.0043848,1.0022508,1.004447
DDX49,0.9983272,0.9988854,0.99886537,0.9980769,0.99835145,0.99816376,0.99916357,0.99844754
PTPN9,1.0000355,1.0000733,1.000072,1.0000324,1.0001764,1.0001581,1.000152,1.0004102
THOC5,1.0006752,1.0004928,1.0002196,1.0003966,1.00044,1.0005963,1.0002211,1.0003593
DDX51,1.0047578,1.0036253,1.0028305,1.0046759,1.0044501,1.0041745,1.0020969,1.0043055
GP2,0.99446285,0.99579227,0.99700594,0.99502957,0.99516,0.9952015,0.9978105,0.9956199
SMAD5,1.0014455,1.0010791,1.0008025,1.0013478,1.0012171,1.0010114,1.000515,1.0011806
NEK11,0.99893427,0.9992527,0.99933034,0.9989215,0.9990662,0.99894476,0.99957895,0.9997447
KIF21B,0.99025667,0.99264336,0.9939089,0.9899852,0.99075454,0.9906393,0.99532664,0.99033093
TAX1BP1,0.99847126,0.9988234,0.9990947,0.9984127,0.99842364,0.9985269,0.99929345,0.9987043
IP6K2,0.99748766,0.9981216,0.9984207,0.99739575,0.99762404,0.9974656,0.9987519,0.9974411
GAB2,0.9991623,0.9993428,0.9996408,0.9992542,0.99916166,0.9993423,0.99975586,0.99979126
RNF43,1.0008453,1.000578,1.0005059,1.0007031,1.0006706,1.000663,1.0003417,1.0011871
ACTBL2,0.9983277,0.99872744,0.9990161,0.99832296,0.9984293,0.9984083,0.9992498,0.99846005
GPT,0.9977335,0.99827504,0.99856997,0.9975867,0.9977547,0.9977579,0.9988934,0.9977504
HAUS5,1.0004667,1.0004177,1.0005246,1.0007782,1.00071,1.0005562,1.0003827,1.0002065
SYTL1,0.9959712,0.9969667,0.99739397,0.9956905,0.9960573,0.9959014,0.99796426,0.9959988
BARD1,0.99645305,0.9974636,0.99796736,0.99661064,0.99671674,0.99648464,0.998459,0.99671006
SGCA,0.99667704,0.9974768,0.9979949,0.99663055,0.9968591,0.9968517,0.99847305,0.9969215
C1orf112,1.0014219,1.0012357,1.0007086,1.0011564,1.0012414,1.0010772,1.0005178,0.99985796
PGM3,1.0014801,1.0012593,1.001189,1.0017552,1.0015769,1.0018001,1.0010171,1.0014548
ACE2,0.9969297,0.9976618,0.9981263,0.99685466,0.99707043,0.9970507,0.9985635,0.9971395
PROM2,1.0014404,1.0011108,1.0008852,1.0014198,1.0013347,1.0013876,1.0006909,1.0010777
HSPA4L,1.006882,1.0053022,1.0043907,1.0071533,1.0067236,1.0064398,1.0033077,1.0064633
FBXO41,1.0043211,1.003355,1.0021913,1.0037543,1.003748,1.0032092,1.0015091,1.0028313
PLS3,0.99226534,0.99410784,0.9951316,0.99195355,0.99238956,0.9921957,0.9962513,0.9951707
SLC22A6,0.99878323,0.9990324,0.99929667,0.99878705,0.9987619,0.9989496,0.99946177,0.9986117
SMARCA2,0.99899626,0.9992237,0.9995793,0.9992685,0.999074,0.99924934,0.99968433,0.9988809
KMT2B,0.9977797,0.99826777,0.9983572,0.9973587,0.997676,0.99748874,0.9986993,0.99764526
IL4I1,0.99949634,0.99975836,0.9994123,0.9989638,0.9994869,0.99921703,0.9995787,0.9989583
ECD,1.0042202,1.0032012,1.002459,1.0040894,1.0038207,1.0037917,1.0018431,1.003573
CDH18,1.0024415,1.0017767,1.0015156,1.0023828,1.0022622,1.0024811,1.0012382,1.0030853
ZBTB46,1.0052214,1.004132,1.0032867,1.0052121,1.0051429,1.0051336,1.0025994,1.0044556
NR1I3,0.9972518,0.9979019,0.9983631,0.9972563,0.9974085,0.99744475,0.9987526,0.9972526
TBC1D30,1.0022848,1.001706,1.0011054,1.0018083,1.0017424,1.0016162,1.0007045,1.0017103
CSTF2,1.002778,1.0021343,1.0017742,1.002846,1.0026386,1.0025239,1.0013309,1.0029603
OPRM1,1.0015469,1.0011448,1.001098,1.0015976,1.0013608,1.0014589,1.000796,1.0022674
PTPN12,0.98945475,0.99200743,0.99337196,0.98918265,0.9900184,0.9898504,0.9949422,0.9895545
TMEM63A,0.9979676,0.99857587,0.99860024,0.9976291,0.99803865,0.99799293,0.99900293,0.997954
COL18A1,0.9975947,0.9981917,0.9984293,0.99735606,0.9976507,0.9979209,0.99897516,0.9983771
TNK1,0.9995642,0.99975234,0.99951065,0.9991317,0.99930805,0.9991681,0.999565,0.9990762
TULP3,1.0013077,1.001095,1.0009195,1.0013382,1.0014052,1.0011982,1.0007356,1.0018332
ACTR3,0.99604315,0.99709755,0.9973633,0.9956361,0.99612176,0.99597806,0.99795634,0.9952923
CDH16,0.9960582,0.9970374,0.9976461,0.9960295,0.996341,0.99632263,0.9982313,0.9965198
SPICE1,1.0080171,1.0061579,1.004919,1.0079294,1.0072688,1.0071608,1.0036684,1.0080276
ZNF804A,1.0043523,1.0034025,1.0022917,1.0037822,1.003772,1.0036824,1.0016943,1.0025022
PTPN5,0.99743813,0.9981425,0.99872416,0.99773264,0.9979855,0.9980511,0.99918187,0.998368
ZNF420,1.0055538,1.0042847,1.0034691,1.0054893,1.0051208,1.005385,1.0026896,1.0052834
TFAP2D,1.0037603,1.0028509,1.0022945,1.0036862,1.0035126,1.0035013,1.0017146,1.0031341
RXFP1,1.0018103,1.001377,1.00091,1.001497,1.0013676,1.0013171,1.0005877,1.0009302
CATSPERB,0.9995549,0.9996458,0.99972695,0.9994607,0.9993937,0.9994021,0.999732,0.9994363
ANKRD18A,1.0034169,1.0026262,1.0021529,1.0033916,1.0029898,1.0032365,1.0016254,1.0027564
PRMT7,1.0023522,1.0018828,1.001607,1.0024962,1.0023764,1.0025861,1.0013272,1.001509
TUBA3D,1.0007527,1.0006075,1.0005815,1.0008447,1.0008,1.0008447,1.0004857,1.0009813
KIAA1614,1.0011961,1.0008405,1.0007306,1.0011414,1.0010496,1.0011792,1.0005771,1.0014795
ARHGAP28,1.0048262,1.0036725,1.002801,1.0045567,1.0044167,1.0044489,1.002131,1.003709
LRCH4,1.002057,1.0016209,1.0011349,1.0017186,1.0018042,1.0019215,1.0009305,1.0016091
HAGHL,0.9997432,0.9998268,1.0000792,1.0000566,0.99988127,1.000019,1.000064,0.9991421
MFSD13A,1.0042641,1.0033051,1.0027947,1.0045124,1.0041584,1.0040753,1.0021175,1.0039238
MGAT4B,1.0040187,1.0030532,1.0024467,1.0039951,1.0037119,1.0035883,1.0018369,1.0041087
DDX25,1.0058936,1.0045784,1.003713,1.0059693,1.0057026,1.0057064,1.0028757,1.0054154
CPEB1,1.0032501,1.0025871,1.0019667,1.0031208,1.0029896,1.0027524,1.0014237,1.0024389
KAT5,0.9989368,0.99914247,0.99952245,0.99918365,0.99901104,0.99909854,0.999644,0.99920803
JAKMIP3,1.0036894,1.002906,1.0021368,1.0034518,1.0033058,1.0031495,1.0015767,1.0028868
NACAD,1.0005935,1.0004234,1.000094,1.0002753,1.0002967,1.0002278,1.0000412,0.9999453
PXDNL,1.0036271,1.0026872,1.0023133,1.0036973,1.0033488,1.0035148,1.0017463,1.0036924
CEP97,1.0010059,1.0006886,1.0009807,1.0014757,1.0012169,1.0015585,1.0008448,1.0015781
PICK1,1.0030134,1.0021832,1.0015223,1.0025778,1.0024459,1.0023813,1.0010571,1.0024786
MATN1,0.99867654,0.999015,0.99931455,0.99873865,0.9988867,0.9988616,0.9994966,0.9988389
EMILIN2,1.0023757,1.0017753,1.0012817,1.0020219,1.0019608,1.0018492,1.0008876,1.0022258
BBS5,1.0027605,1.0020545,1.0016582,1.0027684,1.0026169,1.0025427,1.0012804,1.0030112
ACSM2A,0.99859744,0.9989451,0.9990754,0.9984429,0.99861634,0.99855393,0.9992753,0.9983429
IGDCC3,0.99970186,0.99965,0.9995777,0.99939764,0.9993944,0.9995174,0.99965143,0.9996975
DDX47,0.99886763,0.9991488,0.9996288,0.9992587,0.9991938,0.99939346,0.9998085,0.99940896
ZP1,0.9986442,0.9989717,0.9991734,0.99855727,0.99866474,0.99869835,0.99937034,0.99870205
CFAP69,1.0028034,1.0020568,1.0020826,1.003305,1.0028424,1.0030994,1.0016525,1.0035403
NT5E,0.9844538,0.98840046,0.99118686,0.98542774,0.9861382,0.98618054,0.99353075,0.9866177
ZNF592,1.0026349,1.0019053,1.0017307,1.0027465,1.0024394,1.0028272,1.001358,1.002245
PDLIM7,1.0000927,1.0001247,1.0002949,1.000308,1.0002846,1.0003448,1.0003164,1.0006223
ETV5,0.99681795,0.99772584,0.9982369,0.9970437,0.9971165,0.9970322,0.998694,0.99701124
PGS1,0.99759156,0.99815965,0.9986707,0.99772406,0.9977859,0.99777997,0.9989933,0.9982407
PLEKHG2,0.99930656,0.99943364,0.99962294,0.9993167,0.99922574,0.9992657,0.99964994,0.99923205
PAK5,0.992379,0.9942484,0.9952424,0.99210656,0.9928341,0.9929227,0.9964522,0.9928047
HPN,0.9967108,0.9975002,0.9980017,0.9966474,0.99688745,0.9968987,0.99848574,0.9969218
SIX6,0.9968146,0.99758285,0.9980695,0.9967543,0.99697936,0.9969673,0.99852663,0.99701464
RUBCNL,0.9934678,0.9951328,0.9961225,0.9935155,0.99401355,0.99402714,0.99709284,0.9934453
CYP4A11,0.9975581,0.9981579,0.99859285,0.99761,0.997769,0.9978253,0.9989698,0.99773014
ZYG11B,0.993799,0.99527216,0.99632514,0.99386513,0.9940883,0.99427193,0.99717534,0.9936865
MAPK8IP1,0.9995414,0.9995792,0.9996179,0.99941653,0.99917936,0.9992428,0.9996254,0.9993417
CATSPER4,0.99663633,0.9974498,0.997971,0.9965885,0.9968267,0.9968314,0.99846184,0.9968804
FCRLB,0.99704444,0.99784386,0.9983946,0.9972299,0.9974274,0.99757665,0.99890274,0.9975363
MON1B,1.001192,1.0008851,1.0009215,1.0014971,1.001185,1.0012875,1.0007355,1.0012777
EPHA6,1.0018932,1.00142,1.0013524,1.0021212,1.0018494,1.0021622,1.001085,1.0015626
PTGFRN,0.9979049,0.9984357,0.99882054,0.99792135,0.99791867,0.99818563,0.99922264,0.99902666
SLC25A24,1.0031767,1.0024686,1.0015985,1.0026127,1.0026294,1.0020268,1.0010095,1.0024049
DUSP13,0.9977889,0.9983268,0.99870443,0.9977786,0.99792325,0.99795187,0.999026,0.99801534
ADAT1,1.0034337,1.0026093,1.0020297,1.0032303,1.0030718,1.0030174,1.0015004,1.0035841
FAM193A,0.9998085,0.99981046,1.0000066,0.9998709,0.99984133,0.9999295,1.000063,1.0011549
ANKRD30A,0.99692124,0.9976843,0.99821115,0.99697334,0.9971134,0.99711823,0.998644,0.9972111
CPNE6,0.9965252,0.9973494,0.9979693,0.9966587,0.99682486,0.9966849,0.9984224,0.99658436
MTUS2,1.0095867,1.0072998,1.0058733,1.009564,1.0089446,1.0090156,1.0044136,1.008084
TCP1,0.9952296,0.9963928,0.9971069,0.99515176,0.99545264,0.99554586,0.9978044,0.9954444
YARS2,1.0025175,1.0019658,1.0014263,1.0022328,1.0021679,1.0020995,1.0010602,1.002368
GJC2,0.9988823,0.99912643,0.9993778,0.99890655,0.9988251,0.998852,0.9994631,0.998707
SLC25A27,1.0079777,1.006124,1.0046873,1.0076299,1.0070665,1.0072137,1.0035074,1.0066923
CHAT,0.99879944,0.99901915,0.9992175,0.9986286,0.9986523,0.99870807,0.99936223,0.9991987
CFAP52,0.9990916,0.999308,0.999406,0.9988696,0.9989996,0.99881065,0.99958664,1.0012988
NPR3,1.0030586,1.0022587,1.002329,1.003669,1.0032198,1.0035347,1.0018566,1.0026165
FAM129C,0.9967072,0.99750435,0.9980099,0.9966529,0.996889,0.9968914,0.9984898,0.9969293
CEP126,1.0026755,1.0021297,1.001543,1.0024996,1.0024651,1.0022202,1.0011528,1.0023755
MAMLD1,0.9978583,0.9982296,0.9989886,0.998264,0.99786603,0.99811256,0.99919426,0.999022
BCL6,1.0019052,1.0014668,1.0012574,1.0019683,1.001668,1.0020231,1.0010239,1.0014288
ABHD18,1.0035064,1.0027642,1.0023654,1.00374,1.0036482,1.0035621,1.0018818,1.0032291
VAX1,1.0015705,1.0010891,1.0007415,1.0012181,1.0011346,1.0011119,1.000485,1.0015789
BRDT,1.0010296,1.0008224,1.0003527,1.000598,1.0006418,1.0002921,1.000118,0.99999166
ABI1,1.0015435,1.0012681,1.0011289,1.0017091,1.0015488,1.001696,1.0009253,1.0015428
L2HGDH,0.9975846,0.99810827,0.998824,0.997962,0.9977976,0.99805105,0.9991381,0.9983846
WDPCP,1.0036287,1.002574,1.0023491,1.003657,1.003076,1.0035744,1.0017428,1.0039378
KCNJ5,0.9959221,0.99682856,0.99771667,0.9962264,0.9963651,0.99638236,0.998298,0.9966789
SRRM5,0.9983084,0.9987327,0.9990783,0.9983227,0.9984989,0.9985347,0.9993462,0.999009
GOLGA1,1.0032299,1.0024239,1.0014919,1.0024807,1.0024139,1.0021915,1.0009911,1.002404
KRT17,0.9977647,0.99834025,0.99826074,0.997251,0.9976609,0.997349,0.9985883,0.9965053
DET1,1.0034306,1.0026233,1.0022764,1.0036104,1.0036061,1.0035627,1.0018501,1.0042205
NMT2,0.9975296,0.9980426,0.9986657,0.9977927,0.9978429,0.9977712,0.9989844,0.99859774
KANK2,1.0058459,1.0044148,1.0034928,1.0057348,1.0053085,1.0053642,1.0026339,1.0053263
ABL1,0.9949453,0.9963404,0.99712,0.99511325,0.9955057,0.9954854,0.9979034,0.99493766
PEAR1,1.0053363,1.0040143,1.00321,1.0051802,1.0047513,1.0047745,1.0023582,1.004945
UNC79,0.9974239,0.99797523,0.9983627,0.9972135,0.99738246,0.9974636,0.9987604,0.9986146
FAM20B,1.001219,1.0010654,1.000466,1.0008659,1.0011818,1.0007881,1.0003633,1.0004159
GBX2,1.0018495,1.0014505,1.0016847,1.0026559,1.0022728,1.0026729,1.001466,1.0018855
MARS2,1.0032877,1.0024521,1.0021603,1.0034413,1.0028981,1.002915,1.0015347,1.0028076
KRT8,0.9940877,0.995471,0.99611616,0.9936765,0.99415815,0.9939635,0.99691904,0.9937025
SEC61A2,0.9996464,0.99971104,1.0001779,1.0001607,0.9998205,1.0001131,1.0002038,1.0003461
CLASP2,0.9930553,0.9947196,0.99564177,0.9927712,0.99326915,0.9932374,0.99661666,0.9930253
SYCP1,0.99814963,0.99859774,0.9988991,0.9981003,0.9981847,0.9982374,0.9991629,0.99830526
CABP1,0.99879885,0.9990262,0.999419,0.99893856,0.99894166,0.9989927,0.99954814,0.9990652
IL12RB1,0.997967,0.9984453,0.9989648,0.9981636,0.9981853,0.9983126,0.99923146,0.99835813
ZP2,0.99829066,0.99873793,0.99902004,0.99829125,0.99840385,0.99843675,0.9992798,0.99831724
SLC44A1,1.0011039,1.0008478,1.0004206,1.0006514,1.0005991,1.0006607,1.0002818,1.0008004
SHMT1,1.0044972,1.0036004,1.002698,1.0043983,1.0042629,1.0039462,1.0020325,1.0033377
KAT14,0.9967072,0.99750435,0.9980099,0.9966529,0.996889,0.9968914,0.9984898,0.9969293
OSBPL11,1.0007126,1.0005217,1.0003859,1.000645,1.0003916,1.0004888,1.0002216,0.9999773
NETO2,0.995797,0.996825,0.99720824,0.9953122,0.9957068,0.995606,0.9977802,0.99578655
CDH26,0.9978009,0.9983278,0.9986284,0.997755,0.99795055,0.9978671,0.9989379,0.9974737
PCYT2,0.9936347,0.995186,0.9963896,0.99404514,0.9942547,0.99442184,0.997386,0.9943959
NARS2,0.9987277,0.999031,0.99936295,0.99891347,0.9989852,0.99899536,0.99957186,0.9987979
ZCWPW1,1.0029702,1.0022454,1.0016524,1.0027719,1.0026957,1.0027398,1.0012763,1.0020866
TESK1,1.0044363,1.0033877,1.0027641,1.0044305,1.0042299,1.0043168,1.0021538,1.0041031
TTLL12,0.99854755,0.9989606,0.9992151,0.9987346,0.9987854,0.99861836,0.9994362,0.9986179
ADD3,0.9973384,0.99805945,0.9986559,0.9976815,0.9977336,0.9975927,0.99901795,0.9984398
ESF1,1.0021317,1.0016954,1.0013613,1.0021459,1.0019996,1.0018866,1.0010111,1.0021122
GEMIN4,1.0006467,1.0004885,1.0004587,1.0006126,1.0005816,1.000574,1.0003333,1.000715
CORO2A,1.0072136,1.0054946,1.0042142,1.0068349,1.0063493,1.0061754,1.0030737,1.0067832
GATA5,0.99917495,0.99934924,0.9995667,0.99921125,0.9991592,0.9992459,0.9996535,0.99922264
DDOST,1.0002719,1.0002844,1.000233,1.000313,1.000396,1.0002902,1.0002106,1.0004761
P4HA1,1.0004754,1.0004089,1.0004029,1.0005258,1.0004208,1.0004888,1.000362,1.0013249
CHTOP,0.99931145,0.9994528,0.9996797,0.9993913,0.9992641,0.99944544,0.9997717,0.99978364
ZDHHC17,0.99077475,0.99293226,0.99452895,0.9908893,0.99135613,0.9915787,0.99589574,0.99186814
GPAT4,0.99787647,0.998432,0.998992,0.99826634,0.9983415,0.9981438,0.99924886,0.9984949
SLC24A2,0.99798536,0.99837446,0.99947923,0.99891186,0.9987458,0.9990561,0.9997267,0.99916685
RBCK1,0.9994961,0.99960274,0.99953973,0.9992411,0.99935955,0.9991859,0.99960893,0.99958664
TCHP,1.0013639,1.0011299,1.000972,1.0014862,1.0013657,1.0013561,1.0007796,1.0010978
MAP3K11,1.0003699,1.0003365,1.0001681,1.0002463,1.0003226,1.0003383,1.0001725,0.99966884
CMIP,0.98674095,0.98999566,0.99178684,0.9865383,0.98753005,0.9873261,0.9937277,0.9869205
CXXC1,1.0020056,1.0015278,1.0012858,1.00204,1.0018815,1.0019732,1.0009997,1.0018761
RNF111,1.0003184,1.0001857,1.0000908,1.0000648,1.0002327,1.0001122,1.0000606,1.001247
IDH1,0.9957409,0.99674153,0.9974664,0.9958052,0.99594134,0.9960509,0.99806285,0.9961097
GLA,0.99865174,0.9989915,0.9996575,0.9992802,0.9991696,0.9995376,0.9999106,0.99918056
HDAC10,1.0003833,1.000248,1.0002835,1.0005239,1.0004506,1.0004865,1.0002595,1.0003484
PCDHA5,1.0018601,1.0014064,1.0010129,1.001594,1.0015913,1.0014809,1.0007149,1.0016367
PCDHA2,0.99906766,0.9993256,0.99932593,0.99885595,0.9990773,0.9989872,0.9994836,0.9988096
FRMPD2,0.9971831,0.9978634,0.99830014,0.99712896,0.9972626,0.9972933,0.99867046,0.99687946
PHGDH,0.995993,0.9970086,0.9977962,0.9962753,0.9963245,0.99631166,0.99838495,0.99734443
VIPR2,0.9984375,0.99880266,0.9992969,0.9988151,0.9987401,0.9989165,0.9995423,0.9985764
DHX9,0.99606043,0.9969949,0.9976325,0.9960121,0.99624443,0.99636483,0.99822485,0.99661577
BICDL1,1.0032688,1.0025117,1.0020723,1.0034075,1.0031366,1.0033141,1.0016315,1.0024709
CENPC,1.0025954,1.0019771,1.0016063,1.002514,1.0020348,1.0020177,1.0010798,1.0028919
CCP110,1.0008473,1.0006669,1.0006478,1.0009781,1.0008651,1.0009191,1.0004946,1.0006583
CEP89,1.0008948,1.0006763,1.0005517,1.0007885,1.0008079,1.0005857,1.0003829,1.0014852
MICU1,1.0006521,1.000491,1.0002372,1.0003686,1.0004652,1.0003296,1.0001463,1.0006887
WNT4,1.0002664,1.0003277,1.0002202,1.0002313,1.0003142,1.0002196,1.0002135,1.0004311
TNFSF12,1.001154,1.000943,1.0004895,1.0007029,1.0007763,1.0008956,1.0003757,1.0003684
SNX19,1.0031598,1.0025296,1.0015401,1.0025743,1.0026966,1.0024761,1.0011656,1.0021348
SPAG1,1.0007852,1.00051,1.0006821,1.0010335,1.000838,1.0009892,1.00059,1.0020243
KYAT1,1.003709,1.0028448,1.0022762,1.0036467,1.0034101,1.0033094,1.0016816,1.0035794
ZBTB17,1.0025802,1.0020204,1.0016215,1.0025978,1.0024308,1.0022368,1.001195,1.0023304
TUBA3E,0.9966954,0.9975177,0.99791574,0.996552,0.99683034,0.9967278,0.9983915,0.9966662
MAP4,0.99180716,0.99371445,0.9950111,0.9917561,0.9922259,0.99231946,0.9961702,0.9923107
GAD1,0.99328256,0.99491346,0.9961144,0.99357295,0.9939683,0.99416924,0.9971482,0.99393857
COL3A1,0.9941863,0.99565494,0.9968476,0.9944625,0.9948242,0.99502,0.99767625,0.9952022
LPP,0.99766254,0.99818885,0.998775,0.99784,0.997731,0.9981572,0.9991404,0.99846065
PPIG,0.9981601,0.9986149,0.9991776,0.9984923,0.99849963,0.9985796,0.99941564,0.99899155
FCHO1,1.000845,1.0004878,1.0008562,1.0012503,1.0009019,1.0012612,1.0006952,1.0016205
CASC1,1.0014777,1.0011957,1.0009855,1.0014805,1.0014353,1.0014814,1.0008304,1.0017412
RCC1,1.0067067,1.0052158,1.0036808,1.0061129,1.0059967,1.0054476,1.0026438,1.0050712
TNN,1.0026395,1.002055,1.0016774,1.002639,1.0025797,1.0026119,1.0013252,1.0023857
GNA14,0.9999672,0.999989,0.9999311,0.9998208,0.9998388,0.9998756,0.9999249,0.99950504
OGG1,1.0032718,1.0023801,1.0022945,1.0036391,1.0033327,1.003387,1.0017471,1.0032952
LMTK2,1.0005738,1.0004299,1.0002779,1.000361,1.0003512,1.0003452,1.0002184,1.0014977
TLR9,0.99924386,0.999382,0.99970007,0.9993749,0.9993427,0.99942505,0.9997754,0.9998921
LZTS2,1.0034969,1.0026428,1.0025444,1.0040617,1.0035765,1.0035546,1.0019556,1.0043633
GOT1,0.99815524,0.9986662,0.9986901,0.99791,0.9981825,0.99806786,0.99900067,0.9972564
ALDOC,1.0027944,1.0022287,1.0020981,1.003309,1.00313,1.0032929,1.0017376,1.0022719
TASP1,1.0040503,1.0030593,1.0023038,1.0037669,1.003681,1.0034351,1.0016687,1.0035971
TTC39C,0.9975026,0.99806297,0.99894404,0.9980864,0.9979755,0.998256,0.9993154,0.9989859
NLRC5,0.9988619,0.9991231,0.9993525,0.99890983,0.9989364,0.99895346,0.9994962,0.99873257
PCDHGA7,0.99681747,0.9976196,0.9981383,0.9968462,0.9970964,0.99699867,0.998595,0.9973152
SERPINH1,0.9937329,0.99520576,0.9960463,0.9935297,0.9937546,0.99368846,0.99691176,0.9941228
ACSM2B,1.0034659,1.0026463,1.0018978,1.0030655,1.0029674,1.0029294,1.0013931,1.0028445
SOX7,0.9985728,0.99883765,0.99900126,0.9983377,0.9982565,0.9983846,0.99915636,0.9984357
BRAP,1.0034791,1.0026718,1.0021057,1.0033736,1.0031004,1.0032411,1.0016134,1.0031965
SLC26A2,1.002412,1.0018866,1.0009346,1.0016654,1.0016365,1.0012183,1.0005066,1.0007918
RNF207,1.0023377,1.0017979,1.0015466,1.0025923,1.0023307,1.0024672,1.0012484,1.0018172
STS,1.0033506,1.0026197,1.0022484,1.0035082,1.0032703,1.0034171,1.0017982,1.0033803
CNOT10,1.0049255,1.0037827,1.0028543,1.00458,1.0043783,1.0042398,1.00211,1.0047073
BMP6,0.9996003,0.9997469,0.999974,0.9998381,0.99981153,0.9999285,1.0000331,0.9992622
SEMA4F,1.0015923,1.0011806,1.0008031,1.0013493,1.0013832,1.0010253,1.0005107,1.0014497
CKMT2,1.0016805,1.0012392,1.0008419,1.001363,1.0012041,1.0011259,1.0005434,1.0017915
GAB1,0.99902755,0.9994189,0.9994366,0.998943,0.99922454,0.9991846,0.99969125,0.99893445
TTC39A,0.99688584,0.9976361,0.99807143,0.99676687,0.99699557,0.9969802,0.9985138,0.99699163
SLC7A6,0.9968675,0.99756503,0.99831116,0.9971063,0.99714214,0.9974254,0.9987912,0.99754775
CPOX,1.0068609,1.0051417,1.0041952,1.0067391,1.006204,1.0061798,1.003104,1.0072674
DSC2,1.0031755,1.0024133,1.0019279,1.0030481,1.0030199,1.0028727,1.0014334,1.0026598
SLC44A5,0.99570674,0.9967464,0.9972534,0.9954889,0.9957076,0.9958152,0.9979235,0.995913
NAALADL1,1.0015149,1.0010952,1.0008806,1.0014262,1.0012944,1.0011733,1.0005882,1.0015502
TBC1D25,1.0011986,1.000895,1.0005559,1.0009649,1.000997,1.0009179,1.0004346,1.0013791
COASY,0.9990791,0.99938226,0.9996806,0.9993154,0.9993958,0.99958193,0.9999076,0.99967253
SLC4A1AP,0.9997561,0.9997567,0.99991715,0.99973035,0.9997028,0.99987614,0.99995327,1.0003518
ITIH3,0.996538,0.9973915,0.99780285,0.99634403,0.9966899,0.9966248,0.99832803,0.9965801
TNS4,0.99594975,0.9969326,0.99755687,0.9959179,0.99619937,0.99618876,0.9981505,0.9962268
MASP2,0.9998001,0.9998631,0.99986625,0.9997709,0.99979794,0.99986225,0.99995005,0.9996314
PHKG1,1.0028303,1.0021212,1.0016605,1.0027156,1.0025793,1.0025532,1.0012527,1.0027213
ZNF546,1.0015115,1.0012007,1.0010514,1.0017066,1.0015568,1.0014362,1.0008051,1.0012355
NAGA,0.99937046,0.9996191,0.999627,0.9993384,0.9994345,0.99921715,0.99970675,0.9992757
SHOX2,1.0064588,1.0049934,1.0043147,1.0068778,1.0062276,1.0065172,1.0033361,1.005803
TGFBR2,1.001827,1.0014611,1.0010545,1.0016181,1.0014135,1.0016316,1.0007756,1.0006366
PTPRS,0.9974447,0.99802613,0.99844563,0.99740154,0.99760914,0.997573,0.99879396,0.9974868
SESTD1,0.98538816,0.988907,0.99086726,0.98500437,0.9860566,0.98601305,0.9930104,0.98566675
CPNE9,1.0001817,1.000109,1.0002383,1.0003086,1.0001734,1.0002584,1.0001718,1.0002531
PPP1R12C,0.99720544,0.997851,0.9984696,0.9974817,0.9975654,0.9977388,0.99893916,0.99770474
CES5A,0.9967269,0.99751556,0.9979801,0.9966328,0.9968624,0.9968219,0.99843806,0.996765
ANKS3,1.0029466,1.0022019,1.001644,1.0027295,1.0027217,1.0026438,1.0012636,1.0027678
KANSL3,0.9981748,0.99847853,0.99897987,0.9982015,0.9981731,0.99865484,0.99928206,0.99831367
PPP1R16A,0.9938623,0.9953617,0.99595815,0.9934768,0.9939937,0.9938934,0.9969362,0.9933253
TGFBR3,0.998292,0.9988259,0.9990046,0.9982946,0.9985424,0.9985385,0.9993671,0.9985667
ARHGAP35,0.99275374,0.99456334,0.9953613,0.9924399,0.9929422,0.99258596,0.99637747,0.9930353
MAPK10,1.001609,1.0012124,1.0007559,1.0012436,1.0013654,1.0010986,1.0005063,1.0016935
CCDC15,1.0036737,1.0027484,1.0021944,1.0035932,1.0032891,1.0031316,1.0015872,1.0035696
ITPRID1,0.9981564,0.9985621,0.99891794,0.9981957,0.99825567,0.99838793,0.9992027,0.9981897
COG2,1.0010257,1.0007714,1.0009837,1.0014414,1.0010004,1.0014141,1.0008422,1.0017929
TRDN,1.0010369,1.0007828,1.000484,1.0007837,1.000714,1.0005039,1.0002487,1.000508
CHFR,0.9984207,0.9987714,0.99915063,0.9986416,0.99864066,0.9985831,0.9993634,0.99853164
YARS,0.9967072,0.99750435,0.9980099,0.9966529,0.996889,0.9968914,0.9984898,0.9969293
ALX4,1.0020106,1.0015728,1.0014728,1.0022103,1.0021403,1.0022359,1.001186,1.0019811
GALNT13,1.0080762,1.0062113,1.0046253,1.0076591,1.0073256,1.0068223,1.0033368,1.0061167
CBLC,0.9975361,0.99813783,0.9985615,0.99754965,0.9977099,0.99774194,0.9989254,0.99774164
SACM1L,0.99615157,0.9970547,0.99777025,0.9963279,0.99647987,0.9966682,0.9983654,0.99634254
KBTBD8,1.0054429,1.004218,1.003123,1.0049433,1.0048239,1.005046,1.0024157,1.0044346
DAGLB,0.99925745,0.99939704,0.9993749,0.9989195,0.99915934,0.99909616,0.99949604,0.9989611
IFFO1,1.0009884,1.000763,1.0006814,1.0009884,1.0009271,1.0009054,1.0005045,1.0010136
PTPN1,1.0024366,1.0019435,1.0015731,1.0024521,1.0023074,1.0023744,1.0012298,1.0020008
LIMS2,0.9977759,0.99835515,0.9983578,0.99734855,0.9975636,0.9972471,0.998613,0.9971626
GRAMD1C,0.99900115,0.99932534,0.99949145,0.99915373,0.9992471,0.99907076,0.99962366,0.998265
MAPK7,1.0020767,1.001622,1.0014553,1.0023453,1.0022146,1.0020757,1.0011667,1.0027105
TCTN3,0.9980802,0.998642,0.9989791,0.99835324,0.99839354,0.99828535,0.99926126,0.9976326
KRT14,1.0000452,1.0000373,0.99933815,0.9991077,0.9993791,0.9991248,0.9993695,0.9982178
CCDC14,0.99925494,0.99949175,0.9994526,0.99906033,0.9990219,0.9988233,0.9994638,0.99899316
ITGAV,0.99481833,0.9961668,0.9971261,0.9952389,0.99538386,0.9954252,0.9979236,0.99534273
TYMP,1.0007857,1.000571,1.0001718,1.0002916,1.0002913,1.0001912,0.9999926,0.9997937
NKX2-1,0.9983832,0.9987856,0.9990855,0.998434,0.9985335,0.99850357,0.9993185,0.99873453
ZCCHC2,1.0019804,1.0015615,1.0007968,1.0012869,1.0012845,1.0009068,1.0003753,1.000814
RNF157,0.9981522,0.9985754,0.9992259,0.998672,0.9984514,0.9985496,0.99943066,0.9987881
SOX8,0.9994169,0.99959385,0.9995543,0.99932694,0.99930966,0.9991429,0.999637,0.999133
JPH4,0.9940757,0.99547046,0.99619746,0.9937066,0.9942007,0.9942412,0.99707496,0.9941962
ACTR10,0.9970269,0.99772346,0.99840134,0.9972582,0.99730754,0.99743104,0.99878186,0.9971746
IQCN,1.0034881,1.0026795,1.0021598,1.0034953,1.0032074,1.0032396,1.0016354,1.0031767
CAMKK2,0.9999416,0.99990654,0.9999068,0.9998583,0.99981034,0.9997467,0.9998821,0.9999962
HK1,0.9983779,0.9987407,0.9991116,0.998391,0.9983882,0.99861634,0.99934065,0.9990164
CLN3,1.0021465,1.0016458,1.0013812,1.0021805,1.0019255,1.0019245,1.0010474,1.0026613
LIPC,0.9967072,0.99750435,0.9980099,0.9966529,0.996889,0.9968914,0.9984898,0.9969293
PPP6R2,0.9989493,0.99921006,0.99944997,0.99906564,0.99911404,0.99911,0.9996089,0.9989501
ANGPTL2,0.996045,0.9971844,0.9979551,0.9965992,0.9965308,0.9964993,0.9985156,0.99660015
MSH3,1.0020651,1.0015135,1.0013534,1.0021667,1.0019568,1.0021017,1.0010493,1.002057
XRCC5,0.9948307,0.99603176,0.99667704,0.99448156,0.99483085,0.9948888,0.9973907,0.9946956
ZMYM1,1.0054893,1.0042373,1.0031927,1.0051382,1.0049016,1.0044887,1.0022964,1.0050945
SIMC1,1.0045025,1.0034982,1.0028241,1.0045877,1.0043685,1.0041541,1.0021428,1.0039926
ARNT2,0.9911444,0.993296,0.99439853,0.99087286,0.9914708,0.99132794,0.9956775,0.9908769
KRT83,0.9967072,0.99750435,0.9980099,0.9966529,0.996889,0.9968914,0.9984898,0.9969293
GNA11,0.999897,0.9999404,0.99977267,0.9995718,0.9996817,0.9993906,0.999739,1.0000737
KRT12,0.9969121,0.99767125,0.99805665,0.9967593,0.9970645,0.9970652,0.9985314,0.9967923
PAOX,0.9999611,0.9999772,1.0000889,1.0000851,1.0000832,1.0002228,1.000145,0.9997584
DPY19L1,0.99169624,0.99369454,0.9945909,0.99118364,0.99177134,0.99200135,0.9959562,0.9922373
IL6ST,0.99627864,0.9972244,0.99761677,0.9959985,0.99639,0.9964262,0.9982096,0.99615586
RPS6KB1,0.99608904,0.99706197,0.99763954,0.9960274,0.99640095,0.99659127,0.9983242,0.9966474
WNT3,0.998745,0.9989556,0.9995469,0.999133,0.99905807,0.99924934,0.99972594,0.9996164
KRT10,0.9976953,0.9982586,0.99840903,0.99739337,0.9976584,0.9975158,0.99876404,0.9974847
ZNF780B,0.99509597,0.99626815,0.99699557,0.99498975,0.99535495,0.99543726,0.9977721,0.99560654
TSPEAR,0.99677,0.99755,0.9980307,0.9967002,0.9969356,0.9969169,0.9984977,0.9969523
RBM15B,0.9954036,0.9964962,0.99725187,0.9954713,0.9956946,0.9956751,0.99788016,0.9950727
LGI2,1.0014346,1.0012627,1.0011954,1.001662,1.001792,1.0019292,1.0011137,1.0023808
INTS10,1.0005798,1.000488,1.0005752,1.0008337,1.0006388,1.0007602,1.0004975,1.0009742
GNL1,0.9989095,0.9992484,0.99936867,0.99887586,0.99913776,0.9992144,0.99963546,0.9986696
GAS2L2,0.99814963,0.9985714,0.99895805,0.99818367,0.9982605,0.9983995,0.99925363,0.99868333
PLAA,0.9992976,0.9994949,0.99933743,0.9989661,0.99910736,0.9989081,0.9994332,0.9986886
TBC1D15,1.0002737,1.0003247,0.9999255,0.99982446,0.9999202,0.99993336,0.999925,0.9995941
COL2A1,0.99550164,0.9966127,0.99677765,0.9949441,0.99526906,0.99499,0.99744326,0.99492896
PDLIM5,0.9976189,0.998274,0.9983759,0.99730897,0.9974717,0.997432,0.9987954,0.99830145
AGAP1,0.9886192,0.99139214,0.993073,0.98852,0.9892911,0.9892973,0.99474883,0.98925185
IDH2,0.9991851,0.9993961,0.99966955,0.99929595,0.9992873,0.999362,0.9997864,1.0000465
PDHA1,0.99293363,0.99456334,0.99571383,0.9928143,0.9932908,0.99346757,0.9967629,0.993813
KANSL2,0.99861425,0.9988948,0.9992238,0.99861,0.9986696,0.99878204,0.99944234,0.99964565
MATR3,0.99180245,0.9937413,0.9948841,0.99155474,0.99207234,0.9921415,0.9960487,0.9920099
DBN1,0.9996536,0.9997137,0.9997331,0.99947894,0.9995328,0.9996352,0.9997849,0.999581
LNX1,1.0000122,1.0000031,1.0001637,1.0001316,1.0000563,1.0004148,1.0002553,1.0008893
CRTAC1,1.0040165,1.0031598,1.0021644,1.0035558,1.0035062,1.0033058,1.0016065,1.0029526
SNX9,1.0043064,1.0032061,1.0024616,1.003987,1.0038059,1.0038295,1.0018268,1.0040476
CHRNA1,0.9981582,0.99855983,0.99875873,0.9979312,0.9981017,0.99805737,0.99900174,0.9979008
TNRC18,0.99536645,0.99649715,0.99699414,0.99513125,0.9954693,0.99520195,0.9976692,0.99562335
DMGDH,0.99492234,0.9961474,0.997028,0.99507093,0.99535596,0.9953352,0.9977616,0.99537426
SLC37A3,0.9976783,0.9981563,0.9985384,0.99758995,0.99758685,0.99774593,0.9988798,0.9982075
GNA13,0.99556434,0.9967131,0.9970571,0.9950743,0.9954915,0.99540126,0.99774325,0.9957683
CPSF3,1.0046662,1.0035976,1.0027033,1.0044767,1.0043005,1.004058,1.0020051,1.003891
SCARB1,0.9953725,0.9964655,0.99742424,0.99570507,0.99570334,0.9958116,0.9980595,0.99625015
ARMH3,1.0008183,1.0006192,1.0005698,1.0007716,1.0007429,1.0010793,1.0005066,1.0003737
GDF5,0.9992126,0.9994261,0.99954855,0.99917877,0.9992801,0.99922836,0.9996526,0.9991329
GPR155,0.99543655,0.9966656,0.99752814,0.9958161,0.99592257,0.99589944,0.99818903,0.9965883
VEPH1,1.0001595,1.0001192,1.0000141,1.0000315,0.99980557,0.9997098,0.99990743,0.999766
POLA2,0.9963416,0.9973066,0.9980532,0.9966326,0.996912,0.9966118,0.9985182,0.9965299
SEMA4C,1.0014292,1.001092,1.0007035,1.0011624,1.0009732,1.001105,1.0004869,1.0005836
KRT15,0.9984033,0.9987959,0.99888414,0.9981518,0.99831367,0.9982331,0.99910533,0.99806297
FDXR,0.9991336,0.99939305,0.99988467,0.99976325,0.9996266,0.9995898,0.9999685,0.9992424
HOXD3,0.9967072,0.99750435,0.9980099,0.9966529,0.996889,0.9968914,0.9984898,0.9969293
ATP8A1,0.998068,0.99852383,0.9988694,0.99800307,0.9979849,0.99826264,0.9991361,0.99796915
HGD,0.99649036,0.99734795,0.99789464,0.9964664,0.99670285,0.9967091,0.998407,0.99669164
CPNE5,0.9988755,0.99919665,0.9998061,0.999521,0.9993719,0.9993606,0.99993527,0.9999224
ISY1,1.0033777,1.0026221,1.0021069,1.003379,1.0031966,1.0030899,1.0016122,1.003738
APPL1,0.9972579,0.9979345,0.99793386,0.99659956,0.99674386,0.99666715,0.99828327,0.99687123
TUFM,0.9996207,0.99970543,0.99981457,0.999645,0.99957705,0.9995353,0.99982965,0.9998752
CFP,0.9988464,0.9991614,0.99918604,0.9986321,0.99883175,0.9987906,0.9993743,0.9981828
RTKN2,0.99535215,0.9966379,0.99758947,0.9958967,0.9960178,0.9959763,0.9982538,0.9956409
SPATA31E1,0.99797034,0.9984714,0.9988917,0.9980401,0.9980993,0.9982354,0.99918115,0.99808884
PLRG1,1.0025113,1.0018768,1.0016761,1.0025957,1.0022993,1.0024587,1.0012627,1.0027486
TPTE2,0.99910414,0.9993632,0.9994262,0.9989511,0.9991255,0.99907535,0.99955416,0.9987784
P2RX2,0.9967072,0.99750435,0.9980099,0.9966529,0.996889,0.9968914,0.9984898,0.9969293
PTCD1,1.010588,1.0080127,1.0062476,1.0101972,1.0096881,1.0094984,1.0046312,1.0093668
PPP1R13L,0.9976818,0.99824286,0.99843866,0.9974104,0.9976269,0.9976014,0.9987572,0.99733853
ETF1,0.99916816,0.9993353,0.99927735,0.99876523,0.9988675,0.99904585,0.9994643,0.99921036
CASD1,0.9968855,0.99763405,0.9982226,0.9969561,0.9971787,0.9974177,0.9986963,0.9965688
DOLK,1.0011325,1.0009693,1.0006778,1.0010624,1.0010396,1.0010287,1.000556,1.0003095
TAF5L,1.0010679,1.0006908,1.0009212,1.0013825,1.0008885,1.00113,1.0006621,1.0017475
SIAE,0.9966892,0.997577,0.99801695,0.99667335,0.99703723,0.9970223,0.998631,0.99733335
KLHL30,0.998242,0.998646,0.9989201,0.9981785,0.99831235,0.9982408,0.9991524,0.9984039
SPIRE1,0.99373525,0.99526024,0.99639237,0.9939314,0.9943414,0.9945057,0.9973937,0.99493694
WDR33,0.9976678,0.99818957,0.99860704,0.997645,0.9977844,0.997935,0.9989941,0.9983171
ATE1,1.0009558,1.000883,1.0003519,1.0004455,1.0005965,1.0001631,1.0001702,1.0011382
MAT1A,1.0009565,1.0007238,1.0005114,1.0008072,1.0007845,1.0007228,1.0003469,1.0006429
SLC7A9,1.0032568,1.002468,1.0019034,1.0030075,1.0026844,1.0027307,1.0013433,1.0022776
RNF19A,0.9981454,0.9985371,0.9989673,0.9982134,0.99818075,0.9981656,0.99918693,0.999068
LTF,0.9998832,0.9998758,0.99978375,0.9995857,0.9996427,0.99966407,0.9997962,0.9998253
SLC30A9,0.9997599,0.99985296,1.0002093,1.0001975,1.0000515,1.0002111,1.0002245,0.9998214
CLIP4,1.0038203,1.0028676,1.0027003,1.0043466,1.0040339,1.004105,1.0021608,1.0043558
EIF3L,0.9972892,0.99785423,0.9982331,0.9970281,0.99714065,0.99733055,0.9985926,0.9973495
SLC22A4,1.0015862,1.0011853,1.0010622,1.0016758,1.0014806,1.0017334,1.0008515,1.0012076
CPNE2,0.9977727,0.99829346,0.99869835,0.99784005,0.9977199,0.997692,0.9989587,0.99811965
PSMC1,0.99792147,0.99847853,0.99888957,0.99808395,0.9981731,0.9981901,0.9991853,0.99805415
DDX58,1.0018445,1.0014275,1.0008533,1.0013466,1.0014653,1.001373,1.000612,1.0012385
USP47,0.99551755,0.9966713,0.997266,0.9954057,0.9957644,0.99574864,0.9979311,0.9955673
BICD2,0.99790764,0.99846244,0.9983913,0.99738324,0.99790967,0.9978683,0.998806,0.9967927
ANKRD13B,1.0023324,1.0018054,1.0014226,1.0023736,1.0021448,1.0020312,1.001028,1.0014944
ZNF227,1.0009785,1.0007206,1.0009032,1.0013267,1.0010262,1.0013669,1.000766,1.0015751
RYK,1.0035927,1.0026891,1.002402,1.0038791,1.003447,1.0035269,1.0018225,1.0036765
FXR1,0.99792135,0.9983868,0.9988086,0.9979876,0.99812436,0.9981861,0.9991152,0.99820435
PCDH20,1.0024571,1.0020039,1.0015802,1.0024526,1.0022835,1.0024933,1.0013103,1.00203
NT5C1B,0.9996245,0.9997225,0.99975693,0.9995377,0.99964607,0.99963504,0.99982,0.99942446
SYNE3,0.99797904,0.9984658,0.9987508,0.9978757,0.99803615,0.99804616,0.9990442,0.9980298
CCT2,0.99585783,0.9968062,0.9974051,0.99566054,0.9958638,0.995963,0.99796844,0.9961823
NEU1,0.99817824,0.9985732,0.99892056,0.99815553,0.99825734,0.9983789,0.9992066,0.99864393
GPT2,1.0009959,1.0008075,1.0004452,1.0008185,1.0008541,1.0007002,1.0003438,1.0004444
CPEB3,0.99989367,0.999838,0.9999119,0.9997188,0.99950767,0.99972165,0.9998424,0.99993294
MOXD1,0.98608124,0.9896201,0.9914519,0.98575675,0.98720723,0.9870572,0.99368954,0.98741484
SELENOO,1.0018853,1.0014602,1.0008264,1.0014687,1.0014324,1.0014544,1.000607,1.0005983
TPX2,1.0021862,1.0017865,1.0011575,1.0018872,1.001843,1.0017042,1.0008756,1.0014992
PDZD2,0.99973303,0.9999101,1.0001062,1.0000675,0.99981266,1.0000944,1.0001738,0.99981236
ALG3,0.9999606,1.0000119,1.000072,1.0001215,1.0000725,1.0001712,1.0001103,0.9995479
TMEM132D,1.0010071,1.0009143,1.0005718,1.0008683,1.0007863,1.0009131,1.0004411,0.9995401
PPP2R1B,0.99959177,0.999735,0.9996951,0.9993686,0.999571,0.99986225,0.99991393,0.9998909
DONSON,0.99885166,0.9990808,0.99952054,0.9992228,0.99898326,0.9988891,0.99959326,0.99939275
FNBP1L,0.99050593,0.9927622,0.9941163,0.99026763,0.9909365,0.9909474,0.9954684,0.9907659
ADD1,0.99699193,0.99781096,0.9980314,0.99674064,0.9970384,0.9967878,0.99845636,0.9969607
ANGEL2,1.0017428,1.0013533,1.0010161,1.0016338,1.0015863,1.0015936,1.0007783,1.0013049
ARHGEF12,0.98063886,0.98532593,0.9879946,0.9802929,0.98164475,0.9814748,0.99079823,0.9811815
TXK,0.99794656,0.99847305,0.9988016,0.9979123,0.9980737,0.99822676,0.99914014,0.9980155
SEC23A,0.99869645,0.9990167,0.9992703,0.998735,0.9987656,0.9988722,0.9994639,0.99870634
RAB11FIP1,1.0022652,1.0016947,1.0011575,1.00189,1.0020103,1.0019037,1.0008692,1.0016196
POMGNT2,0.99988675,1.0000356,0.999738,0.99959135,0.99986,0.99975187,0.9998883,0.9995185
SNX25,1.0036664,1.002795,1.0022409,1.00366,1.0033667,1.0034105,1.0016809,1.0025598
CYP11A1,0.9955199,0.9965788,0.99711895,0.99522835,0.9954823,0.99532485,0.99765134,0.9953085
GPATCH2L,1.0007981,1.0005724,1.0002798,1.0003883,1.0004368,1.0004485,1.00015,1.0003953
PTGS2,1.0058302,1.0044136,1.0035716,1.0058037,1.0054154,1.0054427,1.0026928,1.0052335
NUGGC,1.0010872,1.0007821,1.0003697,1.0006497,1.0007138,1.000481,1.0001757,1.0007954
PROX1,1.0041394,1.003076,1.002826,1.0046163,1.0042657,1.0044353,1.0022166,1.0038193
PAN3,1.0020053,1.0016106,1.0013053,1.0020583,1.0018878,1.0018064,1.0009692,1.001491
SALL4,1.0023648,1.0019108,1.0012724,1.0021085,1.0022248,1.0018804,1.0009735,1.0020478
RAP1GAP,1.0010225,1.0007764,1.0008965,1.0015278,1.0011284,1.0012708,1.0007244,1.0009544
TMCO4,0.99908215,0.99933773,0.99927485,0.9987959,0.9989946,0.9989148,0.999435,0.9985454
MAP7D1,0.9894663,0.9920465,0.99346006,0.9892535,0.9901076,0.99001175,0.9950416,0.9896678
ZNF197,1.0004394,1.0003057,0.9998938,0.999877,1.000011,1.0000286,0.999889,0.9995862
MGAT1,0.9953493,0.99647003,0.997218,0.9953908,0.9955456,0.99545646,0.99784994,0.9961176
SORT1,0.9992664,0.99945927,0.9996822,0.9993913,0.99933505,0.99965245,0.99982715,0.99902594
RBMX,0.9953789,0.9964558,0.9970268,0.99509287,0.9954066,0.99548423,0.997681,0.99507976
ELMO3,0.99574625,0.99677765,0.997298,0.99552834,0.9959383,0.9958551,0.9979508,0.995811
SLC27A4,0.99986494,0.9999212,1.0002491,1.0003077,1.0003394,1.0002209,1.0002633,1.0005951
DSG2,0.99781674,0.99853384,0.9981742,0.9971217,0.99782836,0.9972521,0.9986422,0.9976905
SLC27A1,0.99841195,0.9988662,0.9993248,0.99874926,0.9986361,0.9985856,0.99950886,0.99941534
SH3RF1,1.0004292,1.0004287,0.99981153,0.9997655,1.0001123,0.99957013,0.99974763,0.9995718
GLDN,1.0009794,1.0007132,1.0009602,1.0014069,1.0012492,1.0014414,1.0007875,1.0010629
TGFB1I1,1.0057615,1.0044987,1.0031621,1.005182,1.0051315,1.0048492,1.002324,1.0039539
TNNT2,0.9976467,0.99823415,0.9984504,0.99737906,0.9976114,0.9975658,0.998778,0.99740577
STK4,1.0040019,1.0030389,1.0022001,1.003639,1.0035028,1.0035592,1.0016587,1.0030627
ARHGAP17,0.9997854,0.9999308,0.99928796,0.9988483,0.99933195,0.9989405,0.9993471,0.99856925
CYP2R1,1.0073988,1.0055554,1.0047474,1.0076063,1.0070412,1.0073402,1.0036836,1.0078166
FAM126B,0.99345165,0.994895,0.99584943,0.9932033,0.9934037,0.9935882,0.99673676,0.99335873
LHX9,1.0016814,1.0012867,1.0010141,1.0015198,1.0014035,1.001362,1.0006902,1.0015206
SLC12A6,1.00323,1.0024922,1.0021294,1.0033345,1.0030509,1.0029933,1.001582,1.0030729
SPIRE2,0.9997618,0.9997668,0.9996581,0.99947095,0.9994889,0.99954486,0.9996926,0.9991945
OSMR,0.99863124,0.99896735,0.9992143,0.99860394,0.99875003,0.9988301,0.9994467,0.9987714
MED17,0.9985289,0.9988935,0.99942493,0.99889886,0.9988065,0.99898887,0.9996498,0.9994902
F9,0.9969666,0.9977012,0.99818164,0.99692714,0.9971349,0.9971372,0.99861777,0.9972124
LARP4,0.9999738,0.99998987,1.000129,1.0000474,1.0000648,1.0000429,1.0000885,0.9999844
DEF6,0.99893343,0.99915814,0.9992606,0.99868417,0.9989271,0.99911135,0.99949336,0.99898636
CCDC22,1.0020552,1.0015965,1.0014126,1.0021869,1.0019736,1.0020566,1.0011168,1.0021663
PAN2,1.00193,1.0014677,1.0014112,1.0022202,1.0020739,1.0021011,1.0011641,1.0028319
KBTBD7,1.0022862,1.001792,1.0016572,1.0026813,1.0023627,1.0025983,1.0013626,1.0019047
KIDINS220,0.98908967,0.9917182,0.9933415,0.9889691,0.98968613,0.9896778,0.99489117,0.9896587
DEF8,0.99924624,0.99956024,0.9992512,0.9987078,0.9992344,0.9989707,0.99948496,0.999298
GANC,1.0066333,1.0049958,1.0038992,1.006386,1.0059829,1.0060594,1.0029496,1.0060427
KDM4A,1.0057509,1.0043517,1.0035938,1.0058281,1.0053532,1.005545,1.002713,1.0044539
FIGNL1,1.0081594,1.0063372,1.0049899,1.0081192,1.0076792,1.0073309,1.0037751,1.0084429
TMEM151B,1.0002149,1.0001838,1.0001397,1.0002267,1.0001765,1.0002347,1.0001044,0.999514
DDX1,0.9986485,0.99898636,0.9990518,0.99837464,0.9986145,0.9984963,0.99924576,0.99883866
HDAC3,1.0032337,1.0024441,1.0016961,1.0027877,1.0025984,1.0025095,1.00118,1.0025705
DEPDC1,1.0024742,1.0019716,1.0014205,1.0023003,1.0019323,1.001946,1.0010002,1.0014598
TMEM214,1.0037613,1.0029528,1.0024167,1.0038636,1.0035968,1.0035123,1.0018222,1.0033238
POLN,0.9976336,0.99822897,0.99866587,0.9976667,0.9977726,0.9978256,0.9990052,0.9981439
HOOK3,0.99709904,0.99774915,0.99842924,0.997345,0.997304,0.9976477,0.99883175,0.9970702
PCDHAC1,0.99756163,0.99810624,0.9985131,0.9974693,0.99758905,0.9977189,0.99887085,0.99790895
USP10,0.9984185,0.99884427,0.9991467,0.99847865,0.9985811,0.99857485,0.9993693,0.9987323
PHF19,1.0014405,1.0011116,1.0009438,1.0014565,1.0011859,1.0013087,1.0007243,1.001335
AMPH,0.9999544,0.9998603,0.9999697,0.9998673,0.99969375,1.0000424,0.9999424,0.9993359
WDR46,0.99585634,0.99683213,0.99769115,0.9961611,0.99623215,0.99632156,0.9982822,0.9963602
TFAP2E,1.0011009,1.0008544,1.0003946,1.000653,1.0008464,1.0006064,1.0002365,1.0004709
MEP1A,0.9979801,0.9984168,0.9987936,0.9979136,0.9979879,0.99810046,0.99908197,0.9984559
A1CF,0.9986125,0.9989699,0.99902105,0.99836385,0.9985843,0.9985318,0.9992361,0.9981362
SLC15A1,0.997043,0.9977641,0.99827564,0.9971195,0.9973258,0.99712396,0.99866796,0.9975623
FLAD1,1.0017128,1.0013149,1.0011888,1.0018296,1.0017363,1.0017272,1.0009228,1.001764
SETD3,0.99886245,0.9993309,0.99945694,0.9989406,0.9992287,0.9990515,0.99969554,0.9991368
IFFO2,1.0061526,1.0046751,1.003438,1.0056149,1.0053921,1.0053415,1.0025222,1.0046136
RUVBL1,1.000082,1.0000408,1.0004128,1.000572,1.0003043,1.0005372,1.0004188,1.0011144
SPTY2D1,1.0045289,1.0034447,1.0028801,1.0046744,1.004344,1.0044467,1.0022197,1.0038388
SMC1A,0.9974538,0.9981016,0.9984306,0.9973099,0.99750316,0.99765533,0.99883866,0.99742067
ZNF804B,1.0019014,1.0014467,1.0011531,1.0017972,1.0016613,1.0016909,1.0008717,1.0020106
OTUD7B,1.0031683,1.0023421,1.0018837,1.0030109,1.0026463,1.0029904,1.0014342,1.0032272
DCLRE1C,1.0064452,1.0048883,1.0040764,1.0065409,1.0057456,1.0059586,1.0029929,1.0055267
WDR75,1.000881,1.0006825,1.0005611,1.0007924,1.0007982,1.0008991,1.0005027,1.0018713
EEF1D,0.99942565,0.99957097,0.99944687,0.99907994,0.99916357,0.99912214,0.9995377,0.99939406
TMEM132C,1.0009112,1.0007946,1.0005094,1.0007082,1.000709,1.000699,1.0004791,1.0021763
GNPAT,0.9997675,0.9998374,0.99994874,0.99984264,0.99981046,0.99984527,0.99998546,1.0000303
MICALL1,1.0015942,1.0012485,1.0010967,1.0017686,1.0015466,1.0015986,1.0008687,1.0013481
SYT16,1.0046941,1.0033736,1.0029233,1.0047902,1.0043671,1.0045168,1.0021847,1.0047916
DAZAP1,0.99318683,0.9949151,0.9958712,0.9932915,0.99359566,0.99331415,0.99681103,0.99295956
MYCBPAP,1.0009172,1.0006568,1.0005279,1.0008037,1.0007461,1.0008006,1.000369,1.0005263
NRBP2,0.9898832,0.9922563,0.9938422,0.98983836,0.99030507,0.9905913,0.9953649,0.99100846
PPAN,0.9978212,0.9982845,0.9989915,0.9982396,0.99819535,0.99838036,0.99929255,0.99856484
TMEM245,0.9945531,0.99596345,0.99618673,0.99383575,0.99450314,0.99409246,0.99699485,0.99398476
PIDD1,0.99992275,0.9999745,1.0000434,1.0000151,0.9998808,0.9999227,1.0000136,0.99933064
DDX23,1.0018045,1.0015266,1.0009403,1.0014893,1.0014884,1.0011469,1.0006217,1.0009451
ARCN1,1.0000854,1.0001595,1.0001134,1.0000439,1.0000931,1.0000039,1.0000813,0.9999142
ROBO4,0.9940044,0.9954783,0.9962354,0.9938264,0.9942394,0.9940652,0.997059,0.9935301
CLCA1,0.99668026,0.99747914,0.9979962,0.99663115,0.996866,0.99687994,0.99848247,0.99692774
ESRP2,0.9967083,0.99749494,0.9980041,0.99665433,0.9968811,0.9968717,0.9984777,0.9969447
HHIPL2,0.9972612,0.99792296,0.9983462,0.99721074,0.9974203,0.9974571,0.9987537,0.99727035
CSF3R,0.99001324,0.9924439,0.99381065,0.98977727,0.99055886,0.99040675,0.99523306,0.99039066
GAREM1,1.000669,1.0005596,1.0005474,1.0008265,1.0006105,1.0008589,1.0004792,1.0002388
LINGO1,0.9899459,0.992465,0.99389017,0.98988676,0.9906833,0.99081576,0.9954559,0.9897443
EFHB,0.99872494,0.99899304,0.9994804,0.9989871,0.99890184,0.9990896,0.9996648,0.99989736
TUBGCP2,1.0022194,1.001708,1.001296,1.00209,1.0019797,1.002047,1.001012,1.00192
GMDS,1.0025955,1.0019381,1.0016314,1.0025902,1.002316,1.0022359,1.0011835,1.002849
MLLT6,0.99790657,0.9984293,0.9985036,0.99761,0.9977176,0.9976659,0.9988096,0.9975098
GALNT1,0.9978284,0.9983618,0.9983499,0.99732447,0.99770087,0.997434,0.99867415,0.99755436
FEM1A,1.002345,1.0017289,1.0011855,1.0018541,1.0017121,1.0015666,1.0007435,1.0018475
ZFC3H1,1.0000231,1.0000088,1.0000871,1.0000566,0.9999939,1.0004747,1.0001962,0.9999376
ANKRD6,1.0046233,1.0035406,1.0027565,1.0046163,1.004253,1.0041637,1.0020832,1.0043306
GRK3,0.99505234,0.9961959,0.99721277,0.9952867,0.9953681,0.9955839,0.9978945,0.99593186
GRHL1,1.0066338,1.0049407,1.00367,1.0060982,1.0057876,1.0057424,1.0026929,1.0057728
GRHL2,0.9962245,0.99709195,0.9978494,0.99639916,0.9965914,0.99667233,0.9984109,0.996799
FHDC1,0.9991369,0.99946,0.9989878,0.998222,0.99868214,0.99876654,0.9993026,0.9994818
SRPK1,0.99973524,0.9998498,0.999915,0.99976933,0.99990153,0.99972427,0.9999109,0.9994694
EZH2,0.997113,0.9978312,0.9982954,0.99713975,0.99741745,0.99740374,0.9987298,0.99704
SCFD1,1.0016638,1.0013182,1.0011022,1.0018318,1.001715,1.001853,1.0009235,1.0011797
PAPLN,0.99762404,0.99819434,0.9986379,0.9975941,0.99776006,0.997827,0.9989857,0.9982836
SPAG16,0.9983599,0.9988527,0.9990672,0.99829304,0.99839807,0.9984819,0.9993839,0.9991149
DNAJC11,1.00486,1.0038477,1.0028083,1.0045972,1.0044081,1.0043092,1.0021162,1.0031265
NUMBL,0.9989167,0.9992827,0.99954957,0.9991219,0.9994606,0.99964714,0.99991965,0.99971116
PELP1,0.99543905,0.99649125,0.9976336,0.9961032,0.9960694,0.9961175,0.9982879,0.9970089
PCDHGB4,0.99162203,0.9937589,0.9944861,0.99098665,0.9917099,0.9911736,0.99563944,0.99090695
WEE1,0.99912834,0.99941367,0.99934536,0.9989805,0.9989604,0.9986303,0.99939597,0.99854934
CDK17,0.9962555,0.99716675,0.99739254,0.99574065,0.9960227,0.99586135,0.99788857,0.9956962
ADSSL1,0.9967072,0.99750435,0.9980099,0.9966529,0.996889,0.9968914,0.9984898,0.9969293
GABRA5,1.0016546,1.001243,1.0008987,1.0015066,1.0013149,1.0011117,1.0005704,1.001278
MCMBP,0.9980121,0.99852246,0.9990349,0.9982893,0.9982753,0.9984367,0.9993478,0.99875253
OBSL1,1.0047108,1.0036786,1.0025415,1.004231,1.004078,1.0038142,1.0018847,1.0042644
CHRNB1,0.9995254,0.99963295,0.9998219,0.9996803,0.9996637,0.9994428,0.9998311,0.999791
ZFP28,1.0039846,1.0030588,1.0024916,1.0040193,1.0038238,1.0037133,1.0019069,1.0039169
EXO1,1.0017561,1.0014263,1.0014044,1.0021954,1.0020247,1.0016887,1.001039,1.0016308
ATP10D,1.0000296,1.0001185,0.99980134,0.9995949,0.999855,0.99975216,0.99986815,0.99922174
HHIPL1,1.00087,1.0006564,1.0004623,1.0007291,1.0007333,1.0005087,1.0002635,1.0003684
NCL,0.9948236,0.9960758,0.99680114,0.99463844,0.9949552,0.9950217,0.99752724,0.99492097
RAI14,0.9945706,0.9959337,0.996371,0.99405444,0.9947841,0.9947268,0.9973242,0.9945173
THNSL1,1.0024523,1.0019152,1.0018969,1.0029547,1.0027044,1.0029395,1.0016052,1.0030572
TRIP10,0.9986541,0.9990291,0.9991876,0.99865484,0.9987174,0.9985726,0.9993541,0.99859226
SGIP1,1.0030247,1.0022991,1.0018476,1.0030069,1.0028481,1.0031404,1.0014867,1.002169
SAFB,0.9961541,0.9970656,0.9976797,0.9961184,0.9962858,0.99648774,0.9982461,0.99610674
SAFB2,1.0020669,1.0015749,1.0011315,1.0018142,1.0018519,1.001766,1.0008293,1.0014663
ALDOA,0.99945134,0.99956685,0.99973106,0.99947965,0.9994519,0.99952006,0.99979454,0.99970675
IRF6,0.997311,0.9979271,0.9986493,0.99769557,0.9976338,0.99780345,0.9990206,0.99782515
SH3BP2,0.9998496,0.99986166,0.99999344,0.99995077,0.9999158,1.0000305,1.0000424,1.0003048
PTPRD,0.9960616,0.99702936,0.9974387,0.99575543,0.99607193,0.9961014,0.9980465,0.99653596
KLHL15,0.9951705,0.99629515,0.9971378,0.9951805,0.9953675,0.9953745,0.9978111,0.9961778
ADGRE2,0.99802375,0.99854934,0.9988661,0.9980439,0.9982275,0.9982499,0.99917257,0.99805444
KIAA1755,0.9980686,0.9984815,0.99882126,0.99809,0.99820375,0.9981761,0.9991344,0.9984077
PTPRT,0.9997102,0.99995685,1.000107,1.0001017,0.99980515,0.9997874,1.000046,0.99856734
TIMM44,0.9971148,0.99781054,0.99828994,0.9971734,0.9973784,0.9973674,0.99872875,0.99717116
CRISPLD2,0.9949081,0.9961506,0.99722755,0.99530494,0.99553823,0.9958254,0.9980346,0.99555945
ARMC3,0.9887092,0.99153215,0.9930879,0.9885926,0.9896364,0.9893911,0.99495244,0.9914652
RUVBL2,1.0004607,1.000409,1.0001832,1.0002037,1.0003154,1.0001936,1.0001242,1.0002627
TMEM87A,0.9996727,0.99978197,0.9998209,0.9996036,0.9995128,0.9996553,0.99986124,0.99997604
ARPP21,0.9994472,0.99949086,0.9995322,0.9992204,0.9991938,0.9994595,0.99963224,0.9992653
ARHGEF15,1.0002983,1.0002396,1.0000725,1.0000346,1.0000225,0.9999479,0.999982,1.000132
SAMD4B,0.99867785,0.9990109,0.9994689,0.99908036,0.9990417,0.99904895,0.999686,0.9995886
AIRE,0.99812865,0.99858975,0.9987719,0.99793386,0.9981557,0.9981942,0.99907947,0.9979055
MYB,1.0004255,1.0003718,1.0000664,1.00018,1.0003228,1.0002128,1.0001085,1.0001799
PGM5,1.0036652,1.0027336,1.002343,1.0036992,1.0032768,1.0036105,1.0017886,1.0033953
LIPG,1.0002356,1.000216,1.0003953,1.0005692,1.0003006,1.0001826,1.0002826,1.0010066
KRT1,0.99910915,0.9993041,0.99944353,0.9990579,0.99906385,0.9990821,0.9995414,0.9987726
CSNK1G1,1.0005752,1.0004911,1.0005163,1.0007517,1.0009457,1.0008711,1.0005145,1.0007644
PKD2L2,0.9974432,0.9980762,0.99835265,0.9972582,0.9975106,0.99744034,0.9987446,0.9974754
ZNF827,0.997385,0.9980122,0.9988754,0.99797916,0.99792564,0.99811435,0.9992552,0.99875426
LRRC41,1.0032268,1.0024935,1.0022895,1.0035433,1.0032139,1.00328,1.0017898,1.0040767
ZNF532,0.99818766,0.9986721,0.99875414,0.99788225,0.99814135,0.9981086,0.9990264,0.9978516
CHRNA3,0.9988048,0.9990394,0.9997107,0.99936336,0.99901235,0.99942154,0.99983585,0.9994302
AXDND1,0.9974824,0.9980712,0.9985072,0.997474,0.99760807,0.99771965,0.9988805,0.9975401
ANKLE1,1.0024338,1.0019023,1.0014164,1.0022464,1.002234,1.0022162,1.0011244,1.0023097
CASC3,0.9990813,0.9992497,0.9997924,0.9995161,0.999347,0.99953604,0.99987614,0.9997693
IGSF10,0.9965367,0.99732995,0.99774027,0.9962797,0.9966097,0.9965931,0.9982502,0.99616677
ZNF445,1.0021725,1.0015807,1.0015063,1.0023785,1.0019796,1.0021486,1.0011265,1.002682
FGD3,1.0063194,1.0048451,1.0037434,1.006161,1.0056818,1.005506,1.0027946,1.0065604
COQ8A,0.9992653,0.99939513,0.9997114,0.99951357,0.9995198,0.99950016,0.9998245,0.99980104
KBTBD12,0.998546,0.9989417,0.9992064,0.9986635,0.99875104,0.99874496,0.9994534,0.9985946
PRKCSH,0.9993434,0.99959815,0.99976087,0.999557,0.9995725,0.9995386,0.99988747,0.99947596
FOCAD,1.0017004,1.0012426,1.0011436,1.0018673,1.0017014,1.0015836,1.0008261,1.0014107
INTS3,0.99769205,0.99834955,0.9985882,0.997673,0.99793327,0.9976243,0.99892247,0.99763155
ESPNL,0.9970044,0.99772966,0.9981998,0.99695987,0.9971665,0.9971639,0.99862945,0.9972353
NOX1,0.99898803,0.9992163,0.9992374,0.9987235,0.9988804,0.9989856,0.99945045,0.9989227
DUOX1,0.9991522,0.9992856,0.9995682,0.9991859,0.999124,0.9991873,0.9996551,0.9999342
TDRD7,1.0028712,1.0021992,1.0017959,1.0028574,1.0026075,1.0025971,1.0013664,1.002888
NLRP14,0.99839693,0.99878883,0.9990336,0.9983096,0.99837005,0.99844897,0.99926805,0.99860775
SETD1B,1.0030893,1.0023181,1.0019,1.0030713,1.0029454,1.0028436,1.0014141,1.0025682
WDR24,0.99863625,0.99886096,0.99959767,0.99920183,0.9988256,0.99893606,0.9996761,1.0003837
TM9SF2,0.994197,0.9955665,0.99661803,0.9943477,0.9946629,0.99476683,0.9974848,0.9950923
TAF3,1.0091784,1.0069864,1.0054823,1.0088964,1.0083734,1.0083318,1.0040706,1.0077827
LMF2,0.9972421,0.99784684,0.99834573,0.9973028,0.9974856,0.99745643,0.99877304,0.99741256
MAP2K2,1.0024669,1.0018849,1.0013227,1.0021808,1.0021574,1.0019015,1.0009444,1.0022753
NGEF,1.0028656,1.0021675,1.001757,1.0028582,1.0026767,1.0027621,1.001348,1.0021622
MN1,0.9952452,0.9963435,0.9968398,0.9948298,0.99508035,0.9951407,0.9975031,0.9950113
CYP4F22,0.99701047,0.9977342,0.9981996,0.9969621,0.9971696,0.9971623,0.99862766,0.9972321
RAPSN,0.9967072,0.99750435,0.9980099,0.9966529,0.996889,0.9968914,0.9984898,0.9969293
TGM5,0.9974852,0.99807966,0.9984987,0.99745655,0.99762154,0.99762154,0.9988521,0.9977679
NELFB,1.0024791,1.0018592,1.0012883,1.0022019,1.0021608,1.0017904,1.000878,1.0017731
LGR4,1.0036181,1.0027745,1.0018418,1.0031061,1.0030284,1.0029578,1.0013242,1.0020791
SOGA3,1.0038834,1.0030189,1.0019581,1.0032445,1.0033184,1.0032041,1.0013925,1.0015048
CPSF6,0.9996427,0.9997703,0.9998908,0.9997716,0.9997393,0.9998052,0.9999341,0.99936503
WWOX,0.9992658,0.99944866,1.0000585,0.9998551,0.9996213,0.99979573,1.0001569,1.0009978
RXRA,0.9998673,0.9998021,0.9997882,0.99962807,0.9998704,0.99978566,0.99984694,1.0003228
RBPJL,0.9969884,0.99770874,0.9981649,0.99691725,0.9971224,0.99708164,0.9985825,0.9971514
EPS8,0.9965234,0.9973694,0.997852,0.9963496,0.9965626,0.99695116,0.99846095,0.99677515
PSD2,0.9966834,0.9975088,0.99818116,0.99689496,0.99712265,0.99717367,0.99867535,0.9970368
SH3TC1,0.9996326,0.99968743,0.99970764,0.99944496,0.99947906,0.9995138,0.9997287,0.99942493
WIZ,0.99772173,0.9983007,0.9981531,0.99706256,0.9973247,0.99695015,0.99844897,0.9969778
CEBPZ,1.0001819,1.0001867,1.0000254,0.9999339,0.9999968,0.9996955,0.99994516,1.000915
OAT,0.99818015,0.99862576,0.998911,0.99812555,0.99822843,0.9982401,0.99916726,0.99856496
ARHGEF10,1.0020196,1.0014873,1.0009658,1.0016108,1.0013578,1.0012672,1.0005698,1.0011005
CCDC80,0.9912096,0.9935546,0.9951886,0.991981,0.9923862,0.9925337,0.996598,0.99240506
UROD,1.0000464,1.0000389,1.0001851,1.000215,1.0000794,1.000354,1.0002029,0.9998646
NOTUM,0.99587154,0.99678165,0.9976889,0.9961716,0.99629194,0.9962976,0.9982537,0.9969619
TPH1,0.9976243,0.9981961,0.99855614,0.99753094,0.9977078,0.9976852,0.99890375,0.9981617
NCKIPSD,1.0004468,1.0003537,1.000128,1.0002494,1.00031,1.0001906,1.0000777,0.9998927
ANKLE2,1.0012501,1.0009685,1.0006766,1.001142,1.0010228,1.0009353,1.0004503,1.0004652
KCNV1,0.99739844,0.99792796,0.99867225,0.9977344,0.9976949,0.9980272,0.999081,0.9981022
TAF1C,0.9988316,0.99914116,0.99930954,0.9988303,0.99895036,0.9990237,0.9995675,0.99917257
NLRP6,0.9967008,0.9974953,0.99800575,0.99664676,0.99688005,0.99688435,0.99848616,0.9969504
AIFM3,0.99292713,0.9947194,0.99586123,0.99312055,0.9936018,0.9937581,0.99700046,0.9933442
SFSWAP,1.0030175,1.0022635,1.0018417,1.002967,1.0027494,1.0027874,1.00138,1.0031345
FAM160B1,0.99793786,0.9984506,0.9988878,0.9981407,0.99812603,0.9981359,0.99918777,0.9986388
ACTC1,1.0019788,1.0014155,1.0012256,1.0018859,1.0020009,1.0019453,1.0009432,1.0018237
TBC1D14,1.0024054,1.0018024,1.0016155,1.0026653,1.0024523,1.00245,1.0012248,1.0018585
OLFM2,0.99598455,0.99712986,0.99766654,0.9961775,0.996547,0.9964862,0.9983838,0.99628484
TKTL1,0.9947017,0.9959835,0.9963588,0.9940959,0.99479246,0.9943427,0.9971611,0.99452055
SLC4A2,0.99667466,0.99754393,0.99810016,0.9968599,0.9969939,0.99695694,0.99860823,0.9967623
TXLNB,1.0004424,1.0004106,1.0002093,1.0002577,1.0003842,1.0005568,1.0002923,1.0007542
PCDHA3,0.9999331,0.9999399,1.0000768,1.0000327,0.9999446,1.0000243,1.0000648,1.0001011
SLCO2A1,0.9922632,0.99407643,0.99520797,0.99214506,0.99234045,0.99234194,0.9962199,0.9924236
ZNF341,0.9987956,0.9991075,0.9994161,0.9989947,0.9990725,0.99885416,0.99954695,0.999014
CERS2,0.9967898,0.9977366,0.9979044,0.99651206,0.99719465,0.99698746,0.99855894,0.99693424
NEXN,1.0019147,1.0014824,1.001271,1.0019984,1.0018568,1.0018423,1.0010018,1.0019953
IRX6,0.99905086,0.99927497,0.99946713,0.9990633,0.99901783,0.9990418,0.9995545,0.9990865
RBM12B,1.0042628,1.0031978,1.0025543,1.0041848,1.0038252,1.0039775,1.0019281,1.0036852
LRCH2,0.9979358,0.99842834,0.99863684,0.9977865,0.9979253,0.99794054,0.9989152,0.99708474
KLHL24,0.993652,0.9951198,0.99581367,0.99315286,0.9937367,0.99378264,0.9967706,0.9930701
CYP27A1,0.99699044,0.99775314,0.9988148,0.99787015,0.9976587,0.9979836,0.9992479,0.99815357
CPEB4,0.98921,0.9918488,0.99363095,0.9894218,0.9900385,0.9902302,0.9952197,0.9896909
MED16,0.9939339,0.9954235,0.9967576,0.99451774,0.99479234,0.9949162,0.99772024,0.9957932
G2E3,0.99857724,0.99899125,0.99905616,0.99835956,0.99853384,0.99875534,0.9993556,0.9985082
MITF,1.003044,1.0021104,1.0025153,1.0037938,1.0030506,1.0037798,1.0020056,1.0043921
AK5,1.0045055,1.0035048,1.0026563,1.0043393,1.0040696,1.0039428,1.0019436,1.0031831
WNT3A,0.9967072,0.99750435,0.9980099,0.9966529,0.996889,0.9968914,0.9984898,0.9969293
ZNF432,1.005194,1.0037873,1.0030546,1.0050025,1.0046976,1.0045671,1.0022506,1.0055492
THAP4,1.0020792,1.0017332,1.0013834,1.0022093,1.0021913,1.002076,1.0011523,1.0022349
NR1H4,1.0000578,1.0000061,1.0000718,0.9999951,0.9999527,1.0000226,1.0000387,1.0004708
DPY19L4,0.9995072,0.99965763,0.99971914,0.9994457,0.99932617,0.9993377,0.9997699,0.99988985
SLC44A4,0.9982943,0.99867535,0.9989717,0.99825937,0.99834406,0.99836874,0.99920326,0.9984623
RGL2,0.9957013,0.9967171,0.99737227,0.99564487,0.9959329,0.9959206,0.99802923,0.99657905
SLF2,1.000177,1.0002224,1.0001214,1.0001802,1.0001537,0.99992585,1.0000579,1.0001098
ZFYVE28,1.0009251,1.0006998,1.0005281,1.0008227,1.0008303,1.0007831,1.0004075,1.0010856
TUBA1B,0.9921024,0.9939749,0.9950017,0.99174404,0.99225754,0.992338,0.9961183,0.9919871
PGGHG,0.9995991,0.999771,0.9997279,0.9993837,0.9996692,0.99983066,0.9999058,0.9996898
FIGN,1.0047898,1.0037386,1.0026553,1.0044286,1.0046073,1.0043799,1.0020747,1.0040203
ARHGAP4,0.9975521,0.99804115,0.9984526,0.9973786,0.9975976,0.9977008,0.99881005,0.9978055
SLC34A2,1.0000644,1.0000416,0.99999535,0.9999442,0.9999709,0.99997187,0.9999875,0.9999401
NPNT,0.99339724,0.9950657,0.9963415,0.99390626,0.99404705,0.9943385,0.9973147,0.99322754
TAB2,0.99831986,0.99870324,0.9991808,0.99855137,0.9984201,0.9984517,0.99934876,0.999136
HARS,0.9967072,0.99750435,0.9980099,0.9966529,0.996889,0.9968914,0.9984898,0.9969293
NR1D2,0.9985211,0.99890375,0.9994805,0.9991169,0.9991623,0.9993086,0.9997487,0.99832547
LUZP1,1.0028589,1.0022333,1.001516,1.0024714,1.0023452,1.0020034,1.001003,1.0022575
C8A,0.9968776,0.9976351,0.9980715,0.996761,0.9969914,0.99697345,0.9985142,0.99697924
ZBED9,1.0085669,1.0065383,1.004739,1.0077751,1.0075574,1.0073037,1.0034971,1.0076375
ACTG2,0.9982294,0.99866724,0.9987824,0.9979139,0.99811065,0.9981127,0.9990642,0.9984429
PGBD3,1.0008475,1.0007242,1.0006772,1.0010085,1.00101,1.0010235,1.0005909,1.0007986
RIN3,0.9993146,0.9993671,0.9994867,0.99913496,0.9992386,0.99930805,0.99957186,0.99896395
SLC7A4,1.0027865,1.0020666,1.0017129,1.0026915,1.0024812,1.0025258,1.0012442,1.0023466
AGAP2,1.0021648,1.0016795,1.0012792,1.0020735,1.0018115,1.001775,1.0008864,1.0011913
ATP5F1B,0.9954766,0.9965556,0.9971024,0.9951947,0.9955792,0.9956074,0.99775547,0.9952939
PDXDC1,1.0015488,1.001248,1.000814,1.001291,1.0012052,1.0012263,1.0005853,1.000945
CORIN,0.9826363,0.98708797,0.9881087,0.9806626,0.9829615,0.98214793,0.99104345,0.9844792
USP42,0.9962084,0.9970901,0.9979862,0.996529,0.99656034,0.9966384,0.99848676,0.9975329
HGS,0.999207,0.9994272,0.999756,0.9994985,0.9995444,0.99942017,0.9998346,0.99957466
SNRNP70,0.9992655,0.9994805,0.99976873,0.99958396,0.9995178,0.9995558,0.9998555,0.9987612
XPO1,0.99021816,0.99259675,0.9939617,0.99006385,0.9906976,0.9905379,0.9953537,0.99060464
RASGRP4,0.9959401,0.9969627,0.997651,0.996052,0.9963151,0.9962032,0.9982008,0.9961455
RABEP1,0.9986985,0.9990659,0.99899447,0.9983035,0.99859285,0.99852586,0.99922645,0.9984143
F7,0.99926007,0.9994509,0.99947333,0.99909854,0.99928427,0.99918485,0.99957335,0.9988581
PHTF2,1.0002801,1.0002593,1.0003053,1.000355,1.0003201,1.0004716,1.000298,1.000558
KCNJ8,0.9933398,0.99496585,0.99642754,0.9938383,0.9939815,0.9945687,0.9974742,0.994404
PHLDB3,1.0032153,1.002488,1.0016875,1.0027329,1.0026867,1.0024897,1.0011861,1.0021632
ARMC5,1.0004075,1.0002866,1.0004766,1.0007374,1.000543,1.0008692,1.0004847,1.000722
SP110,0.9976634,0.9983896,0.9984629,0.9974274,0.99771774,0.9976232,0.99883795,0.9965811
ASIC2,1.0032556,1.0025423,1.0022862,1.0035853,1.0032289,1.0033835,1.0018023,1.0032141
ARX,0.994766,0.9961002,0.9964025,0.9940632,0.99463767,0.9942943,0.9972403,0.9964157
CCHCR1,0.9978047,0.9982717,0.9989567,0.9981544,0.9981392,0.99841094,0.9993344,0.9988655
MAP7,1.0039573,1.0030229,1.0021863,1.0035675,1.0035937,1.003394,1.0016798,1.0040244
PRMT5,1.0052364,1.0040411,1.002957,1.0049314,1.0047467,1.004781,1.0022627,1.0040659
GABRG3,0.99920154,0.99943197,0.99967337,0.999354,0.99943554,0.99951786,0.9998574,0.99969447
ZNF507,1.0005584,1.000368,1.0002776,1.0004201,1.000318,1.0001591,1.0001425,1.0011885
TM9SF3,0.9972092,0.9978673,0.9981683,0.9969641,0.99715257,0.99707973,0.998541,0.9970794
PPARA,1.0004399,1.0003622,1.0004663,1.000648,1.0004206,1.0006189,1.000356,0.9995936
SCAPER,0.9963937,0.99722767,0.997591,0.99596626,0.99629635,0.9962485,0.9981048,0.9968996
CCDC30,1.002402,1.0018177,1.0014721,1.0023338,1.0021307,1.0023655,1.001168,1.0023187
SLC7A3,1.004004,1.0030558,1.0026184,1.0041745,1.0036919,1.0036944,1.0019139,1.0031083
DNAJC7,0.997586,0.9982228,0.99861884,0.9976321,0.9979258,0.9979124,0.999047,0.99814594
RABGGTA,1.001025,1.0007505,1.0009508,1.0013666,1.001219,1.0014606,1.000822,1.001551
WNT6,0.9967072,0.99750435,0.9980099,0.9966529,0.996889,0.9968914,0.9984898,0.9969293
PCSK9,0.99635834,0.9972445,0.99776495,0.9963052,0.99645054,0.9961213,0.9981614,0.9959445
FAM20A,1.0025845,1.00192,1.0011331,1.0018905,1.0018656,1.0017761,1.0007354,1.0012624
WNT10B,1.007841,1.0060544,1.0047843,1.0078084,1.0073049,1.0071317,1.0035893,1.0069041
XPO5,0.9998304,0.99989927,0.99987745,0.9997202,0.9996412,0.99941456,0.999812,1.000087
KCNJ14,1.00156,1.0012534,1.0008439,1.0013454,1.0013967,1.0010284,1.0005724,1.0013903
PADI2,1.0020132,1.0014708,1.00127,1.0020146,1.0019089,1.0021338,1.0010529,1.0022517
SLITRK3,1.0083816,1.0065068,1.0052704,1.0085006,1.0080463,1.0081019,1.0040895,1.0076451
SPRED1,0.993873,0.99533844,0.9964477,0.99408233,0.99414754,0.99430954,0.99730736,0.9946867
AP4B1,0.9997562,0.99973416,1.0002255,1.0003196,1.00015,1.0003417,1.0002296,0.99997914
ARHGAP11A,0.99685645,0.9977127,0.9979472,0.99656296,0.99689996,0.9967295,0.99842286,0.99627817
PPARGC1B,1.001779,1.0013248,1.0009723,1.0015421,1.0015672,1.0016638,1.0007565,1.0011225
PTPDC1,1.0025891,1.0020394,1.0015732,1.0025302,1.0022402,1.0020454,1.0011442,1.0027492
ARID1A,0.9935192,0.99511075,0.99566424,0.99292684,0.9935236,0.9933121,0.9966317,0.9936073
IFT81,0.9977428,0.9983672,0.99851954,0.9975447,0.99786353,0.99773353,0.99886334,0.99688846
GCKR,0.9966473,0.99744916,0.9980108,0.9966508,0.9968518,0.996861,0.99849033,0.99698746
RGL1,0.9969213,0.99760914,0.99827576,0.99715567,0.9972807,0.99758935,0.99878603,0.9967352
RFWD3,0.99980134,0.9999186,0.9998034,0.99963987,0.999886,0.999719,0.99989104,0.9995883
UTP25,1.001049,1.0008949,1.0010262,1.0015178,1.0014179,1.0016104,1.0009516,1.0016626
JADE1,1.0018029,1.001399,1.0007304,1.0012443,1.0012774,1.0010881,1.0004518,1.0008403
CHDH,0.9943237,0.9956543,0.9970187,0.9949616,0.99508286,0.99519986,0.9978175,0.9955886
CCDC191,1.0044749,1.0035205,1.0029778,1.0048814,1.0045058,1.0044411,1.0023255,1.0040021
BRAT1,0.99888676,0.9992449,0.9994894,0.9990887,0.9991133,0.9989471,0.99963903,0.99932814
CAMK2B,0.99302447,0.99479026,0.99561703,0.99285567,0.99336374,0.99325,0.9966538,0.99278444
EPB42,1.0015311,1.001136,1.0008295,1.0013304,1.0011871,1.0012715,1.000567,1.0008944
COL8A1,1.0024855,1.0018934,1.0015595,1.0024438,1.0022424,1.0024395,1.0012152,1.0022534
PIWIL3,0.9974551,0.99805176,0.9983916,0.9973067,0.99750984,0.99744296,0.99874306,0.9975847
SLC3A2,0.9968027,0.9976032,0.9980917,0.9967704,0.9969602,0.996933,0.99856555,0.9973886
EVI5,1.0014626,1.0011121,1.001003,1.0016756,1.0014491,1.0012841,1.000732,1.0015768
ABCG8,0.9967072,0.99750435,0.9980099,0.9966529,0.996889,0.9968914,0.9984898,0.9969293
HDC,0.9977392,0.99829066,0.99864244,0.99768984,0.99792445,0.9980386,0.9990266,0.9979224
COL4A4,1.0044446,1.0033407,1.0028564,1.0045372,1.0041528,1.0042849,1.0021836,1.0047092
EVX1,0.99674165,0.99753034,0.9980261,0.99668217,0.99691755,0.996915,0.99849993,0.9969486
SYNPO2L,0.99852216,0.99887305,0.9988525,0.998219,0.9983132,0.99788314,0.9989449,0.9979106
MFSD2A,0.995149,0.99637264,0.9967774,0.9946828,0.9951136,0.9947724,0.9974506,0.99530065
ZRSR2,1.0007846,1.0005367,1.000435,1.0006498,1.0004697,1.0005494,1.0002372,1.000401
ATG16L1,1.0030184,1.0023535,1.0017371,1.0028696,1.0028698,1.0028155,1.0013678,1.0022471
VPS11,1.0010154,1.000815,1.0005324,1.0008291,1.0009668,1.0007162,1.0003629,1.0005951
CEP95,0.9968729,0.9975866,0.99796486,0.99665594,0.99682736,0.9967371,0.9983814,0.9970511
HTR3A,0.9986206,0.9988905,0.99893475,0.9982327,0.99832636,0.9979827,0.99896467,0.9984678
PDCD6IP,0.9983449,0.9987966,0.99923813,0.99863523,0.9986104,0.9986688,0.99947107,0.9990007
ZNF280D,1.0006406,1.0005372,0.99999535,0.99999464,1.0001638,1.0000322,0.9999193,0.99993
NOL8,1.0025841,1.0019987,1.0013433,1.0021781,1.0022248,1.0021238,1.0010035,1.0022532
XKR4,1.0039876,1.0032283,1.0023372,1.0037645,1.0036843,1.003571,1.0017476,1.0020182
ASB2,1.0012468,1.001023,1.0009265,1.0013549,1.0014225,1.0015478,1.0008266,1.0013751
INO80D,0.9973651,0.9980224,0.9985851,0.9976224,0.9975633,0.997866,0.99897444,0.99694836
PRKN,1.0054584,1.0042391,1.0032413,1.0052742,1.0052478,1.0050132,1.0025065,1.00528
ACOXL,0.99827886,0.9986656,0.99908733,0.99842477,0.9984123,0.9985699,0.9993334,0.9984551
TESK2,0.9995351,0.9996161,0.99977815,0.99955773,0.9995861,0.99953777,0.99981594,0.99984765
ATL1,0.99705935,0.99772274,0.9985331,0.9974965,0.99765587,0.99793833,0.99902356,0.9975966
ANKS6,1.0003767,1.0003948,1.0003054,1.0004237,1.0004699,1.0002301,1.0002565,1.0005758
ZSCAN20,0.99895227,0.9992319,0.99939924,0.9989521,0.9990276,0.9991105,0.9995848,0.9986865
PDE1A,0.997026,0.9977901,0.99797106,0.9965284,0.99706256,0.99710786,0.9985297,0.99706304
HOOK2,1.0019208,1.001471,1.0012105,1.0018932,1.0017399,1.0019718,1.0009985,1.002009
SYNJ2,0.99981225,0.99985456,0.999892,0.9998621,0.99981606,0.9996582,0.9998611,0.99928075
NOC3L,1.0035077,1.0026574,1.0024879,1.0039704,1.0034899,1.0038942,1.0019981,1.0034475
FKBP9,0.9968445,0.9976549,0.9982844,0.9971267,0.9971653,0.9969989,0.99869144,0.99742186
CDH11,0.9948052,0.99610656,0.9963756,0.99411035,0.99447745,0.99429226,0.99709886,0.99426794
WASL,0.99943984,0.99962586,0.9996921,0.9994794,0.99958,0.9995707,0.99983305,0.9995553
GNS,0.99956244,0.9997121,1.000126,1.000108,0.9999322,0.99999285,1.0001917,1.0002534
HEATR4,1.0008404,1.0006337,1.0004395,1.0007219,1.0006378,1.0007709,1.00034,1.0001835
ARHGAP19-SLIT1,1.0075692,1.0058126,1.0046653,1.0075407,1.0070454,1.0069618,1.0035294,1.0069714
SEMA6B,1.0005771,1.0004697,1.0001636,1.0003372,1.0004829,1.0000383,1.0000484,1.0001912
SEPSECS,1.0043918,1.0033745,1.0031873,1.0050075,1.0045166,1.0046694,1.0025377,1.0054529
MPP3,0.9997033,0.9996939,1.0001624,1.0001357,0.9999632,1.0002561,1.0002228,1.0006278
ISYNA1,0.99863625,0.99907124,0.9994793,0.99897754,0.9990614,0.99920225,0.9997254,0.998713
KLHL13,1.00126,1.0010867,1.0011598,1.0017463,1.001493,1.0012223,1.0008615,1.0018169
MELTF,1.0025327,1.0019333,1.0017632,1.0027374,1.0025752,1.0025835,1.0013998,1.0031116
BUB1,0.9978347,0.9984859,0.9987991,0.997928,0.998135,0.997973,0.9991429,0.99784636
MCF2,1.0026717,1.0019463,1.0018104,1.0029587,1.0025718,1.0026138,1.0013106,1.0020415
UFL1,1.0019555,1.001631,1.0010234,1.001617,1.0016469,1.0015253,1.0007548,1.0008141
PIGT,0.9982213,0.9987354,0.9988744,0.998062,0.99839014,0.99829733,0.99921703,0.9985979
ARHGEF17,0.9992925,0.99951446,1.0001963,1.0001446,0.9998685,1.0000701,1.0002888,1.0003628
BRINP1,1.0025446,1.002037,1.0010903,1.0018625,1.0020382,1.0014476,1.000644,1.0009179
FRMD3,1.0008453,1.0007608,1.0006756,1.0010854,1.0011324,1.0010965,1.00064,1.001085
PPFIA1,0.99886596,0.99918675,0.9991017,0.9985508,0.9985652,0.99869657,0.9992845,0.9977759
FECH,1.0051094,1.0038462,1.0032899,1.005321,1.0047451,1.0048059,1.0024076,1.0041574
FAM171A1,0.9935727,0.99506176,0.9962381,0.9937468,0.9939735,0.9942246,0.9971963,0.99449885
DAG1,0.99834406,0.9987247,0.99910104,0.99846053,0.9984903,0.9983871,0.99935806,0.99996436
SLC9C2,1.0012126,1.0009537,1.0007308,1.0011141,1.0010835,1.0009986,1.0005322,1.0010499
MIGA2,1.0038323,1.0029109,1.0022705,1.0037574,1.0035594,1.0033895,1.0016963,1.003557
HEXB,1.0001457,1.0001414,1.0000979,1.0001073,1.0001962,1.0000725,1.0000632,0.99975884
FAH,0.9980624,0.9985695,0.9987817,0.99786097,0.9981342,0.9981169,0.99911416,0.9988269
WNT5B,0.99743176,0.9979595,0.9984633,0.99743986,0.9975333,0.99764204,0.99882185,0.99735534
RALGPS1,0.99677986,0.9977293,0.99824345,0.9969663,0.99723315,0.9974655,0.99883854,0.99693996
GRIK5,1.0044515,1.0033097,1.0026574,1.0044388,1.0040629,1.0039654,1.0019565,1.0038035
RPL4,0.9964143,0.99720836,0.99762404,0.9960619,0.9963089,0.9963951,0.9981138,0.9962595
GALNT4,1.0044212,1.0032429,1.0027556,1.0044918,1.0040333,1.0042464,1.0020561,1.0038266
PAFAH1B1,0.9900721,0.9924997,0.994086,0.99010587,0.9906701,0.9908148,0.99549603,0.99034774
EPAS1,1.0023217,1.0017059,1.0014974,1.0022734,1.0019665,1.002201,1.0011128,1.0026728
KCNG4,0.9967072,0.99750435,0.9980099,0.9966529,0.996889,0.9968914,0.9984898,0.9969293
POU2F2,0.989452,0.9919477,0.9934298,0.9891608,0.9900377,0.9900165,0.99495447,0.98911715
MMP2,0.9996296,0.9996567,1.0002099,1.0002192,0.99993026,1.0002241,1.0002482,1.0005399
ZMYND15,0.99716514,0.9978962,0.99823684,0.9970486,0.99726677,0.9971436,0.9986142,0.99712753
TUBA8,1.00291,1.0022199,1.0017452,1.0028862,1.0028288,1.0027392,1.001364,1.0027297
STK31,0.9987285,0.99897885,0.9992256,0.9987488,0.9988698,0.99890816,0.9994162,0.9982388
NR5A1,0.99708813,0.99779135,0.99823374,0.9970238,0.9972287,0.9972397,0.9986546,0.997223
LMLN,1.0004374,1.0002658,1.0002792,1.0004508,1.0002018,1.0005176,1.0002472,1.0004636
DDX24,0.9921716,0.9940269,0.99520063,0.9920362,0.9925687,0.9925003,0.9963194,0.99334854
EMILIN1,1.0027043,1.0021099,1.0016758,1.0027003,1.0026121,1.0025384,1.001275,1.0018547
ZNF14,1.0080955,1.0061816,1.0050733,1.0081799,1.00755,1.007805,1.0038924,1.0077682
EVI5L,0.9996357,0.999876,1.0000072,0.99992925,0.99982923,0.9998085,1.0000281,0.9987209
FRK,1.0005738,1.0004176,1.0005187,1.0007879,1.0005972,1.0007082,1.0004056,1.0006998
EPS8L1,0.9998071,0.99980867,0.9999068,0.99975395,0.9999176,1.0000395,0.99998593,0.99949384
IDS,0.99195856,0.993829,0.9950886,0.9918841,0.99245,0.9924798,0.9962578,0.99261814
DDHD2,1.001308,1.0010085,1.0006503,1.0010592,1.0009406,1.0007718,1.0003867,1.0012205
ALDH18A1,0.99824226,0.9987266,0.9988383,0.99811053,0.9982661,0.99798524,0.99905825,0.997927
KLHL9,0.9940454,0.9954973,0.99649906,0.9941746,0.9944247,0.99459267,0.99737245,0.99438244
LHX6,0.99196494,0.9938225,0.99498725,0.9918747,0.9922454,0.9920286,0.99613327,0.99387443
ADGRF5,0.9990765,0.99928594,0.9993143,0.9987818,0.9986792,0.99877536,0.9993706,0.998569
MAP3K4,1.0017242,1.0013148,1.0015186,1.0023563,1.0020972,1.0023267,1.0012926,1.0022085
DLL3,1.0043052,1.0032218,1.002707,1.0043628,1.0040212,1.0040756,1.002028,1.0039523
ZNF709,1.0008636,1.0006666,1.0004605,1.0006421,1.0006189,1.0006251,1.000352,1.0013796
RADIL,1.0049739,1.0037773,1.0029249,1.0047033,1.0043406,1.004354,1.0021359,1.0042562
SOAT2,0.9968922,0.9976454,0.9980982,0.99680775,0.99704194,0.99701107,0.99854386,0.9970235
SETMAR,0.9973657,0.99793416,0.998627,0.9976214,0.99765956,0.997808,0.9989699,0.99773777
HBP1,1.0025325,1.0018293,1.0017751,1.0027833,1.0021956,1.0027239,1.0013466,1.0021098
CCDC39,1.0002501,1.0002382,1.0001308,1.0001178,1.0002885,1.0001844,1.0001862,1.0011371
FGGY,0.9951334,0.99644315,0.9973419,0.9955869,0.99589,0.9956295,0.99802434,0.9950456
TULP2,1.0009366,1.0006572,1.0006778,1.0009922,1.0008674,1.0010805,1.0005424,1.0009819
SLU7,0.9980298,0.99852824,0.99865794,0.99777025,0.9980184,0.9980606,0.99897593,0.99754965
SYNPO,0.9996493,0.9997088,0.99996716,0.99988574,0.99979556,0.9998799,1.0000116,1.0000749
SSH3,1.0014515,1.001121,1.0005519,1.0009578,1.0010697,1.000874,1.0003616,1.0008734
NPHP1,1.0041811,1.0031302,1.0023308,1.0038574,1.0035284,1.0035466,1.0016642,1.0026736
SEZ6L2,0.9881656,0.99095017,0.9926381,0.9879451,0.988792,0.98874974,0.9943209,0.9880612
UBTF,0.9981879,0.99864995,0.99901366,0.9982765,0.998361,0.9984087,0.99928683,0.9985535
E2F8,1.0033969,1.0026402,1.0024078,1.0037735,1.0036542,1.0035257,1.0019032,1.0034744
SEPT5,0.9967072,0.99750435,0.9980099,0.9966529,0.996889,0.9968914,0.9984898,0.9969293
CCDC142,1.0020529,1.001495,1.0012994,1.0020741,1.001821,1.0018824,1.0009881,1.0027015
ANKRD50,1.0007253,1.0005665,0.9999317,0.9999384,1.0001352,1.0000769,0.9998734,0.99979913
HS6ST2,1.0027554,1.0021737,1.0018162,1.0029505,1.0026823,1.0023395,1.0012987,1.0024079
ZBTB38,0.9895248,0.9919827,0.9933255,0.98901224,0.9896374,0.9897921,0.994804,0.98921645
STRBP,1.0008229,1.0006435,1.000438,1.0006853,1.0006964,1.0007187,1.0003226,1.0002148
SENP1,1.002324,1.0017965,1.0013301,1.0021231,1.0021135,1.0018002,1.0009632,1.0027053
AP5Z1,0.9951292,0.99619406,0.9972712,0.99543524,0.9954257,0.9958662,0.9980257,0.99662566
PLXNB1,0.9976975,0.9982717,0.9983435,0.99729216,0.9975817,0.9973862,0.99870616,0.99788356
ZNF512B,1.0024707,1.0018101,1.0014939,1.0024661,1.0021654,1.0021715,1.0010213,1.0011618
DDB1,1.0006757,1.0005426,1.0003852,1.0005921,1.0005864,1.0005636,1.0002798,1.0004525
WASHC5,1.00105,1.0007763,1.000473,1.0006891,1.000596,1.0006025,1.000261,1.000699
TMEM132B,0.99230444,0.99430007,0.9949832,0.99171495,0.9924598,0.9924583,0.99618375,0.9916022
TWNK,1.0022373,1.0017054,1.0012238,1.0020351,1.002048,1.0019754,1.0009495,1.0018445
WDR44,1.0062368,1.0047042,1.0035763,1.0057926,1.005595,1.0054868,1.002652,1.0056951
AMOTL2,0.9982206,0.99877906,0.9989443,0.9982213,0.9984747,0.9984172,0.99926084,0.9980016
ENOX1,0.99612415,0.9971504,0.99752575,0.9957668,0.99642897,0.9964267,0.9982259,0.99644685
TP53,0.993942,0.9955696,0.996238,0.9937484,0.99449897,0.99418366,0.9972316,0.9943678
CHPF,1.0051597,1.0040706,1.0025628,1.0042188,1.0043336,1.0039684,1.0018725,1.0042304
NLN,0.9992285,0.99948776,0.9993614,0.9988985,0.99900806,0.9989133,0.999461,0.99921465
VPS4B,0.99974644,0.9998001,1.0002192,1.0002947,1.0001392,1.0003264,1.0002515,0.99968123
ACSF2,0.9976274,0.9981879,0.99889827,0.9980762,0.9982074,0.99824166,0.9992626,0.9984245
KCNA4,1.0011097,1.000821,1.0005198,1.0007987,1.000795,1.000777,1.0003381,1.0007834
CTTN,0.9950201,0.9963068,0.99694884,0.9948665,0.9953227,0.995309,0.99772215,0.99531794
AHCY,0.9957404,0.9969293,0.9975165,0.9958795,0.9963068,0.99615765,0.9982221,0.9958277
RGS6,0.99166286,0.9938569,0.9952103,0.99189574,0.9925931,0.9925929,0.9966084,0.9937626
PCDHGB2,0.9989886,0.9992405,0.9992162,0.99865556,0.9988531,0.9987283,0.9993575,0.9990822
CACNB3,1.0016791,1.0012481,1.0006714,1.0011026,1.001181,1.0011094,1.0004058,1.0007234
VTN,1.0021629,1.0017452,1.0013885,1.0022345,1.0022407,1.0022651,1.001155,1.001913
PER3,1.004246,1.0031908,1.0027347,1.0043757,1.0041153,1.0042052,1.002108,1.0036803
ITGB7,0.99743026,0.9980643,0.99841833,0.9973216,0.99750113,0.99750495,0.99878705,0.99764615
PLCD3,0.99906504,0.99921775,0.9996828,0.9993474,0.99910915,0.99927926,0.9997437,0.9998085
MAP7D2,1.0020874,1.0015616,1.0013785,1.0021505,1.00205,1.0021327,1.001067,1.0022043
KLHL31,0.9963489,0.9972608,0.99766546,0.996122,0.9964819,0.99635637,0.9982003,0.996213
DCBLD2,0.99254644,0.99436617,0.99539375,0.9924618,0.9930981,0.9928659,0.99648726,0.99251574
PIK3R2,0.99890995,0.99925494,0.9992157,0.9987279,0.99885607,0.9986667,0.99937284,0.9985929
TUBB1,1.0044686,1.0033252,1.0027438,1.0044335,1.0041262,1.0042311,1.0020831,1.0042531
ACSS3,0.99591136,0.996853,0.99753064,0.9958828,0.9960395,0.996099,0.9980996,0.99632394
RUFY2,0.9960723,0.99701,0.99787426,0.9963753,0.9964706,0.9965122,0.99839383,0.99710804
DSE,1.006569,1.005105,1.0039201,1.0063186,1.006281,1.0062623,1.0030766,1.0058566
SF3A1,1.0005938,1.0004376,1.000226,1.0003449,1.0003848,1.000308,1.0001241,1.0002351
RXRG,0.9928143,0.99444807,0.99581414,0.9930132,0.99307036,0.9930885,0.9967816,0.995489
ANAPC5,0.99874794,0.9990992,0.9992689,0.99870324,0.99891007,0.99882054,0.99945533,0.9988401
ALPP,0.99805176,0.9985107,0.9988271,0.99799526,0.99811065,0.99808574,0.99907756,0.99819547
KLHL11,1.0059611,1.0044392,1.0033767,1.005579,1.0052642,1.005248,1.0024793,1.0052106
GLI1,1.0021591,1.001576,1.0015583,1.002451,1.001962,1.002079,1.0011528,1.0030951
TUBB4B,0.9969021,0.99764633,0.99836034,0.9971672,0.99720633,0.9974335,0.99881756,0.99740124
RINT1,0.99500895,0.99615836,0.9969196,0.9948784,0.99515796,0.99521923,0.99766386,0.9956386
ERMP1,1.0034473,1.0026891,1.002639,1.0041816,1.0035754,1.0037214,1.0020549,1.0034782
ITGBL1,1.0011053,1.0008518,1.0007184,1.0011644,1.0010822,1.0008622,1.0004959,1.0011432
GSE1,0.99125874,0.9933636,0.9948102,0.9913868,0.9917819,0.9919488,0.9960612,0.99162745
SLCO5A1,1.004264,1.0032513,1.0023875,1.0039386,1.0037274,1.0037777,1.0017856,1.0035657
ZFR2,1.0043218,1.0033307,1.0027621,1.0045102,1.0041676,1.0041893,1.0021024,1.0032587
ZNF337,0.9969779,0.9976349,0.9981369,0.99698406,0.99709237,0.9971969,0.9985878,0.99677646
GRK6,1.004123,1.0030746,1.0022684,1.0037053,1.0035841,1.0032498,1.0016106,1.0040574
KAT7,1.0001503,1.0000892,1.0005102,1.000721,1.0005118,1.000827,1.0005196,1.0009866
FGFR3,0.9979027,0.9983618,0.998724,0.99795365,0.99783665,0.9979011,0.9990001,0.99769574
APBA1,0.9978598,0.99843407,0.998685,0.9978608,0.9981338,0.9979484,0.9990452,0.9977975
SFMBT1,1.0058124,1.0045474,1.003489,1.0056053,1.0053985,1.0051229,1.0026288,1.0053897
SELP,0.9985266,0.9988909,0.99901235,0.9983095,0.9984571,0.99838424,0.999202,0.9984945
CNTROB,0.9997713,0.9998471,1.0001767,1.0001782,1.0001488,1.000199,1.0002143,0.9998932
RSBN1L,1.0020193,1.001516,1.0010803,1.0017867,1.0017563,1.0016335,1.0007905,1.001984
SKIV2L,0.99972206,0.9997734,0.9999714,0.9998975,0.99987453,1.0000187,1.0000552,0.99988973
LGI3,0.9963232,0.99733543,0.9974246,0.99574274,0.9963018,0.99606025,0.9980588,0.9967017
KLC4,0.9996822,0.99978524,1.0001099,1.0000764,0.99996936,1.0003836,1.000235,0.9992381
MIPEP,0.9991015,0.9993869,0.9994282,0.99894696,0.9991503,0.9990634,0.99961436,0.9998906
LNPEP,1.0049727,1.0038304,1.0031159,1.0049908,1.0048403,1.0046922,1.0023692,1.0043592
FGR,0.99711967,0.99784946,0.9982078,0.9969952,0.99720204,0.99718416,0.9986246,0.9969335
DLGAP5,1.0023096,1.0018716,1.0014906,1.0023234,1.0022553,1.002106,1.001158,1.0021864
GNA12,0.99960953,0.9997294,0.9995142,0.99927795,0.9993054,0.999086,0.9995489,0.9991586
PNKD,0.99754834,0.99817663,0.9988613,0.9979799,0.9980116,0.99800795,0.99920964,0.9987714
NAGLU,0.9998447,0.99988985,0.99994946,0.9998868,0.99988425,0.9998677,0.9999828,0.99974215
USP2,1.0026879,1.0021161,1.0018519,1.0028794,1.0026574,1.00258,1.0014274,1.0033047
TPM3,0.99793816,0.9984703,0.9984845,0.99749744,0.99781346,0.9976065,0.998775,0.9976034
RGL3,0.99938476,0.9995384,0.9994846,0.9990909,0.9992201,0.9991963,0.99955547,0.99889386
ARHGAP24,1.0028594,1.0023113,1.0019104,1.0028722,1.002935,1.0030541,1.0016217,1.0033996
MOCOS,0.9974569,0.9980682,0.9985291,0.9974828,0.99763036,0.9976603,0.9988834,0.99766845
ANKFY1,0.99697965,0.9977412,0.9981159,0.9968633,0.9970987,0.99691725,0.99851835,0.996955
ARHGAP32,1.0022157,1.0017455,1.0011021,1.0017736,1.0019345,1.0016335,1.0007598,1.0013089
TRIP4,1.0008769,1.0006843,1.0008439,1.0012122,1.001237,1.0014132,1.0007745,1.0009617
NLRP2,1.0021037,1.0015943,1.0010097,1.0016736,1.0017172,1.0015097,1.0006468,1.0011389
PLK4,1.0029463,1.0022863,1.00198,1.0031505,1.0028764,1.0024431,1.0013949,1.0026039
TAB3,1.0017501,1.0014213,1.0009766,1.0015707,1.0015516,1.0016012,1.0008092,1.0013928
NAGS,0.9983345,0.99875736,0.9989936,0.9982252,0.99843454,0.9983628,0.9992256,0.9986235
ASH2L,0.99880266,0.99906707,0.9994166,0.9989907,0.99907625,0.99917114,0.99960595,0.99858475
RPS6KC1,1.0064406,1.004876,1.0038673,1.0063081,1.0059476,1.00583,1.0028692,1.0058783
HTRA1,0.99590826,0.9969436,0.9973904,0.99563205,0.99594164,0.995979,0.9980628,0.9966081
PLA2G15,1.002132,1.001617,1.0011383,1.001838,1.0017409,1.0018531,1.0008664,1.0019192
LRSAM1,0.9984482,0.9987915,0.9991993,0.9986723,0.99859905,0.9987405,0.9994396,0.9987371
ADGRE1,0.9967984,0.99756044,0.99805117,0.996733,0.996953,0.99693346,0.998508,0.997043
ABCG4,1.0015684,1.0011528,1.0010359,1.0016332,1.0015872,1.001582,1.0008271,1.0019927
EVC,0.99857104,0.9988324,0.9992001,0.9985861,0.9986454,0.9988375,0.9994168,0.9990351
BMPR1B,0.9972735,0.9980487,0.9989897,0.9981983,0.9981085,0.9985211,0.9995079,0.99814254
KLC3,0.9979103,0.9984356,0.9986999,0.9977965,0.99793434,0.9979528,0.99899346,0.9976877
PFKFB4,0.99833816,0.9986196,0.9992361,0.99868315,0.9985166,0.99867535,0.9994242,0.9990306
KLKB1,0.9993911,0.9995363,0.9996083,0.99930155,0.9993971,0.99931604,0.99968374,0.99946284
MMP9,0.99800795,0.99853384,0.9990142,0.99826694,0.99834406,0.9982519,0.9992796,0.9985811
LIPE,1.0063527,1.0047876,1.0043238,1.0069109,1.0062696,1.0067075,1.0034239,1.0066671
ADGRD1,1.0056324,1.0043455,1.0032558,1.0053047,1.0050294,1.0049877,1.0024006,1.0042648
RCBTB2,0.99850154,0.99890345,0.99898803,0.9983263,0.9984846,0.99832714,0.9991917,0.9983755
PRKAR1A,0.9884868,0.99122775,0.99311095,0.9885515,0.9891683,0.9893426,0.99476266,0.9894103
ARHGEF3,1.0053407,1.0039918,1.0035691,1.0057174,1.0051515,1.0053514,1.0027535,1.0061396
MPP4,0.9966998,0.9974969,0.9979864,0.99661934,0.9968621,0.99685943,0.9984676,0.9969018
PCDHGA3,0.9968551,0.99760395,0.9984033,0.99721557,0.99718714,0.99745107,0.9988578,0.99751604
PRX,1.0016913,1.0013733,1.0007858,1.0012411,1.001246,1.0010278,1.0004872,1.0008878
RUFY3,0.9885713,0.99135655,0.99288845,0.9882876,0.98914087,0.9890505,0.99453473,0.98849034
PABPC1,0.99673563,0.9975015,0.99790245,0.99651104,0.99674296,0.99679875,0.9983537,0.9964131
KLHL22,1.0016632,1.0013369,1.0011014,1.0017799,1.0017262,1.0016733,1.0008783,1.0009419
ARHGAP10,1.0028546,1.002214,1.0015954,1.0025625,1.0024688,1.0023439,1.0011504,1.0023801
SUPT20H,1.001327,1.0010622,1.0004792,1.0007284,1.0009582,1.0006521,1.0002743,1.0008072
BSCL2,0.9947946,0.9961176,0.9965968,0.99441254,0.99506176,0.994789,0.9973677,0.9942342
OSBPL10,1.0037183,1.0028539,1.0025499,1.0040545,1.0037847,1.0039685,1.002072,1.004105
UBN1,1.000871,1.0006846,1.0003229,1.0004905,1.0004458,1.0003728,1.000149,1.0002517
PCDHGC5,0.9982741,0.99868554,0.9990277,0.99831593,0.9984159,0.9985069,0.9992809,0.998194
CALD1,0.99778414,0.9982985,0.9986323,0.997711,0.997688,0.99786484,0.9989286,0.99768424
MYSM1,0.9999758,0.99996555,0.9999696,0.9999403,0.99992585,1.0000173,0.999998,0.9998375
COL4A2,0.98837113,0.99112505,0.9930862,0.9886252,0.9891947,0.9893543,0.9947884,0.9892666
PRC1,0.9976632,0.998294,0.9983101,0.99721384,0.9974613,0.9972497,0.99863863,0.99697804
ACTA2,1.0014484,1.0010948,1.0010226,1.0015529,1.0013478,1.0015689,1.0008389,1.0017676
NOD1,1.0020882,1.0015718,1.0009494,1.0016272,1.0014687,1.0013263,1.0005668,1.0007131
PRPF4,0.99764884,0.99817395,0.99914944,0.99834657,0.99797726,0.9982649,0.9993798,0.99921787
RPTN,0.9970499,0.99777627,0.99824154,0.9970069,0.9972453,0.99722517,0.99866927,0.99749935
GRN,0.9995449,0.9996829,0.9997579,0.99947953,0.9995781,0.99961346,0.99983776,0.9994714
ANAPC1,0.998171,0.99856794,0.99913776,0.9984479,0.9982463,0.99876434,0.99946594,0.9990379
PES1,1.0033348,1.0026762,1.0019187,1.0030446,1.0029742,1.0029974,1.0014942,1.002532
TBC1D2B,1.0027608,1.0022076,1.0017822,1.0028026,1.0027516,1.002918,1.001466,1.0018251
SLC38A10,0.99891174,0.9991338,0.9990572,0.9984412,0.9984536,0.99836385,0.9991631,0.9986777
SH3PXD2B,0.9975333,0.99804103,0.9983493,0.9973615,0.9973637,0.99715376,0.9986218,0.9981159
TBC1D12,1.0044042,1.003346,1.0028815,1.0046262,1.0041475,1.0044701,1.0022523,1.0041715
RUNX3,1.0028187,1.0021007,1.0021229,1.0032543,1.0028372,1.0033381,1.0017376,1.0031633
SUN2,1.000597,1.0004611,1.000371,1.0005205,1.0004885,1.0004485,1.0002642,1.0007143
ITPRID2,0.9997835,0.9999333,0.99962837,0.9994441,0.99965876,0.9993453,0.99968696,0.9993137
MBTD1,1.00231,1.0016704,1.0009716,1.001668,1.0017086,1.0014601,1.0006244,1.0021474
SF3A3,0.99926174,0.99945694,0.99960893,0.99930525,0.9993768,0.999517,0.9997847,0.99949884
COG3,1.0021825,1.0017542,1.0014467,1.0022968,1.002142,1.0019271,1.0010834,1.00232
STOX2,0.999766,0.99980634,0.99972224,0.99954283,0.99931276,0.99936545,0.99967825,0.99950784
COQ8B,1.000037,1.0000904,1.0001435,1.0002067,1.0002342,1.0001113,1.0001771,1.000287
KATNB1,1.0008792,1.0006008,1.0007284,1.001074,1.0009128,1.0008037,1.0005157,1.0016258
PORCN,0.99831533,0.99871755,0.9992956,0.99861467,0.9987346,0.99900794,0.999655,1.000211
FOXRED1,1.0007273,1.0004652,1.0006744,1.0010751,1.0008805,1.0010492,1.0005698,1.0012122
SLC6A15,0.9981291,0.9986016,0.9993614,0.99876684,0.99874127,0.9988824,0.99960124,0.9983721
OAS3,0.9979225,0.99839544,0.99880815,0.99800503,0.9981091,0.9980538,0.9990696,0.9979039
POLR3E,0.99567336,0.9967308,0.99761915,0.9960517,0.99621034,0.9964709,0.99832314,0.995768
DNAJC16,1.0038995,1.0030401,1.0024145,1.0039331,1.0037693,1.0035805,1.0018115,1.003144
CCNF,1.0033777,1.0026002,1.0021166,1.0034317,1.0031877,1.003187,1.0016329,1.0032171
LRCH1,0.9991237,0.99923384,0.9994874,0.9990824,0.9990884,0.99931836,0.999653,0.9997198
TBC1D5,0.99918354,0.99944675,0.99962187,0.9993655,0.9994906,0.99939924,0.9997844,0.99904287
IRF5,1.0006878,1.0005342,1.0004447,1.0006154,1.0006218,1.0006845,1.0003328,1.0002543
SLC11A2,1.002063,1.0017059,1.001247,1.0019811,1.001923,1.0018507,1.0009792,1.0016026
WBSCR16,0.9967072,0.99750435,0.9980099,0.9966529,0.996889,0.9968914,0.9984898,0.9969293
MEP1B,0.99671936,0.99751383,0.9980383,0.9967272,0.9969529,0.9969969,0.9985473,0.997052
SPATA31D1,1.0007669,1.0005794,1.0005376,1.0007956,1.0007446,1.0007961,1.0004051,1.0005116
SYDE2,0.99863714,0.99881613,0.9989563,0.99833924,0.99834734,0.99817395,0.9990624,0.99883914
CYBB,0.99194795,0.9939175,0.99491453,0.9916047,0.9923885,0.99233896,0.9961487,0.99180937
IVD,0.99887383,0.9991487,0.99951965,0.99914086,0.9990509,0.9990009,0.9996457,0.99959785
WSCD1,0.99316895,0.9948729,0.9962578,0.9938439,0.99398696,0.9939054,0.99723613,0.99400336
GLS2,0.9989475,0.99921155,0.99951804,0.9991579,0.9990907,0.9991503,0.99964833,0.99882543
RASEF,0.99840367,0.9988015,0.9991094,0.9984091,0.9985099,0.9985926,0.9993428,0.998557
WNT1,0.99789715,0.9985116,0.9994619,0.99885046,0.99878985,0.9993696,0.99993515,0.9993148
EXT2,0.99673057,0.9976056,0.9980261,0.9968124,0.9971698,0.99687886,0.99852943,0.9964578
ZBTB41,0.99788356,0.99832803,0.99871325,0.9977882,0.99784374,0.99790096,0.9989474,0.9978728
TUBA4A,1.004549,1.0034454,1.0025642,1.0041122,1.0038522,1.0038918,1.0018976,1.0044942
MAP3K7,1.0018214,1.0014516,1.0008314,1.001379,1.0013919,1.0010788,1.0005344,1.0013442
SLC5A8,0.9984507,0.99880314,0.99932075,0.9987387,0.99874866,0.99882305,0.99951506,0.9988996
CCT4,0.99684197,0.99763286,0.99807185,0.996781,0.9969815,0.99696374,0.9985135,0.99671733
FKBP10,0.99753845,0.9982064,0.9986335,0.99786747,0.9980645,0.9976567,0.9989634,0.9972795
STIL,1.0059127,1.004509,1.0034785,1.0057424,1.0054624,1.0052767,1.0025852,1.0047863
TELO2,0.99998045,0.99992716,1.000082,1.0000751,0.9997798,0.9998925,1.0000091,0.999983
CPED1,1.0021013,1.0015554,1.001221,1.0018266,1.0018702,1.0020514,1.0009422,1.001734
KLHL6,1.0009373,1.0008054,1.0002182,1.0003324,1.000525,1.0003206,1.0001025,1.0001568
RFT1,0.99905455,0.99914086,0.9999956,0.9998051,0.9994118,0.9999423,1.0001445,1.0007908
FRMD6,1.0011866,1.0009807,1.0010206,1.0015082,1.0012704,1.0016196,1.0008581,1.0001193
CREB3L3,0.9969666,0.9977012,0.99818164,0.99692714,0.9971349,0.9971372,0.99861777,0.9972124
MOCS1,0.9985327,0.99910843,0.9994997,0.99896324,0.99914026,0.99928564,0.99983394,0.9985148
HDAC9,0.99969196,0.9997854,0.9999789,0.99987775,0.9999078,0.9999285,1.000049,1.0002952
PKP2,1.0056722,1.0041866,1.0033025,1.0053314,1.005,1.0051644,1.0024083,1.0046331
SMO,0.99980164,0.9998666,0.99939847,0.99917144,0.9993726,0.9990206,0.9994139,0.9987437
MYOCD,1.001717,1.0013617,1.0010943,1.0016687,1.0015876,1.001616,1.0008632,1.0018085
D2HGDH,1.0008352,1.0006233,1.0008717,1.0013927,1.0011584,1.0013596,1.0007658,1.0008413
RPS6KA5,1.0047305,1.0035489,1.0029653,1.004797,1.0043739,1.0045066,1.002247,1.0046816
ADAMTS19,0.99832296,0.9987266,0.9991003,0.9983743,0.9984103,0.9985758,0.99936914,0.99928796
TRIM36,0.99635386,0.99719346,0.9979632,0.9965331,0.996701,0.99680215,0.99842906,0.99640334
UBASH3B,1.0000322,1.0000113,1.0005741,1.000746,1.0006881,1.0010154,1.0006349,1.000653
NR4A1,0.99063516,0.992732,0.9945525,0.9909173,0.9911209,0.99140227,0.9958379,0.99213016
SRP72,0.99751794,0.99808276,0.9981836,0.99706936,0.997386,0.9971111,0.9984639,0.9964824
ZMIZ2,0.9976987,0.9983219,0.9985479,0.9976055,0.9979242,0.99766314,0.9989161,0.9983835
SUOX,1.0019925,1.0014787,1.0012993,1.0020599,1.001932,1.0020815,1.0010889,1.0027789
FSTL5,0.9997313,0.99977046,1.0001067,1.0000954,0.99990815,0.99966854,0.9999941,0.9996805
TPTE,0.9983609,0.9987117,0.99907243,0.99841094,0.99852335,0.99866736,0.9993223,0.99826634
CHST3,1.0013304,1.0011246,1.0006008,1.001091,1.0010978,1.0008838,1.0004754,1.0007125
ALG13,0.998003,0.9984877,0.99860454,0.9977327,0.99799097,0.997795,0.99892807,0.99848485
SPTLC1,0.99602187,0.9968673,0.9977877,0.9962713,0.9962742,0.9965613,0.998338,0.99655056
DNAAF5,1.005557,1.0042835,1.0030975,1.0051146,1.0048918,1.004474,1.0022379,1.0051382
ACVR1,0.99815416,0.99860466,0.99857473,0.99763614,0.9977736,0.997772,0.9988526,0.9981383
SLC2A1,0.9950989,0.99635947,0.99714553,0.9952617,0.99546486,0.9954215,0.9978174,0.9950521
LEF1,1.0003242,1.0002927,1.0003622,1.0004678,1.0001736,1.0001403,1.0001915,1.0001526
TTC7A,1.0032644,1.0024741,1.00215,1.0034821,1.0031927,1.0030838,1.0016294,1.0036291
NPEPPS,0.9905641,0.99288756,0.9940945,0.9902203,0.99093354,0.9909141,0.9954784,0.9905824
CCDC93,0.9998395,0.9999456,1.0001281,1.000108,1.0000441,1.0002902,1.0001881,0.9995477
GTPBP4,0.99850523,0.99886596,0.99927306,0.99868107,0.9987074,0.9988142,0.9994995,0.99906826
WDR70,1.0005562,1.0003858,1.0003457,1.0005264,1.0004802,1.0006692,1.0003048,1.0006179
GRAMD1A,0.9995825,0.9997057,0.9998244,0.9996693,0.9997467,0.99969614,0.99990153,0.99960494
CLIP3,1.0009283,1.0006896,1.0007515,1.0011528,1.0009898,1.0010709,1.0006049,1.0011868
SLC43A2,0.99950516,0.9996044,0.99985594,0.999609,0.99939394,0.9994726,0.99983937,1.0001919
KIF14,1.0002873,1.0003294,0.9999312,0.99989593,0.99991,0.99950504,0.9998039,0.9990729
KCNA1,1.0005301,1.0003686,1.0003948,1.0005115,1.0004443,1.0005164,1.0002942,1.0008167
ARSK,1.003862,1.002922,1.0020459,1.0033891,1.0032777,1.0031002,1.0015111,1.0040255
JCAD,0.9996957,0.9997296,0.9996871,0.99940753,0.99934244,0.999406,0.9996806,0.9994664
ACVR1C,1.0027736,1.0020788,1.0015619,1.0024887,1.0023655,1.0023185,1.0011361,1.0027637
CAPN6,0.9978788,0.9983679,0.99865973,0.9977771,0.99794245,0.99788505,0.9989425,0.9978707
ZRANB1,0.99728745,0.9979415,0.997988,0.99668074,0.99696434,0.9968139,0.9983571,0.9972886
FAM13B,1.0000547,1.0000708,0.9995276,0.9993237,0.9997022,0.9992577,0.99951136,0.9989829
L3MBTL2,0.9981189,0.99855274,0.9988333,0.99806106,0.9981019,0.9983816,0.9991962,0.99822986
LSG1,0.99779606,0.9983665,0.9983898,0.9973746,0.99763495,0.9973898,0.99873376,0.99830484
RPA1,0.9966171,0.9975033,0.99819124,0.9968397,0.9968885,0.9968872,0.99864495,0.99742234
TLE1,0.9958392,0.99697375,0.9977339,0.99607253,0.9963988,0.9961987,0.99831116,0.9963433
RNGTT,1.0008551,1.0006359,1.0010095,1.0014168,1.0011257,1.0015137,1.000886,1.0015557
MTRR,1.0047299,1.003614,1.002792,1.004555,1.0042151,1.0040696,1.0020323,1.0040737
WDR91,1.0004071,1.0003252,1.0000622,0.99996626,1.0001053,1.0000062,0.9999708,1.0
SLCO2B1,0.9929689,0.99470353,0.99561775,0.9927645,0.99331325,0.9933199,0.99665487,0.9924965
PDZRN3,0.99943054,0.99945384,0.9987567,0.9982344,0.9984634,0.9979261,0.9988245,1.0004004
ATP7A,1.0076009,1.0058169,1.0045229,1.007348,1.0070724,1.0070195,1.0034246,1.0065944
XRCC1,0.99735713,0.99805176,0.9985132,0.9974673,0.9979763,0.99775314,0.9990163,0.9986131
WNT5A,1.00403,1.0029688,1.0021534,1.0035664,1.0032673,1.0034866,1.0016689,1.0050092
FMNL2,0.9973134,0.99800706,0.998618,0.9975998,0.9976564,0.9978996,0.9990537,0.99781
DDX10,1.0019289,1.0015826,1.0013007,1.0019815,1.0019426,1.0017055,1.0009966,1.0026456
PSEN2,0.99951637,0.99959123,0.9998977,0.999828,0.99964404,1.000008,1.00006,1.0000069
GOLGA4,0.9953707,0.99651206,0.99732554,0.9955122,0.9956503,0.995692,0.99796915,0.9959928
SELENON,0.99414027,0.9954234,0.9963279,0.9940039,0.9943067,0.99433494,0.9971865,0.99466443
ABCB7,1.0058839,1.0044055,1.0036253,1.0059254,1.0056322,1.0056101,1.002762,1.0055717
PDE2A,0.9989952,0.9991859,0.9997486,0.99951494,0.9993694,0.99960124,0.9999136,0.99957013
VPS51,0.99951756,0.99963677,0.9995516,0.9992798,0.9993895,0.9991756,0.9996149,0.9997752
GALNT6,0.99747545,0.9980557,0.9985286,0.99748695,0.9976565,0.9977846,0.99891293,0.99769473
SLC2A13,1.0042858,1.0032749,1.0029817,1.0047724,1.0043939,1.0045598,1.0023484,1.0042865
SEMA4B,1.0039079,1.0029347,1.0028818,1.0045512,1.0041121,1.0044854,1.0023533,1.0046656
UBA1,0.9977818,0.99838424,0.9983693,0.99731904,0.997757,0.9976504,0.9987533,0.9970668
CDH15,1.000322,1.0002471,1.0003237,1.000359,1.0002431,1.0003948,1.0002512,1.000334
KIF12,0.99720573,0.9978593,0.9985754,0.99755406,0.9976052,0.99768406,0.9989668,0.99789584
SLC25A23,0.999659,0.99977267,0.9997628,0.9996453,0.99961996,0.9993851,0.9997748,0.99948823
EFHC1,1.0023788,1.001769,1.0013627,1.0022304,1.0020529,1.0020397,1.0009776,1.0018573
PACS2,0.99701047,0.9976505,0.9982493,0.9970766,0.9972018,0.9971325,0.99863017,0.997857
DLGAP3,0.99724555,0.9978794,0.998682,0.99777555,0.9977217,0.99804056,0.99915516,0.99812496
KCNJ9,0.9990887,0.9993041,0.9994401,0.9989958,0.9990467,0.9990332,0.9995363,0.99915755
KIAA0319L,0.99892503,0.9991846,0.9997403,0.99937916,0.9992106,0.99956584,0.99990475,0.9995421
GABRR1,0.9970878,0.9978023,0.9982326,0.99700975,0.9972569,0.9972959,0.99867415,0.99712205
RFX2,0.99979717,1.0000101,0.99997616,0.9999483,0.99999917,0.99980104,1.0000556,0.99935424
AMDHD2,0.99908155,0.9993199,0.99965763,0.9992936,0.9993192,0.9993417,0.9997717,0.9995109
KCNK4,0.99676436,0.9975641,0.9979896,0.9966824,0.9969123,0.99684584,0.9984564,0.9966284
RARS,0.9967072,0.99750435,0.9980099,0.9966529,0.996889,0.9968914,0.9984898,0.9969293
TRPM8,1.0025551,1.0019307,1.0017862,1.0027254,1.0024527,1.0027575,1.0013951,1.002125
SLC14A2,0.9969772,0.9977262,0.9982252,0.99706674,0.99727905,0.997391,0.99875975,0.9973799
PCDHGA2,0.9964364,0.99730265,0.99787104,0.9964162,0.9966564,0.99669325,0.99839735,0.9966835
COL5A3,0.9982468,0.99876535,0.99884105,0.99809384,0.9984927,0.99850464,0.9992628,0.9979125
GMPPA,1.000962,1.0006669,1.0007241,1.001148,1.0009568,1.0011986,1.0005916,1.0008059
CDH9,1.0043924,1.0034338,1.0028026,1.0045395,1.0043523,1.0043854,1.0021871,1.0031466
GOLIM4,0.99860823,0.99903166,0.9992805,0.99866515,0.99877805,0.9988527,0.99954283,0.99877775
ZKSCAN2,0.9976871,0.99821377,0.99813956,0.99697363,0.9973177,0.9972238,0.99849343,0.99689394
LGR6,0.9925662,0.99448,0.9957733,0.9929773,0.99331033,0.99336976,0.9968828,0.9928247
SLC2A4,0.9987955,0.99910146,0.9992572,0.9987304,0.9988233,0.9987762,0.99941474,0.9987147
NOC2L,1.0035985,1.0026138,1.0018077,1.0029676,1.002778,1.0028267,1.0012745,1.0034266
HCN1,1.0030739,1.0022964,1.0020468,1.0033267,1.003082,1.0030247,1.0015692,1.0032126
GSN,0.99597603,0.99704057,0.9975083,0.99586916,0.9963114,0.9960495,0.99808025,0.99543846
IKBKE,0.99961996,0.99980855,0.9996697,0.9993806,0.9995305,0.99929225,0.9996822,0.9993676
AKAP12,0.99046755,0.9928552,0.9942913,0.9905261,0.99124724,0.9910743,0.9957035,0.99152875
SHMT2,0.9988919,0.99914366,0.99980295,0.99948716,0.99932617,0.99976337,1.0000312,0.9998766
GOLGA2,0.99707144,0.9978757,0.99802375,0.9967703,0.9970907,0.99677396,0.9984151,0.9965185
SART1,1.0003932,1.0002255,1.0001938,1.0004188,1.0003127,1.0003232,1.0001088,0.9996854
ANO3,1.0007242,1.0005938,1.0001945,1.0002922,1.0003105,1.0004493,1.0001509,1.0000978
PGR,0.9989488,0.9992152,0.9995073,0.99914044,0.9991544,0.99920404,0.99965143,0.9988512
ARSJ,0.99773514,0.99835783,0.9985746,0.99761957,0.99782646,0.9977967,0.9989416,0.99760723
TGFBR1,0.99403083,0.99544656,0.99625087,0.99384207,0.9942105,0.99435097,0.99714243,0.9936631
LGI4,0.99721277,0.9979465,0.9982986,0.9972602,0.9973327,0.9973674,0.9986857,0.99623775
TSHR,0.9950258,0.9962585,0.9968964,0.9948926,0.9952588,0.9950131,0.9975879,0.995062
STOML2,0.9987904,0.999176,0.9991821,0.99865496,0.99902797,0.99855745,0.9993587,0.99885607
LIG4,1.0057683,1.0043907,1.0032645,1.0052984,1.0051017,1.0050939,1.0023783,1.0038452
TMTC4,1.0031672,1.0023581,1.0021104,1.0034227,1.0031664,1.0030996,1.0016205,1.0037405
ENGASE,1.0003672,1.0002303,0.99991655,0.9998609,1.0001893,1.0000976,0.9999422,0.99993104
MCM10,0.99991286,0.9999757,0.9999498,0.9998541,0.99975646,0.99946797,0.999822,0.9994162
ANGEL1,1.0061442,1.0047235,1.0035179,1.0056837,1.0053494,1.0053508,1.00263,1.0054245
BAHD1,1.0047832,1.0035474,1.0032759,1.005276,1.004609,1.0050273,1.0025265,1.004351
TYR,0.9966632,0.9974746,0.99795175,0.99656737,0.9968195,0.9967973,0.998435,0.99678826
ICA1,1.0011543,1.0008985,1.0003825,1.0007465,1.0008358,1.0005472,1.0002309,1.0005896
RASGRP1,0.99802685,0.99842894,0.99924874,0.9985404,0.9982674,0.9985993,0.99949074,0.99972695
YES1,1.0018053,1.0014048,1.0009651,1.0016088,1.0015718,1.0013742,1.0007112,1.0018054
SLC5A7,1.0045975,1.0035504,1.0027285,1.0044705,1.0044168,1.0041006,1.0019848,1.0032034
G6PD,1.0048712,1.0037813,1.0029373,1.0047553,1.0044953,1.0042586,1.0021473,1.004059
USP44,1.0034549,1.0026704,1.0023398,1.0036597,1.0034959,1.0035858,1.0018492,1.0034158
GPRASP1,0.9947877,0.9962251,0.9971007,0.9951259,0.9954733,0.9955505,0.9979195,0.99440455
TXNRD2,0.99919915,0.9994653,0.9994999,0.9991957,0.9993374,0.99907446,0.9996241,0.99889714
WDR86,0.9939605,0.9954284,0.9965198,0.9942802,0.99457186,0.9947011,0.9974892,0.9944942
FOXP4,0.99443984,0.995811,0.9962965,0.99399847,0.9948641,0.9945904,0.99727845,0.9948541
TRMT1,0.998973,0.9992555,0.99947363,0.9990934,0.9991391,0.9991231,0.9996343,0.99931407
IFIH1,0.99760175,0.9981264,0.99871075,0.99775624,0.9977857,0.9979869,0.99903464,0.9978354
RUNX1,1.0009334,1.0007026,1.0003294,1.0004712,1.0006009,1.0006098,1.0002036,1.0003269
PCDH18,0.99334335,0.9951805,0.9954816,0.9926986,0.9934447,0.99309075,0.996583,0.99303085
MATK,0.99654007,0.9973302,0.99808174,0.9968307,0.9968755,0.9970367,0.99856687,0.9965303
PALD1,1.001075,1.0007915,1.0006953,1.0010028,1.0008103,1.0009539,1.0004921,1.0010023
SPIDR,1.0013496,1.001151,1.0011532,1.0017792,1.0016049,1.0015616,1.0009301,1.0011249
DIXDC1,1.0027797,1.0020278,1.0017736,1.0028265,1.0024897,1.0027208,1.0013564,1.0030202
AIFM1,1.000665,1.0006316,1.0005646,1.0007149,1.0007981,1.0008615,1.0005169,1.0004678
SCAI,0.99818707,0.99861467,0.99936795,0.9988725,0.9987257,0.9990661,0.99962986,0.99844146
ALG8,0.9934782,0.99507093,0.9966211,0.9942961,0.9944993,0.9946392,0.9976323,0.99543446
IL16,0.9965736,0.9973292,0.9978905,0.9964798,0.9967731,0.9968225,0.9983773,0.99640435
LONRF1,0.9971776,0.99785274,0.99829197,0.99724865,0.9974734,0.9973452,0.9986997,0.99689704
FCHSD1,1.0022635,1.0016718,1.0018175,1.0028017,1.0024511,1.0027833,1.0015143,1.0032297
COBL,1.00963,1.0072834,1.0054808,1.0089788,1.0085037,1.0082006,1.0039701,1.0086257
INTS5,1.0074179,1.005653,1.0041959,1.0068789,1.0064012,1.0061159,1.0029947,1.0062329
SIX4,0.9992746,0.99943197,0.99977005,0.9995123,0.99930745,0.9995239,0.99986225,0.99996257
TDRD12,0.99670696,0.9974965,0.9979931,0.9966394,0.9968741,0.99686015,0.99846804,0.99687225
ERAP1,1.0059209,1.0045376,1.0032043,1.0053508,1.0051556,1.0048671,1.002323,1.0049516
SLC26A11,1.003926,1.0031652,1.0022109,1.0036169,1.0035911,1.0033712,1.0016758,1.0024059
SMARCA1,0.9989208,0.99919105,0.9994277,0.99894214,0.998948,0.9991499,0.99960124,0.99925494
ACOT11,0.99646467,0.997297,0.9979737,0.99657404,0.9967792,0.99682057,0.998497,0.9971408
WDR49,1.0024449,1.0018456,1.0012956,1.0020862,1.0019194,1.0019093,1.000928,1.0023129
SCARF2,0.9978231,0.9983851,0.998543,0.99760926,0.9978962,0.99766177,0.99888945,0.99823403
ACSS1,0.9992706,0.99947083,0.9994854,0.999076,0.9990207,0.9989078,0.99952793,0.99932265
ST7,1.00109,1.000853,1.0006807,1.0009824,1.0009437,1.0010561,1.0005333,1.0010952
ACAA1,0.99847305,0.9989122,0.99917984,0.9986148,0.998736,0.998499,0.9993824,0.99861586
ADAM17,1.0003008,1.0002058,1.0002947,1.0004163,1.0003456,1.0005448,1.0002959,1.000459
VANGL1,1.001787,1.0014509,1.0009389,1.0014403,1.0016235,1.0015007,1.00073,1.0011734
USP6NL,1.0033399,1.0026047,1.0020432,1.0032897,1.0031002,1.0031312,1.0015867,1.0028101
DAGLA,1.0022554,1.0017607,1.0012611,1.0020611,1.0020221,1.001881,1.0009447,1.0019394
SNX14,0.9964598,0.9973362,0.99806815,0.99675536,0.99685943,0.99698544,0.9985958,0.9966366
SMAD9,1.0006571,1.0006719,1.0002426,1.0002878,1.000529,1.0004408,1.0002527,1.0003333
ZNF418,1.0044286,1.0032686,1.0028405,1.0045974,1.003971,1.0039827,1.0020499,1.0046629
DQX1,0.9976829,0.9982582,0.9986925,0.99776757,0.99786246,0.9978081,0.99898696,0.9978802
FCHSD2,0.9953364,0.9964821,0.9972803,0.9955033,0.99568784,0.9956454,0.99794024,0.9957692
SOX13,1.0070381,1.0052707,1.0040337,1.0065978,1.0060903,1.005996,1.0029042,1.0063543
SAP130,0.9998442,0.9999739,1.0000174,0.9999765,0.9999671,0.9997455,1.0000105,0.9995153
NBR1,0.9996229,0.9997966,0.99968684,0.9993645,0.9996003,0.9993603,0.99973416,0.9998121
ACADS,1.001395,1.0009887,1.0009058,1.0014446,1.0013173,1.0016462,1.0007524,1.0007772
MCM7,0.9996605,0.9997622,0.9995986,0.9993056,0.99942017,0.99924487,0.99963135,0.9995469
SLC44A2,0.9980551,0.99850225,0.99888825,0.9981195,0.99813867,0.9981859,0.99917185,0.9989727
GLS,0.9938434,0.99541163,0.9962966,0.99384224,0.99427956,0.99424917,0.9972074,0.99386203
SNCAIP,0.9994932,0.99961805,0.9997202,0.99953127,0.99952364,0.9994242,0.9997777,0.9997525
STON1-GTF2A1L,1.0044234,1.003335,1.0028121,1.0045569,1.0040476,1.0041901,1.0021265,1.0043793
PML,0.9988309,0.9991701,0.9995614,0.9992227,0.9992088,0.9992942,0.99975216,0.9986136
TUBA1C,0.992923,0.9945723,0.9953135,0.9923304,0.99295104,0.99293983,0.9963335,0.9923229
SDAD1,1.0018821,1.0013473,1.0013558,1.002136,1.0018555,1.002033,1.0010703,1.0024815
BMP1,0.99763846,0.9982543,0.99847305,0.9973733,0.9976258,0.9975361,0.99896276,1.0006027
NPAS3,0.9931729,0.99485326,0.9954524,0.992626,0.99314666,0.99269557,0.9963698,0.99297655
HELQ,1.0039594,1.0030537,1.0027552,1.0044156,1.0039886,1.0039866,1.0021198,1.0039456
TCF7,1.0037848,1.0028324,1.0019094,1.0031543,1.0030124,1.002903,1.001363,1.0037293
IRF8,0.99466515,0.9958792,0.9967111,0.9945363,0.99501383,0.9951234,0.9975287,0.9948945
SPTLC3,1.0012906,1.0009725,1.0004969,1.0008153,1.0008091,1.0006614,1.0002441,1.0003655
DNAI2,0.99866676,0.9989828,0.99926424,0.9986751,0.99877226,0.9988853,0.9994706,0.9988128
BCAR3,1.0016885,1.0013068,1.0008924,1.0015029,1.001434,1.001173,1.0005915,1.00099
IHH,0.99678564,0.99756324,0.99804443,0.99671793,0.99695253,0.9969406,0.99851036,0.9969706
FRMD8,0.9987216,0.99896157,0.99928117,0.998742,0.99881065,0.99891233,0.99946177,0.998631
SLC22A5,1.0038838,1.0030648,1.0025711,1.0041068,1.0037981,1.0036769,1.0019835,1.0041949
FARSA,0.9999397,1.0000067,1.0000399,0.99997926,0.9999204,0.9997791,0.99997425,0.99981856
FZD9,1.0010803,1.0007507,1.0009384,1.0014534,1.0009668,1.0011543,1.000756,1.0027877
EFEMP2,0.99678326,0.99760956,0.998169,0.99690604,0.9969522,0.9971267,0.9986825,0.9971532
NLGN4X,0.99502814,0.99631274,0.9971807,0.99529225,0.9954284,0.9956945,0.9978963,0.99430877
GEMIN5,1.0033303,1.0025499,1.0023773,1.0037632,1.0032301,1.0034218,1.0018613,1.004169
AACS,0.9987802,0.99904585,0.99920493,0.99864566,0.9988456,0.9988427,0.9994515,0.9994543
NCAPG2,1.0017684,1.0013721,1.0011842,1.0018405,1.0015948,1.0016943,1.0008925,1.0016477
SIPA1L3,1.0072778,1.0055416,1.0044144,1.0072062,1.0068293,1.0069585,1.0034094,1.0065958
NTNG2,1.0018046,1.0013614,1.0009258,1.0016011,1.0014645,1.0011419,1.0005804,1.0011361
PHC3,1.0032835,1.0024164,1.0018253,1.003042,1.0027649,1.0027093,1.0012913,1.003015
SLC19A1,1.0025065,1.0019641,1.0020211,1.0031061,1.0027826,1.0029995,1.0016559,1.0027051
ENTPD7,1.0062106,1.0046352,1.0035927,1.0058731,1.0055189,1.005379,1.0026459,1.0063943
PCDHGB1,0.99649054,0.9973575,0.99786353,0.99640703,0.996701,0.9966363,0.99837375,0.9968344
P3H2,0.99751425,0.9980382,0.9982979,0.9972272,0.99751747,0.9974481,0.9986772,0.99749005
POU2F1,0.9923772,0.9941967,0.9953119,0.9923124,0.9927546,0.992871,0.996423,0.99203384
ALPK1,0.996432,0.9972596,0.99798095,0.9965761,0.9968196,0.99696034,0.9985515,0.99694574
SUGP2,0.9930777,0.99474865,0.99578565,0.99298733,0.9934397,0.9934386,0.9967897,0.993688
GLE1,0.99653876,0.99737424,0.9981791,0.9968661,0.99712837,0.9971956,0.99877036,0.9980087
ARHGAP12,1.0000006,0.9999093,1.0001299,1.0000885,0.99976254,0.99990743,0.9999827,0.9998308
KANSL1L,1.0015781,1.0012109,1.0011709,1.0018767,1.00172,1.0020437,1.0010217,1.0008748
AGBL3,0.9988176,0.9993173,0.9992466,0.9985931,0.9989538,0.9987663,0.999488,0.9987923
MAN2C1,0.99718946,0.9978278,0.99854815,0.9975708,0.99759126,0.9977082,0.9989604,0.9978399
IQCH,0.99819756,0.9986776,0.99872243,0.9978503,0.9981508,0.99802834,0.9990376,0.998199
RPRD2,0.9982936,0.99870557,0.99902266,0.99829847,0.99836504,0.99841464,0.999243,0.9982153
ARMC8,1.000426,1.0003421,1.00034,1.0004742,1.000483,1.0004389,1.0002569,1.0003506
TINAGL1,0.99926597,0.9994522,0.9995204,0.99907815,0.9990983,0.99913585,0.99959123,0.9992752
SLC12A7,0.99584246,0.9968606,0.9970311,0.9951221,0.9956872,0.9953177,0.9976646,0.9964225
PCDHA11,1.0055648,1.0041697,1.0031734,1.0052133,1.0050473,1.0050741,1.0024104,1.0050114
HIF1A,0.9954351,0.9966092,0.99695086,0.9949846,0.99534494,0.9953095,0.9976194,0.99478704
TDRD1,0.99923074,0.99945927,0.9994788,0.99910927,0.9993584,0.9992215,0.999619,0.99886346
ZBTB10,0.99244434,0.99418575,0.9951471,0.99205995,0.9927019,0.9927591,0.99631006,0.992783
PCDH9,0.99831647,0.9987117,0.9989846,0.99833703,0.99858177,0.9984811,0.99921376,0.9977844
SNX27,0.99873626,0.9991157,0.99963975,0.9992397,0.9990413,0.9992056,0.9997975,0.9995479
CATSPERG,1.0029415,1.0022333,1.0020938,1.0032713,1.0030243,1.0031947,1.0017122,1.0038372
TM7SF2,0.9983221,0.9987377,0.99929506,0.9987768,0.9986119,0.9989712,0.9995897,0.9988061
CERCAM,0.9989651,0.99926746,0.99918234,0.9987469,0.9987467,0.9982032,0.99920785,0.99890506
METTL13,0.9967072,0.99750435,0.9980099,0.9966529,0.996889,0.9968914,0.9984898,0.9969293
SYNRG,0.996787,0.9974972,0.99811995,0.9968893,0.9969317,0.996992,0.9985183,0.99682295
MYRIP,1.0045562,1.0035472,1.0028185,1.004468,1.0041355,1.0039332,1.0020489,1.0040358
NFS1,1.0003912,1.0002649,1.0005366,1.0007566,1.0005983,1.0005875,1.0004148,1.0009594
SPAG5,0.99703074,0.9977523,0.9983088,0.9971106,0.9971868,0.99723935,0.9987309,0.99750364
SNW1,0.99758524,0.99818087,0.99855494,0.99756134,0.9977037,0.99783766,0.99893034,0.99753726
DPF3,0.9997995,0.9999253,1.0000261,0.9999445,1.0000408,1.0001327,1.0001403,0.9998181
SLC26A10,0.9967244,0.997422,0.99831474,0.9971721,0.99720645,0.9977205,0.9989013,0.99766815
TTLL6,0.9983002,0.9987298,0.999012,0.9982876,0.9984294,0.9984983,0.99928653,0.9983802
HEXDC,0.9967072,0.99750435,0.9980099,0.9966529,0.996889,0.9968914,0.9984898,0.9969293
MCM9,1.0039439,1.0031068,1.0023903,1.0038943,1.0038478,1.0037283,1.0018642,1.0026419
SMARCB1,1.000671,1.0005809,1.0005779,1.0008255,1.0007533,1.0007932,1.0004818,1.0007597
CHST6,0.9995142,0.99961245,0.9994061,0.9990456,0.99909496,0.9989704,0.9994728,0.9996542
PHF20,0.9975816,0.9980978,0.998482,0.99746764,0.99741715,0.9975544,0.99876094,0.99743044
CFAP58,1.0009793,1.0007408,1.0005184,1.0007979,1.0007718,1.0007868,1.0003629,1.0004475
UXS1,1.0016155,1.0013989,1.0009685,1.0013711,1.0015357,1.0016502,1.0008552,1.001315
SLC40A1,1.0047717,1.0036823,1.0027586,1.004464,1.0041776,1.004081,1.0019847,1.0034802
PGM1,0.997247,0.99804604,0.99912703,0.9983831,0.99809074,0.9980578,0.99941313,0.9979955
APBB2,0.9955826,0.99666727,0.99721444,0.99544233,0.9957554,0.9955263,0.99783117,0.9959357
VWA2,1.0016,1.0012541,1.0007793,1.0013027,1.0011905,1.001036,1.0004992,1.0008485
CSK,0.9986191,0.9989519,0.9993492,0.9988451,0.99881893,0.998997,0.99956477,0.99864495
RARB,1.0012276,1.0009507,1.0005231,1.0008793,1.0009519,1.0007448,1.0003461,1.0007209
CCDC136,0.9934491,0.99497616,0.99582314,0.99319184,0.99352646,0.9932821,0.99669665,0.9936401
ARSE,0.9967072,0.99750435,0.9980099,0.9966529,0.996889,0.9968914,0.9984898,0.9969293
MFAP1,1.0017377,1.001316,1.0010917,1.0016422,1.0015677,1.0014119,1.0007833,1.0023813
CHRNB2,1.001393,1.0010011,1.0006711,1.0011442,1.0011697,1.0013287,1.0005634,1.0009586
EEF2K,1.0008149,1.0006407,1.0005146,1.0006742,1.000689,1.0006425,1.0003909,1.0012455
MARK4,1.0041424,1.0032498,1.0022365,1.0036781,1.0036218,1.0032533,1.0016043,1.0031496
ESPN,0.9990679,0.99924886,0.9994502,0.9990335,0.99907196,0.999141,0.9995751,0.99904287
COG1,1.0021069,1.0016384,1.0011706,1.001931,1.0019454,1.0019155,1.0009696,1.0024521
CPSF1,0.9962772,0.99714375,0.9979715,0.9966499,0.9967958,0.996688,0.99849844,0.9971895
ADAMTS16,0.9989078,0.9991673,0.99917555,0.9986303,0.99875706,0.9986523,0.99931264,0.9987713
IMPG2,0.99908924,0.99927264,0.9995214,0.999143,0.9992118,0.9991498,0.9996418,0.9995557
USP31,1.0011613,1.0010134,1.0007042,1.0010183,1.0010062,1.0012238,1.0005987,1.0005937
VIPAS39,0.9964372,0.99732494,0.9981853,0.9969729,0.9970262,0.99712247,0.99873734,0.99692863
TSR1,1.0045519,1.0034341,1.0030138,1.0049055,1.0044487,1.0046244,1.0023291,1.0039918
WT1,0.99701273,0.99775434,0.99821293,0.9969792,0.99722934,0.9972415,0.9986733,0.99730575
ARSD,1.001658,1.0012622,1.000757,1.0011611,1.0012376,1.0011888,1.0005261,1.0009488
BBS7,1.0015479,1.0010788,1.0011399,1.0017309,1.0014974,1.0018029,1.0009117,1.0020182
GNL2,1.0004966,1.0003712,1.0003158,1.0004888,1.0005422,1.000398,1.0002251,1.000453
NTN4,1.0055399,1.0041496,1.0027151,1.0046408,1.0047151,1.0041027,1.0019188,1.0056375
DENND4A,1.0067888,1.0051707,1.003861,1.0063696,1.0059793,1.0057379,1.0027721,1.005445
NSUN2,1.003196,1.0023401,1.0023637,1.0037332,1.0032201,1.0034746,1.0018377,1.0041277
HADHB,0.9979303,0.99846745,0.99896634,0.9981617,0.9981719,0.99827933,0.99927896,0.9986254
STXBP3,0.9978349,0.99835384,0.99890697,0.9981872,0.99807405,0.99828607,0.9992622,0.9982439
POLL,1.0043898,1.0033419,1.0027195,1.0043948,1.0041242,1.0040264,1.002074,1.0045931
SEC63,0.9968481,0.9975909,0.99814045,0.9968336,0.9968139,0.9970214,0.9985535,0.9970509
PCDHAC2,1.0052831,1.0040324,1.0030773,1.0049291,1.0046782,1.0046582,1.0022979,1.0049812
PFKFB1,0.99734604,0.99798995,0.9982824,0.9971335,0.99738777,0.9973242,0.99866986,0.99733305
SLC5A3,0.9902684,0.9926176,0.9939961,0.9901807,0.9907829,0.9906694,0.99539065,0.9905616
ACSL3,0.99205124,0.99398255,0.9952673,0.99207735,0.9924693,0.9926663,0.99642414,0.99252754
ADGRF3,0.9978554,0.99833614,0.99869967,0.99778736,0.9979328,0.9979722,0.9990096,0.9981866
USP37,0.9996555,0.9996729,1.0001034,1.0001589,0.99993825,1.0000091,1.0000771,0.99946356
STIM1,1.0046619,1.0036341,1.0026228,1.0042467,1.0040256,1.0039229,1.0019476,1.0039114
PPP2R3A,0.9982319,0.99867666,0.9990657,0.9983896,0.9985031,0.9987023,0.99935234,0.9977647
NRG2,0.9987074,0.9990969,0.99903965,0.9984531,0.998672,0.9984925,0.9992403,0.9980242
KRT4,0.9979673,0.9984735,0.9986541,0.9977336,0.99794286,0.99794924,0.99896574,0.99776495
GTPBP2,1.0051113,1.003878,1.0032967,1.0053475,1.0050075,1.0051543,1.0025496,1.0041798
TBCK,1.0033371,1.0025288,1.0015836,1.0025542,1.0024906,1.0025477,1.001126,1.0030174
OSBPL9,1.0000235,1.0000244,1.0001762,1.0002229,1.0002203,1.0000192,1.000118,1.0004563
PMFBP1,1.0094085,1.007235,1.0057558,1.0093318,1.0090636,1.0088735,1.0043871,1.0083903
WNT10A,0.9988563,0.9991199,0.99927694,0.99877286,0.9988629,0.9988874,0.9994325,0.9986396
FH,0.9991567,0.9994462,0.9997134,0.9993245,0.99955994,0.99960446,0.99989927,0.99939996
TLE2,1.0074698,1.0056553,1.0048028,1.0077758,1.0071344,1.0074308,1.003699,1.0069591
HAS3,1.0054448,1.0041823,1.0033437,1.0054322,1.005242,1.0049627,1.0025294,1.0053816
BMPER,1.0046887,1.0034931,1.0029206,1.004715,1.0043608,1.0043688,1.0022154,1.0057371
BNC2,0.9927688,0.99488884,0.9956587,0.9924843,0.993639,0.9933015,0.99697495,0.9954736
GALNT16,0.99949855,0.9996656,0.99980634,0.9996266,0.9997385,0.9997343,0.9999472,0.9994328
HERC6,1.0032691,1.002508,1.0019295,1.003137,1.0029001,1.0028608,1.0014123,1.0025585
CFAP54,0.99710953,0.99785674,0.9982795,0.9971037,0.9973419,0.9972416,0.9987006,0.9971776
PKP3,0.9970268,0.99773717,0.9981164,0.9968519,0.9970567,0.99697506,0.99850297,0.99703056
SECISBP2,0.9989941,0.99920803,0.9993478,0.9988557,0.99898744,0.9990984,0.9995208,0.99912584
PPOX,0.99989,0.9998723,1.0002241,1.0003086,1.0000473,1.0002381,1.0002203,1.0004451
FAM120B,1.0002694,1.0002415,1.0003028,1.0005279,1.0005423,1.00035,1.0002512,0.99995005
KCNT2,1.0069488,1.0053473,1.0040171,1.0066373,1.0064104,1.0060093,1.0029655,1.005907
TTI1,1.0016557,1.001326,1.0008737,1.0014496,1.0015261,1.0013087,1.0006462,1.001193
LDB3,1.0033275,1.0025665,1.0022746,1.0035594,1.00318,1.0034876,1.0018506,1.0039532
FGD2,0.99264956,0.99441135,0.99537224,0.9923521,0.99303293,0.9929669,0.99646115,0.9926164
MCC,1.0048125,1.0035728,1.0035504,1.0056428,1.0046924,1.0051898,1.002753,1.0055382
TFR2,1.00224,1.0015882,1.0015184,1.0024892,1.0021416,1.0022314,1.0011514,1.0027374
OTUD4,0.99974513,0.9998299,1.0003458,1.0004034,0.99991906,1.0002358,1.0002992,1.0000503
ACTR2,0.9923928,0.9942575,0.9950986,0.9919909,0.9926375,0.99248624,0.99622464,0.9921492
VPS54,0.99704707,0.99767417,0.9982565,0.9970003,0.99717516,0.99752855,0.99874073,0.9969405
ESRP1,0.9978414,0.998369,0.99867177,0.9977377,0.9978394,0.99784327,0.9989405,0.99789554
TBX15,0.99931353,0.99950475,0.9997276,0.9994174,0.9994631,0.99946946,0.99982077,0.99986464
KCNG1,0.99520636,0.9964032,0.9969518,0.9950512,0.99549544,0.99526,0.99774253,0.9960191
HMBOX1,1.0037048,1.0028182,1.0022877,1.0037198,1.0035425,1.0033473,1.0016994,1.0033294
PIF1,1.0020273,1.0017048,1.001503,1.0023489,1.002045,1.001793,1.0011156,1.0017595
PNISR,0.99347085,0.9950076,0.99588025,0.9931948,0.99359274,0.99363613,0.99679327,0.99364364
MCM5,0.99640995,0.9974438,0.99795103,0.99649525,0.99683046,0.9966394,0.9984971,0.99658585
TMEM63B,1.0014204,1.0010935,1.0011814,1.0018802,1.0017201,1.0018197,1.0009449,1.0006585
HCFC2,0.9981356,0.9986288,0.9992087,0.9984492,0.9985868,0.99895626,0.99961567,0.99939877
RPE65,0.99606246,0.9970882,0.9978564,0.9963767,0.9965675,0.9966265,0.9984385,0.99609935
MICAL3,0.99885875,0.99914026,0.99913645,0.99862087,0.9987336,0.99864495,0.9992921,0.9985943
KIAA0586,1.0072184,1.0055013,1.0042452,1.0068684,1.006602,1.0064586,1.0031594,1.0062257
ARHGEF19,0.9985325,0.99901617,0.99904656,0.9983934,0.9985135,0.99825436,0.999225,0.99838305
EHD4,1.0026002,1.0019873,1.0017525,1.0027936,1.0024683,1.0025711,1.0013344,1.0023143
KLHL7,0.99392426,0.99531305,0.9962797,0.9938753,0.9941683,0.99419075,0.9970962,0.9939493
PLAT,1.0052297,1.0040815,1.003108,1.005079,1.0048925,1.0047724,1.0024076,1.0045414
SLC4A4,0.9938687,0.99544287,0.996394,0.9940444,0.994285,0.99431086,0.9973179,0.9940655
R3HDM1,1.0016656,1.0012927,1.0007342,1.0012232,1.0011823,1.0009869,1.0004272,1.0005518
SCARF1,1.0016301,1.0011647,1.0006142,1.0010769,1.0009881,1.0009408,1.0003046,1.0001965
LHCGR,0.9968,0.9975711,0.99805737,0.99673474,0.9969653,0.9969627,0.9985219,0.9970153
PRICKLE3,0.99593693,0.9969745,0.9976014,0.9959258,0.996271,0.9963442,0.9982535,0.99649775
AOX1,0.9977695,0.9983251,0.9987482,0.9978344,0.99789894,0.99797857,0.9990598,0.997793
KIF3A,0.9859487,0.98932886,0.9913461,0.9857795,0.9866625,0.9865548,0.993346,0.98637784
ARSF,0.9984033,0.9988159,0.99896806,0.9982381,0.9983998,0.9982274,0.99916923,0.9988682
RECQL4,1.0026448,1.0021915,1.0012735,1.0022006,1.0022757,1.0015775,1.0008358,1.0014615
GALNTL6,0.99961877,0.9997306,0.99967223,0.99945164,0.99961853,0.9994874,0.99972403,0.9992125
ZNF268,1.0052311,1.0039787,1.0032898,1.0053475,1.0049571,1.00492,1.0024879,1.0048544
ESR2,1.0013473,1.0010339,1.000881,1.0013736,1.0012894,1.0013473,1.0007105,1.0012798
MAP4K2,0.9976474,0.9983721,0.99832535,0.99719185,0.9974966,0.997253,0.99863416,0.9965904
WNT2B,1.0001495,1.0000775,1.000235,1.0002929,1.000144,1.0002365,1.0001698,1.0002525
SRRT,0.9957036,0.9968256,0.997612,0.99594516,0.99616945,0.9962494,0.9982562,0.99584657
ESR1,0.99728405,0.9979408,0.99836886,0.99727446,0.9974796,0.9974763,0.9987675,0.99734354
OXCT1,1.0013776,1.0011234,1.0009266,1.0014693,1.0014851,1.0013883,1.0007383,1.0012003
LPCAT1,0.9960245,0.99696124,0.9980603,0.99669874,0.99674714,0.99675274,0.9986186,0.9976067
ABHD16A,0.99446964,0.9958954,0.99676925,0.9945918,0.9949783,0.9949738,0.99763644,0.9954655
HLCS,1.0017213,1.0012637,1.0013412,1.0021098,1.0018833,1.0017712,1.0010208,1.0024377
NPLOC4,1.0037801,1.0028803,1.0018016,1.0030552,1.003181,1.0028986,1.0012636,1.0020792
KCNA5,1.004785,1.0035173,1.0028257,1.0046171,1.0042138,1.0047011,1.0021795,1.0036924
BCO2,1.0007832,1.0005927,1.0004914,1.0006361,1.0006921,1.0011152,1.0005442,1.0012252
NOS2,1.0009689,1.0007293,1.0002879,1.0004117,1.0005231,1.0005802,1.000155,1.0000337
RARG,1.0066742,1.0050687,1.004011,1.00646,1.0059656,1.0063015,1.0030577,1.0057634
WDR72,0.9997647,0.99981445,0.9997313,0.9994984,0.9996202,0.99951524,0.9997296,0.9994498
FGA,0.9994668,0.99960625,0.9996541,0.9993042,0.9993911,0.99937683,0.9997278,0.99964905
HSPH1,0.9883416,0.9911864,0.99262965,0.98789024,0.98870695,0.9884794,0.9942645,0.9881902
FAM120A,0.9959303,0.9968668,0.9977104,0.9961517,0.99621814,0.9964522,0.99828935,0.99601185
NDOR1,0.99983346,0.9999264,0.99965966,0.99939156,0.99964714,0.9995189,0.9997636,0.99995613
DPP10,0.9995669,0.99988127,0.9999361,0.999842,1.0000145,0.9998869,1.0001206,0.99985194
MICALL2,1.0061817,1.0046666,1.0037391,1.0060858,1.0056447,1.0057586,1.0028193,1.0056584
CAMTA2,0.9989717,0.9993213,0.999418,0.99904823,0.99904615,0.9989737,0.99955904,0.99858284
LRBA,1.0021245,1.0017126,1.0014465,1.0022829,1.0022143,1.0023597,1.0012147,1.0016497
LPCAT4,1.0000241,1.0000951,1.0000021,1.0000405,0.9999875,0.9997132,0.9998926,0.99874675
CLCN1,0.99916196,0.99931514,0.9995104,0.99914336,0.9991516,0.99916595,0.9996066,0.9993765
CPAMD8,1.0015823,1.0011337,1.0012907,1.0019464,1.0015997,1.0017192,1.000964,1.0022192
ITIH2,0.99821067,0.99863863,0.9988878,0.9981365,0.9983023,0.99827707,0.999153,0.99822414
LHX5,0.9967072,0.99750435,0.9980099,0.9966529,0.996889,0.9968914,0.9984898,0.9969293
RANBP6,1.0011638,1.0009072,1.0006413,1.0009435,1.0008552,1.0008281,1.0004041,1.0005875
AAK1,0.9980086,0.99847007,0.9986119,0.99768126,0.9979663,0.9978346,0.99888265,0.9980008
DDX21,0.99769986,0.9982705,0.99865603,0.9976897,0.9977422,0.9978856,0.9989861,0.99784046
KAT2A,1.0043684,1.003407,1.0024164,1.0040128,1.0037854,1.0032448,1.0016485,1.0033787
INTS8,1.0020349,1.0015252,1.0015109,1.002342,1.002131,1.0023785,1.0011955,1.0015212
PCLO,0.9914174,0.99353445,0.99459845,0.99107647,0.9918159,0.99163026,0.9958395,0.9915971
KCNG2,0.9967072,0.99750435,0.9980099,0.9966529,0.996889,0.9968914,0.9984898,0.9969293
PPP1R21,1.0043656,1.0033085,1.0026538,1.0043001,1.0041106,1.00421,1.0020467,1.0037011
SEMA3E,0.9952539,0.99639446,0.99749625,0.9957925,0.9958141,0.9960332,0.9982014,0.996745
PHEX,0.99878263,0.9990884,0.9993256,0.9988399,0.99887013,0.9988446,0.9994569,0.99849856
CARS,0.9967072,0.99750435,0.9980099,0.9966529,0.996889,0.9968914,0.9984898,0.9969293
SLC25A25,1.0020518,1.0016572,1.0012096,1.001893,1.0018101,1.0018176,1.0008976,1.0012035
ITIH4,1.0043409,1.0031823,1.0023503,1.0038747,1.0036101,1.0035704,1.0016766,1.0041549
ESRRG,0.9992192,0.99934447,0.99967754,0.99941725,0.9993861,0.99911356,0.99963516,0.9996761
CP,1.0019435,1.0014553,1.0008314,1.0013537,1.0014546,1.0014153,1.0005847,1.00138
AMER1,1.0083921,1.0063881,1.005227,1.008497,1.0078822,1.0079858,1.0039735,1.00806
KCNA2,0.99942,0.9996207,0.99954814,0.9992472,0.99943495,0.99925506,0.9996345,0.9987274
DCBLD1,0.99967885,0.9997479,0.99980354,0.99960864,0.99961996,0.99961436,0.99982685,0.9995593
NR2F2,0.9913329,0.9933959,0.9942515,0.99080694,0.9916171,0.99136543,0.99554455,0.9900643
COL8A2,0.99670285,0.99750185,0.9980141,0.9966364,0.997001,0.99703443,0.9985304,0.9967643
OLFML2A,1.0034937,1.0026392,1.0024464,1.0038915,1.0034475,1.0037116,1.0019444,1.0036952
LRRK1,0.9986501,0.99895495,0.99913836,0.99848616,0.9987081,0.9987488,0.9993576,0.99864984
KIAA1324L,1.0084505,1.0064576,1.0048044,1.007927,1.007556,1.0071276,1.0034769,1.0071024
POLK,1.0030566,1.0023599,1.0019984,1.003196,1.0031056,1.0032129,1.0015748,1.0020497
CCDC146,0.99814975,0.998602,0.9985738,0.99767256,0.9979539,0.997898,0.9989429,0.9984367
MIB2,0.99791247,0.9984093,0.99884295,0.99805474,0.9980376,0.9978316,0.99904734,0.9979507
LEPR,0.99985427,0.9998919,1.0001185,1.0000848,1.0000055,0.99999547,1.000132,1.0005916
LARGE2,0.9979765,0.9984789,0.998625,0.99772036,0.9979613,0.9978987,0.99892485,0.99781394
ZDHHC5,1.0036025,1.002756,1.0022545,1.0036857,1.0035605,1.0034544,1.0017333,1.0031923
ADAMTS3,0.9996853,0.9998803,0.9997004,0.9994724,0.9995134,0.9994159,0.99974704,0.99863523
PHTF1,1.0011927,1.0008028,1.0006729,1.0010483,1.0007764,1.0007092,1.0004042,1.0018203
TRPS1,1.0007159,1.0005374,1.0011301,1.0016645,1.0011449,1.0016222,1.0010235,1.001417
DDX31,1.0054469,1.0040903,1.0035117,1.0056539,1.005022,1.0052453,1.0026422,1.0052139
CDH20,0.9975399,0.9981642,0.99871695,0.99781084,0.99786794,0.9978071,0.99903727,0.9980578
HSD17B4,0.9987428,0.9990413,0.99940944,0.9989618,0.99894667,0.9990339,0.99958843,0.99891365
BICC1,1.004391,1.003379,1.002989,1.004755,1.0042561,1.0042322,1.0022217,1.0038736
DGKG,0.99486274,0.9961168,0.99700916,0.9950512,0.99536574,0.99533975,0.9977702,0.9953039
COLQ,1.0044415,1.0033146,1.002617,1.0043108,1.0040114,1.0041208,1.0020022,1.0040617
FLT1,0.9955341,0.9965299,0.9974288,0.99565595,0.9956207,0.995813,0.9979722,0.99588114
SRC,0.99439955,0.99579597,0.99671817,0.99450964,0.9948365,0.99479604,0.9975239,0.99484676
ETFDH,1.0038728,1.0030844,1.0025737,1.0041294,1.0039213,1.0037292,1.0019634,1.0030459
ESRRB,1.0038028,1.0028509,1.0022033,1.0035768,1.0034125,1.0031977,1.0015581,1.0033727
KCTD3,1.0003387,1.0002898,1.0003036,1.0004376,1.0003266,1.0003457,1.0002154,0.99992925
ERICH3,1.0027614,1.0020242,1.001409,1.0023687,1.0021522,1.0022881,1.0010309,1.0019501
NAA16,0.9928614,0.9945524,0.9955024,0.9925024,0.9930595,0.99299467,0.99657226,0.99442214
COG4,1.0012932,1.0010815,1.0007825,1.0012124,1.0012553,1.0010378,1.0005872,1.0011344
MARVELD3,1.000854,1.0005938,1.0006121,1.00082,1.0007764,1.0009323,1.0005299,1.0021043
SEL1L,0.99566627,0.9967364,0.9971055,0.99530697,0.9957037,0.9956472,0.99778944,0.9951668
MED1,0.99426043,0.9956776,0.9959197,0.9934591,0.9942268,0.9938239,0.9968085,0.99365485
RMC1,1.0025787,1.0020031,1.0019295,1.002896,1.0027585,1.0030148,1.0015982,1.0029563
ALOX12,0.99884415,0.99907446,0.99951124,0.99908286,0.999026,0.99915844,0.99966425,0.9996214
WAS,0.9966177,0.9973717,0.99786866,0.9963682,0.99674845,0.9969042,0.99839383,0.996657
MGAT5B,0.9997513,0.9997493,1.0000253,0.99992895,0.99985194,1.0001854,1.0001203,1.0001351
STARD8,1.0040127,1.003123,1.0021535,1.0034916,1.0033319,1.0031255,1.0014997,1.0026876
TBC1D10B,0.9971901,0.9977896,0.99824667,0.9971217,0.9972359,0.9972326,0.9986268,0.99716246
KDM7A,1.0055038,1.0042064,1.0030955,1.0050311,1.0049069,1.0050942,1.0023738,1.0039926
USP43,1.0001287,1.000083,0.9997251,0.9996803,0.99975103,0.9994227,0.9996625,0.9992592
MTMR6,0.9891306,0.9917129,0.99322146,0.9888785,0.9897543,0.98970413,0.99485636,0.98990047
TRPV4,0.998242,0.99874794,0.99877024,0.9979097,0.99816334,0.99797016,0.9989991,0.9981099
PLS1,1.0027307,1.0021029,1.0015433,1.0025313,1.0024805,1.0024607,1.0011615,1.0015322
ZDHHC8,1.0007666,1.0005715,1.0002083,1.0003735,1.0005747,1.0003204,1.0001138,1.0003355
DRC7,1.0007011,1.0004985,1.0002809,1.0004392,1.0005556,1.0003555,1.0001469,1.0004215
NAA35,1.0028912,1.0022283,1.0016946,1.0027385,1.0025723,1.0026857,1.0012956,1.0021633
SLC11A1,0.99733126,0.99814093,0.99833405,0.99711454,0.99744534,0.9972302,0.998688,0.9969845
RAPGEF5,1.0048633,1.0035739,1.0028081,1.0046185,1.0041932,1.0045998,1.0021319,1.0042664
MECOM,1.000497,1.0004432,0.9999926,1.0000138,1.0001278,0.9999169,0.9998955,0.9992728
CAMK2G,0.9968343,0.99763376,0.9980986,0.99688745,0.99713075,0.9969224,0.9985667,0.9971705
ALS2CL,0.9987097,0.9990565,0.9989991,0.9983604,0.9985286,0.9982092,0.9991083,0.99816364
CHSY3,1.0059763,1.0044773,1.0035176,1.0057535,1.0052704,1.0053836,1.0025967,1.0050815
SREBF1,1.0011063,1.0008435,1.0007106,1.0010746,1.0009854,1.0009589,1.0005385,1.0009642
INPP4B,1.0022538,1.0015967,1.0013273,1.0021003,1.0018842,1.0021515,1.0010337,1.0027493
COL4A1,0.99226654,0.99415374,0.99512905,0.99198955,0.99254274,0.99236304,0.9962282,0.992288
HGFAC,1.0004203,1.0003047,1.0002236,1.0003492,1.0003179,1.0002853,1.0001372,0.99972343
PANK2,0.9988736,0.9991127,0.9988871,0.99830854,0.998425,0.99799514,0.9989562,0.9984162
ZBTB40,0.9997611,0.99970746,0.99966216,0.99952734,0.9996773,0.99969673,0.9997611,0.9996939
SIX5,0.9997194,0.999746,1.0003167,1.0004252,1.0000452,1.0003321,1.0003211,1.0001829
MGAT5,0.9996717,0.9997166,0.99986905,0.9997742,0.9996915,0.99975145,0.9999096,0.99986726
KIRREL1,1.0014963,1.0012653,1.0011945,1.0017793,1.0018377,1.0017104,1.0010024,1.0018865
GATA3,0.9795928,0.9846694,0.9874202,0.9792241,0.9810568,0.9810645,0.9905194,0.9794552
MAP4K5,1.0004736,1.0004193,1.0005789,1.0007893,1.0006412,1.0008512,1.0005159,1.0006213
GRIN3B,0.9967088,0.9975005,0.9980086,0.9966544,0.99688864,0.9968978,0.99848986,0.99694204
USP21,1.0006051,1.000644,0.9999162,0.9998236,1.000388,1.0000045,0.9999586,0.9999881
KLHL26,1.0029442,1.0022813,1.002196,1.0033897,1.0030706,1.0035827,1.0018528,1.0029079
CPEB2,0.9939317,0.9956269,0.99626255,0.9936466,0.9943626,0.9945289,0.9973244,0.9938191
PCDHGA10,1.0033593,1.002491,1.0019879,1.0031946,1.0029035,1.0031708,1.0015197,1.0031877
RNF216,1.0038161,1.0029047,1.0022738,1.0036533,1.0032865,1.00331,1.0016402,1.003232
CCDC158,1.0007323,1.0005238,1.0003378,1.0004952,1.0004512,1.0004754,1.0002064,1.0006354
DENND6A,0.9975708,0.99811435,0.99879956,0.99797463,0.997993,0.99801695,0.9991371,0.99829876
CDH5,0.996361,0.99724793,0.9975002,0.9959138,0.99615693,0.9960724,0.99797165,0.99544716
KCNA6,1.0008423,1.0007229,1.0005374,1.0008564,1.0008411,1.0007646,1.0004592,1.000842
RFX6,0.9969188,0.9976501,0.9981267,0.99685097,0.9970646,0.9970639,0.9985691,0.997157
MACO1,0.9929446,0.9946679,0.9956826,0.9928068,0.99329937,0.99343765,0.9967233,0.9927293
SAMD4A,1.0020406,1.0014981,1.0015354,1.0024385,1.0022603,1.0024624,1.0012856,1.0020792
PANK1,0.99864244,0.99896926,0.99937534,0.9988358,0.99883544,0.999078,0.9995837,0.9982175
MTMR1,0.99986947,0.99990356,0.9996251,0.99941826,0.9994844,0.9993793,0.9996675,0.9997133
PATL1,1.0029078,1.0020826,1.0023236,1.0036197,1.0029745,1.0037452,1.0019523,1.0040834
CLPB,1.0003767,1.0003092,1.0005928,1.0008352,1.0005285,1.0007342,1.0005069,1.0008907
CAPN12,1.0050592,1.003827,1.0032758,1.0052143,1.004936,1.0050478,1.0025396,1.0046095
MTMR8,1.0007226,1.0005178,1.0005208,1.0007792,1.0006272,1.0007107,1.0003748,1.000535
CNTNAP4,1.0025164,1.0019457,1.0017878,1.0029676,1.0027089,1.0024562,1.0013406,1.0020014
SLC6A6,1.0080707,1.0060602,1.0044594,1.0073609,1.0069469,1.0068233,1.0032111,1.0067844
PRPF40B,1.0103076,1.007863,1.0064064,1.0104369,1.0099217,1.0098741,1.0048985,1.0093848
FANCM,1.0076942,1.0058701,1.004458,1.0073004,1.0068814,1.0067894,1.0033368,1.0069848
TCOF1,0.99725866,0.9980606,0.99853325,0.99745965,0.99773,0.997903,0.9990413,0.9972074
CLOCK,1.0005684,1.0004315,1.000209,1.0002415,1.0001392,1.0001953,1.0000975,1.0007174
NCKAP5L,1.0040846,1.0030568,1.0023011,1.0038218,1.0036721,1.0036846,1.0017262,1.0030372
UNKL,1.0010471,1.0007308,1.0010644,1.0016768,1.0014101,1.0014961,1.000868,1.001605
ZHX2,1.0046,1.0034707,1.0029447,1.0048176,1.0043879,1.0046372,1.0023493,1.0052286
FBXL19,1.0018225,1.0015196,1.0010784,1.0017593,1.0018729,1.0012993,1.0007174,1.000617
JAKMIP2,1.0001924,1.0001266,0.9997756,0.999666,0.9998554,0.99964315,0.99972415,0.99965286
SLC6A18,0.99676675,0.99754906,0.99803686,0.99670285,0.9969377,0.9969303,0.9985063,0.9969621
MCM4,0.99497193,0.9963085,0.9968687,0.9948853,0.9953166,0.9948264,0.9975275,0.99440014
MAN1A2,1.0028812,1.0022657,1.0014904,1.0024418,1.0022855,1.0021219,1.0009913,1.0017189
NLRP5,0.99723446,0.9979208,0.9982865,0.9971043,0.9973347,0.99730766,0.9986862,0.99740124
ROR1,1.0022352,1.0016776,1.0014971,1.0023577,1.0021036,1.002316,1.0011575,1.0018818
SLC7A1,0.9985082,0.9989326,0.9987147,0.99789065,0.9981587,0.9977782,0.9988674,0.9977318
GLI3,0.99053836,0.9929943,0.9946188,0.990945,0.991623,0.99154776,0.9960623,0.9911854
WDR63,1.0051005,1.0038586,1.0028112,1.0045537,1.0043526,1.0041413,1.0020337,1.0047619
PPP4R1,0.9970169,0.9977549,0.998348,0.99716496,0.99723506,0.99747694,0.9988017,0.99691516
DENND1A,1.0015835,1.0013139,1.0009444,1.0014876,1.0013992,1.0012183,1.0007148,1.0013268
TRIM9,0.9989525,0.9993177,0.99920356,0.9986361,0.9988729,0.9989606,0.99947107,0.99860245
PPWD1,1.0058725,1.0045078,1.0031309,1.0051961,1.0050904,1.0047392,1.0022172,1.0042238
MAP3K3,1.0055019,1.0040992,1.00317,1.0051595,1.0049121,1.0049108,1.0023291,1.0048229
KIAA1211,0.9967072,0.99750435,0.9980099,0.9966529,0.996889,0.9968914,0.9984898,0.9969293
UNC5A,1.0002923,1.000235,1.000761,1.0011288,1.0007979,1.0010394,1.0007396,1.0013931
PRKG1,1.0027333,1.0021749,1.0017146,1.0027132,1.002556,1.0026464,1.0014054,1.0032232
LOXL4,1.000288,1.0002662,1.0005481,1.0007571,1.0005548,1.0007674,1.0005157,1.0005181
GRB10,0.9986447,0.9992114,0.9989029,0.9981233,0.9986964,0.9982159,0.99918437,0.9986298
PIBF1,1.0033462,1.0025629,1.002267,1.0035398,1.0032151,1.0032632,1.0017153,1.0035735
RPGR,1.0021814,1.0016685,1.001498,1.0023774,1.0023786,1.0021151,1.0011884,1.0032896
PCNX4,1.0012867,1.0009625,1.0007433,1.0012033,1.0010867,1.0009663,1.0005155,1.001331
CDH1,1.000257,1.0001479,1.0000644,1.0000548,1.0000031,1.0000327,0.999977,1.0000886
GUCY1B1,0.9864155,0.9897133,0.99168134,0.9863553,0.98728925,0.9871646,0.99362934,0.986161
SLC5A6,1.0024849,1.001878,1.0019209,1.0030148,1.0025008,1.0027559,1.0014752,1.0024781
CPT1C,0.9989617,0.9991945,0.9994363,0.99899817,0.9991205,0.9990301,0.99957263,0.99918354
TUBB,0.9919127,0.9938273,0.9948847,0.9915668,0.99211115,0.9921589,0.9960273,0.9917489
WDR66,0.999501,0.9997041,0.9997901,0.99957156,0.9993395,0.9993893,0.99980086,0.9989964
STXBP2,0.9963603,0.9972094,0.9976741,0.99609226,0.99647367,0.99653614,0.99824023,0.9965273
IRF4,0.99823403,0.9986458,0.9990052,0.99824333,0.9983138,0.99836755,0.9992415,0.99855876
MRTFA,1.0072575,1.0055788,1.0043153,1.0070915,1.0067506,1.0067266,1.0032599,1.0055171
GLRA3,0.9992751,0.9994482,0.99957716,0.99923444,0.9992793,0.9992186,0.99965584,0.9994106
DHCR7,0.99754477,0.9981897,0.99887127,0.9980718,0.9981765,0.9982674,0.99930143,0.99807084
RNF145,0.9963483,0.99724185,0.9977549,0.9962292,0.9965254,0.99654996,0.99830115,0.9963888
GTF3C3,1.0055027,1.0041901,1.0032107,1.005254,1.0050452,1.0050577,1.0024256,1.004434
DHX33,1.0002861,1.0002267,0.999699,0.9996525,0.99985695,0.99947965,0.9996418,0.9994523
FNIP2,1.0036539,1.002698,1.0021908,1.0035645,1.0031836,1.0032238,1.0015508,1.0029668
ALOX15B,0.99778014,0.9982835,0.9987157,0.9977836,0.9979439,0.9981575,0.99907684,0.9978683
DKC1,1.0019101,1.0015881,1.0013701,1.0020683,1.0018966,1.0018387,1.001049,1.0017864
DZIP3,0.99956095,0.9997276,0.99977213,0.9995408,0.9995363,0.99953985,0.9998286,0.9997225
MDGA1,0.9980166,0.9984457,0.99848413,0.9976196,0.9977889,0.9979911,0.9988478,0.9971962
MTA2,1.0017083,1.001402,1.0010006,1.0015421,1.0016114,1.0015075,1.0007834,1.0014025
C9orf84,0.9967072,0.99750435,0.9980099,0.9966529,0.996889,0.9968914,0.9984898,0.9969293
CD22,0.99984604,0.9998841,0.99985,0.99967635,0.9997406,0.9997393,0.99986446,0.99977773
CCDC57,0.99666,0.997476,0.9980947,0.9968561,0.9969081,0.99702597,0.998577,0.9962487
SLC9A3,0.99612033,0.99705625,0.9977144,0.99617296,0.99640536,0.9964063,0.9982722,0.9964777
UBR3,0.99815273,0.99865246,0.9991021,0.99845177,0.9984716,0.9986435,0.9994062,0.99824977
UROC1,0.99688286,0.9976443,0.9980961,0.9967939,0.9970279,0.997045,0.9985541,0.9969723
MEI1,0.99990946,0.99990845,1.0001528,1.0001049,0.9999888,1.0001451,1.0001261,1.0001152
PLA2G4B,1.0059142,1.0045263,1.0035769,1.005796,1.0054861,1.0052857,1.0026753,1.0055242
ADAMTS4,1.005846,1.0043666,1.0037042,1.0059992,1.0054748,1.0055972,1.0028015,1.0058833
MUTYH,0.9996865,0.9998909,0.9997249,0.9994771,0.99955213,0.999573,0.99982214,0.99963486
FOXJ2,1.0032718,1.0024569,1.0020984,1.0034041,1.0029101,1.0029852,1.0015299,1.0029292
VIM,0.9948931,0.9960245,0.9966767,0.9945481,0.9947866,0.9949448,0.9974216,0.9954145
VWA3A,0.99418163,0.9956287,0.99643105,0.9941027,0.9946214,0.99448717,0.9973893,0.99524355
SLC24A4,1.003271,1.0024614,1.001997,1.0031676,1.0028914,1.0029893,1.0014818,1.0031743
POLR3A,0.9987478,0.99906945,0.9990604,0.99856174,0.99882996,0.9986271,0.99929225,0.9984268
ANKRD36,0.9902421,0.9925413,0.9939732,0.9900117,0.9906597,0.99055207,0.9953375,0.99134696
LMX1B,1.0013616,1.0012769,1.0006984,1.0011355,1.0013257,1.0009803,1.0005908,1.0011499
FAM184B,1.0026977,1.0021275,1.001707,1.0027206,1.0026146,1.0023227,1.0012408,1.0019708
TDRD5,0.99809587,0.9985473,0.9988781,0.99807936,0.99818563,0.9982432,0.99915016,0.998176
SEMA3C,0.9939668,0.9954245,0.99587214,0.9932885,0.9937759,0.9939637,0.9968462,0.9934107
RTF1,0.9955195,0.99665153,0.9971043,0.9952043,0.9955952,0.9953899,0.9977061,0.99528277
ADAM9,1.0018936,1.0015416,1.0014418,1.0021684,1.0018908,1.0019712,1.0011492,1.0023394
ENPEP,1.0020516,1.0015451,1.0012293,1.0019362,1.0017737,1.0017636,1.00087,1.001641
RBM39,0.9939127,0.99536574,0.99624014,0.99375176,0.99411565,0.99422234,0.9971162,0.994117
OIT3,0.9992149,0.9994128,0.99936086,0.99891233,0.99909204,0.9989842,0.9994768,0.9990129
ADAM10,0.99677694,0.99753153,0.9979889,0.99663836,0.99665046,0.9967015,0.9983978,0.99709034
CHRNE,1.001363,1.0009973,1.0008078,1.0012553,1.0012012,1.0011698,1.0005625,1.0010903
SUV39H1,0.9970088,0.99775743,0.99802744,0.9967648,0.9971836,0.99665165,0.9983827,0.99657476
TSGA10,1.0050492,1.0038755,1.003253,1.0052253,1.0050148,1.0050253,1.0025816,1.005379
NGLY1,1.0034965,1.0027771,1.0019685,1.0032197,1.0031233,1.0027403,1.001399,1.0025173
LCK,0.9996392,0.99972,0.99962485,0.9993385,0.9993941,0.99934864,0.9996553,0.9993663
MARK3,0.99639463,0.99726915,0.99778104,0.9963262,0.996495,0.9964236,0.99826324,0.99662495
TRPC4AP,0.99955165,0.999756,0.9997306,0.9995012,0.9995979,0.9993011,0.99978185,1.0001342
NR2C2,1.0038767,1.0030308,1.0022984,1.003825,1.0038128,1.0033159,1.0016947,1.0032701
ZNF831,0.9977658,0.9983088,0.99865055,0.99770236,0.9979209,0.9979112,0.9989811,0.99777484
COLGALT2,1.0009204,1.0007795,1.0007339,1.0011898,1.0008636,1.0010407,1.0005903,0.9999518
MPL,0.9986565,0.99901164,0.99929893,0.99878156,0.9988356,0.99895346,0.9995635,0.99929863
ITGA4,1.002772,1.0021558,1.0017773,1.0029104,1.0026871,1.0027092,1.0013596,1.001858
TPH2,0.9974706,0.9981071,0.99845594,0.99741876,0.9976441,0.9975543,0.9988229,0.9973805
CDH3,1.0038481,1.002979,1.0022645,1.0036366,1.003399,1.0034134,1.0017264,1.0036684
AKNA,1.0057416,1.0043075,1.0036027,1.0057955,1.0052315,1.0053616,1.0026859,1.0053626
ARHGEF28,1.0054339,1.0041221,1.0029023,1.0048033,1.0046682,1.0045888,1.0021396,1.0044123
ACTN1,1.000349,1.0004208,1.000545,1.0006753,1.0005274,1.00048,1.0004517,1.0006953
NLGN1,0.9969931,0.99778986,0.99871993,0.9976361,0.9975575,0.9977437,0.9991503,0.99798584
AFF2,1.0042382,1.003258,1.0024832,1.0040774,1.0038164,1.0037745,1.0018799,1.004078
SIDT2,1.0061952,1.0047112,1.0039356,1.0063791,1.0058599,1.0058353,1.003032,1.0071356
SEMA4D,1.0002139,1.0001496,1.0000813,1.0001866,1.0002271,0.99990046,0.99999726,1.0001792
ARIH2,0.9959042,0.99694586,0.9975264,0.99588084,0.99619305,0.9960204,0.99811417,0.99633723
BMP2K,1.0031922,1.0023935,1.0021422,1.0034466,1.0031741,1.0033969,1.001699,1.0027006
NXF1,0.99435353,0.9957644,0.99669427,0.99448687,0.9948251,0.99500215,0.9975827,0.99458253
ACAD8,1.0034653,1.0027053,1.002086,1.0033476,1.0031503,1.0029249,1.0015235,1.0031558
SLC6A20,1.0038831,1.0029052,1.0020864,1.0034767,1.003331,1.0032085,1.0015141,1.0032839
ATF7IP,0.99961793,0.99976075,0.99952614,0.99919975,0.9993969,0.99906504,0.9995144,0.99899495
STOX1,0.9949497,0.9963168,0.99702233,0.99490094,0.995324,0.9951978,0.99775684,0.9948255
RNF6,1.0048957,1.0037808,1.0030462,1.0049832,1.0046469,1.0047952,1.0023685,1.0039369
NOD2,0.9988637,0.99915063,0.9993508,0.99880356,0.9988631,0.9990053,0.9995248,0.9986151
CC2D1B,1.005594,1.004147,1.0030444,1.0050428,1.0047457,1.0049433,1.0022213,1.0037138
NPAS2,0.9983323,0.99876124,0.9991549,0.99855137,0.99848187,0.9987224,0.9994255,0.9984554
ANKRD30B,1.0059733,1.0045569,1.0037122,1.0059907,1.0056103,1.0056809,1.0028319,1.0055135
N4BP2,0.99581873,0.996853,0.9971929,0.9954421,0.99590313,0.99575436,0.99782884,0.99571365
KIF18B,0.99722886,0.9981141,0.99836886,0.9972577,0.99749374,0.99705106,0.9987495,0.9974108
ATG16L2,1.0056763,1.0042583,1.0032666,1.0053704,1.0049393,1.0048876,1.0023562,1.0048457
NR6A1,1.0071362,1.0054843,1.0043623,1.0071051,1.0067573,1.006438,1.0032772,1.0071591
TFAP2A,0.999159,0.9993869,0.9994906,0.99909866,0.99914527,0.9990452,0.9995263,0.9986414
TMPRSS7,0.9975188,0.9980954,0.9984032,0.9973005,0.9975718,0.9974706,0.9987808,0.9983463
RPS6KA1,0.99874926,0.99908704,0.99922687,0.9985875,0.9988885,0.9988762,0.9994235,0.99837345
GUF1,0.9998384,0.999927,0.9999136,0.9998418,0.9998449,0.9997306,0.99992836,0.9996084
DCAF13,1.0006859,1.0005547,1.0004071,1.0006123,1.0006495,1.0006818,1.0003427,1.0003731
NR4A3,0.99810886,0.9984376,0.9989754,0.9982585,0.99847484,0.99876386,0.9993943,0.99908465
FAM83B,0.9984109,0.99877167,0.99905145,0.99844176,0.99851155,0.9984262,0.99927056,0.9985319
VPS33A,1.0044949,1.0033908,1.002552,1.0042467,1.0040648,1.0037905,1.0018187,1.0033927
CCDC186,1.0038381,1.0028975,1.0026386,1.0041897,1.0038418,1.0038772,1.0020419,1.0044522
GALT,1.0014956,1.0011516,1.0009136,1.001517,1.0014536,1.0014468,1.0007279,1.001121
IGHMBP2,1.0034661,1.0026925,1.0021037,1.0034338,1.0032902,1.0033183,1.00163,1.0025159
SPECC1,1.0025151,1.0019307,1.0016252,1.0026248,1.0023766,1.0021793,1.0011876,1.0026491
RBP3,0.99827117,0.99869937,0.9989487,0.99821204,0.99833786,0.99836826,0.9992049,0.9982682
BEST4,0.9995878,0.99975884,0.99937165,0.9990355,0.99933916,0.9990039,0.99944717,0.9985448
DDX41,1.0022216,1.0018004,1.0014935,1.0023872,1.0022767,1.0020901,1.0011706,1.0025877
MVP,0.99690557,0.9976251,0.9981189,0.9968518,0.9969901,0.99697316,0.9985027,0.99687064
DYNC1I1,1.0039873,1.0029763,1.0024046,1.0039076,1.0037,1.0038512,1.0018387,1.0036385
PTPRN,1.0015309,1.0010296,1.0012038,1.0019454,1.0014929,1.0018821,1.0009402,1.0015904
PLEKHG4B,1.0030493,1.0023398,1.001998,1.0031401,1.0029323,1.003029,1.0015442,1.0028491
AK7,1.0000788,1.0000095,1.000264,1.0002744,1.0001769,1.0003111,1.0002468,1.0010288
CLASRP,1.0026178,1.0020039,1.0017089,1.0026685,1.0024626,1.0025623,1.0013319,1.0025903
GCDH,0.99592274,0.99696374,0.997714,0.9961477,0.9965601,0.99644196,0.9983791,0.9964973
SPTLC2,1.0004549,1.0004363,1.0001152,1.0001965,1.0002447,1.0000987,1.0000703,1.0002236
ZC3H12C,1.002619,1.0019531,1.001552,1.0025994,1.0023892,1.002233,1.00111,1.0020062
MYH7,0.9990784,0.9992645,0.99952686,0.99915195,0.99914074,0.99921715,0.99963665,0.99926513
CNKSR2,1.0047579,1.003588,1.0028536,1.0046092,1.0044675,1.0044498,1.0021396,1.0039285
ELP3,1.0014619,1.0011301,1.0009186,1.0014958,1.0013543,1.0012237,1.00067,1.0015101
KLHL21,1.0010165,1.0007889,1.0004134,1.0006778,1.0007148,1.0005789,1.0002657,1.0003531
TAS1R2,0.99674165,0.99753034,0.9980261,0.99668217,0.99691755,0.996915,0.99849993,0.9969486
FAP,0.9984589,0.99886894,0.9989884,0.99824715,0.99841434,0.99836695,0.9991983,0.9983895
NISCH,0.9965006,0.9973615,0.9978271,0.99643075,0.9967694,0.99659014,0.9983194,0.9962346
THAP9,1.0033991,1.0026603,1.0020796,1.0032492,1.0031571,1.0031593,1.0016136,1.0032096
TPM1,1.0015033,1.0011957,1.0005047,1.0008303,1.0010335,1.0005643,1.0002548,1.0013901
ANPEP,1.0028157,1.0021693,1.0016129,1.0025814,1.002528,1.0025669,1.0012481,1.0023493
ICK,0.9967072,0.99750435,0.9980099,0.9966529,0.996889,0.9968914,0.9984898,0.9969293
LMNA,1.0003214,1.00021,1.000371,1.0005022,1.0004662,1.0004865,1.0002962,1.0006487
INA,0.9860432,0.9893856,0.991194,0.9855106,0.9865948,0.9864516,0.9931651,0.98590374
ELMSAN1,0.9967072,0.99750435,0.9980099,0.9966529,0.996889,0.9968914,0.9984898,0.9969293
HEXA,1.0030916,1.0023501,1.001967,1.003153,1.0029862,1.003037,1.0015469,1.0031677
ODF2,0.99669045,0.99753106,0.9982216,0.9969684,0.99703026,0.99707925,0.9986917,0.9972024
RBSN,1.0031857,1.0024362,1.0018811,1.0030594,1.0027986,1.0025831,1.001306,1.0027145
MAML3,1.0019059,1.0014586,1.0007787,1.0012398,1.0015343,1.0012085,1.0004814,1.0010438
CDC27,0.9992347,0.9994621,0.99991655,0.9996743,0.99953365,0.9996845,1.0000107,1.000219
ZC3H7B,0.99600124,0.9969168,0.99799305,0.99657845,0.99637586,0.9968878,0.9985966,0.9970473
PPP6R3,0.9978809,0.9984128,0.9988866,0.9980923,0.99806714,0.99825835,0.9991915,0.99781895
USP36,1.0031427,1.0024285,1.001646,1.0026817,1.002621,1.0023458,1.0011451,1.0025615
GNAO1,0.994859,0.99609333,0.9968138,0.99473464,0.9951377,0.99511623,0.9975538,0.9946375
ALPI,0.9965948,0.9974253,0.9979577,0.9965625,0.9967992,0.9967984,0.998453,0.9968431
PLEKHA4,1.0029863,1.002331,1.0019925,1.0031295,1.002846,1.0029211,1.0015168,1.0022826
RTL1,0.99794394,0.9984453,0.9987861,0.99794096,0.9980787,0.99803483,0.99907184,0.9981067
KCNJ3,1.0027509,1.0020723,1.0015534,1.0025314,1.0024189,1.0022702,1.0011294,1.0028275
TAS1R1,0.9967072,0.99750435,0.9980099,0.9966529,0.996889,0.9968914,0.9984898,0.9969293
RECK,1.004065,1.0030601,1.0022386,1.003627,1.0033817,1.0034204,1.0016172,1.003621
NOP56,0.9904295,0.9927639,0.99402106,0.99019665,0.99083674,0.9906549,0.9953668,0.9905325
WDR78,1.005109,1.0038987,1.0030594,1.0048776,1.0044832,1.0044672,1.0023019,1.0057625
LATS2,1.0022378,1.0017188,1.001184,1.0019165,1.0019131,1.0017557,1.0008658,1.0016583
KCTD7,0.99875635,0.99920607,0.9991801,0.9985884,0.99886596,0.99893475,0.9994817,0.99824405
KIAA0753,1.0038931,1.002924,1.0022221,1.0037067,1.0036182,1.003394,1.0016445,1.0032765
KARS,0.9967072,0.99750435,0.9980099,0.9966529,0.996889,0.9968914,0.9984898,0.9969293
HGSNAT,1.0004343,1.0003651,1.0002884,1.0004387,1.0005032,1.0005009,1.0002768,1.0005152
ATXN2L,0.9979205,0.9984908,0.99871194,0.99782795,0.9979597,0.9978428,0.9989928,0.99791044
XYLT2,1.0009842,1.0006502,1.0007744,1.0012189,1.0009683,1.0011791,1.0006099,1.0010935
TUBG2,0.9986502,0.99899566,0.9994712,0.9990179,0.9990398,0.99918056,0.9997189,0.99935746
HYOU1,0.9978987,0.9984734,0.99827737,0.9972757,0.99784374,0.99732393,0.99864507,0.99745834
ANKAR,1.0037988,1.00295,1.0020195,1.0033001,1.0031624,1.0031037,1.0014743,1.0028207
ZHX3,0.9975791,0.9981409,0.99859494,0.99764633,0.99770665,0.99775964,0.99896324,0.99805033
RREB1,1.0013394,1.0008394,1.0010543,1.0016059,1.0011957,1.0015556,1.0008051,1.002142
TTC27,1.0031958,1.0024388,1.0016849,1.0028054,1.0027293,1.0027218,1.0012523,1.0022961
JMY,1.0022277,1.0017328,1.0011125,1.0018001,1.0018255,1.0015073,1.0007544,1.0017971
HSP90B1,0.9945278,0.99588007,0.99648434,0.99421144,0.9946175,0.9945409,0.9972775,0.9946731
SUN1,0.994836,0.99622023,0.9966887,0.9945383,0.9951811,0.9949113,0.99751765,0.9948287
EML2,1.0081792,1.0063365,1.004744,1.007831,1.0075092,1.0071791,1.0035244,1.0066168
ECT2L,0.997827,0.9983713,0.9987233,0.997861,0.997967,0.9981584,0.99908316,0.9973031
VAC14,1.0012399,1.0008614,1.0006021,1.0010623,1.0009129,1.000848,1.0003768,1.0006595
ANO4,1.0060153,1.0045745,1.0037509,1.0061082,1.0057988,1.0060817,1.0029699,1.0054634
BTK,0.996559,0.9973553,0.9978138,0.9963831,0.99673295,0.9966719,0.99831814,0.9964582
MTM1,1.0003022,1.000227,1.0006683,1.0008708,1.0007275,1.0011574,1.0007011,1.0009925
PFKFB3,1.0025564,1.0019153,1.0014794,1.0023682,1.0022734,1.0022819,1.0010791,1.0019398
AP2B1,0.9984971,0.99889493,0.99906886,0.9984401,0.99855983,0.9984828,0.9992701,0.99830127
DENND2A,0.9996713,0.9997947,1.0001743,1.0001137,0.9996046,0.9998548,1.0001438,1.0005066
MAP4K3,0.9946362,0.9960562,0.9962156,0.9937901,0.9946327,0.9942455,0.99704695,0.993759
DCHS2,1.0074224,1.0056077,1.0046033,1.0074016,1.0069175,1.007112,1.0035422,1.0074774
PCDH7,0.99440515,0.9959493,0.9965656,0.9943237,0.9948192,0.9946611,0.99741447,0.9937482
KCNS1,0.9981805,0.99857545,0.9992337,0.9986336,0.99847984,0.9986073,0.9994453,0.99903965
SERAC1,1.000191,1.0002474,1.0005534,1.0007397,1.000607,1.0007039,1.0005453,1.0007263
SMOX,1.0040338,1.0030789,1.0023845,1.0039086,1.0036095,1.00364,1.0017889,1.0034572
KLHL18,1.0047067,1.0036992,1.0029697,1.0047396,1.0044047,1.004414,1.0022689,1.0042499
PTPRO,0.99562776,0.99671316,0.9971845,0.99529105,0.99581325,0.9959373,0.9979148,0.99565184
KCNV2,0.998068,0.9985695,0.99881256,0.9979576,0.99815226,0.9981977,0.99913585,0.99804735
FSTL4,1.0047282,1.0035273,1.0027785,1.0045116,1.0042417,1.0039889,1.0020093,1.0050462
RHOT1,1.0005393,1.0004139,1.000335,1.0005137,1.0004756,1.0006828,1.0002828,0.99971277
ITIH5,0.99258167,0.99457943,0.9949415,0.99168015,0.9927485,0.99252105,0.9963002,0.9935405
SH2D3C,0.9951086,0.996391,0.99696684,0.9950036,0.9955069,0.9953464,0.99769115,0.99422646
DSG4,0.99665153,0.9974611,0.9979777,0.99660337,0.99684346,0.9968476,0.99846804,0.9969044
APPBP2,0.99965525,0.99972284,0.9998578,0.9997199,0.9997344,0.99993813,0.99997497,0.9998958
ARSA,0.9987757,0.99919873,0.99914694,0.99863434,0.9987453,0.99844265,0.99931186,0.99868774
FAM160A2,1.0003085,1.0001577,1.000249,1.0003722,1.0004141,1.0001296,1.0001186,1.0005332
ADD2,1.0013494,1.0010594,1.0010978,1.0017688,1.001573,1.0016837,1.0008924,1.0008497
PCDHGB6,1.0030468,1.0023893,1.0018754,1.0030046,1.002959,1.0028932,1.0014508,1.0023388
FBLN5,0.9983127,0.99877876,0.9987437,0.99787545,0.9981849,0.9979788,0.9990374,0.9988279
MYO3A,0.99750054,0.998255,0.9983921,0.997218,0.9976176,0.99747396,0.9988444,0.9976673
NOX5,0.9967072,0.99750435,0.9980099,0.9966529,0.996889,0.9968914,0.9984898,0.9969293
FZD6,0.99969,0.999735,1.0000839,1.0000011,0.99978364,0.9999564,1.000089,1.0003806
LHX3,0.9964831,0.9973327,0.99791527,0.99649084,0.9967028,0.9966947,0.99840105,0.99658155
SMPD4,1.0025153,1.0019214,1.0019333,1.0030534,1.0027419,1.0027405,1.0015414,1.0034595
PRKCD,0.99745303,0.99794877,0.9985322,0.99742186,0.99766517,0.99787146,0.99891627,0.99806654
FBF1,0.9974834,0.99813616,0.9986845,0.9977772,0.9978955,0.9979406,0.9990659,0.99737656
PCDH8,0.9977723,0.9982365,0.9979863,0.99691,0.9973465,0.9969629,0.99829674,0.9966072
PCDHGB7,1.0020485,1.0015428,1.0012636,1.0019891,1.0019041,1.0019948,1.0010016,1.0019293
PLXNA3,0.9978533,0.9983738,0.9987154,0.9978197,0.99784386,0.99793255,0.99899024,0.9976479
BICD1,1.0010918,1.0008281,1.0007577,1.0011652,1.0010958,1.0011898,1.0005957,1.000684
DCAF6,0.9961692,0.99703074,0.99807644,0.9967855,0.9967312,0.9970069,0.99865496,0.9971747
ZNF644,0.99667084,0.997453,0.99806315,0.9967283,0.99684334,0.99684846,0.99849355,0.99712217
SLC5A12,1.0003831,1.0003035,1.0000044,1.0000106,1.0001416,0.99997854,0.99995506,1.0000596
GATA6,1.0002861,1.0002283,1.0001221,1.0000881,1.0000842,1.0002239,1.0000753,0.99982613
DPYD,1.0034035,1.0026464,1.0019841,1.0031524,1.0032442,1.003641,1.0016915,1.0024222
DCAF5,0.9966762,0.9974989,0.99790967,0.99656606,0.9967557,0.9966921,0.99835396,0.996314
DDX17,0.9930864,0.9947609,0.9955226,0.99262947,0.9931872,0.9931324,0.9965055,0.99258995
ACTR1B,0.998548,0.99892783,0.99910164,0.99851936,0.9986101,0.99872136,0.9993768,0.99834424
MROH7,0.9977279,0.99828994,0.99861944,0.9976551,0.99781954,0.99782455,0.9989518,0.9977877
ADGRL2,0.9927186,0.99446505,0.9953518,0.9922979,0.9928032,0.99280345,0.99642015,0.9928644
FXR2,0.99944705,0.9995649,1.000031,0.9998988,0.99985623,1.0000672,1.0001318,0.9997349
HIVEP1,1.0017662,1.0013536,1.0009849,1.001678,1.0015554,1.0016272,1.0007546,1.0008096
HACE1,1.0028354,1.0022033,1.0017121,1.0026978,1.0024189,1.002277,1.0011849,1.002116
ELMO1,0.9985695,0.9989326,0.99896675,0.99834144,0.9984517,0.9986297,0.9992572,0.9985677
INTS6L,0.9983903,0.9988606,0.9988724,0.99818444,0.99852633,0.9984739,0.9992088,0.99765104
KLHL2,0.9998058,0.9998548,0.9998507,0.99965763,0.9997921,0.99963737,0.99987274,1.0001045
NFE2L1,0.99490654,0.9961356,0.99694824,0.99494106,0.9953425,0.99518853,0.99770427,0.99593663
ARMCX4,1.0042057,1.0031662,1.0026602,1.0043159,1.0040182,1.0041356,1.0020357,1.0038937
KIF22,0.9992524,0.9994322,0.99967414,0.9994248,0.9993043,0.9992102,0.9997269,0.9996196
NR3C1,1.0042846,1.0032686,1.0024949,1.0040692,1.003769,1.0036433,1.0018301,1.0040858
CACNB4,1.0004742,1.0003328,1.0002905,1.0004709,1.0006702,1.0008488,1.0003288,1.0000676
KIAA1324,0.9992188,0.9993577,0.9996309,0.9993856,0.999295,0.99932295,0.9997224,0.9993011
ARAP2,0.99424267,0.9957437,0.996515,0.994166,0.9946861,0.9946915,0.9975182,0.9957393
GALNT7,1.0026383,1.001932,1.0019243,1.0029165,1.0023087,1.0029413,1.0014906,1.0026509
SEC14L5,0.99915206,0.99930537,0.9996283,0.99927485,0.99923307,0.999452,0.99976575,0.99954474
LONRF3,0.9994166,0.9995123,0.99960953,0.99934626,0.9993356,0.9993228,0.9996464,0.99905777
ACTR1A,0.9976137,0.99821055,0.99848163,0.9974298,0.99766356,0.9975362,0.99879354,0.9976243
INPP5E,1.0050243,1.0038204,1.0026594,1.0044531,1.004312,1.0040944,1.0018902,1.0034215
NUP85,0.99978185,0.9999312,1.0001538,1.0001333,0.9998927,1.0000327,1.0001504,0.99941915
EFEMP1,1.0014774,1.0010806,1.0008439,1.0012399,1.0013057,1.0013084,1.0007374,1.0037329
PCIF1,0.99845403,0.9989162,0.9992125,0.9985995,0.9987963,0.9987323,0.9994998,0.9990139
TULP1,0.9970668,0.99777246,0.99822897,0.9970089,0.9972113,0.99723554,0.99865437,0.9972448
ANKRD24,0.9963281,0.9972543,0.99765927,0.99617434,0.99637437,0.9962142,0.99815834,0.9962553
URB2,1.0020463,1.0015239,1.0015366,1.002437,1.0021209,1.0022607,1.0012085,1.001736
KL,0.99862295,0.9989681,0.999114,0.9984617,0.9985508,0.99853665,0.9992987,0.99876374
KLHL8,1.0014086,1.0010431,1.0006517,1.0010288,1.0011741,1.001089,1.0004547,1.0007592
SEMA3D,1.0043341,1.0033717,1.0023907,1.0039284,1.0038364,1.0036083,1.0017399,1.0032046
ENAH,0.9966897,0.9974624,0.99793905,0.99653924,0.99671984,0.9968921,0.9984242,0.99671173
EIF4B,0.9944489,0.9957145,0.9967196,0.9945449,0.9946991,0.99479485,0.9974502,0.99496174
CIZ1,0.9980028,0.9984807,0.99865496,0.9978596,0.9981078,0.9980615,0.99902546,0.9979591
CPXM1,0.9964744,0.9972224,0.9984597,0.9972814,0.99712324,0.9973521,0.9989476,0.9986351
IGSF22,0.9993639,0.999503,0.9995488,0.9992151,0.9992653,0.99909294,0.9995688,0.9993429
ELAC2,1.0004718,1.0004559,1.0003449,1.000434,1.0005314,1.000577,1.00035,1.0003858
HSPA4,1.0009071,1.0007219,1.000643,1.0009351,1.0007732,1.0008769,1.0004852,1.000718
GPD2,1.0036038,1.0028789,1.0026164,1.0041956,1.0038645,1.0038322,1.0020783,1.0030947
ITGB8,0.9945737,0.9959111,0.9964061,0.99419427,0.9944167,0.994242,0.99714684,0.9943963
USH1C,0.99969745,0.9997449,0.9997052,0.999464,0.99949026,0.9994035,0.9996947,0.9994641
SH3PXD2A,0.99963397,0.9997992,1.0000688,1.0000076,1.0000573,1.0000329,1.0001571,0.9999978
KIF18A,1.0026634,1.0021335,1.0020987,1.0032804,1.0029032,1.0030643,1.0017253,1.0029149
GPRC6A,0.996279,0.99717736,0.99776876,0.9962559,0.9965119,0.9965302,0.9983169,0.996588
GNAL,0.9900621,0.9926358,0.9934263,0.98910576,0.99016285,0.98985213,0.99491966,0.98993
GFM2,1.0022658,1.0017195,1.0015512,1.0024929,1.0023036,1.0024741,1.0012859,1.0025586
PTPRN2,0.9983299,0.9987453,0.9987767,0.9979596,0.9981874,0.9981694,0.9990177,0.9976616
SLC6A4,1.0034757,1.002564,1.002034,1.0033221,1.0031304,1.0032835,1.0015279,1.0026311
TOPORS,0.9987106,0.99896073,0.9995154,0.9990345,0.9987362,0.99886477,0.9995644,0.9994197
ABAT,0.99928427,0.999486,0.9996676,0.9994834,0.99939674,0.9994036,0.99975103,0.9989096
PHF8,0.999219,0.99948,0.9993864,0.99892914,0.9990134,0.99903154,0.99954873,0.9995061
STARD3,0.99902797,0.9992689,0.99947786,0.99910986,0.9991952,0.9992355,0.9996921,0.99962115
ABCD3,0.995154,0.9963879,0.9973895,0.9956231,0.9955735,0.9954562,0.99798477,0.99573743
BMPR1A,0.99840903,0.9987755,0.99947345,0.9989867,0.9988931,0.9991994,0.99973285,0.99907935
RBM5,0.99434656,0.99568313,0.99664545,0.99442303,0.9947653,0.9950081,0.99750674,0.9946306
ACVR2B,0.9861975,0.9895065,0.9914066,0.9859132,0.98697066,0.98699284,0.9934777,0.9864668
RHBDF2,0.99695265,0.99769235,0.9978282,0.9964105,0.99684155,0.9967714,0.99827874,0.9963196
EYA4,0.9987968,0.99916136,0.9994055,0.9988531,0.9989809,0.9992384,0.999679,0.999264
PIWIL2,0.99943,0.99951375,0.99967337,0.9994416,0.9994911,0.9994279,0.9997436,0.99958867
HNF4A,0.9976653,0.9982264,0.9986622,0.99771285,0.9978547,0.9978793,0.9990002,0.99797916
PAX1,0.9992955,0.99950576,0.9996971,0.99936575,0.9993833,0.9994111,0.9997927,0.99952793
FAM20C,1.0003206,1.0002898,0.9999969,1.0000293,1.0001242,0.99991727,0.9999273,0.99933153
MCM8,1.001064,1.0007892,1.0005465,1.0009404,1.0008056,1.000592,1.000337,1.0012155
ZNF318,0.9993976,0.9996395,0.9997958,0.9995942,0.9995153,0.99942946,0.99984914,0.9993402
USP38,1.0039299,1.0029905,1.0024587,1.0038658,1.0034075,1.0034894,1.0017829,1.0037241
USP53,0.9999421,0.9999573,1.0001161,1.0000719,0.99995476,1.0000226,1.0000799,1.0003327
SLC9A2,1.0011885,1.000889,1.0007095,1.0010643,1.00102,1.0011562,1.0005476,1.0008953
CIITA,0.9975127,0.9981468,0.998611,0.9976322,0.99777853,0.99789405,0.99901867,0.9980479
GRIN2C,0.9967008,0.99748355,0.9980319,0.99666405,0.9969021,0.99701035,0.99855316,0.99709356
GBE1,1.0026239,1.0020336,1.0016173,1.0026045,1.0024977,1.0025136,1.0012715,1.0024254
DCT,0.99945354,0.99970055,0.9994892,0.9991087,0.9993804,0.9991752,0.9996294,0.9992161
TRAK2,1.0019327,1.0014988,1.0010717,1.0017933,1.0015652,1.001533,1.0007601,1.0013562
IPO4,1.0015532,1.0012829,1.00071,1.0011629,1.0013758,1.0012133,1.0005741,1.0008976
HCK,0.9944676,0.9958237,0.99634075,0.99396193,0.99456763,0.9944399,0.9971577,0.99414223
PLEKHH2,1.0013208,1.0012739,1.0010574,1.0015457,1.0016875,1.0014929,1.0009708,1.0017173
PITX2,1.0053556,1.0041085,1.0025771,1.0041561,1.0045509,1.0042926,1.0018337,1.002342
PIK3R3,0.9923774,0.9941939,0.9951136,0.99201083,0.99273163,0.9925566,0.99626267,0.992602
SYNJ1,0.99865997,0.9989726,0.99908113,0.9984147,0.99857056,0.9985299,0.9992399,0.998543
ANKRD35,0.9935597,0.9951626,0.99618363,0.99378747,0.99418247,0.99417555,0.9971931,0.9937811
RIPOR2,0.99951684,0.9994755,1.000108,1.0000659,0.9998293,1.0000131,1.0001376,1.0014341
RXRB,0.99423707,0.99557024,0.9966783,0.99452174,0.99476796,0.99486005,0.99754286,0.99531865
ARHGAP31,0.9957044,0.99686813,0.9976026,0.9959466,0.9961487,0.9962027,0.99825835,0.99582803
TUBGCP5,1.0010397,1.0009426,1.0007751,1.0012248,1.0013314,1.0009453,1.0006136,1.0010257
TRPA1,1.0006878,1.0004809,1.000441,1.0006251,1.0005065,1.0006151,1.0003111,1.0006874
ATP2B4,1.0001316,1.0001006,1.0001693,1.0002363,0.9999733,0.99985087,1.000057,1.0005753
KIFC2,1.0044307,1.0034826,1.0028828,1.0046309,1.0043515,1.0040193,1.002157,1.004613
ITGAE,1.0011183,1.0008702,1.0005414,1.0008521,1.0008838,1.0007206,1.0003554,1.0008938
PPL,1.001521,1.0011306,1.0007764,1.001205,1.0012367,1.0010849,1.0005176,1.0012288
NOP14,1.0044504,1.0033941,1.0027745,1.0044972,1.0042499,1.0043437,1.0021353,1.0037782
GTF2IRD1,0.9966364,0.99726164,0.9977479,0.99628437,0.996468,0.9964798,0.99821305,0.9977126
BAG6,0.9993416,0.9994415,0.99989295,0.9996244,0.9995096,0.9996871,0.9999465,1.0003254
PTPRJ,0.9989506,0.9991063,0.999532,0.9991603,0.9990217,0.99918294,0.9996346,0.99925435
TBX3,1.0016217,1.0012721,1.0007143,1.0011404,1.0011331,1.000976,1.0003941,1.0002543
WDR48,0.99765706,0.9981441,0.9988204,0.9980266,0.997939,0.9982008,0.9991411,0.9977735
ATXN2,0.99948275,0.99961984,0.9993912,0.99897206,0.99923074,0.99893856,0.9994404,0.9995192
TCF7L1,0.997123,0.9978117,0.998406,0.99742717,0.9974632,0.9970988,0.9987337,0.9975705
STK11IP,1.0009502,1.0006404,1.0004051,1.000745,1.0007517,1.0002536,1.0001832,1.001714
ILK,0.9971552,0.9979148,0.99831223,0.9971523,0.9974425,0.9974475,0.99879193,0.9973079
PTPRG,1.001215,1.0011156,1.000893,1.001277,1.0013058,1.0012324,1.0007597,1.001277
ITIH1,0.99674165,0.99753034,0.9980261,0.99668217,0.99691755,0.996915,0.99849993,0.9969486
FIG4,1.003867,1.0030271,1.0027347,1.0043963,1.0041503,1.0039942,1.0021532,1.0041528
MCTP2,0.9995705,0.99964285,0.9998121,0.9995465,0.99949193,0.9996482,0.999866,1.0002228
KANK1,1.0012784,1.0010879,1.0010234,1.0015051,1.0014017,1.0014771,1.0009136,1.0022234
ALDH4A1,0.99671614,0.99757093,0.99805,0.9967537,0.997024,0.9971646,0.998648,0.9969725
XPNPEP2,0.99819285,0.9986303,0.9989629,0.9981997,0.9983052,0.99834776,0.9992211,0.9983957
PLEKHA6,0.99689984,0.9976529,0.99837345,0.997245,0.9973067,0.9972688,0.9987227,0.9966539
SLC9A5,1.0041158,1.0031316,1.0026515,1.0043147,1.0040066,1.0040853,1.0020096,1.0029342
TANGO6,1.0074028,1.005729,1.004789,1.0077101,1.0072305,1.0069913,1.0036153,1.0071309
ATP11B,1.0001477,1.000117,0.9998371,0.9997792,0.999948,0.99969846,0.99982727,0.9998478
TEC,0.9994886,0.9996357,0.9995808,0.9992676,0.9993627,0.9991937,0.999616,0.9993454
MTMR10,0.99990463,0.99997735,1.000175,1.0001867,0.999976,1.0000867,1.0001554,0.99985385
UNC5D,1.0008996,1.0005465,1.000579,1.0008605,1.0007501,1.0010116,1.0004522,1.0012031
MAP4K1,1.00248,1.0017784,1.0017757,1.0027817,1.0024486,1.0026655,1.0013717,1.0028536
CTNNA1,0.9982166,0.99862826,0.99880517,0.99796224,0.99800944,0.99810964,0.99905753,0.9986006
NR2C1,0.99978924,0.999866,1.0000428,0.99992156,0.9998452,1.0000805,1.0000648,0.99918675
SGK223,0.9967072,0.99750435,0.9980099,0.9966529,0.996889,0.9968914,0.9984898,0.9969293
LCP1,0.9968507,0.9975847,0.9979538,0.996573,0.9968437,0.99685186,0.99837005,0.9963833
CD163,1.0014349,1.0010514,1.0007193,1.0010283,1.0010846,1.0010669,1.0004681,1.0014676
PNPLA8,0.99951416,0.9996767,0.9997387,0.9993619,0.99954677,0.9995981,0.99984705,1.0000061
PRPF31,1.0001342,1.0001423,1.0003053,1.0003616,1.0002258,1.0003507,1.0002863,1.0006278
AREL1,1.0013571,1.0010445,1.0006891,1.001172,1.0011905,1.0012228,1.0005552,1.00091
XPNPEP1,0.9999665,1.0000112,0.999923,0.9998598,0.99990594,0.99980205,0.99995816,1.0003556
TRIM67,0.99510956,0.9964344,0.9971664,0.99517405,0.99553907,0.995587,0.9979259,0.9954413
AC018470.1,0.9967072,0.99750435,0.9980099,0.9966529,0.996889,0.9968914,0.9984898,0.9969293
AP2A1,1.0034645,1.0026984,1.0020682,1.0034271,1.0033662,1.0030446,1.0015373,1.0027082
ZFAT,1.0028827,1.0021441,1.0015286,1.00251,1.0025362,1.0023551,1.0011262,1.0029309
SOX30,0.99686193,0.9976224,0.9980849,0.996781,0.99701977,0.9970076,0.99854195,0.9970292
PLEKHH3,1.01093,1.0082735,1.006525,1.0106995,1.0101662,1.0100738,1.0049136,1.0099115
ADAMTS2,1.0053087,1.0040321,1.003088,1.0049505,1.0047026,1.0048234,1.0023756,1.0055752
SEMA3A,0.99836224,0.998722,0.9993046,0.99867237,0.9984576,0.99854404,0.9994278,0.99908817
TUBB3,0.9927447,0.9944738,0.99546933,0.9924942,0.9929885,0.9930497,0.99647427,0.9923874
FKRP,1.0039022,1.0028956,1.0023003,1.0037556,1.0034707,1.0032883,1.0016638,1.0041456
COL9A3,1.0070128,1.0054538,1.0039494,1.0063846,1.0058806,1.005759,1.0027851,1.0049032
CARD10,1.0007092,1.0005019,1.0003179,1.0004512,1.0004412,1.0005814,1.0002478,1.000608
SEZ6L,0.9954581,0.9966682,0.9973935,0.99559706,0.995727,0.9957831,0.99801064,0.9952096
CEMIP,1.0009911,1.000707,1.0008521,1.0012654,1.0011816,1.0012896,1.0007323,1.0018741
CAMSAP3,0.9967364,0.9976382,0.9978057,0.99649477,0.9968834,0.9965333,0.99830294,0.99604857
PNPT1,0.9990528,0.99936336,0.999654,0.99928725,0.9992992,0.99933326,0.9998177,0.99971664
LIMK1,1.0026991,1.0019369,1.0018431,1.0030235,1.0026655,1.0029309,1.001457,1.0026531
GALNT11,0.9987181,0.9990678,0.99898446,0.99832034,0.99841195,0.9985712,0.9992298,0.99848825
NR5A2,0.9998646,0.99984,0.99986756,0.9997462,0.9997776,0.99984074,0.999887,0.9997411
KIAA1671,1.0029361,1.0022342,1.0013881,1.0023478,1.0022752,1.002069,1.0009537,1.0021956
RFX4,0.99723315,0.998031,0.99816674,0.9970374,0.9971982,0.9969772,0.9986423,0.99831146
SGCE,1.0020387,1.0016072,1.0013609,1.0021508,1.0020872,1.0019809,1.0010648,1.002146
ZRANB3,1.0092332,1.007093,1.0052283,1.0085843,1.0083926,1.0080509,1.0038999,1.0081743
COBLL1,1.0023195,1.0017548,1.0010552,1.0017421,1.0017054,1.0017571,1.0007482,1.0014082
CNGA4,0.99678284,0.9975583,0.9980508,0.99672127,0.99695194,0.9969539,0.9985186,0.99700844
P3H1,1.0033071,1.0025194,1.001718,1.002912,1.003033,1.0029771,1.001323,1.0017939
DPF1,0.9998114,0.9998938,1.0001036,1.0000578,0.9999341,0.9997649,1.0000393,1.0000932
ARHGEF26,0.9978068,0.99841094,0.99901175,0.99833083,0.9981954,0.9981055,0.9992909,0.9986601
KLHL1,0.9964726,0.9973633,0.99791193,0.9965081,0.99653125,0.99627674,0.99827105,0.9962834
SCYL1,0.99947643,0.99956024,1.0000064,0.9999558,0.9998191,0.9998279,1.0000527,1.0003271
ACOX1,1.001296,1.0010457,1.0009356,1.0013855,1.0011659,1.0012156,1.0007389,1.0018872
TBL1X,1.0006533,1.0006313,1.0,0.9999191,1.0001972,1.0001614,1.0000147,0.9995555
NUP153,0.9984926,0.99885076,0.99929845,0.998832,0.9988426,0.9987861,0.99952793,0.9992355
DNER,0.98322695,0.9872964,0.9900826,0.98358953,0.9845498,0.9846007,0.9925048,0.98433256
TMTC3,1.003215,1.0025477,1.0017166,1.0028074,1.002872,1.0027388,1.0013168,1.0027974
DLGAP2,1.0077204,1.0059543,1.0045997,1.007381,1.0070691,1.0069593,1.003469,1.0068997
ACAP1,0.9973816,0.99807394,0.99853,0.9974718,0.99755573,0.99748933,0.99890655,0.9983044
ABCB10,1.0008204,1.0007162,1.0002939,1.000553,1.0007915,1.0004411,1.0002421,1.0004615
ANKRD31,0.9984611,0.99894005,0.99905837,0.99835956,0.998656,0.99866974,0.99937284,0.9984679
LUC7L3,0.9926772,0.99442637,0.995406,0.9924218,0.9929,0.99289274,0.99643046,0.992585
DYNC1I2,0.9936837,0.9951911,0.99608946,0.9935235,0.993955,0.9939741,0.99698055,0.9937123
NDST3,1.0048442,1.003667,1.0028156,1.0046502,1.0043259,1.0045857,1.0021276,1.0031563
ASAP3,0.9960511,0.99712145,0.99771076,0.99622524,0.99649,0.99634206,0.99832976,0.9959976
IRS2,0.98541903,0.9889221,0.99102294,0.98520577,0.9861609,0.98625267,0.993192,0.9866496
KLHL29,1.0010085,1.0007814,1.0000007,1.0001299,1.0004417,1.00006,0.99989367,1.0001085
RBPJ,0.9980358,0.9985249,0.99884,0.99799997,0.99803257,0.9981375,0.9990824,0.9977896
ZNF335,1.003509,1.0026584,1.0023735,1.0037756,1.0033972,1.0036314,1.0018471,1.0035058
SYK,0.99700993,0.99770844,0.9981784,0.99687314,0.9972584,0.99731314,0.99864733,0.9973314
GPATCH1,1.0029919,1.0021021,1.001697,1.0027802,1.0024241,1.0026591,1.0012156,1.0026667
TAS1R3,0.99694955,0.99767923,0.9981308,0.9968672,0.9970858,0.9970581,0.99856305,0.9970605
IDE,1.001052,1.0007452,1.0010779,1.0016092,1.0010977,1.0013922,1.0008744,1.0020895
RECQL5,1.000781,1.0007716,1.000639,1.0009795,1.0010325,1.0009929,1.0006227,1.0006349
PLCD1,1.0017235,1.0014427,1.0013907,1.0021027,1.0020975,1.0021385,1.0011948,1.001239
CAPN11,0.99656343,0.99738634,0.99794155,0.99653864,0.99677706,0.99680835,0.9984517,0.9969548
STIM2,0.9994062,0.9995988,0.99980485,0.9995855,0.9995246,0.99969345,0.9999319,0.99984825
BRCA2,1.0062683,1.0048826,1.003571,1.0059013,1.0057445,1.0053272,1.0026263,1.0045474
BAZ2B,0.998104,0.99856627,0.99907494,0.99829245,0.9982412,0.9984716,0.9993347,0.99908245
NCSTN,1.0030143,1.0023751,1.00159,1.0026549,1.0025909,1.0024132,1.0011925,1.0024713
PAM,0.9918342,0.99392116,0.9947667,0.99140376,0.9921161,0.9917654,0.9960178,0.99274933
SAMD9,1.0010328,1.0007448,1.0006471,1.0009346,1.0008672,1.0008155,1.0004344,1.0014219
SLC6A11,0.9923469,0.994226,0.99531335,0.9922571,0.9928695,0.99284303,0.99648356,0.99259114
ELMO2,0.9978731,0.99840844,0.9987577,0.9978373,0.9981019,0.99825656,0.9991758,0.99865735
TRPC7,0.9975389,0.99811363,0.9985571,0.99753875,0.9976209,0.99774915,0.9989116,0.9977421
PAH,0.99924374,0.9994247,0.9994644,0.99900943,0.9991475,0.99905777,0.99955225,0.9994287
ACSL6,1.0015528,1.001359,1.000929,1.0014594,1.0013106,1.0013949,1.0007244,1.0003896
PHF20L1,0.9992522,0.99946547,0.9993007,0.99888396,0.99912846,0.9989974,0.99942887,0.9983742
CUL7,1.0017115,1.0014174,1.0009371,1.0014998,1.0016973,1.001479,1.0007488,1.0013524
MYO9B,0.9987755,0.99901915,0.9991873,0.99864286,0.99872386,0.99859333,0.9993269,0.9991724
RGS9,1.0058137,1.0044717,1.0037782,1.0060632,1.0056773,1.0059955,1.0030241,1.0052593
SLC3A1,1.0021985,1.0016941,1.0015395,1.0023656,1.0021921,1.0022182,1.0011964,1.0023614
JMJD1C,0.99532473,0.9964802,0.99718845,0.99526787,0.9955218,0.9955114,0.9978368,0.9958852
RIMS2,0.9883793,0.991237,0.99305344,0.98862904,0.9891324,0.98879683,0.99459386,0.9888723
DDX4,1.0009085,1.0006835,1.0006225,1.0009546,1.0008372,1.0008599,1.0004519,1.0004078
LRCH3,1.0066533,1.0049945,1.0040157,1.006465,1.0059474,1.006163,1.0029969,1.0056806
IRS4,0.99725425,0.9979428,0.9982645,0.99708533,0.9973748,0.9972887,0.9986768,0.99741215
DPYSL5,0.99488795,0.9961083,0.9968988,0.9948544,0.99514794,0.99515575,0.99760973,0.9952016
PCSK7,0.99934125,0.99956125,0.99946326,0.9990896,0.9991951,0.9992467,0.999582,0.998304
NOL10,1.0039667,1.0030915,1.0026283,1.0042003,1.0038409,1.0037854,1.0020372,1.0045696
SMAD3,0.9996747,0.9997375,0.9996654,0.9995177,0.99950874,0.9993462,0.9997153,1.0002682
KLHL5,0.997037,0.99769783,0.99837154,0.9972294,0.997321,0.9973488,0.99877393,0.9979854
SOX9,0.9936788,0.9952164,0.99585354,0.99330336,0.99354017,0.99327314,0.996683,0.9933041
ADAMTS5,1.007005,1.0050936,1.0038959,1.0063066,1.0061209,1.0061699,1.0028393,1.006078
GLB1L3,0.9953066,0.9964986,0.9972209,0.99535155,0.99565136,0.9956386,0.99790376,0.99554944
SCNN1A,0.9993813,0.9995192,0.9995861,0.999262,0.9994042,0.99932826,0.9996711,0.99932146
MCM2,0.9950209,0.9964539,0.9966941,0.9945369,0.9951321,0.99460465,0.9974088,0.99413955
ESYT2,0.99608105,0.9971479,0.99741817,0.9957649,0.99625313,0.9960217,0.9980255,0.9955783
NEK4,1.0021935,1.001717,1.0011957,1.0019108,1.0018344,1.0017897,1.0008862,1.0016637
FUS,0.9960858,0.99706006,0.9974262,0.995766,0.99617195,0.9960091,0.99801195,0.9962039
ACAD10,1.0027628,1.0020908,1.0015774,1.0025853,1.0024049,1.0022726,1.0011694,1.0030069
SARS,0.9967072,0.99750435,0.9980099,0.9966529,0.996889,0.9968914,0.9984898,0.9969293
STRA6,1.0013053,1.0008264,1.0001941,1.0003812,1.0002618,0.9999733,0.99982214,1.0005893
PKD1,0.9980488,0.998452,0.99921405,0.99855286,0.9984518,0.9987612,0.9995113,0.99900615
ATP6V0A1,0.9954713,0.9965216,0.99722135,0.9953302,0.99562216,0.9957115,0.9978823,0.9963565
ADAMTS8,1.0016099,1.0011492,1.0010421,1.0016241,1.0013582,1.0016723,1.0008187,1.0016664
KCNN3,1.0024663,1.0019269,1.0013413,1.0021932,1.0020486,1.0017577,1.0009243,1.0024384
SV2A,0.99469113,0.996022,0.99688697,0.9947546,0.9952784,0.9952644,0.9977011,0.9950838
CEMIP2,1.0029664,1.002239,1.0014167,1.0024234,1.0022864,1.0021608,1.0009714,1.0023041
KCNQ1,0.9972936,0.9978503,0.99832463,0.99720573,0.9974898,0.9977251,0.9988345,0.9978746
SPHKAP,0.999715,0.9997493,0.9999651,0.9999068,0.99977815,1.000096,1.000061,0.99985945
ATP2C2,1.0011071,1.00079,1.0006356,1.000996,1.0007838,1.0009339,1.0004711,1.0011771
ADAMTS9,1.0018692,1.0014129,1.0014081,1.002166,1.0016632,1.0018765,1.0010285,1.0017458
CLSTN1,0.9951539,0.99632645,0.9970055,0.995051,0.9953289,0.995265,0.997688,0.9954742
CHRNA4,1.0057067,1.0044086,1.003309,1.0052909,1.0051038,1.0049698,1.0024557,1.0051286
PCK2,0.9998909,0.99996173,0.99991286,0.9997524,1.0001099,1.0000033,1.0000014,0.9997717
MAP3K19,0.99804497,0.99849355,0.9989116,0.99812984,0.998239,0.9983125,0.99922836,0.9984589
IVNS1ABP,0.9965232,0.9973538,0.9976953,0.9961588,0.9964321,0.99627984,0.9981394,0.99635154
ARHGAP9,0.99194217,0.9938422,0.995191,0.9919794,0.9925683,0.99269176,0.99639124,0.99252987
MYORG,0.9950982,0.9962971,0.99732494,0.9955169,0.9956775,0.99543214,0.99794996,0.9960573
RGS22,0.99842143,0.99884903,0.9992264,0.9986268,0.9986192,0.9986558,0.9994927,0.9994558
NCOA7,1.0001851,1.0001826,1.0002964,1.0003991,1.0003803,1.0004833,1.0003177,1.0006193
COL19A1,1.0027088,1.0020013,1.0016476,1.0026,1.0023698,1.0024751,1.0012414,1.0030236
DSG1,0.9977546,0.99834144,0.99859005,0.9975817,0.9977869,0.99775666,0.9989278,0.9978921
MAML2,0.9982624,0.9986271,0.9985858,0.9977186,0.99775165,0.9977087,0.9988065,0.9978409
SMG5,0.9985678,0.99900985,0.9991468,0.99865633,0.99884653,0.9984099,0.9993465,0.99868107
ALDH7A1,0.9983413,0.9987531,0.99887973,0.9981811,0.9983767,0.99831414,0.9991591,0.998394
AKAP11,0.9972391,0.9979347,0.9983138,0.9972369,0.99733126,0.99731266,0.9986723,0.996803
SENP7,0.99443614,0.995769,0.9965896,0.9942944,0.9947724,0.99482906,0.9974118,0.9947812
DHX35,0.9990053,0.9991478,0.9997411,0.9994755,0.99940443,0.99978507,0.999941,0.9993172
LIMK2,0.9969239,0.9977207,0.9981601,0.9968563,0.9970647,0.9968729,0.9985173,0.9967822
PKN3,0.9963184,0.9973086,0.9976226,0.9960761,0.9964403,0.99613035,0.9981265,0.9960517
KEL,1.0027181,1.0020431,1.0017594,1.0028152,1.0025591,1.0027161,1.0013431,1.0022199
CNNM4,1.0033606,1.0025678,1.0025392,1.003981,1.0035223,1.003746,1.0020145,1.003361
OLFM1,0.9964194,0.99731106,0.99798936,0.99662876,0.9968845,0.99673784,0.99846625,0.9963474
SP100,1.001972,1.0014637,1.0010319,1.001629,1.001658,1.0017076,1.0007299,1.0008204
NRG1,0.9975246,0.99809945,0.9984952,0.99760973,0.9978398,0.99758184,0.99884576,0.9974983
PEG3,0.9838531,0.9878478,0.9899254,0.983451,0.98473513,0.9843905,0.99226236,0.9840019
L3MBTL1,1.0025246,1.001918,1.0019118,1.0029749,1.0026928,1.0029509,1.0015546,1.0027008
PPFIBP2,1.0025666,1.0019855,1.0015366,1.0024163,1.0024283,1.0025749,1.0012534,1.0021902
NAV3,1.000691,1.0005548,1.0002556,1.0004495,1.0003947,1.0002241,1.0000942,1.0002795
NOL4,0.99428093,0.9956442,0.9966185,0.99435794,0.9945431,0.9947419,0.9974237,0.9943937
GLB1L2,0.9967172,0.9974042,0.9981668,0.99697614,0.9971041,0.9971232,0.99863684,0.99732184
DPF2,0.9991207,0.9993994,0.99987996,0.9996066,0.99954057,0.99963033,1.0000038,0.9999709
PCDHGC4,1.0027882,1.0021433,1.0017071,1.0027508,1.0026824,1.0025094,1.0012774,1.0024252
IGSF1,0.99590445,0.9970069,0.99768883,0.99613214,0.9965666,0.99634635,0.9983278,0.99617267
CPXM2,0.99995315,0.99981296,0.99996555,0.99982893,0.99968994,0.99988323,1.0000356,1.0023084
DLL4,0.9996965,0.9997198,0.9996244,0.9993844,0.9992421,0.9992769,0.9995935,0.9990901
SEZ6,0.99644506,0.9972453,0.9982263,0.9969717,0.99702454,0.99721676,0.9987517,0.99736977
GALNT10,1.001626,1.0012267,1.0011269,1.0018445,1.0016091,1.0013409,1.0008156,1.0023553
TMF1,0.99346673,0.9950511,0.99585545,0.9931598,0.9936738,0.99347323,0.996771,0.9935851
CHL1,0.9877181,0.99071956,0.9922795,0.98728085,0.9881871,0.98814535,0.9940951,0.9883629
SLC26A3,0.9967072,0.99750435,0.9980099,0.9966529,0.996889,0.9968914,0.9984898,0.9969293
USP5,0.9982194,0.99878967,0.99903893,0.99834317,0.9984436,0.99829566,0.9993175,0.99844944
ADAMTS13,1.005903,1.004473,1.0037044,1.0059998,1.0057184,1.0057552,1.002869,1.0054216
EIF2B4,0.99855196,0.99885535,0.99924636,0.9986659,0.99848473,0.99872434,0.9994142,0.99857837
MRC2,1.0042633,1.0032929,1.0030334,1.0048611,1.0042586,1.00412,1.0022924,1.004608
AP2A2,0.99704206,0.9977604,0.9985025,0.997414,0.9974773,0.9975424,0.99891496,0.99766505
SRBD1,1.0049356,1.0037779,1.0030802,1.0048529,1.0045011,1.0048509,1.002383,1.0041165
ADGRA1,1.0029956,1.0022818,1.0019354,1.0031044,1.0027978,1.0027351,1.0014398,1.0027256
ELOA,1.0023837,1.001859,1.0014883,1.0023394,1.0021949,1.002164,1.0011032,1.0018581
ACOX3,1.0017769,1.0012846,1.0013165,1.0019863,1.0016489,1.0021031,1.0010475,1.001778
INTS11,1.0015577,1.0012312,1.0011556,1.0018498,1.001735,1.0016022,1.0008917,1.00146
VWA5B2,1.0000015,1.0000719,1.0000594,1.000057,1.0000856,1.0001919,1.0001137,0.99948347
RSBN1,0.9983767,0.9987395,0.9989737,0.9983044,0.9984328,0.998443,0.9991598,0.9975643
KLHL3,1.0041196,1.003059,1.0024371,1.003986,1.0035503,1.0036353,1.0017414,1.0030017
SCAF11,0.9986341,0.9990157,0.99904203,0.9984811,0.9987095,0.9984187,0.9992251,0.9983015
DTNB,0.9996766,0.9997641,1.0003319,1.000352,1.0001818,1.0003572,1.0003924,1.0010903
SPG7,0.9950018,0.9963606,0.9965389,0.99428904,0.9948346,0.9946819,0.9973279,0.99443525
APLP1,0.9893502,0.99191046,0.9934782,0.9892796,0.99000645,0.99007434,0.99504745,0.9894304
MMS19,0.99739033,0.99794114,0.9986831,0.99776566,0.997693,0.99783194,0.9990227,0.9979148
MDGA2,1.0020832,1.0016282,1.0016214,1.0025868,1.0021621,1.0021915,1.0012037,1.0011452
EXOC2,0.9998313,0.9999311,0.99980295,0.99956506,0.99994546,0.99999887,0.99994695,0.999278
VPS35L,1.00013,1.0001792,1.0001445,1.0001765,1.0002257,1.0002782,1.0002017,1.0003569
ALPL,0.98644626,0.9898077,0.99257976,0.9876363,0.9880142,0.9883058,0.99455875,0.9881704
MCCC1,1.0005071,1.0003698,1.0004311,1.0005862,1.000408,1.0005574,1.0003345,1.0006372
NOP2,1.0032333,1.002499,1.0022324,1.0036315,1.0033934,1.0035518,1.0018337,1.0030816
PPP1R12A,0.98791814,0.99085444,0.9926938,0.9878807,0.988727,0.9887532,0.9944639,0.9885503
COLGALT1,0.99853486,0.99891174,0.9988607,0.99817127,0.99834836,0.99814534,0.9990325,0.99780977
SLC5A4,0.996948,0.9976543,0.9981675,0.9969219,0.99710745,0.99710965,0.99859744,0.9972562
UBE3A,0.9956484,0.99674404,0.99717855,0.9953594,0.9956233,0.9953894,0.99773675,0.99548465
ADAM11,0.999534,0.9996121,0.9999257,0.99986905,0.9997195,0.9999665,1.0000188,0.99930954
FYN,0.9909229,0.9931227,0.9944196,0.99079967,0.9913255,0.99145937,0.99576306,0.9909357
LENG8,0.99771345,0.99830353,0.99817014,0.9969897,0.9973272,0.99699163,0.99850106,0.997926
FZD7,1.0011803,1.0008838,1.0008035,1.0013292,1.0011554,1.0010264,1.000619,1.0017797
CRY1,0.9973695,0.99805737,0.99831593,0.9971746,0.9975283,0.9974896,0.99880934,0.998115
SEC16B,0.9976882,0.9982463,0.9985434,0.99756444,0.9977515,0.997743,0.99887574,0.9974824
VPS45,0.9998618,0.99987936,0.9999739,0.9999878,0.9999553,1.0,1.000001,0.9994135
FER,1.0017501,1.0013846,1.0012474,1.0019743,1.0017726,1.0016215,1.0009269,1.0016651
XYLT1,1.0070963,1.0055532,1.0040283,1.0065305,1.0062344,1.0058374,1.0029191,1.0059526
ADGRG6,1.0035453,1.0027404,1.001732,1.0028417,1.0028243,1.0027543,1.001257,1.0025494
TYK2,0.99981856,0.999877,0.9999659,0.999774,0.9997834,0.99980617,1.0000043,1.0006242
HECTD3,1.0000899,1.0000417,1.0000327,1.0000043,1.0000508,1.0002736,1.000112,1.0000836
DARS2,1.0031726,1.0025247,1.0016267,1.0026997,1.0029875,1.0024524,1.001188,1.0018147
UNC45B,0.99730724,0.9979331,0.9983966,0.9972715,0.99738085,0.99748826,0.9987736,0.99733436
SART3,0.9981304,0.9985715,0.9986122,0.9977683,0.9979336,0.9977255,0.9988419,0.9979222
PDE3A,1.0007023,1.0006742,1.0004226,1.0005585,1.000696,1.0008719,1.0005184,1.0015657
SACS,0.9964931,0.997298,0.9976908,0.99621016,0.99645543,0.99658805,0.99821496,0.9959189
CEP112,1.0032244,1.0024445,1.0020504,1.0032716,1.0030723,1.0029093,1.0015309,1.0033635
SLC5A11,0.9980993,0.99853915,0.9989048,0.9980947,0.9981469,0.99831307,0.999169,0.99794644
ZMYM6,1.0043306,1.0033456,1.0025334,1.0041437,1.0040312,1.0039016,1.0019045,1.0033613
MPHOSPH9,1.0052416,1.0039598,1.0037062,1.0058888,1.005143,1.0053184,1.0028255,1.0060575
DHX16,0.99710214,0.9977635,0.9987016,0.9977361,0.99754816,0.9976815,0.99903876,0.99828625
PPP1R10,0.9986837,0.99894357,0.9995541,0.9991212,0.99896556,0.9992403,0.9997555,1.0000181
CMYA5,1.0051974,1.0039995,1.002891,1.0047767,1.004534,1.0042412,1.0020511,1.0036789
HMGXB3,1.0040607,1.0031908,1.0026563,1.0042646,1.0039878,1.0039531,1.0020643,1.0038445
RBM33,0.9911583,0.99318326,0.99462163,0.9911716,0.9915932,0.9919387,0.9959391,0.99136966
SLC20A1,0.99780834,0.9984044,0.9988321,0.99798405,0.99802995,0.9979516,0.99910736,0.9979656
TRHDE,1.0046088,1.0035913,1.002845,1.0046425,1.0044067,1.0043209,1.002166,1.0039606
MSN,0.99772596,0.99823606,0.99857104,0.99761677,0.9977046,0.9976399,0.99887455,0.9981099
TTLL13P,1.0009671,1.0007689,1.0005838,1.0008502,1.0008268,1.0009396,1.0004592,1.0006157
FTCD,0.9983352,0.99869573,0.9990128,0.9983828,0.99853915,0.99841905,0.9992466,0.9985782
PTPRH,0.9970118,0.9977348,0.9982956,0.9971229,0.99729943,0.9973353,0.9987464,0.99760383
TECTA,0.99805784,0.99848944,0.9989186,0.9981525,0.9982351,0.9983782,0.9991981,0.9979434
ULK2,1.0012866,1.0010064,1.0005672,1.0009203,1.0009447,1.0007529,1.0003273,1.0008032
PNPLA6,0.9983056,0.99882865,0.9988736,0.99811244,0.99824655,0.9981377,0.9991358,0.99783665
BCAS3,1.0025525,1.0018654,1.0017141,1.002733,1.0024016,1.0025,1.0012996,1.0028942
CLEC16A,1.003211,1.0023999,1.0023955,1.0038507,1.0033256,1.003439,1.0018591,1.0038286
TYW1,1.0045097,1.0035168,1.002545,1.004108,1.0039691,1.0037991,1.0018506,1.0030365
OSBPL5,1.0002282,1.0001457,1.0001218,1.0001752,1.0001699,1.0003542,1.0001588,1.0003879
VPS41,1.000576,1.0003908,1.0004072,1.0006369,1.0004578,1.0007026,1.0003142,1.0000705
KIT,1.0017773,1.0012687,1.0012429,1.0020558,1.001785,1.0019603,1.0009809,1.0013055
LAMC3,1.0072368,1.0054853,1.0044377,1.007162,1.0066586,1.007067,1.0034368,1.0062999
RNF17,1.0003114,1.00024,1.0000454,1.0000381,1.0000927,0.9999784,0.99997073,1.0000559
ANKZF1,1.0018637,1.0013313,1.0017302,1.0027113,1.0021181,1.0027493,1.0014448,1.0019683
SSH1,0.99994,0.9999587,1.0002137,1.0002694,1.0001922,1.0001783,1.0001574,0.99959165
ADAMTS1,1.000858,1.0006497,1.0004232,1.0005448,1.0004134,1.0006399,1.0003276,1.001329
VPS50,1.0026555,1.0019506,1.0015792,1.0025296,1.0022795,1.0025702,1.0012158,1.0022831
CUL4A,0.9980523,0.9984678,0.9989871,0.9982916,0.99809027,0.9984988,0.9992684,0.9978167
LTBP3,0.998781,0.99914587,0.9992798,0.9988109,0.99882483,0.99858695,0.99939144,0.9984398
TGM2,1.0031412,1.002358,1.0017885,1.0028707,1.0025635,1.0026596,1.0012386,1.0020968
PCDH17,0.98839414,0.99131244,0.9933944,0.9889435,0.989575,0.98972845,0.99515665,0.98981225
ARHGAP27,0.9987249,0.99894196,0.999416,0.99886596,0.9986579,0.9989389,0.99951786,0.9993609
SEC23IP,1.0002744,1.0004286,1.0001025,1.0000753,1.0003579,1.000143,1.0001576,0.99981546
VPS53,1.0030634,1.0023627,1.0019026,1.0030336,1.0027802,1.0030379,1.001492,1.0025568
XPOT,0.999658,0.999768,0.99992,0.9998281,0.9997675,0.99987614,0.99998474,0.99943453
CD109,0.99753034,0.99806297,0.9985382,0.99745065,0.9976024,0.99774647,0.9989199,0.9984322
SENP6,0.9944722,0.99581563,0.99623877,0.9938704,0.9943959,0.99399126,0.9969858,0.99435306
FAM120C,0.99881387,0.999158,0.9996549,0.99927735,0.9992343,0.9990759,0.9997866,1.000171
ZNF541,1.0002089,1.0001316,1.0000741,1.000069,0.9999968,1.0000951,1.0000273,0.99987614
DHCR24,0.9964241,0.9973322,0.99786794,0.99644566,0.9967551,0.9968351,0.9984578,0.99650514
ANKRD44,0.9999517,1.0000432,1.0000539,0.9998849,0.99986947,1.0001845,1.0001314,1.0002227
ANKS1A,0.99306405,0.9947552,0.9955933,0.99286795,0.99346286,0.9930719,0.9965551,0.99267435
CCDC150,1.0068363,1.0051903,1.0043609,1.0070528,1.006431,1.0063483,1.0032461,1.0064287
GPLD1,1.0080025,1.0061002,1.0054083,1.0086648,1.0078051,1.0082111,1.0041804,1.0075587
ZC3H7A,1.0005087,1.0004207,1.0003675,1.0004277,1.0002832,1.0001847,1.0001993,1.0010257
NLRX1,1.0032697,1.0024736,1.0019932,1.0032555,1.0029768,1.0029216,1.0014627,1.0027622
ATP5F1A,0.9958403,0.9968262,0.997313,0.9955507,0.99590504,0.9959136,0.99790514,0.99563956
PCDHGC3,1.0039308,1.0031173,1.0024503,1.0038978,1.0036906,1.00376,1.0019369,1.003443
UNC45A,1.0016686,1.0012316,1.0009198,1.0015662,1.001433,1.0012028,1.0006025,1.0014391
SREBF2,0.99554265,0.99662036,0.99720174,0.99534637,0.99562883,0.9955809,0.99781036,0.99542147
SGSM2,0.9958025,0.9968899,0.9975646,0.99594593,0.9963454,0.9963378,0.998273,0.9961276
DCAF8,0.9991245,0.9994397,0.9991756,0.99867725,0.9990568,0.99874127,0.99938405,0.99917877
SVIL,0.995875,0.99692965,0.9975927,0.99589133,0.9961895,0.9961027,0.99818754,0.9963384
CACHD1,1.0000868,1.0000144,1.0003579,1.0004287,1.00021,1.0005451,1.0003419,1.0005871
FANCA,1.0032084,1.002434,1.0019841,1.0032313,1.0030138,1.0026624,1.001371,1.0023878
FZD5,1.0037398,1.0027949,1.0026771,1.0042907,1.0037754,1.0040128,1.0021033,1.0042453
NEK10,1.0006505,1.000462,1.000632,1.0008898,1.0006666,1.0009203,1.0005453,1.0013403
ULK4,1.0026295,1.0019324,1.0015459,1.0024984,1.002295,1.0023147,1.0011371,1.0024579
WDR64,1.0010464,1.0007566,1.0005741,1.0008485,1.0007844,1.000841,1.0003991,1.0007217
FERMT3,0.99958533,0.99966514,0.9996051,0.9992701,0.99940836,0.99943465,0.9996468,0.99915504
ST18,0.99980205,0.9996865,1.0001185,1.000084,1.0000371,1.0001116,1.000061,0.99946916
ACSL1,1.0060635,1.0045941,1.0037451,1.0059905,1.0057635,1.0057595,1.0028636,1.0060407
SPATA20,1.0020655,1.001571,1.0009178,1.0016251,1.0016396,1.0015149,1.0006287,1.000963
NPR1,0.9989237,0.9991615,0.99928,0.99876636,0.99878633,0.9987905,0.99939203,0.9987105
CAPRIN2,0.9969098,0.99764156,0.9978572,0.99649787,0.9968046,0.9966432,0.9982717,0.99643743
PKN2,0.99913764,0.9994114,0.999321,0.99889594,0.99906224,0.9988878,0.99944997,0.9987562
AXIN1,0.9983314,0.9986465,0.99929786,0.998755,0.9987966,0.9989313,0.9995878,0.9996482
KATNA1,1.0075011,1.0056716,1.004672,1.0076146,1.0069722,1.0070894,1.0035334,1.0070026
TYRO3,1.0024412,1.0019058,1.0012581,1.0020435,1.0020764,1.0017931,1.0009143,1.0024017
FZD3,0.9937253,0.9951946,0.9961401,0.99363995,0.99395967,0.99407697,0.9970417,0.99395204
EXOC1,0.9974282,0.99802005,0.99841845,0.99737644,0.9975395,0.997673,0.99881816,0.9972606
SLC4A8,0.9964848,0.99733704,0.9977437,0.9962211,0.9965379,0.99660134,0.99825686,0.99606955
TMPRSS15,0.9981933,0.9986558,0.99894965,0.9982133,0.9983118,0.9983131,0.9992101,0.99816746
UMOD,0.9991979,0.9993869,0.99941397,0.99896777,0.9990529,0.99903375,0.9995239,0.99927443
ADAM15,1.000209,1.0001162,1.0003546,1.0004463,1.000144,1.0003374,1.0002828,1.0007079
RBM10,0.997704,0.9983349,0.9986471,0.99772054,0.9978924,0.9978989,0.99900407,0.9976245
ERCC4,1.0018957,1.0014777,1.0005988,1.0011083,1.0011626,1.0011325,1.0003917,1.0002811
SHROOM4,1.0018086,1.001373,1.0011054,1.001764,1.0016892,1.0017029,1.0008436,1.0015829
ERCC5,1.0061452,1.0047,1.0033824,1.0055618,1.0053412,1.0049918,1.0023885,1.0044714
YTHDC2,1.004098,1.0031337,1.0028142,1.0043955,1.00382,1.0039573,1.0020832,1.0042893
RPS6KA4,1.0001088,1.0001007,1.0000397,1.0000159,0.999951,0.99994826,0.9999832,0.9995823
KIAA1210,0.9978813,0.99840635,0.9987395,0.99783504,0.99799,0.99793726,0.9990191,0.9978614
TBC1D8B,1.0005674,1.0003682,1.0002334,1.0004104,1.0003768,1.0003004,1.0001132,1.0001596
ADGRB3,0.99924695,0.9994719,0.99996006,0.9997637,0.9995457,0.9997469,1.0000116,0.9994273
PMS2,1.0035945,1.0027071,1.0023828,1.0038375,1.003512,1.0036466,1.001845,1.0035347
HIP1R,1.0039933,1.0030956,1.0024048,1.0038458,1.0036602,1.0037376,1.0018388,1.0035177
ACTA1,1.0013796,1.0010642,1.0006132,1.0009469,1.0012885,1.0009881,1.0003885,0.99947023
PZP,1.0000566,0.99998945,0.9999969,0.9999567,0.9998678,0.9998951,0.999933,0.9997972
GUCY1A2,0.9811927,0.98578143,0.98873585,0.9814406,0.9826912,0.9829847,0.99161774,0.98200047
UNC5C,1.0050907,1.0037831,1.0032485,1.0053145,1.0047703,1.0048745,1.0024652,1.0052892
MEGF11,0.9961562,0.99700856,0.99802166,0.9966395,0.99665105,0.9970176,0.998667,0.9977993
ATP8A2,1.0061995,1.004871,1.003457,1.0054334,1.0053,1.005253,1.0025517,1.0050328
MTMR7,1.0052917,1.0040294,1.0034659,1.0054927,1.0051187,1.0052783,1.0026911,1.005385
PIWIL1,0.99847895,0.9988036,0.9993462,0.9988338,0.9987631,0.9988306,0.9995239,0.9990181
MTMR14,1.0025818,1.0019273,1.0014884,1.0025213,1.0023764,1.0021236,1.0010592,1.0019583
VPS18,1.0061228,1.0047557,1.0036829,1.005949,1.0057338,1.0057014,1.0028498,1.0054183
MMS22L,1.001127,1.0009155,1.0004822,1.0007663,1.0008531,1.000712,1.0003703,1.0013453
PLEKHG3,1.0030433,1.0024495,1.0022159,1.0034841,1.0033542,1.0034825,1.0018623,1.0033809
AHCYL2,0.9989458,0.99929696,0.99963117,0.9993333,0.99920887,0.9992651,0.9997865,0.99898905
CNTN3,0.99762005,0.99818647,0.99773437,0.9965296,0.99689126,0.9969548,0.9982002,0.99576664
RBM15,1.0015144,1.0011699,1.0009085,1.0014914,1.0013676,1.0012118,1.0006272,1.0007102
SIN3B,0.99853134,0.99890816,0.9987338,0.9979936,0.99834263,0.99831146,0.99906516,0.9983257
AARS,0.9967072,0.99750435,0.9980099,0.9966529,0.996889,0.9968914,0.9984898,0.9969293
FOXO6,1.0014685,1.0010946,1.0010173,1.0016395,1.0014802,1.0014143,1.0007713,1.0013605
SFMBT2,0.9989511,0.9991936,0.99929535,0.9986673,0.99898183,0.99918157,0.9995235,0.9988109
GLB1L,0.9995767,0.9996443,1.0001085,0.9999976,0.99972296,0.99973816,1.0000731,1.00076
PRPH,1.0015028,1.0010061,1.0011085,1.0016351,1.0013412,1.001763,1.0009164,1.0028954
KIF1C,1.0017955,1.0013068,1.0010588,1.0017754,1.0015303,1.0016263,1.0007777,1.0013556
PRKCQ,1.0043596,1.0033741,1.00263,1.0042317,1.0040143,1.0039762,1.001982,1.0037215
NRDE2,1.000711,1.0006598,1.0004863,1.0007174,1.000747,1.000704,1.0004159,1.0005648
DDR1,0.99584097,0.99687254,0.9979073,0.99643415,0.9964199,0.99662507,0.9985193,0.9970331
TRAP1,0.99998033,1.0000798,0.999883,0.9997877,0.9999295,0.999696,0.9999064,1.0001049
HAL,1.0008063,1.0005744,1.0005598,1.0008606,1.0007087,1.0007772,1.0003927,1.0005679
FAM13A,0.99757457,0.99817175,0.9981482,0.99699765,0.9972148,0.99731773,0.9985534,0.9972869
TAF2,0.9992029,0.99930215,0.9994135,0.9989944,0.99903595,0.999176,0.9995185,0.9987467
MIOS,1.0023452,1.0019395,1.0012026,1.001969,1.0021596,1.001785,1.000882,1.0013044
F13A1,1.0013932,1.0009997,1.0009627,1.0014223,1.0011698,1.0013983,1.0007178,1.0015678
XPR1,0.9878014,0.99077433,0.9926822,0.98786485,0.98867416,0.9887038,0.9944625,0.9885354
LONP2,1.0040936,1.0031706,1.0024244,1.0039366,1.0037973,1.0037496,1.0018501,1.003437
ACAD9,1.0001553,1.0001483,0.9998447,0.9997965,1.0000435,0.9998112,0.99990296,1.0006406
SLC26A8,1.0009356,1.0007024,1.000418,1.0006752,1.0006486,1.0006056,1.000271,1.0006027
ITGA9,0.998196,0.99868846,0.99896276,0.998186,0.9983895,0.998336,0.9992254,0.9981967
PDE10A,0.9998268,0.9998703,0.999316,0.99902666,0.9994043,0.99922067,0.99941576,0.9986208
CRAT,0.998827,0.9991981,0.99934417,0.99895227,0.9990995,0.9987775,0.9994782,0.9982307
PRSS36,1.0002089,1.0001378,1.0003295,1.0004195,1.0002865,1.0004339,1.0002692,1.0003028
RBM20,1.0030761,1.0023243,1.0019766,1.0030991,1.002949,1.003008,1.001526,1.0030618
SLC25A12,0.9987687,0.99902767,0.9995216,0.99914193,0.99909514,0.99916583,0.9996741,0.9990316
ARHGAP23,0.99315584,0.9948976,0.995703,0.99288267,0.99316573,0.9929715,0.9965986,0.99265134
PMS1,1.0019835,1.0014893,1.001296,1.0021098,1.0017967,1.0017745,1.0009203,1.0016235
CPS1,1.0054824,1.0041919,1.0031307,1.00514,1.0050608,1.0049466,1.0023928,1.0048566
PLG,0.9970937,0.99779797,0.9981843,0.9969562,0.99719656,0.9971623,0.99860424,0.9971496
VPS16,0.99900573,0.99931514,0.9997463,0.9994339,0.99948525,0.99957156,0.9999106,0.9988334
NR1D1,0.997597,0.99815917,0.9985056,0.99748456,0.99776447,0.99777246,0.99889153,0.99752855
LTBP2,0.9984555,0.9987745,0.9992497,0.99873316,0.9986422,0.99872285,0.9994353,0.99870354
CNGA1,0.99946034,0.99960893,0.99979347,0.9995644,0.99958634,0.999582,0.99986327,0.9996531
ARHGAP42,1.0040287,1.0030743,1.0026232,1.0042229,1.0037843,1.0039097,1.002015,1.003672
NLGN3,0.99821985,0.99873185,0.99895096,0.99823225,0.9980879,0.99823457,0.9991983,0.9978607
CNTN6,1.0041738,1.0033488,1.0028479,1.0045469,1.0043452,1.0044072,1.0023658,1.0050316
SORCS2,1.0040358,1.0032282,1.002523,1.0041795,1.003939,1.0036664,1.0019184,1.00299
ERCC6L2,0.9971542,0.9978043,0.9981352,0.9970392,0.9973353,0.9974239,0.99863225,0.99659324
ADAM12,1.000155,1.0000293,1.0002309,1.0001723,0.99976146,1.0002425,1.0001496,1.0006373
VWA3B,1.0002722,1.000226,1.0000465,1.0000179,1.0001149,1.0000427,1.0000397,1.0004233
PIEZO1,1.0000646,1.0000422,0.999915,0.999715,0.9997389,0.9998043,0.9998628,0.99985325
ACAP2,0.99996156,0.999965,0.9999716,0.99984497,0.9999151,0.99990964,0.99998224,1.0003352
EXOC8,1.0067241,1.0050203,1.0040194,1.0064995,1.006165,1.0063975,1.0030797,1.0063059
CLMN,1.0046571,1.0034782,1.0031115,1.0049298,1.0044253,1.004629,1.002387,1.0054722
CEP76,1.0004296,1.0003667,1.0003393,1.0004404,1.0004596,1.000696,1.0003607,1.0004816
SYCP2,1.0039221,1.0029991,1.0020554,1.0034001,1.0034354,1.0034075,1.0015825,1.0031314
MAN1C1,0.99883246,0.99902385,0.99936503,0.99891543,0.99895465,0.9989321,0.9994985,0.99937665
TMEM94,0.9976629,0.99823564,0.99859375,0.99773026,0.99786234,0.9978274,0.99897677,0.9976213
NUP93,0.99574655,0.9968146,0.99761117,0.9959334,0.9960605,0.99623823,0.99823034,0.99642897
WDR35,1.0049481,1.0038414,1.0029016,1.0046737,1.0043353,1.0041711,1.002141,1.004737
NRDC,0.9993843,0.9994894,0.99978024,0.99955106,0.999447,0.9997047,0.99989045,1.0000395
EWSR1,1.0003762,1.0002958,1.0001192,1.0002173,1.0002372,1.0001693,1.0000505,0.9998487
PRKCA,1.0021424,1.001663,1.0011086,1.0017328,1.0017574,1.0014176,1.0007625,1.0028231
USP13,1.002909,1.0023134,1.0017475,1.0027266,1.0025545,1.0026553,1.0013198,1.0019418
FTSJ3,1.0028104,1.0021142,1.0015726,1.0025722,1.0024351,1.0025582,1.0011971,1.0018739
LRPPRC,0.9997107,0.99981314,1.0000218,0.9999666,0.99988294,0.9999054,1.0000556,1.0000892
SASH1,0.9951966,0.9963131,0.99750113,0.99582195,0.9958652,0.9963627,0.9982635,0.9953071
BUB1B,1.0036223,1.0029299,1.0021415,1.0034328,1.0033969,1.0031691,1.0016329,1.002753
ANLN,0.9998669,0.99993837,1.0000588,1.0000548,0.9998652,1.0000175,1.0000756,0.9994769
GART,1.0016692,1.0012378,1.0011994,1.0019212,1.0016849,1.0017428,1.0009342,1.001858
PSMD1,1.0000395,1.0000447,1.0000421,0.9999531,1.0000215,1.0000392,1.0000347,1.000068
PITRM1,0.9997535,0.9998381,1.000145,1.0001832,1.0000463,1.0003328,1.0002437,0.9996731
DGKA,1.0031645,1.0024155,1.0020226,1.0032662,1.0029063,1.0030092,1.0015097,1.0028471
DYM,1.005776,1.0044799,1.0033274,1.0053835,1.0052308,1.0049748,1.0024699,1.0049946
AVIL,1.0016488,1.0012802,1.0007715,1.0012318,1.0013206,1.0012913,1.0005676,1.000831
SLC7A2,0.99917156,0.9993992,0.9994329,0.99904084,0.99913317,0.9990863,0.99959123,0.99965155
THSD4,1.0029805,1.0021741,1.0016543,1.002723,1.0023572,1.0022167,1.0010989,1.0028176
FLT3,1.000808,1.0006342,1.00044,1.0006585,1.0006907,1.0006342,1.0003216,1.0005565
KCND1,1.0006603,1.0005124,1.0003192,1.0004637,1.000453,1.0004013,1.0002244,1.0009425
POSTN,0.99745846,0.998091,0.9982885,0.99715745,0.9974457,0.9973738,0.9986906,0.9974662
DPP9,1.001513,1.001223,1.0008326,1.0013704,1.0013767,1.0012476,1.0006335,1.0009873
INPP4A,1.0019101,1.0015522,1.0011519,1.0018474,1.0018424,1.0016706,1.0008577,1.0011706
MAMDC4,0.99977744,0.9998555,0.9999104,0.99982524,0.99977344,0.9996616,0.9999031,0.99990416
TRPV3,0.99974513,0.99982977,0.9997654,0.99955475,0.99969155,0.9995998,0.9998137,0.99987495
AHCYL1,0.9951136,0.99631786,0.9968878,0.994801,0.9952556,0.9952318,0.9976126,0.99497974
AGBL1,0.9981619,0.9986001,0.9988295,0.99803555,0.99818456,0.99807334,0.9990617,0.9981653
IPO7,0.99596494,0.9970898,0.9973047,0.99560964,0.996114,0.99579823,0.9979181,0.99533916
PRICKLE1,1.0062279,1.0047817,1.004339,1.0069594,1.006508,1.006491,1.0034033,1.0064677
SEC31B,1.0017743,1.0013845,1.0012336,1.0019523,1.0018126,1.0019029,1.0009906,1.0014677
RPS6KA2,0.9996743,0.99974334,0.99947876,0.99911284,0.9993706,0.9992933,0.99953353,0.9988997
PDZRN4,0.9938655,0.9953084,0.9966155,0.9942261,0.9942728,0.9942584,0.9973632,0.99590373
CNGA3,0.999969,0.99989426,0.9997469,0.99958897,0.9997046,0.9996948,0.9997491,0.9994365
USP11,0.9944491,0.9958062,0.9965905,0.9943273,0.994611,0.9945523,0.9973487,0.9948311
ZMIZ1,0.98698884,0.9901413,0.99195254,0.98677117,0.9876555,0.9875848,0.9938284,0.9871702
TEX10,0.9970321,0.9977918,0.9985154,0.9974439,0.99752736,0.99742806,0.99891263,0.9979655
APLP2,0.99769694,0.9983063,0.9983529,0.99725926,0.9975647,0.99740994,0.9986777,0.99732995
TTBK2,1.0060649,1.0047057,1.0037196,1.006019,1.0058578,1.0060102,1.0029409,1.0051097
PCCA,1.0058309,1.0045619,1.0032183,1.0052314,1.0052023,1.0050851,1.0024432,1.0048727
ADSL,1.0019164,1.0014694,1.0010512,1.0017633,1.0016053,1.0014591,1.0007257,1.0013809
ABLIM2,1.0042112,1.0032355,1.0025071,1.0041281,1.0038896,1.0037619,1.0019019,1.003897
ALOX12B,0.9973247,0.9979583,0.9983456,0.99721843,0.99741083,0.99741936,0.99872804,0.99740547
EDEM1,1.0013728,1.001073,1.0006104,1.0010424,1.0011692,1.0008371,1.0004048,1.0010637
ADAMTS7,0.99654114,0.997285,0.997839,0.99648803,0.99667525,0.99674577,0.998369,0.99718213
KIF6,1.0011663,1.0009505,1.0006108,1.0009763,1.0010403,1.0009425,1.0004883,1.0009025
PITPNM2,0.9997134,0.9997137,1.000062,1.0000881,0.99984854,1.0001445,1.000107,0.9997456
TTC7B,1.0017892,1.0013319,1.0009477,1.0014986,1.0015087,1.0013797,1.0006688,1.0016187
PLCL1,0.9938613,0.9953841,0.9959366,0.9932998,0.9941137,0.99398863,0.99693143,0.9935211
ITGB6,0.99854106,0.998896,0.9990169,0.998321,0.99847966,0.998495,0.99922585,0.9983065
TAF15,1.0004263,1.0004292,1.0003762,1.0004689,1.0004768,1.000544,1.0003798,1.0007316
BCS1L,1.0019288,1.001492,1.0012733,1.0020468,1.0019885,1.0019047,1.0010086,1.0019553
UNC5B,1.000206,1.0001506,1.0000937,1.000125,1.0000616,1.0001364,1.0000241,0.9994365
ALPK2,0.99971247,0.9998068,0.99992514,0.99972785,0.9997262,0.99987555,0.9999684,0.9996059
CORO7,1.0008112,1.0005333,1.0006765,1.0010564,1.0007828,1.0009313,1.0005143,1.0010071
LRIG2,1.0059893,1.0045378,1.0038718,1.0062591,1.0058364,1.0058712,1.0029974,1.0066001
ENPP3,0.99872625,0.999061,0.99906564,0.9984277,0.9986739,0.99855816,0.999261,0.99841046
TARSL2,0.9967072,0.99750435,0.9980099,0.9966529,0.996889,0.9968914,0.9984898,0.9969293
TBX2,1.0043298,1.0033697,1.002396,1.0038667,1.0039049,1.0038035,1.001815,1.0030932
ANKIB1,0.9902073,0.992496,0.9939598,0.99007356,0.9906647,0.99075735,0.99539554,0.9907081
PEX5,0.9993278,0.9994979,0.9993699,0.9989855,0.9991151,0.99910724,0.9994739,0.9981828
CAPN9,0.99996483,0.99996954,1.0002332,1.0003307,1.0001817,1.0002736,1.0002222,1.0000166
DYSF,1.0049042,1.0036488,1.0026768,1.0044082,1.0042975,1.004348,1.0019925,1.0037329
TCF25,0.99860203,0.9989475,0.9991598,0.9985588,0.99859864,0.99852395,0.9993001,0.99842286
PARP14,0.9976802,0.99816465,0.9985721,0.9975848,0.9976383,0.99755895,0.9988437,0.9985509
TUBGCP3,0.9982821,0.99865013,0.99899673,0.9984123,0.9984527,0.99830616,0.9992323,0.99855924
KNL1,1.0046024,1.0036976,1.0028206,1.0045614,1.0041927,1.0039291,1.0020849,1.0037204
DDHD1,0.9971463,0.9978536,0.9979892,0.9967676,0.9970129,0.99693847,0.99841905,0.99643767
ZNF609,0.995618,0.9966908,0.9972089,0.99539185,0.9957559,0.99551606,0.9977877,0.99512154
CMTR1,1.0029148,1.0022622,1.0018177,1.0029949,1.0026026,1.0027157,1.0013756,1.0021719
EML1,0.99968076,0.9997751,0.9997641,0.9995576,0.9997001,0.9996084,0.9998128,0.99924904
KLHL20,1.0015951,1.0012454,1.000828,1.0012534,1.0012668,1.0011661,1.0005805,1.0015395
XAB2,1.0038315,1.0029373,1.0024467,1.0038234,1.0035895,1.0036329,1.0018908,1.0042546
ALAS1,0.99875677,0.9990853,0.9992776,0.99872404,0.9989273,0.9988717,0.99947995,0.9988067
ADAM22,1.0054481,1.0041735,1.0029154,1.0047777,1.0044996,1.0043191,1.0020652,1.0044768
INVS,0.999944,0.9999348,1.0000693,1.0000322,1.0000992,0.9999413,1.0000558,1.0009339
VWA5B1,0.9984548,0.9988736,0.99908155,0.99838907,0.998629,0.99855524,0.9993205,0.9984312
RAPGEF1,0.99823654,0.9987705,0.99884737,0.9980661,0.99837065,0.9982181,0.9991667,0.99809456
BCR,0.9966351,0.99748105,0.9980081,0.99676585,0.99695957,0.99675405,0.9984983,0.99691427
GPSM2,1.0047733,1.0036137,1.0032907,1.005207,1.0044794,1.0048895,1.0025353,1.0046391
SLC26A6,1.0012302,1.0008893,1.0009867,1.0015265,1.0011008,1.0013485,1.000771,1.0017121
POLR1B,1.002089,1.0015993,1.0011628,1.0018566,1.0017881,1.0018177,1.00088,1.0017267
MEGF6,0.99921346,0.9994122,0.9995607,0.999287,0.999321,0.99938786,0.9997129,0.99859846
ZNF568,1.0012304,1.0010228,1.0009879,1.0014696,1.0013834,1.0015998,1.0008924,1.0014248
NAA25,1.0013416,1.0009954,1.0011101,1.0016952,1.0012418,1.0014836,1.0008376,1.0015743
TAP2,1.0047779,1.003694,1.0030179,1.0048287,1.0045134,1.0045183,1.0022938,1.0042828
SEMA6D,0.98892295,0.9916315,0.99328876,0.98886603,0.9896058,0.98948634,0.99488205,0.9900907
TRIM33,0.99515957,0.99635506,0.99705005,0.9951638,0.9954711,0.9954252,0.9977299,0.99467766
TJP3,0.9985868,0.9989085,0.9993067,0.9987285,0.9986987,0.9989002,0.99950755,0.9987792
GPI,0.9952703,0.99643576,0.9973254,0.9955003,0.9957602,0.9958023,0.9980098,0.99596
NFATC3,1.004962,1.0037993,1.0031583,1.0050931,1.0045779,1.0046438,1.0024023,1.005235
TRIM3,1.0011585,1.0008985,1.0009787,1.0015572,1.0013276,1.0014849,1.000833,1.0010405
NEFH,1.0008358,1.0005274,1.0003498,1.0006177,1.0006851,1.0006083,1.000237,1.0007689
ACTL6B,0.99978137,0.99982625,1.0002474,1.0002235,1.0001998,1.000244,1.0002654,1.0009305
NAV1,0.9888664,0.9915464,0.99345946,0.98911035,0.9897401,0.9897666,0.99501234,0.98937607
VPS35,0.9968504,0.99761134,0.9981617,0.9969374,0.997064,0.9971962,0.9986186,0.9967734
EPB41L4A,1.002332,1.0017238,1.0012033,1.001953,1.0018982,1.0020503,1.0009365,1.0025564
ANKRD36C,0.9967072,0.99750435,0.9980099,0.9966529,0.996889,0.9968914,0.9984898,0.9969293
LDLR,0.9968489,0.9975692,0.99798685,0.99666405,0.9968529,0.9968667,0.9984429,0.9972234
HFM1,1.0059001,1.0044234,1.0036728,1.0059794,1.0055956,1.0058787,1.0028608,1.0050178
NSMAF,1.0027585,1.0020919,1.0017155,1.0027726,1.0025444,1.0027411,1.0013243,1.0016801
TGFBI,0.9996966,0.9998652,1.0000352,0.99972975,0.9996356,0.9999286,1.0000867,1.0001992
MAP2,0.9909902,0.993159,0.9943643,0.99068594,0.9913341,0.9913063,0.9956341,0.9908447
FGD5,1.0074103,1.0056473,1.0043072,1.0069449,1.0064106,1.0063875,1.0031338,1.0063801
RBMXL3,0.99672586,0.9975175,0.9980096,0.9966568,0.9969015,0.9969016,0.9984899,0.9969167
TDRD3,1.0025222,1.0020804,1.0017414,1.0027758,1.0025727,1.0025259,1.001387,1.0020881
CASKIN2,1.0041203,1.0031254,1.002489,1.00404,1.0037315,1.0036483,1.001863,1.0041678
EXPH5,0.9973204,0.99794734,0.99837273,0.9972912,0.997491,0.99732184,0.99873793,0.9981723
DLG3,0.9940332,0.99538755,0.9964084,0.9941494,0.9943482,0.9946436,0.9972873,0.99361867
CLSPN,0.9981121,0.99861825,0.99858063,0.9977182,0.9980432,0.9974765,0.9987948,0.9980942
LOXL3,1.0017068,1.0014858,1.0011185,1.0017463,1.0018665,1.0019343,1.0010242,1.001264
PDE9A,0.99950206,0.999521,0.99950624,0.9992193,0.9990572,0.9993086,0.999557,0.9987521
PDE8A,1.001069,1.0008394,1.0007714,1.0012033,1.0008651,1.0009431,1.0005476,1.0006167
GNPTAB,0.9917318,0.993839,0.99509466,0.99180126,0.9922925,0.99229735,0.9962937,0.99188673
ESYT3,0.99925894,0.9994415,0.9995177,0.9991213,0.99920106,0.99922645,0.99962693,0.99926174
CFAP61,1.0014243,1.001122,1.0009941,1.0015268,1.0013769,1.0014535,1.0008107,1.0016272
TEX2,1.0022562,1.0016971,1.0014306,1.0023596,1.0021284,1.0024215,1.0011624,1.0015407
C2CD5,0.9975337,0.9981454,0.9982561,0.99711484,0.9973484,0.9972162,0.9985803,0.9975449
MYBPC2,0.99930197,0.9994755,0.9996593,0.9993722,0.999354,0.9994706,0.9997611,0.9993051
FGD1,0.9988408,0.9991871,0.9993341,0.9987337,0.9989673,0.9989054,0.99956834,0.99986637
CUBN,1.002424,1.0018475,1.0014092,1.0022159,1.0022588,1.0022101,1.0011169,1.0031266
ARHGAP29,0.99834144,0.99884796,0.9990871,0.9983326,0.9983355,0.99844456,0.99930114,0.9978893
ADGRA2,1.0063747,1.0047758,1.0039324,1.006269,1.0057161,1.0060604,1.0029705,1.005783
ATG9B,1.0021752,1.0016453,1.0014504,1.0023441,1.0020401,1.0022627,1.0011631,1.0020353
CCDC18,1.0017296,1.001432,1.0012401,1.0018257,1.0016084,1.0017296,1.0009525,1.0010548
LPIN3,1.0022395,1.0016481,1.0015578,1.0024815,1.0021725,1.0023837,1.0011826,1.001703
PPP1R9A,0.9950968,0.99637437,0.9968242,0.9947669,0.9952279,0.9950803,0.99757123,0.99493724
NID1,0.98914397,0.9918632,0.99378943,0.98958796,0.99017787,0.9906557,0.99550176,0.98964584
EIF4ENIF1,0.99557006,0.9966537,0.9972975,0.9955182,0.9957193,0.9956507,0.9979167,0.9956875
CACNB1,1.0003095,1.0002396,1.0000651,1.0000434,1.0002154,0.99986106,0.9999796,1.0003523
MTHFD1,0.99679506,0.99754494,0.99872136,0.9976864,0.9975142,0.99785626,0.9992107,0.9987407
MATN4,0.99944603,0.9995989,0.99974215,0.99949026,0.99962354,0.999755,0.9999168,0.99960923
USP48,1.0007756,1.0006024,1.0004251,1.0006759,1.0005755,1.0005317,1.0002646,1.0003225
ADGRG4,0.9974531,0.9980797,0.99847746,0.99743986,0.9976376,0.9975283,0.9988303,0.9976725
AGO4,0.9945024,0.9958061,0.99634624,0.9940609,0.9945085,0.9944024,0.9971572,0.9944202
TAP1,0.9972438,0.9979508,0.99856246,0.9975524,0.9976226,0.9975569,0.9989237,0.99753547
KPNB1,0.99623877,0.9971442,0.9974713,0.9958698,0.9961455,0.9961872,0.9980563,0.9964589
DTNA,0.9998342,0.9999625,0.9996824,0.99948776,0.9997213,0.99925137,0.9996987,0.99996334
TTLL7,0.9985319,0.9988269,0.9991733,0.99861795,0.99870026,0.99865746,0.99939525,0.99991137
ALDH16A1,0.9984527,0.9988333,0.9988621,0.998066,0.99832636,0.99797904,0.9990412,0.9985925
SRCIN1,0.99563235,0.9966965,0.9973328,0.9956398,0.9958794,0.9958774,0.99792254,0.9948795
DDX27,1.0004926,1.0004492,1.0001231,1.0001985,1.000229,1.0001261,1.0000436,0.9998567
STAT1,1.0010422,1.0008392,1.0008123,1.0012684,1.0010979,1.0010166,1.0006523,1.0019268
SORBS2,0.9951208,0.9962657,0.996856,0.99472284,0.9951645,0.9951633,0.99759233,0.9959828
SGSM1,1.0038488,1.0030313,1.0024447,1.0039388,1.0036042,1.0035193,1.0018468,1.0036931
LLGL1,1.0039372,1.0029826,1.0023724,1.0039443,1.0036879,1.0033948,1.0017331,1.0037614
CDH2,0.9923421,0.9941598,0.9951821,0.99209106,0.9925941,0.99271333,0.996315,0.9923265
USP40,1.0022919,1.0016862,1.0010451,1.0016631,1.0015782,1.0017208,1.0007367,1.0017928
ABCC8,1.0009464,1.0008016,1.000597,1.0010512,1.000932,1.0006326,1.0003715,1.0000296
ASTN1,0.9998457,0.9999008,1.000406,1.0004686,1.0001814,1.0004807,1.000438,1.0008441
BIRC6,0.9963891,0.9973202,0.99737465,0.9957287,0.9961797,0.9959426,0.9979067,0.99585605
ELP2,1.001145,1.0008643,1.0008714,1.0013547,1.0012152,1.0012463,1.0006869,1.0010993
VAV2,0.9995812,0.9996009,0.99973726,0.99956596,0.9995161,0.99945945,0.9997387,0.9994701
UHRF1BP1L,1.0003972,1.0003006,1.0004337,1.0006204,1.0003518,1.0005622,1.0003164,0.9999956
BCKDHA,0.9971673,0.9978645,0.9984206,0.9973325,0.99758184,0.9975943,0.99889475,0.9979373
KTN1,0.9976468,0.99824715,0.99854,0.9975188,0.9976403,0.9976373,0.9988586,0.99770933
TTLL4,0.9967898,0.9975904,0.9982461,0.9971349,0.99715406,0.99722314,0.99871767,0.996731
NDUFS2,0.99744236,0.9980344,0.9983467,0.99724025,0.997373,0.9973043,0.99866605,0.99770087
H6PD,1.0000213,0.99994004,0.99985635,0.99977773,0.99976593,0.9997345,0.9998863,1.0011557
KIF26B,1.0062876,1.0048623,1.0040536,1.0064627,1.0061625,1.0061822,1.0031664,1.0063369
RABGAP1L,0.9966003,0.99743056,0.9978839,0.9964579,0.99659264,0.99639404,0.9982891,0.9967328
CNTLN,0.997843,0.9983618,0.99915195,0.99838734,0.9981421,0.9981717,0.9993458,0.999071
ITGAD,0.99813807,0.99854434,0.99882555,0.99801826,0.9981217,0.99813616,0.9990744,0.9982828
C6,0.99928516,0.99941385,0.9995178,0.99914294,0.9992512,0.9992873,0.9996203,0.9991529
GIT1,0.9996395,0.99972224,0.9995787,0.9993386,0.9994224,0.99934036,0.99961495,0.99897844
HIPK1,0.99563694,0.9966827,0.9972873,0.9955605,0.99589086,0.99572575,0.9979173,0.9960362
QARS,0.9967072,0.99750435,0.9980099,0.9966529,0.996889,0.9968914,0.9984898,0.9969293
COL17A1,0.9975455,0.9981735,0.99846876,0.9974531,0.9976481,0.99745744,0.9987813,0.99754024
IKBKB,1.0016803,1.0013487,1.0012252,1.0018482,1.0016433,1.0013963,1.0009004,1.0026441
BRWD1,0.99230385,0.9941847,0.99553305,0.99261785,0.993037,0.9930352,0.99662995,0.9926537
ZNF521,1.0005965,1.0004959,1.0004737,1.0006878,1.0007285,1.0007489,1.0003753,0.99985635
FNIP1,1.0064063,1.0049707,1.0036664,1.0059668,1.0057632,1.0055892,1.0027109,1.0046977
AP3D1,0.99669755,0.9975153,0.9977808,0.9963861,0.9966339,0.99659634,0.9982652,0.9961543
GLB1,1.0009305,1.0009123,1.0000648,1.0001277,1.0006379,1.0003242,1.0000877,0.9998857
PTPN6,0.99606943,0.9969599,0.997674,0.9960717,0.99639785,0.9965834,0.99828255,0.9962535
CRYBG2,1.0013808,1.0010822,1.0006607,1.0010664,1.0011549,1.0009404,1.0004431,1.0009704
POP1,1.0036457,1.0026803,1.0026394,1.0042301,1.0036353,1.0039704,1.002081,1.0043659
SCAF4,0.9942137,0.99545884,0.99670327,0.99441254,0.9943391,0.99468446,0.9974319,0.99475026
DDX42,0.9973705,0.9979603,0.9979056,0.99660337,0.9969287,0.9968139,0.9982705,0.9966327
ABCD4,0.99949455,0.99961364,0.99953306,0.9992304,0.9992209,0.999138,0.99958485,0.99975014
FMN1,1.0017172,1.0012752,1.0010215,1.0015787,1.0015664,1.0015328,1.000746,1.0016149
CDHR2,0.99672854,0.9975084,0.9980687,0.9967921,0.99695337,0.99689233,0.998521,0.9971194
HERC4,1.0003679,1.0003326,1.0005419,1.0007446,1.0005882,1.0010741,1.0005928,1.0003874
ANKRD17,0.9960787,0.9970648,0.9974575,0.9958917,0.99625635,0.99589366,0.997988,0.99593943
QSER1,0.9938222,0.99534285,0.99598044,0.9933534,0.9939029,0.9938266,0.99689496,0.9935807
HIPK2,0.99145806,0.99358344,0.99452245,0.99102175,0.99171287,0.99149585,0.9957599,0.99129856
FBXW7,0.9960934,0.99695396,0.9974421,0.9958191,0.996034,0.99605465,0.9979543,0.9953958
ADARB2,1.0010997,1.0008067,1.0004483,1.0006645,1.0007262,1.0007333,1.0003326,1.0016329
DHX30,0.99853164,0.9989984,0.99930537,0.9987153,0.9989221,0.9988035,0.9995488,0.9989476
SAMD9L,0.99818915,0.99865466,0.9988884,0.9980804,0.9983052,0.99831265,0.999184,0.99826014
PTPN13,0.9986026,0.99895656,0.9984927,0.9977232,0.998018,0.9975946,0.99871063,0.99815375
MCM3,0.9917537,0.99382055,0.99532866,0.9922409,0.992677,0.9924426,0.99652064,0.9931749
QRICH2,0.99875593,0.99898237,0.9995302,0.999141,0.9990448,0.9993146,0.9997196,0.9989344
ACADVL,0.9966407,0.9975165,0.99788547,0.99653983,0.9968302,0.9966197,0.99837995,0.99669135
EIF3A,0.99438584,0.9957446,0.9966911,0.9944876,0.9947788,0.99485695,0.99748087,0.99460304
MCTP1,0.9988797,0.9991474,0.9995319,0.9991047,0.9990322,0.9992846,0.9997455,0.99968874
HLTF,0.9955326,0.9965798,0.9971289,0.9952456,0.9955833,0.99566007,0.9977794,0.99537015
NUP133,1.0017598,1.0012323,1.0008249,1.0013797,1.0012491,1.001245,1.000536,1.0015497
TARBP1,0.9992532,0.99943924,0.99986947,0.999569,0.99955994,0.99971116,0.9999788,1.0000324
PPFIA3,1.0026455,1.0019265,1.0014077,1.002426,1.0022789,1.0022236,1.0010067,1.0019106
RIPOR1,1.0023345,1.0017929,1.0010808,1.0018336,1.0019197,1.0015895,1.000716,1.0012136
GRM6,0.996157,0.997125,0.99758935,0.9960368,0.99640185,0.99656236,0.99829304,0.9961845
SEMA3F,1.0031613,1.0025076,1.0019122,1.0030867,1.0030977,1.0030661,1.0015222,1.002243
KIF4B,1.0008879,1.000556,1.0007539,1.0011888,1.0009228,1.0013753,1.0006644,1.0010345
AP3B2,1.0010228,1.0007379,1.0008571,1.0013229,1.001069,1.001366,1.0007353,1.0011126
CACNA1C,1.0068294,1.0051788,1.0038952,1.0063878,1.0060829,1.0058751,1.0027945,1.0051765
PKP4,0.99911666,0.9994103,0.9995711,0.9992149,0.99921656,0.99942577,0.99976027,0.9989078
CUL5,1.0018741,1.0014594,1.0012937,1.0019484,1.001837,1.0020497,1.0010461,1.0018529
RFC1,0.9988612,0.9992109,0.9994636,0.9990485,0.99894524,0.9989786,0.99961424,0.99898654
OSBP2,1.007046,1.005355,1.0046281,1.0074923,1.0069098,1.0069921,1.00357,1.007227
IPO13,1.0045171,1.003411,1.0026604,1.0043435,1.0041502,1.0040421,1.0020154,1.0043774
RGS3,0.99772656,0.9983406,0.9983389,0.99736005,0.9977336,0.9972089,0.9986508,0.9976051
CAND2,1.0001097,1.0001338,1.0002989,1.0004468,1.0003324,1.0002546,1.0002544,1.0000151
OPLAH,0.9939334,0.99548817,0.99651074,0.9941381,0.99456286,0.9944897,0.9974083,0.99445146
NDST2,1.0053527,1.0040903,1.0033447,1.0054193,1.0051004,1.0050385,1.0025649,1.005499
SIK2,1.0038586,1.0029507,1.0023198,1.0036178,1.0036187,1.003764,1.0018619,1.0042489
WDR7,1.0048399,1.0037954,1.0029246,1.0046748,1.0046333,1.0044105,1.0022197,1.0040486
GALC,0.9991249,0.9993014,0.99944246,0.9991191,0.9991757,0.9991896,0.99962044,0.9992615
DIS3L2,1.0014918,1.0011008,1.0009838,1.0016457,1.0013609,1.0013939,1.0007421,1.0015837
TMC2,1.0011325,1.0007603,1.0011412,1.0017053,1.0012712,1.0016222,1.0009199,1.001698
OSBPL6,1.0024378,1.0018731,1.0013237,1.0020653,1.0019512,1.0019695,1.0009545,1.0022949
MUSK,0.99583375,0.99685395,0.9975003,0.9958135,0.9961096,0.99612236,0.99812055,0.996118
ERN1,0.998518,0.99890316,0.9991704,0.9985878,0.9986607,0.9985516,0.9993269,0.99812704
PPP1R12B,0.99834424,0.9987248,0.9990522,0.9984262,0.9984752,0.9982924,0.99923664,0.99903876
HIPK3,1.0005312,1.0003865,1.0001436,1.0002241,1.0001935,1.0000548,0.99998415,0.99981785
PDE8B,0.9917103,0.993842,0.9944134,0.99082375,0.99180436,0.99138534,0.9957753,0.9926506
CAPN7,1.0036451,1.0027502,1.0022211,1.0035598,1.0035121,1.0035466,1.0017369,1.0033257
CHRD,1.0067055,1.0050622,1.0041732,1.0068127,1.0063303,1.0064378,1.0031583,1.005598
SLC20A2,1.0018414,1.0015295,1.0010903,1.0017271,1.0015951,1.0015929,1.0008523,1.0012623
TECPR2,0.997804,0.9982922,0.99866265,0.9977603,0.9978212,0.9979846,0.99903476,0.99818134
TNIK,1.0012372,1.0009265,1.0003021,1.0006226,1.0007023,1.0006491,1.0001793,1.0005989
DES,0.99668026,0.99747914,0.9979962,0.99663115,0.996866,0.99687994,0.99848247,0.99692774
OSBPL1A,1.0033249,1.002583,1.0017076,1.0027957,1.0026911,1.0026307,1.0012506,1.0024669
PRKCH,0.9975139,0.99804366,0.99823695,0.9970766,0.9971448,0.9970772,0.9985113,0.9975704
ARHGAP45,0.9980657,0.99842083,0.998718,0.9977621,0.9979955,0.9981377,0.99900377,0.99860275
SHROOM2,0.9982641,0.9986793,0.9991068,0.99846625,0.99840534,0.99847054,0.9993162,0.99848545
CENPE,1.0016847,1.0013831,1.000857,1.001409,1.0013692,1.0010494,1.0005656,1.0008764
AFF1,1.0032123,1.0024152,1.0019634,1.0031296,1.002789,1.0030103,1.0014533,1.0023884
IQSEC1,0.99565125,0.9966247,0.9970346,0.9951752,0.99555993,0.9953581,0.9976201,0.9951667
PRRC2A,0.9936465,0.9951713,0.99627954,0.99380326,0.99410546,0.9942622,0.9972425,0.9945011
LARP1,0.990209,0.99266183,0.9939808,0.9900937,0.9908223,0.99075544,0.9954438,0.99018914
XIRP1,0.996894,0.9976403,0.99810886,0.9968235,0.99702984,0.9970304,0.99855304,0.99707484
TTC17,0.9993756,0.9994974,1.0000235,0.9999259,0.99973637,0.9998975,1.0000949,1.0002819
IRS1,0.99955165,0.9997483,0.9991405,0.99863696,0.99916345,0.99865127,0.99929726,0.9997637
AGBL5,1.0029882,1.0023696,1.002076,1.0033079,1.0032245,1.0031168,1.0016757,1.0030925
PPFIBP1,0.99865663,0.99901414,0.9992881,0.9988502,0.998646,0.99873626,0.9994296,0.9982604
NWD1,1.0006595,1.0005325,1.0002882,1.0004067,1.0004859,1.0003225,1.0002021,1.0010092
PCCB,0.9984686,0.9988237,0.9996967,0.9993106,0.9991323,0.99945563,0.99995005,0.99970293
PLA2G6,1.0006509,1.0006247,1.0003864,1.0005083,1.0005828,1.0006407,1.0003787,1.0006154
SMARCAL1,1.0034527,1.0027812,1.0018454,1.0030521,1.0031924,1.0028486,1.0014007,1.0025916
FHAD1,1.0018219,1.0013164,1.0011996,1.001887,1.001651,1.001894,1.000943,1.0020462
ATAD5,1.0055699,1.0043312,1.0035264,1.0056642,1.0051548,1.0049351,1.0025859,1.005153
PAXBP1,0.99666834,0.99746966,0.9980502,0.9967481,0.996997,0.99693596,0.9985347,0.9971938
TNPO1,0.9924069,0.9942064,0.9952493,0.9922073,0.99268115,0.992908,0.9963956,0.99210584
MPRIP,0.99347794,0.9950861,0.995741,0.99309254,0.993742,0.99338007,0.9966904,0.99311256
TRIO,1.0016222,1.0013018,1.0008122,1.0013503,1.001308,1.0010467,1.0005252,1.0007257
HMGCR,0.988148,0.9909997,0.99252844,0.9877577,0.98863614,0.98855615,0.9942628,0.9881575
TMEM131L,0.99926233,0.9994561,0.999703,0.9993163,0.9994714,0.99930465,0.99977374,0.99975646
LRRFIP2,1.0039954,1.0031483,1.0023214,1.0037639,1.0037601,1.003638,1.0018133,1.0036594
LRIG1,0.99673355,0.9974936,0.9984207,0.9972192,0.99713975,0.9974439,0.9989121,0.99796355
TAF1L,1.0029974,1.0023025,1.0017525,1.0028149,1.0028138,1.0026677,1.0013323,1.003004
CARD11,1.0003004,1.0002825,0.9999647,0.9998524,1.0000069,0.99992394,0.9999045,0.99956524
SMG8,0.9973278,0.99792945,0.9985606,0.9975407,0.9978151,0.99777603,0.999012,0.9986422
CWC22,1.0073104,1.0056943,1.004546,1.0073493,1.0068648,1.0067024,1.0034094,1.00629
EFCAB5,1.0055988,1.0042388,1.0032094,1.0052197,1.0049814,1.0048246,1.0023648,1.005444
GARS,0.9967072,0.99750435,0.9980099,0.9966529,0.996889,0.9968914,0.9984898,0.9969293
ARID4A,0.993404,0.9950125,0.9957789,0.99302185,0.9936385,0.9934577,0.9967215,0.99359727
ABLIM1,0.99643743,0.9973266,0.9973599,0.9958209,0.99634874,0.99580514,0.9978399,0.99571025
HEATR6,1.0054414,1.0042472,1.0032749,1.0052803,1.005077,1.0051136,1.0025703,1.005322
CR2,0.9985682,0.9989715,0.99913794,0.99850845,0.9986025,0.9985839,0.99933994,0.9984195
CLIP2,0.99670756,0.9974072,0.9980477,0.99679446,0.9967922,0.99685156,0.99850464,0.99758935
GOLGB1,0.99843323,0.9987735,0.9990455,0.9984151,0.998384,0.9984897,0.9992325,0.99842787
EPC1,0.9960455,0.99699855,0.9971698,0.9953507,0.9957708,0.9956172,0.9977307,0.9958515
ANKRD52,1.0038567,1.003021,1.0023583,1.0038092,1.0036346,1.0033193,1.001753,1.0038332
POLD1,0.99541736,0.9967301,0.99756074,0.99594116,0.99632114,0.9958434,0.99822676,0.9958463
GREB1L,1.0099884,1.0075295,1.0058472,1.0095861,1.0090322,1.0089841,1.0043194,1.0086085
SLC26A9,0.99872077,0.9990678,0.9992758,0.99869835,0.99883157,0.99883366,0.9994546,0.9984006
REV1,0.9957471,0.996789,0.99699676,0.9950594,0.9955305,0.9952791,0.9975802,0.9952894
SKOR2,0.9965713,0.99738294,0.9979571,0.9965608,0.99676573,0.99687946,0.9984804,0.99698925
NHSL1,0.9983215,0.99873376,0.99923575,0.99864715,0.9986313,0.9987125,0.99950033,0.9992596
KCNH8,0.9990087,0.999208,0.9991193,0.9985347,0.99874604,0.9985379,0.9992513,0.99929595
LRP12,1.0008467,1.0005903,1.0005227,1.000824,1.0007536,1.0008742,1.0003928,1.0003779
PDE1C,1.0000334,0.9999964,1.000351,1.0004,1.0001581,1.0003241,1.0003508,1.0014746
POMT2,1.000164,1.0001307,0.9998719,0.99983096,0.99989307,0.99991405,0.9999084,0.99958396
KIF20A,1.0050794,1.0040187,1.0028212,1.0046275,1.0045189,1.0041478,1.002044,1.0031466
PLEKHG5,1.0030634,1.0023352,1.0017011,1.0028262,1.0026963,1.0023906,1.0011476,1.0018435
FER1L6,0.99872243,0.99903846,0.99951935,0.99906737,0.9989675,0.9991376,0.99968743,0.99914163
NYNRIN,1.000632,1.0005704,1.0001597,1.0002663,1.0004474,1.0003811,1.0001442,0.9996751
DNAH2,1.0041883,1.0031451,1.002631,1.0042355,1.0038171,1.003802,1.0019302,1.00381
DISP2,1.0017619,1.00128,1.0008694,1.0014738,1.0014623,1.0014036,1.0006044,1.0010581
ZNF451,0.99605405,0.9969356,0.9974632,0.9957309,0.9960433,0.9961147,0.99802625,0.9963605
EXOC6B,1.0063856,1.0048451,1.0038847,1.0062941,1.0058129,1.0057454,1.002843,1.0054274
NOTCH4,0.99802685,0.9985724,0.9985579,0.9977215,0.99796075,0.9977262,0.9988537,0.9973116
ASTN2,1.0028751,1.0020413,1.0023471,1.0036465,1.0030969,1.0034492,1.0018942,1.0044128
OCRL,1.0044116,1.0034587,1.0026878,1.0043044,1.0039501,1.0040246,1.0020363,1.0039527
ANKRD28,0.99799585,0.99852854,0.9989744,0.9982042,0.99838895,0.9984311,0.99931896,0.99831617
MICAL1,0.99852777,0.9988251,0.9991385,0.9985367,0.9986297,0.9988244,0.99940336,0.99894595
SGSH,0.99751496,0.99815613,0.998644,0.9976321,0.9977889,0.99805355,0.99910057,0.99805963
XPO6,0.9968904,0.9976523,0.9983082,0.9971318,0.9973403,0.9974847,0.9987979,0.9967528
PAX7,1.0046656,1.0035117,1.0031589,1.004997,1.004458,1.0047843,1.0024481,1.0044998
BCORL1,1.005558,1.0042106,1.0034976,1.0056053,1.005256,1.0053062,1.0026273,1.0047858
EMC1,1.0009911,1.000747,1.0005165,1.000836,1.0007837,1.0005326,1.0003047,1.001078
RC3H1,0.99634415,0.99724126,0.99758554,0.99601305,0.9962412,0.9961762,0.99807733,0.9961262
NCAN,0.9962651,0.9970698,0.99773335,0.996221,0.99638045,0.9964867,0.9982154,0.99626863
SOGA1,0.9959513,0.99698424,0.9975697,0.9959673,0.99622667,0.9960911,0.998145,0.9960746
NDUFS1,0.997085,0.9979156,0.9982172,0.99701905,0.99743986,0.99727607,0.9986972,0.99690616
PLEKHG4,0.99966764,0.99971914,0.99986875,0.9996834,0.99974155,0.99981666,0.999941,0.99982285
PHF14,0.9945342,0.99584,0.9966019,0.9943702,0.9947679,0.9947491,0.9973823,0.9945284
CLCNKB,0.9978539,0.99839693,0.9988161,0.9979346,0.99809337,0.99810773,0.9991437,0.99828845
RDX,0.9969996,0.9977632,0.99803424,0.9967011,0.99688584,0.99688923,0.9984534,0.9969233
NFXL1,1.0034595,1.0026137,1.0021343,1.0034457,1.0032754,1.003144,1.0015937,1.0032152
PPRC1,1.0003964,1.0003253,1.0003043,1.000461,1.0005202,1.0003002,1.0002601,1.0008671
ADAM19,1.0053043,1.0039973,1.0033774,1.0055239,1.0050867,1.0049301,1.0025159,1.0050132
MROH2A,0.9963501,0.9972314,0.9977821,0.9962914,0.9965582,0.9965682,0.99832296,0.9965304
EPRS,0.9967072,0.99750435,0.9980099,0.9966529,0.996889,0.9968914,0.9984898,0.9969293
DHX15,0.9994531,0.9996083,0.9998447,0.999628,0.99966425,0.99984145,0.99995816,0.99949026
BTBD7,0.9969357,0.9977602,0.9977001,0.9961759,0.99651515,0.9962534,0.99809146,0.9962031
PTPRM,0.99272287,0.99448484,0.99530935,0.99236274,0.9931637,0.99318516,0.99653435,0.99247
DHX34,0.9979956,0.99837804,0.999262,0.9986745,0.9985222,0.99891526,0.999583,0.9990039
CILP2,0.9989035,0.9991939,0.999246,0.99868286,0.9988271,0.9987565,0.999404,0.9989324
ITGAX,0.99481344,0.9960669,0.99656785,0.994345,0.99487126,0.9946945,0.99731517,0.9944077
ABCF2,0.99981844,0.99978936,1.0002958,1.0003618,1.0000486,1.0002967,1.0002708,1.0000825
MTMR11,0.9971471,0.99791867,0.99818534,0.997044,0.9973511,0.99716234,0.99865514,0.9968957
MAP3K12,1.004648,1.003567,1.0025789,1.0042045,1.0043108,1.0041988,1.001945,1.0028458
C2orf16,1.0007786,1.0005903,1.0003915,1.0005965,1.0006156,1.0005143,1.0002681,1.0007689
ANKRD26,0.997394,0.9979905,0.998333,0.9973306,0.99746305,0.9973406,0.99867177,0.9973043
RP1,0.99910176,0.9992902,0.9997455,0.99938285,0.99918365,0.9995582,0.9998643,0.99943054
FAM214A,1.0021404,1.001806,1.0012668,1.00193,1.0020281,1.0018475,1.0010196,1.0020647
FZD1,0.9976723,0.99831986,0.9983573,0.9973816,0.99768794,0.9973548,0.99874324,0.99768555
RELCH,1.0014956,1.00118,1.0009658,1.0015374,1.0015067,1.0015095,1.0007787,1.0011755
KIF17,1.0041106,1.0030056,1.0023375,1.003827,1.0034821,1.0034881,1.0016497,1.0035003
ERC2,0.98896027,0.99168444,0.9930591,0.9885401,0.9896089,0.98933583,0.99469805,0.989233
ZNF646,1.0045785,1.0034941,1.0025022,1.0040319,1.0039076,1.003663,1.0017993,1.0043516
NLRP3,0.9989406,0.99915147,0.99910474,0.9985473,0.99880457,0.9988181,0.99929917,0.9982817
FRMD4A,0.99206483,0.9939481,0.9951287,0.99189436,0.9922654,0.9926809,0.9963169,0.99220675
MON2,0.999851,0.9998999,0.99956715,0.9992705,0.9993397,0.99919146,0.99954534,0.9993552
NOTCH2,0.9940858,0.99568117,0.99643546,0.99413323,0.99458396,0.9943105,0.9973754,0.9947225
NADSYN1,1.0057726,1.0043517,1.0035878,1.005859,1.0053688,1.005501,1.0027337,1.0055252
NCAM1,0.98976,0.992196,0.9937219,0.9896189,0.9902399,0.99031955,0.9951786,0.9900767
MTMR3,1.0001606,1.0001006,1.0003829,1.0005305,1.0003002,1.000707,1.0004045,1.0005076
MALRD1,0.9979212,0.9983853,0.9986814,0.9978355,0.99798584,0.9978347,0.99894845,0.99799097
NFATC2,0.99702424,0.9977218,0.99809563,0.99675155,0.99721086,0.9972525,0.99860495,0.9972036
UBE4A,0.998862,0.99915594,0.99919444,0.998665,0.99885374,0.99863213,0.99933374,0.9987471
KCNB2,1.006093,1.0045428,1.0041215,1.0065076,1.0058129,1.0061703,1.0031579,1.0065491
GFPT1,0.99684894,0.9975592,0.99845517,0.997339,0.99720466,0.9975395,0.9988851,0.997474
FNDC3A,0.9948326,0.9960532,0.9966089,0.9943347,0.9947786,0.9947241,0.99735236,0.99528265
TMTC1,1.0058814,1.0045317,1.0034924,1.0058072,1.0053723,1.0049752,1.0025395,1.0049323
EFCAB6,1.0014741,1.001068,1.0011339,1.0017499,1.0014861,1.0014919,1.0008528,1.0016959
IPO8,0.998181,0.9985279,0.99909115,0.99850583,0.99842644,0.9985956,0.99935687,0.9987164
GFPT2,0.99986124,0.9998944,1.0001717,1.0002663,1.0000074,1.000016,1.0001028,0.99995553
SLC5A9,0.99612033,0.99705625,0.9977144,0.99617296,0.99640536,0.9964063,0.9982722,0.9964777
FILIP1,1.0051876,1.0038769,1.0029316,1.0047679,1.004426,1.0045054,1.0021416,1.0042708
WDR6,0.9985205,0.99891824,0.99910533,0.99853396,0.9985907,0.9984541,0.9992893,0.9982949
BMS1,1.0011871,1.0009644,1.0004392,1.0007229,1.0007982,1.0005263,1.0002086,1.0001211
SCN11A,1.0024153,1.0018073,1.0011489,1.0019176,1.0018737,1.0017786,1.0007764,1.0014658
MLLT10,1.0005856,1.0004859,1.0000857,1.0002022,1.0003111,1.0000033,0.9999728,0.99991167
KCNC4,0.99893254,0.9992034,0.99920607,0.9987383,0.9988619,0.9984988,0.9993292,0.9992706
ZNF850,1.0007122,1.0005804,1.0003108,1.0004514,1.000401,1.0004704,1.0002533,1.0008935
WDR60,0.99798995,0.9984019,0.99899024,0.99819946,0.9981946,0.99837315,0.99929976,0.9995507
WNK4,0.9969034,0.9976436,0.9980807,0.9967965,0.99703836,0.99701613,0.9985322,0.9969915
EDEM3,1.0021199,1.0016763,1.0011309,1.0019041,1.0019882,1.0018797,1.0008788,1.0011414
TOP1,0.99765384,0.99816644,0.9983877,0.997337,0.99750113,0.9974197,0.9986866,0.9977472
EPHA5,0.99496585,0.9961586,0.9969381,0.9947854,0.99524057,0.99513596,0.99766695,0.9965564
DDX54,1.0033522,1.0025499,1.0022607,1.0036702,1.0033556,1.0031248,1.001684,1.0039077
PDGFRA,0.99014354,0.9928615,0.9940243,0.9901047,0.9907173,0.9904555,0.99553967,0.99078846
STK10,1.0015249,1.0012064,1.0007375,1.001212,1.0012614,1.001148,1.0005279,1.0006529
ZSWIM6,0.99029934,0.9926485,0.9936892,0.9896321,0.99035347,0.99015284,0.9950696,0.99078655
HNF1B,0.99693,0.9976593,0.9981175,0.9968389,0.9970582,0.99705905,0.9985596,0.99706745
KEAP1,1.0009632,1.0007548,1.0008041,1.0012053,1.0010719,1.001158,1.000666,1.001157
PLCB2,0.99845076,0.99873954,0.99899554,0.9982573,0.99847144,0.9985235,0.99922895,0.998729
MAP3K1,1.0059562,1.0045173,1.003792,1.0060987,1.0055637,1.0057683,1.0028656,1.0048753
TRPC5,0.9983909,0.9987854,0.9989661,0.998247,0.9984035,0.99843204,0.9992207,0.9983133
LATS1,0.99688554,0.99765104,0.99769235,0.9962348,0.9968591,0.99681014,0.9982824,0.99629307
ZSWIM8,0.9938203,0.9953382,0.99607515,0.99357975,0.9941623,0.9937366,0.99692327,0.9938332
SUCO,0.99374557,0.9952822,0.99616313,0.9935628,0.9939277,0.99399793,0.997094,0.99483335
FRMPD1,0.9997567,0.9998238,0.999757,0.9995487,0.9995378,0.99940664,0.99973774,0.9998628
PLEKHG1,0.9989319,0.99914914,0.99991393,0.9996879,0.9992885,0.9997008,1.0000312,0.9998528
PARP1,0.9995285,0.9996633,0.999741,0.99953485,0.9995086,0.99949324,0.99978197,0.999501
FAN1,1.0044394,1.0033532,1.0031617,1.0050616,1.004453,1.0047948,1.0025067,1.004891
PLOD1,0.99860716,0.9988502,0.9992606,0.9986613,0.9984592,0.99856865,0.9993644,0.99970555
HK2,1.0017602,1.001379,1.0010322,1.0016807,1.0015419,1.0017979,1.0008593,1.0013697
CEP170B,1.0024002,1.0018358,1.0010293,1.0017533,1.0017416,1.0016468,1.0006802,1.001277
NTRK1,0.9976877,0.9982095,0.99865174,0.99769974,0.9977392,0.9978353,0.9989853,0.9985729
COPB1,0.9977691,0.998267,0.9986266,0.9977126,0.9977616,0.9978321,0.99894357,0.99814343
IMPDH1,0.9988215,0.99917686,0.99914014,0.9986064,0.99881685,0.9986608,0.99934864,0.99856585
ALPK3,1.0046709,1.0034989,1.0026656,1.0043677,1.0041109,1.0039663,1.0018802,1.0031466
EML4,1.0002398,1.0002398,0.9999139,0.9998719,0.99999875,0.9997008,0.99985254,0.9997616
PRDM10,1.0033164,1.0025117,1.0023717,1.0037986,1.003301,1.0035632,1.0018681,1.0035456
SEC24A,0.9998137,0.99991554,0.9998126,0.99966395,0.9997761,0.9996127,0.9998568,0.9999738
PHLDB2,1.0031924,1.0025284,1.0021306,1.003359,1.0031168,1.0029681,1.0016365,1.0037934
EXOSC10,1.003491,1.002696,1.0021825,1.0035074,1.0031524,1.0032272,1.0016494,1.0035832
TDRD6,0.999965,0.9999282,0.99996126,0.99981475,0.9997967,0.9998515,0.9999491,1.0003527
TOPAZ1,0.997078,0.9977821,0.99822044,0.997008,0.9972188,0.9972056,0.9986396,0.99721617
KCNH5,1.0001335,1.0001122,1.0001359,1.0001495,1.0001281,1.0001587,1.0000972,0.9998858
SLC25A13,1.002286,1.0019357,1.001705,1.0026346,1.0024872,1.0023212,1.0013504,1.0023799
PRKCG,0.9962856,0.9971322,0.9977815,0.99632156,0.9964876,0.9964044,0.99828684,0.9969305
PKLR,1.0011475,1.0008612,1.0009223,1.0013245,1.0011042,1.0013822,1.0007298,1.0009321
TRPC6,0.9998526,0.99986446,1.0004308,1.0004025,0.999981,1.0005294,1.0004191,1.0005785
PARP4,0.99629635,0.9972813,0.9978963,0.99658585,0.99670875,0.99657583,0.9984479,0.9966535
THBS3,0.9951902,0.99634165,0.99701595,0.995101,0.995547,0.99560344,0.9978313,0.9954721
KIF5A,1.005791,1.0042615,1.0035493,1.0058578,1.0053427,1.0055039,1.0026504,1.0052923
IARS2,0.9999392,0.9999375,0.9999157,0.9998487,0.9997505,0.9999254,0.9999417,0.99954915
IQSEC3,1.0042306,1.0031532,1.0027227,1.0044963,1.0041823,1.0043616,1.0021625,1.0042062
SND1,0.9989185,0.9992075,0.99961805,0.9992963,0.99926925,0.9993502,0.9997799,0.9993497
HBS1L,0.9985314,0.9988555,0.9994317,0.9989562,0.9988446,0.9990746,0.99963516,0.99914086
RASAL3,0.9948,0.99610627,0.9968554,0.99470544,0.9951207,0.99508667,0.997587,0.9949441
SCAF8,0.9990531,0.99927145,0.99952686,0.9991609,0.99923605,0.999127,0.9996422,0.9995775
PASK,1.0007824,1.0006247,1.0004463,1.000632,1.0005748,1.0004916,1.0002967,1.0005925
PANK4,1.0007277,1.0005543,1.0010347,1.0015141,1.001213,1.0014942,1.0009348,1.001669
ABCA5,1.001312,1.0009692,1.0004406,1.0008111,1.0008146,1.0005046,1.0002004,1.0009625
ARHGEF10L,0.99415505,0.9956666,0.99625295,0.9938208,0.99436176,0.9942082,0.9971446,0.99376845
SLC12A2,0.9984349,0.9988197,0.9990012,0.9983698,0.998386,0.9984143,0.9992621,0.99900377
ITGA8,1.0047123,1.0036314,1.0027912,1.0045215,1.0041076,1.0042075,1.002095,1.0041989
SPG11,1.0005034,1.0004038,1.0000502,1.0000869,1.0003196,0.9998786,0.9999546,1.0003905
DOP1B,0.9974363,0.9980664,0.9983241,0.99713296,0.99727654,0.9975137,0.9987374,0.9974091
PTPRU,1.0033108,1.0025814,1.002229,1.0035944,1.0032129,1.0034084,1.0017766,1.0028805
GRM1,1.0059773,1.0045884,1.0037725,1.0061392,1.0057124,1.0056062,1.0028374,1.0049752
GRIP1,1.0016874,1.001245,1.0009651,1.0015163,1.0014825,1.0015128,1.0007181,1.001827
PEX6,1.0018804,1.0013318,1.0009019,1.0015411,1.0014423,1.0013993,1.0006214,1.0017054
PIK3R1,1.0001004,1.0001177,0.9996917,0.99948156,0.9994553,0.9994874,0.9996168,0.9986556
PDE6A,1.0020308,1.0016149,1.0009902,1.0016104,1.0016325,1.0016012,1.0007358,1.0009085
EML6,0.99896896,0.9991986,0.999418,0.99893713,0.9991616,0.9992247,0.99965984,0.9994272
DCTN1,0.9997502,0.9998268,0.9998723,0.99975705,0.999819,0.9996934,0.9998783,0.99960303
AGAP3,0.9954412,0.9966115,0.9972547,0.99547154,0.9956296,0.99542874,0.9978167,0.9951954
CAND1,0.99458337,0.9959971,0.99661326,0.9943806,0.9948238,0.9947556,0.9974449,0.9948009
GRIK4,1.0029567,1.0023445,1.0020206,1.0031459,1.0028744,1.0030131,1.0016524,1.0037313
TTBK1,1.0013309,1.0010228,1.0007602,1.0012541,1.0011189,1.0009851,1.0005118,1.0006474
SMARCC1,0.9952514,0.9963755,0.9971937,0.99535394,0.99568474,0.99557406,0.99786377,0.99588823
CDH4,0.9931457,0.994861,0.99564016,0.9927834,0.9932776,0.99334913,0.996699,0.9934406
PHLPP1,0.999892,1.0000145,1.0001397,1.0000777,0.99998,0.9998902,1.0001385,1.000469
MYT1,1.0009134,1.0006843,1.0002209,1.0003527,1.0005397,1.0002749,1.0000463,1.000052
PAMR1,1.0051419,1.0038848,1.003295,1.0052453,1.0047139,1.0051771,1.0025852,1.0052062
NELL1,1.0067098,1.0051287,1.0039451,1.006473,1.0061864,1.0059515,1.0029125,1.0053226
HR,0.9970161,0.997707,0.99815255,0.9969726,0.9971272,0.9971261,0.9985678,0.9967336
PIK3R5,0.998342,0.998739,0.99885404,0.9980593,0.99823195,0.9981495,0.9990486,0.9980097
DIS3L,1.0000658,1.0001847,0.99992514,0.9998096,0.9999465,0.9997915,0.999926,0.99948144
LAMA4,0.99911165,0.99925035,0.9995002,0.9990884,0.9987128,0.9988954,0.99949586,0.9991759
EPHA7,0.9975747,0.9981793,0.9988656,0.9980017,0.9981613,0.99801713,0.9992199,0.99891776
ZNF142,1.0045605,1.0034626,1.0026113,1.0042648,1.0041273,1.0041574,1.0019814,1.0033562
ALDH1L2,1.002077,1.0014367,1.0016522,1.0026,1.0021166,1.0025063,1.0013323,1.0030646
EPX,0.9978865,0.9984087,0.99878585,0.99790776,0.9980593,0.99810356,0.99910927,0.99820685
HNF1A,0.9971645,0.99789757,0.99813676,0.9968507,0.99720275,0.9970907,0.99858195,0.99762267
NFX1,1.0001357,1.0001321,1.0001336,1.0000563,1.0001476,1.0003254,1.0001613,1.0000436
DGKI,1.0084693,1.0064127,1.0048025,1.007919,1.0075563,1.0074365,1.0035601,1.0071952
CUL2,1.0038979,1.002969,1.0023441,1.003743,1.0035602,1.0034882,1.0017315,1.0036395
RBM6,0.9958723,0.9968767,0.9977324,0.99615157,0.9963138,0.9963687,0.99831057,0.99656993
ANKRD12,0.98825145,0.99108166,0.9927882,0.9881101,0.98884356,0.9888152,0.9944483,0.9884465
PPP1R13B,1.0026153,1.0020392,1.0012811,1.0021608,1.0021694,1.0016458,1.0008366,1.0023206
ADAMTSL4,0.9999207,0.999968,0.999861,0.99968266,0.99980336,0.99972194,0.99983895,0.99966645
CASR,0.99697864,0.99770415,0.99818784,0.9969444,0.997146,0.9971706,0.9986263,0.99721664
GFM1,0.9995976,0.9996971,1.000205,1.0001063,0.9999865,1.0003397,1.0003086,1.0004683
DDX60L,0.99902666,0.99924034,0.9991859,0.9986801,0.99883664,0.9987449,0.99932474,0.998446
PI4KB,0.9993577,0.9995545,0.99979246,0.9995421,0.9994046,0.99958944,0.9998709,0.9990285
ATP7B,1.0056118,1.0044032,1.0033668,1.0054243,1.005208,1.0050044,1.002514,1.0045042
KAT6A,0.993834,0.9952718,0.99640137,0.9939642,0.9942218,0.99451554,0.99730396,0.9943891
RNF40,0.9979272,0.99849105,0.9987135,0.99792147,0.9981823,0.9981561,0.99907845,0.9971993
OGDH,1.0013847,1.0009791,1.0009403,1.0015258,1.0013531,1.0014118,1.0007172,1.0014126
SLC5A10,0.9965115,0.9973578,0.9978645,0.99642587,0.9966837,0.99666125,0.9983703,0.9966736
ITGA2,0.99524605,0.9965643,0.9969629,0.99495274,0.9954676,0.99507743,0.9976515,0.9946243
LAMC2,1.0016077,1.0012103,1.0009991,1.0015271,1.0015472,1.0014699,1.000768,1.001962
RBM27,0.99961066,0.9997612,0.9996276,0.99924487,0.99938154,0.99929327,0.99968106,1.0001669
CRNKL1,1.0045484,1.0035466,1.0026405,1.0043292,1.0041642,1.0041063,1.0020088,1.0037149
DENND5B,0.9971551,0.99786913,0.9979123,0.9966419,0.996998,0.9968691,0.9983594,0.9965137
PCSK4,0.998878,0.9991187,0.9993377,0.9988798,0.9989591,0.99889636,0.99951464,0.9995254
BCOR,1.0010084,1.0006943,1.000362,1.0005872,1.0006422,1.0004846,1.0001862,1.0012311
MTO1,1.0025783,1.0019503,1.0019014,1.0029123,1.0025651,1.00281,1.0014906,1.0026553
OGT,0.99709475,0.99785984,0.9982765,0.99706745,0.99720895,0.99714136,0.9986467,0.9971843
PRSS12,1.0012369,1.0008919,1.0010153,1.0015807,1.0011028,1.001751,1.0008767,1.0015715
HDAC6,0.9985131,0.9989169,0.9991533,0.9985341,0.9986963,0.9986998,0.9993863,0.9980602
EPB41L5,1.0008755,1.0006406,1.0008069,1.0011754,1.0009247,1.0011828,1.0006733,1.0012732
ARSI,0.9968424,0.9976156,0.99804807,0.99671215,0.99697787,0.9969125,0.99851686,0.9973178
ERBB4,0.9933002,0.99486154,0.9955304,0.9926994,0.9930861,0.9925859,0.9963311,0.99391156
TNRC6C,0.986185,0.98953176,0.9914612,0.98598784,0.9869368,0.9867442,0.993438,0.98679805
TBC1D31,1.0045412,1.0034494,1.0024731,1.0041988,1.0039451,1.0035696,1.0017335,1.003531
CCDC168,1.0019231,1.0014808,1.001405,1.0020967,1.0018482,1.002059,1.0011147,1.0020725
DGKZ,0.9960168,0.996974,0.9978363,0.9964247,0.9965278,0.99670446,0.9984267,0.99570256
FGD6,1.0042899,1.0031582,1.002394,1.003886,1.0034169,1.0035943,1.0017052,1.0037701
MAP3K21,1.002706,1.0020316,1.0015488,1.0025502,1.0023046,1.0021904,1.0010657,1.0019523
FZD10,1.0042995,1.0031455,1.0024492,1.0041376,1.0038282,1.003883,1.0018178,1.0033953
COL6A6,0.99864924,0.99898106,0.99925506,0.9987575,0.99879897,0.99873024,0.99942446,0.99863374
CENPJ,0.9979265,0.99836177,0.99898887,0.9982388,0.99807155,0.99833786,0.9992628,0.99852467
RAD54L,1.0014492,1.0011909,1.0009837,1.0015817,1.0014424,1.001189,1.0007046,1.0009819
MAP3K6,0.99842304,0.9987872,0.9990774,0.9984335,0.99840796,0.9984777,0.9992727,0.99831927
PLA2R1,0.99914086,0.9993365,0.9996048,0.99922925,0.99929833,0.9993863,0.9997417,0.9994602
EPHA1,0.9972074,0.99787515,0.99829197,0.9971195,0.99732316,0.9973298,0.998695,0.9973818
VAV1,0.99384654,0.9954338,0.99588287,0.99320626,0.9939625,0.9937099,0.99681175,0.993255
KIF19,0.9979032,0.99838483,0.99877346,0.9979242,0.99804485,0.9979865,0.99903846,0.99788815
EVC2,1.000093,1.0000091,1.000066,1.0000383,0.99996006,1.0000652,1.0000422,1.0002021
YME1L1,0.99771243,0.99829274,0.9985742,0.9975959,0.9978174,0.9977392,0.9989001,0.99774665
MTREX,0.9998046,0.9999137,0.9997344,0.99948406,0.9997836,0.9995518,0.9998014,0.9999404
TMPRSS6,0.9991748,0.9993342,0.999604,0.99929094,0.9992448,0.999205,0.99965477,0.99919146
MED14,1.0008297,1.000669,1.0002044,1.0003133,1.0004494,1.0004796,1.000172,1.0002241
DENND4B,0.99849117,0.99898154,0.9988347,0.9980793,0.998331,0.9981278,0.99907506,0.9977392
SMC5,0.9993014,0.99950206,0.99972045,0.9993632,0.9990029,0.9990994,0.9996811,0.99948835
HDLBP,0.99568814,0.9967352,0.99728703,0.9955654,0.9958122,0.9957129,0.99789554,0.9955517
ZMYM3,1.0001026,1.000142,1.0001085,1.0001528,1.0001347,0.9999974,1.0000746,1.0001397
LRP5,1.00562,1.0043411,1.0032978,1.0053743,1.0052748,1.0051018,1.0025189,1.0047915
RBL2,1.0048679,1.0037509,1.0028439,1.0047059,1.0044152,1.0042624,1.0020717,1.0034087
USP28,1.0052958,1.0040305,1.0034456,1.0056539,1.005164,1.0053298,1.0026956,1.0050355
NHS,1.0065815,1.0050641,1.0040107,1.0065422,1.0060333,1.0059216,1.0029562,1.0050395
UHRF1BP1,1.000909,1.0006353,1.0009168,1.0013409,1.0008985,1.001339,1.0007395,1.0007552
POLA1,1.0052719,1.0040964,1.0033164,1.0052933,1.0049071,1.0049489,1.0025331,1.0045824
PLCG2,1.0000528,1.0000169,1.0000279,0.99991846,0.9999304,0.99991393,0.9999644,1.0001401
CACNA1A,0.9903853,0.9927037,0.9940902,0.99031615,0.9911175,0.99099433,0.99552953,0.99061596
MIA3,0.9960994,0.9971128,0.9978018,0.99621505,0.9965378,0.99659014,0.998438,0.99713516
WWC1,0.9995749,0.9996413,0.99933916,0.9990213,0.9989444,0.99845475,0.9992656,0.99998534
DDR2,1.0023413,1.0017797,1.0017276,1.0026126,1.0023175,1.0026745,1.0014247,1.0030222
NEMF,0.9951923,0.99634403,0.99689627,0.9948802,0.99528277,0.9953587,0.99762785,0.99503094
ERCC3,0.9991119,0.9992857,0.9994414,0.9990252,0.9990125,0.9991228,0.9995848,0.9997232
AFDN,0.9953469,0.99647486,0.99703896,0.9950893,0.9954941,0.9955373,0.997717,0.9948059
EDC4,1.0013378,1.001054,1.0008466,1.0013973,1.0012513,1.0012515,1.0006673,1.0012051
TEP1,1.005997,1.0045028,1.0035723,1.0058253,1.0053885,1.0053275,1.0026118,1.0053136
RNF20,1.0003604,1.0002592,0.9999987,0.9999511,1.00006,0.9998461,0.9999358,1.0006728
STAT5B,1.000972,1.0007179,1.0004425,1.0007625,1.0007261,1.0007219,1.0003123,1.0007118
SLC12A5,0.99768823,0.9982802,0.9985001,0.99742246,0.99769974,0.9978291,0.9988755,0.9970993
GRIN2D,1.0041153,1.0031021,1.0023745,1.0039243,1.0038055,1.0034325,1.0016807,1.0033363
IGSF9,0.99629456,0.99716765,0.99783486,0.9963639,0.99658024,0.9965486,0.9983647,0.99695253
MBD1,1.0006465,1.0005062,1.0006241,1.0008535,1.0007756,1.0009444,1.0005462,1.0009296
PLOD3,1.0056748,1.0044526,1.0032891,1.0053842,1.0050938,1.0049857,1.0025017,1.0052065
SEMA5A,0.9814913,0.98620135,0.9889364,0.98181605,0.9830834,0.9826765,0.9916943,0.98269165
KIAA1217,0.99970436,0.9997575,0.9998077,0.99964106,0.99957514,0.99951345,0.99978626,0.9994111
CEP135,1.0000747,1.000158,0.99987555,0.9997904,0.9999118,0.9996413,0.99983966,0.99921167
KIFC3,1.0006257,1.0005453,1.0002245,1.0003855,1.0003946,1.0001771,1.0001106,1.0003684
MAP4K4,0.9882801,0.9910924,0.99277484,0.98810714,0.98890865,0.98888886,0.99447423,0.9887163
BRIP1,0.9974338,0.998074,0.9986619,0.9978429,0.9978695,0.9977132,0.99901086,0.99786377
ATP2A2,0.9916945,0.9937527,0.9947969,0.99147975,0.99211913,0.9919201,0.9960151,0.99178135
CNNM1,1.0020741,1.0016477,1.0009918,1.0017054,1.0018442,1.0015261,1.0007204,1.001122
ATP1A4,0.99802464,0.9984833,0.9987224,0.9978404,0.9979565,0.99795645,0.9989911,0.99801147
COL20A1,0.99181217,0.9939253,0.99552524,0.99254525,0.99275047,0.99275863,0.9967407,0.99368167
NTRK3,0.99844897,0.9988814,0.9994831,0.9990476,0.99908113,0.9991162,0.99974525,0.9990339
XRN2,0.99791664,0.9983983,0.99839246,0.99739754,0.997705,0.99749386,0.99865395,0.9972183
SMARCA5,0.9965576,0.99740374,0.9976516,0.9960953,0.996524,0.99647,0.99817127,0.9961506
CLCN5,1.0056847,1.0042596,1.0031366,1.0051506,1.0049864,1.0049014,1.0023301,1.0054467
BRPF3,0.9978787,0.9984093,0.9986967,0.99786055,0.9979827,0.9980788,0.99904734,0.99761415
RHBDF1,1.0021996,1.0016882,1.0009277,1.00161,1.0015752,1.0012456,1.0005343,1.000983
PPFIA4,0.99936795,0.9995677,0.99959034,0.99938416,0.99928474,0.9992837,0.99966794,0.9983248
IDUA,0.99905896,0.9992874,0.9993496,0.9990072,0.99921334,0.99902755,0.9995421,0.99904436
PIK3C3,1.0022159,1.0017034,1.0013334,1.002105,1.0017792,1.0018518,1.000945,1.001672
TBC1D9,0.99777186,0.99829483,0.9984291,0.99745053,0.99762285,0.9975872,0.998726,0.99731624
NTRK2,0.9874034,0.99036646,0.9920083,0.98703945,0.98757577,0.98733497,0.9937,0.98725414
ACTR8,1.0044186,1.0034757,1.0024042,1.0040076,1.0041518,1.0038717,1.0018628,1.0034982
SIK3,1.000185,1.0000905,1.0003719,1.0005863,1.0003395,1.0005647,1.0003247,1.0000455
ATP13A4,0.989735,0.9923811,0.9939655,0.9901096,0.9907702,0.99060273,0.99556136,0.99063677
EPHA2,1.0036241,1.0027409,1.0020195,1.0033206,1.0029442,1.0028205,1.0013807,1.0026927
SH3TC2,1.0036232,1.0027138,1.002284,1.0037317,1.0033641,1.0033518,1.001698,1.0035474
CAPN2,0.99938166,0.9995571,0.9997951,0.9996199,0.9993917,0.9994884,0.9998863,1.0003898
COL15A1,0.9979044,0.9984165,0.99851114,0.99752605,0.99784636,0.9976889,0.99885476,0.99804866
KIF4A,1.0008746,1.0007093,1.0005499,1.0008612,1.0008384,1.000851,1.0004294,0.99993616
CGNL1,0.99846745,0.99883693,0.9987037,0.99784774,0.99814135,0.99800086,0.99892205,0.9977857
ABTB2,0.9976293,0.9981328,0.99898875,0.9982163,0.99811757,0.9982587,0.9993006,0.9983845
RAG1,0.9995558,0.99965,0.99975204,0.9994972,0.999579,0.999647,0.99983096,0.99957883
MST1,1.0049564,1.0036485,1.0030061,1.004957,1.0046306,1.00466,1.0022712,1.0048789
MYH1,0.99668026,0.99747914,0.9979962,0.99663115,0.996866,0.99687994,0.99848247,0.99692774
CARMIL2,1.0023088,1.0017974,1.0013695,1.0022104,1.0021414,1.002021,1.0010159,1.0019476
NEK1,0.9986141,0.9988988,0.9994165,0.99897355,0.998911,0.9989248,0.9996172,0.99991894
GOLGA3,0.99805576,0.9985965,0.9983555,0.99728,0.997576,0.9972837,0.9985892,0.99749154
WNK3,0.99528843,0.9964676,0.99726164,0.9953947,0.995564,0.9957159,0.99793553,0.995594
SMTN,1.0012012,1.0009456,1.0004116,1.0007013,1.0007424,1.000531,1.000211,1.0001581
TNS2,1.0112101,1.008398,1.0066304,1.0108423,1.0102129,1.0103183,1.0049918,1.0108191
GCC2,0.9976816,0.99826264,0.9986585,0.99768376,0.99766684,0.99784476,0.9989592,0.9975753
TOP3A,1.0030922,1.002466,1.0019069,1.003053,1.0028028,1.00277,1.0014377,1.0021534
USP6,1.0013876,1.0010648,1.0008192,1.0013422,1.0012703,1.0013328,1.0006481,1.0009006
STAG2,0.99927485,0.9994808,0.9994626,0.9990645,0.9990754,0.9989737,0.99951124,0.99883574
SPATA5,1.005691,1.0043706,1.0032372,1.0052893,1.0050905,1.0049288,1.0024021,1.0048556
TRAPPC9,0.99708223,0.99792016,0.99853146,0.9974292,0.9976958,0.99764836,0.99900126,0.99743354
USP34,0.9903841,0.9926764,0.9940918,0.9902088,0.99086404,0.9908147,0.99546593,0.9911961
IPO5,0.99538654,0.99649745,0.9971595,0.9952879,0.9956194,0.9957105,0.9978882,0.99588335
EPB41L2,1.0029696,1.0023632,1.0019014,1.0030766,1.0029039,1.0029182,1.0014998,1.0022852
ELP1,0.9966803,0.99741,0.99824035,0.9971391,0.99711245,0.99724984,0.99873054,0.9975066
AMPD3,0.9997084,0.99984956,0.9997132,0.99944055,0.9997175,0.99951196,0.99977595,0.9996338
GRIN2A,1.0025532,1.0020111,1.0008643,1.0015361,1.0017354,1.0017912,1.00068,1.001514
STARD13,1.0036671,1.0028187,1.0023774,1.0037282,1.0034997,1.0037174,1.0019157,1.0042661
PYGM,0.99996006,0.99997646,0.99998236,0.9999099,0.9999501,0.99995434,0.99999607,0.999837
MST1R,0.9989899,0.9992895,0.9993564,0.9989264,0.9990095,0.99905694,0.9995357,0.9984698
TRPC3,1.0027697,1.0021765,1.0019398,1.0029867,1.0027821,1.003025,1.0015775,1.0025423
PRDM2,0.9976417,0.9982891,0.9984318,0.9974278,0.99769247,0.9974247,0.9987296,0.99699414
ARHGEF1,1.0009928,1.0007052,1.0005964,1.0009815,1.0008508,1.0009904,1.0004903,1.0007898
GGCX,1.0015532,1.0012028,1.001275,1.0018828,1.0016457,1.0019498,1.0010917,1.002382
ALOX5,0.9969174,0.99758077,0.99830127,0.9970856,0.997319,0.99757695,0.99878836,0.9969318
SMG6,1.0051078,1.0039686,1.0030814,1.0050375,1.0046816,1.0046781,1.0023289,1.0042825
PIK3C2G,0.99840665,0.99877876,0.9990517,0.9983604,0.9984611,0.9984809,0.9992596,0.99831927
CARMIL3,1.0001556,1.0001462,1.0002412,1.0003076,1.0002282,1.000436,1.0002753,0.99993265
PKM,1.0010126,1.0008011,1.0005391,1.0008215,1.0007838,1.0007948,1.000396,1.0008594
RAB3GAP2,0.9996159,0.99986625,0.99966383,0.99940276,0.9996983,0.99957603,0.9998093,0.999509
PDPR,1.0045403,1.0033447,1.002728,1.0045092,1.0041565,1.0043468,1.0020812,1.0042362
ADAMTS18,1.0004996,1.0004079,1.0008235,1.0010949,1.0006945,1.0010054,1.0006748,1.0009272
MBTPS1,0.995705,0.9967965,0.99716735,0.9954139,0.99582475,0.99571925,0.9978624,0.99559903
PRPF3,1.0025457,1.0019675,1.001979,1.0031773,1.002784,1.00306,1.0016338,1.002661
TNK2,0.9994545,0.9997282,0.99952185,0.99925214,0.9993421,0.99912584,0.9996257,0.9989625
ALDH1L1,0.99425185,0.9956925,0.9968444,0.99472725,0.9950148,0.9950876,0.9977201,0.99493927
SEC31A,0.9976444,0.9982797,0.9989078,0.99809885,0.99803853,0.99820113,0.999241,0.9978154
FNDC3B,0.9992678,0.9994235,0.99968624,0.9994037,0.9990814,0.99943376,0.9997467,0.9993162
OPA1,0.999353,0.9995172,0.9996271,0.9993775,0.99935555,0.99938583,0.9996965,0.9987763
TBC1D8,1.0021551,1.0015846,1.0013531,1.0021921,1.0019748,1.0019889,1.0009942,1.0021476
ARHGEF4,1.000063,1.0000561,1.0004041,1.0005958,1.0003476,1.0004828,1.0003889,1.0003179
ZNF407,1.0053556,1.004192,1.0031433,1.0050702,1.0050472,1.0048285,1.002386,1.0044901
INSRR,0.9981776,0.9986156,0.9988828,0.9980998,0.9982567,0.99819875,0.99913275,0.99824965
ATP6V0A2,1.0017469,1.0013138,1.0010991,1.0018287,1.0018123,1.0018375,1.0008923,1.0013384
KIAA1549L,0.9997698,0.99984854,0.99965143,0.99942756,0.99941695,0.999422,0.9996495,0.9989509
SORCS1,1.0027163,1.0020618,1.0013423,1.0021753,1.0022615,1.002207,1.0010431,1.002704
CUX1,0.9939264,0.99541855,0.9960371,0.9936385,0.99408406,0.993768,0.99689996,0.9937207
SBNO2,1.0021553,1.0016899,1.0010461,1.0016992,1.0017921,1.0017872,1.0008128,1.0013635
ANKS1B,0.99707687,0.9978453,0.9979969,0.9967966,0.997143,0.9968951,0.9984149,0.99602157
AATK,1.0040348,1.0032765,1.0028205,1.0044237,1.0042697,1.0042932,1.0022607,1.0034081
VWCE,1.0021416,1.0016329,1.001253,1.0020182,1.0020043,1.0021471,1.0010252,1.0020221
CABIN1,1.00319,1.002342,1.0016469,1.0027996,1.0025773,1.00241,1.0011215,1.0027354
ACO1,1.0054264,1.0041606,1.0035683,1.0057285,1.0052831,1.0054134,1.002784,1.0052184
ITGA11,1.0039222,1.0029836,1.0022736,1.0036652,1.0034859,1.003583,1.0017247,1.0032905
EPB41,0.9925994,0.9944091,0.99517834,0.99196225,0.9927151,0.99275964,0.9962709,0.9917274
MYH10,0.99880236,0.9991232,0.99922615,0.9986632,0.99872696,0.9986203,0.99933636,0.9986826
RNF31,1.0001343,1.0001242,1.0002099,1.0003009,1.0001384,1.0001189,1.0001681,1.0002626
CACNA1S,0.9969332,0.99769783,0.99825335,0.997035,0.9972599,0.997292,0.99871707,0.9970718
TPO,0.9959548,0.99694324,0.9975693,0.99592555,0.9962144,0.9962297,0.9981712,0.9962343
SHROOM3,0.9929961,0.9948851,0.99561894,0.99272656,0.99365747,0.99336654,0.99683905,0.99383205
CFAP57,1.0026671,1.0020216,1.0015638,1.0025201,1.0025513,1.0025717,1.0012572,1.0025812
WWP1,1.0015936,1.0011785,1.0008814,1.0014986,1.001368,1.0015883,1.0007364,1.0015182
DHTKD1,0.99837923,0.9988306,0.99877363,0.99797356,0.9982747,0.9981417,0.9990325,0.9973109
GTF3C2,0.9995306,0.9995686,1.000144,1.0000863,0.9998126,1.0001366,1.0002106,1.0008746
EGFLAM,1.0022122,1.0016793,1.0012033,1.0019544,1.0019507,1.0019121,1.0009123,1.001894
TTC6,0.9967072,0.99750435,0.9980099,0.9966529,0.996889,0.9968914,0.9984898,0.9969293
NPHP4,1.0012653,1.0009859,1.0006151,1.0010104,1.0010583,1.000859,1.0004284,1.0007429
EDRF1,1.0055197,1.0041169,1.0040717,1.0063413,1.0053364,1.0059885,1.0031834,1.0069838
ZFR,0.99636614,0.9972823,0.9977529,0.9962481,0.9964847,0.996437,0.9982548,0.9962629
BRWD3,1.003104,1.0023775,1.0015562,1.0026042,1.0026364,1.0023043,1.0010915,1.0026392
MUT,0.9967072,0.99750435,0.9980099,0.9966529,0.996889,0.9968914,0.9984898,0.9969293
GRIA3,0.990577,0.99287736,0.99438405,0.9906124,0.99099386,0.9911282,0.9957417,0.9918648
SDK1,0.9999527,1.0000622,0.9997604,0.99963754,0.9997954,0.9995556,0.99981916,0.9999322
DIAPH3,1.0003468,1.000469,1.0005832,1.0006776,1.0007429,1.0005636,1.0005265,1.0007154
AGTPBP1,1.002428,1.0018721,1.0015317,1.0025094,1.0023282,1.0022994,1.0011384,1.0015692
ACTN2,0.9962693,0.99719155,0.99769425,0.9962361,0.9962159,0.9964459,0.998229,0.9961004
CAMSAP2,0.99228245,0.9941561,0.9952254,0.99207187,0.9926603,0.99273086,0.99637043,0.9925107
EIF5B,0.997489,0.99808836,0.99824065,0.9970893,0.997316,0.99727225,0.99857044,0.996956
NEK9,0.99985015,0.99997294,0.9997479,0.9995754,0.99977195,0.99967885,0.9998431,0.99947524
PHLDB1,0.996145,0.99711835,0.99739563,0.9956597,0.9960737,0.9958664,0.9979433,0.99634135
SMG7,1.0004897,1.0003585,0.99999356,1.0000153,1.0000608,0.99996173,0.99989927,0.9999554
DRP2,1.0059153,1.0045266,1.0038654,1.0063262,1.0057151,1.0057193,1.0029455,1.0057548
LPIN2,1.0025257,1.0018853,1.0019113,1.0030057,1.0025964,1.0027788,1.0015085,1.0032169
DAPK1,0.99820065,0.9986619,0.9987786,0.99788976,0.99812305,0.99786365,0.999022,0.9991448
POMGNT1,0.9975413,0.99813676,0.9986325,0.99776864,0.9978435,0.99779713,0.9990027,0.99782425
C1orf167,1.0007218,1.0005996,1.0003841,1.0005307,1.0006018,1.0006253,1.0002974,1.0004817
BEST1,1.0027695,1.0020527,1.0016389,1.0026754,1.0025258,1.002482,1.0011892,1.002281
ALS2,0.99941564,0.9994992,0.9994203,0.9990603,0.9992562,0.99919623,0.99953127,0.99956405
DSTYK,1.0012791,1.0008632,1.0009854,1.0015744,1.0013069,1.001416,1.0007532,1.001857
TLN2,0.9983652,0.9987656,0.9993525,0.99885046,0.99865425,0.99863756,0.9995079,0.9991329
STAT3,1.0007563,1.0006591,1.0005797,1.0008308,1.0007285,1.0008903,1.0005379,1.0014676
MLH3,1.0029986,1.0022794,1.0017356,1.0027677,1.0025861,1.0027344,1.0013399,1.0033046
SMC2,1.0011991,1.0009968,1.0006427,1.0010283,1.0009528,1.0007284,1.0004363,1.0011404
RANBP2,0.9966248,0.99747765,0.99792147,0.9966187,0.9968722,0.99680495,0.99840236,0.9958546
ATP4A,1.0003518,1.0002384,1.0002271,1.0002978,1.0003048,1.0002952,1.0001515,1.0003884
OGDHL,1.0030916,1.00234,1.0018334,1.0029824,1.002845,1.0026854,1.0013452,1.0029416
WRN,1.0024488,1.0017651,1.0012405,1.0020385,1.0017364,1.0017316,1.0007739,1.0018356
TLL2,1.0013022,1.0008934,1.0009207,1.0015002,1.000951,1.0013704,1.0006163,1.0003487
CNTN5,1.0072348,1.0055183,1.0046228,1.0073571,1.0067749,1.0071445,1.003541,1.0062426
PTPN23,1.003269,1.002471,1.0020446,1.0032896,1.0029075,1.0029606,1.0014827,1.0025313
MYOM1,1.0029743,1.00227,1.001785,1.002841,1.0026991,1.0027663,1.00136,1.0024807
BRAF,1.005682,1.0042634,1.0033673,1.0054144,1.0051763,1.0050639,1.0025043,1.006059
NCOA3,0.999333,0.9995066,0.9996272,0.9992463,0.9994204,0.9994768,0.99979407,1.0000215
ACTN4,0.9957094,0.9968589,0.9971173,0.9953533,0.9957737,0.9954573,0.99773544,0.99460083
HNRNPUL1,0.99631536,0.9972935,0.9975314,0.99592584,0.99626124,0.9962138,0.9981241,0.9961412
TRPM4,1.0036122,1.002769,1.0020311,1.0033624,1.0032574,1.0029372,1.0014532,1.0026968
CNOT1,1.0001807,1.0001872,0.9998123,0.9997002,0.99982965,0.9996592,0.9998038,0.9997636
MAST4,0.998293,0.9987891,0.9992268,0.99869037,0.9986425,0.9988775,0.99951327,0.99791574
POLQ,0.99972326,0.9997847,0.9999091,0.9998308,0.9996059,0.99935496,0.9998143,1.0000687
MYH9,0.9960605,0.9969673,0.9974649,0.9958186,0.9959929,0.99602526,0.9980093,0.99598056
ABCD1,1.0021122,1.0016828,1.001179,1.0018871,1.0019684,1.0018235,1.0008912,1.0014875
KIAA1549,0.9935937,0.9951537,0.99574316,0.99305123,0.99358195,0.9932776,0.99663186,0.99358124
NUP210,0.99651784,0.9973337,0.9982424,0.9970951,0.9970865,0.99699163,0.9986948,0.9973606
GBA2,0.9958887,0.9968032,0.99756014,0.9959514,0.9960686,0.99621713,0.9981441,0.9962959
PLEKHA5,0.9946407,0.99600405,0.9965056,0.994139,0.994673,0.9945913,0.99733853,0.9955233
ABCB11,0.99670696,0.9974965,0.9979931,0.9966394,0.9968741,0.99686015,0.99846804,0.99687225
CACNA2D4,1.0005884,1.0005338,1.0004022,1.0005077,1.0005851,1.0005457,1.0003421,1.0007566
SLK,1.0004756,1.000348,1.0004632,1.000666,1.0003703,1.0006838,1.0003498,0.9999713
ATP2B1,0.99302316,0.99468994,0.99577296,0.99298394,0.9932917,0.9934312,0.99675465,0.9933094
ADGRL3,0.98715234,0.99031246,0.99178064,0.98653626,0.987564,0.9874873,0.9937299,0.9870399
COL5A2,0.995793,0.9968805,0.9976754,0.9960087,0.99602276,0.9961251,0.9983056,0.9976783
KIF5B,0.99599624,0.996912,0.99748814,0.9958391,0.99604857,0.9961554,0.99803925,0.9958445
FANCI,0.9989662,0.99937177,0.99940807,0.99906933,0.9992659,0.99860823,0.99951154,0.99925345
CNTN2,0.9945527,0.9957844,0.9966551,0.99437773,0.9948885,0.9949913,0.9974678,0.99466574
CLTCL1,1.004517,1.0034907,1.0030558,1.0049438,1.0046234,1.0047781,1.0024751,1.0044363
MAN2B2,1.001391,1.0010726,1.0010616,1.0015578,1.0015125,1.0016575,1.0009155,1.0020144
STARD9,1.0062248,1.004774,1.0038733,1.006295,1.0058951,1.0058886,1.0029718,1.0062443
MATN2,1.0030833,1.0024388,1.0018103,1.0028785,1.0026748,1.0023642,1.0012573,1.0025816
HELLS,1.0006577,1.0005771,1.0007734,1.0011607,1.0010583,1.0007789,1.0006083,1.0011933
MEN1,1.0003816,1.0002047,1.0001614,1.0003676,1.0003095,1.0002391,1.0001029,1.0003365
ARAP1,1.0019652,1.0015609,1.0010715,1.0017586,1.0018722,1.0016305,1.0008255,1.0018616
PPIP5K2,0.99936306,0.99948263,0.9995142,0.99918604,0.9992591,0.99932647,0.9995794,0.99863756
ANO8,0.99981695,0.9999476,1.0000584,0.9999857,0.99991626,0.99979126,1.0000225,0.9996495
EPHA8,1.0053306,1.0040736,1.0033683,1.0054882,1.0051988,1.0052854,1.0026109,1.0043871
CDK5RAP2,0.9955729,0.9965935,0.9971094,0.995309,0.9955288,0.9952368,0.9976652,0.99553823
CADPS,0.99494433,0.99615836,0.9968332,0.994731,0.9953537,0.9954457,0.9976727,0.99496144
FNDC1,0.99862975,0.9991132,0.9988067,0.9980968,0.99846005,0.99827313,0.99906224,0.9972756
FREM2,1.0012696,1.0011662,1.000366,1.0005918,1.0010502,1.0007464,1.0003738,1.001183
INPP5J,0.9999428,0.9999635,1.0000836,1.0000203,0.999851,0.99996954,1.0000339,0.99962616
DLEC1,1.0002642,1.000139,1.0003176,1.0004063,1.0002626,1.0004008,1.0002686,1.0010537
ACLY,0.99664253,0.9975114,0.99786204,0.9965062,0.9968916,0.99671644,0.9983692,0.9961543
ABCC12,0.9966341,0.99742585,0.9979334,0.9965558,0.9967811,0.9967834,0.99842185,0.9968267
SNED1,1.0010264,1.0007632,1.0005014,1.0008006,1.0007787,1.0007234,1.0003275,1.0006483
BMPR2,0.9890679,0.9916934,0.9931638,0.9887904,0.98957455,0.9895053,0.99475557,0.9892988
NES,0.9946747,0.9958525,0.99647975,0.9943592,0.9946327,0.99448127,0.9972336,0.99517274
OTOG,0.9990169,0.99920833,0.9992775,0.99878407,0.99884576,0.9987824,0.9993896,0.99903053
ITGA3,0.99872434,0.99908835,0.9992645,0.9987495,0.9988051,0.9987915,0.99950004,0.99915135
CCAR1,0.9924559,0.99430645,0.9952148,0.9920956,0.99261177,0.9924092,0.9962541,0.9926635
NRCAM,0.99776506,0.99835396,0.99862725,0.9977123,0.9979434,0.9977882,0.99896926,0.9980501
MAP3K13,1.0014385,1.0011084,1.0008576,1.0013703,1.0012221,1.001216,1.0006431,1.0014672
UGGT2,1.001539,1.0011423,1.0010461,1.0016608,1.0014218,1.0014977,1.0008,1.0018744
EZH1,1.0009322,1.0006074,1.0007713,1.0012363,1.0008621,1.0010139,1.0005624,1.0014031
LPIN1,0.9987439,0.999022,0.99905556,0.9984077,0.99861157,0.99827933,0.9991545,0.9992255
WNK2,0.99939024,0.9994877,0.99959975,0.99934995,0.9992885,0.99946225,0.9997095,0.99931455
ATP11A,0.99531895,0.9964225,0.9973266,0.99553096,0.9957293,0.9957335,0.9979795,0.9956093
TEX14,1.0034068,1.002564,1.001513,1.0025586,1.002648,1.0023786,1.0009986,1.0019996
MYPN,0.99971807,0.9997821,0.9997847,0.99958664,0.9996537,0.99969125,0.9998257,0.99947405
PLXNA1,0.9974622,0.998135,0.99839604,0.99737287,0.99765223,0.997362,0.99874574,0.9971174
DLG5,0.9910283,0.9932739,0.9944608,0.99083364,0.9915904,0.9915012,0.9958727,0.99188066
ADGRA3,0.99985784,0.9999808,0.99948674,0.99925494,0.9996265,0.9992224,0.99955165,0.9987971
WDR59,1.0024657,1.0019478,1.0009774,1.0017135,1.0019748,1.0016303,1.0006759,1.0010109
MAGI2,0.995421,0.99648106,0.9969691,0.99509346,0.99539495,0.99528664,0.99766004,0.99609196
ABCB1,1.001526,1.001173,1.0006391,1.001067,1.0009785,1.0009358,1.0003786,1.0004855
TEX15,1.0009711,1.0006919,1.0006504,1.0010202,1.0007834,1.0007349,1.0004233,1.000832
FAM208B,0.9967072,0.99750435,0.9980099,0.9966529,0.996889,0.9968914,0.9984898,0.9969293
HECTD1,0.99791133,0.9984261,0.9988662,0.9980064,0.99801433,0.9982491,0.9991679,0.99806154
ANO2,1.0008521,1.0006397,1.0006641,1.0010213,1.0009181,1.0008938,1.000508,1.0007709
DHX36,0.99438566,0.99572736,0.99635845,0.99400616,0.9944649,0.9943092,0.997128,0.99422926
TPCN2,1.0019445,1.0015258,1.0011163,1.0018283,1.0017668,1.0016842,1.0008498,1.0013611
GRIA4,0.99710846,0.99779534,0.9984167,0.99737716,0.99723184,0.9973064,0.9987319,0.99691033
FBLN1,0.99651325,0.99739754,0.99830604,0.9970546,0.9971218,0.9973406,0.99886245,0.9976975
TICRR,1.0012774,1.0010949,1.0006149,1.0010986,1.0012207,1.0006225,1.0003831,1.000574
PIK3R4,1.0023681,1.00184,1.0015944,1.0024819,1.0024135,1.0024977,1.0013263,1.0027819
PKDREJ,0.9979797,0.99848616,0.99880457,0.9979348,0.9980882,0.9980985,0.9991083,0.99832535
WWP2,1.0008683,1.000694,1.0007102,1.0010304,1.0009111,1.0009345,1.0005631,1.0007689
FAM208A,0.9967072,0.99750435,0.9980099,0.9966529,0.996889,0.9968914,0.9984898,0.9969293
BAIAP3,1.0000632,0.99991304,1.000254,1.0003223,1.0002135,1.0004908,1.0002921,1.0010154
TJP2,1.0004952,1.0002503,1.0006974,1.000979,1.0006423,1.0009022,1.0005783,1.0018536
PLCB3,0.9986628,0.99894714,0.99897856,0.9983841,0.9985584,0.9982928,0.99912894,0.9983574
EEA1,0.99914026,0.9993652,0.9997071,0.99941075,0.9993618,0.9993878,0.9997924,0.99927557
TEK,1.000473,1.0003444,0.99984497,0.99982,0.9999299,0.99980056,0.99975926,0.9992446
MAP3K9,1.0007842,1.0006903,1.000576,1.000849,1.0008167,1.0008018,1.000493,1.0008532
HIRA,1.0006588,1.0005176,1.0003326,1.0006031,1.000651,1.0005407,1.0002716,1.0002021
SPTBN4,0.9987407,0.999009,0.99925923,0.9988437,0.99877393,0.99869907,0.9993945,0.99876547
ITGA6,0.9933841,0.9951894,0.99559253,0.9927454,0.9936864,0.99339753,0.99672306,0.9934378
INPP5F,0.99667275,0.99757385,0.99792135,0.9965334,0.996753,0.9966227,0.998362,0.99635446
TBCD,0.99730027,0.99800295,0.9983485,0.9972621,0.9973823,0.9974319,0.9987501,0.9968642
PDE6B,0.99809194,0.99851835,0.99912864,0.99848545,0.9983278,0.99843484,0.99935675,0.9985859
PRDM15,1.0026128,1.0020225,1.0012488,1.002173,1.0023257,1.0021353,1.0009502,1.0015254
UGT1A1,0.9967072,0.99750435,0.9980099,0.9966529,0.996889,0.9968914,0.9984898,0.9969293
PLB1,0.9998481,0.9998473,0.9997963,0.99964917,0.9997512,0.9997447,0.99981445,0.99933445
EPHA3,0.9934219,0.99495673,0.9953277,0.9924457,0.9929767,0.99303645,0.9963403,0.99341416
MARF1,0.9973372,0.9980986,0.99781454,0.99642766,0.99694765,0.9965308,0.9981828,0.99591124
ABCC4,1.0001073,1.0000957,1.0001382,1.0001508,1.0001255,1.0000963,1.0000796,0.9994101
CCDC88B,0.9998003,0.9998014,0.9996794,0.9993727,0.999436,0.9994065,0.99964845,0.99989855
PDE4A,1.0071278,1.0054501,1.0044227,1.007146,1.0066977,1.0067883,1.0033802,1.0064716
WDR90,1.0027579,1.0020822,1.0014973,1.0025483,1.0023776,1.0021377,1.0010164,1.0014911
ABCB5,0.9950994,0.99627364,0.99709415,0.99515915,0.99540615,0.9953898,0.99778223,0.99540794
KCNQ4,0.9971304,0.9978863,0.9981997,0.997015,0.9972316,0.9971038,0.99861693,0.99688673
PTPRB,0.999526,0.99960315,0.9993857,0.9989636,0.9989706,0.99898684,0.99937797,0.99843866
MSH5,0.99914086,0.9993478,0.999627,0.9993143,0.9992535,0.9993088,0.99973416,0.999444
TRPV1,1.0035834,1.0027027,1.0021502,1.0035255,1.0032333,1.003215,1.0015845,1.0027959
PHRF1,1.0057864,1.004402,1.00328,1.0054414,1.0052849,1.0052378,1.0024987,1.0046006
ABCA10,1.0035052,1.0026367,1.002113,1.0034306,1.0032612,1.0033894,1.0016128,1.0025636
GRM2,1.0023564,1.0017873,1.001271,1.0020894,1.002158,1.0021211,1.0010204,1.0024981
HYDIN,0.9972546,0.99790674,0.9981836,0.99709237,0.99729085,0.99723154,0.99863523,0.9974238
DUOX2,1.0015275,1.0011479,1.0009534,1.0014483,1.0014429,1.0014864,1.0007535,1.0016197
PLCG1,1.0002687,1.0002557,0.99995655,0.99998415,1.0001436,0.9998096,0.9999062,0.99993587
GON4L,1.002778,1.0021379,1.0013025,1.0021297,1.0021472,1.0019343,1.0008605,1.0018106
ATP2C1,0.993081,0.99474096,0.9959826,0.9933857,0.9937168,0.9937432,0.9969839,0.9938755
ATP13A5,0.997854,0.9983602,0.9989941,0.99823934,0.99826753,0.9983895,0.9993185,0.99859834
ERCC6,1.0039716,1.0030816,1.0020028,1.0033163,1.0032704,1.0029852,1.001448,1.0036023
TMEM67,0.9977173,0.99837005,0.99908805,0.99834824,0.9983615,0.998512,0.9994886,0.998519
UNC13D,0.9994307,0.9996631,0.99951744,0.99918556,0.99941725,0.99919045,0.99957705,0.9987258
ERC1,0.99303496,0.99478287,0.99557865,0.99271256,0.99330866,0.9932265,0.99661565,0.9925659
PDE4D,0.9920438,0.99393964,0.9952841,0.9920951,0.9924046,0.99266064,0.996419,0.9927318
INF2,0.998379,0.9988234,0.99876523,0.9980379,0.9983328,0.9981451,0.9990599,0.99807453
ERCC2,0.99995923,0.9998725,1.0004622,1.0006993,1.0003537,1.0004086,1.0003953,1.0010647
SYTL2,1.0045657,1.0034453,1.002715,1.0044005,1.0040171,1.003929,1.0019739,1.0043695
SLC12A9,1.0042747,1.0033681,1.0026712,1.0042875,1.0040247,1.0038786,1.0020467,1.0042783
TP73,1.0023086,1.0018032,1.0013404,1.0021062,1.0020416,1.0021193,1.0010464,1.0017637
SMURF2,1.0012287,1.0008873,1.0005336,1.0008249,1.0007079,1.0008173,1.0003366,1.001051
PITPNM1,0.99808025,0.99850786,0.9986421,0.9978622,0.99805826,0.9978795,0.9989017,0.9975027
MFN2,0.9974562,0.9980576,0.998391,0.9973645,0.9974327,0.9973912,0.9987136,0.99712247
FRY,0.9983131,0.9987445,0.9990504,0.99836874,0.9984824,0.99829745,0.99922705,0.9986075
NCAPD3,1.001309,1.0011032,1.00089,1.0014898,1.0015045,1.0011603,1.000682,1.0005722
TCIRG1,1.00106,1.0008341,1.0003078,1.0005542,1.0006435,1.0004914,1.0001382,0.9997479
GUCY2C,0.9966662,0.99746007,0.99797404,0.9966073,0.9968462,0.99686277,0.9984659,0.9969028
UBE2O,0.99858063,0.999002,0.9992149,0.9986539,0.99859846,0.9985713,0.99938667,0.9987904
PXDN,0.9830058,0.9871258,0.9895443,0.9828899,0.9840751,0.98371685,0.9919948,0.9840562
XDH,0.99766505,0.9981992,0.9984186,0.99741024,0.997607,0.9974909,0.99872637,0.99733293
COL24A1,1.0001447,1.0000443,1.0000782,1.0000247,0.9999702,1.0001383,1.0000671,1.0005919
UBE4B,0.99759865,0.9982128,0.9988612,0.9981281,0.99812746,0.99806327,0.9991865,0.9976853
MAGI3,0.99648917,0.9974135,0.99774784,0.9962889,0.9965032,0.9964307,0.9982557,0.9959743
PLCB4,0.9839189,0.9878211,0.9901019,0.9835862,0.98460394,0.98462903,0.9924145,0.98489213
ANO1,0.9972892,0.99797416,0.9983248,0.9971886,0.997471,0.99740326,0.9987329,0.9972178
DIAPH2,1.0031608,1.0023254,1.0020888,1.003337,1.0029523,1.0032183,1.0015979,1.0031328
ATP8B4,0.9961436,0.99715185,0.9972752,0.9954773,0.9959643,0.9957294,0.9977964,0.99540937
PLCH2,1.0032754,1.0024512,1.0021684,1.0035542,1.0031654,1.0032498,1.0016316,1.002414
TET1,1.0003589,1.0002849,1.0000429,1.0000829,1.0001122,0.9998542,0.9999172,0.99993503
MYH4,0.99828106,0.9986815,0.99905384,0.9983367,0.9983757,0.9985111,0.99929595,0.9983101
KIAA0556,1.0042146,1.0032198,1.0026603,1.0043863,1.0040809,1.0040743,1.0020509,1.0035266
RBM25,0.99424624,0.9955872,0.9963455,0.99395293,0.99430585,0.9942368,0.99712205,0.9946166
ITGA7,0.9984944,0.99897146,0.9992471,0.99874103,0.9990688,0.9989222,0.99960357,0.99919677
AMPD2,1.0048229,1.0038419,1.0024714,1.004028,1.0040354,1.003732,1.0017807,1.003346
MAP3K5,1.0006794,1.0005375,1.0002372,1.0004344,1.0005153,1.0004809,1.0001688,0.99946696
KIF15,0.99835587,0.99871904,0.99908483,0.99844986,0.998389,0.99819195,0.99922436,0.99877214
EPHB3,1.0025653,1.0019995,1.0016239,1.0026177,1.0023363,1.002311,1.001221,1.0023377
PCF11,0.9938736,0.9953625,0.9963286,0.9938701,0.9942207,0.99428916,0.9972306,0.994687
MAP3K15,1.0019534,1.001538,1.0011125,1.0017693,1.0017712,1.0017067,1.0008363,1.0012177
ABL2,1.0016782,1.0013171,1.0009193,1.0014755,1.0014161,1.001303,1.0006334,1.0009187
CFAP65,1.0004811,1.0003443,1.0003353,1.0005715,1.0005298,1.0004368,1.0002773,1.000829
CAPN1,1.0035841,1.0026534,1.0023234,1.003659,1.0032973,1.0035253,1.0017697,1.003735
NFAT5,0.99291635,0.99468625,0.9955589,0.99268067,0.99323535,0.99318296,0.9966291,0.9929627
ABCF1,0.9971881,0.9978471,0.9984806,0.9974242,0.99743956,0.99748975,0.9988717,0.9979639
MOV10,0.9967713,0.9975722,0.9980372,0.99669737,0.9967563,0.99678856,0.998492,0.9971315
CR1,0.9960116,0.99693143,0.9978792,0.99638695,0.99648356,0.99681205,0.99852324,0.99721056
PALLD,1.0009556,1.0007691,1.000621,1.0009093,1.0007765,1.0006938,1.0004529,1.0017376
LARS,0.9967072,0.99750435,0.9980099,0.9966529,0.996889,0.9968914,0.9984898,0.9969293
TLL1,1.0051365,1.0038922,1.003108,1.0050275,1.0046948,1.0047892,1.0023384,1.0043254
SPAG9,0.99352175,0.99502945,0.99600255,0.99339974,0.99376416,0.99384964,0.9969286,0.9937921
TBC1D9B,0.99927855,0.9994744,0.9994881,0.9991191,0.99911904,0.9991467,0.9995872,0.9991901
NUP210L,1.0038606,1.0029747,1.0020823,1.0034235,1.0033476,1.0031464,1.00152,1.0033917
JAK1,0.99722147,0.9978634,0.99785435,0.9964725,0.99686015,0.9965889,0.99820304,0.9967504
LRP2,0.99817365,0.9985397,0.9985327,0.9977274,0.99800014,0.99743724,0.9988048,1.0003364
ADCY10,0.99706936,0.9977838,0.9981907,0.9969688,0.99720794,0.99712354,0.9986104,0.9974423
RBBP6,0.9931954,0.99484336,0.99584913,0.99311024,0.99339527,0.99348235,0.9968034,0.99322176
MCF2L,0.9950894,0.99631417,0.99667764,0.9945913,0.99509066,0.9949702,0.99740636,0.9941987
TRAPPC8,1.0004487,1.0003128,1.0001216,1.0001159,1.0000044,1.0002683,1.0000994,1.0005774
MED12L,1.0028429,1.0022762,1.0016396,1.0025845,1.0027428,1.0027708,1.0013206,1.00149
SUPT5H,0.9944788,0.99574876,0.9964998,0.99422526,0.9945269,0.9943811,0.99722743,0.9950279
RB1,1.0016415,1.0013189,1.0010221,1.001587,1.0015678,1.0015609,1.0008266,1.0016773
AFG3L2,0.99483854,0.99622476,0.9969236,0.9947676,0.99541235,0.9953073,0.99779856,0.9956986
ROR2,0.99813366,0.9985928,0.9988973,0.99806815,0.9981289,0.9981303,0.99912846,0.99815273
ITGA10,0.9978609,0.9984264,0.99874616,0.99789786,0.9979133,0.99802995,0.99902976,0.99676883
SOX6,1.003397,1.0026504,1.0019659,1.0031662,1.0029414,1.0026889,1.0014138,1.0033387
ABCC2,1.0008879,1.0006192,1.0006865,1.0010326,1.0008512,1.0010777,1.0005388,1.0009031
NOS1,1.0013444,1.0009422,1.0008368,1.0012842,1.0010834,1.0011721,1.0006093,1.0017666
MYO5C,1.0002958,1.0001998,1.0005252,1.0006938,1.0003537,1.0004272,1.000373,1.0009811
HK3,0.9981125,0.99858785,0.9987434,0.9978787,0.99807453,0.99797165,0.99899435,0.9979783
SKOR1,0.99674165,0.99753034,0.9980261,0.99668217,0.99691755,0.996915,0.99849993,0.9969486
CRB1,1.0049295,1.0037827,1.0030427,1.0048794,1.004725,1.0044935,1.0023278,1.005369
EHBP1,0.9892912,0.99188316,0.99349654,0.9892751,0.98990494,0.9897866,0.99499667,0.9896134
TIE1,0.9968422,0.9975861,0.99772537,0.9962697,0.99649787,0.9964336,0.9981434,0.99619406
NRP2,0.9986086,0.9989295,0.99922585,0.9986726,0.9986005,0.9987254,0.9993999,0.99865603
NEDD4L,0.99666005,0.99747705,0.9980513,0.99668217,0.99684894,0.99704504,0.998526,0.99652207
ITGA2B,1.0022511,1.0017864,1.0013715,1.0021788,1.0021312,1.0020465,1.0010751,1.0021819
RPGRIP1,0.99699837,0.997689,0.99826074,0.9970403,0.99722755,0.9973547,0.99870884,0.9972342
MYO6,0.9932703,0.994979,0.995841,0.99312794,0.99368215,0.99362624,0.9968443,0.99292684
TTF2,0.99682486,0.9977466,0.99864614,0.9975532,0.9977869,0.9979557,0.99926,0.9982841
TNKS2,1.0008008,1.0006588,1.0006094,1.0008512,1.0006244,1.000976,1.0005045,1.0005175
TPP2,1.0043174,1.0032403,1.0025902,1.0042393,1.0038192,1.003723,1.0018734,1.0042391
DLG2,1.001257,1.000912,1.001107,1.0017277,1.0013182,1.0017432,1.0009296,1.0017021
KIF27,1.0052706,1.0039154,1.0034816,1.0055424,1.0049726,1.0052866,1.0027206,1.0062945
ATP6V0A4,0.998611,0.9989445,0.9990939,0.998496,0.9987249,0.9987414,0.9993765,0.9988298
CCDC180,1.0058244,1.0043743,1.0029415,1.0048454,1.0047797,1.0046574,1.0021119,1.004689
CACNA1G,1.0031724,1.0024269,1.002078,1.0033869,1.0030143,1.0033598,1.001626,1.0016667
COL9A1,0.9900612,0.99282134,0.994133,0.9902837,0.9910061,0.99054974,0.9956421,0.9904535
IFT122,1.0008444,1.0006435,1.000637,1.0009248,1.0007541,1.0007306,1.0004898,1.0017476
VWDE,1.0043536,1.0032147,1.002528,1.0040809,1.0038636,1.0040774,1.0018778,1.003057
RRP12,1.0042506,1.0032225,1.0023246,1.0038646,1.0036534,1.003379,1.0016577,1.0035794
PFKM,1.0000842,1.000122,1.0001897,1.0001727,1.0002682,1.0001374,1.0001805,1.0007145
AKAP6,1.0027096,1.0020467,1.0014478,1.0022669,1.0021802,1.0023026,1.0010794,1.0026438
NUP160,1.0041021,1.0031043,1.0023861,1.0038918,1.00367,1.0036992,1.0017552,1.0031549
DNM3,0.9942781,0.9957498,0.9965707,0.9943189,0.9946794,0.9945227,0.9973453,0.99376994
HCFC1,0.99626803,0.997198,0.99737406,0.99572754,0.99626124,0.99590856,0.9979249,0.99588037
PKD2,0.998641,0.9989748,0.99938107,0.9989209,0.9989261,0.99906445,0.9995874,0.99858207
PREX2,0.9995572,0.9996646,0.99977046,0.9995973,0.99942935,0.9993448,0.9997822,0.9999943
BOD1L1,0.9905776,0.9927672,0.9940883,0.99028355,0.9908108,0.9907369,0.9953987,0.99144495
FRMPD3,1.0054665,1.0041771,1.0034324,1.0054841,1.0051377,1.0052636,1.0026484,1.0055912
GLI2,0.9994271,0.99961346,0.99972594,0.99949145,0.99956584,0.9992498,0.9997528,0.99948347
ZSWIM5,1.001576,1.0011129,1.0008528,1.0013688,1.0012933,1.0011901,1.0005844,1.0018696
CBLB,1.0007764,1.000545,1.0005047,1.0007846,1.000795,1.0009643,1.0004721,1.0012925
EPHA4,0.9988476,0.99907756,0.9994242,0.99901474,0.9988819,0.999094,0.9995734,0.9989569
NOTCH1,0.9982799,0.9986963,0.9987501,0.99799806,0.99799305,0.9977682,0.99893725,0.9982353
TRPM7,0.9986438,0.999036,0.99888647,0.9981679,0.9984642,0.99829376,0.9991003,0.9978043
CTC1,1.0046798,1.0034934,1.0029265,1.004725,1.0042597,1.0044948,1.0022516,1.0051696
ATRNL1,1.0037615,1.0027608,1.0022236,1.0036573,1.0033153,1.0029961,1.0015519,1.0043912
TMPRSS9,0.99676436,0.9975497,0.99824536,0.9970372,0.99713135,0.99719167,0.99869585,0.99710155
COMP,0.99747086,0.9980792,0.99853206,0.9974926,0.9976727,0.9976783,0.998899,0.99781084
SFI1,1.0065842,1.0049963,1.0039778,1.0064983,1.0058737,1.0058818,1.0029572,1.0063975
POMT1,0.99989796,0.9999136,0.9999227,0.99993354,0.9998449,0.99971014,0.9998976,0.99986726
DIAPH1,1.0003506,1.0002882,1.0001769,1.0001605,1.0002713,1.0002923,1.000155,1.0004038
ABCC11,0.9977249,0.9982718,0.9984715,0.9974623,0.99769723,0.99756527,0.9987801,0.9974866
TIAM1,0.99964464,0.9997661,0.9994557,0.9991666,0.9992259,0.9988239,0.99939907,0.99915457
TULP4,0.9927484,0.99454147,0.9952891,0.9921972,0.9928143,0.9927207,0.9963299,0.9923085
PIK3CD,1.0049655,1.0038269,1.0029842,1.0048208,1.0046291,1.0044112,1.0022182,1.0045476
MEGF10,0.9974302,0.99798226,0.99788404,0.9967109,0.9968744,0.99648565,0.9981837,0.9970589
CSPG4,0.98971283,0.99246335,0.9937017,0.9895034,0.9904543,0.99046516,0.9953927,0.98970866
FIP1L1,1.0012462,1.0009315,1.0009396,1.0014187,1.0012298,1.0011983,1.0007236,1.0023367
DDX46,0.99784255,0.9983299,0.9984459,0.99742997,0.99765724,0.99762493,0.99874413,0.99765193
NKTR,0.98851776,0.99127793,0.9927708,0.9881134,0.9888741,0.98880845,0.9944069,0.98879194
FLG,0.99850917,0.9988047,0.99911994,0.998505,0.99851215,0.99873966,0.99932945,0.9981245
EPHB4,1.0030372,1.0023073,1.0015862,1.0026286,1.0025353,1.0023272,1.0011076,1.0020999
AARS2,1.0046599,1.003521,1.0029258,1.0046916,1.0043236,1.0043532,1.0022054,1.0046225
RAPGEF6,0.99937534,0.9994823,0.99966127,0.9993837,0.99947155,0.99949807,0.9997261,0.9992064
PDS5B,0.9886602,0.9914561,0.993096,0.98864055,0.9894533,0.9892434,0.9947388,0.9891833
LMO7,0.9953075,0.9963761,0.99757624,0.99591076,0.9961025,0.99636453,0.9983332,0.9964249
CNGB1,1.0052493,1.003941,1.0032893,1.0054001,1.0051808,1.0052601,1.0025437,1.0044262
SLIT2,1.0006288,1.0005668,1.0001216,1.0001605,1.0002978,1.0002558,1.0001278,1.0011171
ANKHD1,0.99821174,0.99860364,0.99916506,0.99855053,0.99847925,0.99863744,0.99945533,0.99937963
TP63,0.9967487,0.9975208,0.99805105,0.9967336,0.9969466,0.99694806,0.9985199,0.9969547
HEATR5B,1.00176,1.0012462,1.0010855,1.0017877,1.0013747,1.0017213,1.0008075,1.0012398
GAA,0.99835384,0.998781,0.99933934,0.99884295,0.9987402,0.9988431,0.99957454,0.9989451
ADAMTS10,0.99858487,0.9988464,0.9993446,0.99892175,0.9988655,0.99902046,0.9995407,0.99826145
TOPBP1,1.0013545,1.0011032,1.0009736,1.001526,1.0014145,1.0011955,1.00074,1.0017459
JAK2,1.005641,1.0042809,1.0034719,1.0057034,1.0052371,1.0051858,1.0025873,1.0051811
INO80,1.0046998,1.0035712,1.0026767,1.0043569,1.004082,1.0040082,1.0019677,1.004254
GPR158,1.0028278,1.0021323,1.0022061,1.003475,1.0028893,1.0030868,1.0017209,1.0038717
SMC4,0.99762285,0.9982234,0.99858487,0.9975884,0.9976093,0.9975588,0.998888,0.998054
ADCY2,0.99519,0.99641466,0.99675274,0.99474835,0.99526,0.99477684,0.9974565,0.9954238
NVL,1.0022833,1.0017587,1.0006561,1.0012276,1.0015419,1.0010589,1.0003357,1.0008913
ECE2,1.00189,1.0015006,1.0009671,1.0015576,1.0015934,1.0015268,1.0007265,1.0010703
POLE,0.99666846,0.99749553,0.99784386,0.9964902,0.99697214,0.9967824,0.9984322,0.99693435
PIEZO2,1.0018852,1.0014359,1.0010045,1.0016623,1.0015587,1.0015081,1.0007125,1.0010277
SUPT16H,0.9965681,0.997399,0.9979986,0.9966441,0.99678487,0.99682873,0.9984811,0.9971624
MMEL1,0.9997989,0.99977994,0.99998224,0.99984694,0.9997925,0.9999398,1.0000215,1.0007422
CDK12,1.0003824,1.000239,1.0002276,1.0003433,1.0001948,1.0000882,1.0000921,1.0009276
SCN10A,0.9967072,0.99750435,0.9980099,0.9966529,0.996889,0.9968914,0.9984898,0.9969293
OTOGL,0.99781585,0.9983353,0.9987736,0.99787515,0.99794537,0.9981415,0.99910986,0.99790263
SEC23B,1.0003779,1.0003078,1.0003519,1.0005552,1.0005199,1.0004281,1.0002705,0.9999445
ECEL1,1.0002468,1.0001998,1.0002543,1.0003817,1.0001941,0.9998555,1.0000545,1.0002283
TACC2,0.99818313,0.998577,0.9985992,0.9976654,0.9978031,0.9978653,0.99884677,0.9982936
CCDC88C,1.0013549,1.0010036,1.0009105,1.0013212,1.0011739,1.0011888,1.0006713,1.0017451
PLEKHA7,1.003492,1.0027179,1.0020692,1.003351,1.0033225,1.0031587,1.0015734,1.0027118
HCN4,1.0043187,1.0033585,1.002706,1.0042702,1.00437,1.0042918,1.0021546,1.0040495
TPCN1,1.0022489,1.0017549,1.0011548,1.0018516,1.0018362,1.0017673,1.000849,1.0015607
PARD3,1.0039284,1.0029685,1.0022819,1.0037508,1.0033659,1.0032866,1.0016062,1.003343
SPEF2,1.0079279,1.0060204,1.00441,1.0072141,1.006962,1.006824,1.0032948,1.0074661
FREM1,1.0016289,1.0013173,1.001345,1.0021538,1.0018758,1.0020472,1.0011312,1.0014862
FLG2,0.99622715,0.9970564,0.9979243,0.99641955,0.9966242,0.9967983,0.9984778,0.99732184
PLXNA4,0.9890293,0.99172604,0.99307,0.98856556,0.9894548,0.9894905,0.9947399,0.9894686
ARHGEF40,0.9975323,0.9982251,0.99846005,0.99730027,0.99757177,0.997577,0.998919,0.9987285
RC3H2,1.0039651,1.0030162,1.0026324,1.0041696,1.0036554,1.0039717,1.0020144,1.0035352
NRAP,0.9979334,0.9984417,0.99871874,0.9978344,0.9980457,0.9980849,0.99903774,0.9977355
NID2,1.0064716,1.005009,1.0034926,1.0057708,1.0056739,1.0057712,1.0026963,1.0049579
KCNH1,1.0038213,1.0029435,1.0022715,1.0037016,1.0033199,1.0030357,1.0015886,1.0036187
PFAS,1.0015221,1.0011542,1.0012952,1.0020418,1.0016679,1.0020375,1.0010821,1.0012147
CACNA2D2,1.0027775,1.0022392,1.0015416,1.0024711,1.0025712,1.0023963,1.0011632,1.0015597
HRNR,1.0024915,1.0018462,1.0016184,1.0025203,1.0022516,1.0025182,1.0012436,1.0025921
FAM186A,1.0018655,1.0014038,1.0010179,1.0015807,1.001485,1.0014143,1.0006814,1.0016671
FBLN2,0.98731786,0.9904995,0.99270487,0.9879221,0.98844874,0.9884367,0.99451125,0.9879887
KDM2B,0.9958712,0.99683917,0.9973482,0.99562347,0.9958514,0.99576086,0.99788153,0.9952218
DOCK10,1.0012906,1.0010655,1.0008843,1.0013925,1.0012628,1.0012976,1.0007539,1.0014113
ATM,0.9999778,0.9999081,0.99981534,0.9997385,0.99964476,0.9995984,0.9997637,0.9998994
SULF1,1.0023319,1.0015953,1.0009,1.0016748,1.0014595,1.0015305,1.0005938,1.0023999
AMBRA1,1.0014317,1.0011679,1.000761,1.0012223,1.0013474,1.0012236,1.0006034,1.001137
FGFR4,1.0022948,1.0017011,1.001237,1.0019563,1.0018448,1.0018473,1.000879,1.002414
TTLL5,1.0065033,1.004889,1.0036815,1.0060766,1.0058244,1.0055041,1.0026702,1.0057578
NSD3,0.9983438,0.99878645,0.99903125,0.9983038,0.99839723,0.9983784,0.9992286,0.9982262
MYH6,0.9992479,0.9994242,0.99967134,0.999351,0.99940383,0.9994509,0.9997743,0.9993315
PYGB,0.9982553,0.9987987,0.99945486,0.998914,0.99879825,0.9988704,0.9996666,0.998342
ADCY6,0.99986744,0.9999657,0.999714,0.9995835,0.9996845,0.99934906,0.99969614,0.9995283
TTC3,0.99296075,0.9946636,0.9955677,0.9926545,0.9931594,0.993163,0.9965614,0.9928746
AEBP1,1.0002496,1.0003433,0.99974847,0.999628,0.99975413,0.9994422,0.99972165,0.9990854
CAPN3,1.0007911,1.0006016,1.0006375,1.000952,1.0008898,1.0010823,1.0005462,1.0003061
PIK3CB,1.002312,1.0018246,1.0013957,1.0023031,1.0022898,1.0020654,1.0010793,1.0020254
NWD2,1.0055008,1.0041556,1.0031846,1.0052084,1.0049329,1.0050037,1.0023742,1.0040609
FRMD4B,0.996645,0.9975624,0.9981506,0.9967247,0.99709904,0.9973743,0.99879026,0.9974892
UTP20,1.0031075,1.0023862,1.0019672,1.0032121,1.0028768,1.0026966,1.0014638,1.0035086
MAPKBP1,1.0018495,1.0012859,1.0013992,1.0021604,1.0017973,1.0022614,1.0010971,1.0015929
XPO7,1.0056615,1.004359,1.0030835,1.0051373,1.0050373,1.004689,1.0022187,1.0037847
COL1A2,0.997457,0.99824107,0.99840355,0.99722517,0.99766356,0.9974276,0.99877954,0.99679786
PTPRF,0.99733984,0.9979572,0.99827766,0.99721396,0.9973017,0.9973507,0.99866676,0.99722624
GRM3,0.9946835,0.9959548,0.99723524,0.99547553,0.9954936,0.9957067,0.9980277,0.99523187
SMC1B,0.99920726,0.9993669,0.9993042,0.99883753,0.9990051,0.999001,0.99945164,0.9992664
VARS2,0.9965559,0.99734914,0.99792266,0.9965957,0.996827,0.99696034,0.9985043,0.99689376
ZGRF1,1.0041384,1.00313,1.0024215,1.003967,1.0036833,1.0032111,1.0016946,1.0046772
TSPOAP1,0.994316,0.9957694,0.99644756,0.9941607,0.99458456,0.9943602,0.99727595,0.9946146
ABCA8,0.99927306,0.99942154,0.99913126,0.9985349,0.9988382,0.99887097,0.99938107,1.0001756
SOS2,0.9972784,0.99797916,0.998499,0.99753153,0.99762845,0.9977846,0.99893844,0.99695146
RAPGEF2,0.9974296,0.99807405,0.99830824,0.99718773,0.99734277,0.99735665,0.9986601,0.996862
CPT1A,0.998685,0.9990369,0.9992753,0.9986949,0.9986448,0.9988084,0.9994728,0.99890685
TIAM2,1.005844,1.004364,1.003631,1.0059216,1.0055065,1.0058007,1.0028275,1.0055209
CDC42BPG,0.996797,0.99758303,0.9980394,0.99668884,0.9969896,0.99703264,0.9985385,0.9969077
CCDC88A,0.9883865,0.99117017,0.9926698,0.9879325,0.9887541,0.9886663,0.9943087,0.9883162
RSF1,0.99022543,0.9925159,0.99391866,0.9899572,0.99059,0.9905281,0.99527895,0.9906175
GRID2,1.001736,1.001511,1.0008383,1.0013688,1.0014805,1.0013824,1.0006964,1.0009391
USP7,0.99532366,0.9964528,0.9971566,0.9953537,0.9956634,0.99543107,0.9977791,0.9954514
IGSF9B,1.000294,1.0002644,1.0002867,1.0003439,1.0003275,1.0004008,1.0002445,1.0001299
IARS,0.9967072,0.99750435,0.9980099,0.9966529,0.996889,0.9968914,0.9984898,0.9969293
MET,1.0022026,1.0017067,1.00126,1.0020623,1.0021111,1.0019844,1.0009515,1.0017672
TRANK1,1.0012996,1.0009744,1.0006051,1.000968,1.0009645,1.0011222,1.0004625,1.0002601
PLEKHH1,1.0036137,1.0026624,1.0022415,1.0036439,1.0031269,1.0032264,1.0016036,1.0031799
JAK3,1.0024704,1.0019221,1.0013585,1.0022045,1.0021384,1.0019504,1.0009581,1.0017617
CFAP46,1.0008054,1.0006372,1.0003514,1.0006245,1.0006963,1.000335,1.0002152,1.0006516
ADAMTS14,0.9934993,0.99510014,0.9961747,0.9936632,0.9941086,0.9940305,0.99716306,0.99438107
LRP8,0.9919127,0.9938961,0.9950068,0.99176353,0.9921459,0.9922527,0.99614465,0.99144375
LAMB2,0.9940076,0.9954175,0.9961554,0.9936758,0.9939989,0.99413824,0.9970839,0.9943893
ADGRL1,0.9954503,0.99662477,0.997102,0.9952263,0.9956521,0.9954369,0.9977405,0.99501896
ATR,1.0003082,1.0001743,1.00022,1.0003339,1.0002394,1.0003786,1.0001851,0.9999949
CPLANE1,0.9967953,0.9976643,0.99771225,0.9962337,0.9968176,0.996454,0.9982226,0.9968318
ROBO3,1.004448,1.0034168,1.0027888,1.0045341,1.0041612,1.0041201,1.0021013,1.0037613
SYNM,1.0006206,1.0005834,0.9999764,0.9999962,1.0001353,1.0000318,0.9999584,0.99968255
AK9,1.0011866,1.0010118,1.0003669,1.0005516,1.000843,1.0006506,1.0002724,1.0008105
KIF23,1.0006777,1.0005901,1.0002079,1.0003432,1.0003009,1.0001335,1.0000781,0.99983025
PTPN21,1.0030185,1.0023024,1.0016894,1.0028181,1.002679,1.0024226,1.0012069,1.0023409
DENND4C,1.0000932,1.0001124,0.9998076,0.9997342,0.9998465,0.9996925,0.99981946,0.99966216
ATG2A,1.0023061,1.0017203,1.0016361,1.0025921,1.002316,1.0025923,1.0013498,1.0028956
ADAMTS12,0.9965123,0.9973716,0.9975474,0.9959502,0.9962604,0.9962052,0.99808437,0.99686766
RASGRF2,1.003389,1.0026485,1.0022689,1.0036937,1.0034729,1.0034149,1.0017745,1.0026236
MYO1H,0.99612767,0.9970666,0.99773705,0.9962597,0.9965536,0.99660945,0.9983576,0.99626863
MYO1G,0.99728966,0.9979295,0.9983188,0.9972148,0.9974195,0.99728215,0.99868476,0.9973633
TOP2A,0.9956769,0.99670994,0.99696696,0.9950836,0.9954636,0.9952887,0.99761045,0.99560857
FASN,0.99578047,0.99680775,0.99748564,0.99589396,0.99612784,0.99616617,0.99811167,0.99565494
EXTL3,0.99757427,0.99817145,0.998533,0.9975852,0.9976771,0.99757427,0.9988679,0.99761665
SUPT6H,1.0028901,1.0021553,1.0016963,1.0028578,1.002657,1.002707,1.0012984,1.0023988
HEPH,1.0043948,1.0033054,1.0029781,1.0047492,1.004271,1.0046166,1.0023904,1.0054464
LPA,1.0003445,1.0002809,1.0003613,1.000421,1.000386,1.0005517,1.0003228,1.0002913
MYO9A,0.9981985,0.9984906,0.9989256,0.99819744,0.99818164,0.99814975,0.99908483,0.9989444
CFTR,1.0006704,1.0004573,1.0005938,1.0008643,1.0006628,1.0008802,1.0004923,1.0011793
SLC12A1,1.000315,1.0002224,1.000199,1.0002376,1.0001597,1.000167,1.0001273,1.0006142
ABI3BP,1.0003922,1.0002655,1.0001396,1.000236,1.0002198,1.0001155,1.0000563,1.000232
EIF4G3,0.99048305,0.9927881,0.9941783,0.99041355,0.9911276,0.9911249,0.99560297,0.9908543
MTCL1,1.0062782,1.0048822,1.0033054,1.0054704,1.0054226,1.0048687,1.0023192,1.0044034
MKI67,0.99639577,0.99725217,0.997898,0.996503,0.996634,0.996572,0.9984256,0.9972421
SEC16A,0.9982096,0.9986973,0.99889815,0.99806935,0.9981564,0.998266,0.999177,0.9982996
ROCK2,0.99300694,0.9946972,0.99564517,0.9928848,0.9932188,0.9931651,0.99661684,0.9928422
NUP98,1.0027038,1.0021732,1.0013521,1.0021852,1.0022912,1.0021236,1.0009985,1.0014527
PEAK1,0.99824655,0.9986734,0.99932003,0.9987525,0.9985343,0.9987684,0.99954027,0.998598
SULF2,0.9967624,0.99766505,0.9979123,0.9964438,0.99665326,0.9967792,0.99847364,0.9971365
DHX8,1.0036067,1.002749,1.0021036,1.0033723,1.003392,1.0032176,1.001585,1.0034071
SCUBE3,1.0018804,1.00142,1.0011445,1.0018963,1.001788,1.0020554,1.0009551,1.001135
GRM8,1.0024406,1.0020355,1.0013006,1.0020102,1.0022576,1.0019115,1.0009818,1.0014081
DLC1,0.99374187,0.99523425,0.9968202,0.9946116,0.9947322,0.9949071,0.99770993,0.99510896
ADAMTS17,0.9983965,0.9988419,0.99901366,0.99826026,0.9984522,0.9984994,0.9993172,0.9990326
TNS3,1.0001807,1.0001473,1.0003415,1.0003659,1.0002718,1.0007386,1.000453,1.001117
MXRA5,1.0000575,1.0000509,1.0000741,1.0000253,1.000144,1.0002186,1.0001272,1.0002347
SF3B3,0.99850446,0.9988581,0.9992323,0.99867684,0.99859095,0.9987135,0.9994042,0.9984195
UNC13C,1.0024736,1.0018264,1.0013721,1.0022464,1.0021663,1.0023121,1.0010815,1.0022098
PCM1,0.99342287,0.99504423,0.99598056,0.99337137,0.99380827,0.99374515,0.99692714,0.99371576
ESYT1,1.0026257,1.0020357,1.00138,1.0023117,1.0021183,1.0019706,1.0009385,1.0014236
CRB2,1.0061207,1.0046391,1.0037115,1.0060319,1.0055003,1.0056719,1.0028391,1.0063893
SLC4A7,0.99783766,0.9983573,0.99832034,0.9973043,0.9975387,0.9972634,0.9985652,0.9971615
NUMA1,0.997712,0.998363,0.9986106,0.99768686,0.9978511,0.9977613,0.99894476,0.99745303
PDCD11,0.99978817,0.9998095,0.9999304,0.9998706,0.99972,0.99987674,0.9999542,0.9997897
CC2D2A,0.9990449,0.99924886,0.99938583,0.99896544,0.99902546,0.99908036,0.9996164,1.0002584
CIT,1.0052727,1.0041212,1.0034661,1.0055304,1.005019,1.0049636,1.0026379,1.0051864
KIF16B,1.0015241,1.0011457,1.0009034,1.0015,1.0013574,1.0012124,1.0006285,1.0013368
PREX1,0.99551713,0.99662215,0.99715567,0.9952973,0.9956717,0.9954759,0.9978477,0.99613696
ZC3H13,0.9937936,0.9952739,0.9961799,0.99364805,0.9941337,0.9941969,0.9970963,0.99406767
MYO1C,1.0048437,1.0038834,1.0026454,1.0043745,1.0042396,1.0037985,1.0018666,1.0030544
ADCY8,1.00217,1.0016297,1.0010014,1.0017523,1.0017686,1.0014257,1.0006505,1.0016193
NUP155,1.0089391,1.0069163,1.0050417,1.0083971,1.008193,1.007685,1.0037798,1.0077342
EPB41L3,0.99802923,0.9985745,0.9989792,0.9982294,0.9985007,0.99849236,0.9993542,0.9985714
ZNF469,1.0034173,1.0025215,1.0021998,1.0035546,1.0032259,1.0035127,1.0017178,1.0031273
FN1,0.9922466,0.9941343,0.9956517,0.992746,0.9931361,0.9933262,0.9968482,0.99371743
MAP1A,0.99704945,0.9978447,0.998187,0.99700546,0.9972296,0.99703807,0.99861145,0.99712574
DNMT1,0.9977546,0.9982941,0.9986278,0.99771476,0.9978436,0.99777025,0.99893415,0.9978584
CUL9,1.0003774,1.0002745,1.0003159,1.000487,1.0004048,1.0004236,1.0002286,0.99967086
GLG1,0.99216735,0.9940659,0.99519914,0.9920342,0.9926238,0.992658,0.9963671,0.99254775
NEDD4,1.0028591,1.0021701,1.0016159,1.0026352,1.0025266,1.0023911,1.0011939,1.002684
LY75,0.99719214,0.99788547,0.9983994,0.9972448,0.99744654,0.9975003,0.99881035,0.9973771
NOTCH3,0.99024343,0.99263674,0.9946021,0.99106884,0.99119675,0.9913521,0.9960096,0.9921129
NUP214,1.0026343,1.002055,1.00091,1.0017146,1.0017937,1.0014119,1.0005264,1.0007058
ATP2A3,1.0006614,1.0004812,1.0005176,1.000781,1.000693,1.000715,1.0004188,1.0010569
CLCN2,1.0052179,1.0039699,1.0032566,1.0052998,1.0051389,1.0053487,1.0025655,1.0038495
TNR,1.0003422,1.000251,1.0002655,1.0003223,1.0001307,1.0001277,1.0001597,1.0009359
SBF2,0.99729896,0.9980085,0.99807405,0.9968441,0.9972451,0.9969787,0.9984603,0.9967672
PC,0.996528,0.99741554,0.997871,0.9964477,0.99684644,0.996699,0.9984167,0.996614
NEURL4,1.0003736,1.0002254,1.0005403,1.000827,1.0004134,1.0005496,1.0004412,1.0013282
HKDC1,0.9985211,0.9989501,0.9991269,0.9984648,0.99861425,0.9985185,0.9993471,0.9985256
MYO1F,0.997327,0.997957,0.99822664,0.99701667,0.9974351,0.99741083,0.99866116,0.99721444
DOCK11,1.0016922,1.0013247,1.0008534,1.001237,1.001482,1.0015137,1.0006807,1.0010709
WDR11,1.0017635,1.0013475,1.0011626,1.0017062,1.0017159,1.0018566,1.0009514,1.0021656
ATP13A2,0.9967288,0.9976942,0.9977412,0.9963392,0.99685353,0.9965912,0.9983078,0.99559003
KCNH6,1.0055364,1.0041924,1.0033169,1.0053701,1.0049233,1.0049913,1.0024675,1.00493
TERT,0.99833345,0.99877477,0.99897975,0.9982306,0.9984757,0.99836504,0.9992238,0.9983723
CFAP44,0.99662757,0.99738574,0.9980966,0.9967209,0.9969036,0.9969636,0.99863577,0.9986001
MYO5B,0.9936863,0.9951246,0.9962895,0.9938582,0.9942134,0.99434197,0.9972958,0.99525946
ZFHX4,0.987791,0.99082184,0.99219054,0.98718107,0.9883338,0.988119,0.99401784,0.9872081
CADPS2,1.0032247,1.0026507,1.0016758,1.0026357,1.0027369,1.0024779,1.0012646,1.0028459
ARFGEF3,0.9993814,0.9995415,0.9994525,0.99912584,0.99937165,0.99948716,0.99960685,0.99807036
DHX38,1.0010743,1.000811,1.000746,1.001233,1.00104,1.0011725,1.0006409,1.0013498
CLCN6,0.9973035,0.9979448,0.9985712,0.99758756,0.9977715,0.99771476,0.9990209,0.99890757
TNS1,1.0008405,1.000709,1.0003992,1.0006258,1.0004332,1.0001986,1.0001945,1.0003864
PTPRQ,0.9964154,0.99728584,0.9978571,0.9964018,0.99663144,0.99666494,0.998382,0.99660593
MAGI1,0.99432683,0.9956696,0.99683344,0.9947478,0.994871,0.99477315,0.9975662,0.99526316
TECPR1,0.99552536,0.99654627,0.9971417,0.99539983,0.995633,0.99561346,0.99779135,0.99551046
MAN2A2,0.9973772,0.99801075,0.9984127,0.9972908,0.99744844,0.99750817,0.9987973,0.9976109
NOS3,0.99859977,0.9989239,0.9991821,0.9985657,0.9984325,0.99858487,0.9993278,0.99878085
CROCC,0.9982275,0.9986514,0.9985031,0.9975974,0.99766624,0.99751747,0.9987629,0.9987873
EHMT2,0.9939898,0.9954537,0.99652576,0.9942533,0.99456465,0.9946158,0.9974586,0.99510264
PLXNB3,0.9948541,0.9962071,0.99739254,0.9955819,0.99573874,0.9958693,0.9982135,0.99612594
MAN2B1,1.0010197,1.0007381,1.0005671,1.000967,1.0009426,1.0007803,1.000373,1.0005519
MTMR4,0.9979006,0.99841857,0.99874115,0.9978483,0.99813133,0.9980875,0.99905777,0.99794805
PLXNB2,0.9997886,0.9999083,0.9998038,0.9996493,0.99974453,0.9995688,0.99981695,0.99928653
TUT4,0.99262357,0.99440897,0.99585414,0.99301505,0.9932461,0.99354637,0.99690604,0.99319714
DNAH17,1.0041372,1.0030732,1.0024898,1.0040524,1.003744,1.0038049,1.0018649,1.0039663
MYO1A,1.0024682,1.0018752,1.0013227,1.0021181,1.0020578,1.0019698,1.0009251,1.0019529
ARFGEF2,1.0021366,1.0016462,1.001482,1.0023668,1.0022686,1.0024166,1.0011958,1.0011187
ROBO2,0.9828694,0.9870076,0.9894432,0.98250616,0.9837905,0.98385537,0.9919762,0.98406523
NPR2,1.0066686,1.0049586,1.00393,1.0064318,1.0059416,1.0061928,1.0029658,1.0063124
INSR,0.99773973,0.99830544,0.99880433,0.99797714,0.9979802,0.9980905,0.9991058,0.9975139
KIF7,1.0064472,1.0049179,1.0036203,1.00597,1.0057225,1.0054883,1.0026536,1.0055676
WDR81,1.0013107,1.0009997,1.0009774,1.0015402,1.0013807,1.0012404,1.0007215,1.0014365
ATP9B,1.0004449,1.000328,1.0005039,1.0007346,1.0006118,1.0005789,1.0004183,1.0014275
PCNX3,1.0004609,1.0004768,1.0002251,1.0003232,1.0005198,1.000258,1.0002096,1.0004687
PLXND1,0.9977473,0.9982643,0.9986385,0.9976556,0.99774075,0.997835,0.9989361,0.99755836
PCNX1,0.99730706,0.9978646,0.9984884,0.9974621,0.99730635,0.99763536,0.9988526,0.9976615
PTCH2,0.99664456,0.9974474,0.9982123,0.9969722,0.9969462,0.9968917,0.998641,0.9980441
ARHGEF11,1.0001583,1.0000062,0.9998455,0.99983937,0.99991465,0.9997561,0.9998368,1.0008336
PHKB,1.0004292,1.0004185,0.9998689,0.99988055,1.0002172,0.9998685,0.99988174,1.0000557
CNTNAP5,1.0006509,1.000446,1.0008895,1.0013776,1.0008776,1.001156,1.0007045,1.000607
PAPPA,0.9979296,0.99837625,0.9981597,0.997019,0.99750614,0.9970582,0.9983791,0.9970395
INPPL1,0.9984185,0.9988369,0.9990798,0.9985137,0.9984403,0.9983626,0.99926513,0.9983611
SHANK1,0.99739164,0.9979696,0.9985449,0.99757016,0.99762225,0.99779916,0.9989663,0.99805236
ABCA9,1.0047348,1.0035433,1.0031193,1.0050272,1.0045843,1.0047245,1.0023963,1.004698
COPA,0.9938066,0.9953275,0.99626446,0.99382436,0.99417806,0.9941387,0.997162,0.9945299
AHNAK2,1.0048616,1.0036845,1.0025282,1.0042503,1.0040424,1.0038452,1.0017488,1.0031335
DNAJC13,0.99853146,0.9989476,0.9990343,0.99834657,0.9985542,0.99856305,0.999291,0.998212
MYO18A,1.0057064,1.004307,1.0035733,1.0058136,1.0054585,1.0054498,1.0026803,1.0047048
SI,0.99689984,0.99764144,0.998068,0.9967871,0.9970226,0.9969468,0.99850464,0.9969593
DNMT3B,1.006814,1.0051546,1.0043575,1.00706,1.0065832,1.0067997,1.003357,1.0062914
DIDO1,0.998771,0.9990592,0.9994071,0.998958,0.99902904,0.99910665,0.9996051,0.998758
ESPL1,1.0002322,1.0004271,1.0002401,1.0002391,1.0005729,1.0003111,1.0003035,0.99995124
USH2A,1.0013955,1.0011023,1.0007106,1.0011888,1.0013328,1.001332,1.0005975,1.0007912
DGKH,0.9953338,0.99649996,0.9971703,0.995274,0.99553967,0.99561596,0.9978378,0.9949766
DCC,0.9903667,0.99280113,0.9943067,0.99042344,0.9914212,0.99162847,0.99592113,0.99152076
PRUNE2,1.0024348,1.0019262,1.0013487,1.0022478,1.0023061,1.0022092,1.0010624,1.0015751
HERC1,0.9905635,0.99283606,0.9941356,0.99030966,0.9909867,0.99087703,0.99547553,0.9909555
SLC4A3,0.9985917,0.99892676,0.9995863,0.99920714,0.99893427,0.9993148,0.99978375,0.9986882
TJP1,0.99355894,0.99515474,0.9962163,0.9937219,0.99375486,0.99372303,0.9970626,0.99429595
MYLK,1.004696,1.003503,1.0031576,1.0051229,1.0046333,1.0047574,1.00242,1.0046155
GREB1,1.0009997,1.0007501,1.0007324,1.0011723,1.0009892,1.0010736,1.0005972,1.0015656
ALK,1.0023026,1.0016649,1.0014467,1.0022798,1.0020127,1.0021384,1.0010697,1.0027674
APC2,0.9942464,0.99562025,0.99642324,0.9941268,0.99441934,0.99448156,0.99724305,0.99413025
LTBP1,0.9958496,0.9969458,0.997856,0.9964154,0.9962609,0.9967859,0.9985208,0.9954607
DNM1,0.9966271,0.9975027,0.9982687,0.99689406,0.99697757,0.99694645,0.99868345,0.99777615
KIF20B,1.0060239,1.0046532,1.0032697,1.0053755,1.0051602,1.0047896,1.0022972,1.0045623
ARHGAP21,0.9912772,0.9933316,0.9943113,0.9907007,0.991385,0.9912126,0.99554515,0.9911876
AHCTF1,1.0026226,1.0020969,1.0013062,1.0020778,1.0022113,1.0019273,1.0009565,1.002398
WDR19,0.9987864,0.9990255,0.99944603,0.9990045,0.99898684,0.9990246,0.9996518,1.000454
SARDH,1.0010612,1.0009303,1.0008628,1.001259,1.001138,1.0013083,1.000782,1.0014948
CEP192,1.0013027,1.0010694,1.0009065,1.0013936,1.0013573,1.001087,1.000686,1.0016158
SETDB1,1.000688,1.0004911,1.0004196,1.0007288,1.0006617,1.0004101,1.0002408,1.0004296
LCT,0.9982734,0.9986914,0.9990084,0.9983191,0.99838185,0.99828684,0.9992206,0.9984888
KCNH3,1.0015469,1.0011144,1.0010816,1.0017338,1.0015647,1.0015876,1.0008212,1.001603
COL6A1,0.9960277,0.9969888,0.997416,0.99567693,0.995853,0.9959275,0.99800295,0.9967681
DIP2B,0.99785733,0.9983591,0.99901307,0.9981624,0.99817425,0.9981883,0.9992739,0.99915546
SBNO1,0.99680054,0.9975027,0.9982021,0.99695164,0.99693465,0.99715865,0.99860775,0.99720114
RTEL1,0.99608505,0.99699867,0.99740714,0.995813,0.99625415,0.9962118,0.9980701,0.9958148
LAMC1,0.9942405,0.99568677,0.99675715,0.99455154,0.99474305,0.9949521,0.997645,0.99525404
ABCA7,1.0012242,1.0010667,1.0006201,1.0009322,1.0011207,1.0006727,1.0004363,1.0016963
PTPRK,1.0007423,1.0006791,1.0005393,1.0008352,1.0008609,1.0008042,1.0004735,1.000741
PHKA2,1.00267,1.0020503,1.0017455,1.0027816,1.0025561,1.0026692,1.0013723,1.002492
GRM4,0.99974775,0.99976313,0.9999268,0.999759,0.9998665,1.000316,1.0001206,0.99986124
USP32,1.003993,1.0030521,1.0022901,1.0038176,1.0035658,1.0036181,1.0017157,1.0031087
NIN,0.99758565,0.99822617,0.9984553,0.9973893,0.99768937,0.997841,0.9988911,0.99704176
NFASC,0.9982432,0.99858725,0.9988212,0.9980562,0.99818116,0.9983299,0.99907655,0.9978224
ANK3,0.984634,0.988343,0.9906236,0.9845581,0.9855863,0.9855287,0.99282885,0.98519385
EVPL,0.9974383,0.99811316,0.99842334,0.9973297,0.99763364,0.99755704,0.99881506,0.9972832
SMCHD1,0.99538183,0.99660635,0.9973335,0.99551386,0.9958584,0.9958608,0.9980223,0.9951714
RTTN,1.0084579,1.006482,1.0052897,1.0085431,1.0079271,1.0083097,1.0041018,1.0075268
ERBB3,1.0039229,1.0030938,1.0018027,1.0030624,1.0029635,1.0028436,1.0012686,1.0020347
ADGRV1,0.9945801,0.99584544,0.99593127,0.99348927,0.9941169,0.99390805,0.99678993,0.99418044
RAD54L2,1.0055742,1.0042946,1.003378,1.0054951,1.0053575,1.005209,1.0025775,1.0048987
MYO1B,0.99041057,0.99276733,0.9942528,0.9904252,0.99099874,0.9910911,0.99563587,0.9907795
ADAMTSL3,0.9991281,0.99936295,0.9994555,0.99913883,0.9991003,0.99902034,0.9995197,0.9983274
NPHP3,1.0008659,1.0006268,1.0007654,1.0010973,1.0008453,1.001082,1.0006433,1.0016793
TG,1.0017477,1.0012506,1.0010386,1.0016348,1.0014735,1.0016236,1.0007635,1.0015947
CGN,1.0022981,1.0017722,1.0013213,1.0021397,1.0021217,1.001879,1.0009809,1.0023848
MYH13,0.998528,0.99891746,0.99906886,0.99841285,0.9985843,0.99846554,0.99927443,0.99840415
MYH7B,0.99828875,0.9987012,0.9989622,0.998194,0.99835575,0.99831736,0.9992,0.9985213
SBF1,0.9993681,0.9995519,0.9997817,0.9996003,0.9994754,0.99955446,0.9998636,0.99925387
ATAD2,0.9996226,0.9999014,0.9995991,0.9993173,0.9994899,0.99890196,0.99956226,0.9988282
MYO3B,1.002403,1.0017803,1.0015063,1.0024033,1.0021646,1.0022159,1.001109,1.0020375
TANC1,0.9989348,0.99921125,0.9996387,0.99932253,0.99918437,0.9990244,0.9997126,0.999753
ERBB2,0.99879736,0.9990758,0.9989164,0.99829316,0.9985943,0.998343,0.99918354,0.9995878
GPR179,0.99779266,0.998384,0.99862266,0.99766123,0.9979155,0.9977213,0.99893475,0.9980649
ATG2B,1.001594,1.0011427,1.0010395,1.0016876,1.0015118,1.0015843,1.0008054,1.0019212
SOS1,0.9949445,0.9963087,0.99650216,0.99429,0.9947407,0.9945247,0.9972576,0.9943434
PHKA1,0.9984788,0.99903053,0.99917996,0.9985182,0.99882424,0.99882245,0.99953794,0.99862885
MAST2,0.99391884,0.99528956,0.9960658,0.9935584,0.9937865,0.99379736,0.9968728,0.99401784
COL4A5,0.9985697,0.9988338,0.9992523,0.99868745,0.99856055,0.99865735,0.9994389,0.9994476
SMG1,0.9937153,0.9952458,0.9958314,0.9931822,0.99376285,0.9935614,0.9967698,0.9938689
ABCB4,0.99840695,0.99876,0.99935865,0.9987893,0.99851775,0.998796,0.9995075,0.9985519
MYOM2,0.997799,0.9983988,0.9986646,0.9977484,0.9981984,0.99833757,0.9991945,0.9977627
CDC42BPA,0.9816216,0.98604643,0.9884347,0.9811398,0.98251176,0.98215747,0.99113834,0.98250914
ATP13A1,1.000612,1.0004971,0.9999475,0.99997455,1.0000514,0.9998388,0.99984103,0.9995112
MED12,0.99961984,0.9997554,0.9997013,0.99946916,0.9997554,0.999597,0.99982977,0.99989825
NPC1,1.0049382,1.0037643,1.0030698,1.004843,1.0044909,1.0047845,1.0023711,1.0046754
SCN4A,1.0021503,1.0016098,1.0012692,1.0019978,1.001905,1.0018351,1.0009168,1.0022357
GTF3C1,0.9980149,0.9984914,0.99873304,0.9979249,0.9981154,0.99795914,0.9990529,0.9988186
URB1,0.99499893,0.9961427,0.99686927,0.9948878,0.9950529,0.9952247,0.9976375,0.9953978
COL22A1,1.0054452,1.0041487,1.0035664,1.0057275,1.005311,1.0056974,1.0028795,1.0055978
DOCK2,0.99680316,0.9976077,0.9978508,0.996421,0.9968562,0.99673057,0.99833536,0.99653697
SNRNP200,0.9989835,0.9992615,0.99952257,0.9991238,0.9990792,0.99913585,0.99966836,0.99943805
ITGB4,0.99900335,0.99921757,0.9995396,0.99915624,0.999171,0.999382,0.9997407,0.9993607
ATP1A2,0.9917518,0.99366295,0.99497974,0.9917298,0.9919889,0.9921069,0.9961972,0.99343735
LAMA3,1.0004135,1.0002887,1.0001895,1.0003088,1.0002159,1.0000644,1.0000346,0.999827
MED23,1.0051334,1.003977,1.0027461,1.0044447,1.0043974,1.0041904,1.0019982,1.0041676
EIF4G1,0.9986205,0.9989382,0.99935746,0.9989097,0.99875057,0.9988802,0.9995201,0.9988742
COL16A1,0.9988674,0.9991375,0.9994234,0.9990179,0.99904007,0.99914944,0.99966395,0.99937975
GANAB,0.99851626,0.9989289,0.9988469,0.998137,0.99842465,0.99813664,0.99911237,0.99882233
LRP4,0.9866177,0.9900207,0.9917824,0.9865739,0.9875833,0.9872837,0.9938245,0.98656964
ATP10A,1.0005246,1.0003726,1.0001023,1.000152,1.0001271,1.0000048,0.99996674,1.0001181
ABCC1,1.0075252,1.0056298,1.0041862,1.0069284,1.0064998,1.006362,1.0030077,1.0063632
MGAM,0.99749815,0.9981407,0.9983572,0.99728775,0.99755573,0.99746525,0.9987562,0.9973968
ITSN2,1.0045991,1.003505,1.0023551,1.0039754,1.0038176,1.003633,1.001643,1.0031246
PCDH15,0.99725205,0.99809813,0.9985535,0.9974457,0.99745417,0.99741685,0.99895763,0.9980303
CLASP1,0.99341196,0.99505305,0.9957628,0.993049,0.99364245,0.99339557,0.9966924,0.99328196
MYO7B,0.99891794,0.99921584,0.99952483,0.9990633,0.9991265,0.99928933,0.99970853,0.9989021
PIK3C2A,0.99876475,0.9991386,0.99883306,0.9982092,0.99855006,0.99822336,0.99903023,0.9974792
RICTOR,0.99799335,0.9985657,0.9988481,0.99797904,0.9980695,0.9979125,0.9990774,0.99815
NRXN2,0.9912598,0.9934179,0.994753,0.99135876,0.99181616,0.9917585,0.995996,0.9913428
COL27A1,1.0016508,1.0013819,1.0005019,1.0009187,1.001183,1.000801,1.0003618,1.0010667
MYO16,0.99984354,0.99987197,1.0000267,1.0000732,0.9999773,1.0000856,1.0000668,0.99961543
ADAMTSL1,1.0014313,1.0010382,1.0008404,1.0012808,1.0011095,1.0013586,1.0006807,1.0017092
JAG1,0.99389195,0.9952314,0.99623305,0.9937407,0.9937897,0.9940981,0.99706507,0.9945481
POLR3B,1.0030446,1.0022874,1.0019255,1.003027,1.002703,1.0029652,1.0014803,1.0029585
ZZEF1,1.004142,1.0031464,1.0025539,1.0041364,1.0037279,1.0036544,1.0018427,1.0034872
FLT4,0.99903643,0.9992196,0.9994897,0.9990722,0.99898994,0.99910796,0.99957335,0.9989104
NCOR2,0.9963026,0.99720514,0.997881,0.9965203,0.99674404,0.99639,0.99838734,0.9972866
TENM4,0.9952761,0.9964042,0.9968722,0.9948604,0.9952562,0.99524,0.9976028,0.9955854
CSMD2,1.0006295,1.0005176,1.0004988,1.0006541,1.0003567,1.0006683,1.0003743,1.0002391
COL6A2,1.0069716,1.0052876,1.004176,1.0068269,1.0063459,1.0062445,1.0030737,1.0059929
FAT1,0.9968771,0.9976701,0.9980743,0.99683225,0.9968794,0.9969982,0.99858284,0.99733925
MPDZ,0.99739456,0.9980056,0.9983689,0.9973265,0.9973315,0.99750996,0.9987557,0.9973358
WDR87,1.0009943,1.0007722,1.0005356,1.0008504,1.0008656,1.0007448,1.0003675,1.0004636
SETX,0.9985937,0.9988986,0.99865174,0.9978807,0.9981539,0.9980714,0.9988701,0.9974478
ZNF106,1.0019121,1.0015043,1.0011797,1.0018351,1.001785,1.0020083,1.0009756,1.0016525
SCN3A,0.98281276,0.9869306,0.9891958,0.98228157,0.98355716,0.98352414,0.9916998,0.98284584
CNTRL,0.9960464,0.9970451,0.99757665,0.9960004,0.99637616,0.99626756,0.99817425,0.9959254
IGFN1,1.0053946,1.004113,1.0035977,1.0057945,1.0051214,1.0053279,1.0027376,1.0051692
LAMA1,1.0011721,1.0009013,1.0008441,1.0014111,1.0011649,1.0011363,1.0006504,1.0012043
PRRC2B,0.98964715,0.99218357,0.9934251,0.9891995,0.989979,0.9899261,0.9949399,0.98942006
NAV2,0.9951765,0.9963509,0.99693286,0.9949785,0.99528015,0.9952936,0.99764353,0.9949416
ATP2B3,1.0073769,1.0055922,1.0043428,1.0070302,1.0065649,1.0066156,1.003232,1.0067155
FAT2,1.0006837,1.0005068,1.0004511,1.0006812,1.000599,1.0006022,1.0003071,1.0004394
JAG2,0.99785745,0.998324,0.99875486,0.9980148,0.99798995,0.9982724,0.99911267,0.99729073
TAF1,0.9965818,0.9975102,0.99761045,0.99601805,0.9964722,0.99599385,0.9980093,0.99582666
CENPF,0.9999212,0.999985,0.9998038,0.99965763,0.999671,0.9995649,0.99980927,0.9998367
SDK2,0.99609745,0.99693924,0.9976344,0.99623054,0.9962834,0.99629736,0.9981607,0.9961642
STAB2,1.0026512,1.0020219,1.0015007,1.0023835,1.0023435,1.0024035,1.0011357,1.0019094
DROSHA,0.9972111,0.99784976,0.9984961,0.9973848,0.9974383,0.99763334,0.9989046,0.9979241
KIF1B,0.9898694,0.99226904,0.99373835,0.98969597,0.9902954,0.9902978,0.9951743,0.9902191
DMXL1,1.0026875,1.0021827,1.0013287,1.0021203,1.0023433,1.0021774,1.0010282,1.0018942
LRRK2,0.9958546,0.9970547,0.9971329,0.9953947,0.99585354,0.99561435,0.9978974,0.9959527
DOCK7,0.9969367,0.9978088,0.9980822,0.99677193,0.9972762,0.9971422,0.99864304,0.997409
PBRM1,0.98987544,0.99234986,0.99372363,0.98962426,0.99047655,0.99038744,0.9952332,0.9904261
IQGAP3,1.0021238,1.0017034,1.0014815,1.0022439,1.0022081,1.0021093,1.0011543,1.0018408
COL4A6,0.9943611,0.99575424,0.99752307,0.9956579,0.9956058,0.9958482,0.99834514,0.99639654
ABCC6,0.9990735,0.9992844,0.9994204,0.99896264,0.99894714,0.99891114,0.99949574,0.9992455
ZFHX2,0.99680704,0.99760026,0.9979145,0.9964762,0.9969569,0.99682754,0.99842215,0.99714565
HEATR5A,1.0008593,1.0005965,1.0004402,1.0006742,1.0003889,1.0003796,1.0002599,1.0020468
SLC12A4,0.99776757,0.99837506,0.9988268,0.9980364,0.9980508,0.99800885,0.9991715,0.99831855
ARFGEF1,0.9975079,0.997969,0.9985389,0.9975102,0.99751854,0.997707,0.99883765,0.99778795
DEPDC5,1.0004122,1.0003726,1.0000207,1.0000006,1.0001509,1.0001193,1.0000294,1.0002561
AKAP13,0.9939374,0.99539006,0.9960291,0.99352443,0.99389505,0.99381965,0.99689054,0.9938811
THSD7B,1.0027584,1.0021447,1.0018033,1.0029687,1.002775,1.0026873,1.0013946,1.0022686
IGF1R,0.99280065,0.9945085,0.9953505,0.99236953,0.9929905,0.99303764,0.99645215,0.9927453
CEP290,0.98156965,0.9860566,0.9888412,0.9815924,0.9826367,0.98265296,0.9915098,0.98319626
UBR2,1.0004863,1.000286,1.0000905,1.0002029,1.0001153,1.000144,0.9999978,1.0003501
TRPM1,1.0004876,1.0004327,1.000364,1.0005327,1.0005658,1.0006272,1.0003415,1.0001985
SIPA1L1,1.0023273,1.0018033,1.001535,1.0024374,1.0023558,1.0021372,1.0011718,1.0024234
KIF26A,1.0047839,1.0035644,1.0029898,1.0049827,1.0046511,1.0045885,1.0022289,1.0039345
VCAN,0.99380374,0.9953778,0.9960097,0.9934051,0.9938738,0.9939329,0.99695194,0.9938226
DMBT1,1.0010005,1.0007519,1.0007606,1.0010871,1.0009933,1.0011051,1.0006049,1.0013291
BAZ2A,0.9934398,0.99492013,0.995896,0.9933448,0.9936383,0.9937602,0.99682426,0.99314404
PKD1L1,1.0012687,1.000896,1.0009034,1.0013744,1.0011679,1.0015274,1.0007558,1.0015893
PRPF8,0.9995491,0.99970764,0.99984324,0.99966145,0.9996592,0.9997946,0.9999422,0.9996533
IQGAP1,0.9997114,0.9997194,1.0002841,1.0002041,0.9998743,1.0002232,1.0002327,1.0002503
DISP3,0.9970881,0.9977558,0.99817836,0.99697566,0.9972824,0.9973091,0.99866515,0.9974636
OTOF,1.0001831,1.0001376,1.0000614,1.0000334,1.0000908,1.0000197,1.0000153,1.0000849
COL11A2,1.002181,1.001696,1.0015512,1.002529,1.0022775,1.0023975,1.0012648,1.0020561
SLIT1,0.9958464,0.99678946,0.9973306,0.9956205,0.995873,0.9958104,0.99790764,0.99612296
PIK3C2B,1.0018842,1.0012711,1.0013565,1.002176,1.0018736,1.0020814,1.0010474,1.0024151
COL4A3,1.0001467,1.0001137,1.000181,1.000226,1.0002598,1.0004609,1.0002277,1.0000556
UNC13A,1.0000852,1.0001553,0.9998888,0.9998035,0.9999845,1.0000312,0.99995273,0.9993715
TPR,0.99685967,0.9976191,0.99808735,0.99684155,0.9969734,0.9969958,0.9985216,0.99684113
POLG,1.0016857,1.0013366,1.0008056,1.0012836,1.0016282,1.0013018,1.000627,1.0013112
ABCC3,0.9985852,0.9989275,0.99915206,0.9985068,0.9986008,0.9987466,0.9993813,0.99854314
USP24,0.99758804,0.9981312,0.9984128,0.9973279,0.9975158,0.99764526,0.99876773,0.99728066
NBAS,1.0027486,1.0020102,1.0019433,1.0030575,1.0024678,1.0028267,1.0014423,1.0026273
KIF13A,1.0028054,1.0023791,1.0017356,1.0027851,1.0027165,1.0024886,1.0013764,1.0020899
CDH23,0.99829483,0.99879396,0.9990237,0.99829274,0.9983383,0.9979997,0.99914265,0.9978839
HECW1,1.0007929,1.0005713,1.0003031,1.0004762,1.0003937,1.000292,1.0000972,0.9997248
VWA8,0.999803,0.9998237,1.0006783,1.0009497,1.0002708,1.0007083,1.0006306,1.0010352
HSPG2,1.0029851,1.0022502,1.0014845,1.0024369,1.0024441,1.0021847,1.0010235,1.0023255
AGL,1.0006306,1.0005946,1.0003153,1.0005192,1.0006075,1.0003297,1.000198,0.99968934
GBF1,1.0017304,1.0013834,1.0010239,1.0016849,1.0015619,1.001396,1.0007094,1.0006559
CLUH,0.9965185,0.997418,0.9980024,0.9967183,0.9969293,0.9967746,0.99851817,0.9966175
ABCC10,1.0036144,1.0027499,1.0023268,1.0038166,1.0034924,1.003634,1.0018421,1.0037606
PI4KA,1.0011353,1.0009072,1.0006346,1.001004,1.0010087,1.0007666,1.0004125,1.0005935
COL11A1,0.9961463,0.9971785,0.99781424,0.99630845,0.9965799,0.9963467,0.99841666,0.99737847
KAT6B,0.9924199,0.9942527,0.99522316,0.99208605,0.99270624,0.99258286,0.9963232,0.99296427
CEP250,0.9995444,0.9995477,0.9996752,0.99947715,0.99966013,0.9996947,0.9997878,0.9998305
RALGAPA1,1.0021112,1.0016367,1.0012276,1.0020239,1.0018919,1.0018514,1.0009582,1.002033
MTOR,0.9992348,0.99940205,0.99946994,0.99910223,0.9991984,0.99913824,0.99961245,0.99970466
DOCK4,0.9860758,0.98935074,0.9915713,0.98609567,0.9869361,0.9868814,0.99356997,0.98763096
EYS,1.0006853,1.0004481,1.0002644,1.0004072,1.0003309,1.0003269,1.0001385,1.0010483
DOCK3,1.0039232,1.0029917,1.0026672,1.0042942,1.0038803,1.0041827,1.0021386,1.0038275
ADAMTS20,0.99950814,0.9995891,0.99985975,0.99962974,0.99949205,0.99965775,0.9998703,0.9996661
TRPM3,1.0062003,1.0048854,1.0038588,1.0062085,1.0060056,1.0057755,1.0029476,1.0057106
KIF1A,0.9970169,0.99775803,0.99822843,0.99702686,0.99720204,0.99724257,0.9986588,0.99712807
COL12A1,0.99547064,0.9966098,0.9966967,0.9946936,0.99539626,0.9952084,0.99754566,0.9955417
COL14A1,0.9987873,0.9991623,0.99934113,0.9987664,0.99895006,0.9988671,0.9995255,0.9993075
DOCK9,0.9971781,0.9979047,0.9980658,0.9968699,0.9971497,0.9970881,0.9985254,0.9967677
KDM5A,0.99677765,0.997627,0.9978919,0.9964319,0.9967827,0.9966514,0.9983442,0.99657285
DOP1A,1.0014939,1.0011591,1.000822,1.0013291,1.0013936,1.0013112,1.0005931,1.0003746
SHPRH,1.0061622,1.0047541,1.0036103,1.0058694,1.0056688,1.005561,1.002707,1.0050206
ABCC9,0.99637353,0.997195,0.99802434,0.99660367,0.9965852,0.9968188,0.998516,0.99743545
LAMA2,1.0063818,1.0048038,1.0039104,1.0062944,1.0058372,1.005997,1.0029367,1.0055273
SYNE2,0.99794424,0.9983883,0.99884105,0.9979952,0.9980438,0.9981601,0.99911004,0.9984361
BSN,1.0020473,1.0014552,1.0010326,1.0017717,1.0015378,1.0016208,1.0006917,1.0012753
SPTBN2,1.0005116,1.0003438,1.0003765,1.0006138,1.0006171,1.0005026,1.0002713,1.0002922
MYO15A,1.0026156,1.0019323,1.0014737,1.002399,1.0021018,1.0023035,1.0010386,1.001303
DOCK1,0.9928149,0.9946553,0.99548304,0.99254924,0.9928784,0.9927722,0.9965477,0.993493
EPG5,0.99620277,0.99701154,0.9976882,0.9962126,0.9963254,0.99635756,0.9981952,0.9964613
PCNT,1.0002888,1.0002694,1.0001436,1.0002329,1.0002539,1.0001845,1.0001136,0.9999147
ALMS1,1.0023714,1.00178,1.0010476,1.0018042,1.0019234,1.0014126,1.0006295,1.0013679
ZFHX3,0.9858335,0.98928535,0.99101996,0.98528874,0.98657095,0.98631907,0.9931185,0.9859688
AQR,1.0040866,1.0031393,1.0023913,1.003878,1.0037271,1.0038029,1.0018343,1.0031083
COL6A5,0.9993154,0.999506,0.9994141,0.9990033,0.99918985,0.999221,0.9995845,0.9992578
KCNH2,1.0012419,1.0009911,1.0008888,1.0014112,1.001229,1.0014126,1.0007031,0.9999682
COL1A1,1.0017332,1.001464,1.0005167,1.0006992,1.0011122,1.0006678,1.0002315,1.0008293
CHD4,0.9951961,0.9963974,0.99686575,0.9947862,0.9953325,0.99529463,0.9976152,0.9951594
LTBP4,0.9962445,0.99711895,0.99810964,0.9967492,0.9967939,0.9968195,0.9985843,0.9966753
RALGAPA2,0.9969497,0.99761117,0.9982308,0.9970811,0.9970721,0.997385,0.99871904,0.99722135
TRIOBP,1.0016994,1.0013,1.0006874,1.0012002,1.001261,1.0010278,1.0004444,1.0011649
FAT4,0.99537945,0.9965203,0.99707794,0.99516046,0.9954384,0.9954554,0.9977723,0.9955572
PIKFYVE,1.0007052,1.0004517,1.0001351,1.0002296,1.0002232,1.0002707,0.99999595,0.9996659
PRRC2C,0.99501836,0.9962307,0.99679726,0.9947113,0.99509263,0.99507695,0.9975005,0.99468225
SLIT3,0.99452734,0.99572957,0.9966948,0.99460065,0.9947564,0.9944353,0.9973383,0.99544954
HELZ,1.0008105,1.0007086,1.0004435,1.0006167,1.000579,1.0002776,1.0002158,1.000485
F5,0.994233,0.9956769,0.9963265,0.99381113,0.99439013,0.99450386,0.99737406,0.9962028
NCOR1,0.997429,0.9980979,0.998265,0.9971658,0.9974482,0.99720305,0.99860454,0.9971261
DNAH7,1.0035937,1.0025829,1.0017946,1.0029074,1.0026963,1.0026667,1.0012628,1.0043628
ATRX,0.99202144,0.9939489,0.99504185,0.99178934,0.9922645,0.9923476,0.9961674,0.99191475
ZNFX1,1.0061736,1.0047477,1.0037041,1.0059863,1.0056651,1.0057523,1.0028002,1.004904
ANK1,1.0041113,1.003207,1.0024441,1.0038717,1.0036458,1.0036495,1.0018282,1.0035917
CSMD3,0.9972278,0.99793106,0.99847144,0.99744177,0.99762523,0.99734,0.99878526,0.9969511
PLCE1,0.9944627,0.9958143,0.997133,0.9952227,0.9950615,0.99510705,0.99783015,0.99503255
MYH8,0.9998214,0.9998548,0.9998118,0.9996583,0.99972105,0.9997216,0.9998316,0.99954164
SPTA1,1.0002409,1.0001041,1.0002478,1.0003381,1.0001299,1.0001817,1.000141,1.0005662
SCN5A,1.0019059,1.0014356,1.0012906,1.0019219,1.0016367,1.0018932,1.00097,1.0019803
REV3L,0.98728377,0.9904731,0.99220675,0.98711586,0.9879564,0.98780817,0.9940243,0.9875115
RNF213,0.99808466,0.9985022,0.99863225,0.997697,0.9979827,0.9979557,0.9989865,0.99905807
XIRP2,1.0001783,1.000096,1.0001271,1.0001193,1.0000215,1.0001998,1.0000831,1.0000417
CELSR1,0.99225104,0.9942181,0.99496377,0.99174815,0.9925171,0.99197197,0.9961126,0.99273205
F8,1.0014875,1.0011533,1.0009527,1.0015428,1.0014777,1.0014739,1.0007312,1.000705
VWF,0.9981327,0.9986483,0.99863946,0.99779755,0.99805975,0.9978597,0.9989115,0.99747336
SPEG,0.9977383,0.99832463,0.9991967,0.9985839,0.9985701,0.9989767,0.9996133,0.9980123
ITPR3,0.99959135,0.99963737,0.99976814,0.9995861,0.9994334,0.99951863,0.9997913,0.9999607
UNC13B,0.99855703,0.99898875,0.99916977,0.99854124,0.99885464,0.9986824,0.9994639,0.99949133
TNXB,0.9996474,0.9996915,0.99968386,0.9993997,0.99944735,0.99951303,0.9997351,0.9997407
APOB,0.99660975,0.9974407,0.9980111,0.99664,0.9968535,0.99690163,0.99852705,0.9970823
WDFY4,1.0005655,1.000526,1.0002046,1.0002512,1.0003228,1.0003567,1.0001366,0.9995326
CEP350,0.9968684,0.9976876,0.99805963,0.9967393,0.99699503,0.9969413,0.9984952,0.99657714
SPTB,1.0033607,1.0025805,1.0016091,1.0027198,1.0027275,1.0024469,1.0011404,1.0028532
LYST,1.0008707,1.0005995,1.0010616,1.0015709,1.0011768,1.0013903,1.0008395,1.0014449
ABCA2,0.9991756,0.9994042,0.99939674,0.9990627,0.99923515,0.9991338,0.99958897,0.99930525
CHD9,0.98752373,0.99048585,0.99222475,0.9872163,0.9880857,0.9880115,0.99402165,0.9882162
GCN1,0.9974128,0.9981325,0.9982829,0.99716383,0.99741465,0.99721307,0.9986588,0.99680746
MYO10,0.9963311,0.9973582,0.9979092,0.9964839,0.9966301,0.99651444,0.9984522,0.99694836
VPS13D,1.0027786,1.0019987,1.0015006,1.0024685,1.0022709,1.0022558,1.0010369,1.0021292
FBN2,1.0028018,1.0021331,1.0016202,1.002679,1.0024835,1.0023565,1.0011653,1.0022652
MDN1,1.0001552,1.0001625,1.0000869,1.0001385,1.000169,0.9999871,1.0000588,1.0003636
SCN9A,0.98792243,0.9907775,0.99239016,0.98758817,0.9883964,0.98812544,0.9940654,0.98810595
KIAA1109,0.988842,0.9915457,0.9930885,0.9886352,0.9894335,0.989348,0.99471986,0.9894532
WNK1,0.9903815,0.99271965,0.99397385,0.99008775,0.9907788,0.99083877,0.99541163,0.9902028
MEGF8,0.9993522,0.9995636,0.9996654,0.9994131,0.9993976,0.9993033,0.9997467,0.9993587
KIF13B,1.002696,1.0020336,1.0015613,1.0025218,1.0023382,1.0025917,1.0012085,1.0019372
TENM3,1.0014112,1.00101,1.0005846,1.0010532,1.0008861,1.0010827,1.0004085,1.0006526
UTRN,1.0023472,1.001819,1.0014169,1.0022414,1.0020298,1.0017773,1.0010065,1.002852
DSP,0.9997271,0.9998137,0.99979424,0.99962723,0.99953294,0.99964726,0.99980813,0.9991777
PKHD1,1.0003481,1.000279,1.0001771,1.0002465,1.0002534,1.0003082,1.0001688,1.0005975
VPS13A,1.0024568,1.0019422,1.0013925,1.0022794,1.0021325,1.0018437,1.0009689,1.0021366
CACNA1F,0.99733126,0.997957,0.99838185,0.99725795,0.9974799,0.99748456,0.9987738,0.9975978
HUWE1,0.9947815,0.99608636,0.99682915,0.9947321,0.99505174,0.99504685,0.997578,0.9947271
ABCA1,0.99298465,0.9945073,0.9957942,0.99295324,0.99326646,0.9934676,0.9968275,0.9951861
MGA,1.0023277,1.0017328,1.0015554,1.0024364,1.0020773,1.0021248,1.0011208,1.0027649
BPTF,0.9900117,0.99245846,0.9937341,0.9896871,0.99038595,0.9903301,0.9951669,0.98984253
HTT,1.0008173,1.0006422,1.0006685,1.0009831,1.0008911,1.0010809,1.0005895,1.0007579
CACNA1B,0.99794513,0.99852276,0.99863815,0.9977262,0.9981201,0.9982072,0.9990462,0.997203
MYOF,0.9993242,0.99958444,0.99897873,0.9983072,0.99889994,0.9986892,0.9992277,0.99889016
LRP1,0.99786925,0.99839395,0.9988644,0.99798995,0.99799085,0.99815226,0.9991815,0.99864364
DCHS1,1.0002704,1.0002728,1.0002306,1.0003082,1.0003726,1.0003505,1.0002446,1.0003903
DNAH10,1.0020103,1.0013502,1.0010386,1.0016553,1.0013688,1.0018003,1.0007105,1.0014622
MYO18B,0.99962974,0.99974096,0.9998441,0.99965024,0.9997624,0.99979603,0.9999353,0.99969375
PLEC,0.9998729,0.99990475,0.99989533,0.9998841,0.9998814,0.9996312,0.9998715,0.9996541
ASCC3,1.0011219,1.0009289,1.0006707,1.0010402,1.0009757,1.000928,1.0005251,1.0010769
CHD6,0.9977673,0.9983893,0.99836856,0.99733794,0.9976747,0.9973968,0.9986783,0.99735636
PRKDC,0.99409294,0.99554354,0.99615383,0.993677,0.99418163,0.9941335,0.9970582,0.99425435
COL5A1,1.0066764,1.0049796,1.0037742,1.0061431,1.0056589,1.005596,1.0026648,1.0055411
DNAH1,1.0018563,1.0012754,1.0013762,1.0021205,1.0016949,1.0019978,1.0010577,1.0028663
DNAH12,1.0015762,1.001167,1.0007737,1.0012854,1.0013342,1.0012033,1.0005774,1.0016457
SORL1,0.99708724,0.99770373,0.9982679,0.9970201,0.9969568,0.99770814,0.998796,0.99743676
KALRN,1.0030007,1.0020791,1.002037,1.0032083,1.002751,1.0032794,1.0015914,1.0036432
NBEAL1,1.0041125,1.0030147,1.0024333,1.0038857,1.0035636,1.0037539,1.001778,1.0035114
FAT3,0.9943125,0.995648,0.99631715,0.9939889,0.99428,0.9943007,0.99713755,0.99454296
DMXL2,1.0017724,1.0013998,1.0011915,1.0018265,1.001842,1.0019841,1.0009938,1.0014318
MYO7A,1.0030007,1.0022511,1.0019077,1.0030673,1.0027314,1.002885,1.0014433,1.0026749
COL6A3,1.0010111,1.0007486,1.0006175,1.0009211,1.0007883,1.0008277,1.0004199,1.0007958
RYR2,1.0055203,1.0041394,1.003826,1.0061622,1.0055604,1.0058041,1.0029572,1.0050993
MYH3,1.0031842,1.0024214,1.0022252,1.0034857,1.0031546,1.0034282,1.0017561,1.0029452
CELSR3,0.9988304,0.9989687,0.9995189,0.99909925,0.99902475,0.99945647,0.99970126,0.99885863
ITPR2,0.9973716,0.9980563,0.9985453,0.99747705,0.9976342,0.9981128,0.99907625,0.99756503
CELSR2,0.99524915,0.99638116,0.9969555,0.9950701,0.9954232,0.9953016,0.9976587,0.99511737
ABCA12,1.0057377,1.0041891,1.0033734,1.0054785,1.0051855,1.0052714,1.0025078,1.0057257
TLN1,1.0017552,1.0013444,1.000895,1.0014186,1.0013995,1.0010632,1.0005531,1.0012192
CAD,1.0036178,1.0028635,1.0023799,1.0038449,1.0035864,1.0035363,1.0018802,1.0033845
APC,0.9901712,0.9925115,0.9937303,0.9897083,0.9904568,0.99033356,0.99511445,0.9901172
FLNA,0.9955447,0.9967151,0.9972765,0.99550164,0.99601245,0.9958923,0.99803007,0.9959159
FLNC,0.9960005,0.997048,0.9972532,0.99542636,0.99598205,0.9955976,0.99794316,0.9975773
FLNB,0.9995454,0.99957836,0.99980253,0.9997194,0.9994866,0.9997581,0.9998914,0.9995296
STAB1,0.99592173,0.99689186,0.99730265,0.99548185,0.99581754,0.9958214,0.99785024,0.9954418
ABCA4,1.0001652,1.0001144,1.0002325,1.000262,1.0000918,1.0002346,1.0001757,1.0001057
VPS13C,0.9974909,0.99809873,0.9985447,0.99748236,0.9975439,0.9977082,0.99891865,0.9982059
PKHD1L1,1.0032316,1.0024022,1.001972,1.0031606,1.0029235,1.0029471,1.00144,1.0030341
DNAH14,1.0076481,1.0058417,1.0043908,1.0071521,1.0066267,1.0063645,1.0031283,1.0063279
DNAH8,0.9996809,0.999735,0.9998233,0.9996718,0.99958944,0.9994725,0.9997932,0.99978673
TENM1,0.9912926,0.9934279,0.99474984,0.99134547,0.99180037,0.9915867,0.99592566,0.9914242
CSMD1,1.0026795,1.0021664,1.0018356,1.002826,1.0023863,1.0025679,1.0014,1.002354
ABCA13,1.0000247,0.99995625,1.0000086,0.9999885,0.9999651,0.99972,0.9999068,1.0004237
SPTBN5,0.9976691,0.9982102,0.9986174,0.9977297,0.9978386,0.99773407,0.9989165,0.99756503
TTC28,0.99314654,0.9947995,0.99570704,0.9929476,0.9933677,0.9936098,0.996765,0.9929584
DNAH6,1.002167,1.0016643,1.0011885,1.0019451,1.0019859,1.0017177,1.0008769,1.0019122
LAMA5,0.9965252,0.9973866,0.9975585,0.99612236,0.9965044,0.9959576,0.9980118,0.9961889
ASPM,0.99555075,0.99660873,0.9970852,0.99519074,0.99544597,0.99525154,0.9976717,0.9954177
SZT2,1.0043507,1.0032699,1.0027637,1.0044887,1.0041807,1.0046068,1.0022097,1.0033658
DNAH3,1.0035383,1.0026643,1.0022153,1.0035039,1.0031981,1.0033494,1.0016754,1.0035156
FRAS1,1.0012288,1.0010537,1.0013301,1.0020493,1.0019499,1.0019282,1.0011315,1.0009173
ACACA,1.0000017,0.9999836,1.0001734,1.0001154,0.99985945,1.0000887,1.0001094,1.0002736
FBN3,1.0007248,1.0005194,1.0002639,1.0004853,1.0003256,1.0003862,1.0001154,0.99972063
HERC2,0.9969722,0.99765337,0.9981785,0.99686396,0.9970298,0.9971223,0.9986056,0.9978323
DNHD1,1.0029826,1.0022553,1.0018202,1.0029744,1.0026802,1.0027468,1.0013626,1.0026164
DYNC2H1,0.996065,0.99697626,0.9974346,0.99584365,0.996048,0.99566174,0.99792963,0.9972749
SVEP1,1.0048416,1.0036763,1.0028028,1.0046139,1.0043297,1.0043924,1.0020932,1.0036763
KMT2D,0.99770844,0.99830043,0.9987599,0.99792755,0.99799705,0.9979813,0.9991342,0.998482
DMD,0.9950042,0.9961762,0.9969349,0.9949531,0.9954399,0.995599,0.9977846,0.99534285
NIPBL,0.9995432,0.9996363,0.99961185,0.9993394,0.99933374,0.99927354,0.999625,0.9996002
UBR4,0.99738127,0.99811363,0.9981776,0.9969947,0.99731684,0.9970403,0.9985552,0.9971486
RYR1,1.0034508,1.0027304,1.0017874,1.0028981,1.0028934,1.0028212,1.0013193,1.0024652
VPS13B,1.002997,1.0022402,1.0014498,1.0023773,1.0023993,1.0023278,1.0010577,1.0028892
LRP1B,1.000218,1.0001624,1.0003787,1.0004908,1.0003785,1.0006909,1.0004655,1.0014806
DNAH11,0.9994211,0.99957335,0.9998686,0.9997326,0.9995884,0.99950904,0.99987566,0.9996448
COL7A1,0.9997717,0.99988985,0.9997653,0.99969804,0.9997901,0.99965024,0.9998497,0.99931836
DNAH9,1.0035424,1.0026743,1.002081,1.0033643,1.0031552,1.0031148,1.001571,1.0040272
NEB,1.0037205,1.0028452,1.0024378,1.0039517,1.0036247,1.0035708,1.0018532,1.0036305
OBSCN,0.9981247,0.99857956,0.99862695,0.9977893,0.9979614,0.9979888,0.99893355,0.9977169
HMCN1,1.0084156,1.0063345,1.0046281,1.007674,1.0072114,1.0071136,1.0033253,1.0065107
SYNE1,0.9994285,0.99965763,0.99925554,0.9988985,0.99905723,0.9986032,0.99929446,0.9987289
DST,0.99332947,0.9948839,0.99586236,0.9931592,0.99350667,0.9936527,0.9968112,0.9936085
MACF1,0.98658645,0.9898035,0.9916045,0.98616433,0.9870721,0.98699605,0.9935331,0.98741007
TTN,1.0031052,1.0024691,1.0015914,1.0025673,1.0025574,1.0022584,1.0010893,1.0021021
