,0,1
SCN2A,1.1900071,1.1333771
CHD8,1.1900071,1.1333771
ADNP,1.1900071,1.1333771
SHANK3,1.1900071,1.1333771
PTEN,1.1900071,1.1333771
SYNGAP1,1.1900071,1.1333771
MECP2,1.1900071,1.1333771
KDM5B,1.1900071,1.1333771
FOXP1,1.1900071,1.1333771
ARID1B,1.1900071,1.1333771
POGZ,1.1900071,1.1333771
ASH1L,1.1900071,1.1333771
KMT5B,1.1900071,1.1333771
SLC6A1,1.1900071,1.1333771
GIGYF1,1.1900071,1.1333771
DYRK1A,1.1900071,1.1333771
CHD2,1.1900071,1.1333771
ASXL3,1.1900071,1.1333771
TAOK1,1.1900071,1.1333771
DNMT3A,1.1900071,1.1333771
GRIN2B,1.1900071,1.1333771
BRSK2,1.1900071,1.1333771
KMT2A,1.1900071,1.1333771
NF1,1.1900071,1.1333771
STXBP1,1.1900071,1.1333771
CUL3,1.1900071,1.1333771
MED13L,1.1900071,1.1333771
ANK2,1.1900071,1.1333771
MYT1L,1.1900071,1.1333771
RORB,1.1900071,1.1333771
TBL1XR1,1.1900071,1.1333771
TBR1,1.1900071,1.1333771
DYNC1H1,1.1900071,1.1333771
WAC,1.1900071,1.1333771
PHF21A,1.1900071,1.1333771
KDM6B,1.1900071,1.1333771
DDX3X,1.1900071,1.1333771
CTNNB1,1.1900071,1.1333771
MED13,1.1900071,1.1333771
ANKRD11,1.1900071,1.1333771
CTCF,1.1900071,1.1333771
RFX3,1.1900071,1.1333771
ARHGEF9,1.1900071,1.1333771
SHANK2,1.1900071,1.1333771
DEAF1,1.1900071,1.1333771
SMARCC2,1.1900071,1.1333771
TLK2,1.1900071,1.1333771
TCF20,1.1900071,1.1333771
CNOT3,1.1900071,1.1333771
SYNCRIP,1.1900071,1.1333771
SETD5,1.1900071,1.1333771
NAA15,1.1900071,1.1333771
SCN1A,1.1900071,1.1333771
EHMT1,1.1900071,1.1333771
TCF4,1.1900071,1.1333771
SRPRA,1.1900071,1.1333771
MARK2,1.1900071,1.1333771
KMT2C,1.1900071,1.1333771
MBD5,1.1900071,1.1333771
NRXN1,1.1900071,1.1333771
IRF2BPL,1.1900071,1.1333771
PHIP,1.1900071,1.1333771
NFE2L3,1.1900071,1.1333771
SKI,1.1900071,1.1333771
PSMD12,1.1900071,1.1333771
KCNB1,1.1900071,1.1333771
CSDE1,1.1900071,1.1333771
TSC1,1.1900071,1.1333771
DMWD,1.1900071,1.1333771
CLCN4,1.1900071,1.1333771
MEIS2,1.1900071,1.1333771
PBX1,1.1900071,1.1333771
HNRNPD,1.1900071,1.1333771
BCL11A,1.1900071,1.1333771
TCF7L2,1.1900071,1.1333771
WDFY3,1.1900071,1.1333771
PHF3,1.1900071,1.1333771
SETBP1,1.1900071,1.1333771
TGM1,1.1900071,1.1333771
EBF3,1.1900071,1.1333771
PPP2R5D,1.1900071,1.1333771
TAF4,1.1900071,1.1333771
KCNQ2,1.1900071,1.1333771
CAPRIN1,1.1900071,1.1333771
DSCAM,1.1900071,1.1333771
GABBR2,1.1900071,1.1333771
PRKG2,1.1900071,1.1333771
UBN2,1.1900071,1.1333771
MEF2C,1.1900071,1.1333771
TRIP12,1.1900071,1.1333771
EP300,1.1900071,1.1333771
NR3C2,1.1900071,1.1333771
ARHGEF18,1.1900071,1.1333771
TNPO3,1.1900071,1.1333771
SMAD6,1.1900071,1.1333771
AMOT,1.1900071,1.1333771
AUTS2,1.1900071,1.1333771
NCKAP1,1.1900071,1.1333771
DLG4,1.1900071,1.1333771
ECPAS,1.1900071,1.1333771
PRKAR1B,1.1900071,1.1333771
FUBP3,1.1900071,1.1333771
GRIA2,1.1900071,1.1333771
CCDC40,1.1900071,1.1333771
GABRA1,1.1900071,1.1333771
TSC2,1.1900071,1.1333771
C1orf185,1.1900071,1.1333771
METTL23,1.1900071,1.1333771
HNRNPUL2,1.1900071,1.1333771
PAX5,1.1900071,1.1333771
ATF4,1.1900071,1.1333771
RERE,1.1900071,1.1333771
DHFR2,1.1900071,1.1333771
TMC4,1.1900071,1.1333771
FXYD5,1.1900071,1.1333771
EBAG9,1.1900071,1.1333771
ITGB5,1.1900071,1.1333771
INTS2,1.1900071,1.1333771
RAI1,1.1900071,1.1333771
FOXG1,1.1900071,1.1333771
PLEKHG6,1.1900071,1.1333771
MAVS,1.1900071,1.1333771
C1QC,1.1900071,1.1333771
TMEM116,1.1900071,1.1333771
SIN3A,1.1900071,1.1333771
ANP32A,1.1900071,1.1333771
PRR14L,1.1900071,1.1333771
CSNK2B,1.1900071,1.1333771
PMM2,1.1900071,1.1333771
PFN2,1.1900071,1.1333771
LMTK3,1.1900071,1.1333771
SPRY2,1.1900071,1.1333771
CMPK2,1.1900071,1.1333771
IQSEC2,1.1900071,1.1333771
RIPK1,1.1900071,1.1333771
TPK1,1.1900071,1.1333771
CASZ1,1.1900071,1.1333771
ZBTB45,1.1900071,1.1333771
NUDT17,1.1900071,1.1333771
FANCE,1.1900071,1.1333771
ZNF396,1.1900071,1.1333771
NR4A2,1.1900071,1.1333771
TBCEL,1.1900071,1.1333771
ADAM21,1.1900071,1.1333771
TCF3,1.1900071,1.1333771
AAAS,1.1900071,1.1333771
CELF6,1.1900071,1.1333771
INSC,1.1900071,1.1333771
ZMYND8,1.1900071,1.1333771
CLTC,1.1900071,1.1333771
TCHHL1,1.1900071,1.1333771
CTDSPL2,1.1900071,1.1333771
ZNF292,1.1900071,1.1333771
KCNQ3,1.1900071,1.1333771
RALGAPB,1.1900071,1.1333771
SRCAP,1.1900071,1.1333771
RAB11FIP4,1.1900071,1.1333771
ZNF865,1.1900071,1.1333771
CASKIN1,1.1900071,1.1333771
RANBP17,1.1900071,1.1333771
FBN1,1.1900071,1.1333771
ACTB,1.1900071,1.1333771
CNNM2,1.1900071,1.1333771
TSHZ1,1.1900071,1.1333771
UPF3B,1.1900071,1.1333771
PHF2,1.1900071,1.1333771
FMR1,1.1900071,1.1333771
MIB1,1.1900071,1.1333771
FADS1,1.1900071,1.1333771
FRMD7,1.1900071,1.1333771
LDB1,1.1900071,1.1333771
PCDH19,1.1900071,1.1333771
EIF3G,1.1900071,1.1333771
MYO1E,1.1900071,1.1333771
ZFAND5,1.1900071,1.1333771
CFAP410,1.1900071,1.1333771
BICRA,1.1900071,1.1333771
MYBL2,1.1900071,1.1333771
KIAA1958,1.1900071,1.1333771
GABRG2,1.1900071,1.1333771
SKIDA1,1.1900071,1.1333771
PSMA3,1.1900071,1.1333771
TTC37,1.1900071,1.1333771
PCYT1A,1.1900071,1.1333771
AP1G1,1.1900071,1.1333771
FEZF2,1.1900071,1.1333771
FGF19,1.1900071,1.1333771
MSL3,1.1900071,1.1333771
SON,1.1900071,1.1333771
DNAJC5,1.1900071,1.1333771
FBXO22,1.1900071,1.1333771
TNFRSF8,1.1900071,1.1333771
HDAC11,1.1900071,1.1333771
SSR2,1.1900071,1.1333771
ACTG1,1.1900071,1.1333771
PNN,1.1900071,1.1333771
RUNX1T1,1.1900071,1.1333771
APBB1,1.1900071,1.1333771
CERS4,1.1900071,1.1333771
CELF4,1.1900071,1.1333771
ZBTB14,1.1900071,1.1333771
ATAT1,1.1900071,1.1333771
RBBP5,1.1900071,1.1333771
G3BP1,1.1900071,1.1333771
WNT7B,1.1900071,1.1333771
BDP1,1.1900071,1.1333771
RNF217,1.1900071,1.1333771
CBX4,1.1900071,1.1333771
NME8,1.1900071,1.1333771
DCUN1D3,1.1900071,1.1333771
ENC1,1.1900071,1.1333771
UBB,1.1900071,1.1333771
NEO1,1.1900071,1.1333771
SLC4A10,1.1900071,1.1333771
BRF2,1.1900071,1.1333771
PSMD11,1.1900071,1.1333771
NR2F1,1.1900071,1.1333771
CASK,1.1900071,1.1333771
SARM1,1.1900071,1.1333771
TPST2,1.1900071,1.1333771
FPGS,1.1900071,1.1333771
QRICH1,1.1900071,1.1333771
LRP10,1.1900071,1.1333771
CD101,1.1900071,1.1333771
INTS7,1.1900071,1.1333771
SMAD4,1.1900071,1.1333771
STARD10,1.1900071,1.1333771
CNTNAP3,1.1900071,1.1333771
DHX37,1.1900071,1.1333771
GABRB3,1.1900071,1.1333771
NDNF,1.1900071,1.1333771
FARP2,1.1900071,1.1333771
SLF1,1.1900071,1.1333771
HDAC4,1.1900071,1.1333771
CNGB3,1.1900071,1.1333771
PCDHGA8,1.1900071,1.1333771
TSPAN4,1.1900071,1.1333771
FUK,1.1900071,1.1333771
SULT1A1,1.1900071,1.1333771
NTS,1.1900071,1.1333771
MAN1A1,1.1900071,1.1333771
FAM57B,1.1900071,1.1333771
RFX8,1.1900071,1.1333771
NACC1,1.1900071,1.1333771
ZSWIM4,1.1900071,1.1333771
PPCS,1.1900071,1.1333771
SUSD4,1.1900071,1.1333771
TMEM165,1.1900071,1.1333771
RIMBP2,1.1900071,1.1333771
PSMD6,1.1900071,1.1333771
ITPKA,1.1900071,1.1333771
MSL2,1.1900071,1.1333771
RNF146,1.1900071,1.1333771
NSD2,1.1900071,1.1333771
SOX11,1.1900071,1.1333771
SLC34A1,1.1900071,1.1333771
ADPGK,1.1900071,1.1333771
TCERG1,1.1900071,1.1333771
ZBTB18,1.1900071,1.1333771
TAF6,1.1900071,1.1333771
BCL11B,1.1900071,1.1333771
PPM1M,1.1900071,1.1333771
PUF60,1.1900071,1.1333771
CUX2,1.1900071,1.1333771
GPC5,1.1900071,1.1333771
SERPINI1,1.1900071,1.1333771
SATB2,1.1900071,1.1333771
CRISPLD1,1.1900071,1.1333771
ZMYM2,1.1900071,1.1333771
DBF4,1.1900071,1.1333771
ZMYND11,1.1900071,1.1333771
TNFAIP8L3,1.1900071,1.1333771
PCDHGA12,1.1900071,1.1333771
ARHGEF2,1.1900071,1.1333771
CFAP70,1.1900071,1.1333771
HPS6,1.1900071,1.1333771
JARID2,1.1900071,1.1333771
SNCA,1.1900071,1.1333771
KDM6A,1.1900071,1.1333771
ASB14,1.1900071,1.1333771
CALU,1.1900071,1.1333771
HNRNPL,1.1900071,1.1333771
KLHL25,1.1900071,1.1333771
AHDC1,1.1900071,1.1333771
CTR9,1.1900071,1.1333771
B9D1,1.1900071,1.1333771
SPAST,1.1900071,1.1333771
EIF4G2,1.1900071,1.1333771
LRRFIP1,1.1900071,1.1333771
TUBB2A,1.1900071,1.1333771
GGNBP2,1.1900071,1.1333771
ARHGAP44,1.1900071,1.1333771
CARD14,1.1900071,1.1333771
CIC,1.1900071,1.1333771
DIP2C,1.1900071,1.1333771
RIPOR3,1.1900071,1.1333771
CCNT2,1.1900071,1.1333771
ZC3H14,1.1900071,1.1333771
PER2,1.1900071,1.1333771
DCAF7,1.1900071,1.1333771
MAP2K7,1.1900071,1.1333771
AMOTL1,1.1900071,1.1333771
HBD,1.1900071,1.1333771
PSMC5,1.1900071,1.1333771
FOXP2,1.1900071,1.1333771
DACT1,1.1900071,1.1333771
PAPOLG,1.1900071,1.1333771
FBXW5,1.1900071,1.1333771
POTEH,1.1900071,1.1333771
CTB-186H2.3,1.1900071,1.1333771
FLJ00273,1.1900071,1.1333771
CD93,1.1900071,1.1333771
MFHAS1,1.1900071,1.1333771
BTRC,1.1900071,1.1333771
FBH1,1.1900071,1.1333771
ANO9,1.1900071,1.1333771
SETD1A,1.1900071,1.1333771
WNT9B,1.1900071,1.1333771
LRRC4,1.1900071,1.1333771
NPIPB5,1.1900071,1.1333771
ZNF462,1.1900071,1.1333771
ZMAT5,1.1900071,1.1333771
TLE3,1.1900071,1.1333771
CYP17A1,1.1900071,1.1333771
EFR3A,1.1900071,1.1333771
ULK1,1.1900071,1.1333771
S100G,1.1900071,1.1333771
TRERF1,1.1900071,1.1333771
IFRD2,1.1900071,1.1333771
EIF2A,1.1900071,1.1333771
MOB4,1.1900071,1.1333771
ANKS4B,1.1900071,1.1333771
FAM72A,1.1900071,1.1333771
PARN,1.1900071,1.1333771
GSTM1,1.1900071,1.1333771
DNTT,1.1900071,1.1333771
SNTA1,1.1900071,1.1333771
KRTAP2-2,1.1900071,1.1333771
HECTD4,1.1900071,1.1333771
DEFB128,1.1900071,1.1333771
TGM6,1.1900071,1.1333771
NBPF12,1.1900071,1.1333771
KLHDC10,1.1900071,1.1333771
HTN1,1.1900071,1.1333771
SLC28A1,1.1900071,1.1333771
KATNAL2,1.1900071,1.1333771
ING1,1.1900071,1.1333771
MGRN1,1.1900071,1.1333771
SLC25A46,1.1900071,1.1333771
CHN2,1.1900071,1.1333771
C19orf33,1.1900071,1.1333771
WWC2,1.1900071,1.1333771
TOP3B,1.1900071,1.1333771
PRR12,1.1900071,1.1333771
TTC12,1.1900071,1.1333771
KCNT1,1.1900071,1.1333771
MCPH1,1.1900071,1.1333771
GSS,1.1900071,1.1333771
MOGS,1.1900071,1.1333771
PRAMEF10,1.1900071,1.1333771
HMGN2,1.1900071,1.1333771
KRTAP5-2,1.1900071,1.1333771
EIF2AK1,1.1900071,1.1333771
PPP1R17,1.1900071,1.1333771
ERI1,1.1900071,1.1333771
NRG4,1.1900071,1.1333771
EMSY,1.1900071,1.1333771
TCEAL1,1.1900071,1.1333771
MBNL1,1.1900071,1.1333771
KIAA0232,1.1900071,1.1333771
DUS1L,1.1900071,1.1333771
TMEM140,1.1900071,1.1333771
GRIN1,1.1900071,1.1333771
SLC16A1,1.1900071,1.1333771
IFNA5,1.1900071,1.1333771
HIST1H1A,1.1900071,1.1333771
TCF24,1.1900071,1.1333771
RYBP,1.1900071,1.1333771
HIST1H2BK,1.1900071,1.1333771
RPS6KA3,1.1900071,1.1333771
HIST1H1E,1.1900071,1.1333771
MYH2,1.1900071,1.1333771
TOMM7,1.1900071,1.1333771
TMEM14C,1.1900071,1.1333771
RIPPLY1,1.1900071,1.1333771
SMIM15,1.1900071,1.1333771
TPBGL,1.1900071,1.1333771
BDKRB2,1.1900071,1.1333771
NRSN2,1.1900071,1.1333771
IFITM1,1.1900071,1.1333771
ARF1,1.1900071,1.1333771
MSH2,1.1900071,1.1333771
SCNN1D,1.1900071,1.1333771
RAC3,1.1900071,1.1333771
RPS12,1.1900071,1.1333771
SMIM22,1.1900071,1.1333771
NBPF20,1.1900071,1.1333771
ZNF71,1.1900071,1.1333771
EFCAB9,1.1900071,1.1333771
C2orf72,1.1900071,1.1333771
PTMS,1.1900071,1.1333771
ZNF580,1.1900071,1.1333771
ARF3,1.1900071,1.1333771
MLANA,1.1900071,1.1333771
LLPH,1.1900071,1.1333771
LSM10,1.1900071,1.1333771
GSTA2,1.1900071,1.1333771
C3orf56,1.1900071,1.1333771
BST2,1.1900071,1.1333771
WASHC3,1.1900071,1.1333771
GATC,1.1900071,1.1333771
TGFBR3L,1.1900071,1.1333771
VIP,1.1900071,1.1333771
UBA6,1.1900071,1.1333771
NUDCD2,1.1900071,1.1333771
FCER1G,1.1900071,1.1333771
YWHAZ,1.1900071,1.1333771
MKX,1.1900071,1.1333771
BPIFA1,1.1900071,1.1333771
IL3,1.1900071,1.1333771
VPREB3,1.1900071,1.1333771
ABCC5,1.1900071,1.1333771
MDFI,1.1900071,1.1333771
CA3,1.1900071,1.1333771
CD59,1.1900071,1.1333771
C4orf19,1.1900071,1.1333771
CARHSP1,1.1900071,1.1333771
CDH13,1.1900071,1.1333771
CORO2B,1.1900071,1.1333771
NDUFB6,1.1900071,1.1333771
UMODL1,1.1900071,1.1333771
MRPS28,1.1900071,1.1333771
HHAT,1.1900071,1.1333771
SPP2,1.1900071,1.1333771
ASB17,1.1900071,1.1333771
PLA2G16,1.1900071,1.1333771
SLC6A13,1.1900071,1.1333771
PCDHA8,1.1900071,1.1333771
TMEM179,1.1900071,1.1333771
ZNF781,1.1900071,1.1333771
C11orf24,1.1900071,1.1333771
GALNT18,1.1900071,1.1333771
GADD45G,1.1900071,1.1333771
TLR3,1.1900071,1.1333771
IL27,1.1900071,1.1333771
ISL2,1.1900071,1.1333771
ARHGAP18,1.1900071,1.1333771
NCKAP1L,1.1900071,1.1333771
GLYAT,1.1900071,1.1333771
CST2,1.1900071,1.1333771
GHRL,1.1900071,1.1333771
ZDHHC2,1.1900071,1.1333771
PTPRE,1.1900071,1.1333771
SNAPC4,1.1900071,1.1333771
KRTAP10-6,1.1900071,1.1333771
PRR32,1.1900071,1.1333771
TMEM39B,1.1900071,1.1333771
LYPD4,1.1900071,1.1333771
TMEM249,1.1900071,1.1333771
FPR3,1.1900071,1.1333771
DCDC2B,1.1900071,1.1333771
EBF1,1.1900071,1.1333771
MADCAM1,1.1900071,1.1333771
AMPD1,1.1900071,1.1333771
DOT1L,1.1900071,1.1333771
RNF151,1.1900071,1.1333771
PRDX6,1.1900071,1.1333771
AIF1L,1.1900071,1.1333771
IL20,1.1900071,1.1333771
LSM3,1.1900071,1.1333771
MORN4,1.1900071,1.1333771
FAM168B,1.1900071,1.1333771
GLTP,1.1900071,1.1333771
LDLRAD2,1.1900071,1.1333771
C6orf47,1.1900071,1.1333771
SCARA3,1.1900071,1.1333771
KRIT1,1.1900071,1.1333771
GPR31,1.1900071,1.1333771
PABPC1L,1.1900071,1.1333771
GPX4,1.1900071,1.1333771
ABTB1,1.1900071,1.1333771
SIRPB2,1.1900071,1.1333771
ITSN1,1.1900071,1.1333771
TCF12,1.1900071,1.1333771
PRKD3,1.1900071,1.1333771
KLC1,1.1900071,1.1333771
TPRX1,1.1900071,1.1333771
C2orf40,1.1900071,1.1333771
CHCHD4,1.1900071,1.1333771
UPP1,1.1900071,1.1333771
DESI2,1.1900071,1.1333771
PRR23A,1.1900071,1.1333771
OLFM3,1.1900071,1.1333771
NUDT4,1.1900071,1.1333771
SNX22,1.1900071,1.1333771
TIFA,1.1900071,1.1333771
EPHB1,1.1900071,1.1333771
C11orf68,1.1900071,1.1333771
CACNA1D,1.1900071,1.1333771
KIRREL3,1.1900071,1.1333771
PRR30,1.1900071,1.1333771
ATOH1,1.1900071,1.1333771
NUAK1,1.1900071,1.1333771
GVQW3,1.1900071,1.1333771
TCTE3,1.1900071,1.1333771
GARNL3,1.1900071,1.1333771
CALHM3,1.1900071,1.1333771
EMCN,1.1900071,1.1333771
EFCAB8,1.1900071,1.1333771
FAM177A1,1.1900071,1.1333771
SPRY1,1.1900071,1.1333771
NCAPG,1.1900071,1.1333771
AZGP1,1.1900071,1.1333771
RGS2,1.1900071,1.1333771
ARHGDIB,1.1900071,1.1333771
ADTRP,1.1900071,1.1333771
CD151,1.1900071,1.1333771
G3BP2,1.1900071,1.1333771
CXXC5,1.1900071,1.1333771
RESP18,1.1900071,1.1333771
EOGT,1.1900071,1.1333771
TKT,1.1900071,1.1333771
NT5M,1.1900071,1.1333771
KATNAL1,1.1900071,1.1333771
IFI44L,1.1900071,1.1333771
VGLL2,1.1900071,1.1333771
RWDD2A,1.1900071,1.1333771
MPLKIP,1.1900071,1.1333771
IFNG,1.1900071,1.1333771
EMC9,1.1900071,1.1333771
KIAA0319,1.1900071,1.1333771
BAD,1.1900071,1.1333771
POLRMT,1.1900071,1.1333771
CEACAM19,1.1900071,1.1333771
C20orf173,1.1900071,1.1333771
ARL13A,1.1900071,1.1333771
ASF1A,1.1900071,1.1333771
FAM71F2,1.1900071,1.1333771
MYL12A,1.1900071,1.1333771
NEFM,1.1900071,1.1333771
CELA3A,1.1900071,1.1333771
CDK13,1.1900071,1.1333771
KIF9,1.1900071,1.1333771
HES5,1.1900071,1.1333771
VSIG2,1.1900071,1.1333771
TMEM241,1.1900071,1.1333771
SPIC,1.1900071,1.1333771
NSMCE1,1.1900071,1.1333771
BRF1,1.1900071,1.1333771
TM4SF19,1.1900071,1.1333771
SLC35D2,1.1900071,1.1333771
OVCA2,1.1900071,1.1333771
MTHFS,1.1900071,1.1333771
SOX5,1.1900071,1.1333771
AADACL4,1.1900071,1.1333771
SYT1,1.1900071,1.1333771
CYLC1,1.1900071,1.1333771
ZNF76,1.1900071,1.1333771
EXT1,1.1900071,1.1333771
NALCN,1.1900071,1.1333771
PIN1,1.1900071,1.1333771
RRAGC,1.1900071,1.1333771
EDAR,1.1900071,1.1333771
RPL12,1.1900071,1.1333771
EAF1,1.1900071,1.1333771
LSM1,1.1900071,1.1333771
TMEM91,1.1900071,1.1333771
SPDYC,1.1900071,1.1333771
IFI30,1.1900071,1.1333771
BTBD2,1.1900071,1.1333771
OVOL1,1.1900071,1.1333771
EDF1,1.1900071,1.1333771
ZNF346,1.1900071,1.1333771
TM4SF1,1.1900071,1.1333771
TSSC4,1.1900071,1.1333771
TMEM147,1.1900071,1.1333771
YRDC,1.1900071,1.1333771
WFS1,1.1900071,1.1333771
PSD3,1.1900071,1.1333771
NET1,1.1900071,1.1333771
OBP2A,1.1900071,1.1333771
ORM1,1.1900071,1.1333771
BNIP1,1.1900071,1.1333771
CD163L1,1.1900071,1.1333771
TIGAR,1.1900071,1.1333771
ZC3H8,1.1900071,1.1333771
PDCD1,1.1900071,1.1333771
KAZN,1.1900071,1.1333771
CLEC3A,1.1900071,1.1333771
UBE2J2,1.1900071,1.1333771
DEK,1.1900071,1.1333771
PPP1R3D,1.1900071,1.1333771
HIST1H4F,1.1900071,1.1333771
DCAF11,1.1900071,1.1333771
ADCY5,1.1900071,1.1333771
MYOZ2,1.1900071,1.1333771
HAVCR1,1.1900071,1.1333771
TRAM1L1,1.1900071,1.1333771
RPUSD1,1.1900071,1.1333771
KIR2DL3,1.1900071,1.1333771
LYPD5,1.1900071,1.1333771
ACBD6,1.1900071,1.1333771
SYT7,1.1900071,1.1333771
APOL4,1.1900071,1.1333771
NKIRAS1,1.1900071,1.1333771
LRRC4C,1.1900071,1.1333771
KDM1B,1.1900071,1.1333771
NCCRP1,1.1900071,1.1333771
MRPL52,1.1900071,1.1333771
MRPL14,1.1900071,1.1333771
GCNT7,1.1900071,1.1333771
CPD,1.1900071,1.1333771
PRPS1L1,1.1900071,1.1333771
TMBIM6,1.1900071,1.1333771
METTL26,1.1900071,1.1333771
RNASEH2A,1.1900071,1.1333771
NECAP1,1.1900071,1.1333771
BPIFB3,1.1900071,1.1333771
ZFP36L2,1.1900071,1.1333771
ABHD12B,1.1900071,1.1333771
EFCAB2,1.1900071,1.1333771
CCNO,1.1900071,1.1333771
PAFAH1B3,1.1900071,1.1333771
ASCL4,1.1900071,1.1333771
RSC1A1,1.1900071,1.1333771
CCT7,1.1900071,1.1333771
TMEM82,1.1900071,1.1333771
NPBWR1,1.1900071,1.1333771
IGFBP2,1.1900071,1.1333771
CDC42EP4,1.1900071,1.1333771
DTYMK,1.1900071,1.1333771
STAP1,1.1900071,1.1333771
GNB2,1.1900071,1.1333771
MFSD3,1.1900071,1.1333771
PAK1IP1,1.1900071,1.1333771
RPL15,1.1900071,1.1333771
LRRC14,1.1900071,1.1333771
DSCAML1,1.1900071,1.1333771
EEF2,1.1900071,1.1333771
N4BP2L1,1.1900071,1.1333771
ITGB1BP1,1.1900071,1.1333771
PCGF3,1.1900071,1.1333771
FERMT2,1.1900071,1.1333771
TRIML1,1.1900071,1.1333771
EIF4E3,1.1900071,1.1333771
CADM2,1.1900071,1.1333771
RTL3,1.1900071,1.1333771
PPP4R2,1.1900071,1.1333771
GRIK2,1.1900071,1.1333771
MCHR2,1.1900071,1.1333771
TUSC1,1.1900071,1.1333771
GPR171,1.1900071,1.1333771
VWA7,1.1900071,1.1333771
IGF2,1.1900071,1.1333771
H3F3B,1.1900071,1.1333771
SLC35A5,1.1900071,1.1333771
PDGFC,1.1900071,1.1333771
ARHGEF7,1.1900071,1.1333771
IDH3G,1.1900071,1.1333771
SPC25,1.1900071,1.1333771
NIFK,1.1900071,1.1333771
SULT1B1,1.1900071,1.1333771
CRIP2,1.1900071,1.1333771
XXYLT1,1.1900071,1.1333771
TMEM45A,1.1900071,1.1333771
CACNA2D3,1.1900071,1.1333771
RASGEF1B,1.1900071,1.1333771
SCGN,1.1900071,1.1333771
FAS,1.1900071,1.1333771
PPA2,1.1900071,1.1333771
THEGL,1.1900071,1.1333771
C6orf106,1.1900071,1.1333771
PCDHB4,1.1900071,1.1333771
SORD,1.1900071,1.1333771
THOC7,1.1900071,1.1333771
PLVAP,1.1900071,1.1333771
XKR3,1.1900071,1.1333771
CDH10,1.1900071,1.1333771
APH1A,1.1900071,1.1333771
GTF2I,1.1900071,1.1333771
SLC35G1,1.1900071,1.1333771
IPP,1.1900071,1.1333771
ASPN,1.1900071,1.1333771
PDCD2,1.1900071,1.1333771
RTRAF,1.1900071,1.1333771
C18orf54,1.1900071,1.1333771
LIPI,1.1900071,1.1333771
LIN7B,1.1900071,1.1333771
HYKK,1.1900071,1.1333771
KLRG2,1.1900071,1.1333771
GFY,1.1900071,1.1333771
GALNT14,1.1900071,1.1333771
SLC36A4,1.1900071,1.1333771
OSR2,1.1900071,1.1333771
CAB39,1.1900071,1.1333771
PSD,1.1900071,1.1333771
RAB2A,1.1900071,1.1333771
ARRDC1,1.1900071,1.1333771
CBX1,1.1900071,1.1333771
GNB5,1.1900071,1.1333771
MMD,1.1900071,1.1333771
ZNF578,1.1900071,1.1333771
FAM217B,1.1900071,1.1333771
DBR1,1.1900071,1.1333771
LRTM2,1.1900071,1.1333771
SARAF,1.1900071,1.1333771
C1QL3,1.1900071,1.1333771
POPDC2,1.1900071,1.1333771
GPR152,1.1900071,1.1333771
OSER1,1.1900071,1.1333771
PYHIN1,1.1900071,1.1333771
FSCB,1.1900071,1.1333771
CCR7,1.1900071,1.1333771
TOR1AIP2,1.1900071,1.1333771
ZNF362,1.1900071,1.1333771
FOXD3,1.1900071,1.1333771
ENTR1,1.1900071,1.1333771
HELZ2,1.1900071,1.1333771
CCDC115,1.1900071,1.1333771
GDPD4,1.1900071,1.1333771
HNRNPU,1.1900071,1.1333771
NXPE4,1.1900071,1.1333771
VCL,1.1900071,1.1333771
PLIN2,1.1900071,1.1333771
ZNF697,1.1900071,1.1333771
AXIN2,1.1900071,1.1333771
PNPLA7,1.1900071,1.1333771
ST3GAL6,1.1900071,1.1333771
PLIN4,1.1900071,1.1333771
SCAMP2,1.1900071,1.1333771
ZNF517,1.1900071,1.1333771
LRRC74A,1.1900071,1.1333771
TANC2,1.1900071,1.1333771
RETREG2,1.1900071,1.1333771
TP53I13,1.1900071,1.1333771
HIBADH,1.1900071,1.1333771
CD63,1.1900071,1.1333771
AMD1,1.1900071,1.1333771
GABRB1,1.1900071,1.1333771
TNFRSF19,1.1900071,1.1333771
CCIN,1.1900071,1.1333771
DBX2,1.1900071,1.1333771
CACNG3,1.1900071,1.1333771
STMN4,1.1900071,1.1333771
TDO2,1.1900071,1.1333771
STN1,1.1900071,1.1333771
FCRL6,1.1900071,1.1333771
NME9,1.1900071,1.1333771
PSMB5,1.1900071,1.1333771
NOXO1,1.1900071,1.1333771
TMEM102,1.1900071,1.1333771
FGF14,1.1900071,1.1333771
CRAMP1,1.1900071,1.1333771
ICE1,1.1900071,1.1333771
PRSS38,1.1900071,1.1333771
BTNL8,1.1900071,1.1333771
RPL11,1.1900071,1.1333771
STPG2,1.1900071,1.1333771
SYCE1,1.1900071,1.1333771
RNF220,1.1900071,1.1333771
GALR2,1.1900071,1.1333771
OSBPL7,1.1900071,1.1333771
FAM200A,1.1900071,1.1333771
TRIM38,1.1900071,1.1333771
TLDC1,1.1900071,1.1333771
RPGRIP1L,1.1900071,1.1333771
HSPA13,1.1900071,1.1333771
SEC11A,1.1900071,1.1333771
ST6GALNAC2,1.1900071,1.1333771
PRDM16,1.1900071,1.1333771
PAFAH1B2,1.1900071,1.1333771
ING2,1.1900071,1.1333771
SLC24A1,1.1900071,1.1333771
PIP4K2B,1.1900071,1.1333771
BTBD16,1.1900071,1.1333771
NAA40,1.1900071,1.1333771
GSDMC,1.1900071,1.1333771
SMAP2,1.1900071,1.1333771
PEX11B,1.1900071,1.1333771
LRRIQ1,1.1900071,1.1333771
FOS,1.1900071,1.1333771
E2F6,1.1900071,1.1333771
NFIL3,1.1900071,1.1333771
CYBRD1,1.1900071,1.1333771
PPP1R7,1.1900071,1.1333771
SLC35A3,1.1900071,1.1333771
SRPK2,1.1900071,1.1333771
PRPF4B,1.1900071,1.1333771
POC5,1.1900071,1.1333771
RNF212B,1.1900071,1.1333771
ELOVL2,1.1900071,1.1333771
CDK18,1.1900071,1.1333771
INSIG1,1.1900071,1.1333771
MKS1,1.1900071,1.1333771
FAM200B,1.1900071,1.1333771
GPR26,1.1900071,1.1333771
HIC2,1.1900071,1.1333771
RAB40B,1.1900071,1.1333771
ADAR,1.1900071,1.1333771
LRRC17,1.1900071,1.1333771
BTN1A1,1.1900071,1.1333771
PRRT1,1.1900071,1.1333771
NAXE,1.1900071,1.1333771
FANCL,1.1900071,1.1333771
BTBD19,1.1900071,1.1333771
ELAVL2,1.1900071,1.1333771
RHOV,1.1900071,1.1333771
SERPINE3,1.1900071,1.1333771
PSG9,1.1900071,1.1333771
UNC93B1,1.1900071,1.1333771
MIDN,1.1900071,1.1333771
HCRTR1,1.1900071,1.1333771
ASB4,1.1900071,1.1333771
CDH12,1.1900071,1.1333771
HOXD1,1.1900071,1.1333771
SIGLEC8,1.1900071,1.1333771
SLC35A2,1.1900071,1.1333771
ZNF548,1.1900071,1.1333771
DOCK8,1.1900071,1.1333771
TBPL2,1.1900071,1.1333771
CORO1C,1.1900071,1.1333771
DNAJC8,1.1900071,1.1333771
CLPTM1,1.1900071,1.1333771
ANP32D,1.1900071,1.1333771
ANKEF1,1.1900071,1.1333771
SCNM1,1.1900071,1.1333771
NUDT6,1.1900071,1.1333771
OSBPL3,1.1900071,1.1333771
GNG11,1.1900071,1.1333771
PLEKHO1,1.1900071,1.1333771
ETV2,1.1900071,1.1333771
EPCAM,1.1900071,1.1333771
CTAGE1,1.1900071,1.1333771
THBS4,1.1900071,1.1333771
YBX1,1.1900071,1.1333771
HRAS,1.1900071,1.1333771
ZNF26,1.1900071,1.1333771
TBL3,1.1900071,1.1333771
ITPRIPL1,1.1900071,1.1333771
ZNF813,1.1900071,1.1333771
YIF1B,1.1900071,1.1333771
GNAI1,1.1900071,1.1333771
VSTM2L,1.1900071,1.1333771
OASL,1.1900071,1.1333771
KREMEN1,1.1900071,1.1333771
ZNF286A,1.1900071,1.1333771
ADCY7,1.1900071,1.1333771
ZNF211,1.1900071,1.1333771
ZNF488,1.1900071,1.1333771
DCP1A,1.1900071,1.1333771
SHISA9,1.1900071,1.1333771
MEX3B,1.1900071,1.1333771
CHAMP1,1.1900071,1.1333771
C3orf58,1.1900071,1.1333771
PPP6C,1.1900071,1.1333771
WDR26,1.1900071,1.1333771
PRDM5,1.1900071,1.1333771
RFTN1,1.1900071,1.1333771
PACRG,1.1900071,1.1333771
DERA,1.1900071,1.1333771
MAZ,1.1900071,1.1333771
KIAA0825,1.1900071,1.1333771
PCOLCE,1.1900071,1.1333771
LMAN1L,1.1900071,1.1333771
KLHDC2,1.1900071,1.1333771
CRHBP,1.1900071,1.1333771
HAPLN3,1.1900071,1.1333771
UQCRC2,1.1900071,1.1333771
MRE11,1.1900071,1.1333771
RASSF2,1.1900071,1.1333771
NHLRC4,1.1900071,1.1333771
CUEDC1,1.1900071,1.1333771
ANKRD53,1.1900071,1.1333771
TRIM73,1.1900071,1.1333771
TAPBP,1.1900071,1.1333771
TMEM151A,1.1900071,1.1333771
HIST1H2BH,1.1900071,1.1333771
ZNF354C,1.1900071,1.1333771
ANTXR2,1.1900071,1.1333771
PHF23,1.1900071,1.1333771
DENND2C,1.1900071,1.1333771
ZIC2,1.1900071,1.1333771
CCDC43,1.1900071,1.1333771
MSTN,1.1900071,1.1333771
GIMAP8,1.1900071,1.1333771
SLC25A30,1.1900071,1.1333771
CCDC125,1.1900071,1.1333771
L1TD1,1.1900071,1.1333771
HRASLS2,1.1900071,1.1333771
CACTIN,1.1900071,1.1333771
IL11RA,1.1900071,1.1333771
HAUS3,1.1900071,1.1333771
ODF3B,1.1900071,1.1333771
ZNF689,1.1900071,1.1333771
TCF15,1.1900071,1.1333771
KIAA0754,1.1900071,1.1333771
RUNDC3B,1.1900071,1.1333771
SLC30A2,1.1900071,1.1333771
PRKD1,1.1900071,1.1333771
PHF12,1.1900071,1.1333771
RASSF7,1.1900071,1.1333771
ACE,1.1900071,1.1333771
BLCAP,1.1900071,1.1333771
TWF2,1.1900071,1.1333771
DDX60,1.1900071,1.1333771
PHF24,1.1900071,1.1333771
CNPPD1,1.1900071,1.1333771
MOS,1.1900071,1.1333771
TRIM17,1.1900071,1.1333771
CHRM4,1.1900071,1.1333771
RAB6B,1.1900071,1.1333771
RAPH1,1.1900071,1.1333771
SYP,1.1900071,1.1333771
PHF7,1.1900071,1.1333771
ADRM1,1.1900071,1.1333771
FLCN,1.1900071,1.1333771
ZNF559,1.1900071,1.1333771
ZNF710,1.1900071,1.1333771
CCDC113,1.1900071,1.1333771
CCDC87,1.1900071,1.1333771
CYP27C1,1.1900071,1.1333771
METTL17,1.1900071,1.1333771
ZNF490,1.1900071,1.1333771
GPRIN1,1.1900071,1.1333771
LRRC37A3,1.1900071,1.1333771
ZFYVE9,1.1900071,1.1333771
RTN4RL2,1.1900071,1.1333771
USP29,1.1900071,1.1333771
TUBA3C,1.1900071,1.1333771
P2RX5,1.1900071,1.1333771
AMBP,1.1900071,1.1333771
GRK7,1.1900071,1.1333771
ZNF699,1.1900071,1.1333771
ZWILCH,1.1900071,1.1333771
CDKN2AIP,1.1900071,1.1333771
FXYD7,1.1900071,1.1333771
STAM,1.1900071,1.1333771
SATB1,1.1900071,1.1333771
BARX2,1.1900071,1.1333771
MCM6,1.1900071,1.1333771
ENTPD2,1.1900071,1.1333771
TERF2,1.1900071,1.1333771
CYP1A1,1.1900071,1.1333771
MMP27,1.1900071,1.1333771
TUB,1.1900071,1.1333771
LMNTD1,1.1900071,1.1333771
TSNARE1,1.1900071,1.1333771
LZTS3,1.1900071,1.1333771
SDR42E1,1.1900071,1.1333771
PPP5C,1.1900071,1.1333771
SETD7,1.1900071,1.1333771
MANEA,1.1900071,1.1333771
FOSB,1.1900071,1.1333771
MOCS3,1.1900071,1.1333771
OPN5,1.1900071,1.1333771
ZFP14,1.1900071,1.1333771
DPYSL2,1.1900071,1.1333771
LRFN4,1.1900071,1.1333771
SLC6A8,1.1900071,1.1333771
CSTF2T,1.1900071,1.1333771
IRX5,1.1900071,1.1333771
TYW5,1.1900071,1.1333771
ZNF454,1.1900071,1.1333771
GPBP1,1.1900071,1.1333771
GRAMD2B,1.1900071,1.1333771
DNTTIP2,1.1900071,1.1333771
MRPS5,1.1900071,1.1333771
ERF,1.1900071,1.1333771
ZDHHC14,1.1900071,1.1333771
FOXH1,1.1900071,1.1333771
ECSIT,1.1900071,1.1333771
MAPKAPK3,1.1900071,1.1333771
MAST1,1.1900071,1.1333771
DGUOK,1.1900071,1.1333771
PARPBP,1.1900071,1.1333771
COIL,1.1900071,1.1333771
ZNF638,1.1900071,1.1333771
TACC3,1.1900071,1.1333771
ENTPD6,1.1900071,1.1333771
EIF6,1.1900071,1.1333771
NFE2L2,1.1900071,1.1333771
C10orf90,1.1900071,1.1333771
DOCK6,1.1900071,1.1333771
PLD4,1.1900071,1.1333771
SMARCE1,1.1900071,1.1333771
CHST14,1.1900071,1.1333771
SLC47A2,1.1900071,1.1333771
PCBP4,1.1900071,1.1333771
SPARCL1,1.1900071,1.1333771
STKLD1,1.1900071,1.1333771
ADSS,1.1900071,1.1333771
LRRTM2,1.1900071,1.1333771
FABP4,1.1900071,1.1333771
IPPK,1.1900071,1.1333771
MRS2,1.1900071,1.1333771
SLC38A7,1.1900071,1.1333771
MYO5A,1.1900071,1.1333771
MRTFB,1.1900071,1.1333771
ZBTB7A,1.1900071,1.1333771
SMYD2,1.1900071,1.1333771
GALNT2,1.1900071,1.1333771
CLHC1,1.1900071,1.1333771
SLC22A14,1.1900071,1.1333771
ZNF821,1.1900071,1.1333771
BBOX1,1.1900071,1.1333771
PGAM5,1.1900071,1.1333771
ZNF438,1.1900071,1.1333771
DBF4B,1.1900071,1.1333771
MRGPRX1,1.1900071,1.1333771
CLTRN,1.1900071,1.1333771
CHRFAM7A,1.1900071,1.1333771
SDSL,1.1900071,1.1333771
HJURP,1.1900071,1.1333771
JPH3,1.1900071,1.1333771
RXYLT1,1.1900071,1.1333771
RTN1,1.1900071,1.1333771
SLC35E2A,1.1900071,1.1333771
CILP,1.1900071,1.1333771
NDUFB2,1.1900071,1.1333771
USP4,1.1900071,1.1333771
BSDC1,1.1900071,1.1333771
MEST,1.1900071,1.1333771
AVPR1A,1.1900071,1.1333771
DIP2A,1.1900071,1.1333771
SLC4A9,1.1900071,1.1333771
RRAGA,1.1900071,1.1333771
BTBD17,1.1900071,1.1333771
CCM2L,1.1900071,1.1333771
THAP5,1.1900071,1.1333771
DELE1,1.1900071,1.1333771
BIRC3,1.1900071,1.1333771
COCH,1.1900071,1.1333771
RCOR3,1.1900071,1.1333771
C7orf43,1.1900071,1.1333771
HIST1H2AA,1.1900071,1.1333771
ZNF229,1.1900071,1.1333771
PGLYRP2,1.1900071,1.1333771
NKAPL,1.1900071,1.1333771
MTMR12,1.1900071,1.1333771
BRD3,1.1900071,1.1333771
GALNT3,1.1900071,1.1333771
TIGD7,1.1900071,1.1333771
SHE,1.1900071,1.1333771
HAP1,1.1900071,1.1333771
PHAX,1.1900071,1.1333771
BZW1,1.1900071,1.1333771
CDK15,1.1900071,1.1333771
INAVA,1.1900071,1.1333771
PTPRA,1.1900071,1.1333771
PNP,1.1900071,1.1333771
ANAPC2,1.1900071,1.1333771
DMBX1,1.1900071,1.1333771
SNRNP35,1.1900071,1.1333771
GRIA1,1.1900071,1.1333771
TSKS,1.1900071,1.1333771
BCHE,1.1900071,1.1333771
REM1,1.1900071,1.1333771
MEMO1,1.1900071,1.1333771
GPC1,1.1900071,1.1333771
LILRB2,1.1900071,1.1333771
ADGB,1.1900071,1.1333771
ZNF107,1.1900071,1.1333771
ZNF805,1.1900071,1.1333771
DHX57,1.1900071,1.1333771
DUOXA1,1.1900071,1.1333771
NAXD,1.1900071,1.1333771
ZNF143,1.1900071,1.1333771
ANGPTL1,1.1900071,1.1333771
PMEL,1.1900071,1.1333771
PICALM,1.1900071,1.1333771
CHRNA9,1.1900071,1.1333771
E2F7,1.1900071,1.1333771
TTYH2,1.1900071,1.1333771
LGALS3,1.1900071,1.1333771
FDX1,1.1900071,1.1333771
CABP4,1.1900071,1.1333771
SAP30,1.1900071,1.1333771
FLRT2,1.1900071,1.1333771
CRYBA4,1.1900071,1.1333771
PLEK2,1.1900071,1.1333771
OTOP2,1.1900071,1.1333771
RGS1,1.1900071,1.1333771
ALOX5AP,1.1900071,1.1333771
APMAP,1.1900071,1.1333771
LPXN,1.1900071,1.1333771
PITPNA,1.1900071,1.1333771
RGS14,1.1900071,1.1333771
LRRC30,1.1900071,1.1333771
CD6,1.1900071,1.1333771
LRFN2,1.1900071,1.1333771
ZAP70,1.1900071,1.1333771
DOK1,1.1900071,1.1333771
SMG9,1.1900071,1.1333771
MCRS1,1.1900071,1.1333771
TPI1,1.1900071,1.1333771
SEC61A1,1.1900071,1.1333771
BMP7,1.1900071,1.1333771
ATP1B1,1.1900071,1.1333771
KYAT3,1.1900071,1.1333771
HID1,1.1900071,1.1333771
XKRX,1.1900071,1.1333771
PRELID3B,1.1900071,1.1333771
PTGER4,1.1900071,1.1333771
SF3B5,1.1900071,1.1333771
ZFP2,1.1900071,1.1333771
CD248,1.1900071,1.1333771
ZNF251,1.1900071,1.1333771
GAB3,1.1900071,1.1333771
ARRDC2,1.1900071,1.1333771
EIF2B1,1.1900071,1.1333771
MVK,1.1900071,1.1333771
CCDC144A,1.1900071,1.1333771
KYNU,1.1900071,1.1333771
ZNF605,1.1900071,1.1333771
GPRC5B,1.1900071,1.1333771
CBL,1.1900071,1.1333771
TRIM24,1.1900071,1.1333771
SERINC5,1.1900071,1.1333771
CBX5,1.1900071,1.1333771
FAU,1.1900071,1.1333771
SLC39A12,1.1900071,1.1333771
CNOT2,1.1900071,1.1333771
SMCR8,1.1900071,1.1333771
P2RX7,1.1900071,1.1333771
POLI,1.1900071,1.1333771
PTK2B,1.1900071,1.1333771
IDI2,1.1900071,1.1333771
LFNG,1.1900071,1.1333771
ZNF687,1.1900071,1.1333771
FCRL3,1.1900071,1.1333771
FMN2,1.1900071,1.1333771
CCS,1.1900071,1.1333771
FAM111B,1.1900071,1.1333771
HCRTR2,1.1900071,1.1333771
PLA1A,1.1900071,1.1333771
ZFPM1,1.1900071,1.1333771
MFRP,1.1900071,1.1333771
PCGF2,1.1900071,1.1333771
LPGAT1,1.1900071,1.1333771
LRRC19,1.1900071,1.1333771
MTFMT,1.1900071,1.1333771
ZNF366,1.1900071,1.1333771
LHX2,1.1900071,1.1333771
MAFB,1.1900071,1.1333771
USF2,1.1900071,1.1333771
ETFB,1.1900071,1.1333771
RPL21,1.1900071,1.1333771
TPPP,1.1900071,1.1333771
DENR,1.1900071,1.1333771
CELF2,1.1900071,1.1333771
BLK,1.1900071,1.1333771
POLR3D,1.1900071,1.1333771
HIST2H3D,1.1900071,1.1333771
NBPF3,1.1900071,1.1333771
LEMD3,1.1900071,1.1333771
DPP6,1.1900071,1.1333771
MYCBP2,1.1900071,1.1333771
LINGO3,1.1900071,1.1333771
RUNDC1,1.1900071,1.1333771
POU2AF1,1.1900071,1.1333771
FAM169A,1.1900071,1.1333771
GPSM1,1.1900071,1.1333771
COPS8,1.1900071,1.1333771
MPP6,1.1900071,1.1333771
ARMC2,1.1900071,1.1333771
KRT26,1.1900071,1.1333771
MAP1S,1.1900071,1.1333771
TINF2,1.1900071,1.1333771
DCDC2,1.1900071,1.1333771
CPNE3,1.1900071,1.1333771
PGM2L1,1.1900071,1.1333771
LBR,1.1900071,1.1333771
GADD45B,1.1900071,1.1333771
TMEM128,1.1900071,1.1333771
PAXIP1,1.1900071,1.1333771
COP1,1.1900071,1.1333771
ENOSF1,1.1900071,1.1333771
DNA2,1.1900071,1.1333771
UBTD2,1.1900071,1.1333771
TRAPPC6B,1.1900071,1.1333771
CPE,1.1900071,1.1333771
NFATC1,1.1900071,1.1333771
ZNF234,1.1900071,1.1333771
RNF25,1.1900071,1.1333771
TMPRSS5,1.1900071,1.1333771
CYBC1,1.1900071,1.1333771
CDON,1.1900071,1.1333771
KCNG3,1.1900071,1.1333771
ECM2,1.1900071,1.1333771
HIST1H4E,1.1900071,1.1333771
PDHB,1.1900071,1.1333771
SGK3,1.1900071,1.1333771
CIB1,1.1900071,1.1333771
CDK19,1.1900071,1.1333771
EIF2AK2,1.1900071,1.1333771
KIAA1522,1.1900071,1.1333771
EEF1G,1.1900071,1.1333771
DISP1,1.1900071,1.1333771
ARL4A,1.1900071,1.1333771
CCPG1,1.1900071,1.1333771
RIF1,1.1900071,1.1333771
NEUROD2,1.1900071,1.1333771
CEP128,1.1900071,1.1333771
WDR45,1.1900071,1.1333771
BTBD10,1.1900071,1.1333771
PRDX4,1.1900071,1.1333771
FKBP14,1.1900071,1.1333771
CHML,1.1900071,1.1333771
ORMDL2,1.1900071,1.1333771
UVSSA,1.1900071,1.1333771
UBE2V1,1.1900071,1.1333771
ZBTB20,1.1900071,1.1333771
VEGFB,1.1900071,1.1333771
OAF,1.1900071,1.1333771
SETD2,1.1900071,1.1333771
HSF1,1.1900071,1.1333771
CRTC2,1.1900071,1.1333771
RAD21L1,1.1900071,1.1333771
MICU2,1.1900071,1.1333771
MMP15,1.1900071,1.1333771
CRYBG3,1.1900071,1.1333771
HCAR2,1.1900071,1.1333771
CHRNA2,1.1900071,1.1333771
CCDC138,1.1900071,1.1333771
NOBOX,1.1900071,1.1333771
TBC1D23,1.1900071,1.1333771
MRRF,1.1900071,1.1333771
GALNT9,1.1900071,1.1333771
SPOUT1,1.1900071,1.1333771
HIST1H4J,1.1900071,1.1333771
ATP8B1,1.1900071,1.1333771
SLCO1B3,1.1900071,1.1333771
DCDC1,1.1900071,1.1333771
LPAR4,1.1900071,1.1333771
CNDP1,1.1900071,1.1333771
ARPC1A,1.1900071,1.1333771
PTGR1,1.1900071,1.1333771
SUCLG2,1.1900071,1.1333771
FAM149A,1.1900071,1.1333771
HSPA14,1.1900071,1.1333771
CAMK2A,1.1900071,1.1333771
WTIP,1.1900071,1.1333771
HBB,1.1900071,1.1333771
FGFRL1,1.1900071,1.1333771
SCUBE2,1.1900071,1.1333771
NFKBIL1,1.1900071,1.1333771
FAM117B,1.1900071,1.1333771
AFG1L,1.1900071,1.1333771
LRRTM3,1.1900071,1.1333771
SRP54,1.1900071,1.1333771
CD53,1.1900071,1.1333771
IGF2BP2,1.1900071,1.1333771
MRPS22,1.1900071,1.1333771
APOBEC2,1.1900071,1.1333771
CASP8,1.1900071,1.1333771
CAMLG,1.1900071,1.1333771
AHRR,1.1900071,1.1333771
KCNK6,1.1900071,1.1333771
PRMT2,1.1900071,1.1333771
CMKLR1,1.1900071,1.1333771
CNPY2,1.1900071,1.1333771
SHQ1,1.1900071,1.1333771
FAM210A,1.1900071,1.1333771
EIF5A,1.1900071,1.1333771
AVL9,1.1900071,1.1333771
PELI3,1.1900071,1.1333771
SLC25A39,1.1900071,1.1333771
ATP2B2,1.1900071,1.1333771
CCDC73,1.1900071,1.1333771
SH3BP1,1.1900071,1.1333771
SCP2,1.1900071,1.1333771
PERP,1.1900071,1.1333771
CORO6,1.1900071,1.1333771
SHD,1.1900071,1.1333771
HDAC7,1.1900071,1.1333771
HIST1H2AE,1.1900071,1.1333771
TFAP4,1.1900071,1.1333771
JDP2,1.1900071,1.1333771
RELN,1.1900071,1.1333771
SPRED3,1.1900071,1.1333771
PRDM1,1.1900071,1.1333771
POR,1.1900071,1.1333771
ZNF99,1.1900071,1.1333771
CHAF1A,1.1900071,1.1333771
GEMIN8,1.1900071,1.1333771
BANK1,1.1900071,1.1333771
AP2S1,1.1900071,1.1333771
CYP2D6,1.1900071,1.1333771
CENPV,1.1900071,1.1333771
MXD4,1.1900071,1.1333771
CACFD1,1.1900071,1.1333771
PITHD1,1.1900071,1.1333771
H2AFV,1.1900071,1.1333771
PRPF39,1.1900071,1.1333771
SGSM3,1.1900071,1.1333771
KLHL36,1.1900071,1.1333771
ASNS,1.1900071,1.1333771
INSYN1,1.1900071,1.1333771
SOCS7,1.1900071,1.1333771
SMEK2,1.1900071,1.1333771
MBD6,1.1900071,1.1333771
VWC2,1.1900071,1.1333771
PNKP,1.1900071,1.1333771
GGA3,1.1900071,1.1333771
AKR1C2,1.1900071,1.1333771
ENAM,1.1900071,1.1333771
SCIN,1.1900071,1.1333771
TTC31,1.1900071,1.1333771
LRRC27,1.1900071,1.1333771
DNAJB5,1.1900071,1.1333771
TOB1,1.1900071,1.1333771
USPL1,1.1900071,1.1333771
NKAIN1,1.1900071,1.1333771
ZNF326,1.1900071,1.1333771
SCN2B,1.1900071,1.1333771
AP1M1,1.1900071,1.1333771
DTX4,1.1900071,1.1333771
SYT3,1.1900071,1.1333771
BMX,1.1900071,1.1333771
HIST1H3B,1.1900071,1.1333771
GPR21,1.1900071,1.1333771
AP1S3,1.1900071,1.1333771
FGB,1.1900071,1.1333771
RAD51AP2,1.1900071,1.1333771
RHPN1,1.1900071,1.1333771
HIST1H4L,1.1900071,1.1333771
CCNJL,1.1900071,1.1333771
KCNMA1,1.1900071,1.1333771
PIK3CA,1.1900071,1.1333771
PIK3IP1,1.1900071,1.1333771
HHIP,1.1900071,1.1333771
CATSPER1,1.1900071,1.1333771
UBC,1.1900071,1.1333771
ADAM7,1.1900071,1.1333771
LGSN,1.1900071,1.1333771
OGFR,1.1900071,1.1333771
BHLHA9,1.1900071,1.1333771
AMER3,1.1900071,1.1333771
POLR3F,1.1900071,1.1333771
ATP23,1.1900071,1.1333771
PRMT9,1.1900071,1.1333771
SH3RF3,1.1900071,1.1333771
TNRC6B,1.1900071,1.1333771
TTC30A,1.1900071,1.1333771
TLR10,1.1900071,1.1333771
KCNH7,1.1900071,1.1333771
PDF,1.1900071,1.1333771
SNAP91,1.1900071,1.1333771
RAP1A,1.1900071,1.1333771
AKAP10,1.1900071,1.1333771
CSNK1G3,1.1900071,1.1333771
HCN2,1.1900071,1.1333771
FSHR,1.1900071,1.1333771
SPO11,1.1900071,1.1333771
INSIG2,1.1900071,1.1333771
COLEC10,1.1900071,1.1333771
TSPAN17,1.1900071,1.1333771
UBE2H,1.1900071,1.1333771
IMPACT,1.1900071,1.1333771
DLX4,1.1900071,1.1333771
ELL2,1.1900071,1.1333771
CEP85L,1.1900071,1.1333771
SIX2,1.1900071,1.1333771
EMC4,1.1900071,1.1333771
GABRB2,1.1900071,1.1333771
MAK,1.1900071,1.1333771
TAOK2,1.1900071,1.1333771
CRYGS,1.1900071,1.1333771
DNASE1L3,1.1900071,1.1333771
PDCD6,1.1900071,1.1333771
ADA,1.1900071,1.1333771
MTMR2,1.1900071,1.1333771
GPR1,1.1900071,1.1333771
LGALS8,1.1900071,1.1333771
WDR20,1.1900071,1.1333771
ALOXE3,1.1900071,1.1333771
PRKRA,1.1900071,1.1333771
AP4M1,1.1900071,1.1333771
SRRM2,1.1900071,1.1333771
UCKL1,1.1900071,1.1333771
SCN3B,1.1900071,1.1333771
PSMB10,1.1900071,1.1333771
REEP5,1.1900071,1.1333771
DYRK1B,1.1900071,1.1333771
NXNL1,1.1900071,1.1333771
ZNF790,1.1900071,1.1333771
KCTD2,1.1900071,1.1333771
ADCY9,1.1900071,1.1333771
CLIP1,1.1900071,1.1333771
HPF1,1.1900071,1.1333771
TRIP11,1.1900071,1.1333771
ADAMTS15,1.1900071,1.1333771
DTWD1,1.1900071,1.1333771
DCTN5,1.1900071,1.1333771
SLCO3A1,1.1900071,1.1333771
LARP4B,1.1900071,1.1333771
DOC2B,1.1900071,1.1333771
CD74,1.1900071,1.1333771
KCNS3,1.1900071,1.1333771
CCSER1,1.1900071,1.1333771
TMEM169,1.1900071,1.1333771
ORC3,1.1900071,1.1333771
STMN2,1.1900071,1.1333771
ITCH,1.1900071,1.1333771
RTKN,1.1900071,1.1333771
ZNF91,1.1900071,1.1333771
CDC40,1.1900071,1.1333771
CROCC2,1.1900071,1.1333771
ZNF555,1.1900071,1.1333771
PTPRR,1.1900071,1.1333771
HMGB1,1.1900071,1.1333771
C1orf127,1.1900071,1.1333771
TPD52L1,1.1900071,1.1333771
ZNF385D,1.1900071,1.1333771
B4GALNT1,1.1900071,1.1333771
HCN3,1.1900071,1.1333771
NECTIN1,1.1900071,1.1333771
SLC25A1,1.1900071,1.1333771
CALM3,1.1900071,1.1333771
NR0B2,1.1900071,1.1333771
PNLIPRP1,1.1900071,1.1333771
MAPK8IP2,1.1900071,1.1333771
TNRC6A,1.1900071,1.1333771
MPHOSPH8,1.1900071,1.1333771
NAPRT,1.1900071,1.1333771
HUNK,1.1900071,1.1333771
MRPL19,1.1900071,1.1333771
COX11,1.1900071,1.1333771
KCNN4,1.1900071,1.1333771
RNF152,1.1900071,1.1333771
DUT,1.1900071,1.1333771
SLC22A7,1.1900071,1.1333771
DDAH2,1.1900071,1.1333771
FNBP1,1.1900071,1.1333771
SLC4A5,1.1900071,1.1333771
RNF38,1.1900071,1.1333771
PEMT,1.1900071,1.1333771
SCRIB,1.1900071,1.1333771
TTC1,1.1900071,1.1333771
TFAP2C,1.1900071,1.1333771
TBX21,1.1900071,1.1333771
FGF6,1.1900071,1.1333771
NOL4L,1.1900071,1.1333771
C10orf12,1.1900071,1.1333771
LIN7A,1.1900071,1.1333771
ZBTB21,1.1900071,1.1333771
FMNL3,1.1900071,1.1333771
HMCN2,1.1900071,1.1333771
ZP4,1.1900071,1.1333771
PHACTR1,1.1900071,1.1333771
CCNB1,1.1900071,1.1333771
SLC51A,1.1900071,1.1333771
RIN2,1.1900071,1.1333771
CDC23,1.1900071,1.1333771
ELAVL3,1.1900071,1.1333771
TMEM260,1.1900071,1.1333771
RGSL1,1.1900071,1.1333771
LMO3,1.1900071,1.1333771
ASCL2,1.1900071,1.1333771
C1QL4,1.1900071,1.1333771
FAXC,1.1900071,1.1333771
PLAUR,1.1900071,1.1333771
C1R,1.1900071,1.1333771
SAMD11,1.1900071,1.1333771
MAATS1,1.1900071,1.1333771
FXN,1.1900071,1.1333771
RBM38,1.1900071,1.1333771
LRRIQ4,1.1900071,1.1333771
SENP2,1.1900071,1.1333771
ARHGAP22,1.1900071,1.1333771
TOR1B,1.1900071,1.1333771
FAAH,1.1900071,1.1333771
ZNF560,1.1900071,1.1333771
INTS14,1.1900071,1.1333771
PXN,1.1900071,1.1333771
TGM3,1.1900071,1.1333771
PSMA1,1.1900071,1.1333771
AFF3,1.1900071,1.1333771
SRSF11,1.1900071,1.1333771
RNF128,1.1900071,1.1333771
PDE11A,1.1900071,1.1333771
PLPPR4,1.1900071,1.1333771
PLPBP,1.1900071,1.1333771
HIST1H2AD,1.1900071,1.1333771
ADIPOQ,1.1900071,1.1333771
RSPH4A,1.1900071,1.1333771
ABHD17C,1.1900071,1.1333771
GABRA4,1.1900071,1.1333771
YY1,1.1900071,1.1333771
XYLB,1.1900071,1.1333771
PTDSS2,1.1900071,1.1333771
UTP6,1.1900071,1.1333771
PDE4DIP,1.1900071,1.1333771
ARL5B,1.1900071,1.1333771
EPB41L4B,1.1900071,1.1333771
SNAP29,1.1900071,1.1333771
CHRNA7,1.1900071,1.1333771
STC1,1.1900071,1.1333771
IZUMO1,1.1900071,1.1333771
CLRN1,1.1900071,1.1333771
ADAD2,1.1900071,1.1333771
CLEC14A,1.1900071,1.1333771
KCND2,1.1900071,1.1333771
PLCB1,1.1900071,1.1333771
CPSF7,1.1900071,1.1333771
ZNF226,1.1900071,1.1333771
KPNA5,1.1900071,1.1333771
VWC2L,1.1900071,1.1333771
TNFAIP3,1.1900071,1.1333771
PAF1,1.1900071,1.1333771
SGPP2,1.1900071,1.1333771
C1QTNF8,1.1900071,1.1333771
CDK7,1.1900071,1.1333771
FCHO2,1.1900071,1.1333771
ATP6V1H,1.1900071,1.1333771
GRTP1,1.1900071,1.1333771
PCTP,1.1900071,1.1333771
FOXN4,1.1900071,1.1333771
USP45,1.1900071,1.1333771
ACSM3,1.1900071,1.1333771
PTGS1,1.1900071,1.1333771
RAB14,1.1900071,1.1333771
SPRED2,1.1900071,1.1333771
AJUBA,1.1900071,1.1333771
SGK1,1.1900071,1.1333771
RECQL,1.1900071,1.1333771
ASNA1,1.1900071,1.1333771
RNF5,1.1900071,1.1333771
TLE4,1.1900071,1.1333771
MAD1L1,1.1900071,1.1333771
CDX2,1.1900071,1.1333771
NHLRC2,1.1900071,1.1333771
SP140,1.1900071,1.1333771
TMEM33,1.1900071,1.1333771
DCLK1,1.1900071,1.1333771
MOGAT3,1.1900071,1.1333771
THAP2,1.1900071,1.1333771
KDM1A,1.1900071,1.1333771
LGR5,1.1900071,1.1333771
LZTS1,1.1900071,1.1333771
MAPK15,1.1900071,1.1333771
PSMA8,1.1900071,1.1333771
DVL3,1.1900071,1.1333771
ACER2,1.1900071,1.1333771
GRIK3,1.1900071,1.1333771
SIPA1,1.1900071,1.1333771
NTN3,1.1900071,1.1333771
KLF6,1.1900071,1.1333771
MRAS,1.1900071,1.1333771
KMT2E,1.1900071,1.1333771
PBX4,1.1900071,1.1333771
PRDM6,1.1900071,1.1333771
NRROS,1.1900071,1.1333771
GIGYF2,1.1900071,1.1333771
WRAP53,1.1900071,1.1333771
BCAN,1.1900071,1.1333771
AKT1,1.1900071,1.1333771
CRLS1,1.1900071,1.1333771
ALDH3A2,1.1900071,1.1333771
MARCH8,1.1900071,1.1333771
KCTD19,1.1900071,1.1333771
NUDCD3,1.1900071,1.1333771
DNAJC2,1.1900071,1.1333771
PGAP3,1.1900071,1.1333771
REPIN1,1.1900071,1.1333771
SYTL3,1.1900071,1.1333771
FAM81B,1.1900071,1.1333771
LLGL2,1.1900071,1.1333771
STAU1,1.1900071,1.1333771
GLYR1,1.1900071,1.1333771
WDR88,1.1900071,1.1333771
KLHL14,1.1900071,1.1333771
RCBTB1,1.1900071,1.1333771
ZC3H11A,1.1900071,1.1333771
TRPC1,1.1900071,1.1333771
GSC2,1.1900071,1.1333771
MLXIP,1.1900071,1.1333771
IL7R,1.1900071,1.1333771
AGGF1,1.1900071,1.1333771
C3,1.1900071,1.1333771
GSK3B,1.1900071,1.1333771
SALL3,1.1900071,1.1333771
GRB7,1.1900071,1.1333771
OPRD1,1.1900071,1.1333771
CAPN8,1.1900071,1.1333771
PSMC4,1.1900071,1.1333771
L3MBTL3,1.1900071,1.1333771
ALDH2,1.1900071,1.1333771
HEPACAM,1.1900071,1.1333771
SUFU,1.1900071,1.1333771
ZNHIT6,1.1900071,1.1333771
PCDHA6,1.1900071,1.1333771
RAB2B,1.1900071,1.1333771
SGTA,1.1900071,1.1333771
CKAP4,1.1900071,1.1333771
CDC42,1.1900071,1.1333771
PTCH1,1.1900071,1.1333771
COPS7B,1.1900071,1.1333771
GPN2,1.1900071,1.1333771
ATF1,1.1900071,1.1333771
RAN,1.1900071,1.1333771
DDX43,1.1900071,1.1333771
IWS1,1.1900071,1.1333771
PRRG2,1.1900071,1.1333771
RALA,1.1900071,1.1333771
CAPN13,1.1900071,1.1333771
PLEKHM1,1.1900071,1.1333771
PPP4R4,1.1900071,1.1333771
NR2F6,1.1900071,1.1333771
ATIC,1.1900071,1.1333771
CLPX,1.1900071,1.1333771
USHBP1,1.1900071,1.1333771
CDKL3,1.1900071,1.1333771
ADAM8,1.1900071,1.1333771
CHM,1.1900071,1.1333771
TRA2A,1.1900071,1.1333771
ICE2,1.1900071,1.1333771
EIF4E,1.1900071,1.1333771
SERPINA9,1.1900071,1.1333771
HSP90AB1,1.1900071,1.1333771
SCN7A,1.1900071,1.1333771
JKAMP,1.1900071,1.1333771
LEO1,1.1900071,1.1333771
ACOX2,1.1900071,1.1333771
HECW2,1.1900071,1.1333771
MAPK9,1.1900071,1.1333771
PINK1,1.1900071,1.1333771
COL28A1,1.1900071,1.1333771
CD79A,1.1900071,1.1333771
TRMT61A,1.1900071,1.1333771
SCAF1,1.1900071,1.1333771
C4orf54,1.1900071,1.1333771
MTSS1L,1.1900071,1.1333771
ASAH2,1.1900071,1.1333771
COX15,1.1900071,1.1333771
TRAPPC11,1.1900071,1.1333771
HAND1,1.1900071,1.1333771
ZNF853,1.1900071,1.1333771
ANKRD1,1.1900071,1.1333771
RGMA,1.1900071,1.1333771
SH2B1,1.1900071,1.1333771
SERPINB4,1.1900071,1.1333771
HSPB6,1.1900071,1.1333771
CD81,1.1900071,1.1333771
BAAT,1.1900071,1.1333771
SLC7A7,1.1900071,1.1333771
EDC3,1.1900071,1.1333771
MYOC,1.1900071,1.1333771
VPS26A,1.1900071,1.1333771
MIEF1,1.1900071,1.1333771
VEGFC,1.1900071,1.1333771
OPRL1,1.1900071,1.1333771
SPPL3,1.1900071,1.1333771
P4HA2,1.1900071,1.1333771
KDM4B,1.1900071,1.1333771
KCNAB3,1.1900071,1.1333771
DNMT3L,1.1900071,1.1333771
BTBD6,1.1900071,1.1333771
MPP5,1.1900071,1.1333771
B4GALT7,1.1900071,1.1333771
CLDN1,1.1900071,1.1333771
TRMT1L,1.1900071,1.1333771
ASPHD2,1.1900071,1.1333771
FBXL2,1.1900071,1.1333771
BCAT1,1.1900071,1.1333771
FAM45A,1.1900071,1.1333771
LRRCC1,1.1900071,1.1333771
SF3B1,1.1900071,1.1333771
FGF2,1.1900071,1.1333771
SLC6A7,1.1900071,1.1333771
KIF5C,1.1900071,1.1333771
ATP8B3,1.1900071,1.1333771
NMT1,1.1900071,1.1333771
SCD5,1.1900071,1.1333771
PLA2G7,1.1900071,1.1333771
RAB32,1.1900071,1.1333771
TECR,1.1900071,1.1333771
CEPT1,1.1900071,1.1333771
CCSER2,1.1900071,1.1333771
RALB,1.1900071,1.1333771
PPM1D,1.1900071,1.1333771
ARID5A,1.1900071,1.1333771
SRP68,1.1900071,1.1333771
RBM12,1.1900071,1.1333771
SPON2,1.1900071,1.1333771
SH3D19,1.1900071,1.1333771
CHRNG,1.1900071,1.1333771
COMTD1,1.1900071,1.1333771
ME3,1.1900071,1.1333771
DGCR8,1.1900071,1.1333771
HSPD1,1.1900071,1.1333771
RAD23B,1.1900071,1.1333771
STK16,1.1900071,1.1333771
IL10RA,1.1900071,1.1333771
ZC2HC1C,1.1900071,1.1333771
DUS3L,1.1900071,1.1333771
NME6,1.1900071,1.1333771
HS3ST3A1,1.1900071,1.1333771
PIM1,1.1900071,1.1333771
LONP1,1.1900071,1.1333771
CA5A,1.1900071,1.1333771
PEX2,1.1900071,1.1333771
SH3YL1,1.1900071,1.1333771
LRRC70,1.1900071,1.1333771
KIF21A,1.1900071,1.1333771
ASZ1,1.1900071,1.1333771
ZNF583,1.1900071,1.1333771
DCAF1,1.1900071,1.1333771
TBCC,1.1900071,1.1333771
ANKRD13A,1.1900071,1.1333771
INHA,1.1900071,1.1333771
RBBP8,1.1900071,1.1333771
CDH7,1.1900071,1.1333771
LNX2,1.1900071,1.1333771
CNKSR1,1.1900071,1.1333771
ME2,1.1900071,1.1333771
SLC27A3,1.1900071,1.1333771
RMND5A,1.1900071,1.1333771
PLEKHF1,1.1900071,1.1333771
GLIS3,1.1900071,1.1333771
AGPAT4,1.1900071,1.1333771
FBXO42,1.1900071,1.1333771
DGKE,1.1900071,1.1333771
CA12,1.1900071,1.1333771
C9orf3,1.1900071,1.1333771
RBM48,1.1900071,1.1333771
ESCO1,1.1900071,1.1333771
SPOCK3,1.1900071,1.1333771
DXO,1.1900071,1.1333771
PPP1R3A,1.1900071,1.1333771
MROH8,1.1900071,1.1333771
CTSV,1.1900071,1.1333771
ENDOG,1.1900071,1.1333771
TSSK2,1.1900071,1.1333771
PM20D1,1.1900071,1.1333771
THRB,1.1900071,1.1333771
ARHGAP30,1.1900071,1.1333771
BEGAIN,1.1900071,1.1333771
NEDD9,1.1900071,1.1333771
RHOB,1.1900071,1.1333771
ECE1,1.1900071,1.1333771
ERP44,1.1900071,1.1333771
REXO1,1.1900071,1.1333771
PDSS2,1.1900071,1.1333771
ANOS1,1.1900071,1.1333771
SEC62,1.1900071,1.1333771
PEPD,1.1900071,1.1333771
MRVI1,1.1900071,1.1333771
RAB11FIP2,1.1900071,1.1333771
FKBPL,1.1900071,1.1333771
FOXO3,1.1900071,1.1333771
E2F2,1.1900071,1.1333771
ARHGAP20,1.1900071,1.1333771
ACD,1.1900071,1.1333771
BEST3,1.1900071,1.1333771
SYDE1,1.1900071,1.1333771
PSMD3,1.1900071,1.1333771
SLC22A11,1.1900071,1.1333771
NT5C3A,1.1900071,1.1333771
LIPT2,1.1900071,1.1333771
TANGO2,1.1900071,1.1333771
SCO2,1.1900071,1.1333771
NAPB,1.1900071,1.1333771
TRAPPC13,1.1900071,1.1333771
SUPV3L1,1.1900071,1.1333771
SPR,1.1900071,1.1333771
HEATR1,1.1900071,1.1333771
YWHAG,1.1900071,1.1333771
JAKMIP1,1.1900071,1.1333771
NOP53,1.1900071,1.1333771
MTAP,1.1900071,1.1333771
ALDH6A1,1.1900071,1.1333771
CSNK2A1,1.1900071,1.1333771
SIRT6,1.1900071,1.1333771
NLGN2,1.1900071,1.1333771
MMP8,1.1900071,1.1333771
MORC1,1.1900071,1.1333771
PRKACB,1.1900071,1.1333771
DRD1,1.1900071,1.1333771
AGMO,1.1900071,1.1333771
CCAR2,1.1900071,1.1333771
LMBRD2,1.1900071,1.1333771
FBXW10,1.1900071,1.1333771
CFAP298,1.1900071,1.1333771
IST1,1.1900071,1.1333771
DARS,1.1900071,1.1333771
PDS5A,1.1900071,1.1333771
BCAR1,1.1900071,1.1333771
MSX2,1.1900071,1.1333771
ETS2,1.1900071,1.1333771
ESS2,1.1900071,1.1333771
OGA,1.1900071,1.1333771
OTOP1,1.1900071,1.1333771
GGT1,1.1900071,1.1333771
LPAR2,1.1900071,1.1333771
MAU2,1.1900071,1.1333771
DUSP27,1.1900071,1.1333771
UGT2B15,1.1900071,1.1333771
ZBTB7C,1.1900071,1.1333771
EPHA10,1.1900071,1.1333771
STARD7,1.1900071,1.1333771
PQLC1,1.1900071,1.1333771
MLX,1.1900071,1.1333771
FST,1.1900071,1.1333771
TPST1,1.1900071,1.1333771
ZKSCAN1,1.1900071,1.1333771
CHRND,1.1900071,1.1333771
KBTBD2,1.1900071,1.1333771
PLPPR1,1.1900071,1.1333771
TXNRD1,1.1900071,1.1333771
ARID5B,1.1900071,1.1333771
PKDCC,1.1900071,1.1333771
RDH16,1.1900071,1.1333771
MORC4,1.1900071,1.1333771
C16orf72,1.1900071,1.1333771
MLEC,1.1900071,1.1333771
FGL1,1.1900071,1.1333771
TRIM5,1.1900071,1.1333771
NPAT,1.1900071,1.1333771
SPSB1,1.1900071,1.1333771
OVCH1,1.1900071,1.1333771
GLCCI1,1.1900071,1.1333771
CLCA2,1.1900071,1.1333771
CAPN14,1.1900071,1.1333771
TUBGCP4,1.1900071,1.1333771
CDHR3,1.1900071,1.1333771
LSAMP,1.1900071,1.1333771
SLC6A2,1.1900071,1.1333771
EFTUD2,1.1900071,1.1333771
NFIB,1.1900071,1.1333771
ZBTB2,1.1900071,1.1333771
VEZF1,1.1900071,1.1333771
GIPC3,1.1900071,1.1333771
SSTR3,1.1900071,1.1333771
FAM117A,1.1900071,1.1333771
ETHE1,1.1900071,1.1333771
CPT1B,1.1900071,1.1333771
ZNF618,1.1900071,1.1333771
PREP,1.1900071,1.1333771
RND2,1.1900071,1.1333771
BMP3,1.1900071,1.1333771
BRINP3,1.1900071,1.1333771
MED25,1.1900071,1.1333771
SGCG,1.1900071,1.1333771
TMEM266,1.1900071,1.1333771
MYRFL,1.1900071,1.1333771
CPA1,1.1900071,1.1333771
RORC,1.1900071,1.1333771
NIPAL2,1.1900071,1.1333771
PWWP2B,1.1900071,1.1333771
ATP6V1C1,1.1900071,1.1333771
ITGB3,1.1900071,1.1333771
TECTB,1.1900071,1.1333771
CACNA1H,1.1900071,1.1333771
PDIA6,1.1900071,1.1333771
PCDHGA6,1.1900071,1.1333771
CDK16,1.1900071,1.1333771
PTPN11,1.1900071,1.1333771
PCDHA13,1.1900071,1.1333771
IMMT,1.1900071,1.1333771
SEC24C,1.1900071,1.1333771
CEP295,1.1900071,1.1333771
CEP41,1.1900071,1.1333771
PFKFB2,1.1900071,1.1333771
AK8,1.1900071,1.1333771
HNRNPK,1.1900071,1.1333771
CFI,1.1900071,1.1333771
TWF1,1.1900071,1.1333771
GOLGA6L2,1.1900071,1.1333771
LRIT3,1.1900071,1.1333771
CKM,1.1900071,1.1333771
HIBCH,1.1900071,1.1333771
SEPT7,1.1900071,1.1333771
NKIRAS2,1.1900071,1.1333771
PIGG,1.1900071,1.1333771
PLA2G4F,1.1900071,1.1333771
ANKMY1,1.1900071,1.1333771
BCL9,1.1900071,1.1333771
KIF1BP,1.1900071,1.1333771
ONECUT1,1.1900071,1.1333771
CA14,1.1900071,1.1333771
GATA4,1.1900071,1.1333771
SYT2,1.1900071,1.1333771
PAX2,1.1900071,1.1333771
ATP2A1,1.1900071,1.1333771
PRDM14,1.1900071,1.1333771
SMARCD1,1.1900071,1.1333771
TET2,1.1900071,1.1333771
CUL4B,1.1900071,1.1333771
CAMK1D,1.1900071,1.1333771
AARSD1,1.1900071,1.1333771
MX1,1.1900071,1.1333771
TRIM27,1.1900071,1.1333771
AGPAT2,1.1900071,1.1333771
ATP1A3,1.1900071,1.1333771
REEP4,1.1900071,1.1333771
ATG9A,1.1900071,1.1333771
TSPAN5,1.1900071,1.1333771
PDGFD,1.1900071,1.1333771
SLC26A4,1.1900071,1.1333771
EFR3B,1.1900071,1.1333771
HEYL,1.1900071,1.1333771
ZNF423,1.1900071,1.1333771
PUS1,1.1900071,1.1333771
BPNT1,1.1900071,1.1333771
SEMA6A,1.1900071,1.1333771
OFD1,1.1900071,1.1333771
VILL,1.1900071,1.1333771
ADAM18,1.1900071,1.1333771
VPS8,1.1900071,1.1333771
SLC25A26,1.1900071,1.1333771
PDE4C,1.1900071,1.1333771
SRGAP3,1.1900071,1.1333771
CUL1,1.1900071,1.1333771
ARHGAP26,1.1900071,1.1333771
EPOR,1.1900071,1.1333771
ZBTB39,1.1900071,1.1333771
ARNTL,1.1900071,1.1333771
WDFY1,1.1900071,1.1333771
NFKB1,1.1900071,1.1333771
PAX8,1.1900071,1.1333771
SDR39U1,1.1900071,1.1333771
RAB11FIP5,1.1900071,1.1333771
DNAJC10,1.1900071,1.1333771
TSPAN14,1.1900071,1.1333771
CMTR2,1.1900071,1.1333771
PSMC2,1.1900071,1.1333771
GALNS,1.1900071,1.1333771
ACVR1B,1.1900071,1.1333771
CADM1,1.1900071,1.1333771
MMADHC,1.1900071,1.1333771
GALNT5,1.1900071,1.1333771
EXD1,1.1900071,1.1333771
EPHX1,1.1900071,1.1333771
PLEKHA1,1.1900071,1.1333771
TRIB2,1.1900071,1.1333771
TLR2,1.1900071,1.1333771
CLDN19,1.1900071,1.1333771
HSP90AA1,1.1900071,1.1333771
ZC3H18,1.1900071,1.1333771
NR1H3,1.1900071,1.1333771
RUNX2,1.1900071,1.1333771
NHLRC1,1.1900071,1.1333771
CDK9,1.1900071,1.1333771
MTCH1,1.1900071,1.1333771
COG5,1.1900071,1.1333771
MAK16,1.1900071,1.1333771
TRPV5,1.1900071,1.1333771
CORO1A,1.1900071,1.1333771
MAB21L1,1.1900071,1.1333771
MSANTD2,1.1900071,1.1333771
ZNRF3,1.1900071,1.1333771
RHBDL3,1.1900071,1.1333771
IFT80,1.1900071,1.1333771
CDKL5,1.1900071,1.1333771
CTPS1,1.1900071,1.1333771
GDF10,1.1900071,1.1333771
CC2D1A,1.1900071,1.1333771
RBM19,1.1900071,1.1333771
C16orf70,1.1900071,1.1333771
UBA7,1.1900071,1.1333771
DSG3,1.1900071,1.1333771
CHST2,1.1900071,1.1333771
POU6F1,1.1900071,1.1333771
RACGAP1,1.1900071,1.1333771
SERPINE2,1.1900071,1.1333771
CEP131,1.1900071,1.1333771
TRIM55,1.1900071,1.1333771
MYH14,1.1900071,1.1333771
STK40,1.1900071,1.1333771
OTOL1,1.1900071,1.1333771
ZNF224,1.1900071,1.1333771
SH3GL1,1.1900071,1.1333771
FAM214B,1.1900071,1.1333771
NEXMIF,1.1900071,1.1333771
NCBP1,1.1900071,1.1333771
ASB15,1.1900071,1.1333771
CDT1,1.1900071,1.1333771
PCDHGA11,1.1900071,1.1333771
TBX10,1.1900071,1.1333771
SEMA5B,1.1900071,1.1333771
SMOC2,1.1900071,1.1333771
IQCC,1.1900071,1.1333771
IFT88,1.1900071,1.1333771
ONECUT2,1.1900071,1.1333771
ANGPTL7,1.1900071,1.1333771
UPF1,1.1900071,1.1333771
POFUT2,1.1900071,1.1333771
AHR,1.1900071,1.1333771
FBXW11,1.1900071,1.1333771
RFC5,1.1900071,1.1333771
FLVCR1,1.1900071,1.1333771
AGBL2,1.1900071,1.1333771
ST13,1.1900071,1.1333771
KIAA0930,1.1900071,1.1333771
FILIP1L,1.1900071,1.1333771
SLC26A7,1.1900071,1.1333771
TM7SF3,1.1900071,1.1333771
SLC6A5,1.1900071,1.1333771
CEP162,1.1900071,1.1333771
FOXO1,1.1900071,1.1333771
SHCBP1,1.1900071,1.1333771
ZNF596,1.1900071,1.1333771
CA10,1.1900071,1.1333771
HMGCS2,1.1900071,1.1333771
KLHDC3,1.1900071,1.1333771
GNB4,1.1900071,1.1333771
ZNF879,1.1900071,1.1333771
TTC34,1.1900071,1.1333771
CRYBB3,1.1900071,1.1333771
SLC25A15,1.1900071,1.1333771
NPL,1.1900071,1.1333771
KIAA1107,1.1900071,1.1333771
RCCD1,1.1900071,1.1333771
PPP2R1A,1.1900071,1.1333771
GNB1,1.1900071,1.1333771
INPP5B,1.1900071,1.1333771
CNOT11,1.1900071,1.1333771
MAN1B1,1.1900071,1.1333771
ASXL2,1.1900071,1.1333771
LIFR,1.1900071,1.1333771
WDR34,1.1900071,1.1333771
ADAM23,1.1900071,1.1333771
LMNB1,1.1900071,1.1333771
ZEB1,1.1900071,1.1333771
R3HDM2,1.1900071,1.1333771
PYROXD1,1.1900071,1.1333771
NCK2,1.1900071,1.1333771
FAM129B,1.1900071,1.1333771
AASDH,1.1900071,1.1333771
SIRT5,1.1900071,1.1333771
ZBTB37,1.1900071,1.1333771
MORC3,1.1900071,1.1333771
SMARCD2,1.1900071,1.1333771
XPC,1.1900071,1.1333771
ACSS2,1.1900071,1.1333771
GPHN,1.1900071,1.1333771
CDK5R1,1.1900071,1.1333771
HS3ST1,1.1900071,1.1333771
CTNNA3,1.1900071,1.1333771
RP1L1,1.1900071,1.1333771
HEY1,1.1900071,1.1333771
AFAP1L1,1.1900071,1.1333771
PRNP,1.1900071,1.1333771
HADH,1.1900071,1.1333771
ZC3H3,1.1900071,1.1333771
STK38L,1.1900071,1.1333771
SLC25A38,1.1900071,1.1333771
TIMP3,1.1900071,1.1333771
KCNJ15,1.1900071,1.1333771
ADAM33,1.1900071,1.1333771
DSC1,1.1900071,1.1333771
NUDCD1,1.1900071,1.1333771
TOP2B,1.1900071,1.1333771
SGCD,1.1900071,1.1333771
DTX1,1.1900071,1.1333771
ISM2,1.1900071,1.1333771
RUBCN,1.1900071,1.1333771
UBE3C,1.1900071,1.1333771
KCTD9,1.1900071,1.1333771
VCPIP1,1.1900071,1.1333771
HMGCL,1.1900071,1.1333771
AGPS,1.1900071,1.1333771
ANKFN1,1.1900071,1.1333771
SLC7A5,1.1900071,1.1333771
NPAS1,1.1900071,1.1333771
NDUFV1,1.1900071,1.1333771
EXOC6,1.1900071,1.1333771
TEKT3,1.1900071,1.1333771
AP4E1,1.1900071,1.1333771
CHST9,1.1900071,1.1333771
GMIP,1.1900071,1.1333771
MYO1D,1.1900071,1.1333771
RAF1,1.1900071,1.1333771
CORO1B,1.1900071,1.1333771
NDRG4,1.1900071,1.1333771
ARHGEF37,1.1900071,1.1333771
RDH8,1.1900071,1.1333771
EXOC7,1.1900071,1.1333771
TRAF2,1.1900071,1.1333771
PKD2L1,1.1900071,1.1333771
PDIA4,1.1900071,1.1333771
ATG4B,1.1900071,1.1333771
WISP1,1.1900071,1.1333771
DNAJA2,1.1900071,1.1333771
TTK,1.1900071,1.1333771
KHK,1.1900071,1.1333771
ZNF608,1.1900071,1.1333771
PLEKHA8,1.1900071,1.1333771
TRAM2,1.1900071,1.1333771
DPP3,1.1900071,1.1333771
ZNF667,1.1900071,1.1333771
APBB3,1.1900071,1.1333771
RFX7,1.1900071,1.1333771
BRSK1,1.1900071,1.1333771
HOMER2,1.1900071,1.1333771
DPP4,1.1900071,1.1333771
DLX3,1.1900071,1.1333771
GATA2,1.1900071,1.1333771
UNC80,1.1900071,1.1333771
HNRNPA3,1.1900071,1.1333771
MAP2K5,1.1900071,1.1333771
OTOP3,1.1900071,1.1333771
C20orf194,1.1900071,1.1333771
EPS15L1,1.1900071,1.1333771
ADAMTSL5,1.1900071,1.1333771
PLCD4,1.1900071,1.1333771
TKFC,1.1900071,1.1333771
CERK,1.1900071,1.1333771
WNT16,1.1900071,1.1333771
NTN1,1.1900071,1.1333771
RCC2,1.1900071,1.1333771
WDR27,1.1900071,1.1333771
RARA,1.1900071,1.1333771
PUM1,1.1900071,1.1333771
AR,1.1900071,1.1333771
TTLL1,1.1900071,1.1333771
MRPL2,1.1900071,1.1333771
CSNK2A2,1.1900071,1.1333771
ECT2,1.1900071,1.1333771
LDLRAD3,1.1900071,1.1333771
MMP25,1.1900071,1.1333771
CHD3,1.1900071,1.1333771
MYO19,1.1900071,1.1333771
ITFG2,1.1900071,1.1333771
TMTC2,1.1900071,1.1333771
PDK2,1.1900071,1.1333771
AGPAT5,1.1900071,1.1333771
SLC22A8,1.1900071,1.1333771
IRF1,1.1900071,1.1333771
PHF21B,1.1900071,1.1333771
TMEM201,1.1900071,1.1333771
SIPA1L2,1.1900071,1.1333771
GHDC,1.1900071,1.1333771
LAMB1,1.1900071,1.1333771
DLGAP4,1.1900071,1.1333771
TRIM23,1.1900071,1.1333771
HNRNPR,1.1900071,1.1333771
AMHR2,1.1900071,1.1333771
PKNOX2,1.1900071,1.1333771
WDHD1,1.1900071,1.1333771
RASSF8,1.1900071,1.1333771
IGF2R,1.1900071,1.1333771
TRIT1,1.1900071,1.1333771
HOXD9,1.1900071,1.1333771
PPP4R3A,1.1900071,1.1333771
OPTN,1.1900071,1.1333771
GPCPD1,1.1900071,1.1333771
LDB2,1.1900071,1.1333771
C2,1.1900071,1.1333771
ACY1,1.1900071,1.1333771
SLC6A19,1.1900071,1.1333771
SH3KBP1,1.1900071,1.1333771
LRP6,1.1900071,1.1333771
MFSD10,1.1900071,1.1333771
EFNB3,1.1900071,1.1333771
RRBP1,1.1900071,1.1333771
LVRN,1.1900071,1.1333771
CDC73,1.1900071,1.1333771
TAPT1,1.1900071,1.1333771
KDM3B,1.1900071,1.1333771
IQUB,1.1900071,1.1333771
ACO2,1.1900071,1.1333771
FAM91A1,1.1900071,1.1333771
VPS39,1.1900071,1.1333771
LINGO2,1.1900071,1.1333771
AGO3,1.1900071,1.1333771
SEC14L1,1.1900071,1.1333771
KIF2C,1.1900071,1.1333771
PTDSS1,1.1900071,1.1333771
KIF3C,1.1900071,1.1333771
TUT1,1.1900071,1.1333771
PRKAR2A,1.1900071,1.1333771
GDAP2,1.1900071,1.1333771
PAXIP1-AS2,1.1900071,1.1333771
PPIAL4G,1.1900071,1.1333771
PRAMEF8,1.1900071,1.1333771
GAGE13,1.1900071,1.1333771
SPDYE2B,1.1900071,1.1333771
DEFB105A,1.1900071,1.1333771
PABPC1L2B,1.1900071,1.1333771
DEFB106B,1.1900071,1.1333771
RIMBP3C,1.1900071,1.1333771
DMRTC1B,1.1900071,1.1333771
SSX2,1.1900071,1.1333771
GAGE2E,1.1900071,1.1333771
DEFB104B,1.1900071,1.1333771
CFC1B,1.1900071,1.1333771
SLX1B,1.1900071,1.1333771
DEFB106A,1.1900071,1.1333771
GATD3A,1.1900071,1.1333771
PPP3CA,1.1900071,1.1333771
PNMA6A,1.1900071,1.1333771
CT45A3,1.1900071,1.1333771
PABPC1L2A,1.1900071,1.1333771
EIF3CL,1.1900071,1.1333771
GOLGA5,1.1900071,1.1333771
NPIPA8,1.1900071,1.1333771
UBE2Q2L,1.1900071,1.1333771
U2AF1,1.1900071,1.1333771
DEFB104A,1.1900071,1.1333771
DEFB4B,1.1900071,1.1333771
MRPL23,1.1900071,1.1333771
AL627171.2,1.1900071,1.1333771
F8A1,1.1900071,1.1333771
NPIPA2,1.1900071,1.1333771
SQSTM1,1.1900071,1.1333771
GRID2IP,1.1900071,1.1333771
SSX4B,1.1900071,1.1333771
SPANXA2,1.1900071,1.1333771
BHLHE22,1.1900071,1.1333771
SIK1,1.1900071,1.1333771
VARS,1.1900071,1.1333771
ADCY3,1.1900071,1.1333771
CT47A6,1.1900071,1.1333771
HDAC5,1.1900071,1.1333771
PKNOX1,1.1900071,1.1333771
AMY1B,1.1900071,1.1333771
CT45A6,1.1900071,1.1333771
RIMBP3B,1.1900071,1.1333771
ZNF705D,1.1900071,1.1333771
PRODH,1.1900071,1.1333771
PRCP,1.1900071,1.1333771
RP11-849H4.2,1.1900071,1.1333771
AL603965.1,1.1900071,1.1333771
GOLGA6L4,1.1900071,1.1333771
UBAP2,1.1900071,1.1333771
HOGA1,1.1900071,1.1333771
CPA6,1.1900071,1.1333771
TBC1D3C,1.1900071,1.1333771
AC010441.1,1.1900071,1.1333771
GSTT2,1.1900071,1.1333771
PRAMEF11,1.1900071,1.1333771
DMRTC1,1.1900071,1.1333771
CEBPZOS,1.1900071,1.1333771
PWP2,1.1900071,1.1333771
ST3GAL3,1.1900071,1.1333771
AP002956.1,1.1900071,1.1333771
GAGE12H,1.1900071,1.1333771
TBX22,1.1900071,1.1333771
MTRNR2L5,1.1900071,1.1333771
ARL17A,1.1900071,1.1333771
RP11-279O9.4,1.1900071,1.1333771
DPH1,1.1900071,1.1333771
AC073569.1,1.1900071,1.1333771
PRPF40A,1.1900071,1.1333771
AL162424.1,1.1900071,1.1333771
C16orf47,1.1900071,1.1333771
AL591684.1,1.1900071,1.1333771
NOTCH2NL,1.1900071,1.1333771
AC020922.1,1.1900071,1.1333771
MIRLET7BHG,1.1900071,1.1333771
RP11-131H24.4,1.1900071,1.1333771
SPATA31A7,1.1900071,1.1333771
ZNF595,1.1900071,1.1333771
RGPD5,1.1900071,1.1333771
H2AFB1,1.1900071,1.1333771
CRYAA,1.1900071,1.1333771
AC137932.1,1.1900071,1.1333771
ARVCF,1.1900071,1.1333771
ME1,1.1900071,1.1333771
UBAP2L,1.1900071,1.1333771
DNAH10OS,1.1900071,1.1333771
SULT1A4,1.1900071,1.1333771
ELOA3,1.1900071,1.1333771
NBPF9,1.1900071,1.1333771
FLJ20306,1.1900071,1.1333771
AC009802.1,1.1900071,1.1333771
STRIP1,1.1900071,1.1333771
HSFX2,1.1900071,1.1333771
NPIPB3,1.1900071,1.1333771
IRAK2,1.1900071,1.1333771
NCAPH,1.1900071,1.1333771
DEFA3,1.1900071,1.1333771
PRDM9,1.1900071,1.1333771
PRAMEF9,1.1900071,1.1333771
AC018816.3,1.1900071,1.1333771
AP1B1,1.1900071,1.1333771
CTBP2,1.1900071,1.1333771
NXF2B,1.1900071,1.1333771
AC026310.1,1.1900071,1.1333771
KIAA1551,1.1900071,1.1333771
MTRNR2L7,1.1900071,1.1333771
AL583828.1,1.1900071,1.1333771
AC121757.1,1.1900071,1.1333771
FAM25G,1.1900071,1.1333771
C14orf132,1.1900071,1.1333771
DEFB4A,1.1900071,1.1333771
ZNF705B,1.1900071,1.1333771
SLC7A8,1.1900071,1.1333771
AL035406.1,1.1900071,1.1333771
AC090616.2,1.1900071,1.1333771
RGPD6,1.1900071,1.1333771
AL161645.2,1.1900071,1.1333771
CBS,1.1900071,1.1333771
ERVMER34-1,1.1900071,1.1333771
KCNE1,1.1900071,1.1333771
ATN1,1.1900071,1.1333771
MPO,1.1900071,1.1333771
AL035588.1,1.1900071,1.1333771
HSFX1,1.1900071,1.1333771
ERVV-1,1.1900071,1.1333771
BTBD9,1.1900071,1.1333771
RP11-712L6.5,1.1900071,1.1333771
CDK10,1.1900071,1.1333771
AC004466.1,1.1900071,1.1333771
MNT,1.1900071,1.1333771
AC011308.1,1.1900071,1.1333771
CT45A1,1.1900071,1.1333771
KRT6C,1.1900071,1.1333771
CTAGE4,1.1900071,1.1333771
TCEB3CL,1.1900071,1.1333771
NBPF14,1.1900071,1.1333771
TBC1D1,1.1900071,1.1333771
TCEB3CL2,1.1900071,1.1333771
C1orf147,1.1900071,1.1333771
ARIH1,1.1900071,1.1333771
POLR2J2,1.1900071,1.1333771
RP11-144F15.1,1.1900071,1.1333771
GOLGA8B,1.1900071,1.1333771
USP33,1.1900071,1.1333771
SPDYE2,1.1900071,1.1333771
RP11-321M21.3,1.1900071,1.1333771
ANKRD20A2,1.1900071,1.1333771
EZR,1.1900071,1.1333771
NBPF16,1.1900071,1.1333771
LRRC37A,1.1900071,1.1333771
BCLAF1,1.1900071,1.1333771
LCE3C,1.1900071,1.1333771
AP1G2,1.1900071,1.1333771
AC018867.2,1.1900071,1.1333771
RFPL3S,1.1900071,1.1333771
SMN2,1.1900071,1.1333771
OPN1MW,1.1900071,1.1333771
AC103801.2,1.1900071,1.1333771
GOLGA8N,1.1900071,1.1333771
AMY1A,1.1900071,1.1333771
NEBL,1.1900071,1.1333771
AL590714.1,1.1900071,1.1333771
DYRK3,1.1900071,1.1333771
SULT1A3,1.1900071,1.1333771
DDTL,1.1900071,1.1333771
KRT80,1.1900071,1.1333771
JADE2,1.1900071,1.1333771
DNAH17-AS1,1.1900071,1.1333771
AL589765.1,1.1900071,1.1333771
RP11-1055B8.6,1.1900071,1.1333771
TUBAL3,1.1900071,1.1333771
NPIPB9,1.1900071,1.1333771
LGALS7,1.1900071,1.1333771
RP11-156E8.1,1.1900071,1.1333771
AC037199.1,1.1900071,1.1333771
FGF8,1.1900071,1.1333771
CTD-2215E18.1,1.1900071,1.1333771
RP11-80A15.1,1.1900071,1.1333771
ABCE1,1.1900071,1.1333771
ANKRD20A1,1.1900071,1.1333771
PPIAL4B,1.1900071,1.1333771
FBXO10,1.1900071,1.1333771
MTRNR2L4,1.1900071,1.1333771
GOLGA6L10,1.1900071,1.1333771
EFCAB10,1.1900071,1.1333771
OSBPL8,1.1900071,1.1333771
DDX39B,1.1900071,1.1333771
TBC1D3,1.1900071,1.1333771
ZRANB2,1.1900071,1.1333771
AC112205.1,1.1900071,1.1333771
FAM25C,1.1900071,1.1333771
AL136376.1,1.1900071,1.1333771
ACTR5,1.1900071,1.1333771
FLJ00418,1.1900071,1.1333771
EEF1A1,1.1900071,1.1333771
AC073342.1,1.1900071,1.1333771
FNBP4,1.1900071,1.1333771
CTAGE8,1.1900071,1.1333771
ARMC4,1.1900071,1.1333771
AL360181.1,1.1900071,1.1333771
GOLGA8O,1.1900071,1.1333771
POTEB,1.1900071,1.1333771
SCGB1C1,1.1900071,1.1333771
RHOXF2B,1.1900071,1.1333771
RP11-1055B8.7,1.1900071,1.1333771
BEND3,1.1900071,1.1333771
KRTAP21-3,1.1900071,1.1333771
MICU3,1.1900071,1.1333771
IGIP,1.1900071,1.1333771
NPIPA1,1.1900071,1.1333771
CAPN15,1.1900071,1.1333771
AC022400.2,1.1900071,1.1333771
GAGE12I,1.1900071,1.1333771
HDGFL2,1.1900071,1.1333771
AC079210.1,1.1900071,1.1333771
SLN,1.1900071,1.1333771
FADS3,1.1900071,1.1333771
SMIM3,1.1900071,1.1333771
OST4,1.1900071,1.1333771
RBL1,1.1900071,1.1333771
SPANXC,1.1900071,1.1333771
SPHAR,1.1900071,1.1333771
ARID4B,1.1900071,1.1333771
SLX1A,1.1900071,1.1333771
KRT81,1.1900071,1.1333771
GTF2H2C,1.1900071,1.1333771
SSX4,1.1900071,1.1333771
KRTAP22-2,1.1900071,1.1333771
RP11-867G23.8,1.1900071,1.1333771
AL022328.1,1.1900071,1.1333771
UPK3BL1,1.1900071,1.1333771
C17orf77,1.1900071,1.1333771
HILPDA,1.1900071,1.1333771
AC012123.1,1.1900071,1.1333771
ATP12A,1.1900071,1.1333771
AC061992.1,1.1900071,1.1333771
PRAMEF7,1.1900071,1.1333771
KCNU1,1.1900071,1.1333771
ST20,1.1900071,1.1333771
KDM4C,1.1900071,1.1333771
AC093157.1,1.1900071,1.1333771
AP000758.1,1.1900071,1.1333771
ALOX12-AS1,1.1900071,1.1333771
GAGE1,1.1900071,1.1333771
SMN1,1.1900071,1.1333771
AL161784.1,1.1900071,1.1333771
DDT,1.1900071,1.1333771
COX8C,1.1900071,1.1333771
OCLM,1.1900071,1.1333771
RASA4B,1.1900071,1.1333771
VCX3B,1.1900071,1.1333771
ERVV-2,1.1900071,1.1333771
TCP11X2,1.1900071,1.1333771
LCE3B,1.1900071,1.1333771
DEFB108B,1.1900071,1.1333771
CHTF8,1.1900071,1.1333771
LGALS7B,1.1900071,1.1333771
TPRX2P,1.1900071,1.1333771
STEAP3,1.1900071,1.1333771
BRCA1,1.1900071,1.1333771
CLK2,1.1900071,1.1333771
FAM72D,1.1900071,1.1333771
FSD2,1.1900071,1.1333771
LUZP6,1.1900071,1.1333771
PGA3,1.1900071,1.1333771
CCDC66,1.1900071,1.1333771
GAPVD1,1.1900071,1.1333771
UNK,1.1900071,1.1333771
NPEPL1,1.1900071,1.1333771
KRT35,1.1900071,1.1333771
RPL39,1.1900071,1.1333771
EIF5AL1,1.1900071,1.1333771
HMHB1,1.1900071,1.1333771
PRAMEF5,1.1900071,1.1333771
RGPD1,1.1900071,1.1333771
AC174470.1,1.1900071,1.1333771
ACSF3,1.1900071,1.1333771
EIF5,1.1900071,1.1333771
DDC,1.1900071,1.1333771
MPEG1,1.1900071,1.1333771
POTED,1.1900071,1.1333771
VCX3A,1.1900071,1.1333771
GOLGA6L1,1.1900071,1.1333771
LRFN5,1.1900071,1.1333771
CD52,1.1900071,1.1333771
FBXO24,1.1900071,1.1333771
CRELD1,1.1900071,1.1333771
KRTAP23-1,1.1900071,1.1333771
ARHGEF35,1.1900071,1.1333771
KRTAP20-3,1.1900071,1.1333771
ZC3H12A,1.1900071,1.1333771
HECTD2,1.1900071,1.1333771
RBM45,1.1900071,1.1333771
MSC-AS1,1.1900071,1.1333771
COX8A,1.1900071,1.1333771
STMP1,1.1900071,1.1333771
NPY4R,1.1900071,1.1333771
SCGB3A2,1.1900071,1.1333771
AC114494.1,1.1900071,1.1333771
XKR6,1.1900071,1.1333771
GOLGA8A,1.1900071,1.1333771
C8orf59,1.1900071,1.1333771
CSNK1E,1.1900071,1.1333771
GTF2H2,1.1900071,1.1333771
USO1,1.1900071,1.1333771
LZTR1,1.1900071,1.1333771
SPACA5B,1.1900071,1.1333771
SMIM10,1.1900071,1.1333771
AC026407.1,1.1900071,1.1333771
KBTBD4,1.1900071,1.1333771
FZD8,1.1900071,1.1333771
C2orf48,1.1900071,1.1333771
PODN,1.1900071,1.1333771
KCNA10,1.1900071,1.1333771
TP53TG3D,1.1900071,1.1333771
DAO,1.1900071,1.1333771
OXR1,1.1900071,1.1333771
GAGE12J,1.1900071,1.1333771
MYRF,1.1900071,1.1333771
PPIAL4A,1.1900071,1.1333771
UMODL1-AS1,1.1900071,1.1333771
KRTAP22-1,1.1900071,1.1333771
ZZZ3,1.1900071,1.1333771
TNFRSF21,1.1900071,1.1333771
MT1HL1,1.1900071,1.1333771
SLC45A1,1.1900071,1.1333771
ZNF263,1.1900071,1.1333771
AXL,1.1900071,1.1333771
SPANXN5,1.1900071,1.1333771
FOXF1,1.1900071,1.1333771
UQCRC1,1.1900071,1.1333771
KRTAP19-2,1.1900071,1.1333771
FAM13C,1.1900071,1.1333771
ENHO,1.1900071,1.1333771
KRTAP19-6,1.1900071,1.1333771
CRHR1,1.1900071,1.1333771
KRTAP8-1,1.1900071,1.1333771
C15orf65,1.1900071,1.1333771
VCX2,1.1900071,1.1333771
PHGR1,1.1900071,1.1333771
ICOSLG,1.1900071,1.1333771
AC110615.1,1.1900071,1.1333771
KAAG1,1.1900071,1.1333771
RGPD2,1.1900071,1.1333771
SFTA2,1.1900071,1.1333771
SYT15,1.1900071,1.1333771
TMSB15A,1.1900071,1.1333771
SLC2A10,1.1900071,1.1333771
ACTR6,1.1900071,1.1333771
DEFB114,1.1900071,1.1333771
SPANXN1,1.1900071,1.1333771
GAS2L1,1.1900071,1.1333771
KRTAP3-1,1.1900071,1.1333771
AP001362.1,1.1900071,1.1333771
BEX5,1.1900071,1.1333771
TRIM74,1.1900071,1.1333771
RASGRP3,1.1900071,1.1333771
S100A7,1.1900071,1.1333771
S100A7L2,1.1900071,1.1333771
AC011997.1,1.1900071,1.1333771
SCGB3A1,1.1900071,1.1333771
FAM24A,1.1900071,1.1333771
KRTAP3-2,1.1900071,1.1333771
C6orf48,1.1900071,1.1333771
FAM86B2,1.1900071,1.1333771
C19orf73,1.1900071,1.1333771
PUS7,1.1900071,1.1333771
RP11-998D10.1,1.1900071,1.1333771
DEFB131A,1.1900071,1.1333771
NPS,1.1900071,1.1333771
CDK5RAP1,1.1900071,1.1333771
PYDC1,1.1900071,1.1333771
CGB8,1.1900071,1.1333771
SMR3B,1.1900071,1.1333771
MMP23B,1.1900071,1.1333771
CYP4F12,1.1900071,1.1333771
KRTAP21-1,1.1900071,1.1333771
GOLGA6D,1.1900071,1.1333771
MT1M,1.1900071,1.1333771
ITPR1,1.1900071,1.1333771
POLR2J3,1.1900071,1.1333771
KRTAP25-1,1.1900071,1.1333771
S100A7A,1.1900071,1.1333771
SMIM6,1.1900071,1.1333771
OCA2,1.1900071,1.1333771
SRSF7,1.1900071,1.1333771
PIGY,1.1900071,1.1333771
EID2B,1.1900071,1.1333771
PRR21,1.1900071,1.1333771
KRTAP6-1,1.1900071,1.1333771
GUCY2D,1.1900071,1.1333771
METTL16,1.1900071,1.1333771
PYDC2,1.1900071,1.1333771
KRTAP20-2,1.1900071,1.1333771
C5orf58,1.1900071,1.1333771
PTH2,1.1900071,1.1333771
CT45A5,1.1900071,1.1333771
FBXO3,1.1900071,1.1333771
PLA2G10,1.1900071,1.1333771
KRTAP20-1,1.1900071,1.1333771
DEFB136,1.1900071,1.1333771
LCE1D,1.1900071,1.1333771
INPP5K,1.1900071,1.1333771
TMSB10,1.1900071,1.1333771
SPIN2A,1.1900071,1.1333771
CHPF2,1.1900071,1.1333771
COX7B2,1.1900071,1.1333771
AGAP9,1.1900071,1.1333771
GTF2IRD2,1.1900071,1.1333771
LCE3A,1.1900071,1.1333771
SEPT10,1.1900071,1.1333771
MTHFR,1.1900071,1.1333771
SCGB2B2,1.1900071,1.1333771
EIF3C,1.1900071,1.1333771
CNOT6,1.1900071,1.1333771
MEX3C,1.1900071,1.1333771
PAGE2,1.1900071,1.1333771
S100A12,1.1900071,1.1333771
PRM3,1.1900071,1.1333771
DEFB134,1.1900071,1.1333771
AC093677.1,1.1900071,1.1333771
KRTAP19-7,1.1900071,1.1333771
FAM229B,1.1900071,1.1333771
TCEAL7,1.1900071,1.1333771
EDDM13,1.1900071,1.1333771
DIRC1,1.1900071,1.1333771
C2orf66,1.1900071,1.1333771
TOMM6,1.1900071,1.1333771
TMEM257,1.1900071,1.1333771
KRT25,1.1900071,1.1333771
GGT2,1.1900071,1.1333771
SCGB1A1,1.1900071,1.1333771
CBWD6,1.1900071,1.1333771
KRTAP19-4,1.1900071,1.1333771
MT1A,1.1900071,1.1333771
MINK1,1.1900071,1.1333771
SPIN2B,1.1900071,1.1333771
CAMK2N1,1.1900071,1.1333771
GON7,1.1900071,1.1333771
DEFB1,1.1900071,1.1333771
SPRR2B,1.1900071,1.1333771
CTAGE15,1.1900071,1.1333771
C8orf34-AS1,1.1900071,1.1333771
LCE2C,1.1900071,1.1333771
LCE2B,1.1900071,1.1333771
MT1X,1.1900071,1.1333771
LYPD8,1.1900071,1.1333771
AP000349.1,1.1900071,1.1333771
TOGARAM2,1.1900071,1.1333771
KRTAP12-4,1.1900071,1.1333771
KRTAP12-3,1.1900071,1.1333771
LCE2D,1.1900071,1.1333771
NUTM2A,1.1900071,1.1333771
NACA,1.1900071,1.1333771
SMIM1,1.1900071,1.1333771
C5orf66,1.1900071,1.1333771
EML2-AS1,1.1900071,1.1333771
GOLGA8K,1.1900071,1.1333771
FAM229A,1.1900071,1.1333771
S100A10,1.1900071,1.1333771
C16orf74,1.1900071,1.1333771
FAM25A,1.1900071,1.1333771
GNG4,1.1900071,1.1333771
USP14,1.1900071,1.1333771
KRTAP12-1,1.1900071,1.1333771
DEFA6,1.1900071,1.1333771
DEFB121,1.1900071,1.1333771
CCL13,1.1900071,1.1333771
SLMAP,1.1900071,1.1333771
SCGB1D1,1.1900071,1.1333771
DEFB115,1.1900071,1.1333771
TNPO2,1.1900071,1.1333771
COX7C,1.1900071,1.1333771
C6orf226,1.1900071,1.1333771
MIF-AS1,1.1900071,1.1333771
TMEM133,1.1900071,1.1333771
KIAA0040,1.1900071,1.1333771
RP11-467N20.5,1.1900071,1.1333771
ANGPT2,1.1900071,1.1333771
SMIM5,1.1900071,1.1333771
FAM24B,1.1900071,1.1333771
PF4V1,1.1900071,1.1333771
SHC2,1.1900071,1.1333771
TMSB4X,1.1900071,1.1333771
RP1-127H14.3,1.1900071,1.1333771
VCX,1.1900071,1.1333771
ASAH2B,1.1900071,1.1333771
PF4,1.1900071,1.1333771
SPATA31A6,1.1900071,1.1333771
S100A6,1.1900071,1.1333771
MLLT11,1.1900071,1.1333771
COPS2,1.1900071,1.1333771
KRTAP5-6,1.1900071,1.1333771
TRIM61,1.1900071,1.1333771
HEPN1,1.1900071,1.1333771
S100A8,1.1900071,1.1333771
LCE4A,1.1900071,1.1333771
MALL,1.1900071,1.1333771
NPIPB4,1.1900071,1.1333771
DEFB124,1.1900071,1.1333771
FOXD4L5,1.1900071,1.1333771
NBPF6,1.1900071,1.1333771
JMJD6,1.1900071,1.1333771
ANXA8L2,1.1900071,1.1333771
GNG8,1.1900071,1.1333771
MTRNR2L10,1.1900071,1.1333771
DEC1,1.1900071,1.1333771
PCDH10,1.1900071,1.1333771
SMIM20,1.1900071,1.1333771
PAGE2B,1.1900071,1.1333771
CCL8,1.1900071,1.1333771
TYMSOS,1.1900071,1.1333771
CCL2,1.1900071,1.1333771
LCE1A,1.1900071,1.1333771
SERTM1,1.1900071,1.1333771
FARP1,1.1900071,1.1333771
S100A11,1.1900071,1.1333771
GNG7,1.1900071,1.1333771
LCE1B,1.1900071,1.1333771
KAT2B,1.1900071,1.1333771
C14orf178,1.1900071,1.1333771
HSBP1L1,1.1900071,1.1333771
LCE1C,1.1900071,1.1333771
SCGB2A1,1.1900071,1.1333771
GNG5,1.1900071,1.1333771
BTAF1,1.1900071,1.1333771
MTRNR2L3,1.1900071,1.1333771
SMIM2,1.1900071,1.1333771
AC131097.4,1.1900071,1.1333771
CFAP74,1.1900071,1.1333771
S100A13,1.1900071,1.1333771
C5orf46,1.1900071,1.1333771
CCDC179,1.1900071,1.1333771
LCE6A,1.1900071,1.1333771
FARSB,1.1900071,1.1333771
S100A5,1.1900071,1.1333771
FAM153A,1.1900071,1.1333771
AL645608.1,1.1900071,1.1333771
CGB5,1.1900071,1.1333771
KRTAP6-2,1.1900071,1.1333771
SPRR2E,1.1900071,1.1333771
KNCN,1.1900071,1.1333771
SPRR2G,1.1900071,1.1333771
ABCB6,1.1900071,1.1333771
ADIRF,1.1900071,1.1333771
LCE1E,1.1900071,1.1333771
SPRR2A,1.1900071,1.1333771
TBC1D3B,1.1900071,1.1333771
CHRM5,1.1900071,1.1333771
AC010327.2,1.1900071,1.1333771
NRG3,1.1900071,1.1333771
PPBP,1.1900071,1.1333771
SMR3A,1.1900071,1.1333771
MT4,1.1900071,1.1333771
C12orf75,1.1900071,1.1333771
NBPF15,1.1900071,1.1333771
IFI27L2,1.1900071,1.1333771
TIMM23B,1.1900071,1.1333771
AC135048.1,1.1900071,1.1333771
SPRR2F,1.1900071,1.1333771
GNG2,1.1900071,1.1333771
CREBBP,1.1900071,1.1333771
CXCL10,1.1900071,1.1333771
SLC26A1,1.1900071,1.1333771
SMCO4,1.1900071,1.1333771
S100A4,1.1900071,1.1333771
PRAMEF6,1.1900071,1.1333771
CXCL6,1.1900071,1.1333771
SPRR2D,1.1900071,1.1333771
SMLR1,1.1900071,1.1333771
HIST1H2BA,1.1900071,1.1333771
NUPR2,1.1900071,1.1333771
HTN3,1.1900071,1.1333771
KRT33A,1.1900071,1.1333771
LCE1F,1.1900071,1.1333771
DEFB133,1.1900071,1.1333771
ANKDD1A,1.1900071,1.1333771
SMIM18,1.1900071,1.1333771
TACC1,1.1900071,1.1333771
TFF1,1.1900071,1.1333771
CXCL8,1.1900071,1.1333771
HBG1,1.1900071,1.1333771
C3orf36,1.1900071,1.1333771
CLLU1OS,1.1900071,1.1333771
C9orf153,1.1900071,1.1333771
CCL18,1.1900071,1.1333771
CTXN1,1.1900071,1.1333771
S100A14,1.1900071,1.1333771
DEFB127,1.1900071,1.1333771
HCST,1.1900071,1.1333771
KRTAP4-1,1.1900071,1.1333771
SVIP,1.1900071,1.1333771
UGGT1,1.1900071,1.1333771
SLC17A7,1.1900071,1.1333771
DLL1,1.1900071,1.1333771
CNPY1,1.1900071,1.1333771
COX17,1.1900071,1.1333771
TCEAL8,1.1900071,1.1333771
SPANXD,1.1900071,1.1333771
CXCL3,1.1900071,1.1333771
C2orf88,1.1900071,1.1333771
DEFB113,1.1900071,1.1333771
CCL20,1.1900071,1.1333771
SMIM17,1.1900071,1.1333771
KRTAP6-3,1.1900071,1.1333771
ATP5ME,1.1900071,1.1333771
SVBP,1.1900071,1.1333771
TEX46,1.1900071,1.1333771
PRR15L,1.1900071,1.1333771
ENTPD4,1.1900071,1.1333771
MYLK3,1.1900071,1.1333771
C19orf48,1.1900071,1.1333771
SYCE3,1.1900071,1.1333771
DEFB126,1.1900071,1.1333771
LEAP2,1.1900071,1.1333771
KCNA3,1.1900071,1.1333771
LY6D,1.1900071,1.1333771
C18orf32,1.1900071,1.1333771
CNTNAP3B,1.1900071,1.1333771
VMAC,1.1900071,1.1333771
CCL1,1.1900071,1.1333771
PRAC1,1.1900071,1.1333771
GNGT2,1.1900071,1.1333771
TP53RK,1.1900071,1.1333771
TMEM72,1.1900071,1.1333771
RASA4,1.1900071,1.1333771
IFI27,1.1900071,1.1333771
HRCT1,1.1900071,1.1333771
KRTAP9-6,1.1900071,1.1333771
SMPX,1.1900071,1.1333771
SMIM13,1.1900071,1.1333771
KRT16,1.1900071,1.1333771
DEFB132,1.1900071,1.1333771
UAP1,1.1900071,1.1333771
TMEM88B,1.1900071,1.1333771
VPS52,1.1900071,1.1333771
ATP5MD,1.1900071,1.1333771
RAP1GAP2,1.1900071,1.1333771
SPRR1A,1.1900071,1.1333771
TEAD1,1.1900071,1.1333771
FSIP2,1.1900071,1.1333771
KRTAP19-3,1.1900071,1.1333771
UQCC3,1.1900071,1.1333771
C19orf53,1.1900071,1.1333771
MT1H,1.1900071,1.1333771
KRTAP15-1,1.1900071,1.1333771
MILR1,1.1900071,1.1333771
SEC61G,1.1900071,1.1333771
CGB3,1.1900071,1.1333771
IAPP,1.1900071,1.1333771
CXCL2,1.1900071,1.1333771
PIWIL4,1.1900071,1.1333771
HIST1H2BO,1.1900071,1.1333771
LELP1,1.1900071,1.1333771
KRTAP12-2,1.1900071,1.1333771
ZNF322,1.1900071,1.1333771
PCOTHP1,1.1900071,1.1333771
SEMA4A,1.1900071,1.1333771
RETNLB,1.1900071,1.1333771
GATB,1.1900071,1.1333771
KIF11,1.1900071,1.1333771
ATL2,1.1900071,1.1333771
ATXN7L3B,1.1900071,1.1333771
TGFB1,1.1900071,1.1333771
FAM86B1,1.1900071,1.1333771
KRTAP1-4,1.1900071,1.1333771
TNP2,1.1900071,1.1333771
SPRN,1.1900071,1.1333771
FLYWCH2,1.1900071,1.1333771
C9orf129,1.1900071,1.1333771
KRTAP5-11,1.1900071,1.1333771
SCRG1,1.1900071,1.1333771
CCL19,1.1900071,1.1333771
CYP4F3,1.1900071,1.1333771
WFDC12,1.1900071,1.1333771
WFDC13,1.1900071,1.1333771
UQCR11,1.1900071,1.1333771
MRPS36,1.1900071,1.1333771
MRPL57,1.1900071,1.1333771
SMKR1,1.1900071,1.1333771
CCL22,1.1900071,1.1333771
HMGN4,1.1900071,1.1333771
CEP104,1.1900071,1.1333771
TRIM39,1.1900071,1.1333771
MT1B,1.1900071,1.1333771
LENEP,1.1900071,1.1333771
C9orf92,1.1900071,1.1333771
GAGE2A,1.1900071,1.1333771
CXCL5,1.1900071,1.1333771
FOXD4L3,1.1900071,1.1333771
HIST1H1B,1.1900071,1.1333771
MZT1,1.1900071,1.1333771
WFDC6,1.1900071,1.1333771
SLC51B,1.1900071,1.1333771
PIRT,1.1900071,1.1333771
TMEM262,1.1900071,1.1333771
GNG10,1.1900071,1.1333771
BOD1L2,1.1900071,1.1333771
DEFB123,1.1900071,1.1333771
AQP12B,1.1900071,1.1333771
C9orf16,1.1900071,1.1333771
CCL15,1.1900071,1.1333771
TNKS1BP1,1.1900071,1.1333771
C14orf177,1.1900071,1.1333771
CCDC167,1.1900071,1.1333771
KRTAP3-3,1.1900071,1.1333771
TMEM114,1.1900071,1.1333771
PET117,1.1900071,1.1333771
SCYL3,1.1900071,1.1333771
HRK,1.1900071,1.1333771
CT83,1.1900071,1.1333771
PAGE5,1.1900071,1.1333771
RPL39L,1.1900071,1.1333771
GNG12,1.1900071,1.1333771
TRIAP1,1.1900071,1.1333771
DMAC1,1.1900071,1.1333771
TMEM155,1.1900071,1.1333771
PI3,1.1900071,1.1333771
KRTAP4-3,1.1900071,1.1333771
MT1G,1.1900071,1.1333771
S100B,1.1900071,1.1333771
UQCR10,1.1900071,1.1333771
NCMAP,1.1900071,1.1333771
KRTAP4-2,1.1900071,1.1333771
TNP1,1.1900071,1.1333771
ARMS2,1.1900071,1.1333771
GOLGA6C,1.1900071,1.1333771
SNORC,1.1900071,1.1333771
HIST1H1D,1.1900071,1.1333771
RPL41,1.1900071,1.1333771
KRTAP19-5,1.1900071,1.1333771
KRTAP5-7,1.1900071,1.1333771
SFTA3,1.1900071,1.1333771
MFN1,1.1900071,1.1333771
S100P,1.1900071,1.1333771
SNX13,1.1900071,1.1333771
CARD18,1.1900071,1.1333771
NT5C2,1.1900071,1.1333771
GNG3,1.1900071,1.1333771
NDUFA1,1.1900071,1.1333771
CMC4,1.1900071,1.1333771
UCN3,1.1900071,1.1333771
CDRT4,1.1900071,1.1333771
SPAG11A,1.1900071,1.1333771
SPRR1B,1.1900071,1.1333771
MRPL53,1.1900071,1.1333771
TMEM238,1.1900071,1.1333771
CCL4,1.1900071,1.1333771
MAP2K1,1.1900071,1.1333771
SNAPC5,1.1900071,1.1333771
C8orf44,1.1900071,1.1333771
SMAGP,1.1900071,1.1333771
TBC1D3G,1.1900071,1.1333771
FAM184A,1.1900071,1.1333771
SPINK9,1.1900071,1.1333771
GTPBP3,1.1900071,1.1333771
SERP2,1.1900071,1.1333771
C11orf45,1.1900071,1.1333771
GNG13,1.1900071,1.1333771
DAAM1,1.1900071,1.1333771
ZNF131,1.1900071,1.1333771
CLPS,1.1900071,1.1333771
BMP5,1.1900071,1.1333771
STH,1.1900071,1.1333771
STATH,1.1900071,1.1333771
BLID,1.1900071,1.1333771
PRLH,1.1900071,1.1333771
PYROXD2,1.1900071,1.1333771
SPRR4,1.1900071,1.1333771
OLFML2B,1.1900071,1.1333771
WFDC9,1.1900071,1.1333771
PYURF,1.1900071,1.1333771
FABP9,1.1900071,1.1333771
BLOC1S3,1.1900071,1.1333771
MTR,1.1900071,1.1333771
HIST1H2BN,1.1900071,1.1333771
VAMP5,1.1900071,1.1333771
SCGB2A2,1.1900071,1.1333771
CCT6B,1.1900071,1.1333771
NRGN,1.1900071,1.1333771
ABHD5,1.1900071,1.1333771
KRTAP13-3,1.1900071,1.1333771
POLR2K,1.1900071,1.1333771
KRTAP17-1,1.1900071,1.1333771
C17orf100,1.1900071,1.1333771
TMEM210,1.1900071,1.1333771
PCP4L1,1.1900071,1.1333771
SNTN,1.1900071,1.1333771
ANXA8,1.1900071,1.1333771
CSN3,1.1900071,1.1333771
KRTAP2-3,1.1900071,1.1333771
RTL8B,1.1900071,1.1333771
CEND1,1.1900071,1.1333771
SMIM9,1.1900071,1.1333771
C20orf144,1.1900071,1.1333771
RHOXF2,1.1900071,1.1333771
TAS2R43,1.1900071,1.1333771
ECSCR,1.1900071,1.1333771
HNF4G,1.1900071,1.1333771
S100A3,1.1900071,1.1333771
AC129492.6,1.1900071,1.1333771
CYB5R3,1.1900071,1.1333771
NLRP13,1.1900071,1.1333771
C4orf48,1.1900071,1.1333771
PPY,1.1900071,1.1333771
SS18L2,1.1900071,1.1333771
CTSC,1.1900071,1.1333771
PPP2R2D,1.1900071,1.1333771
FZR1,1.1900071,1.1333771
PRR27,1.1900071,1.1333771
MRFAP1,1.1900071,1.1333771
CRIM1,1.1900071,1.1333771
PDE6H,1.1900071,1.1333771
KRTAP2-1,1.1900071,1.1333771
SPINK14,1.1900071,1.1333771
SPINT4,1.1900071,1.1333771
C10orf55,1.1900071,1.1333771
TRIM45,1.1900071,1.1333771
TMA7,1.1900071,1.1333771
C10orf105,1.1900071,1.1333771
CSNK1D,1.1900071,1.1333771
SPINK1,1.1900071,1.1333771
ATP5MPL,1.1900071,1.1333771
ATP5MGL,1.1900071,1.1333771
SPANXN4,1.1900071,1.1333771
GLRA2,1.1900071,1.1333771
TCEAL9,1.1900071,1.1333771
KRTAP19-1,1.1900071,1.1333771
CALCB,1.1900071,1.1333771
S100A16,1.1900071,1.1333771
HIST1H2BD,1.1900071,1.1333771
POLR2L,1.1900071,1.1333771
PYCARD-AS1,1.1900071,1.1333771
C4orf36,1.1900071,1.1333771
HIST1H2BI,1.1900071,1.1333771
AGAP4,1.1900071,1.1333771
KRTAP2-4,1.1900071,1.1333771
PLXNA2,1.1900071,1.1333771
KRTAP9-7,1.1900071,1.1333771
MS4A6E,1.1900071,1.1333771
SMPDL3B,1.1900071,1.1333771
C8orf88,1.1900071,1.1333771
HMGN3,1.1900071,1.1333771
OBSCN-AS1,1.1900071,1.1333771
RMI2,1.1900071,1.1333771
PRPF38B,1.1900071,1.1333771
PSMG3,1.1900071,1.1333771
C1orf61,1.1900071,1.1333771
SPINK6,1.1900071,1.1333771
AL441883.1,1.1900071,1.1333771
LCE3E,1.1900071,1.1333771
SPANXN3,1.1900071,1.1333771
SLC1A6,1.1900071,1.1333771
GRK4,1.1900071,1.1333771
HSBP1,1.1900071,1.1333771
MT2A,1.1900071,1.1333771
MARCKSL1,1.1900071,1.1333771
SMCO3,1.1900071,1.1333771
BBIP1,1.1900071,1.1333771
SPANXB1,1.1900071,1.1333771
C20orf141,1.1900071,1.1333771
NOL6,1.1900071,1.1333771
KRTAP9-8,1.1900071,1.1333771
OFCC1,1.1900071,1.1333771
C7orf76,1.1900071,1.1333771
C10orf113,1.1900071,1.1333771
APOA2,1.1900071,1.1333771
TPD52L3,1.1900071,1.1333771
TMEM92,1.1900071,1.1333771
DEFB129,1.1900071,1.1333771
GYPC,1.1900071,1.1333771
NPIPA5,1.1900071,1.1333771
POU4F3,1.1900071,1.1333771
SCP2D1,1.1900071,1.1333771
HIST1H1C,1.1900071,1.1333771
CMC2,1.1900071,1.1333771
PCSK6,1.1900071,1.1333771
MBOAT2,1.1900071,1.1333771
C20ORF135,1.1900071,1.1333771
CT62,1.1900071,1.1333771
BIK,1.1900071,1.1333771
CTXN3,1.1900071,1.1333771
APLN,1.1900071,1.1333771
SPATA45,1.1900071,1.1333771
IL9,1.1900071,1.1333771
SPINK7,1.1900071,1.1333771
SUMO4,1.1900071,1.1333771
ANKRD20A4,1.1900071,1.1333771
GNAT2,1.1900071,1.1333771
TMEM167B,1.1900071,1.1333771
C4orf46,1.1900071,1.1333771
PRR15,1.1900071,1.1333771
CST8,1.1900071,1.1333771
IFNW1,1.1900071,1.1333771
LMO7DN,1.1900071,1.1333771
DEFA5,1.1900071,1.1333771
KRT2,1.1900071,1.1333771
TMEM35B,1.1900071,1.1333771
CCL28,1.1900071,1.1333771
GYPE,1.1900071,1.1333771
KRTAP9-4,1.1900071,1.1333771
RTL8A,1.1900071,1.1333771
UCN2,1.1900071,1.1333771
ALDH1A1,1.1900071,1.1333771
HIST1H2BL,1.1900071,1.1333771
GUCA2A,1.1900071,1.1333771
LCE3D,1.1900071,1.1333771
SMIM24,1.1900071,1.1333771
TCHH,1.1900071,1.1333771
PAGE4,1.1900071,1.1333771
ATG7,1.1900071,1.1333771
MORN2,1.1900071,1.1333771
IFNA14,1.1900071,1.1333771
AC103809.2,1.1900071,1.1333771
CLLU1,1.1900071,1.1333771
PKIG,1.1900071,1.1333771
GAGE10,1.1900071,1.1333771
TXN,1.1900071,1.1333771
IFNA16,1.1900071,1.1333771
SUMF2,1.1900071,1.1333771
LLCFC1,1.1900071,1.1333771
LYRM7,1.1900071,1.1333771
HIST1H2BF,1.1900071,1.1333771
DEFA4,1.1900071,1.1333771
MARVELD1,1.1900071,1.1333771
XCL2,1.1900071,1.1333771
COX19,1.1900071,1.1333771
KRTAP9-3,1.1900071,1.1333771
KRTAP5-4,1.1900071,1.1333771
MTRNR2L6,1.1900071,1.1333771
LCE2A,1.1900071,1.1333771
TMEM100,1.1900071,1.1333771
TBC1D22B,1.1900071,1.1333771
DPH3,1.1900071,1.1333771
CLECL1,1.1900071,1.1333771
SMIM8,1.1900071,1.1333771
IFNA7,1.1900071,1.1333771
SYCN,1.1900071,1.1333771
BET1,1.1900071,1.1333771
CRCT1,1.1900071,1.1333771
ATOX1,1.1900071,1.1333771
PIP,1.1900071,1.1333771
ZFP41,1.1900071,1.1333771
SPINK8,1.1900071,1.1333771
PLA2G2A,1.1900071,1.1333771
KRTAP13-2,1.1900071,1.1333771
RNASE8,1.1900071,1.1333771
MT3,1.1900071,1.1333771
SHISA8,1.1900071,1.1333771
LGALS9B,1.1900071,1.1333771
ASPH,1.1900071,1.1333771
SMCP,1.1900071,1.1333771
CST9L,1.1900071,1.1333771
C10orf99,1.1900071,1.1333771
OXSR1,1.1900071,1.1333771
CARD17,1.1900071,1.1333771
ADIG,1.1900071,1.1333771
ASIC1,1.1900071,1.1333771
PATE1,1.1900071,1.1333771
KRTAP5-9,1.1900071,1.1333771
IFNA2,1.1900071,1.1333771
C12orf60,1.1900071,1.1333771
KRTAP5-8,1.1900071,1.1333771
DEFB135,1.1900071,1.1333771
DEXI,1.1900071,1.1333771
HYPM,1.1900071,1.1333771
CLPSL1,1.1900071,1.1333771
IFNA17,1.1900071,1.1333771
CHRAC1,1.1900071,1.1333771
FGD4,1.1900071,1.1333771
FXYD4,1.1900071,1.1333771
CCL11,1.1900071,1.1333771
IFI6,1.1900071,1.1333771
MLN,1.1900071,1.1333771
SLC22A1,1.1900071,1.1333771
ATP6V0E1,1.1900071,1.1333771
SMDT1,1.1900071,1.1333771
CFC1,1.1900071,1.1333771
CDC5L,1.1900071,1.1333771
TMEM203,1.1900071,1.1333771
KRTAP13-1,1.1900071,1.1333771
GDAP1L1,1.1900071,1.1333771
C5orf49,1.1900071,1.1333771
SNRPF,1.1900071,1.1333771
ZNF576,1.1900071,1.1333771
IL2,1.1900071,1.1333771
LACRT,1.1900071,1.1333771
UBASH3A,1.1900071,1.1333771
CCL5,1.1900071,1.1333771
WFDC11,1.1900071,1.1333771
C16orf92,1.1900071,1.1333771
ACBD7,1.1900071,1.1333771
RNF187,1.1900071,1.1333771
SAA4,1.1900071,1.1333771
SPATA12,1.1900071,1.1333771
COX7B,1.1900071,1.1333771
C6orf201,1.1900071,1.1333771
IFNA21,1.1900071,1.1333771
KLF16,1.1900071,1.1333771
XCL1,1.1900071,1.1333771
S100A9,1.1900071,1.1333771
IFNA6,1.1900071,1.1333771
FCGBP,1.1900071,1.1333771
CCL17,1.1900071,1.1333771
RBP7,1.1900071,1.1333771
CGB2,1.1900071,1.1333771
LGALS2,1.1900071,1.1333771
G0S2,1.1900071,1.1333771
CDNF,1.1900071,1.1333771
IGFL2,1.1900071,1.1333771
PATE3,1.1900071,1.1333771
EPN2,1.1900071,1.1333771
KRTAP19-8,1.1900071,1.1333771
KRTAP9-9,1.1900071,1.1333771
IGFL4,1.1900071,1.1333771
C10orf62,1.1900071,1.1333771
SPRR3,1.1900071,1.1333771
MANBAL,1.1900071,1.1333771
STK39,1.1900071,1.1333771
C12orf73,1.1900071,1.1333771
BRD4,1.1900071,1.1333771
CCDC182,1.1900071,1.1333771
IL18,1.1900071,1.1333771
IFNA4,1.1900071,1.1333771
AC040977.1,1.1900071,1.1333771
COX6C,1.1900071,1.1333771
GGTLC2,1.1900071,1.1333771
PARD3B,1.1900071,1.1333771
GOLGA8J,1.1900071,1.1333771
OSTN,1.1900071,1.1333771
SPTSSA,1.1900071,1.1333771
HTRA3,1.1900071,1.1333771
ALKAL1,1.1900071,1.1333771
C2orf76,1.1900071,1.1333771
NRARP,1.1900071,1.1333771
BRK1,1.1900071,1.1333771
C5orf47,1.1900071,1.1333771
AC096677.1,1.1900071,1.1333771
CLPSL2,1.1900071,1.1333771
PBOV1,1.1900071,1.1333771
CMC1,1.1900071,1.1333771
CAMP,1.1900071,1.1333771
C1orf210,1.1900071,1.1333771
HIST1H2BE,1.1900071,1.1333771
KRTAP5-5,1.1900071,1.1333771
QRFP,1.1900071,1.1333771
CCL21,1.1900071,1.1333771
SLC18A2,1.1900071,1.1333771
NPB,1.1900071,1.1333771
CXCL1,1.1900071,1.1333771
TBC1D16,1.1900071,1.1333771
PCP4,1.1900071,1.1333771
KRTAP27-1,1.1900071,1.1333771
SNN,1.1900071,1.1333771
SMIM14,1.1900071,1.1333771
APOBEC3A,1.1900071,1.1333771
IRGM,1.1900071,1.1333771
KRTAP13-4,1.1900071,1.1333771
PKIB,1.1900071,1.1333771
KRTAP26-1,1.1900071,1.1333771
CTXN2,1.1900071,1.1333771
FDCSP,1.1900071,1.1333771
BASP1,1.1900071,1.1333771
TAS2R1,1.1900071,1.1333771
POMP,1.1900071,1.1333771
NPFF,1.1900071,1.1333771
TMEM244,1.1900071,1.1333771
RPS27L,1.1900071,1.1333771
SELENOH,1.1900071,1.1333771
C1orf21,1.1900071,1.1333771
MUCL1,1.1900071,1.1333771
OOSP2,1.1900071,1.1333771
SCGB1D2,1.1900071,1.1333771
GUCA2B,1.1900071,1.1333771
SMPD3,1.1900071,1.1333771
FABP3,1.1900071,1.1333771
APOC1,1.1900071,1.1333771
RIIAD1,1.1900071,1.1333771
CCL24,1.1900071,1.1333771
TAS2R4,1.1900071,1.1333771
KRTAP21-2,1.1900071,1.1333771
LSM5,1.1900071,1.1333771
GML,1.1900071,1.1333771
NPVF,1.1900071,1.1333771
HBA1,1.1900071,1.1333771
CSF2,1.1900071,1.1333771
TRIM66,1.1900071,1.1333771
HSPB9,1.1900071,1.1333771
TEX22,1.1900071,1.1333771
PNRC2,1.1900071,1.1333771
UFSP1,1.1900071,1.1333771
SLIRP,1.1900071,1.1333771
PATE4,1.1900071,1.1333771
TMEM89,1.1900071,1.1333771
MT1F,1.1900071,1.1333771
KRTAP4-4,1.1900071,1.1333771
CORT,1.1900071,1.1333771
HUS1B,1.1900071,1.1333771
ZNF706,1.1900071,1.1333771
GYPB,1.1900071,1.1333771
INIP,1.1900071,1.1333771
KRTAP9-2,1.1900071,1.1333771
MYCBP,1.1900071,1.1333771
MSH4,1.1900071,1.1333771
C11orf21,1.1900071,1.1333771
ELOC,1.1900071,1.1333771
NUPR1,1.1900071,1.1333771
KRTAP1-3,1.1900071,1.1333771
CST1,1.1900071,1.1333771
IL21,1.1900071,1.1333771
MEIG1,1.1900071,1.1333771
PCSK2,1.1900071,1.1333771
H1F0,1.1900071,1.1333771
FAM32A,1.1900071,1.1333771
PLN,1.1900071,1.1333771
BTBD11,1.1900071,1.1333771
SPACA4,1.1900071,1.1333771
ATP5F1E,1.1900071,1.1333771
CXCL13,1.1900071,1.1333771
TSACC,1.1900071,1.1333771
ITGB3BP,1.1900071,1.1333771
GNGT1,1.1900071,1.1333771
RNASE6,1.1900071,1.1333771
RNASE1,1.1900071,1.1333771
WFDC10A,1.1900071,1.1333771
UBE2NL,1.1900071,1.1333771
CABS1,1.1900071,1.1333771
C10orf131,1.1900071,1.1333771
DSCR4,1.1900071,1.1333771
TMEM167A,1.1900071,1.1333771
SRARP,1.1900071,1.1333771
CCDC184,1.1900071,1.1333771
PYY,1.1900071,1.1333771
ANAPC16,1.1900071,1.1333771
SPAG11B,1.1900071,1.1333771
H1FX,1.1900071,1.1333771
ATP5MF,1.1900071,1.1333771
KRTAP5-1,1.1900071,1.1333771
NDUFAF8,1.1900071,1.1333771
KRTAP5-3,1.1900071,1.1333771
SMIM12,1.1900071,1.1333771
PTTG1,1.1900071,1.1333771
MZT2A,1.1900071,1.1333771
DEFB110,1.1900071,1.1333771
SSX7,1.1900071,1.1333771
LAIR2,1.1900071,1.1333771
KRTAP1-5,1.1900071,1.1333771
C11orf52,1.1900071,1.1333771
CISD2,1.1900071,1.1333771
C2orf15,1.1900071,1.1333771
C17orf67,1.1900071,1.1333771
C2orf83,1.1900071,1.1333771
FABP1,1.1900071,1.1333771
PPP1R1C,1.1900071,1.1333771
COX6A2,1.1900071,1.1333771
CYSTM1,1.1900071,1.1333771
CYS1,1.1900071,1.1333771
PET100,1.1900071,1.1333771
UCN,1.1900071,1.1333771
DEFB116,1.1900071,1.1333771
IFNA1,1.1900071,1.1333771
PNPLA2,1.1900071,1.1333771
KRTAP1-1,1.1900071,1.1333771
CEP120,1.1900071,1.1333771
MINOS1,1.1900071,1.1333771
AC019171.1,1.1900071,1.1333771
RSPH10B2,1.1900071,1.1333771
CCL27,1.1900071,1.1333771
SCAND1,1.1900071,1.1333771
DCD,1.1900071,1.1333771
TEX37,1.1900071,1.1333771
NBPF4,1.1900071,1.1333771
CYTL1,1.1900071,1.1333771
RGCC,1.1900071,1.1333771
PRR9,1.1900071,1.1333771
HIST1H2BJ,1.1900071,1.1333771
APOC4,1.1900071,1.1333771
PRPF19,1.1900071,1.1333771
EID1,1.1900071,1.1333771
IL22,1.1900071,1.1333771
KBTBD6,1.1900071,1.1333771
HSPA1A,1.1900071,1.1333771
TMEM211,1.1900071,1.1333771
CLEC18A,1.1900071,1.1333771
C12orf45,1.1900071,1.1333771
C7orf33,1.1900071,1.1333771
CLEC18C,1.1900071,1.1333771
S100Z,1.1900071,1.1333771
CCL16,1.1900071,1.1333771
MAOA,1.1900071,1.1333771
LTA4H,1.1900071,1.1333771
TMEM105,1.1900071,1.1333771
CCL7,1.1900071,1.1333771
IFNA13,1.1900071,1.1333771
TEX12,1.1900071,1.1333771
INSL4,1.1900071,1.1333771
PDZK1IP1,1.1900071,1.1333771
RPL36AL,1.1900071,1.1333771
COA4,1.1900071,1.1333771
GSTT2B,1.1900071,1.1333771
CALCA,1.1900071,1.1333771
HIST1H2BG,1.1900071,1.1333771
ZBED6CL,1.1900071,1.1333771
LDOC1,1.1900071,1.1333771
CYSRT1,1.1900071,1.1333771
PINLYP,1.1900071,1.1333771
SPINK13,1.1900071,1.1333771
SCGB1D4,1.1900071,1.1333771
PRR18,1.1900071,1.1333771
MYBBP1A,1.1900071,1.1333771
KRTAP5-10,1.1900071,1.1333771
LETM1,1.1900071,1.1333771
NPIPB6,1.1900071,1.1333771
GMNN,1.1900071,1.1333771
SFT2D3,1.1900071,1.1333771
COLEC12,1.1900071,1.1333771
RARRES3,1.1900071,1.1333771
BORCS7,1.1900071,1.1333771
MTPN,1.1900071,1.1333771
TMEM258,1.1900071,1.1333771
CXCL11,1.1900071,1.1333771
BEX1,1.1900071,1.1333771
COA5,1.1900071,1.1333771
TCTA,1.1900071,1.1333771
ZCCHC3,1.1900071,1.1333771
PKIA,1.1900071,1.1333771
GLRX,1.1900071,1.1333771
ASIP,1.1900071,1.1333771
TIAF1,1.1900071,1.1333771
LEUTX,1.1900071,1.1333771
HSPA1B,1.1900071,1.1333771
MRPL33,1.1900071,1.1333771
AHSP,1.1900071,1.1333771
CTH,1.1900071,1.1333771
NLRP12,1.1900071,1.1333771
THEM6,1.1900071,1.1333771
HIST1H4G,1.1900071,1.1333771
VN1R4,1.1900071,1.1333771
C11orf94,1.1900071,1.1333771
INSL5,1.1900071,1.1333771
TIGD1,1.1900071,1.1333771
HIST1H2BC,1.1900071,1.1333771
FAM180A,1.1900071,1.1333771
RAB3GAP1,1.1900071,1.1333771
SLPI,1.1900071,1.1333771
BTC,1.1900071,1.1333771
TREH,1.1900071,1.1333771
SRGN,1.1900071,1.1333771
MBD2,1.1900071,1.1333771
THRSP,1.1900071,1.1333771
TBC1D29,1.1900071,1.1333771
XAGE3,1.1900071,1.1333771
TMEM141,1.1900071,1.1333771
TFF3,1.1900071,1.1333771
C9orf116,1.1900071,1.1333771
MAP1LC3C,1.1900071,1.1333771
ERICH4,1.1900071,1.1333771
GOT2,1.1900071,1.1333771
SMCO1,1.1900071,1.1333771
POMZP3,1.1900071,1.1333771
C11orf87,1.1900071,1.1333771
COX6A1,1.1900071,1.1333771
CCDC71L,1.1900071,1.1333771
MRFAP1L1,1.1900071,1.1333771
EIF1B,1.1900071,1.1333771
HIST3H2BB,1.1900071,1.1333771
HMGA2,1.1900071,1.1333771
GOLGA6A,1.1900071,1.1333771
FNDC10,1.1900071,1.1333771
LY86,1.1900071,1.1333771
CHTF18,1.1900071,1.1333771
GNRH1,1.1900071,1.1333771
SPTSSB,1.1900071,1.1333771
CGB1,1.1900071,1.1333771
TMEM159,1.1900071,1.1333771
CDKN2AIPNL,1.1900071,1.1333771
CXCL9,1.1900071,1.1333771
CCL4L1,1.1900071,1.1333771
DYNLRB2,1.1900071,1.1333771
COA1,1.1900071,1.1333771
LRRC18,1.1900071,1.1333771
C2orf91,1.1900071,1.1333771
AVPI1,1.1900071,1.1333771
NDUFC2,1.1900071,1.1333771
LTO1,1.1900071,1.1333771
PCDH11X,1.1900071,1.1333771
IFITM3,1.1900071,1.1333771
PXT1,1.1900071,1.1333771
TGIF2LX,1.1900071,1.1333771
TMEM263,1.1900071,1.1333771
SMIM29,1.1900071,1.1333771
WFDC10B,1.1900071,1.1333771
ATP6V1G1,1.1900071,1.1333771
URAD,1.1900071,1.1333771
TRIQK,1.1900071,1.1333771
TOMM20L,1.1900071,1.1333771
GYPA,1.1900071,1.1333771
PPP1R11,1.1900071,1.1333771
AQP12A,1.1900071,1.1333771
IL1F10,1.1900071,1.1333771
SUMO1,1.1900071,1.1333771
SHLD1,1.1900071,1.1333771
KRTAP4-7,1.1900071,1.1333771
PPDPFL,1.1900071,1.1333771
CYP1B1,1.1900071,1.1333771
MGARP,1.1900071,1.1333771
GALNT17,1.1900071,1.1333771
UPK2,1.1900071,1.1333771
PATE2,1.1900071,1.1333771
DYNAP,1.1900071,1.1333771
GSPT1,1.1900071,1.1333771
TAS2R3,1.1900071,1.1333771
POTEJ,1.1900071,1.1333771
FAM135B,1.1900071,1.1333771
INTS4,1.1900071,1.1333771
BPIFA2,1.1900071,1.1333771
RAMP3,1.1900071,1.1333771
MBD3L1,1.1900071,1.1333771
CDC42EP5,1.1900071,1.1333771
EIF1,1.1900071,1.1333771
C10orf53,1.1900071,1.1333771
KRTAP10-3,1.1900071,1.1333771
CST5,1.1900071,1.1333771
GAD2,1.1900071,1.1333771
RAB42,1.1900071,1.1333771
C11orf40,1.1900071,1.1333771
VPREB1,1.1900071,1.1333771
FAAP20,1.1900071,1.1333771
PRR13,1.1900071,1.1333771
TNFAIP8L1,1.1900071,1.1333771
EEF1A2,1.1900071,1.1333771
ZBED3,1.1900071,1.1333771
DAPL1,1.1900071,1.1333771
TAX1BP3,1.1900071,1.1333771
C9orf57,1.1900071,1.1333771
PLAC9,1.1900071,1.1333771
CDK8,1.1900071,1.1333771
FOXD4L2,1.1900071,1.1333771
COX14,1.1900071,1.1333771
DPAGT1,1.1900071,1.1333771
COX20,1.1900071,1.1333771
CRB3,1.1900071,1.1333771
XAGE2,1.1900071,1.1333771
PSCA,1.1900071,1.1333771
RFLNB,1.1900071,1.1333771
GSK3A,1.1900071,1.1333771
TARS2,1.1900071,1.1333771
KRT6A,1.1900071,1.1333771
NUP62CL,1.1900071,1.1333771
CXCL17,1.1900071,1.1333771
FXYD2,1.1900071,1.1333771
PPP1R14B,1.1900071,1.1333771
MCCD1,1.1900071,1.1333771
SNRPG,1.1900071,1.1333771
LALBA,1.1900071,1.1333771
PPDPF,1.1900071,1.1333771
NANOS2,1.1900071,1.1333771
ANKRD27,1.1900071,1.1333771
CT55,1.1900071,1.1333771
TXNDC8,1.1900071,1.1333771
KRBOX1,1.1900071,1.1333771
LCN8,1.1900071,1.1333771
GOLT1B,1.1900071,1.1333771
TAS2R38,1.1900071,1.1333771
UBL4B,1.1900071,1.1333771
FGFBP1,1.1900071,1.1333771
CDKAL1,1.1900071,1.1333771
HBG2,1.1900071,1.1333771
TCAF1,1.1900071,1.1333771
IGFL1,1.1900071,1.1333771
MSMB,1.1900071,1.1333771
CCL26,1.1900071,1.1333771
TNFRSF17,1.1900071,1.1333771
CST3,1.1900071,1.1333771
GAL3ST4,1.1900071,1.1333771
SIRPD,1.1900071,1.1333771
POLE3,1.1900071,1.1333771
COMMD1,1.1900071,1.1333771
BCL2L2,1.1900071,1.1333771
GTF2H5,1.1900071,1.1333771
FTHL17,1.1900071,1.1333771
NXT1,1.1900071,1.1333771
RTL8C,1.1900071,1.1333771
CST6,1.1900071,1.1333771
MT1E,1.1900071,1.1333771
MAPK1IP1L,1.1900071,1.1333771
EIF4EBP1,1.1900071,1.1333771
IL13,1.1900071,1.1333771
KIAA1143,1.1900071,1.1333771
CSAG1,1.1900071,1.1333771
SCT,1.1900071,1.1333771
TBX20,1.1900071,1.1333771
RPS27,1.1900071,1.1333771
DCDC2C,1.1900071,1.1333771
CMTM7,1.1900071,1.1333771
CALML5,1.1900071,1.1333771
C11orf74,1.1900071,1.1333771
CKLF,1.1900071,1.1333771
COX7A2,1.1900071,1.1333771
IL15,1.1900071,1.1333771
ZFP64,1.1900071,1.1333771
ENY2,1.1900071,1.1333771
BRD8,1.1900071,1.1333771
TRIM43,1.1900071,1.1333771
ATP5MC1,1.1900071,1.1333771
RPP14,1.1900071,1.1333771
HIST2H2BE,1.1900071,1.1333771
MRPS21,1.1900071,1.1333771
HIST1H2BB,1.1900071,1.1333771
MRPS17,1.1900071,1.1333771
SPINK2,1.1900071,1.1333771
TMEM14A,1.1900071,1.1333771
C9orf40,1.1900071,1.1333771
NDUFAB1,1.1900071,1.1333771
SERP1,1.1900071,1.1333771
RPLP1,1.1900071,1.1333771
CFAP97D1,1.1900071,1.1333771
C3orf18,1.1900071,1.1333771
FANCD2OS,1.1900071,1.1333771
CCL3,1.1900071,1.1333771
PMAIP1,1.1900071,1.1333771
ACAA2,1.1900071,1.1333771
GGTLC1,1.1900071,1.1333771
BLOC1S4,1.1900071,1.1333771
C1orf162,1.1900071,1.1333771
HBEGF,1.1900071,1.1333771
CISD3,1.1900071,1.1333771
TMEM256,1.1900071,1.1333771
NPPA,1.1900071,1.1333771
TMEM42,1.1900071,1.1333771
TMEM250,1.1900071,1.1333771
TRIM49C,1.1900071,1.1333771
TXNRD3,1.1900071,1.1333771
MS4A13,1.1900071,1.1333771
RETN,1.1900071,1.1333771
HIGD1C,1.1900071,1.1333771
SF3B2,1.1900071,1.1333771
SPATA33,1.1900071,1.1333771
PAIP2,1.1900071,1.1333771
GAPT,1.1900071,1.1333771
DYNLT3,1.1900071,1.1333771
FABP7,1.1900071,1.1333771
REP15,1.1900071,1.1333771
NDUFA3,1.1900071,1.1333771
SPATA24,1.1900071,1.1333771
BANF2,1.1900071,1.1333771
SLURP1,1.1900071,1.1333771
TXNRD3NB,1.1900071,1.1333771
LSMEM1,1.1900071,1.1333771
CTNNBL1,1.1900071,1.1333771
PRM1,1.1900071,1.1333771
PSORS1C1,1.1900071,1.1333771
RPA3,1.1900071,1.1333771
MRPS18C,1.1900071,1.1333771
CSTB,1.1900071,1.1333771
TEX19,1.1900071,1.1333771
USP15,1.1900071,1.1333771
VN1R1,1.1900071,1.1333771
CLEC5A,1.1900071,1.1333771
MZT2B,1.1900071,1.1333771
C11orf71,1.1900071,1.1333771
TAS2R50,1.1900071,1.1333771
IL5,1.1900071,1.1333771
H3F3C,1.1900071,1.1333771
TMEM60,1.1900071,1.1333771
PAGE1,1.1900071,1.1333771
PHLDA3,1.1900071,1.1333771
AHSA2P,1.1900071,1.1333771
MERTK,1.1900071,1.1333771
RNASE9,1.1900071,1.1333771
RIPPLY2,1.1900071,1.1333771
GCK,1.1900071,1.1333771
PKP1,1.1900071,1.1333771
RPL36,1.1900071,1.1333771
MBD4,1.1900071,1.1333771
LY6G6C,1.1900071,1.1333771
PIH1D3,1.1900071,1.1333771
JCHAIN,1.1900071,1.1333771
OPALIN,1.1900071,1.1333771
TMEM154,1.1900071,1.1333771
SPINK4,1.1900071,1.1333771
SIDT1,1.1900071,1.1333771
C15orf40,1.1900071,1.1333771
TET3,1.1900071,1.1333771
PLA2G2E,1.1900071,1.1333771
HBZ,1.1900071,1.1333771
NDUFB3,1.1900071,1.1333771
CDK2AP2,1.1900071,1.1333771
TAS2R30,1.1900071,1.1333771
POLG2,1.1900071,1.1333771
IGLL1,1.1900071,1.1333771
NKX6-3,1.1900071,1.1333771
DEFB118,1.1900071,1.1333771
MSMP,1.1900071,1.1333771
CST9,1.1900071,1.1333771
OCM2,1.1900071,1.1333771
GHRH,1.1900071,1.1333771
TPRKB,1.1900071,1.1333771
CMTM3,1.1900071,1.1333771
HBM,1.1900071,1.1333771
TMEM215,1.1900071,1.1333771
TAS2R8,1.1900071,1.1333771
ZG16B,1.1900071,1.1333771
TMEM52,1.1900071,1.1333771
B2M,1.1900071,1.1333771
SMIM19,1.1900071,1.1333771
TMEM119,1.1900071,1.1333771
LCN15,1.1900071,1.1333771
NPPB,1.1900071,1.1333771
CLEC19A,1.1900071,1.1333771
CDC42SE1,1.1900071,1.1333771
C3orf22,1.1900071,1.1333771
HIGD1B,1.1900071,1.1333771
DNAJC24,1.1900071,1.1333771
CDPF1,1.1900071,1.1333771
SSX1,1.1900071,1.1333771
TMEM126B,1.1900071,1.1333771
PTTG2,1.1900071,1.1333771
FAM163B,1.1900071,1.1333771
IFNA8,1.1900071,1.1333771
TMEM125,1.1900071,1.1333771
NPW,1.1900071,1.1333771
N6AMT1,1.1900071,1.1333771
C17orf103,1.1900071,1.1333771
OTOR,1.1900071,1.1333771
OTOS,1.1900071,1.1333771
RAMP1,1.1900071,1.1333771
OSM,1.1900071,1.1333771
RNASE11,1.1900071,1.1333771
TEN1,1.1900071,1.1333771
SERTAD3,1.1900071,1.1333771
IL23A,1.1900071,1.1333771
PYCARD,1.1900071,1.1333771
C15orf53,1.1900071,1.1333771
CRIPT,1.1900071,1.1333771
INTS6,1.1900071,1.1333771
SEM1,1.1900071,1.1333771
SHISAL2A,1.1900071,1.1333771
CGA,1.1900071,1.1333771
TCEAL3,1.1900071,1.1333771
IFRG15,1.1900071,1.1333771
TAC1,1.1900071,1.1333771
NDUFB1,1.1900071,1.1333771
SMIM21,1.1900071,1.1333771
AL049829.1,1.1900071,1.1333771
RNASE3,1.1900071,1.1333771
ANKRD37,1.1900071,1.1333771
KISS1,1.1900071,1.1333771
OIP5,1.1900071,1.1333771
PTH,1.1900071,1.1333771
CST4,1.1900071,1.1333771
IL36A,1.1900071,1.1333771
RNASE13,1.1900071,1.1333771
C1orf54,1.1900071,1.1333771
C15orf61,1.1900071,1.1333771
FAM9C,1.1900071,1.1333771
PPIL3,1.1900071,1.1333771
HIST1H2BM,1.1900071,1.1333771
ISCA1,1.1900071,1.1333771
TAC4,1.1900071,1.1333771
KRTAP4-5,1.1900071,1.1333771
C1orf186,1.1900071,1.1333771
LARS2,1.1900071,1.1333771
C9orf85,1.1900071,1.1333771
SUB1,1.1900071,1.1333771
CER1,1.1900071,1.1333771
CERS6,1.1900071,1.1333771
FGF16,1.1900071,1.1333771
GSTA1,1.1900071,1.1333771
TSTD1,1.1900071,1.1333771
ISG15,1.1900071,1.1333771
H2BFWT,1.1900071,1.1333771
SOX17,1.1900071,1.1333771
MRPL36,1.1900071,1.1333771
CYCS,1.1900071,1.1333771
CSTA,1.1900071,1.1333771
IFNA10,1.1900071,1.1333771
CYYR1,1.1900071,1.1333771
ANAPC13,1.1900071,1.1333771
SST,1.1900071,1.1333771
MFGE8,1.1900071,1.1333771
COLCA2,1.1900071,1.1333771
WDR83OS,1.1900071,1.1333771
MRPL30,1.1900071,1.1333771
GTF2A2,1.1900071,1.1333771
APOM,1.1900071,1.1333771
MTTP,1.1900071,1.1333771
C1orf189,1.1900071,1.1333771
C5orf15,1.1900071,1.1333771
LAGE3,1.1900071,1.1333771
SELENOK,1.1900071,1.1333771
POLD4,1.1900071,1.1333771
CENPX,1.1900071,1.1333771
PAEP,1.1900071,1.1333771
CT47B1,1.1900071,1.1333771
HMGA1,1.1900071,1.1333771
LY6L,1.1900071,1.1333771
HBA2,1.1900071,1.1333771
INAFM1,1.1900071,1.1333771
MLH1,1.1900071,1.1333771
GTSF1L,1.1900071,1.1333771
CST7,1.1900071,1.1333771
AC022532.1,1.1900071,1.1333771
NDUFB7,1.1900071,1.1333771
ATP6V1F,1.1900071,1.1333771
ACOT6,1.1900071,1.1333771
NAT14,1.1900071,1.1333771
TMEM207,1.1900071,1.1333771
TAS2R31,1.1900071,1.1333771
FAM167A,1.1900071,1.1333771
ERICH2,1.1900071,1.1333771
KLRC4,1.1900071,1.1333771
MS4A5,1.1900071,1.1333771
NUTM2B,1.1900071,1.1333771
ARMCX6,1.1900071,1.1333771
LCE5A,1.1900071,1.1333771
LY6G6D,1.1900071,1.1333771
AGR3,1.1900071,1.1333771
SAP25,1.1900071,1.1333771
RPRML,1.1900071,1.1333771
MAL,1.1900071,1.1333771
CDKN2D,1.1900071,1.1333771
RBP2,1.1900071,1.1333771
TIMM10,1.1900071,1.1333771
IL7,1.1900071,1.1333771
KCNE4,1.1900071,1.1333771
IL4,1.1900071,1.1333771
ICOS,1.1900071,1.1333771
CPLX4,1.1900071,1.1333771
PIN4,1.1900071,1.1333771
HAUS2,1.1900071,1.1333771
C16orf91,1.1900071,1.1333771
MRPL27,1.1900071,1.1333771
FAM163A,1.1900071,1.1333771
PVALB,1.1900071,1.1333771
RP11-211G3.3,1.1900071,1.1333771
GOLGA6B,1.1900071,1.1333771
UCMA,1.1900071,1.1333771
SNRPE,1.1900071,1.1333771
TMEM225,1.1900071,1.1333771
RPLP2,1.1900071,1.1333771
UBD,1.1900071,1.1333771
CDC42SE2,1.1900071,1.1333771
HIGD1A,1.1900071,1.1333771
KRTAP10-10,1.1900071,1.1333771
DEFB112,1.1900071,1.1333771
RP11-508N12.4,1.1900071,1.1333771
IFNL3,1.1900071,1.1333771
USP49,1.1900071,1.1333771
IFNB1,1.1900071,1.1333771
C12orf71,1.1900071,1.1333771
EVA1A,1.1900071,1.1333771
ZNHIT3,1.1900071,1.1333771
CDC26,1.1900071,1.1333771
DPPA3,1.1900071,1.1333771
AKAP9,1.1900071,1.1333771
NINL,1.1900071,1.1333771
C4orf45,1.1900071,1.1333771
GLUL,1.1900071,1.1333771
PPP1R14A,1.1900071,1.1333771
SPATA3,1.1900071,1.1333771
TCIM,1.1900071,1.1333771
KCNE5,1.1900071,1.1333771
OXLD1,1.1900071,1.1333771
PQLC2L,1.1900071,1.1333771
IGSF3,1.1900071,1.1333771
ARHGAP11B,1.1900071,1.1333771
RAET1L,1.1900071,1.1333771
ARPP19,1.1900071,1.1333771
CRH,1.1900071,1.1333771
TNFAIP8L2,1.1900071,1.1333771
NRN1,1.1900071,1.1333771
HIST2H2BF,1.1900071,1.1333771
ARHGAP33,1.1900071,1.1333771
STUM,1.1900071,1.1333771
AC087645.1,1.1900071,1.1333771
IL37,1.1900071,1.1333771
SLC2A2,1.1900071,1.1333771
CLEC2A,1.1900071,1.1333771
TMEM158,1.1900071,1.1333771
TMEM220,1.1900071,1.1333771
RNASE12,1.1900071,1.1333771
REG1A,1.1900071,1.1333771
PRIMA1,1.1900071,1.1333771
BCL2,1.1900071,1.1333771
CCDC140,1.1900071,1.1333771
C1D,1.1900071,1.1333771
SRGAP1,1.1900071,1.1333771
REG3G,1.1900071,1.1333771
IGSF23,1.1900071,1.1333771
FABP12,1.1900071,1.1333771
CITED4,1.1900071,1.1333771
KRTAP4-12,1.1900071,1.1333771
SELENOM,1.1900071,1.1333771
PITX1,1.1900071,1.1333771
TAL2,1.1900071,1.1333771
C19orf70,1.1900071,1.1333771
TLR7,1.1900071,1.1333771
C3orf35,1.1900071,1.1333771
POLR3K,1.1900071,1.1333771
KRTAP4-6,1.1900071,1.1333771
SERHL2,1.1900071,1.1333771
SPATA25,1.1900071,1.1333771
AARD,1.1900071,1.1333771
TMEM139,1.1900071,1.1333771
LARP1B,1.1900071,1.1333771
NDUFC1,1.1900071,1.1333771
C10orf126,1.1900071,1.1333771
ZRSR2P1,1.1900071,1.1333771
KRTAP4-8,1.1900071,1.1333771
MS4A12,1.1900071,1.1333771
GABRA2,1.1900071,1.1333771
C11orf91,1.1900071,1.1333771
GLIPR2,1.1900071,1.1333771
BEX2,1.1900071,1.1333771
C2CD6,1.1900071,1.1333771
FAM9B,1.1900071,1.1333771
CXorf66,1.1900071,1.1333771
POTEG,1.1900071,1.1333771
INO80C,1.1900071,1.1333771
TMEM247,1.1900071,1.1333771
NOMO3,1.1900071,1.1333771
LHB,1.1900071,1.1333771
KLRC3,1.1900071,1.1333771
H1FOO,1.1900071,1.1333771
GALP,1.1900071,1.1333771
LAMTOR4,1.1900071,1.1333771
LRRC20,1.1900071,1.1333771
BGLAP,1.1900071,1.1333771
KLRF2,1.1900071,1.1333771
CDC42EP2,1.1900071,1.1333771
KCNE3,1.1900071,1.1333771
FAM174A,1.1900071,1.1333771
AP2M1,1.1900071,1.1333771
FAM241B,1.1900071,1.1333771
FBXO48,1.1900071,1.1333771
PLAC8L1,1.1900071,1.1333771
TEX43,1.1900071,1.1333771
PDE6G,1.1900071,1.1333771
TSHB,1.1900071,1.1333771
C5orf24,1.1900071,1.1333771
TP53AIP1,1.1900071,1.1333771
OVOL3,1.1900071,1.1333771
GIP,1.1900071,1.1333771
TAS2R16,1.1900071,1.1333771
MIF,1.1900071,1.1333771
C1orf52,1.1900071,1.1333771
GSTA5,1.1900071,1.1333771
TTC32,1.1900071,1.1333771
NDUFA5,1.1900071,1.1333771
IFNL1,1.1900071,1.1333771
MAGEA8,1.1900071,1.1333771
PIGP,1.1900071,1.1333771
SIT1,1.1900071,1.1333771
MS4A2,1.1900071,1.1333771
RNF183,1.1900071,1.1333771
STT3B,1.1900071,1.1333771
ILF3,1.1900071,1.1333771
IGFL3,1.1900071,1.1333771
FABP5,1.1900071,1.1333771
C1orf122,1.1900071,1.1333771
SMIM23,1.1900071,1.1333771
C10orf82,1.1900071,1.1333771
ATP5MG,1.1900071,1.1333771
MUSTN1,1.1900071,1.1333771
METTL14,1.1900071,1.1333771
MS4A3,1.1900071,1.1333771
HEBP1,1.1900071,1.1333771
C12orf42,1.1900071,1.1333771
TAS2R9,1.1900071,1.1333771
REG3A,1.1900071,1.1333771
RAB6C,1.1900071,1.1333771
PDRG1,1.1900071,1.1333771
MS4A15,1.1900071,1.1333771
LPCAT2,1.1900071,1.1333771
GIMAP7,1.1900071,1.1333771
THOC3,1.1900071,1.1333771
C2CD4D,1.1900071,1.1333771
GCSAML,1.1900071,1.1333771
UGDH,1.1900071,1.1333771
NAT8,1.1900071,1.1333771
CMTM6,1.1900071,1.1333771
ANXA2R,1.1900071,1.1333771
IL31,1.1900071,1.1333771
NDUFA4,1.1900071,1.1333771
ZNF581,1.1900071,1.1333771
PLET1,1.1900071,1.1333771
UBALD2,1.1900071,1.1333771
HYPK,1.1900071,1.1333771
RPRM,1.1900071,1.1333771
EMC6,1.1900071,1.1333771
CST11,1.1900071,1.1333771
PFDN4,1.1900071,1.1333771
IFNL2,1.1900071,1.1333771
TEX29,1.1900071,1.1333771
TEX44,1.1900071,1.1333771
MRPL54,1.1900071,1.1333771
DSTN,1.1900071,1.1333771
TMEM174,1.1900071,1.1333771
CARNS1,1.1900071,1.1333771
SRP14,1.1900071,1.1333771
LOR,1.1900071,1.1333771
FCGR3B,1.1900071,1.1333771
TTC26,1.1900071,1.1333771
FAM153B,1.1900071,1.1333771
FRG2,1.1900071,1.1333771
FMC1,1.1900071,1.1333771
UFM1,1.1900071,1.1333771
ZNF705A,1.1900071,1.1333771
EID2,1.1900071,1.1333771
PLAC8,1.1900071,1.1333771
FAM104B,1.1900071,1.1333771
C16orf90,1.1900071,1.1333771
TMEM170B,1.1900071,1.1333771
AC009065.1,1.1900071,1.1333771
MED9,1.1900071,1.1333771
CSN2,1.1900071,1.1333771
LCNL1,1.1900071,1.1333771
RPL22,1.1900071,1.1333771
HSPE1,1.1900071,1.1333771
TOMM5,1.1900071,1.1333771
KRTAP4-9,1.1900071,1.1333771
SPANXN2,1.1900071,1.1333771
TMEM61,1.1900071,1.1333771
CD302,1.1900071,1.1333771
SAMD5,1.1900071,1.1333771
SELENOW,1.1900071,1.1333771
ZBED2,1.1900071,1.1333771
PANK3,1.1900071,1.1333771
FKBP15,1.1900071,1.1333771
CDA,1.1900071,1.1333771
GTF2IRD2B,1.1900071,1.1333771
TIMM8A,1.1900071,1.1333771
FAM241A,1.1900071,1.1333771
C17orf98,1.1900071,1.1333771
ARL9,1.1900071,1.1333771
SIGLEC14,1.1900071,1.1333771
SORCS3,1.1900071,1.1333771
TNFRSF13C,1.1900071,1.1333771
AKAIN1,1.1900071,1.1333771
PRCD,1.1900071,1.1333771
CCDC144NL,1.1900071,1.1333771
RARRES2,1.1900071,1.1333771
RNASE7,1.1900071,1.1333771
RPEL1,1.1900071,1.1333771
CBWD2,1.1900071,1.1333771
MRGPRX4,1.1900071,1.1333771
CLC,1.1900071,1.1333771
IPO11,1.1900071,1.1333771
MARK1,1.1900071,1.1333771
TCL1B,1.1900071,1.1333771
NCOA5,1.1900071,1.1333771
KCNJ6,1.1900071,1.1333771
ZNF428,1.1900071,1.1333771
TEDDM1,1.1900071,1.1333771
SF3B6,1.1900071,1.1333771
FABP6,1.1900071,1.1333771
GPX5,1.1900071,1.1333771
SEC61B,1.1900071,1.1333771
CMTM8,1.1900071,1.1333771
GGACT,1.1900071,1.1333771
CXCL14,1.1900071,1.1333771
GCHFR,1.1900071,1.1333771
CTAGE6,1.1900071,1.1333771
NINJ1,1.1900071,1.1333771
PPP1R14D,1.1900071,1.1333771
RPL30,1.1900071,1.1333771
NNMT,1.1900071,1.1333771
KRTAP10-2,1.1900071,1.1333771
TIMM8B,1.1900071,1.1333771
PSORS1C2,1.1900071,1.1333771
CXCL16,1.1900071,1.1333771
GNPNAT1,1.1900071,1.1333771
LBH,1.1900071,1.1333771
DTD2,1.1900071,1.1333771
TMEM253,1.1900071,1.1333771
EBF4,1.1900071,1.1333771
GRP,1.1900071,1.1333771
MAGEA3,1.1900071,1.1333771
PPIA,1.1900071,1.1333771
FUOM,1.1900071,1.1333771
SNU13,1.1900071,1.1333771
CD7,1.1900071,1.1333771
ZNF524,1.1900071,1.1333771
ACOT13,1.1900071,1.1333771
TAS2R46,1.1900071,1.1333771
C20orf27,1.1900071,1.1333771
MAGEA6,1.1900071,1.1333771
TSPO2,1.1900071,1.1333771
NNAT,1.1900071,1.1333771
FOXL2NB,1.1900071,1.1333771
ZDBF2,1.1900071,1.1333771
AP5S1,1.1900071,1.1333771
SPCS3,1.1900071,1.1333771
HTR5A-AS1,1.1900071,1.1333771
PLAC1,1.1900071,1.1333771
TMEM99,1.1900071,1.1333771
TAS2R42,1.1900071,1.1333771
ANAPC4,1.1900071,1.1333771
COX16,1.1900071,1.1333771
MRPL42,1.1900071,1.1333771
SMAD1,1.1900071,1.1333771
NUDT15,1.1900071,1.1333771
FAM218A,1.1900071,1.1333771
C21orf62,1.1900071,1.1333771
TMEM14B,1.1900071,1.1333771
VMA21,1.1900071,1.1333771
KHDC1L,1.1900071,1.1333771
TAS2R40,1.1900071,1.1333771
DCANP1,1.1900071,1.1333771
GLOD5,1.1900071,1.1333771
UCP2,1.1900071,1.1333771
KIAA1024L,1.1900071,1.1333771
RNF224,1.1900071,1.1333771
C12orf54,1.1900071,1.1333771
AMTN,1.1900071,1.1333771
TOMM22,1.1900071,1.1333771
KLRD1,1.1900071,1.1333771
IFT20,1.1900071,1.1333771
RIDA,1.1900071,1.1333771
RPS25,1.1900071,1.1333771
COMMD10,1.1900071,1.1333771
FKBP1B,1.1900071,1.1333771
TPPP2,1.1900071,1.1333771
S100A1,1.1900071,1.1333771
VAMP4,1.1900071,1.1333771
DLEU7,1.1900071,1.1333771
SSPN,1.1900071,1.1333771
SUZ12,1.1900071,1.1333771
TSEN15,1.1900071,1.1333771
RNF225,1.1900071,1.1333771
LAMTOR5,1.1900071,1.1333771
HMGN5,1.1900071,1.1333771
ZHX1,1.1900071,1.1333771
XRN1,1.1900071,1.1333771
HS6ST3,1.1900071,1.1333771
CDC42BPB,1.1900071,1.1333771
SERTAD1,1.1900071,1.1333771
C3orf14,1.1900071,1.1333771
RFPL4AL1,1.1900071,1.1333771
UTF1,1.1900071,1.1333771
IL12A,1.1900071,1.1333771
LYZL6,1.1900071,1.1333771
CTF1,1.1900071,1.1333771
TAC3,1.1900071,1.1333771
PARM1,1.1900071,1.1333771
PMM1,1.1900071,1.1333771
EBLN1,1.1900071,1.1333771
MRPS16,1.1900071,1.1333771
C11orf53,1.1900071,1.1333771
TMEM81,1.1900071,1.1333771
FRG2B,1.1900071,1.1333771
SPN,1.1900071,1.1333771
MAGEC2,1.1900071,1.1333771
LHX4,1.1900071,1.1333771
MAP6D1,1.1900071,1.1333771
LYPD2,1.1900071,1.1333771
CRCP,1.1900071,1.1333771
ACKR1,1.1900071,1.1333771
TMEM221,1.1900071,1.1333771
CGB7,1.1900071,1.1333771
CXorf40B,1.1900071,1.1333771
AGRP,1.1900071,1.1333771
FAM216B,1.1900071,1.1333771
CCDC160,1.1900071,1.1333771
ODF4,1.1900071,1.1333771
PTGES3L,1.1900071,1.1333771
IMP3,1.1900071,1.1333771
CKS2,1.1900071,1.1333771
C5orf63,1.1900071,1.1333771
PRAMEF3,1.1900071,1.1333771
ROPN1,1.1900071,1.1333771
ITM2A,1.1900071,1.1333771
PLP2,1.1900071,1.1333771
C2orf50,1.1900071,1.1333771
ARL6IP6,1.1900071,1.1333771
EBLN2,1.1900071,1.1333771
MIEN1,1.1900071,1.1333771
CHCHD7,1.1900071,1.1333771
C19orf18,1.1900071,1.1333771
CD47,1.1900071,1.1333771
STAT6,1.1900071,1.1333771
PMCH,1.1900071,1.1333771
TCEAL6,1.1900071,1.1333771
CCDC126,1.1900071,1.1333771
TSHZ2,1.1900071,1.1333771
TEX38,1.1900071,1.1333771
C1orf158,1.1900071,1.1333771
FTO,1.1900071,1.1333771
TMEM252,1.1900071,1.1333771
TMEM273,1.1900071,1.1333771
TCAF2,1.1900071,1.1333771
CBY1,1.1900071,1.1333771
MMP14,1.1900071,1.1333771
ANAPC15,1.1900071,1.1333771
LYSMD2,1.1900071,1.1333771
ARMCX3,1.1900071,1.1333771
TREML4,1.1900071,1.1333771
SAMD13,1.1900071,1.1333771
IL15RA,1.1900071,1.1333771
LIME1,1.1900071,1.1333771
RNASE10,1.1900071,1.1333771
MS4A8,1.1900071,1.1333771
ZC3H4,1.1900071,1.1333771
CRABP1,1.1900071,1.1333771
C17orf99,1.1900071,1.1333771
EIF4EBP3,1.1900071,1.1333771
TIFAB,1.1900071,1.1333771
KRBOX4,1.1900071,1.1333771
CMTM2,1.1900071,1.1333771
ZDHHC11B,1.1900071,1.1333771
NDUFA11,1.1900071,1.1333771
CNTF,1.1900071,1.1333771
TMEM86B,1.1900071,1.1333771
TMEM187,1.1900071,1.1333771
C15orf48,1.1900071,1.1333771
FCGR2B,1.1900071,1.1333771
HS6ST1,1.1900071,1.1333771
NBL1,1.1900071,1.1333771
NBPF10,1.1900071,1.1333771
TPGS1,1.1900071,1.1333771
RNF7,1.1900071,1.1333771
IL33,1.1900071,1.1333771
NPM3,1.1900071,1.1333771
FABP2,1.1900071,1.1333771
NDUFA2,1.1900071,1.1333771
UBQLN4,1.1900071,1.1333771
EQTN,1.1900071,1.1333771
LSM7,1.1900071,1.1333771
ULBP2,1.1900071,1.1333771
PCLAF,1.1900071,1.1333771
MTCP1,1.1900071,1.1333771
IKBKG,1.1900071,1.1333771
LPL,1.1900071,1.1333771
IL36G,1.1900071,1.1333771
PLA2G2C,1.1900071,1.1333771
NACA2,1.1900071,1.1333771
KRTAP10-1,1.1900071,1.1333771
ENO3,1.1900071,1.1333771
BOK,1.1900071,1.1333771
SNHG28,1.1900071,1.1333771
TNFSF4,1.1900071,1.1333771
RFPL4A,1.1900071,1.1333771
MCRIP2,1.1900071,1.1333771
DAD1,1.1900071,1.1333771
LCN1,1.1900071,1.1333771
LGALS16,1.1900071,1.1333771
NPIPB11,1.1900071,1.1333771
TMEM69,1.1900071,1.1333771
NUDT8,1.1900071,1.1333771
IL26,1.1900071,1.1333771
EDDM3A,1.1900071,1.1333771
VAMP8,1.1900071,1.1333771
SLC2A8,1.1900071,1.1333771
LIN52,1.1900071,1.1333771
FXYD6,1.1900071,1.1333771
GATS,1.1900071,1.1333771
BET1L,1.1900071,1.1333771
HCFC1R1,1.1900071,1.1333771
PPP1R1B,1.1900071,1.1333771
SLC7A11,1.1900071,1.1333771
MSGN1,1.1900071,1.1333771
EIF1AX,1.1900071,1.1333771
SAA2,1.1900071,1.1333771
ASPRV1,1.1900071,1.1333771
SLC30A5,1.1900071,1.1333771
RPS29,1.1900071,1.1333771
CEBPD,1.1900071,1.1333771
C12orf74,1.1900071,1.1333771
OBP2B,1.1900071,1.1333771
DIO3,1.1900071,1.1333771
TNFAIP8,1.1900071,1.1333771
VHLL,1.1900071,1.1333771
AC011484.1,1.1900071,1.1333771
MAGEB18,1.1900071,1.1333771
SCARA5,1.1900071,1.1333771
CNIH1,1.1900071,1.1333771
C3orf80,1.1900071,1.1333771
FAM86C1,1.1900071,1.1333771
ABRACL,1.1900071,1.1333771
KRTAP10-11,1.1900071,1.1333771
BEX3,1.1900071,1.1333771
GP9,1.1900071,1.1333771
INTS1,1.1900071,1.1333771
MTURN,1.1900071,1.1333771
SMIM4,1.1900071,1.1333771
HTRA2,1.1900071,1.1333771
SELENOV,1.1900071,1.1333771
RPP38,1.1900071,1.1333771
TRNP1,1.1900071,1.1333771
RPA4,1.1900071,1.1333771
FAM183A,1.1900071,1.1333771
AURKAIP1,1.1900071,1.1333771
EIF1AD,1.1900071,1.1333771
TIMM9,1.1900071,1.1333771
FFAR3,1.1900071,1.1333771
C4B,1.1900071,1.1333771
KLRG1,1.1900071,1.1333771
RELL1,1.1900071,1.1333771
DUS2,1.1900071,1.1333771
MFSD6,1.1900071,1.1333771
RGS13,1.1900071,1.1333771
UBE2V2,1.1900071,1.1333771
ACYP1,1.1900071,1.1333771
TCEAL5,1.1900071,1.1333771
PPP1R27,1.1900071,1.1333771
NUDT2,1.1900071,1.1333771
CRIP1,1.1900071,1.1333771
PNMA8A,1.1900071,1.1333771
HIGD2A,1.1900071,1.1333771
ANO6,1.1900071,1.1333771
ULBP3,1.1900071,1.1333771
SECTM1,1.1900071,1.1333771
PLLP,1.1900071,1.1333771
RPS19BP1,1.1900071,1.1333771
MCTS1,1.1900071,1.1333771
MRGPRX3,1.1900071,1.1333771
C17orf97,1.1900071,1.1333771
C1orf194,1.1900071,1.1333771
BORCS8,1.1900071,1.1333771
TBCA,1.1900071,1.1333771
PRM2,1.1900071,1.1333771
BANF1,1.1900071,1.1333771
TXNL4B,1.1900071,1.1333771
POTEM,1.1900071,1.1333771
CDR1,1.1900071,1.1333771
BOP1,1.1900071,1.1333771
THEM5,1.1900071,1.1333771
GAST,1.1900071,1.1333771
BTF3L4,1.1900071,1.1333771
SHISAL2B,1.1900071,1.1333771
SYNJ2BP,1.1900071,1.1333771
ANKRD66,1.1900071,1.1333771
SDHAF3,1.1900071,1.1333771
EIF4A1,1.1900071,1.1333771
RBP1,1.1900071,1.1333771
IL17B,1.1900071,1.1333771
CKS1B,1.1900071,1.1333771
C17orf49,1.1900071,1.1333771
OPTC,1.1900071,1.1333771
TMEM233,1.1900071,1.1333771
CSF3,1.1900071,1.1333771
COX7A1,1.1900071,1.1333771
MORF4L2,1.1900071,1.1333771
PLGRKT,1.1900071,1.1333771
DYDC2,1.1900071,1.1333771
TCEAL2,1.1900071,1.1333771
GSKIP,1.1900071,1.1333771
PFDN5,1.1900071,1.1333771
POLR2I,1.1900071,1.1333771
CYREN,1.1900071,1.1333771
NSMCE2,1.1900071,1.1333771
LSM2,1.1900071,1.1333771
TMEM219,1.1900071,1.1333771
LY6G5B,1.1900071,1.1333771
CXorf21,1.1900071,1.1333771
MGST1,1.1900071,1.1333771
TUSC2,1.1900071,1.1333771
KRTCAP3,1.1900071,1.1333771
ASXL1,1.1900071,1.1333771
MB,1.1900071,1.1333771
TAF10,1.1900071,1.1333771
GPX8,1.1900071,1.1333771
S100A2,1.1900071,1.1333771
TM4SF18,1.1900071,1.1333771
COMMD5,1.1900071,1.1333771
SLC31A2,1.1900071,1.1333771
TMEM37,1.1900071,1.1333771
PLA2G1B,1.1900071,1.1333771
CCL23,1.1900071,1.1333771
FAM9A,1.1900071,1.1333771
KLLN,1.1900071,1.1333771
SIAH3,1.1900071,1.1333771
VAMP2,1.1900071,1.1333771
IFITM2,1.1900071,1.1333771
KLRC2,1.1900071,1.1333771
CHCHD5,1.1900071,1.1333771
KRTAP9-1,1.1900071,1.1333771
ID4,1.1900071,1.1333771
KRTDAP,1.1900071,1.1333771
LYZL4,1.1900071,1.1333771
ID2,1.1900071,1.1333771
TRIM49,1.1900071,1.1333771
PDCD1LG2,1.1900071,1.1333771
VSTM5,1.1900071,1.1333771
NUDT14,1.1900071,1.1333771
KRTAP10-12,1.1900071,1.1333771
DNAJB8,1.1900071,1.1333771
RTP2,1.1900071,1.1333771
KRTAP10-8,1.1900071,1.1333771
PTPRCAP,1.1900071,1.1333771
GOLT1A,1.1900071,1.1333771
REG1B,1.1900071,1.1333771
LCN9,1.1900071,1.1333771
SCOC,1.1900071,1.1333771
FAM209B,1.1900071,1.1333771
TCTEX1D2,1.1900071,1.1333771
UTP14A,1.1900071,1.1333771
GABBR1,1.1900071,1.1333771
KAT8,1.1900071,1.1333771
FAM210B,1.1900071,1.1333771
C20orf85,1.1900071,1.1333771
C9orf152,1.1900071,1.1333771
HHLA3,1.1900071,1.1333771
MMP28,1.1900071,1.1333771
CCL25,1.1900071,1.1333771
NUP88,1.1900071,1.1333771
SLC23A2,1.1900071,1.1333771
LZIC,1.1900071,1.1333771
SNX12,1.1900071,1.1333771
C10orf67,1.1900071,1.1333771
NAP1L5,1.1900071,1.1333771
PDZD11,1.1900071,1.1333771
RPS21,1.1900071,1.1333771
ZNF705G,1.1900071,1.1333771
AIF1,1.1900071,1.1333771
UQCRH,1.1900071,1.1333771
RPL36A,1.1900071,1.1333771
KCNMB4,1.1900071,1.1333771
ARL14EPL,1.1900071,1.1333771
POTEI,1.1900071,1.1333771
CD58,1.1900071,1.1333771
TMEM156,1.1900071,1.1333771
VXN,1.1900071,1.1333771
ERFE,1.1900071,1.1333771
DPY30,1.1900071,1.1333771
MS4A4A,1.1900071,1.1333771
PRAMEF4,1.1900071,1.1333771
DEPDC4,1.1900071,1.1333771
GKN1,1.1900071,1.1333771
SENP8,1.1900071,1.1333771
SAA1,1.1900071,1.1333771
SSX3,1.1900071,1.1333771
CXorf40A,1.1900071,1.1333771
PCSK1N,1.1900071,1.1333771
SLC15A2,1.1900071,1.1333771
ACYP2,1.1900071,1.1333771
BCL2L15,1.1900071,1.1333771
C6orf52,1.1900071,1.1333771
C17orf96,1.1900071,1.1333771
FAM71C,1.1900071,1.1333771
PIGH,1.1900071,1.1333771
TAS2R7,1.1900071,1.1333771
MS4A7,1.1900071,1.1333771
ZNRD1,1.1900071,1.1333771
RNF222,1.1900071,1.1333771
PLA2G2D,1.1900071,1.1333771
GPX1,1.1900071,1.1333771
FAM174B,1.1900071,1.1333771
DIRAS3,1.1900071,1.1333771
C3orf62,1.1900071,1.1333771
INMT,1.1900071,1.1333771
TNFSF18,1.1900071,1.1333771
MEA1,1.1900071,1.1333771
C4A,1.1900071,1.1333771
COX7A2L,1.1900071,1.1333771
CCDC152,1.1900071,1.1333771
ULBP1,1.1900071,1.1333771
PGPEP1L,1.1900071,1.1333771
LRRC10,1.1900071,1.1333771
NINJ2,1.1900071,1.1333771
PIFO,1.1900071,1.1333771
SCIMP,1.1900071,1.1333771
CCZ1B,1.1900071,1.1333771
MAGEB4,1.1900071,1.1333771
PAIP2B,1.1900071,1.1333771
LYRM9,1.1900071,1.1333771
CCL14,1.1900071,1.1333771
IL17F,1.1900071,1.1333771
LRRC37A2,1.1900071,1.1333771
PRR23B,1.1900071,1.1333771
CSTL1,1.1900071,1.1333771
PFDN6,1.1900071,1.1333771
TMEM218,1.1900071,1.1333771
MAGEB2,1.1900071,1.1333771
CROT,1.1900071,1.1333771
CAMK2N2,1.1900071,1.1333771
APOL6,1.1900071,1.1333771
CAMSAP1,1.1900071,1.1333771
MAS1L,1.1900071,1.1333771
MARCKS,1.1900071,1.1333771
GSTA3,1.1900071,1.1333771
ARMH2,1.1900071,1.1333771
SRPX2,1.1900071,1.1333771
RNF24,1.1900071,1.1333771
MAGEB5,1.1900071,1.1333771
TMEM107,1.1900071,1.1333771
FAM180B,1.1900071,1.1333771
DAOA,1.1900071,1.1333771
CHCHD1,1.1900071,1.1333771
FNDC8,1.1900071,1.1333771
CDK2AP1,1.1900071,1.1333771
MAGEB3,1.1900071,1.1333771
SPATA9,1.1900071,1.1333771
TSPAN16,1.1900071,1.1333771
RLN1,1.1900071,1.1333771
EVA1B,1.1900071,1.1333771
DDX5,1.1900071,1.1333771
ORC1,1.1900071,1.1333771
ALAD,1.1900071,1.1333771
NEDD8,1.1900071,1.1333771
TMEM126A,1.1900071,1.1333771
JPT2,1.1900071,1.1333771
AMY1C,1.1900071,1.1333771
ASCL5,1.1900071,1.1333771
SNRPC,1.1900071,1.1333771
SLC6A9,1.1900071,1.1333771
TM4SF20,1.1900071,1.1333771
KRTAP4-11,1.1900071,1.1333771
HEG1,1.1900071,1.1333771
LURAP1L,1.1900071,1.1333771
RGS21,1.1900071,1.1333771
RNF11,1.1900071,1.1333771
CCDC188,1.1900071,1.1333771
CALY,1.1900071,1.1333771
GPX2,1.1900071,1.1333771
PPP1R14C,1.1900071,1.1333771
TMEM213,1.1900071,1.1333771
FAM209A,1.1900071,1.1333771
IQCF6,1.1900071,1.1333771
CFAP126,1.1900071,1.1333771
TAS2R10,1.1900071,1.1333771
SHISA4,1.1900071,1.1333771
CLEC4E,1.1900071,1.1333771
C1orf226,1.1900071,1.1333771
C11orf88,1.1900071,1.1333771
MS4A4E,1.1900071,1.1333771
GM2A,1.1900071,1.1333771
C5orf52,1.1900071,1.1333771
TAS2R39,1.1900071,1.1333771
AGO1,1.1900071,1.1333771
HIST1H1T,1.1900071,1.1333771
TSLP,1.1900071,1.1333771
NUP107,1.1900071,1.1333771
GEMIN7,1.1900071,1.1333771
RNASE4,1.1900071,1.1333771
GPIHBP1,1.1900071,1.1333771
C10orf95,1.1900071,1.1333771
KLRF1,1.1900071,1.1333771
SNRPA,1.1900071,1.1333771
COX5B,1.1900071,1.1333771
TMEM65,1.1900071,1.1333771
CALML6,1.1900071,1.1333771
MS4A6A,1.1900071,1.1333771
ANG,1.1900071,1.1333771
DYNLL2,1.1900071,1.1333771
LECT2,1.1900071,1.1333771
PDCL2,1.1900071,1.1333771
CDV3,1.1900071,1.1333771
TCTEX1D1,1.1900071,1.1333771
TNFSF8,1.1900071,1.1333771
EDDM3B,1.1900071,1.1333771
LCN12,1.1900071,1.1333771
CD300LD,1.1900071,1.1333771
RLN2,1.1900071,1.1333771
CASC10,1.1900071,1.1333771
GPR141,1.1900071,1.1333771
IGSF6,1.1900071,1.1333771
SPINK5,1.1900071,1.1333771
DEPP1,1.1900071,1.1333771
TSR2,1.1900071,1.1333771
LTA,1.1900071,1.1333771
RD3,1.1900071,1.1333771
GRK5,1.1900071,1.1333771
ARRDC5,1.1900071,1.1333771
BEX4,1.1900071,1.1333771
SNURF,1.1900071,1.1333771
CLEC12A,1.1900071,1.1333771
TMEM123,1.1900071,1.1333771
IRF3,1.1900071,1.1333771
GCSAM,1.1900071,1.1333771
ERP27,1.1900071,1.1333771
NSG1,1.1900071,1.1333771
DNAJC15,1.1900071,1.1333771
CCDC85B,1.1900071,1.1333771
KRTAP10-9,1.1900071,1.1333771
KRTCAP2,1.1900071,1.1333771
ATP6V1G3,1.1900071,1.1333771
FXYD1,1.1900071,1.1333771
OMP,1.1900071,1.1333771
CTAG2,1.1900071,1.1333771
CCRL2,1.1900071,1.1333771
PSMD10,1.1900071,1.1333771
COMMD2,1.1900071,1.1333771
DPPA5,1.1900071,1.1333771
OTUD6A,1.1900071,1.1333771
FAM169B,1.1900071,1.1333771
RPL32,1.1900071,1.1333771
SRP9,1.1900071,1.1333771
LCN10,1.1900071,1.1333771
KIAA0895,1.1900071,1.1333771
CHCHD10,1.1900071,1.1333771
CCDC171,1.1900071,1.1333771
TAS2R60,1.1900071,1.1333771
HSPB11,1.1900071,1.1333771
SPACA7,1.1900071,1.1333771
B4GALNT3,1.1900071,1.1333771
LAMTOR1,1.1900071,1.1333771
MBL2,1.1900071,1.1333771
HIST3H3,1.1900071,1.1333771
PRAP1,1.1900071,1.1333771
METTL3,1.1900071,1.1333771
SLC22A18AS,1.1900071,1.1333771
CBWD1,1.1900071,1.1333771
GLRX2,1.1900071,1.1333771
SNX3,1.1900071,1.1333771
APOC3,1.1900071,1.1333771
NANOGNB,1.1900071,1.1333771
IL25,1.1900071,1.1333771
BAALC,1.1900071,1.1333771
CARD16,1.1900071,1.1333771
OCM,1.1900071,1.1333771
CEBPG,1.1900071,1.1333771
C1orf105,1.1900071,1.1333771
ATP5PF,1.1900071,1.1333771
PRND,1.1900071,1.1333771
MAGEA12,1.1900071,1.1333771
MAGEA10,1.1900071,1.1333771
IL1RN,1.1900071,1.1333771
VGLL1,1.1900071,1.1333771
PHLDA2,1.1900071,1.1333771
CNTD2,1.1900071,1.1333771
IL24,1.1900071,1.1333771
ACVR2A,1.1900071,1.1333771
ELOB,1.1900071,1.1333771
BATF,1.1900071,1.1333771
POLR3G,1.1900071,1.1333771
DYNLL1,1.1900071,1.1333771
JUND,1.1900071,1.1333771
CD160,1.1900071,1.1333771
FAM207A,1.1900071,1.1333771
APOD,1.1900071,1.1333771
LYRM2,1.1900071,1.1333771
IMMP2L,1.1900071,1.1333771
CISD1,1.1900071,1.1333771
AC005841.1,1.1900071,1.1333771
RRP15,1.1900071,1.1333771
LGALS9C,1.1900071,1.1333771
DRAP1,1.1900071,1.1333771
OPRPN,1.1900071,1.1333771
MS4A1,1.1900071,1.1333771
UTS2B,1.1900071,1.1333771
APOOL,1.1900071,1.1333771
CLRN3,1.1900071,1.1333771
ZNF444,1.1900071,1.1333771
CMTM1,1.1900071,1.1333771
MCEE,1.1900071,1.1333771
BOLA3,1.1900071,1.1333771
PMP2,1.1900071,1.1333771
TNFSF9,1.1900071,1.1333771
TEX47,1.1900071,1.1333771
DYDC1,1.1900071,1.1333771
OCIAD2,1.1900071,1.1333771
AL121963.1,1.1900071,1.1333771
C14orf119,1.1900071,1.1333771
DNAL1,1.1900071,1.1333771
TSKU,1.1900071,1.1333771
SPATA46,1.1900071,1.1333771
CCDC28B,1.1900071,1.1333771
MANSC4,1.1900071,1.1333771
BCAS4,1.1900071,1.1333771
PRXL2C,1.1900071,1.1333771
SSC4D,1.1900071,1.1333771
MS4A10,1.1900071,1.1333771
TEX30,1.1900071,1.1333771
UBL5,1.1900071,1.1333771
CGGBP1,1.1900071,1.1333771
SIGLECL1,1.1900071,1.1333771
TMEM170A,1.1900071,1.1333771
SSX5,1.1900071,1.1333771
LYRM4,1.1900071,1.1333771
TMEM17,1.1900071,1.1333771
EPGN,1.1900071,1.1333771
PIGF,1.1900071,1.1333771
LCN6,1.1900071,1.1333771
MIS18A,1.1900071,1.1333771
C2orf74,1.1900071,1.1333771
ARL16,1.1900071,1.1333771
DCAF16,1.1900071,1.1333771
BID,1.1900071,1.1333771
TMUB1,1.1900071,1.1333771
XG,1.1900071,1.1333771
ARHGEF6,1.1900071,1.1333771
RSPH10B,1.1900071,1.1333771
TAS2R19,1.1900071,1.1333771
CCL3L3,1.1900071,1.1333771
GEMIN6,1.1900071,1.1333771
TMED2,1.1900071,1.1333771
MRGPRX2,1.1900071,1.1333771
HARS2,1.1900071,1.1333771
C12orf76,1.1900071,1.1333771
SYNGR4,1.1900071,1.1333771
FCER1A,1.1900071,1.1333771
TIMM22,1.1900071,1.1333771
VSTM1,1.1900071,1.1333771
MPHOSPH6,1.1900071,1.1333771
PTGES,1.1900071,1.1333771
SH2D1B,1.1900071,1.1333771
C22orf42,1.1900071,1.1333771
TMEM179B,1.1900071,1.1333771
TP53INP2,1.1900071,1.1333771
TBC1D28,1.1900071,1.1333771
H2BFM,1.1900071,1.1333771
CD164L2,1.1900071,1.1333771
ZNF720,1.1900071,1.1333771
EIF4EBP2,1.1900071,1.1333771
C8orf82,1.1900071,1.1333771
CBWD3,1.1900071,1.1333771
SMIM7,1.1900071,1.1333771
NOMO2,1.1900071,1.1333771
ORMDL1,1.1900071,1.1333771
JPT1,1.1900071,1.1333771
FPR1,1.1900071,1.1333771
PAXX,1.1900071,1.1333771
SKA2,1.1900071,1.1333771
PRH1,1.1900071,1.1333771
BOLA1,1.1900071,1.1333771
PFDN1,1.1900071,1.1333771
SAT2,1.1900071,1.1333771
NKAIN4,1.1900071,1.1333771
CDKN2C,1.1900071,1.1333771
RGS9BP,1.1900071,1.1333771
C2orf49,1.1900071,1.1333771
LEPROT,1.1900071,1.1333771
TCP10L,1.1900071,1.1333771
EEF1E1,1.1900071,1.1333771
CIAO2B,1.1900071,1.1333771
PRH2,1.1900071,1.1333771
CYLC2,1.1900071,1.1333771
MED28,1.1900071,1.1333771
CNFN,1.1900071,1.1333771
TMEM254,1.1900071,1.1333771
LRRC26,1.1900071,1.1333771
CRABP2,1.1900071,1.1333771
ZC3HAV1L,1.1900071,1.1333771
RNF223,1.1900071,1.1333771
HPGDS,1.1900071,1.1333771
CARTPT,1.1900071,1.1333771
MCOLN3,1.1900071,1.1333771
AKIP1,1.1900071,1.1333771
IL1A,1.1900071,1.1333771
MAL2,1.1900071,1.1333771
ATP5F1D,1.1900071,1.1333771
GOLGA8H,1.1900071,1.1333771
GPS1,1.1900071,1.1333771
KCNRG,1.1900071,1.1333771
NAT2,1.1900071,1.1333771
SNRPD2,1.1900071,1.1333771
KRTAP11-1,1.1900071,1.1333771
NSG2,1.1900071,1.1333771
ZG16,1.1900071,1.1333771
COPRS,1.1900071,1.1333771
ETFRF1,1.1900071,1.1333771
C6orf120,1.1900071,1.1333771
CYP27B1,1.1900071,1.1333771
MAP1LC3B2,1.1900071,1.1333771
RNF186,1.1900071,1.1333771
FAM162A,1.1900071,1.1333771
KCNQ5,1.1900071,1.1333771
FAM228A,1.1900071,1.1333771
LST1,1.1900071,1.1333771
C1orf53,1.1900071,1.1333771
CD200R1L,1.1900071,1.1333771
RWDD3,1.1900071,1.1333771
ZFAND2A,1.1900071,1.1333771
SPIN3,1.1900071,1.1333771
MEF2D,1.1900071,1.1333771
LMNB2,1.1900071,1.1333771
LSMEM2,1.1900071,1.1333771
IQCF1,1.1900071,1.1333771
C19orf84,1.1900071,1.1333771
SLC35G5,1.1900071,1.1333771
PPP5D1,1.1900071,1.1333771
ODF3,1.1900071,1.1333771
C22orf46,1.1900071,1.1333771
DAP,1.1900071,1.1333771
TAS2R20,1.1900071,1.1333771
GNLY,1.1900071,1.1333771
ROMO1,1.1900071,1.1333771
C8orf74,1.1900071,1.1333771
ALKAL2,1.1900071,1.1333771
LRRC10B,1.1900071,1.1333771
LGALS13,1.1900071,1.1333771
SNRPD1,1.1900071,1.1333771
CXorf30,1.1900071,1.1333771
CNIH2,1.1900071,1.1333771
MTIF2,1.1900071,1.1333771
PPP3R2,1.1900071,1.1333771
RNF208,1.1900071,1.1333771
RRM2,1.1900071,1.1333771
FAM120AOS,1.1900071,1.1333771
GTF3C6,1.1900071,1.1333771
LAPTM5,1.1900071,1.1333771
IL19,1.1900071,1.1333771
FAM89A,1.1900071,1.1333771
C20orf202,1.1900071,1.1333771
POLR2J,1.1900071,1.1333771
CTNNBIP1,1.1900071,1.1333771
SAT1,1.1900071,1.1333771
LCAT,1.1900071,1.1333771
TIMM13,1.1900071,1.1333771
ZCCHC10,1.1900071,1.1333771
FAM3C,1.1900071,1.1333771
AC026202.1,1.1900071,1.1333771
EREG,1.1900071,1.1333771
LY6H,1.1900071,1.1333771
TMEM31,1.1900071,1.1333771
C8orf33,1.1900071,1.1333771
ZNF124,1.1900071,1.1333771
TMEM54,1.1900071,1.1333771
OSR1,1.1900071,1.1333771
TMEM52B,1.1900071,1.1333771
AWAT1,1.1900071,1.1333771
KNDC1,1.1900071,1.1333771
GPR160,1.1900071,1.1333771
COTL1,1.1900071,1.1333771
LEP,1.1900071,1.1333771
NRM,1.1900071,1.1333771
CABCOCO1,1.1900071,1.1333771
DAB2IP,1.1900071,1.1333771
TRIM46,1.1900071,1.1333771
TDGF1,1.1900071,1.1333771
THEM4,1.1900071,1.1333771
SPINT3,1.1900071,1.1333771
NXNL2,1.1900071,1.1333771
RAB41,1.1900071,1.1333771
SPATA8,1.1900071,1.1333771
TMEM190,1.1900071,1.1333771
ERH,1.1900071,1.1333771
FGFBP3,1.1900071,1.1333771
LAMTOR2,1.1900071,1.1333771
KRTAP10-5,1.1900071,1.1333771
LY96,1.1900071,1.1333771
CATSPER2,1.1900071,1.1333771
NXT2,1.1900071,1.1333771
HNRNPA1L2,1.1900071,1.1333771
RPL22L1,1.1900071,1.1333771
CLEC4D,1.1900071,1.1333771
DUSP21,1.1900071,1.1333771
FAM122A,1.1900071,1.1333771
SH3BGRL,1.1900071,1.1333771
MMAA,1.1900071,1.1333771
FBXL15,1.1900071,1.1333771
C8B,1.1900071,1.1333771
PRR34,1.1900071,1.1333771
DUSP19,1.1900071,1.1333771
RFLNA,1.1900071,1.1333771
TCTEX1D4,1.1900071,1.1333771
POP7,1.1900071,1.1333771
C15orf62,1.1900071,1.1333771
GOLGA6L9,1.1900071,1.1333771
SH3BGRL2,1.1900071,1.1333771
CIART,1.1900071,1.1333771
EBF2,1.1900071,1.1333771
GMPPB,1.1900071,1.1333771
CNIH4,1.1900071,1.1333771
ECHDC3,1.1900071,1.1333771
CRP,1.1900071,1.1333771
STAU2,1.1900071,1.1333771
PDXP,1.1900071,1.1333771
BRI3,1.1900071,1.1333771
BTG2,1.1900071,1.1333771
RFPL4B,1.1900071,1.1333771
ZCCHC18,1.1900071,1.1333771
ARIH2OS,1.1900071,1.1333771
MRPS12,1.1900071,1.1333771
ALG1,1.1900071,1.1333771
C17orf58,1.1900071,1.1333771
DEFB125,1.1900071,1.1333771
PRR29,1.1900071,1.1333771
SLC48A1,1.1900071,1.1333771
FADD,1.1900071,1.1333771
DNLZ,1.1900071,1.1333771
LRRC73,1.1900071,1.1333771
CLEC2B,1.1900071,1.1333771
SLC35G3,1.1900071,1.1333771
BIRC8,1.1900071,1.1333771
SCRT1,1.1900071,1.1333771
HIKESHI,1.1900071,1.1333771
PRR22,1.1900071,1.1333771
IFITM5,1.1900071,1.1333771
KRTAP24-1,1.1900071,1.1333771
CLEC2D,1.1900071,1.1333771
CD80,1.1900071,1.1333771
TGFA,1.1900071,1.1333771
TMEM217,1.1900071,1.1333771
BCL2A1,1.1900071,1.1333771
HACD4,1.1900071,1.1333771
IL17A,1.1900071,1.1333771
SRXN1,1.1900071,1.1333771
FIBIN,1.1900071,1.1333771
PTRHD1,1.1900071,1.1333771
CLEC6A,1.1900071,1.1333771
EPB41L1,1.1900071,1.1333771
C16orf54,1.1900071,1.1333771
TFF2,1.1900071,1.1333771
SORBS3,1.1900071,1.1333771
VN1R2,1.1900071,1.1333771
IL17C,1.1900071,1.1333771
C4orf17,1.1900071,1.1333771
FMR1NB,1.1900071,1.1333771
RBP5,1.1900071,1.1333771
CCDC117,1.1900071,1.1333771
CTLA4,1.1900071,1.1333771
MRGPRG,1.1900071,1.1333771
IFNE,1.1900071,1.1333771
RNF122,1.1900071,1.1333771
ARPC5L,1.1900071,1.1333771
C17orf107,1.1900071,1.1333771
C16orf45,1.1900071,1.1333771
FCGR2A,1.1900071,1.1333771
TRAT1,1.1900071,1.1333771
JOSD2,1.1900071,1.1333771
SUMO2,1.1900071,1.1333771
GAL,1.1900071,1.1333771
SPACA1,1.1900071,1.1333771
C1orf131,1.1900071,1.1333771
FANCF,1.1900071,1.1333771
ADM5,1.1900071,1.1333771
WFDC5,1.1900071,1.1333771
BAG2,1.1900071,1.1333771
NDUFB5,1.1900071,1.1333771
TMCO2,1.1900071,1.1333771
DNAJB7,1.1900071,1.1333771
TCL1A,1.1900071,1.1333771
POM121L12,1.1900071,1.1333771
DNAJC6,1.1900071,1.1333771
CACNA1E,1.1900071,1.1333771
GABARAPL1,1.1900071,1.1333771
RAMAC,1.1900071,1.1333771
FAM133A,1.1900071,1.1333771
FAM170B,1.1900071,1.1333771
CPLX3,1.1900071,1.1333771
TMEM251,1.1900071,1.1333771
SLC10A5,1.1900071,1.1333771
LYNX1,1.1900071,1.1333771
TLNRD1,1.1900071,1.1333771
THBS2,1.1900071,1.1333771
PUDP,1.1900071,1.1333771
C1orf68,1.1900071,1.1333771
TERB2,1.1900071,1.1333771
PDCD5,1.1900071,1.1333771
PCBP1,1.1900071,1.1333771
ROPN1B,1.1900071,1.1333771
HINT3,1.1900071,1.1333771
LCN2,1.1900071,1.1333771
C3orf70,1.1900071,1.1333771
MYDGF,1.1900071,1.1333771
REX1BD,1.1900071,1.1333771
RDM1,1.1900071,1.1333771
ESM1,1.1900071,1.1333771
ERP29,1.1900071,1.1333771
ARPC3,1.1900071,1.1333771
KLHL40,1.1900071,1.1333771
DNAL4,1.1900071,1.1333771
GPR82,1.1900071,1.1333771
ARL2BP,1.1900071,1.1333771
FAM177B,1.1900071,1.1333771
TXNDC17,1.1900071,1.1333771
COMMD4,1.1900071,1.1333771
GPR148,1.1900071,1.1333771
FTL,1.1900071,1.1333771
TXNDC12,1.1900071,1.1333771
COX6B2,1.1900071,1.1333771
C19orf81,1.1900071,1.1333771
DEFB119,1.1900071,1.1333771
GIMAP1,1.1900071,1.1333771
HIP1,1.1900071,1.1333771
SDHAF4,1.1900071,1.1333771
CLEC3B,1.1900071,1.1333771
PGA4,1.1900071,1.1333771
POLR2D,1.1900071,1.1333771
RPH3A,1.1900071,1.1333771
SNAI3,1.1900071,1.1333771
THY1,1.1900071,1.1333771
SNRPB2,1.1900071,1.1333771
NICN1,1.1900071,1.1333771
RAET1G,1.1900071,1.1333771
MYL7,1.1900071,1.1333771
CCDC54,1.1900071,1.1333771
UBE2QL1,1.1900071,1.1333771
CETN1,1.1900071,1.1333771
HSPA6,1.1900071,1.1333771
TRAPPC5,1.1900071,1.1333771
SLAMF1,1.1900071,1.1333771
LGALS14,1.1900071,1.1333771
GIMAP4,1.1900071,1.1333771
TRAPPC6A,1.1900071,1.1333771
LGALS1,1.1900071,1.1333771
ERG28,1.1900071,1.1333771
TMEM230,1.1900071,1.1333771
PGLYRP1,1.1900071,1.1333771
AIM2,1.1900071,1.1333771
NDUFS6,1.1900071,1.1333771
SREK1IP1,1.1900071,1.1333771
ARL5C,1.1900071,1.1333771
GREM2,1.1900071,1.1333771
USP17L2,1.1900071,1.1333771
RWDD1,1.1900071,1.1333771
DR1,1.1900071,1.1333771
CD8B,1.1900071,1.1333771
DDIT3,1.1900071,1.1333771
C19orf38,1.1900071,1.1333771
PSMG4,1.1900071,1.1333771
RTP3,1.1900071,1.1333771
TFDP3,1.1900071,1.1333771
IL36B,1.1900071,1.1333771
HBE1,1.1900071,1.1333771
PCBD1,1.1900071,1.1333771
GSTO1,1.1900071,1.1333771
SPX,1.1900071,1.1333771
FNDC9,1.1900071,1.1333771
SPCS1,1.1900071,1.1333771
COMMD6,1.1900071,1.1333771
CPLX1,1.1900071,1.1333771
PRSS46P,1.1900071,1.1333771
CEMP1,1.1900071,1.1333771
KLF14,1.1900071,1.1333771
CCZ1,1.1900071,1.1333771
MRGPRD,1.1900071,1.1333771
PXDC1,1.1900071,1.1333771
UBE2U,1.1900071,1.1333771
SKIL,1.1900071,1.1333771
SHLD3,1.1900071,1.1333771
CLDN34,1.1900071,1.1333771
DYNLT1,1.1900071,1.1333771
CPLX2,1.1900071,1.1333771
TBC1D4,1.1900071,1.1333771
GLYATL2,1.1900071,1.1333771
LYPLAL1,1.1900071,1.1333771
TMIGD2,1.1900071,1.1333771
SPA17,1.1900071,1.1333771
AKAP14,1.1900071,1.1333771
EIF2B5,1.1900071,1.1333771
C6orf223,1.1900071,1.1333771
ID1,1.1900071,1.1333771
ARMCX2,1.1900071,1.1333771
PRDX1,1.1900071,1.1333771
ZNF547,1.1900071,1.1333771
MOBP,1.1900071,1.1333771
RFPL1,1.1900071,1.1333771
FUNDC1,1.1900071,1.1333771
HAVCR2,1.1900071,1.1333771
ATP6AP2,1.1900071,1.1333771
TAT,1.1900071,1.1333771
DRAM1,1.1900071,1.1333771
NUTF2,1.1900071,1.1333771
AKAP5,1.1900071,1.1333771
MRGPRE,1.1900071,1.1333771
IL11,1.1900071,1.1333771
CD48,1.1900071,1.1333771
MKRN2OS,1.1900071,1.1333771
DDIT4L,1.1900071,1.1333771
HDHD2,1.1900071,1.1333771
KCND3,1.1900071,1.1333771
HIST1H3H,1.1900071,1.1333771
CCK,1.1900071,1.1333771
SDC4,1.1900071,1.1333771
SSR4,1.1900071,1.1333771
SV2B,1.1900071,1.1333771
NPIPB15,1.1900071,1.1333771
ARMC7,1.1900071,1.1333771
CD69,1.1900071,1.1333771
GAP43,1.1900071,1.1333771
NREP,1.1900071,1.1333771
LRRC3,1.1900071,1.1333771
PGM2,1.1900071,1.1333771
DNAJC5G,1.1900071,1.1333771
ZNF552,1.1900071,1.1333771
PGF,1.1900071,1.1333771
ATP5PD,1.1900071,1.1333771
KHDC3L,1.1900071,1.1333771
VAMP3,1.1900071,1.1333771
PFDN2,1.1900071,1.1333771
RGS16,1.1900071,1.1333771
TAS2R5,1.1900071,1.1333771
GPR89B,1.1900071,1.1333771
HBQ1,1.1900071,1.1333771
NANOS1,1.1900071,1.1333771
NUDT3,1.1900071,1.1333771
NPPC,1.1900071,1.1333771
ZNF615,1.1900071,1.1333771
IL6,1.1900071,1.1333771
FAM19A5,1.1900071,1.1333771
SSNA1,1.1900071,1.1333771
CYB5A,1.1900071,1.1333771
SZRD1,1.1900071,1.1333771
CSN1S1,1.1900071,1.1333771
PLD6,1.1900071,1.1333771
ARMCX5,1.1900071,1.1333771
FSHB,1.1900071,1.1333771
GPSM3,1.1900071,1.1333771
NME5,1.1900071,1.1333771
PHF5A,1.1900071,1.1333771
IL17D,1.1900071,1.1333771
SERBP1,1.1900071,1.1333771
MDK,1.1900071,1.1333771
RWDD4,1.1900071,1.1333771
PRKX,1.1900071,1.1333771
ARPC5,1.1900071,1.1333771
ZC3H12B,1.1900071,1.1333771
ATP5MC3,1.1900071,1.1333771
MAP1LC3A,1.1900071,1.1333771
PTTG1IP,1.1900071,1.1333771
CENPM,1.1900071,1.1333771
C17orf51,1.1900071,1.1333771
NDN,1.1900071,1.1333771
MCFD2,1.1900071,1.1333771
EHD3,1.1900071,1.1333771
TVP23B,1.1900071,1.1333771
FAM167B,1.1900071,1.1333771
EFHD1,1.1900071,1.1333771
SNX29,1.1900071,1.1333771
GPR89A,1.1900071,1.1333771
PAM16,1.1900071,1.1333771
GSTM4,1.1900071,1.1333771
DNAJC19,1.1900071,1.1333771
MAGEB10,1.1900071,1.1333771
CANT1,1.1900071,1.1333771
FKBP1A,1.1900071,1.1333771
C11orf58,1.1900071,1.1333771
CDSN,1.1900071,1.1333771
TMC6,1.1900071,1.1333771
RGPD8,1.1900071,1.1333771
ISG20,1.1900071,1.1333771
NPM2,1.1900071,1.1333771
TAAR8,1.1900071,1.1333771
RD3L,1.1900071,1.1333771
RBM43,1.1900071,1.1333771
NDUFA7,1.1900071,1.1333771
GPBAR1,1.1900071,1.1333771
TMEM50B,1.1900071,1.1333771
HMSD,1.1900071,1.1333771
ARHGAP39,1.1900071,1.1333771
PDZK1,1.1900071,1.1333771
GLIPR1L1,1.1900071,1.1333771
RTL6,1.1900071,1.1333771
TAOK3,1.1900071,1.1333771
MAGEF1,1.1900071,1.1333771
MYEOV,1.1900071,1.1333771
MSANTD1,1.1900071,1.1333771
PER1,1.1900071,1.1333771
GCSH,1.1900071,1.1333771
RGS10,1.1900071,1.1333771
CLEC7A,1.1900071,1.1333771
VBP1,1.1900071,1.1333771
GADD45A,1.1900071,1.1333771
CLEC1B,1.1900071,1.1333771
ROPN1L,1.1900071,1.1333771
KRT75,1.1900071,1.1333771
BLOC1S2,1.1900071,1.1333771
HAMP,1.1900071,1.1333771
CDC42EP3,1.1900071,1.1333771
CACNG6,1.1900071,1.1333771
PCSK5,1.1900071,1.1333771
NANOG,1.1900071,1.1333771
TBX4,1.1900071,1.1333771
SDC2,1.1900071,1.1333771
RTP1,1.1900071,1.1333771
RPS28,1.1900071,1.1333771
PROK2,1.1900071,1.1333771
CCER2,1.1900071,1.1333771
MCF2L2,1.1900071,1.1333771
RPL29,1.1900071,1.1333771
ITGB2,1.1900071,1.1333771
KLF8,1.1900071,1.1333771
NUDT11,1.1900071,1.1333771
NKAPD1,1.1900071,1.1333771
SUSD3,1.1900071,1.1333771
RIPPLY3,1.1900071,1.1333771
NHP2,1.1900071,1.1333771
SPP1,1.1900071,1.1333771
MAGEB1,1.1900071,1.1333771
HIST1H2AK,1.1900071,1.1333771
TPPP3,1.1900071,1.1333771
INSL6,1.1900071,1.1333771
CPXCR1,1.1900071,1.1333771
SELPLG,1.1900071,1.1333771
MAGEB17,1.1900071,1.1333771
PTPN20B,1.1900071,1.1333771
TRARG1,1.1900071,1.1333771
DMPK,1.1900071,1.1333771
ARL11,1.1900071,1.1333771
CSPP1,1.1900071,1.1333771
PEA15,1.1900071,1.1333771
UQCC2,1.1900071,1.1333771
NFYB,1.1900071,1.1333771
TALDO1,1.1900071,1.1333771
FAM219B,1.1900071,1.1333771
IFT22,1.1900071,1.1333771
CWC15,1.1900071,1.1333771
LSM6,1.1900071,1.1333771
GSTA4,1.1900071,1.1333771
DPY19L3,1.1900071,1.1333771
RELL2,1.1900071,1.1333771
FAM71E1,1.1900071,1.1333771
BTG4,1.1900071,1.1333771
FAM220A,1.1900071,1.1333771
IQCJ,1.1900071,1.1333771
APCS,1.1900071,1.1333771
TEX13B,1.1900071,1.1333771
CBY3,1.1900071,1.1333771
CXorf56,1.1900071,1.1333771
ARL6IP5,1.1900071,1.1333771
ANGPTL8,1.1900071,1.1333771
MED10,1.1900071,1.1333771
EIF5A2,1.1900071,1.1333771
SFT2D1,1.1900071,1.1333771
FBXO36,1.1900071,1.1333771
RFXAP,1.1900071,1.1333771
BSPH1,1.1900071,1.1333771
MIS12,1.1900071,1.1333771
RNASEK,1.1900071,1.1333771
KCNMB3,1.1900071,1.1333771
TPT1,1.1900071,1.1333771
CCDC190,1.1900071,1.1333771
ART4,1.1900071,1.1333771
LAMTOR3,1.1900071,1.1333771
CMTM4,1.1900071,1.1333771
XAF1,1.1900071,1.1333771
COL25A1,1.1900071,1.1333771
SMCO2,1.1900071,1.1333771
TXN2,1.1900071,1.1333771
GOLGA8M,1.1900071,1.1333771
MYL5,1.1900071,1.1333771
SDHAF1,1.1900071,1.1333771
KRT5,1.1900071,1.1333771
CREG1,1.1900071,1.1333771
LRRC61,1.1900071,1.1333771
CITED1,1.1900071,1.1333771
MED11,1.1900071,1.1333771
PHPT1,1.1900071,1.1333771
ZSWIM7,1.1900071,1.1333771
CDCA5,1.1900071,1.1333771
SNAPIN,1.1900071,1.1333771
NANP,1.1900071,1.1333771
HEBP2,1.1900071,1.1333771
ELOF1,1.1900071,1.1333771
CAVIN3,1.1900071,1.1333771
NDST4,1.1900071,1.1333771
FRG1,1.1900071,1.1333771
OOEP,1.1900071,1.1333771
RFK,1.1900071,1.1333771
KLHL32,1.1900071,1.1333771
COA3,1.1900071,1.1333771
TMEM176A,1.1900071,1.1333771
TRAF7,1.1900071,1.1333771
CCDC124,1.1900071,1.1333771
LYZL1,1.1900071,1.1333771
CKMT1A,1.1900071,1.1333771
RFPL3,1.1900071,1.1333771
HIST1H3A,1.1900071,1.1333771
IFNK,1.1900071,1.1333771
IQCF3,1.1900071,1.1333771
SPART,1.1900071,1.1333771
SFT2D2,1.1900071,1.1333771
HSPA9,1.1900071,1.1333771
COA7,1.1900071,1.1333771
DPM3,1.1900071,1.1333771
RASAL2,1.1900071,1.1333771
TMEM35A,1.1900071,1.1333771
GIMAP5,1.1900071,1.1333771
RASSF3,1.1900071,1.1333771
CALHM2,1.1900071,1.1333771
GSTP1,1.1900071,1.1333771
LYSMD4,1.1900071,1.1333771
SPCS2,1.1900071,1.1333771
BIRC5,1.1900071,1.1333771
PIR,1.1900071,1.1333771
GPHA2,1.1900071,1.1333771
C1orf56,1.1900071,1.1333771
C19orf25,1.1900071,1.1333771
CATSPERZ,1.1900071,1.1333771
OXER1,1.1900071,1.1333771
RAP2C,1.1900071,1.1333771
UBALD1,1.1900071,1.1333771
RBPMS2,1.1900071,1.1333771
CCDC172,1.1900071,1.1333771
AP3S1,1.1900071,1.1333771
FGFBP2,1.1900071,1.1333771
UQCRQ,1.1900071,1.1333771
C6orf203,1.1900071,1.1333771
C9orf135,1.1900071,1.1333771
C1orf141,1.1900071,1.1333771
KIR3DL3,1.1900071,1.1333771
TRIM37,1.1900071,1.1333771
PLK5,1.1900071,1.1333771
JTB,1.1900071,1.1333771
NAIF1,1.1900071,1.1333771
CYSLTR2,1.1900071,1.1333771
C18orf21,1.1900071,1.1333771
SPACA9,1.1900071,1.1333771
YBEY,1.1900071,1.1333771
EVI2A,1.1900071,1.1333771
POLE4,1.1900071,1.1333771
PPP1R1A,1.1900071,1.1333771
CFL1,1.1900071,1.1333771
SERTAD2,1.1900071,1.1333771
AGAP5,1.1900071,1.1333771
PPIH,1.1900071,1.1333771
NAA80,1.1900071,1.1333771
MED21,1.1900071,1.1333771
TOB2,1.1900071,1.1333771
C17orf78,1.1900071,1.1333771
KLF13,1.1900071,1.1333771
GLT6D1,1.1900071,1.1333771
HES3,1.1900071,1.1333771
CCDC89,1.1900071,1.1333771
TIGIT,1.1900071,1.1333771
CHAC2,1.1900071,1.1333771
HMGN1,1.1900071,1.1333771
AGR2,1.1900071,1.1333771
FAM19A4,1.1900071,1.1333771
WFDC2,1.1900071,1.1333771
MID1IP1,1.1900071,1.1333771
STPG4,1.1900071,1.1333771
UBE2D4,1.1900071,1.1333771
TMEM242,1.1900071,1.1333771
CNRIP1,1.1900071,1.1333771
C19orf12,1.1900071,1.1333771
CRADD,1.1900071,1.1333771
CFAP299,1.1900071,1.1333771
PROSER2,1.1900071,1.1333771
PAGR1,1.1900071,1.1333771
METTL7A,1.1900071,1.1333771
UBE2L3,1.1900071,1.1333771
PRADC1,1.1900071,1.1333771
AKR1B15,1.1900071,1.1333771
LNP1,1.1900071,1.1333771
EEF1AKMT1,1.1900071,1.1333771
LIN28A,1.1900071,1.1333771
C8orf48,1.1900071,1.1333771
KRTAP10-7,1.1900071,1.1333771
PHOSPHO2,1.1900071,1.1333771
MPC2,1.1900071,1.1333771
KCNE2,1.1900071,1.1333771
PRKACG,1.1900071,1.1333771
RAI2,1.1900071,1.1333771
PLA2G4E,1.1900071,1.1333771
LILRA5,1.1900071,1.1333771
MRAP2,1.1900071,1.1333771
FREM3,1.1900071,1.1333771
ABCG5,1.1900071,1.1333771
SIM2,1.1900071,1.1333771
TMEM160,1.1900071,1.1333771
PRAMEF20,1.1900071,1.1333771
ASB9,1.1900071,1.1333771
CRISP1,1.1900071,1.1333771
IQCK,1.1900071,1.1333771
BTN3A2,1.1900071,1.1333771
TREML1,1.1900071,1.1333771
LTB4R,1.1900071,1.1333771
BLOC1S6,1.1900071,1.1333771
COX5A,1.1900071,1.1333771
SFR1,1.1900071,1.1333771
AAMDC,1.1900071,1.1333771
WRB,1.1900071,1.1333771
PRRG1,1.1900071,1.1333771
ADH4,1.1900071,1.1333771
C22orf39,1.1900071,1.1333771
CSDC2,1.1900071,1.1333771
ZNF22,1.1900071,1.1333771
TNFRSF10C,1.1900071,1.1333771
ATG10,1.1900071,1.1333771
LAIR1,1.1900071,1.1333771
RPL37A,1.1900071,1.1333771
RPL27,1.1900071,1.1333771
LGI1,1.1900071,1.1333771
FATE1,1.1900071,1.1333771
SCAMP1,1.1900071,1.1333771
MAGEB16,1.1900071,1.1333771
C3orf52,1.1900071,1.1333771
FAM228B,1.1900071,1.1333771
GMFB,1.1900071,1.1333771
UBE2D1,1.1900071,1.1333771
NAA50,1.1900071,1.1333771
CACYBP,1.1900071,1.1333771
BATF3,1.1900071,1.1333771
NMRK1,1.1900071,1.1333771
PRR19,1.1900071,1.1333771
RNF113B,1.1900071,1.1333771
CFHR3,1.1900071,1.1333771
TAS2R14,1.1900071,1.1333771
PRAF2,1.1900071,1.1333771
TYROBP,1.1900071,1.1333771
C2orf73,1.1900071,1.1333771
KITLG,1.1900071,1.1333771
CD300LB,1.1900071,1.1333771
LYZL2,1.1900071,1.1333771
C5orf60,1.1900071,1.1333771
MPC1,1.1900071,1.1333771
TAF11,1.1900071,1.1333771
RUFY1,1.1900071,1.1333771
C1orf115,1.1900071,1.1333771
DYNLRB1,1.1900071,1.1333771
DDA1,1.1900071,1.1333771
BPIFA3,1.1900071,1.1333771
C1orf146,1.1900071,1.1333771
NPBWR2,1.1900071,1.1333771
ANO5,1.1900071,1.1333771
XAGE5,1.1900071,1.1333771
C3orf84,1.1900071,1.1333771
BHLHB9,1.1900071,1.1333771
MAGEA4,1.1900071,1.1333771
MYMK,1.1900071,1.1333771
SELENOT,1.1900071,1.1333771
MRPS10,1.1900071,1.1333771
NELFCD,1.1900071,1.1333771
MAGEA1,1.1900071,1.1333771
FBXL22,1.1900071,1.1333771
MALSU1,1.1900071,1.1333771
FAM181B,1.1900071,1.1333771
C4orf3,1.1900071,1.1333771
CTU1,1.1900071,1.1333771
CHCHD2,1.1900071,1.1333771
AADACL3,1.1900071,1.1333771
RNF13,1.1900071,1.1333771
CD300E,1.1900071,1.1333771
SAYSD1,1.1900071,1.1333771
MAGEH1,1.1900071,1.1333771
VAMP1,1.1900071,1.1333771
FFAR1,1.1900071,1.1333771
GRAP,1.1900071,1.1333771
HNMT,1.1900071,1.1333771
UBL4A,1.1900071,1.1333771
C2orf80,1.1900071,1.1333771
ABT1,1.1900071,1.1333771
MZB1,1.1900071,1.1333771
SDHAF2,1.1900071,1.1333771
RGS5,1.1900071,1.1333771
IL18BP,1.1900071,1.1333771
FDX2,1.1900071,1.1333771
RPL38,1.1900071,1.1333771
NUDT7,1.1900071,1.1333771
UBXN2A,1.1900071,1.1333771
PCBD2,1.1900071,1.1333771
FMNL1,1.1900071,1.1333771
FAM122C,1.1900071,1.1333771
ADH6,1.1900071,1.1333771
PIMREG,1.1900071,1.1333771
CLEC4A,1.1900071,1.1333771
CD2,1.1900071,1.1333771
ZNF668,1.1900071,1.1333771
ZNF688,1.1900071,1.1333771
NMI,1.1900071,1.1333771
TRMT112,1.1900071,1.1333771
DKKL1,1.1900071,1.1333771
ATXN3L,1.1900071,1.1333771
IER3IP1,1.1900071,1.1333771
APOPT1,1.1900071,1.1333771
TMEM243,1.1900071,1.1333771
GNAZ,1.1900071,1.1333771
PPIC,1.1900071,1.1333771
EFHD2,1.1900071,1.1333771
TREM1,1.1900071,1.1333771
BTLA,1.1900071,1.1333771
DPM2,1.1900071,1.1333771
UXT,1.1900071,1.1333771
GREM1,1.1900071,1.1333771
C7orf50,1.1900071,1.1333771
NFRKB,1.1900071,1.1333771
CMTM5,1.1900071,1.1333771
MRPL41,1.1900071,1.1333771
JSRP1,1.1900071,1.1333771
PDCL3,1.1900071,1.1333771
PRR7,1.1900071,1.1333771
ZNF98,1.1900071,1.1333771
CENPW,1.1900071,1.1333771
FAM90A1,1.1900071,1.1333771
CEACAM7,1.1900071,1.1333771
FAM89B,1.1900071,1.1333771
MMP26,1.1900071,1.1333771
BLOC1S5,1.1900071,1.1333771
MRGBP,1.1900071,1.1333771
DBNDD1,1.1900071,1.1333771
CENPK,1.1900071,1.1333771
TP53INP1,1.1900071,1.1333771
FSBP,1.1900071,1.1333771
MORN5,1.1900071,1.1333771
TMC7,1.1900071,1.1333771
CD33,1.1900071,1.1333771
CPTP,1.1900071,1.1333771
RPL37,1.1900071,1.1333771
TMEM212,1.1900071,1.1333771
YPEL3,1.1900071,1.1333771
MRPS33,1.1900071,1.1333771
SHISA5,1.1900071,1.1333771
HCRT,1.1900071,1.1333771
TFIP11,1.1900071,1.1333771
LSM8,1.1900071,1.1333771
FLII,1.1900071,1.1333771
C16orf86,1.1900071,1.1333771
H3F3A,1.1900071,1.1333771
TSSK3,1.1900071,1.1333771
ANKRD45,1.1900071,1.1333771
NUDT10,1.1900071,1.1333771
ARMCX1,1.1900071,1.1333771
TMCO5A,1.1900071,1.1333771
CENPQ,1.1900071,1.1333771
ENKUR,1.1900071,1.1333771
ACADL,1.1900071,1.1333771
CD274,1.1900071,1.1333771
FAM19A2,1.1900071,1.1333771
NSMCE3,1.1900071,1.1333771
SLC45A4,1.1900071,1.1333771
PRAMEF15,1.1900071,1.1333771
GNRH2,1.1900071,1.1333771
NAIP,1.1900071,1.1333771
CLEC2L,1.1900071,1.1333771
LEMD1,1.1900071,1.1333771
PAWR,1.1900071,1.1333771
CXorf65,1.1900071,1.1333771
CD83,1.1900071,1.1333771
MANF,1.1900071,1.1333771
WRNIP1,1.1900071,1.1333771
NF2,1.1900071,1.1333771
KLK2,1.1900071,1.1333771
AANAT,1.1900071,1.1333771
MME,1.1900071,1.1333771
MAGEB6,1.1900071,1.1333771
PIP5K1C,1.1900071,1.1333771
TMEM171,1.1900071,1.1333771
CYP26C1,1.1900071,1.1333771
TMIGD1,1.1900071,1.1333771
TMEM18,1.1900071,1.1333771
IGSF5,1.1900071,1.1333771
LYPD1,1.1900071,1.1333771
NSD1,1.1900071,1.1333771
PTRH2,1.1900071,1.1333771
FLT3LG,1.1900071,1.1333771
POLH,1.1900071,1.1333771
ASCL3,1.1900071,1.1333771
CXCL12,1.1900071,1.1333771
OVOL2,1.1900071,1.1333771
MRPL12,1.1900071,1.1333771
NR2C2AP,1.1900071,1.1333771
KLRB1,1.1900071,1.1333771
CYFIP2,1.1900071,1.1333771
KIAA2026,1.1900071,1.1333771
PNRC1,1.1900071,1.1333771
CD226,1.1900071,1.1333771
LIMD2,1.1900071,1.1333771
LRRC3B,1.1900071,1.1333771
TMEM86A,1.1900071,1.1333771
KRCC1,1.1900071,1.1333771
ORMDL3,1.1900071,1.1333771
DPPA4,1.1900071,1.1333771
RNF182,1.1900071,1.1333771
ACAD11,1.1900071,1.1333771
SPATC1L,1.1900071,1.1333771
SPACA3,1.1900071,1.1333771
SAMD10,1.1900071,1.1333771
BNIP3,1.1900071,1.1333771
C5orf30,1.1900071,1.1333771
CSH1,1.1900071,1.1333771
ZNF664,1.1900071,1.1333771
EVI2B,1.1900071,1.1333771
COL10A1,1.1900071,1.1333771
NUS1,1.1900071,1.1333771
CDRT15,1.1900071,1.1333771
GLRX5,1.1900071,1.1333771
CLDND2,1.1900071,1.1333771
PCP2,1.1900071,1.1333771
CD200,1.1900071,1.1333771
RP11-192H23.4,1.1900071,1.1333771
IQCF5,1.1900071,1.1333771
KRTAP29-1,1.1900071,1.1333771
TXNDC9,1.1900071,1.1333771
MYADML2,1.1900071,1.1333771
RNASE2,1.1900071,1.1333771
IER2,1.1900071,1.1333771
GUCA1C,1.1900071,1.1333771
LYSMD1,1.1900071,1.1333771
RPS15A,1.1900071,1.1333771
TNFRSF4,1.1900071,1.1333771
SOWAHD,1.1900071,1.1333771
RASAL1,1.1900071,1.1333771
TAS2R13,1.1900071,1.1333771
ACKR4,1.1900071,1.1333771
SCYL2,1.1900071,1.1333771
ERAS,1.1900071,1.1333771
FAM216A,1.1900071,1.1333771
FRG2C,1.1900071,1.1333771
SLC35G6,1.1900071,1.1333771
LEPROTL1,1.1900071,1.1333771
PSMD9,1.1900071,1.1333771
SH3BGR,1.1900071,1.1333771
CAAP1,1.1900071,1.1333771
PNMT,1.1900071,1.1333771
C1orf123,1.1900071,1.1333771
ACOT1,1.1900071,1.1333771
BOD1,1.1900071,1.1333771
C5AR2,1.1900071,1.1333771
SBK3,1.1900071,1.1333771
ACKR2,1.1900071,1.1333771
IMMP1L,1.1900071,1.1333771
ARL14EP,1.1900071,1.1333771
MAP3K7CL,1.1900071,1.1333771
TXNL4A,1.1900071,1.1333771
MRPL49,1.1900071,1.1333771
IL36RN,1.1900071,1.1333771
MDC1,1.1900071,1.1333771
C1orf74,1.1900071,1.1333771
FAM136A,1.1900071,1.1333771
IER3,1.1900071,1.1333771
C12orf49,1.1900071,1.1333771
PSMG2,1.1900071,1.1333771
RASA3,1.1900071,1.1333771
NKG7,1.1900071,1.1333771
TPM2,1.1900071,1.1333771
ABHD14B,1.1900071,1.1333771
GSTM5,1.1900071,1.1333771
PRPF6,1.1900071,1.1333771
METTL7B,1.1900071,1.1333771
TFPI2,1.1900071,1.1333771
CTRB1,1.1900071,1.1333771
TEX261,1.1900071,1.1333771
C14orf180,1.1900071,1.1333771
C1orf216,1.1900071,1.1333771
RP11-248J23.6,1.1900071,1.1333771
COMMD3,1.1900071,1.1333771
PROK1,1.1900071,1.1333771
SPATS1,1.1900071,1.1333771
ISCA2,1.1900071,1.1333771
SDC3,1.1900071,1.1333771
AHSG,1.1900071,1.1333771
WDR43,1.1900071,1.1333771
GUSB,1.1900071,1.1333771
ELOVL3,1.1900071,1.1333771
CFHR2,1.1900071,1.1333771
GPR27,1.1900071,1.1333771
PRDX5,1.1900071,1.1333771
FAAP24,1.1900071,1.1333771
CFAP161,1.1900071,1.1333771
NDUFA4L2,1.1900071,1.1333771
LYG2,1.1900071,1.1333771
C12orf57,1.1900071,1.1333771
RPAIN,1.1900071,1.1333771
CDC34,1.1900071,1.1333771
FAM43B,1.1900071,1.1333771
NPY,1.1900071,1.1333771
ATP5MC2,1.1900071,1.1333771
KCNMB2,1.1900071,1.1333771
RSPH14,1.1900071,1.1333771
HIST1H3E,1.1900071,1.1333771
TBC1D2,1.1900071,1.1333771
MEI4,1.1900071,1.1333771
IZUMO2,1.1900071,1.1333771
REC114,1.1900071,1.1333771
FAM166B,1.1900071,1.1333771
TREM2,1.1900071,1.1333771
LY6E,1.1900071,1.1333771
IGDCC4,1.1900071,1.1333771
TSPYL6,1.1900071,1.1333771
C19orf71,1.1900071,1.1333771
RAMP2,1.1900071,1.1333771
SYPL1,1.1900071,1.1333771
HIST3H2A,1.1900071,1.1333771
VTCN1,1.1900071,1.1333771
GFER,1.1900071,1.1333771
CARMIL1,1.1900071,1.1333771
IER5,1.1900071,1.1333771
C6orf15,1.1900071,1.1333771
EAF2,1.1900071,1.1333771
KPNA1,1.1900071,1.1333771
GIMAP2,1.1900071,1.1333771
CLEC1A,1.1900071,1.1333771
SHISA3,1.1900071,1.1333771
GPR62,1.1900071,1.1333771
P4HTM,1.1900071,1.1333771
MC1R,1.1900071,1.1333771
NMS,1.1900071,1.1333771
DCTD,1.1900071,1.1333771
KXD1,1.1900071,1.1333771
ZDHHC22,1.1900071,1.1333771
CRISP2,1.1900071,1.1333771
FAM58A,1.1900071,1.1333771
HCAR3,1.1900071,1.1333771
CLEC9A,1.1900071,1.1333771
FAM181A,1.1900071,1.1333771
FAM19A1,1.1900071,1.1333771
PLA2G2F,1.1900071,1.1333771
TSGA13,1.1900071,1.1333771
HMGB3,1.1900071,1.1333771
ABI2,1.1900071,1.1333771
C12orf65,1.1900071,1.1333771
VENTX,1.1900071,1.1333771
LY6K,1.1900071,1.1333771
SDCBP,1.1900071,1.1333771
RNF125,1.1900071,1.1333771
PDZD9,1.1900071,1.1333771
ARPIN,1.1900071,1.1333771
HACD1,1.1900071,1.1333771
ZFAND6,1.1900071,1.1333771
HIST1H3D,1.1900071,1.1333771
BLOC1S1,1.1900071,1.1333771
ELP6,1.1900071,1.1333771
BCL7B,1.1900071,1.1333771
MYL12B,1.1900071,1.1333771
KCTD21,1.1900071,1.1333771
CNTNAP2,1.1900071,1.1333771
APOC2,1.1900071,1.1333771
CDRT15L2,1.1900071,1.1333771
ARL14,1.1900071,1.1333771
ATP6V1G2,1.1900071,1.1333771
PCNP,1.1900071,1.1333771
CX3CR1,1.1900071,1.1333771
ALDH3A1,1.1900071,1.1333771
RTN4RL1,1.1900071,1.1333771
GPR35,1.1900071,1.1333771
PRAMEF14,1.1900071,1.1333771
NABP1,1.1900071,1.1333771
PRDX2,1.1900071,1.1333771
LKAAEAR1,1.1900071,1.1333771
ANKRD22,1.1900071,1.1333771
PDGFRB,1.1900071,1.1333771
ATG101,1.1900071,1.1333771
FUNDC2,1.1900071,1.1333771
SLC10A1,1.1900071,1.1333771
CDX4,1.1900071,1.1333771
ATG12,1.1900071,1.1333771
SH3BGRL3,1.1900071,1.1333771
VGLL3,1.1900071,1.1333771
FAM84B,1.1900071,1.1333771
IL34,1.1900071,1.1333771
KCNJ2,1.1900071,1.1333771
CITED2,1.1900071,1.1333771
RBX1,1.1900071,1.1333771
APOBEC4,1.1900071,1.1333771
ERICH5,1.1900071,1.1333771
CNIH3,1.1900071,1.1333771
BATF2,1.1900071,1.1333771
MESDC2,1.1900071,1.1333771
NDUFA6,1.1900071,1.1333771
C17orf64,1.1900071,1.1333771
TNFRSF12A,1.1900071,1.1333771
TMEM177,1.1900071,1.1333771
UBE2F,1.1900071,1.1333771
ENSA,1.1900071,1.1333771
TMEM121,1.1900071,1.1333771
RBBP9,1.1900071,1.1333771
UQCRFS1,1.1900071,1.1333771
TIMM10B,1.1900071,1.1333771
TEX36,1.1900071,1.1333771
TXNDC2,1.1900071,1.1333771
HIST1H2AI,1.1900071,1.1333771
NRXN3,1.1900071,1.1333771
PDPN,1.1900071,1.1333771
NUDT16,1.1900071,1.1333771
CEBPA,1.1900071,1.1333771
MARCH3,1.1900071,1.1333771
BCL2L1,1.1900071,1.1333771
FPR2,1.1900071,1.1333771
SPZ1,1.1900071,1.1333771
C11orf86,1.1900071,1.1333771
C1GALT1C1,1.1900071,1.1333771
RABAC1,1.1900071,1.1333771
MC2R,1.1900071,1.1333771
GPX6,1.1900071,1.1333771
LAT2,1.1900071,1.1333771
CCDC106,1.1900071,1.1333771
P2RY14,1.1900071,1.1333771
MGST2,1.1900071,1.1333771
PTMA,1.1900071,1.1333771
MOAP1,1.1900071,1.1333771
TREX2,1.1900071,1.1333771
HIST4H4,1.1900071,1.1333771
GPR32,1.1900071,1.1333771
COX6B1,1.1900071,1.1333771
METTL21C,1.1900071,1.1333771
NDUFB11,1.1900071,1.1333771
SCRT2,1.1900071,1.1333771
LY6G5C,1.1900071,1.1333771
CREBZF,1.1900071,1.1333771
SP9,1.1900071,1.1333771
ZNF501,1.1900071,1.1333771
TIRAP,1.1900071,1.1333771
CLIC2,1.1900071,1.1333771
MRPL34,1.1900071,1.1333771
SLC2A4RG,1.1900071,1.1333771
PTGES3,1.1900071,1.1333771
TMEM51,1.1900071,1.1333771
TMBIM4,1.1900071,1.1333771
HIST1H4K,1.1900071,1.1333771
RHOXF1,1.1900071,1.1333771
APOLD1,1.1900071,1.1333771
TMEM50A,1.1900071,1.1333771
NUDT1,1.1900071,1.1333771
PAQR4,1.1900071,1.1333771
CD3G,1.1900071,1.1333771
GPR78,1.1900071,1.1333771
GCG,1.1900071,1.1333771
MED19,1.1900071,1.1333771
C16orf95,1.1900071,1.1333771
ADCYAP1,1.1900071,1.1333771
ZNF736,1.1900071,1.1333771
OLAH,1.1900071,1.1333771
SYCE2,1.1900071,1.1333771
SPINDOC,1.1900071,1.1333771
HIST1H2AG,1.1900071,1.1333771
FAIM,1.1900071,1.1333771
CD40LG,1.1900071,1.1333771
TAAR1,1.1900071,1.1333771
TEX264,1.1900071,1.1333771
NUDT19,1.1900071,1.1333771
ZFP42,1.1900071,1.1333771
LYG1,1.1900071,1.1333771
MRPL11,1.1900071,1.1333771
TBPL1,1.1900071,1.1333771
NCR3LG1,1.1900071,1.1333771
SLC39A1,1.1900071,1.1333771
INO80E,1.1900071,1.1333771
ADH1B,1.1900071,1.1333771
CTNND1,1.1900071,1.1333771
KCNK7,1.1900071,1.1333771
YIPF6,1.1900071,1.1333771
PRELID3A,1.1900071,1.1333771
TMEM150B,1.1900071,1.1333771
SKP1,1.1900071,1.1333771
RGS19,1.1900071,1.1333771
CEBPB,1.1900071,1.1333771
TCTN2,1.1900071,1.1333771
R3HDM4,1.1900071,1.1333771
C8orf37,1.1900071,1.1333771
TMA16,1.1900071,1.1333771
FAM151B,1.1900071,1.1333771
ZNHIT1,1.1900071,1.1333771
BRINP2,1.1900071,1.1333771
CRISP3,1.1900071,1.1333771
NDUFS5,1.1900071,1.1333771
MFAP3,1.1900071,1.1333771
C16orf87,1.1900071,1.1333771
FRAT2,1.1900071,1.1333771
SLC25A29,1.1900071,1.1333771
PLA2G5,1.1900071,1.1333771
ARHGDIG,1.1900071,1.1333771
APOBEC3C,1.1900071,1.1333771
LUZP4,1.1900071,1.1333771
NFAM1,1.1900071,1.1333771
SOCS3,1.1900071,1.1333771
TMEM186,1.1900071,1.1333771
KCNMB1,1.1900071,1.1333771
YPEL5,1.1900071,1.1333771
REG4,1.1900071,1.1333771
NAA20,1.1900071,1.1333771
P2RY13,1.1900071,1.1333771
ACRV1,1.1900071,1.1333771
ACADM,1.1900071,1.1333771
GKN2,1.1900071,1.1333771
VSIR,1.1900071,1.1333771
SH2D6,1.1900071,1.1333771
ZNF492,1.1900071,1.1333771
OCEL1,1.1900071,1.1333771
CCDC12,1.1900071,1.1333771
MOSMO,1.1900071,1.1333771
EGR3,1.1900071,1.1333771
CD200R1,1.1900071,1.1333771
TMEM11,1.1900071,1.1333771
ALDH9A1,1.1900071,1.1333771
TMEM176B,1.1900071,1.1333771
LSM12,1.1900071,1.1333771
NCF1,1.1900071,1.1333771
CD86,1.1900071,1.1333771
PSMF1,1.1900071,1.1333771
HSF2BP,1.1900071,1.1333771
SLC4A1,1.1900071,1.1333771
FOXD1,1.1900071,1.1333771
IL2RA,1.1900071,1.1333771
TGOLN2,1.1900071,1.1333771
USP27X,1.1900071,1.1333771
ACAP3,1.1900071,1.1333771
LXN,1.1900071,1.1333771
COMMD7,1.1900071,1.1333771
CFL2,1.1900071,1.1333771
PRAMEF17,1.1900071,1.1333771
CMBL,1.1900071,1.1333771
GTSF1,1.1900071,1.1333771
TMEM74,1.1900071,1.1333771
CD300C,1.1900071,1.1333771
NAA11,1.1900071,1.1333771
CD14,1.1900071,1.1333771
FNDC5,1.1900071,1.1333771
NUPL2,1.1900071,1.1333771
TAF12,1.1900071,1.1333771
UTP23,1.1900071,1.1333771
CALHM4,1.1900071,1.1333771
IZUMO4,1.1900071,1.1333771
RBM3,1.1900071,1.1333771
CYB5B,1.1900071,1.1333771
HORMAD2,1.1900071,1.1333771
RTP5,1.1900071,1.1333771
IFI27L1,1.1900071,1.1333771
HINT1,1.1900071,1.1333771
PACRGL,1.1900071,1.1333771
CASTOR1,1.1900071,1.1333771
CD300LG,1.1900071,1.1333771
CCDC68,1.1900071,1.1333771
TBC1D26,1.1900071,1.1333771
RAB31,1.1900071,1.1333771
PFN4,1.1900071,1.1333771
PRELID2,1.1900071,1.1333771
TTLL3,1.1900071,1.1333771
TMEM97,1.1900071,1.1333771
PGAM4,1.1900071,1.1333771
SH2D1A,1.1900071,1.1333771
LRG1,1.1900071,1.1333771
YPEL4,1.1900071,1.1333771
CENPH,1.1900071,1.1333771
FEV,1.1900071,1.1333771
SLAMF7,1.1900071,1.1333771
NMB,1.1900071,1.1333771
CTRB2,1.1900071,1.1333771
COMMD8,1.1900071,1.1333771
COA6,1.1900071,1.1333771
DNAJC12,1.1900071,1.1333771
CYSLTR1,1.1900071,1.1333771
CSH2,1.1900071,1.1333771
AP1S2,1.1900071,1.1333771
KIFC1,1.1900071,1.1333771
BRI3BP,1.1900071,1.1333771
HOPX,1.1900071,1.1333771
HAUS1,1.1900071,1.1333771
SLC5A2,1.1900071,1.1333771
MED29,1.1900071,1.1333771
YTHDC1,1.1900071,1.1333771
LRRC29,1.1900071,1.1333771
KIR2DL1,1.1900071,1.1333771
CARD19,1.1900071,1.1333771
CIAO2A,1.1900071,1.1333771
LRAT,1.1900071,1.1333771
EXO5,1.1900071,1.1333771
C4orf33,1.1900071,1.1333771
SCML1,1.1900071,1.1333771
DNAJC22,1.1900071,1.1333771
GDI1,1.1900071,1.1333771
HNRNPCL1,1.1900071,1.1333771
TPD52L2,1.1900071,1.1333771
C1orf174,1.1900071,1.1333771
CDKN2B,1.1900071,1.1333771
CIPC,1.1900071,1.1333771
CALML4,1.1900071,1.1333771
C1QTNF12,1.1900071,1.1333771
MXRA7,1.1900071,1.1333771
ZNF75A,1.1900071,1.1333771
RGS18,1.1900071,1.1333771
LYZ,1.1900071,1.1333771
KLB,1.1900071,1.1333771
LUM,1.1900071,1.1333771
COMMD9,1.1900071,1.1333771
HIST1H3F,1.1900071,1.1333771
CSKMT,1.1900071,1.1333771
PRAMEF2,1.1900071,1.1333771
CCDC28A,1.1900071,1.1333771
UBE2C,1.1900071,1.1333771
OTUB2,1.1900071,1.1333771
BUD31,1.1900071,1.1333771
LAMP2,1.1900071,1.1333771
TSC22D3,1.1900071,1.1333771
FAM3A,1.1900071,1.1333771
WDYHV1,1.1900071,1.1333771
CDO1,1.1900071,1.1333771
SPDYE3,1.1900071,1.1333771
LRRN4CL,1.1900071,1.1333771
CCDC58,1.1900071,1.1333771
MEDAG,1.1900071,1.1333771
VSIG4,1.1900071,1.1333771
HIST1H3C,1.1900071,1.1333771
RANBP10,1.1900071,1.1333771
ODAM,1.1900071,1.1333771
YEATS4,1.1900071,1.1333771
TMEM240,1.1900071,1.1333771
UBE2N,1.1900071,1.1333771
ZNF787,1.1900071,1.1333771
CCDC70,1.1900071,1.1333771
TMEM106A,1.1900071,1.1333771
ID3,1.1900071,1.1333771
ZNRF2,1.1900071,1.1333771
CGRRF1,1.1900071,1.1333771
PSMB11,1.1900071,1.1333771
DCUN1D2,1.1900071,1.1333771
RPP25L,1.1900071,1.1333771
GTPBP8,1.1900071,1.1333771
DAZAP2,1.1900071,1.1333771
ZNF740,1.1900071,1.1333771
C4BPB,1.1900071,1.1333771
MCUB,1.1900071,1.1333771
FOPNL,1.1900071,1.1333771
TMEM229B,1.1900071,1.1333771
PRRG4,1.1900071,1.1333771
RHD,1.1900071,1.1333771
MC5R,1.1900071,1.1333771
PEBP4,1.1900071,1.1333771
CD247,1.1900071,1.1333771
MMGT1,1.1900071,1.1333771
LRRC52,1.1900071,1.1333771
TEX101,1.1900071,1.1333771
MRPL58,1.1900071,1.1333771
TAAR6,1.1900071,1.1333771
ATL3,1.1900071,1.1333771
OAZ2,1.1900071,1.1333771
RAD51AP1,1.1900071,1.1333771
MOSPD1,1.1900071,1.1333771
CLEC4G,1.1900071,1.1333771
TNFRSF6B,1.1900071,1.1333771
PRAMEF1,1.1900071,1.1333771
ZNF626,1.1900071,1.1333771
TAF1D,1.1900071,1.1333771
TAAR5,1.1900071,1.1333771
CTNNA2,1.1900071,1.1333771
OSTC,1.1900071,1.1333771
EMC8,1.1900071,1.1333771
LYVE1,1.1900071,1.1333771
GRPEL1,1.1900071,1.1333771
TMEM98,1.1900071,1.1333771
NKAIN3,1.1900071,1.1333771
ZNRF1,1.1900071,1.1333771
TEX33,1.1900071,1.1333771
TMEM74B,1.1900071,1.1333771
ZNF486,1.1900071,1.1333771
PPP3R1,1.1900071,1.1333771
LURAP1,1.1900071,1.1333771
RPL34,1.1900071,1.1333771
NDUFB4,1.1900071,1.1333771
MAGOHB,1.1900071,1.1333771
TREML2,1.1900071,1.1333771
NRN1L,1.1900071,1.1333771
ICAM2,1.1900071,1.1333771
TMED5,1.1900071,1.1333771
PCED1B,1.1900071,1.1333771
GCLM,1.1900071,1.1333771
FCGR1A,1.1900071,1.1333771
SHISA2,1.1900071,1.1333771
DAND5,1.1900071,1.1333771
HIST1H2AL,1.1900071,1.1333771
ADH1A,1.1900071,1.1333771
TMEM196,1.1900071,1.1333771
SSMEM1,1.1900071,1.1333771
LAMP3,1.1900071,1.1333771
PSMC3IP,1.1900071,1.1333771
RHBDL2,1.1900071,1.1333771
MANSC1,1.1900071,1.1333771
APOBEC3H,1.1900071,1.1333771
TMEM121B,1.1900071,1.1333771
MTX2,1.1900071,1.1333771
R3HDML,1.1900071,1.1333771
HNRNPF,1.1900071,1.1333771
FGF7,1.1900071,1.1333771
UBE2A,1.1900071,1.1333771
RPL27A,1.1900071,1.1333771
PARD6B,1.1900071,1.1333771
GABARAPL2,1.1900071,1.1333771
IBTK,1.1900071,1.1333771
MTHFD1L,1.1900071,1.1333771
USP18,1.1900071,1.1333771
FAM107A,1.1900071,1.1333771
ZNF784,1.1900071,1.1333771
CIB4,1.1900071,1.1333771
VSTM4,1.1900071,1.1333771
LYRM1,1.1900071,1.1333771
TM4SF5,1.1900071,1.1333771
FCGR3A,1.1900071,1.1333771
NOP10,1.1900071,1.1333771
EMD,1.1900071,1.1333771
CENPBD1,1.1900071,1.1333771
PRB3,1.1900071,1.1333771
SHISAL1,1.1900071,1.1333771
TSC22D4,1.1900071,1.1333771
CEACAM6,1.1900071,1.1333771
MYADM,1.1900071,1.1333771
UBL3,1.1900071,1.1333771
NGB,1.1900071,1.1333771
ZNF506,1.1900071,1.1333771
INCA1,1.1900071,1.1333771
ORAI3,1.1900071,1.1333771
PPCDC,1.1900071,1.1333771
TRIM48,1.1900071,1.1333771
TRIM71,1.1900071,1.1333771
FAM122B,1.1900071,1.1333771
KLRC1,1.1900071,1.1333771
RTP4,1.1900071,1.1333771
ZNF138,1.1900071,1.1333771
MMRN1,1.1900071,1.1333771
CREG2,1.1900071,1.1333771
CIB3,1.1900071,1.1333771
SEC11C,1.1900071,1.1333771
STX19,1.1900071,1.1333771
BTG1,1.1900071,1.1333771
GPX3,1.1900071,1.1333771
LGALS12,1.1900071,1.1333771
C6orf163,1.1900071,1.1333771
CCNI,1.1900071,1.1333771
C16orf46,1.1900071,1.1333771
LYPLA1,1.1900071,1.1333771
GINM1,1.1900071,1.1333771
PTGDR2,1.1900071,1.1333771
KRTAP10-4,1.1900071,1.1333771
TYRP1,1.1900071,1.1333771
RHOT2,1.1900071,1.1333771
PSMB7,1.1900071,1.1333771
RBM7,1.1900071,1.1333771
ATF5,1.1900071,1.1333771
FAM222A,1.1900071,1.1333771
NTPCR,1.1900071,1.1333771
VMO1,1.1900071,1.1333771
ZNF146,1.1900071,1.1333771
RTN4R,1.1900071,1.1333771
METTL27,1.1900071,1.1333771
SRP19,1.1900071,1.1333771
SRA1,1.1900071,1.1333771
CDIP1,1.1900071,1.1333771
SLC39A3,1.1900071,1.1333771
RABIF,1.1900071,1.1333771
ARMC10,1.1900071,1.1333771
SMURF1,1.1900071,1.1333771
PGA5,1.1900071,1.1333771
RP13-996F3.4,1.1900071,1.1333771
YIPF4,1.1900071,1.1333771
CD28,1.1900071,1.1333771
FAM187B,1.1900071,1.1333771
RPL31,1.1900071,1.1333771
MED20,1.1900071,1.1333771
TMEM185B,1.1900071,1.1333771
LRRC38,1.1900071,1.1333771
ATP6V0C,1.1900071,1.1333771
SELENOF,1.1900071,1.1333771
LAMP5,1.1900071,1.1333771
CCND1,1.1900071,1.1333771
CLDN20,1.1900071,1.1333771
EPO,1.1900071,1.1333771
QPRT,1.1900071,1.1333771
GULP1,1.1900071,1.1333771
LRRC7,1.1900071,1.1333771
COPS9,1.1900071,1.1333771
INSL3,1.1900071,1.1333771
PLEKHJ1,1.1900071,1.1333771
GPR55,1.1900071,1.1333771
TBC1D21,1.1900071,1.1333771
METTL24,1.1900071,1.1333771
CLDN8,1.1900071,1.1333771
NDFIP1,1.1900071,1.1333771
CINP,1.1900071,1.1333771
BNIP3L,1.1900071,1.1333771
PEBP1,1.1900071,1.1333771
GPR15,1.1900071,1.1333771
INKA1,1.1900071,1.1333771
SDHA,1.1900071,1.1333771
GABARAP,1.1900071,1.1333771
RHBDD2,1.1900071,1.1333771
TLDC2,1.1900071,1.1333771
CCNI2,1.1900071,1.1333771
XCR1,1.1900071,1.1333771
PDC,1.1900071,1.1333771
UBE2L6,1.1900071,1.1333771
FADS6,1.1900071,1.1333771
SAMD1,1.1900071,1.1333771
NME4,1.1900071,1.1333771
MTA3,1.1900071,1.1333771
HDDC3,1.1900071,1.1333771
RAD9A,1.1900071,1.1333771
METTL18,1.1900071,1.1333771
PNMA1,1.1900071,1.1333771
ALG1L,1.1900071,1.1333771
SNAI2,1.1900071,1.1333771
RAB9B,1.1900071,1.1333771
CETN2,1.1900071,1.1333771
EBI3,1.1900071,1.1333771
POP5,1.1900071,1.1333771
RPSA,1.1900071,1.1333771
UQCRB,1.1900071,1.1333771
HDHD3,1.1900071,1.1333771
IQCF2,1.1900071,1.1333771
METTL11B,1.1900071,1.1333771
EXOSC5,1.1900071,1.1333771
MAGEA11,1.1900071,1.1333771
C19orf24,1.1900071,1.1333771
CALM2,1.1900071,1.1333771
EFCAB11,1.1900071,1.1333771
PPIF,1.1900071,1.1333771
TOR4A,1.1900071,1.1333771
CD3E,1.1900071,1.1333771
COL13A1,1.1900071,1.1333771
GGH,1.1900071,1.1333771
CHIC1,1.1900071,1.1333771
METTL5,1.1900071,1.1333771
MED18,1.1900071,1.1333771
UBE2M,1.1900071,1.1333771
C22orf15,1.1900071,1.1333771
ZNF114,1.1900071,1.1333771
CD70,1.1900071,1.1333771
FAM110D,1.1900071,1.1333771
ZADH2,1.1900071,1.1333771
TMEM134,1.1900071,1.1333771
HDGFL1,1.1900071,1.1333771
CD38,1.1900071,1.1333771
BCAP29,1.1900071,1.1333771
NPDC1,1.1900071,1.1333771
TPRG1,1.1900071,1.1333771
CCT8,1.1900071,1.1333771
CLDN25,1.1900071,1.1333771
BSND,1.1900071,1.1333771
GINS3,1.1900071,1.1333771
BCL2L10,1.1900071,1.1333771
TRIM64B,1.1900071,1.1333771
NCR3,1.1900071,1.1333771
STT3A,1.1900071,1.1333771
PTN,1.1900071,1.1333771
EYA3,1.1900071,1.1333771
PAK1,1.1900071,1.1333771
SNRPA1,1.1900071,1.1333771
KIR2DL4,1.1900071,1.1333771
NPM1,1.1900071,1.1333771
KCTD11,1.1900071,1.1333771
PIH1D2,1.1900071,1.1333771
SIKE1,1.1900071,1.1333771
HMBS,1.1900071,1.1333771
PNOC,1.1900071,1.1333771
NANOS3,1.1900071,1.1333771
GAS1,1.1900071,1.1333771
MAB21L4,1.1900071,1.1333771
ZNF691,1.1900071,1.1333771
RILPL2,1.1900071,1.1333771
SP6,1.1900071,1.1333771
HDGFL3,1.1900071,1.1333771
CXXC4,1.1900071,1.1333771
PIH1D1,1.1900071,1.1333771
TRIR,1.1900071,1.1333771
INS,1.1900071,1.1333771
PDE6D,1.1900071,1.1333771
CCDC92,1.1900071,1.1333771
TBATA,1.1900071,1.1333771
KCTD14,1.1900071,1.1333771
PMVK,1.1900071,1.1333771
U2SURP,1.1900071,1.1333771
ZNF684,1.1900071,1.1333771
NRIP3,1.1900071,1.1333771
KLK1,1.1900071,1.1333771
WFDC3,1.1900071,1.1333771
RFPL2,1.1900071,1.1333771
FAM84A,1.1900071,1.1333771
VGLL4,1.1900071,1.1333771
SYCE1L,1.1900071,1.1333771
MSRB2,1.1900071,1.1333771
LRRC69,1.1900071,1.1333771
C10orf88,1.1900071,1.1333771
ATP5PO,1.1900071,1.1333771
TSPAN19,1.1900071,1.1333771
AIMP2,1.1900071,1.1333771
HESX1,1.1900071,1.1333771
MRAP,1.1900071,1.1333771
APOO,1.1900071,1.1333771
HRASLS5,1.1900071,1.1333771
AMN1,1.1900071,1.1333771
TMEM204,1.1900071,1.1333771
ZCCHC12,1.1900071,1.1333771
HIST1H4I,1.1900071,1.1333771
C8orf86,1.1900071,1.1333771
FURIN,1.1900071,1.1333771
KATNBL1,1.1900071,1.1333771
SPRYD4,1.1900071,1.1333771
ODAPH,1.1900071,1.1333771
ITM2B,1.1900071,1.1333771
ADH7,1.1900071,1.1333771
PSMA5,1.1900071,1.1333771
RB1CC1,1.1900071,1.1333771
MOB1A,1.1900071,1.1333771
MRPL50,1.1900071,1.1333771
TAF9B,1.1900071,1.1333771
IRGC,1.1900071,1.1333771
RPP25,1.1900071,1.1333771
ZNF670,1.1900071,1.1333771
TCEANC2,1.1900071,1.1333771
CEACAM18,1.1900071,1.1333771
NAT8L,1.1900071,1.1333771
TRABD2B,1.1900071,1.1333771
PPIL1,1.1900071,1.1333771
CLEC12B,1.1900071,1.1333771
HIST1H4A,1.1900071,1.1333771
ASB12,1.1900071,1.1333771
PTGDS,1.1900071,1.1333771
LRRC2,1.1900071,1.1333771
ORM2,1.1900071,1.1333771
ZDHHC11,1.1900071,1.1333771
GLTPD2,1.1900071,1.1333771
SPAG7,1.1900071,1.1333771
PLA2G12B,1.1900071,1.1333771
CCDC74A,1.1900071,1.1333771
NQO2,1.1900071,1.1333771
CEP19,1.1900071,1.1333771
RSPRY1,1.1900071,1.1333771
AP3S2,1.1900071,1.1333771
PGP,1.1900071,1.1333771
YIPF7,1.1900071,1.1333771
NUCKS1,1.1900071,1.1333771
FXYD3,1.1900071,1.1333771
NENF,1.1900071,1.1333771
GOLGA7,1.1900071,1.1333771
DIO1,1.1900071,1.1333771
ORC6,1.1900071,1.1333771
CXorf58,1.1900071,1.1333771
FCRLA,1.1900071,1.1333771
RAET1E,1.1900071,1.1333771
NDUFS4,1.1900071,1.1333771
RNF138,1.1900071,1.1333771
MOB1B,1.1900071,1.1333771
DCAKD,1.1900071,1.1333771
MGP,1.1900071,1.1333771
RNF148,1.1900071,1.1333771
DPPA2,1.1900071,1.1333771
VOPP1,1.1900071,1.1333771
TMED6,1.1900071,1.1333771
FAM104A,1.1900071,1.1333771
MRM1,1.1900071,1.1333771
LYPD3,1.1900071,1.1333771
LYPD6B,1.1900071,1.1333771
GRIK1,1.1900071,1.1333771
A3GALT2,1.1900071,1.1333771
DMRT1,1.1900071,1.1333771
ISLR,1.1900071,1.1333771
VAV3,1.1900071,1.1333771
DHRS2,1.1900071,1.1333771
NAP1L2,1.1900071,1.1333771
ZMAT4,1.1900071,1.1333771
MARCH2,1.1900071,1.1333771
MRPS26,1.1900071,1.1333771
CLBA1,1.1900071,1.1333771
NDUFA12,1.1900071,1.1333771
ARV1,1.1900071,1.1333771
TTC16,1.1900071,1.1333771
TRIM13,1.1900071,1.1333771
NDUFAF2,1.1900071,1.1333771
PBDC1,1.1900071,1.1333771
TEX35,1.1900071,1.1333771
NTMT1,1.1900071,1.1333771
PRAMEF19,1.1900071,1.1333771
PRSS58,1.1900071,1.1333771
TBK1,1.1900071,1.1333771
ZNF385C,1.1900071,1.1333771
PTCRA,1.1900071,1.1333771
RPL10A,1.1900071,1.1333771
HIST1H3G,1.1900071,1.1333771
CBX3,1.1900071,1.1333771
ZGLP1,1.1900071,1.1333771
TPSAB1,1.1900071,1.1333771
NBPF1,1.1900071,1.1333771
MRPS34,1.1900071,1.1333771
YY2,1.1900071,1.1333771
TMEM270,1.1900071,1.1333771
COX4I2,1.1900071,1.1333771
C7orf61,1.1900071,1.1333771
GAL3ST2,1.1900071,1.1333771
PLSCR4,1.1900071,1.1333771
IFITM10,1.1900071,1.1333771
CMA1,1.1900071,1.1333771
AUNIP,1.1900071,1.1333771
PSME2,1.1900071,1.1333771
GGT6,1.1900071,1.1333771
KIF2A,1.1900071,1.1333771
FIS1,1.1900071,1.1333771
PPIB,1.1900071,1.1333771
MIXL1,1.1900071,1.1333771
GMNC,1.1900071,1.1333771
UBE2R2,1.1900071,1.1333771
GATSL1,1.1900071,1.1333771
DHFR,1.1900071,1.1333771
FBXL8,1.1900071,1.1333771
MRPL17,1.1900071,1.1333771
IL12B,1.1900071,1.1333771
DNAJB9,1.1900071,1.1333771
WBP2,1.1900071,1.1333771
HSCB,1.1900071,1.1333771
PRKCI,1.1900071,1.1333771
TMEM223,1.1900071,1.1333771
TTC9B,1.1900071,1.1333771
PHLPP2,1.1900071,1.1333771
FIGLA,1.1900071,1.1333771
URM1,1.1900071,1.1333771
NACC2,1.1900071,1.1333771
SAPCD1,1.1900071,1.1333771
FKBP3,1.1900071,1.1333771
SULT1C3,1.1900071,1.1333771
CABP5,1.1900071,1.1333771
ASGR2,1.1900071,1.1333771
CALHM5,1.1900071,1.1333771
SDC1,1.1900071,1.1333771
CCR4,1.1900071,1.1333771
APOBEC1,1.1900071,1.1333771
HACD2,1.1900071,1.1333771
CHI3L2,1.1900071,1.1333771
TCP10,1.1900071,1.1333771
TMEM40,1.1900071,1.1333771
TM4SF4,1.1900071,1.1333771
TMEM208,1.1900071,1.1333771
PID1,1.1900071,1.1333771
TMEM150C,1.1900071,1.1333771
NUDT21,1.1900071,1.1333771
TMEM164,1.1900071,1.1333771
RNF4,1.1900071,1.1333771
TIMM29,1.1900071,1.1333771
HTATIP2,1.1900071,1.1333771
TMIE,1.1900071,1.1333771
YPEL1,1.1900071,1.1333771
CDCA4,1.1900071,1.1333771
SPRYD7,1.1900071,1.1333771
RPL26L1,1.1900071,1.1333771
DMP1,1.1900071,1.1333771
C9orf66,1.1900071,1.1333771
CHAD,1.1900071,1.1333771
LAPTM4A,1.1900071,1.1333771
CNEP1R1,1.1900071,1.1333771
TWISTNB,1.1900071,1.1333771
HIST1H2AB,1.1900071,1.1333771
CMSS1,1.1900071,1.1333771
SNRPN,1.1900071,1.1333771
SLC9A1,1.1900071,1.1333771
ZNF358,1.1900071,1.1333771
SLC10A3,1.1900071,1.1333771
AS3MT,1.1900071,1.1333771
AKIRIN1,1.1900071,1.1333771
TRAPPC2,1.1900071,1.1333771
TMEM95,1.1900071,1.1333771
PLSCR2,1.1900071,1.1333771
SOX10,1.1900071,1.1333771
ADAT2,1.1900071,1.1333771
TEX26,1.1900071,1.1333771
PMEPA1,1.1900071,1.1333771
FHIT,1.1900071,1.1333771
GNPDA2,1.1900071,1.1333771
CTAGE9,1.1900071,1.1333771
TMEM138,1.1900071,1.1333771
TMEM88,1.1900071,1.1333771
AREG,1.1900071,1.1333771
NUDT16L1,1.1900071,1.1333771
BCL10,1.1900071,1.1333771
PRG3,1.1900071,1.1333771
CPLANE2,1.1900071,1.1333771
YLPM1,1.1900071,1.1333771
SARNP,1.1900071,1.1333771
BPIFB2,1.1900071,1.1333771
TSPAN6,1.1900071,1.1333771
RARRES1,1.1900071,1.1333771
ESAM,1.1900071,1.1333771
SSU72,1.1900071,1.1333771
PRR3,1.1900071,1.1333771
KCTD4,1.1900071,1.1333771
RTL4,1.1900071,1.1333771
TPBG,1.1900071,1.1333771
RPS15,1.1900071,1.1333771
METRN,1.1900071,1.1333771
MSTO1,1.1900071,1.1333771
MRPL10,1.1900071,1.1333771
SNX10,1.1900071,1.1333771
MED31,1.1900071,1.1333771
AKR7A3,1.1900071,1.1333771
EEF2KMT,1.1900071,1.1333771
CTD-2267D19.3,1.1900071,1.1333771
SIAH2,1.1900071,1.1333771
ACER1,1.1900071,1.1333771
RABL2A,1.1900071,1.1333771
CD3EAP,1.1900071,1.1333771
F2RL2,1.1900071,1.1333771
CD3D,1.1900071,1.1333771
SCN4B,1.1900071,1.1333771
CASP14,1.1900071,1.1333771
ERMN,1.1900071,1.1333771
SLC35A4,1.1900071,1.1333771
CKMT1B,1.1900071,1.1333771
BEND6,1.1900071,1.1333771
FRAT1,1.1900071,1.1333771
CEACAM21,1.1900071,1.1333771
CENPA,1.1900071,1.1333771
PRG2,1.1900071,1.1333771
TAS2R41,1.1900071,1.1333771
FAM204A,1.1900071,1.1333771
SYCP3,1.1900071,1.1333771
MRPL13,1.1900071,1.1333771
P2RY12,1.1900071,1.1333771
PPP1R42,1.1900071,1.1333771
MICB,1.1900071,1.1333771
SNRPD3,1.1900071,1.1333771
SPIN4,1.1900071,1.1333771
USP50,1.1900071,1.1333771
MFAP2,1.1900071,1.1333771
OXT,1.1900071,1.1333771
CEACAM3,1.1900071,1.1333771
ANKRD61,1.1900071,1.1333771
LHFPL1,1.1900071,1.1333771
CLSTN2,1.1900071,1.1333771
MAS1,1.1900071,1.1333771
FAM110C,1.1900071,1.1333771
PEX19,1.1900071,1.1333771
IGFBP7,1.1900071,1.1333771
C11orf65,1.1900071,1.1333771
BABAM1,1.1900071,1.1333771
KLF3,1.1900071,1.1333771
GZMH,1.1900071,1.1333771
TEF,1.1900071,1.1333771
ZNF121,1.1900071,1.1333771
GNAQ,1.1900071,1.1333771
TRIM44,1.1900071,1.1333771
DCTPP1,1.1900071,1.1333771
MCEMP1,1.1900071,1.1333771
TIGD6,1.1900071,1.1333771
GPALPP1,1.1900071,1.1333771
CREBL2,1.1900071,1.1333771
EIF3J,1.1900071,1.1333771
CPSF2,1.1900071,1.1333771
LIN7C,1.1900071,1.1333771
UTS2,1.1900071,1.1333771
MRPL1,1.1900071,1.1333771
FCGRT,1.1900071,1.1333771
RTL10,1.1900071,1.1333771
CHD1L,1.1900071,1.1333771
C1orf159,1.1900071,1.1333771
STXBP6,1.1900071,1.1333771
AKR1B10,1.1900071,1.1333771
DPRX,1.1900071,1.1333771
DMRTB1,1.1900071,1.1333771
ANKRD49,1.1900071,1.1333771
GDNF,1.1900071,1.1333771
STARD3NL,1.1900071,1.1333771
NAP1L3,1.1900071,1.1333771
LAPTM4B,1.1900071,1.1333771
ZFP36,1.1900071,1.1333771
MRPS18A,1.1900071,1.1333771
AWAT2,1.1900071,1.1333771
NPC2,1.1900071,1.1333771
CTDNEP1,1.1900071,1.1333771
TMED4,1.1900071,1.1333771
KRT85,1.1900071,1.1333771
RGN,1.1900071,1.1333771
NRBF2,1.1900071,1.1333771
DESI1,1.1900071,1.1333771
SOCS1,1.1900071,1.1333771
SLAMF9,1.1900071,1.1333771
SAP18,1.1900071,1.1333771
TMED10,1.1900071,1.1333771
MAP1LC3B,1.1900071,1.1333771
SLC10A6,1.1900071,1.1333771
EEF1AKMT3,1.1900071,1.1333771
CD164,1.1900071,1.1333771
ZDHHC19,1.1900071,1.1333771
SPSB2,1.1900071,1.1333771
AKT1S1,1.1900071,1.1333771
ZNF80,1.1900071,1.1333771
SPIN1,1.1900071,1.1333771
RBPMS,1.1900071,1.1333771
BCAP31,1.1900071,1.1333771
GOLGA7B,1.1900071,1.1333771
PRB1,1.1900071,1.1333771
CXCR6,1.1900071,1.1333771
ARGFX,1.1900071,1.1333771
DBH,1.1900071,1.1333771
PON2,1.1900071,1.1333771
CYB561D1,1.1900071,1.1333771
DUSP18,1.1900071,1.1333771
COX4I1,1.1900071,1.1333771
TRPV2,1.1900071,1.1333771
TMEM47,1.1900071,1.1333771
PAQR9,1.1900071,1.1333771
MCIDAS,1.1900071,1.1333771
GSTO2,1.1900071,1.1333771
TMEM106B,1.1900071,1.1333771
ZNRF4,1.1900071,1.1333771
NMRK2,1.1900071,1.1333771
IZUMO3,1.1900071,1.1333771
DUSP22,1.1900071,1.1333771
PILRB,1.1900071,1.1333771
DCTN3,1.1900071,1.1333771
PIGX,1.1900071,1.1333771
CCDC134,1.1900071,1.1333771
TPGS2,1.1900071,1.1333771
C12orf29,1.1900071,1.1333771
RPS9,1.1900071,1.1333771
ADM2,1.1900071,1.1333771
SPATA4,1.1900071,1.1333771
ZNF785,1.1900071,1.1333771
PPP1R35,1.1900071,1.1333771
TNFRSF9,1.1900071,1.1333771
SNX16,1.1900071,1.1333771
SYNGR3,1.1900071,1.1333771
HIST1H3I,1.1900071,1.1333771
C11orf1,1.1900071,1.1333771
NIPSNAP3B,1.1900071,1.1333771
CCNG1,1.1900071,1.1333771
UBE2I,1.1900071,1.1333771
RAP1B,1.1900071,1.1333771
LIMA1,1.1900071,1.1333771
SPC24,1.1900071,1.1333771
AGTR2,1.1900071,1.1333771
KIAA0355,1.1900071,1.1333771
CAVIN4,1.1900071,1.1333771
TMEM178B,1.1900071,1.1333771
EPPIN,1.1900071,1.1333771
YEATS2,1.1900071,1.1333771
TESC,1.1900071,1.1333771
CBLN4,1.1900071,1.1333771
NUBP2,1.1900071,1.1333771
CALML3,1.1900071,1.1333771
PTPN4,1.1900071,1.1333771
BTG3,1.1900071,1.1333771
H1FNT,1.1900071,1.1333771
CHCHD6,1.1900071,1.1333771
RPP21,1.1900071,1.1333771
TENT5D,1.1900071,1.1333771
HCAR1,1.1900071,1.1333771
GPR20,1.1900071,1.1333771
MNDA,1.1900071,1.1333771
SUSD6,1.1900071,1.1333771
PLAGL1,1.1900071,1.1333771
FKBP2,1.1900071,1.1333771
HIST1H3J,1.1900071,1.1333771
XPO4,1.1900071,1.1333771
ZCCHC13,1.1900071,1.1333771
PFN1,1.1900071,1.1333771
TRIM31,1.1900071,1.1333771
ZNF679,1.1900071,1.1333771
KCNK18,1.1900071,1.1333771
LBHD1,1.1900071,1.1333771
SNAP23,1.1900071,1.1333771
CHURC1,1.1900071,1.1333771
HRASLS,1.1900071,1.1333771
UBE2E1,1.1900071,1.1333771
DBP,1.1900071,1.1333771
MYL9,1.1900071,1.1333771
FGF23,1.1900071,1.1333771
PFN3,1.1900071,1.1333771
TLCD2,1.1900071,1.1333771
FGF1,1.1900071,1.1333771
PLEKHB1,1.1900071,1.1333771
SPTBN1,1.1900071,1.1333771
BCL2L14,1.1900071,1.1333771
OSTF1,1.1900071,1.1333771
GRAMD1B,1.1900071,1.1333771
CD1A,1.1900071,1.1333771
PGRMC1,1.1900071,1.1333771
MSANTD3,1.1900071,1.1333771
FAM110A,1.1900071,1.1333771
FGF20,1.1900071,1.1333771
PRR16,1.1900071,1.1333771
ISOC2,1.1900071,1.1333771
SPATA19,1.1900071,1.1333771
PPIP5K1,1.1900071,1.1333771
OMG,1.1900071,1.1333771
CCDC59,1.1900071,1.1333771
OAZ3,1.1900071,1.1333771
HMGB4,1.1900071,1.1333771
SIVA1,1.1900071,1.1333771
DRICH1,1.1900071,1.1333771
LHPP,1.1900071,1.1333771
SPATA32,1.1900071,1.1333771
GSTK1,1.1900071,1.1333771
SINHCAF,1.1900071,1.1333771
MTERF2,1.1900071,1.1333771
GSTM2,1.1900071,1.1333771
DNAI1,1.1900071,1.1333771
LRRC75B,1.1900071,1.1333771
ATP6V0E2,1.1900071,1.1333771
CLDN2,1.1900071,1.1333771
HIST1H2AM,1.1900071,1.1333771
FTMT,1.1900071,1.1333771
SLC31A1,1.1900071,1.1333771
TAF13,1.1900071,1.1333771
GPR65,1.1900071,1.1333771
MTG1,1.1900071,1.1333771
CEACAM8,1.1900071,1.1333771
SPEF1,1.1900071,1.1333771
MICA,1.1900071,1.1333771
CAPS,1.1900071,1.1333771
RPS7,1.1900071,1.1333771
GOLGA6L6,1.1900071,1.1333771
MYL10,1.1900071,1.1333771
PON3,1.1900071,1.1333771
CCDC166,1.1900071,1.1333771
TRAPPC1,1.1900071,1.1333771
MRPL51,1.1900071,1.1333771
IL32,1.1900071,1.1333771
UBAP1L,1.1900071,1.1333771
RGS17,1.1900071,1.1333771
TMC3,1.1900071,1.1333771
SPEM1,1.1900071,1.1333771
MRPS2,1.1900071,1.1333771
TRAPPC3,1.1900071,1.1333771
SKA3,1.1900071,1.1333771
NUTM2F,1.1900071,1.1333771
RPL28,1.1900071,1.1333771
PAPOLA,1.1900071,1.1333771
TNNC2,1.1900071,1.1333771
ZNF708,1.1900071,1.1333771
TGIF2,1.1900071,1.1333771
PAX9,1.1900071,1.1333771
RABL2B,1.1900071,1.1333771
TMEM150A,1.1900071,1.1333771
BCL7C,1.1900071,1.1333771
ZNF141,1.1900071,1.1333771
ANKRD7,1.1900071,1.1333771
MCUR1,1.1900071,1.1333771
RPL23A,1.1900071,1.1333771
CPSF4L,1.1900071,1.1333771
NAT16,1.1900071,1.1333771
STMN3,1.1900071,1.1333771
FAM162B,1.1900071,1.1333771
ZNF90,1.1900071,1.1333771
CCDC153,1.1900071,1.1333771
PRSS45,1.1900071,1.1333771
MRGPRF,1.1900071,1.1333771
PSENEN,1.1900071,1.1333771
ANAPC10,1.1900071,1.1333771
LYPD6,1.1900071,1.1333771
CCDC32,1.1900071,1.1333771
ZNF558,1.1900071,1.1333771
RPL9,1.1900071,1.1333771
RAB18,1.1900071,1.1333771
NXPH3,1.1900071,1.1333771
RXFP4,1.1900071,1.1333771
CIB2,1.1900071,1.1333771
TYW3,1.1900071,1.1333771
TMEM182,1.1900071,1.1333771
FASLG,1.1900071,1.1333771
MC4R,1.1900071,1.1333771
ELP5,1.1900071,1.1333771
IFI35,1.1900071,1.1333771
NEURL2,1.1900071,1.1333771
NCOA1,1.1900071,1.1333771
MED30,1.1900071,1.1333771
FRMPD4,1.1900071,1.1333771
SCHIP1,1.1900071,1.1333771
NOXRED1,1.1900071,1.1333771
EMB,1.1900071,1.1333771
GZMM,1.1900071,1.1333771
C19orf66,1.1900071,1.1333771
UBE2D2,1.1900071,1.1333771
CXCR1,1.1900071,1.1333771
CAPNS2,1.1900071,1.1333771
NUDT5,1.1900071,1.1333771
DTX3,1.1900071,1.1333771
SUPT4H1,1.1900071,1.1333771
STX11,1.1900071,1.1333771
AL354898.1,1.1900071,1.1333771
ZBTB11,1.1900071,1.1333771
SUMO3,1.1900071,1.1333771
TWSG1,1.1900071,1.1333771
LGALSL,1.1900071,1.1333771
EDN1,1.1900071,1.1333771
RSL24D1,1.1900071,1.1333771
SLC10A4,1.1900071,1.1333771
CTDSP2,1.1900071,1.1333771
HUS1,1.1900071,1.1333771
GP1BB,1.1900071,1.1333771
KCNC1,1.1900071,1.1333771
HMGB2,1.1900071,1.1333771
PGLYRP4,1.1900071,1.1333771
TPD52,1.1900071,1.1333771
ZNF593,1.1900071,1.1333771
RBM18,1.1900071,1.1333771
SCN8A,1.1900071,1.1333771
CLK3,1.1900071,1.1333771
HIST1H4D,1.1900071,1.1333771
C9orf47,1.1900071,1.1333771
EGR2,1.1900071,1.1333771
RPP40,1.1900071,1.1333771
NTNG1,1.1900071,1.1333771
DBI,1.1900071,1.1333771
TINAG,1.1900071,1.1333771
PROS1,1.1900071,1.1333771
LIN28B,1.1900071,1.1333771
ATP6V0B,1.1900071,1.1333771
TMED8,1.1900071,1.1333771
PEG10,1.1900071,1.1333771
TMEM185A,1.1900071,1.1333771
INSM1,1.1900071,1.1333771
SOCS2,1.1900071,1.1333771
C8G,1.1900071,1.1333771
MCRIP1,1.1900071,1.1333771
TCP10L2,1.1900071,1.1333771
DPCD,1.1900071,1.1333771
VSTM2B,1.1900071,1.1333771
ALKBH2,1.1900071,1.1333771
SYS1,1.1900071,1.1333771
PRR4,1.1900071,1.1333771
TCEANC,1.1900071,1.1333771
HSD11B1,1.1900071,1.1333771
LMO4,1.1900071,1.1333771
RHBDD3,1.1900071,1.1333771
CHD1,1.1900071,1.1333771
GPR132,1.1900071,1.1333771
CDC42EP1,1.1900071,1.1333771
PLA2G12A,1.1900071,1.1333771
ANKRD60,1.1900071,1.1333771
EEF1B2,1.1900071,1.1333771
CCDC169,1.1900071,1.1333771
ADO,1.1900071,1.1333771
LRRC3C,1.1900071,1.1333771
TRUB2,1.1900071,1.1333771
TMEM255B,1.1900071,1.1333771
ARL6IP1,1.1900071,1.1333771
DPT,1.1900071,1.1333771
LRMDA,1.1900071,1.1333771
HIST2H2AB,1.1900071,1.1333771
ODF3L1,1.1900071,1.1333771
MPZL1,1.1900071,1.1333771
TNF,1.1900071,1.1333771
TTR,1.1900071,1.1333771
GLRA1,1.1900071,1.1333771
CFH,1.1900071,1.1333771
ZNF707,1.1900071,1.1333771
H2AFZ,1.1900071,1.1333771
POLR2G,1.1900071,1.1333771
TSPO,1.1900071,1.1333771
ZSCAN4,1.1900071,1.1333771
DUSP3,1.1900071,1.1333771
TRIM77,1.1900071,1.1333771
ORAI2,1.1900071,1.1333771
ATP4B,1.1900071,1.1333771
CCDC3,1.1900071,1.1333771
RHNO1,1.1900071,1.1333771
FUT5,1.1900071,1.1333771
STEAP1B,1.1900071,1.1333771
HIST2H2AC,1.1900071,1.1333771
CHP2,1.1900071,1.1333771
SNX24,1.1900071,1.1333771
TMEM163,1.1900071,1.1333771
NKAIN2,1.1900071,1.1333771
TRIM40,1.1900071,1.1333771
LACTBL1,1.1900071,1.1333771
RFESD,1.1900071,1.1333771
SFTPA2,1.1900071,1.1333771
NPY5R,1.1900071,1.1333771
USB1,1.1900071,1.1333771
MYCT1,1.1900071,1.1333771
SLAMF6,1.1900071,1.1333771
EDARADD,1.1900071,1.1333771
DDX11,1.1900071,1.1333771
IAH1,1.1900071,1.1333771
RNF115,1.1900071,1.1333771
SUSD2,1.1900071,1.1333771
PPP1R3B,1.1900071,1.1333771
NXPH2,1.1900071,1.1333771
THYN1,1.1900071,1.1333771
WFDC8,1.1900071,1.1333771
YPEL2,1.1900071,1.1333771
EAPP,1.1900071,1.1333771
C1QBP,1.1900071,1.1333771
C3orf33,1.1900071,1.1333771
DCUN1D5,1.1900071,1.1333771
TMEM38B,1.1900071,1.1333771
PHETA2,1.1900071,1.1333771
CBLN2,1.1900071,1.1333771
GABRD,1.1900071,1.1333771
NEIL2,1.1900071,1.1333771
FBXO38,1.1900071,1.1333771
LYAR,1.1900071,1.1333771
PDGFA,1.1900071,1.1333771
NAA38,1.1900071,1.1333771
JOSD1,1.1900071,1.1333771
IGFBP1,1.1900071,1.1333771
MYPOP,1.1900071,1.1333771
TMEM268,1.1900071,1.1333771
PHYHIPL,1.1900071,1.1333771
KDELR3,1.1900071,1.1333771
FETUB,1.1900071,1.1333771
RSU1,1.1900071,1.1333771
FAM221A,1.1900071,1.1333771
EMP2,1.1900071,1.1333771
RPS19,1.1900071,1.1333771
IL1R2,1.1900071,1.1333771
ATP1A1,1.1900071,1.1333771
FNDC4,1.1900071,1.1333771
ITLN2,1.1900071,1.1333771
FAM124B,1.1900071,1.1333771
TBX1,1.1900071,1.1333771
P2RY10,1.1900071,1.1333771
ZNF32,1.1900071,1.1333771
CLEC18B,1.1900071,1.1333771
KLRK1,1.1900071,1.1333771
NMRAL1,1.1900071,1.1333771
MAMSTR,1.1900071,1.1333771
MIA,1.1900071,1.1333771
PSMB3,1.1900071,1.1333771
MREG,1.1900071,1.1333771
NME1,1.1900071,1.1333771
GPR119,1.1900071,1.1333771
PCDHGA5,1.1900071,1.1333771
YIPF5,1.1900071,1.1333771
C9orf78,1.1900071,1.1333771
APOF,1.1900071,1.1333771
TMEM267,1.1900071,1.1333771
NCALD,1.1900071,1.1333771
SIRPG,1.1900071,1.1333771
LITAF,1.1900071,1.1333771
ASGR1,1.1900071,1.1333771
PIK3CG,1.1900071,1.1333771
EMC7,1.1900071,1.1333771
ZNF682,1.1900071,1.1333771
C1QB,1.1900071,1.1333771
DNPH1,1.1900071,1.1333771
PSME3,1.1900071,1.1333771
DAZL,1.1900071,1.1333771
RHEBL1,1.1900071,1.1333771
SAXO2,1.1900071,1.1333771
SLC22A31,1.1900071,1.1333771
YAF2,1.1900071,1.1333771
GLO1,1.1900071,1.1333771
DFFA,1.1900071,1.1333771
AMIGO1,1.1900071,1.1333771
TCN1,1.1900071,1.1333771
CETN3,1.1900071,1.1333771
TMEM130,1.1900071,1.1333771
KLK3,1.1900071,1.1333771
DUSP28,1.1900071,1.1333771
AC010336.1,1.1900071,1.1333771
NCR2,1.1900071,1.1333771
POP4,1.1900071,1.1333771
CCDC34,1.1900071,1.1333771
HES2,1.1900071,1.1333771
RIC1,1.1900071,1.1333771
PEAK3,1.1900071,1.1333771
BEAN1,1.1900071,1.1333771
NFU1,1.1900071,1.1333771
LUZP2,1.1900071,1.1333771
PAQR5,1.1900071,1.1333771
EML5,1.1900071,1.1333771
TNFRSF14,1.1900071,1.1333771
ADAT3,1.1900071,1.1333771
APIP,1.1900071,1.1333771
ANP32B,1.1900071,1.1333771
RABL3,1.1900071,1.1333771
DCTN6,1.1900071,1.1333771
ABCA6,1.1900071,1.1333771
SPINT2,1.1900071,1.1333771
SERPINA7,1.1900071,1.1333771
NXPH4,1.1900071,1.1333771
ATP6AP1L,1.1900071,1.1333771
IDNK,1.1900071,1.1333771
KRTAP16-1,1.1900071,1.1333771
PTP4A1,1.1900071,1.1333771
PLSCR5,1.1900071,1.1333771
GJB7,1.1900071,1.1333771
PVRIG,1.1900071,1.1333771
TMEM45B,1.1900071,1.1333771
ZAR1L,1.1900071,1.1333771
TPSD1,1.1900071,1.1333771
CAPZA3,1.1900071,1.1333771
PDCL,1.1900071,1.1333771
ZBTB8OS,1.1900071,1.1333771
NDUFB10,1.1900071,1.1333771
FNDC11,1.1900071,1.1333771
PRR23C,1.1900071,1.1333771
MRPS11,1.1900071,1.1333771
FAM92B,1.1900071,1.1333771
ARF4,1.1900071,1.1333771
CD84,1.1900071,1.1333771
SIRPB1,1.1900071,1.1333771
ZIM3,1.1900071,1.1333771
CDCA3,1.1900071,1.1333771
CLCF1,1.1900071,1.1333771
CCR8,1.1900071,1.1333771
BAK1,1.1900071,1.1333771
MSRB3,1.1900071,1.1333771
SSTR4,1.1900071,1.1333771
C22orf31,1.1900071,1.1333771
ZNF658,1.1900071,1.1333771
ACTR3C,1.1900071,1.1333771
FAM3B,1.1900071,1.1333771
FOXR2,1.1900071,1.1333771
JUNB,1.1900071,1.1333771
FAM118A,1.1900071,1.1333771
CLDN12,1.1900071,1.1333771
SOD1,1.1900071,1.1333771
FFAR2,1.1900071,1.1333771
MOB2,1.1900071,1.1333771
THAP8,1.1900071,1.1333771
KCTD6,1.1900071,1.1333771
BCL7A,1.1900071,1.1333771
PROCA1,1.1900071,1.1333771
CASP6,1.1900071,1.1333771
IQCD,1.1900071,1.1333771
COPZ2,1.1900071,1.1333771
CALHM6,1.1900071,1.1333771
MARC2,1.1900071,1.1333771
UPK3A,1.1900071,1.1333771
NAT10,1.1900071,1.1333771
PRR25,1.1900071,1.1333771
CHIC2,1.1900071,1.1333771
SP8,1.1900071,1.1333771
RPL35A,1.1900071,1.1333771
GPR85,1.1900071,1.1333771
GCAT,1.1900071,1.1333771
MRTO4,1.1900071,1.1333771
PRXL2A,1.1900071,1.1333771
METTL21A,1.1900071,1.1333771
LTC4S,1.1900071,1.1333771
MRPL55,1.1900071,1.1333771
RALY,1.1900071,1.1333771
AMELX,1.1900071,1.1333771
NPTXR,1.1900071,1.1333771
TMEM173,1.1900071,1.1333771
SNAPC2,1.1900071,1.1333771
PCGF6,1.1900071,1.1333771
ARID2,1.1900071,1.1333771
ACKR3,1.1900071,1.1333771
DNAJC30,1.1900071,1.1333771
TIPIN,1.1900071,1.1333771
BIRC7,1.1900071,1.1333771
CLDN24,1.1900071,1.1333771
CTDSPL,1.1900071,1.1333771
METRNL,1.1900071,1.1333771
ST8SIA6,1.1900071,1.1333771
LIG3,1.1900071,1.1333771
NMU,1.1900071,1.1333771
PKN1,1.1900071,1.1333771
MARS,1.1900071,1.1333771
TMED3,1.1900071,1.1333771
ABHD14A,1.1900071,1.1333771
ORAI1,1.1900071,1.1333771
VPS29,1.1900071,1.1333771
FAM3D,1.1900071,1.1333771
RAX2,1.1900071,1.1333771
INO80B,1.1900071,1.1333771
MAGIX,1.1900071,1.1333771
TRIM51,1.1900071,1.1333771
FCAR,1.1900071,1.1333771
SLC50A1,1.1900071,1.1333771
CEP44,1.1900071,1.1333771
PROCR,1.1900071,1.1333771
UBXN10,1.1900071,1.1333771
DNAJC5B,1.1900071,1.1333771
HPCA,1.1900071,1.1333771
LRRC57,1.1900071,1.1333771
UBE2G2,1.1900071,1.1333771
BHLHA15,1.1900071,1.1333771
FIZ1,1.1900071,1.1333771
GIMAP6,1.1900071,1.1333771
NUTM2G,1.1900071,1.1333771
UGT2B17,1.1900071,1.1333771
SNRNP25,1.1900071,1.1333771
EFCAB1,1.1900071,1.1333771
ZNF280B,1.1900071,1.1333771
SPERT,1.1900071,1.1333771
NSL1,1.1900071,1.1333771
SLC39A2,1.1900071,1.1333771
UBXN2B,1.1900071,1.1333771
C6orf62,1.1900071,1.1333771
LRRC55,1.1900071,1.1333771
SYF2,1.1900071,1.1333771
GMFG,1.1900071,1.1333771
HIST1H4C,1.1900071,1.1333771
ACP1,1.1900071,1.1333771
GMPS,1.1900071,1.1333771
MOCS2,1.1900071,1.1333771
PPP1R2,1.1900071,1.1333771
MRPL48,1.1900071,1.1333771
GPER1,1.1900071,1.1333771
CEACAM4,1.1900071,1.1333771
HES4,1.1900071,1.1333771
ZDHHC4,1.1900071,1.1333771
DCXR,1.1900071,1.1333771
DUSP14,1.1900071,1.1333771
CLDN22,1.1900071,1.1333771
AKR7A2,1.1900071,1.1333771
RPL35,1.1900071,1.1333771
MRO,1.1900071,1.1333771
AQP11,1.1900071,1.1333771
ABCA3,1.1900071,1.1333771
CLIC4,1.1900071,1.1333771
CDKN3,1.1900071,1.1333771
FBXO39,1.1900071,1.1333771
TMED1,1.1900071,1.1333771
SLC22A23,1.1900071,1.1333771
MRPS7,1.1900071,1.1333771
NAT1,1.1900071,1.1333771
RAD18,1.1900071,1.1333771
PPP1R8,1.1900071,1.1333771
ISX,1.1900071,1.1333771
POLR3H,1.1900071,1.1333771
FGF21,1.1900071,1.1333771
FBXO2,1.1900071,1.1333771
ING4,1.1900071,1.1333771
PROKR1,1.1900071,1.1333771
RPS23,1.1900071,1.1333771
HSPB3,1.1900071,1.1333771
ABCB8,1.1900071,1.1333771
HIST1H4H,1.1900071,1.1333771
CHRNB4,1.1900071,1.1333771
FAM173A,1.1900071,1.1333771
AP4S1,1.1900071,1.1333771
SET,1.1900071,1.1333771
FAM185A,1.1900071,1.1333771
SLA2,1.1900071,1.1333771
ZNHIT2,1.1900071,1.1333771
SLFNL1,1.1900071,1.1333771
USP41,1.1900071,1.1333771
FERD3L,1.1900071,1.1333771
IFT46,1.1900071,1.1333771
GFRAL,1.1900071,1.1333771
OXGR1,1.1900071,1.1333771
TOMM20,1.1900071,1.1333771
GPRIN2,1.1900071,1.1333771
RNF141,1.1900071,1.1333771
CNTNAP1,1.1900071,1.1333771
SRRD,1.1900071,1.1333771
CNPY3,1.1900071,1.1333771
GSTM3,1.1900071,1.1333771
KLF15,1.1900071,1.1333771
PSMB1,1.1900071,1.1333771
KLF2,1.1900071,1.1333771
LGALS9,1.1900071,1.1333771
RPS27A,1.1900071,1.1333771
CCDC42,1.1900071,1.1333771
HSPB8,1.1900071,1.1333771
TCEAL4,1.1900071,1.1333771
ANKRD39,1.1900071,1.1333771
MGMT,1.1900071,1.1333771
RGS7BP,1.1900071,1.1333771
FAM199X,1.1900071,1.1333771
EIF3D,1.1900071,1.1333771
TTC33,1.1900071,1.1333771
PIGC,1.1900071,1.1333771
CDKN1B,1.1900071,1.1333771
FAM78B,1.1900071,1.1333771
LRRC59,1.1900071,1.1333771
ANAPC11,1.1900071,1.1333771
ZNF479,1.1900071,1.1333771
RHEB,1.1900071,1.1333771
NIP7,1.1900071,1.1333771
PSME1,1.1900071,1.1333771
SPATA13,1.1900071,1.1333771
TMEM9B,1.1900071,1.1333771
FAM110B,1.1900071,1.1333771
HIST1H2AC,1.1900071,1.1333771
LRRC25,1.1900071,1.1333771
ZNF575,1.1900071,1.1333771
BTBD8,1.1900071,1.1333771
ATP6V1E1,1.1900071,1.1333771
PRSS48,1.1900071,1.1333771
FAM47B,1.1900071,1.1333771
TCAP,1.1900071,1.1333771
CCR3,1.1900071,1.1333771
CPN2,1.1900071,1.1333771
TMEM71,1.1900071,1.1333771
NAA60,1.1900071,1.1333771
CD2BP2,1.1900071,1.1333771
ALDH3B1,1.1900071,1.1333771
CIDEA,1.1900071,1.1333771
DLGAP1,1.1900071,1.1333771
VPS37D,1.1900071,1.1333771
C4orf47,1.1900071,1.1333771
ZNF727,1.1900071,1.1333771
TIMD4,1.1900071,1.1333771
HORMAD1,1.1900071,1.1333771
NMBR,1.1900071,1.1333771
C16orf89,1.1900071,1.1333771
EPHB6,1.1900071,1.1333771
GP5,1.1900071,1.1333771
GNE,1.1900071,1.1333771
PNMA5,1.1900071,1.1333771
AMBN,1.1900071,1.1333771
ZNF716,1.1900071,1.1333771
NOL3,1.1900071,1.1333771
SNCB,1.1900071,1.1333771
DNAJC17,1.1900071,1.1333771
ALKBH7,1.1900071,1.1333771
AFF4,1.1900071,1.1333771
OTULINL,1.1900071,1.1333771
PNMA2,1.1900071,1.1333771
WDR53,1.1900071,1.1333771
CD300A,1.1900071,1.1333771
EXOSC8,1.1900071,1.1333771
TRIM16L,1.1900071,1.1333771
NIPSNAP3A,1.1900071,1.1333771
ERICH1,1.1900071,1.1333771
C2orf68,1.1900071,1.1333771
PTAFR,1.1900071,1.1333771
GDPGP1,1.1900071,1.1333771
FAM131C,1.1900071,1.1333771
SFTPA1,1.1900071,1.1333771
ATRAID,1.1900071,1.1333771
STMND1,1.1900071,1.1333771
C11orf42,1.1900071,1.1333771
NAA10,1.1900071,1.1333771
TNFAIP6,1.1900071,1.1333771
HPS5,1.1900071,1.1333771
PTS,1.1900071,1.1333771
PTCD2,1.1900071,1.1333771
TNFSF13B,1.1900071,1.1333771
YKT6,1.1900071,1.1333771
SKA1,1.1900071,1.1333771
PHYHIP,1.1900071,1.1333771
CLEC4C,1.1900071,1.1333771
SEMA4G,1.1900071,1.1333771
SYNDIG1L,1.1900071,1.1333771
HENMT1,1.1900071,1.1333771
IL10RB,1.1900071,1.1333771
ZNF93,1.1900071,1.1333771
TRPC4,1.1900071,1.1333771
ZNF557,1.1900071,1.1333771
ZNF367,1.1900071,1.1333771
CLNS1A,1.1900071,1.1333771
LHFPL2,1.1900071,1.1333771
ZFYVE21,1.1900071,1.1333771
AAR2,1.1900071,1.1333771
MC3R,1.1900071,1.1333771
NABP2,1.1900071,1.1333771
EDA2R,1.1900071,1.1333771
NAT9,1.1900071,1.1333771
MXD1,1.1900071,1.1333771
DEDD2,1.1900071,1.1333771
GPR183,1.1900071,1.1333771
SPRY4,1.1900071,1.1333771
CYB561D2,1.1900071,1.1333771
HIST1H4B,1.1900071,1.1333771
ECM1,1.1900071,1.1333771
MRPL16,1.1900071,1.1333771
GP1BA,1.1900071,1.1333771
RGS8,1.1900071,1.1333771
C11orf16,1.1900071,1.1333771
ZCCHC17,1.1900071,1.1333771
XKR9,1.1900071,1.1333771
MYBPC1,1.1900071,1.1333771
FOXJ3,1.1900071,1.1333771
MSH6,1.1900071,1.1333771
PALM,1.1900071,1.1333771
RBM24,1.1900071,1.1333771
ATOH7,1.1900071,1.1333771
MAD2L1,1.1900071,1.1333771
SRPRB,1.1900071,1.1333771
GDF5OS,1.1900071,1.1333771
ZNF562,1.1900071,1.1333771
CAVIN1,1.1900071,1.1333771
AMY2A,1.1900071,1.1333771
ZNF474,1.1900071,1.1333771
UBE2E3,1.1900071,1.1333771
PABPC4L,1.1900071,1.1333771
EMG1,1.1900071,1.1333771
KCNIP4,1.1900071,1.1333771
CABP7,1.1900071,1.1333771
ARL3,1.1900071,1.1333771
OPN1LW,1.1900071,1.1333771
NME3,1.1900071,1.1333771
TFPT,1.1900071,1.1333771
MAF1,1.1900071,1.1333771
EFL1,1.1900071,1.1333771
RAB10,1.1900071,1.1333771
C2orf70,1.1900071,1.1333771
KLHL28,1.1900071,1.1333771
MRPL9,1.1900071,1.1333771
FUT3,1.1900071,1.1333771
PRAMEF12,1.1900071,1.1333771
NFATC2IP,1.1900071,1.1333771
ATF3,1.1900071,1.1333771
SHKBP1,1.1900071,1.1333771
GINS2,1.1900071,1.1333771
C6orf141,1.1900071,1.1333771
COQ3,1.1900071,1.1333771
CDC37L1,1.1900071,1.1333771
RNASET2,1.1900071,1.1333771
FKBP7,1.1900071,1.1333771
MRPL40,1.1900071,1.1333771
TMEM222,1.1900071,1.1333771
KNOP1,1.1900071,1.1333771
NDFIP2,1.1900071,1.1333771
HPCAL4,1.1900071,1.1333771
MRM2,1.1900071,1.1333771
JAGN1,1.1900071,1.1333771
ARHGAP5,1.1900071,1.1333771
NQO1,1.1900071,1.1333771
CALHM1,1.1900071,1.1333771
KIAA1257,1.1900071,1.1333771
IL17REL,1.1900071,1.1333771
LHFPL6,1.1900071,1.1333771
PAK6,1.1900071,1.1333771
ITPRIPL2,1.1900071,1.1333771
EID3,1.1900071,1.1333771
PRKAB2,1.1900071,1.1333771
ZC2HC1B,1.1900071,1.1333771
KLF9,1.1900071,1.1333771
COPZ1,1.1900071,1.1333771
FAM206A,1.1900071,1.1333771
PHF11,1.1900071,1.1333771
RAD1,1.1900071,1.1333771
VDR,1.1900071,1.1333771
PLCXD3,1.1900071,1.1333771
MRPL28,1.1900071,1.1333771
ARNT,1.1900071,1.1333771
NDP,1.1900071,1.1333771
USP19,1.1900071,1.1333771
PRR35,1.1900071,1.1333771
MTIF3,1.1900071,1.1333771
RPL26,1.1900071,1.1333771
ELK1,1.1900071,1.1333771
ZNF764,1.1900071,1.1333771
EGFR,1.1900071,1.1333771
YDJC,1.1900071,1.1333771
SPATA31A1,1.1900071,1.1333771
GUCA1B,1.1900071,1.1333771
MOB3A,1.1900071,1.1333771
OARD1,1.1900071,1.1333771
ROGDI,1.1900071,1.1333771
PGLS,1.1900071,1.1333771
PEX11G,1.1900071,1.1333771
RAB5IF,1.1900071,1.1333771
SLC25A10,1.1900071,1.1333771
HINT2,1.1900071,1.1333771
HTR6,1.1900071,1.1333771
PLSCR1,1.1900071,1.1333771
SPESP1,1.1900071,1.1333771
LENG9,1.1900071,1.1333771
NRIP2,1.1900071,1.1333771
MAIP1,1.1900071,1.1333771
SLC9C1,1.1900071,1.1333771
KLF10,1.1900071,1.1333771
EXOSC6,1.1900071,1.1333771
MRPL35,1.1900071,1.1333771
HAUS7,1.1900071,1.1333771
ZCRB1,1.1900071,1.1333771
ODF3L2,1.1900071,1.1333771
STYXL1,1.1900071,1.1333771
TRAK1,1.1900071,1.1333771
ATP5IF1,1.1900071,1.1333771
TRIML2,1.1900071,1.1333771
HS1BP3,1.1900071,1.1333771
ZNF763,1.1900071,1.1333771
SYPL2,1.1900071,1.1333771
CXCR2,1.1900071,1.1333771
MRPS24,1.1900071,1.1333771
RPL14,1.1900071,1.1333771
PI15,1.1900071,1.1333771
SPATA48,1.1900071,1.1333771
HAX1,1.1900071,1.1333771
RGL4,1.1900071,1.1333771
BLVRB,1.1900071,1.1333771
ZNF660,1.1900071,1.1333771
RAB21,1.1900071,1.1333771
TMEM202,1.1900071,1.1333771
UBE2G1,1.1900071,1.1333771
MFAP5,1.1900071,1.1333771
FAM71F1,1.1900071,1.1333771
PSMA6,1.1900071,1.1333771
NEUROG1,1.1900071,1.1333771
SWI5,1.1900071,1.1333771
C21orf91,1.1900071,1.1333771
BORCS5,1.1900071,1.1333771
CSNK1A1L,1.1900071,1.1333771
CD79B,1.1900071,1.1333771
TACO1,1.1900071,1.1333771
FAM168A,1.1900071,1.1333771
ZNF280A,1.1900071,1.1333771
FAM219A,1.1900071,1.1333771
RBM8A,1.1900071,1.1333771
NRSN1,1.1900071,1.1333771
RAB20,1.1900071,1.1333771
LRRC46,1.1900071,1.1333771
AGAP2-AS1,1.1900071,1.1333771
PENK,1.1900071,1.1333771
LPAR3,1.1900071,1.1333771
EFNA1,1.1900071,1.1333771
MTERF3,1.1900071,1.1333771
COQ7,1.1900071,1.1333771
LHX1,1.1900071,1.1333771
SLC7A6OS,1.1900071,1.1333771
FITM2,1.1900071,1.1333771
IFT27,1.1900071,1.1333771
MEPE,1.1900071,1.1333771
DNM1L,1.1900071,1.1333771
MDFIC,1.1900071,1.1333771
BGN,1.1900071,1.1333771
ELSPBP1,1.1900071,1.1333771
ZCCHC9,1.1900071,1.1333771
CTSA,1.1900071,1.1333771
DGAT1,1.1900071,1.1333771
DRAM2,1.1900071,1.1333771
PRIM2,1.1900071,1.1333771
RAB40AL,1.1900071,1.1333771
AADAC,1.1900071,1.1333771
CNBP,1.1900071,1.1333771
VAPA,1.1900071,1.1333771
SIGLEC9,1.1900071,1.1333771
PPA1,1.1900071,1.1333771
WDR5B,1.1900071,1.1333771
FITM1,1.1900071,1.1333771
TMEM41A,1.1900071,1.1333771
HLF,1.1900071,1.1333771
ANO7,1.1900071,1.1333771
PBK,1.1900071,1.1333771
MOB3B,1.1900071,1.1333771
SYNPO2,1.1900071,1.1333771
NXPH1,1.1900071,1.1333771
PHF13,1.1900071,1.1333771
TRIM49B,1.1900071,1.1333771
TPSG1,1.1900071,1.1333771
CLEC10A,1.1900071,1.1333771
C1orf50,1.1900071,1.1333771
SAR1A,1.1900071,1.1333771
TMEM205,1.1900071,1.1333771
ZDHHC21,1.1900071,1.1333771
SLC9A3R1,1.1900071,1.1333771
DKK4,1.1900071,1.1333771
UBE2B,1.1900071,1.1333771
ANKRD34C,1.1900071,1.1333771
CCDC25,1.1900071,1.1333771
CACNA1I,1.1900071,1.1333771
IGFBP5,1.1900071,1.1333771
ISCU,1.1900071,1.1333771
EMP1,1.1900071,1.1333771
PPARD,1.1900071,1.1333771
C1orf35,1.1900071,1.1333771
SLC52A1,1.1900071,1.1333771
POTEC,1.1900071,1.1333771
SGF29,1.1900071,1.1333771
GPR3,1.1900071,1.1333771
UBA52,1.1900071,1.1333771
CENPL,1.1900071,1.1333771
GAB4,1.1900071,1.1333771
IMPDH2,1.1900071,1.1333771
BOLL,1.1900071,1.1333771
CCNG2,1.1900071,1.1333771
BDH2,1.1900071,1.1333771
CLSTN3,1.1900071,1.1333771
ZFP36L1,1.1900071,1.1333771
KIFAP3,1.1900071,1.1333771
PI16,1.1900071,1.1333771
NDUFA8,1.1900071,1.1333771
CXCR3,1.1900071,1.1333771
NGF,1.1900071,1.1333771
RPL7A,1.1900071,1.1333771
MTX3,1.1900071,1.1333771
SCAMP5,1.1900071,1.1333771
ZNF730,1.1900071,1.1333771
LDLRAP1,1.1900071,1.1333771
YOD1,1.1900071,1.1333771
CHMP4A,1.1900071,1.1333771
SFPQ,1.1900071,1.1333771
CD244,1.1900071,1.1333771
ZNF83,1.1900071,1.1333771
RIC3,1.1900071,1.1333771
CBX6,1.1900071,1.1333771
LILRB4,1.1900071,1.1333771
GIF,1.1900071,1.1333771
ACER3,1.1900071,1.1333771
TRAPPC3L,1.1900071,1.1333771
ARL6,1.1900071,1.1333771
PSMG1,1.1900071,1.1333771
PLEKHF2,1.1900071,1.1333771
KLK7,1.1900071,1.1333771
CCNC,1.1900071,1.1333771
ZSCAN16,1.1900071,1.1333771
CBR3,1.1900071,1.1333771
ZNF92,1.1900071,1.1333771
ZNF597,1.1900071,1.1333771
CCDC90B,1.1900071,1.1333771
ART3,1.1900071,1.1333771
TDRP,1.1900071,1.1333771
NT5C,1.1900071,1.1333771
STPG1,1.1900071,1.1333771
LYPLA2,1.1900071,1.1333771
IL20RB,1.1900071,1.1333771
ZSWIM1,1.1900071,1.1333771
C16orf78,1.1900071,1.1333771
ANKRD46,1.1900071,1.1333771
KCNA7,1.1900071,1.1333771
FSIP1,1.1900071,1.1333771
ENKD1,1.1900071,1.1333771
IER5L,1.1900071,1.1333771
ZBTB12,1.1900071,1.1333771
EXTL1,1.1900071,1.1333771
RHOA,1.1900071,1.1333771
ART5,1.1900071,1.1333771
PCDH12,1.1900071,1.1333771
C12orf43,1.1900071,1.1333771
GADD45GIP1,1.1900071,1.1333771
DUXA,1.1900071,1.1333771
SURF2,1.1900071,1.1333771
MANBA,1.1900071,1.1333771
TMEM200A,1.1900071,1.1333771
IGF1,1.1900071,1.1333771
SULT2A1,1.1900071,1.1333771
CPO,1.1900071,1.1333771
ADI1,1.1900071,1.1333771
CD40,1.1900071,1.1333771
RITA1,1.1900071,1.1333771
RAB40A,1.1900071,1.1333771
RNF133,1.1900071,1.1333771
C7orf57,1.1900071,1.1333771
CLUL1,1.1900071,1.1333771
C4orf51,1.1900071,1.1333771
CD68,1.1900071,1.1333771
SP7,1.1900071,1.1333771
FAM133B,1.1900071,1.1333771
BLVRA,1.1900071,1.1333771
ZBTB9,1.1900071,1.1333771
ZMAT3,1.1900071,1.1333771
ZNF732,1.1900071,1.1333771
KLK15,1.1900071,1.1333771
PRTN3,1.1900071,1.1333771
TMEM144,1.1900071,1.1333771
GPR182,1.1900071,1.1333771
SYMPK,1.1900071,1.1333771
RGS4,1.1900071,1.1333771
TAAR2,1.1900071,1.1333771
TMEM80,1.1900071,1.1333771
HDDC2,1.1900071,1.1333771
KCNK12,1.1900071,1.1333771
AURKC,1.1900071,1.1333771
TMEM200B,1.1900071,1.1333771
STX12,1.1900071,1.1333771
IRF2BP2,1.1900071,1.1333771
CCDC103,1.1900071,1.1333771
ADM,1.1900071,1.1333771
ANKH,1.1900071,1.1333771
IGFBPL1,1.1900071,1.1333771
STMN1,1.1900071,1.1333771
MOSPD3,1.1900071,1.1333771
MCOLN1,1.1900071,1.1333771
C6orf58,1.1900071,1.1333771
FAM187A,1.1900071,1.1333771
KTI12,1.1900071,1.1333771
TMEM41B,1.1900071,1.1333771
ERCC6L,1.1900071,1.1333771
UBE2E2,1.1900071,1.1333771
AP1S1,1.1900071,1.1333771
PSG11,1.1900071,1.1333771
APOL3,1.1900071,1.1333771
CCT8L2,1.1900071,1.1333771
CD300LF,1.1900071,1.1333771
LDHAL6B,1.1900071,1.1333771
NOTO,1.1900071,1.1333771
CDK11B,1.1900071,1.1333771
NCKAP5,1.1900071,1.1333771
GPR88,1.1900071,1.1333771
LILRA2,1.1900071,1.1333771
PDYN,1.1900071,1.1333771
CFHR1,1.1900071,1.1333771
RPF2,1.1900071,1.1333771
FAM47E,1.1900071,1.1333771
SLC36A3,1.1900071,1.1333771
GNAT1,1.1900071,1.1333771
MAGOH,1.1900071,1.1333771
ALKBH4,1.1900071,1.1333771
CASP3,1.1900071,1.1333771
PSG2,1.1900071,1.1333771
SPDYA,1.1900071,1.1333771
GPR139,1.1900071,1.1333771
CCDC122,1.1900071,1.1333771
MYL1,1.1900071,1.1333771
FAM47E-STBD1,1.1900071,1.1333771
PTX3,1.1900071,1.1333771
RPL17,1.1900071,1.1333771
BPIFB1,1.1900071,1.1333771
PDGFRL,1.1900071,1.1333771
COMT,1.1900071,1.1333771
CDKN1A,1.1900071,1.1333771
PYM1,1.1900071,1.1333771
POLR3GL,1.1900071,1.1333771
GRXCR2,1.1900071,1.1333771
MBLAC1,1.1900071,1.1333771
HIST1H2AH,1.1900071,1.1333771
PRXL2B,1.1900071,1.1333771
GCA,1.1900071,1.1333771
PGLYRP3,1.1900071,1.1333771
ARL15,1.1900071,1.1333771
RALYL,1.1900071,1.1333771
MRPS25,1.1900071,1.1333771
LTB,1.1900071,1.1333771
COQ10B,1.1900071,1.1333771
STX17,1.1900071,1.1333771
DCLRE1A,1.1900071,1.1333771
MAB21L3,1.1900071,1.1333771
SLX4IP,1.1900071,1.1333771
VSTM2A,1.1900071,1.1333771
VDAC3,1.1900071,1.1333771
TMEM200C,1.1900071,1.1333771
LRRC72,1.1900071,1.1333771
CS,1.1900071,1.1333771
KCNK9,1.1900071,1.1333771
F12,1.1900071,1.1333771
TMED7,1.1900071,1.1333771
VAT1,1.1900071,1.1333771
UTS2R,1.1900071,1.1333771
COPB2,1.1900071,1.1333771
SEMA3G,1.1900071,1.1333771
SIGLEC15,1.1900071,1.1333771
IL10,1.1900071,1.1333771
NUP188,1.1900071,1.1333771
MRPL21,1.1900071,1.1333771
UBTD1,1.1900071,1.1333771
TNNC1,1.1900071,1.1333771
ZNF260,1.1900071,1.1333771
CSPG5,1.1900071,1.1333771
AVP,1.1900071,1.1333771
AES,1.1900071,1.1333771
VAPB,1.1900071,1.1333771
RPP30,1.1900071,1.1333771
ASF1B,1.1900071,1.1333771
ST6GAL1,1.1900071,1.1333771
RNF166,1.1900071,1.1333771
APLNR,1.1900071,1.1333771
FMOD,1.1900071,1.1333771
SCG5,1.1900071,1.1333771
CCDC107,1.1900071,1.1333771
CEP164,1.1900071,1.1333771
PXMP4,1.1900071,1.1333771
LETMD1,1.1900071,1.1333771
EHD2,1.1900071,1.1333771
FGF10,1.1900071,1.1333771
BCCIP,1.1900071,1.1333771
ZNF696,1.1900071,1.1333771
BEND2,1.1900071,1.1333771
STIP1,1.1900071,1.1333771
UPB1,1.1900071,1.1333771
ELK4,1.1900071,1.1333771
MIF4GD,1.1900071,1.1333771
PACS1,1.1900071,1.1333771
CHSY1,1.1900071,1.1333771
C8orf58,1.1900071,1.1333771
TST,1.1900071,1.1333771
ZNF772,1.1900071,1.1333771
TMEM216,1.1900071,1.1333771
CCDC116,1.1900071,1.1333771
TMX4,1.1900071,1.1333771
ZWINT,1.1900071,1.1333771
CD320,1.1900071,1.1333771
SUCNR1,1.1900071,1.1333771
ZNF713,1.1900071,1.1333771
MR1,1.1900071,1.1333771
BMF,1.1900071,1.1333771
INPP1,1.1900071,1.1333771
C1QTNF6,1.1900071,1.1333771
SP5,1.1900071,1.1333771
MPZL2,1.1900071,1.1333771
NGRN,1.1900071,1.1333771
CRYAB,1.1900071,1.1333771
EDEM2,1.1900071,1.1333771
NFIA,1.1900071,1.1333771
CCR6,1.1900071,1.1333771
ACVRL1,1.1900071,1.1333771
ASB11,1.1900071,1.1333771
ZNF273,1.1900071,1.1333771
TRUB1,1.1900071,1.1333771
BTF3,1.1900071,1.1333771
AIG1,1.1900071,1.1333771
ZNF230,1.1900071,1.1333771
B3GNT4,1.1900071,1.1333771
LAX1,1.1900071,1.1333771
SLC35E4,1.1900071,1.1333771
POLR2H,1.1900071,1.1333771
DNASE1L1,1.1900071,1.1333771
EDN3,1.1900071,1.1333771
CFAP20,1.1900071,1.1333771
TSSK1B,1.1900071,1.1333771
ARL5A,1.1900071,1.1333771
FAM19A3,1.1900071,1.1333771
RIPK4,1.1900071,1.1333771
KCNJ4,1.1900071,1.1333771
AGFG2,1.1900071,1.1333771
PARK7,1.1900071,1.1333771
MYLPF,1.1900071,1.1333771
FAHD1,1.1900071,1.1333771
SELENOS,1.1900071,1.1333771
LAMP1,1.1900071,1.1333771
CENPU,1.1900071,1.1333771
CALM1,1.1900071,1.1333771
TMEM248,1.1900071,1.1333771
FCRL1,1.1900071,1.1333771
TARM1,1.1900071,1.1333771
RIBC2,1.1900071,1.1333771
RNPS1,1.1900071,1.1333771
STX7,1.1900071,1.1333771
UCHL3,1.1900071,1.1333771
RHOD,1.1900071,1.1333771
BTNL3,1.1900071,1.1333771
ZNF771,1.1900071,1.1333771
MRPL18,1.1900071,1.1333771
PAG1,1.1900071,1.1333771
RAB27A,1.1900071,1.1333771
MAST3,1.1900071,1.1333771
JUN,1.1900071,1.1333771
BCL2L11,1.1900071,1.1333771
DHDH,1.1900071,1.1333771
ADH5,1.1900071,1.1333771
CEACAM16,1.1900071,1.1333771
SBSN,1.1900071,1.1333771
REEP6,1.1900071,1.1333771
CDIPT,1.1900071,1.1333771
SOD2,1.1900071,1.1333771
TMEM64,1.1900071,1.1333771
TECRL,1.1900071,1.1333771
RAB17,1.1900071,1.1333771
TMEM235,1.1900071,1.1333771
TM2D2,1.1900071,1.1333771
ZNF117,1.1900071,1.1333771
IL1B,1.1900071,1.1333771
SOSTDC1,1.1900071,1.1333771
OMD,1.1900071,1.1333771
CNR2,1.1900071,1.1333771
SEL1L3,1.1900071,1.1333771
CCDC198,1.1900071,1.1333771
EIF4E1B,1.1900071,1.1333771
PDCD2L,1.1900071,1.1333771
ETFBKMT,1.1900071,1.1333771
IKZF5,1.1900071,1.1333771
CASP4,1.1900071,1.1333771
GPR101,1.1900071,1.1333771
GZMK,1.1900071,1.1333771
AQP10,1.1900071,1.1333771
ANKRD34B,1.1900071,1.1333771
TEPP,1.1900071,1.1333771
C6orf89,1.1900071,1.1333771
SCXB,1.1900071,1.1333771
C1orf109,1.1900071,1.1333771
MRPL44,1.1900071,1.1333771
EDN2,1.1900071,1.1333771
P2RY11,1.1900071,1.1333771
RNF135,1.1900071,1.1333771
NXPE1,1.1900071,1.1333771
TP53I11,1.1900071,1.1333771
DPP8,1.1900071,1.1333771
ZFP92,1.1900071,1.1333771
RIMBP3,1.1900071,1.1333771
DKK1,1.1900071,1.1333771
RAD51B,1.1900071,1.1333771
KCNK16,1.1900071,1.1333771
ITLN1,1.1900071,1.1333771
CLIC1,1.1900071,1.1333771
RAB28,1.1900071,1.1333771
CCDC83,1.1900071,1.1333771
TSSK6,1.1900071,1.1333771
KIR3DL2,1.1900071,1.1333771
DSPP,1.1900071,1.1333771
LARGE1,1.1900071,1.1333771
LRPAP1,1.1900071,1.1333771
FAM107B,1.1900071,1.1333771
ALAS2,1.1900071,1.1333771
GAN,1.1900071,1.1333771
STXBP5,1.1900071,1.1333771
ZNF519,1.1900071,1.1333771
PPIL6,1.1900071,1.1333771
RPS18,1.1900071,1.1333771
RAB27B,1.1900071,1.1333771
PHOSPHO1,1.1900071,1.1333771
PARP8,1.1900071,1.1333771
HPRT1,1.1900071,1.1333771
CCNH,1.1900071,1.1333771
BCAS1,1.1900071,1.1333771
TSPAN31,1.1900071,1.1333771
ZSCAN23,1.1900071,1.1333771
GATAD1,1.1900071,1.1333771
FAM189A1,1.1900071,1.1333771
ZMAT2,1.1900071,1.1333771
TM2D3,1.1900071,1.1333771
NDUFAF4,1.1900071,1.1333771
DBNDD2,1.1900071,1.1333771
RCVRN,1.1900071,1.1333771
RANBP1,1.1900071,1.1333771
DCAF12L1,1.1900071,1.1333771
MESP1,1.1900071,1.1333771
TNFRSF10D,1.1900071,1.1333771
HHLA2,1.1900071,1.1333771
DUS4L,1.1900071,1.1333771
ESD,1.1900071,1.1333771
SIGLEC5,1.1900071,1.1333771
MLYCD,1.1900071,1.1333771
RPS20,1.1900071,1.1333771
SIGMAR1,1.1900071,1.1333771
B3GNT3,1.1900071,1.1333771
ZNF19,1.1900071,1.1333771
CDK1,1.1900071,1.1333771
OTULIN,1.1900071,1.1333771
NXF5,1.1900071,1.1333771
PABPC5,1.1900071,1.1333771
ATP5PB,1.1900071,1.1333771
MTNR1A,1.1900071,1.1333771
C1orf198,1.1900071,1.1333771
ZNF253,1.1900071,1.1333771
PPP1R3G,1.1900071,1.1333771
F3,1.1900071,1.1333771
ANKDD1B,1.1900071,1.1333771
TMEM56,1.1900071,1.1333771
OAZ1,1.1900071,1.1333771
EIF3B,1.1900071,1.1333771
SLAMF8,1.1900071,1.1333771
SLC38A11,1.1900071,1.1333771
RAPGEF3,1.1900071,1.1333771
ZNF680,1.1900071,1.1333771
SIM1,1.1900071,1.1333771
SOWAHA,1.1900071,1.1333771
AZU1,1.1900071,1.1333771
SRSF9,1.1900071,1.1333771
TTC9,1.1900071,1.1333771
AMIGO2,1.1900071,1.1333771
PUSL1,1.1900071,1.1333771
JAZF1,1.1900071,1.1333771
TADA1,1.1900071,1.1333771
NDUFV2,1.1900071,1.1333771
CRTAM,1.1900071,1.1333771
MCL1,1.1900071,1.1333771
FAM166A,1.1900071,1.1333771
INTS13,1.1900071,1.1333771
ZNF610,1.1900071,1.1333771
MYL4,1.1900071,1.1333771
GLYATL3,1.1900071,1.1333771
TRAF1,1.1900071,1.1333771
BRICD5,1.1900071,1.1333771
LIPT1,1.1900071,1.1333771
RBM42,1.1900071,1.1333771
PDE1B,1.1900071,1.1333771
RHOG,1.1900071,1.1333771
ZCWPW2,1.1900071,1.1333771
SSR3,1.1900071,1.1333771
LPAR6,1.1900071,1.1333771
FAM71A,1.1900071,1.1333771
KRBA2,1.1900071,1.1333771
ZDHHC24,1.1900071,1.1333771
MYL3,1.1900071,1.1333771
ZNF639,1.1900071,1.1333771
FBXL14,1.1900071,1.1333771
IFNAR2,1.1900071,1.1333771
MPIG6B,1.1900071,1.1333771
TNFRSF13B,1.1900071,1.1333771
STRA8,1.1900071,1.1333771
TMUB2,1.1900071,1.1333771
TMEM9,1.1900071,1.1333771
TMX1,1.1900071,1.1333771
SYNGR1,1.1900071,1.1333771
TTLL2,1.1900071,1.1333771
ZIK1,1.1900071,1.1333771
EPC2,1.1900071,1.1333771
SLC25A52,1.1900071,1.1333771
MACROD1,1.1900071,1.1333771
C2CD4A,1.1900071,1.1333771
CFAP97,1.1900071,1.1333771
EEF1AKMT2,1.1900071,1.1333771
TUBGCP6,1.1900071,1.1333771
BRIX1,1.1900071,1.1333771
IDO1,1.1900071,1.1333771
LMO1,1.1900071,1.1333771
APOL1,1.1900071,1.1333771
USF3,1.1900071,1.1333771
NTSR2,1.1900071,1.1333771
CAV2,1.1900071,1.1333771
TNFSF15,1.1900071,1.1333771
RNF126,1.1900071,1.1333771
DRD4,1.1900071,1.1333771
RCAN2,1.1900071,1.1333771
FBXO11,1.1900071,1.1333771
ELOVL7,1.1900071,1.1333771
ENOPH1,1.1900071,1.1333771
RNF149,1.1900071,1.1333771
PCGF1,1.1900071,1.1333771
LBP,1.1900071,1.1333771
GGCT,1.1900071,1.1333771
AIDA,1.1900071,1.1333771
GPS2,1.1900071,1.1333771
THAP10,1.1900071,1.1333771
POU6F2,1.1900071,1.1333771
MYOZ1,1.1900071,1.1333771
METTL6,1.1900071,1.1333771
GPR25,1.1900071,1.1333771
RPS14,1.1900071,1.1333771
IRAK1BP1,1.1900071,1.1333771
GRPR,1.1900071,1.1333771
RPTOR,1.1900071,1.1333771
CSF1,1.1900071,1.1333771
APH1B,1.1900071,1.1333771
GSTZ1,1.1900071,1.1333771
CCR5,1.1900071,1.1333771
APOA1,1.1900071,1.1333771
NOL7,1.1900071,1.1333771
PTGDR,1.1900071,1.1333771
CXCR5,1.1900071,1.1333771
FSTL3,1.1900071,1.1333771
NCS1,1.1900071,1.1333771
LDLRAD4,1.1900071,1.1333771
AIMP1,1.1900071,1.1333771
SULT1E1,1.1900071,1.1333771
MTFR1L,1.1900071,1.1333771
SCAMP4,1.1900071,1.1333771
PDAP1,1.1900071,1.1333771
KHDC1,1.1900071,1.1333771
UBE2T,1.1900071,1.1333771
STX4,1.1900071,1.1333771
CASP1,1.1900071,1.1333771
TSPAN8,1.1900071,1.1333771
TACSTD2,1.1900071,1.1333771
CCND2,1.1900071,1.1333771
IQCG,1.1900071,1.1333771
UPF2,1.1900071,1.1333771
RPUSD3,1.1900071,1.1333771
FCER2,1.1900071,1.1333771
SULT6B1,1.1900071,1.1333771
SLC35B3,1.1900071,1.1333771
CATIP,1.1900071,1.1333771
SIRT4,1.1900071,1.1333771
ZNF177,1.1900071,1.1333771
RBMX2,1.1900071,1.1333771
YIF1A,1.1900071,1.1333771
BPIFB6,1.1900071,1.1333771
SDCBP2,1.1900071,1.1333771
MPZL3,1.1900071,1.1333771
CD207,1.1900071,1.1333771
DNAJC4,1.1900071,1.1333771
SETDB2,1.1900071,1.1333771
TOMM40L,1.1900071,1.1333771
NRP1,1.1900071,1.1333771
ZNF891,1.1900071,1.1333771
LILRA1,1.1900071,1.1333771
S1PR3,1.1900071,1.1333771
HSD17B11,1.1900071,1.1333771
NT5DC1,1.1900071,1.1333771
RPL7L1,1.1900071,1.1333771
SSSCA1,1.1900071,1.1333771
CGAS,1.1900071,1.1333771
SUPT7L,1.1900071,1.1333771
MRPL20,1.1900071,1.1333771
B3GALT6,1.1900071,1.1333771
RAB12,1.1900071,1.1333771
PRKAB1,1.1900071,1.1333771
DTD1,1.1900071,1.1333771
SNCG,1.1900071,1.1333771
MCHR1,1.1900071,1.1333771
KERA,1.1900071,1.1333771
PDCD10,1.1900071,1.1333771
IL22RA2,1.1900071,1.1333771
CACNG1,1.1900071,1.1333771
CAPZA1,1.1900071,1.1333771
MRPS18B,1.1900071,1.1333771
OXNAD1,1.1900071,1.1333771
CD8A,1.1900071,1.1333771
CCDC127,1.1900071,1.1333771
LIPJ,1.1900071,1.1333771
CMPK1,1.1900071,1.1333771
ZNF485,1.1900071,1.1333771
C1GALT1,1.1900071,1.1333771
MRPS14,1.1900071,1.1333771
PTK7,1.1900071,1.1333771
PSMA7,1.1900071,1.1333771
YIPF2,1.1900071,1.1333771
FUT6,1.1900071,1.1333771
TRH,1.1900071,1.1333771
ZNF843,1.1900071,1.1333771
RRP7A,1.1900071,1.1333771
LSM4,1.1900071,1.1333771
SNAI1,1.1900071,1.1333771
THAP6,1.1900071,1.1333771
MOGAT1,1.1900071,1.1333771
FAM76A,1.1900071,1.1333771
RNF114,1.1900071,1.1333771
ZNF677,1.1900071,1.1333771
ZNF600,1.1900071,1.1333771
OLR1,1.1900071,1.1333771
P2RY6,1.1900071,1.1333771
ZBTB43,1.1900071,1.1333771
SSB,1.1900071,1.1333771
GPR6,1.1900071,1.1333771
ANHX,1.1900071,1.1333771
MFSD12,1.1900071,1.1333771
GLI4,1.1900071,1.1333771
PAPSS2,1.1900071,1.1333771
CLEC4M,1.1900071,1.1333771
ABHD13,1.1900071,1.1333771
ZNF630,1.1900071,1.1333771
TAGLN3,1.1900071,1.1333771
RIMS1,1.1900071,1.1333771
UCHL1,1.1900071,1.1333771
BIN3,1.1900071,1.1333771
SPATA2L,1.1900071,1.1333771
CNPY4,1.1900071,1.1333771
LGALS4,1.1900071,1.1333771
SBK1,1.1900071,1.1333771
HVCN1,1.1900071,1.1333771
SMC3,1.1900071,1.1333771
PDLIM4,1.1900071,1.1333771
BORCS6,1.1900071,1.1333771
GALR1,1.1900071,1.1333771
BAG1,1.1900071,1.1333771
TMEM101,1.1900071,1.1333771
CLDN11,1.1900071,1.1333771
CFAP77,1.1900071,1.1333771
CEBPE,1.1900071,1.1333771
A1BG,1.1900071,1.1333771
IGFBP6,1.1900071,1.1333771
ZFP57,1.1900071,1.1333771
TM6SF2,1.1900071,1.1333771
C22orf23,1.1900071,1.1333771
HIST1H2AJ,1.1900071,1.1333771
UBE2S,1.1900071,1.1333771
VPS37C,1.1900071,1.1333771
TEKT1,1.1900071,1.1333771
EXOC3L2,1.1900071,1.1333771
ZNF765,1.1900071,1.1333771
S1PR4,1.1900071,1.1333771
TMEM115,1.1900071,1.1333771
SMNDC1,1.1900071,1.1333771
RAB1A,1.1900071,1.1333771
PCED1A,1.1900071,1.1333771
CCDC24,1.1900071,1.1333771
KLK4,1.1900071,1.1333771
SGTB,1.1900071,1.1333771
SNX20,1.1900071,1.1333771
SLC35E2B,1.1900071,1.1333771
NHLH2,1.1900071,1.1333771
FKBP11,1.1900071,1.1333771
SUSD5,1.1900071,1.1333771
RHCE,1.1900071,1.1333771
GPR50,1.1900071,1.1333771
WDR38,1.1900071,1.1333771
LDLRAD1,1.1900071,1.1333771
PAQR8,1.1900071,1.1333771
PHLDA1,1.1900071,1.1333771
SYNDIG1,1.1900071,1.1333771
GPR157,1.1900071,1.1333771
AKR1B1,1.1900071,1.1333771
MRPL47,1.1900071,1.1333771
SYNPR,1.1900071,1.1333771
CA2,1.1900071,1.1333771
HAUS4,1.1900071,1.1333771
OXCT2,1.1900071,1.1333771
UBE2K,1.1900071,1.1333771
ZC4H2,1.1900071,1.1333771
PMF1,1.1900071,1.1333771
RWDD2B,1.1900071,1.1333771
PYGO2,1.1900071,1.1333771
CDCP2,1.1900071,1.1333771
ELK3,1.1900071,1.1333771
NUDT18,1.1900071,1.1333771
ARC,1.1900071,1.1333771
RASSF6,1.1900071,1.1333771
TMEM255A,1.1900071,1.1333771
UBE3D,1.1900071,1.1333771
LIX1,1.1900071,1.1333771
VPS25,1.1900071,1.1333771
CYP2C19,1.1900071,1.1333771
TNKS,1.1900071,1.1333771
CXCR4,1.1900071,1.1333771
PSMB2,1.1900071,1.1333771
CD27,1.1900071,1.1333771
STX6,1.1900071,1.1333771
SSTR5,1.1900071,1.1333771
PLAGL2,1.1900071,1.1333771
SERPINA6,1.1900071,1.1333771
KDF1,1.1900071,1.1333771
SUN3,1.1900071,1.1333771
ANKRA2,1.1900071,1.1333771
TMEM109,1.1900071,1.1333771
ATPAF1,1.1900071,1.1333771
CLCN3,1.1900071,1.1333771
ZNF561,1.1900071,1.1333771
ZNF654,1.1900071,1.1333771
GINS4,1.1900071,1.1333771
OTUB1,1.1900071,1.1333771
HES7,1.1900071,1.1333771
ARPC4,1.1900071,1.1333771
RASA1,1.1900071,1.1333771
ZNF302,1.1900071,1.1333771
BCL2L13,1.1900071,1.1333771
TP53I3,1.1900071,1.1333771
NPC1L1,1.1900071,1.1333771
SWSAP1,1.1900071,1.1333771
GTF3A,1.1900071,1.1333771
IFT43,1.1900071,1.1333771
P2RY4,1.1900071,1.1333771
TMEM246,1.1900071,1.1333771
PSMB6,1.1900071,1.1333771
NUP62,1.1900071,1.1333771
GDE1,1.1900071,1.1333771
BSG,1.1900071,1.1333771
CREB3L4,1.1900071,1.1333771
S1PR2,1.1900071,1.1333771
GUCA1A,1.1900071,1.1333771
SAC3D1,1.1900071,1.1333771
HPS3,1.1900071,1.1333771
NRK,1.1900071,1.1333771
TIMM17A,1.1900071,1.1333771
ATP1B3,1.1900071,1.1333771
SLC10A2,1.1900071,1.1333771
BAX,1.1900071,1.1333771
GPR87,1.1900071,1.1333771
STARD4,1.1900071,1.1333771
TAF7L,1.1900071,1.1333771
ZMYND19,1.1900071,1.1333771
GPR180,1.1900071,1.1333771
TTC13,1.1900071,1.1333771
RHBDD1,1.1900071,1.1333771
KCNK13,1.1900071,1.1333771
CDKN1C,1.1900071,1.1333771
MYL2,1.1900071,1.1333771
CAV3,1.1900071,1.1333771
TEX45,1.1900071,1.1333771
RAB23,1.1900071,1.1333771
MTUS1,1.1900071,1.1333771
ZNF695,1.1900071,1.1333771
SYAP1,1.1900071,1.1333771
ITPA,1.1900071,1.1333771
SHISA7,1.1900071,1.1333771
ANP32E,1.1900071,1.1333771
DYNC2LI1,1.1900071,1.1333771
ICAM4,1.1900071,1.1333771
SPDEF,1.1900071,1.1333771
THEG,1.1900071,1.1333771
DAPP1,1.1900071,1.1333771
CRYGC,1.1900071,1.1333771
ASPDH,1.1900071,1.1333771
PRB4,1.1900071,1.1333771
SERPINA12,1.1900071,1.1333771
RAB3B,1.1900071,1.1333771
ZNF737,1.1900071,1.1333771
TNFSF10,1.1900071,1.1333771
MAD2L2,1.1900071,1.1333771
ZNF468,1.1900071,1.1333771
PSMD14,1.1900071,1.1333771
RNASEH1,1.1900071,1.1333771
JMJD8,1.1900071,1.1333771
GZMA,1.1900071,1.1333771
DUSP2,1.1900071,1.1333771
AKR1C4,1.1900071,1.1333771
DGKD,1.1900071,1.1333771
CFDP1,1.1900071,1.1333771
CASP12,1.1900071,1.1333771
RAB19,1.1900071,1.1333771
AEN,1.1900071,1.1333771
AQP9,1.1900071,1.1333771
SLC39A9,1.1900071,1.1333771
PBLD,1.1900071,1.1333771
MRPS23,1.1900071,1.1333771
FYCO1,1.1900071,1.1333771
TRMT10C,1.1900071,1.1333771
TSSK4,1.1900071,1.1333771
PDIA2,1.1900071,1.1333771
OPN1SW,1.1900071,1.1333771
CCER1,1.1900071,1.1333771
LARP6,1.1900071,1.1333771
SPIB,1.1900071,1.1333771
MSC,1.1900071,1.1333771
ANTXR1,1.1900071,1.1333771
UPK3B,1.1900071,1.1333771
B3GALT5,1.1900071,1.1333771
MRPL39,1.1900071,1.1333771
TTC36,1.1900071,1.1333771
UBAP1,1.1900071,1.1333771
NEUROG2,1.1900071,1.1333771
OLIG1,1.1900071,1.1333771
SPI1,1.1900071,1.1333771
CRYGB,1.1900071,1.1333771
HSH2D,1.1900071,1.1333771
BCAS2,1.1900071,1.1333771
SFN,1.1900071,1.1333771
STAP2,1.1900071,1.1333771
VCPKMT,1.1900071,1.1333771
GEMIN2,1.1900071,1.1333771
MED7,1.1900071,1.1333771
FAM102B,1.1900071,1.1333771
SEC22C,1.1900071,1.1333771
MED4,1.1900071,1.1333771
FBXO27,1.1900071,1.1333771
MYOG,1.1900071,1.1333771
CAPSL,1.1900071,1.1333771
PQLC3,1.1900071,1.1333771
ANXA2,1.1900071,1.1333771
SPATA6L,1.1900071,1.1333771
CA6,1.1900071,1.1333771
VPS37B,1.1900071,1.1333771
CCNDBP1,1.1900071,1.1333771
GJC3,1.1900071,1.1333771
TAF7,1.1900071,1.1333771
C1QA,1.1900071,1.1333771
CD1D,1.1900071,1.1333771
TUBB8,1.1900071,1.1333771
DENND5A,1.1900071,1.1333771
GYG2,1.1900071,1.1333771
BRS3,1.1900071,1.1333771
HDGF,1.1900071,1.1333771
OSTM1,1.1900071,1.1333771
FAM47C,1.1900071,1.1333771
CSRP3,1.1900071,1.1333771
CHI3L1,1.1900071,1.1333771
DUPD1,1.1900071,1.1333771
ICAM1,1.1900071,1.1333771
SNAP47,1.1900071,1.1333771
METTL9,1.1900071,1.1333771
FEZ2,1.1900071,1.1333771
ARF6,1.1900071,1.1333771
DKK3,1.1900071,1.1333771
EFNA5,1.1900071,1.1333771
SRD5A3,1.1900071,1.1333771
WBP2NL,1.1900071,1.1333771
ESX1,1.1900071,1.1333771
TMED9,1.1900071,1.1333771
ADORA1,1.1900071,1.1333771
KPNA6,1.1900071,1.1333771
HELT,1.1900071,1.1333771
LRFN3,1.1900071,1.1333771
NUP35,1.1900071,1.1333771
NHLH1,1.1900071,1.1333771
INKA2,1.1900071,1.1333771
LRRC58,1.1900071,1.1333771
GPA33,1.1900071,1.1333771
GTF2A1,1.1900071,1.1333771
PEX11A,1.1900071,1.1333771
C7orf26,1.1900071,1.1333771
ECI2,1.1900071,1.1333771
KHDRBS1,1.1900071,1.1333771
FGFR1OP,1.1900071,1.1333771
PRUNE1,1.1900071,1.1333771
TCF23,1.1900071,1.1333771
GPR68,1.1900071,1.1333771
GTPBP10,1.1900071,1.1333771
UBXN1,1.1900071,1.1333771
CYB561A3,1.1900071,1.1333771
SPARC,1.1900071,1.1333771
COL9A2,1.1900071,1.1333771
S1PR5,1.1900071,1.1333771
HPCAL1,1.1900071,1.1333771
ZNF621,1.1900071,1.1333771
EML3,1.1900071,1.1333771
TMEM53,1.1900071,1.1333771
ZNF703,1.1900071,1.1333771
TVP23A,1.1900071,1.1333771
EGLN3,1.1900071,1.1333771
NFATC4,1.1900071,1.1333771
C19orf54,1.1900071,1.1333771
TTC9C,1.1900071,1.1333771
KCNK1,1.1900071,1.1333771
GSDMB,1.1900071,1.1333771
OLIG2,1.1900071,1.1333771
UBAC1,1.1900071,1.1333771
MMP10,1.1900071,1.1333771
FBXO8,1.1900071,1.1333771
SLC36A2,1.1900071,1.1333771
ABCF3,1.1900071,1.1333771
SRSF10,1.1900071,1.1333771
ZNF37A,1.1900071,1.1333771
CDX1,1.1900071,1.1333771
TSPAN3,1.1900071,1.1333771
EHD1,1.1900071,1.1333771
CHAC1,1.1900071,1.1333771
RAB43,1.1900071,1.1333771
PIM3,1.1900071,1.1333771
BBS2,1.1900071,1.1333771
FERMT1,1.1900071,1.1333771
TPRN,1.1900071,1.1333771
PLCXD2,1.1900071,1.1333771
NXPE2,1.1900071,1.1333771
TMEM136,1.1900071,1.1333771
YAE1,1.1900071,1.1333771
SEC14L6,1.1900071,1.1333771
CIDEB,1.1900071,1.1333771
TRPM5,1.1900071,1.1333771
ZNF728,1.1900071,1.1333771
AMMECR1,1.1900071,1.1333771
SEC22A,1.1900071,1.1333771
DUOXA2,1.1900071,1.1333771
YTHDF3,1.1900071,1.1333771
SALL1,1.1900071,1.1333771
POPDC3,1.1900071,1.1333771
ALKBH5,1.1900071,1.1333771
U2AF1L4,1.1900071,1.1333771
SSBP1,1.1900071,1.1333771
POTEE,1.1900071,1.1333771
NRAS,1.1900071,1.1333771
MB21D2,1.1900071,1.1333771
BAMBI,1.1900071,1.1333771
CCDC8,1.1900071,1.1333771
DPH6,1.1900071,1.1333771
FTSJ1,1.1900071,1.1333771
ZNF747,1.1900071,1.1333771
TRMT10B,1.1900071,1.1333771
SMAD7,1.1900071,1.1333771
IMPAD1,1.1900071,1.1333771
ACTRT1,1.1900071,1.1333771
RBFA,1.1900071,1.1333771
ZNF678,1.1900071,1.1333771
ZFAND3,1.1900071,1.1333771
KCNF1,1.1900071,1.1333771
ART1,1.1900071,1.1333771
CDH8,1.1900071,1.1333771
C2orf69,1.1900071,1.1333771
RPL13,1.1900071,1.1333771
MGST3,1.1900071,1.1333771
PCMT1,1.1900071,1.1333771
SURF6,1.1900071,1.1333771
BORA,1.1900071,1.1333771
SDF4,1.1900071,1.1333771
UBL7,1.1900071,1.1333771
CHORDC1,1.1900071,1.1333771
LY6G6F,1.1900071,1.1333771
PROKR2,1.1900071,1.1333771
LRRC14B,1.1900071,1.1333771
GPR150,1.1900071,1.1333771
RNF215,1.1900071,1.1333771
TSPAN1,1.1900071,1.1333771
CYP2C9,1.1900071,1.1333771
PNO1,1.1900071,1.1333771
FCN3,1.1900071,1.1333771
CNTD1,1.1900071,1.1333771
CLIC3,1.1900071,1.1333771
SFRP2,1.1900071,1.1333771
THAP1,1.1900071,1.1333771
HMOX1,1.1900071,1.1333771
GPR34,1.1900071,1.1333771
LRIT2,1.1900071,1.1333771
CCDC159,1.1900071,1.1333771
PLIN3,1.1900071,1.1333771
CD1C,1.1900071,1.1333771
TMEM38A,1.1900071,1.1333771
OGN,1.1900071,1.1333771
ZSCAN5A,1.1900071,1.1333771
GPR137C,1.1900071,1.1333771
GGPS1,1.1900071,1.1333771
F11R,1.1900071,1.1333771
ZNF17,1.1900071,1.1333771
PRR5,1.1900071,1.1333771
AK4,1.1900071,1.1333771
FAM221B,1.1900071,1.1333771
PTGER1,1.1900071,1.1333771
ASB13,1.1900071,1.1333771
CEACAM1,1.1900071,1.1333771
CD72,1.1900071,1.1333771
TAF8,1.1900071,1.1333771
HDAC1,1.1900071,1.1333771
MND1,1.1900071,1.1333771
EGR4,1.1900071,1.1333771
KLF12,1.1900071,1.1333771
EPDR1,1.1900071,1.1333771
CHMP1B,1.1900071,1.1333771
ZNF572,1.1900071,1.1333771
UBLCP1,1.1900071,1.1333771
APP,1.1900071,1.1333771
EPSTI1,1.1900071,1.1333771
CD99L2,1.1900071,1.1333771
CCR1,1.1900071,1.1333771
HEXIM2,1.1900071,1.1333771
ATAD2B,1.1900071,1.1333771
CARD8,1.1900071,1.1333771
PAQR7,1.1900071,1.1333771
TDRD10,1.1900071,1.1333771
ECHDC1,1.1900071,1.1333771
KCNIP3,1.1900071,1.1333771
CA5B,1.1900071,1.1333771
PGRMC2,1.1900071,1.1333771
MRPL24,1.1900071,1.1333771
RHOJ,1.1900071,1.1333771
NUP37,1.1900071,1.1333771
MSMO1,1.1900071,1.1333771
POLR1D,1.1900071,1.1333771
CIDEC,1.1900071,1.1333771
TWIST1,1.1900071,1.1333771
CPSF4,1.1900071,1.1333771
CD4,1.1900071,1.1333771
DUSP23,1.1900071,1.1333771
B3GNT5,1.1900071,1.1333771
XRCC2,1.1900071,1.1333771
PGPEP1,1.1900071,1.1333771
SIGLEC6,1.1900071,1.1333771
CUTA,1.1900071,1.1333771
POLB,1.1900071,1.1333771
CXorf36,1.1900071,1.1333771
FRA10AC1,1.1900071,1.1333771
SLC37A4,1.1900071,1.1333771
HRG,1.1900071,1.1333771
CHMP4B,1.1900071,1.1333771
HNRNPH2,1.1900071,1.1333771
TVP23C,1.1900071,1.1333771
CGREF1,1.1900071,1.1333771
ZNF460,1.1900071,1.1333771
CFAP300,1.1900071,1.1333771
WDR73,1.1900071,1.1333771
MAJIN,1.1900071,1.1333771
ACSM6,1.1900071,1.1333771
SRSF3,1.1900071,1.1333771
ZNF844,1.1900071,1.1333771
RSRP1,1.1900071,1.1333771
TPMT,1.1900071,1.1333771
RPS24,1.1900071,1.1333771
CRKL,1.1900071,1.1333771
SV2C,1.1900071,1.1333771
ADPRHL2,1.1900071,1.1333771
STEAP1,1.1900071,1.1333771
CYB5D1,1.1900071,1.1333771
MARC1,1.1900071,1.1333771
MTERF4,1.1900071,1.1333771
GCNA,1.1900071,1.1333771
PECR,1.1900071,1.1333771
ZNF773,1.1900071,1.1333771
DDIT4,1.1900071,1.1333771
CTSO,1.1900071,1.1333771
MRPL32,1.1900071,1.1333771
ARL4D,1.1900071,1.1333771
ZNF586,1.1900071,1.1333771
RAB9A,1.1900071,1.1333771
RRAS2,1.1900071,1.1333771
HSD17B7,1.1900071,1.1333771
CLDN6,1.1900071,1.1333771
MNAT1,1.1900071,1.1333771
ZNF232,1.1900071,1.1333771
KANSL1,1.1900071,1.1333771
RFNG,1.1900071,1.1333771
SDR16C5,1.1900071,1.1333771
CD34,1.1900071,1.1333771
HEMGN,1.1900071,1.1333771
DOHH,1.1900071,1.1333771
ASPHD1,1.1900071,1.1333771
FGF9,1.1900071,1.1333771
CTB-133G6.1,1.1900071,1.1333771
RSPH9,1.1900071,1.1333771
HRH4,1.1900071,1.1333771
LAD1,1.1900071,1.1333771
CH25H,1.1900071,1.1333771
MTNR1B,1.1900071,1.1333771
NKX3-1,1.1900071,1.1333771
TMEM229A,1.1900071,1.1333771
SPHK1,1.1900071,1.1333771
AGAP6,1.1900071,1.1333771
IFNGR1,1.1900071,1.1333771
KLHL12,1.1900071,1.1333771
LACC1,1.1900071,1.1333771
PRELID1,1.1900071,1.1333771
CHMP6,1.1900071,1.1333771
VPS26C,1.1900071,1.1333771
CAVIN2,1.1900071,1.1333771
SPDYE1,1.1900071,1.1333771
SERF2,1.1900071,1.1333771
CNMD,1.1900071,1.1333771
C11orf54,1.1900071,1.1333771
PROP1,1.1900071,1.1333771
SHARPIN,1.1900071,1.1333771
RHOH,1.1900071,1.1333771
SERPINA5,1.1900071,1.1333771
ARF5,1.1900071,1.1333771
ZNF623,1.1900071,1.1333771
C10orf120,1.1900071,1.1333771
PRKAG2,1.1900071,1.1333771
RPS17,1.1900071,1.1333771
CCDC91,1.1900071,1.1333771
LRRC34,1.1900071,1.1333771
RPS13,1.1900071,1.1333771
AAGAB,1.1900071,1.1333771
TAGLN,1.1900071,1.1333771
TMEM236,1.1900071,1.1333771
ZNF414,1.1900071,1.1333771
DMRTA2,1.1900071,1.1333771
RNF167,1.1900071,1.1333771
CLRN2,1.1900071,1.1333771
KCNK3,1.1900071,1.1333771
DEPTOR,1.1900071,1.1333771
HHLA1,1.1900071,1.1333771
VDAC1,1.1900071,1.1333771
FBXO45,1.1900071,1.1333771
FSTL1,1.1900071,1.1333771
GPR17,1.1900071,1.1333771
CD180,1.1900071,1.1333771
EVPLL,1.1900071,1.1333771
LRP11,1.1900071,1.1333771
MMP7,1.1900071,1.1333771
MUL1,1.1900071,1.1333771
ANXA5,1.1900071,1.1333771
RAB3C,1.1900071,1.1333771
C2CD4B,1.1900071,1.1333771
EME2,1.1900071,1.1333771
RCN1,1.1900071,1.1333771
DFFB,1.1900071,1.1333771
CXorf38,1.1900071,1.1333771
PNPLA4,1.1900071,1.1333771
GTF2A1L,1.1900071,1.1333771
JAML,1.1900071,1.1333771
SNRPB,1.1900071,1.1333771
CLDN17,1.1900071,1.1333771
ITGB1BP2,1.1900071,1.1333771
CA1,1.1900071,1.1333771
KHDRBS2,1.1900071,1.1333771
TP53TG5,1.1900071,1.1333771
BPIFC,1.1900071,1.1333771
CHPT1,1.1900071,1.1333771
SLC35G2,1.1900071,1.1333771
ERCC1,1.1900071,1.1333771
NDUFB8,1.1900071,1.1333771
CFAP73,1.1900071,1.1333771
ZNF296,1.1900071,1.1333771
MITD1,1.1900071,1.1333771
DERL2,1.1900071,1.1333771
RRAGB,1.1900071,1.1333771
TERF2IP,1.1900071,1.1333771
CAV1,1.1900071,1.1333771
PSPH,1.1900071,1.1333771
DLG1,1.1900071,1.1333771
FOLR3,1.1900071,1.1333771
APOH,1.1900071,1.1333771
SIRPA,1.1900071,1.1333771
HGF,1.1900071,1.1333771
RCN2,1.1900071,1.1333771
UBE2D3,1.1900071,1.1333771
SPATA31A3,1.1900071,1.1333771
MRPL22,1.1900071,1.1333771
QPCTL,1.1900071,1.1333771
TAGLN2,1.1900071,1.1333771
ARHGDIA,1.1900071,1.1333771
GLUD1,1.1900071,1.1333771
S100PBP,1.1900071,1.1333771
AKR1E2,1.1900071,1.1333771
LILRA4,1.1900071,1.1333771
ZNF681,1.1900071,1.1333771
AMER2,1.1900071,1.1333771
C19orf44,1.1900071,1.1333771
GPR4,1.1900071,1.1333771
SLC9B1,1.1900071,1.1333771
TMEM70,1.1900071,1.1333771
SERPINB7,1.1900071,1.1333771
UNC119B,1.1900071,1.1333771
POMK,1.1900071,1.1333771
KDELR1,1.1900071,1.1333771
NCBP2,1.1900071,1.1333771
C6orf118,1.1900071,1.1333771
CLTA,1.1900071,1.1333771
CYTIP,1.1900071,1.1333771
IZUMO1R,1.1900071,1.1333771
VTA1,1.1900071,1.1333771
DMRTC2,1.1900071,1.1333771
ZNF683,1.1900071,1.1333771
NPY1R,1.1900071,1.1333771
PDPK1,1.1900071,1.1333771
KNSTRN,1.1900071,1.1333771
AMZ2,1.1900071,1.1333771
GOSR2,1.1900071,1.1333771
STX1B,1.1900071,1.1333771
MAPRE3,1.1900071,1.1333771
ZNF830,1.1900071,1.1333771
TESMIN,1.1900071,1.1333771
SAAL1,1.1900071,1.1333771
RAD9B,1.1900071,1.1333771
C12orf66,1.1900071,1.1333771
NOP16,1.1900071,1.1333771
AMIGO3,1.1900071,1.1333771
LRTM1,1.1900071,1.1333771
REXO2,1.1900071,1.1333771
ANXA10,1.1900071,1.1333771
RLN3,1.1900071,1.1333771
NSA2,1.1900071,1.1333771
F2RL1,1.1900071,1.1333771
YBX3,1.1900071,1.1333771
FBXL16,1.1900071,1.1333771
RPS6,1.1900071,1.1333771
PRPF18,1.1900071,1.1333771
TIPRL,1.1900071,1.1333771
MTRF1L,1.1900071,1.1333771
TIMM17B,1.1900071,1.1333771
TMC5,1.1900071,1.1333771
PILRA,1.1900071,1.1333771
GRK2,1.1900071,1.1333771
C5AR1,1.1900071,1.1333771
PLIN5,1.1900071,1.1333771
BEND5,1.1900071,1.1333771
C19orf67,1.1900071,1.1333771
ERBIN,1.1900071,1.1333771
FAM69A,1.1900071,1.1333771
CCDC97,1.1900071,1.1333771
TIMM23,1.1900071,1.1333771
ADORA2B,1.1900071,1.1333771
OCSTAMP,1.1900071,1.1333771
SPDYE4,1.1900071,1.1333771
CHDC2,1.1900071,1.1333771
SULT1C4,1.1900071,1.1333771
IGBP1,1.1900071,1.1333771
ZNF676,1.1900071,1.1333771
ZNF304,1.1900071,1.1333771
MED15,1.1900071,1.1333771
KLF17,1.1900071,1.1333771
LIPF,1.1900071,1.1333771
CTBS,1.1900071,1.1333771
SETD9,1.1900071,1.1333771
ZNF649,1.1900071,1.1333771
RASL12,1.1900071,1.1333771
CCDC85C,1.1900071,1.1333771
IDO2,1.1900071,1.1333771
TEFM,1.1900071,1.1333771
AP1AR,1.1900071,1.1333771
GUCD1,1.1900071,1.1333771
ZNF577,1.1900071,1.1333771
ZP3,1.1900071,1.1333771
ZXDB,1.1900071,1.1333771
TBC1D7,1.1900071,1.1333771
TNFRSF18,1.1900071,1.1333771
OCIAD1,1.1900071,1.1333771
MKLN1,1.1900071,1.1333771
VPS4A,1.1900071,1.1333771
WDTC1,1.1900071,1.1333771
P2RY1,1.1900071,1.1333771
TIMP1,1.1900071,1.1333771
AIFM2,1.1900071,1.1333771
KLHDC8B,1.1900071,1.1333771
ZNF155,1.1900071,1.1333771
AZIN1,1.1900071,1.1333771
TSPYL5,1.1900071,1.1333771
TRNAU1AP,1.1900071,1.1333771
EHHADH,1.1900071,1.1333771
PSG8,1.1900071,1.1333771
RHOU,1.1900071,1.1333771
RNF185,1.1900071,1.1333771
EVA1C,1.1900071,1.1333771
PSG4,1.1900071,1.1333771
TEKT4,1.1900071,1.1333771
NOX4,1.1900071,1.1333771
NUP50,1.1900071,1.1333771
RPL24,1.1900071,1.1333771
PIGO,1.1900071,1.1333771
RND3,1.1900071,1.1333771
RPS11,1.1900071,1.1333771
C12orf56,1.1900071,1.1333771
PRR11,1.1900071,1.1333771
COL4A3BP,1.1900071,1.1333771
IFNGR2,1.1900071,1.1333771
CYHR1,1.1900071,1.1333771
CCDC69,1.1900071,1.1333771
ZXDA,1.1900071,1.1333771
CHODL,1.1900071,1.1333771
ETV3L,1.1900071,1.1333771
KSR2,1.1900071,1.1333771
TMEM206,1.1900071,1.1333771
IGFLR1,1.1900071,1.1333771
FAM69C,1.1900071,1.1333771
MGLL,1.1900071,1.1333771
PDLIM1,1.1900071,1.1333771
CREB3,1.1900071,1.1333771
RPF1,1.1900071,1.1333771
ASB8,1.1900071,1.1333771
ELF5,1.1900071,1.1333771
NPY2R,1.1900071,1.1333771
ZNF556,1.1900071,1.1333771
KLHL42,1.1900071,1.1333771
PSMA4,1.1900071,1.1333771
PPM1K,1.1900071,1.1333771
TNFSF14,1.1900071,1.1333771
PRCC,1.1900071,1.1333771
TMEM199,1.1900071,1.1333771
C1orf100,1.1900071,1.1333771
CLTB,1.1900071,1.1333771
CFD,1.1900071,1.1333771
ANXA3,1.1900071,1.1333771
GDF15,1.1900071,1.1333771
HTR1E,1.1900071,1.1333771
SLC35C1,1.1900071,1.1333771
TACR2,1.1900071,1.1333771
RNASEH2B,1.1900071,1.1333771
C15orf41,1.1900071,1.1333771
ELOVL6,1.1900071,1.1333771
SLC38A8,1.1900071,1.1333771
RAB5A,1.1900071,1.1333771
GLIPR1L2,1.1900071,1.1333771
POU5F2,1.1900071,1.1333771
CCSAP,1.1900071,1.1333771
ZBP1,1.1900071,1.1333771
LSP1,1.1900071,1.1333771
IL6R,1.1900071,1.1333771
RRH,1.1900071,1.1333771
RASL11A,1.1900071,1.1333771
SYT13,1.1900071,1.1333771
STX8,1.1900071,1.1333771
MAT2B,1.1900071,1.1333771
ANKRD23,1.1900071,1.1333771
SBSPON,1.1900071,1.1333771
NCOA6,1.1900071,1.1333771
AJAP1,1.1900071,1.1333771
ZSCAN1,1.1900071,1.1333771
GNB1L,1.1900071,1.1333771
ARR3,1.1900071,1.1333771
RAB8B,1.1900071,1.1333771
HTR1D,1.1900071,1.1333771
CTRL,1.1900071,1.1333771
TCP11,1.1900071,1.1333771
BSPRY,1.1900071,1.1333771
C18orf25,1.1900071,1.1333771
DEGS1,1.1900071,1.1333771
YIPF1,1.1900071,1.1333771
DGCR6L,1.1900071,1.1333771
SDR9C7,1.1900071,1.1333771
GCNT1,1.1900071,1.1333771
APOL2,1.1900071,1.1333771
KCNK17,1.1900071,1.1333771
CD96,1.1900071,1.1333771
BST1,1.1900071,1.1333771
PRDM12,1.1900071,1.1333771
KLF7,1.1900071,1.1333771
RAB7A,1.1900071,1.1333771
IFIT3,1.1900071,1.1333771
SAMD12,1.1900071,1.1333771
ODR4,1.1900071,1.1333771
SLC6A12,1.1900071,1.1333771
ZNF749,1.1900071,1.1333771
SUGT1,1.1900071,1.1333771
PAK4,1.1900071,1.1333771
DSN1,1.1900071,1.1333771
RDH14,1.1900071,1.1333771
PALM2,1.1900071,1.1333771
TRPT1,1.1900071,1.1333771
FCRL2,1.1900071,1.1333771
SCG3,1.1900071,1.1333771
HS3ST5,1.1900071,1.1333771
DND1,1.1900071,1.1333771
PEX5L,1.1900071,1.1333771
RBM41,1.1900071,1.1333771
CCDC74B,1.1900071,1.1333771
MED22,1.1900071,1.1333771
IL18R1,1.1900071,1.1333771
FAM50B,1.1900071,1.1333771
ELAC1,1.1900071,1.1333771
INSM2,1.1900071,1.1333771
SPPL2C,1.1900071,1.1333771
SYNGR2,1.1900071,1.1333771
CRYGD,1.1900071,1.1333771
GPX7,1.1900071,1.1333771
HES1,1.1900071,1.1333771
SLC16A11,1.1900071,1.1333771
TNFRSF10B,1.1900071,1.1333771
TGM7,1.1900071,1.1333771
GPR52,1.1900071,1.1333771
ACHE,1.1900071,1.1333771
SKAP2,1.1900071,1.1333771
SIGLEC7,1.1900071,1.1333771
FAM170A,1.1900071,1.1333771
CCR2,1.1900071,1.1333771
CLDN23,1.1900071,1.1333771
GPR39,1.1900071,1.1333771
INHBC,1.1900071,1.1333771
DCAF4L1,1.1900071,1.1333771
HNRNPC,1.1900071,1.1333771
GFOD2,1.1900071,1.1333771
ZFPM2,1.1900071,1.1333771
ANXA1,1.1900071,1.1333771
MRPL46,1.1900071,1.1333771
ZIC5,1.1900071,1.1333771
RAB38,1.1900071,1.1333771
FAM76B,1.1900071,1.1333771
NPTX1,1.1900071,1.1333771
WDR77,1.1900071,1.1333771
C21orf58,1.1900071,1.1333771
SH2D5,1.1900071,1.1333771
AGTR1,1.1900071,1.1333771
TUT7,1.1900071,1.1333771
MPV17L,1.1900071,1.1333771
ALDH5A1,1.1900071,1.1333771
RILP,1.1900071,1.1333771
CNTFR,1.1900071,1.1333771
ST6GALNAC3,1.1900071,1.1333771
PCNA,1.1900071,1.1333771
SFTPD,1.1900071,1.1333771
TMEM234,1.1900071,1.1333771
RAB22A,1.1900071,1.1333771
LZTFL1,1.1900071,1.1333771
MTFP1,1.1900071,1.1333771
SLC7A10,1.1900071,1.1333771
SIRT3,1.1900071,1.1333771
CLDND1,1.1900071,1.1333771
BPGM,1.1900071,1.1333771
PSMC3,1.1900071,1.1333771
CASP5,1.1900071,1.1333771
DCSTAMP,1.1900071,1.1333771
NTAN1,1.1900071,1.1333771
MSRA,1.1900071,1.1333771
SERPINB1,1.1900071,1.1333771
CRYBG1,1.1900071,1.1333771
ZBTB26,1.1900071,1.1333771
PSG5,1.1900071,1.1333771
COPG1,1.1900071,1.1333771
GPR45,1.1900071,1.1333771
VDAC2,1.1900071,1.1333771
KLK13,1.1900071,1.1333771
KCNK15,1.1900071,1.1333771
IFNAR1,1.1900071,1.1333771
MTFR1,1.1900071,1.1333771
GATD1,1.1900071,1.1333771
ADPRH,1.1900071,1.1333771
GNPDA1,1.1900071,1.1333771
DNASE2,1.1900071,1.1333771
BCL2L12,1.1900071,1.1333771
CRYGN,1.1900071,1.1333771
GID4,1.1900071,1.1333771
ACTL10,1.1900071,1.1333771
MTX1,1.1900071,1.1333771
MLNR,1.1900071,1.1333771
RSL1D1,1.1900071,1.1333771
PARD6G,1.1900071,1.1333771
BRCC3,1.1900071,1.1333771
NCF4,1.1900071,1.1333771
CLDN9,1.1900071,1.1333771
DTWD2,1.1900071,1.1333771
ISOC1,1.1900071,1.1333771
CRIP3,1.1900071,1.1333771
GH2,1.1900071,1.1333771
ZNF174,1.1900071,1.1333771
SLC35D3,1.1900071,1.1333771
ARTN,1.1900071,1.1333771
WDR55,1.1900071,1.1333771
EXOSC1,1.1900071,1.1333771
HPGD,1.1900071,1.1333771
HOXD8,1.1900071,1.1333771
PSMB9,1.1900071,1.1333771
GPANK1,1.1900071,1.1333771
FAM118B,1.1900071,1.1333771
TSPAN12,1.1900071,1.1333771
SAP30BP,1.1900071,1.1333771
POTEF,1.1900071,1.1333771
NCR1,1.1900071,1.1333771
TBX18,1.1900071,1.1333771
SEC24B,1.1900071,1.1333771
POLR2E,1.1900071,1.1333771
TXNL1,1.1900071,1.1333771
TSNAX,1.1900071,1.1333771
RANGRF,1.1900071,1.1333771
CDH22,1.1900071,1.1333771
LENG1,1.1900071,1.1333771
PROC,1.1900071,1.1333771
PSPN,1.1900071,1.1333771
APLF,1.1900071,1.1333771
ABCG2,1.1900071,1.1333771
PUM2,1.1900071,1.1333771
ZNF382,1.1900071,1.1333771
PRSS37,1.1900071,1.1333771
FBXO4,1.1900071,1.1333771
AKR1C1,1.1900071,1.1333771
TPP1,1.1900071,1.1333771
MAP9,1.1900071,1.1333771
DNALI1,1.1900071,1.1333771
CTSL,1.1900071,1.1333771
ZPBP2,1.1900071,1.1333771
PALMD,1.1900071,1.1333771
CD1B,1.1900071,1.1333771
CTBP1,1.1900071,1.1333771
CFAP43,1.1900071,1.1333771
ISG20L2,1.1900071,1.1333771
RIMS3,1.1900071,1.1333771
ZNF878,1.1900071,1.1333771
CCR9,1.1900071,1.1333771
ZNF430,1.1900071,1.1333771
MORN3,1.1900071,1.1333771
ZNF25,1.1900071,1.1333771
TMEM192,1.1900071,1.1333771
EGR1,1.1900071,1.1333771
GIN1,1.1900071,1.1333771
CNBD1,1.1900071,1.1333771
KLK5,1.1900071,1.1333771
CBX7,1.1900071,1.1333771
CCT5,1.1900071,1.1333771
GPR63,1.1900071,1.1333771
WDR31,1.1900071,1.1333771
GPR135,1.1900071,1.1333771
ZNF692,1.1900071,1.1333771
PPEF1,1.1900071,1.1333771
TSPYL1,1.1900071,1.1333771
KIR3DL1,1.1900071,1.1333771
PSMD4,1.1900071,1.1333771
UBQLNL,1.1900071,1.1333771
BHMT2,1.1900071,1.1333771
ADRB2,1.1900071,1.1333771
AQP7,1.1900071,1.1333771
ZNF514,1.1900071,1.1333771
FGF5,1.1900071,1.1333771
YIPF3,1.1900071,1.1333771
RNF181,1.1900071,1.1333771
LDHAL6A,1.1900071,1.1333771
RANBP9,1.1900071,1.1333771
ZNF587B,1.1900071,1.1333771
ZNF550,1.1900071,1.1333771
VSNL1,1.1900071,1.1333771
SRSF12,1.1900071,1.1333771
MRPL15,1.1900071,1.1333771
MOGAT2,1.1900071,1.1333771
RASSF4,1.1900071,1.1333771
ACP7,1.1900071,1.1333771
ZBTB32,1.1900071,1.1333771
NTF4,1.1900071,1.1333771
CCDC189,1.1900071,1.1333771
SLC35B1,1.1900071,1.1333771
TPRG1L,1.1900071,1.1333771
BRMS1,1.1900071,1.1333771
ZC2HC1A,1.1900071,1.1333771
TRMO,1.1900071,1.1333771
KCNK5,1.1900071,1.1333771
MPZ,1.1900071,1.1333771
TMX2,1.1900071,1.1333771
R3HCC1,1.1900071,1.1333771
SLC35D1,1.1900071,1.1333771
LRRC15,1.1900071,1.1333771
VSIG8,1.1900071,1.1333771
CLU,1.1900071,1.1333771
PLPP6,1.1900071,1.1333771
ZNF154,1.1900071,1.1333771
NOVA2,1.1900071,1.1333771
TSR3,1.1900071,1.1333771
HOXD11,1.1900071,1.1333771
C6orf136,1.1900071,1.1333771
EFNA2,1.1900071,1.1333771
PTRH1,1.1900071,1.1333771
THUMPD1,1.1900071,1.1333771
CENPO,1.1900071,1.1333771
RBM34,1.1900071,1.1333771
CACUL1,1.1900071,1.1333771
PSMA2,1.1900071,1.1333771
ASB1,1.1900071,1.1333771
ERMAP,1.1900071,1.1333771
LIF,1.1900071,1.1333771
ALG14,1.1900071,1.1333771
SLC35E3,1.1900071,1.1333771
NUSAP1,1.1900071,1.1333771
SNRNP27,1.1900071,1.1333771
DPH5,1.1900071,1.1333771
RNH1,1.1900071,1.1333771
ZNF701,1.1900071,1.1333771
FAM83A,1.1900071,1.1333771
RERGL,1.1900071,1.1333771
TMEM25,1.1900071,1.1333771
COPG2,1.1900071,1.1333771
KAZALD1,1.1900071,1.1333771
MRPS31,1.1900071,1.1333771
PPTC7,1.1900071,1.1333771
HEMK1,1.1900071,1.1333771
DIRAS2,1.1900071,1.1333771
SAMD7,1.1900071,1.1333771
TOR3A,1.1900071,1.1333771
E2F5,1.1900071,1.1333771
MRPL3,1.1900071,1.1333771
YWHAB,1.1900071,1.1333771
C3AR1,1.1900071,1.1333771
CTDP1,1.1900071,1.1333771
GPR18,1.1900071,1.1333771
TIMP4,1.1900071,1.1333771
TRIM52,1.1900071,1.1333771
EFS,1.1900071,1.1333771
STC2,1.1900071,1.1333771
TUBG1,1.1900071,1.1333771
MAPRE1,1.1900071,1.1333771
ZFP3,1.1900071,1.1333771
SOD3,1.1900071,1.1333771
C3orf30,1.1900071,1.1333771
MAFK,1.1900071,1.1333771
GPR174,1.1900071,1.1333771
DHRS4L2,1.1900071,1.1333771
C1QTNF7,1.1900071,1.1333771
YWHAE,1.1900071,1.1333771
ZNF3,1.1900071,1.1333771
NFE2,1.1900071,1.1333771
EPYC,1.1900071,1.1333771
DIO2,1.1900071,1.1333771
SLBP,1.1900071,1.1333771
UHMK1,1.1900071,1.1333771
GPR151,1.1900071,1.1333771
SCCPDH,1.1900071,1.1333771
KHDRBS3,1.1900071,1.1333771
THTPA,1.1900071,1.1333771
PLPP5,1.1900071,1.1333771
C14orf93,1.1900071,1.1333771
CBLN1,1.1900071,1.1333771
FN3KRP,1.1900071,1.1333771
PODXL2,1.1900071,1.1333771
TOMM40,1.1900071,1.1333771
TIGD5,1.1900071,1.1333771
SLC35A1,1.1900071,1.1333771
C2CD4C,1.1900071,1.1333771
SSTR1,1.1900071,1.1333771
AKAP7,1.1900071,1.1333771
UPP2,1.1900071,1.1333771
ATP6V1E2,1.1900071,1.1333771
POLR2M,1.1900071,1.1333771
CCM2,1.1900071,1.1333771
SBK2,1.1900071,1.1333771
WBP1,1.1900071,1.1333771
NUCB2,1.1900071,1.1333771
PHETA1,1.1900071,1.1333771
EXOSC3,1.1900071,1.1333771
ZNF860,1.1900071,1.1333771
CCDC183,1.1900071,1.1333771
LINS1,1.1900071,1.1333771
XRCC4,1.1900071,1.1333771
HABP4,1.1900071,1.1333771
STYX,1.1900071,1.1333771
SPPL2A,1.1900071,1.1333771
DIMT1,1.1900071,1.1333771
BCDIN3D,1.1900071,1.1333771
FAM53B,1.1900071,1.1333771
ERGIC2,1.1900071,1.1333771
F2R,1.1900071,1.1333771
GLOD4,1.1900071,1.1333771
PTP4A3,1.1900071,1.1333771
AMY2B,1.1900071,1.1333771
WDR74,1.1900071,1.1333771
JAM2,1.1900071,1.1333771
FLRT1,1.1900071,1.1333771
PRAME,1.1900071,1.1333771
MEAF6,1.1900071,1.1333771
MED24,1.1900071,1.1333771
CYP2C18,1.1900071,1.1333771
HOXA7,1.1900071,1.1333771
NSUN3,1.1900071,1.1333771
WASHC4,1.1900071,1.1333771
C7,1.1900071,1.1333771
STX2,1.1900071,1.1333771
YWHAH,1.1900071,1.1333771
PELO,1.1900071,1.1333771
ZNF587,1.1900071,1.1333771
RSPO4,1.1900071,1.1333771
DHRS4,1.1900071,1.1333771
RP11-159G9.5,1.1900071,1.1333771
MARCH11,1.1900071,1.1333771
ERI3,1.1900071,1.1333771
IBSP,1.1900071,1.1333771
ZNF100,1.1900071,1.1333771
C3orf38,1.1900071,1.1333771
FAM71B,1.1900071,1.1333771
TRMT9B,1.1900071,1.1333771
TSPYL4,1.1900071,1.1333771
PRSS55,1.1900071,1.1333771
CNN3,1.1900071,1.1333771
ZC3H10,1.1900071,1.1333771
KISS1R,1.1900071,1.1333771
ZC3H15,1.1900071,1.1333771
TBC1D20,1.1900071,1.1333771
DRAXIN,1.1900071,1.1333771
DUSP9,1.1900071,1.1333771
RNF26,1.1900071,1.1333771
CFAP157,1.1900071,1.1333771
OLIG3,1.1900071,1.1333771
DIRAS1,1.1900071,1.1333771
AVPR2,1.1900071,1.1333771
ZNF419,1.1900071,1.1333771
ZNF320,1.1900071,1.1333771
LHFPL5,1.1900071,1.1333771
ATP1B4,1.1900071,1.1333771
VPS28,1.1900071,1.1333771
CTHRC1,1.1900071,1.1333771
CASP9,1.1900071,1.1333771
BNIPL,1.1900071,1.1333771
GAPDH,1.1900071,1.1333771
GRAMD2A,1.1900071,1.1333771
DCAF4L2,1.1900071,1.1333771
UFC1,1.1900071,1.1333771
HRH2,1.1900071,1.1333771
ANKRD40,1.1900071,1.1333771
B9D2,1.1900071,1.1333771
FBXO6,1.1900071,1.1333771
PURB,1.1900071,1.1333771
STK26,1.1900071,1.1333771
MED8,1.1900071,1.1333771
ZNF404,1.1900071,1.1333771
GPATCH4,1.1900071,1.1333771
ZNF285,1.1900071,1.1333771
TSPAN7,1.1900071,1.1333771
P2RX1,1.1900071,1.1333771
MMD2,1.1900071,1.1333771
EPHB2,1.1900071,1.1333771
OC90,1.1900071,1.1333771
ELOVL1,1.1900071,1.1333771
BPI,1.1900071,1.1333771
FRZB,1.1900071,1.1333771
RSPH1,1.1900071,1.1333771
NTM,1.1900071,1.1333771
STX5,1.1900071,1.1333771
ZNF566,1.1900071,1.1333771
CCNY,1.1900071,1.1333771
FFAR4,1.1900071,1.1333771
ST3GAL1,1.1900071,1.1333771
RETREG1,1.1900071,1.1333771
RPA2,1.1900071,1.1333771
SYT8,1.1900071,1.1333771
P2RX4,1.1900071,1.1333771
EIF4H,1.1900071,1.1333771
TOR1A,1.1900071,1.1333771
CENPP,1.1900071,1.1333771
ORC5,1.1900071,1.1333771
MEIOB,1.1900071,1.1333771
CCR10,1.1900071,1.1333771
FBXL18,1.1900071,1.1333771
OTUD6B,1.1900071,1.1333771
SDHC,1.1900071,1.1333771
PSKH2,1.1900071,1.1333771
VASH1,1.1900071,1.1333771
ARL2,1.1900071,1.1333771
SPG21,1.1900071,1.1333771
GPR75,1.1900071,1.1333771
RPS4X,1.1900071,1.1333771
ZNF286B,1.1900071,1.1333771
FAM69B,1.1900071,1.1333771
WDR18,1.1900071,1.1333771
HEPACAM2,1.1900071,1.1333771
KDELR2,1.1900071,1.1333771
RPRD1A,1.1900071,1.1333771
EGFL7,1.1900071,1.1333771
ALKBH6,1.1900071,1.1333771
PSAPL1,1.1900071,1.1333771
CLDN15,1.1900071,1.1333771
TMEM106C,1.1900071,1.1333771
TMBIM1,1.1900071,1.1333771
ELMOD1,1.1900071,1.1333771
TSPAN13,1.1900071,1.1333771
C1QL1,1.1900071,1.1333771
AKR1D1,1.1900071,1.1333771
SERPINB9,1.1900071,1.1333771
TRIM64C,1.1900071,1.1333771
LPAR1,1.1900071,1.1333771
GALM,1.1900071,1.1333771
PLEKHA3,1.1900071,1.1333771
SULT2B1,1.1900071,1.1333771
XPA,1.1900071,1.1333771
SAP30L,1.1900071,1.1333771
NUP205,1.1900071,1.1333771
ASIC5,1.1900071,1.1333771
KCNIP1,1.1900071,1.1333771
STXBP5L,1.1900071,1.1333771
FANCD2,1.1900071,1.1333771
RAC2,1.1900071,1.1333771
TMEM19,1.1900071,1.1333771
EIF3F,1.1900071,1.1333771
IL5RA,1.1900071,1.1333771
RGR,1.1900071,1.1333771
ZNF417,1.1900071,1.1333771
PRRT2,1.1900071,1.1333771
SNAPC1,1.1900071,1.1333771
C9orf72,1.1900071,1.1333771
BVES,1.1900071,1.1333771
WIPF1,1.1900071,1.1333771
RPS8,1.1900071,1.1333771
ILKAP,1.1900071,1.1333771
PIP4K2A,1.1900071,1.1333771
PVR,1.1900071,1.1333771
ZNF69,1.1900071,1.1333771
HSDL2,1.1900071,1.1333771
CDKL4,1.1900071,1.1333771
ZNF669,1.1900071,1.1333771
TMPPE,1.1900071,1.1333771
SAR1B,1.1900071,1.1333771
ZNF429,1.1900071,1.1333771
ZNF497,1.1900071,1.1333771
ZNF439,1.1900071,1.1333771
GH1,1.1900071,1.1333771
ALS2CR12,1.1900071,1.1333771
NOL12,1.1900071,1.1333771
ARMC1,1.1900071,1.1333771
ZDHHC15,1.1900071,1.1333771
GSDME,1.1900071,1.1333771
ZNF134,1.1900071,1.1333771
CCNYL1,1.1900071,1.1333771
GPR173,1.1900071,1.1333771
B3GALNT1,1.1900071,1.1333771
FBXO16,1.1900071,1.1333771
PGBD4,1.1900071,1.1333771
GNRHR,1.1900071,1.1333771
TMPRSS12,1.1900071,1.1333771
NANS,1.1900071,1.1333771
FGFR1,1.1900071,1.1333771
RBKS,1.1900071,1.1333771
SDHD,1.1900071,1.1333771
EMP3,1.1900071,1.1333771
HTR5A,1.1900071,1.1333771
MTERF1,1.1900071,1.1333771
PANX3,1.1900071,1.1333771
TTL,1.1900071,1.1333771
GPRIN3,1.1900071,1.1333771
PTER,1.1900071,1.1333771
CCDC36,1.1900071,1.1333771
ZNF793,1.1900071,1.1333771
STRN4,1.1900071,1.1333771
PIGU,1.1900071,1.1333771
TCF19,1.1900071,1.1333771
GPR12,1.1900071,1.1333771
GHITM,1.1900071,1.1333771
RBM11,1.1900071,1.1333771
HSD17B12,1.1900071,1.1333771
KLF1,1.1900071,1.1333771
ZNF212,1.1900071,1.1333771
FAHD2B,1.1900071,1.1333771
LAYN,1.1900071,1.1333771
NEUROD4,1.1900071,1.1333771
TLK1,1.1900071,1.1333771
ANGPTL5,1.1900071,1.1333771
SERTAD4,1.1900071,1.1333771
PYGO1,1.1900071,1.1333771
HEXIM1,1.1900071,1.1333771
ZNF239,1.1900071,1.1333771
RPL19,1.1900071,1.1333771
TREX1,1.1900071,1.1333771
F2RL3,1.1900071,1.1333771
PPP1R3F,1.1900071,1.1333771
ZNF611,1.1900071,1.1333771
RNF112,1.1900071,1.1333771
ECHS1,1.1900071,1.1333771
ZNF579,1.1900071,1.1333771
IDI1,1.1900071,1.1333771
ZFAND2B,1.1900071,1.1333771
TMEM59,1.1900071,1.1333771
TTC4,1.1900071,1.1333771
TLCD1,1.1900071,1.1333771
DTNBP1,1.1900071,1.1333771
CHIA,1.1900071,1.1333771
CD46,1.1900071,1.1333771
HEY2,1.1900071,1.1333771
METTL8,1.1900071,1.1333771
ARID3C,1.1900071,1.1333771
GGN,1.1900071,1.1333771
NFKBIB,1.1900071,1.1333771
ATP5S,1.1900071,1.1333771
TMEM178A,1.1900071,1.1333771
INSYN2,1.1900071,1.1333771
HPDL,1.1900071,1.1333771
ARL4C,1.1900071,1.1333771
APOL5,1.1900071,1.1333771
CPT2,1.1900071,1.1333771
HP1BP3,1.1900071,1.1333771
TEKT5,1.1900071,1.1333771
CRY2,1.1900071,1.1333771
EIF3K,1.1900071,1.1333771
C1orf87,1.1900071,1.1333771
AICDA,1.1900071,1.1333771
PIANP,1.1900071,1.1333771
ZFP69B,1.1900071,1.1333771
ABI3,1.1900071,1.1333771
CA4,1.1900071,1.1333771
SNX30,1.1900071,1.1333771
RMDN1,1.1900071,1.1333771
NKX1-2,1.1900071,1.1333771
VSIG1,1.1900071,1.1333771
SRI,1.1900071,1.1333771
CECR2,1.1900071,1.1333771
MYL6B,1.1900071,1.1333771
LDHC,1.1900071,1.1333771
SERPINB3,1.1900071,1.1333771
SELENOP,1.1900071,1.1333771
ODF1,1.1900071,1.1333771
C14orf28,1.1900071,1.1333771
COX18,1.1900071,1.1333771
RIT2,1.1900071,1.1333771
LIM2,1.1900071,1.1333771
BTN3A1,1.1900071,1.1333771
FANCB,1.1900071,1.1333771
TRIM15,1.1900071,1.1333771
PSG1,1.1900071,1.1333771
RASD2,1.1900071,1.1333771
AKR1A1,1.1900071,1.1333771
TOM1L1,1.1900071,1.1333771
CRNN,1.1900071,1.1333771
BTNL2,1.1900071,1.1333771
ZNF529,1.1900071,1.1333771
SOHLH1,1.1900071,1.1333771
SOCS6,1.1900071,1.1333771
TMEM143,1.1900071,1.1333771
TFPI,1.1900071,1.1333771
PLEK,1.1900071,1.1333771
FBXO15,1.1900071,1.1333771
RHOQ,1.1900071,1.1333771
FAM111A,1.1900071,1.1333771
CCNB1IP1,1.1900071,1.1333771
PANX1,1.1900071,1.1333771
TIMELESS,1.1900071,1.1333771
DKK2,1.1900071,1.1333771
OSCAR,1.1900071,1.1333771
HSD17B2,1.1900071,1.1333771
SFXN4,1.1900071,1.1333771
CHCHD3,1.1900071,1.1333771
GDPD3,1.1900071,1.1333771
SLC30A8,1.1900071,1.1333771
STARD6,1.1900071,1.1333771
SLC10A7,1.1900071,1.1333771
FAM192A,1.1900071,1.1333771
PTGR2,1.1900071,1.1333771
COPS7A,1.1900071,1.1333771
FAM81A,1.1900071,1.1333771
CABP2,1.1900071,1.1333771
STIMATE,1.1900071,1.1333771
GLRX3,1.1900071,1.1333771
PSEN1,1.1900071,1.1333771
GTSE1,1.1900071,1.1333771
LDHD,1.1900071,1.1333771
TRAPPC2L,1.1900071,1.1333771
SRRM1,1.1900071,1.1333771
XRCC3,1.1900071,1.1333771
ATP13A3,1.1900071,1.1333771
C19orf47,1.1900071,1.1333771
RASL10A,1.1900071,1.1333771
PPP2R3C,1.1900071,1.1333771
WDR82,1.1900071,1.1333771
FAIM2,1.1900071,1.1333771
GPKOW,1.1900071,1.1333771
SH3GLB1,1.1900071,1.1333771
COLEC11,1.1900071,1.1333771
RUNDC3A,1.1900071,1.1333771
NUDT12,1.1900071,1.1333771
EIF3H,1.1900071,1.1333771
ST8SIA1,1.1900071,1.1333771
TIMMDC1,1.1900071,1.1333771
RAB39B,1.1900071,1.1333771
CCDC105,1.1900071,1.1333771
LIN37,1.1900071,1.1333771
PRAM1,1.1900071,1.1333771
ZNF200,1.1900071,1.1333771
MED6,1.1900071,1.1333771
DUSP12,1.1900071,1.1333771
PRKRIP1,1.1900071,1.1333771
RASL11B,1.1900071,1.1333771
IPMK,1.1900071,1.1333771
TRIM54,1.1900071,1.1333771
TXNDC15,1.1900071,1.1333771
ZNF85,1.1900071,1.1333771
ITM2C,1.1900071,1.1333771
TEX13A,1.1900071,1.1333771
CAT,1.1900071,1.1333771
VIL1,1.1900071,1.1333771
CSRP2,1.1900071,1.1333771
LRRC63,1.1900071,1.1333771
SNAPC3,1.1900071,1.1333771
TRHR,1.1900071,1.1333771
EMC10,1.1900071,1.1333771
CD1E,1.1900071,1.1333771
TMEM59L,1.1900071,1.1333771
ARL10,1.1900071,1.1333771
FOXE3,1.1900071,1.1333771
RAPGEF4,1.1900071,1.1333771
CSRP1,1.1900071,1.1333771
CD5L,1.1900071,1.1333771
TM2D1,1.1900071,1.1333771
DCAF12L2,1.1900071,1.1333771
ARMH1,1.1900071,1.1333771
PRDX3,1.1900071,1.1333771
C9orf24,1.1900071,1.1333771
TUBA1A,1.1900071,1.1333771
SFRP5,1.1900071,1.1333771
NCEH1,1.1900071,1.1333771
NOV,1.1900071,1.1333771
TFAP2B,1.1900071,1.1333771
TTC23L,1.1900071,1.1333771
NELL2,1.1900071,1.1333771
WBP11,1.1900071,1.1333771
ZBTB6,1.1900071,1.1333771
AVPR1B,1.1900071,1.1333771
CAB39L,1.1900071,1.1333771
FRRS1L,1.1900071,1.1333771
ALYREF,1.1900071,1.1333771
RAB29,1.1900071,1.1333771
C20orf96,1.1900071,1.1333771
ZNF75D,1.1900071,1.1333771
MFF,1.1900071,1.1333771
ZNF584,1.1900071,1.1333771
SLC38A1,1.1900071,1.1333771
RNF150,1.1900071,1.1333771
MMP20,1.1900071,1.1333771
PLEKHM2,1.1900071,1.1333771
FUT9,1.1900071,1.1333771
CBLL2,1.1900071,1.1333771
IFI44,1.1900071,1.1333771
DERL3,1.1900071,1.1333771
PDILT,1.1900071,1.1333771
TIGD2,1.1900071,1.1333771
SERPINA3,1.1900071,1.1333771
RCSD1,1.1900071,1.1333771
CBR4,1.1900071,1.1333771
CACNG5,1.1900071,1.1333771
ZNF20,1.1900071,1.1333771
MBNL2,1.1900071,1.1333771
A4GNT,1.1900071,1.1333771
TRIM11,1.1900071,1.1333771
CLDN4,1.1900071,1.1333771
CSTF3,1.1900071,1.1333771
GTF2F2,1.1900071,1.1333771
RHOF,1.1900071,1.1333771
LTB4R2,1.1900071,1.1333771
ZSCAN30,1.1900071,1.1333771
TIGD3,1.1900071,1.1333771
FOXL1,1.1900071,1.1333771
PRSS50,1.1900071,1.1333771
H2AFY,1.1900071,1.1333771
EPHX3,1.1900071,1.1333771
CD9,1.1900071,1.1333771
LRP2BP,1.1900071,1.1333771
TRIM63,1.1900071,1.1333771
ST8SIA3,1.1900071,1.1333771
LSM11,1.1900071,1.1333771
P2RY2,1.1900071,1.1333771
HMOX2,1.1900071,1.1333771
ST8SIA2,1.1900071,1.1333771
RNF41,1.1900071,1.1333771
CLEC17A,1.1900071,1.1333771
GPR19,1.1900071,1.1333771
LACTB2,1.1900071,1.1333771
SLC17A1,1.1900071,1.1333771
ACOD1,1.1900071,1.1333771
MAFG,1.1900071,1.1333771
PIGL,1.1900071,1.1333771
TAF1A,1.1900071,1.1333771
SERPINA10,1.1900071,1.1333771
MTFR2,1.1900071,1.1333771
DPYS,1.1900071,1.1333771
PSD4,1.1900071,1.1333771
ZNF10,1.1900071,1.1333771
VPS72,1.1900071,1.1333771
RCE1,1.1900071,1.1333771
RPL8,1.1900071,1.1333771
CBR1,1.1900071,1.1333771
ZNF222,1.1900071,1.1333771
ZNF594,1.1900071,1.1333771
APOBEC3G,1.1900071,1.1333771
SNX15,1.1900071,1.1333771
SCRN3,1.1900071,1.1333771
NPFFR1,1.1900071,1.1333771
NPAP1,1.1900071,1.1333771
CDCA8,1.1900071,1.1333771
FGF4,1.1900071,1.1333771
ADAMDEC1,1.1900071,1.1333771
ALG10B,1.1900071,1.1333771
PTGER2,1.1900071,1.1333771
RIMKLA,1.1900071,1.1333771
FAM217A,1.1900071,1.1333771
CDR2L,1.1900071,1.1333771
THG1L,1.1900071,1.1333771
PP2D1,1.1900071,1.1333771
SLFN12L,1.1900071,1.1333771
DRG1,1.1900071,1.1333771
MOG,1.1900071,1.1333771
WFDC1,1.1900071,1.1333771
IGFBP3,1.1900071,1.1333771
USE1,1.1900071,1.1333771
CALCOCO2,1.1900071,1.1333771
RABGAP1,1.1900071,1.1333771
LYL1,1.1900071,1.1333771
FUT8,1.1900071,1.1333771
PLEKHS1,1.1900071,1.1333771
FBXW2,1.1900071,1.1333771
UGT3A1,1.1900071,1.1333771
ZNF165,1.1900071,1.1333771
IP6K3,1.1900071,1.1333771
RAB13,1.1900071,1.1333771
ZNF500,1.1900071,1.1333771
TRIM72,1.1900071,1.1333771
CHMP2B,1.1900071,1.1333771
CRYZ,1.1900071,1.1333771
MXD3,1.1900071,1.1333771
ZNF835,1.1900071,1.1333771
SNX7,1.1900071,1.1333771
ZNF440,1.1900071,1.1333771
TSEN34,1.1900071,1.1333771
ARHGEF5,1.1900071,1.1333771
CISH,1.1900071,1.1333771
IGFBP4,1.1900071,1.1333771
EXOG,1.1900071,1.1333771
PRELP,1.1900071,1.1333771
TNFRSF10A,1.1900071,1.1333771
MTHFD2L,1.1900071,1.1333771
OPN3,1.1900071,1.1333771
CHST1,1.1900071,1.1333771
ZNF70,1.1900071,1.1333771
FAXDC2,1.1900071,1.1333771
PLCL2,1.1900071,1.1333771
C5orf22,1.1900071,1.1333771
GSDMD,1.1900071,1.1333771
MMP3,1.1900071,1.1333771
POF1B,1.1900071,1.1333771
IL13RA1,1.1900071,1.1333771
TIMP2,1.1900071,1.1333771
SERPINA4,1.1900071,1.1333771
INSYN2B,1.1900071,1.1333771
SIL1,1.1900071,1.1333771
TENT5C,1.1900071,1.1333771
HTR1F,1.1900071,1.1333771
RPE,1.1900071,1.1333771
ENTHD1,1.1900071,1.1333771
ZNF714,1.1900071,1.1333771
PCBP2,1.1900071,1.1333771
CEP295NL,1.1900071,1.1333771
ST6GALNAC4,1.1900071,1.1333771
PTP4A2,1.1900071,1.1333771
ETV3,1.1900071,1.1333771
CFAP36,1.1900071,1.1333771
SLC8A2,1.1900071,1.1333771
RHBDL1,1.1900071,1.1333771
PARP11,1.1900071,1.1333771
TMEFF1,1.1900071,1.1333771
TSPAN32,1.1900071,1.1333771
PSTK,1.1900071,1.1333771
CCND3,1.1900071,1.1333771
SERPINA1,1.1900071,1.1333771
UPK1B,1.1900071,1.1333771
PDIK1L,1.1900071,1.1333771
AK3,1.1900071,1.1333771
CHMP5,1.1900071,1.1333771
MAP3K20,1.1900071,1.1333771
ZNF223,1.1900071,1.1333771
COPS6,1.1900071,1.1333771
MMP1,1.1900071,1.1333771
SLC30A7,1.1900071,1.1333771
ATXN7L3,1.1900071,1.1333771
PTAR1,1.1900071,1.1333771
ENDOD1,1.1900071,1.1333771
CHST7,1.1900071,1.1333771
HAUS8,1.1900071,1.1333771
SLC38A5,1.1900071,1.1333771
ZSWIM9,1.1900071,1.1333771
AASDHPPT,1.1900071,1.1333771
DHX29,1.1900071,1.1333771
CCNE2,1.1900071,1.1333771
BCO1,1.1900071,1.1333771
RIMS4,1.1900071,1.1333771
SLC39A7,1.1900071,1.1333771
FANK1,1.1900071,1.1333771
PDCD7,1.1900071,1.1333771
RHOBTB1,1.1900071,1.1333771
OTUD1,1.1900071,1.1333771
GUK1,1.1900071,1.1333771
GRPEL2,1.1900071,1.1333771
CPM,1.1900071,1.1333771
HGH1,1.1900071,1.1333771
SLC35F4,1.1900071,1.1333771
RPS5,1.1900071,1.1333771
GDF3,1.1900071,1.1333771
FAM155B,1.1900071,1.1333771
CBFB,1.1900071,1.1333771
ADGRG5,1.1900071,1.1333771
ELMOD2,1.1900071,1.1333771
EIF2S1,1.1900071,1.1333771
GLMP,1.1900071,1.1333771
UROS,1.1900071,1.1333771
UNC119,1.1900071,1.1333771
CRIPAK,1.1900071,1.1333771
P2RX6,1.1900071,1.1333771
RPS16,1.1900071,1.1333771
CHMP2A,1.1900071,1.1333771
EXOSC7,1.1900071,1.1333771
PARVG,1.1900071,1.1333771
ST6GALNAC5,1.1900071,1.1333771
RAP2A,1.1900071,1.1333771
THAP11,1.1900071,1.1333771
ST8SIA4,1.1900071,1.1333771
MDP1,1.1900071,1.1333771
SPSB3,1.1900071,1.1333771
HCCS,1.1900071,1.1333771
GLIS2,1.1900071,1.1333771
MVB12A,1.1900071,1.1333771
IRX3,1.1900071,1.1333771
HOXA13,1.1900071,1.1333771
WDCP,1.1900071,1.1333771
RFXANK,1.1900071,1.1333771
NUF2,1.1900071,1.1333771
RHOBTB2,1.1900071,1.1333771
ZSCAN5B,1.1900071,1.1333771
FOXM1,1.1900071,1.1333771
RAD51C,1.1900071,1.1333771
GFOD1,1.1900071,1.1333771
GOLPH3,1.1900071,1.1333771
GORASP1,1.1900071,1.1333771
F11,1.1900071,1.1333771
UBE3B,1.1900071,1.1333771
PODNL1,1.1900071,1.1333771
GTPBP1,1.1900071,1.1333771
ELAVL4,1.1900071,1.1333771
GRXCR1,1.1900071,1.1333771
GID8,1.1900071,1.1333771
MRNIP,1.1900071,1.1333771
FBXO17,1.1900071,1.1333771
MACROD2,1.1900071,1.1333771
SLC29A3,1.1900071,1.1333771
DMAC2,1.1900071,1.1333771
CRYBA2,1.1900071,1.1333771
TCEA3,1.1900071,1.1333771
EMC2,1.1900071,1.1333771
GBA,1.1900071,1.1333771
CHRM2,1.1900071,1.1333771
TFB2M,1.1900071,1.1333771
CDC37,1.1900071,1.1333771
STARD5,1.1900071,1.1333771
CCKAR,1.1900071,1.1333771
RCHY1,1.1900071,1.1333771
PSMB8,1.1900071,1.1333771
KLC2,1.1900071,1.1333771
ZNF674,1.1900071,1.1333771
ZNF589,1.1900071,1.1333771
C1QTNF9,1.1900071,1.1333771
DNTTIP1,1.1900071,1.1333771
SNAP25,1.1900071,1.1333771
UBXN6,1.1900071,1.1333771
DDX50,1.1900071,1.1333771
FYTTD1,1.1900071,1.1333771
GYS1,1.1900071,1.1333771
THEMIS2,1.1900071,1.1333771
OCLN,1.1900071,1.1333771
INTS12,1.1900071,1.1333771
FBXO47,1.1900071,1.1333771
ARL8B,1.1900071,1.1333771
TNC,1.1900071,1.1333771
PDCD4,1.1900071,1.1333771
ZFYVE1,1.1900071,1.1333771
SPATC1,1.1900071,1.1333771
PRSS8,1.1900071,1.1333771
ALG10,1.1900071,1.1333771
ICMT,1.1900071,1.1333771
C5orf51,1.1900071,1.1333771
RAB30,1.1900071,1.1333771
FTH1,1.1900071,1.1333771
AQP5,1.1900071,1.1333771
ZNF410,1.1900071,1.1333771
PCDHB13,1.1900071,1.1333771
IMPA2,1.1900071,1.1333771
FGF11,1.1900071,1.1333771
TNNI2,1.1900071,1.1333771
NUDT22,1.1900071,1.1333771
APOA4,1.1900071,1.1333771
BDKRB1,1.1900071,1.1333771
CA13,1.1900071,1.1333771
C1orf116,1.1900071,1.1333771
PM20D2,1.1900071,1.1333771
WDR4,1.1900071,1.1333771
WDR54,1.1900071,1.1333771
ITPRIP,1.1900071,1.1333771
GLIPR1,1.1900071,1.1333771
ZNF79,1.1900071,1.1333771
PDGFB,1.1900071,1.1333771
MAGT1,1.1900071,1.1333771
PURA,1.1900071,1.1333771
BPHL,1.1900071,1.1333771
NOVA1,1.1900071,1.1333771
CRYZL1,1.1900071,1.1333771
ERCC8,1.1900071,1.1333771
IFIT2,1.1900071,1.1333771
MRPS15,1.1900071,1.1333771
HERPUD1,1.1900071,1.1333771
ZNF2,1.1900071,1.1333771
ATG3,1.1900071,1.1333771
DSCC1,1.1900071,1.1333771
GRINA,1.1900071,1.1333771
GCNT4,1.1900071,1.1333771
C1orf94,1.1900071,1.1333771
PSMD5,1.1900071,1.1333771
SLC4A11,1.1900071,1.1333771
SCRN1,1.1900071,1.1333771
SLFN12,1.1900071,1.1333771
FGF18,1.1900071,1.1333771
ELL3,1.1900071,1.1333771
C14orf39,1.1900071,1.1333771
PEF1,1.1900071,1.1333771
C12orf40,1.1900071,1.1333771
CLPP,1.1900071,1.1333771
CD209,1.1900071,1.1333771
SAXO1,1.1900071,1.1333771
C8orf76,1.1900071,1.1333771
LAT,1.1900071,1.1333771
TNMD,1.1900071,1.1333771
KLF5,1.1900071,1.1333771
B3GNT2,1.1900071,1.1333771
SIRT7,1.1900071,1.1333771
SPATA2,1.1900071,1.1333771
AP5M1,1.1900071,1.1333771
RABL6,1.1900071,1.1333771
PDK3,1.1900071,1.1333771
UGT2B4,1.1900071,1.1333771
TMPRSS11B,1.1900071,1.1333771
CHERP,1.1900071,1.1333771
NUBPL,1.1900071,1.1333771
CLEC4F,1.1900071,1.1333771
VTI1B,1.1900071,1.1333771
PON1,1.1900071,1.1333771
TIGD4,1.1900071,1.1333771
RXFP3,1.1900071,1.1333771
NKX2-8,1.1900071,1.1333771
LPAR5,1.1900071,1.1333771
ZNF284,1.1900071,1.1333771
DOLPP1,1.1900071,1.1333771
UBE2Z,1.1900071,1.1333771
PERM1,1.1900071,1.1333771
PTHLH,1.1900071,1.1333771
SNX21,1.1900071,1.1333771
PLTP,1.1900071,1.1333771
FAM53A,1.1900071,1.1333771
GMEB1,1.1900071,1.1333771
SNX8,1.1900071,1.1333771
GFI1,1.1900071,1.1333771
PITPNB,1.1900071,1.1333771
BMP8A,1.1900071,1.1333771
MAFF,1.1900071,1.1333771
NECAB1,1.1900071,1.1333771
ZFYVE26,1.1900071,1.1333771
ADRB3,1.1900071,1.1333771
NPTX2,1.1900071,1.1333771
VASH2,1.1900071,1.1333771
FKBP8,1.1900071,1.1333771
H2AFX,1.1900071,1.1333771
CCNJ,1.1900071,1.1333771
TUFT1,1.1900071,1.1333771
RBBP8NL,1.1900071,1.1333771
C1QTNF3,1.1900071,1.1333771
YJU2,1.1900071,1.1333771
RAB3D,1.1900071,1.1333771
FHL5,1.1900071,1.1333771
RPS3,1.1900071,1.1333771
PIGM,1.1900071,1.1333771
MKRN3,1.1900071,1.1333771
CLN8,1.1900071,1.1333771
PRSS57,1.1900071,1.1333771
EYA2,1.1900071,1.1333771
ZNF280C,1.1900071,1.1333771
TATDN3,1.1900071,1.1333771
CELA1,1.1900071,1.1333771
BMI1,1.1900071,1.1333771
SPEM2,1.1900071,1.1333771
SAMD15,1.1900071,1.1333771
GPD1,1.1900071,1.1333771
ANKRD29,1.1900071,1.1333771
SC5D,1.1900071,1.1333771
TONSL,1.1900071,1.1333771
MTA1,1.1900071,1.1333771
GPRC5A,1.1900071,1.1333771
ARL1,1.1900071,1.1333771
CCNA2,1.1900071,1.1333771
SLC30A4,1.1900071,1.1333771
POLDIP2,1.1900071,1.1333771
ZNF431,1.1900071,1.1333771
OSGEPL1,1.1900071,1.1333771
JUP,1.1900071,1.1333771
ZMYND12,1.1900071,1.1333771
ABHD17A,1.1900071,1.1333771
NMNAT1,1.1900071,1.1333771
SYNE4,1.1900071,1.1333771
TM9SF1,1.1900071,1.1333771
UGT2B28,1.1900071,1.1333771
IFIT1B,1.1900071,1.1333771
TRIM69,1.1900071,1.1333771
B3GNT9,1.1900071,1.1333771
AZI2,1.1900071,1.1333771
ATCAY,1.1900071,1.1333771
KCTD17,1.1900071,1.1333771
ASB18,1.1900071,1.1333771
PDLIM3,1.1900071,1.1333771
CAPG,1.1900071,1.1333771
BTN2A1,1.1900071,1.1333771
SLC38A9,1.1900071,1.1333771
TMEM44,1.1900071,1.1333771
ZDHHC12,1.1900071,1.1333771
NUFIP1,1.1900071,1.1333771
ZNF195,1.1900071,1.1333771
ATXN7L2,1.1900071,1.1333771
FEZ1,1.1900071,1.1333771
CEP68,1.1900071,1.1333771
KCTD16,1.1900071,1.1333771
MAGEC1,1.1900071,1.1333771
SLC35B4,1.1900071,1.1333771
C4orf50,1.1900071,1.1333771
C1orf43,1.1900071,1.1333771
KLK10,1.1900071,1.1333771
CNOT7,1.1900071,1.1333771
ZNF416,1.1900071,1.1333771
LRRC32,1.1900071,1.1333771
FOLR2,1.1900071,1.1333771
SEPHS1,1.1900071,1.1333771
RRAS,1.1900071,1.1333771
MPPED2,1.1900071,1.1333771
WBP4,1.1900071,1.1333771
HPX,1.1900071,1.1333771
TK1,1.1900071,1.1333771
KRAS,1.1900071,1.1333771
EIF3M,1.1900071,1.1333771
GFI1B,1.1900071,1.1333771
ANXA9,1.1900071,1.1333771
GOSR1,1.1900071,1.1333771
DNAJC27,1.1900071,1.1333771
ZNF28,1.1900071,1.1333771
PIGK,1.1900071,1.1333771
DNAJC9,1.1900071,1.1333771
STK17B,1.1900071,1.1333771
FCF1,1.1900071,1.1333771
TMEM129,1.1900071,1.1333771
RNASEH2C,1.1900071,1.1333771
LEFTY1,1.1900071,1.1333771
AURKA,1.1900071,1.1333771
PPP1R3C,1.1900071,1.1333771
RFTN2,1.1900071,1.1333771
IMPA1,1.1900071,1.1333771
DMTN,1.1900071,1.1333771
ANXA13,1.1900071,1.1333771
THPO,1.1900071,1.1333771
C18orf63,1.1900071,1.1333771
PYCR2,1.1900071,1.1333771
ADARB1,1.1900071,1.1333771
OPCML,1.1900071,1.1333771
CIAPIN1,1.1900071,1.1333771
COPE,1.1900071,1.1333771
SSUH2,1.1900071,1.1333771
CYB5D2,1.1900071,1.1333771
MARCH5,1.1900071,1.1333771
HSD17B1,1.1900071,1.1333771
NEUROG3,1.1900071,1.1333771
ARMH4,1.1900071,1.1333771
MROH2B,1.1900071,1.1333771
UNC50,1.1900071,1.1333771
TEPSIN,1.1900071,1.1333771
GHSR,1.1900071,1.1333771
SIAH1,1.1900071,1.1333771
DPEP2,1.1900071,1.1333771
STPG3,1.1900071,1.1333771
NDUFAF1,1.1900071,1.1333771
GTF2E2,1.1900071,1.1333771
ALKBH1,1.1900071,1.1333771
SURF4,1.1900071,1.1333771
ELMOD3,1.1900071,1.1333771
ARRDC4,1.1900071,1.1333771
ABRAXAS2,1.1900071,1.1333771
ZNF846,1.1900071,1.1333771
AKIRIN2,1.1900071,1.1333771
SYT4,1.1900071,1.1333771
HM13,1.1900071,1.1333771
AK1,1.1900071,1.1333771
PRLHR,1.1900071,1.1333771
PIM2,1.1900071,1.1333771
SLC12A3,1.1900071,1.1333771
ARHGEF39,1.1900071,1.1333771
STX10,1.1900071,1.1333771
TMEM108,1.1900071,1.1333771
DUSP6,1.1900071,1.1333771
RTL5,1.1900071,1.1333771
HTR3C,1.1900071,1.1333771
NEMP2,1.1900071,1.1333771
POM121L2,1.1900071,1.1333771
PTGFR,1.1900071,1.1333771
PAPSS1,1.1900071,1.1333771
RPL6,1.1900071,1.1333771
RLF,1.1900071,1.1333771
ZPBP,1.1900071,1.1333771
JMJD7,1.1900071,1.1333771
SERPINA11,1.1900071,1.1333771
PLPP7,1.1900071,1.1333771
UBE2W,1.1900071,1.1333771
NMUR2,1.1900071,1.1333771
GAR1,1.1900071,1.1333771
C19orf57,1.1900071,1.1333771
CHIT1,1.1900071,1.1333771
CDR2,1.1900071,1.1333771
GLYATL1,1.1900071,1.1333771
YWHAQ,1.1900071,1.1333771
SSR1,1.1900071,1.1333771
FHOD1,1.1900071,1.1333771
DUSP26,1.1900071,1.1333771
H2AFJ,1.1900071,1.1333771
NAF1,1.1900071,1.1333771
DHRS12,1.1900071,1.1333771
KCTD15,1.1900071,1.1333771
SLC39A11,1.1900071,1.1333771
PLAG1,1.1900071,1.1333771
ZNF792,1.1900071,1.1333771
CAPZA2,1.1900071,1.1333771
MIA2,1.1900071,1.1333771
WBP1L,1.1900071,1.1333771
RAB33A,1.1900071,1.1333771
TATDN1,1.1900071,1.1333771
FAM83E,1.1900071,1.1333771
QKI,1.1900071,1.1333771
SH2D7,1.1900071,1.1333771
APOBEC3B,1.1900071,1.1333771
HSPB7,1.1900071,1.1333771
SELL,1.1900071,1.1333771
HIC1,1.1900071,1.1333771
ZNF768,1.1900071,1.1333771
LRRC42,1.1900071,1.1333771
POLR2B,1.1900071,1.1333771
RNFT1,1.1900071,1.1333771
FOXI2,1.1900071,1.1333771
STRADB,1.1900071,1.1333771
WIPF3,1.1900071,1.1333771
RTF2,1.1900071,1.1333771
PIGN,1.1900071,1.1333771
FAM47A,1.1900071,1.1333771
FGFR2,1.1900071,1.1333771
PRSS54,1.1900071,1.1333771
FOXA3,1.1900071,1.1333771
TERF1,1.1900071,1.1333771
DAP3,1.1900071,1.1333771
CKAP5,1.1900071,1.1333771
ZNF205,1.1900071,1.1333771
BHLHE40,1.1900071,1.1333771
ZNF329,1.1900071,1.1333771
PPID,1.1900071,1.1333771
DIABLO,1.1900071,1.1333771
SOWAHC,1.1900071,1.1333771
ZNF266,1.1900071,1.1333771
RPS3A,1.1900071,1.1333771
E2F1,1.1900071,1.1333771
CRYGA,1.1900071,1.1333771
NEPRO,1.1900071,1.1333771
NEIL3,1.1900071,1.1333771
CTSZ,1.1900071,1.1333771
NOX3,1.1900071,1.1333771
DOK2,1.1900071,1.1333771
GINS1,1.1900071,1.1333771
PGC,1.1900071,1.1333771
MFAP4,1.1900071,1.1333771
RGS20,1.1900071,1.1333771
HS3ST3B1,1.1900071,1.1333771
PSG6,1.1900071,1.1333771
LCMT1,1.1900071,1.1333771
FBXL3,1.1900071,1.1333771
TIMM21,1.1900071,1.1333771
ARMC12,1.1900071,1.1333771
PARP16,1.1900071,1.1333771
TNFAIP1,1.1900071,1.1333771
PAQR3,1.1900071,1.1333771
CNOT8,1.1900071,1.1333771
CENPI,1.1900071,1.1333771
DCN,1.1900071,1.1333771
MISP,1.1900071,1.1333771
CLNK,1.1900071,1.1333771
SLC22A25,1.1900071,1.1333771
CRYM,1.1900071,1.1333771
SELENOI,1.1900071,1.1333771
NFKBID,1.1900071,1.1333771
HSD17B13,1.1900071,1.1333771
CPA2,1.1900071,1.1333771
AKAP3,1.1900071,1.1333771
CNN1,1.1900071,1.1333771
APCDD1L,1.1900071,1.1333771
PEX14,1.1900071,1.1333771
TRIM29,1.1900071,1.1333771
THAP3,1.1900071,1.1333771
TM9SF4,1.1900071,1.1333771
ABHD17B,1.1900071,1.1333771
IL1R1,1.1900071,1.1333771
RPL13A,1.1900071,1.1333771
UBQLN3,1.1900071,1.1333771
NGDN,1.1900071,1.1333771
RSPO1,1.1900071,1.1333771
CHID1,1.1900071,1.1333771
LHFPL3,1.1900071,1.1333771
LRR1,1.1900071,1.1333771
MMAB,1.1900071,1.1333771
FCMR,1.1900071,1.1333771
SLC16A6,1.1900071,1.1333771
RAB4A,1.1900071,1.1333771
WDR61,1.1900071,1.1333771
GPATCH11,1.1900071,1.1333771
L3HYPDH,1.1900071,1.1333771
NFKBIA,1.1900071,1.1333771
ZDHHC20,1.1900071,1.1333771
PRSS1,1.1900071,1.1333771
PLEKHG7,1.1900071,1.1333771
CDH24,1.1900071,1.1333771
SSTR2,1.1900071,1.1333771
ZNF256,1.1900071,1.1333771
REEP1,1.1900071,1.1333771
OTUD3,1.1900071,1.1333771
SIGLEC11,1.1900071,1.1333771
PRIM1,1.1900071,1.1333771
AGFG1,1.1900071,1.1333771
CTSG,1.1900071,1.1333771
ZSCAN22,1.1900071,1.1333771
M6PR,1.1900071,1.1333771
USP46,1.1900071,1.1333771
AKR1C3,1.1900071,1.1333771
SOX15,1.1900071,1.1333771
MIPOL1,1.1900071,1.1333771
CDC25C,1.1900071,1.1333771
PURG,1.1900071,1.1333771
LANCL3,1.1900071,1.1333771
DCUN1D1,1.1900071,1.1333771
GIPC2,1.1900071,1.1333771
TRIM34,1.1900071,1.1333771
BSX,1.1900071,1.1333771
CCDC121,1.1900071,1.1333771
TRIM59,1.1900071,1.1333771
CHMP3,1.1900071,1.1333771
ZNF385B,1.1900071,1.1333771
BARX1,1.1900071,1.1333771
GSG1,1.1900071,1.1333771
SHLD2,1.1900071,1.1333771
NHEJ1,1.1900071,1.1333771
PRRX2,1.1900071,1.1333771
SFTPC,1.1900071,1.1333771
SMTNL1,1.1900071,1.1333771
PSPC1,1.1900071,1.1333771
TMEM127,1.1900071,1.1333771
AHNAK,1.1900071,1.1333771
MORF4L1,1.1900071,1.1333771
RRS1,1.1900071,1.1333771
PRR5L,1.1900071,1.1333771
LRRC66,1.1900071,1.1333771
CRYBB2,1.1900071,1.1333771
CHRM1,1.1900071,1.1333771
RAC1,1.1900071,1.1333771
ZBED8,1.1900071,1.1333771
RASGEF1C,1.1900071,1.1333771
ITPK1,1.1900071,1.1333771
ANKRD63,1.1900071,1.1333771
CD19,1.1900071,1.1333771
HTR3E,1.1900071,1.1333771
ZNF157,1.1900071,1.1333771
ZNF101,1.1900071,1.1333771
FGF22,1.1900071,1.1333771
EOMES,1.1900071,1.1333771
ENTPD8,1.1900071,1.1333771
MAD2L1BP,1.1900071,1.1333771
HSPA1L,1.1900071,1.1333771
SOST,1.1900071,1.1333771
CYC1,1.1900071,1.1333771
ZNF837,1.1900071,1.1333771
NUBP1,1.1900071,1.1333771
DECR1,1.1900071,1.1333771
ZBTB5,1.1900071,1.1333771
FAM173B,1.1900071,1.1333771
TMEM30B,1.1900071,1.1333771
FBXW12,1.1900071,1.1333771
PRSS22,1.1900071,1.1333771
TCF21,1.1900071,1.1333771
HP,1.1900071,1.1333771
N4BP3,1.1900071,1.1333771
SULT1A2,1.1900071,1.1333771
IFNLR1,1.1900071,1.1333771
PLP1,1.1900071,1.1333771
TOMM34,1.1900071,1.1333771
PPP1R36,1.1900071,1.1333771
ARHGAP36,1.1900071,1.1333771
RABGGTB,1.1900071,1.1333771
NUP58,1.1900071,1.1333771
XPNPEP3,1.1900071,1.1333771
CCDC130,1.1900071,1.1333771
KCTD1,1.1900071,1.1333771
ZNF775,1.1900071,1.1333771
SCD,1.1900071,1.1333771
KCNN2,1.1900071,1.1333771
WDR25,1.1900071,1.1333771
JAM3,1.1900071,1.1333771
PIP4K2C,1.1900071,1.1333771
RPUSD4,1.1900071,1.1333771
RNF144A,1.1900071,1.1333771
MSS51,1.1900071,1.1333771
ST3GAL4,1.1900071,1.1333771
GFRA4,1.1900071,1.1333771
SCML4,1.1900071,1.1333771
ARMT1,1.1900071,1.1333771
ZNF391,1.1900071,1.1333771
PRSS42,1.1900071,1.1333771
LRRC56,1.1900071,1.1333771
PLD2,1.1900071,1.1333771
ACP6,1.1900071,1.1333771
KCMF1,1.1900071,1.1333771
PMP22,1.1900071,1.1333771
THEMIS,1.1900071,1.1333771
TRIM14,1.1900071,1.1333771
VNN3,1.1900071,1.1333771
ZNF57,1.1900071,1.1333771
S1PR1,1.1900071,1.1333771
GKAP1,1.1900071,1.1333771
CSRNP1,1.1900071,1.1333771
VPS37A,1.1900071,1.1333771
MRPL45,1.1900071,1.1333771
NUDT13,1.1900071,1.1333771
RPL18,1.1900071,1.1333771
SERPINB2,1.1900071,1.1333771
INHBA,1.1900071,1.1333771
OGFOD3,1.1900071,1.1333771
ATG5,1.1900071,1.1333771
GNL3L,1.1900071,1.1333771
SGPP1,1.1900071,1.1333771
ZNF181,1.1900071,1.1333771
FGFR1OP2,1.1900071,1.1333771
NAGK,1.1900071,1.1333771
SLC39A8,1.1900071,1.1333771
VAT1L,1.1900071,1.1333771
ASPA,1.1900071,1.1333771
ZNF213,1.1900071,1.1333771
LRRC47,1.1900071,1.1333771
DUSP5,1.1900071,1.1333771
CBLN3,1.1900071,1.1333771
TMEM256-PLSCR3,1.1900071,1.1333771
SLC38A6,1.1900071,1.1333771
METAP1D,1.1900071,1.1333771
RBM22,1.1900071,1.1333771
CX3CL1,1.1900071,1.1333771
ABHD10,1.1900071,1.1333771
GPR84,1.1900071,1.1333771
SFXN3,1.1900071,1.1333771
ACOT7,1.1900071,1.1333771
LHFPL4,1.1900071,1.1333771
WWTR1,1.1900071,1.1333771
ZNF18,1.1900071,1.1333771
LEFTY2,1.1900071,1.1333771
RND1,1.1900071,1.1333771
SLC25A2,1.1900071,1.1333771
AGTRAP,1.1900071,1.1333771
AQP8,1.1900071,1.1333771
COQ10A,1.1900071,1.1333771
CDS1,1.1900071,1.1333771
NOMO1,1.1900071,1.1333771
ATG4A,1.1900071,1.1333771
CEACAM5,1.1900071,1.1333771
ZNF443,1.1900071,1.1333771
ZNF799,1.1900071,1.1333771
DUSP15,1.1900071,1.1333771
SFRP1,1.1900071,1.1333771
WTAP,1.1900071,1.1333771
TMC1,1.1900071,1.1333771
GRB2,1.1900071,1.1333771
CALN1,1.1900071,1.1333771
ZNF250,1.1900071,1.1333771
SERPINB10,1.1900071,1.1333771
SPSB4,1.1900071,1.1333771
ARFRP1,1.1900071,1.1333771
BLZF1,1.1900071,1.1333771
STX16,1.1900071,1.1333771
DUSP11,1.1900071,1.1333771
TOX2,1.1900071,1.1333771
DCTN2,1.1900071,1.1333771
RP2,1.1900071,1.1333771
B4GALT1,1.1900071,1.1333771
HOXB7,1.1900071,1.1333771
DNAJB2,1.1900071,1.1333771
HARBI1,1.1900071,1.1333771
UGT2B11,1.1900071,1.1333771
PYGL,1.1900071,1.1333771
TWIST2,1.1900071,1.1333771
ATP1B2,1.1900071,1.1333771
EXOC4,1.1900071,1.1333771
CSHL1,1.1900071,1.1333771
PDE4B,1.1900071,1.1333771
ZNF852,1.1900071,1.1333771
SLC25A53,1.1900071,1.1333771
LRRC39,1.1900071,1.1333771
CHRNA10,1.1900071,1.1333771
HFE,1.1900071,1.1333771
SULT1C2,1.1900071,1.1333771
TMEM26,1.1900071,1.1333771
B3GNT8,1.1900071,1.1333771
NOB1,1.1900071,1.1333771
ARRDC3,1.1900071,1.1333771
EGFL8,1.1900071,1.1333771
KIAA0513,1.1900071,1.1333771
CLDN14,1.1900071,1.1333771
TRIM21,1.1900071,1.1333771
CA7,1.1900071,1.1333771
AVEN,1.1900071,1.1333771
CUEDC2,1.1900071,1.1333771
ZNF467,1.1900071,1.1333771
MINDY3,1.1900071,1.1333771
PROSER1,1.1900071,1.1333771
ZNF8,1.1900071,1.1333771
ANKRD2,1.1900071,1.1333771
C1QL2,1.1900071,1.1333771
UBAC2,1.1900071,1.1333771
GSC,1.1900071,1.1333771
IL1RL1,1.1900071,1.1333771
RPLP0,1.1900071,1.1333771
RBMS2,1.1900071,1.1333771
TSPAN9,1.1900071,1.1333771
ZFAND1,1.1900071,1.1333771
CHP1,1.1900071,1.1333771
TXNIP,1.1900071,1.1333771
MEGF9,1.1900071,1.1333771
ARPC2,1.1900071,1.1333771
HSPBP1,1.1900071,1.1333771
PIP4P1,1.1900071,1.1333771
WARS2,1.1900071,1.1333771
SLC35F2,1.1900071,1.1333771
HOXC5,1.1900071,1.1333771
IFIT1,1.1900071,1.1333771
RNF113A,1.1900071,1.1333771
HOXC8,1.1900071,1.1333771
CAPN10,1.1900071,1.1333771
ZNF345,1.1900071,1.1333771
SCAMP3,1.1900071,1.1333771
ITK,1.1900071,1.1333771
DUSP8,1.1900071,1.1333771
RAB3A,1.1900071,1.1333771
KLK6,1.1900071,1.1333771
BCL9L,1.1900071,1.1333771
SLC15A5,1.1900071,1.1333771
KIAA1191,1.1900071,1.1333771
IL17RB,1.1900071,1.1333771
SERPINB13,1.1900071,1.1333771
DDAH1,1.1900071,1.1333771
DAAM2,1.1900071,1.1333771
SMAD2,1.1900071,1.1333771
AFMID,1.1900071,1.1333771
EBP,1.1900071,1.1333771
RPL23,1.1900071,1.1333771
CYB561,1.1900071,1.1333771
WDR17,1.1900071,1.1333771
DNAJB6,1.1900071,1.1333771
TRNT1,1.1900071,1.1333771
DPEP1,1.1900071,1.1333771
ZMYM4,1.1900071,1.1333771
EFCAB12,1.1900071,1.1333771
IL13RA2,1.1900071,1.1333771
FOXS1,1.1900071,1.1333771
C12orf50,1.1900071,1.1333771
FCN2,1.1900071,1.1333771
UCK2,1.1900071,1.1333771
ADAM20,1.1900071,1.1333771
FAR2,1.1900071,1.1333771
GOLM1,1.1900071,1.1333771
HSD17B3,1.1900071,1.1333771
CYP2A13,1.1900071,1.1333771
MLF2,1.1900071,1.1333771
GAL3ST1,1.1900071,1.1333771
GTF2E1,1.1900071,1.1333771
PSG3,1.1900071,1.1333771
ASS1,1.1900071,1.1333771
AKTIP,1.1900071,1.1333771
NKX2-3,1.1900071,1.1333771
AQP6,1.1900071,1.1333771
COQ4,1.1900071,1.1333771
BMP8B,1.1900071,1.1333771
FUZ,1.1900071,1.1333771
ETV7,1.1900071,1.1333771
ACTL8,1.1900071,1.1333771
SRD5A1,1.1900071,1.1333771
LRRC75A,1.1900071,1.1333771
FGF12,1.1900071,1.1333771
KCTD10,1.1900071,1.1333771
FAM53C,1.1900071,1.1333771
ZNF140,1.1900071,1.1333771
FAM102A,1.1900071,1.1333771
OAS1,1.1900071,1.1333771
UBOX5,1.1900071,1.1333771
KLK14,1.1900071,1.1333771
CCDC114,1.1900071,1.1333771
PEX26,1.1900071,1.1333771
PCDHB11,1.1900071,1.1333771
CCDC112,1.1900071,1.1333771
SSRP1,1.1900071,1.1333771
ZSCAN18,1.1900071,1.1333771
SERPINB5,1.1900071,1.1333771
BTN3A3,1.1900071,1.1333771
GPBP1L1,1.1900071,1.1333771
CHGA,1.1900071,1.1333771
LDAH,1.1900071,1.1333771
BBOF1,1.1900071,1.1333771
CENPB,1.1900071,1.1333771
MLLT1,1.1900071,1.1333771
ANTXRL,1.1900071,1.1333771
DENND1B,1.1900071,1.1333771
DHRS7C,1.1900071,1.1333771
ERRFI1,1.1900071,1.1333771
CHRDL1,1.1900071,1.1333771
PXMP2,1.1900071,1.1333771
NCK1,1.1900071,1.1333771
TNFRSF1B,1.1900071,1.1333771
SERPINI2,1.1900071,1.1333771
SLA,1.1900071,1.1333771
DERL1,1.1900071,1.1333771
ZFP1,1.1900071,1.1333771
HAND2,1.1900071,1.1333771
ZNF331,1.1900071,1.1333771
PANX2,1.1900071,1.1333771
RHOC,1.1900071,1.1333771
IPCEF1,1.1900071,1.1333771
LMO2,1.1900071,1.1333771
UPK1A,1.1900071,1.1333771
DNAJB13,1.1900071,1.1333771
CD276,1.1900071,1.1333771
SDF2,1.1900071,1.1333771
NXF3,1.1900071,1.1333771
ELFN1,1.1900071,1.1333771
ELAVL1,1.1900071,1.1333771
KLK12,1.1900071,1.1333771
PPM1N,1.1900071,1.1333771
CCDC38,1.1900071,1.1333771
NEGR1,1.1900071,1.1333771
B3GALT4,1.1900071,1.1333771
DHRS9,1.1900071,1.1333771
RASA2,1.1900071,1.1333771
GLT8D2,1.1900071,1.1333771
TBL2,1.1900071,1.1333771
BHLHE41,1.1900071,1.1333771
TLR1,1.1900071,1.1333771
FOSL2,1.1900071,1.1333771
PSMD7,1.1900071,1.1333771
ZDHHC18,1.1900071,1.1333771
ANKRD10,1.1900071,1.1333771
CYB5R2,1.1900071,1.1333771
VEGFD,1.1900071,1.1333771
KCTD12,1.1900071,1.1333771
SF3A2,1.1900071,1.1333771
TCN2,1.1900071,1.1333771
KLF11,1.1900071,1.1333771
GORAB,1.1900071,1.1333771
CYGB,1.1900071,1.1333771
RCAN3,1.1900071,1.1333771
SLC16A12,1.1900071,1.1333771
FCN1,1.1900071,1.1333771
CDADC1,1.1900071,1.1333771
MSRB1,1.1900071,1.1333771
MAPK12,1.1900071,1.1333771
GPR37L1,1.1900071,1.1333771
CABLES2,1.1900071,1.1333771
DCUN1D4,1.1900071,1.1333771
LCA5L,1.1900071,1.1333771
ZNF275,1.1900071,1.1333771
ELOVL4,1.1900071,1.1333771
SNRNP48,1.1900071,1.1333771
SPATA16,1.1900071,1.1333771
SNUPN,1.1900071,1.1333771
NRTN,1.1900071,1.1333771
ZNF551,1.1900071,1.1333771
B4GAT1,1.1900071,1.1333771
ASTL,1.1900071,1.1333771
IK,1.1900071,1.1333771
P2RX3,1.1900071,1.1333771
FBXO25,1.1900071,1.1333771
ZNF625,1.1900071,1.1333771
DPH7,1.1900071,1.1333771
SLC32A1,1.1900071,1.1333771
EFNA4,1.1900071,1.1333771
AKAP4,1.1900071,1.1333771
CDC20B,1.1900071,1.1333771
WDR89,1.1900071,1.1333771
TRABD,1.1900071,1.1333771
DCAF8L2,1.1900071,1.1333771
ZNF571,1.1900071,1.1333771
SERPINB12,1.1900071,1.1333771
MOSPD2,1.1900071,1.1333771
RCN3,1.1900071,1.1333771
ZNF543,1.1900071,1.1333771
CELA2B,1.1900071,1.1333771
TSPAN11,1.1900071,1.1333771
ACPP,1.1900071,1.1333771
PQLC2,1.1900071,1.1333771
TJAP1,1.1900071,1.1333771
MEOX2,1.1900071,1.1333771
PRSS21,1.1900071,1.1333771
CRX,1.1900071,1.1333771
KCNK2,1.1900071,1.1333771
ABHD16B,1.1900071,1.1333771
HECA,1.1900071,1.1333771
PTPMT1,1.1900071,1.1333771
RNF10,1.1900071,1.1333771
TFDP1,1.1900071,1.1333771
ADORA3,1.1900071,1.1333771
ZNF43,1.1900071,1.1333771
BBX,1.1900071,1.1333771
SRFBP1,1.1900071,1.1333771
ZDHHC9,1.1900071,1.1333771
CNR1,1.1900071,1.1333771
PODXL,1.1900071,1.1333771
CA8,1.1900071,1.1333771
ASB6,1.1900071,1.1333771
QPCT,1.1900071,1.1333771
RASSF9,1.1900071,1.1333771
MAGEE2,1.1900071,1.1333771
USP8,1.1900071,1.1333771
MCAT,1.1900071,1.1333771
NTSR1,1.1900071,1.1333771
SCG2,1.1900071,1.1333771
GTDC1,1.1900071,1.1333771
C16orf71,1.1900071,1.1333771
RAB24,1.1900071,1.1333771
ABRAXAS1,1.1900071,1.1333771
TTPA,1.1900071,1.1333771
ADGRG3,1.1900071,1.1333771
TSFM,1.1900071,1.1333771
GOT1L1,1.1900071,1.1333771
KRT37,1.1900071,1.1333771
MYLK4,1.1900071,1.1333771
CDK3,1.1900071,1.1333771
MAPK11,1.1900071,1.1333771
CYP2A7,1.1900071,1.1333771
GPR153,1.1900071,1.1333771
RER1,1.1900071,1.1333771
ANGPTL3,1.1900071,1.1333771
TSPYL2,1.1900071,1.1333771
PNMA8B,1.1900071,1.1333771
GTF2H3,1.1900071,1.1333771
GDPD1,1.1900071,1.1333771
PCDH1,1.1900071,1.1333771
GPN1,1.1900071,1.1333771
LDHB,1.1900071,1.1333771
TNFSF13,1.1900071,1.1333771
PI4K2A,1.1900071,1.1333771
NSFL1C,1.1900071,1.1333771
ANKRD9,1.1900071,1.1333771
ZNF496,1.1900071,1.1333771
FAM172A,1.1900071,1.1333771
RNF130,1.1900071,1.1333771
ADPRHL1,1.1900071,1.1333771
CYP2A6,1.1900071,1.1333771
STAM2,1.1900071,1.1333771
PTGIR,1.1900071,1.1333771
ZFYVE27,1.1900071,1.1333771
DHH,1.1900071,1.1333771
SLC30A10,1.1900071,1.1333771
PYCR1,1.1900071,1.1333771
ZNF461,1.1900071,1.1333771
FAM151A,1.1900071,1.1333771
FAM78A,1.1900071,1.1333771
EXOSC2,1.1900071,1.1333771
UFD1,1.1900071,1.1333771
HAO1,1.1900071,1.1333771
WISP3,1.1900071,1.1333771
GFRA3,1.1900071,1.1333771
ZNF549,1.1900071,1.1333771
JMJD4,1.1900071,1.1333771
DCAF17,1.1900071,1.1333771
PTX4,1.1900071,1.1333771
KRT34,1.1900071,1.1333771
MPND,1.1900071,1.1333771
ZNF330,1.1900071,1.1333771
RIOX2,1.1900071,1.1333771
SLC22A9,1.1900071,1.1333771
STRIP2,1.1900071,1.1333771
ENTPD3,1.1900071,1.1333771
PSME4,1.1900071,1.1333771
PALM3,1.1900071,1.1333771
PGBD5,1.1900071,1.1333771
LRRC31,1.1900071,1.1333771
SLC25A19,1.1900071,1.1333771
MLLT3,1.1900071,1.1333771
MLF1,1.1900071,1.1333771
ODF2L,1.1900071,1.1333771
ZNF383,1.1900071,1.1333771
TMEM175,1.1900071,1.1333771
USP51,1.1900071,1.1333771
PARD6A,1.1900071,1.1333771
LRRC28,1.1900071,1.1333771
ACTRT3,1.1900071,1.1333771
RP9,1.1900071,1.1333771
PRDM11,1.1900071,1.1333771
HOXB4,1.1900071,1.1333771
POLR2A,1.1900071,1.1333771
POLR1A,1.1900071,1.1333771
SNX32,1.1900071,1.1333771
DPEP3,1.1900071,1.1333771
IFT52,1.1900071,1.1333771
SYT12,1.1900071,1.1333771
GPRC5D,1.1900071,1.1333771
SLC22A18,1.1900071,1.1333771
MAGEL2,1.1900071,1.1333771
EFCC1,1.1900071,1.1333771
METTL2B,1.1900071,1.1333771
KCTD18,1.1900071,1.1333771
L1CAM,1.1900071,1.1333771
TLR6,1.1900071,1.1333771
PLIN1,1.1900071,1.1333771
U2AF2,1.1900071,1.1333771
ZNF620,1.1900071,1.1333771
ZNF248,1.1900071,1.1333771
USP12,1.1900071,1.1333771
ZBTB8B,1.1900071,1.1333771
LYSMD3,1.1900071,1.1333771
MPV17L2,1.1900071,1.1333771
CHD7,1.1900071,1.1333771
GPR176,1.1900071,1.1333771
CD55,1.1900071,1.1333771
RNF165,1.1900071,1.1333771
TNFSF11,1.1900071,1.1333771
ATXN3,1.1900071,1.1333771
MBIP,1.1900071,1.1333771
PDP2,1.1900071,1.1333771
CBX2,1.1900071,1.1333771
SLC9A3R2,1.1900071,1.1333771
ANGPT1,1.1900071,1.1333771
BBC3,1.1900071,1.1333771
C9orf50,1.1900071,1.1333771
CYP4Z1,1.1900071,1.1333771
FASTKD3,1.1900071,1.1333771
PAFAH2,1.1900071,1.1333771
MPPE1,1.1900071,1.1333771
TSPAN2,1.1900071,1.1333771
AAMP,1.1900071,1.1333771
GPR83,1.1900071,1.1333771
RERG,1.1900071,1.1333771
LCOR,1.1900071,1.1333771
ZNF324B,1.1900071,1.1333771
PCGF5,1.1900071,1.1333771
SNF8,1.1900071,1.1333771
GCLC,1.1900071,1.1333771
ZNF511,1.1900071,1.1333771
A4GALT,1.1900071,1.1333771
SEPHS2,1.1900071,1.1333771
CCNE1,1.1900071,1.1333771
IYD,1.1900071,1.1333771
C2orf81,1.1900071,1.1333771
TMLHE,1.1900071,1.1333771
CYP8B1,1.1900071,1.1333771
THUMPD2,1.1900071,1.1333771
AADAT,1.1900071,1.1333771
MDH1B,1.1900071,1.1333771
COL21A1,1.1900071,1.1333771
C10orf68,1.1900071,1.1333771
ZNF783,1.1900071,1.1333771
FYB2,1.1900071,1.1333771
C9orf64,1.1900071,1.1333771
ABHD6,1.1900071,1.1333771
GRASP,1.1900071,1.1333771
ZNF257,1.1900071,1.1333771
KRT222,1.1900071,1.1333771
PAAF1,1.1900071,1.1333771
PFKL,1.1900071,1.1333771
MYCN,1.1900071,1.1333771
ELF4,1.1900071,1.1333771
ABHD1,1.1900071,1.1333771
XBP1,1.1900071,1.1333771
LRP5L,1.1900071,1.1333771
HTR3D,1.1900071,1.1333771
ADAL,1.1900071,1.1333771
HOXD4,1.1900071,1.1333771
ZFP69,1.1900071,1.1333771
MYBPHL,1.1900071,1.1333771
GDF9,1.1900071,1.1333771
CYP21A2,1.1900071,1.1333771
HAAO,1.1900071,1.1333771
ERVFRD-1,1.1900071,1.1333771
EPHX4,1.1900071,1.1333771
ZNF726,1.1900071,1.1333771
RTBDN,1.1900071,1.1333771
PCMTD2,1.1900071,1.1333771
SF3B4,1.1900071,1.1333771
USP25,1.1900071,1.1333771
SAG,1.1900071,1.1333771
ZIC3,1.1900071,1.1333771
CAMKMT,1.1900071,1.1333771
DGLUCY,1.1900071,1.1333771
ODC1,1.1900071,1.1333771
ZNF717,1.1900071,1.1333771
PTPN14,1.1900071,1.1333771
MBLAC2,1.1900071,1.1333771
HSPB2,1.1900071,1.1333771
GNMT,1.1900071,1.1333771
VAX2,1.1900071,1.1333771
PNLIPRP3,1.1900071,1.1333771
TBC1D13,1.1900071,1.1333771
AQP4,1.1900071,1.1333771
STX1A,1.1900071,1.1333771
ZBTB7B,1.1900071,1.1333771
NDRG3,1.1900071,1.1333771
TMEM135,1.1900071,1.1333771
SLC14A1,1.1900071,1.1333771
H2AFY2,1.1900071,1.1333771
TM6SF1,1.1900071,1.1333771
ZMAT1,1.1900071,1.1333771
SMPD1,1.1900071,1.1333771
MIP,1.1900071,1.1333771
EBPL,1.1900071,1.1333771
SP2,1.1900071,1.1333771
LRIF1,1.1900071,1.1333771
TRIM60,1.1900071,1.1333771
LIPN,1.1900071,1.1333771
STRN3,1.1900071,1.1333771
ZNF34,1.1900071,1.1333771
TSPAN33,1.1900071,1.1333771
DPM1,1.1900071,1.1333771
GPD1L,1.1900071,1.1333771
AADACL2,1.1900071,1.1333771
DUSP7,1.1900071,1.1333771
PRL,1.1900071,1.1333771
TRMT61B,1.1900071,1.1333771
FAM131B,1.1900071,1.1333771
MRPS35,1.1900071,1.1333771
NDUFV3,1.1900071,1.1333771
ZNF789,1.1900071,1.1333771
CTTNBP2,1.1900071,1.1333771
UBFD1,1.1900071,1.1333771
SAMSN1,1.1900071,1.1333771
MTHFD2,1.1900071,1.1333771
B3GALT1,1.1900071,1.1333771
B3GNT7,1.1900071,1.1333771
GJB4,1.1900071,1.1333771
ENTPD1,1.1900071,1.1333771
PDZD3,1.1900071,1.1333771
GDF1,1.1900071,1.1333771
ZNF619,1.1900071,1.1333771
ACP4,1.1900071,1.1333771
SGO1,1.1900071,1.1333771
ANKRD65,1.1900071,1.1333771
PRMT6,1.1900071,1.1333771
SLC9B2,1.1900071,1.1333771
GJB2,1.1900071,1.1333771
PGBD2,1.1900071,1.1333771
GALR3,1.1900071,1.1333771
ZNF510,1.1900071,1.1333771
ATF7IP2,1.1900071,1.1333771
SUDS3,1.1900071,1.1333771
TMEM184B,1.1900071,1.1333771
CELA3B,1.1900071,1.1333771
PPP1R32,1.1900071,1.1333771
MYL6,1.1900071,1.1333771
CRACR2B,1.1900071,1.1333771
KLK9,1.1900071,1.1333771
HDHD5,1.1900071,1.1333771
ZNF554,1.1900071,1.1333771
USP54,1.1900071,1.1333771
ICAM3,1.1900071,1.1333771
PLPP3,1.1900071,1.1333771
SLC22A24,1.1900071,1.1333771
SHCBP1L,1.1900071,1.1333771
ZNF81,1.1900071,1.1333771
FOXQ1,1.1900071,1.1333771
LEXM,1.1900071,1.1333771
CCDC84,1.1900071,1.1333771
NLRP10,1.1900071,1.1333771
VSIG10,1.1900071,1.1333771
DRC3,1.1900071,1.1333771
PPP1R37,1.1900071,1.1333771
DNASE1,1.1900071,1.1333771
CCDC96,1.1900071,1.1333771
CBARP,1.1900071,1.1333771
PPM1L,1.1900071,1.1333771
PIP5KL1,1.1900071,1.1333771
TMPRSS11D,1.1900071,1.1333771
ZNF491,1.1900071,1.1333771
SERPINB8,1.1900071,1.1333771
TRAPPC10,1.1900071,1.1333771
JRKL,1.1900071,1.1333771
WISP2,1.1900071,1.1333771
UNG,1.1900071,1.1333771
DCP1B,1.1900071,1.1333771
MPPED1,1.1900071,1.1333771
COQ9,1.1900071,1.1333771
GSDMA,1.1900071,1.1333771
PINX1,1.1900071,1.1333771
RPS10,1.1900071,1.1333771
PQBP1,1.1900071,1.1333771
PPM1H,1.1900071,1.1333771
BRMS1L,1.1900071,1.1333771
HOXA11,1.1900071,1.1333771
VGF,1.1900071,1.1333771
ATG13,1.1900071,1.1333771
STX18,1.1900071,1.1333771
BMP15,1.1900071,1.1333771
TTC29,1.1900071,1.1333771
BCL3,1.1900071,1.1333771
TMEM43,1.1900071,1.1333771
TMOD3,1.1900071,1.1333771
FJX1,1.1900071,1.1333771
ACOT9,1.1900071,1.1333771
SPATA22,1.1900071,1.1333771
DECR2,1.1900071,1.1333771
TNFAIP2,1.1900071,1.1333771
MBNL3,1.1900071,1.1333771
RAP2B,1.1900071,1.1333771
TTC22,1.1900071,1.1333771
MRPS27,1.1900071,1.1333771
PTGES2,1.1900071,1.1333771
ENDOU,1.1900071,1.1333771
PARL,1.1900071,1.1333771
REXO4,1.1900071,1.1333771
NDUFAF3,1.1900071,1.1333771
ALKBH3,1.1900071,1.1333771
ZNF503,1.1900071,1.1333771
CAMK4,1.1900071,1.1333771
SEMG2,1.1900071,1.1333771
ADIPOR1,1.1900071,1.1333771
FAM57A,1.1900071,1.1333771
MSLN,1.1900071,1.1333771
TRIM56,1.1900071,1.1333771
RNF212,1.1900071,1.1333771
SCO1,1.1900071,1.1333771
PCDHB12,1.1900071,1.1333771
RPS26,1.1900071,1.1333771
SEPT14,1.1900071,1.1333771
ZNF436,1.1900071,1.1333771
ACOT2,1.1900071,1.1333771
ZNF513,1.1900071,1.1333771
CADM4,1.1900071,1.1333771
SAGE1,1.1900071,1.1333771
RHAG,1.1900071,1.1333771
C11orf80,1.1900071,1.1333771
TRIB1,1.1900071,1.1333771
MAGEE1,1.1900071,1.1333771
AHSA1,1.1900071,1.1333771
GTF2F1,1.1900071,1.1333771
PRRC1,1.1900071,1.1333771
TAL1,1.1900071,1.1333771
FAM114A2,1.1900071,1.1333771
STK33,1.1900071,1.1333771
CALB1,1.1900071,1.1333771
SLC52A2,1.1900071,1.1333771
ALX3,1.1900071,1.1333771
TSPAN18,1.1900071,1.1333771
NTHL1,1.1900071,1.1333771
PTCHD1,1.1900071,1.1333771
KCNC2,1.1900071,1.1333771
DNAJB1,1.1900071,1.1333771
RANBP3L,1.1900071,1.1333771
CCDC71,1.1900071,1.1333771
VASP,1.1900071,1.1333771
GLT8D1,1.1900071,1.1333771
SLC5A5,1.1900071,1.1333771
RTN4IP1,1.1900071,1.1333771
MSANTD4,1.1900071,1.1333771
ZNF502,1.1900071,1.1333771
SHISA6,1.1900071,1.1333771
PABPN1,1.1900071,1.1333771
SPAM1,1.1900071,1.1333771
ZBTB33,1.1900071,1.1333771
C17orf80,1.1900071,1.1333771
ABR,1.1900071,1.1333771
HOXC11,1.1900071,1.1333771
TADA2B,1.1900071,1.1333771
GORASP2,1.1900071,1.1333771
MPDU1,1.1900071,1.1333771
FGL2,1.1900071,1.1333771
HSD3B2,1.1900071,1.1333771
FCAMR,1.1900071,1.1333771
SYT17,1.1900071,1.1333771
CABYR,1.1900071,1.1333771
MED27,1.1900071,1.1333771
TNFRSF11A,1.1900071,1.1333771
MFNG,1.1900071,1.1333771
LILRA6,1.1900071,1.1333771
RPAP2,1.1900071,1.1333771
FAM114A1,1.1900071,1.1333771
CTTNBP2NL,1.1900071,1.1333771
FOLR1,1.1900071,1.1333771
IKBIP,1.1900071,1.1333771
ADRB1,1.1900071,1.1333771
FEZF1,1.1900071,1.1333771
SAPCD2,1.1900071,1.1333771
TOX,1.1900071,1.1333771
ZBED6,1.1900071,1.1333771
SFXN2,1.1900071,1.1333771
C5orf38,1.1900071,1.1333771
RAB1B,1.1900071,1.1333771
TICAM2,1.1900071,1.1333771
ZNF721,1.1900071,1.1333771
LTBR,1.1900071,1.1333771
FBXO43,1.1900071,1.1333771
HOXD12,1.1900071,1.1333771
TDRKH,1.1900071,1.1333771
PAIP1,1.1900071,1.1333771
ALCAM,1.1900071,1.1333771
RCAN1,1.1900071,1.1333771
SNX31,1.1900071,1.1333771
HYAL1,1.1900071,1.1333771
ADRA1B,1.1900071,1.1333771
DHRS7B,1.1900071,1.1333771
UBR5,1.1900071,1.1333771
PRSS27,1.1900071,1.1333771
KLF4,1.1900071,1.1333771
DDRGK1,1.1900071,1.1333771
ATP6V0D2,1.1900071,1.1333771
SLC16A13,1.1900071,1.1333771
TMCO1,1.1900071,1.1333771
FGF17,1.1900071,1.1333771
ZBTB34,1.1900071,1.1333771
IL22RA1,1.1900071,1.1333771
BLM,1.1900071,1.1333771
PUS7L,1.1900071,1.1333771
ZNF350,1.1900071,1.1333771
UTP3,1.1900071,1.1333771
ATMIN,1.1900071,1.1333771
SNX11,1.1900071,1.1333771
SHH,1.1900071,1.1333771
MFSD4B,1.1900071,1.1333771
GUCY1A1,1.1900071,1.1333771
HTR1B,1.1900071,1.1333771
CDKL1,1.1900071,1.1333771
HSDL1,1.1900071,1.1333771
ANKUB1,1.1900071,1.1333771
ERGIC1,1.1900071,1.1333771
EFCAB3,1.1900071,1.1333771
SLC26A5,1.1900071,1.1333771
CHMP4C,1.1900071,1.1333771
MBP,1.1900071,1.1333771
FAM189A2,1.1900071,1.1333771
CPA4,1.1900071,1.1333771
BFAR,1.1900071,1.1333771
ARID3B,1.1900071,1.1333771
FOXD4L1,1.1900071,1.1333771
NAA30,1.1900071,1.1333771
PTK2,1.1900071,1.1333771
CNN2,1.1900071,1.1333771
SFTPB,1.1900071,1.1333771
GAS8,1.1900071,1.1333771
GMEB2,1.1900071,1.1333771
PRSS3,1.1900071,1.1333771
HPR,1.1900071,1.1333771
EME1,1.1900071,1.1333771
TTC23,1.1900071,1.1333771
FBXL12,1.1900071,1.1333771
TRA2B,1.1900071,1.1333771
GCNT3,1.1900071,1.1333771
CEP57L1,1.1900071,1.1333771
ATP5F1C,1.1900071,1.1333771
PYCR3,1.1900071,1.1333771
PCBP3,1.1900071,1.1333771
MUCL3,1.1900071,1.1333771
SSBP2,1.1900071,1.1333771
RFX1,1.1900071,1.1333771
RBFOX3,1.1900071,1.1333771
EDIL3,1.1900071,1.1333771
PCNX2,1.1900071,1.1333771
TGIF1,1.1900071,1.1333771
CIRBP,1.1900071,1.1333771
UGT8,1.1900071,1.1333771
C5,1.1900071,1.1333771
ABHD11,1.1900071,1.1333771
CLDN7,1.1900071,1.1333771
NUDT9,1.1900071,1.1333771
IL2RG,1.1900071,1.1333771
TADA3,1.1900071,1.1333771
ZFP37,1.1900071,1.1333771
MX2,1.1900071,1.1333771
IL21R,1.1900071,1.1333771
TRIM22,1.1900071,1.1333771
EN1,1.1900071,1.1333771
UNC5CL,1.1900071,1.1333771
C17orf75,1.1900071,1.1333771
NODAL,1.1900071,1.1333771
FBXO32,1.1900071,1.1333771
ADPRM,1.1900071,1.1333771
DNAJB4,1.1900071,1.1333771
ZNF662,1.1900071,1.1333771
MIEF2,1.1900071,1.1333771
BEND7,1.1900071,1.1333771
SMUG1,1.1900071,1.1333771
DGAT2L6,1.1900071,1.1333771
EIF4E2,1.1900071,1.1333771
CLDN3,1.1900071,1.1333771
PCMTD1,1.1900071,1.1333771
BAZ1B,1.1900071,1.1333771
CALB2,1.1900071,1.1333771
OVGP1,1.1900071,1.1333771
SS18,1.1900071,1.1333771
CPQ,1.1900071,1.1333771
IL20RA,1.1900071,1.1333771
SMYD1,1.1900071,1.1333771
SSC5D,1.1900071,1.1333771
DACT3,1.1900071,1.1333771
ZNF214,1.1900071,1.1333771
ANKRD33B,1.1900071,1.1333771
ZNF641,1.1900071,1.1333771
RNF32,1.1900071,1.1333771
FKBP6,1.1900071,1.1333771
CKAP2,1.1900071,1.1333771
HDX,1.1900071,1.1333771
CREB3L1,1.1900071,1.1333771
ATOH8,1.1900071,1.1333771
TFAM,1.1900071,1.1333771
C7orf25,1.1900071,1.1333771
RAB33B,1.1900071,1.1333771
NME7,1.1900071,1.1333771
MYF5,1.1900071,1.1333771
TOX3,1.1900071,1.1333771
MYZAP,1.1900071,1.1333771
VTI1A,1.1900071,1.1333771
PPM1F,1.1900071,1.1333771
ZNF415,1.1900071,1.1333771
PHOX2B,1.1900071,1.1333771
NAP1L4,1.1900071,1.1333771
CA9,1.1900071,1.1333771
SLC15A3,1.1900071,1.1333771
SULT4A1,1.1900071,1.1333771
FRMD5,1.1900071,1.1333771
THRAP3,1.1900071,1.1333771
SMYD3,1.1900071,1.1333771
SLC7A13,1.1900071,1.1333771
PCYOX1L,1.1900071,1.1333771
RNF144B,1.1900071,1.1333771
HERPUD2,1.1900071,1.1333771
LGMN,1.1900071,1.1333771
SKP2,1.1900071,1.1333771
ZAR1,1.1900071,1.1333771
DUSP10,1.1900071,1.1333771
SLC17A4,1.1900071,1.1333771
MS4A14,1.1900071,1.1333771
PPIE,1.1900071,1.1333771
IGSF21,1.1900071,1.1333771
LEKR1,1.1900071,1.1333771
GJB5,1.1900071,1.1333771
KDM8,1.1900071,1.1333771
CCT3,1.1900071,1.1333771
RBM4B,1.1900071,1.1333771
MARCH9,1.1900071,1.1333771
MKRN2,1.1900071,1.1333771
MIER2,1.1900071,1.1333771
TCEA1,1.1900071,1.1333771
TBXA2R,1.1900071,1.1333771
BMP10,1.1900071,1.1333771
PABPN1L,1.1900071,1.1333771
NAP1L1,1.1900071,1.1333771
LNPK,1.1900071,1.1333771
HYAL4,1.1900071,1.1333771
NMUR1,1.1900071,1.1333771
POLR1E,1.1900071,1.1333771
MYF6,1.1900071,1.1333771
PJVK,1.1900071,1.1333771
RASL10B,1.1900071,1.1333771
SLC38A2,1.1900071,1.1333771
RMI1,1.1900071,1.1333771
UGT3A2,1.1900071,1.1333771
DNAAF2,1.1900071,1.1333771
UGT2B7,1.1900071,1.1333771
ANXA4,1.1900071,1.1333771
RAD23A,1.1900071,1.1333771
PSMB4,1.1900071,1.1333771
MAP3K8,1.1900071,1.1333771
APRT,1.1900071,1.1333771
CAPZB,1.1900071,1.1333771
DLK1,1.1900071,1.1333771
CCDC65,1.1900071,1.1333771
NAPSA,1.1900071,1.1333771
DNASE1L2,1.1900071,1.1333771
ADORA2A,1.1900071,1.1333771
ZNF254,1.1900071,1.1333771
SLC25A45,1.1900071,1.1333771
PJA2,1.1900071,1.1333771
GRK1,1.1900071,1.1333771
IFIT5,1.1900071,1.1333771
CTDSP1,1.1900071,1.1333771
NUFIP2,1.1900071,1.1333771
RNLS,1.1900071,1.1333771
DGKQ,1.1900071,1.1333771
RAB4B,1.1900071,1.1333771
PSTPIP1,1.1900071,1.1333771
CACNG7,1.1900071,1.1333771
GSX2,1.1900071,1.1333771
RNF39,1.1900071,1.1333771
SLCO6A1,1.1900071,1.1333771
ZIM2,1.1900071,1.1333771
PPP2CB,1.1900071,1.1333771
TRIM50,1.1900071,1.1333771
SLC35E1,1.1900071,1.1333771
ADAM29,1.1900071,1.1333771
ZNF776,1.1900071,1.1333771
ZNF319,1.1900071,1.1333771
SFRP4,1.1900071,1.1333771
CRYBA1,1.1900071,1.1333771
LRRC24,1.1900071,1.1333771
ZNF398,1.1900071,1.1333771
ZNF30,1.1900071,1.1333771
MVB12B,1.1900071,1.1333771
DTX2,1.1900071,1.1333771
TRIM65,1.1900071,1.1333771
FAAH2,1.1900071,1.1333771
ZBTB25,1.1900071,1.1333771
CETP,1.1900071,1.1333771
SLC39A4,1.1900071,1.1333771
SLC17A3,1.1900071,1.1333771
DEDD,1.1900071,1.1333771
LRRN4,1.1900071,1.1333771
CDK5,1.1900071,1.1333771
G6PC2,1.1900071,1.1333771
APOBEC3D,1.1900071,1.1333771
SOX12,1.1900071,1.1333771
TFB1M,1.1900071,1.1333771
ADCY1,1.1900071,1.1333771
HSD17B8,1.1900071,1.1333771
LRRC23,1.1900071,1.1333771
ST3GAL5,1.1900071,1.1333771
RFC3,1.1900071,1.1333771
METTL2A,1.1900071,1.1333771
ACY3,1.1900071,1.1333771
SVOP,1.1900071,1.1333771
SLC39A13,1.1900071,1.1333771
NIPSNAP2,1.1900071,1.1333771
ROM1,1.1900071,1.1333771
RAB8A,1.1900071,1.1333771
ST8SIA5,1.1900071,1.1333771
TMEM198,1.1900071,1.1333771
RMND1,1.1900071,1.1333771
ZNF652,1.1900071,1.1333771
MAGED2,1.1900071,1.1333771
TRMT2B,1.1900071,1.1333771
VKORC1L1,1.1900071,1.1333771
GDF2,1.1900071,1.1333771
IFT57,1.1900071,1.1333771
FOXD2,1.1900071,1.1333771
TSG101,1.1900071,1.1333771
ARHGAP1,1.1900071,1.1333771
CKAP2L,1.1900071,1.1333771
POT1,1.1900071,1.1333771
OLA1,1.1900071,1.1333771
SDF2L1,1.1900071,1.1333771
NPFFR2,1.1900071,1.1333771
DNASE2B,1.1900071,1.1333771
DEGS2,1.1900071,1.1333771
KRR1,1.1900071,1.1333771
ZNF35,1.1900071,1.1333771
HAPLN2,1.1900071,1.1333771
RS1,1.1900071,1.1333771
CENPN,1.1900071,1.1333771
ZSCAN25,1.1900071,1.1333771
EFNA3,1.1900071,1.1333771
RBMS3,1.1900071,1.1333771
TESPA1,1.1900071,1.1333771
TENT5B,1.1900071,1.1333771
BTN2A2,1.1900071,1.1333771
CARNMT1,1.1900071,1.1333771
UTP11,1.1900071,1.1333771
APOA5,1.1900071,1.1333771
NDE1,1.1900071,1.1333771
SLC46A1,1.1900071,1.1333771
ZNF23,1.1900071,1.1333771
CSNK1A1,1.1900071,1.1333771
RABEPK,1.1900071,1.1333771
TBC1D32,1.1900071,1.1333771
CD5,1.1900071,1.1333771
TRABD2A,1.1900071,1.1333771
RRP8,1.1900071,1.1333771
E2F3,1.1900071,1.1333771
ABHD8,1.1900071,1.1333771
TCTE1,1.1900071,1.1333771
SPAG4,1.1900071,1.1333771
HOXB8,1.1900071,1.1333771
CLYBL,1.1900071,1.1333771
BCL6B,1.1900071,1.1333771
IGLON5,1.1900071,1.1333771
RAB5B,1.1900071,1.1333771
AASS,1.1900071,1.1333771
SFXN5,1.1900071,1.1333771
DMRTA1,1.1900071,1.1333771
CALR,1.1900071,1.1333771
CSNK1G2,1.1900071,1.1333771
DUSP4,1.1900071,1.1333771
PDIA3,1.1900071,1.1333771
PACSIN1,1.1900071,1.1333771
ANKRD33,1.1900071,1.1333771
GTF2B,1.1900071,1.1333771
NPTN,1.1900071,1.1333771
TBC1D22A,1.1900071,1.1333771
SCTR,1.1900071,1.1333771
ZDHHC3,1.1900071,1.1333771
NECAB3,1.1900071,1.1333771
SLC25A51,1.1900071,1.1333771
ARL8A,1.1900071,1.1333771
GAK,1.1900071,1.1333771
STK19,1.1900071,1.1333771
MYOZ3,1.1900071,1.1333771
ZNF540,1.1900071,1.1333771
ZNF233,1.1900071,1.1333771
POLR2F,1.1900071,1.1333771
EMC3,1.1900071,1.1333771
SHBG,1.1900071,1.1333771
WDR47,1.1900071,1.1333771
TLE6,1.1900071,1.1333771
SUPT3H,1.1900071,1.1333771
ARFIP1,1.1900071,1.1333771
SNPH,1.1900071,1.1333771
C9orf43,1.1900071,1.1333771
MAPK1,1.1900071,1.1333771
ZNF300,1.1900071,1.1333771
B3GAT2,1.1900071,1.1333771
CPA5,1.1900071,1.1333771
KDM4E,1.1900071,1.1333771
SH2D2A,1.1900071,1.1333771
ZFPL1,1.1900071,1.1333771
HOXB13,1.1900071,1.1333771
FAM83C,1.1900071,1.1333771
CYBA,1.1900071,1.1333771
ABRA,1.1900071,1.1333771
SERINC3,1.1900071,1.1333771
BACE2,1.1900071,1.1333771
KPRP,1.1900071,1.1333771
TNIP3,1.1900071,1.1333771
WDR92,1.1900071,1.1333771
OPRK1,1.1900071,1.1333771
GLMN,1.1900071,1.1333771
AGT,1.1900071,1.1333771
SMAP1,1.1900071,1.1333771
GCH1,1.1900071,1.1333771
ZSCAN21,1.1900071,1.1333771
RRAGD,1.1900071,1.1333771
USP9X,1.1900071,1.1333771
POMC,1.1900071,1.1333771
C11orf96,1.1900071,1.1333771
ADGRB1,1.1900071,1.1333771
ZNF526,1.1900071,1.1333771
SLC30A3,1.1900071,1.1333771
PRMT3,1.1900071,1.1333771
CCDC86,1.1900071,1.1333771
UBE2J1,1.1900071,1.1333771
SOX21,1.1900071,1.1333771
C8orf34,1.1900071,1.1333771
B4GALT5,1.1900071,1.1333771
CCDC137,1.1900071,1.1333771
NHLRC3,1.1900071,1.1333771
SERPINE1,1.1900071,1.1333771
CREB3L2,1.1900071,1.1333771
ST3GAL2,1.1900071,1.1333771
PCYT1B,1.1900071,1.1333771
ASB5,1.1900071,1.1333771
POU5F1B,1.1900071,1.1333771
NECAP2,1.1900071,1.1333771
RBP4,1.1900071,1.1333771
MPV17,1.1900071,1.1333771
GAS2,1.1900071,1.1333771
GABPB2,1.1900071,1.1333771
RPL18A,1.1900071,1.1333771
OGFRL1,1.1900071,1.1333771
FAM124A,1.1900071,1.1333771
COQ5,1.1900071,1.1333771
GZMB,1.1900071,1.1333771
IL23R,1.1900071,1.1333771
AGK,1.1900071,1.1333771
SLC46A2,1.1900071,1.1333771
NPHS1,1.1900071,1.1333771
PCDHB8,1.1900071,1.1333771
ZNF648,1.1900071,1.1333771
CLUAP1,1.1900071,1.1333771
KBTBD13,1.1900071,1.1333771
SLC16A2,1.1900071,1.1333771
PGGT1B,1.1900071,1.1333771
PSMD8,1.1900071,1.1333771
WIPF2,1.1900071,1.1333771
MFSD9,1.1900071,1.1333771
THOC6,1.1900071,1.1333771
EXTL2,1.1900071,1.1333771
CWC27,1.1900071,1.1333771
ADK,1.1900071,1.1333771
B4GALT6,1.1900071,1.1333771
CAP2,1.1900071,1.1333771
CERS1,1.1900071,1.1333771
LANCL1,1.1900071,1.1333771
VWA1,1.1900071,1.1333771
REEP3,1.1900071,1.1333771
DIRC2,1.1900071,1.1333771
TMOD2,1.1900071,1.1333771
GPR142,1.1900071,1.1333771
STAC,1.1900071,1.1333771
TAB1,1.1900071,1.1333771
PNMA3,1.1900071,1.1333771
GNPTG,1.1900071,1.1333771
PAQR6,1.1900071,1.1333771
C11orf49,1.1900071,1.1333771
SKAP1,1.1900071,1.1333771
TCEA2,1.1900071,1.1333771
FBXO44,1.1900071,1.1333771
GAL3ST3,1.1900071,1.1333771
SASH3,1.1900071,1.1333771
ATXN10,1.1900071,1.1333771
LACTB,1.1900071,1.1333771
SFXN1,1.1900071,1.1333771
PEX3,1.1900071,1.1333771
FBXO28,1.1900071,1.1333771
IRX1,1.1900071,1.1333771
GPR137B,1.1900071,1.1333771
ARG1,1.1900071,1.1333771
RNF219,1.1900071,1.1333771
TEX9,1.1900071,1.1333771
P4HB,1.1900071,1.1333771
ANKRD54,1.1900071,1.1333771
CDC7,1.1900071,1.1333771
LPO,1.1900071,1.1333771
TRAPPC4,1.1900071,1.1333771
ZNF836,1.1900071,1.1333771
SMS,1.1900071,1.1333771
CALCRL,1.1900071,1.1333771
TRMT11,1.1900071,1.1333771
SRSF2,1.1900071,1.1333771
IKZF3,1.1900071,1.1333771
ZKSCAN4,1.1900071,1.1333771
ZBTB22,1.1900071,1.1333771
GBGT1,1.1900071,1.1333771
TRIM58,1.1900071,1.1333771
PLOD2,1.1900071,1.1333771
KCTD8,1.1900071,1.1333771
CIAO1,1.1900071,1.1333771
AGA,1.1900071,1.1333771
ADAM2,1.1900071,1.1333771
RFC2,1.1900071,1.1333771
MBOAT4,1.1900071,1.1333771
SMYD5,1.1900071,1.1333771
ST6GALNAC6,1.1900071,1.1333771
STK17A,1.1900071,1.1333771
SLC8A1,1.1900071,1.1333771
SPATA6,1.1900071,1.1333771
RPL10L,1.1900071,1.1333771
ZNF573,1.1900071,1.1333771
FGF3,1.1900071,1.1333771
RDH11,1.1900071,1.1333771
ZNF385A,1.1900071,1.1333771
DUSP1,1.1900071,1.1333771
CUTC,1.1900071,1.1333771
SYT11,1.1900071,1.1333771
SDE2,1.1900071,1.1333771
FICD,1.1900071,1.1333771
B4GALT4,1.1900071,1.1333771
ITGA5,1.1900071,1.1333771
PPP2CA,1.1900071,1.1333771
SLC39A14,1.1900071,1.1333771
SLC16A3,1.1900071,1.1333771
FAM83F,1.1900071,1.1333771
PRKCB,1.1900071,1.1333771
CCDC120,1.1900071,1.1333771
NT5C3B,1.1900071,1.1333771
NECAB2,1.1900071,1.1333771
POU1F1,1.1900071,1.1333771
PRKACA,1.1900071,1.1333771
SIRT2,1.1900071,1.1333771
NR1H2,1.1900071,1.1333771
HSPB1,1.1900071,1.1333771
INPP5D,1.1900071,1.1333771
NSUN6,1.1900071,1.1333771
SLC16A9,1.1900071,1.1333771
AP5B1,1.1900071,1.1333771
SNX5,1.1900071,1.1333771
ECH1,1.1900071,1.1333771
MYLK2,1.1900071,1.1333771
NKX2-4,1.1900071,1.1333771
TRADD,1.1900071,1.1333771
FAM98C,1.1900071,1.1333771
HOXA5,1.1900071,1.1333771
GRSF1,1.1900071,1.1333771
NOSIP,1.1900071,1.1333771
RIOK1,1.1900071,1.1333771
PIP4P2,1.1900071,1.1333771
MROH1,1.1900071,1.1333771
GJD4,1.1900071,1.1333771
HMX2,1.1900071,1.1333771
EFCAB14,1.1900071,1.1333771
SERPING1,1.1900071,1.1333771
PROZ,1.1900071,1.1333771
FCRL4,1.1900071,1.1333771
DDI1,1.1900071,1.1333771
UGT2B10,1.1900071,1.1333771
CCDC82,1.1900071,1.1333771
PRTFDC1,1.1900071,1.1333771
ZNF671,1.1900071,1.1333771
VCAM1,1.1900071,1.1333771
SCAP,1.1900071,1.1333771
UBXN4,1.1900071,1.1333771
BTBD18,1.1900071,1.1333771
TNFRSF11B,1.1900071,1.1333771
CEP72,1.1900071,1.1333771
IRGQ,1.1900071,1.1333771
LIPA,1.1900071,1.1333771
TSN,1.1900071,1.1333771
TEKT2,1.1900071,1.1333771
ZSWIM3,1.1900071,1.1333771
FAM155A,1.1900071,1.1333771
DOCK5,1.1900071,1.1333771
FAM131A,1.1900071,1.1333771
ASRGL1,1.1900071,1.1333771
NIF3L1,1.1900071,1.1333771
FBXL7,1.1900071,1.1333771
HOXA1,1.1900071,1.1333771
KCTD13,1.1900071,1.1333771
TRIM10,1.1900071,1.1333771
GSX1,1.1900071,1.1333771
DCPS,1.1900071,1.1333771
ACOT4,1.1900071,1.1333771
KIAA1328,1.1900071,1.1333771
PLPPR5,1.1900071,1.1333771
TEDC2,1.1900071,1.1333771
TMEFF2,1.1900071,1.1333771
METTL1,1.1900071,1.1333771
HSD17B14,1.1900071,1.1333771
STAR,1.1900071,1.1333771
WWC3,1.1900071,1.1333771
CD82,1.1900071,1.1333771
PARVB,1.1900071,1.1333771
UTP18,1.1900071,1.1333771
TC2N,1.1900071,1.1333771
SLC6A17,1.1900071,1.1333771
CYP2F1,1.1900071,1.1333771
ACIN1,1.1900071,1.1333771
CRTC1,1.1900071,1.1333771
ING5,1.1900071,1.1333771
SLC41A2,1.1900071,1.1333771
XKR8,1.1900071,1.1333771
CCDC60,1.1900071,1.1333771
TAF5,1.1900071,1.1333771
BHMT,1.1900071,1.1333771
PEX16,1.1900071,1.1333771
C1QTNF1,1.1900071,1.1333771
SERPINB6,1.1900071,1.1333771
MAP6,1.1900071,1.1333771
FAM49B,1.1900071,1.1333771
FOXE1,1.1900071,1.1333771
KCNIP2,1.1900071,1.1333771
ZDHHC1,1.1900071,1.1333771
CEP78,1.1900071,1.1333771
MGME1,1.1900071,1.1333771
HOXA2,1.1900071,1.1333771
SGK494,1.1900071,1.1333771
RUSC2,1.1900071,1.1333771
RSPO2,1.1900071,1.1333771
ZBTB3,1.1900071,1.1333771
NELFA,1.1900071,1.1333771
LILRB5,1.1900071,1.1333771
DMRT3,1.1900071,1.1333771
HTR7,1.1900071,1.1333771
HYLS1,1.1900071,1.1333771
WSB2,1.1900071,1.1333771
DHRS7,1.1900071,1.1333771
TGDS,1.1900071,1.1333771
RNPEPL1,1.1900071,1.1333771
ZNF782,1.1900071,1.1333771
SLC35F6,1.1900071,1.1333771
DMRT2,1.1900071,1.1333771
HMG20B,1.1900071,1.1333771
ERG,1.1900071,1.1333771
OXTR,1.1900071,1.1333771
SLC24A5,1.1900071,1.1333771
DENND3,1.1900071,1.1333771
SLC36A1,1.1900071,1.1333771
NAMPT,1.1900071,1.1333771
HSPBAP1,1.1900071,1.1333771
SRR,1.1900071,1.1333771
CATSPER3,1.1900071,1.1333771
INHBE,1.1900071,1.1333771
ARRB1,1.1900071,1.1333771
PSKH1,1.1900071,1.1333771
FOXR1,1.1900071,1.1333771
RNF175,1.1900071,1.1333771
SLC16A4,1.1900071,1.1333771
OPHN1,1.1900071,1.1333771
TENT5A,1.1900071,1.1333771
GATA1,1.1900071,1.1333771
PLEKHO2,1.1900071,1.1333771
MIER3,1.1900071,1.1333771
REPS2,1.1900071,1.1333771
RIMKLB,1.1900071,1.1333771
TSPAN15,1.1900071,1.1333771
C1QTNF2,1.1900071,1.1333771
PLPP1,1.1900071,1.1333771
SAE1,1.1900071,1.1333771
DAW1,1.1900071,1.1333771
FEN1,1.1900071,1.1333771
STK32A,1.1900071,1.1333771
STXBP4,1.1900071,1.1333771
BTNL9,1.1900071,1.1333771
SERINC1,1.1900071,1.1333771
ASCC1,1.1900071,1.1333771
LOXHD1,1.1900071,1.1333771
G6PC3,1.1900071,1.1333771
MOB3C,1.1900071,1.1333771
ATP6V0D1,1.1900071,1.1333771
UBXN7,1.1900071,1.1333771
DRD3,1.1900071,1.1333771
DYNC1LI2,1.1900071,1.1333771
BRD1,1.1900071,1.1333771
PCDHB3,1.1900071,1.1333771
HHEX,1.1900071,1.1333771
CREB5,1.1900071,1.1333771
CELF5,1.1900071,1.1333771
NEUROD6,1.1900071,1.1333771
ENPP1,1.1900071,1.1333771
FRYL,1.1900071,1.1333771
ZNF264,1.1900071,1.1333771
SLC30A1,1.1900071,1.1333771
ST6GAL2,1.1900071,1.1333771
HAPLN1,1.1900071,1.1333771
SAMD14,1.1900071,1.1333771
ENPP4,1.1900071,1.1333771
P3H4,1.1900071,1.1333771
MAP7D3,1.1900071,1.1333771
STAC3,1.1900071,1.1333771
ZNF527,1.1900071,1.1333771
EMX1,1.1900071,1.1333771
SH3D21,1.1900071,1.1333771
RGPD4,1.1900071,1.1333771
MTCH2,1.1900071,1.1333771
CTSE,1.1900071,1.1333771
ZNF277,1.1900071,1.1333771
TRIM4,1.1900071,1.1333771
RPAP1,1.1900071,1.1333771
VHL,1.1900071,1.1333771
AZIN2,1.1900071,1.1333771
RAB11A,1.1900071,1.1333771
ARSB,1.1900071,1.1333771
TTC21B,1.1900071,1.1333771
ZNF132,1.1900071,1.1333771
TAF9,1.1900071,1.1333771
GALNTL5,1.1900071,1.1333771
B3GNT6,1.1900071,1.1333771
NXPE3,1.1900071,1.1333771
UNC93A,1.1900071,1.1333771
SPATA7,1.1900071,1.1333771
METTL22,1.1900071,1.1333771
DRGX,1.1900071,1.1333771
KIF25,1.1900071,1.1333771
GCM1,1.1900071,1.1333771
TCERG1L,1.1900071,1.1333771
RPS2,1.1900071,1.1333771
MYCL,1.1900071,1.1333771
MAN2A1,1.1900071,1.1333771
LIG1,1.1900071,1.1333771
ZNF675,1.1900071,1.1333771
APOE,1.1900071,1.1333771
NDUFA13,1.1900071,1.1333771
LINGO4,1.1900071,1.1333771
CACNG2,1.1900071,1.1333771
RASSF1,1.1900071,1.1333771
ZNF829,1.1900071,1.1333771
CDK20,1.1900071,1.1333771
POLE2,1.1900071,1.1333771
UBE2Q2,1.1900071,1.1333771
IKZF4,1.1900071,1.1333771
HOXC10,1.1900071,1.1333771
RNF2,1.1900071,1.1333771
TXNDC16,1.1900071,1.1333771
NKPD1,1.1900071,1.1333771
HSF5,1.1900071,1.1333771
VRK3,1.1900071,1.1333771
ZNF33B,1.1900071,1.1333771
HOXB1,1.1900071,1.1333771
NMNAT3,1.1900071,1.1333771
ENPP5,1.1900071,1.1333771
DAB1,1.1900071,1.1333771
GFAP,1.1900071,1.1333771
OGFOD2,1.1900071,1.1333771
CADM3,1.1900071,1.1333771
MECR,1.1900071,1.1333771
DDB2,1.1900071,1.1333771
BCKDK,1.1900071,1.1333771
PDE5A,1.1900071,1.1333771
FIBP,1.1900071,1.1333771
CELA2A,1.1900071,1.1333771
GBX1,1.1900071,1.1333771
TOR2A,1.1900071,1.1333771
RAD51D,1.1900071,1.1333771
GRWD1,1.1900071,1.1333771
SLC25A21,1.1900071,1.1333771
TBP,1.1900071,1.1333771
RAB39A,1.1900071,1.1333771
ABHD12,1.1900071,1.1333771
PRSS35,1.1900071,1.1333771
VIT,1.1900071,1.1333771
RETREG3,1.1900071,1.1333771
SPOCK1,1.1900071,1.1333771
VMP1,1.1900071,1.1333771
USP20,1.1900071,1.1333771
PLEKHA2,1.1900071,1.1333771
UST,1.1900071,1.1333771
CTSS,1.1900071,1.1333771
TUBB6,1.1900071,1.1333771
STX3,1.1900071,1.1333771
SSBP4,1.1900071,1.1333771
DRD5,1.1900071,1.1333771
HRC,1.1900071,1.1333771
KDELC2,1.1900071,1.1333771
ZNF613,1.1900071,1.1333771
C2orf78,1.1900071,1.1333771
PIGS,1.1900071,1.1333771
KLHDC9,1.1900071,1.1333771
FOXD4,1.1900071,1.1333771
CASC4,1.1900071,1.1333771
GOPC,1.1900071,1.1333771
CRELD2,1.1900071,1.1333771
C7orf31,1.1900071,1.1333771
PRDM7,1.1900071,1.1333771
NFKBIE,1.1900071,1.1333771
CYFIP1,1.1900071,1.1333771
EI24,1.1900071,1.1333771
PPM1A,1.1900071,1.1333771
ABHD2,1.1900071,1.1333771
DLX6,1.1900071,1.1333771
UFSP2,1.1900071,1.1333771
EFNB2,1.1900071,1.1333771
VRK1,1.1900071,1.1333771
ZNF471,1.1900071,1.1333771
FBXL6,1.1900071,1.1333771
NSDHL,1.1900071,1.1333771
CTD-3088G3.8,1.1900071,1.1333771
REEP2,1.1900071,1.1333771
GPR61,1.1900071,1.1333771
CNOT9,1.1900071,1.1333771
ANKRD16,1.1900071,1.1333771
METTL4,1.1900071,1.1333771
NKX6-2,1.1900071,1.1333771
EHF,1.1900071,1.1333771
CTSW,1.1900071,1.1333771
RAPGEFL1,1.1900071,1.1333771
TACR3,1.1900071,1.1333771
PPP1R15B,1.1900071,1.1333771
ZNF766,1.1900071,1.1333771
MTG2,1.1900071,1.1333771
MMP21,1.1900071,1.1333771
ATP6AP1,1.1900071,1.1333771
WDSUB1,1.1900071,1.1333771
LMAN2,1.1900071,1.1333771
UGT2A3,1.1900071,1.1333771
RP11-723O4.6,1.1900071,1.1333771
IFI16,1.1900071,1.1333771
FSD1,1.1900071,1.1333771
TRIM47,1.1900071,1.1333771
FMO2,1.1900071,1.1333771
CDC6,1.1900071,1.1333771
RNPC3,1.1900071,1.1333771
C1QTNF9B,1.1900071,1.1333771
ZNF449,1.1900071,1.1333771
GABPB1,1.1900071,1.1333771
BOC,1.1900071,1.1333771
TMCO6,1.1900071,1.1333771
RNMT,1.1900071,1.1333771
MPST,1.1900071,1.1333771
FAM92A,1.1900071,1.1333771
ATF7,1.1900071,1.1333771
PROSER3,1.1900071,1.1333771
HOXB2,1.1900071,1.1333771
FN3K,1.1900071,1.1333771
GSG1L,1.1900071,1.1333771
MRM3,1.1900071,1.1333771
ZNF324,1.1900071,1.1333771
RIT1,1.1900071,1.1333771
CYP20A1,1.1900071,1.1333771
TANK,1.1900071,1.1333771
CAMK1G,1.1900071,1.1333771
MYH11,1.1900071,1.1333771
AFM,1.1900071,1.1333771
GPN3,1.1900071,1.1333771
GPRASP2,1.1900071,1.1333771
HMCES,1.1900071,1.1333771
CSRNP2,1.1900071,1.1333771
DDX53,1.1900071,1.1333771
NAPG,1.1900071,1.1333771
SH3GLB2,1.1900071,1.1333771
ABHD3,1.1900071,1.1333771
FDPS,1.1900071,1.1333771
RPL7,1.1900071,1.1333771
CFHR4,1.1900071,1.1333771
ACTRT2,1.1900071,1.1333771
CPN1,1.1900071,1.1333771
HOMER1,1.1900071,1.1333771
FASTKD2,1.1900071,1.1333771
MCMDC2,1.1900071,1.1333771
RIBC1,1.1900071,1.1333771
DNAAF4,1.1900071,1.1333771
SIGIRR,1.1900071,1.1333771
AKAP8,1.1900071,1.1333771
ANGPTL4,1.1900071,1.1333771
UGP2,1.1900071,1.1333771
PRPS1,1.1900071,1.1333771
RFFL,1.1900071,1.1333771
ZNF746,1.1900071,1.1333771
GET4,1.1900071,1.1333771
MARCH1,1.1900071,1.1333771
KIAA1586,1.1900071,1.1333771
BBS1,1.1900071,1.1333771
MED26,1.1900071,1.1333771
TRPV6,1.1900071,1.1333771
PARP3,1.1900071,1.1333771
GPR108,1.1900071,1.1333771
CYP7A1,1.1900071,1.1333771
PITPNM3,1.1900071,1.1333771
MEX3A,1.1900071,1.1333771
SHOC2,1.1900071,1.1333771
CEP152,1.1900071,1.1333771
FAM198A,1.1900071,1.1333771
SMPD2,1.1900071,1.1333771
CPB1,1.1900071,1.1333771
PSTPIP2,1.1900071,1.1333771
TBRG1,1.1900071,1.1333771
TTLL10,1.1900071,1.1333771
KDM4D,1.1900071,1.1333771
CWC25,1.1900071,1.1333771
MUM1L1,1.1900071,1.1333771
SRSF5,1.1900071,1.1333771
TMEM237,1.1900071,1.1333771
POGK,1.1900071,1.1333771
ACBD5,1.1900071,1.1333771
WASF3,1.1900071,1.1333771
GFRA1,1.1900071,1.1333771
TMEM184C,1.1900071,1.1333771
DBT,1.1900071,1.1333771
POFUT1,1.1900071,1.1333771
ATPAF2,1.1900071,1.1333771
PDK4,1.1900071,1.1333771
MIIP,1.1900071,1.1333771
TCAIM,1.1900071,1.1333771
RAB11B,1.1900071,1.1333771
TMEM231,1.1900071,1.1333771
LGALS3BP,1.1900071,1.1333771
CAPNS1,1.1900071,1.1333771
EIF2S2,1.1900071,1.1333771
PIGW,1.1900071,1.1333771
FBXO34,1.1900071,1.1333771
ZNF567,1.1900071,1.1333771
AMDHD1,1.1900071,1.1333771
ATG4D,1.1900071,1.1333771
TNNI1,1.1900071,1.1333771
C17orf47,1.1900071,1.1333771
THBD,1.1900071,1.1333771
UTP14C,1.1900071,1.1333771
OXSM,1.1900071,1.1333771
SLX4,1.1900071,1.1333771
NIPSNAP1,1.1900071,1.1333771
LMBRD1,1.1900071,1.1333771
AMN,1.1900071,1.1333771
LRRTM1,1.1900071,1.1333771
SLC25A40,1.1900071,1.1333771
SLC25A33,1.1900071,1.1333771
PRPSAP2,1.1900071,1.1333771
NKX3-2,1.1900071,1.1333771
HTR2A,1.1900071,1.1333771
PRDM4,1.1900071,1.1333771
TMEM79,1.1900071,1.1333771
ZNF786,1.1900071,1.1333771
MTDH,1.1900071,1.1333771
TMPRSS11E,1.1900071,1.1333771
ZSCAN31,1.1900071,1.1333771
HYI,1.1900071,1.1333771
DNAJC18,1.1900071,1.1333771
MCM3AP,1.1900071,1.1333771
TRIB3,1.1900071,1.1333771
LRRD1,1.1900071,1.1333771
FAM50A,1.1900071,1.1333771
PI4K2B,1.1900071,1.1333771
CASP2,1.1900071,1.1333771
MVD,1.1900071,1.1333771
ZBED5,1.1900071,1.1333771
STK32B,1.1900071,1.1333771
NAPA,1.1900071,1.1333771
TRMT13,1.1900071,1.1333771
CES1,1.1900071,1.1333771
DAB2,1.1900071,1.1333771
ZNF808,1.1900071,1.1333771
OPN4,1.1900071,1.1333771
GPR149,1.1900071,1.1333771
FOXI1,1.1900071,1.1333771
PCDHB16,1.1900071,1.1333771
CD36,1.1900071,1.1333771
RAB6A,1.1900071,1.1333771
WIF1,1.1900071,1.1333771
RNF180,1.1900071,1.1333771
GABPA,1.1900071,1.1333771
MLIP,1.1900071,1.1333771
SYT6,1.1900071,1.1333771
HOXA10,1.1900071,1.1333771
B3GALT2,1.1900071,1.1333771
TICAM1,1.1900071,1.1333771
SLC39A5,1.1900071,1.1333771
CACNG8,1.1900071,1.1333771
NIPAL1,1.1900071,1.1333771
ZNF653,1.1900071,1.1333771
RELT,1.1900071,1.1333771
FHOD3,1.1900071,1.1333771
CCDC102B,1.1900071,1.1333771
SASS6,1.1900071,1.1333771
CHMP7,1.1900071,1.1333771
FBXO46,1.1900071,1.1333771
RPRD1B,1.1900071,1.1333771
PCDHB10,1.1900071,1.1333771
ACAT2,1.1900071,1.1333771
CARD9,1.1900071,1.1333771
B3GNTL1,1.1900071,1.1333771
MMP13,1.1900071,1.1333771
ZNF77,1.1900071,1.1333771
NDRG2,1.1900071,1.1333771
HOXB9,1.1900071,1.1333771
RAB5C,1.1900071,1.1333771
HRH3,1.1900071,1.1333771
HTR1A,1.1900071,1.1333771
FAM227B,1.1900071,1.1333771
CENPT,1.1900071,1.1333771
IP6K1,1.1900071,1.1333771
CTSH,1.1900071,1.1333771
STAG1,1.1900071,1.1333771
CRK,1.1900071,1.1333771
TACR1,1.1900071,1.1333771
KM-PA-2,1.1900071,1.1333771
HSD11B1L,1.1900071,1.1333771
FUT7,1.1900071,1.1333771
GFRA2,1.1900071,1.1333771
TMEM120B,1.1900071,1.1333771
GLYCTK,1.1900071,1.1333771
PTPN3,1.1900071,1.1333771
TFG,1.1900071,1.1333771
NLRP1,1.1900071,1.1333771
CDC25A,1.1900071,1.1333771
SH3GL2,1.1900071,1.1333771
GADL1,1.1900071,1.1333771
RSRC1,1.1900071,1.1333771
CLDN16,1.1900071,1.1333771
SEPT2,1.1900071,1.1333771
CYLD,1.1900071,1.1333771
HACD3,1.1900071,1.1333771
PIK3R6,1.1900071,1.1333771
LAG3,1.1900071,1.1333771
ZNF207,1.1900071,1.1333771
RNF170,1.1900071,1.1333771
CAGE1,1.1900071,1.1333771
ZNF672,1.1900071,1.1333771
CCDC62,1.1900071,1.1333771
RAB15,1.1900071,1.1333771
CERKL,1.1900071,1.1333771
HIF1AN,1.1900071,1.1333771
LRIT1,1.1900071,1.1333771
NBEA,1.1900071,1.1333771
SLC46A3,1.1900071,1.1333771
ZDHHC23,1.1900071,1.1333771
AURKB,1.1900071,1.1333771
GJB6,1.1900071,1.1333771
ZKSCAN3,1.1900071,1.1333771
ISLR2,1.1900071,1.1333771
PIGZ,1.1900071,1.1333771
RAB26,1.1900071,1.1333771
SLC13A5,1.1900071,1.1333771
TCP11L2,1.1900071,1.1333771
FAHD2A,1.1900071,1.1333771
RAB25,1.1900071,1.1333771
RRP36,1.1900071,1.1333771
EPHX2,1.1900071,1.1333771
METTL25,1.1900071,1.1333771
PXYLP1,1.1900071,1.1333771
AGMAT,1.1900071,1.1333771
PSMD13,1.1900071,1.1333771
STAG3,1.1900071,1.1333771
PPP1CC,1.1900071,1.1333771
SCRN2,1.1900071,1.1333771
PPP1R15A,1.1900071,1.1333771
SLC16A5,1.1900071,1.1333771
PCYOX1,1.1900071,1.1333771
DPYSL3,1.1900071,1.1333771
NTF3,1.1900071,1.1333771
PNPO,1.1900071,1.1333771
ELF2,1.1900071,1.1333771
XK,1.1900071,1.1333771
TNIP2,1.1900071,1.1333771
DLX5,1.1900071,1.1333771
AQP3,1.1900071,1.1333771
RDH10,1.1900071,1.1333771
FAM49A,1.1900071,1.1333771
ARAF,1.1900071,1.1333771
ATP9A,1.1900071,1.1333771
PASD1,1.1900071,1.1333771
ZNF582,1.1900071,1.1333771
HTATSF1,1.1900071,1.1333771
RINL,1.1900071,1.1333771
TRMT5,1.1900071,1.1333771
KIAA2012,1.1900071,1.1333771
SMC6,1.1900071,1.1333771
PIAS4,1.1900071,1.1333771
LSM14A,1.1900071,1.1333771
FSCN1,1.1900071,1.1333771
CASS4,1.1900071,1.1333771
REXO5,1.1900071,1.1333771
ZNF365,1.1900071,1.1333771
SLC16A8,1.1900071,1.1333771
HAO2,1.1900071,1.1333771
IL1RAPL2,1.1900071,1.1333771
MYOT,1.1900071,1.1333771
DCAF8L1,1.1900071,1.1333771
CLVS2,1.1900071,1.1333771
ENO4,1.1900071,1.1333771
WEE2,1.1900071,1.1333771
BHLHE23,1.1900071,1.1333771
ARHGAP40,1.1900071,1.1333771
NIPA1,1.1900071,1.1333771
MTHFSD,1.1900071,1.1333771
SYNC,1.1900071,1.1333771
GBP5,1.1900071,1.1333771
EDNRA,1.1900071,1.1333771
APOBEC3F,1.1900071,1.1333771
ZNF704,1.1900071,1.1333771
CLIC5,1.1900071,1.1333771
BAIAP2L2,1.1900071,1.1333771
UBIAD1,1.1900071,1.1333771
LRRC43,1.1900071,1.1333771
CAST,1.1900071,1.1333771
ZNF24,1.1900071,1.1333771
PRMT1,1.1900071,1.1333771
FBXO5,1.1900071,1.1333771
GBP4,1.1900071,1.1333771
ELF3,1.1900071,1.1333771
R3HCC1L,1.1900071,1.1333771
SCN1B,1.1900071,1.1333771
PLEKHB2,1.1900071,1.1333771
ZNF397,1.1900071,1.1333771
ATP6V1A,1.1900071,1.1333771
DSEL,1.1900071,1.1333771
SMOC1,1.1900071,1.1333771
SEMA6C,1.1900071,1.1333771
UCP1,1.1900071,1.1333771
GP6,1.1900071,1.1333771
ASAP2,1.1900071,1.1333771
MYD88,1.1900071,1.1333771
RBMS1,1.1900071,1.1333771
NYX,1.1900071,1.1333771
CCDC185,1.1900071,1.1333771
PITPNC1,1.1900071,1.1333771
CACNB2,1.1900071,1.1333771
LASP1,1.1900071,1.1333771
BROX,1.1900071,1.1333771
RAE1,1.1900071,1.1333771
HAPLN4,1.1900071,1.1333771
ZNF283,1.1900071,1.1333771
SHB,1.1900071,1.1333771
ANGPT4,1.1900071,1.1333771
NOC4L,1.1900071,1.1333771
STRN,1.1900071,1.1333771
TRAM1,1.1900071,1.1333771
ZNF665,1.1900071,1.1333771
TAPBPL,1.1900071,1.1333771
GJD3,1.1900071,1.1333771
EIF3E,1.1900071,1.1333771
ERICH6,1.1900071,1.1333771
LMOD3,1.1900071,1.1333771
CYP3A7,1.1900071,1.1333771
RHO,1.1900071,1.1333771
DBNL,1.1900071,1.1333771
ATP6V1D,1.1900071,1.1333771
IRAK3,1.1900071,1.1333771
FAM222B,1.1900071,1.1333771
ZNF394,1.1900071,1.1333771
UBR1,1.1900071,1.1333771
EHBP1L1,1.1900071,1.1333771
WAPL,1.1900071,1.1333771
KLHDC7B,1.1900071,1.1333771
HOXA4,1.1900071,1.1333771
HIRIP3,1.1900071,1.1333771
ZNF750,1.1900071,1.1333771
GDF7,1.1900071,1.1333771
ACP5,1.1900071,1.1333771
RHBG,1.1900071,1.1333771
PARP15,1.1900071,1.1333771
CHST10,1.1900071,1.1333771
SLC6A3,1.1900071,1.1333771
TRIM16,1.1900071,1.1333771
RSAD1,1.1900071,1.1333771
ETNK2,1.1900071,1.1333771
FCRL5,1.1900071,1.1333771
NDUFAF6,1.1900071,1.1333771
VSX1,1.1900071,1.1333771
SNRNP40,1.1900071,1.1333771
DHPS,1.1900071,1.1333771
SEPT3,1.1900071,1.1333771
NDUFAF5,1.1900071,1.1333771
MORN1,1.1900071,1.1333771
MMP11,1.1900071,1.1333771
NBEAL2,1.1900071,1.1333771
RMDN2,1.1900071,1.1333771
TSC22D2,1.1900071,1.1333771
ST6GALNAC1,1.1900071,1.1333771
CRTAP,1.1900071,1.1333771
MAP2K3,1.1900071,1.1333771
CDC123,1.1900071,1.1333771
ARAP3,1.1900071,1.1333771
SLC8A3,1.1900071,1.1333771
EYA1,1.1900071,1.1333771
RBAK,1.1900071,1.1333771
SH2B2,1.1900071,1.1333771
RIPK3,1.1900071,1.1333771
TDG,1.1900071,1.1333771
LRIG3,1.1900071,1.1333771
TRAIP,1.1900071,1.1333771
NOG,1.1900071,1.1333771
DNAJC28,1.1900071,1.1333771
CCDC155,1.1900071,1.1333771
ALLC,1.1900071,1.1333771
TRMT12,1.1900071,1.1333771
PGAM1,1.1900071,1.1333771
SBDS,1.1900071,1.1333771
SNX33,1.1900071,1.1333771
SURF1,1.1900071,1.1333771
FAM43A,1.1900071,1.1333771
TMEM184A,1.1900071,1.1333771
PSRC1,1.1900071,1.1333771
SH3GL3,1.1900071,1.1333771
DLX2,1.1900071,1.1333771
NEUROD1,1.1900071,1.1333771
SPATS2L,1.1900071,1.1333771
SQOR,1.1900071,1.1333771
RNF214,1.1900071,1.1333771
TPRA1,1.1900071,1.1333771
SLC18B1,1.1900071,1.1333771
ZACN,1.1900071,1.1333771
ILF2,1.1900071,1.1333771
AQP2,1.1900071,1.1333771
IRAK4,1.1900071,1.1333771
HTR4,1.1900071,1.1333771
M1AP,1.1900071,1.1333771
MARCH4,1.1900071,1.1333771
C6orf222,1.1900071,1.1333771
PDXK,1.1900071,1.1333771
IVL,1.1900071,1.1333771
ECI1,1.1900071,1.1333771
SLC25A36,1.1900071,1.1333771
POLD3,1.1900071,1.1333771
OSGEP,1.1900071,1.1333771
UBR7,1.1900071,1.1333771
CNST,1.1900071,1.1333771
IFRD1,1.1900071,1.1333771
GRM7,1.1900071,1.1333771
ZNF148,1.1900071,1.1333771
ZNF565,1.1900071,1.1333771
MLST8,1.1900071,1.1333771
AP3B1,1.1900071,1.1333771
ZNF614,1.1900071,1.1333771
GLT1D1,1.1900071,1.1333771
ERICH6B,1.1900071,1.1333771
PAX6,1.1900071,1.1333771
MRPL43,1.1900071,1.1333771
SLCO1A2,1.1900071,1.1333771
FOSL1,1.1900071,1.1333771
CD37,1.1900071,1.1333771
CELF1,1.1900071,1.1333771
MDH2,1.1900071,1.1333771
EPM2AIP1,1.1900071,1.1333771
RNF121,1.1900071,1.1333771
QRFPR,1.1900071,1.1333771
CPA3,1.1900071,1.1333771
ZNF607,1.1900071,1.1333771
PCDHB2,1.1900071,1.1333771
NSMCE4A,1.1900071,1.1333771
FUT1,1.1900071,1.1333771
METTL15,1.1900071,1.1333771
ANKRD34A,1.1900071,1.1333771
GRIN3A,1.1900071,1.1333771
FUT11,1.1900071,1.1333771
CLDN10,1.1900071,1.1333771
TEDC1,1.1900071,1.1333771
PACSIN3,1.1900071,1.1333771
ADRA2A,1.1900071,1.1333771
WDFY2,1.1900071,1.1333771
ZNF564,1.1900071,1.1333771
TIAL1,1.1900071,1.1333771
NDUFS3,1.1900071,1.1333771
ADRA2B,1.1900071,1.1333771
GPC3,1.1900071,1.1333771
DCK,1.1900071,1.1333771
WASF2,1.1900071,1.1333771
CRBN,1.1900071,1.1333771
FHL1,1.1900071,1.1333771
RIPK2,1.1900071,1.1333771
GPR137,1.1900071,1.1333771
CYP2C8,1.1900071,1.1333771
GAMT,1.1900071,1.1333771
MCU,1.1900071,1.1333771
CYP39A1,1.1900071,1.1333771
ZNF41,1.1900071,1.1333771
RTCA,1.1900071,1.1333771
ZNF569,1.1900071,1.1333771
SPTAN1,1.1900071,1.1333771
PTGER3,1.1900071,1.1333771
FOXK2,1.1900071,1.1333771
MXRA8,1.1900071,1.1333771
SERINC2,1.1900071,1.1333771
ZNF616,1.1900071,1.1333771
RBM46,1.1900071,1.1333771
ZDHHC6,1.1900071,1.1333771
CLCC1,1.1900071,1.1333771
NAGPA,1.1900071,1.1333771
ZNF528,1.1900071,1.1333771
MRPS30,1.1900071,1.1333771
PTBP1,1.1900071,1.1333771
FLI1,1.1900071,1.1333771
SIGLEC12,1.1900071,1.1333771
TBC1D24,1.1900071,1.1333771
PEX13,1.1900071,1.1333771
POLDIP3,1.1900071,1.1333771
SLC16A7,1.1900071,1.1333771
C17orf53,1.1900071,1.1333771
RIOK2,1.1900071,1.1333771
POLD2,1.1900071,1.1333771
FSD1L,1.1900071,1.1333771
SETD4,1.1900071,1.1333771
CTSD,1.1900071,1.1333771
LILRB3,1.1900071,1.1333771
RAVER1,1.1900071,1.1333771
CCDC141,1.1900071,1.1333771
CHADL,1.1900071,1.1333771
AUH,1.1900071,1.1333771
SLC16A10,1.1900071,1.1333771
SLC28A2,1.1900071,1.1333771
SLC22A10,1.1900071,1.1333771
VPS26B,1.1900071,1.1333771
ITGAL,1.1900071,1.1333771
CHST12,1.1900071,1.1333771
CREB1,1.1900071,1.1333771
TBCB,1.1900071,1.1333771
ADRA1D,1.1900071,1.1333771
YTHDF2,1.1900071,1.1333771
NUDC,1.1900071,1.1333771
KIAA0391,1.1900071,1.1333771
SPOP,1.1900071,1.1333771
MYBPC3,1.1900071,1.1333771
LRRIQ3,1.1900071,1.1333771
ACCSL,1.1900071,1.1333771
CYP3A4,1.1900071,1.1333771
ABLIM3,1.1900071,1.1333771
HRH1,1.1900071,1.1333771
LOXL2,1.1900071,1.1333771
CRYBB1,1.1900071,1.1333771
PRKCE,1.1900071,1.1333771
WNT8A,1.1900071,1.1333771
PRPH2,1.1900071,1.1333771
TMX3,1.1900071,1.1333771
RBM4,1.1900071,1.1333771
CARF,1.1900071,1.1333771
TOX4,1.1900071,1.1333771
EXOSC4,1.1900071,1.1333771
MGAT4C,1.1900071,1.1333771
BAG4,1.1900071,1.1333771
SLC25A4,1.1900071,1.1333771
COL23A1,1.1900071,1.1333771
MNS1,1.1900071,1.1333771
KSR1,1.1900071,1.1333771
RGP1,1.1900071,1.1333771
NUP43,1.1900071,1.1333771
NKX6-1,1.1900071,1.1333771
RBMXL1,1.1900071,1.1333771
CCDC51,1.1900071,1.1333771
PRSS33,1.1900071,1.1333771
ZNF225,1.1900071,1.1333771
SLC25A32,1.1900071,1.1333771
MNX1,1.1900071,1.1333771
ETNK1,1.1900071,1.1333771
NIT2,1.1900071,1.1333771
DGAT2,1.1900071,1.1333771
TRAFD1,1.1900071,1.1333771
GIT2,1.1900071,1.1333771
SS18L1,1.1900071,1.1333771
CLVS1,1.1900071,1.1333771
RASSF5,1.1900071,1.1333771
TCFL5,1.1900071,1.1333771
CDK11A,1.1900071,1.1333771
BMT2,1.1900071,1.1333771
ELANE,1.1900071,1.1333771
HNRNPA2B1,1.1900071,1.1333771
AK2,1.1900071,1.1333771
CCDC85A,1.1900071,1.1333771
HOXA6,1.1900071,1.1333771
SERPINF1,1.1900071,1.1333771
ZNF84,1.1900071,1.1333771
ASCL1,1.1900071,1.1333771
CCDC7,1.1900071,1.1333771
FDXACB1,1.1900071,1.1333771
B3GAT3,1.1900071,1.1333771
ACMSD,1.1900071,1.1333771
TENT4A,1.1900071,1.1333771
PELI1,1.1900071,1.1333771
CCDC148,1.1900071,1.1333771
DAPK3,1.1900071,1.1333771
TMEM39A,1.1900071,1.1333771
HSD17B10,1.1900071,1.1333771
DMC1,1.1900071,1.1333771
ERLIN1,1.1900071,1.1333771
EGLN2,1.1900071,1.1333771
NTN5,1.1900071,1.1333771
CLIC6,1.1900071,1.1333771
GC,1.1900071,1.1333771
ACP2,1.1900071,1.1333771
PPME1,1.1900071,1.1333771
SRRM3,1.1900071,1.1333771
ZSCAN2,1.1900071,1.1333771
CDK14,1.1900071,1.1333771
KMO,1.1900071,1.1333771
ASPG,1.1900071,1.1333771
VRK2,1.1900071,1.1333771
ZNF774,1.1900071,1.1333771
SH2D4B,1.1900071,1.1333771
LTN1,1.1900071,1.1333771
LARP7,1.1900071,1.1333771
PEX12,1.1900071,1.1333771
LBX2,1.1900071,1.1333771
HOXD10,1.1900071,1.1333771
NSUN7,1.1900071,1.1333771
NAB1,1.1900071,1.1333771
EMILIN3,1.1900071,1.1333771
ZBTB42,1.1900071,1.1333771
KRT20,1.1900071,1.1333771
TEAD4,1.1900071,1.1333771
UCHL5,1.1900071,1.1333771
PDZD7,1.1900071,1.1333771
PNPLA1,1.1900071,1.1333771
NCOA2,1.1900071,1.1333771
ZBTB8A,1.1900071,1.1333771
SLC1A4,1.1900071,1.1333771
NRL,1.1900071,1.1333771
NOSTRIN,1.1900071,1.1333771
RPIA,1.1900071,1.1333771
HOXC13,1.1900071,1.1333771
STK24,1.1900071,1.1333771
VIRMA,1.1900071,1.1333771
KLK11,1.1900071,1.1333771
CHST13,1.1900071,1.1333771
MEX3D,1.1900071,1.1333771
DYNC1LI1,1.1900071,1.1333771
RPL10,1.1900071,1.1333771
HOMER3,1.1900071,1.1333771
ABCD2,1.1900071,1.1333771
VRTN,1.1900071,1.1333771
MKKS,1.1900071,1.1333771
CARS2,1.1900071,1.1333771
CPPED1,1.1900071,1.1333771
SPRYD3,1.1900071,1.1333771
ELFN2,1.1900071,1.1333771
POU4F1,1.1900071,1.1333771
CDK6,1.1900071,1.1333771
FBLIM1,1.1900071,1.1333771
LRRC40,1.1900071,1.1333771
KLHDC1,1.1900071,1.1333771
LOX,1.1900071,1.1333771
PBXIP1,1.1900071,1.1333771
FBXW4,1.1900071,1.1333771
NEK7,1.1900071,1.1333771
KIN,1.1900071,1.1333771
SGCB,1.1900071,1.1333771
WIPI1,1.1900071,1.1333771
ZNF334,1.1900071,1.1333771
FMO3,1.1900071,1.1333771
HMX1,1.1900071,1.1333771
WDR5,1.1900071,1.1333771
CCDC110,1.1900071,1.1333771
ZNF189,1.1900071,1.1333771
UCP3,1.1900071,1.1333771
CTU2,1.1900071,1.1333771
PCDHB14,1.1900071,1.1333771
RRN3,1.1900071,1.1333771
PKMYT1,1.1900071,1.1333771
ITGAM,1.1900071,1.1333771
PREB,1.1900071,1.1333771
TOE1,1.1900071,1.1333771
CYP19A1,1.1900071,1.1333771
SERINC4,1.1900071,1.1333771
CREBRF,1.1900071,1.1333771
CFAP47,1.1900071,1.1333771
ASAP1,1.1900071,1.1333771
KRT86,1.1900071,1.1333771
NFYA,1.1900071,1.1333771
ZNF470,1.1900071,1.1333771
EPM2A,1.1900071,1.1333771
STOM,1.1900071,1.1333771
MSX1,1.1900071,1.1333771
COPS5,1.1900071,1.1333771
LSM14B,1.1900071,1.1333771
CBLL1,1.1900071,1.1333771
HLX,1.1900071,1.1333771
ERLIN2,1.1900071,1.1333771
IGSF11,1.1900071,1.1333771
DNAJB12,1.1900071,1.1333771
KIF24,1.1900071,1.1333771
ARL6IP4,1.1900071,1.1333771
APEX2,1.1900071,1.1333771
FBP1,1.1900071,1.1333771
VSIG10L,1.1900071,1.1333771
ASB10,1.1900071,1.1333771
CYP2B6,1.1900071,1.1333771
ZNF816,1.1900071,1.1333771
ORC4,1.1900071,1.1333771
TNNI3,1.1900071,1.1333771
ZNF347,1.1900071,1.1333771
ELOVL5,1.1900071,1.1333771
CRYL1,1.1900071,1.1333771
PHOX2A,1.1900071,1.1333771
HOXA9,1.1900071,1.1333771
PTOV1,1.1900071,1.1333771
PRMT8,1.1900071,1.1333771
CLCNKA,1.1900071,1.1333771
RRP1,1.1900071,1.1333771
GNL3,1.1900071,1.1333771
ADGRF2,1.1900071,1.1333771
FOXB2,1.1900071,1.1333771
CASQ2,1.1900071,1.1333771
ZNF442,1.1900071,1.1333771
DCP2,1.1900071,1.1333771
DLX1,1.1900071,1.1333771
MAGEC3,1.1900071,1.1333771
RAB36,1.1900071,1.1333771
SRSF1,1.1900071,1.1333771
PPP4C,1.1900071,1.1333771
TMEM68,1.1900071,1.1333771
LRRC6,1.1900071,1.1333771
PPP1CB,1.1900071,1.1333771
KRT38,1.1900071,1.1333771
TRAF3IP2,1.1900071,1.1333771
ELP4,1.1900071,1.1333771
ZNF317,1.1900071,1.1333771
KRT40,1.1900071,1.1333771
CYP3A5,1.1900071,1.1333771
EIF3I,1.1900071,1.1333771
UPRT,1.1900071,1.1333771
FAM227A,1.1900071,1.1333771
PTPA,1.1900071,1.1333771
PPP1CA,1.1900071,1.1333771
PNPLA5,1.1900071,1.1333771
RRM1,1.1900071,1.1333771
CHD5,1.1900071,1.1333771
SMPDL3A,1.1900071,1.1333771
SCEL,1.1900071,1.1333771
CYP2E1,1.1900071,1.1333771
CTRC,1.1900071,1.1333771
SLC16A14,1.1900071,1.1333771
ZNF281,1.1900071,1.1333771
ZCCHC14,1.1900071,1.1333771
SHC3,1.1900071,1.1333771
ENTPD5,1.1900071,1.1333771
TP53BP2,1.1900071,1.1333771
SEPT12,1.1900071,1.1333771
RAD54B,1.1900071,1.1333771
BAIAP2,1.1900071,1.1333771
FLVCR2,1.1900071,1.1333771
PPM1B,1.1900071,1.1333771
RGS12,1.1900071,1.1333771
ISM1,1.1900071,1.1333771
ASPSCR1,1.1900071,1.1333771
CCDC78,1.1900071,1.1333771
GGA2,1.1900071,1.1333771
PRSS56,1.1900071,1.1333771
C1QTNF4,1.1900071,1.1333771
SLC25A17,1.1900071,1.1333771
CEP55,1.1900071,1.1333771
ZNF426,1.1900071,1.1333771
ZGPAT,1.1900071,1.1333771
SMTNL2,1.1900071,1.1333771
TTLL8,1.1900071,1.1333771
KDM5C,1.1900071,1.1333771
PLEKHM3,1.1900071,1.1333771
BAZ1A,1.1900071,1.1333771
HNRNPH1,1.1900071,1.1333771
ADIPOR2,1.1900071,1.1333771
ADGRB2,1.1900071,1.1333771
PSAT1,1.1900071,1.1333771
DNAJB14,1.1900071,1.1333771
ISPD,1.1900071,1.1333771
ZNF48,1.1900071,1.1333771
ZDHHC7,1.1900071,1.1333771
MAPK14,1.1900071,1.1333771
RASGEF1A,1.1900071,1.1333771
FGF13,1.1900071,1.1333771
TYMS,1.1900071,1.1333771
ORC2,1.1900071,1.1333771
CDK2,1.1900071,1.1333771
ADGRE3,1.1900071,1.1333771
ENDOV,1.1900071,1.1333771
ROS1,1.1900071,1.1333771
ARSG,1.1900071,1.1333771
ATG4C,1.1900071,1.1333771
GPM6A,1.1900071,1.1333771
PLEKHD1,1.1900071,1.1333771
BDNF,1.1900071,1.1333771
KIAA1211L,1.1900071,1.1333771
IL18RAP,1.1900071,1.1333771
LY9,1.1900071,1.1333771
MAEL,1.1900071,1.1333771
ATP11C,1.1900071,1.1333771
ZFP82,1.1900071,1.1333771
DLST,1.1900071,1.1333771
FRMD1,1.1900071,1.1333771
TTLL11,1.1900071,1.1333771
OXA1L,1.1900071,1.1333771
CCDC17,1.1900071,1.1333771
SLC35C2,1.1900071,1.1333771
GYG1,1.1900071,1.1333771
IL2RB,1.1900071,1.1333771
C4BPA,1.1900071,1.1333771
FAM71E2,1.1900071,1.1333771
TIMM50,1.1900071,1.1333771
C5orf34,1.1900071,1.1333771
ZNF770,1.1900071,1.1333771
TRAF4,1.1900071,1.1333771
CNGA2,1.1900071,1.1333771
ZNF518B,1.1900071,1.1333771
PAPOLB,1.1900071,1.1333771
LSS,1.1900071,1.1333771
TMEM181,1.1900071,1.1333771
NOCT,1.1900071,1.1333771
TFEC,1.1900071,1.1333771
RBMXL2,1.1900071,1.1333771
HMMR,1.1900071,1.1333771
ZNF563,1.1900071,1.1333771
TMCC3,1.1900071,1.1333771
CNP,1.1900071,1.1333771
ADGRF4,1.1900071,1.1333771
RNF168,1.1900071,1.1333771
FOXA1,1.1900071,1.1333771
SOX18,1.1900071,1.1333771
ZNF839,1.1900071,1.1333771
RNFT2,1.1900071,1.1333771
ADGRL4,1.1900071,1.1333771
MYNN,1.1900071,1.1333771
GPATCH2,1.1900071,1.1333771
KLK8,1.1900071,1.1333771
IRX2,1.1900071,1.1333771
SPNS1,1.1900071,1.1333771
TTYH3,1.1900071,1.1333771
SOX14,1.1900071,1.1333771
SP1,1.1900071,1.1333771
HNRNPH3,1.1900071,1.1333771
GNB3,1.1900071,1.1333771
PRB2,1.1900071,1.1333771
ZNF236,1.1900071,1.1333771
NDEL1,1.1900071,1.1333771
RASD1,1.1900071,1.1333771
SUN5,1.1900071,1.1333771
B4GALNT2,1.1900071,1.1333771
ANXA7,1.1900071,1.1333771
INHBB,1.1900071,1.1333771
HSD17B6,1.1900071,1.1333771
DNAJC25,1.1900071,1.1333771
E2F4,1.1900071,1.1333771
ZNF384,1.1900071,1.1333771
NARF,1.1900071,1.1333771
CWF19L1,1.1900071,1.1333771
DLK2,1.1900071,1.1333771
YTHDF1,1.1900071,1.1333771
HOXD13,1.1900071,1.1333771
MSI2,1.1900071,1.1333771
EN2,1.1900071,1.1333771
LHX8,1.1900071,1.1333771
ADGRG7,1.1900071,1.1333771
ZNF880,1.1900071,1.1333771
CYR61,1.1900071,1.1333771
RABEP2,1.1900071,1.1333771
CALR3,1.1900071,1.1333771
TRIM7,1.1900071,1.1333771
MAP2K4,1.1900071,1.1333771
SLTM,1.1900071,1.1333771
PRIMPOL,1.1900071,1.1333771
ZNF221,1.1900071,1.1333771
CATSPERE,1.1900071,1.1333771
TUSC3,1.1900071,1.1333771
ZSCAN32,1.1900071,1.1333771
TRPM6,1.1900071,1.1333771
RDH13,1.1900071,1.1333771
CR1L,1.1900071,1.1333771
MRPL37,1.1900071,1.1333771
CXADR,1.1900071,1.1333771
HS3ST4,1.1900071,1.1333771
PLPP4,1.1900071,1.1333771
PGBD1,1.1900071,1.1333771
EIF2AK3,1.1900071,1.1333771
HS3ST6,1.1900071,1.1333771
HTR2B,1.1900071,1.1333771
PHF6,1.1900071,1.1333771
NECTIN4,1.1900071,1.1333771
ZNF175,1.1900071,1.1333771
ACTL9,1.1900071,1.1333771
PNCK,1.1900071,1.1333771
TK2,1.1900071,1.1333771
SLC25A18,1.1900071,1.1333771
CHMP1A,1.1900071,1.1333771
UBA5,1.1900071,1.1333771
GOLPH3L,1.1900071,1.1333771
SPAG8,1.1900071,1.1333771
WSB1,1.1900071,1.1333771
GXYLT2,1.1900071,1.1333771
TBKBP1,1.1900071,1.1333771
FNTA,1.1900071,1.1333771
SLC38A4,1.1900071,1.1333771
PRG4,1.1900071,1.1333771
ZNF433,1.1900071,1.1333771
RGPD3,1.1900071,1.1333771
ZNF446,1.1900071,1.1333771
DMKN,1.1900071,1.1333771
CRTC3,1.1900071,1.1333771
PAICS,1.1900071,1.1333771
SP140L,1.1900071,1.1333771
ZNF530,1.1900071,1.1333771
AMACR,1.1900071,1.1333771
MAPRE2,1.1900071,1.1333771
PEX7,1.1900071,1.1333771
NKD2,1.1900071,1.1333771
NPAS4,1.1900071,1.1333771
ATAD3B,1.1900071,1.1333771
PPP2R2A,1.1900071,1.1333771
LAMB4,1.1900071,1.1333771
SOBP,1.1900071,1.1333771
RNASEL,1.1900071,1.1333771
BUB3,1.1900071,1.1333771
PTPN18,1.1900071,1.1333771
RMDN3,1.1900071,1.1333771
PSIP1,1.1900071,1.1333771
ZNF182,1.1900071,1.1333771
WASF1,1.1900071,1.1333771
DHRS11,1.1900071,1.1333771
ARL13B,1.1900071,1.1333771
NMD3,1.1900071,1.1333771
ARG2,1.1900071,1.1333771
GJB1,1.1900071,1.1333771
PRRG3,1.1900071,1.1333771
PDP1,1.1900071,1.1333771
ADRA1A,1.1900071,1.1333771
EIF4A2,1.1900071,1.1333771
GPATCH8,1.1900071,1.1333771
LRRTM4,1.1900071,1.1333771
RTL9,1.1900071,1.1333771
RBM17,1.1900071,1.1333771
FAM171A2,1.1900071,1.1333771
SLC52A3,1.1900071,1.1333771
DTX3L,1.1900071,1.1333771
NSUN4,1.1900071,1.1333771
ERLEC1,1.1900071,1.1333771
PGAM2,1.1900071,1.1333771
ARNTL2,1.1900071,1.1333771
MDH1,1.1900071,1.1333771
GNAT3,1.1900071,1.1333771
SCML2,1.1900071,1.1333771
CCNA1,1.1900071,1.1333771
KRT74,1.1900071,1.1333771
NEDD1,1.1900071,1.1333771
G6PC,1.1900071,1.1333771
PRSS16,1.1900071,1.1333771
AP3M1,1.1900071,1.1333771
POC1A,1.1900071,1.1333771
ZNF778,1.1900071,1.1333771
SLC7A14,1.1900071,1.1333771
UGCG,1.1900071,1.1333771
GZF1,1.1900071,1.1333771
FYB1,1.1900071,1.1333771
HIVEP2,1.1900071,1.1333771
SLC25A14,1.1900071,1.1333771
RABGEF1,1.1900071,1.1333771
ZNF777,1.1900071,1.1333771
CNNM3,1.1900071,1.1333771
QTRT2,1.1900071,1.1333771
DHRS3,1.1900071,1.1333771
CDCA7,1.1900071,1.1333771
SNX17,1.1900071,1.1333771
SGK2,1.1900071,1.1333771
ZNF700,1.1900071,1.1333771
TDP2,1.1900071,1.1333771
ZMYM5,1.1900071,1.1333771
FAAP100,1.1900071,1.1333771
UCK1,1.1900071,1.1333771
CPB2,1.1900071,1.1333771
KLHDC4,1.1900071,1.1333771
FAM135A,1.1900071,1.1333771
LIPK,1.1900071,1.1333771
ALX1,1.1900071,1.1333771
C17orf50,1.1900071,1.1333771
BCAT2,1.1900071,1.1333771
MPG,1.1900071,1.1333771
FBXO7,1.1900071,1.1333771
MTMR9,1.1900071,1.1333771
PCOLCE2,1.1900071,1.1333771
HOXB5,1.1900071,1.1333771
BAIAP2L1,1.1900071,1.1333771
ASTE1,1.1900071,1.1333771
WIPI2,1.1900071,1.1333771
CLDN18,1.1900071,1.1333771
ZNF7,1.1900071,1.1333771
NAAA,1.1900071,1.1333771
PADI3,1.1900071,1.1333771
RSAD2,1.1900071,1.1333771
VASN,1.1900071,1.1333771
ZIC4,1.1900071,1.1333771
GPATCH3,1.1900071,1.1333771
ZNF274,1.1900071,1.1333771
NDUFS8,1.1900071,1.1333771
ARHGAP19,1.1900071,1.1333771
WDR12,1.1900071,1.1333771
SLC25A34,1.1900071,1.1333771
UQCC1,1.1900071,1.1333771
SHPK,1.1900071,1.1333771
MDM2,1.1900071,1.1333771
SLC17A2,1.1900071,1.1333771
CD2AP,1.1900071,1.1333771
HOXC4,1.1900071,1.1333771
SUGP1,1.1900071,1.1333771
GCC1,1.1900071,1.1333771
BARHL2,1.1900071,1.1333771
SNTG2,1.1900071,1.1333771
NEIL1,1.1900071,1.1333771
ZNF169,1.1900071,1.1333771
LIPM,1.1900071,1.1333771
SGMS2,1.1900071,1.1333771
CLMP,1.1900071,1.1333771
ASAH1,1.1900071,1.1333771
LRRC8E,1.1900071,1.1333771
CA11,1.1900071,1.1333771
BBS9,1.1900071,1.1333771
ARID3A,1.1900071,1.1333771
SOCS4,1.1900071,1.1333771
RBBP7,1.1900071,1.1333771
BEST2,1.1900071,1.1333771
B4GALNT4,1.1900071,1.1333771
RPS6KB2,1.1900071,1.1333771
DCLK3,1.1900071,1.1333771
PTF1A,1.1900071,1.1333771
CDH6,1.1900071,1.1333771
PDX1,1.1900071,1.1333771
CDHR5,1.1900071,1.1333771
DHRS1,1.1900071,1.1333771
CYP2S1,1.1900071,1.1333771
BECN1,1.1900071,1.1333771
C16orf58,1.1900071,1.1333771
ADAM30,1.1900071,1.1333771
GBP2,1.1900071,1.1333771
TMPRSS4,1.1900071,1.1333771
GLIS1,1.1900071,1.1333771
FBXW9,1.1900071,1.1333771
DDIAS,1.1900071,1.1333771
MAPKAPK2,1.1900071,1.1333771
DYRK4,1.1900071,1.1333771
COPS4,1.1900071,1.1333771
HPSE,1.1900071,1.1333771
PPP2R2C,1.1900071,1.1333771
RANGAP1,1.1900071,1.1333771
NEU2,1.1900071,1.1333771
NNT,1.1900071,1.1333771
LDHA,1.1900071,1.1333771
EXOSC9,1.1900071,1.1333771
ATP6V1C2,1.1900071,1.1333771
CCDC151,1.1900071,1.1333771
MSL1,1.1900071,1.1333771
NPRL2,1.1900071,1.1333771
BZW2,1.1900071,1.1333771
FANCG,1.1900071,1.1333771
ARMC9,1.1900071,1.1333771
CDK5R2,1.1900071,1.1333771
DZIP1L,1.1900071,1.1333771
SLC17A5,1.1900071,1.1333771
RLBP1,1.1900071,1.1333771
MESP2,1.1900071,1.1333771
TOLLIP,1.1900071,1.1333771
ADAMTS6,1.1900071,1.1333771
MICALCL,1.1900071,1.1333771
HACL1,1.1900071,1.1333771
CFHR5,1.1900071,1.1333771
GPR22,1.1900071,1.1333771
KIAA1147,1.1900071,1.1333771
RAB3IP,1.1900071,1.1333771
RBM44,1.1900071,1.1333771
RAB40C,1.1900071,1.1333771
SEH1L,1.1900071,1.1333771
DNAJA1,1.1900071,1.1333771
CATSPERD,1.1900071,1.1333771
HOXC12,1.1900071,1.1333771
OGFOD1,1.1900071,1.1333771
CASP10,1.1900071,1.1333771
OLFM4,1.1900071,1.1333771
SHROOM1,1.1900071,1.1333771
IBA57,1.1900071,1.1333771
EMX2,1.1900071,1.1333771
ZNF484,1.1900071,1.1333771
BPIFB4,1.1900071,1.1333771
DNAJB11,1.1900071,1.1333771
PCDHGA4,1.1900071,1.1333771
RBFOX2,1.1900071,1.1333771
LMOD1,1.1900071,1.1333771
WFIKKN1,1.1900071,1.1333771
TMEM168,1.1900071,1.1333771
ZNF354B,1.1900071,1.1333771
RRAD,1.1900071,1.1333771
HMGCLL1,1.1900071,1.1333771
GPR162,1.1900071,1.1333771
FAM234A,1.1900071,1.1333771
MAGED1,1.1900071,1.1333771
WDR3,1.1900071,1.1333771
ICA1L,1.1900071,1.1333771
TRMT10A,1.1900071,1.1333771
PLA2G4C,1.1900071,1.1333771
CAMKV,1.1900071,1.1333771
SLC27A6,1.1900071,1.1333771
DENND2D,1.1900071,1.1333771
CEP170,1.1900071,1.1333771
GPRC5C,1.1900071,1.1333771
CAMK1,1.1900071,1.1333771
FBP2,1.1900071,1.1333771
ZNF267,1.1900071,1.1333771
HADHA,1.1900071,1.1333771
MIOX,1.1900071,1.1333771
ZNF627,1.1900071,1.1333771
ZNF12,1.1900071,1.1333771
RAB34,1.1900071,1.1333771
BCLAF3,1.1900071,1.1333771
MRPL4,1.1900071,1.1333771
THRA,1.1900071,1.1333771
IGFALS,1.1900071,1.1333771
RNF44,1.1900071,1.1333771
TTI2,1.1900071,1.1333771
EXOC3,1.1900071,1.1333771
ATXN1L,1.1900071,1.1333771
PIGA,1.1900071,1.1333771
TMEM183A,1.1900071,1.1333771
TCP11L1,1.1900071,1.1333771
ZIC1,1.1900071,1.1333771
HAT1,1.1900071,1.1333771
GABRR2,1.1900071,1.1333771
STUB1,1.1900071,1.1333771
SLC5A1,1.1900071,1.1333771
ARFGAP3,1.1900071,1.1333771
SLC35F3,1.1900071,1.1333771
NSMF,1.1900071,1.1333771
TRIM42,1.1900071,1.1333771
GAS2L3,1.1900071,1.1333771
SLC41A3,1.1900071,1.1333771
TAMM41,1.1900071,1.1333771
FAM8A1,1.1900071,1.1333771
ARPC1B,1.1900071,1.1333771
XRRA1,1.1900071,1.1333771
PLPP2,1.1900071,1.1333771
PRKCZ,1.1900071,1.1333771
RET,1.1900071,1.1333771
LIMS1,1.1900071,1.1333771
DNAJA4,1.1900071,1.1333771
AGO2,1.1900071,1.1333771
GALNT8,1.1900071,1.1333771
MBTPS2,1.1900071,1.1333771
CLN5,1.1900071,1.1333771
CLEC11A,1.1900071,1.1333771
CYB5RL,1.1900071,1.1333771
PGK2,1.1900071,1.1333771
PRKAR2B,1.1900071,1.1333771
SLC25A48,1.1900071,1.1333771
A2ML1,1.1900071,1.1333771
FASTK,1.1900071,1.1333771
CXorf57,1.1900071,1.1333771
DOK3,1.1900071,1.1333771
CCDC61,1.1900071,1.1333771
SDCCAG8,1.1900071,1.1333771
CEP63,1.1900071,1.1333771
CCDC9B,1.1900071,1.1333771
RMND5B,1.1900071,1.1333771
ZNF570,1.1900071,1.1333771
MDM4,1.1900071,1.1333771
UPF3A,1.1900071,1.1333771
ZNF202,1.1900071,1.1333771
KRT78,1.1900071,1.1333771
PRRX1,1.1900071,1.1333771
YBX2,1.1900071,1.1333771
TRIM68,1.1900071,1.1333771
CABLES1,1.1900071,1.1333771
PAK2,1.1900071,1.1333771
PPM1E,1.1900071,1.1333771
CCDC154,1.1900071,1.1333771
ATRIP,1.1900071,1.1333771
PABPC3,1.1900071,1.1333771
RGS11,1.1900071,1.1333771
ALDH3B2,1.1900071,1.1333771
PTPRZ1,1.1900071,1.1333771
GPR75-ASB3,1.1900071,1.1333771
SPATA21,1.1900071,1.1333771
NOL11,1.1900071,1.1333771
E4F1,1.1900071,1.1333771
GAREM2,1.1900071,1.1333771
GIPC1,1.1900071,1.1333771
ZFYVE16,1.1900071,1.1333771
STON2,1.1900071,1.1333771
PCDHB6,1.1900071,1.1333771
C2CD2L,1.1900071,1.1333771
CDS2,1.1900071,1.1333771
RIC8A,1.1900071,1.1333771
SNTG1,1.1900071,1.1333771
FBXL17,1.1900071,1.1333771
ACR,1.1900071,1.1333771
ACBD4,1.1900071,1.1333771
DCLK2,1.1900071,1.1333771
RCOR1,1.1900071,1.1333771
RBM26,1.1900071,1.1333771
PLD3,1.1900071,1.1333771
PLPPR3,1.1900071,1.1333771
PPP1R18,1.1900071,1.1333771
ACACB,1.1900071,1.1333771
PNPLA3,1.1900071,1.1333771
GRHL3,1.1900071,1.1333771
HSD3B1,1.1900071,1.1333771
FKBP5,1.1900071,1.1333771
CFAP206,1.1900071,1.1333771
PARP9,1.1900071,1.1333771
ADAP2,1.1900071,1.1333771
TMEM131,1.1900071,1.1333771
ABCG1,1.1900071,1.1333771
GAS7,1.1900071,1.1333771
DNMBP,1.1900071,1.1333771
BCAM,1.1900071,1.1333771
CCDC102A,1.1900071,1.1333771
HSD11B2,1.1900071,1.1333771
DGKB,1.1900071,1.1333771
NPSR1,1.1900071,1.1333771
CSGALNACT1,1.1900071,1.1333771
LRRN2,1.1900071,1.1333771
PEX10,1.1900071,1.1333771
HIPK4,1.1900071,1.1333771
CPNE8,1.1900071,1.1333771
IKZF2,1.1900071,1.1333771
COPS3,1.1900071,1.1333771
LILRB1,1.1900071,1.1333771
PHYKPL,1.1900071,1.1333771
DDX39A,1.1900071,1.1333771
GABRE,1.1900071,1.1333771
MYLIP,1.1900071,1.1333771
SYT14,1.1900071,1.1333771
CYTH3,1.1900071,1.1333771
RAB3IL1,1.1900071,1.1333771
PROX2,1.1900071,1.1333771
CCNB2,1.1900071,1.1333771
ACTL7B,1.1900071,1.1333771
VLDLR,1.1900071,1.1333771
CDC25B,1.1900071,1.1333771
NSRP1,1.1900071,1.1333771
NDUFB9,1.1900071,1.1333771
SLC41A1,1.1900071,1.1333771
MAP3K10,1.1900071,1.1333771
THADA,1.1900071,1.1333771
CSE1L,1.1900071,1.1333771
EIF2S3,1.1900071,1.1333771
RASGRF1,1.1900071,1.1333771
GPC6,1.1900071,1.1333771
EFNB1,1.1900071,1.1333771
SLAIN2,1.1900071,1.1333771
LRRC8B,1.1900071,1.1333771
NEMP1,1.1900071,1.1333771
CTSK,1.1900071,1.1333771
TMOD4,1.1900071,1.1333771
LBX1,1.1900071,1.1333771
TSEN2,1.1900071,1.1333771
IFT140,1.1900071,1.1333771
RAP1GDS1,1.1900071,1.1333771
PCDHB1,1.1900071,1.1333771
DACH1,1.1900071,1.1333771
PDLIM2,1.1900071,1.1333771
CASP7,1.1900071,1.1333771
TAGAP,1.1900071,1.1333771
SLC43A3,1.1900071,1.1333771
BANP,1.1900071,1.1333771
LMBR1L,1.1900071,1.1333771
HIF3A,1.1900071,1.1333771
NDRG1,1.1900071,1.1333771
FAM189B,1.1900071,1.1333771
CHST11,1.1900071,1.1333771
ATF2,1.1900071,1.1333771
USP3,1.1900071,1.1333771
HNRNPA0,1.1900071,1.1333771
POGLUT1,1.1900071,1.1333771
ZXDC,1.1900071,1.1333771
DOK4,1.1900071,1.1333771
STYK1,1.1900071,1.1333771
CHEK1,1.1900071,1.1333771
CYP4X1,1.1900071,1.1333771
ALG11,1.1900071,1.1333771
BIVM,1.1900071,1.1333771
PCDHB5,1.1900071,1.1333771
REN,1.1900071,1.1333771
MAFA,1.1900071,1.1333771
CUZD1,1.1900071,1.1333771
POC1B,1.1900071,1.1333771
BRD9,1.1900071,1.1333771
THUMPD3,1.1900071,1.1333771
THSD1,1.1900071,1.1333771
TATDN2,1.1900071,1.1333771
FOXL2,1.1900071,1.1333771
ZNF215,1.1900071,1.1333771
CYB5R4,1.1900071,1.1333771
LRRC71,1.1900071,1.1333771
FAM198B,1.1900071,1.1333771
RILPL1,1.1900071,1.1333771
MYBPH,1.1900071,1.1333771
HOXC6,1.1900071,1.1333771
KCNJ13,1.1900071,1.1333771
MMP17,1.1900071,1.1333771
SNX2,1.1900071,1.1333771
BIN2,1.1900071,1.1333771
PDE3B,1.1900071,1.1333771
KDSR,1.1900071,1.1333771
AFTPH,1.1900071,1.1333771
UBE2Q1,1.1900071,1.1333771
SLC17A9,1.1900071,1.1333771
PIGR,1.1900071,1.1333771
KPTN,1.1900071,1.1333771
SETD6,1.1900071,1.1333771
IL1RL2,1.1900071,1.1333771
RNPEP,1.1900071,1.1333771
RAB37,1.1900071,1.1333771
ZNF534,1.1900071,1.1333771
PDK1,1.1900071,1.1333771
PREPL,1.1900071,1.1333771
ZEB2,1.1900071,1.1333771
ERI2,1.1900071,1.1333771
TFE3,1.1900071,1.1333771
XIAP,1.1900071,1.1333771
CES3,1.1900071,1.1333771
POLR3C,1.1900071,1.1333771
GDPD5,1.1900071,1.1333771
VPS9D1,1.1900071,1.1333771
SYT5,1.1900071,1.1333771
MPP1,1.1900071,1.1333771
FBXW8,1.1900071,1.1333771
TTC21A,1.1900071,1.1333771
SESN3,1.1900071,1.1333771
LEMD2,1.1900071,1.1333771
BUD23,1.1900071,1.1333771
HMGXB4,1.1900071,1.1333771
MEFV,1.1900071,1.1333771
ADRA2C,1.1900071,1.1333771
B4GALT2,1.1900071,1.1333771
TLX3,1.1900071,1.1333771
MRPL38,1.1900071,1.1333771
CHKA,1.1900071,1.1333771
FAM98B,1.1900071,1.1333771
ZCCHC7,1.1900071,1.1333771
CWH43,1.1900071,1.1333771
ROBO1,1.1900071,1.1333771
TARBP2,1.1900071,1.1333771
DNAAF1,1.1900071,1.1333771
PGAP2,1.1900071,1.1333771
CTGF,1.1900071,1.1333771
KDR,1.1900071,1.1333771
KCNJ1,1.1900071,1.1333771
PUM3,1.1900071,1.1333771
PRICKLE4,1.1900071,1.1333771
HEATR3,1.1900071,1.1333771
POM121C,1.1900071,1.1333771
SENP5,1.1900071,1.1333771
FOXN3,1.1900071,1.1333771
BNIP2,1.1900071,1.1333771
SHC1,1.1900071,1.1333771
PAPPA2,1.1900071,1.1333771
PPT1,1.1900071,1.1333771
CYB5R1,1.1900071,1.1333771
STOML1,1.1900071,1.1333771
HIVEP3,1.1900071,1.1333771
NUB1,1.1900071,1.1333771
NDC1,1.1900071,1.1333771
RNF34,1.1900071,1.1333771
NOP9,1.1900071,1.1333771
MCCC2,1.1900071,1.1333771
YAP1,1.1900071,1.1333771
DCAF12,1.1900071,1.1333771
VEGFA,1.1900071,1.1333771
GRM5,1.1900071,1.1333771
MAPK4,1.1900071,1.1333771
NIPA2,1.1900071,1.1333771
ZNF33A,1.1900071,1.1333771
RPH3AL,1.1900071,1.1333771
CSNK2A3,1.1900071,1.1333771
DOK6,1.1900071,1.1333771
TLR5,1.1900071,1.1333771
MYH15,1.1900071,1.1333771
GDPD2,1.1900071,1.1333771
KNG1,1.1900071,1.1333771
SLC27A2,1.1900071,1.1333771
IRF2BP1,1.1900071,1.1333771
KDELC1,1.1900071,1.1333771
AEBP2,1.1900071,1.1333771
FEM1B,1.1900071,1.1333771
TRMT6,1.1900071,1.1333771
C2CD2,1.1900071,1.1333771
OMA1,1.1900071,1.1333771
CLDN5,1.1900071,1.1333771
PA2G4,1.1900071,1.1333771
PLBD1,1.1900071,1.1333771
HSF2,1.1900071,1.1333771
LRRN1,1.1900071,1.1333771
AOC1,1.1900071,1.1333771
DHX58,1.1900071,1.1333771
VWA5A,1.1900071,1.1333771
AMZ1,1.1900071,1.1333771
CYP4B1,1.1900071,1.1333771
RHCG,1.1900071,1.1333771
LRRC49,1.1900071,1.1333771
SESN1,1.1900071,1.1333771
RORA,1.1900071,1.1333771
ARMC6,1.1900071,1.1333771
GDF11,1.1900071,1.1333771
TSTD2,1.1900071,1.1333771
BUD13,1.1900071,1.1333771
DTHD1,1.1900071,1.1333771
ZNF606,1.1900071,1.1333771
CERS3,1.1900071,1.1333771
RBBP4,1.1900071,1.1333771
NOL9,1.1900071,1.1333771
PDIA5,1.1900071,1.1333771
PHB,1.1900071,1.1333771
PPT2,1.1900071,1.1333771
MELK,1.1900071,1.1333771
CCDC77,1.1900071,1.1333771
SLC35B2,1.1900071,1.1333771
UAP1L1,1.1900071,1.1333771
NKAP,1.1900071,1.1333771
CCDC50,1.1900071,1.1333771
PRDM13,1.1900071,1.1333771
CHRDL2,1.1900071,1.1333771
USP26,1.1900071,1.1333771
TTYH1,1.1900071,1.1333771
CRLF3,1.1900071,1.1333771
KDM3A,1.1900071,1.1333771
WDR93,1.1900071,1.1333771
APTX,1.1900071,1.1333771
CYP4F2,1.1900071,1.1333771
SLC9A7,1.1900071,1.1333771
SERPINF2,1.1900071,1.1333771
SLC35F5,1.1900071,1.1333771
MEOX1,1.1900071,1.1333771
TXLNG,1.1900071,1.1333771
PTBP2,1.1900071,1.1333771
CDK4,1.1900071,1.1333771
ZUP1,1.1900071,1.1333771
CSF1R,1.1900071,1.1333771
SORBS1,1.1900071,1.1333771
NSF,1.1900071,1.1333771
RRNAD1,1.1900071,1.1333771
MCAM,1.1900071,1.1333771
PJA1,1.1900071,1.1333771
KIAA0408,1.1900071,1.1333771
TLX2,1.1900071,1.1333771
SAV1,1.1900071,1.1333771
GIPR,1.1900071,1.1333771
ETS1,1.1900071,1.1333771
PCDHB7,1.1900071,1.1333771
SLC13A1,1.1900071,1.1333771
KIAA2013,1.1900071,1.1333771
TRO,1.1900071,1.1333771
TROVE2,1.1900071,1.1333771
ACOT8,1.1900071,1.1333771
SEMG1,1.1900071,1.1333771
NOXA1,1.1900071,1.1333771
ASL,1.1900071,1.1333771
SAMD3,1.1900071,1.1333771
GPNMB,1.1900071,1.1333771
TUBB4A,1.1900071,1.1333771
ZNF655,1.1900071,1.1333771
SYVN1,1.1900071,1.1333771
LIPH,1.1900071,1.1333771
SEMA7A,1.1900071,1.1333771
ADAP1,1.1900071,1.1333771
TRIM26,1.1900071,1.1333771
SUGCT,1.1900071,1.1333771
MKNK1,1.1900071,1.1333771
LIX1L,1.1900071,1.1333771
CEP70,1.1900071,1.1333771
MFAP3L,1.1900071,1.1333771
ZNF599,1.1900071,1.1333771
MFSD4A,1.1900071,1.1333771
ETV1,1.1900071,1.1333771
PRLR,1.1900071,1.1333771
SRMS,1.1900071,1.1333771
THAP7,1.1900071,1.1333771
ATF6,1.1900071,1.1333771
RAX,1.1900071,1.1333771
HPS4,1.1900071,1.1333771
AMMECR1L,1.1900071,1.1333771
CCNK,1.1900071,1.1333771
PATJ,1.1900071,1.1333771
DOC2A,1.1900071,1.1333771
KIAA0895L,1.1900071,1.1333771
TAF1B,1.1900071,1.1333771
HS2ST1,1.1900071,1.1333771
HTR3B,1.1900071,1.1333771
STK3,1.1900071,1.1333771
TGFB3,1.1900071,1.1333771
SUCLG1,1.1900071,1.1333771
SPNS3,1.1900071,1.1333771
RAD51,1.1900071,1.1333771
CCDC181,1.1900071,1.1333771
MAP2K6,1.1900071,1.1333771
SESN2,1.1900071,1.1333771
HNRNPLL,1.1900071,1.1333771
MSR1,1.1900071,1.1333771
PPP2R5A,1.1900071,1.1333771
ANXA11,1.1900071,1.1333771
SPOCK2,1.1900071,1.1333771
SLC34A3,1.1900071,1.1333771
ST14,1.1900071,1.1333771
AKNAD1,1.1900071,1.1333771
C1RL,1.1900071,1.1333771
RSPO3,1.1900071,1.1333771
C15orf39,1.1900071,1.1333771
FAM83D,1.1900071,1.1333771
OTX2,1.1900071,1.1333771
TRIM2,1.1900071,1.1333771
RBM14,1.1900071,1.1333771
RIN1,1.1900071,1.1333771
PLAU,1.1900071,1.1333771
PLPPR2,1.1900071,1.1333771
SNX6,1.1900071,1.1333771
RIOK3,1.1900071,1.1333771
LRRN3,1.1900071,1.1333771
UBXN11,1.1900071,1.1333771
ENG,1.1900071,1.1333771
WDR41,1.1900071,1.1333771
WHRN,1.1900071,1.1333771
ABHD15,1.1900071,1.1333771
NEK6,1.1900071,1.1333771
PPFIA2,1.1900071,1.1333771
MKRN1,1.1900071,1.1333771
BAG5,1.1900071,1.1333771
TGFB2,1.1900071,1.1333771
UGT2A2,1.1900071,1.1333771
C6orf132,1.1900071,1.1333771
PRDM8,1.1900071,1.1333771
CHAF1B,1.1900071,1.1333771
MFSD14B,1.1900071,1.1333771
GXYLT1,1.1900071,1.1333771
UEVLD,1.1900071,1.1333771
BABAM2,1.1900071,1.1333771
ACAT1,1.1900071,1.1333771
ZMYND10,1.1900071,1.1333771
TRIM62,1.1900071,1.1333771
SLC15A4,1.1900071,1.1333771
PLEKHN1,1.1900071,1.1333771
B3GALNT2,1.1900071,1.1333771
SAMM50,1.1900071,1.1333771
STK32C,1.1900071,1.1333771
HTRA4,1.1900071,1.1333771
ADCY4,1.1900071,1.1333771
LOXL1,1.1900071,1.1333771
SEPT1,1.1900071,1.1333771
BRD7,1.1900071,1.1333771
YJEFN3,1.1900071,1.1333771
DNAH5,1.1900071,1.1333771
ARRB2,1.1900071,1.1333771
NEK8,1.1900071,1.1333771
PTGIS,1.1900071,1.1333771
AP1M2,1.1900071,1.1333771
CCDC157,1.1900071,1.1333771
LRMP,1.1900071,1.1333771
SLFN13,1.1900071,1.1333771
ELOA2,1.1900071,1.1333771
TSEN54,1.1900071,1.1333771
ENOX2,1.1900071,1.1333771
AFP,1.1900071,1.1333771
RRM2B,1.1900071,1.1333771
ZKSCAN8,1.1900071,1.1333771
GJA4,1.1900071,1.1333771
SOX1,1.1900071,1.1333771
B3GLCT,1.1900071,1.1333771
TRAF5,1.1900071,1.1333771
ZNF841,1.1900071,1.1333771
CCDC170,1.1900071,1.1333771
CAP1,1.1900071,1.1333771
ITFG1,1.1900071,1.1333771
WDR83,1.1900071,1.1333771
APOBR,1.1900071,1.1333771
ERGIC3,1.1900071,1.1333771
SDS,1.1900071,1.1333771
UGT2A1,1.1900071,1.1333771
TMEM87B,1.1900071,1.1333771
VPS33B,1.1900071,1.1333771
SCLT1,1.1900071,1.1333771
NCAPD2,1.1900071,1.1333771
SLCO1B1,1.1900071,1.1333771
HAS1,1.1900071,1.1333771
DHRS13,1.1900071,1.1333771
TMCO3,1.1900071,1.1333771
CALCR,1.1900071,1.1333771
CCDC63,1.1900071,1.1333771
PLD5,1.1900071,1.1333771
REL,1.1900071,1.1333771
SPATA17,1.1900071,1.1333771
IL4R,1.1900071,1.1333771
KIF2B,1.1900071,1.1333771
ZNF44,1.1900071,1.1333771
GLUD2,1.1900071,1.1333771
GYS2,1.1900071,1.1333771
STOML3,1.1900071,1.1333771
WDR45B,1.1900071,1.1333771
TOGARAM1,1.1900071,1.1333771
KIF3B,1.1900071,1.1333771
APBB1IP,1.1900071,1.1333771
STAMBPL1,1.1900071,1.1333771
FHL3,1.1900071,1.1333771
SLC29A1,1.1900071,1.1333771
ZFP30,1.1900071,1.1333771
SLC39A10,1.1900071,1.1333771
MAB21L2,1.1900071,1.1333771
ZNF441,1.1900071,1.1333771
STAMBP,1.1900071,1.1333771
KRT6B,1.1900071,1.1333771
SLC19A3,1.1900071,1.1333771
CHKB,1.1900071,1.1333771
DACT2,1.1900071,1.1333771
TMOD1,1.1900071,1.1333771
NAPEPLD,1.1900071,1.1333771
ZNF425,1.1900071,1.1333771
NIT1,1.1900071,1.1333771
GPR143,1.1900071,1.1333771
SEC13,1.1900071,1.1333771
ENPP7,1.1900071,1.1333771
LETM2,1.1900071,1.1333771
ZNF16,1.1900071,1.1333771
GPR161,1.1900071,1.1333771
OTC,1.1900071,1.1333771
TFDP2,1.1900071,1.1333771
ZNF282,1.1900071,1.1333771
MADD,1.1900071,1.1333771
CELF3,1.1900071,1.1333771
MLPH,1.1900071,1.1333771
ACSBG2,1.1900071,1.1333771
SLC25A16,1.1900071,1.1333771
TERB1,1.1900071,1.1333771
FADS2,1.1900071,1.1333771
STON1,1.1900071,1.1333771
RHOBTB3,1.1900071,1.1333771
CTIF,1.1900071,1.1333771
WDR36,1.1900071,1.1333771
MLKL,1.1900071,1.1333771
EBNA1BP2,1.1900071,1.1333771
HASPIN,1.1900071,1.1333771
ETNPPL,1.1900071,1.1333771
UBQLN2,1.1900071,1.1333771
STK36,1.1900071,1.1333771
GJA3,1.1900071,1.1333771
PPP1R9B,1.1900071,1.1333771
RPN2,1.1900071,1.1333771
FMO4,1.1900071,1.1333771
AGER,1.1900071,1.1333771
MARCH10,1.1900071,1.1333771
FUT4,1.1900071,1.1333771
TBC1D10A,1.1900071,1.1333771
TMEM62,1.1900071,1.1333771
RAVER2,1.1900071,1.1333771
VNN1,1.1900071,1.1333771
FRS2,1.1900071,1.1333771
PPIL2,1.1900071,1.1333771
BBS10,1.1900071,1.1333771
NEU3,1.1900071,1.1333771
ANKRD13D,1.1900071,1.1333771
CASQ1,1.1900071,1.1333771
ACSM4,1.1900071,1.1333771
TBCE,1.1900071,1.1333771
RPL3,1.1900071,1.1333771
KCTD20,1.1900071,1.1333771
FOXB1,1.1900071,1.1333771
RNF123,1.1900071,1.1333771
RPL3L,1.1900071,1.1333771
CYP11B2,1.1900071,1.1333771
SPINT1,1.1900071,1.1333771
MTF2,1.1900071,1.1333771
RING1,1.1900071,1.1333771
PADI4,1.1900071,1.1333771
EXOC3L4,1.1900071,1.1333771
NT5C1A,1.1900071,1.1333771
BMP2,1.1900071,1.1333771
RAD52,1.1900071,1.1333771
SAMHD1,1.1900071,1.1333771
GLCE,1.1900071,1.1333771
PTH2R,1.1900071,1.1333771
PNLDC1,1.1900071,1.1333771
SH2B3,1.1900071,1.1333771
ZCCHC4,1.1900071,1.1333771
DBX1,1.1900071,1.1333771
IRF2,1.1900071,1.1333771
OLFML1,1.1900071,1.1333771
LCP2,1.1900071,1.1333771
CHGB,1.1900071,1.1333771
C9orf131,1.1900071,1.1333771
PARS2,1.1900071,1.1333771
FSCN2,1.1900071,1.1333771
TMEM30A,1.1900071,1.1333771
ATP6V1B2,1.1900071,1.1333771
OS9,1.1900071,1.1333771
TLR4,1.1900071,1.1333771
CDKL2,1.1900071,1.1333771
TYSND1,1.1900071,1.1333771
BLMH,1.1900071,1.1333771
FAM234B,1.1900071,1.1333771
NAB2,1.1900071,1.1333771
ZFAND4,1.1900071,1.1333771
TBX19,1.1900071,1.1333771
GBP7,1.1900071,1.1333771
SPAG17,1.1900071,1.1333771
SLC35F1,1.1900071,1.1333771
ELF1,1.1900071,1.1333771
OSCP1,1.1900071,1.1333771
NSUN5,1.1900071,1.1333771
ANKMY2,1.1900071,1.1333771
CACNG4,1.1900071,1.1333771
ILDR2,1.1900071,1.1333771
KREMEN2,1.1900071,1.1333771
ENPP6,1.1900071,1.1333771
LONRF2,1.1900071,1.1333771
NEK3,1.1900071,1.1333771
DDI2,1.1900071,1.1333771
NEURL1B,1.1900071,1.1333771
MAPKAPK5,1.1900071,1.1333771
RPL5,1.1900071,1.1333771
SWAP70,1.1900071,1.1333771
IMP4,1.1900071,1.1333771
HSPA5,1.1900071,1.1333771
KRT32,1.1900071,1.1333771
RANBP3,1.1900071,1.1333771
ADHFE1,1.1900071,1.1333771
MPHOSPH10,1.1900071,1.1333771
PCSK1,1.1900071,1.1333771
MINDY1,1.1900071,1.1333771
MARVELD2,1.1900071,1.1333771
CKB,1.1900071,1.1333771
TXNDC5,1.1900071,1.1333771
SPECC1L,1.1900071,1.1333771
STRAP,1.1900071,1.1333771
ZFX,1.1900071,1.1333771
FPGT,1.1900071,1.1333771
PDHX,1.1900071,1.1333771
TRIM35,1.1900071,1.1333771
CAMKK1,1.1900071,1.1333771
HPSE2,1.1900071,1.1333771
ADA2,1.1900071,1.1333771
ADCK2,1.1900071,1.1333771
RPUSD2,1.1900071,1.1333771
ZDHHC16,1.1900071,1.1333771
EIF4A3,1.1900071,1.1333771
MAX,1.1900071,1.1333771
CPNE1,1.1900071,1.1333771
TMEM104,1.1900071,1.1333771
ZNF480,1.1900071,1.1333771
ATP8B2,1.1900071,1.1333771
ETFA,1.1900071,1.1333771
EIF2AK4,1.1900071,1.1333771
PSAP,1.1900071,1.1333771
CCDC27,1.1900071,1.1333771
PTPN22,1.1900071,1.1333771
CCBE1,1.1900071,1.1333771
ST5,1.1900071,1.1333771
CARM1,1.1900071,1.1333771
LSR,1.1900071,1.1333771
GPR107,1.1900071,1.1333771
OAS2,1.1900071,1.1333771
TMEM8B,1.1900071,1.1333771
GBP3,1.1900071,1.1333771
NDUFAF7,1.1900071,1.1333771
ZNF408,1.1900071,1.1333771
LMAN2L,1.1900071,1.1333771
TTC19,1.1900071,1.1333771
MAP10,1.1900071,1.1333771
HSPA2,1.1900071,1.1333771
FOXK1,1.1900071,1.1333771
DYTN,1.1900071,1.1333771
GRHPR,1.1900071,1.1333771
RAB44,1.1900071,1.1333771
HCLS1,1.1900071,1.1333771
SNTB2,1.1900071,1.1333771
POLR2C,1.1900071,1.1333771
IL17RE,1.1900071,1.1333771
RENBP,1.1900071,1.1333771
ESCO2,1.1900071,1.1333771
CCDC9,1.1900071,1.1333771
COQ2,1.1900071,1.1333771
FAM178B,1.1900071,1.1333771
CYTH4,1.1900071,1.1333771
PUS3,1.1900071,1.1333771
PRODH2,1.1900071,1.1333771
KRT9,1.1900071,1.1333771
PSMD2,1.1900071,1.1333771
SEC24D,1.1900071,1.1333771
ZNF823,1.1900071,1.1333771
SLC29A2,1.1900071,1.1333771
CYP3A43,1.1900071,1.1333771
SRM,1.1900071,1.1333771
GHRHR,1.1900071,1.1333771
HINFP,1.1900071,1.1333771
GK2,1.1900071,1.1333771
LAS1L,1.1900071,1.1333771
DDX19B,1.1900071,1.1333771
ETAA1,1.1900071,1.1333771
NOS1AP,1.1900071,1.1333771
N4BP1,1.1900071,1.1333771
CSGALNACT2,1.1900071,1.1333771
ATXN7L1,1.1900071,1.1333771
MYOD1,1.1900071,1.1333771
TTPAL,1.1900071,1.1333771
PHYHD1,1.1900071,1.1333771
SEC14L2,1.1900071,1.1333771
UBP1,1.1900071,1.1333771
BACE1,1.1900071,1.1333771
RUFY4,1.1900071,1.1333771
SLFN5,1.1900071,1.1333771
LRRC4B,1.1900071,1.1333771
CTSB,1.1900071,1.1333771
LRRC37B,1.1900071,1.1333771
MYC,1.1900071,1.1333771
NIPAL4,1.1900071,1.1333771
ITGB1,1.1900071,1.1333771
ZNF219,1.1900071,1.1333771
IREB2,1.1900071,1.1333771
ZNF845,1.1900071,1.1333771
ZCCHC24,1.1900071,1.1333771
APBA3,1.1900071,1.1333771
TDRD9,1.1900071,1.1333771
NR0B1,1.1900071,1.1333771
DHX32,1.1900071,1.1333771
STAT4,1.1900071,1.1333771
MOK,1.1900071,1.1333771
DCAF15,1.1900071,1.1333771
NDUFS7,1.1900071,1.1333771
STAC2,1.1900071,1.1333771
SPRTN,1.1900071,1.1333771
FLRT3,1.1900071,1.1333771
RNF169,1.1900071,1.1333771
EMID1,1.1900071,1.1333771
DICER1,1.1900071,1.1333771
SELE,1.1900071,1.1333771
SLC22A12,1.1900071,1.1333771
PGK1,1.1900071,1.1333771
GJA9,1.1900071,1.1333771
PPP3CB,1.1900071,1.1333771
HYAL2,1.1900071,1.1333771
ZFP91,1.1900071,1.1333771
METAP1,1.1900071,1.1333771
VPS36,1.1900071,1.1333771
WRAP73,1.1900071,1.1333771
SHF,1.1900071,1.1333771
BARHL1,1.1900071,1.1333771
GABRG1,1.1900071,1.1333771
CCDC178,1.1900071,1.1333771
COQ6,1.1900071,1.1333771
MINPP1,1.1900071,1.1333771
WDR62,1.1900071,1.1333771
LANCL2,1.1900071,1.1333771
APCDD1,1.1900071,1.1333771
FBRSL1,1.1900071,1.1333771
PPP2R5B,1.1900071,1.1333771
TIPARP,1.1900071,1.1333771
CLPTM1L,1.1900071,1.1333771
EPS15,1.1900071,1.1333771
PITX3,1.1900071,1.1333771
PTCHD4,1.1900071,1.1333771
TTC5,1.1900071,1.1333771
GTF2H1,1.1900071,1.1333771
AKAP8L,1.1900071,1.1333771
APEX1,1.1900071,1.1333771
KRT23,1.1900071,1.1333771
ELN,1.1900071,1.1333771
XKR7,1.1900071,1.1333771
ZNF493,1.1900071,1.1333771
HOMEZ,1.1900071,1.1333771
IGF2BP3,1.1900071,1.1333771
VNN2,1.1900071,1.1333771
TMEM232,1.1900071,1.1333771
B3GAT1,1.1900071,1.1333771
TRIM25,1.1900071,1.1333771
KRT13,1.1900071,1.1333771
PPP2R5E,1.1900071,1.1333771
CIP2A,1.1900071,1.1333771
ASB7,1.1900071,1.1333771
YY1AP1,1.1900071,1.1333771
PLA2G4D,1.1900071,1.1333771
SWT1,1.1900071,1.1333771
RPS6KL1,1.1900071,1.1333771
RSRC2,1.1900071,1.1333771
MAPT,1.1900071,1.1333771
FOXF2,1.1900071,1.1333771
SP3,1.1900071,1.1333771
UTP15,1.1900071,1.1333771
MANEAL,1.1900071,1.1333771
MINDY4,1.1900071,1.1333771
CLCN7,1.1900071,1.1333771
GPC4,1.1900071,1.1333771
NFYC,1.1900071,1.1333771
GPR37,1.1900071,1.1333771
GLP2R,1.1900071,1.1333771
WHAMM,1.1900071,1.1333771
SLC25A41,1.1900071,1.1333771
MROH6,1.1900071,1.1333771
PAK3,1.1900071,1.1333771
SRF,1.1900071,1.1333771
CLN6,1.1900071,1.1333771
SLC13A4,1.1900071,1.1333771
NDC80,1.1900071,1.1333771
SLC25A35,1.1900071,1.1333771
SOWAHB,1.1900071,1.1333771
EDA,1.1900071,1.1333771
ZNF628,1.1900071,1.1333771
PDE6C,1.1900071,1.1333771
PCID2,1.1900071,1.1333771
GTF3C4,1.1900071,1.1333771
HKR1,1.1900071,1.1333771
CFAP53,1.1900071,1.1333771
FAM126A,1.1900071,1.1333771
PHYH,1.1900071,1.1333771
PIP5K1B,1.1900071,1.1333771
LRP3,1.1900071,1.1333771
ETV6,1.1900071,1.1333771
REC8,1.1900071,1.1333771
SGCZ,1.1900071,1.1333771
RAG2,1.1900071,1.1333771
NUMB,1.1900071,1.1333771
PTPRC,1.1900071,1.1333771
LCLAT1,1.1900071,1.1333771
USH1G,1.1900071,1.1333771
PTCD3,1.1900071,1.1333771
CCDC149,1.1900071,1.1333771
EPN1,1.1900071,1.1333771
ARHGAP15,1.1900071,1.1333771
CYP2J2,1.1900071,1.1333771
ENO1,1.1900071,1.1333771
FAM171B,1.1900071,1.1333771
CHEK2,1.1900071,1.1333771
SLC43A1,1.1900071,1.1333771
PIAS3,1.1900071,1.1333771
RELB,1.1900071,1.1333771
SNTB1,1.1900071,1.1333771
JPH1,1.1900071,1.1333771
TLX1,1.1900071,1.1333771
ZNF354A,1.1900071,1.1333771
TMPO,1.1900071,1.1333771
NBN,1.1900071,1.1333771
HOXB6,1.1900071,1.1333771
IL27RA,1.1900071,1.1333771
GPAM,1.1900071,1.1333771
CBX8,1.1900071,1.1333771
DCLRE1B,1.1900071,1.1333771
POU3F2,1.1900071,1.1333771
ATG14,1.1900071,1.1333771
ZNF483,1.1900071,1.1333771
KIAA0100,1.1900071,1.1333771
SOAT1,1.1900071,1.1333771
ZBTB24,1.1900071,1.1333771
AP3M2,1.1900071,1.1333771
FAM193B,1.1900071,1.1333771
FAM161B,1.1900071,1.1333771
BICDL2,1.1900071,1.1333771
PLA2G3,1.1900071,1.1333771
LRRC45,1.1900071,1.1333771
FRS3,1.1900071,1.1333771
VKORC1,1.1900071,1.1333771
EARS2,1.1900071,1.1333771
GJA10,1.1900071,1.1333771
NCF2,1.1900071,1.1333771
UNCX,1.1900071,1.1333771
ACCS,1.1900071,1.1333771
HTR2C,1.1900071,1.1333771
EGLN1,1.1900071,1.1333771
MXI1,1.1900071,1.1333771
ERN2,1.1900071,1.1333771
ALDH8A1,1.1900071,1.1333771
BLNK,1.1900071,1.1333771
GDF6,1.1900071,1.1333771
TRRAP,1.1900071,1.1333771
IRX4,1.1900071,1.1333771
FOXA2,1.1900071,1.1333771
ERAL1,1.1900071,1.1333771
GCFC2,1.1900071,1.1333771
MFSD11,1.1900071,1.1333771
AGPAT1,1.1900071,1.1333771
CDC45,1.1900071,1.1333771
NKX2-2,1.1900071,1.1333771
PRR14,1.1900071,1.1333771
ZSCAN12,1.1900071,1.1333771
WARS,1.1900071,1.1333771
ZNF629,1.1900071,1.1333771
FBXO21,1.1900071,1.1333771
NT5DC3,1.1900071,1.1333771
DCAF4,1.1900071,1.1333771
RCOR2,1.1900071,1.1333771
GCGR,1.1900071,1.1333771
CHN1,1.1900071,1.1333771
FBXO31,1.1900071,1.1333771
CLGN,1.1900071,1.1333771
NARS,1.1900071,1.1333771
TMEM259,1.1900071,1.1333771
PTK6,1.1900071,1.1333771
BBS4,1.1900071,1.1333771
SLC9A8,1.1900071,1.1333771
RIC8B,1.1900071,1.1333771
SYN1,1.1900071,1.1333771
SNX1,1.1900071,1.1333771
GAS6,1.1900071,1.1333771
RALBP1,1.1900071,1.1333771
SLC8B1,1.1900071,1.1333771
PRKAA1,1.1900071,1.1333771
ACADSB,1.1900071,1.1333771
FBXL20,1.1900071,1.1333771
ZNF814,1.1900071,1.1333771
KRT76,1.1900071,1.1333771
UIMC1,1.1900071,1.1333771
FUT10,1.1900071,1.1333771
PARVA,1.1900071,1.1333771
DRD2,1.1900071,1.1333771
SPAG6,1.1900071,1.1333771
RNF14,1.1900071,1.1333771
CTSF,1.1900071,1.1333771
HMG20A,1.1900071,1.1333771
RPAP3,1.1900071,1.1333771
LTV1,1.1900071,1.1333771
SLC25A43,1.1900071,1.1333771
SH2D3A,1.1900071,1.1333771
FASTKD5,1.1900071,1.1333771
KRT3,1.1900071,1.1333771
EXOC5,1.1900071,1.1333771
KCNAB1,1.1900071,1.1333771
NIM1K,1.1900071,1.1333771
SVOPL,1.1900071,1.1333771
NONO,1.1900071,1.1333771
ZNF473,1.1900071,1.1333771
BIRC2,1.1900071,1.1333771
USP35,1.1900071,1.1333771
SLC22A13,1.1900071,1.1333771
MEIOC,1.1900071,1.1333771
ONECUT3,1.1900071,1.1333771
LRRC8A,1.1900071,1.1333771
MAML1,1.1900071,1.1333771
FAR1,1.1900071,1.1333771
POU2F3,1.1900071,1.1333771
SOCS5,1.1900071,1.1333771
POU3F3,1.1900071,1.1333771
HNRNPDL,1.1900071,1.1333771
ZNF622,1.1900071,1.1333771
SLC13A2,1.1900071,1.1333771
TFEB,1.1900071,1.1333771
QDPR,1.1900071,1.1333771
TTC30B,1.1900071,1.1333771
STK38,1.1900071,1.1333771
FBXL5,1.1900071,1.1333771
POU5F1,1.1900071,1.1333771
HSD3B7,1.1900071,1.1333771
SGMS1,1.1900071,1.1333771
CCNL2,1.1900071,1.1333771
FAM149B1,1.1900071,1.1333771
NUP54,1.1900071,1.1333771
UVRAG,1.1900071,1.1333771
CYP51A1,1.1900071,1.1333771
KRT33B,1.1900071,1.1333771
OTX1,1.1900071,1.1333771
CFAP100,1.1900071,1.1333771
SP4,1.1900071,1.1333771
KRBA1,1.1900071,1.1333771
ZNF180,1.1900071,1.1333771
LIAS,1.1900071,1.1333771
ADAM32,1.1900071,1.1333771
SNIP1,1.1900071,1.1333771
CLCA4,1.1900071,1.1333771
TNFRSF25,1.1900071,1.1333771
ZW10,1.1900071,1.1333771
TES,1.1900071,1.1333771
LMNTD2,1.1900071,1.1333771
SPHK2,1.1900071,1.1333771
CRMP1,1.1900071,1.1333771
LCMT2,1.1900071,1.1333771
SLC44A3,1.1900071,1.1333771
SLC2A9,1.1900071,1.1333771
CLK1,1.1900071,1.1333771
OSGIN1,1.1900071,1.1333771
GUCY2F,1.1900071,1.1333771
CIR1,1.1900071,1.1333771
TEAD3,1.1900071,1.1333771
KPNA3,1.1900071,1.1333771
CYP4A22,1.1900071,1.1333771
GPC2,1.1900071,1.1333771
PRSS23,1.1900071,1.1333771
TAF6L,1.1900071,1.1333771
DAPK2,1.1900071,1.1333771
FOXJ1,1.1900071,1.1333771
FRRS1,1.1900071,1.1333771
CYP46A1,1.1900071,1.1333771
FZD2,1.1900071,1.1333771
DOK5,1.1900071,1.1333771
CCNT1,1.1900071,1.1333771
DIS3,1.1900071,1.1333771
PRPSAP1,1.1900071,1.1333771
JHY,1.1900071,1.1333771
INTS9,1.1900071,1.1333771
UMPS,1.1900071,1.1333771
ALG12,1.1900071,1.1333771
STAT2,1.1900071,1.1333771
PATZ1,1.1900071,1.1333771
POU4F2,1.1900071,1.1333771
EIF2B2,1.1900071,1.1333771
MINDY2,1.1900071,1.1333771
FMO5,1.1900071,1.1333771
THOP1,1.1900071,1.1333771
PACSIN2,1.1900071,1.1333771
C17orf66,1.1900071,1.1333771
ZNF136,1.1900071,1.1333771
RBM23,1.1900071,1.1333771
WFIKKN2,1.1900071,1.1333771
FBXL4,1.1900071,1.1333771
GSPT2,1.1900071,1.1333771
THNSL2,1.1900071,1.1333771
PPHLN1,1.1900071,1.1333771
MFSD1,1.1900071,1.1333771
ZSCAN10,1.1900071,1.1333771
TMEM145,1.1900071,1.1333771
IL17RA,1.1900071,1.1333771
FUCA1,1.1900071,1.1333771
PTBP3,1.1900071,1.1333771
SLC25A28,1.1900071,1.1333771
KCNJ10,1.1900071,1.1333771
TUBD1,1.1900071,1.1333771
IQCE,1.1900071,1.1333771
ETV4,1.1900071,1.1333771
CHST15,1.1900071,1.1333771
GBP6,1.1900071,1.1333771
CSAD,1.1900071,1.1333771
MACC1,1.1900071,1.1333771
SLC1A5,1.1900071,1.1333771
DALRD3,1.1900071,1.1333771
CEP57,1.1900071,1.1333771
TOM1,1.1900071,1.1333771
SGO2,1.1900071,1.1333771
SLC25A5,1.1900071,1.1333771
POU3F4,1.1900071,1.1333771
TRAF3,1.1900071,1.1333771
CDCP1,1.1900071,1.1333771
EFCAB13,1.1900071,1.1333771
CDYL,1.1900071,1.1333771
TBRG4,1.1900071,1.1333771
LAP3,1.1900071,1.1333771
CHST8,1.1900071,1.1333771
CNDP2,1.1900071,1.1333771
TFCP2,1.1900071,1.1333771
MTPAP,1.1900071,1.1333771
TXLNA,1.1900071,1.1333771
CHRNA6,1.1900071,1.1333771
MAPK3,1.1900071,1.1333771
NCOA4,1.1900071,1.1333771
FANCC,1.1900071,1.1333771
NASP,1.1900071,1.1333771
UACA,1.1900071,1.1333771
FARS2,1.1900071,1.1333771
SLC1A7,1.1900071,1.1333771
MARCH6,1.1900071,1.1333771
FZD4,1.1900071,1.1333771
TNIP1,1.1900071,1.1333771
UBA2,1.1900071,1.1333771
TOP1MT,1.1900071,1.1333771
ZBTB48,1.1900071,1.1333771
CTCFL,1.1900071,1.1333771
KPNA2,1.1900071,1.1333771
NFKBIZ,1.1900071,1.1333771
MMACHC,1.1900071,1.1333771
PMPCB,1.1900071,1.1333771
SLC25A47,1.1900071,1.1333771
PIAS2,1.1900071,1.1333771
CCDC173,1.1900071,1.1333771
MZF1,1.1900071,1.1333771
RDH12,1.1900071,1.1333771
SOX4,1.1900071,1.1333771
CDC14B,1.1900071,1.1333771
BNC1,1.1900071,1.1333771
RTN3,1.1900071,1.1333771
UGT1A6,1.1900071,1.1333771
SLC18A3,1.1900071,1.1333771
KRT7,1.1900071,1.1333771
DDO,1.1900071,1.1333771
CMAS,1.1900071,1.1333771
CYP1A2,1.1900071,1.1333771
SLC23A3,1.1900071,1.1333771
PBX3,1.1900071,1.1333771
PLXDC1,1.1900071,1.1333771
TEAD2,1.1900071,1.1333771
CC2D2B,1.1900071,1.1333771
TTC14,1.1900071,1.1333771
USP1,1.1900071,1.1333771
SLC9A6,1.1900071,1.1333771
FBRS,1.1900071,1.1333771
SRPK3,1.1900071,1.1333771
SERPIND1,1.1900071,1.1333771
TMPRSS2,1.1900071,1.1333771
ARGLU1,1.1900071,1.1333771
ZBTB1,1.1900071,1.1333771
VANGL2,1.1900071,1.1333771
TSTA3,1.1900071,1.1333771
ZNF235,1.1900071,1.1333771
SLAIN1,1.1900071,1.1333771
ZBTB16,1.1900071,1.1333771
BIN1,1.1900071,1.1333771
AC005358.1,1.1900071,1.1333771
KIAA1024,1.1900071,1.1333771
ANAPC7,1.1900071,1.1333771
CES2,1.1900071,1.1333771
BEND4,1.1900071,1.1333771
CDHR4,1.1900071,1.1333771
DPYSL4,1.1900071,1.1333771
SLC49A3,1.1900071,1.1333771
AHI1,1.1900071,1.1333771
SPATA18,1.1900071,1.1333771
POLM,1.1900071,1.1333771
ZNF780A,1.1900071,1.1333771
VCP,1.1900071,1.1333771
C6orf10,1.1900071,1.1333771
DHDDS,1.1900071,1.1333771
MFSD6L,1.1900071,1.1333771
FLYWCH1,1.1900071,1.1333771
CNBD2,1.1900071,1.1333771
TENT2,1.1900071,1.1333771
IPO9,1.1900071,1.1333771
ZMPSTE24,1.1900071,1.1333771
ZPR1,1.1900071,1.1333771
MLC1,1.1900071,1.1333771
CTNS,1.1900071,1.1333771
LMOD2,1.1900071,1.1333771
DNAAF3,1.1900071,1.1333771
IL1RAPL1,1.1900071,1.1333771
MRI1,1.1900071,1.1333771
BTD,1.1900071,1.1333771
RSPH3,1.1900071,1.1333771
OTUD5,1.1900071,1.1333771
CYP26B1,1.1900071,1.1333771
DDX20,1.1900071,1.1333771
SLITRK6,1.1900071,1.1333771
SPATS2,1.1900071,1.1333771
DCX,1.1900071,1.1333771
HNRNPA1,1.1900071,1.1333771
FGG,1.1900071,1.1333771
PLCZ1,1.1900071,1.1333771
DRC1,1.1900071,1.1333771
PPP1R16B,1.1900071,1.1333771
SGPL1,1.1900071,1.1333771
FOXN2,1.1900071,1.1333771
MKNK2,1.1900071,1.1333771
TTC38,1.1900071,1.1333771
TH,1.1900071,1.1333771
ZBED4,1.1900071,1.1333771
CNOT4,1.1900071,1.1333771
CPVL,1.1900071,1.1333771
KPNA4,1.1900071,1.1333771
NOM1,1.1900071,1.1333771
KLHL38,1.1900071,1.1333771
CNTN1,1.1900071,1.1333771
SLC25A31,1.1900071,1.1333771
TRDMT1,1.1900071,1.1333771
AMH,1.1900071,1.1333771
DDX56,1.1900071,1.1333771
PWWP2A,1.1900071,1.1333771
ANGPTL6,1.1900071,1.1333771
PLD1,1.1900071,1.1333771
SMU1,1.1900071,1.1333771
IL17RD,1.1900071,1.1333771
POM121,1.1900071,1.1333771
CD44,1.1900071,1.1333771
ZNF112,1.1900071,1.1333771
GCM2,1.1900071,1.1333771
STK35,1.1900071,1.1333771
GJA5,1.1900071,1.1333771
CYP11B1,1.1900071,1.1333771
HOXC9,1.1900071,1.1333771
KCTD5,1.1900071,1.1333771
CYP2W1,1.1900071,1.1333771
ITPKB,1.1900071,1.1333771
AIP,1.1900071,1.1333771
TNNT3,1.1900071,1.1333771
FBXL13,1.1900071,1.1333771
RAD50,1.1900071,1.1333771
AOC3,1.1900071,1.1333771
SYBU,1.1900071,1.1333771
FAM205A,1.1900071,1.1333771
ZNF729,1.1900071,1.1333771
EDNRB,1.1900071,1.1333771
COG8,1.1900071,1.1333771
SLC1A1,1.1900071,1.1333771
ZNF574,1.1900071,1.1333771
HDAC8,1.1900071,1.1333771
TFCP2L1,1.1900071,1.1333771
ARHGAP25,1.1900071,1.1333771
PAX3,1.1900071,1.1333771
LMBR1,1.1900071,1.1333771
PATL2,1.1900071,1.1333771
PRTG,1.1900071,1.1333771
NPRL3,1.1900071,1.1333771
FBXO33,1.1900071,1.1333771
KRT31,1.1900071,1.1333771
CEL,1.1900071,1.1333771
ERO1A,1.1900071,1.1333771
THBS1,1.1900071,1.1333771
MIGA1,1.1900071,1.1333771
CLP1,1.1900071,1.1333771
CLK4,1.1900071,1.1333771
VSX2,1.1900071,1.1333771
SLC33A1,1.1900071,1.1333771
ANXA6,1.1900071,1.1333771
STRC,1.1900071,1.1333771
RACK1,1.1900071,1.1333771
IGSF8,1.1900071,1.1333771
MBOAT7,1.1900071,1.1333771
USP30,1.1900071,1.1333771
COG6,1.1900071,1.1333771
TBC1D19,1.1900071,1.1333771
KRT36,1.1900071,1.1333771
EEFSEC,1.1900071,1.1333771
SRRM4,1.1900071,1.1333771
UGT1A10,1.1900071,1.1333771
LRRC8D,1.1900071,1.1333771
ZSCAN29,1.1900071,1.1333771
MAPK6,1.1900071,1.1333771
STK25,1.1900071,1.1333771
PLA2G4A,1.1900071,1.1333771
B4GALT3,1.1900071,1.1333771
SNX18,1.1900071,1.1333771
ZNF135,1.1900071,1.1333771
PIK3AP1,1.1900071,1.1333771
FOXN1,1.1900071,1.1333771
CPZ,1.1900071,1.1333771
ATP6V1B1,1.1900071,1.1333771
SYN3,1.1900071,1.1333771
QRSL1,1.1900071,1.1333771
GPAT2,1.1900071,1.1333771
GDAP1,1.1900071,1.1333771
PELI2,1.1900071,1.1333771
DEUP1,1.1900071,1.1333771
SLC23A1,1.1900071,1.1333771
MARCO,1.1900071,1.1333771
F13B,1.1900071,1.1333771
CDAN1,1.1900071,1.1333771
PROB1,1.1900071,1.1333771
DCTN4,1.1900071,1.1333771
DYRK2,1.1900071,1.1333771
FUCA2,1.1900071,1.1333771
C3orf20,1.1900071,1.1333771
ZNF160,1.1900071,1.1333771
SLC25A44,1.1900071,1.1333771
PRPS2,1.1900071,1.1333771
PPIL4,1.1900071,1.1333771
NOLC1,1.1900071,1.1333771
RGS7,1.1900071,1.1333771
WNT2,1.1900071,1.1333771
TARDBP,1.1900071,1.1333771
GGT7,1.1900071,1.1333771
PPM1G,1.1900071,1.1333771
KLHDC8A,1.1900071,1.1333771
AATF,1.1900071,1.1333771
MAP1B,1.1900071,1.1333771
DDX19A,1.1900071,1.1333771
OTP,1.1900071,1.1333771
MCOLN2,1.1900071,1.1333771
FBXO40,1.1900071,1.1333771
MYOM3,1.1900071,1.1333771
SATL1,1.1900071,1.1333771
GEM,1.1900071,1.1333771
HERC3,1.1900071,1.1333771
TFRC,1.1900071,1.1333771
SNX4,1.1900071,1.1333771
NKX2-5,1.1900071,1.1333771
GMCL1,1.1900071,1.1333771
ANKK1,1.1900071,1.1333771
LIMCH1,1.1900071,1.1333771
RAB35,1.1900071,1.1333771
JADE3,1.1900071,1.1333771
TF,1.1900071,1.1333771
PRF1,1.1900071,1.1333771
NEURL1,1.1900071,1.1333771
FUT2,1.1900071,1.1333771
FBLN7,1.1900071,1.1333771
TTC24,1.1900071,1.1333771
PARP2,1.1900071,1.1333771
ACOT12,1.1900071,1.1333771
REM2,1.1900071,1.1333771
SPDL1,1.1900071,1.1333771
HMX3,1.1900071,1.1333771
NADK2,1.1900071,1.1333771
SEL1L2,1.1900071,1.1333771
DPY19L2,1.1900071,1.1333771
KRT39,1.1900071,1.1333771
IL1RAP,1.1900071,1.1333771
RYR3,1.1900071,1.1333771
SQLE,1.1900071,1.1333771
NLRC4,1.1900071,1.1333771
NKX2-6,1.1900071,1.1333771
PPARG,1.1900071,1.1333771
ALPG,1.1900071,1.1333771
CCDC177,1.1900071,1.1333771
FDFT1,1.1900071,1.1333771
ZNF184,1.1900071,1.1333771
NUTM1,1.1900071,1.1333771
SLFN14,1.1900071,1.1333771
TMEM117,1.1900071,1.1333771
LTK,1.1900071,1.1333771
ACSM5,1.1900071,1.1333771
SLC6A14,1.1900071,1.1333771
WASHC2A,1.1900071,1.1333771
GHR,1.1900071,1.1333771
BAP1,1.1900071,1.1333771
IDH3A,1.1900071,1.1333771
STEAP4,1.1900071,1.1333771
GAPDHS,1.1900071,1.1333771
TIA1,1.1900071,1.1333771
ZKSCAN7,1.1900071,1.1333771
SLC2A7,1.1900071,1.1333771
CARD6,1.1900071,1.1333771
IDH3B,1.1900071,1.1333771
ATRN,1.1900071,1.1333771
FAM186B,1.1900071,1.1333771
LRRC36,1.1900071,1.1333771
HEPHL1,1.1900071,1.1333771
CCNB3,1.1900071,1.1333771
ZBTB44,1.1900071,1.1333771
AGBL4,1.1900071,1.1333771
KLHL41,1.1900071,1.1333771
ALDH1B1,1.1900071,1.1333771
ZSCAN9,1.1900071,1.1333771
CES4A,1.1900071,1.1333771
MAF,1.1900071,1.1333771
KCNAB2,1.1900071,1.1333771
SLC29A4,1.1900071,1.1333771
NAALADL2,1.1900071,1.1333771
RFC4,1.1900071,1.1333771
SLC12A8,1.1900071,1.1333771
IQGAP2,1.1900071,1.1333771
BYSL,1.1900071,1.1333771
SLC25A11,1.1900071,1.1333771
SREK1,1.1900071,1.1333771
SLC25A20,1.1900071,1.1333771
SLC1A2,1.1900071,1.1333771
CYP7B1,1.1900071,1.1333771
POU3F1,1.1900071,1.1333771
ATAD3C,1.1900071,1.1333771
IFT172,1.1900071,1.1333771
GJB3,1.1900071,1.1333771
ZFP62,1.1900071,1.1333771
BDH1,1.1900071,1.1333771
ILDR1,1.1900071,1.1333771
KLHL23,1.1900071,1.1333771
ADGRF1,1.1900071,1.1333771
ZNF311,1.1900071,1.1333771
CDRT1,1.1900071,1.1333771
MYEF2,1.1900071,1.1333771
PRR36,1.1900071,1.1333771
ALG9,1.1900071,1.1333771
RPN1,1.1900071,1.1333771
HOXB3,1.1900071,1.1333771
MAPK13,1.1900071,1.1333771
ACRBP,1.1900071,1.1333771
RAD21,1.1900071,1.1333771
PLXNC1,1.1900071,1.1333771
GLP1R,1.1900071,1.1333771
GTF2H4,1.1900071,1.1333771
ASB16,1.1900071,1.1333771
CRHR2,1.1900071,1.1333771
RUSC1,1.1900071,1.1333771
STRADA,1.1900071,1.1333771
XRCC6,1.1900071,1.1333771
CDH19,1.1900071,1.1333771
WDR13,1.1900071,1.1333771
CCDC174,1.1900071,1.1333771
ZNF185,1.1900071,1.1333771
SLC25A3,1.1900071,1.1333771
PADI1,1.1900071,1.1333771
DAXX,1.1900071,1.1333771
ARFGAP2,1.1900071,1.1333771
DDX28,1.1900071,1.1333771
TADA2A,1.1900071,1.1333771
ZNF585B,1.1900071,1.1333771
NEU4,1.1900071,1.1333771
USP22,1.1900071,1.1333771
ALDOB,1.1900071,1.1333771
CTPS2,1.1900071,1.1333771
ANKRD42,1.1900071,1.1333771
ZSWIM2,1.1900071,1.1333771
ZBBX,1.1900071,1.1333771
PUS10,1.1900071,1.1333771
TUBE1,1.1900071,1.1333771
REPS1,1.1900071,1.1333771
REST,1.1900071,1.1333771
UBQLN1,1.1900071,1.1333771
KCNC3,1.1900071,1.1333771
SLC6A16,1.1900071,1.1333771
DDX6,1.1900071,1.1333771
NECTIN2,1.1900071,1.1333771
CYTH2,1.1900071,1.1333771
WLS,1.1900071,1.1333771
SHC4,1.1900071,1.1333771
CNTN4,1.1900071,1.1333771
TGS1,1.1900071,1.1333771
KBTBD3,1.1900071,1.1333771
RAD17,1.1900071,1.1333771
PRRT3,1.1900071,1.1333771
TSC22D1,1.1900071,1.1333771
KCNK10,1.1900071,1.1333771
SDHB,1.1900071,1.1333771
GSTCD,1.1900071,1.1333771
DISC1,1.1900071,1.1333771
ZNF516,1.1900071,1.1333771
ZNF624,1.1900071,1.1333771
MARCH7,1.1900071,1.1333771
SCARB2,1.1900071,1.1333771
CDKN2A,1.1900071,1.1333771
EED,1.1900071,1.1333771
EVL,1.1900071,1.1333771
SSX2IP,1.1900071,1.1333771
SH3RF2,1.1900071,1.1333771
IFT74,1.1900071,1.1333771
ACSM1,1.1900071,1.1333771
C9,1.1900071,1.1333771
PPM1J,1.1900071,1.1333771
SLC18A1,1.1900071,1.1333771
RDH5,1.1900071,1.1333771
DEPDC1B,1.1900071,1.1333771
CFAP45,1.1900071,1.1333771
FAM83G,1.1900071,1.1333771
RGMB,1.1900071,1.1333771
RNF139,1.1900071,1.1333771
SLC39A6,1.1900071,1.1333771
HPD,1.1900071,1.1333771
ITPKC,1.1900071,1.1333771
TMEM209,1.1900071,1.1333771
MFSD14A,1.1900071,1.1333771
ZNF395,1.1900071,1.1333771
HAUS6,1.1900071,1.1333771
SYT9,1.1900071,1.1333771
KRT27,1.1900071,1.1333771
PEX1,1.1900071,1.1333771
CHRNA5,1.1900071,1.1333771
ASCC2,1.1900071,1.1333771
RTN4,1.1900071,1.1333771
DRG2,1.1900071,1.1333771
ZNF544,1.1900071,1.1333771
TMPRSS11A,1.1900071,1.1333771
MGAT2,1.1900071,1.1333771
VIPR1,1.1900071,1.1333771
ZPLD1,1.1900071,1.1333771
GJC1,1.1900071,1.1333771
ITIH6,1.1900071,1.1333771
KLHL34,1.1900071,1.1333771
KLHL33,1.1900071,1.1333771
TP53BP1,1.1900071,1.1333771
HOXA3,1.1900071,1.1333771
ACTL7A,1.1900071,1.1333771
GGT5,1.1900071,1.1333771
ZNF133,1.1900071,1.1333771
URI1,1.1900071,1.1333771
COX10,1.1900071,1.1333771
KRT24,1.1900071,1.1333771
PCDHGB3,1.1900071,1.1333771
OSBPL2,1.1900071,1.1333771
CCDC47,1.1900071,1.1333771
DEPDC7,1.1900071,1.1333771
NHSL2,1.1900071,1.1333771
SLCO4C1,1.1900071,1.1333771
FUBP1,1.1900071,1.1333771
RSPH6A,1.1900071,1.1333771
GPAA1,1.1900071,1.1333771
SLC22A15,1.1900071,1.1333771
MOV10L1,1.1900071,1.1333771
NKRF,1.1900071,1.1333771
ADAM28,1.1900071,1.1333771
RHPN2,1.1900071,1.1333771
MAEA,1.1900071,1.1333771
MTRF1,1.1900071,1.1333771
LMCD1,1.1900071,1.1333771
PCDHA1,1.1900071,1.1333771
SSH2,1.1900071,1.1333771
HES6,1.1900071,1.1333771
EGF,1.1900071,1.1333771
SLC22A3,1.1900071,1.1333771
EIF2D,1.1900071,1.1333771
L3MBTL4,1.1900071,1.1333771
CYP24A1,1.1900071,1.1333771
KBTBD11,1.1900071,1.1333771
THSD7A,1.1900071,1.1333771
SRL,1.1900071,1.1333771
MGAT3,1.1900071,1.1333771
ALKBH8,1.1900071,1.1333771
ZNF791,1.1900071,1.1333771
NLRP4,1.1900071,1.1333771
SCPEP1,1.1900071,1.1333771
PAX4,1.1900071,1.1333771
ATP10B,1.1900071,1.1333771
GPR156,1.1900071,1.1333771
TRIM41,1.1900071,1.1333771
CACNA2D1,1.1900071,1.1333771
MRPS9,1.1900071,1.1333771
TGM4,1.1900071,1.1333771
KRT79,1.1900071,1.1333771
AMT,1.1900071,1.1333771
PWP1,1.1900071,1.1333771
NRIP1,1.1900071,1.1333771
DENND1C,1.1900071,1.1333771
NETO1,1.1900071,1.1333771
MTF1,1.1900071,1.1333771
GSAP,1.1900071,1.1333771
ZNF598,1.1900071,1.1333771
BAG3,1.1900071,1.1333771
GATAD2B,1.1900071,1.1333771
FAM98A,1.1900071,1.1333771
PDHA2,1.1900071,1.1333771
PCDHGA1,1.1900071,1.1333771
PRSS53,1.1900071,1.1333771
TMCC1,1.1900071,1.1333771
ZNF287,1.1900071,1.1333771
ZFYVE19,1.1900071,1.1333771
SECISBP2L,1.1900071,1.1333771
DNAJC3,1.1900071,1.1333771
TRIP6,1.1900071,1.1333771
ZKSCAN5,1.1900071,1.1333771
KHDC4,1.1900071,1.1333771
SERGEF,1.1900071,1.1333771
SLC22A16,1.1900071,1.1333771
SLC25A42,1.1900071,1.1333771
SLC2A3,1.1900071,1.1333771
ASNSD1,1.1900071,1.1333771
TRAF3IP3,1.1900071,1.1333771
GABRP,1.1900071,1.1333771
ACTR3B,1.1900071,1.1333771
SOX2,1.1900071,1.1333771
PISD,1.1900071,1.1333771
CANX,1.1900071,1.1333771
TAZ,1.1900071,1.1333771
NR1I2,1.1900071,1.1333771
SH3BP5,1.1900071,1.1333771
TENT4B,1.1900071,1.1333771
ADGRG1,1.1900071,1.1333771
ALG6,1.1900071,1.1333771
ZER1,1.1900071,1.1333771
FKBP4,1.1900071,1.1333771
LUC7L,1.1900071,1.1333771
RBFOX1,1.1900071,1.1333771
DNAJA3,1.1900071,1.1333771
TBC1D17,1.1900071,1.1333771
DZIP1,1.1900071,1.1333771
CAMTA1,1.1900071,1.1333771
C2CD3,1.1900071,1.1333771
SLC28A3,1.1900071,1.1333771
DLAT,1.1900071,1.1333771
KMT5A,1.1900071,1.1333771
SLC30A6,1.1900071,1.1333771
KIRREL2,1.1900071,1.1333771
SLC22A2,1.1900071,1.1333771
SYT10,1.1900071,1.1333771
QSOX2,1.1900071,1.1333771
GABRA6,1.1900071,1.1333771
ZNF276,1.1900071,1.1333771
HAGH,1.1900071,1.1333771
SLC2A14,1.1900071,1.1333771
APPL2,1.1900071,1.1333771
CNKSR3,1.1900071,1.1333771
ZNF208,1.1900071,1.1333771
CCDC81,1.1900071,1.1333771
KRT71,1.1900071,1.1333771
TRAPPC12,1.1900071,1.1333771
EIPR1,1.1900071,1.1333771
RELA,1.1900071,1.1333771
KRT72,1.1900071,1.1333771
SRPX,1.1900071,1.1333771
GRID1,1.1900071,1.1333771
MYBL1,1.1900071,1.1333771
ANKRD18B,1.1900071,1.1333771
ZNF585A,1.1900071,1.1333771
LAMB3,1.1900071,1.1333771
PTPN7,1.1900071,1.1333771
FSCN3,1.1900071,1.1333771
ERMARD,1.1900071,1.1333771
WASHC2C,1.1900071,1.1333771
TBX6,1.1900071,1.1333771
CHUK,1.1900071,1.1333771
NLRP11,1.1900071,1.1333771
DACH2,1.1900071,1.1333771
PHACTR4,1.1900071,1.1333771
FOLH1,1.1900071,1.1333771
HSPA8,1.1900071,1.1333771
KPNA7,1.1900071,1.1333771
CYP2U1,1.1900071,1.1333771
CBFA2T3,1.1900071,1.1333771
INPP5A,1.1900071,1.1333771
NCAPH2,1.1900071,1.1333771
HAS2,1.1900071,1.1333771
GRB14,1.1900071,1.1333771
ENPP2,1.1900071,1.1333771
CPNE7,1.1900071,1.1333771
TNNT1,1.1900071,1.1333771
MGAT4A,1.1900071,1.1333771
SAMD8,1.1900071,1.1333771
THAP12,1.1900071,1.1333771
OPA3,1.1900071,1.1333771
ILVBL,1.1900071,1.1333771
SLC2A12,1.1900071,1.1333771
PHC2,1.1900071,1.1333771
BACH2,1.1900071,1.1333771
ENO2,1.1900071,1.1333771
SPOPL,1.1900071,1.1333771
DVL2,1.1900071,1.1333771
ANKRD55,1.1900071,1.1333771
ZBTB49,1.1900071,1.1333771
PDZD8,1.1900071,1.1333771
GDA,1.1900071,1.1333771
RTN2,1.1900071,1.1333771
HOOK1,1.1900071,1.1333771
TMCC2,1.1900071,1.1333771
SEPT6,1.1900071,1.1333771
KRT28,1.1900071,1.1333771
ZNF800,1.1900071,1.1333771
MATN3,1.1900071,1.1333771
AUP1,1.1900071,1.1333771
CBFA2T2,1.1900071,1.1333771
SLCO1B7,1.1900071,1.1333771
SLC19A2,1.1900071,1.1333771
SLC17A8,1.1900071,1.1333771
KY,1.1900071,1.1333771
HNRNPAB,1.1900071,1.1333771
MMP19,1.1900071,1.1333771
BCKDHB,1.1900071,1.1333771
SIX1,1.1900071,1.1333771
MAPK8,1.1900071,1.1333771
AKT2,1.1900071,1.1333771
DCAF10,1.1900071,1.1333771
SEC14L4,1.1900071,1.1333771
SNRK,1.1900071,1.1333771
CCDC13,1.1900071,1.1333771
CWF19L2,1.1900071,1.1333771
KHNYN,1.1900071,1.1333771
RLIM,1.1900071,1.1333771
GRAP2,1.1900071,1.1333771
HSF4,1.1900071,1.1333771
CHRM3,1.1900071,1.1333771
WSCD2,1.1900071,1.1333771
NOA1,1.1900071,1.1333771
LMAN1,1.1900071,1.1333771
FNTB,1.1900071,1.1333771
NLE1,1.1900071,1.1333771
SLC9A9,1.1900071,1.1333771
SPATA5L1,1.1900071,1.1333771
IQCA1,1.1900071,1.1333771
TOR1AIP1,1.1900071,1.1333771
ADAMTSL2,1.1900071,1.1333771
ECHDC2,1.1900071,1.1333771
THOC2,1.1900071,1.1333771
DDX18,1.1900071,1.1333771
EFHC2,1.1900071,1.1333771
FES,1.1900071,1.1333771
ACSBG1,1.1900071,1.1333771
PABPC4,1.1900071,1.1333771
CFLAR,1.1900071,1.1333771
GJD2,1.1900071,1.1333771
PRRT4,1.1900071,1.1333771
WNT11,1.1900071,1.1333771
TBX5,1.1900071,1.1333771
ATXN7,1.1900071,1.1333771
NLRP8,1.1900071,1.1333771
AOAH,1.1900071,1.1333771
AGXT2,1.1900071,1.1333771
SLC2A11,1.1900071,1.1333771
LCORL,1.1900071,1.1333771
EIF2B3,1.1900071,1.1333771
EFCAB7,1.1900071,1.1333771
FAM83H,1.1900071,1.1333771
HS3ST2,1.1900071,1.1333771
TRIM6,1.1900071,1.1333771
TEX11,1.1900071,1.1333771
KLHDC7A,1.1900071,1.1333771
AOC2,1.1900071,1.1333771
CAPS2,1.1900071,1.1333771
DNAJC21,1.1900071,1.1333771
SYTL4,1.1900071,1.1333771
WNT8B,1.1900071,1.1333771
CTAGE5,1.1900071,1.1333771
BFSP1,1.1900071,1.1333771
NLK,1.1900071,1.1333771
PTPN2,1.1900071,1.1333771
SPNS2,1.1900071,1.1333771
ZYG11A,1.1900071,1.1333771
SIX3,1.1900071,1.1333771
NEK5,1.1900071,1.1333771
ZNF711,1.1900071,1.1333771
GABRA3,1.1900071,1.1333771
PFKP,1.1900071,1.1333771
PALB2,1.1900071,1.1333771
NYAP1,1.1900071,1.1333771
ATAD1,1.1900071,1.1333771
GBP1,1.1900071,1.1333771
BICRAL,1.1900071,1.1333771
FLOT1,1.1900071,1.1333771
SUCLA2,1.1900071,1.1333771
IGF2BP1,1.1900071,1.1333771
KRT84,1.1900071,1.1333771
LRRC1,1.1900071,1.1333771
TRIM8,1.1900071,1.1333771
OSGIN2,1.1900071,1.1333771
RETSAT,1.1900071,1.1333771
TBXAS1,1.1900071,1.1333771
BBS12,1.1900071,1.1333771
SLC45A3,1.1900071,1.1333771
FMO1,1.1900071,1.1333771
GATM,1.1900071,1.1333771
TOMM70,1.1900071,1.1333771
NKD1,1.1900071,1.1333771
SH3BP4,1.1900071,1.1333771
USP16,1.1900071,1.1333771
KCNS2,1.1900071,1.1333771
DVL1,1.1900071,1.1333771
RPS6KA6,1.1900071,1.1333771
TRIM28,1.1900071,1.1333771
MIS18BP1,1.1900071,1.1333771
KCNJ11,1.1900071,1.1333771
UHRF2,1.1900071,1.1333771
GMPR2,1.1900071,1.1333771
PGAP1,1.1900071,1.1333771
SEPT11,1.1900071,1.1333771
QTRT1,1.1900071,1.1333771
ADNP2,1.1900071,1.1333771
MMRN2,1.1900071,1.1333771
RAB11FIP3,1.1900071,1.1333771
SENP3,1.1900071,1.1333771
HNRNPM,1.1900071,1.1333771
CPNE4,1.1900071,1.1333771
ST7L,1.1900071,1.1333771
SH3BP5L,1.1900071,1.1333771
MAMDC2,1.1900071,1.1333771
ACSL4,1.1900071,1.1333771
KANK3,1.1900071,1.1333771
PCDHB15,1.1900071,1.1333771
MROH9,1.1900071,1.1333771
BACH1,1.1900071,1.1333771
ASIC4,1.1900071,1.1333771
CDCA2,1.1900071,1.1333771
CDHR1,1.1900071,1.1333771
NFKB2,1.1900071,1.1333771
PRPF38A,1.1900071,1.1333771
SALL2,1.1900071,1.1333771
IL12RB2,1.1900071,1.1333771
BMP4,1.1900071,1.1333771
ARFIP2,1.1900071,1.1333771
MBOAT1,1.1900071,1.1333771
DPP7,1.1900071,1.1333771
NGFR,1.1900071,1.1333771
ZCCHC8,1.1900071,1.1333771
PBX2,1.1900071,1.1333771
PCDHA10,1.1900071,1.1333771
CALCOCO1,1.1900071,1.1333771
LCTL,1.1900071,1.1333771
CTNNAL1,1.1900071,1.1333771
GNA15,1.1900071,1.1333771
TTF1,1.1900071,1.1333771
SHTN1,1.1900071,1.1333771
FAF2,1.1900071,1.1333771
NFIC,1.1900071,1.1333771
SLFN11,1.1900071,1.1333771
TRAF3IP1,1.1900071,1.1333771
PHF1,1.1900071,1.1333771
TARS,1.1900071,1.1333771
ATAD3A,1.1900071,1.1333771
ZNF862,1.1900071,1.1333771
CFAP221,1.1900071,1.1333771
RRP1B,1.1900071,1.1333771
ALG5,1.1900071,1.1333771
INTU,1.1900071,1.1333771
PHACTR3,1.1900071,1.1333771
SLC47A1,1.1900071,1.1333771
CDYL2,1.1900071,1.1333771
GJA8,1.1900071,1.1333771
SLC17A6,1.1900071,1.1333771
DUSP16,1.1900071,1.1333771
MFSD5,1.1900071,1.1333771
PNLIP,1.1900071,1.1333771
RNF8,1.1900071,1.1333771
ALG2,1.1900071,1.1333771
WDR37,1.1900071,1.1333771
PIGB,1.1900071,1.1333771
MSI1,1.1900071,1.1333771
IKZF1,1.1900071,1.1333771
LRGUK,1.1900071,1.1333771
SLC9A4,1.1900071,1.1333771
MMP24,1.1900071,1.1333771
ROCK1,1.1900071,1.1333771
TKTL2,1.1900071,1.1333771
RCL1,1.1900071,1.1333771
MPP7,1.1900071,1.1333771
SCMH1,1.1900071,1.1333771
HSPA12A,1.1900071,1.1333771
WNT9A,1.1900071,1.1333771
GRAMD4,1.1900071,1.1333771
DHODH,1.1900071,1.1333771
ARFGAP1,1.1900071,1.1333771
DNAJC1,1.1900071,1.1333771
ARSH,1.1900071,1.1333771
ANKRD13C,1.1900071,1.1333771
MAPKAP1,1.1900071,1.1333771
SLC25A22,1.1900071,1.1333771
FBXO9,1.1900071,1.1333771
PARG,1.1900071,1.1333771
MEF2A,1.1900071,1.1333771
LMF1,1.1900071,1.1333771
PIGV,1.1900071,1.1333771
PIAS1,1.1900071,1.1333771
NRF1,1.1900071,1.1333771
SLC2A6,1.1900071,1.1333771
KRT18,1.1900071,1.1333771
MEF2B,1.1900071,1.1333771
PRKD2,1.1900071,1.1333771
RFX5,1.1900071,1.1333771
ZC3H12D,1.1900071,1.1333771
PMPCA,1.1900071,1.1333771
AKT3,1.1900071,1.1333771
IRF9,1.1900071,1.1333771
CDC16,1.1900071,1.1333771
AQP1,1.1900071,1.1333771
GGA1,1.1900071,1.1333771
TGFBRAP1,1.1900071,1.1333771
SLITRK5,1.1900071,1.1333771
TAF4B,1.1900071,1.1333771
ATF6B,1.1900071,1.1333771
PHKG2,1.1900071,1.1333771
LRWD1,1.1900071,1.1333771
MEIS1,1.1900071,1.1333771
API5,1.1900071,1.1333771
LIN54,1.1900071,1.1333771
MAG,1.1900071,1.1333771
NEK2,1.1900071,1.1333771
C3orf67,1.1900071,1.1333771
PLBD2,1.1900071,1.1333771
SCFD2,1.1900071,1.1333771
ZNF217,1.1900071,1.1333771
POLR1C,1.1900071,1.1333771
AFAP1L2,1.1900071,1.1333771
CSRNP3,1.1900071,1.1333771
RNF103,1.1900071,1.1333771
CDCA7L,1.1900071,1.1333771
ZDHHC13,1.1900071,1.1333771
ZFP90,1.1900071,1.1333771
TOM1L2,1.1900071,1.1333771
TTC8,1.1900071,1.1333771
UTP4,1.1900071,1.1333771
TRMT2A,1.1900071,1.1333771
PLXDC2,1.1900071,1.1333771
MUM1,1.1900071,1.1333771
GLDC,1.1900071,1.1333771
CAMK2D,1.1900071,1.1333771
ADGRE5,1.1900071,1.1333771
KCNJ16,1.1900071,1.1333771
LIMD1,1.1900071,1.1333771
WDR1,1.1900071,1.1333771
PTCHD3,1.1900071,1.1333771
SEPT4,1.1900071,1.1333771
USF1,1.1900071,1.1333771
CEP85,1.1900071,1.1333771
SLC22A17,1.1900071,1.1333771
SLC1A3,1.1900071,1.1333771
HABP2,1.1900071,1.1333771
DSC3,1.1900071,1.1333771
PLCH1,1.1900071,1.1333771
KRT77,1.1900071,1.1333771
ZNF74,1.1900071,1.1333771
DNAJC14,1.1900071,1.1333771
LRFN1,1.1900071,1.1333771
NUAK2,1.1900071,1.1333771
IL31RA,1.1900071,1.1333771
MID1,1.1900071,1.1333771
QSOX1,1.1900071,1.1333771
EPS8L3,1.1900071,1.1333771
TMEM132A,1.1900071,1.1333771
PPP3CC,1.1900071,1.1333771
ZNF333,1.1900071,1.1333771
CEP83,1.1900071,1.1333771
RBM28,1.1900071,1.1333771
CCT6A,1.1900071,1.1333771
FASTKD1,1.1900071,1.1333771
PHC1,1.1900071,1.1333771
C2orf42,1.1900071,1.1333771
PGD,1.1900071,1.1333771
TROAP,1.1900071,1.1333771
TNFRSF1A,1.1900071,1.1333771
LRRC8C,1.1900071,1.1333771
CDK5RAP3,1.1900071,1.1333771
CIAO3,1.1900071,1.1333771
LPCAT3,1.1900071,1.1333771
PRKAA2,1.1900071,1.1333771
PDZD4,1.1900071,1.1333771
F2,1.1900071,1.1333771
TMEM161A,1.1900071,1.1333771
SMARCD3,1.1900071,1.1333771
EEPD1,1.1900071,1.1333771
ADCK1,1.1900071,1.1333771
TUBB2B,1.1900071,1.1333771
ZBTB47,1.1900071,1.1333771
TRIM32,1.1900071,1.1333771
NYAP2,1.1900071,1.1333771
TMEM63C,1.1900071,1.1333771
HDAC2,1.1900071,1.1333771
MDM1,1.1900071,1.1333771
PCDHA9,1.1900071,1.1333771
AJM1,1.1900071,1.1333771
KLHL17,1.1900071,1.1333771
ABHD4,1.1900071,1.1333771
MASTL,1.1900071,1.1333771
STEAP2,1.1900071,1.1333771
NELFE,1.1900071,1.1333771
NLRP9,1.1900071,1.1333771
DOK7,1.1900071,1.1333771
PSMC6,1.1900071,1.1333771
CLINT1,1.1900071,1.1333771
MIER1,1.1900071,1.1333771
GPM6B,1.1900071,1.1333771
EPS8L2,1.1900071,1.1333771
NUCB1,1.1900071,1.1333771
C10orf71,1.1900071,1.1333771
RALGPS2,1.1900071,1.1333771
GDI2,1.1900071,1.1333771
GABRQ,1.1900071,1.1333771
ZNF45,1.1900071,1.1333771
WDR76,1.1900071,1.1333771
IRF7,1.1900071,1.1333771
HSPA12B,1.1900071,1.1333771
CHST5,1.1900071,1.1333771
CSTF1,1.1900071,1.1333771
CREM,1.1900071,1.1333771
DNM2,1.1900071,1.1333771
NDUFA9,1.1900071,1.1333771
FEM1C,1.1900071,1.1333771
UBA3,1.1900071,1.1333771
PHF10,1.1900071,1.1333771
EGFL6,1.1900071,1.1333771
PRKAG3,1.1900071,1.1333771
SCUBE1,1.1900071,1.1333771
CRLF1,1.1900071,1.1333771
A2M,1.1900071,1.1333771
TXNDC11,1.1900071,1.1333771
URGCP,1.1900071,1.1333771
CCDC33,1.1900071,1.1333771
MAT2A,1.1900071,1.1333771
MPI,1.1900071,1.1333771
AGPAT3,1.1900071,1.1333771
DDX52,1.1900071,1.1333771
PRKAG1,1.1900071,1.1333771
TSNAXIP1,1.1900071,1.1333771
PCDHGA9,1.1900071,1.1333771
NADK,1.1900071,1.1333771
GK5,1.1900071,1.1333771
KRT82,1.1900071,1.1333771
PPARGC1A,1.1900071,1.1333771
DMAP1,1.1900071,1.1333771
ZC3H6,1.1900071,1.1333771
SCLY,1.1900071,1.1333771
GMPR,1.1900071,1.1333771
PDSS1,1.1900071,1.1333771
CHST4,1.1900071,1.1333771
EP400,1.1900071,1.1333771
CHRNB3,1.1900071,1.1333771
GEN1,1.1900071,1.1333771
JPH2,1.1900071,1.1333771
CAPN5,1.1900071,1.1333771
GLRB,1.1900071,1.1333771
APEH,1.1900071,1.1333771
ACBD3,1.1900071,1.1333771
AIPL1,1.1900071,1.1333771
FHL2,1.1900071,1.1333771
PPP1R26,1.1900071,1.1333771
PRICKLE2,1.1900071,1.1333771
GALK1,1.1900071,1.1333771
HELB,1.1900071,1.1333771
ISL1,1.1900071,1.1333771
CDH17,1.1900071,1.1333771
DPH2,1.1900071,1.1333771
HPS1,1.1900071,1.1333771
NDUFA10,1.1900071,1.1333771
KDM2A,1.1900071,1.1333771
PIPOX,1.1900071,1.1333771
SIRT1,1.1900071,1.1333771
DHX40,1.1900071,1.1333771
BRD2,1.1900071,1.1333771
EXD3,1.1900071,1.1333771
LCA5,1.1900071,1.1333771
MID2,1.1900071,1.1333771
TBC1D10C,1.1900071,1.1333771
FOXP3,1.1900071,1.1333771
SYCP2L,1.1900071,1.1333771
SLC25A37,1.1900071,1.1333771
PCDHA12,1.1900071,1.1333771
SCNN1B,1.1900071,1.1333771
SMARCAD1,1.1900071,1.1333771
KLHL35,1.1900071,1.1333771
DCST1,1.1900071,1.1333771
ANO10,1.1900071,1.1333771
ESRRA,1.1900071,1.1333771
MPP2,1.1900071,1.1333771
NLRP7,1.1900071,1.1333771
PLK2,1.1900071,1.1333771
GPAT3,1.1900071,1.1333771
IRAK1,1.1900071,1.1333771
PDE12,1.1900071,1.1333771
NDST1,1.1900071,1.1333771
P4HA3,1.1900071,1.1333771
TTLL9,1.1900071,1.1333771
FKTN,1.1900071,1.1333771
ATXN1,1.1900071,1.1333771
TTC39B,1.1900071,1.1333771
SEC14L3,1.1900071,1.1333771
NOP58,1.1900071,1.1333771
ZNF343,1.1900071,1.1333771
TLR8,1.1900071,1.1333771
TSHZ3,1.1900071,1.1333771
FOXRED2,1.1900071,1.1333771
STAT5A,1.1900071,1.1333771
MASP1,1.1900071,1.1333771
NMNAT2,1.1900071,1.1333771
SSBP3,1.1900071,1.1333771
SUMF1,1.1900071,1.1333771
LRTOMT,1.1900071,1.1333771
NCLN,1.1900071,1.1333771
FA2H,1.1900071,1.1333771
PXK,1.1900071,1.1333771
ARHGEF25,1.1900071,1.1333771
NCDN,1.1900071,1.1333771
BFSP2,1.1900071,1.1333771
SF1,1.1900071,1.1333771
ERAP2,1.1900071,1.1333771
NRBP1,1.1900071,1.1333771
MFSD8,1.1900071,1.1333771
GNAI2,1.1900071,1.1333771
GJA1,1.1900071,1.1333771
SELENBP1,1.1900071,1.1333771
KCNH4,1.1900071,1.1333771
MORC2,1.1900071,1.1333771
DZANK1,1.1900071,1.1333771
MBD3,1.1900071,1.1333771
FOXO4,1.1900071,1.1333771
TMPRSS3,1.1900071,1.1333771
ZNF512,1.1900071,1.1333771
PPAT,1.1900071,1.1333771
ALDH1A2,1.1900071,1.1333771
HHATL,1.1900071,1.1333771
AGRN,1.1900071,1.1333771
TMEM132E,1.1900071,1.1333771
RASGRP2,1.1900071,1.1333771
VEZT,1.1900071,1.1333771
ALB,1.1900071,1.1333771
PDE7B,1.1900071,1.1333771
DLD,1.1900071,1.1333771
MEIS3,1.1900071,1.1333771
PARP6,1.1900071,1.1333771
ADGRG2,1.1900071,1.1333771
MEPCE,1.1900071,1.1333771
NFIX,1.1900071,1.1333771
SLC13A3,1.1900071,1.1333771
TBXT,1.1900071,1.1333771
EVX2,1.1900071,1.1333771
HMGCS1,1.1900071,1.1333771
FAF1,1.1900071,1.1333771
KRT19,1.1900071,1.1333771
ZNF536,1.1900071,1.1333771
ANKRD62,1.1900071,1.1333771
CCNL1,1.1900071,1.1333771
KRT73,1.1900071,1.1333771
TMEM8A,1.1900071,1.1333771
MUS81,1.1900071,1.1333771
TPM4,1.1900071,1.1333771
SEPT8,1.1900071,1.1333771
ELL,1.1900071,1.1333771
FAM161A,1.1900071,1.1333771
DDX55,1.1900071,1.1333771
GALE,1.1900071,1.1333771
TRMU,1.1900071,1.1333771
CDC14A,1.1900071,1.1333771
PLK1,1.1900071,1.1333771
SMARCA4,1.1900071,1.1333771
FAM160B2,1.1900071,1.1333771
NCBP3,1.1900071,1.1333771
DTL,1.1900071,1.1333771
GLRA4,1.1900071,1.1333771
GNAI3,1.1900071,1.1333771
ERO1B,1.1900071,1.1333771
SLITRK2,1.1900071,1.1333771
ABCB9,1.1900071,1.1333771
FBL,1.1900071,1.1333771
NAALAD2,1.1900071,1.1333771
SLC37A1,1.1900071,1.1333771
MMP16,1.1900071,1.1333771
SH2D4A,1.1900071,1.1333771
GK,1.1900071,1.1333771
SIGLEC10,1.1900071,1.1333771
DENND6B,1.1900071,1.1333771
FOXC1,1.1900071,1.1333771
KRI1,1.1900071,1.1333771
CYP4F11,1.1900071,1.1333771
KNTC1,1.1900071,1.1333771
SOX3,1.1900071,1.1333771
ITGA1,1.1900071,1.1333771
INCENP,1.1900071,1.1333771
BRPF1,1.1900071,1.1333771
TMPRSS13,1.1900071,1.1333771
MICAL2,1.1900071,1.1333771
CDC20,1.1900071,1.1333771
SPOCD1,1.1900071,1.1333771
THOC1,1.1900071,1.1333771
SCNN1G,1.1900071,1.1333771
FLOT2,1.1900071,1.1333771
TMPRSS11F,1.1900071,1.1333771
RRP9,1.1900071,1.1333771
TDP1,1.1900071,1.1333771
SLC27A5,1.1900071,1.1333771
STK11,1.1900071,1.1333771
EPPK1,1.1900071,1.1333771
FIBCD1,1.1900071,1.1333771
PCDHA7,1.1900071,1.1333771
HJV,1.1900071,1.1333771
TCTN1,1.1900071,1.1333771
USP39,1.1900071,1.1333771
ALOX15,1.1900071,1.1333771
SLC45A2,1.1900071,1.1333771
FAM129A,1.1900071,1.1333771
OTUD7A,1.1900071,1.1333771
PCK1,1.1900071,1.1333771
C16orf96,1.1900071,1.1333771
RTCB,1.1900071,1.1333771
DDX59,1.1900071,1.1333771
ING3,1.1900071,1.1333771
GTF3C5,1.1900071,1.1333771
TMC8,1.1900071,1.1333771
SRSF4,1.1900071,1.1333771
SLC37A2,1.1900071,1.1333771
ADAD1,1.1900071,1.1333771
ADCYAP1R1,1.1900071,1.1333771
SLC2A5,1.1900071,1.1333771
TMEM161B,1.1900071,1.1333771
GSR,1.1900071,1.1333771
FNDC7,1.1900071,1.1333771
TRIP13,1.1900071,1.1333771
MTBP,1.1900071,1.1333771
NT5DC2,1.1900071,1.1333771
SYTL5,1.1900071,1.1333771
MAPK8IP3,1.1900071,1.1333771
CYTH1,1.1900071,1.1333771
KANK4,1.1900071,1.1333771
PPEF2,1.1900071,1.1333771
ARHGEF33,1.1900071,1.1333771
LMX1A,1.1900071,1.1333771
SERPINC1,1.1900071,1.1333771
MAOB,1.1900071,1.1333771
ACAN,1.1900071,1.1333771
PARP10,1.1900071,1.1333771
ZC3HC1,1.1900071,1.1333771
C7orf55-LUC7L2,1.1900071,1.1333771
PCDHA4,1.1900071,1.1333771
OTOA,1.1900071,1.1333771
APBA2,1.1900071,1.1333771
IQCB1,1.1900071,1.1333771
FAM160A1,1.1900071,1.1333771
MFSD2B,1.1900071,1.1333771
EXD2,1.1900071,1.1333771
ALDH1A3,1.1900071,1.1333771
SLITRK4,1.1900071,1.1333771
DMTF1,1.1900071,1.1333771
TRMT44,1.1900071,1.1333771
HERC5,1.1900071,1.1333771
RARS2,1.1900071,1.1333771
KLHL10,1.1900071,1.1333771
F10,1.1900071,1.1333771
ZC3HAV1,1.1900071,1.1333771
TBCCD1,1.1900071,1.1333771
KHSRP,1.1900071,1.1333771
IL17RC,1.1900071,1.1333771
MAP3K2,1.1900071,1.1333771
DDN,1.1900071,1.1333771
DGCR2,1.1900071,1.1333771
SEPT9,1.1900071,1.1333771
LIN9,1.1900071,1.1333771
SLC24A3,1.1900071,1.1333771
CCDC175,1.1900071,1.1333771
ACTL6A,1.1900071,1.1333771
METAP2,1.1900071,1.1333771
GRIPAP1,1.1900071,1.1333771
TENM2,1.1900071,1.1333771
MALT1,1.1900071,1.1333771
PPP2R2B,1.1900071,1.1333771
KCNN1,1.1900071,1.1333771
ZYX,1.1900071,1.1333771
BTBD1,1.1900071,1.1333771
PPP2R5C,1.1900071,1.1333771
ASIC3,1.1900071,1.1333771
SIGLEC1,1.1900071,1.1333771
PIP5K1A,1.1900071,1.1333771
EXOC3L1,1.1900071,1.1333771
APAF1,1.1900071,1.1333771
DCST2,1.1900071,1.1333771
NR2E1,1.1900071,1.1333771
ACSL5,1.1900071,1.1333771
ADCK5,1.1900071,1.1333771
CRACR2A,1.1900071,1.1333771
GNAS,1.1900071,1.1333771
MLXIPL,1.1900071,1.1333771
AFAP1,1.1900071,1.1333771
GALNT12,1.1900071,1.1333771
SMYD4,1.1900071,1.1333771
GALNT15,1.1900071,1.1333771
ICAM5,1.1900071,1.1333771
OLFML3,1.1900071,1.1333771
CERS5,1.1900071,1.1333771
PLK3,1.1900071,1.1333771
TRPM2,1.1900071,1.1333771
PHB2,1.1900071,1.1333771
ULK3,1.1900071,1.1333771
C12orf10,1.1900071,1.1333771
KCNJ12,1.1900071,1.1333771
SLCO4A1,1.1900071,1.1333771
CCKBR,1.1900071,1.1333771
GATAD2A,1.1900071,1.1333771
PHACTR2,1.1900071,1.1333771
RASIP1,1.1900071,1.1333771
PTH1R,1.1900071,1.1333771
CSF2RB,1.1900071,1.1333771
RNF19B,1.1900071,1.1333771
AKAP1,1.1900071,1.1333771
NIPAL3,1.1900071,1.1333771
NECTIN3,1.1900071,1.1333771
SLITRK1,1.1900071,1.1333771
GALK2,1.1900071,1.1333771
GCNT2,1.1900071,1.1333771
NXN,1.1900071,1.1333771
RBM47,1.1900071,1.1333771
CCDC6,1.1900071,1.1333771
PPP6R1,1.1900071,1.1333771
IMPG1,1.1900071,1.1333771
FOXC2,1.1900071,1.1333771
RXFP2,1.1900071,1.1333771
MON1A,1.1900071,1.1333771
SPEN,1.1900071,1.1333771
SUSD1,1.1900071,1.1333771
PIGQ,1.1900071,1.1333771
C1S,1.1900071,1.1333771
WNT7A,1.1900071,1.1333771
SUV39H2,1.1900071,1.1333771
CTNND2,1.1900071,1.1333771
PARP12,1.1900071,1.1333771
ARHGAP6,1.1900071,1.1333771
N4BP2L2,1.1900071,1.1333771
DNPEP,1.1900071,1.1333771
EPN3,1.1900071,1.1333771
ARHGEF16,1.1900071,1.1333771
AMFR,1.1900071,1.1333771
PDE7A,1.1900071,1.1333771
BTBD3,1.1900071,1.1333771
COG7,1.1900071,1.1333771
KLHL4,1.1900071,1.1333771
PCARE,1.1900071,1.1333771
OSBP,1.1900071,1.1333771
CNOT6L,1.1900071,1.1333771
KMT5C,1.1900071,1.1333771
KIAA1841,1.1900071,1.1333771
SRSF6,1.1900071,1.1333771
FBXO30,1.1900071,1.1333771
NPHS2,1.1900071,1.1333771
ZBTB4,1.1900071,1.1333771
NAE1,1.1900071,1.1333771
MTSS1,1.1900071,1.1333771
AGXT,1.1900071,1.1333771
NCAM2,1.1900071,1.1333771
LYN,1.1900071,1.1333771
CYP4V2,1.1900071,1.1333771
TRAF6,1.1900071,1.1333771
CYP26A1,1.1900071,1.1333771
SLCO1C1,1.1900071,1.1333771
PROM1,1.1900071,1.1333771
C12orf4,1.1900071,1.1333771
DDX49,1.1900071,1.1333771
PTPN9,1.1900071,1.1333771
THOC5,1.1900071,1.1333771
DDX51,1.1900071,1.1333771
GP2,1.1900071,1.1333771
SMAD5,1.1900071,1.1333771
NEK11,1.1900071,1.1333771
KIF21B,1.1900071,1.1333771
TAX1BP1,1.1900071,1.1333771
IP6K2,1.1900071,1.1333771
GAB2,1.1900071,1.1333771
RNF43,1.1900071,1.1333771
ACTBL2,1.1900071,1.1333771
GPT,1.1900071,1.1333771
HAUS5,1.1900071,1.1333771
SYTL1,1.1900071,1.1333771
BARD1,1.1900071,1.1333771
SGCA,1.1900071,1.1333771
C1orf112,1.1900071,1.1333771
PGM3,1.1900071,1.1333771
ACE2,1.1900071,1.1333771
PROM2,1.1900071,1.1333771
HSPA4L,1.1900071,1.1333771
FBXO41,1.1900071,1.1333771
PLS3,1.1900071,1.1333771
SLC22A6,1.1900071,1.1333771
SMARCA2,1.1900071,1.1333771
KMT2B,1.1900071,1.1333771
IL4I1,1.1900071,1.1333771
ECD,1.1900071,1.1333771
CDH18,1.1900071,1.1333771
ZBTB46,1.1900071,1.1333771
NR1I3,1.1900071,1.1333771
TBC1D30,1.1900071,1.1333771
CSTF2,1.1900071,1.1333771
OPRM1,1.1900071,1.1333771
PTPN12,1.1900071,1.1333771
TMEM63A,1.1900071,1.1333771
COL18A1,1.1900071,1.1333771
TNK1,1.1900071,1.1333771
TULP3,1.1900071,1.1333771
ACTR3,1.1900071,1.1333771
CDH16,1.1900071,1.1333771
SPICE1,1.1900071,1.1333771
ZNF804A,1.1900071,1.1333771
PTPN5,1.1900071,1.1333771
ZNF420,1.1900071,1.1333771
TFAP2D,1.1900071,1.1333771
RXFP1,1.1900071,1.1333771
CATSPERB,1.1900071,1.1333771
ANKRD18A,1.1900071,1.1333771
PRMT7,1.1900071,1.1333771
TUBA3D,1.1900071,1.1333771
KIAA1614,1.1900071,1.1333771
ARHGAP28,1.1900071,1.1333771
LRCH4,1.1900071,1.1333771
HAGHL,1.1900071,1.1333771
MFSD13A,1.1900071,1.1333771
MGAT4B,1.1900071,1.1333771
DDX25,1.1900071,1.1333771
CPEB1,1.1900071,1.1333771
KAT5,1.1900071,1.1333771
JAKMIP3,1.1900071,1.1333771
NACAD,1.1900071,1.1333771
PXDNL,1.1900071,1.1333771
CEP97,1.1900071,1.1333771
PICK1,1.1900071,1.1333771
MATN1,1.1900071,1.1333771
EMILIN2,1.1900071,1.1333771
BBS5,1.1900071,1.1333771
ACSM2A,1.1900071,1.1333771
IGDCC3,1.1900071,1.1333771
DDX47,1.1900071,1.1333771
ZP1,1.1900071,1.1333771
CFAP69,1.1900071,1.1333771
NT5E,1.1900071,1.1333771
ZNF592,1.1900071,1.1333771
PDLIM7,1.1900071,1.1333771
ETV5,1.1900071,1.1333771
PGS1,1.1900071,1.1333771
PLEKHG2,1.1900071,1.1333771
PAK5,1.1900071,1.1333771
HPN,1.1900071,1.1333771
SIX6,1.1900071,1.1333771
RUBCNL,1.1900071,1.1333771
CYP4A11,1.1900071,1.1333771
ZYG11B,1.1900071,1.1333771
MAPK8IP1,1.1900071,1.1333771
CATSPER4,1.1900071,1.1333771
FCRLB,1.1900071,1.1333771
MON1B,1.1900071,1.1333771
EPHA6,1.1900071,1.1333771
PTGFRN,1.1900071,1.1333771
SLC25A24,1.1900071,1.1333771
DUSP13,1.1900071,1.1333771
ADAT1,1.1900071,1.1333771
FAM193A,1.1900071,1.1333771
ANKRD30A,1.1900071,1.1333771
CPNE6,1.1900071,1.1333771
MTUS2,1.1900071,1.1333771
TCP1,1.1900071,1.1333771
YARS2,1.1900071,1.1333771
GJC2,1.1900071,1.1333771
SLC25A27,1.1900071,1.1333771
CHAT,1.1900071,1.1333771
CFAP52,1.1900071,1.1333771
NPR3,1.1900071,1.1333771
FAM129C,1.1900071,1.1333771
CEP126,1.1900071,1.1333771
MAMLD1,1.1900071,1.1333771
BCL6,1.1900071,1.1333771
ABHD18,1.1900071,1.1333771
VAX1,1.1900071,1.1333771
BRDT,1.1900071,1.1333771
ABI1,1.1900071,1.1333771
L2HGDH,1.1900071,1.1333771
WDPCP,1.1900071,1.1333771
KCNJ5,1.1900071,1.1333771
SRRM5,1.1900071,1.1333771
GOLGA1,1.1900071,1.1333771
KRT17,1.1900071,1.1333771
DET1,1.1900071,1.1333771
NMT2,1.1900071,1.1333771
KANK2,1.1900071,1.1333771
ABL1,1.1900071,1.1333771
PEAR1,1.1900071,1.1333771
UNC79,1.1900071,1.1333771
FAM20B,1.1900071,1.1333771
GBX2,1.1900071,1.1333771
MARS2,1.1900071,1.1333771
KRT8,1.1900071,1.1333771
SEC61A2,1.1900071,1.1333771
CLASP2,1.1900071,1.1333771
SYCP1,1.1900071,1.1333771
CABP1,1.1900071,1.1333771
IL12RB1,1.1900071,1.1333771
ZP2,1.1900071,1.1333771
SLC44A1,1.1900071,1.1333771
SHMT1,1.1900071,1.1333771
KAT14,1.1900071,1.1333771
OSBPL11,1.1900071,1.1333771
NETO2,1.1900071,1.1333771
CDH26,1.1900071,1.1333771
PCYT2,1.1900071,1.1333771
NARS2,1.1900071,1.1333771
ZCWPW1,1.1900071,1.1333771
TESK1,1.1900071,1.1333771
TTLL12,1.1900071,1.1333771
ADD3,1.1900071,1.1333771
ESF1,1.1900071,1.1333771
GEMIN4,1.1900071,1.1333771
CORO2A,1.1900071,1.1333771
GATA5,1.1900071,1.1333771
DDOST,1.1900071,1.1333771
P4HA1,1.1900071,1.1333771
CHTOP,1.1900071,1.1333771
ZDHHC17,1.1900071,1.1333771
GPAT4,1.1900071,1.1333771
SLC24A2,1.1900071,1.1333771
RBCK1,1.1900071,1.1333771
TCHP,1.1900071,1.1333771
MAP3K11,1.1900071,1.1333771
CMIP,1.1900071,1.1333771
CXXC1,1.1900071,1.1333771
RNF111,1.1900071,1.1333771
IDH1,1.1900071,1.1333771
GLA,1.1900071,1.1333771
HDAC10,1.1900071,1.1333771
PCDHA5,1.1900071,1.1333771
PCDHA2,1.1900071,1.1333771
FRMPD2,1.1900071,1.1333771
PHGDH,1.1900071,1.1333771
VIPR2,1.1900071,1.1333771
DHX9,1.1900071,1.1333771
BICDL1,1.1900071,1.1333771
CENPC,1.1900071,1.1333771
CCP110,1.1900071,1.1333771
CEP89,1.1900071,1.1333771
MICU1,1.1900071,1.1333771
WNT4,1.1900071,1.1333771
TNFSF12,1.1900071,1.1333771
SNX19,1.1900071,1.1333771
SPAG1,1.1900071,1.1333771
KYAT1,1.1900071,1.1333771
ZBTB17,1.1900071,1.1333771
TUBA3E,1.1900071,1.1333771
MAP4,1.1900071,1.1333771
GAD1,1.1900071,1.1333771
COL3A1,1.1900071,1.1333771
LPP,1.1900071,1.1333771
PPIG,1.1900071,1.1333771
FCHO1,1.1900071,1.1333771
CASC1,1.1900071,1.1333771
RCC1,1.1900071,1.1333771
TNN,1.1900071,1.1333771
GNA14,1.1900071,1.1333771
OGG1,1.1900071,1.1333771
LMTK2,1.1900071,1.1333771
TLR9,1.1900071,1.1333771
LZTS2,1.1900071,1.1333771
GOT1,1.1900071,1.1333771
ALDOC,1.1900071,1.1333771
TASP1,1.1900071,1.1333771
TTC39C,1.1900071,1.1333771
NLRC5,1.1900071,1.1333771
PCDHGA7,1.1900071,1.1333771
SERPINH1,1.1900071,1.1333771
ACSM2B,1.1900071,1.1333771
SOX7,1.1900071,1.1333771
BRAP,1.1900071,1.1333771
SLC26A2,1.1900071,1.1333771
RNF207,1.1900071,1.1333771
STS,1.1900071,1.1333771
CNOT10,1.1900071,1.1333771
BMP6,1.1900071,1.1333771
SEMA4F,1.1900071,1.1333771
CKMT2,1.1900071,1.1333771
GAB1,1.1900071,1.1333771
TTC39A,1.1900071,1.1333771
SLC7A6,1.1900071,1.1333771
CPOX,1.1900071,1.1333771
DSC2,1.1900071,1.1333771
SLC44A5,1.1900071,1.1333771
NAALADL1,1.1900071,1.1333771
TBC1D25,1.1900071,1.1333771
COASY,1.1900071,1.1333771
SLC4A1AP,1.1900071,1.1333771
ITIH3,1.1900071,1.1333771
TNS4,1.1900071,1.1333771
MASP2,1.1900071,1.1333771
PHKG1,1.1900071,1.1333771
ZNF546,1.1900071,1.1333771
NAGA,1.1900071,1.1333771
SHOX2,1.1900071,1.1333771
TGFBR2,1.1900071,1.1333771
PTPRS,1.1900071,1.1333771
SESTD1,1.1900071,1.1333771
CPNE9,1.1900071,1.1333771
PPP1R12C,1.1900071,1.1333771
CES5A,1.1900071,1.1333771
ANKS3,1.1900071,1.1333771
KANSL3,1.1900071,1.1333771
PPP1R16A,1.1900071,1.1333771
TGFBR3,1.1900071,1.1333771
ARHGAP35,1.1900071,1.1333771
MAPK10,1.1900071,1.1333771
CCDC15,1.1900071,1.1333771
ITPRID1,1.1900071,1.1333771
COG2,1.1900071,1.1333771
TRDN,1.1900071,1.1333771
CHFR,1.1900071,1.1333771
YARS,1.1900071,1.1333771
ALX4,1.1900071,1.1333771
GALNT13,1.1900071,1.1333771
CBLC,1.1900071,1.1333771
SACM1L,1.1900071,1.1333771
KBTBD8,1.1900071,1.1333771
DAGLB,1.1900071,1.1333771
IFFO1,1.1900071,1.1333771
PTPN1,1.1900071,1.1333771
LIMS2,1.1900071,1.1333771
GRAMD1C,1.1900071,1.1333771
MAPK7,1.1900071,1.1333771
TCTN3,1.1900071,1.1333771
KRT14,1.1900071,1.1333771
CCDC14,1.1900071,1.1333771
ITGAV,1.1900071,1.1333771
TYMP,1.1900071,1.1333771
NKX2-1,1.1900071,1.1333771
ZCCHC2,1.1900071,1.1333771
RNF157,1.1900071,1.1333771
SOX8,1.1900071,1.1333771
JPH4,1.1900071,1.1333771
ACTR10,1.1900071,1.1333771
IQCN,1.1900071,1.1333771
CAMKK2,1.1900071,1.1333771
HK1,1.1900071,1.1333771
CLN3,1.1900071,1.1333771
LIPC,1.1900071,1.1333771
PPP6R2,1.1900071,1.1333771
ANGPTL2,1.1900071,1.1333771
MSH3,1.1900071,1.1333771
XRCC5,1.1900071,1.1333771
ZMYM1,1.1900071,1.1333771
SIMC1,1.1900071,1.1333771
ARNT2,1.1900071,1.1333771
KRT83,1.1900071,1.1333771
GNA11,1.1900071,1.1333771
KRT12,1.1900071,1.1333771
PAOX,1.1900071,1.1333771
DPY19L1,1.1900071,1.1333771
IL6ST,1.1900071,1.1333771
RPS6KB1,1.1900071,1.1333771
WNT3,1.1900071,1.1333771
KRT10,1.1900071,1.1333771
ZNF780B,1.1900071,1.1333771
TSPEAR,1.1900071,1.1333771
RBM15B,1.1900071,1.1333771
LGI2,1.1900071,1.1333771
INTS10,1.1900071,1.1333771
GNL1,1.1900071,1.1333771
GAS2L2,1.1900071,1.1333771
PLAA,1.1900071,1.1333771
TBC1D15,1.1900071,1.1333771
COL2A1,1.1900071,1.1333771
PDLIM5,1.1900071,1.1333771
AGAP1,1.1900071,1.1333771
IDH2,1.1900071,1.1333771
PDHA1,1.1900071,1.1333771
KANSL2,1.1900071,1.1333771
MATR3,1.1900071,1.1333771
DBN1,1.1900071,1.1333771
LNX1,1.1900071,1.1333771
CRTAC1,1.1900071,1.1333771
SNX9,1.1900071,1.1333771
CHRNA1,1.1900071,1.1333771
TNRC18,1.1900071,1.1333771
DMGDH,1.1900071,1.1333771
SLC37A3,1.1900071,1.1333771
GNA13,1.1900071,1.1333771
CPSF3,1.1900071,1.1333771
SCARB1,1.1900071,1.1333771
ARMH3,1.1900071,1.1333771
GDF5,1.1900071,1.1333771
GPR155,1.1900071,1.1333771
VEPH1,1.1900071,1.1333771
POLA2,1.1900071,1.1333771
SEMA4C,1.1900071,1.1333771
KRT15,1.1900071,1.1333771
FDXR,1.1900071,1.1333771
HOXD3,1.1900071,1.1333771
ATP8A1,1.1900071,1.1333771
HGD,1.1900071,1.1333771
CPNE5,1.1900071,1.1333771
ISY1,1.1900071,1.1333771
APPL1,1.1900071,1.1333771
TUFM,1.1900071,1.1333771
CFP,1.1900071,1.1333771
RTKN2,1.1900071,1.1333771
SPATA31E1,1.1900071,1.1333771
PLRG1,1.1900071,1.1333771
TPTE2,1.1900071,1.1333771
P2RX2,1.1900071,1.1333771
PTCD1,1.1900071,1.1333771
PPP1R13L,1.1900071,1.1333771
ETF1,1.1900071,1.1333771
CASD1,1.1900071,1.1333771
DOLK,1.1900071,1.1333771
TAF5L,1.1900071,1.1333771
SIAE,1.1900071,1.1333771
KLHL30,1.1900071,1.1333771
SPIRE1,1.1900071,1.1333771
WDR33,1.1900071,1.1333771
ATE1,1.1900071,1.1333771
MAT1A,1.1900071,1.1333771
SLC7A9,1.1900071,1.1333771
RNF19A,1.1900071,1.1333771
LTF,1.1900071,1.1333771
SLC30A9,1.1900071,1.1333771
CLIP4,1.1900071,1.1333771
EIF3L,1.1900071,1.1333771
SLC22A4,1.1900071,1.1333771
CPNE2,1.1900071,1.1333771
PSMC1,1.1900071,1.1333771
DDX58,1.1900071,1.1333771
USP47,1.1900071,1.1333771
BICD2,1.1900071,1.1333771
ANKRD13B,1.1900071,1.1333771
ZNF227,1.1900071,1.1333771
RYK,1.1900071,1.1333771
FXR1,1.1900071,1.1333771
PCDH20,1.1900071,1.1333771
NT5C1B,1.1900071,1.1333771
SYNE3,1.1900071,1.1333771
CCT2,1.1900071,1.1333771
NEU1,1.1900071,1.1333771
GPT2,1.1900071,1.1333771
CPEB3,1.1900071,1.1333771
MOXD1,1.1900071,1.1333771
SELENOO,1.1900071,1.1333771
TPX2,1.1900071,1.1333771
PDZD2,1.1900071,1.1333771
ALG3,1.1900071,1.1333771
TMEM132D,1.1900071,1.1333771
PPP2R1B,1.1900071,1.1333771
DONSON,1.1900071,1.1333771
FNBP1L,1.1900071,1.1333771
ADD1,1.1900071,1.1333771
ANGEL2,1.1900071,1.1333771
ARHGEF12,1.1900071,1.1333771
TXK,1.1900071,1.1333771
SEC23A,1.1900071,1.1333771
RAB11FIP1,1.1900071,1.1333771
POMGNT2,1.1900071,1.1333771
SNX25,1.1900071,1.1333771
CYP11A1,1.1900071,1.1333771
GPATCH2L,1.1900071,1.1333771
PTGS2,1.1900071,1.1333771
NUGGC,1.1900071,1.1333771
PROX1,1.1900071,1.1333771
PAN3,1.1900071,1.1333771
SALL4,1.1900071,1.1333771
RAP1GAP,1.1900071,1.1333771
TMCO4,1.1900071,1.1333771
MAP7D1,1.1900071,1.1333771
ZNF197,1.1900071,1.1333771
MGAT1,1.1900071,1.1333771
SORT1,1.1900071,1.1333771
RBMX,1.1900071,1.1333771
ELMO3,1.1900071,1.1333771
SLC27A4,1.1900071,1.1333771
DSG2,1.1900071,1.1333771
SLC27A1,1.1900071,1.1333771
SH3RF1,1.1900071,1.1333771
GLDN,1.1900071,1.1333771
TGFB1I1,1.1900071,1.1333771
TNNT2,1.1900071,1.1333771
STK4,1.1900071,1.1333771
ARHGAP17,1.1900071,1.1333771
CYP2R1,1.1900071,1.1333771
FAM126B,1.1900071,1.1333771
LHX9,1.1900071,1.1333771
SLC12A6,1.1900071,1.1333771
SPIRE2,1.1900071,1.1333771
OSMR,1.1900071,1.1333771
MED17,1.1900071,1.1333771
F9,1.1900071,1.1333771
LARP4,1.1900071,1.1333771
DEF6,1.1900071,1.1333771
CCDC22,1.1900071,1.1333771
PAN2,1.1900071,1.1333771
KBTBD7,1.1900071,1.1333771
KIDINS220,1.1900071,1.1333771
DEF8,1.1900071,1.1333771
GANC,1.1900071,1.1333771
KDM4A,1.1900071,1.1333771
FIGNL1,1.1900071,1.1333771
TMEM151B,1.1900071,1.1333771
DDX1,1.1900071,1.1333771
HDAC3,1.1900071,1.1333771
DEPDC1,1.1900071,1.1333771
TMEM214,1.1900071,1.1333771
POLN,1.1900071,1.1333771
HOOK3,1.1900071,1.1333771
PCDHAC1,1.1900071,1.1333771
USP10,1.1900071,1.1333771
PHF19,1.1900071,1.1333771
AMPH,1.1900071,1.1333771
WDR46,1.1900071,1.1333771
TFAP2E,1.1900071,1.1333771
MEP1A,1.1900071,1.1333771
A1CF,1.1900071,1.1333771
SLC15A1,1.1900071,1.1333771
FLAD1,1.1900071,1.1333771
SETD3,1.1900071,1.1333771
IFFO2,1.1900071,1.1333771
RUVBL1,1.1900071,1.1333771
SPTY2D1,1.1900071,1.1333771
SMC1A,1.1900071,1.1333771
ZNF804B,1.1900071,1.1333771
OTUD7B,1.1900071,1.1333771
DCLRE1C,1.1900071,1.1333771
WDR75,1.1900071,1.1333771
EEF1D,1.1900071,1.1333771
TMEM132C,1.1900071,1.1333771
GNPAT,1.1900071,1.1333771
MICALL1,1.1900071,1.1333771
SYT16,1.1900071,1.1333771
DAZAP1,1.1900071,1.1333771
MYCBPAP,1.1900071,1.1333771
NRBP2,1.1900071,1.1333771
PPAN,1.1900071,1.1333771
TMEM245,1.1900071,1.1333771
PIDD1,1.1900071,1.1333771
DDX23,1.1900071,1.1333771
ARCN1,1.1900071,1.1333771
ROBO4,1.1900071,1.1333771
CLCA1,1.1900071,1.1333771
ESRP2,1.1900071,1.1333771
HHIPL2,1.1900071,1.1333771
CSF3R,1.1900071,1.1333771
GAREM1,1.1900071,1.1333771
LINGO1,1.1900071,1.1333771
EFHB,1.1900071,1.1333771
TUBGCP2,1.1900071,1.1333771
GMDS,1.1900071,1.1333771
MLLT6,1.1900071,1.1333771
GALNT1,1.1900071,1.1333771
FEM1A,1.1900071,1.1333771
ZFC3H1,1.1900071,1.1333771
ANKRD6,1.1900071,1.1333771
GRK3,1.1900071,1.1333771
GRHL1,1.1900071,1.1333771
GRHL2,1.1900071,1.1333771
FHDC1,1.1900071,1.1333771
SRPK1,1.1900071,1.1333771
EZH2,1.1900071,1.1333771
SCFD1,1.1900071,1.1333771
PAPLN,1.1900071,1.1333771
SPAG16,1.1900071,1.1333771
DNAJC11,1.1900071,1.1333771
NUMBL,1.1900071,1.1333771
PELP1,1.1900071,1.1333771
PCDHGB4,1.1900071,1.1333771
WEE1,1.1900071,1.1333771
CDK17,1.1900071,1.1333771
ADSSL1,1.1900071,1.1333771
GABRA5,1.1900071,1.1333771
MCMBP,1.1900071,1.1333771
OBSL1,1.1900071,1.1333771
CHRNB1,1.1900071,1.1333771
ZFP28,1.1900071,1.1333771
EXO1,1.1900071,1.1333771
ATP10D,1.1900071,1.1333771
HHIPL1,1.1900071,1.1333771
NCL,1.1900071,1.1333771
RAI14,1.1900071,1.1333771
THNSL1,1.1900071,1.1333771
TRIP10,1.1900071,1.1333771
SGIP1,1.1900071,1.1333771
SAFB,1.1900071,1.1333771
SAFB2,1.1900071,1.1333771
ALDOA,1.1900071,1.1333771
IRF6,1.1900071,1.1333771
SH3BP2,1.1900071,1.1333771
PTPRD,1.1900071,1.1333771
KLHL15,1.1900071,1.1333771
ADGRE2,1.1900071,1.1333771
KIAA1755,1.1900071,1.1333771
PTPRT,1.1900071,1.1333771
TIMM44,1.1900071,1.1333771
CRISPLD2,1.1900071,1.1333771
ARMC3,1.1900071,1.1333771
RUVBL2,1.1900071,1.1333771
TMEM87A,1.1900071,1.1333771
ARPP21,1.1900071,1.1333771
ARHGEF15,1.1900071,1.1333771
SAMD4B,1.1900071,1.1333771
AIRE,1.1900071,1.1333771
MYB,1.1900071,1.1333771
PGM5,1.1900071,1.1333771
LIPG,1.1900071,1.1333771
KRT1,1.1900071,1.1333771
CSNK1G1,1.1900071,1.1333771
PKD2L2,1.1900071,1.1333771
ZNF827,1.1900071,1.1333771
LRRC41,1.1900071,1.1333771
ZNF532,1.1900071,1.1333771
CHRNA3,1.1900071,1.1333771
AXDND1,1.1900071,1.1333771
ANKLE1,1.1900071,1.1333771
CASC3,1.1900071,1.1333771
IGSF10,1.1900071,1.1333771
ZNF445,1.1900071,1.1333771
FGD3,1.1900071,1.1333771
COQ8A,1.1900071,1.1333771
KBTBD12,1.1900071,1.1333771
PRKCSH,1.1900071,1.1333771
FOCAD,1.1900071,1.1333771
INTS3,1.1900071,1.1333771
ESPNL,1.1900071,1.1333771
NOX1,1.1900071,1.1333771
DUOX1,1.1900071,1.1333771
TDRD7,1.1900071,1.1333771
NLRP14,1.1900071,1.1333771
SETD1B,1.1900071,1.1333771
WDR24,1.1900071,1.1333771
TM9SF2,1.1900071,1.1333771
TAF3,1.1900071,1.1333771
LMF2,1.1900071,1.1333771
MAP2K2,1.1900071,1.1333771
NGEF,1.1900071,1.1333771
MN1,1.1900071,1.1333771
CYP4F22,1.1900071,1.1333771
RAPSN,1.1900071,1.1333771
TGM5,1.1900071,1.1333771
NELFB,1.1900071,1.1333771
LGR4,1.1900071,1.1333771
SOGA3,1.1900071,1.1333771
CPSF6,1.1900071,1.1333771
WWOX,1.1900071,1.1333771
RXRA,1.1900071,1.1333771
RBPJL,1.1900071,1.1333771
EPS8,1.1900071,1.1333771
PSD2,1.1900071,1.1333771
SH3TC1,1.1900071,1.1333771
WIZ,1.1900071,1.1333771
CEBPZ,1.1900071,1.1333771
OAT,1.1900071,1.1333771
ARHGEF10,1.1900071,1.1333771
CCDC80,1.1900071,1.1333771
UROD,1.1900071,1.1333771
NOTUM,1.1900071,1.1333771
TPH1,1.1900071,1.1333771
NCKIPSD,1.1900071,1.1333771
ANKLE2,1.1900071,1.1333771
KCNV1,1.1900071,1.1333771
TAF1C,1.1900071,1.1333771
NLRP6,1.1900071,1.1333771
AIFM3,1.1900071,1.1333771
SFSWAP,1.1900071,1.1333771
FAM160B1,1.1900071,1.1333771
ACTC1,1.1900071,1.1333771
TBC1D14,1.1900071,1.1333771
OLFM2,1.1900071,1.1333771
TKTL1,1.1900071,1.1333771
SLC4A2,1.1900071,1.1333771
TXLNB,1.1900071,1.1333771
PCDHA3,1.1900071,1.1333771
SLCO2A1,1.1900071,1.1333771
ZNF341,1.1900071,1.1333771
CERS2,1.1900071,1.1333771
NEXN,1.1900071,1.1333771
IRX6,1.1900071,1.1333771
RBM12B,1.1900071,1.1333771
LRCH2,1.1900071,1.1333771
KLHL24,1.1900071,1.1333771
CYP27A1,1.1900071,1.1333771
CPEB4,1.1900071,1.1333771
MED16,1.1900071,1.1333771
G2E3,1.1900071,1.1333771
MITF,1.1900071,1.1333771
AK5,1.1900071,1.1333771
WNT3A,1.1900071,1.1333771
ZNF432,1.1900071,1.1333771
THAP4,1.1900071,1.1333771
NR1H4,1.1900071,1.1333771
DPY19L4,1.1900071,1.1333771
SLC44A4,1.1900071,1.1333771
RGL2,1.1900071,1.1333771
SLF2,1.1900071,1.1333771
ZFYVE28,1.1900071,1.1333771
TUBA1B,1.1900071,1.1333771
PGGHG,1.1900071,1.1333771
FIGN,1.1900071,1.1333771
ARHGAP4,1.1900071,1.1333771
SLC34A2,1.1900071,1.1333771
NPNT,1.1900071,1.1333771
TAB2,1.1900071,1.1333771
HARS,1.1900071,1.1333771
NR1D2,1.1900071,1.1333771
LUZP1,1.1900071,1.1333771
C8A,1.1900071,1.1333771
ZBED9,1.1900071,1.1333771
ACTG2,1.1900071,1.1333771
PGBD3,1.1900071,1.1333771
RIN3,1.1900071,1.1333771
SLC7A4,1.1900071,1.1333771
AGAP2,1.1900071,1.1333771
ATP5F1B,1.1900071,1.1333771
PDXDC1,1.1900071,1.1333771
CORIN,1.1900071,1.1333771
USP42,1.1900071,1.1333771
HGS,1.1900071,1.1333771
SNRNP70,1.1900071,1.1333771
XPO1,1.1900071,1.1333771
RASGRP4,1.1900071,1.1333771
RABEP1,1.1900071,1.1333771
F7,1.1900071,1.1333771
PHTF2,1.1900071,1.1333771
KCNJ8,1.1900071,1.1333771
PHLDB3,1.1900071,1.1333771
ARMC5,1.1900071,1.1333771
SP110,1.1900071,1.1333771
ASIC2,1.1900071,1.1333771
ARX,1.1900071,1.1333771
CCHCR1,1.1900071,1.1333771
MAP7,1.1900071,1.1333771
PRMT5,1.1900071,1.1333771
GABRG3,1.1900071,1.1333771
ZNF507,1.1900071,1.1333771
TM9SF3,1.1900071,1.1333771
PPARA,1.1900071,1.1333771
SCAPER,1.1900071,1.1333771
CCDC30,1.1900071,1.1333771
SLC7A3,1.1900071,1.1333771
DNAJC7,1.1900071,1.1333771
RABGGTA,1.1900071,1.1333771
WNT6,1.1900071,1.1333771
PCSK9,1.1900071,1.1333771
FAM20A,1.1900071,1.1333771
WNT10B,1.1900071,1.1333771
XPO5,1.1900071,1.1333771
KCNJ14,1.1900071,1.1333771
PADI2,1.1900071,1.1333771
SLITRK3,1.1900071,1.1333771
SPRED1,1.1900071,1.1333771
AP4B1,1.1900071,1.1333771
ARHGAP11A,1.1900071,1.1333771
PPARGC1B,1.1900071,1.1333771
PTPDC1,1.1900071,1.1333771
ARID1A,1.1900071,1.1333771
IFT81,1.1900071,1.1333771
GCKR,1.1900071,1.1333771
RGL1,1.1900071,1.1333771
RFWD3,1.1900071,1.1333771
UTP25,1.1900071,1.1333771
JADE1,1.1900071,1.1333771
CHDH,1.1900071,1.1333771
CCDC191,1.1900071,1.1333771
BRAT1,1.1900071,1.1333771
CAMK2B,1.1900071,1.1333771
EPB42,1.1900071,1.1333771
COL8A1,1.1900071,1.1333771
PIWIL3,1.1900071,1.1333771
SLC3A2,1.1900071,1.1333771
EVI5,1.1900071,1.1333771
ABCG8,1.1900071,1.1333771
HDC,1.1900071,1.1333771
COL4A4,1.1900071,1.1333771
EVX1,1.1900071,1.1333771
SYNPO2L,1.1900071,1.1333771
MFSD2A,1.1900071,1.1333771
ZRSR2,1.1900071,1.1333771
ATG16L1,1.1900071,1.1333771
VPS11,1.1900071,1.1333771
CEP95,1.1900071,1.1333771
HTR3A,1.1900071,1.1333771
PDCD6IP,1.1900071,1.1333771
ZNF280D,1.1900071,1.1333771
NOL8,1.1900071,1.1333771
XKR4,1.1900071,1.1333771
ASB2,1.1900071,1.1333771
INO80D,1.1900071,1.1333771
PRKN,1.1900071,1.1333771
ACOXL,1.1900071,1.1333771
TESK2,1.1900071,1.1333771
ATL1,1.1900071,1.1333771
ANKS6,1.1900071,1.1333771
ZSCAN20,1.1900071,1.1333771
PDE1A,1.1900071,1.1333771
HOOK2,1.1900071,1.1333771
SYNJ2,1.1900071,1.1333771
NOC3L,1.1900071,1.1333771
FKBP9,1.1900071,1.1333771
CDH11,1.1900071,1.1333771
WASL,1.1900071,1.1333771
GNS,1.1900071,1.1333771
HEATR4,1.1900071,1.1333771
ARHGAP19-SLIT1,1.1900071,1.1333771
SEMA6B,1.1900071,1.1333771
SEPSECS,1.1900071,1.1333771
MPP3,1.1900071,1.1333771
ISYNA1,1.1900071,1.1333771
KLHL13,1.1900071,1.1333771
MELTF,1.1900071,1.1333771
BUB1,1.1900071,1.1333771
MCF2,1.1900071,1.1333771
UFL1,1.1900071,1.1333771
PIGT,1.1900071,1.1333771
ARHGEF17,1.1900071,1.1333771
BRINP1,1.1900071,1.1333771
FRMD3,1.1900071,1.1333771
PPFIA1,1.1900071,1.1333771
FECH,1.1900071,1.1333771
FAM171A1,1.1900071,1.1333771
DAG1,1.1900071,1.1333771
SLC9C2,1.1900071,1.1333771
MIGA2,1.1900071,1.1333771
HEXB,1.1900071,1.1333771
FAH,1.1900071,1.1333771
WNT5B,1.1900071,1.1333771
RALGPS1,1.1900071,1.1333771
GRIK5,1.1900071,1.1333771
RPL4,1.1900071,1.1333771
GALNT4,1.1900071,1.1333771
PAFAH1B1,1.1900071,1.1333771
EPAS1,1.1900071,1.1333771
KCNG4,1.1900071,1.1333771
POU2F2,1.1900071,1.1333771
MMP2,1.1900071,1.1333771
ZMYND15,1.1900071,1.1333771
TUBA8,1.1900071,1.1333771
STK31,1.1900071,1.1333771
NR5A1,1.1900071,1.1333771
LMLN,1.1900071,1.1333771
DDX24,1.1900071,1.1333771
EMILIN1,1.1900071,1.1333771
ZNF14,1.1900071,1.1333771
EVI5L,1.1900071,1.1333771
FRK,1.1900071,1.1333771
EPS8L1,1.1900071,1.1333771
IDS,1.1900071,1.1333771
DDHD2,1.1900071,1.1333771
ALDH18A1,1.1900071,1.1333771
KLHL9,1.1900071,1.1333771
LHX6,1.1900071,1.1333771
ADGRF5,1.1900071,1.1333771
MAP3K4,1.1900071,1.1333771
DLL3,1.1900071,1.1333771
ZNF709,1.1900071,1.1333771
RADIL,1.1900071,1.1333771
SOAT2,1.1900071,1.1333771
SETMAR,1.1900071,1.1333771
HBP1,1.1900071,1.1333771
CCDC39,1.1900071,1.1333771
FGGY,1.1900071,1.1333771
TULP2,1.1900071,1.1333771
SLU7,1.1900071,1.1333771
SYNPO,1.1900071,1.1333771
SSH3,1.1900071,1.1333771
NPHP1,1.1900071,1.1333771
SEZ6L2,1.1900071,1.1333771
UBTF,1.1900071,1.1333771
E2F8,1.1900071,1.1333771
SEPT5,1.1900071,1.1333771
CCDC142,1.1900071,1.1333771
ANKRD50,1.1900071,1.1333771
HS6ST2,1.1900071,1.1333771
ZBTB38,1.1900071,1.1333771
STRBP,1.1900071,1.1333771
SENP1,1.1900071,1.1333771
AP5Z1,1.1900071,1.1333771
PLXNB1,1.1900071,1.1333771
ZNF512B,1.1900071,1.1333771
DDB1,1.1900071,1.1333771
WASHC5,1.1900071,1.1333771
TMEM132B,1.1900071,1.1333771
TWNK,1.1900071,1.1333771
WDR44,1.1900071,1.1333771
AMOTL2,1.1900071,1.1333771
ENOX1,1.1900071,1.1333771
TP53,1.1900071,1.1333771
CHPF,1.1900071,1.1333771
NLN,1.1900071,1.1333771
VPS4B,1.1900071,1.1333771
ACSF2,1.1900071,1.1333771
KCNA4,1.1900071,1.1333771
CTTN,1.1900071,1.1333771
AHCY,1.1900071,1.1333771
RGS6,1.1900071,1.1333771
PCDHGB2,1.1900071,1.1333771
CACNB3,1.1900071,1.1333771
VTN,1.1900071,1.1333771
PER3,1.1900071,1.1333771
ITGB7,1.1900071,1.1333771
PLCD3,1.1900071,1.1333771
MAP7D2,1.1900071,1.1333771
KLHL31,1.1900071,1.1333771
DCBLD2,1.1900071,1.1333771
PIK3R2,1.1900071,1.1333771
TUBB1,1.1900071,1.1333771
ACSS3,1.1900071,1.1333771
RUFY2,1.1900071,1.1333771
DSE,1.1900071,1.1333771
SF3A1,1.1900071,1.1333771
RXRG,1.1900071,1.1333771
ANAPC5,1.1900071,1.1333771
ALPP,1.1900071,1.1333771
KLHL11,1.1900071,1.1333771
GLI1,1.1900071,1.1333771
TUBB4B,1.1900071,1.1333771
RINT1,1.1900071,1.1333771
ERMP1,1.1900071,1.1333771
ITGBL1,1.1900071,1.1333771
GSE1,1.1900071,1.1333771
SLCO5A1,1.1900071,1.1333771
ZFR2,1.1900071,1.1333771
ZNF337,1.1900071,1.1333771
GRK6,1.1900071,1.1333771
KAT7,1.1900071,1.1333771
FGFR3,1.1900071,1.1333771
APBA1,1.1900071,1.1333771
SFMBT1,1.1900071,1.1333771
SELP,1.1900071,1.1333771
CNTROB,1.1900071,1.1333771
RSBN1L,1.1900071,1.1333771
SKIV2L,1.1900071,1.1333771
LGI3,1.1900071,1.1333771
KLC4,1.1900071,1.1333771
MIPEP,1.1900071,1.1333771
LNPEP,1.1900071,1.1333771
FGR,1.1900071,1.1333771
DLGAP5,1.1900071,1.1333771
GNA12,1.1900071,1.1333771
PNKD,1.1900071,1.1333771
NAGLU,1.1900071,1.1333771
USP2,1.1900071,1.1333771
TPM3,1.1900071,1.1333771
RGL3,1.1900071,1.1333771
ARHGAP24,1.1900071,1.1333771
MOCOS,1.1900071,1.1333771
ANKFY1,1.1900071,1.1333771
ARHGAP32,1.1900071,1.1333771
TRIP4,1.1900071,1.1333771
NLRP2,1.1900071,1.1333771
PLK4,1.1900071,1.1333771
TAB3,1.1900071,1.1333771
NAGS,1.1900071,1.1333771
ASH2L,1.1900071,1.1333771
RPS6KC1,1.1900071,1.1333771
HTRA1,1.1900071,1.1333771
PLA2G15,1.1900071,1.1333771
LRSAM1,1.1900071,1.1333771
ADGRE1,1.1900071,1.1333771
ABCG4,1.1900071,1.1333771
EVC,1.1900071,1.1333771
BMPR1B,1.1900071,1.1333771
KLC3,1.1900071,1.1333771
PFKFB4,1.1900071,1.1333771
KLKB1,1.1900071,1.1333771
MMP9,1.1900071,1.1333771
LIPE,1.1900071,1.1333771
ADGRD1,1.1900071,1.1333771
RCBTB2,1.1900071,1.1333771
PRKAR1A,1.1900071,1.1333771
ARHGEF3,1.1900071,1.1333771
MPP4,1.1900071,1.1333771
PCDHGA3,1.1900071,1.1333771
PRX,1.1900071,1.1333771
RUFY3,1.1900071,1.1333771
PABPC1,1.1900071,1.1333771
KLHL22,1.1900071,1.1333771
ARHGAP10,1.1900071,1.1333771
SUPT20H,1.1900071,1.1333771
BSCL2,1.1900071,1.1333771
OSBPL10,1.1900071,1.1333771
UBN1,1.1900071,1.1333771
PCDHGC5,1.1900071,1.1333771
CALD1,1.1900071,1.1333771
MYSM1,1.1900071,1.1333771
COL4A2,1.1900071,1.1333771
PRC1,1.1900071,1.1333771
ACTA2,1.1900071,1.1333771
NOD1,1.1900071,1.1333771
PRPF4,1.1900071,1.1333771
RPTN,1.1900071,1.1333771
GRN,1.1900071,1.1333771
ANAPC1,1.1900071,1.1333771
PES1,1.1900071,1.1333771
TBC1D2B,1.1900071,1.1333771
SLC38A10,1.1900071,1.1333771
SH3PXD2B,1.1900071,1.1333771
TBC1D12,1.1900071,1.1333771
RUNX3,1.1900071,1.1333771
SUN2,1.1900071,1.1333771
ITPRID2,1.1900071,1.1333771
MBTD1,1.1900071,1.1333771
SF3A3,1.1900071,1.1333771
COG3,1.1900071,1.1333771
STOX2,1.1900071,1.1333771
COQ8B,1.1900071,1.1333771
KATNB1,1.1900071,1.1333771
PORCN,1.1900071,1.1333771
FOXRED1,1.1900071,1.1333771
SLC6A15,1.1900071,1.1333771
OAS3,1.1900071,1.1333771
POLR3E,1.1900071,1.1333771
DNAJC16,1.1900071,1.1333771
CCNF,1.1900071,1.1333771
LRCH1,1.1900071,1.1333771
TBC1D5,1.1900071,1.1333771
IRF5,1.1900071,1.1333771
SLC11A2,1.1900071,1.1333771
WBSCR16,1.1900071,1.1333771
MEP1B,1.1900071,1.1333771
SPATA31D1,1.1900071,1.1333771
SYDE2,1.1900071,1.1333771
CYBB,1.1900071,1.1333771
IVD,1.1900071,1.1333771
WSCD1,1.1900071,1.1333771
GLS2,1.1900071,1.1333771
RASEF,1.1900071,1.1333771
WNT1,1.1900071,1.1333771
EXT2,1.1900071,1.1333771
ZBTB41,1.1900071,1.1333771
TUBA4A,1.1900071,1.1333771
MAP3K7,1.1900071,1.1333771
SLC5A8,1.1900071,1.1333771
CCT4,1.1900071,1.1333771
FKBP10,1.1900071,1.1333771
STIL,1.1900071,1.1333771
TELO2,1.1900071,1.1333771
CPED1,1.1900071,1.1333771
KLHL6,1.1900071,1.1333771
RFT1,1.1900071,1.1333771
FRMD6,1.1900071,1.1333771
CREB3L3,1.1900071,1.1333771
MOCS1,1.1900071,1.1333771
HDAC9,1.1900071,1.1333771
PKP2,1.1900071,1.1333771
SMO,1.1900071,1.1333771
MYOCD,1.1900071,1.1333771
D2HGDH,1.1900071,1.1333771
RPS6KA5,1.1900071,1.1333771
ADAMTS19,1.1900071,1.1333771
TRIM36,1.1900071,1.1333771
UBASH3B,1.1900071,1.1333771
NR4A1,1.1900071,1.1333771
SRP72,1.1900071,1.1333771
ZMIZ2,1.1900071,1.1333771
SUOX,1.1900071,1.1333771
FSTL5,1.1900071,1.1333771
TPTE,1.1900071,1.1333771
CHST3,1.1900071,1.1333771
ALG13,1.1900071,1.1333771
SPTLC1,1.1900071,1.1333771
DNAAF5,1.1900071,1.1333771
ACVR1,1.1900071,1.1333771
SLC2A1,1.1900071,1.1333771
LEF1,1.1900071,1.1333771
TTC7A,1.1900071,1.1333771
NPEPPS,1.1900071,1.1333771
CCDC93,1.1900071,1.1333771
GTPBP4,1.1900071,1.1333771
WDR70,1.1900071,1.1333771
GRAMD1A,1.1900071,1.1333771
CLIP3,1.1900071,1.1333771
SLC43A2,1.1900071,1.1333771
KIF14,1.1900071,1.1333771
KCNA1,1.1900071,1.1333771
ARSK,1.1900071,1.1333771
JCAD,1.1900071,1.1333771
ACVR1C,1.1900071,1.1333771
CAPN6,1.1900071,1.1333771
ZRANB1,1.1900071,1.1333771
FAM13B,1.1900071,1.1333771
L3MBTL2,1.1900071,1.1333771
LSG1,1.1900071,1.1333771
RPA1,1.1900071,1.1333771
TLE1,1.1900071,1.1333771
RNGTT,1.1900071,1.1333771
MTRR,1.1900071,1.1333771
WDR91,1.1900071,1.1333771
SLCO2B1,1.1900071,1.1333771
PDZRN3,1.1900071,1.1333771
ATP7A,1.1900071,1.1333771
XRCC1,1.1900071,1.1333771
WNT5A,1.1900071,1.1333771
FMNL2,1.1900071,1.1333771
DDX10,1.1900071,1.1333771
PSEN2,1.1900071,1.1333771
GOLGA4,1.1900071,1.1333771
SELENON,1.1900071,1.1333771
ABCB7,1.1900071,1.1333771
PDE2A,1.1900071,1.1333771
VPS51,1.1900071,1.1333771
GALNT6,1.1900071,1.1333771
SLC2A13,1.1900071,1.1333771
SEMA4B,1.1900071,1.1333771
UBA1,1.1900071,1.1333771
CDH15,1.1900071,1.1333771
KIF12,1.1900071,1.1333771
SLC25A23,1.1900071,1.1333771
EFHC1,1.1900071,1.1333771
PACS2,1.1900071,1.1333771
DLGAP3,1.1900071,1.1333771
KCNJ9,1.1900071,1.1333771
KIAA0319L,1.1900071,1.1333771
GABRR1,1.1900071,1.1333771
RFX2,1.1900071,1.1333771
AMDHD2,1.1900071,1.1333771
KCNK4,1.1900071,1.1333771
RARS,1.1900071,1.1333771
TRPM8,1.1900071,1.1333771
SLC14A2,1.1900071,1.1333771
PCDHGA2,1.1900071,1.1333771
COL5A3,1.1900071,1.1333771
GMPPA,1.1900071,1.1333771
CDH9,1.1900071,1.1333771
GOLIM4,1.1900071,1.1333771
ZKSCAN2,1.1900071,1.1333771
LGR6,1.1900071,1.1333771
SLC2A4,1.1900071,1.1333771
NOC2L,1.1900071,1.1333771
HCN1,1.1900071,1.1333771
GSN,1.1900071,1.1333771
IKBKE,1.1900071,1.1333771
AKAP12,1.1900071,1.1333771
SHMT2,1.1900071,1.1333771
GOLGA2,1.1900071,1.1333771
SART1,1.1900071,1.1333771
ANO3,1.1900071,1.1333771
PGR,1.1900071,1.1333771
ARSJ,1.1900071,1.1333771
TGFBR1,1.1900071,1.1333771
LGI4,1.1900071,1.1333771
TSHR,1.1900071,1.1333771
STOML2,1.1900071,1.1333771
LIG4,1.1900071,1.1333771
TMTC4,1.1900071,1.1333771
ENGASE,1.1900071,1.1333771
MCM10,1.1900071,1.1333771
ANGEL1,1.1900071,1.1333771
BAHD1,1.1900071,1.1333771
TYR,1.1900071,1.1333771
ICA1,1.1900071,1.1333771
RASGRP1,1.1900071,1.1333771
YES1,1.1900071,1.1333771
SLC5A7,1.1900071,1.1333771
G6PD,1.1900071,1.1333771
USP44,1.1900071,1.1333771
GPRASP1,1.1900071,1.1333771
TXNRD2,1.1900071,1.1333771
WDR86,1.1900071,1.1333771
FOXP4,1.1900071,1.1333771
TRMT1,1.1900071,1.1333771
IFIH1,1.1900071,1.1333771
RUNX1,1.1900071,1.1333771
PCDH18,1.1900071,1.1333771
MATK,1.1900071,1.1333771
PALD1,1.1900071,1.1333771
SPIDR,1.1900071,1.1333771
DIXDC1,1.1900071,1.1333771
AIFM1,1.1900071,1.1333771
SCAI,1.1900071,1.1333771
ALG8,1.1900071,1.1333771
IL16,1.1900071,1.1333771
LONRF1,1.1900071,1.1333771
FCHSD1,1.1900071,1.1333771
COBL,1.1900071,1.1333771
INTS5,1.1900071,1.1333771
SIX4,1.1900071,1.1333771
TDRD12,1.1900071,1.1333771
ERAP1,1.1900071,1.1333771
SLC26A11,1.1900071,1.1333771
SMARCA1,1.1900071,1.1333771
ACOT11,1.1900071,1.1333771
WDR49,1.1900071,1.1333771
SCARF2,1.1900071,1.1333771
ACSS1,1.1900071,1.1333771
ST7,1.1900071,1.1333771
ACAA1,1.1900071,1.1333771
ADAM17,1.1900071,1.1333771
VANGL1,1.1900071,1.1333771
USP6NL,1.1900071,1.1333771
DAGLA,1.1900071,1.1333771
SNX14,1.1900071,1.1333771
SMAD9,1.1900071,1.1333771
ZNF418,1.1900071,1.1333771
DQX1,1.1900071,1.1333771
FCHSD2,1.1900071,1.1333771
SOX13,1.1900071,1.1333771
SAP130,1.1900071,1.1333771
NBR1,1.1900071,1.1333771
ACADS,1.1900071,1.1333771
MCM7,1.1900071,1.1333771
SLC44A2,1.1900071,1.1333771
GLS,1.1900071,1.1333771
SNCAIP,1.1900071,1.1333771
STON1-GTF2A1L,1.1900071,1.1333771
PML,1.1900071,1.1333771
TUBA1C,1.1900071,1.1333771
SDAD1,1.1900071,1.1333771
BMP1,1.1900071,1.1333771
NPAS3,1.1900071,1.1333771
HELQ,1.1900071,1.1333771
TCF7,1.1900071,1.1333771
IRF8,1.1900071,1.1333771
SPTLC3,1.1900071,1.1333771
DNAI2,1.1900071,1.1333771
BCAR3,1.1900071,1.1333771
IHH,1.1900071,1.1333771
FRMD8,1.1900071,1.1333771
SLC22A5,1.1900071,1.1333771
FARSA,1.1900071,1.1333771
FZD9,1.1900071,1.1333771
EFEMP2,1.1900071,1.1333771
NLGN4X,1.1900071,1.1333771
GEMIN5,1.1900071,1.1333771
AACS,1.1900071,1.1333771
NCAPG2,1.1900071,1.1333771
SIPA1L3,1.1900071,1.1333771
NTNG2,1.1900071,1.1333771
PHC3,1.1900071,1.1333771
SLC19A1,1.1900071,1.1333771
ENTPD7,1.1900071,1.1333771
PCDHGB1,1.1900071,1.1333771
P3H2,1.1900071,1.1333771
POU2F1,1.1900071,1.1333771
ALPK1,1.1900071,1.1333771
SUGP2,1.1900071,1.1333771
GLE1,1.1900071,1.1333771
ARHGAP12,1.1900071,1.1333771
KANSL1L,1.1900071,1.1333771
AGBL3,1.1900071,1.1333771
MAN2C1,1.1900071,1.1333771
IQCH,1.1900071,1.1333771
RPRD2,1.1900071,1.1333771
ARMC8,1.1900071,1.1333771
TINAGL1,1.1900071,1.1333771
SLC12A7,1.1900071,1.1333771
PCDHA11,1.1900071,1.1333771
HIF1A,1.1900071,1.1333771
TDRD1,1.1900071,1.1333771
ZBTB10,1.1900071,1.1333771
PCDH9,1.1900071,1.1333771
SNX27,1.1900071,1.1333771
CATSPERG,1.1900071,1.1333771
TM7SF2,1.1900071,1.1333771
CERCAM,1.1900071,1.1333771
METTL13,1.1900071,1.1333771
SYNRG,1.1900071,1.1333771
MYRIP,1.1900071,1.1333771
NFS1,1.1900071,1.1333771
SPAG5,1.1900071,1.1333771
SNW1,1.1900071,1.1333771
DPF3,1.1900071,1.1333771
SLC26A10,1.1900071,1.1333771
TTLL6,1.1900071,1.1333771
HEXDC,1.1900071,1.1333771
MCM9,1.1900071,1.1333771
SMARCB1,1.1900071,1.1333771
CHST6,1.1900071,1.1333771
PHF20,1.1900071,1.1333771
CFAP58,1.1900071,1.1333771
UXS1,1.1900071,1.1333771
SLC40A1,1.1900071,1.1333771
PGM1,1.1900071,1.1333771
APBB2,1.1900071,1.1333771
VWA2,1.1900071,1.1333771
CSK,1.1900071,1.1333771
RARB,1.1900071,1.1333771
CCDC136,1.1900071,1.1333771
ARSE,1.1900071,1.1333771
MFAP1,1.1900071,1.1333771
CHRNB2,1.1900071,1.1333771
EEF2K,1.1900071,1.1333771
MARK4,1.1900071,1.1333771
ESPN,1.1900071,1.1333771
COG1,1.1900071,1.1333771
CPSF1,1.1900071,1.1333771
ADAMTS16,1.1900071,1.1333771
IMPG2,1.1900071,1.1333771
USP31,1.1900071,1.1333771
VIPAS39,1.1900071,1.1333771
TSR1,1.1900071,1.1333771
WT1,1.1900071,1.1333771
ARSD,1.1900071,1.1333771
BBS7,1.1900071,1.1333771
GNL2,1.1900071,1.1333771
NTN4,1.1900071,1.1333771
DENND4A,1.1900071,1.1333771
NSUN2,1.1900071,1.1333771
HADHB,1.1900071,1.1333771
STXBP3,1.1900071,1.1333771
POLL,1.1900071,1.1333771
SEC63,1.1900071,1.1333771
PCDHAC2,1.1900071,1.1333771
PFKFB1,1.1900071,1.1333771
SLC5A3,1.1900071,1.1333771
ACSL3,1.1900071,1.1333771
ADGRF3,1.1900071,1.1333771
USP37,1.1900071,1.1333771
STIM1,1.1900071,1.1333771
PPP2R3A,1.1900071,1.1333771
NRG2,1.1900071,1.1333771
KRT4,1.1900071,1.1333771
GTPBP2,1.1900071,1.1333771
TBCK,1.1900071,1.1333771
OSBPL9,1.1900071,1.1333771
PMFBP1,1.1900071,1.1333771
WNT10A,1.1900071,1.1333771
FH,1.1900071,1.1333771
TLE2,1.1900071,1.1333771
HAS3,1.1900071,1.1333771
BMPER,1.1900071,1.1333771
BNC2,1.1900071,1.1333771
GALNT16,1.1900071,1.1333771
HERC6,1.1900071,1.1333771
CFAP54,1.1900071,1.1333771
PKP3,1.1900071,1.1333771
SECISBP2,1.1900071,1.1333771
PPOX,1.1900071,1.1333771
FAM120B,1.1900071,1.1333771
KCNT2,1.1900071,1.1333771
TTI1,1.1900071,1.1333771
LDB3,1.1900071,1.1333771
FGD2,1.1900071,1.1333771
MCC,1.1900071,1.1333771
TFR2,1.1900071,1.1333771
OTUD4,1.1900071,1.1333771
ACTR2,1.1900071,1.1333771
VPS54,1.1900071,1.1333771
ESRP1,1.1900071,1.1333771
TBX15,1.1900071,1.1333771
KCNG1,1.1900071,1.1333771
HMBOX1,1.1900071,1.1333771
PIF1,1.1900071,1.1333771
PNISR,1.1900071,1.1333771
MCM5,1.1900071,1.1333771
TMEM63B,1.1900071,1.1333771
HCFC2,1.1900071,1.1333771
RPE65,1.1900071,1.1333771
MICAL3,1.1900071,1.1333771
KIAA0586,1.1900071,1.1333771
ARHGEF19,1.1900071,1.1333771
EHD4,1.1900071,1.1333771
KLHL7,1.1900071,1.1333771
PLAT,1.1900071,1.1333771
SLC4A4,1.1900071,1.1333771
R3HDM1,1.1900071,1.1333771
SCARF1,1.1900071,1.1333771
LHCGR,1.1900071,1.1333771
PRICKLE3,1.1900071,1.1333771
AOX1,1.1900071,1.1333771
KIF3A,1.1900071,1.1333771
ARSF,1.1900071,1.1333771
RECQL4,1.1900071,1.1333771
GALNTL6,1.1900071,1.1333771
ZNF268,1.1900071,1.1333771
ESR2,1.1900071,1.1333771
MAP4K2,1.1900071,1.1333771
WNT2B,1.1900071,1.1333771
SRRT,1.1900071,1.1333771
ESR1,1.1900071,1.1333771
OXCT1,1.1900071,1.1333771
LPCAT1,1.1900071,1.1333771
ABHD16A,1.1900071,1.1333771
HLCS,1.1900071,1.1333771
NPLOC4,1.1900071,1.1333771
KCNA5,1.1900071,1.1333771
BCO2,1.1900071,1.1333771
NOS2,1.1900071,1.1333771
RARG,1.1900071,1.1333771
WDR72,1.1900071,1.1333771
FGA,1.1900071,1.1333771
HSPH1,1.1900071,1.1333771
FAM120A,1.1900071,1.1333771
NDOR1,1.1900071,1.1333771
DPP10,1.1900071,1.1333771
MICALL2,1.1900071,1.1333771
CAMTA2,1.1900071,1.1333771
LRBA,1.1900071,1.1333771
LPCAT4,1.1900071,1.1333771
CLCN1,1.1900071,1.1333771
CPAMD8,1.1900071,1.1333771
ITIH2,1.1900071,1.1333771
LHX5,1.1900071,1.1333771
RANBP6,1.1900071,1.1333771
AAK1,1.1900071,1.1333771
DDX21,1.1900071,1.1333771
KAT2A,1.1900071,1.1333771
INTS8,1.1900071,1.1333771
PCLO,1.1900071,1.1333771
KCNG2,1.1900071,1.1333771
PPP1R21,1.1900071,1.1333771
SEMA3E,1.1900071,1.1333771
PHEX,1.1900071,1.1333771
CARS,1.1900071,1.1333771
SLC25A25,1.1900071,1.1333771
ITIH4,1.1900071,1.1333771
ESRRG,1.1900071,1.1333771
CP,1.1900071,1.1333771
AMER1,1.1900071,1.1333771
KCNA2,1.1900071,1.1333771
DCBLD1,1.1900071,1.1333771
NR2F2,1.1900071,1.1333771
COL8A2,1.1900071,1.1333771
OLFML2A,1.1900071,1.1333771
LRRK1,1.1900071,1.1333771
KIAA1324L,1.1900071,1.1333771
POLK,1.1900071,1.1333771
CCDC146,1.1900071,1.1333771
MIB2,1.1900071,1.1333771
LEPR,1.1900071,1.1333771
LARGE2,1.1900071,1.1333771
ZDHHC5,1.1900071,1.1333771
ADAMTS3,1.1900071,1.1333771
PHTF1,1.1900071,1.1333771
TRPS1,1.1900071,1.1333771
DDX31,1.1900071,1.1333771
CDH20,1.1900071,1.1333771
HSD17B4,1.1900071,1.1333771
BICC1,1.1900071,1.1333771
DGKG,1.1900071,1.1333771
COLQ,1.1900071,1.1333771
FLT1,1.1900071,1.1333771
SRC,1.1900071,1.1333771
ETFDH,1.1900071,1.1333771
ESRRB,1.1900071,1.1333771
KCTD3,1.1900071,1.1333771
ERICH3,1.1900071,1.1333771
NAA16,1.1900071,1.1333771
COG4,1.1900071,1.1333771
MARVELD3,1.1900071,1.1333771
SEL1L,1.1900071,1.1333771
MED1,1.1900071,1.1333771
RMC1,1.1900071,1.1333771
ALOX12,1.1900071,1.1333771
WAS,1.1900071,1.1333771
MGAT5B,1.1900071,1.1333771
STARD8,1.1900071,1.1333771
TBC1D10B,1.1900071,1.1333771
KDM7A,1.1900071,1.1333771
USP43,1.1900071,1.1333771
MTMR6,1.1900071,1.1333771
TRPV4,1.1900071,1.1333771
PLS1,1.1900071,1.1333771
ZDHHC8,1.1900071,1.1333771
DRC7,1.1900071,1.1333771
NAA35,1.1900071,1.1333771
SLC11A1,1.1900071,1.1333771
RAPGEF5,1.1900071,1.1333771
MECOM,1.1900071,1.1333771
CAMK2G,1.1900071,1.1333771
ALS2CL,1.1900071,1.1333771
CHSY3,1.1900071,1.1333771
SREBF1,1.1900071,1.1333771
INPP4B,1.1900071,1.1333771
COL4A1,1.1900071,1.1333771
HGFAC,1.1900071,1.1333771
PANK2,1.1900071,1.1333771
ZBTB40,1.1900071,1.1333771
SIX5,1.1900071,1.1333771
MGAT5,1.1900071,1.1333771
KIRREL1,1.1900071,1.1333771
GATA3,1.1900071,1.1333771
MAP4K5,1.1900071,1.1333771
GRIN3B,1.1900071,1.1333771
USP21,1.1900071,1.1333771
KLHL26,1.1900071,1.1333771
CPEB2,1.1900071,1.1333771
PCDHGA10,1.1900071,1.1333771
RNF216,1.1900071,1.1333771
CCDC158,1.1900071,1.1333771
DENND6A,1.1900071,1.1333771
CDH5,1.1900071,1.1333771
KCNA6,1.1900071,1.1333771
RFX6,1.1900071,1.1333771
MACO1,1.1900071,1.1333771
SAMD4A,1.1900071,1.1333771
PANK1,1.1900071,1.1333771
MTMR1,1.1900071,1.1333771
PATL1,1.1900071,1.1333771
CLPB,1.1900071,1.1333771
CAPN12,1.1900071,1.1333771
MTMR8,1.1900071,1.1333771
CNTNAP4,1.1900071,1.1333771
SLC6A6,1.1900071,1.1333771
PRPF40B,1.1900071,1.1333771
FANCM,1.1900071,1.1333771
TCOF1,1.1900071,1.1333771
CLOCK,1.1900071,1.1333771
NCKAP5L,1.1900071,1.1333771
UNKL,1.1900071,1.1333771
ZHX2,1.1900071,1.1333771
FBXL19,1.1900071,1.1333771
JAKMIP2,1.1900071,1.1333771
SLC6A18,1.1900071,1.1333771
MCM4,1.1900071,1.1333771
MAN1A2,1.1900071,1.1333771
NLRP5,1.1900071,1.1333771
ROR1,1.1900071,1.1333771
SLC7A1,1.1900071,1.1333771
GLI3,1.1900071,1.1333771
WDR63,1.1900071,1.1333771
PPP4R1,1.1900071,1.1333771
DENND1A,1.1900071,1.1333771
TRIM9,1.1900071,1.1333771
PPWD1,1.1900071,1.1333771
MAP3K3,1.1900071,1.1333771
KIAA1211,1.1900071,1.1333771
UNC5A,1.1900071,1.1333771
PRKG1,1.1900071,1.1333771
LOXL4,1.1900071,1.1333771
GRB10,1.1900071,1.1333771
PIBF1,1.1900071,1.1333771
RPGR,1.1900071,1.1333771
PCNX4,1.1900071,1.1333771
CDH1,1.1900071,1.1333771
GUCY1B1,1.1900071,1.1333771
SLC5A6,1.1900071,1.1333771
CPT1C,1.1900071,1.1333771
TUBB,1.1900071,1.1333771
WDR66,1.1900071,1.1333771
STXBP2,1.1900071,1.1333771
IRF4,1.1900071,1.1333771
MRTFA,1.1900071,1.1333771
GLRA3,1.1900071,1.1333771
DHCR7,1.1900071,1.1333771
RNF145,1.1900071,1.1333771
GTF3C3,1.1900071,1.1333771
DHX33,1.1900071,1.1333771
FNIP2,1.1900071,1.1333771
ALOX15B,1.1900071,1.1333771
DKC1,1.1900071,1.1333771
DZIP3,1.1900071,1.1333771
MDGA1,1.1900071,1.1333771
MTA2,1.1900071,1.1333771
C9orf84,1.1900071,1.1333771
CD22,1.1900071,1.1333771
CCDC57,1.1900071,1.1333771
SLC9A3,1.1900071,1.1333771
UBR3,1.1900071,1.1333771
UROC1,1.1900071,1.1333771
MEI1,1.1900071,1.1333771
PLA2G4B,1.1900071,1.1333771
ADAMTS4,1.1900071,1.1333771
MUTYH,1.1900071,1.1333771
FOXJ2,1.1900071,1.1333771
VIM,1.1900071,1.1333771
VWA3A,1.1900071,1.1333771
SLC24A4,1.1900071,1.1333771
POLR3A,1.1900071,1.1333771
ANKRD36,1.1900071,1.1333771
LMX1B,1.1900071,1.1333771
FAM184B,1.1900071,1.1333771
TDRD5,1.1900071,1.1333771
SEMA3C,1.1900071,1.1333771
RTF1,1.1900071,1.1333771
ADAM9,1.1900071,1.1333771
ENPEP,1.1900071,1.1333771
RBM39,1.1900071,1.1333771
OIT3,1.1900071,1.1333771
ADAM10,1.1900071,1.1333771
CHRNE,1.1900071,1.1333771
SUV39H1,1.1900071,1.1333771
TSGA10,1.1900071,1.1333771
NGLY1,1.1900071,1.1333771
LCK,1.1900071,1.1333771
MARK3,1.1900071,1.1333771
TRPC4AP,1.1900071,1.1333771
NR2C2,1.1900071,1.1333771
ZNF831,1.1900071,1.1333771
COLGALT2,1.1900071,1.1333771
MPL,1.1900071,1.1333771
ITGA4,1.1900071,1.1333771
TPH2,1.1900071,1.1333771
CDH3,1.1900071,1.1333771
AKNA,1.1900071,1.1333771
ARHGEF28,1.1900071,1.1333771
ACTN1,1.1900071,1.1333771
NLGN1,1.1900071,1.1333771
AFF2,1.1900071,1.1333771
SIDT2,1.1900071,1.1333771
SEMA4D,1.1900071,1.1333771
ARIH2,1.1900071,1.1333771
BMP2K,1.1900071,1.1333771
NXF1,1.1900071,1.1333771
ACAD8,1.1900071,1.1333771
SLC6A20,1.1900071,1.1333771
ATF7IP,1.1900071,1.1333771
STOX1,1.1900071,1.1333771
RNF6,1.1900071,1.1333771
NOD2,1.1900071,1.1333771
CC2D1B,1.1900071,1.1333771
NPAS2,1.1900071,1.1333771
ANKRD30B,1.1900071,1.1333771
N4BP2,1.1900071,1.1333771
KIF18B,1.1900071,1.1333771
ATG16L2,1.1900071,1.1333771
NR6A1,1.1900071,1.1333771
TFAP2A,1.1900071,1.1333771
TMPRSS7,1.1900071,1.1333771
RPS6KA1,1.1900071,1.1333771
GUF1,1.1900071,1.1333771
DCAF13,1.1900071,1.1333771
NR4A3,1.1900071,1.1333771
FAM83B,1.1900071,1.1333771
VPS33A,1.1900071,1.1333771
CCDC186,1.1900071,1.1333771
GALT,1.1900071,1.1333771
IGHMBP2,1.1900071,1.1333771
SPECC1,1.1900071,1.1333771
RBP3,1.1900071,1.1333771
BEST4,1.1900071,1.1333771
DDX41,1.1900071,1.1333771
MVP,1.1900071,1.1333771
DYNC1I1,1.1900071,1.1333771
PTPRN,1.1900071,1.1333771
PLEKHG4B,1.1900071,1.1333771
AK7,1.1900071,1.1333771
CLASRP,1.1900071,1.1333771
GCDH,1.1900071,1.1333771
SPTLC2,1.1900071,1.1333771
ZC3H12C,1.1900071,1.1333771
MYH7,1.1900071,1.1333771
CNKSR2,1.1900071,1.1333771
ELP3,1.1900071,1.1333771
KLHL21,1.1900071,1.1333771
TAS1R2,1.1900071,1.1333771
FAP,1.1900071,1.1333771
NISCH,1.1900071,1.1333771
THAP9,1.1900071,1.1333771
TPM1,1.1900071,1.1333771
ANPEP,1.1900071,1.1333771
ICK,1.1900071,1.1333771
LMNA,1.1900071,1.1333771
INA,1.1900071,1.1333771
ELMSAN1,1.1900071,1.1333771
HEXA,1.1900071,1.1333771
ODF2,1.1900071,1.1333771
RBSN,1.1900071,1.1333771
MAML3,1.1900071,1.1333771
CDC27,1.1900071,1.1333771
ZC3H7B,1.1900071,1.1333771
PPP6R3,1.1900071,1.1333771
USP36,1.1900071,1.1333771
GNAO1,1.1900071,1.1333771
ALPI,1.1900071,1.1333771
PLEKHA4,1.1900071,1.1333771
RTL1,1.1900071,1.1333771
KCNJ3,1.1900071,1.1333771
TAS1R1,1.1900071,1.1333771
RECK,1.1900071,1.1333771
NOP56,1.1900071,1.1333771
WDR78,1.1900071,1.1333771
LATS2,1.1900071,1.1333771
KCTD7,1.1900071,1.1333771
KIAA0753,1.1900071,1.1333771
KARS,1.1900071,1.1333771
HGSNAT,1.1900071,1.1333771
ATXN2L,1.1900071,1.1333771
XYLT2,1.1900071,1.1333771
TUBG2,1.1900071,1.1333771
HYOU1,1.1900071,1.1333771
ANKAR,1.1900071,1.1333771
ZHX3,1.1900071,1.1333771
RREB1,1.1900071,1.1333771
TTC27,1.1900071,1.1333771
JMY,1.1900071,1.1333771
HSP90B1,1.1900071,1.1333771
SUN1,1.1900071,1.1333771
EML2,1.1900071,1.1333771
ECT2L,1.1900071,1.1333771
VAC14,1.1900071,1.1333771
ANO4,1.1900071,1.1333771
BTK,1.1900071,1.1333771
MTM1,1.1900071,1.1333771
PFKFB3,1.1900071,1.1333771
AP2B1,1.1900071,1.1333771
DENND2A,1.1900071,1.1333771
MAP4K3,1.1900071,1.1333771
DCHS2,1.1900071,1.1333771
PCDH7,1.1900071,1.1333771
KCNS1,1.1900071,1.1333771
SERAC1,1.1900071,1.1333771
SMOX,1.1900071,1.1333771
KLHL18,1.1900071,1.1333771
PTPRO,1.1900071,1.1333771
KCNV2,1.1900071,1.1333771
FSTL4,1.1900071,1.1333771
RHOT1,1.1900071,1.1333771
ITIH5,1.1900071,1.1333771
SH2D3C,1.1900071,1.1333771
DSG4,1.1900071,1.1333771
APPBP2,1.1900071,1.1333771
ARSA,1.1900071,1.1333771
FAM160A2,1.1900071,1.1333771
ADD2,1.1900071,1.1333771
PCDHGB6,1.1900071,1.1333771
FBLN5,1.1900071,1.1333771
MYO3A,1.1900071,1.1333771
NOX5,1.1900071,1.1333771
FZD6,1.1900071,1.1333771
LHX3,1.1900071,1.1333771
SMPD4,1.1900071,1.1333771
PRKCD,1.1900071,1.1333771
FBF1,1.1900071,1.1333771
PCDH8,1.1900071,1.1333771
PCDHGB7,1.1900071,1.1333771
PLXNA3,1.1900071,1.1333771
BICD1,1.1900071,1.1333771
DCAF6,1.1900071,1.1333771
ZNF644,1.1900071,1.1333771
SLC5A12,1.1900071,1.1333771
GATA6,1.1900071,1.1333771
DPYD,1.1900071,1.1333771
DCAF5,1.1900071,1.1333771
DDX17,1.1900071,1.1333771
ACTR1B,1.1900071,1.1333771
MROH7,1.1900071,1.1333771
ADGRL2,1.1900071,1.1333771
FXR2,1.1900071,1.1333771
HIVEP1,1.1900071,1.1333771
HACE1,1.1900071,1.1333771
ELMO1,1.1900071,1.1333771
INTS6L,1.1900071,1.1333771
KLHL2,1.1900071,1.1333771
NFE2L1,1.1900071,1.1333771
ARMCX4,1.1900071,1.1333771
KIF22,1.1900071,1.1333771
NR3C1,1.1900071,1.1333771
CACNB4,1.1900071,1.1333771
KIAA1324,1.1900071,1.1333771
ARAP2,1.1900071,1.1333771
GALNT7,1.1900071,1.1333771
SEC14L5,1.1900071,1.1333771
LONRF3,1.1900071,1.1333771
ACTR1A,1.1900071,1.1333771
INPP5E,1.1900071,1.1333771
NUP85,1.1900071,1.1333771
EFEMP1,1.1900071,1.1333771
PCIF1,1.1900071,1.1333771
TULP1,1.1900071,1.1333771
ANKRD24,1.1900071,1.1333771
URB2,1.1900071,1.1333771
KL,1.1900071,1.1333771
KLHL8,1.1900071,1.1333771
SEMA3D,1.1900071,1.1333771
ENAH,1.1900071,1.1333771
EIF4B,1.1900071,1.1333771
CIZ1,1.1900071,1.1333771
CPXM1,1.1900071,1.1333771
IGSF22,1.1900071,1.1333771
ELAC2,1.1900071,1.1333771
HSPA4,1.1900071,1.1333771
GPD2,1.1900071,1.1333771
ITGB8,1.1900071,1.1333771
USH1C,1.1900071,1.1333771
SH3PXD2A,1.1900071,1.1333771
KIF18A,1.1900071,1.1333771
GPRC6A,1.1900071,1.1333771
GNAL,1.1900071,1.1333771
GFM2,1.1900071,1.1333771
PTPRN2,1.1900071,1.1333771
SLC6A4,1.1900071,1.1333771
TOPORS,1.1900071,1.1333771
ABAT,1.1900071,1.1333771
PHF8,1.1900071,1.1333771
STARD3,1.1900071,1.1333771
ABCD3,1.1900071,1.1333771
BMPR1A,1.1900071,1.1333771
RBM5,1.1900071,1.1333771
ACVR2B,1.1900071,1.1333771
RHBDF2,1.1900071,1.1333771
EYA4,1.1900071,1.1333771
PIWIL2,1.1900071,1.1333771
HNF4A,1.1900071,1.1333771
PAX1,1.1900071,1.1333771
FAM20C,1.1900071,1.1333771
MCM8,1.1900071,1.1333771
ZNF318,1.1900071,1.1333771
USP38,1.1900071,1.1333771
USP53,1.1900071,1.1333771
SLC9A2,1.1900071,1.1333771
CIITA,1.1900071,1.1333771
GRIN2C,1.1900071,1.1333771
GBE1,1.1900071,1.1333771
DCT,1.1900071,1.1333771
TRAK2,1.1900071,1.1333771
IPO4,1.1900071,1.1333771
HCK,1.1900071,1.1333771
PLEKHH2,1.1900071,1.1333771
PITX2,1.1900071,1.1333771
PIK3R3,1.1900071,1.1333771
SYNJ1,1.1900071,1.1333771
ANKRD35,1.1900071,1.1333771
RIPOR2,1.1900071,1.1333771
RXRB,1.1900071,1.1333771
ARHGAP31,1.1900071,1.1333771
TUBGCP5,1.1900071,1.1333771
TRPA1,1.1900071,1.1333771
ATP2B4,1.1900071,1.1333771
KIFC2,1.1900071,1.1333771
ITGAE,1.1900071,1.1333771
PPL,1.1900071,1.1333771
NOP14,1.1900071,1.1333771
GTF2IRD1,1.1900071,1.1333771
BAG6,1.1900071,1.1333771
PTPRJ,1.1900071,1.1333771
TBX3,1.1900071,1.1333771
WDR48,1.1900071,1.1333771
ATXN2,1.1900071,1.1333771
TCF7L1,1.1900071,1.1333771
STK11IP,1.1900071,1.1333771
ILK,1.1900071,1.1333771
PTPRG,1.1900071,1.1333771
ITIH1,1.1900071,1.1333771
FIG4,1.1900071,1.1333771
MCTP2,1.1900071,1.1333771
KANK1,1.1900071,1.1333771
ALDH4A1,1.1900071,1.1333771
XPNPEP2,1.1900071,1.1333771
PLEKHA6,1.1900071,1.1333771
SLC9A5,1.1900071,1.1333771
TANGO6,1.1900071,1.1333771
ATP11B,1.1900071,1.1333771
TEC,1.1900071,1.1333771
MTMR10,1.1900071,1.1333771
UNC5D,1.1900071,1.1333771
MAP4K1,1.1900071,1.1333771
CTNNA1,1.1900071,1.1333771
NR2C1,1.1900071,1.1333771
SGK223,1.1900071,1.1333771
LCP1,1.1900071,1.1333771
CD163,1.1900071,1.1333771
PNPLA8,1.1900071,1.1333771
PRPF31,1.1900071,1.1333771
AREL1,1.1900071,1.1333771
XPNPEP1,1.1900071,1.1333771
TRIM67,1.1900071,1.1333771
AC018470.1,1.1900071,1.1333771
AP2A1,1.1900071,1.1333771
ZFAT,1.1900071,1.1333771
SOX30,1.1900071,1.1333771
PLEKHH3,1.1900071,1.1333771
ADAMTS2,1.1900071,1.1333771
SEMA3A,1.1900071,1.1333771
TUBB3,1.1900071,1.1333771
FKRP,1.1900071,1.1333771
COL9A3,1.1900071,1.1333771
CARD10,1.1900071,1.1333771
SEZ6L,1.1900071,1.1333771
CEMIP,1.1900071,1.1333771
CAMSAP3,1.1900071,1.1333771
PNPT1,1.1900071,1.1333771
LIMK1,1.1900071,1.1333771
GALNT11,1.1900071,1.1333771
NR5A2,1.1900071,1.1333771
KIAA1671,1.1900071,1.1333771
RFX4,1.1900071,1.1333771
SGCE,1.1900071,1.1333771
ZRANB3,1.1900071,1.1333771
COBLL1,1.1900071,1.1333771
CNGA4,1.1900071,1.1333771
P3H1,1.1900071,1.1333771
DPF1,1.1900071,1.1333771
ARHGEF26,1.1900071,1.1333771
KLHL1,1.1900071,1.1333771
SCYL1,1.1900071,1.1333771
ACOX1,1.1900071,1.1333771
TBL1X,1.1900071,1.1333771
NUP153,1.1900071,1.1333771
DNER,1.1900071,1.1333771
TMTC3,1.1900071,1.1333771
DLGAP2,1.1900071,1.1333771
ACAP1,1.1900071,1.1333771
ABCB10,1.1900071,1.1333771
ANKRD31,1.1900071,1.1333771
LUC7L3,1.1900071,1.1333771
DYNC1I2,1.1900071,1.1333771
NDST3,1.1900071,1.1333771
ASAP3,1.1900071,1.1333771
IRS2,1.1900071,1.1333771
KLHL29,1.1900071,1.1333771
RBPJ,1.1900071,1.1333771
ZNF335,1.1900071,1.1333771
SYK,1.1900071,1.1333771
GPATCH1,1.1900071,1.1333771
TAS1R3,1.1900071,1.1333771
IDE,1.1900071,1.1333771
RECQL5,1.1900071,1.1333771
PLCD1,1.1900071,1.1333771
CAPN11,1.1900071,1.1333771
STIM2,1.1900071,1.1333771
BRCA2,1.1900071,1.1333771
BAZ2B,1.1900071,1.1333771
NCSTN,1.1900071,1.1333771
PAM,1.1900071,1.1333771
SAMD9,1.1900071,1.1333771
SLC6A11,1.1900071,1.1333771
ELMO2,1.1900071,1.1333771
TRPC7,1.1900071,1.1333771
PAH,1.1900071,1.1333771
ACSL6,1.1900071,1.1333771
PHF20L1,1.1900071,1.1333771
CUL7,1.1900071,1.1333771
MYO9B,1.1900071,1.1333771
RGS9,1.1900071,1.1333771
SLC3A1,1.1900071,1.1333771
JMJD1C,1.1900071,1.1333771
RIMS2,1.1900071,1.1333771
DDX4,1.1900071,1.1333771
LRCH3,1.1900071,1.1333771
IRS4,1.1900071,1.1333771
DPYSL5,1.1900071,1.1333771
PCSK7,1.1900071,1.1333771
NOL10,1.1900071,1.1333771
SMAD3,1.1900071,1.1333771
KLHL5,1.1900071,1.1333771
SOX9,1.1900071,1.1333771
ADAMTS5,1.1900071,1.1333771
GLB1L3,1.1900071,1.1333771
SCNN1A,1.1900071,1.1333771
MCM2,1.1900071,1.1333771
ESYT2,1.1900071,1.1333771
NEK4,1.1900071,1.1333771
FUS,1.1900071,1.1333771
ACAD10,1.1900071,1.1333771
SARS,1.1900071,1.1333771
STRA6,1.1900071,1.1333771
PKD1,1.1900071,1.1333771
ATP6V0A1,1.1900071,1.1333771
ADAMTS8,1.1900071,1.1333771
KCNN3,1.1900071,1.1333771
SV2A,1.1900071,1.1333771
CEMIP2,1.1900071,1.1333771
KCNQ1,1.1900071,1.1333771
SPHKAP,1.1900071,1.1333771
ATP2C2,1.1900071,1.1333771
ADAMTS9,1.1900071,1.1333771
CLSTN1,1.1900071,1.1333771
CHRNA4,1.1900071,1.1333771
PCK2,1.1900071,1.1333771
MAP3K19,1.1900071,1.1333771
IVNS1ABP,1.1900071,1.1333771
ARHGAP9,1.1900071,1.1333771
MYORG,1.1900071,1.1333771
RGS22,1.1900071,1.1333771
NCOA7,1.1900071,1.1333771
COL19A1,1.1900071,1.1333771
DSG1,1.1900071,1.1333771
MAML2,1.1900071,1.1333771
SMG5,1.1900071,1.1333771
ALDH7A1,1.1900071,1.1333771
AKAP11,1.1900071,1.1333771
SENP7,1.1900071,1.1333771
DHX35,1.1900071,1.1333771
LIMK2,1.1900071,1.1333771
PKN3,1.1900071,1.1333771
KEL,1.1900071,1.1333771
CNNM4,1.1900071,1.1333771
OLFM1,1.1900071,1.1333771
SP100,1.1900071,1.1333771
NRG1,1.1900071,1.1333771
PEG3,1.1900071,1.1333771
L3MBTL1,1.1900071,1.1333771
PPFIBP2,1.1900071,1.1333771
NAV3,1.1900071,1.1333771
NOL4,1.1900071,1.1333771
GLB1L2,1.1900071,1.1333771
DPF2,1.1900071,1.1333771
PCDHGC4,1.1900071,1.1333771
IGSF1,1.1900071,1.1333771
CPXM2,1.1900071,1.1333771
DLL4,1.1900071,1.1333771
SEZ6,1.1900071,1.1333771
GALNT10,1.1900071,1.1333771
TMF1,1.1900071,1.1333771
CHL1,1.1900071,1.1333771
SLC26A3,1.1900071,1.1333771
USP5,1.1900071,1.1333771
ADAMTS13,1.1900071,1.1333771
EIF2B4,1.1900071,1.1333771
MRC2,1.1900071,1.1333771
AP2A2,1.1900071,1.1333771
SRBD1,1.1900071,1.1333771
ADGRA1,1.1900071,1.1333771
ELOA,1.1900071,1.1333771
ACOX3,1.1900071,1.1333771
INTS11,1.1900071,1.1333771
VWA5B2,1.1900071,1.1333771
RSBN1,1.1900071,1.1333771
KLHL3,1.1900071,1.1333771
SCAF11,1.1900071,1.1333771
DTNB,1.1900071,1.1333771
SPG7,1.1900071,1.1333771
APLP1,1.1900071,1.1333771
MMS19,1.1900071,1.1333771
MDGA2,1.1900071,1.1333771
EXOC2,1.1900071,1.1333771
VPS35L,1.1900071,1.1333771
ALPL,1.1900071,1.1333771
MCCC1,1.1900071,1.1333771
NOP2,1.1900071,1.1333771
PPP1R12A,1.1900071,1.1333771
COLGALT1,1.1900071,1.1333771
SLC5A4,1.1900071,1.1333771
UBE3A,1.1900071,1.1333771
ADAM11,1.1900071,1.1333771
FYN,1.1900071,1.1333771
LENG8,1.1900071,1.1333771
FZD7,1.1900071,1.1333771
CRY1,1.1900071,1.1333771
SEC16B,1.1900071,1.1333771
VPS45,1.1900071,1.1333771
FER,1.1900071,1.1333771
XYLT1,1.1900071,1.1333771
ADGRG6,1.1900071,1.1333771
TYK2,1.1900071,1.1333771
HECTD3,1.1900071,1.1333771
DARS2,1.1900071,1.1333771
UNC45B,1.1900071,1.1333771
SART3,1.1900071,1.1333771
PDE3A,1.1900071,1.1333771
SACS,1.1900071,1.1333771
CEP112,1.1900071,1.1333771
SLC5A11,1.1900071,1.1333771
ZMYM6,1.1900071,1.1333771
MPHOSPH9,1.1900071,1.1333771
DHX16,1.1900071,1.1333771
PPP1R10,1.1900071,1.1333771
CMYA5,1.1900071,1.1333771
HMGXB3,1.1900071,1.1333771
RBM33,1.1900071,1.1333771
SLC20A1,1.1900071,1.1333771
TRHDE,1.1900071,1.1333771
MSN,1.1900071,1.1333771
TTLL13P,1.1900071,1.1333771
FTCD,1.1900071,1.1333771
PTPRH,1.1900071,1.1333771
TECTA,1.1900071,1.1333771
ULK2,1.1900071,1.1333771
PNPLA6,1.1900071,1.1333771
BCAS3,1.1900071,1.1333771
CLEC16A,1.1900071,1.1333771
TYW1,1.1900071,1.1333771
OSBPL5,1.1900071,1.1333771
VPS41,1.1900071,1.1333771
KIT,1.1900071,1.1333771
LAMC3,1.1900071,1.1333771
RNF17,1.1900071,1.1333771
ANKZF1,1.1900071,1.1333771
SSH1,1.1900071,1.1333771
ADAMTS1,1.1900071,1.1333771
VPS50,1.1900071,1.1333771
CUL4A,1.1900071,1.1333771
LTBP3,1.1900071,1.1333771
TGM2,1.1900071,1.1333771
PCDH17,1.1900071,1.1333771
ARHGAP27,1.1900071,1.1333771
SEC23IP,1.1900071,1.1333771
VPS53,1.1900071,1.1333771
XPOT,1.1900071,1.1333771
CD109,1.1900071,1.1333771
SENP6,1.1900071,1.1333771
FAM120C,1.1900071,1.1333771
ZNF541,1.1900071,1.1333771
DHCR24,1.1900071,1.1333771
ANKRD44,1.1900071,1.1333771
ANKS1A,1.1900071,1.1333771
CCDC150,1.1900071,1.1333771
GPLD1,1.1900071,1.1333771
ZC3H7A,1.1900071,1.1333771
NLRX1,1.1900071,1.1333771
ATP5F1A,1.1900071,1.1333771
PCDHGC3,1.1900071,1.1333771
UNC45A,1.1900071,1.1333771
SREBF2,1.1900071,1.1333771
SGSM2,1.1900071,1.1333771
DCAF8,1.1900071,1.1333771
SVIL,1.1900071,1.1333771
CACHD1,1.1900071,1.1333771
FANCA,1.1900071,1.1333771
FZD5,1.1900071,1.1333771
NEK10,1.1900071,1.1333771
ULK4,1.1900071,1.1333771
WDR64,1.1900071,1.1333771
FERMT3,1.1900071,1.1333771
ST18,1.1900071,1.1333771
ACSL1,1.1900071,1.1333771
SPATA20,1.1900071,1.1333771
NPR1,1.1900071,1.1333771
CAPRIN2,1.1900071,1.1333771
PKN2,1.1900071,1.1333771
AXIN1,1.1900071,1.1333771
KATNA1,1.1900071,1.1333771
TYRO3,1.1900071,1.1333771
FZD3,1.1900071,1.1333771
EXOC1,1.1900071,1.1333771
SLC4A8,1.1900071,1.1333771
TMPRSS15,1.1900071,1.1333771
UMOD,1.1900071,1.1333771
ADAM15,1.1900071,1.1333771
RBM10,1.1900071,1.1333771
ERCC4,1.1900071,1.1333771
SHROOM4,1.1900071,1.1333771
ERCC5,1.1900071,1.1333771
YTHDC2,1.1900071,1.1333771
RPS6KA4,1.1900071,1.1333771
KIAA1210,1.1900071,1.1333771
TBC1D8B,1.1900071,1.1333771
ADGRB3,1.1900071,1.1333771
PMS2,1.1900071,1.1333771
HIP1R,1.1900071,1.1333771
ACTA1,1.1900071,1.1333771
PZP,1.1900071,1.1333771
GUCY1A2,1.1900071,1.1333771
UNC5C,1.1900071,1.1333771
MEGF11,1.1900071,1.1333771
ATP8A2,1.1900071,1.1333771
MTMR7,1.1900071,1.1333771
PIWIL1,1.1900071,1.1333771
MTMR14,1.1900071,1.1333771
VPS18,1.1900071,1.1333771
MMS22L,1.1900071,1.1333771
PLEKHG3,1.1900071,1.1333771
AHCYL2,1.1900071,1.1333771
CNTN3,1.1900071,1.1333771
RBM15,1.1900071,1.1333771
SIN3B,1.1900071,1.1333771
AARS,1.1900071,1.1333771
FOXO6,1.1900071,1.1333771
SFMBT2,1.1900071,1.1333771
GLB1L,1.1900071,1.1333771
PRPH,1.1900071,1.1333771
KIF1C,1.1900071,1.1333771
PRKCQ,1.1900071,1.1333771
NRDE2,1.1900071,1.1333771
DDR1,1.1900071,1.1333771
TRAP1,1.1900071,1.1333771
HAL,1.1900071,1.1333771
FAM13A,1.1900071,1.1333771
TAF2,1.1900071,1.1333771
MIOS,1.1900071,1.1333771
F13A1,1.1900071,1.1333771
XPR1,1.1900071,1.1333771
LONP2,1.1900071,1.1333771
ACAD9,1.1900071,1.1333771
SLC26A8,1.1900071,1.1333771
ITGA9,1.1900071,1.1333771
PDE10A,1.1900071,1.1333771
CRAT,1.1900071,1.1333771
PRSS36,1.1900071,1.1333771
RBM20,1.1900071,1.1333771
SLC25A12,1.1900071,1.1333771
ARHGAP23,1.1900071,1.1333771
PMS1,1.1900071,1.1333771
CPS1,1.1900071,1.1333771
PLG,1.1900071,1.1333771
VPS16,1.1900071,1.1333771
NR1D1,1.1900071,1.1333771
LTBP2,1.1900071,1.1333771
CNGA1,1.1900071,1.1333771
ARHGAP42,1.1900071,1.1333771
NLGN3,1.1900071,1.1333771
CNTN6,1.1900071,1.1333771
SORCS2,1.1900071,1.1333771
ERCC6L2,1.1900071,1.1333771
ADAM12,1.1900071,1.1333771
VWA3B,1.1900071,1.1333771
PIEZO1,1.1900071,1.1333771
ACAP2,1.1900071,1.1333771
EXOC8,1.1900071,1.1333771
CLMN,1.1900071,1.1333771
CEP76,1.1900071,1.1333771
SYCP2,1.1900071,1.1333771
MAN1C1,1.1900071,1.1333771
TMEM94,1.1900071,1.1333771
NUP93,1.1900071,1.1333771
WDR35,1.1900071,1.1333771
NRDC,1.1900071,1.1333771
EWSR1,1.1900071,1.1333771
PRKCA,1.1900071,1.1333771
USP13,1.1900071,1.1333771
FTSJ3,1.1900071,1.1333771
LRPPRC,1.1900071,1.1333771
SASH1,1.1900071,1.1333771
BUB1B,1.1900071,1.1333771
ANLN,1.1900071,1.1333771
GART,1.1900071,1.1333771
PSMD1,1.1900071,1.1333771
PITRM1,1.1900071,1.1333771
DGKA,1.1900071,1.1333771
DYM,1.1900071,1.1333771
AVIL,1.1900071,1.1333771
SLC7A2,1.1900071,1.1333771
THSD4,1.1900071,1.1333771
FLT3,1.1900071,1.1333771
KCND1,1.1900071,1.1333771
POSTN,1.1900071,1.1333771
DPP9,1.1900071,1.1333771
INPP4A,1.1900071,1.1333771
MAMDC4,1.1900071,1.1333771
TRPV3,1.1900071,1.1333771
AHCYL1,1.1900071,1.1333771
AGBL1,1.1900071,1.1333771
IPO7,1.1900071,1.1333771
PRICKLE1,1.1900071,1.1333771
SEC31B,1.1900071,1.1333771
RPS6KA2,1.1900071,1.1333771
PDZRN4,1.1900071,1.1333771
CNGA3,1.1900071,1.1333771
USP11,1.1900071,1.1333771
ZMIZ1,1.1900071,1.1333771
TEX10,1.1900071,1.1333771
APLP2,1.1900071,1.1333771
TTBK2,1.1900071,1.1333771
PCCA,1.1900071,1.1333771
ADSL,1.1900071,1.1333771
ABLIM2,1.1900071,1.1333771
ALOX12B,1.1900071,1.1333771
EDEM1,1.1900071,1.1333771
ADAMTS7,1.1900071,1.1333771
KIF6,1.1900071,1.1333771
PITPNM2,1.1900071,1.1333771
TTC7B,1.1900071,1.1333771
PLCL1,1.1900071,1.1333771
ITGB6,1.1900071,1.1333771
TAF15,1.1900071,1.1333771
BCS1L,1.1900071,1.1333771
UNC5B,1.1900071,1.1333771
ALPK2,1.1900071,1.1333771
CORO7,1.1900071,1.1333771
LRIG2,1.1900071,1.1333771
ENPP3,1.1900071,1.1333771
TARSL2,1.1900071,1.1333771
TBX2,1.1900071,1.1333771
ANKIB1,1.1900071,1.1333771
PEX5,1.1900071,1.1333771
CAPN9,1.1900071,1.1333771
DYSF,1.1900071,1.1333771
TCF25,1.1900071,1.1333771
PARP14,1.1900071,1.1333771
TUBGCP3,1.1900071,1.1333771
KNL1,1.1900071,1.1333771
DDHD1,1.1900071,1.1333771
ZNF609,1.1900071,1.1333771
CMTR1,1.1900071,1.1333771
EML1,1.1900071,1.1333771
KLHL20,1.1900071,1.1333771
XAB2,1.1900071,1.1333771
ALAS1,1.1900071,1.1333771
ADAM22,1.1900071,1.1333771
INVS,1.1900071,1.1333771
VWA5B1,1.1900071,1.1333771
RAPGEF1,1.1900071,1.1333771
BCR,1.1900071,1.1333771
GPSM2,1.1900071,1.1333771
SLC26A6,1.1900071,1.1333771
POLR1B,1.1900071,1.1333771
MEGF6,1.1900071,1.1333771
ZNF568,1.1900071,1.1333771
NAA25,1.1900071,1.1333771
TAP2,1.1900071,1.1333771
SEMA6D,1.1900071,1.1333771
TRIM33,1.1900071,1.1333771
TJP3,1.1900071,1.1333771
GPI,1.1900071,1.1333771
NFATC3,1.1900071,1.1333771
TRIM3,1.1900071,1.1333771
NEFH,1.1900071,1.1333771
ACTL6B,1.1900071,1.1333771
NAV1,1.1900071,1.1333771
VPS35,1.1900071,1.1333771
EPB41L4A,1.1900071,1.1333771
ANKRD36C,1.1900071,1.1333771
LDLR,1.1900071,1.1333771
HFM1,1.1900071,1.1333771
NSMAF,1.1900071,1.1333771
TGFBI,1.1900071,1.1333771
MAP2,1.1900071,1.1333771
FGD5,1.1900071,1.1333771
RBMXL3,1.1900071,1.1333771
TDRD3,1.1900071,1.1333771
CASKIN2,1.1900071,1.1333771
EXPH5,1.1900071,1.1333771
DLG3,1.1900071,1.1333771
CLSPN,1.1900071,1.1333771
LOXL3,1.1900071,1.1333771
PDE9A,1.1900071,1.1333771
PDE8A,1.1900071,1.1333771
GNPTAB,1.1900071,1.1333771
ESYT3,1.1900071,1.1333771
CFAP61,1.1900071,1.1333771
TEX2,1.1900071,1.1333771
C2CD5,1.1900071,1.1333771
MYBPC2,1.1900071,1.1333771
FGD1,1.1900071,1.1333771
CUBN,1.1900071,1.1333771
ARHGAP29,1.1900071,1.1333771
ADGRA2,1.1900071,1.1333771
ATG9B,1.1900071,1.1333771
CCDC18,1.1900071,1.1333771
LPIN3,1.1900071,1.1333771
PPP1R9A,1.1900071,1.1333771
NID1,1.1900071,1.1333771
EIF4ENIF1,1.1900071,1.1333771
CACNB1,1.1900071,1.1333771
MTHFD1,1.1900071,1.1333771
MATN4,1.1900071,1.1333771
USP48,1.1900071,1.1333771
ADGRG4,1.1900071,1.1333771
AGO4,1.1900071,1.1333771
TAP1,1.1900071,1.1333771
KPNB1,1.1900071,1.1333771
DTNA,1.1900071,1.1333771
TTLL7,1.1900071,1.1333771
ALDH16A1,1.1900071,1.1333771
SRCIN1,1.1900071,1.1333771
DDX27,1.1900071,1.1333771
STAT1,1.1900071,1.1333771
SORBS2,1.1900071,1.1333771
SGSM1,1.1900071,1.1333771
LLGL1,1.1900071,1.1333771
CDH2,1.1900071,1.1333771
USP40,1.1900071,1.1333771
ABCC8,1.1900071,1.1333771
ASTN1,1.1900071,1.1333771
BIRC6,1.1900071,1.1333771
ELP2,1.1900071,1.1333771
VAV2,1.1900071,1.1333771
UHRF1BP1L,1.1900071,1.1333771
BCKDHA,1.1900071,1.1333771
KTN1,1.1900071,1.1333771
TTLL4,1.1900071,1.1333771
NDUFS2,1.1900071,1.1333771
H6PD,1.1900071,1.1333771
KIF26B,1.1900071,1.1333771
RABGAP1L,1.1900071,1.1333771
CNTLN,1.1900071,1.1333771
ITGAD,1.1900071,1.1333771
C6,1.1900071,1.1333771
GIT1,1.1900071,1.1333771
HIPK1,1.1900071,1.1333771
QARS,1.1900071,1.1333771
COL17A1,1.1900071,1.1333771
IKBKB,1.1900071,1.1333771
BRWD1,1.1900071,1.1333771
ZNF521,1.1900071,1.1333771
FNIP1,1.1900071,1.1333771
AP3D1,1.1900071,1.1333771
GLB1,1.1900071,1.1333771
PTPN6,1.1900071,1.1333771
CRYBG2,1.1900071,1.1333771
POP1,1.1900071,1.1333771
SCAF4,1.1900071,1.1333771
DDX42,1.1900071,1.1333771
ABCD4,1.1900071,1.1333771
FMN1,1.1900071,1.1333771
CDHR2,1.1900071,1.1333771
HERC4,1.1900071,1.1333771
ANKRD17,1.1900071,1.1333771
QSER1,1.1900071,1.1333771
HIPK2,1.1900071,1.1333771
FBXW7,1.1900071,1.1333771
ADARB2,1.1900071,1.1333771
DHX30,1.1900071,1.1333771
SAMD9L,1.1900071,1.1333771
PTPN13,1.1900071,1.1333771
MCM3,1.1900071,1.1333771
QRICH2,1.1900071,1.1333771
ACADVL,1.1900071,1.1333771
EIF3A,1.1900071,1.1333771
MCTP1,1.1900071,1.1333771
HLTF,1.1900071,1.1333771
NUP133,1.1900071,1.1333771
TARBP1,1.1900071,1.1333771
PPFIA3,1.1900071,1.1333771
RIPOR1,1.1900071,1.1333771
GRM6,1.1900071,1.1333771
SEMA3F,1.1900071,1.1333771
KIF4B,1.1900071,1.1333771
AP3B2,1.1900071,1.1333771
CACNA1C,1.1900071,1.1333771
PKP4,1.1900071,1.1333771
CUL5,1.1900071,1.1333771
RFC1,1.1900071,1.1333771
OSBP2,1.1900071,1.1333771
IPO13,1.1900071,1.1333771
RGS3,1.1900071,1.1333771
CAND2,1.1900071,1.1333771
OPLAH,1.1900071,1.1333771
NDST2,1.1900071,1.1333771
SIK2,1.1900071,1.1333771
WDR7,1.1900071,1.1333771
GALC,1.1900071,1.1333771
DIS3L2,1.1900071,1.1333771
TMC2,1.1900071,1.1333771
OSBPL6,1.1900071,1.1333771
MUSK,1.1900071,1.1333771
ERN1,1.1900071,1.1333771
PPP1R12B,1.1900071,1.1333771
HIPK3,1.1900071,1.1333771
PDE8B,1.1900071,1.1333771
CAPN7,1.1900071,1.1333771
CHRD,1.1900071,1.1333771
SLC20A2,1.1900071,1.1333771
TECPR2,1.1900071,1.1333771
TNIK,1.1900071,1.1333771
DES,1.1900071,1.1333771
OSBPL1A,1.1900071,1.1333771
PRKCH,1.1900071,1.1333771
ARHGAP45,1.1900071,1.1333771
SHROOM2,1.1900071,1.1333771
CENPE,1.1900071,1.1333771
AFF1,1.1900071,1.1333771
IQSEC1,1.1900071,1.1333771
PRRC2A,1.1900071,1.1333771
LARP1,1.1900071,1.1333771
XIRP1,1.1900071,1.1333771
TTC17,1.1900071,1.1333771
IRS1,1.1900071,1.1333771
AGBL5,1.1900071,1.1333771
PPFIBP1,1.1900071,1.1333771
NWD1,1.1900071,1.1333771
PCCB,1.1900071,1.1333771
PLA2G6,1.1900071,1.1333771
SMARCAL1,1.1900071,1.1333771
FHAD1,1.1900071,1.1333771
ATAD5,1.1900071,1.1333771
PAXBP1,1.1900071,1.1333771
TNPO1,1.1900071,1.1333771
MPRIP,1.1900071,1.1333771
TRIO,1.1900071,1.1333771
HMGCR,1.1900071,1.1333771
TMEM131L,1.1900071,1.1333771
LRRFIP2,1.1900071,1.1333771
LRIG1,1.1900071,1.1333771
TAF1L,1.1900071,1.1333771
CARD11,1.1900071,1.1333771
SMG8,1.1900071,1.1333771
CWC22,1.1900071,1.1333771
EFCAB5,1.1900071,1.1333771
GARS,1.1900071,1.1333771
ARID4A,1.1900071,1.1333771
ABLIM1,1.1900071,1.1333771
HEATR6,1.1900071,1.1333771
CR2,1.1900071,1.1333771
CLIP2,1.1900071,1.1333771
GOLGB1,1.1900071,1.1333771
EPC1,1.1900071,1.1333771
ANKRD52,1.1900071,1.1333771
POLD1,1.1900071,1.1333771
GREB1L,1.1900071,1.1333771
SLC26A9,1.1900071,1.1333771
REV1,1.1900071,1.1333771
SKOR2,1.1900071,1.1333771
NHSL1,1.1900071,1.1333771
KCNH8,1.1900071,1.1333771
LRP12,1.1900071,1.1333771
PDE1C,1.1900071,1.1333771
POMT2,1.1900071,1.1333771
KIF20A,1.1900071,1.1333771
PLEKHG5,1.1900071,1.1333771
FER1L6,1.1900071,1.1333771
NYNRIN,1.1900071,1.1333771
DNAH2,1.1900071,1.1333771
DISP2,1.1900071,1.1333771
ZNF451,1.1900071,1.1333771
EXOC6B,1.1900071,1.1333771
NOTCH4,1.1900071,1.1333771
ASTN2,1.1900071,1.1333771
OCRL,1.1900071,1.1333771
ANKRD28,1.1900071,1.1333771
MICAL1,1.1900071,1.1333771
SGSH,1.1900071,1.1333771
XPO6,1.1900071,1.1333771
PAX7,1.1900071,1.1333771
BCORL1,1.1900071,1.1333771
EMC1,1.1900071,1.1333771
RC3H1,1.1900071,1.1333771
NCAN,1.1900071,1.1333771
SOGA1,1.1900071,1.1333771
NDUFS1,1.1900071,1.1333771
PLEKHG4,1.1900071,1.1333771
PHF14,1.1900071,1.1333771
CLCNKB,1.1900071,1.1333771
RDX,1.1900071,1.1333771
NFXL1,1.1900071,1.1333771
PPRC1,1.1900071,1.1333771
ADAM19,1.1900071,1.1333771
MROH2A,1.1900071,1.1333771
EPRS,1.1900071,1.1333771
DHX15,1.1900071,1.1333771
BTBD7,1.1900071,1.1333771
PTPRM,1.1900071,1.1333771
DHX34,1.1900071,1.1333771
CILP2,1.1900071,1.1333771
ITGAX,1.1900071,1.1333771
ABCF2,1.1900071,1.1333771
MTMR11,1.1900071,1.1333771
MAP3K12,1.1900071,1.1333771
C2orf16,1.1900071,1.1333771
ANKRD26,1.1900071,1.1333771
RP1,1.1900071,1.1333771
FAM214A,1.1900071,1.1333771
FZD1,1.1900071,1.1333771
RELCH,1.1900071,1.1333771
KIF17,1.1900071,1.1333771
ERC2,1.1900071,1.1333771
ZNF646,1.1900071,1.1333771
NLRP3,1.1900071,1.1333771
FRMD4A,1.1900071,1.1333771
MON2,1.1900071,1.1333771
NOTCH2,1.1900071,1.1333771
NADSYN1,1.1900071,1.1333771
NCAM1,1.1900071,1.1333771
MTMR3,1.1900071,1.1333771
MALRD1,1.1900071,1.1333771
NFATC2,1.1900071,1.1333771
UBE4A,1.1900071,1.1333771
KCNB2,1.1900071,1.1333771
GFPT1,1.1900071,1.1333771
FNDC3A,1.1900071,1.1333771
TMTC1,1.1900071,1.1333771
EFCAB6,1.1900071,1.1333771
IPO8,1.1900071,1.1333771
GFPT2,1.1900071,1.1333771
SLC5A9,1.1900071,1.1333771
FILIP1,1.1900071,1.1333771
WDR6,1.1900071,1.1333771
BMS1,1.1900071,1.1333771
SCN11A,1.1900071,1.1333771
MLLT10,1.1900071,1.1333771
KCNC4,1.1900071,1.1333771
ZNF850,1.1900071,1.1333771
WDR60,1.1900071,1.1333771
WNK4,1.1900071,1.1333771
EDEM3,1.1900071,1.1333771
TOP1,1.1900071,1.1333771
EPHA5,1.1900071,1.1333771
DDX54,1.1900071,1.1333771
PDGFRA,1.1900071,1.1333771
STK10,1.1900071,1.1333771
ZSWIM6,1.1900071,1.1333771
HNF1B,1.1900071,1.1333771
KEAP1,1.1900071,1.1333771
PLCB2,1.1900071,1.1333771
MAP3K1,1.1900071,1.1333771
TRPC5,1.1900071,1.1333771
LATS1,1.1900071,1.1333771
ZSWIM8,1.1900071,1.1333771
SUCO,1.1900071,1.1333771
FRMPD1,1.1900071,1.1333771
PLEKHG1,1.1900071,1.1333771
PARP1,1.1900071,1.1333771
FAN1,1.1900071,1.1333771
PLOD1,1.1900071,1.1333771
HK2,1.1900071,1.1333771
CEP170B,1.1900071,1.1333771
NTRK1,1.1900071,1.1333771
COPB1,1.1900071,1.1333771
IMPDH1,1.1900071,1.1333771
ALPK3,1.1900071,1.1333771
EML4,1.1900071,1.1333771
PRDM10,1.1900071,1.1333771
SEC24A,1.1900071,1.1333771
PHLDB2,1.1900071,1.1333771
EXOSC10,1.1900071,1.1333771
TDRD6,1.1900071,1.1333771
TOPAZ1,1.1900071,1.1333771
KCNH5,1.1900071,1.1333771
SLC25A13,1.1900071,1.1333771
PRKCG,1.1900071,1.1333771
PKLR,1.1900071,1.1333771
TRPC6,1.1900071,1.1333771
PARP4,1.1900071,1.1333771
THBS3,1.1900071,1.1333771
KIF5A,1.1900071,1.1333771
IARS2,1.1900071,1.1333771
IQSEC3,1.1900071,1.1333771
SND1,1.1900071,1.1333771
HBS1L,1.1900071,1.1333771
RASAL3,1.1900071,1.1333771
SCAF8,1.1900071,1.1333771
PASK,1.1900071,1.1333771
PANK4,1.1900071,1.1333771
ABCA5,1.1900071,1.1333771
ARHGEF10L,1.1900071,1.1333771
SLC12A2,1.1900071,1.1333771
ITGA8,1.1900071,1.1333771
SPG11,1.1900071,1.1333771
DOP1B,1.1900071,1.1333771
PTPRU,1.1900071,1.1333771
GRM1,1.1900071,1.1333771
GRIP1,1.1900071,1.1333771
PEX6,1.1900071,1.1333771
PIK3R1,1.1900071,1.1333771
PDE6A,1.1900071,1.1333771
EML6,1.1900071,1.1333771
DCTN1,1.1900071,1.1333771
AGAP3,1.1900071,1.1333771
CAND1,1.1900071,1.1333771
GRIK4,1.1900071,1.1333771
TTBK1,1.1900071,1.1333771
SMARCC1,1.1900071,1.1333771
CDH4,1.1900071,1.1333771
PHLPP1,1.1900071,1.1333771
MYT1,1.1900071,1.1333771
PAMR1,1.1900071,1.1333771
NELL1,1.1900071,1.1333771
HR,1.1900071,1.1333771
PIK3R5,1.1900071,1.1333771
DIS3L,1.1900071,1.1333771
LAMA4,1.1900071,1.1333771
EPHA7,1.1900071,1.1333771
ZNF142,1.1900071,1.1333771
ALDH1L2,1.1900071,1.1333771
EPX,1.1900071,1.1333771
HNF1A,1.1900071,1.1333771
NFX1,1.1900071,1.1333771
DGKI,1.1900071,1.1333771
CUL2,1.1900071,1.1333771
RBM6,1.1900071,1.1333771
ANKRD12,1.1900071,1.1333771
PPP1R13B,1.1900071,1.1333771
ADAMTSL4,1.1900071,1.1333771
CASR,1.1900071,1.1333771
GFM1,1.1900071,1.1333771
DDX60L,1.1900071,1.1333771
PI4KB,1.1900071,1.1333771
ATP7B,1.1900071,1.1333771
KAT6A,1.1900071,1.1333771
RNF40,1.1900071,1.1333771
OGDH,1.1900071,1.1333771
SLC5A10,1.1900071,1.1333771
ITGA2,1.1900071,1.1333771
LAMC2,1.1900071,1.1333771
RBM27,1.1900071,1.1333771
CRNKL1,1.1900071,1.1333771
DENND5B,1.1900071,1.1333771
PCSK4,1.1900071,1.1333771
BCOR,1.1900071,1.1333771
MTO1,1.1900071,1.1333771
OGT,1.1900071,1.1333771
PRSS12,1.1900071,1.1333771
HDAC6,1.1900071,1.1333771
EPB41L5,1.1900071,1.1333771
ARSI,1.1900071,1.1333771
ERBB4,1.1900071,1.1333771
TNRC6C,1.1900071,1.1333771
TBC1D31,1.1900071,1.1333771
CCDC168,1.1900071,1.1333771
DGKZ,1.1900071,1.1333771
FGD6,1.1900071,1.1333771
MAP3K21,1.1900071,1.1333771
FZD10,1.1900071,1.1333771
COL6A6,1.1900071,1.1333771
CENPJ,1.1900071,1.1333771
RAD54L,1.1900071,1.1333771
MAP3K6,1.1900071,1.1333771
PLA2R1,1.1900071,1.1333771
EPHA1,1.1900071,1.1333771
VAV1,1.1900071,1.1333771
KIF19,1.1900071,1.1333771
EVC2,1.1900071,1.1333771
YME1L1,1.1900071,1.1333771
MTREX,1.1900071,1.1333771
TMPRSS6,1.1900071,1.1333771
MED14,1.1900071,1.1333771
DENND4B,1.1900071,1.1333771
SMC5,1.1900071,1.1333771
HDLBP,1.1900071,1.1333771
ZMYM3,1.1900071,1.1333771
LRP5,1.1900071,1.1333771
RBL2,1.1900071,1.1333771
USP28,1.1900071,1.1333771
NHS,1.1900071,1.1333771
UHRF1BP1,1.1900071,1.1333771
POLA1,1.1900071,1.1333771
PLCG2,1.1900071,1.1333771
CACNA1A,1.1900071,1.1333771
MIA3,1.1900071,1.1333771
WWC1,1.1900071,1.1333771
DDR2,1.1900071,1.1333771
NEMF,1.1900071,1.1333771
ERCC3,1.1900071,1.1333771
AFDN,1.1900071,1.1333771
EDC4,1.1900071,1.1333771
TEP1,1.1900071,1.1333771
RNF20,1.1900071,1.1333771
STAT5B,1.1900071,1.1333771
SLC12A5,1.1900071,1.1333771
GRIN2D,1.1900071,1.1333771
IGSF9,1.1900071,1.1333771
MBD1,1.1900071,1.1333771
PLOD3,1.1900071,1.1333771
SEMA5A,1.1900071,1.1333771
KIAA1217,1.1900071,1.1333771
CEP135,1.1900071,1.1333771
KIFC3,1.1900071,1.1333771
MAP4K4,1.1900071,1.1333771
BRIP1,1.1900071,1.1333771
ATP2A2,1.1900071,1.1333771
CNNM1,1.1900071,1.1333771
ATP1A4,1.1900071,1.1333771
COL20A1,1.1900071,1.1333771
NTRK3,1.1900071,1.1333771
XRN2,1.1900071,1.1333771
SMARCA5,1.1900071,1.1333771
CLCN5,1.1900071,1.1333771
BRPF3,1.1900071,1.1333771
RHBDF1,1.1900071,1.1333771
PPFIA4,1.1900071,1.1333771
IDUA,1.1900071,1.1333771
PIK3C3,1.1900071,1.1333771
TBC1D9,1.1900071,1.1333771
NTRK2,1.1900071,1.1333771
ACTR8,1.1900071,1.1333771
SIK3,1.1900071,1.1333771
ATP13A4,1.1900071,1.1333771
EPHA2,1.1900071,1.1333771
SH3TC2,1.1900071,1.1333771
CAPN2,1.1900071,1.1333771
COL15A1,1.1900071,1.1333771
KIF4A,1.1900071,1.1333771
CGNL1,1.1900071,1.1333771
ABTB2,1.1900071,1.1333771
RAG1,1.1900071,1.1333771
MST1,1.1900071,1.1333771
MYH1,1.1900071,1.1333771
CARMIL2,1.1900071,1.1333771
NEK1,1.1900071,1.1333771
GOLGA3,1.1900071,1.1333771
WNK3,1.1900071,1.1333771
SMTN,1.1900071,1.1333771
TNS2,1.1900071,1.1333771
GCC2,1.1900071,1.1333771
TOP3A,1.1900071,1.1333771
USP6,1.1900071,1.1333771
STAG2,1.1900071,1.1333771
SPATA5,1.1900071,1.1333771
TRAPPC9,1.1900071,1.1333771
USP34,1.1900071,1.1333771
IPO5,1.1900071,1.1333771
EPB41L2,1.1900071,1.1333771
ELP1,1.1900071,1.1333771
AMPD3,1.1900071,1.1333771
GRIN2A,1.1900071,1.1333771
STARD13,1.1900071,1.1333771
PYGM,1.1900071,1.1333771
MST1R,1.1900071,1.1333771
TRPC3,1.1900071,1.1333771
PRDM2,1.1900071,1.1333771
ARHGEF1,1.1900071,1.1333771
GGCX,1.1900071,1.1333771
ALOX5,1.1900071,1.1333771
SMG6,1.1900071,1.1333771
PIK3C2G,1.1900071,1.1333771
CARMIL3,1.1900071,1.1333771
PKM,1.1900071,1.1333771
RAB3GAP2,1.1900071,1.1333771
PDPR,1.1900071,1.1333771
ADAMTS18,1.1900071,1.1333771
MBTPS1,1.1900071,1.1333771
PRPF3,1.1900071,1.1333771
TNK2,1.1900071,1.1333771
ALDH1L1,1.1900071,1.1333771
SEC31A,1.1900071,1.1333771
FNDC3B,1.1900071,1.1333771
OPA1,1.1900071,1.1333771
TBC1D8,1.1900071,1.1333771
ARHGEF4,1.1900071,1.1333771
ZNF407,1.1900071,1.1333771
INSRR,1.1900071,1.1333771
ATP6V0A2,1.1900071,1.1333771
KIAA1549L,1.1900071,1.1333771
SORCS1,1.1900071,1.1333771
CUX1,1.1900071,1.1333771
SBNO2,1.1900071,1.1333771
ANKS1B,1.1900071,1.1333771
AATK,1.1900071,1.1333771
VWCE,1.1900071,1.1333771
CABIN1,1.1900071,1.1333771
ACO1,1.1900071,1.1333771
ITGA11,1.1900071,1.1333771
EPB41,1.1900071,1.1333771
MYH10,1.1900071,1.1333771
RNF31,1.1900071,1.1333771
CACNA1S,1.1900071,1.1333771
TPO,1.1900071,1.1333771
SHROOM3,1.1900071,1.1333771
CFAP57,1.1900071,1.1333771
WWP1,1.1900071,1.1333771
DHTKD1,1.1900071,1.1333771
GTF3C2,1.1900071,1.1333771
EGFLAM,1.1900071,1.1333771
TTC6,1.1900071,1.1333771
NPHP4,1.1900071,1.1333771
EDRF1,1.1900071,1.1333771
ZFR,1.1900071,1.1333771
BRWD3,1.1900071,1.1333771
MUT,1.1900071,1.1333771
GRIA3,1.1900071,1.1333771
SDK1,1.1900071,1.1333771
DIAPH3,1.1900071,1.1333771
AGTPBP1,1.1900071,1.1333771
ACTN2,1.1900071,1.1333771
CAMSAP2,1.1900071,1.1333771
EIF5B,1.1900071,1.1333771
NEK9,1.1900071,1.1333771
PHLDB1,1.1900071,1.1333771
SMG7,1.1900071,1.1333771
DRP2,1.1900071,1.1333771
LPIN2,1.1900071,1.1333771
DAPK1,1.1900071,1.1333771
POMGNT1,1.1900071,1.1333771
C1orf167,1.1900071,1.1333771
BEST1,1.1900071,1.1333771
ALS2,1.1900071,1.1333771
DSTYK,1.1900071,1.1333771
TLN2,1.1900071,1.1333771
STAT3,1.1900071,1.1333771
MLH3,1.1900071,1.1333771
SMC2,1.1900071,1.1333771
RANBP2,1.1900071,1.1333771
ATP4A,1.1900071,1.1333771
OGDHL,1.1900071,1.1333771
WRN,1.1900071,1.1333771
TLL2,1.1900071,1.1333771
CNTN5,1.1900071,1.1333771
PTPN23,1.1900071,1.1333771
MYOM1,1.1900071,1.1333771
BRAF,1.1900071,1.1333771
NCOA3,1.1900071,1.1333771
ACTN4,1.1900071,1.1333771
HNRNPUL1,1.1900071,1.1333771
TRPM4,1.1900071,1.1333771
CNOT1,1.1900071,1.1333771
MAST4,1.1900071,1.1333771
POLQ,1.1900071,1.1333771
MYH9,1.1900071,1.1333771
ABCD1,1.1900071,1.1333771
KIAA1549,1.1900071,1.1333771
NUP210,1.1900071,1.1333771
GBA2,1.1900071,1.1333771
PLEKHA5,1.1900071,1.1333771
ABCB11,1.1900071,1.1333771
CACNA2D4,1.1900071,1.1333771
SLK,1.1900071,1.1333771
ATP2B1,1.1900071,1.1333771
ADGRL3,1.1900071,1.1333771
COL5A2,1.1900071,1.1333771
KIF5B,1.1900071,1.1333771
FANCI,1.1900071,1.1333771
CNTN2,1.1900071,1.1333771
CLTCL1,1.1900071,1.1333771
MAN2B2,1.1900071,1.1333771
STARD9,1.1900071,1.1333771
MATN2,1.1900071,1.1333771
HELLS,1.1900071,1.1333771
MEN1,1.1900071,1.1333771
ARAP1,1.1900071,1.1333771
PPIP5K2,1.1900071,1.1333771
ANO8,1.1900071,1.1333771
EPHA8,1.1900071,1.1333771
CDK5RAP2,1.1900071,1.1333771
CADPS,1.1900071,1.1333771
FNDC1,1.1900071,1.1333771
FREM2,1.1900071,1.1333771
INPP5J,1.1900071,1.1333771
DLEC1,1.1900071,1.1333771
ACLY,1.1900071,1.1333771
ABCC12,1.1900071,1.1333771
SNED1,1.1900071,1.1333771
BMPR2,1.1900071,1.1333771
NES,1.1900071,1.1333771
OTOG,1.1900071,1.1333771
ITGA3,1.1900071,1.1333771
CCAR1,1.1900071,1.1333771
NRCAM,1.1900071,1.1333771
MAP3K13,1.1900071,1.1333771
UGGT2,1.1900071,1.1333771
EZH1,1.1900071,1.1333771
LPIN1,1.1900071,1.1333771
WNK2,1.1900071,1.1333771
ATP11A,1.1900071,1.1333771
TEX14,1.1900071,1.1333771
MYPN,1.1900071,1.1333771
PLXNA1,1.1900071,1.1333771
DLG5,1.1900071,1.1333771
ADGRA3,1.1900071,1.1333771
WDR59,1.1900071,1.1333771
MAGI2,1.1900071,1.1333771
ABCB1,1.1900071,1.1333771
TEX15,1.1900071,1.1333771
FAM208B,1.1900071,1.1333771
HECTD1,1.1900071,1.1333771
ANO2,1.1900071,1.1333771
DHX36,1.1900071,1.1333771
TPCN2,1.1900071,1.1333771
GRIA4,1.1900071,1.1333771
FBLN1,1.1900071,1.1333771
TICRR,1.1900071,1.1333771
PIK3R4,1.1900071,1.1333771
PKDREJ,1.1900071,1.1333771
WWP2,1.1900071,1.1333771
FAM208A,1.1900071,1.1333771
BAIAP3,1.1900071,1.1333771
TJP2,1.1900071,1.1333771
PLCB3,1.1900071,1.1333771
EEA1,1.1900071,1.1333771
TEK,1.1900071,1.1333771
MAP3K9,1.1900071,1.1333771
HIRA,1.1900071,1.1333771
SPTBN4,1.1900071,1.1333771
ITGA6,1.1900071,1.1333771
INPP5F,1.1900071,1.1333771
TBCD,1.1900071,1.1333771
PDE6B,1.1900071,1.1333771
PRDM15,1.1900071,1.1333771
UGT1A1,1.1900071,1.1333771
PLB1,1.1900071,1.1333771
EPHA3,1.1900071,1.1333771
MARF1,1.1900071,1.1333771
ABCC4,1.1900071,1.1333771
CCDC88B,1.1900071,1.1333771
PDE4A,1.1900071,1.1333771
WDR90,1.1900071,1.1333771
ABCB5,1.1900071,1.1333771
KCNQ4,1.1900071,1.1333771
PTPRB,1.1900071,1.1333771
MSH5,1.1900071,1.1333771
TRPV1,1.1900071,1.1333771
PHRF1,1.1900071,1.1333771
ABCA10,1.1900071,1.1333771
GRM2,1.1900071,1.1333771
HYDIN,1.1900071,1.1333771
DUOX2,1.1900071,1.1333771
PLCG1,1.1900071,1.1333771
GON4L,1.1900071,1.1333771
ATP2C1,1.1900071,1.1333771
ATP13A5,1.1900071,1.1333771
ERCC6,1.1900071,1.1333771
TMEM67,1.1900071,1.1333771
UNC13D,1.1900071,1.1333771
ERC1,1.1900071,1.1333771
PDE4D,1.1900071,1.1333771
INF2,1.1900071,1.1333771
ERCC2,1.1900071,1.1333771
SYTL2,1.1900071,1.1333771
SLC12A9,1.1900071,1.1333771
TP73,1.1900071,1.1333771
SMURF2,1.1900071,1.1333771
PITPNM1,1.1900071,1.1333771
MFN2,1.1900071,1.1333771
FRY,1.1900071,1.1333771
NCAPD3,1.1900071,1.1333771
TCIRG1,1.1900071,1.1333771
GUCY2C,1.1900071,1.1333771
UBE2O,1.1900071,1.1333771
PXDN,1.1900071,1.1333771
XDH,1.1900071,1.1333771
COL24A1,1.1900071,1.1333771
UBE4B,1.1900071,1.1333771
MAGI3,1.1900071,1.1333771
PLCB4,1.1900071,1.1333771
ANO1,1.1900071,1.1333771
DIAPH2,1.1900071,1.1333771
ATP8B4,1.1900071,1.1333771
PLCH2,1.1900071,1.1333771
TET1,1.1900071,1.1333771
MYH4,1.1900071,1.1333771
KIAA0556,1.1900071,1.1333771
RBM25,1.1900071,1.1333771
ITGA7,1.1900071,1.1333771
AMPD2,1.1900071,1.1333771
MAP3K5,1.1900071,1.1333771
KIF15,1.1900071,1.1333771
EPHB3,1.1900071,1.1333771
PCF11,1.1900071,1.1333771
MAP3K15,1.1900071,1.1333771
ABL2,1.1900071,1.1333771
CFAP65,1.1900071,1.1333771
CAPN1,1.1900071,1.1333771
NFAT5,1.1900071,1.1333771
ABCF1,1.1900071,1.1333771
MOV10,1.1900071,1.1333771
CR1,1.1900071,1.1333771
PALLD,1.1900071,1.1333771
LARS,1.1900071,1.1333771
TLL1,1.1900071,1.1333771
SPAG9,1.1900071,1.1333771
TBC1D9B,1.1900071,1.1333771
NUP210L,1.1900071,1.1333771
JAK1,1.1900071,1.1333771
LRP2,1.1900071,1.1333771
ADCY10,1.1900071,1.1333771
RBBP6,1.1900071,1.1333771
MCF2L,1.1900071,1.1333771
TRAPPC8,1.1900071,1.1333771
MED12L,1.1900071,1.1333771
SUPT5H,1.1900071,1.1333771
RB1,1.1900071,1.1333771
AFG3L2,1.1900071,1.1333771
ROR2,1.1900071,1.1333771
ITGA10,1.1900071,1.1333771
SOX6,1.1900071,1.1333771
ABCC2,1.1900071,1.1333771
NOS1,1.1900071,1.1333771
MYO5C,1.1900071,1.1333771
HK3,1.1900071,1.1333771
SKOR1,1.1900071,1.1333771
CRB1,1.1900071,1.1333771
EHBP1,1.1900071,1.1333771
TIE1,1.1900071,1.1333771
NRP2,1.1900071,1.1333771
NEDD4L,1.1900071,1.1333771
ITGA2B,1.1900071,1.1333771
RPGRIP1,1.1900071,1.1333771
MYO6,1.1900071,1.1333771
TTF2,1.1900071,1.1333771
TNKS2,1.1900071,1.1333771
TPP2,1.1900071,1.1333771
DLG2,1.1900071,1.1333771
KIF27,1.1900071,1.1333771
ATP6V0A4,1.1900071,1.1333771
CCDC180,1.1900071,1.1333771
CACNA1G,1.1900071,1.1333771
COL9A1,1.1900071,1.1333771
IFT122,1.1900071,1.1333771
VWDE,1.1900071,1.1333771
RRP12,1.1900071,1.1333771
PFKM,1.1900071,1.1333771
AKAP6,1.1900071,1.1333771
NUP160,1.1900071,1.1333771
DNM3,1.1900071,1.1333771
HCFC1,1.1900071,1.1333771
PKD2,1.1900071,1.1333771
PREX2,1.1900071,1.1333771
BOD1L1,1.1900071,1.1333771
FRMPD3,1.1900071,1.1333771
GLI2,1.1900071,1.1333771
ZSWIM5,1.1900071,1.1333771
CBLB,1.1900071,1.1333771
EPHA4,1.1900071,1.1333771
NOTCH1,1.1900071,1.1333771
TRPM7,1.1900071,1.1333771
CTC1,1.1900071,1.1333771
ATRNL1,1.1900071,1.1333771
TMPRSS9,1.1900071,1.1333771
COMP,1.1900071,1.1333771
SFI1,1.1900071,1.1333771
POMT1,1.1900071,1.1333771
DIAPH1,1.1900071,1.1333771
ABCC11,1.1900071,1.1333771
TIAM1,1.1900071,1.1333771
TULP4,1.1900071,1.1333771
PIK3CD,1.1900071,1.1333771
MEGF10,1.1900071,1.1333771
CSPG4,1.1900071,1.1333771
FIP1L1,1.1900071,1.1333771
DDX46,1.1900071,1.1333771
NKTR,1.1900071,1.1333771
FLG,1.1900071,1.1333771
EPHB4,1.1900071,1.1333771
AARS2,1.1900071,1.1333771
RAPGEF6,1.1900071,1.1333771
PDS5B,1.1900071,1.1333771
LMO7,1.1900071,1.1333771
CNGB1,1.1900071,1.1333771
SLIT2,1.1900071,1.1333771
ANKHD1,1.1900071,1.1333771
TP63,1.1900071,1.1333771
HEATR5B,1.1900071,1.1333771
GAA,1.1900071,1.1333771
ADAMTS10,1.1900071,1.1333771
TOPBP1,1.1900071,1.1333771
JAK2,1.1900071,1.1333771
INO80,1.1900071,1.1333771
GPR158,1.1900071,1.1333771
SMC4,1.1900071,1.1333771
ADCY2,1.1900071,1.1333771
NVL,1.1900071,1.1333771
ECE2,1.1900071,1.1333771
POLE,1.1900071,1.1333771
PIEZO2,1.1900071,1.1333771
SUPT16H,1.1900071,1.1333771
MMEL1,1.1900071,1.1333771
CDK12,1.1900071,1.1333771
SCN10A,1.1900071,1.1333771
OTOGL,1.1900071,1.1333771
SEC23B,1.1900071,1.1333771
ECEL1,1.1900071,1.1333771
TACC2,1.1900071,1.1333771
CCDC88C,1.1900071,1.1333771
PLEKHA7,1.1900071,1.1333771
HCN4,1.1900071,1.1333771
TPCN1,1.1900071,1.1333771
PARD3,1.1900071,1.1333771
SPEF2,1.1900071,1.1333771
FREM1,1.1900071,1.1333771
FLG2,1.1900071,1.1333771
PLXNA4,1.1900071,1.1333771
ARHGEF40,1.1900071,1.1333771
RC3H2,1.1900071,1.1333771
NRAP,1.1900071,1.1333771
NID2,1.1900071,1.1333771
KCNH1,1.1900071,1.1333771
PFAS,1.1900071,1.1333771
CACNA2D2,1.1900071,1.1333771
HRNR,1.1900071,1.1333771
FAM186A,1.1900071,1.1333771
FBLN2,1.1900071,1.1333771
KDM2B,1.1900071,1.1333771
DOCK10,1.1900071,1.1333771
ATM,1.1900071,1.1333771
SULF1,1.1900071,1.1333771
AMBRA1,1.1900071,1.1333771
FGFR4,1.1900071,1.1333771
TTLL5,1.1900071,1.1333771
NSD3,1.1900071,1.1333771
MYH6,1.1900071,1.1333771
PYGB,1.1900071,1.1333771
ADCY6,1.1900071,1.1333771
TTC3,1.1900071,1.1333771
AEBP1,1.1900071,1.1333771
CAPN3,1.1900071,1.1333771
PIK3CB,1.1900071,1.1333771
NWD2,1.1900071,1.1333771
FRMD4B,1.1900071,1.1333771
UTP20,1.1900071,1.1333771
MAPKBP1,1.1900071,1.1333771
XPO7,1.1900071,1.1333771
COL1A2,1.1900071,1.1333771
PTPRF,1.1900071,1.1333771
GRM3,1.1900071,1.1333771
SMC1B,1.1900071,1.1333771
VARS2,1.1900071,1.1333771
ZGRF1,1.1900071,1.1333771
TSPOAP1,1.1900071,1.1333771
ABCA8,1.1900071,1.1333771
SOS2,1.1900071,1.1333771
RAPGEF2,1.1900071,1.1333771
CPT1A,1.1900071,1.1333771
TIAM2,1.1900071,1.1333771
CDC42BPG,1.1900071,1.1333771
CCDC88A,1.1900071,1.1333771
RSF1,1.1900071,1.1333771
GRID2,1.1900071,1.1333771
USP7,1.1900071,1.1333771
IGSF9B,1.1900071,1.1333771
IARS,1.1900071,1.1333771
MET,1.1900071,1.1333771
TRANK1,1.1900071,1.1333771
PLEKHH1,1.1900071,1.1333771
JAK3,1.1900071,1.1333771
CFAP46,1.1900071,1.1333771
ADAMTS14,1.1900071,1.1333771
LRP8,1.1900071,1.1333771
LAMB2,1.1900071,1.1333771
ADGRL1,1.1900071,1.1333771
ATR,1.1900071,1.1333771
CPLANE1,1.1900071,1.1333771
ROBO3,1.1900071,1.1333771
SYNM,1.1900071,1.1333771
AK9,1.1900071,1.1333771
KIF23,1.1900071,1.1333771
PTPN21,1.1900071,1.1333771
DENND4C,1.1900071,1.1333771
ATG2A,1.1900071,1.1333771
ADAMTS12,1.1900071,1.1333771
RASGRF2,1.1900071,1.1333771
MYO1H,1.1900071,1.1333771
MYO1G,1.1900071,1.1333771
TOP2A,1.1900071,1.1333771
FASN,1.1900071,1.1333771
EXTL3,1.1900071,1.1333771
SUPT6H,1.1900071,1.1333771
HEPH,1.1900071,1.1333771
LPA,1.1900071,1.1333771
MYO9A,1.1900071,1.1333771
CFTR,1.1900071,1.1333771
SLC12A1,1.1900071,1.1333771
ABI3BP,1.1900071,1.1333771
EIF4G3,1.1900071,1.1333771
MTCL1,1.1900071,1.1333771
MKI67,1.1900071,1.1333771
SEC16A,1.1900071,1.1333771
ROCK2,1.1900071,1.1333771
NUP98,1.1900071,1.1333771
PEAK1,1.1900071,1.1333771
SULF2,1.1900071,1.1333771
DHX8,1.1900071,1.1333771
SCUBE3,1.1900071,1.1333771
GRM8,1.1900071,1.1333771
DLC1,1.1900071,1.1333771
ADAMTS17,1.1900071,1.1333771
TNS3,1.1900071,1.1333771
MXRA5,1.1900071,1.1333771
SF3B3,1.1900071,1.1333771
UNC13C,1.1900071,1.1333771
PCM1,1.1900071,1.1333771
ESYT1,1.1900071,1.1333771
CRB2,1.1900071,1.1333771
SLC4A7,1.1900071,1.1333771
NUMA1,1.1900071,1.1333771
PDCD11,1.1900071,1.1333771
CC2D2A,1.1900071,1.1333771
CIT,1.1900071,1.1333771
KIF16B,1.1900071,1.1333771
PREX1,1.1900071,1.1333771
ZC3H13,1.1900071,1.1333771
MYO1C,1.1900071,1.1333771
ADCY8,1.1900071,1.1333771
NUP155,1.1900071,1.1333771
EPB41L3,1.1900071,1.1333771
ZNF469,1.1900071,1.1333771
FN1,1.1900071,1.1333771
MAP1A,1.1900071,1.1333771
DNMT1,1.1900071,1.1333771
CUL9,1.1900071,1.1333771
GLG1,1.1900071,1.1333771
NEDD4,1.1900071,1.1333771
LY75,1.1900071,1.1333771
NOTCH3,1.1900071,1.1333771
NUP214,1.1900071,1.1333771
ATP2A3,1.1900071,1.1333771
CLCN2,1.1900071,1.1333771
TNR,1.1900071,1.1333771
SBF2,1.1900071,1.1333771
PC,1.1900071,1.1333771
NEURL4,1.1900071,1.1333771
HKDC1,1.1900071,1.1333771
MYO1F,1.1900071,1.1333771
DOCK11,1.1900071,1.1333771
WDR11,1.1900071,1.1333771
ATP13A2,1.1900071,1.1333771
KCNH6,1.1900071,1.1333771
TERT,1.1900071,1.1333771
CFAP44,1.1900071,1.1333771
MYO5B,1.1900071,1.1333771
ZFHX4,1.1900071,1.1333771
CADPS2,1.1900071,1.1333771
ARFGEF3,1.1900071,1.1333771
DHX38,1.1900071,1.1333771
CLCN6,1.1900071,1.1333771
TNS1,1.1900071,1.1333771
PTPRQ,1.1900071,1.1333771
MAGI1,1.1900071,1.1333771
TECPR1,1.1900071,1.1333771
MAN2A2,1.1900071,1.1333771
NOS3,1.1900071,1.1333771
CROCC,1.1900071,1.1333771
EHMT2,1.1900071,1.1333771
PLXNB3,1.1900071,1.1333771
MAN2B1,1.1900071,1.1333771
MTMR4,1.1900071,1.1333771
PLXNB2,1.1900071,1.1333771
TUT4,1.1900071,1.1333771
DNAH17,1.1900071,1.1333771
MYO1A,1.1900071,1.1333771
ARFGEF2,1.1900071,1.1333771
ROBO2,1.1900071,1.1333771
NPR2,1.1900071,1.1333771
INSR,1.1900071,1.1333771
KIF7,1.1900071,1.1333771
WDR81,1.1900071,1.1333771
ATP9B,1.1900071,1.1333771
PCNX3,1.1900071,1.1333771
PLXND1,1.1900071,1.1333771
PCNX1,1.1900071,1.1333771
PTCH2,1.1900071,1.1333771
ARHGEF11,1.1900071,1.1333771
PHKB,1.1900071,1.1333771
CNTNAP5,1.1900071,1.1333771
PAPPA,1.1900071,1.1333771
INPPL1,1.1900071,1.1333771
SHANK1,1.1900071,1.1333771
ABCA9,1.1900071,1.1333771
COPA,1.1900071,1.1333771
AHNAK2,1.1900071,1.1333771
DNAJC13,1.1900071,1.1333771
MYO18A,1.1900071,1.1333771
SI,1.1900071,1.1333771
DNMT3B,1.1900071,1.1333771
DIDO1,1.1900071,1.1333771
ESPL1,1.1900071,1.1333771
USH2A,1.1900071,1.1333771
DGKH,1.1900071,1.1333771
DCC,1.1900071,1.1333771
PRUNE2,1.1900071,1.1333771
HERC1,1.1900071,1.1333771
SLC4A3,1.1900071,1.1333771
TJP1,1.1900071,1.1333771
MYLK,1.1900071,1.1333771
GREB1,1.1900071,1.1333771
ALK,1.1900071,1.1333771
APC2,1.1900071,1.1333771
LTBP1,1.1900071,1.1333771
DNM1,1.1900071,1.1333771
KIF20B,1.1900071,1.1333771
ARHGAP21,1.1900071,1.1333771
AHCTF1,1.1900071,1.1333771
WDR19,1.1900071,1.1333771
SARDH,1.1900071,1.1333771
CEP192,1.1900071,1.1333771
SETDB1,1.1900071,1.1333771
LCT,1.1900071,1.1333771
KCNH3,1.1900071,1.1333771
COL6A1,1.1900071,1.1333771
DIP2B,1.1900071,1.1333771
SBNO1,1.1900071,1.1333771
RTEL1,1.1900071,1.1333771
LAMC1,1.1900071,1.1333771
ABCA7,1.1900071,1.1333771
PTPRK,1.1900071,1.1333771
PHKA2,1.1900071,1.1333771
GRM4,1.1900071,1.1333771
USP32,1.1900071,1.1333771
NIN,1.1900071,1.1333771
NFASC,1.1900071,1.1333771
ANK3,1.1900071,1.1333771
EVPL,1.1900071,1.1333771
SMCHD1,1.1900071,1.1333771
RTTN,1.1900071,1.1333771
ERBB3,1.1900071,1.1333771
ADGRV1,1.1900071,1.1333771
RAD54L2,1.1900071,1.1333771
MYO1B,1.1900071,1.1333771
ADAMTSL3,1.1900071,1.1333771
NPHP3,1.1900071,1.1333771
TG,1.1900071,1.1333771
CGN,1.1900071,1.1333771
MYH13,1.1900071,1.1333771
MYH7B,1.1900071,1.1333771
SBF1,1.1900071,1.1333771
ATAD2,1.1900071,1.1333771
MYO3B,1.1900071,1.1333771
TANC1,1.1900071,1.1333771
ERBB2,1.1900071,1.1333771
GPR179,1.1900071,1.1333771
ATG2B,1.1900071,1.1333771
SOS1,1.1900071,1.1333771
PHKA1,1.1900071,1.1333771
MAST2,1.1900071,1.1333771
COL4A5,1.1900071,1.1333771
SMG1,1.1900071,1.1333771
ABCB4,1.1900071,1.1333771
MYOM2,1.1900071,1.1333771
CDC42BPA,1.1900071,1.1333771
ATP13A1,1.1900071,1.1333771
MED12,1.1900071,1.1333771
NPC1,1.1900071,1.1333771
SCN4A,1.1900071,1.1333771
GTF3C1,1.1900071,1.1333771
URB1,1.1900071,1.1333771
COL22A1,1.1900071,1.1333771
DOCK2,1.1900071,1.1333771
SNRNP200,1.1900071,1.1333771
ITGB4,1.1900071,1.1333771
ATP1A2,1.1900071,1.1333771
LAMA3,1.1900071,1.1333771
MED23,1.1900071,1.1333771
EIF4G1,1.1900071,1.1333771
COL16A1,1.1900071,1.1333771
GANAB,1.1900071,1.1333771
LRP4,1.1900071,1.1333771
ATP10A,1.1900071,1.1333771
ABCC1,1.1900071,1.1333771
MGAM,1.1900071,1.1333771
ITSN2,1.1900071,1.1333771
PCDH15,1.1900071,1.1333771
CLASP1,1.1900071,1.1333771
MYO7B,1.1900071,1.1333771
PIK3C2A,1.1900071,1.1333771
RICTOR,1.1900071,1.1333771
NRXN2,1.1900071,1.1333771
COL27A1,1.1900071,1.1333771
MYO16,1.1900071,1.1333771
ADAMTSL1,1.1900071,1.1333771
JAG1,1.1900071,1.1333771
POLR3B,1.1900071,1.1333771
ZZEF1,1.1900071,1.1333771
FLT4,1.1900071,1.1333771
NCOR2,1.1900071,1.1333771
TENM4,1.1900071,1.1333771
CSMD2,1.1900071,1.1333771
COL6A2,1.1900071,1.1333771
FAT1,1.1900071,1.1333771
MPDZ,1.1900071,1.1333771
WDR87,1.1900071,1.1333771
SETX,1.1900071,1.1333771
ZNF106,1.1900071,1.1333771
SCN3A,1.1900071,1.1333771
CNTRL,1.1900071,1.1333771
IGFN1,1.1900071,1.1333771
LAMA1,1.1900071,1.1333771
PRRC2B,1.1900071,1.1333771
NAV2,1.1900071,1.1333771
ATP2B3,1.1900071,1.1333771
FAT2,1.1900071,1.1333771
JAG2,1.1900071,1.1333771
TAF1,1.1900071,1.1333771
CENPF,1.1900071,1.1333771
SDK2,1.1900071,1.1333771
STAB2,1.1900071,1.1333771
DROSHA,1.1900071,1.1333771
KIF1B,1.1900071,1.1333771
DMXL1,1.1900071,1.1333771
LRRK2,1.1900071,1.1333771
DOCK7,1.1900071,1.1333771
PBRM1,1.1900071,1.1333771
IQGAP3,1.1900071,1.1333771
COL4A6,1.1900071,1.1333771
ABCC6,1.1900071,1.1333771
ZFHX2,1.1900071,1.1333771
HEATR5A,1.1900071,1.1333771
SLC12A4,1.1900071,1.1333771
ARFGEF1,1.1900071,1.1333771
DEPDC5,1.1900071,1.1333771
AKAP13,1.1900071,1.1333771
THSD7B,1.1900071,1.1333771
IGF1R,1.1900071,1.1333771
CEP290,1.1900071,1.1333771
UBR2,1.1900071,1.1333771
TRPM1,1.1900071,1.1333771
SIPA1L1,1.1900071,1.1333771
KIF26A,1.1900071,1.1333771
VCAN,1.1900071,1.1333771
DMBT1,1.1900071,1.1333771
BAZ2A,1.1900071,1.1333771
PKD1L1,1.1900071,1.1333771
PRPF8,1.1900071,1.1333771
IQGAP1,1.1900071,1.1333771
DISP3,1.1900071,1.1333771
OTOF,1.1900071,1.1333771
COL11A2,1.1900071,1.1333771
SLIT1,1.1900071,1.1333771
PIK3C2B,1.1900071,1.1333771
COL4A3,1.1900071,1.1333771
UNC13A,1.1900071,1.1333771
TPR,1.1900071,1.1333771
POLG,1.1900071,1.1333771
ABCC3,1.1900071,1.1333771
USP24,1.1900071,1.1333771
NBAS,1.1900071,1.1333771
KIF13A,1.1900071,1.1333771
CDH23,1.1900071,1.1333771
HECW1,1.1900071,1.1333771
VWA8,1.1900071,1.1333771
HSPG2,1.1900071,1.1333771
AGL,1.1900071,1.1333771
GBF1,1.1900071,1.1333771
CLUH,1.1900071,1.1333771
ABCC10,1.1900071,1.1333771
PI4KA,1.1900071,1.1333771
COL11A1,1.1900071,1.1333771
KAT6B,1.1900071,1.1333771
CEP250,1.1900071,1.1333771
RALGAPA1,1.1900071,1.1333771
MTOR,1.1900071,1.1333771
DOCK4,1.1900071,1.1333771
EYS,1.1900071,1.1333771
DOCK3,1.1900071,1.1333771
ADAMTS20,1.1900071,1.1333771
TRPM3,1.1900071,1.1333771
KIF1A,1.1900071,1.1333771
COL12A1,1.1900071,1.1333771
COL14A1,1.1900071,1.1333771
DOCK9,1.1900071,1.1333771
KDM5A,1.1900071,1.1333771
DOP1A,1.1900071,1.1333771
SHPRH,1.1900071,1.1333771
ABCC9,1.1900071,1.1333771
LAMA2,1.1900071,1.1333771
SYNE2,1.1900071,1.1333771
BSN,1.1900071,1.1333771
SPTBN2,1.1900071,1.1333771
MYO15A,1.1900071,1.1333771
DOCK1,1.1900071,1.1333771
EPG5,1.1900071,1.1333771
PCNT,1.1900071,1.1333771
ALMS1,1.1900071,1.1333771
ZFHX3,1.1900071,1.1333771
AQR,1.1900071,1.1333771
COL6A5,1.1900071,1.1333771
KCNH2,1.1900071,1.1333771
COL1A1,1.1900071,1.1333771
CHD4,1.1900071,1.1333771
LTBP4,1.1900071,1.1333771
RALGAPA2,1.1900071,1.1333771
TRIOBP,1.1900071,1.1333771
FAT4,1.1900071,1.1333771
PIKFYVE,1.1900071,1.1333771
PRRC2C,1.1900071,1.1333771
SLIT3,1.1900071,1.1333771
HELZ,1.1900071,1.1333771
F5,1.1900071,1.1333771
NCOR1,1.1900071,1.1333771
DNAH7,1.1900071,1.1333771
ATRX,1.1900071,1.1333771
ZNFX1,1.1900071,1.1333771
ANK1,1.1900071,1.1333771
CSMD3,1.1900071,1.1333771
PLCE1,1.1900071,1.1333771
MYH8,1.1900071,1.1333771
SPTA1,1.1900071,1.1333771
SCN5A,1.1900071,1.1333771
REV3L,1.1900071,1.1333771
RNF213,1.1900071,1.1333771
XIRP2,1.1900071,1.1333771
CELSR1,1.1900071,1.1333771
F8,1.1900071,1.1333771
VWF,1.1900071,1.1333771
SPEG,1.1900071,1.1333771
ITPR3,1.1900071,1.1333771
UNC13B,1.1900071,1.1333771
TNXB,1.1900071,1.1333771
APOB,1.1900071,1.1333771
WDFY4,1.1900071,1.1333771
CEP350,1.1900071,1.1333771
SPTB,1.1900071,1.1333771
LYST,1.1900071,1.1333771
ABCA2,1.1900071,1.1333771
CHD9,1.1900071,1.1333771
GCN1,1.1900071,1.1333771
MYO10,1.1900071,1.1333771
VPS13D,1.1900071,1.1333771
FBN2,1.1900071,1.1333771
MDN1,1.1900071,1.1333771
SCN9A,1.1900071,1.1333771
KIAA1109,1.1900071,1.1333771
WNK1,1.1900071,1.1333771
MEGF8,1.1900071,1.1333771
KIF13B,1.1900071,1.1333771
TENM3,1.1900071,1.1333771
UTRN,1.1900071,1.1333771
DSP,1.1900071,1.1333771
PKHD1,1.1900071,1.1333771
VPS13A,1.1900071,1.1333771
CACNA1F,1.1900071,1.1333771
HUWE1,1.1900071,1.1333771
ABCA1,1.1900071,1.1333771
MGA,1.1900071,1.1333771
BPTF,1.1900071,1.1333771
HTT,1.1900071,1.1333771
CACNA1B,1.1900071,1.1333771
MYOF,1.1900071,1.1333771
LRP1,1.1900071,1.1333771
DCHS1,1.1900071,1.1333771
DNAH10,1.1900071,1.1333771
MYO18B,1.1900071,1.1333771
PLEC,1.1900071,1.1333771
ASCC3,1.1900071,1.1333771
CHD6,1.1900071,1.1333771
PRKDC,1.1900071,1.1333771
COL5A1,1.1900071,1.1333771
DNAH1,1.1900071,1.1333771
DNAH12,1.1900071,1.1333771
SORL1,1.1900071,1.1333771
KALRN,1.1900071,1.1333771
NBEAL1,1.1900071,1.1333771
FAT3,1.1900071,1.1333771
DMXL2,1.1900071,1.1333771
MYO7A,1.1900071,1.1333771
COL6A3,1.1900071,1.1333771
RYR2,1.1900071,1.1333771
MYH3,1.1900071,1.1333771
CELSR3,1.1900071,1.1333771
ITPR2,1.1900071,1.1333771
CELSR2,1.1900071,1.1333771
ABCA12,1.1900071,1.1333771
TLN1,1.1900071,1.1333771
CAD,1.1900071,1.1333771
APC,1.1900071,1.1333771
FLNA,1.1900071,1.1333771
FLNC,1.1900071,1.1333771
FLNB,1.1900071,1.1333771
STAB1,1.1900071,1.1333771
ABCA4,1.1900071,1.1333771
VPS13C,1.1900071,1.1333771
PKHD1L1,1.1900071,1.1333771
DNAH14,1.1900071,1.1333771
DNAH8,1.1900071,1.1333771
TENM1,1.1900071,1.1333771
CSMD1,1.1900071,1.1333771
ABCA13,1.1900071,1.1333771
SPTBN5,1.1900071,1.1333771
TTC28,1.1900071,1.1333771
DNAH6,1.1900071,1.1333771
LAMA5,1.1900071,1.1333771
ASPM,1.1900071,1.1333771
SZT2,1.1900071,1.1333771
DNAH3,1.1900071,1.1333771
FRAS1,1.1900067,1.1333771
ACACA,1.1900067,1.1333771
FBN3,1.1900067,1.1333771
HERC2,1.1900067,1.1333771
DNHD1,1.1900067,1.1333771
DYNC2H1,1.1900067,1.1333771
SVEP1,1.1900067,1.1333771
KMT2D,1.1900067,1.1333771
DMD,1.1900067,1.1333771
NIPBL,1.1900067,1.1333771
UBR4,1.1900067,1.1333771
RYR1,1.1900067,1.1333771
VPS13B,1.1900067,1.1333771
LRP1B,1.1900067,1.1333771
DNAH11,1.1900067,1.1333771
COL7A1,1.1900067,1.1333771
DNAH9,1.1900067,1.1333771
NEB,1.1900067,1.1333771
OBSCN,1.1900067,1.1333771
HMCN1,1.1900067,1.1333771
SYNE1,1.1900067,1.1333771
DST,1.1900067,1.1333771
MACF1,1.1900067,1.1333771
TTN,1.1900067,1.1333771
